{
    "vertices": [
        [
            32.955106210198515,
            76.66893741267803
        ],
        [
            62.89634137810315,
            9.858871966670634
        ],
        [
            40.3657431024395,
            64.09665321185417
        ],
        [
            27.878603710552664,
            50.72766789031575
        ],
        [
            14.50634578176625,
            38.5939010817518
        ],
        [
            42.69466825674382,
            45.53846687377011
        ],
        [
            12.491630714078916,
            17.140572953000433
        ],
        [
            67.55411298521472,
            69.00128862411523
        ],
        [
            71.11936940911909,
            87.64710070860131
        ],
        [
            26.483108076535068,
            18.009064047647307
        ],
        [
            48.23560086392512,
            36.76327247534129
        ],
        [
            35.146997642971066,
            31.741695974695283
        ],
        [
            55.75155828992057,
            62.348689576252184
        ],
        [
            90.88308203875842,
            85.53991464156962
        ],
        [
            38.41644532853827,
            99.38020000910642
        ],
        [
            32.955106210198515,
            76.66893741267803
        ]
    ],
    "distances": [
        [
            0.0,
            73.21244708572144,
            14.593829832327373,
            26.433318786349037,
            42.30916157225336,
            32.618480418810435,
            62.947438427822426,
            35.43845521128659,
            39.7118503077915,
            59.015824174907394,
            42.73120184307428,
            44.98067819942087,
            26.921139008588085,
            58.60328165375838,
            23.358674484855406,
            0.0
        ],
        [
            73.21244708572144,
            0.0,
            58.731292962608286,
            53.81914558595237,
            56.278713312033595,
            41.00172056922698,
            50.92796899914933,
            59.32554495684633,
            78.22165122781418,
            37.31419556189363,
            30.639583534294637,
            35.339553821415095,
            52.973850889512626,
            80.69001098752346,
            92.808046445763,
            73.21244708572144
        ],
        [
            14.593829832327373,
            58.731292962608286,
            0.0,
            18.29367154837765,
            36.3193997196799,
            18.703747553188407,
            54.606223223318345,
            27.627213131436246,
            38.735114667546014,
            48.133080414941105,
            28.443775482048604,
            32.77313781115722,
            15.48478885405642,
            54.88000541135219,
            35.33735185897813,
            14.593829832327373
        ],
        [
            26.433318786349037,
            53.81914558595237,
            18.29367154837765,
            0.0,
            18.056732236996794,
            15.69852145353252,
            36.943901855684445,
            43.68147491702335,
            56.85779047608357,
            32.74835027109061,
            24.686264853318214,
            20.329699455170157,
            30.198505625419795,
            71.9823368145237,
            49.78066881366407,
            26.433318786349037
        ],
        [
            42.30916157225336,
            56.278713312033595,
            36.3193997196799,
            18.056732236996794,
            0.0,
            29.031164599323198,
            21.547722956355297,
            61.14470396054544,
            74.90828283883405,
            23.81550651961944,
            33.77889651086827,
            21.748315430962215,
            47.596822701323845,
            89.65117974922995,
            65.31972900756907,
            42.30916157225336
        ],
        [
            32.618480418810435,
            41.00172056922698,
            18.703747553188407,
            15.69852145353252,
            29.031164599323198,
            0.0,
            41.456770929956825,
            34.183270713850185,
            50.804534040159595,
            31.94812519443775,
            10.378148721594888,
            15.72635427985669,
            21.28534624208669,
            62.62778174537756,
            54.01143784829464,
            32.618480418810435
        ],
        [
            62.947438427822426,
            50.92796899914933,
            54.606223223318345,
            36.943901855684445,
            21.547722956355297,
            41.456770929956825,
            0.0,
            75.64000782508788,
            91.69723115037459,
            14.018406313329768,
            40.77599463676113,
            26.952893057655377,
            62.57152021877522,
            104.03696258647325,
            86.22906859708903,
            62.947438427822426
        ],
        [
            35.43845521128659,
            59.32554495684633,
            27.627213131436246,
            43.68147491702335,
            61.14470396054544,
            34.183270713850185,
            75.64000782508788,
            0.0,
            18.983607709235844,
            65.47544892145244,
            37.58316904931013,
            49.381153988198704,
            13.548334636664325,
            28.596624759688318,
            42.09372795807085,
            35.43845521128659
        ],
        [
            39.7118503077915,
            78.22165122781418,
            38.735114667546014,
            56.85779047608357,
            74.90828283883405,
            50.804534040159595,
            91.69723115037459,
            18.983607709235844,
            0.0,
            82.71548812491595,
            55.79274897781897,
            66.4787620894358,
            29.60032473498776,
            19.87572816346756,
            34.744019091287434,
            39.7118503077915
        ],
        [
            59.015824174907394,
            37.31419556189363,
            48.133080414941105,
            32.74835027109061,
            23.81550651961944,
            31.94812519443775,
            14.018406313329768,
            65.47544892145244,
            82.71548812491595,
            0.0,
            28.720920532163387,
            16.23724613544969,
            53.12856642062098,
            93.31544581833012,
            82.24151205825628,
            59.015824174907394
        ],
        [
            42.73120184307428,
            30.639583534294637,
            28.443775482048604,
            24.686264853318214,
            33.77889651086827,
            10.378148721594888,
            40.77599463676113,
            37.58316904931013,
            55.79274897781897,
            28.720920532163387,
            0.0,
            14.018836072492219,
            26.66651803773713,
            64.7917315061887,
            63.38213809265913,
            42.73120184307428
        ],
        [
            44.98067819942087,
            35.339553821415095,
            32.77313781115722,
            20.329699455170157,
            21.748315430962215,
            15.72635427985669,
            26.952893057655377,
            49.381153988198704,
            66.4787620894358,
            16.23724613544969,
            14.018836072492219,
            0.0,
            36.89628676140141,
            77.46456890413293,
            67.71747570739561,
            44.98067819942087
        ],
        [
            26.921139008588085,
            52.973850889512626,
            15.48478885405642,
            30.198505625419795,
            47.596822701323845,
            21.28534624208669,
            62.57152021877522,
            13.548334636664325,
            29.60032473498776,
            53.12856642062098,
            26.66651803773713,
            36.89628676140141,
            0.0,
            42.09580597809437,
            40.888126715740796,
            26.921139008588085
        ],
        [
            58.60328165375838,
            80.69001098752346,
            54.88000541135219,
            71.9823368145237,
            89.65117974922995,
            62.62778174537756,
            104.03696258647325,
            28.596624759688318,
            19.87572816346756,
            93.31544581833012,
            64.7917315061887,
            77.46456890413293,
            42.09580597809437,
            0.0,
            54.26141784672672,
            58.60328165375838
        ],
        [
            23.358674484855406,
            92.808046445763,
            35.33735185897813,
            49.78066881366407,
            65.31972900756907,
            54.01143784829464,
            86.22906859708903,
            42.09372795807085,
            34.744019091287434,
            82.24151205825628,
            63.38213809265913,
            67.71747570739561,
            40.888126715740796,
            54.26141784672672,
            0.0,
            23.358674484855406
        ],
        [
            0.0,
            73.21244708572144,
            14.593829832327373,
            26.433318786349037,
            42.30916157225336,
            32.618480418810435,
            62.947438427822426,
            35.43845521128659,
            39.7118503077915,
            59.015824174907394,
            42.73120184307428,
            44.98067819942087,
            26.921139008588085,
            58.60328165375838,
            23.358674484855406,
            0.0
        ]
    ],
    "scores_ave": [
        0,
        10.851530677377816,
        10.62141091842456,
        13.718677685126238,
        10.470915254319946,
        18.504838496683675,
        10.956689139778987,
        10.549437632521219,
        18.484514868193592,
        18.250607732700956,
        14.703508187149568,
        13.29057310310907,
        12.293192852412155,
        13.251217815375917,
        17.121359342694547,
        0
    ],
    "scores_var": [
        0,
        17.433279424053858,
        19.947607484738647,
        24.500473607648694,
        269.33500309952416,
        19.750213373699527,
        24.290184116157093,
        264.4644854266531,
        16.824937601125395,
        340.05441446111536,
        21.040654117242543,
        228.69602416740378,
        320.50863037792703,
        389.79882539487807,
        254.21891852171322,
        0
    ],
    "vertex_number": 16,
    "minimum_distances": {
        "cost": 320.5136224781909,
        "path": [
            0,
            14,
            8,
            13,
            7,
            12,
            5,
            10,
            1,
            11,
            9,
            6,
            4,
            3,
            2,
            15
        ]
    }
}