{
    "vertices": [
        [
            81.53010215291019,
            60.10119779552932
        ],
        [
            2.561828932789434,
            72.88639729156806
        ],
        [
            52.29134700685903,
            50.41883555591756
        ],
        [
            57.251903296344274,
            29.65273386588163
        ],
        [
            82.13048831016634,
            83.48084709826068
        ],
        [
            6.136185056971355,
            1.9136826017720598
        ],
        [
            16.25986226186875,
            28.91782802830164
        ],
        [
            0.2609384592821673,
            1.9066489540215836
        ],
        [
            23.69480914165496,
            94.01680335040012
        ],
        [
            57.34149127474642,
            43.31795483800527
        ],
        [
            18.697529709032967,
            18.850129714454468
        ],
        [
            10.365918582490375,
            29.397621955026732
        ],
        [
            81.06491622053338,
            90.68308883180973
        ],
        [
            80.66833810908162,
            22.617061157690976
        ],
        [
            94.39316351155097,
            47.41174255690888
        ],
        [
            81.53010215291019,
            60.10119779552932
        ]
    ],
    "distances": [
        [
            0.0,
            79.99655931051753,
            30.800210080936022,
            38.94277719159248,
            23.387356948927163,
            95.2367033212145,
            72.33675943442412,
            99.95640290810957,
            67.04617377487943,
            29.44089231641092,
            75.16370651946691,
            77.50516494168568,
            30.585428839671497,
            37.49404134994481,
            18.068774772217107,
            0.0
        ],
        [
            79.99655931051753,
            0.0,
            54.56937142962599,
            69.71480393070539,
            80.27087841689263,
            71.06266426290011,
            46.05291739014179,
            71.01703155604653,
            29.88472708122711,
            62.25033490213908,
            56.39396291453442,
            44.18345160275207,
            80.49507403242545,
            92.88505224764066,
            95.29927620064349,
            79.99655931051753
        ],
        [
            30.800210080936022,
            54.56937142962599,
            0.0,
            21.350365292005307,
            44.53617586799265,
            66.9555736121005,
            41.95904214387006,
            71.1378637753829,
            52.139666029662955,
            8.713579293062892,
            46.099107899660524,
            46.90024488018305,
            49.48866917951322,
            39.726468301442395,
            42.20906965688106,
            30.800210080936022
        ],
        [
            38.94277719159248,
            69.71480393070539,
            21.350365292005307,
            0.0,
            59.29932349064189,
            58.15730062648936,
            40.99862820585872,
            63.38623905072297,
            72.58658284224853,
            13.665514634394198,
            40.039180550585684,
            46.886678755002485,
            65.51155479604175,
            24.450564610985083,
            41.16862397581047,
            38.94277719159248
        ],
        [
            23.387356948927163,
            80.27087841689263,
            44.53617586799265,
            59.29932349064189,
            0.0,
            111.48244907130358,
            85.53398404156897,
            115.57237124703288,
            59.3778997105168,
            47.196952112725896,
            90.55865428791735,
            89.8618312193347,
            7.280640759348061,
            60.88134625835752,
            38.09663378186607,
            23.387356948927163
        ],
        [
            95.2367033212145,
            71.06266426290011,
            66.9555736121005,
            58.15730062648936,
            111.48244907130358,
            0.0,
            28.83942978573116,
            5.875250807911017,
            93.76187994800227,
            65.8505667725664,
            21.086266152843777,
            27.807509202916403,
            116.16506461158966,
            77.35419653912044,
            99.29434881005743,
            95.2367033212145
        ],
        [
            72.33675943442412,
            46.05291739014179,
            41.95904214387006,
            40.99862820585872,
            85.53398404156897,
            28.83942978573116,
            0.0,
            31.393778966919484,
            65.52217199614516,
            43.532331599481985,
            10.358608590037818,
            5.9134401415594455,
            89.52453552356921,
            64.7159286738496,
            80.29220160616485,
            72.33675943442412
        ],
        [
            99.95640290810957,
            71.01703155604653,
            71.1378637753829,
            63.38623905072297,
            115.57237124703288,
            5.875250807911017,
            31.393778966919484,
            0.0,
            95.04434143115972,
            70.52010893876913,
            25.039757131201313,
            29.289319210804933,
            120.04390488240256,
            83.0317474950905,
            104.55424112439684,
            99.95640290810957
        ],
        [
            67.04617377487943,
            29.88472708122711,
            52.139666029662955,
            72.58658284224853,
            59.3778997105168,
            93.76187994800227,
            65.52217199614516,
            95.04434143115972,
            0.0,
            60.84794539709667,
            75.33260666683766,
            65.97952658019271,
            57.466884714011044,
            91.34498447198693,
            84.67755902348868,
            67.04617377487943
        ],
        [
            29.44089231641092,
            62.25033490213908,
            8.713579293062892,
            13.665514634394198,
            47.196952112725896,
            65.8505667725664,
            43.532331599481985,
            70.52010893876913,
            60.84794539709667,
            0.0,
            45.73871698866292,
            48.99469458358084,
            52.97411452218373,
            31.187638294622605,
            37.27714465233407,
            29.44089231641092
        ],
        [
            75.16370651946691,
            56.39396291453442,
            46.099107899660524,
            40.039180550585684,
            90.55865428791735,
            21.086266152843777,
            10.358608590037818,
            25.039757131201313,
            75.33260666683766,
            45.73871698866292,
            0.0,
            13.441180622581502,
            95.12972677260518,
            62.08519039395454,
            80.90484969967599,
            75.16370651946691
        ],
        [
            77.50516494168568,
            44.18345160275207,
            46.90024488018305,
            46.886678755002485,
            89.8618312193347,
            27.807509202916403,
            5.9134401415594455,
            29.289319210804933,
            65.97952658019271,
            48.99469458358084,
            13.441180622581502,
            0.0,
            93.56418501397462,
            70.62864996599612,
            85.93652559550853,
            77.50516494168568
        ],
        [
            30.585428839671497,
            80.49507403242545,
            49.48866917951322,
            65.51155479604175,
            7.280640759348061,
            116.16506461158966,
            89.52453552356921,
            120.04390488240256,
            57.466884714011044,
            52.97411452218373,
            95.12972677260518,
            93.56418501397462,
            0.0,
            68.06718297044752,
            45.27749534032215,
            30.585428839671497
        ],
        [
            37.49404134994481,
            92.88505224764066,
            39.726468301442395,
            24.450564610985083,
            60.88134625835752,
            77.35419653912044,
            64.7159286738496,
            83.0317474950905,
            91.34498447198693,
            31.187638294622605,
            62.08519039395454,
            70.62864996599612,
            68.06718297044752,
            0.0,
            28.33984929418274,
            37.49404134994481
        ],
        [
            18.068774772217107,
            95.29927620064349,
            42.20906965688106,
            41.16862397581047,
            38.09663378186607,
            99.29434881005743,
            80.29220160616485,
            104.55424112439684,
            84.67755902348868,
            37.27714465233407,
            80.90484969967599,
            85.93652559550853,
            45.27749534032215,
            28.33984929418274,
            0.0,
            18.068774772217107
        ],
        [
            0.0,
            79.99655931051753,
            30.800210080936022,
            38.94277719159248,
            23.387356948927163,
            95.2367033212145,
            72.33675943442412,
            99.95640290810957,
            67.04617377487943,
            29.44089231641092,
            75.16370651946691,
            77.50516494168568,
            30.585428839671497,
            37.49404134994481,
            18.068774772217107,
            0.0
        ]
    ],
    "scores_ave": [
        0,
        19.272613260952507,
        13.619763633209356,
        14.751547344754322,
        17.400184805374444,
        19.815475376059357,
        14.052436343871193,
        17.197962881129573,
        10.96339303680524,
        13.60270664287551,
        10.866122173519909,
        15.314169927771346,
        19.879538222636974,
        17.17297314476122,
        10.450724076656833,
        0
    ],
    "scores_var": [
        0,
        235.42612462822245,
        18.604308165749714,
        19.550054747817768,
        335.64215188211415,
        23.091108903037387,
        264.41604616933347,
        22.93998333082582,
        304.9599454400213,
        17.19323982374643,
        303.9481711197149,
        20.23486892244287,
        21.698927944243163,
        387.64725022434675,
        17.96385569506436,
        0
    ],
    "vertex_number": 16,
    "minimum_distances": {
        "cost": 365.57419371127685,
        "path": [
            0,
            14,
            13,
            3,
            9,
            2,
            10,
            5,
            7,
            11,
            6,
            1,
            8,
            12,
            4,
            15
        ]
    }
}