{
    "vertices": [
        [
            86.87529282360829,
            10.760788806778942
        ],
        [
            75.13783297215454,
            86.38706065595679
        ],
        [
            60.70000328797137,
            44.414035664841755
        ],
        [
            76.63845638399336,
            59.09294708009452
        ],
        [
            2.7742141484717653,
            86.73544204341599
        ],
        [
            26.34111880474117,
            83.75943045764946
        ],
        [
            28.632107331228585,
            58.52745961465759
        ],
        [
            8.74232185328605,
            4.537671137167476
        ],
        [
            30.33235157702655,
            85.41220170053103
        ],
        [
            56.039629891399535,
            19.819624259052958
        ],
        [
            98.05326631786771,
            46.81994063636111
        ],
        [
            36.87759042543334,
            45.23379878504631
        ],
        [
            34.28158969251225,
            88.7932205298729
        ],
        [
            77.92128603979859,
            44.48245534849292
        ],
        [
            78.55473176294451,
            71.44899262058884
        ],
        [
            34.82169785197957,
            85.88327464992895
        ],
        [
            71.2913157890558,
            3.256528900352129
        ],
        [
            53.439807182568885,
            45.83744647658685
        ],
        [
            86.87529282360829,
            10.760788806778942
        ]
    ],
    "distances": [
        [
            0.0,
            76.53169903752456,
            42.63433834791081,
            49.404355512932824,
            113.33639913438553,
            94.8324201263402,
            75.32545052217077,
            78.38040792302021,
            93.64794526228458,
            32.138771106253735,
            37.75194726245555,
            60.73021210285858,
            94.10184912987194,
            34.89018532245225,
            61.2559370062263,
            91.39455469952597,
            17.29665450185857,
            48.45929852295683,
            0.0
        ],
        [
            76.53169903752456,
            0.0,
            44.386774526814264,
            27.33533439554431,
            72.36445742801077,
            48.86740993745522,
            54.21199025648696,
            105.39300954681143,
            44.81608542735671,
            69.25290571066023,
            45.72388951157712,
            56.19107689259629,
            40.92703532219455,
            41.996946995634175,
            15.323872682053436,
            40.319282624670734,
            83.21947491068103,
            45.98995035071558,
            76.53169903752456
        ],
        [
            42.63433834791081,
            44.386774526814264,
            0.0,
            21.668057767851064,
            71.7391001148899,
            52.23593623487432,
            35.03624818212869,
            65.49599306837176,
            51.020034189788575,
            25.03206249178578,
            37.43066440383609,
            23.83651329717635,
            51.64730996078449,
            17.221418666053403,
            32.398768904298116,
            48.881330528543906,
            42.498426601047676,
            7.398415088915614,
            42.63433834791081
        ],
        [
            49.404355512932824,
            27.33533439554431,
            21.668057767851064,
            0.0,
            78.86719095305135,
            56.020153246634806,
            48.0096794974665,
            87.09858332614154,
            53.263106426204274,
            44.34755391538218,
            24.682398012994714,
            42.107035673848074,
            51.73210220850794,
            14.666701079827462,
            12.503758344063757,
            49.66249032644032,
            56.09186668034052,
            26.71863808318726,
            49.404355512932824
        ],
        [
            113.33639913438553,
            72.36445742801077,
            71.7391001148899,
            78.86719095305135,
            0.0,
            23.75406575801939,
            38.266446301583905,
            82.41414836987869,
            27.589887704304825,
            85.52737096401954,
            103.3022024686554,
            53.716167646556904,
            31.574501832531347,
            86.21135249189393,
            77.30693620804064,
            32.05881159670646,
            107.9968617913193,
            65.11258218563542,
            113.33639913438553
        ],
        [
            94.8324201263402,
            48.86740993745522,
            52.23593623487432,
            56.020153246634806,
            23.75406575801939,
            0.0,
            25.335764860175207,
            81.15297162748213,
            4.319906460082339,
            70.50035728617586,
            80.66695735678573,
            39.940474834267235,
            9.401602012995193,
            64.83204782915462,
            53.64520722198017,
            8.742478774897787,
            92.20215489928961,
            46.60918129358832,
            94.8324201263402
        ],
        [
            75.32545052217077,
            54.21199025648696,
            35.03624818212869,
            48.0096794974665,
            38.266446301583905,
            25.335764860175207,
            0.0,
            57.536951832737,
            26.938451839690114,
            47.428565346243346,
            70.40144398856744,
            15.64319052206287,
            30.788519528022615,
            51.25119786504443,
            51.56776556506527,
            28.047310870358842,
            69.81893617260229,
            27.86500323629261,
            75.32545052217077
        ],
        [
            78.38040792302021,
            105.39300954681143,
            65.49599306837176,
            87.09858332614154,
            82.41414836987869,
            81.15297162748213,
            57.536951832737,
            0.0,
            83.70674451510119,
            49.70486333219014,
            98.81414430716904,
            49.47492438760575,
            88.04119379716722,
            79.8831325850967,
            96.70003888340452,
            85.42389047179145,
            62.56211287838602,
            60.85668934347289,
            78.38040792302021
        ],
        [
            93.64794526228458,
            44.81608542735671,
            51.020034189788575,
            53.263106426204274,
            27.589887704304825,
            4.319906460082339,
            26.938451839690114,
            83.70674451510119,
            0.0,
            70.45033977028734,
            77.94539696082971,
            40.70803621426271,
            5.198823907112963,
            62.76902755136636,
            50.203278365116695,
            4.513993763851366,
            91.79973487201556,
            45.82701992926451,
            93.64794526228458
        ],
        [
            32.138771106253735,
            69.25290571066023,
            25.03206249178578,
            44.34755391538218,
            85.52737096401954,
            70.50035728617586,
            47.428565346243346,
            49.70486333219014,
            70.45033977028734,
            0.0,
            49.94159318894611,
            31.82866669109618,
            72.32405751771994,
            32.97062500382752,
            56.32514083157903,
            69.38736587446834,
            22.515551305313046,
            26.14739281573885,
            32.138771106253735
        ],
        [
            37.75194726245555,
            45.72388951157712,
            37.43066440383609,
            24.682398012994714,
            103.3022024686554,
            80.66695735678573,
            70.40144398856744,
            98.81414430716904,
            77.94539696082971,
            49.94159318894611,
            0.0,
            61.196234907620486,
            76.34515678566643,
            20.267226435493445,
            31.41310318054117,
            74.32479609734469,
            51.12702649467912,
            44.62427624949192,
            37.75194726245555
        ],
        [
            60.73021210285858,
            56.19107689259629,
            23.83651329717635,
            42.107035673848074,
            53.716167646556904,
            39.940474834267235,
            15.64319052206287,
            49.47492438760575,
            40.70803621426271,
            31.82866669109618,
            61.196234907620486,
            0.0,
            43.636709804349344,
            41.050572062327184,
            49.236373728189506,
            40.7014321905662,
            54.2807118631958,
            16.57321376335452,
            60.73021210285858
        ],
        [
            94.10184912987194,
            40.92703532219455,
            51.64730996078449,
            51.73210220850794,
            31.574501832531347,
            9.401602012995193,
            30.788519528022615,
            88.04119379716722,
            5.198823907112963,
            72.32405751771994,
            76.34515678566643,
            43.636709804349344,
            0.0,
            62.19217803102535,
            47.54927287096899,
            2.9596455612329553,
            93.20002918811188,
            47.0344110403572,
            94.10184912987194
        ],
        [
            34.89018532245225,
            41.996946995634175,
            17.221418666053403,
            14.666701079827462,
            86.21135249189393,
            64.83204782915462,
            51.25119786504443,
            79.8831325850967,
            62.76902755136636,
            32.97062500382752,
            20.267226435493445,
            41.050572062327184,
            62.19217803102535,
            0.0,
            26.973976086804672,
            59.7628843078189,
            41.75564054152743,
            24.518947938159954,
            34.89018532245225
        ],
        [
            61.2559370062263,
            15.323872682053436,
            32.398768904298116,
            12.503758344063757,
            77.30693620804064,
            53.64520722198017,
            51.56776556506527,
            96.70003888340452,
            50.203278365116695,
            56.32514083157903,
            31.41310318054117,
            49.236373728189506,
            47.54927287096899,
            26.973976086804672,
            0.0,
            46.05352052514705,
            68.57819857538941,
            35.87075037637628,
            61.2559370062263
        ],
        [
            91.39455469952597,
            40.319282624670734,
            48.881330528543906,
            49.66249032644032,
            32.05881159670646,
            8.742478774897787,
            28.047310870358842,
            85.42389047179145,
            4.513993763851366,
            69.38736587446834,
            74.32479609734469,
            40.7014321905662,
            2.9596455612329553,
            59.7628843078189,
            46.05352052514705,
            0.0,
            90.3172859736248,
            44.16222762876231,
            91.39455469952597
        ],
        [
            17.29665450185857,
            83.21947491068103,
            42.498426601047676,
            56.09186668034052,
            107.9968617913193,
            92.20215489928961,
            69.81893617260229,
            62.56211287838602,
            91.79973487201556,
            22.515551305313046,
            51.12702649467912,
            54.2807118631958,
            93.20002918811188,
            41.75564054152743,
            68.57819857538941,
            90.3172859736248,
            0.0,
            46.171537782074914,
            17.29665450185857
        ],
        [
            48.45929852295683,
            45.98995035071558,
            7.398415088915614,
            26.71863808318726,
            65.11258218563542,
            46.60918129358832,
            27.86500323629261,
            60.85668934347289,
            45.82701992926451,
            26.14739281573885,
            44.62427624949192,
            16.57321376335452,
            47.0344110403572,
            24.518947938159954,
            35.87075037637628,
            44.16222762876231,
            46.171537782074914,
            0.0,
            48.45929852295683
        ],
        [
            0.0,
            76.53169903752456,
            42.63433834791081,
            49.404355512932824,
            113.33639913438553,
            94.8324201263402,
            75.32545052217077,
            78.38040792302021,
            93.64794526228458,
            32.138771106253735,
            37.75194726245555,
            60.73021210285858,
            94.10184912987194,
            34.89018532245225,
            61.2559370062263,
            91.39455469952597,
            17.29665450185857,
            48.45929852295683,
            0.0
        ]
    ],
    "scores_ave": [
        0,
        16.72547486959303,
        18.118423748861332,
        11.71033477126281,
        12.246608504541575,
        18.74030550867985,
        17.349937531658014,
        11.264380932678288,
        13.61120442479513,
        19.236692166864785,
        11.844035988045924,
        10.767788172762117,
        13.295797034161243,
        15.459074101820752,
        10.962142580620364,
        15.891268589650144,
        16.936780372908323,
        13.724351035916374,
        0
    ],
    "scores_var": [
        0,
        229.0680098930317,
        235.47966856493392,
        16.097679502307724,
        378.7686755919605,
        19.75623191126745,
        247.32728855980537,
        251.0854603076639,
        388.25523678926953,
        230.98959641360915,
        18.100656495065643,
        22.89006639015325,
        22.238811178815144,
        24.78389536712759,
        381.2622433755632,
        256.94731261197836,
        384.40960714268925,
        17.841784204465977,
        0
    ],
    "vertex_number": 19,
    "minimum_distances": {
        "cost": 406.56155377821733,
        "path": [
            0,
            10,
            13,
            2,
            17,
            3,
            14,
            1,
            12,
            15,
            8,
            5,
            4,
            6,
            11,
            7,
            9,
            16,
            18
        ]
    }
}