{
    "vertices": [
        [
            73.86983341032534,
            42.34883530371134
        ],
        [
            80.99896545406243,
            18.257147473865963
        ],
        [
            37.578365194261345,
            63.5051596475796
        ],
        [
            86.93139346616694,
            3.2389003716618237
        ],
        [
            82.02483345038868,
            28.187539774279735
        ],
        [
            10.258877024140334,
            13.824894363901997
        ],
        [
            58.551218959801474,
            43.02979027261684
        ],
        [
            74.68459291224909,
            79.74401246262873
        ],
        [
            0.424888609085039,
            54.851753007483374
        ],
        [
            71.73272641035753,
            68.57385886581486
        ],
        [
            57.49828416681291,
            46.13721203628264
        ],
        [
            28.934691261945076,
            10.170650196935627
        ],
        [
            29.76280395085421,
            28.428089697661218
        ],
        [
            8.582264987882827,
            57.435878800942874
        ],
        [
            49.47213155021776,
            86.02251127579376
        ],
        [
            93.26967919236918,
            35.403835233872414
        ],
        [
            22.80624950170267,
            50.82482149369613
        ],
        [
            63.402595970849504,
            78.29588621979413
        ],
        [
            88.48003481849929,
            34.98728810136065
        ],
        [
            5.2843145211458715,
            60.09738507253077
        ],
        [
            73.86983341032534,
            42.34883530371134
        ]
    ],
    "distances": [
        [
            0.0,
            25.12436956796645,
            42.00786503763951,
            41.233376789701616,
            16.34155184568873,
            69.71347774356737,
            15.333742151003966,
            37.40405202371518,
            74.50156285585243,
            26.311957113871177,
            16.804148978768314,
            55.26845932954042,
            46.251672466701336,
            67.00810004769923,
            50.02637133521825,
            20.605509999443033,
            51.76226370132745,
            37.43999905419087,
            16.36002330071218,
            70.84479105900625,
            0.0
        ],
        [
            25.12436956796645,
            0.0,
            62.71149123242068,
            16.147490459562604,
            9.983240775720255,
            70.87880486227165,
            33.430302928706894,
            61.810240791823055,
            88.49489823476482,
            51.16282470032084,
            36.4634066012681,
            52.6885194834869,
            52.23592931405181,
            82.33560283867274,
            74.74012166974467,
            21.08504960360836,
            66.6861723371041,
            62.564225953747425,
            18.326592816212838,
            86.5061491930263,
            25.12436956796645
        ],
        [
            42.00786503763951,
            62.71149123242068,
            0.0,
            77.89572136336925,
            56.76991116742954,
            56.69641251908241,
            29.31043067087029,
            40.503980992094974,
            38.147899927048485,
            34.52842454912349,
            26.428181475496487,
            54.03038957280464,
            35.93722073033633,
            29.624483070151552,
            25.465521837942365,
            62.37953902234496,
            19.46808613426526,
            29.75998131277128,
            58.34594217305701,
            32.47335271314157,
            42.00786503763951
        ],
        [
            41.233376789701616,
            16.147490459562604,
            77.89572136336925,
            0.0,
            25.426540056214744,
            77.39985818046817,
            48.874832215790576,
            77.4791346096409,
            100.73361871686812,
            67.07947735116937,
            52.02473514303233,
            58.40947373676103,
            62.47193678822009,
            95.26750969858836,
            90.86430838131325,
            32.78348518137187,
            79.85270175451636,
            78.65847339087117,
            31.78613555425454,
            99.49438568448699,
            41.233376789701616
        ],
        [
            16.34155184568873,
            9.983240775720255,
            56.76991116742954,
            25.426540056214744,
            0.0,
            73.18905713942776,
            27.772341944965568,
            52.07637667140662,
            85.84597407828481,
            41.677118867392366,
            30.39313004731477,
            56.06399475270533,
            52.26258309417791,
            79.05236364706931,
            66.36687675024591,
            13.36119290786099,
            63.397848611224944,
            53.45684345570779,
            9.375830737299854,
            83.11044141675454,
            16.34155184568873
        ],
        [
            69.71347774356737,
            70.87880486227165,
            56.69641251908241,
            77.39985818046817,
            73.18905713942776,
            0.0,
            56.436479644549806,
            92.17376524049124,
            42.18898503528912,
            82.31939791076603,
            57.23327232084522,
            19.02996421112762,
            24.36506678666245,
            43.64320097664635,
            82.15944996336826,
            85.76971473476233,
            39.0695682558787,
            83.55096441316117,
            81.03330448272014,
            46.539119764734856,
            69.71347774356737
        ],
        [
            15.333742151003966,
            33.430302928706894,
            29.31043067087029,
            48.874832215790576,
            27.772341944965568,
            56.436479644549806,
            0.0,
            40.10261669900203,
            59.31634751858202,
            28.744592169016244,
            3.2809665794685765,
            44.236430680957234,
            32.27975369187379,
            52.00415125481515,
            43.94091359368705,
            35.54612033926258,
            36.58504275380879,
            35.598221616519545,
            30.990576952978827,
            55.934478640020565,
            15.333742151003966
        ],
        [
            37.40405202371518,
            61.810240791823055,
            40.503980992094974,
            77.4791346096409,
            52.07637667140662,
            92.17376524049124,
            40.10261669900203,
            0.0,
            78.3206758396251,
            11.553607541430662,
            37.746340792051775,
            83.26767823090698,
            68.20037428571935,
            69.7651100800973,
            25.982450909774414,
            48.077611720186646,
            59.394293676414556,
            11.374556017750136,
            46.834587570931504,
            72.12758562830157,
            37.40405202371518
        ],
        [
            74.50156285585243,
            88.49489823476482,
            38.147899927048485,
            100.73361871686812,
            85.84597407828481,
            42.18898503528912,
            59.31634751858202,
            78.3206758396251,
            0.0,
            72.6161409128841,
            57.73487425142284,
            53.001979167496785,
            39.48320224236703,
            8.556897539516923,
            58.1140964925717,
            94.85977358281549,
            22.74074521255464,
            67.19984379907899,
            90.26796630016598,
            7.1505717223633,
            74.50156285585243
        ],
        [
            26.311957113871177,
            51.16282470032084,
            34.52842454912349,
            67.07947735116937,
            41.677118867392366,
            82.31939791076603,
            28.744592169016244,
            11.553607541430662,
            72.6161409128841,
            0.0,
            26.571083284991705,
            72.40584641716025,
            58.07888750104806,
            64.125154017725,
            28.28408659390548,
            39.54858787464123,
            52.04640689163859,
            12.802690694175945,
            37.53038868214804,
            66.98687968973145,
            26.311957113871177
        ],
        [
            16.804148978768314,
            36.4634066012681,
            26.428181475496487,
            52.02473514303233,
            30.39313004731477,
            57.23327232084522,
            3.2809665794685765,
            37.746340792051775,
            57.73487425142284,
            26.571083284991705,
            0.0,
            45.9289931326454,
            32.90698826714618,
            50.20395206527364,
            40.684840189562294,
            37.34699559076888,
            35.00729854802343,
            32.69619585090189,
            32.92703565761449,
            54.04798846729291,
            16.804148978768314
        ],
        [
            55.26845932954042,
            52.6885194834869,
            54.03038957280464,
            58.40947373676103,
            56.06399475270533,
            19.02996421112762,
            44.236430680957234,
            83.26767823090698,
            53.001979167496785,
            72.40584641716025,
            45.9289931326454,
            0.0,
            18.276210431820576,
            51.46088893742708,
            78.58302159322177,
            69.10647074707336,
            41.11349464877716,
            76.34843965787574,
            64.50979349019354,
            55.24508281575569,
            55.26845932954042
        ],
        [
            46.251672466701336,
            52.23592931405181,
            35.93722073033633,
            62.47193678822009,
            52.26258309417791,
            24.36506678666245,
            32.27975369187379,
            68.20037428571935,
            39.48320224236703,
            58.07888750104806,
            32.90698826714618,
            18.276210431820576,
            0.0,
            35.91750352436002,
            60.873434200303606,
            63.8888427562068,
            23.452233261408843,
            60.15341002072443,
            59.08245327052209,
            40.02674998424275,
            46.251672466701336
        ],
        [
            67.00810004769923,
            82.33560283867274,
            29.624483070151552,
            95.26750969858836,
            79.05236364706931,
            43.64320097664635,
            52.00415125481515,
            69.7651100800973,
            8.556897539516923,
            64.125154017725,
            50.20395206527364,
            51.46088893742708,
            35.91750352436002,
            0.0,
            49.89165004023975,
            87.50639444282645,
            15.68527379962133,
            58.6549963651567,
            82.99152274963713,
            4.237934982364902,
            67.00810004769923
        ],
        [
            50.02637133521825,
            74.74012166974467,
            25.465521837942365,
            90.86430838131325,
            66.36687675024591,
            82.15944996336826,
            43.94091359368705,
            25.982450909774414,
            58.1140964925717,
            28.28408659390548,
            40.684840189562294,
            78.58302159322177,
            60.873434200303606,
            49.89165004023975,
            0.0,
            66.93635442495733,
            44.1582000473536,
            15.929801434119893,
            64.23558610187817,
            51.23158539855905,
            50.02637133521825
        ],
        [
            20.605509999443033,
            21.08504960360836,
            62.37953902234496,
            32.78348518137187,
            13.36119290786099,
            85.76971473476233,
            35.54612033926258,
            48.077611720186646,
            94.85977358281549,
            39.54858787464123,
            37.34699559076888,
            69.10647074707336,
            63.8888427562068,
            87.50639444282645,
            66.93635442495733,
            0.0,
            72.13114265694932,
            52.266343835589744,
            4.807723446887026,
            91.38487730452152,
            20.605509999443033
        ],
        [
            51.76226370132745,
            66.6861723371041,
            19.46808613426526,
            79.85270175451636,
            63.397848611224944,
            39.0695682558787,
            36.58504275380879,
            59.394293676414556,
            22.74074521255464,
            52.04640689163859,
            35.00729854802343,
            41.11349464877716,
            23.452233261408843,
            15.68527379962133,
            44.1582000473536,
            72.13114265694932,
            0.0,
            49.01757586650401,
            67.55644707790688,
            19.824193319940935,
            51.76226370132745
        ],
        [
            37.43999905419087,
            62.564225953747425,
            29.75998131277128,
            78.65847339087117,
            53.45684345570779,
            83.55096441316117,
            35.598221616519545,
            11.374556017750136,
            67.19984379907899,
            12.802690694175945,
            32.69619585090189,
            76.34843965787574,
            60.15341002072443,
            58.6549963651567,
            15.929801434119893,
            52.266343835589744,
            49.01757586650401,
            0.0,
            50.04510575612359,
            60.90090379192998,
            37.43999905419087
        ],
        [
            16.36002330071218,
            18.326592816212838,
            58.34594217305701,
            31.78613555425454,
            9.375830737299854,
            81.03330448272014,
            30.990576952978827,
            46.834587570931504,
            90.26796630016598,
            37.53038868214804,
            32.92703565761449,
            64.50979349019354,
            59.08245327052209,
            82.99152274963713,
            64.23558610187817,
            4.807723446887026,
            67.55644707790688,
            50.04510575612359,
            0.0,
            86.90250195303372,
            16.36002330071218
        ],
        [
            70.84479105900625,
            86.5061491930263,
            32.47335271314157,
            99.49438568448699,
            83.11044141675454,
            46.539119764734856,
            55.934478640020565,
            72.12758562830157,
            7.1505717223633,
            66.98687968973145,
            54.04798846729291,
            55.24508281575569,
            40.02674998424275,
            4.237934982364902,
            51.23158539855905,
            91.38487730452152,
            19.824193319940935,
            60.90090379192998,
            86.90250195303372,
            0.0,
            70.84479105900625
        ],
        [
            0.0,
            25.12436956796645,
            42.00786503763951,
            41.233376789701616,
            16.34155184568873,
            69.71347774356737,
            15.333742151003966,
            37.40405202371518,
            74.50156285585243,
            26.311957113871177,
            16.804148978768314,
            55.26845932954042,
            46.251672466701336,
            67.00810004769923,
            50.02637133521825,
            20.605509999443033,
            51.76226370132745,
            37.43999905419087,
            16.36002330071218,
            70.84479105900625,
            0.0
        ]
    ],
    "scores_ave": [
        0,
        14.499756357395817,
        10.495448391932168,
        17.85761966353048,
        11.022507131340024,
        11.686803504764358,
        12.367349559060646,
        12.658567652127651,
        14.906164038122833,
        11.035479996427323,
        15.819024488367486,
        16.143567710485456,
        16.086606382114027,
        13.401679900821728,
        12.479042114518581,
        11.383772754567488,
        19.261586169630903,
        11.710744968729182,
        12.180609626858047,
        17.350239826072354,
        0
    ],
    "scores_var": [
        0,
        23.490267190660674,
        354.4711072436867,
        19.35824140616051,
        258.1647884224012,
        20.970779891474727,
        19.541864759423365,
        399.8719514179759,
        16.44926200474947,
        16.18264200641306,
        375.1257407122182,
        227.78224224530106,
        22.72855436231133,
        16.726322322544256,
        250.7213042606272,
        398.58369881965143,
        17.189919031561956,
        393.85386631951786,
        398.6216126844256,
        345.20121485369714,
        0
    ],
    "vertex_number": 21,
    "minimum_distances": {
        "cost": 359.4760905370924,
        "path": [
            0,
            4,
            1,
            3,
            15,
            18,
            9,
            7,
            17,
            14,
            2,
            16,
            13,
            19,
            8,
            5,
            11,
            12,
            10,
            6,
            20
        ]
    }
}