{
    "vertices": [
        [
            31.280427889079366,
            74.51395905724716
        ],
        [
            77.29169937170401,
            63.494830203101515
        ],
        [
            21.420896745406637,
            72.77094392993361
        ],
        [
            42.27754079012501,
            45.886697906239895
        ],
        [
            41.40060902696177,
            37.77172425592037
        ],
        [
            90.33191686118818,
            45.892741686308156
        ],
        [
            13.77905430915154,
            75.41520814488585
        ],
        [
            25.674958585411,
            29.7004507915014
        ],
        [
            4.412934732534845,
            79.29273870124122
        ],
        [
            20.363532411561625,
            27.002032137237563
        ],
        [
            2.3361195320995343,
            89.25948760681605
        ],
        [
            62.692392801414734,
            41.50346877473095
        ],
        [
            82.24114796524573,
            29.899104691111756
        ],
        [
            58.36555644503325,
            93.01218709423993
        ],
        [
            45.19110207852405,
            24.078103169091047
        ],
        [
            73.24708624572675,
            93.29579206368965
        ],
        [
            31.280427889079366,
            74.51395905724716
        ]
    ],
    "distances": [
        [
            0.0,
            47.31234832633076,
            10.01241509862113,
            30.666864416929137,
            38.11049572571027,
            65.62204228472038,
            17.524563535282848,
            45.16272588317088,
            27.28917227405072,
            48.74999288737774,
            32.48389752585246,
            45.56757628342642,
            67.73093990779145,
            32.79921690225445,
            52.31904448263303,
            45.97779534411642,
            0.0
        ],
        [
            47.31234832633076,
            0.0,
            56.63561487244401,
            39.192315881556986,
            44.1570894161329,
            21.906181600773724,
            64.62160237193713,
            61.69560769791109,
            74.57136345975584,
            67.62056273144857,
            79.26005627188329,
            26.396206731394503,
            33.95835411289939,
            35.063845252904116,
            50.83430649327877,
            30.07417867797982,
            47.31234832633076
        ],
        [
            10.01241509862113,
            56.63561487244401,
            0.0,
            34.02590608742958,
            40.30054938389253,
            73.96733366322515,
            8.086401490095964,
            43.28006956240156,
            18.215503805010314,
            45.78112390518694,
            25.221038715049506,
            51.77829071418163,
            74.41167622197287,
            42.12618906520969,
            54.18501086960612,
            55.74247311554125,
            10.01241509862113
        ],
        [
            30.666864416929137,
            39.192315881556986,
            34.02590608742958,
            0.0,
            8.162218243996225,
            48.054376451125094,
            41.0377466318516,
            23.187072508699035,
            50.49447448477691,
            28.928435222505115,
            58.96198791188654,
            20.880107285695846,
            43.042920849540074,
            49.795943398241604,
            22.002355414601727,
            56.62804035596251,
            30.666864416929137
        ],
        [
            38.11049572571027,
            44.1570894161329,
            40.30054938389253,
            8.162218243996225,
            0.0,
            49.600643246559706,
            46.690279120260016,
            17.676015873133842,
            55.60649863351543,
            23.633553707672363,
            64.62990108589086,
            21.616335800771864,
            41.59240026232792,
            57.78683392858355,
            14.20855714151154,
            64.00875109832309,
            38.11049572571027
        ],
        [
            65.62204228472038,
            21.906181600773724,
            73.96733366322515,
            48.054376451125094,
            49.600643246559706,
            0.0,
            82.04825891333013,
            66.65367610190478,
            92.1825975475924,
            72.47367611593943,
            98.10165645551523,
            27.985871559469082,
            17.923642644888474,
            56.93935663323375,
            50.13553243837788,
            50.38790154629954,
            65.62204228472038
        ],
        [
            17.524563535282848,
            64.62160237193713,
            8.086401490095964,
            41.0377466318516,
            46.690279120260016,
            82.04825891333013,
            0.0,
            47.237184277100454,
            10.137033054052456,
            48.85888827049434,
            17.961203471145485,
            59.51907887029193,
            82.21176279213626,
            47.9333896241127,
            60.18484105122415,
            62.09800402337352,
            17.524563535282848
        ],
        [
            45.16272588317088,
            61.69560769791109,
            43.28006956240156,
            23.187072508699035,
            17.676015873133842,
            66.65367610190478,
            47.237184277100454,
            0.0,
            53.95802700657986,
            5.957575952846198,
            63.96858818767523,
            38.85359274827238,
            56.566538203492335,
            71.25342898476563,
            20.30986582011319,
            79.41961194601411,
            45.16272588317088
        ],
        [
            27.28917227405072,
            74.57136345975584,
            18.215503805010314,
            50.49447448477691,
            55.60649863351543,
            92.1825975475924,
            10.137033054052456,
            53.95802700657986,
            0.0,
            54.669365821096825,
            10.180827330012834,
            69.4587946510806,
            92.17896644963497,
            55.66963852819694,
            68.64047573440673,
            70.24404542744271,
            27.28917227405072
        ],
        [
            48.74999288737774,
            67.62056273144857,
            45.78112390518694,
            28.928435222505115,
            23.633553707672363,
            72.47367611593943,
            48.85888827049434,
            5.957575952846198,
            54.669365821096825,
            0.0,
            64.81495488444888,
            44.743983801790726,
            61.945398021095485,
            76.16754156521017,
            24.999151509174045,
            84.80290603108543,
            48.74999288737774
        ],
        [
            32.48389752585246,
            79.26005627188329,
            25.221038715049506,
            58.96198791188654,
            64.62990108589086,
            98.10165645551523,
            17.961203471145485,
            63.96858818767523,
            10.180827330012834,
            64.81495488444888,
            0.0,
            76.96438824320452,
            99.54129107461355,
            56.15496909645068,
            78.00745096638428,
            71.0257485277679,
            32.48389752585246
        ],
        [
            45.56757628342642,
            26.396206731394503,
            51.77829071418163,
            20.880107285695846,
            21.616335800771864,
            27.985871559469082,
            59.51907887029193,
            38.85359274827238,
            69.4587946510806,
            44.743983801790726,
            76.96438824320452,
            0.0,
            22.733567565179914,
            51.69013035167763,
            24.696933887779625,
            52.856847289366556,
            45.56757628342642
        ],
        [
            67.73093990779145,
            33.95835411289939,
            74.41167622197287,
            43.042920849540074,
            41.59240026232792,
            17.923642644888474,
            82.21176279213626,
            56.566538203492335,
            92.17896644963497,
            61.945398021095485,
            99.54129107461355,
            22.733567565179914,
            0.0,
            67.47818196175776,
            37.50453251178516,
            64.03150096656249,
            67.73093990779145
        ],
        [
            32.79921690225445,
            35.063845252904116,
            42.12618906520969,
            49.795943398241604,
            57.78683392858355,
            56.93935663323375,
            47.9333896241127,
            71.25342898476563,
            55.66963852819694,
            76.16754156521017,
            56.15496909645068,
            51.69013035167763,
            67.47818196175776,
            0.0,
            70.18172250988646,
            14.88423195827132,
            32.79921690225445
        ],
        [
            52.31904448263303,
            50.83430649327877,
            54.18501086960612,
            22.002355414601727,
            14.20855714151154,
            50.13553243837788,
            60.18484105122415,
            20.30986582011319,
            68.64047573440673,
            24.999151509174045,
            78.00745096638428,
            24.696933887779625,
            37.50453251178516,
            70.18172250988646,
            0.0,
            74.68752709455418,
            52.31904448263303
        ],
        [
            45.97779534411642,
            30.07417867797982,
            55.74247311554125,
            56.62804035596251,
            64.00875109832309,
            50.38790154629954,
            62.09800402337352,
            79.41961194601411,
            70.24404542744271,
            84.80290603108543,
            71.0257485277679,
            52.856847289366556,
            64.03150096656249,
            14.88423195827132,
            74.68752709455418,
            0.0,
            45.97779534411642
        ],
        [
            0.0,
            47.31234832633076,
            10.01241509862113,
            30.666864416929137,
            38.11049572571027,
            65.62204228472038,
            17.524563535282848,
            45.16272588317088,
            27.28917227405072,
            48.74999288737774,
            32.48389752585246,
            45.56757628342642,
            67.73093990779145,
            32.79921690225445,
            52.31904448263303,
            45.97779534411642,
            0.0
        ]
    ],
    "scores_ave": [
        0,
        12.842893590302507,
        12.674447294783835,
        12.205613683083747,
        19.72774342308655,
        13.629717354937616,
        11.869200239675433,
        15.355847476932915,
        17.96207967791423,
        13.298193764870017,
        11.508730948221888,
        12.26955338118924,
        14.4039656261755,
        19.487483714944442,
        14.891187170599455,
        14.993844777869759,
        0
    ],
    "scores_var": [
        0,
        24.12180590579981,
        392.27908649530457,
        17.09642601271395,
        21.660171943390363,
        293.32018931440916,
        18.917199873639376,
        17.84898124610617,
        16.41350385893014,
        386.2961122282343,
        287.20188783532046,
        331.0667782229177,
        20.98007305246122,
        277.42949621978784,
        327.30561578465375,
        398.2905306576586,
        0
    ],
    "vertex_number": 17,
    "minimum_distances": {
        "cost": 318.54823669092997,
        "path": [
            0,
            2,
            6,
            10,
            8,
            3,
            4,
            7,
            9,
            14,
            11,
            12,
            5,
            1,
            15,
            13,
            16
        ]
    }
}