{
    "vertices": [
        [
            95.69740353452855,
            78.26874411512144
        ],
        [
            20.439185825990215,
            26.55303138069659
        ],
        [
            93.96488327012457,
            2.847055249470598
        ],
        [
            50.500383573176954,
            39.8589250163816
        ],
        [
            59.21688029667072,
            18.852630716879926
        ],
        [
            64.39467817516535,
            16.739850967266324
        ],
        [
            45.2947751827303,
            62.104987165811785
        ],
        [
            8.293983503000424,
            33.332915597037626
        ],
        [
            0.6080899791512051,
            33.421695472416815
        ],
        [
            97.0901299022243,
            30.22256037752875
        ],
        [
            48.0223867221084,
            47.05908052854496
        ],
        [
            0.4101029369073639,
            7.515978232134213
        ],
        [
            7.051891544558398,
            67.13132765747774
        ],
        [
            55.54234380592913,
            4.923672997478246
        ],
        [
            8.966789368311368,
            37.57089896496048
        ],
        [
            71.53384924303272,
            99.92377073199528
        ],
        [
            96.86653206559,
            77.35625310352748
        ],
        [
            95.69740353452855,
            78.26874411512144
        ]
    ],
    "distances": [
        [
            0.0,
            91.3143705902598,
            75.44158520215232,
            59.313445495812616,
            69.72161147779488,
            69.03379829419711,
            52.931011547918224,
            98.27810802927765,
            105.13436795070385,
            48.066365147385454,
            56.982017595482006,
            118.68286959487548,
            89.34242464425807,
            83.61775098063522,
            95.80456165295946,
            32.44714985596703,
            1.483071599209444,
            0.0
        ],
        [
            91.3143705902598,
            0.0,
            77.25284130037316,
            32.874342813805846,
            39.53486763408667,
            45.03758227841416,
            43.37904888788684,
            13.909448927018888,
            20.986922330141745,
            76.73872992717926,
            34.37049640795995,
            27.63283470726339,
            42.729589009302295,
            41.23179409429387,
            15.90626563925471,
            89.40878045615581,
            91.77203599488672,
            91.3143705902598
        ],
        [
            75.44158520215232,
            77.25284130037316,
            0.0,
            57.08801308110784,
            38.2570536853806,
            32.67119223741851,
            76.68299626540664,
            90.93344130758493,
            98.23593781471286,
            27.55332008175764,
            63.7606161226661,
            93.6712109722863,
            108.10335706958966,
            38.478615881408686,
            91.81732564891672,
            99.63453204787785,
            74.56567662528933,
            75.44158520215232
        ],
        [
            59.313445495812616,
            32.874342813805846,
            57.08801308110784,
            0.0,
            22.742948694660374,
            26.97300516025827,
            22.847005052544613,
            42.70795014777885,
            50.305853379841956,
            47.575876097639174,
            7.614637732239277,
            59.62467962940264,
            51.29868814481515,
            35.297212306539805,
            41.596568497730985,
            63.64112168186129,
            59.631110501948186,
            59.313445495812616
        ],
        [
            69.72161147779488,
            39.53486763408667,
            38.2570536853806,
            22.742948694660374,
            0.0,
            5.592265117188276,
            45.43777447442891,
            52.941666653679505,
            60.39244944803942,
            39.5431199600217,
            30.346671932337088,
            59.88953792609079,
            71.07755362834384,
            14.405487897696183,
            53.623177866622974,
            82.00144795902132,
            69.57133109751699,
            69.72161147779488
        ],
        [
            69.03379829419711,
            45.03758227841416,
            32.67119223741851,
            26.97300516025827,
            5.592265117188276,
            0.0,
            49.221965387751524,
            58.50314296264126,
            65.93187976830261,
            35.366311889678585,
            34.457330259515956,
            64.6460029441435,
            76.33803836609529,
            14.764345078548727,
            59.21303419237361,
            83.48971356377466,
            68.76604905784549,
            69.03379829419711
        ],
        [
            52.931011547918224,
            43.37904888788684,
            76.68299626540664,
            22.847005052544613,
            45.43777447442891,
            49.221965387751524,
            0.0,
            46.87100049375338,
            53.10019827507385,
            60.821442834155434,
            15.29114682576485,
            70.67243945822217,
            38.57178045800993,
            58.09230028760121,
            43.83656050809386,
            46.02987505922503,
            53.77961714895071,
            52.931011547918224
        ],
        [
            98.27810802927765,
            13.909448927018888,
            90.93344130758493,
            42.70795014777885,
            52.941666653679505,
            58.50314296264126,
            46.87100049375338,
            0.0,
            7.686406255606043,
            88.8506045277348,
            42.03276847968702,
            26.993885005381603,
            33.821227805041765,
            55.131593631927494,
            4.291057067808294,
            91.83475707172218,
            98.90981045418398,
            98.27810802927765
        ],
        [
            105.13436795070385,
            20.986922330141745,
            98.23593781471286,
            50.305853379841956,
            60.39244944803942,
            65.93187976830261,
            53.10019827507385,
            7.686406255606043,
            0.0,
            96.53506354207686,
            49.33653622619153,
            25.906473797149076,
            34.319992433950794,
            61.886262841497945,
            9.331867181913971,
            97.2264847713251,
            105.81083605732294,
            105.13436795070385
        ],
        [
            48.066365147385454,
            76.73872992717926,
            27.55332008175764,
            47.575876097639174,
            39.5431199600217,
            35.366311889678585,
            60.821442834155434,
            88.8506045277348,
            96.53506354207686,
            0.0,
            51.87592728410149,
            99.31070680817834,
            97.30951376241325,
            48.64413872371447,
            88.42918764102451,
            74.23868402665124,
            47.13422308664282,
            48.066365147385454
        ],
        [
            56.982017595482006,
            34.37049640795995,
            63.7606161226661,
            7.614637732239277,
            30.346671932337088,
            34.457330259515956,
            15.29114682576485,
            42.03276847968702,
            49.33653622619153,
            51.87592728410149,
            0.0,
            61.89173213335463,
            45.62320221004438,
            42.801195337882554,
            40.19160700998981,
            57.85727560281079,
            57.47755388300225,
            56.982017595482006
        ],
        [
            118.68286959487548,
            27.63283470726339,
            93.6712109722863,
            59.62467962940264,
            59.88953792609079,
            64.6460029441435,
            70.67243945822217,
            26.993885005381603,
            25.906473797149076,
            99.31070680817834,
            61.89173213335463,
            0.0,
            59.984191609244256,
            55.193152017885865,
            31.24924227788321,
            116.60955108101334,
            119.08613149468053,
            118.68286959487548
        ],
        [
            89.34242464425807,
            42.729589009302295,
            108.10335706958966,
            51.29868814481515,
            71.07755362834384,
            76.33803836609529,
            38.57178045800993,
            33.821227805041765,
            34.319992433950794,
            97.30951376241325,
            45.62320221004438,
            59.984191609244256,
            0.0,
            78.87405314049755,
            29.622386435950965,
            72.34132423050676,
            90.39479383404448,
            89.34242464425807
        ],
        [
            83.61775098063522,
            41.23179409429387,
            38.478615881408686,
            35.297212306539805,
            14.405487897696183,
            14.764345078548727,
            58.09230028760121,
            55.131593631927494,
            61.886262841497945,
            48.64413872371447,
            42.801195337882554,
            55.193152017885865,
            78.87405314049755,
            0.0,
            56.87814724956626,
            96.33663278168228,
            83.39164943889246,
            83.61775098063522
        ],
        [
            95.80456165295946,
            15.90626563925471,
            91.81732564891672,
            41.596568497730985,
            53.623177866622974,
            59.21303419237361,
            43.83656050809386,
            4.291057067808294,
            9.331867181913971,
            88.42918764102451,
            40.19160700998981,
            31.24924227788321,
            29.622386435950965,
            56.87814724956626,
            0.0,
            88.33186061078557,
            96.48439858432543,
            95.80456165295946
        ],
        [
            32.44714985596703,
            89.40878045615581,
            99.63453204787785,
            63.64112168186129,
            82.00144795902132,
            83.48971356377466,
            46.02987505922503,
            91.83475707172218,
            97.2264847713251,
            74.23868402665124,
            57.85727560281079,
            116.60955108101334,
            72.34132423050676,
            96.33663278168228,
            88.33186061078557,
            0.0,
            33.92694608861065,
            32.44714985596703
        ],
        [
            1.483071599209444,
            91.77203599488672,
            74.56567662528933,
            59.631110501948186,
            69.57133109751699,
            68.76604905784549,
            53.77961714895071,
            98.90981045418398,
            105.81083605732294,
            47.13422308664282,
            57.47755388300225,
            119.08613149468053,
            90.39479383404448,
            83.39164943889246,
            96.48439858432543,
            33.92694608861065,
            0.0,
            1.483071599209444
        ],
        [
            0.0,
            91.3143705902598,
            75.44158520215232,
            59.313445495812616,
            69.72161147779488,
            69.03379829419711,
            52.931011547918224,
            98.27810802927765,
            105.13436795070385,
            48.066365147385454,
            56.982017595482006,
            118.68286959487548,
            89.34242464425807,
            83.61775098063522,
            95.80456165295946,
            32.44714985596703,
            1.483071599209444,
            0.0
        ]
    ],
    "scores_ave": [
        0,
        18.19256131764987,
        10.211998577544083,
        19.900069003422256,
        10.563458432016605,
        17.069335710535345,
        17.540442094459003,
        12.005470674332283,
        17.035108795665856,
        13.494478476287966,
        15.977656588224887,
        19.741384809640714,
        13.581720097469837,
        18.00226865100876,
        14.31434096158755,
        18.29751041074688,
        17.270250167810964,
        0
    ],
    "scores_var": [
        0,
        279.19150828664533,
        358.2700647670903,
        337.3470621599356,
        24.841620191105516,
        303.6330655237227,
        263.12352821237187,
        23.396234998345236,
        231.856072881489,
        256.7851979104707,
        23.033588443907377,
        16.453399430301566,
        257.5964821062063,
        22.22849706683753,
        16.05772741080924,
        373.0056570329675,
        20.148030239508273,
        0
    ],
    "vertex_number": 18,
    "minimum_distances": {
        "cost": 417.8920099959958,
        "path": [
            0,
            15,
            6,
            10,
            3,
            12,
            14,
            7,
            8,
            11,
            1,
            13,
            4,
            5,
            2,
            9,
            16,
            17
        ]
    }
}