{
    "vertices": [
        [
            27.688351934113875,
            48.0183654883467
        ],
        [
            8.312358599361481,
            25.886415116072737
        ],
        [
            32.49956627178816,
            85.95924684990716
        ],
        [
            38.06519194554747,
            70.47080762446595
        ],
        [
            64.31140968377082,
            71.59435278462809
        ],
        [
            9.268099508351124,
            71.47186728383991
        ],
        [
            30.85848048241182,
            55.75467435809175
        ],
        [
            37.06973554371908,
            73.07263990890287
        ],
        [
            49.38316162060548,
            19.2933561819416
        ],
        [
            2.046061006872657,
            2.7760269750100597
        ],
        [
            82.09751204677305,
            6.885484016084387
        ],
        [
            80.64081145843777,
            35.04063786045397
        ],
        [
            72.34608879020871,
            99.34138967904757
        ],
        [
            53.6945979222621,
            79.1699436546321
        ],
        [
            9.753943783199926,
            55.71737606972099
        ],
        [
            81.17884993770585,
            21.159204854751557
        ],
        [
            84.11358384117477,
            13.91797748892829
        ],
        [
            21.27253897692625,
            62.84527484495036
        ],
        [
            96.10811704602979,
            68.48814448695569
        ],
        [
            96.65620476991327,
            32.95483508312549
        ],
        [
            73.12534101162873,
            48.35890185113585
        ],
        [
            27.688351934113875,
            48.0183654883467
        ]
    ],
    "distances": [
        [
            0.0,
            29.415172020390546,
            38.24471547671715,
            24.734408553645913,
            43.5554306135197,
            29.82234809501126,
            8.360633345676002,
            26.753075060095508,
            35.99709609102031,
            52.00381022725759,
            68.2075556106225,
            54.519577988635696,
            68.0320973746031,
            40.58011400484559,
            19.517114532012204,
            59.85522438863248,
            65.92907748085425,
            16.15549123272201,
            71.41621741748607,
            70.59372970065759,
            45.43826516763802,
            0.0
        ],
        [
            29.415172020390546,
            0.0,
            64.75929375395226,
            53.60036518036407,
            72.28491743280078,
            45.595470060356924,
            37.42246012909648,
            55.258723645406135,
            41.596625907863626,
            23.94486428335316,
            76.19241597380001,
            72.90545169629887,
            97.44717487029317,
            69.99058550605572,
            29.865773039724743,
            73.01966910919107,
            76.74027135340974,
            39.165336560252705,
            97.58587267948,
            88.62616835357798,
            68.59836258417872,
            29.415172020390546
        ],
        [
            38.24471547671715,
            64.75929375395226,
            0.0,
            16.45806607048941,
            34.90477850918402,
            27.378553918568866,
            30.24912167289201,
            13.673005727565592,
            68.77060978685402,
            88.58252678534133,
            93.34139592805538,
            70.07342027860447,
            42.0336425201351,
            22.255875730736008,
            37.840904992862534,
            81.04762859455427,
            88.62252140846628,
            25.696339111350103,
            65.9642869238803,
            83.2198409642896,
            55.355573497516,
            38.24471547671715
        ],
        [
            24.734408553645913,
            53.60036518036407,
            16.45806607048941,
            0.0,
            26.27025502900864,
            28.81448686473623,
            16.38600831278247,
            2.7857610601556244,
            52.41400551109855,
            76.68090453793141,
            77.34299316602248,
            55.38935192266754,
            44.818415820337016,
            17.887238435719976,
            31.924763353086444,
            65.50131046920288,
            72.92926019446688,
            18.44293750724135,
            58.07677769416139,
            69.5726597127608,
            41.45057815597351,
            24.734408553645913
        ],
        [
            43.5554306135197,
            72.28491743280078,
            34.90477850918402,
            26.27025502900864,
            0.0,
            55.04344645609833,
            37.013428438976284,
            27.281754759812653,
            54.38976774973049,
            92.80590290005503,
            67.10874111896156,
            40.03527740726028,
            28.886919613619334,
            13.042479404200652,
            56.82073103276353,
            53.180961700862426,
            60.98106565656726,
            43.919138840772355,
            31.948069254176577,
            50.39045641159919,
            24.85098721449352,
            43.5554306135197
        ],
        [
            29.82234809501126,
            45.595470060356924,
            27.378553918568866,
            28.81448686473623,
            55.04344645609833,
            0.0,
            26.705331004693992,
            27.847682834308152,
            65.81652702080952,
            69.07442591765125,
            97.34230444314053,
            80.13300498801615,
            68.96044525943203,
            45.08851451458324,
            15.761980778923492,
            87.76400189152919,
            94.41555356793594,
            14.782579749874195,
            86.8912610546825,
            95.49996183641508,
            67.91138684713553,
            29.82234809501126
        ],
        [
            8.360633345676002,
            37.42246012909648,
            30.24912167289201,
            16.38600831278247,
            37.013428438976284,
            26.705331004693992,
            0.0,
            18.3981417609414,
            40.89732918436368,
            60.306654645862565,
            70.80703439868776,
            53.91986447898458,
            60.17493992993447,
            32.70723308315975,
            21.10456965803134,
            61.06542468757447,
            67.72307759305387,
            11.923375772440899,
            66.48049588568742,
            69.63600500013159,
            42.90903110035135,
            8.360633345676002
        ],
        [
            26.753075060095508,
            55.258723645406135,
            13.673005727565592,
            2.7857610601556244,
            27.281754759812653,
            27.847682834308152,
            18.3981417609414,
            0.0,
            55.17093274484262,
            78.5383445715562,
            80.05148507047971,
            57.834866959122515,
            43.98259102028434,
            17.707714761458604,
            32.36290565495719,
            68.12208681289349,
            75.58040585135262,
            18.818884545085222,
            59.21611342097891,
            71.8330396049294,
            43.71241853804796,
            26.753075060095508
        ],
        [
            35.99709609102031,
            41.596625907863626,
            68.77060978685402,
            52.41400551109855,
            54.38976774973049,
            65.81652702080952,
            40.89732918436368,
            55.17093274484262,
            0.0,
            50.13604749723315,
            34.98834113658926,
            35.00025076548664,
            83.27654946592288,
            60.03161009300017,
            53.82549703616206,
            31.85038754596276,
            35.14394576185655,
            51.83605622194519,
            67.84798195881024,
            49.207485348916265,
            37.5299484050211,
            35.99709609102031
        ],
        [
            52.00381022725759,
            23.94486428335316,
            88.58252678534133,
            76.68090453793141,
            92.80590290005503,
            69.07442591765125,
            60.306654645862565,
            78.5383445715562,
            50.13604749723315,
            0.0,
            80.15686153265985,
            84.9596369703455,
            119.44439367546782,
            92.21497639295572,
            53.49951308994926,
            81.24001177332516,
            82.82041635619385,
            63.071166112521524,
            114.74211421364558,
            99.30679615056397,
            84.43969758334674,
            52.00381022725759
        ],
        [
            68.2075556106225,
            76.19241597380001,
            93.34139592805538,
            77.34299316602248,
            67.10874111896156,
            97.34230444314053,
            70.80703439868776,
            80.05148507047971,
            34.98834113658926,
            80.15686153265985,
            0.0,
            28.19281228618698,
            92.96872994446794,
            77.66446185998572,
            87.28198869551656,
            14.30325300939745,
            7.315771314480401,
            82.65092581791217,
            63.17582472381858,
            29.85911249289659,
            42.43282031640894,
            68.2075556106225
        ],
        [
            54.519577988635696,
            72.90545169629887,
            70.07342027860447,
            55.38935192266754,
            40.03527740726028,
            80.13300498801615,
            53.91986447898458,
            57.834866959122515,
            35.00025076548664,
            84.9596369703455,
            28.19281228618698,
            0.0,
            64.83354925175082,
            51.70584158306739,
            73.8408796790859,
            13.891856164565533,
            21.40623575487111,
            65.55676635770423,
            36.850688482982676,
            16.15064692658364,
            15.292431192009776,
            54.519577988635696
        ],
        [
            68.0320973746031,
            97.44717487029317,
            42.0336425201351,
            44.818415820337016,
            28.886919613619334,
            68.96044525943203,
            60.17493992993447,
            43.98259102028434,
            83.27654946592288,
            119.44439367546782,
            92.96872994446794,
            64.83354925175082,
            0.0,
            27.47299303521555,
            76.29437187607697,
            78.67955066844952,
            86.23011823010293,
            62.77319402829089,
            38.94299328138221,
            70.69764048441807,
            50.98844279979292,
            68.0320973746031
        ],
        [
            40.58011400484559,
            69.99058550605572,
            22.255875730736008,
            17.887238435719976,
            13.042479404200652,
            45.08851451458324,
            32.70723308315975,
            17.707714761458604,
            60.03161009300017,
            92.21497639295572,
            77.66446185998572,
            51.70584158306739,
            27.47299303521555,
            0.0,
            49.807670217482624,
            64.19213288991409,
            71.99398442109704,
            36.29992724511481,
            43.737940485587345,
            63.099413017937756,
            36.42628273680645,
            40.58011400484559
        ],
        [
            19.517114532012204,
            29.865773039724743,
            37.840904992862534,
            31.924763353086444,
            56.82073103276353,
            15.761980778923492,
            21.10456965803134,
            32.36290565495719,
            53.82549703616206,
            53.49951308994926,
            87.28198869551656,
            73.8408796790859,
            76.29437187607697,
            49.807670217482624,
            0.0,
            79.34597921068918,
            85.3026716537504,
            13.545662633730824,
            87.29338901585548,
            89.8339369991613,
            63.79718747334318,
            19.517114532012204
        ],
        [
            59.85522438863248,
            73.01966910919107,
            81.04762859455427,
            65.50131046920288,
            53.180961700862426,
            87.76400189152919,
            61.06542468757447,
            68.12208681289349,
            31.85038754596276,
            81.24001177332516,
            14.30325300939745,
            13.891856164565533,
            78.67955066844952,
            64.19213288991409,
            79.34597921068918,
            0.0,
            7.813324314766265,
            72.98283718900886,
            49.627729578336606,
            19.45984082891182,
            28.366926564531454,
            59.85522438863248
        ],
        [
            65.92907748085425,
            76.74027135340974,
            88.62252140846628,
            72.92926019446688,
            60.98106565656726,
            94.41555356793594,
            67.72307759305387,
            75.58040585135262,
            35.14394576185655,
            82.82041635619385,
            7.315771314480401,
            21.40623575487111,
            86.23011823010293,
            71.99398442109704,
            85.3026716537504,
            7.813324314766265,
            0.0,
            79.64218320836703,
            55.87281944733923,
            22.79735262752613,
            36.15133125355651,
            65.92907748085425
        ],
        [
            16.15549123272201,
            39.165336560252705,
            25.696339111350103,
            18.44293750724135,
            43.919138840772355,
            14.782579749874195,
            11.923375772440899,
            18.818884545085222,
            51.83605622194519,
            63.071166112521524,
            82.65092581791217,
            65.55676635770423,
            62.77319402829089,
            36.29992724511481,
            13.545662633730824,
            72.98283718900886,
            79.64218320836703,
            0.0,
            75.04802277697632,
            81.09337493004001,
            53.83835139903491,
            16.15549123272201
        ],
        [
            71.41621741748607,
            97.58587267948,
            65.9642869238803,
            58.07677769416139,
            31.948069254176577,
            86.8912610546825,
            66.48049588568742,
            59.21611342097891,
            67.84798195881024,
            114.74211421364558,
            63.17582472381858,
            36.850688482982676,
            38.94299328138221,
            43.737940485587345,
            87.29338901585548,
            49.627729578336606,
            55.87281944733923,
            75.04802277697632,
            0.0,
            35.53753617432418,
            30.55150410927663,
            71.41621741748607
        ],
        [
            70.59372970065759,
            88.62616835357798,
            83.2198409642896,
            69.5726597127608,
            50.39045641159919,
            95.49996183641508,
            69.63600500013159,
            71.8330396049294,
            49.207485348916265,
            99.30679615056397,
            29.85911249289659,
            16.15064692658364,
            70.69764048441807,
            63.099413017937756,
            89.8339369991613,
            19.45984082891182,
            22.79735262752613,
            81.09337493004001,
            35.53753617432418,
            0.0,
            28.124487945636805,
            70.59372970065759
        ],
        [
            45.43826516763802,
            68.59836258417872,
            55.355573497516,
            41.45057815597351,
            24.85098721449352,
            67.91138684713553,
            42.90903110035135,
            43.71241853804796,
            37.5299484050211,
            84.43969758334674,
            42.43282031640894,
            15.292431192009776,
            50.98844279979292,
            36.42628273680645,
            63.79718747334318,
            28.366926564531454,
            36.15133125355651,
            53.83835139903491,
            30.55150410927663,
            28.124487945636805,
            0.0,
            45.43826516763802
        ],
        [
            0.0,
            29.415172020390546,
            38.24471547671715,
            24.734408553645913,
            43.5554306135197,
            29.82234809501126,
            8.360633345676002,
            26.753075060095508,
            35.99709609102031,
            52.00381022725759,
            68.2075556106225,
            54.519577988635696,
            68.0320973746031,
            40.58011400484559,
            19.517114532012204,
            59.85522438863248,
            65.92907748085425,
            16.15549123272201,
            71.41621741748607,
            70.59372970065759,
            45.43826516763802,
            0.0
        ]
    ],
    "scores_ave": [
        0,
        19.651891845531722,
        16.813000565731937,
        15.073940078742677,
        10.842507897410607,
        18.761095059485175,
        12.980199929297207,
        14.110455132598162,
        15.121506693830174,
        14.813516618567181,
        13.322186341526283,
        10.996399255784317,
        15.615186099648906,
        19.502933787175273,
        12.89934585537256,
        12.639457935329101,
        15.569543075558805,
        14.699553600582078,
        18.367994352653874,
        10.165064467038912,
        10.385456965245552,
        0
    ],
    "scores_var": [
        0,
        22.22921768821175,
        246.69689383040776,
        322.776497186677,
        350.2692081157895,
        21.10217425175382,
        389.4162422470583,
        24.711534618877273,
        377.52221937121396,
        17.15827450576111,
        240.75299687543583,
        376.90178895905785,
        370.7137001294103,
        245.5177278833295,
        341.7345877631174,
        17.783275231235645,
        20.98486180331013,
        392.20449458368637,
        23.027869594840165,
        381.773677581643,
        398.23670102414184,
        0
    ],
    "vertex_number": 22,
    "minimum_distances": {
        "cost": 485.5651191471436,
        "path": [
            0,
            9,
            1,
            14,
            5,
            17,
            3,
            7,
            2,
            13,
            12,
            18,
            19,
            15,
            16,
            10,
            8,
            11,
            20,
            4,
            6,
            21
        ]
    }
}