{
    "vertices": [
        [
            73.87261277458748,
            4.237900691187246
        ],
        [
            58.67568014996579,
            23.41627055918242
        ],
        [
            97.61167432707246,
            72.61666955825895
        ],
        [
            82.5278304330376,
            83.29550452018783
        ],
        [
            40.41678653189914,
            5.5539713926250345
        ],
        [
            57.71018683043562,
            1.2789558769307208
        ],
        [
            81.18801118315697,
            49.947284859473875
        ],
        [
            37.7907242808762,
            43.91570048581425
        ],
        [
            38.68089074035633,
            34.885134730871606
        ],
        [
            77.79340855706153,
            65.79862846239605
        ],
        [
            86.90613067949529,
            52.931761941330926
        ],
        [
            0.13869420026936252,
            36.1975930449414
        ],
        [
            8.312111637080688,
            60.72260041117153
        ],
        [
            68.79659591610631,
            86.00939881741269
        ],
        [
            63.91301791066274,
            5.052331249146502
        ],
        [
            85.73037331528494,
            11.68121534332226
        ],
        [
            76.45374191448515,
            28.695279012524622
        ],
        [
            95.67103893510283,
            75.58162814145743
        ],
        [
            21.53497235742037,
            57.36147278721192
        ],
        [
            73.87261277458748,
            4.237900691187246
        ]
    ],
    "distances": [
        [
            0.0,
            24.469504122293046,
            72.38231189433704,
            79.52997872436755,
            33.481701743969595,
            16.431048865304028,
            46.29106668591807,
            53.63049947385459,
            46.6659431922015,
            61.685458929059976,
            50.40798262602657,
            80.36238351163303,
            86.53727874077056,
            81.92889510395509,
            9.992838785212836,
            14.00033635493124,
            24.59320194667324,
            74.59959000942213,
            74.57440926134257,
            0.0
        ],
        [
            24.469504122293046,
            0.0,
            62.74305462940113,
            64.45500549129653,
            25.54307983919464,
            22.1583591154917,
            34.795111270841666,
            29.264449575734524,
            23.05051949356644,
            46.4946427116455,
            40.84265623866664,
            59.91611576662764,
            62.675763101676594,
            63.40609309125249,
            19.096176942055823,
            29.490132980182594,
            18.54528000202541,
            63.952178253188784,
            50.31609016639771,
            24.469504122293046
        ],
        [
            72.38231189433704,
            62.74305462940113,
            0.0,
            18.48133822978541,
            88.14000609914538,
            81.73859613257027,
            27.9935298539916,
            66.34976782270557,
            69.97503822488927,
            20.958276229586787,
            22.407682893980155,
            104.05446164813421,
            90.08818333998899,
            31.775366887561194,
            75.50191557450336,
            62.082967826235155,
            48.75188869619857,
            3.543592121653885,
            77.59114389608281,
            72.38231189433704
        ],
        [
            79.52997872436755,
            64.45500549129653,
            18.48133822978541,
            0.0,
            88.41428612768162,
            85.68914566815059,
            33.37512352279134,
            59.60014792477803,
            65.3155266651963,
            18.126097822792637,
            30.677783108354152,
            94.90091166322794,
            77.57260416097552,
            13.99685763360743,
            80.42701914633763,
            71.68586119466207,
            54.93704739807998,
            15.239679081762016,
            66.27746780135301,
            79.52997872436755
        ],
        [
            33.481701743969595,
            25.54307983919464,
            88.14000609914538,
            88.41428612768162,
            0.0,
            17.8139678776192,
            60.27486242314649,
            38.45150792836982,
            29.382485888263364,
            70.89732420526296,
            66.37706046934196,
            50.60984360621564,
            63.83014787612509,
            85.31406321814245,
            23.501585730285182,
            45.725969269188724,
            42.82735424475013,
            89.20148607713456,
            55.14109272828813,
            33.481701743969595
        ],
        [
            16.431048865304028,
            22.1583591154917,
            81.73859613257027,
            85.68914566815059,
            17.8139678776192,
            0.0,
            54.03530773753663,
            47.06035464280373,
            38.61980537039214,
            67.57310075360213,
            59.333089516424,
            67.33340913199379,
            77.28982279913394,
            85.45265605763879,
            7.260404610589973,
            29.888757964356177,
            33.211076939239724,
            83.43808122291694,
            66.73750703435535,
            16.431048865304028
        ],
        [
            46.29106668591807,
            34.795111270841666,
            27.9935298539916,
            33.37512352279134,
            60.27486242314649,
            54.03530773753663,
            0.0,
            43.814432788014564,
            45.09682532989782,
            16.210750167928563,
            6.45011581497064,
            82.20733427369615,
            73.66820318080562,
            38.13165660492423,
            48.10386941024773,
            38.534726286225755,
            21.772943255955443,
            29.44278601563054,
            60.112022289826974,
            46.29106668591807
        ],
        [
            53.63049947385459,
            29.264449575734524,
            66.34976782270557,
            59.60014792477803,
            38.45150792836982,
            47.06035464280373,
            43.814432788014564,
            0.0,
            9.074332712653101,
            45.59689996182231,
            49.936084246476184,
            38.43493920458023,
            33.93317681125531,
            52.28043147385053,
            46.82665579460442,
            57.76912654648522,
            41.55105488867079,
            65.9762214647422,
            21.0959300192708,
            53.63049947385459
        ],
        [
            46.6659431922015,
            23.05051949356644,
            69.97503822488927,
            65.3155266651963,
            29.382485888263364,
            38.61980537039214,
            45.09682532989782,
            9.074332712653101,
            0.0,
            49.8541186327778,
            51.49130529381455,
            38.564536312016806,
            39.87276485276921,
            59.33503245657736,
            39.072450718092206,
            52.46022956023352,
            38.276658679106745,
            70.02914798265807,
            28.269564722810884,
            46.6659431922015
        ],
        [
            61.685458929059976,
            46.4946427116455,
            20.958276229586787,
            18.126097822792637,
            70.89732420526296,
            67.57310075360213,
            16.210750167928563,
            45.59689996182231,
            49.8541186327778,
            0.0,
            15.766989520881923,
            83.10521018335967,
            69.66646741768494,
            22.122790873659472,
            62.3119400245016,
            54.69634185458641,
            37.1275268111479,
            20.37932164362642,
            56.88758422992126,
            61.685458929059976
        ],
        [
            50.40798262602657,
            40.84265623866664,
            22.407682893980155,
            30.677783108354152,
            66.37706046934196,
            59.333089516424,
            6.45011581497064,
            49.936084246476184,
            51.49130529381455,
            15.766989520881923,
            0.0,
            88.36639882800135,
            78.97921874330346,
            37.710546411479086,
            53.11424590642271,
            41.26729940296529,
            26.394308773923775,
            24.286622976709836,
            65.52107049299408,
            50.40798262602657
        ],
        [
            80.36238351163303,
            59.91611576662764,
            104.05446164813421,
            94.90091166322794,
            50.60984360621564,
            67.33340913199379,
            82.20733427369615,
            38.43493920458023,
            38.564536312016806,
            83.10521018335967,
            88.36639882800135,
            0.0,
            25.8511264534065,
            84.82407360140121,
            70.97317589798729,
            89.03363583127583,
            76.68292654472722,
            103.33213977760583,
            30.095024916478568,
            80.36238351163303
        ],
        [
            86.53727874077056,
            62.675763101676594,
            90.08818333998899,
            77.57260416097552,
            63.83014787612509,
            77.28982279913394,
            73.66820318080562,
            33.93317681125531,
            39.87276485276921,
            69.66646741768494,
            78.97921874330346,
            25.8511264534065,
            0.0,
            65.55757021227662,
            78.68061798826932,
            91.64411978216593,
            75.29296841561442,
            88.61361567925395,
            13.643358257190432,
            86.53727874077056
        ],
        [
            81.92889510395509,
            63.40609309125249,
            31.775366887561194,
            13.99685763360743,
            85.31406321814245,
            85.45265605763879,
            38.13165660492423,
            52.28043147385053,
            59.33503245657736,
            22.122790873659472,
            37.710546411479086,
            84.82407360140121,
            65.55757021227662,
            0.0,
            81.10422999688775,
            76.23274674024924,
            57.82335353340856,
            28.826621183406196,
            55.26630734213018,
            81.92889510395509
        ],
        [
            9.992838785212836,
            19.096176942055823,
            75.50191557450336,
            80.42701914633763,
            23.501585730285182,
            7.260404610589973,
            48.10386941024773,
            46.82665579460442,
            39.072450718092206,
            62.3119400245016,
            53.11424590642271,
            70.97317589798729,
            78.68061798826932,
            81.10422999688775,
            0.0,
            22.802173168047247,
            26.76301062066587,
            77.34955474669856,
            67.32120790183467,
            9.992838785212836
        ],
        [
            14.00033635493124,
            29.490132980182594,
            62.082967826235155,
            71.68586119466207,
            45.725969269188724,
            29.888757964356177,
            38.534726286225755,
            57.76912654648522,
            52.46022956023352,
            54.69634185458641,
            41.26729940296529,
            89.03363583127583,
            91.64411978216593,
            76.23274674024924,
            22.802173168047247,
            0.0,
            19.378706166459526,
            64.66900021445443,
            78.78918342184437,
            14.00033635493124
        ],
        [
            24.59320194667324,
            18.54528000202541,
            48.75188869619857,
            54.93704739807998,
            42.82735424475013,
            33.211076939239724,
            21.772943255955443,
            41.55105488867079,
            38.276658679106745,
            37.1275268111479,
            26.394308773923775,
            76.68292654472722,
            75.29296841561442,
            57.82335353340856,
            26.76301062066587,
            19.378706166459526,
            0.0,
            50.67182885409623,
            61.95015670028532,
            24.59320194667324
        ],
        [
            74.59959000942213,
            63.952178253188784,
            3.543592121653885,
            15.239679081762016,
            89.20148607713456,
            83.43808122291694,
            29.44278601563054,
            65.9762214647422,
            70.02914798265807,
            20.37932164362642,
            24.286622976709836,
            103.33213977760583,
            88.61361567925395,
            28.826621183406196,
            77.34955474669856,
            64.66900021445443,
            50.67182885409623,
            0.0,
            76.34219297834854,
            74.59959000942213
        ],
        [
            74.57440926134257,
            50.31609016639771,
            77.59114389608281,
            66.27746780135301,
            55.14109272828813,
            66.73750703435535,
            60.112022289826974,
            21.0959300192708,
            28.269564722810884,
            56.88758422992126,
            65.52107049299408,
            30.095024916478568,
            13.643358257190432,
            55.26630734213018,
            67.32120790183467,
            78.78918342184437,
            61.95015670028532,
            76.34219297834854,
            0.0,
            74.57440926134257
        ],
        [
            0.0,
            24.469504122293046,
            72.38231189433704,
            79.52997872436755,
            33.481701743969595,
            16.431048865304028,
            46.29106668591807,
            53.63049947385459,
            46.6659431922015,
            61.685458929059976,
            50.40798262602657,
            80.36238351163303,
            86.53727874077056,
            81.92889510395509,
            9.992838785212836,
            14.00033635493124,
            24.59320194667324,
            74.59959000942213,
            74.57440926134257,
            0.0
        ]
    ],
    "scores_ave": [
        0,
        11.079887840595482,
        13.114638104162786,
        11.969454052962957,
        15.312605066526249,
        15.398444450546712,
        19.363187052185303,
        16.479450712951742,
        19.4057625244439,
        12.559850279964877,
        13.107041285469094,
        11.287038973176077,
        12.14156193866471,
        13.62925378303942,
        19.11657307428328,
        18.311160948775267,
        13.905333747157778,
        14.329567483087336,
        12.28773813974442,
        0
    ],
    "scores_var": [
        0,
        24.949395688194475,
        16.302778726550063,
        272.22399319631614,
        393.8803776505699,
        22.94982028830922,
        273.6813563577352,
        21.05124919013419,
        324.34572914011693,
        226.14148217769178,
        22.283311980414766,
        24.9615599574213,
        396.21762715382323,
        307.7507121748749,
        21.489864073038415,
        20.006393857111963,
        281.32563061207964,
        368.40632203105156,
        22.94900742416704,
        0
    ],
    "vertex_number": 20,
    "minimum_distances": {
        "cost": 357.0383707559523,
        "path": [
            0,
            14,
            5,
            4,
            1,
            8,
            7,
            11,
            12,
            18,
            13,
            3,
            17,
            2,
            9,
            10,
            6,
            16,
            15,
            19
        ]
    }
}