{
    "vertices": [
        [
            73.31070781668477,
            30.60378883156548
        ],
        [
            48.31755302804041,
            44.89221382454015
        ],
        [
            38.463193182061964,
            17.665485145542114
        ],
        [
            22.85617448439663,
            77.78365977725944
        ],
        [
            91.17951957879386,
            64.45211944096985
        ],
        [
            57.617618685566754,
            74.10561403937326
        ],
        [
            78.5143608822786,
            87.58060852234397
        ],
        [
            91.72859789122116,
            36.10761479099788
        ],
        [
            68.73047574687052,
            84.79684650707557
        ],
        [
            41.22486252594912,
            59.1249060535754
        ],
        [
            7.390744402881211,
            91.87094393064751
        ],
        [
            21.300078525585754,
            77.29791418354336
        ],
        [
            22.098522832861256,
            87.14611156121434
        ],
        [
            0.9681430416376924,
            5.3018686839610085
        ],
        [
            88.2336812788662,
            72.67074320058737
        ],
        [
            59.2545764308149,
            17.866881024320456
        ],
        [
            21.916902475308664,
            96.91383800064781
        ],
        [
            12.142819737097676,
            53.440021262192516
        ],
        [
            95.80742104031486,
            46.12862614850125
        ],
        [
            86.33886274068946,
            97.6680580077168
        ],
        [
            79.8808006202225,
            33.4507741569519
        ],
        [
            73.31070781668477,
            30.60378883156548
        ]
    ],
    "distances": [
        [
            0.0,
            28.789179826264583,
            37.171884247129796,
            69.07677001880815,
            38.27536961066776,
            46.245884604879976,
            57.21394923707457,
            19.222663056648212,
            54.386266888199984,
            42.92965869434153,
            89.99503247631046,
            69.89597199869496,
            76.28710343486063,
            76.639636229484,
            44.635454370246315,
            18.96849097917637,
            83.89484995083653,
            65.29168433837891,
            27.333544950912874,
            68.31799924511218,
            7.1604081510807704,
            0.0
        ],
        [
            28.789179826264583,
            0.0,
            28.95519232424137,
            41.5948195596925,
            47.11409645022969,
            30.658016461381067,
            52.289064310439386,
            44.29094711442964,
            44.822618435930366,
            15.90206862785142,
            62.30573606517207,
            42.19091542320797,
            49.72755190351759,
            61.72002960474526,
            48.63068978363654,
            29.15453813517661,
            58.33732708590311,
            37.17090718104719,
            47.505960460326364,
            65.04544351076501,
            33.57298229577543,
            28.789179826264583
        ],
        [
            37.171884247129796,
            28.95519232424137,
            0.0,
            62.11098094281668,
            70.48404228944922,
            59.601847000924295,
            80.57431669548494,
            56.367681207322306,
            73.63917484675363,
            41.551298410452034,
            80.4484132015218,
            62.05319570887225,
            71.38178957375766,
            39.48085355006917,
            74.18005054660082,
            20.792358637165556,
            80.95727988513282,
            44.413730902097214,
            64.01961312296069,
            93.23353152302266,
            44.32373579782401,
            37.171884247129796
        ],
        [
            69.07677001880815,
            41.5948195596925,
            62.11098094281668,
            0.0,
            69.61184850746466,
            34.95548631332493,
            56.51383828599139,
            80.50033187276813,
            46.407287190994936,
            26.183158535382372,
            20.91963437597657,
            1.6301482800169231,
            9.393058044745304,
            75.71456901106788,
            65.57713252789361,
            70.1060913215226,
            19.153222986371215,
            26.59677999483627,
            79.52311316906666,
            66.52398816391779,
            72.23027573915239,
            69.07677001880815
        ],
        [
            38.27536961066776,
            47.11409645022969,
            70.48404228944922,
            69.61184850746466,
            0.0,
            34.92264522524321,
            26.36917237979148,
            28.34982241294398,
            30.29632796828602,
            50.237903655926615,
            88.16093682507794,
            71.05033936919031,
            72.71314454598473,
            107.87420739614079,
            8.73062081363463,
            56.474653016532606,
            76.49230876285367,
            79.80016433670677,
            18.89888563848912,
            33.56680701964656,
            32.99612794743774,
            38.27536961066776
        ],
        [
            46.245884604879976,
            30.658016461381067,
            59.601847000924295,
            34.95548631332493,
            34.92264522524321,
            0.0,
            24.864619658300185,
            51.06277361491563,
            15.420701791534036,
            22.206847283313987,
            53.27612829733877,
            36.457571277888235,
            37.83729305606869,
            89.12417441785661,
            30.649667910775605,
            56.26255168225237,
            42.36456323618885,
            49.9502158577513,
            47.34102718932832,
            37.149678677415906,
            46.35154016557487,
            46.245884604879976
        ],
        [
            57.21394923707457,
            52.289064310439386,
            80.57431669548494,
            56.51383828599139,
            26.36917237979148,
            24.864619658300185,
            0.0,
            53.14212211979966,
            10.17220424984232,
            46.90664868286563,
            71.25290028499998,
            58.13095482147679,
            56.41751120376825,
            113.06284504991214,
            17.79801317238651,
            72.32525906476603,
            57.36184682019375,
            74.63753192901316,
            44.91454967324985,
            12.766341153683138,
            54.14707864679508,
            57.21394923707457
        ],
        [
            19.222663056648212,
            44.29094711442964,
            56.367681207322306,
            80.50033187276813,
            28.34982241294398,
            51.06277361491563,
            53.14212211979966,
            0.0,
            53.84751533049948,
            55.50155838273154,
            101.10599590408866,
            81.58931979176694,
            86.33235491515465,
            95.84599187088888,
            36.729780849107236,
            37.24629428758963,
            92.5800712781423,
            81.45126394648561,
            10.819309909083584,
            61.79593363670259,
            12.142038639759017,
            19.222663056648212
        ],
        [
            54.386266888199984,
            44.822618435930366,
            73.63917484675363,
            46.407287190994936,
            30.29632796828602,
            15.420701791534036,
            10.17220424984232,
            53.84751533049948,
            0.0,
            37.62455694499252,
            61.746299449529545,
            48.019543589686215,
            46.69109207192497,
            104.45661890350532,
            22.9655700434997,
            67.59743299394448,
            48.35630388384945,
            64.69477028414674,
            47.20584955409064,
            21.811083834104412,
            52.54282910698116,
            54.386266888199984
        ],
        [
            42.92965869434153,
            15.90206862785142,
            41.551298410452034,
            26.183158535382372,
            50.237903655926615,
            22.206847283313987,
            46.90664868286563,
            55.50155838273154,
            37.62455694499252,
            0.0,
            47.08556621526765,
            26.967670310077164,
            33.926462063656494,
            67.21251978113487,
            48.92155705369544,
            45.025495142262876,
            42.435842150446334,
            29.632467461618564,
            56.108457342411356,
            59.336730428425405,
            46.40520012448515,
            42.92965869434153
        ],
        [
            89.99503247631046,
            62.30573606517207,
            80.4484132015218,
            20.91963437597657,
            88.16093682507794,
            53.27612829733877,
            71.25290028499998,
            101.10599590408866,
            61.746299449529545,
            47.08556621526765,
            0.0,
            20.145539748217608,
            15.448067428148732,
            86.80699624633903,
            83.0916852086242,
            90.36845909533554,
            15.376607198806681,
            38.72361084830335,
            99.54832165180567,
            79.16067155288117,
            93.1006148571572,
            89.99503247631046
        ],
        [
            69.89597199869496,
            42.19091542320797,
            62.05319570887225,
            1.6301482800169231,
            71.05033936919031,
            36.457571277888235,
            58.13095482147679,
            81.58931979176694,
            48.019543589686215,
            26.967670310077164,
            20.145539748217608,
            0.0,
            9.880511368415418,
            74.81188520617134,
            67.09335204652888,
            70.5166052331697,
            19.625619454768753,
            25.554929919019237,
            80.76427802697539,
            68.15413568959946,
            73.17289586753131,
            69.89597199869496
        ],
        [
            76.28710343486063,
            49.72755190351759,
            71.38178957375766,
            9.393058044745304,
            72.71314454598473,
            37.83729305606869,
            56.41751120376825,
            86.33235491515465,
            46.69109207192497,
            33.926462063656494,
            15.448067428148732,
            9.880511368415418,
            0.0,
            84.52794237571491,
            67.70077896046706,
            78.61414696324125,
            9.769414811025545,
            35.14564763063571,
            84.35304253279125,
            65.09633344894604,
            78.8795340075825,
            76.28710343486063
        ],
        [
            76.639636229484,
            61.72002960474526,
            39.48085355006917,
            75.71456901106788,
            107.87420739614079,
            89.12417441785661,
            113.06284504991214,
            95.84599187088888,
            104.45661890350532,
            67.21251978113487,
            86.80699624633903,
            74.81188520617134,
            84.52794237571491,
            0.0,
            110.2444530009113,
            59.62539603511558,
            93.97661115347469,
            49.41816602114199,
            103.25363323573056,
            125.77628040344477,
            83.78286462900607,
            76.639636229484
        ],
        [
            44.635454370246315,
            48.63068978363654,
            74.18005054660082,
            65.57713252789361,
            8.73062081363463,
            30.649667910775605,
            17.79801317238651,
            36.729780849107236,
            22.9655700434997,
            48.92155705369544,
            83.0916852086242,
            67.09335204652888,
            67.70077896046706,
            110.2444530009113,
            0.0,
            61.99396605500901,
            70.60908437562901,
            78.483373248354,
            27.60154907936852,
            25.0690264042972,
            40.099583377901425,
            44.635454370246315
        ],
        [
            18.96849097917637,
            29.15453813517661,
            20.792358637165556,
            70.1060913215226,
            56.474653016532606,
            56.26255168225237,
            72.32525906476603,
            37.24629428758963,
            67.59743299394448,
            45.025495142262876,
            90.36845909533554,
            70.5166052331697,
            78.61414696324125,
            59.62539603511558,
            61.99396605500901,
            0.0,
            87.42152654595455,
            59.03359996774144,
            46.204292944599935,
            84.27209747508724,
            25.85147673694833,
            18.96849097917637
        ],
        [
            83.89484995083653,
            58.33732708590311,
            80.95727988513282,
            19.153222986371215,
            76.49230876285367,
            42.36456323618885,
            57.36184682019375,
            92.5800712781423,
            48.35630388384945,
            42.435842150446334,
            15.376607198806681,
            19.625619454768753,
            9.769414811025545,
            93.97661115347469,
            70.60908437562901,
            87.42152654595455,
            0.0,
            44.559010706951184,
            89.66017218739285,
            64.4263751289281,
            85.94983397647124,
            83.89484995083653
        ],
        [
            65.29168433837891,
            37.17090718104719,
            44.413730902097214,
            26.59677999483627,
            79.80016433670677,
            49.9502158577513,
            74.63753192901316,
            81.45126394648561,
            64.69477028414674,
            29.632467461618564,
            38.72361084830335,
            25.554929919019237,
            35.14564763063571,
            49.41816602114199,
            78.483373248354,
            59.03359996774144,
            44.559010706951184,
            0.0,
            83.98346271579184,
            86.37807610588631,
            70.62580303229801,
            65.29168433837891
        ],
        [
            27.333544950912874,
            47.505960460326364,
            64.01961312296069,
            79.52311316906666,
            18.89888563848912,
            47.34102718932832,
            44.91454967324985,
            10.819309909083584,
            47.20584955409064,
            56.108457342411356,
            99.54832165180567,
            80.76427802697539,
            84.35304253279125,
            103.25363323573056,
            27.60154907936852,
            46.204292944599935,
            89.66017218739285,
            83.98346271579184,
            0.0,
            52.40197164844208,
            20.356452763812626,
            27.333544950912874
        ],
        [
            68.31799924511218,
            65.04544351076501,
            93.23353152302266,
            66.52398816391779,
            33.56680701964656,
            37.149678677415906,
            12.766341153683138,
            61.79593363670259,
            21.811083834104412,
            59.336730428425405,
            79.16067155288117,
            68.15413568959946,
            65.09633344894604,
            125.77628040344477,
            25.0690264042972,
            84.27209747508724,
            64.4263751289281,
            86.37807610588631,
            52.40197164844208,
            0.0,
            64.5411970102935,
            68.31799924511218
        ],
        [
            7.1604081510807704,
            33.57298229577543,
            44.32373579782401,
            72.23027573915239,
            32.99612794743774,
            46.35154016557487,
            54.14707864679508,
            12.142038639759017,
            52.54282910698116,
            46.40520012448515,
            93.1006148571572,
            73.17289586753131,
            78.8795340075825,
            83.78286462900607,
            40.099583377901425,
            25.85147673694833,
            85.94983397647124,
            70.62580303229801,
            20.356452763812626,
            64.5411970102935,
            0.0,
            7.1604081510807704
        ],
        [
            0.0,
            28.789179826264583,
            37.171884247129796,
            69.07677001880815,
            38.27536961066776,
            46.245884604879976,
            57.21394923707457,
            19.222663056648212,
            54.386266888199984,
            42.92965869434153,
            89.99503247631046,
            69.89597199869496,
            76.28710343486063,
            76.639636229484,
            44.635454370246315,
            18.96849097917637,
            83.89484995083653,
            65.29168433837891,
            27.333544950912874,
            68.31799924511218,
            7.1604081510807704,
            0.0
        ]
    ],
    "scores_ave": [
        0,
        14.739888213772048,
        19.08422954130291,
        12.5022192856974,
        12.420991433488865,
        12.513414905928764,
        15.699154034083902,
        12.240380812040272,
        10.934897317066568,
        10.934506704508223,
        11.175735397361095,
        11.109113703400697,
        18.039152868131545,
        10.113295274173167,
        15.225168464505513,
        13.710802884579506,
        19.832822775887827,
        10.576181556286503,
        18.92720681201772,
        15.034227606734728,
        10.461106922403742,
        0
    ],
    "scores_var": [
        0,
        24.417925897184762,
        22.8094992307729,
        18.780861242616506,
        392.2474623903728,
        18.270234158600253,
        229.857674646266,
        18.263098236490052,
        24.314044935621258,
        24.6216720989489,
        24.55265894179263,
        244.9152762901378,
        229.39700036377533,
        377.58490550612976,
        346.72671683964563,
        230.67828567979683,
        360.29111115444164,
        20.606968758912757,
        18.218694396718504,
        356.4026408942668,
        335.96560803662294,
        0
    ],
    "vertex_number": 22,
    "minimum_distances": {
        "cost": 418.0115844319229,
        "path": [
            0,
            15,
            2,
            13,
            1,
            9,
            17,
            10,
            16,
            12,
            11,
            3,
            5,
            8,
            6,
            19,
            14,
            4,
            18,
            7,
            20,
            21
        ]
    }
}