{
    "vertices": [
        [
            47.402815212631886,
            82.861657213564
        ],
        [
            48.03792831641378,
            81.85628037817158
        ],
        [
            25.488295396132578,
            41.243455524877284
        ],
        [
            69.04981812056987,
            53.34751116849606
        ],
        [
            0.8317178709155604,
            75.98030591183318
        ],
        [
            59.6672063373,
            12.213507012834878
        ],
        [
            70.78036147463742,
            18.169690660906802
        ],
        [
            32.466529281970594,
            68.19116512418164
        ],
        [
            43.36675359592681,
            17.501283350858987
        ],
        [
            13.944435657938358,
            95.32656785108792
        ],
        [
            89.00981137029872,
            52.38469172064485
        ],
        [
            39.48778797229766,
            46.71100118502232
        ],
        [
            86.24037712446028,
            94.2431075358624
        ],
        [
            5.10701862684162,
            96.96943233851304
        ],
        [
            76.11584946447567,
            32.9478377991528
        ],
        [
            75.92998575426894,
            94.17050032733378
        ],
        [
            74.45883444616346,
            35.54563530216307
        ],
        [
            47.402815212631886,
            82.861657213564
        ]
    ],
    "distances": [
        [
            0.0,
            1.1891809095924655,
            47.03531535546399,
            36.60160586184539,
            47.07674694952328,
            71.70478656577691,
            68.78633734748729,
            20.93599712330657,
            65.484870503395,
            35.704861848596906,
            51.575067182900376,
            37.006993764816535,
            40.470898516020746,
            44.586586859757254,
            57.58322415844746,
            30.686958006350242,
            54.5053585098328,
            0.0
        ],
        [
            1.1891809095924655,
            0.0,
            46.45306757797367,
            35.41538415706571,
            47.57050956794268,
            70.60705339626287,
            67.62543882128593,
            20.717235404239794,
            64.52430174480564,
            36.658080777047296,
            50.47048383936577,
            36.1703683900025,
            40.160435530082594,
            45.513408672066895,
            56.39508322098619,
            30.489455243952058,
            53.3173529732401,
            1.1891809095924655
        ],
        [
            47.03531535546399,
            46.45306757797367,
            0.0,
            45.21188367117086,
            42.598070262193744,
            44.84345954245822,
            50.83079651803075,
            27.836573079563834,
            29.72086820977002,
            55.301390005537996,
            64.49116323672668,
            15.029299648881581,
            80.62120408187245,
            59.33616885661148,
            51.302694903819216,
            73.113857767918,
            49.30090110881312,
            47.03531535546399
        ],
        [
            36.60160586184539,
            35.41538415706571,
            45.21188367117086,
            0.0,
            71.87456156086043,
            42.1905167277376,
            35.220361099291345,
            39.48000867533494,
            44.097299828117784,
            69.27369180513737,
            19.983201740921846,
            30.297803406321414,
            44.361752908432116,
            77.40512653344291,
            21.588781172844197,
            41.398709527355834,
            18.60548956547145,
            36.60160586184539
        ],
        [
            47.07674694952328,
            47.57050956794268,
            42.598070262193744,
            71.87456156086043,
            0.0,
            86.76300677652515,
            90.74623946859253,
            32.57962564583692,
            72.31199999872022,
            23.37137605671434,
            91.28049727211923,
            48.48694623168054,
            87.33938973136208,
            21.420121958307632,
            86.71501474176966,
            77.2698713079918,
            83.99949334667242,
            47.07674694952328
        ],
        [
            71.70478656577691,
            70.60705339626287,
            44.84345954245822,
            42.1905167277376,
            86.76300677652515,
            0.0,
            12.608661338781701,
            62.23644462771912,
            17.136666483733308,
            94.8596470608058,
            49.746482799807545,
            39.96606097315446,
            86.2263809263213,
            100.79871507520514,
            26.46640009297892,
            83.5549325145907,
            27.625721214487573,
            71.70478656577691
        ],
        [
            68.78633734748729,
            67.62543882128593,
            50.83079651803075,
            35.220361099291345,
            90.74623946859253,
            12.608661338781701,
            0.0,
            63.008710864196296,
            27.421755327838326,
            95.83061181679898,
            38.768274929590326,
            42.35364875466249,
            77.62845379706816,
            102.57868808510668,
            15.711812910334588,
            76.17507269555988,
            17.761042074671465,
            68.78633734748729
        ],
        [
            20.93599712330657,
            20.717235404239794,
            27.836573079563834,
            39.48000867533494,
            32.57962564583692,
            62.23644462771912,
            63.008710864196296,
            0.0,
            51.84861622346338,
            32.85419354312031,
            58.71104964805998,
            22.598573327749115,
            59.75224192621365,
            39.708078361305496,
            56.10129475630637,
            50.635934928834025,
            53.18913714625386,
            20.93599712330657
        ],
        [
            65.484870503395,
            64.52430174480564,
            29.72086820977002,
            44.097299828117784,
            72.31199999872022,
            17.136666483733308,
            27.421755327838326,
            51.84861622346338,
            0.0,
            83.20124819007015,
            57.446852851030044,
            29.466149905624523,
            87.90594504189347,
            88.19860556396922,
            36.20910554724474,
            83.29785663739409,
            35.94879871345056,
            65.484870503395
        ],
        [
            35.704861848596906,
            36.658080777047296,
            55.301390005537996,
            69.27369180513737,
            23.37137605671434,
            94.8596470608058,
            95.83061181679898,
            32.85419354312031,
            83.20124819007015,
            0.0,
            86.48014429012093,
            54.917539727469155,
            72.30405962866422,
            8.988823254773747,
            88.07037332494902,
            61.996329833823125,
            85.0632256449251,
            35.704861848596906
        ],
        [
            51.575067182900376,
            50.47048383936577,
            64.49116323672668,
            19.983201740921846,
            91.28049727211923,
            49.746482799807545,
            38.768274929590326,
            58.71104964805998,
            57.446852851030044,
            86.48014429012093,
            0.0,
            49.84597843082406,
            41.94993135395668,
            95.01303976883437,
            23.324783900268763,
            43.785107503129275,
            22.25499383310472,
            51.575067182900376
        ],
        [
            37.006993764816535,
            36.1703683900025,
            15.029299648881581,
            30.297803406321414,
            48.48694623168054,
            39.96606097315446,
            42.35364875466249,
            22.598573327749115,
            29.466149905624523,
            54.917539727469155,
            49.84597843082406,
            0.0,
            66.67162609820227,
            60.892915867082735,
            39.12850054705538,
            59.83675992247053,
            36.710209571390344,
            37.006993764816535
        ],
        [
            40.470898516020746,
            40.160435530082594,
            80.62120408187245,
            44.361752908432116,
            87.33938973136208,
            86.2263809263213,
            77.62845379706816,
            59.75224192621365,
            87.90594504189347,
            72.30405962866422,
            41.94993135395668,
            66.67162609820227,
            0.0,
            81.17915192974523,
            62.12580906864539,
            10.310647022046986,
            59.868171798597906,
            40.470898516020746
        ],
        [
            44.586586859757254,
            45.513408672066895,
            59.33616885661148,
            77.40512653344291,
            21.420121958307632,
            100.79871507520514,
            102.57868808510668,
            39.708078361305496,
            88.19860556396922,
            8.988823254773747,
            95.01303976883437,
            60.892915867082735,
            81.17915192974523,
            0.0,
            95.60867441968836,
            70.87825261062702,
            92.64209194421214,
            44.586586859757254
        ],
        [
            57.58322415844746,
            56.39508322098619,
            51.302694903819216,
            21.588781172844197,
            86.71501474176966,
            26.46640009297892,
            15.711812910334588,
            56.10129475630637,
            36.20910554724474,
            88.07037332494902,
            23.324783900268763,
            39.12850054705538,
            62.12580906864539,
            95.60867441968836,
            0.0,
            61.22294465605446,
            3.0812741905839216,
            57.58322415844746
        ],
        [
            30.686958006350242,
            30.489455243952058,
            73.113857767918,
            41.398709527355834,
            77.2698713079918,
            83.5549325145907,
            76.17507269555988,
            50.635934928834025,
            83.29785663739409,
            61.996329833823125,
            43.785107503129275,
            59.83675992247053,
            10.310647022046986,
            70.87825261062702,
            61.22294465605446,
            0.0,
            58.64332089326818,
            30.686958006350242
        ],
        [
            54.5053585098328,
            53.3173529732401,
            49.30090110881312,
            18.60548956547145,
            83.99949334667242,
            27.625721214487573,
            17.761042074671465,
            53.18913714625386,
            35.94879871345056,
            85.0632256449251,
            22.25499383310472,
            36.710209571390344,
            59.868171798597906,
            92.64209194421214,
            3.0812741905839216,
            58.64332089326818,
            0.0,
            54.5053585098328
        ],
        [
            0.0,
            1.1891809095924655,
            47.03531535546399,
            36.60160586184539,
            47.07674694952328,
            71.70478656577691,
            68.78633734748729,
            20.93599712330657,
            65.484870503395,
            35.704861848596906,
            51.575067182900376,
            37.006993764816535,
            40.470898516020746,
            44.586586859757254,
            57.58322415844746,
            30.686958006350242,
            54.5053585098328,
            0.0
        ]
    ],
    "scores_ave": [
        0,
        18.138993952138783,
        15.652873114410527,
        16.61582059442184,
        17.79913181452834,
        16.896736675582186,
        15.419716677818455,
        13.679709993185558,
        16.47043751357809,
        14.838484490564026,
        16.353032452572034,
        14.442580981916755,
        17.4784264543623,
        17.811497890055673,
        15.196719118663008,
        14.034099908126898,
        14.549477857069759,
        0
    ],
    "scores_var": [
        0,
        21.7914110738514,
        381.9303503603402,
        364.30489245186186,
        392.4544839390169,
        296.7752005454971,
        18.261253160976587,
        357.8714724747981,
        304.2851217093087,
        20.161532292479038,
        245.25870280185052,
        20.677839647937013,
        281.8535825187238,
        24.266888412941164,
        287.74293917939946,
        21.413128406939713,
        302.0798196944254,
        0
    ],
    "vertex_number": 18,
    "minimum_distances": {
        "cost": 337.1084946532909,
        "path": [
            0,
            9,
            13,
            4,
            7,
            11,
            2,
            8,
            5,
            6,
            14,
            16,
            3,
            10,
            12,
            15,
            1,
            17
        ]
    }
}