{
    "vertices": [
        [
            85.98236802416874,
            24.485486125515553
        ],
        [
            70.64562277767065,
            74.945993980391
        ],
        [
            80.2279981273976,
            73.1648231546281
        ],
        [
            25.576868177135804,
            32.747985027676066
        ],
        [
            61.64687632994457,
            49.4316866040268
        ],
        [
            42.91237204402972,
            58.914875773336384
        ],
        [
            6.026284301017959,
            33.305315976881744
        ],
        [
            95.75946426852532,
            64.15115139968515
        ],
        [
            48.54866568909326,
            50.53147753474612
        ],
        [
            68.48502679376564,
            90.65843427773083
        ],
        [
            14.570649714314799,
            41.304379133773786
        ],
        [
            75.49670430066199,
            73.53591926582618
        ],
        [
            43.237832687225186,
            11.508627076964572
        ],
        [
            85.98236802416874,
            24.485486125515553
        ]
    ],
    "distances": [
        [
            0.0,
            52.739725138911446,
            49.01826829359432,
            60.96796945838116,
            34.85009432288137,
            55.13988960136448,
            80.44106366123304,
            40.85286541497274,
            45.6034619190336,
            68.44717683943536,
            73.36558235296143,
            50.15868952608859,
            44.670954455184585,
            0.0
        ],
        [
            52.739725138911446,
            0.0,
            9.7465115222629,
            61.74029964955337,
            27.05470972910364,
            32.03326313730078,
            76.87395508071734,
            27.335575003463774,
            32.92938089076524,
            15.860294924847246,
            65.39236081947355,
            5.051861304842304,
            69.10489474184779,
            52.739725138911446
        ],
        [
            49.01826829359432,
            9.7465115222629,
            0.0,
            67.97254452365782,
            30.141663155527286,
            39.94392257106589,
            84.22989164913339,
            17.957525414122436,
            38.93389831092736,
            21.069499421411173,
            72.9792798939736,
            4.745824859669057,
            71.90103513899238,
            49.01826829359432
        ],
        [
            60.96796945838116,
            61.74029964955337,
            67.97254452365782,
            0.0,
            39.74155742333734,
            31.388307785135815,
            19.558526214519883,
            76.88794217766011,
            29.05092230342079,
            72.07447681539585,
            13.940901152730614,
            64.46429723510036,
            27.622816539684877,
            60.96796945838116
        ],
        [
            34.85009432288137,
            27.05470972910364,
            30.141663155527286,
            39.74155742333734,
            0.0,
            20.997917221950186,
            57.91122591736719,
            37.1528101189941,
            13.14430150610533,
            41.79001107342659,
            47.77263064854352,
            27.799851924652813,
            42.15508666498804,
            34.85009432288137
        ],
        [
            55.13988960136448,
            32.03326313730078,
            39.94392257106589,
            31.388307785135815,
            20.997917221950186,
            0.0,
            44.90471046508761,
            53.10587292399436,
            10.101939025760451,
            40.76290197558442,
            33.36739151487133,
            35.71433355698919,
            47.407365884348856,
            55.13988960136448
        ],
        [
            80.44106366123304,
            76.87395508071734,
            84.22989164913339,
            19.558526214519883,
            57.91122591736719,
            44.90471046508761,
            0.0,
            94.8868228470726,
            45.87911900778585,
            84.79666675410394,
            11.704323632909803,
            80.27851951748593,
            43.12534034994755,
            80.44106366123304
        ],
        [
            40.85286541497274,
            27.335575003463774,
            17.957525414122436,
            76.88794217766011,
            37.1528101189941,
            53.10587292399436,
            94.8868228470726,
            0.0,
            49.136086725491346,
            38.033287856051956,
            84.3421520456314,
            22.330546554363558,
            74.36233691210928,
            40.85286541497274
        ],
        [
            45.6034619190336,
            32.92938089076524,
            38.93389831092736,
            29.05092230342079,
            13.14430150610533,
            10.101939025760451,
            45.87911900778585,
            49.136086725491346,
            0.0,
            44.806597187794345,
            35.20859148678809,
            35.43164015917492,
            39.3825825083134,
            45.6034619190336
        ],
        [
            68.44717683943536,
            15.860294924847246,
            21.069499421411173,
            72.07447681539585,
            41.79001107342659,
            40.76290197558442,
            84.79666675410394,
            38.033287856051956,
            44.806597187794345,
            0.0,
            73.09297377325653,
            18.502544197856043,
            83.07895515816145,
            68.44717683943536
        ],
        [
            73.36558235296143,
            65.39236081947355,
            72.9792798939736,
            13.940901152730614,
            47.77263064854352,
            33.36739151487133,
            11.704323632909803,
            84.3421520456314,
            35.20859148678809,
            73.09297377325653,
            0.0,
            68.9264557825416,
            41.34723957210655,
            73.36558235296143
        ],
        [
            50.15868952608859,
            5.051861304842304,
            4.745824859669057,
            64.46429723510036,
            27.799851924652813,
            35.71433355698919,
            80.27851951748593,
            22.330546554363558,
            35.43164015917492,
            18.502544197856043,
            68.9264557825416,
            0.0,
            69.91437458816756,
            50.15868952608859
        ],
        [
            44.670954455184585,
            69.10489474184779,
            71.90103513899238,
            27.622816539684877,
            42.15508666498804,
            47.407365884348856,
            43.12534034994755,
            74.36233691210928,
            39.3825825083134,
            83.07895515816145,
            41.34723957210655,
            69.91437458816756,
            0.0,
            44.670954455184585
        ],
        [
            0.0,
            52.739725138911446,
            49.01826829359432,
            60.96796945838116,
            34.85009432288137,
            55.13988960136448,
            80.44106366123304,
            40.85286541497274,
            45.6034619190336,
            68.44717683943536,
            73.36558235296143,
            50.15868952608859,
            44.670954455184585,
            0.0
        ]
    ],
    "scores_ave": [
        0,
        11.422445168237585,
        11.787173305821177,
        15.89089559287491,
        11.30403190455442,
        19.097710408596527,
        13.45950325902426,
        15.37495689667712,
        15.60454592987539,
        10.155134617270722,
        19.380895226221092,
        14.767608137881489,
        15.072531323278923,
        0
    ],
    "scores_var": [
        0,
        19.746969204594798,
        263.7933300950695,
        22.894184321364225,
        17.723311918037357,
        284.3053347007937,
        21.598763786383955,
        22.109651657852233,
        17.843292004644653,
        331.4098680529444,
        368.93380838167417,
        19.26518022819645,
        346.92501333995637,
        0
    ],
    "vertex_number": 14,
    "minimum_distances": {
        "cost": 285.1440174296074,
        "path": [
            0,
            7,
            2,
            11,
            9,
            1,
            4,
            8,
            5,
            10,
            6,
            3,
            12,
            13
        ]
    }
}