{
    "vertices": [
        [
            54.470203368905224,
            97.44830110889234
        ],
        [
            59.825734067106474,
            18.962570775781373
        ],
        [
            24.823457063041875,
            64.31527250431994
        ],
        [
            61.46458992828282,
            81.61183145853775
        ],
        [
            45.53646832093965,
            95.93891151151792
        ],
        [
            98.3349948235311,
            70.29594872661526
        ],
        [
            84.73842807466731,
            86.7240625348695
        ],
        [
            14.422792542891427,
            81.85742456793943
        ],
        [
            21.483371768140458,
            80.3447457553558
        ],
        [
            9.957938966368186,
            88.24288350046297
        ],
        [
            21.962500942484166,
            69.60694934460761
        ],
        [
            31.039742263576343,
            30.430534187922564
        ],
        [
            70.67865845015265,
            9.566659135396316
        ],
        [
            0.33918725110768655,
            78.58197877665802
        ],
        [
            54.42326532661463,
            76.99218927307616
        ],
        [
            63.320797233903505,
            7.0149658350871285
        ],
        [
            54.101124030486346,
            10.353021855952749
        ],
        [
            74.18603332117956,
            69.52622278721007
        ],
        [
            37.63949431897149,
            84.4036049100757
        ],
        [
            63.07288967473885,
            76.7269901594713
        ],
        [
            88.54034653996166,
            87.14517602841732
        ],
        [
            75.51830126822377,
            33.10922805747549
        ],
        [
            54.470203368905224,
            97.44830110889234
        ]
    ],
    "distances": [
        [
            0.0,
            78.66823739592232,
            44.46039980742003,
            17.312285069528052,
            9.06034650904206,
            51.58846934392575,
            32.111909314630694,
            42.97523176415414,
            37.15726933977659,
            45.4541680771626,
            42.80060262551664,
            70.99554627356396,
            89.36384622473763,
            57.3245586488812,
            20.45616568712799,
            90.8654012290025,
            87.096061264018,
            34.18122889114955,
            21.29405705925817,
            22.436107932062853,
            35.5939467061493,
            67.69445137007058,
            0.0
        ],
        [
            78.66823739592232,
            0.0,
            57.28897755717983,
            62.67069261329155,
            78.29137978493411,
            64.17225923909385,
            72.19599772931548,
            77.5705468111978,
            72.37339395032033,
            85.36134206676284,
            63.23351566433803,
            30.986247093430222,
            14.355107913841737,
            84.22068072906445,
            58.28055671863103,
            12.44832239134265,
            10.339027646461446,
            52.56330563615068,
            69.09962505489881,
            57.85561482064632,
            73.9824075608724,
            21.127815258736323,
            78.66823739592232
        ],
        [
            44.46039980742003,
            57.28897755717983,
            0.0,
            40.518434931583585,
            37.803219167517646,
            73.75442137246934,
            63.968411125782815,
            20.393649047776275,
            16.373765067414734,
            28.16938402353303,
            6.0155559764491935,
            34.45022049951368,
            71.41505555604063,
            28.33757886772903,
            32.200199813079465,
            69.03166189958897,
            61.39304747358445,
            49.636860675220106,
            23.828384540071387,
            40.21280679420356,
            67.6834285444643,
            59.52969375871251,
            44.46039980742003
        ],
        [
            17.312285069528052,
            62.67069261329155,
            40.518434931583585,
            0.0,
            21.423591687268843,
            38.56780988262323,
            23.82868961235414,
            47.042438470211145,
            40.00129137600567,
            51.93174312975853,
            41.28598102033322,
            59.54155310137347,
            72.63198960373353,
            61.20044819869135,
            8.421481227655498,
            74.61995622087024,
            71.63824799648211,
            17.546995724486486,
            23.98810496470153,
            5.1427913229603,
            27.63538489371708,
            50.49761716266542,
            17.312285069528052
        ],
        [
            9.06034650904206,
            78.29137978493411,
            37.803219167517646,
            21.423591687268843,
            0.0,
            58.69621743547666,
            40.27042450974812,
            34.1518534630798,
            28.66582389203107,
            36.40138181691796,
            35.342667832523325,
            67.09323785563474,
            89.95718817869943,
            48.415465814838974,
            20.927337255387677,
            90.68489659005681,
            86.0133584715633,
            38.967007844459275,
            13.979466970419058,
            26.011997153913605,
            43.893773198749024,
            69.61666057643116,
            9.06034650904206
        ],
        [
            51.58846934392575,
            64.17225923909385,
            73.75442137246934,
            38.56780988262323,
            58.69621743547666,
            0.0,
            21.324857576388688,
            84.70493146928645,
            77.50580809186287,
            90.18090967470242,
            76.37560174400565,
            78.21702048435436,
            66.73019972884534,
            98.34549606241076,
            44.419360923660655,
            72.32203556706186,
            74.49691139340861,
            24.16122554143001,
            62.31347963715176,
            35.84374915428898,
            19.48926873093554,
            43.62858809222951,
            51.58846934392575
        ],
        [
            32.111909314630694,
            72.19599772931548,
            63.968411125782815,
            23.82868961235414,
            40.27042450974812,
            21.324857576388688,
            0.0,
            70.48384754919887,
            63.57592178580872,
            74.79591144174907,
            65.06775385145399,
            77.79788037978143,
            78.42794158489346,
            84.79106898440982,
            31.838945485435428,
            82.53638596114138,
            82.28718158666237,
            20.17718332720428,
            47.15606095203338,
            23.860783940133327,
            3.8251693545768912,
            54.40184936530427,
            32.111909314630694
        ],
        [
            42.97523176415414,
            77.5705468111978,
            20.393649047776275,
            47.042438470211145,
            34.1518534630798,
            84.70493146928645,
            70.48384754919887,
            0.0,
            7.220801630432567,
            7.791598246748672,
            14.38476089298519,
            54.04487091462095,
            91.60063982199428,
            14.459477277771217,
            40.29526445372662,
            89.400271207312,
            81.77560514503965,
            61.02215569513015,
            23.35590451457875,
            48.91986619112713,
            74.30593600794224,
            78.16039821693572,
            42.97523176415414
        ],
        [
            37.15726933977659,
            72.37339395032033,
            16.373765067414734,
            40.00129137600567,
            28.66582389203107,
            77.50580809186287,
            63.57592178580872,
            7.220801630432567,
            0.0,
            13.971978425006771,
            10.748480661209005,
            50.82079036619289,
            86.19578746845959,
            21.217537234832783,
            33.11006225621576,
            84.42527342424374,
            77.21890427258107,
            53.80158895410509,
            16.65817017308097,
            41.74657058076534,
            67.40091777896971,
            71.77024270730689,
            37.15726933977659
        ],
        [
            45.4541680771626,
            85.36134206676284,
            28.16938402353303,
            51.93174312975853,
            36.40138181691796,
            90.18090967470242,
            74.79591144174907,
            7.791598246748672,
            13.971978425006771,
            0.0,
            22.167714137903026,
            61.536250806312275,
            99.38286600300249,
            13.632808391606755,
            45.86658226771843,
            97.18831848907635,
            89.52905301970935,
            66.89963746318494,
            27.946530497252187,
            54.34899988218497,
            78.59007406636378,
            85.66143279012223,
            45.4541680771626
        ],
        [
            42.80060262551664,
            63.23351566433803,
            6.0155559764491935,
            41.28598102033322,
            35.342667832523325,
            76.37560174400565,
            65.06775385145399,
            14.38476089298519,
            10.748480661209005,
            22.167714137903026,
            0.0,
            40.21427376604339,
            77.31817671620483,
            23.411938157739964,
            33.2902837657338,
            75.02176398742512,
            67.40859749930594,
            52.22359477176687,
            21.557113379335487,
            41.72240456783882,
            68.84910253310677,
            64.8097786424523,
            42.80060262551664
        ],
        [
            70.99554627356396,
            30.986247093430222,
            34.45022049951368,
            59.54155310137347,
            67.09323785563474,
            78.21702048435436,
            77.79788037978143,
            54.04487091462095,
            50.82079036619289,
            61.536250806312275,
            40.21427376604339,
            0.0,
            44.79447464424433,
            57.10591645403894,
            52.10352075540053,
            39.87925966318322,
            30.576687695686875,
            58.22435314436624,
            54.375077842438415,
            56.29817375893128,
            80.76428722675054,
            44.55914734346566,
            70.99554627356396
        ],
        [
            89.36384622473763,
            14.355107913841737,
            71.41505555604063,
            72.63198960373353,
            89.95718817869943,
            66.73019972884534,
            78.42794158489346,
            91.60063982199428,
            86.19578746845959,
            99.38286600300249,
            77.31817671620483,
            44.79447464424433,
            0.0,
            98.54316594136196,
            69.35733501186404,
            7.787763502856657,
            16.596174672601574,
            60.06205917050977,
            81.80559161432322,
            67.58962776882551,
            79.60820425520456,
            24.0348641364447,
            89.36384622473763
        ],
        [
            57.3245586488812,
            84.22068072906445,
            28.33757886772903,
            61.20044819869135,
            48.415465814838974,
            98.34549606241076,
            84.79106898440982,
            14.459477277771217,
            21.217537234832783,
            13.632808391606755,
            23.411938157739964,
            57.10591645403894,
            98.54316594136196,
            0.0,
            54.1074387856534,
            95.33373242144661,
            86.86504710617133,
            74.40002278922576,
            37.75187728039788,
            62.761121743851895,
            88.61587243304852,
            87.86165399289644,
            57.3245586488812
        ],
        [
            20.45616568712799,
            58.28055671863103,
            32.200199813079465,
            8.421481227655498,
            20.927337255387677,
            44.419360923660655,
            31.838945485435428,
            40.29526445372662,
            33.11006225621576,
            45.86658226771843,
            33.2902837657338,
            52.10352075540053,
            69.35733501186404,
            54.1074387856534,
            0.0,
            70.54061152365682,
            66.63994604636227,
            21.12599475468731,
            18.34731726932752,
            8.653688920542507,
            35.595763379540685,
            48.68998692162172,
            20.45616568712799
        ],
        [
            90.8654012290025,
            12.44832239134265,
            69.03166189958897,
            74.61995622087024,
            90.68489659005681,
            72.32203556706186,
            82.53638596114138,
            89.400271207312,
            84.42527342424374,
            97.18831848907635,
            75.02176398742512,
            39.87925966318322,
            7.787763502856657,
            95.33373242144661,
            70.54061152365682,
            0.0,
            9.805355270271733,
            63.44848777525423,
            81.53852327144112,
            69.71246512325772,
            84.00521562872139,
            28.804333451722563,
            90.8654012290025
        ],
        [
            87.096061264018,
            10.339027646461446,
            61.39304747358445,
            71.63824799648211,
            86.0133584715633,
            74.49691139340861,
            82.28718158666237,
            81.77560514503965,
            77.21890427258107,
            89.52905301970935,
            67.40859749930594,
            30.576687695686875,
            16.596174672601574,
            86.86504710617133,
            66.63994604636227,
            9.805355270271733,
            0.0,
            62.488969343927636,
            75.85825006823312,
            66.97758018271395,
            84.16112516776805,
            31.249646422301804,
            87.096061264018
        ],
        [
            34.18122889114955,
            52.56330563615068,
            49.636860675220106,
            17.546995724486486,
            38.967007844459275,
            24.16122554143001,
            20.17718332720428,
            61.02215569513015,
            53.80158895410509,
            66.89963746318494,
            52.22359477176687,
            58.22435314436624,
            60.06205917050977,
            74.40002278922576,
            21.12599475468731,
            63.44848777525423,
            62.488969343927636,
            0.0,
            39.45866206385713,
            13.242092450056653,
            22.726060399874633,
            36.4413562182891,
            34.18122889114955
        ],
        [
            21.29405705925817,
            69.09962505489881,
            23.828384540071387,
            23.98810496470153,
            13.979466970419058,
            62.31347963715176,
            47.15606095203338,
            23.35590451457875,
            16.65817017308097,
            27.946530497252187,
            21.557113379335487,
            54.375077842438415,
            81.80559161432322,
            37.75187728039788,
            18.34731726932752,
            81.53852327144112,
            75.85825006823312,
            39.45866206385713,
            0.0,
            26.566671100308486,
            50.97463064132987,
            63.76454432202343,
            21.29405705925817
        ],
        [
            22.436107932062853,
            57.85561482064632,
            40.21280679420356,
            5.1427913229603,
            26.011997153913605,
            35.84374915428898,
            23.860783940133327,
            48.91986619112713,
            41.74657058076534,
            54.34899988218497,
            41.72240456783882,
            56.29817375893128,
            67.58962776882551,
            62.761121743851895,
            8.653688920542507,
            69.71246512325772,
            66.97758018271395,
            13.242092450056653,
            26.566671100308486,
            0.0,
            27.51599454829665,
            45.358543192187625,
            22.436107932062853
        ],
        [
            35.5939467061493,
            73.9824075608724,
            67.6834285444643,
            27.63538489371708,
            43.893773198749024,
            19.48926873093554,
            3.8251693545768912,
            74.30593600794224,
            67.40091777896971,
            78.59007406636378,
            68.84910253310677,
            80.76428722675054,
            79.60820425520456,
            88.61587243304852,
            35.595763379540685,
            84.00521562872139,
            84.16112516776805,
            22.726060399874633,
            50.97463064132987,
            27.51599454829665,
            0.0,
            55.58288708026531,
            35.5939467061493
        ],
        [
            67.69445137007058,
            21.127815258736323,
            59.52969375871251,
            50.49761716266542,
            69.61666057643116,
            43.62858809222951,
            54.40184936530427,
            78.16039821693572,
            71.77024270730689,
            85.66143279012223,
            64.8097786424523,
            44.55914734346566,
            24.0348641364447,
            87.86165399289644,
            48.68998692162172,
            28.804333451722563,
            31.249646422301804,
            36.4413562182891,
            63.76454432202343,
            45.358543192187625,
            55.58288708026531,
            0.0,
            67.69445137007058
        ],
        [
            0.0,
            78.66823739592232,
            44.46039980742003,
            17.312285069528052,
            9.06034650904206,
            51.58846934392575,
            32.111909314630694,
            42.97523176415414,
            37.15726933977659,
            45.4541680771626,
            42.80060262551664,
            70.99554627356396,
            89.36384622473763,
            57.3245586488812,
            20.45616568712799,
            90.8654012290025,
            87.096061264018,
            34.18122889114955,
            21.29405705925817,
            22.436107932062853,
            35.5939467061493,
            67.69445137007058,
            0.0
        ]
    ],
    "scores_ave": [
        0,
        11.205172888603837,
        19.332573018497406,
        14.735318942094676,
        15.875598815155625,
        17.253793423475997,
        18.51647042379726,
        17.318142091783095,
        19.22030707246881,
        13.93392163308037,
        18.30529367164715,
        18.565003303100593,
        13.292102312662628,
        15.969481437110524,
        14.60906641931097,
        11.308808891064345,
        16.649390661704714,
        10.712387151825823,
        19.164392519142762,
        13.048435671180313,
        18.42922739529297,
        13.72321708705558,
        0
    ],
    "scores_var": [
        0,
        329.46867820561243,
        346.67649292428786,
        24.241525877123344,
        377.4321218718427,
        320.26149168112715,
        17.9479784637814,
        20.187935687830354,
        292.24495297341616,
        21.74058040549842,
        268.33488132643356,
        16.22258520381394,
        21.995934384253644,
        18.392594205396257,
        23.056495315084184,
        256.04350090827893,
        19.358482332021843,
        319.34950000248205,
        21.149608901855544,
        19.01471492489083,
        295.4200664462586,
        22.353711224495978,
        0
    ],
    "vertex_number": 23,
    "minimum_distances": {
        "cost": 362.9646600781976,
        "path": [
            0,
            4,
            18,
            9,
            13,
            7,
            8,
            10,
            2,
            11,
            16,
            15,
            12,
            1,
            21,
            17,
            5,
            20,
            6,
            19,
            3,
            14,
            22
        ]
    }
}