{
    "vertices": [
        [
            27.44205606717398,
            60.909827221249444
        ],
        [
            80.96708735852546,
            31.850386247036656
        ],
        [
            3.1416095881167116,
            59.5863542722069
        ],
        [
            9.62266474855804,
            26.674373990121246
        ],
        [
            53.83805156513167,
            56.825927239288454
        ],
        [
            97.93727551213861,
            37.57112084933462
        ],
        [
            91.45364945092744,
            9.478139000909202
        ],
        [
            75.51366233016395,
            50.02543058295632
        ],
        [
            10.837333896009117,
            8.968111052234262
        ],
        [
            12.057828908287927,
            22.440285596289034
        ],
        [
            88.85942461696663,
            72.05490657543851
        ],
        [
            57.01109544079244,
            6.855153704029293
        ],
        [
            7.054068998555286,
            4.061017072052064
        ],
        [
            79.10701734000726,
            25.947081317832488
        ],
        [
            30.657618363041582,
            25.04824531005592
        ],
        [
            23.4529097188959,
            22.6537051312557
        ],
        [
            85.83539236744502,
            81.45427140489977
        ],
        [
            50.74783127003791,
            83.27306287779876
        ],
        [
            27.44205606717398,
            60.909827221249444
        ]
    ],
    "distances": [
        [
            0.0,
            60.90468031665475,
            24.336459884880014,
            38.59529718640253,
            26.710050868369077,
            74.25813881123185,
            82.11396130209086,
            49.28843088275,
            54.53126329880967,
            41.43163137158334,
            62.42039693395286,
            61.61360092164603,
            60.39418210465019,
            62.38318543029253,
            36.00545650386685,
            38.463543335897796,
            61.9019863258981,
            32.29974406766695,
            0.0
        ],
        [
            60.90468031665475,
            0.0,
            82.62014834461176,
            71.53193510896634,
            36.87495397874947,
            17.908492129684213,
            24.708003386750207,
            18.975565371092507,
            73.76842711352867,
            69.54880225006634,
            40.971849387571666,
            34.62154240702606,
            78.9644434047684,
            6.1894159305185275,
            50.76723147793371,
            58.24482443194612,
            49.842209184729604,
            59.64474084454991,
            60.90468031665475
        ],
        [
            24.336459884880014,
            82.62014834461176,
            0.0,
            33.544038547573216,
            50.77153913890056,
            97.31849146304272,
            101.53742966219592,
            73.00085807639073,
            51.199909368077904,
            38.20116994335907,
            86.61990885390351,
            75.38236544041985,
            55.66300755285531,
            83.08034580940247,
            44.158936916361064,
            42.14937111714947,
            85.53635198017892,
            53.17341918096338,
            24.336459884880014
        ],
        [
            38.59529718640253,
            71.53193510896634,
            33.544038547573216,
            0.0,
            53.517441966863466,
            88.98432202605423,
            83.61830275223012,
            69.90633309150883,
            17.747877855207356,
            4.884416957183079,
            91.31186588921994,
            51.36598929468157,
            22.758769633504347,
            69.48815877316078,
            21.09771475889285,
            14.402827986621476,
            93.85742917789896,
            69.9620676168419,
            38.59529718640253
        ],
        [
            26.710050868369077,
            36.87495397874947,
            50.77153913890056,
            53.517441966863466,
            0.0,
            48.11952952640827,
            60.471036499900414,
            22.717369055635995,
            64.33842001676335,
            54.11062147542029,
            38.18924432424236,
            50.071413153105894,
            70.51862711189327,
            39.90017239026483,
            39.33387283540781,
            45.72742731464991,
            40.378028118757705,
            26.627062266685964,
            26.710050868369077
        ],
        [
            74.25813881123185,
            17.908492129684213,
            97.31849146304272,
            88.98432202605423,
            48.11952952640827,
            0.0,
            28.831459138197925,
            25.65011226244072,
            91.67623464664213,
            87.20218761268806,
            35.65864348063203,
            51.170527190011725,
            96.86425698550978,
            22.1290966345001,
            68.43518596359849,
            75.96347832562418,
            45.52127500773915,
            65.69255020968076,
            74.25813881123185
        ],
        [
            82.11396130209086,
            24.708003386750207,
            101.53742966219592,
            83.61830275223012,
            60.471036499900414,
            28.831459138197925,
            0.0,
            43.56794743902511,
            80.61792891260974,
            80.44696118561058,
            62.63051845997925,
            34.54228681788042,
            84.57324866959142,
            20.583133520447074,
            62.75815171368031,
            69.26540368003805,
            72.19507218981694,
            84.27724736707744,
            82.11396130209086
        ],
        [
            49.28843088275,
            18.975565371092507,
            73.00085807639073,
            69.90633309150883,
            22.717369055635995,
            25.65011226244072,
            43.56794743902511,
            0.0,
            76.60764287439261,
            69.19236243401676,
            25.756692014293954,
            46.968263618095236,
            82.45873652033868,
            24.345001613474075,
            51.34125499573621,
            58.81779761819486,
            33.08035892147438,
            41.457827262312655,
            49.28843088275
        ],
        [
            54.53126329880967,
            73.76842711352867,
            51.199909368077904,
            17.747877855207356,
            64.33842001676335,
            91.67623464664213,
            80.61792891260974,
            76.60764287439261,
            0.0,
            13.527346192822701,
            100.3363862706641,
            46.22208177862443,
            6.19618145430286,
            70.34937888015632,
            25.522821045167753,
            18.61312006727384,
            104.3022157825866,
            84.3449682342807,
            54.53126329880967
        ],
        [
            41.43163137158334,
            69.54880225006634,
            38.20116994335907,
            4.884416957183079,
            54.11062147542029,
            87.20218761268806,
            80.44696118561058,
            69.19236243401676,
            13.527346192822701,
            0.0,
            91.43355903771872,
            47.57827769099594,
            19.04823153786869,
            67.140831731405,
            18.78173638484462,
            11.397079212596157,
            94.47634302294337,
            72.09398778354534,
            41.43163137158334
        ],
        [
            62.42039693395286,
            40.971849387571666,
            86.61990885390351,
            91.31186588921994,
            38.18924432424236,
            35.65864348063203,
            62.63051845997925,
            25.756692014293954,
            100.3363862706641,
            91.43355903771872,
            0.0,
            72.56255126307774,
            106.37332944706333,
            47.127921635497806,
            74.81361142558117,
            81.96640101431976,
            9.87384576765609,
            39.728334702902494,
            62.42039693395286
        ],
        [
            61.61360092164603,
            34.62154240702606,
            75.38236544041985,
            51.36598929468157,
            50.071413153105894,
            51.170527190011725,
            34.54228681788042,
            46.968263618095236,
            46.22208177862443,
            47.57827769099594,
            72.56255126307774,
            0.0,
            50.03510458136906,
            29.201566132433754,
            32.023340492097574,
            37.09105089026217,
            79.97417367540699,
            76.67415027610765,
            61.61360092164603
        ],
        [
            60.39418210465019,
            78.9644434047684,
            55.66300755285531,
            22.758769633504347,
            70.51862711189327,
            96.86425698550978,
            84.57324866959142,
            82.45873652033868,
            6.19618145430286,
            19.04823153786869,
            106.37332944706333,
            50.03510458136906,
            0.0,
            75.30356680042703,
            31.584668618109767,
            24.791329658530923,
            110.4364646662615,
            90.46376657075777,
            60.39418210465019
        ],
        [
            62.38318543029253,
            6.1894159305185275,
            83.08034580940247,
            69.48815877316078,
            39.90017239026483,
            22.1290966345001,
            20.583133520447074,
            24.345001613474075,
            70.34937888015632,
            67.140831731405,
            47.127921635497806,
            29.201566132433754,
            75.30356680042703,
            0.0,
            48.45773588807136,
            55.751466544016196,
            55.91349731390149,
            63.957107473405465,
            62.38318543029253
        ],
        [
            36.00545650386685,
            50.76723147793371,
            44.158936916361064,
            21.09771475889285,
            39.33387283540781,
            68.43518596359849,
            62.75815171368031,
            51.34125499573621,
            25.522821045167753,
            18.78173638484462,
            74.81361142558117,
            32.023340492097574,
            31.584668618109767,
            48.45773588807136,
            0.0,
            7.5922097781157305,
            78.9064415868136,
            61.59339279050455,
            36.00545650386685
        ],
        [
            38.463543335897796,
            58.24482443194612,
            42.14937111714947,
            14.402827986621476,
            45.72742731464991,
            75.96347832562418,
            69.26540368003805,
            58.81779761819486,
            18.61312006727384,
            11.397079212596157,
            81.96640101431976,
            37.09105089026217,
            24.791329658530923,
            55.751466544016196,
            7.5922097781157305,
            0.0,
            85.72677957031713,
            66.48096927757874,
            38.463543335897796
        ],
        [
            61.9019863258981,
            49.842209184729604,
            85.53635198017892,
            93.85742917789896,
            40.378028118757705,
            45.52127500773915,
            72.19507218981694,
            33.08035892147438,
            104.3022157825866,
            94.47634302294337,
            9.87384576765609,
            79.97417367540699,
            110.4364646662615,
            55.91349731390149,
            78.9064415868136,
            85.72677957031713,
            0.0,
            35.13466872173647,
            61.9019863258981
        ],
        [
            32.29974406766695,
            59.64474084454991,
            53.17341918096338,
            69.9620676168419,
            26.627062266685964,
            65.69255020968076,
            84.27724736707744,
            41.457827262312655,
            84.3449682342807,
            72.09398778354534,
            39.728334702902494,
            76.67415027610765,
            90.46376657075777,
            63.957107473405465,
            61.59339279050455,
            66.48096927757874,
            35.13466872173647,
            0.0,
            32.29974406766695
        ],
        [
            0.0,
            60.90468031665475,
            24.336459884880014,
            38.59529718640253,
            26.710050868369077,
            74.25813881123185,
            82.11396130209086,
            49.28843088275,
            54.53126329880967,
            41.43163137158334,
            62.42039693395286,
            61.61360092164603,
            60.39418210465019,
            62.38318543029253,
            36.00545650386685,
            38.463543335897796,
            61.9019863258981,
            32.29974406766695,
            0.0
        ]
    ],
    "scores_ave": [
        0,
        12.597572131769185,
        10.404101951074804,
        16.02603925865719,
        17.571270693448014,
        10.849188987358703,
        14.885234768731568,
        10.763347641851986,
        11.008482935756161,
        11.99351808345828,
        14.51570568041358,
        19.533255801183994,
        15.334466108526318,
        17.201236749138733,
        13.40109789003948,
        10.19863672207388,
        11.270657237743222,
        17.981827528476828,
        0
    ],
    "scores_var": [
        0,
        242.8947864524001,
        227.0723676524753,
        254.95536772664516,
        21.084539880073145,
        286.60680687328585,
        249.15883999887848,
        229.57630520023966,
        17.1215290456008,
        21.978542129191297,
        23.07539187043627,
        239.46944946870642,
        290.29523482145316,
        16.3492166798325,
        19.293237232876628,
        23.362100929777903,
        297.38994656594036,
        344.7320889023094,
        0
    ],
    "vertex_number": 19,
    "minimum_distances": {
        "cost": 381.008142250226,
        "path": [
            0,
            4,
            17,
            16,
            10,
            7,
            1,
            13,
            5,
            6,
            11,
            14,
            15,
            8,
            12,
            9,
            3,
            2,
            18
        ]
    }
}