{
    "vertices": [
        [
            53.65247580745957,
            12.144309311903278
        ],
        [
            60.158353933503925,
            76.92415703593076
        ],
        [
            12.653662538935084,
            66.1602420068106
        ],
        [
            62.89929716766527,
            87.32268634141538
        ],
        [
            92.85771632254244,
            14.398506809480228
        ],
        [
            44.49109671109148,
            9.98502645903352
        ],
        [
            75.20201839898837,
            84.68783423122741
        ],
        [
            6.832808738782569,
            46.00176850647956
        ],
        [
            24.229721816598428,
            29.9695097593936
        ],
        [
            53.38955151490525,
            54.47692537773917
        ],
        [
            62.84369345254963,
            72.22782524812324
        ],
        [
            35.74320807082617,
            24.828722696379646
        ],
        [
            11.564696587772483,
            2.0868591389467617
        ],
        [
            1.801253419962956,
            72.31482634882667
        ],
        [
            93.31758888274736,
            92.41387911396174
        ],
        [
            80.69943035356371,
            46.359151761214804
        ],
        [
            57.5466409463438,
            24.575842881651745
        ],
        [
            79.45252139872227,
            84.72661169791486
        ],
        [
            54.0282603713879,
            86.97648387064763
        ],
        [
            29.62153089122559,
            76.46606866956367
        ],
        [
            39.8992153899764,
            96.76642266288923
        ],
        [
            65.77926162236068,
            8.921565886328942
        ],
        [
            53.65247580745957,
            12.144309311903278
        ]
    ],
    "distances": [
        [
            0.0,
            65.10572264662403,
            67.81315266471614,
            75.74491453595434,
            39.2699922358482,
            9.41240507979058,
            75.6765868259445,
            57.7789647495882,
            34.401107880414905,
            42.33343255821671,
            60.78245938638394,
            21.946211831901678,
            43.27277970764794,
            79.42946797988967,
            89.535049178983,
            43.614139840769916,
            13.02718500001763,
            77.03137654336481,
            74.83311809104892,
            68.66421950646381,
            85.73245733150442,
            12.547709328302494,
            0.0
        ],
        [
            65.10572264662403,
            0.0,
            48.70890648790364,
            10.753705479039176,
            70.55994073757503,
            68.74816471196984,
            16.92886659356877,
            61.64258173276494,
            59.12364591815995,
            23.445573042656605,
            5.409859572458422,
            57.53289169268578,
            89.22984192945925,
            58.53885128468617,
            36.598720639849795,
            36.82601482563855,
            52.4134242300805,
            20.812092564857753,
            11.774010441317992,
            30.54025878192295,
            28.357506937963006,
            68.23450011765713,
            65.10572264662403
        ],
        [
            67.81315266471614,
            48.70890648790364,
            0.0,
            54.52038930032594,
            95.4566261396365,
            64.56993926360477,
            65.23471847436863,
            20.98204929996827,
            37.997029476055154,
            42.37820829291518,
            50.55546231120671,
            47.34365428838166,
            64.08263601768157,
            12.476124883494021,
            84.82878329054329,
            70.86825588651507,
            61.19347809112159,
            69.33107260439957,
            46.31601527691011,
            19.852421001564863,
            40.97631565320883,
            78.09350371188546,
            67.81315266471614
        ],
        [
            75.74491453595434,
            10.753705479039176,
            54.52038930032594,
            0.0,
            78.8380798768287,
            79.49827344120361,
            12.58170876066563,
            69.64818285833131,
            69.17169162222655,
            34.19472584570819,
            15.094963504391767,
            68.13918598796519,
            99.5006907291915,
            62.914281457816,
            30.84141233327456,
            44.6638098099458,
            62.97473535305832,
            16.75556134536468,
            8.87778970192878,
            35.003940858453475,
            24.863385077054573,
            78.45399852061897,
            75.74491453595434
        ],
        [
            39.2699922358482,
            70.55994073757503,
            95.4566261396365,
            78.8380798768287,
            0.0,
            48.56756841187926,
            72.47284469764777,
            91.64633584974061,
            70.37227978951721,
            56.24958371592961,
            65.15421429131372,
            58.059077294448066,
            82.22002022598298,
            107.91468623552828,
            78.01672768437862,
            34.19512748088976,
            36.74847226415686,
            71.59428460529708,
            82.31214614960537,
            88.60698269978036,
            97.92382949547503,
            27.626791178591212,
            39.2699922358482
        ],
        [
            9.41240507979058,
            68.74816471196984,
            64.56993926360477,
            79.49827344120361,
            48.56756841187926,
            0.0,
            80.76924043204497,
            52.109042984088795,
            28.458792760719213,
            45.37302686936191,
            64.89209357274343,
            17.229651001952604,
            33.860432249116194,
            75.54751269580468,
            95.80470806696631,
            51.32368280495245,
            19.579048985003734,
            82.51427622060226,
            77.57990722505194,
            68.12365933410811,
            86.90279685463402,
            21.314711203276726,
            9.41240507979058
        ],
        [
            75.6765868259445,
            16.92886659356877,
            65.23471847436863,
            12.58170876066563,
            72.47284469764777,
            80.76924043204497,
            0.0,
            78.55546136851778,
            74.78148201184574,
            37.262349970486255,
            17.549359513691854,
            71.69456706233204,
            104.27190327935816,
            74.43630581620823,
            19.694305356677727,
            38.72091731978156,
            62.651128138340894,
            4.250679880050902,
            21.297087739486674,
            46.316069245956946,
            37.31193105153604,
            76.34995588854422,
            75.6765868259445
        ],
        [
            57.7789647495882,
            61.64258173276494,
            20.98204929996827,
            69.64818285833131,
            91.64633584974061,
            52.109042984088795,
            78.55546136851778,
            0.0,
            23.65768173702983,
            47.321861564339486,
            61.84678858788723,
            35.83446746380943,
            44.16910716070722,
            26.789803320312878,
            98.15141979406658,
            73.86748615982553,
            55.05418300235985,
            82.29967282446181,
            62.5007036278807,
            38.04470320251867,
            60.58413456047711,
            69.63925426013203,
            57.7789647495882
        ],
        [
            34.401107880414905,
            59.12364591815995,
            37.997029476055154,
            69.17169162222655,
            70.37227978951721,
            28.458792760719213,
            74.78148201184574,
            23.65768173702983,
            0.0,
            38.090800573426975,
            57.24337545469389,
            12.609046647290302,
            30.624256230457288,
            47.91828494090947,
            93.12589671965364,
            58.800070979529195,
            33.75068506987736,
            77.76823134412294,
            64.32532936038852,
            46.80813599775308,
            68.61020771199657,
            46.57660570881375,
            34.401107880414905
        ],
        [
            42.33343255821671,
            23.445573042656605,
            42.37820829291518,
            34.19472584570819,
            56.24958371592961,
            45.37302686936191,
            37.262349970486255,
            47.321861564339486,
            38.090800573426975,
            0.0,
            20.11156995327633,
            34.50230947605344,
            67.03758296792,
            54.58519223550423,
            55.07686108369001,
            28.490835906855107,
            30.188675475727717,
            39.9289609385691,
            32.5058341107766,
            32.37964217029045,
            44.38908367373981,
            47.21012280156029,
            42.33343255821671
        ],
        [
            60.78245938638394,
            5.409859572458422,
            50.55546231120671,
            15.094963504391767,
            65.15421429131372,
            64.89209357274343,
            17.549359513691854,
            61.84678858788723,
            57.24337545469389,
            20.11156995327633,
            0.0,
            54.59955339227339,
            86.8866540165201,
            61.0425020319733,
            36.553181439720944,
            31.43271557232234,
            47.945491849682924,
            20.786361597524948,
            17.18239772477065,
            33.49141371382259,
            33.594520931959494,
            63.374285280880095,
            60.78245938638394
        ],
        [
            21.946211831901678,
            57.53289169268578,
            47.34365428838166,
            68.13918598796519,
            58.059077294448066,
            17.229651001952604,
            71.69456706233204,
            35.83446746380943,
            12.609046647290302,
            34.50230947605344,
            54.59955339227339,
            0.0,
            33.19326400945007,
            58.36939545354396,
            88.78379747377984,
            49.84597574178688,
            21.804899297128152,
            74.15026081165479,
            64.78184434398366,
            51.998946437841866,
            72.05765103934753,
            33.988264897317,
            21.946211831901678
        ],
        [
            43.27277970764794,
            89.22984192945925,
            64.08263601768157,
            99.5006907291915,
            82.22002022598298,
            33.860432249116194,
            104.27190327935816,
            44.16910716070722,
            30.624256230457288,
            67.03758296792,
            86.8866540165201,
            33.19326400945007,
            0.0,
            70.90340048913743,
            121.82982367286147,
            82.09535496542154,
            51.18684984226317,
            106.94898531809305,
            94.91787311299267,
            76.53963728331729,
            98.82846100611252,
            54.64368470566663,
            43.27277970764794
        ],
        [
            79.42946797988967,
            58.53885128468617,
            12.476124883494021,
            62.914281457816,
            107.91468623552828,
            75.54751269580468,
            74.43630581620823,
            26.789803320312878,
            47.91828494090947,
            54.58519223550423,
            61.0425020319733,
            58.36939545354396,
            70.90340048913743,
            0.0,
            93.69744702281153,
            83.05792777780921,
            73.39317933531412,
            78.6369622649612,
            54.24596258148028,
            28.128289165598417,
            45.26958436494053,
            90.06603691521099,
            79.42946797988967
        ],
        [
            89.535049178983,
            36.598720639849795,
            84.82878329054329,
            30.84141233327456,
            78.01672768437862,
            95.80470806696631,
            19.694305356677727,
            98.15141979406658,
            93.12589671965364,
            55.07686108369001,
            36.553181439720944,
            88.78379747377984,
            121.82982367286147,
            93.69744702281153,
            0.0,
            47.75202441994964,
            76.69132855887358,
            15.85352253167686,
            39.66379459791433,
            65.66216918157484,
            53.59540336594628,
            87.91658453557726,
            89.535049178983
        ],
        [
            43.614139840769916,
            36.82601482563855,
            70.86825588651507,
            44.6638098099458,
            34.19512748088976,
            51.32368280495245,
            38.72091731978156,
            73.86748615982553,
            58.800070979529195,
            28.490835906855107,
            31.43271557232234,
            49.84597574178688,
            82.09535496542154,
            83.05792777780921,
            47.75202441994964,
            0.0,
            31.789372486375466,
            38.38771631571677,
            48.591346718382674,
            59.29062539062093,
            64.8502158888444,
            40.301169599740184,
            43.614139840769916
        ],
        [
            13.02718500001763,
            52.4134242300805,
            61.19347809112159,
            62.97473535305832,
            36.74847226415686,
            19.579048985003734,
            62.651128138340894,
            55.05418300235985,
            33.75068506987736,
            30.188675475727717,
            47.945491849682924,
            21.804899297128152,
            51.18684984226317,
            73.39317933531412,
            76.69132855887358,
            31.789372486375466,
            0.0,
            64.01548709165172,
            62.499751981170135,
            58.927135548157636,
            74.31629321971558,
            17.68706961148379,
            13.02718500001763
        ],
        [
            77.03137654336481,
            20.812092564857753,
            69.33107260439957,
            16.75556134536468,
            71.59428460529708,
            82.51427622060226,
            4.250679880050902,
            82.29967282446181,
            77.76823134412294,
            39.9289609385691,
            20.786361597524948,
            74.15026081165479,
            106.94898531809305,
            78.6369622649612,
            15.85352253167686,
            38.38771631571677,
            64.01548709165172,
            0.0,
            25.523615997340002,
            50.51103034072326,
            41.34514559526679,
            77.02832598082675,
            77.03137654336481
        ],
        [
            74.83311809104892,
            11.774010441317992,
            46.31601527691011,
            8.87778970192878,
            82.31214614960537,
            77.57990722505194,
            21.297087739486674,
            62.5007036278807,
            64.32532936038852,
            32.5058341107766,
            17.18239772477065,
            64.78184434398366,
            94.91787311299267,
            54.24596258148028,
            39.66379459791433,
            48.591346718382674,
            62.499751981170135,
            25.523615997340002,
            0.0,
            26.573619844067174,
            17.189322663868595,
            78.93450609169021,
            74.83311809104892
        ],
        [
            68.66421950646381,
            30.54025878192295,
            19.852421001564863,
            35.003940858453475,
            88.60698269978036,
            68.12365933410811,
            46.316069245956946,
            38.04470320251867,
            46.80813599775308,
            32.37964217029045,
            33.49141371382259,
            51.998946437841866,
            76.53963728331729,
            28.128289165598417,
            65.66216918157484,
            59.29062539062093,
            58.927135548157636,
            50.51103034072326,
            26.573619844067174,
            0.0,
            22.753794648589754,
            76.61358461695728,
            68.66421950646381
        ],
        [
            85.73245733150442,
            28.357506937963006,
            40.97631565320883,
            24.863385077054573,
            97.92382949547503,
            86.90279685463402,
            37.31193105153604,
            60.58413456047711,
            68.61020771199657,
            44.38908367373981,
            33.594520931959494,
            72.05765103934753,
            98.82846100611252,
            45.26958436494053,
            53.59540336594628,
            64.8502158888444,
            74.31629321971558,
            41.34514559526679,
            17.189322663868595,
            22.753794648589754,
            0.0,
            91.57781202389985,
            85.73245733150442
        ],
        [
            12.547709328302494,
            68.23450011765713,
            78.09350371188546,
            78.45399852061897,
            27.626791178591212,
            21.314711203276726,
            76.34995588854422,
            69.63925426013203,
            46.57660570881375,
            47.21012280156029,
            63.374285280880095,
            33.988264897317,
            54.64368470566663,
            90.06603691521099,
            87.91658453557726,
            40.301169599740184,
            17.68706961148379,
            77.02832598082675,
            78.93450609169021,
            76.61358461695728,
            91.57781202389985,
            0.0,
            12.547709328302494
        ],
        [
            0.0,
            65.10572264662403,
            67.81315266471614,
            75.74491453595434,
            39.2699922358482,
            9.41240507979058,
            75.6765868259445,
            57.7789647495882,
            34.401107880414905,
            42.33343255821671,
            60.78245938638394,
            21.946211831901678,
            43.27277970764794,
            79.42946797988967,
            89.535049178983,
            43.614139840769916,
            13.02718500001763,
            77.03137654336481,
            74.83311809104892,
            68.66421950646381,
            85.73245733150442,
            12.547709328302494,
            0.0
        ]
    ],
    "scores_ave": [
        0,
        10.351114855377881,
        12.611340077941051,
        11.096592229759231,
        14.866973116893877,
        10.159351825505814,
        16.18684662482464,
        12.192546466004032,
        17.78016419867562,
        13.754789445577329,
        16.425151437918366,
        13.369314756987558,
        16.50409769980864,
        14.145105136677689,
        16.567426040112892,
        10.620271867110114,
        18.79831806740181,
        17.254970274701286,
        14.164260258795725,
        17.097086340074583,
        14.171744148755346,
        10.516888887317362,
        0
    ],
    "scores_var": [
        0,
        16.074773016663727,
        239.44188980937733,
        362.3427137707765,
        21.285315545755367,
        289.7021078042724,
        19.644329036253904,
        16.436580580501623,
        343.36535668619194,
        372.9486824096664,
        368.72271848998776,
        17.7225363229104,
        16.541652305398603,
        18.082050864290057,
        398.3779884355258,
        24.673242494450427,
        20.768649626448926,
        286.4127059630172,
        17.814227170117412,
        17.673793891813894,
        17.032034449758033,
        23.115712339710072,
        0
    ],
    "vertex_number": 23,
    "minimum_distances": {
        "cost": 437.4737902574071,
        "path": [
            0,
            16,
            21,
            4,
            15,
            9,
            10,
            1,
            17,
            14,
            6,
            3,
            18,
            20,
            19,
            2,
            13,
            7,
            12,
            8,
            11,
            5,
            22
        ]
    }
}