{
    "vertices": [
        [
            28.3014329109718,
            11.83810730734638
        ],
        [
            60.73564591439112,
            22.408808065749998
        ],
        [
            69.89120452437474,
            18.27420650138737
        ],
        [
            48.55742005004574,
            64.15597952443423
        ],
        [
            8.904018114559186,
            21.238338942289346
        ],
        [
            6.891601767165678,
            94.21719529152823
        ],
        [
            97.71903930516498,
            64.60627762988321
        ],
        [
            8.355691217339501,
            44.911592739310514
        ],
        [
            20.605989503455845,
            84.66160953094779
        ],
        [
            56.04767043841564,
            67.90923918726087
        ],
        [
            32.68277336381945,
            2.8254581787482635
        ],
        [
            69.85330702675007,
            18.508429977693986
        ],
        [
            79.05914746869236,
            56.70626592782746
        ],
        [
            4.297571584263493,
            73.46825989438649
        ],
        [
            30.17317316597016,
            76.82615312024062
        ],
        [
            19.06024906054945,
            36.53276568167877
        ],
        [
            28.3014329109718,
            11.83810730734638
        ]
    ],
    "distances": [
        [
            0.0,
            34.113309538578775,
            42.08482476725491,
            56.102270616275966,
            21.555139887615425,
            85.11577413565517,
            87.19681116123105,
            38.62237758511826,
            73.22897189875849,
            62.56057486328027,
            10.021177000681089,
            42.083862073959395,
            67.74582824879838,
            66.13970869677073,
            65.01499450250705,
            26.367131644953183,
            0.0
        ],
        [
            34.113309538578775,
            0.0,
            10.045854048157137,
            43.48718788337308,
            51.84484196474405,
            89.75313680365535,
            56.11058567073316,
            57.009077980000775,
            74.06619076154146,
            45.741298039153875,
            34.212150635926825,
            9.916889300058267,
            38.88529702871587,
            76.1073180130128,
            62.41243612676458,
            44.003691682195814,
            34.113309538578775
        ],
        [
            42.08482476725491,
            10.045854048157137,
            0.0,
            50.59908552271979,
            61.05917611066169,
            98.672627886084,
            54.04673166476357,
            67.05348420140902,
            82.68203977084441,
            51.52940816385185,
            40.28810214152594,
            0.23726958755678815,
            39.51043368007603,
            85.72577332536164,
            70.7520492130387,
            54.010749084840455,
            42.08482476725491
        ],
        [
            56.102270616275966,
            43.48718788337308,
            50.59908552271979,
            0.0,
            58.43215003913016,
            51.37817733802712,
            49.163681474937185,
            44.57045460699148,
            34.666458307200465,
            8.377995522622161,
            63.351694972953624,
            50.370761178948555,
            31.398305817239354,
            45.22889288831427,
            22.32742332743553,
            40.411941791829044,
            56.102270616275966
        ],
        [
            21.555139887615425,
            51.84484196474405,
            61.05917611066169,
            58.43215003913016,
            0.0,
            73.00659760321734,
            98.83767548409187,
            23.67960320031549,
            64.49377789018676,
            66.33774856074585,
            30.07429765126035,
            61.01039437552173,
            78.61116981286197,
            52.43266150310119,
            59.51791362004721,
            18.359425816589155,
            21.555139887615425
        ],
        [
            85.11577413565517,
            89.75313680365535,
            98.672627886084,
            51.37817733802712,
            73.00659760321734,
            0.0,
            95.53234977997707,
            49.32733523063422,
            16.7150725457329,
            55.75327471634919,
            94.96122442776063,
            98.46823586588728,
            81.33403023526185,
            20.910459409218365,
            29.059936589764522,
            58.95395997186664,
            85.11577413565517
        ],
        [
            87.19681116123105,
            56.11058567073316,
            54.04673166476357,
            49.163681474937185,
            98.83767548409187,
            95.53234977997707,
            0.0,
            91.50786083394593,
            79.6783457871882,
            41.802063804053994,
            89.70276216286294,
            53.86567175462256,
            20.263310396908878,
            93.8408512364621,
            68.64232942939702,
            83.51842524768053,
            87.19681116123105
        ],
        [
            38.62237758511826,
            57.009077980000775,
            67.05348420140902,
            44.57045460699148,
            23.67960320031549,
            49.32733523063422,
            91.50786083394593,
            0.0,
            41.59487520157105,
            52.94730044269001,
            48.61120907785915,
            66.92595725171422,
            71.68049275438115,
            28.843570756100085,
            38.65930266943337,
            13.593833215113737,
            38.62237758511826
        ],
        [
            73.22897189875849,
            74.06619076154146,
            82.68203977084441,
            34.666458307200465,
            64.49377789018676,
            16.7150725457329,
            79.6783457871882,
            41.59487520157105,
            0.0,
            39.20146246796838,
            82.72245388375545,
            82.47145838558453,
            64.79408084136554,
            19.78018127099297,
            12.366300190290255,
            48.15365950563007,
            73.22897189875849
        ],
        [
            62.56057486328027,
            45.741298039153875,
            51.52940816385185,
            8.377995522622161,
            66.33774856074585,
            55.75327471634919,
            41.802063804053994,
            52.94730044269001,
            39.20146246796838,
            0.0,
            69.15068304558169,
            51.29362096956293,
            25.59364540206285,
            52.04781880767696,
            27.367881963899897,
            48.5031177330935,
            62.56057486328027
        ],
        [
            10.021177000681089,
            34.212150635926825,
            40.28810214152594,
            63.351694972953624,
            30.07429765126035,
            94.96122442776063,
            89.70276216286294,
            48.61120907785915,
            82.72245388375545,
            69.15068304558169,
            0.0,
            40.34357665395553,
            71.09085397439223,
            76.13228693728493,
            74.04323699688486,
            36.35595889933722,
            10.021177000681089
        ],
        [
            42.083862073959395,
            9.916889300058267,
            0.23726958755678815,
            50.370761178948555,
            61.01039437552173,
            98.46823586588728,
            53.86567175462256,
            66.92595725171422,
            82.47145838558453,
            51.29362096956293,
            40.34357665395553,
            0.0,
            39.29150251028598,
            85.54611244163617,
            70.5370105387245,
            53.89630242537754,
            42.083862073959395
        ],
        [
            67.74582824879838,
            38.88529702871587,
            39.51043368007603,
            31.398305817239354,
            78.61116981286197,
            81.33403023526185,
            20.263310396908878,
            71.68049275438115,
            64.79408084136554,
            25.59364540206285,
            71.09085397439223,
            39.29150251028598,
            0.0,
            76.6176067915083,
            52.86443364079338,
            63.299588642992106,
            67.74582824879838
        ],
        [
            66.13970869677073,
            76.1073180130128,
            85.72577332536164,
            45.22889288831427,
            52.43266150310119,
            20.910459409218365,
            93.8408512364621,
            28.843570756100085,
            19.78018127099297,
            52.04781880767696,
            76.13228693728493,
            85.54611244163617,
            76.6176067915083,
            0.0,
            26.092569902779935,
            39.77646765369955,
            66.13970869677073
        ],
        [
            65.01499450250705,
            62.41243612676458,
            70.7520492130387,
            22.32742332743553,
            59.51791362004721,
            29.059936589764522,
            68.64232942939702,
            38.65930266943337,
            12.366300190290255,
            27.367881963899897,
            74.04323699688486,
            70.5370105387245,
            52.86443364079338,
            26.092569902779935,
            0.0,
            41.79777689598927,
            65.01499450250705
        ],
        [
            26.367131644953183,
            44.003691682195814,
            54.010749084840455,
            40.411941791829044,
            18.359425816589155,
            58.95395997186664,
            83.51842524768053,
            13.593833215113737,
            48.15365950563007,
            48.5031177330935,
            36.35595889933722,
            53.89630242537754,
            63.299588642992106,
            39.77646765369955,
            41.79777689598927,
            0.0,
            26.367131644953183
        ],
        [
            0.0,
            34.113309538578775,
            42.08482476725491,
            56.102270616275966,
            21.555139887615425,
            85.11577413565517,
            87.19681116123105,
            38.62237758511826,
            73.22897189875849,
            62.56057486328027,
            10.021177000681089,
            42.083862073959395,
            67.74582824879838,
            66.13970869677073,
            65.01499450250705,
            26.367131644953183,
            0.0
        ]
    ],
    "scores_ave": [
        0,
        15.194765221402637,
        12.329044825330577,
        15.518245145094163,
        13.412311587109063,
        19.914464164958854,
        10.329817279332183,
        19.709029534441893,
        16.428767725861704,
        18.704673278245245,
        16.656889496627272,
        12.345628067043773,
        11.318082863029657,
        15.921009673207532,
        13.624105987108734,
        14.581035293442653,
        0
    ],
    "scores_var": [
        0,
        16.47244369503213,
        246.92289768513007,
        22.263477305380988,
        18.1982838643402,
        23.136094304785985,
        261.1648761583131,
        21.017347335975227,
        20.348046347970158,
        18.275194185117105,
        338.0863620204802,
        23.895279382522055,
        20.074117658544132,
        246.80091116344116,
        331.1582484183699,
        257.62745065128587,
        0
    ],
    "vertex_number": 17,
    "minimum_distances": {
        "cost": 317.2882994966337,
        "path": [
            0,
            4,
            15,
            7,
            13,
            5,
            8,
            14,
            3,
            9,
            12,
            6,
            11,
            2,
            1,
            10,
            16
        ]
    }
}