{
    "vertices": [
        [
            88.12611803862004,
            50.03830786592586
        ],
        [
            78.02157470600264,
            73.24496731626124
        ],
        [
            60.37904941048022,
            32.4500962494379
        ],
        [
            33.69891148777827,
            58.53761531226064
        ],
        [
            83.05792737597751,
            21.104510627295404
        ],
        [
            78.04530526944173,
            77.55927827462646
        ],
        [
            52.08009770405795,
            47.529603598033475
        ],
        [
            72.36803302788589,
            96.20598097320858
        ],
        [
            59.001518537230666,
            69.9287925894665
        ],
        [
            94.56696270247797,
            0.5153955287264034
        ],
        [
            85.82012066468135,
            47.974400337556254
        ],
        [
            60.92607782015344,
            39.310916801946135
        ],
        [
            0.4248431952129983,
            66.68895754017697
        ],
        [
            65.28318666710125,
            44.48269564297901
        ],
        [
            56.27420061854811,
            86.36254990370801
        ],
        [
            9.75493418103538,
            86.71480817257438
        ],
        [
            40.14318394349503,
            42.39908860495187
        ],
        [
            88.12611803862004,
            50.03830786592586
        ]
    ],
    "distances": [
        [
            0.0,
            25.311081344039476,
            32.85186456384269,
            55.08683182027548,
            29.3743285751194,
            29.309155537541553,
            36.13321434723743,
            48.78289949712338,
            35.26859337503742,
            49.93999726013097,
            3.094727479807038,
            29.23899975932406,
            89.26789873035804,
            23.508814109088398,
            48.31143966965239,
            86.52865498771449,
            48.587237370469474,
            0.0
        ],
        [
            25.311081344039476,
            0.0,
            44.44637447713693,
            46.69908647635112,
            52.38312774119435,
            4.314376222017664,
            36.52725229473427,
            23.646790092118753,
            19.30698193612541,
            74.58780380432242,
            26.446528590626762,
            37.99704986024795,
            77.87319182710881,
            31.45687208921636,
            25.397229231516096,
            69.58283424278939,
            48.84916294298225,
            25.311081344039476
        ],
        [
            32.85186456384269,
            44.44637447713693,
            0.0,
            37.31472109540066,
            25.35850584879332,
            48.44517415652344,
            17.212325272951276,
            64.87332706967601,
            37.504003395035426,
            46.78288709969242,
            29.8035589146952,
            6.882593895814938,
            69.04206301515951,
            12.993614216114944,
            54.06849769161753,
            74.21226315687387,
            22.549339238390093,
            32.85186456384269
        ],
        [
            55.08683182027548,
            46.69908647635112,
            37.31472109540066,
            0.0,
            61.94796022313464,
            48.253769835031534,
            21.42531980200325,
            53.983393115387784,
            27.748528668376803,
            84.09219730322224,
            53.180842007853784,
            33.33143444404027,
            34.25796259054104,
            34.57032261222272,
            35.831140985966094,
            36.97659052364258,
            17.377591656096314,
            55.08683182027548
        ],
        [
            29.3743285751194,
            52.38312774119435,
            25.35850584879332,
            61.94796022313464,
            0.0,
            56.67686627273132,
            40.717459027972396,
            75.8584516668475,
            54.42904845152561,
            23.587487248300892,
            27.011491717521682,
            28.65819238120211,
            94.3724981208966,
            29.368025842662913,
            70.54062453096407,
            98.37702961219033,
            47.907559477834916,
            29.3743285751194
        ],
        [
            29.309155537541553,
            4.314376222017664,
            48.44517415652344,
            48.253769835031534,
            56.67686627273132,
            0.0,
            39.69853101936485,
            19.491817299422088,
            20.515606861445,
            78.79546327612142,
            30.589422305453873,
            41.90471457730362,
            78.37793060222107,
            35.45323666195242,
            23.483581266398744,
            68.90136799153166,
            51.69922377187375,
            29.309155537541553
        ],
        [
            36.13321434723743,
            36.52725229473427,
            17.212325272951276,
            21.42531980200325,
            40.717459027972396,
            39.69853101936485,
            0.0,
            52.7350930033719,
            23.444183368669755,
            63.3677319917485,
            33.742954724251476,
            12.074691584737772,
            55.09397573105317,
            13.550099861351944,
            39.05877901364477,
            57.67928332425102,
            12.992770844640932,
            36.13321434723743
        ],
        [
            48.78289949712338,
            23.646790092118753,
            64.87332706967601,
            53.983393115387784,
            75.8584516668475,
            19.491817299422088,
            52.7350930033719,
            0.0,
            29.481423625455502,
            98.23176991892811,
            50.07238792389932,
            58.03418532234107,
            77.76295541995651,
            52.206257223710885,
            18.865433385953796,
            63.328370485407014,
            62.71859823721293,
            48.78289949712338
        ],
        [
            35.26859337503742,
            19.30698193612541,
            37.504003395035426,
            27.748528668376803,
            54.42904845152561,
            20.515606861445,
            23.444183368669755,
            29.481423625455502,
            0.0,
            77.9943620410045,
            34.658804930655634,
            30.678302530836184,
            58.66620343324379,
            26.20998291307859,
            16.658530622265385,
            52.028803464121665,
            33.3694678579729,
            35.26859337503742
        ],
        [
            49.93999726013097,
            74.58780380432242,
            46.78288709969242,
            84.09219730322224,
            23.587487248300892,
            78.79546327612142,
            63.3677319917485,
            98.23176991892811,
            77.9943620410045,
            0.0,
            48.25830895378226,
            51.349796557792274,
            115.07249443113439,
            52.82672636295818,
            94.00036990511464,
            120.92732909506589,
            68.67453268941973,
            49.93999726013097
        ],
        [
            3.094727479807038,
            26.446528590626762,
            29.8035589146952,
            53.180842007853784,
            27.011491717521682,
            30.589422305453873,
            33.742954724251476,
            50.07238792389932,
            34.658804930655634,
            48.25830895378226,
            0.0,
            26.358477120595932,
            87.42189694451645,
            20.831650431377117,
            48.441835416153836,
            85.36235583684046,
            46.01593907709562,
            3.094727479807038
        ],
        [
            29.23899975932406,
            37.99704986024795,
            6.882593895814938,
            33.33143444404027,
            28.65819238120211,
            41.90471457730362,
            12.074691584737772,
            58.03418532234107,
            30.678302530836184,
            51.349796557792274,
            26.358477120595932,
            0.0,
            66.40750338483083,
            6.762521266857962,
            47.28103360800851,
            69.7539594461388,
            21.011080004924192,
            29.23899975932406
        ],
        [
            89.26789873035804,
            77.87319182710881,
            69.04206301515951,
            34.25796259054104,
            94.3724981208966,
            78.37793060222107,
            55.09397573105317,
            77.76295541995651,
            58.66620343324379,
            115.07249443113439,
            87.42189694451645,
            66.40750338483083,
            0.0,
            68.55452417867383,
            59.21318232527131,
            22.09265242914068,
            46.55689341748496,
            89.26789873035804
        ],
        [
            23.508814109088398,
            31.45687208921636,
            12.993614216114944,
            34.57032261222272,
            29.368025842662913,
            35.45323666195242,
            13.550099861351944,
            52.206257223710885,
            26.20998291307859,
            52.82672636295818,
            20.831650431377117,
            6.762521266857962,
            68.55452417867383,
            0.0,
            42.83788069597895,
            69.7634442445948,
            25.226199777846922,
            23.508814109088398
        ],
        [
            48.31143966965239,
            25.397229231516096,
            54.06849769161753,
            35.831140985966094,
            70.54062453096407,
            23.483581266398744,
            39.05877901364477,
            18.865433385953796,
            16.658530622265385,
            94.00036990511464,
            48.441835416153836,
            47.28103360800851,
            59.21318232527131,
            42.83788069597895,
            0.0,
            46.52060012265838,
            46.8294312194593,
            48.31143966965239
        ],
        [
            86.52865498771449,
            69.58283424278939,
            74.21226315687387,
            36.97659052364258,
            98.37702961219033,
            68.90136799153166,
            57.67928332425102,
            63.328370485407014,
            52.028803464121665,
            120.92732909506589,
            85.36235583684046,
            69.7539594461388,
            22.09265242914068,
            69.7634442445948,
            46.52060012265838,
            0.0,
            53.73386943466652,
            86.52865498771449
        ],
        [
            48.587237370469474,
            48.84916294298225,
            22.549339238390093,
            17.377591656096314,
            47.907559477834916,
            51.69922377187375,
            12.992770844640932,
            62.71859823721293,
            33.3694678579729,
            68.67453268941973,
            46.01593907709562,
            21.011080004924192,
            46.55689341748496,
            25.226199777846922,
            46.8294312194593,
            53.73386943466652,
            0.0,
            48.587237370469474
        ],
        [
            0.0,
            25.311081344039476,
            32.85186456384269,
            55.08683182027548,
            29.3743285751194,
            29.309155537541553,
            36.13321434723743,
            48.78289949712338,
            35.26859337503742,
            49.93999726013097,
            3.094727479807038,
            29.23899975932406,
            89.26789873035804,
            23.508814109088398,
            48.31143966965239,
            86.52865498771449,
            48.587237370469474,
            0.0
        ]
    ],
    "scores_ave": [
        0,
        12.71430370719662,
        17.834955770430298,
        10.523206827795397,
        19.817274237039925,
        15.71150266534727,
        14.947100278418239,
        16.70028380910035,
        17.41777259159667,
        18.316545023642014,
        13.897887900609597,
        12.252856712632038,
        17.704408666968078,
        12.212184487925754,
        13.330679399788096,
        18.122327407243382,
        17.846973667219164,
        0
    ],
    "scores_var": [
        0,
        366.4091825895763,
        371.6353076285131,
        18.97537439482284,
        278.01101040709125,
        23.38873010789795,
        397.6273361654483,
        24.84378084266796,
        23.05439464808996,
        338.4174149210186,
        23.934004874791697,
        340.76211828215565,
        20.630638580852057,
        23.230962573616907,
        20.87123663623258,
        231.11977025327172,
        20.94618385917878,
        0
    ],
    "vertex_number": 18,
    "minimum_distances": {
        "cost": 350.8852644129474,
        "path": [
            0,
            1,
            5,
            7,
            14,
            8,
            15,
            12,
            3,
            16,
            6,
            13,
            11,
            2,
            4,
            9,
            10,
            17
        ]
    }
}