{
    "vertices": [
        [
            60.5672493646609,
            41.92733855920775
        ],
        [
            55.11454766558606,
            17.598903858244974
        ],
        [
            0.5397978851675811,
            88.83162100335446
        ],
        [
            62.004043284033564,
            75.02374973132487
        ],
        [
            12.579627232864155,
            84.49141736512709
        ],
        [
            35.60136736937606,
            92.95647925500408
        ],
        [
            54.07988669286951,
            62.55276687062159
        ],
        [
            73.12831536213999,
            41.243892894995106
        ],
        [
            58.12128517554611,
            48.069137912166404
        ],
        [
            25.38695641062356,
            41.071764759637915
        ],
        [
            72.94568066067909,
            91.10967992253435
        ],
        [
            54.005582062422306,
            96.40513349910941
        ],
        [
            78.4275678479675,
            10.0190134461695
        ],
        [
            53.56223444654164,
            93.24289243195706
        ],
        [
            14.035564448729376,
            48.586744281245
        ],
        [
            85.24888089899201,
            16.15323218910627
        ],
        [
            43.04377758841947,
            64.17436004455064
        ],
        [
            55.06627876283468,
            2.2313677790504416
        ],
        [
            12.884895326374258,
            26.516694444864154
        ],
        [
            58.24709626488366,
            27.118229772172995
        ],
        [
            79.03751730026981,
            26.62972810872939
        ],
        [
            60.5672493646609,
            41.92733855920775
        ]
    ],
    "distances": [
        [
            0.0,
            24.93200134000685,
            76.17943713839854,
            33.12758381229433,
            64.1444672786408,
            56.809052658479224,
            21.621613433428692,
            12.579645343528421,
            6.610933376342205,
            35.19069506074581,
            50.71615386964029,
            54.871537424235186,
            36.566818125788444,
            51.7914694063618,
            47.005801617313494,
            35.68595654278856,
            28.31964032367004,
            40.07531376971687,
            50.11082556345948,
            14.989756951753282,
            23.982653796187094,
            0.0
        ],
        [
            24.93200134000685,
            0.0,
            89.73574151624571,
            57.83664991528804,
            79.27059870775791,
            77.84297254698481,
            44.96576834731044,
            29.725096016219087,
            30.618223883082344,
            37.87749834292471,
            75.64247154517624,
            78.81403196714189,
            24.514315178752145,
            75.65991464223247,
            51.4560892044091,
            30.168990801763734,
            48.1142038198524,
            15.367611884490007,
            43.160983835374864,
            10.021498220453013,
            25.57076969481244,
            24.93200134000685
        ],
        [
            76.17943713839854,
            89.73574151624571,
            0.0,
            62.99611711460444,
            12.798236532543761,
            35.30337250592613,
            59.641590220801966,
            86.7968014158348,
            70.54932817774679,
            53.836652526040375,
            72.44171045012926,
            53.99952008316498,
            110.80582935812033,
            53.205620892174,
            42.44744771497976,
            111.61441190848983,
            49.138262165088825,
            102.33641079995024,
            63.525990766165364,
            84.49067962526071,
            100.15471747774302,
            76.17943713839854
        ],
        [
            33.12758381229433,
            57.83664991528804,
            62.99611711460444,
            0.0,
            50.32305269380266,
            31.91683072649714,
            14.77557684807073,
            35.56442263204441,
            27.232827779181182,
            49.93544166834326,
            19.45447451355269,
            22.82846805501629,
            67.04735564214846,
            20.079872937714423,
            54.771253581971074,
            63.29344603854695,
            21.844929201619387,
            73.12225001213662,
            69.03350714435841,
            48.052611723624324,
            51.30419637680757,
            33.12758381229433
        ],
        [
            64.1444672786408,
            79.27059870775791,
            12.798236532543761,
            50.32305269380266,
            0.0,
            24.528713617157564,
            46.94226156426456,
            74.40760718482333,
            58.31487845068194,
            45.269127593193694,
            60.727767995609604,
            43.10506194940106,
            99.40870298277986,
            41.90659148482391,
            35.93418014143343,
            99.75433815902018,
            36.61758150197075,
            92.58418502170301,
            57.975526615031065,
            73.3293964407642,
            88.11711658818226,
            64.1444672786408
        ],
        [
            56.809052658479224,
            77.84297254698481,
            35.30337250592613,
            31.91683072649714,
            24.528713617157564,
            0.0,
            35.57866499942029,
            63.89415789955288,
            50.219718346731895,
            52.88059936782055,
            37.38995056125914,
            18.72453830039943,
            93.34188064435017,
            17.963150577544653,
            49.33312515190775,
            91.4527985331162,
            29.728771520418988,
            92.7897010873481,
            70.21597473294936,
            69.62401979326054,
            79.28390150868543,
            56.809052658479224
        ],
        [
            21.621613433428692,
            44.96576834731044,
            59.641590220801966,
            14.77557684807073,
            46.94226156426456,
            35.57866499942029,
            0.0,
            28.58165049253484,
            15.036901592481824,
            35.8429588604779,
            34.22594724898562,
            33.8524481762791,
            57.901682415033896,
            30.694490887106518,
            42.40987539429364,
            55.89653851968332,
            11.154607504841138,
            60.32946342940811,
            54.73231065431144,
            35.67873393211166,
            43.741833974170014,
            21.621613433428692
        ],
        [
            12.579645343528421,
            29.725096016219087,
            86.7968014158348,
            35.56442263204441,
            74.40760718482333,
            63.89415789955288,
            28.58165049253484,
            0.0,
            16.486204067818687,
            47.741669248493174,
            49.866121478515645,
            58.38185843082695,
            31.671362040528674,
            55.55832498591648,
            59.54721384745841,
            27.864840993466284,
            37.82705033114876,
            42.99086277381343,
            62.01741716481943,
            20.517919984247985,
            15.76364424699207,
            12.579645343528421
        ],
        [
            6.610933376342205,
            30.618223883082344,
            70.54932817774679,
            27.232827779181182,
            58.31487845068194,
            50.219718346731895,
            15.036901592481824,
            16.486204067818687,
            0.0,
            33.473863098330355,
            45.52198323937435,
            48.510900646105824,
            43.12953846089866,
            45.40322720869016,
            44.088759206357686,
            41.88712794950237,
            22.061491676069874,
            45.9394627195191,
            50.10827063467186,
            20.95128588704384,
            29.952246310002106,
            6.610933376342205
        ],
        [
            35.19069506074581,
            37.87749834292471,
            53.836652526040375,
            49.93544166834326,
            45.269127593193694,
            52.88059936782055,
            35.8429588604779,
            47.741669248493174,
            33.473863098330355,
            0.0,
            69.03350785047824,
            62.29612692821372,
            61.462019376061946,
            59.293109675599844,
            13.613560029717787,
            64.84121581925939,
            29.077366507356434,
            48.8818843018156,
            19.187277118505097,
            35.69999901803837,
            55.56037352646061,
            35.19069506074581
        ],
        [
            50.71615386964029,
            75.64247154517624,
            72.44171045012926,
            19.45447451355269,
            60.727767995609604,
            37.38995056125914,
            34.22594724898562,
            49.866121478515645,
            45.52198323937435,
            69.03350785047824,
            0.0,
            19.66644765821601,
            81.27574839221845,
            19.500476474863813,
            72.6539871421979,
            75.95944834527276,
            40.24469237392819,
            90.6588516456016,
            88.201767033841,
            65.65785616045123,
            64.7670800604294,
            50.71615386964029
        ],
        [
            54.871537424235186,
            78.81403196714189,
            53.99952008316498,
            22.82846805501629,
            43.10506194940106,
            18.72453830039943,
            33.8524481762791,
            58.38185843082695,
            48.510900646105824,
            62.29612692821372,
            19.66644765821601,
            0.0,
            89.77190611494399,
            3.1931685948743627,
            62.32335561753791,
            86.11916967819467,
            34.04385281964071,
            94.17973894308064,
            81.08825310168638,
            69.41660803291556,
            74.12964979779458,
            54.871537424235186
        ],
        [
            36.566818125788444,
            24.514315178752145,
            110.80582935812033,
            67.04735564214846,
            99.40870298277986,
            93.34188064435017,
            57.901682415033896,
            31.671362040528674,
            43.12953846089866,
            61.462019376061946,
            81.27574839221845,
            89.77190611494399,
            0.0,
            86.85907458984973,
            75.05864349649764,
            9.173818797331576,
            64.69013973027478,
            24.625134573352977,
            67.58709491913011,
            26.4506074085099,
            16.621909635638918,
            36.566818125788444
        ],
        [
            51.7914694063618,
            75.65991464223247,
            53.205620892174,
            20.079872937714423,
            41.90659148482391,
            17.963150577544653,
            30.694490887106518,
            55.55832498591648,
            45.40322720869016,
            59.293109675599844,
            19.500476474863813,
            3.1931685948743627,
            86.85907458984973,
            0.0,
            59.63664317157947,
            83.34782108586136,
            30.913063740656202,
            91.02395162237246,
            78.14749782117033,
            66.29041365180338,
            71.31832652012235,
            51.7914694063618
        ],
        [
            47.005801617313494,
            51.4560892044091,
            42.44744771497976,
            54.771253581971074,
            35.93418014143343,
            49.33312515190775,
            42.40987539429364,
            59.54721384745841,
            44.088759206357686,
            13.613560029717787,
            72.6539871421979,
            62.32335561753791,
            75.05864349649764,
            59.63664317157947,
            0.0,
            78.25132041362725,
            32.930991402357506,
            61.905899943268224,
            22.100025773955007,
            49.14831289837991,
            68.61023563371575,
            47.005801617313494
        ],
        [
            35.68595654278856,
            30.168990801763734,
            111.61441190848983,
            63.29344603854695,
            99.75433815902018,
            91.4527985331162,
            55.89653851968332,
            27.864840993466284,
            41.88712794950237,
            64.84121581925939,
            75.95944834527276,
            86.11916967819467,
            9.173818797331576,
            83.34782108586136,
            78.25132041362725,
            0.0,
            63.931990943228385,
            33.238648894946806,
            73.10231020891575,
            29.14322469157161,
            12.179409037774002,
            35.68595654278856
        ],
        [
            28.31964032367004,
            48.1142038198524,
            49.138262165088825,
            21.844929201619387,
            36.61758150197075,
            29.728771520418988,
            11.154607504841138,
            37.82705033114876,
            22.061491676069874,
            29.077366507356434,
            40.24469237392819,
            34.04385281964071,
            64.69013973027478,
            30.913063740656202,
            32.930991402357506,
            63.931990943228385,
            0.0,
            63.09892887595345,
            48.24580766982471,
            40.05368509315401,
            52.011043881475025,
            28.31964032367004
        ],
        [
            40.07531376971687,
            15.367611884490007,
            102.33641079995024,
            73.12225001213662,
            92.58418502170301,
            92.7897010873481,
            60.32946342940811,
            42.99086277381343,
            45.9394627195191,
            48.8818843018156,
            90.6588516456016,
            94.17973894308064,
            24.625134573352977,
            91.02395162237246,
            61.905899943268224,
            33.238648894946806,
            63.09892887595345,
            0.0,
            48.67284869286962,
            25.089310469721344,
            34.20380481460311,
            40.07531376971687
        ],
        [
            50.11082556345948,
            43.160983835374864,
            63.525990766165364,
            69.03350714435841,
            57.975526615031065,
            70.21597473294936,
            54.73231065431144,
            62.01741716481943,
            50.10827063467186,
            19.187277118505097,
            88.201767033841,
            81.08825310168638,
            67.58709491913011,
            78.14749782117033,
            22.100025773955007,
            73.10231020891575,
            48.24580766982471,
            48.67284869286962,
            0.0,
            45.36618915817929,
            66.15271854300694,
            50.11082556345948
        ],
        [
            14.989756951753282,
            10.021498220453013,
            84.49067962526071,
            48.052611723624324,
            73.3293964407642,
            69.62401979326054,
            35.67873393211166,
            20.517919984247985,
            20.95128588704384,
            35.69999901803837,
            65.65785616045123,
            69.41660803291556,
            26.4506074085099,
            66.29041365180338,
            49.14831289837991,
            29.14322469157161,
            40.05368509315401,
            25.089310469721344,
            45.36618915817929,
            0.0,
            20.79615927770833,
            14.989756951753282
        ],
        [
            23.982653796187094,
            25.57076969481244,
            100.15471747774302,
            51.30419637680757,
            88.11711658818226,
            79.28390150868543,
            43.741833974170014,
            15.76364424699207,
            29.952246310002106,
            55.56037352646061,
            64.7670800604294,
            74.12964979779458,
            16.621909635638918,
            71.31832652012235,
            68.61023563371575,
            12.179409037774002,
            52.011043881475025,
            34.20380481460311,
            66.15271854300694,
            20.79615927770833,
            0.0,
            23.982653796187094
        ],
        [
            0.0,
            24.93200134000685,
            76.17943713839854,
            33.12758381229433,
            64.1444672786408,
            56.809052658479224,
            21.621613433428692,
            12.579645343528421,
            6.610933376342205,
            35.19069506074581,
            50.71615386964029,
            54.871537424235186,
            36.566818125788444,
            51.7914694063618,
            47.005801617313494,
            35.68595654278856,
            28.31964032367004,
            40.07531376971687,
            50.11082556345948,
            14.989756951753282,
            23.982653796187094,
            0.0
        ]
    ],
    "scores_ave": [
        0,
        13.683871417443704,
        16.990626960551857,
        15.09444651492889,
        19.962200086622936,
        11.884742835271929,
        15.252380945129634,
        18.443529602411743,
        12.25770208045423,
        13.220441462847175,
        15.706981388256022,
        12.459955311305357,
        16.29816041180055,
        18.93878100241492,
        19.2615073898197,
        14.226592466346606,
        10.382312244481387,
        10.22732922553142,
        18.366523704820576,
        19.671776808951794,
        11.801488374926565,
        0
    ],
    "scores_var": [
        0,
        367.1712192438073,
        21.21241579257315,
        19.34369770547237,
        16.64645755611448,
        17.3671610321579,
        286.29178921437915,
        273.61035577351333,
        19.498753532153618,
        323.8778709812106,
        369.27152721765634,
        254.10915581212228,
        353.2695948971497,
        21.274917858210294,
        22.18060441155621,
        234.43964337810675,
        381.5216468575446,
        22.119883365600014,
        16.00379971863662,
        19.880094497329882,
        16.861197197346215,
        0
    ],
    "vertex_number": 22,
    "minimum_distances": {
        "cost": 386.604167622656,
        "path": [
            0,
            7,
            20,
            15,
            12,
            17,
            1,
            19,
            16,
            9,
            18,
            14,
            2,
            4,
            5,
            13,
            11,
            10,
            3,
            6,
            8,
            21
        ]
    }
}