{
    "vertices": [
        [
            6.36644713967216,
            86.19396532765764
        ],
        [
            19.2994564320172,
            16.666858913508708
        ],
        [
            35.85749047090151,
            74.12439963075384
        ],
        [
            93.43433932750453,
            56.50417130569594
        ],
        [
            63.25515954583737,
            29.3159797205614
        ],
        [
            23.983732872152387,
            26.123605663390947
        ],
        [
            93.31520486120783,
            5.768881044778462
        ],
        [
            60.78255566610975,
            8.194150410873258
        ],
        [
            97.80865640013067,
            92.32629494777126
        ],
        [
            23.597583677714095,
            36.60578899585508
        ],
        [
            74.79686212640426,
            13.256396132023662
        ],
        [
            89.64842850112419,
            28.610903316027148
        ],
        [
            50.86396628343377,
            80.60482151086643
        ],
        [
            21.374017197489515,
            48.94358828046752
        ],
        [
            80.85575523377426,
            36.179374935959
        ],
        [
            37.68901724881913,
            30.197299276598965
        ],
        [
            99.82904035524068,
            26.159999498139975
        ],
        [
            94.39516688818541,
            3.874232313298265
        ],
        [
            89.08124522145863,
            4.292011981774568
        ],
        [
            73.47075343541319,
            14.07094960980203
        ],
        [
            82.55486533397162,
            67.9047861294265
        ],
        [
            3.1272779075159574,
            40.6205867161727
        ],
        [
            69.149572960333,
            66.02743983170114
        ],
        [
            6.36644713967216,
            86.19396532765764
        ]
    ],
    "distances": [
        [
            0.0,
            70.7197373841297,
            31.865279739495836,
            91.99076974946189,
            80.44520399596499,
            62.60045420581395,
            118.44104293371672,
            95.10564648964672,
            91.64760281100214,
            52.496659877620665,
            100.01305262526618,
            101.25066641817487,
            44.847159760169944,
            40.15990225583379,
            89.72244018297462,
            64.16174878442929,
            111.0825521123751,
            120.52217200215775,
            116.40304026777785,
            98.51252366917963,
            78.35285025252414,
            45.688347041453575,
            65.94247218896174,
            0.0
        ],
        [
            70.7197373841297,
            0.0,
            59.795798150929755,
            84.16051521087745,
            45.73952441184444,
            10.553317244308248,
            74.81374831647302,
            42.339512413774926,
            109.03231053525325,
            20.39693189302987,
            55.60209793875839,
            71.35571503299037,
            71.30484796464606,
            32.34333101270707,
            64.57488833670234,
            22.8308730331102,
            81.08719754071579,
            76.17753621802862,
            70.87055018297843,
            54.23345982088188,
            81.40375876295359,
            28.901910557477983,
            70.15341093965488,
            70.7197373841297
        ],
        [
            31.865279739495836,
            59.795798150929755,
            0.0,
            60.212672839554976,
            52.520727009322975,
            49.447571639172274,
            89.29650532980358,
            70.48444251876398,
            64.56977584847685,
            39.4708938149465,
            72.25779207010689,
            70.4623542110388,
            16.34595314003921,
            29.048997544155423,
            58.861436703143646,
            43.965266243504345,
            79.95588080113923,
            91.44258071853145,
            87.80279286278294,
            70.86024562656033,
            47.10974857933319,
            46.83772298329259,
            34.2625672486839,
            31.865279739495836
        ],
        [
            91.99076974946189,
            84.16051521087745,
            60.212672839554976,
            0.0,
            40.619953889242275,
            75.80478550700215,
            50.73543013398633,
            58.30949403938205,
            36.08821403283903,
            72.61623825451937,
            47.092734194289854,
            28.14902342762153,
            48.91909649025962,
            72.45586547107766,
            23.90226192799159,
            61.64083427089266,
            31.01065887595109,
            52.638708836224936,
            52.39331073298042,
            46.89480850972515,
            15.758711011216109,
            91.69325821305581,
            26.085293192266533,
            91.99076974946189
        ],
        [
            80.44520399596499,
            45.73952441184444,
            52.520727009322975,
            40.619953889242275,
            0.0,
            39.40096705802424,
            38.184711343798114,
            21.266063183712337,
            71.86267438588695,
            40.32201189184527,
            19.776782435358268,
            26.402685069559453,
            52.764447904409806,
            46.25227672432435,
            18.891457393567208,
            25.581328271050346,
            36.70979390605121,
            40.2117217788106,
            35.96089073863958,
            18.35127520350285,
            43.145968798595895,
            61.18133939067707,
            37.18165425304246,
            80.44520399596499
        ],
        [
            62.60045420581395,
            10.553317244308248,
            49.447571639172274,
            75.80478550700215,
            39.40096705802424,
            0.0,
            72.25764888555902,
            40.9343220863997,
            99.16105789268308,
            10.489293523195649,
            52.41697421383093,
            65.71178662658868,
            60.751541778494655,
            22.96872270167103,
            57.75418100158587,
            14.297894932457616,
            75.84531621474999,
            73.84310837624584,
            68.66079373810989,
            50.93360111139513,
            71.9461228906423,
            25.399885301643014,
            60.26830918652939,
            62.60045420581395
        ],
        [
            118.44104293371672,
            74.81374831647302,
            89.29650532980358,
            50.73543013398633,
            38.184711343798114,
            72.25764888555902,
            0.0,
            32.62292438070863,
            86.67396961202745,
            76.23294298050094,
            19.974781596437456,
            23.134459801670094,
            86.03793141534119,
            83.90226354130024,
            32.863901529247606,
            60.75376832425629,
            21.40625526855042,
            2.1808282361096323,
            4.484145008837603,
            21.511080745724414,
            63.060729518693265,
            96.68765979384315,
            64.92358332875348,
            118.44104293371672
        ],
        [
            95.10564648964672,
            42.339512413774926,
            70.48444251876398,
            58.30949403938205,
            21.266063183712337,
            40.9343220863997,
            32.62292438070863,
            0.0,
            91.91925739442938,
            46.79683054290533,
            14.900574395115045,
            35.35650454608507,
            73.08682305650943,
            56.68817858178762,
            34.43989158813871,
            31.897493265743694,
            42.98138783246742,
            33.88907383709627,
            28.56645786354795,
            13.983101639389114,
            63.55622303273722,
            66.14835466496685,
            58.435403169954036,
            95.10564648964672
        ],
        [
            91.64760281100214,
            109.03231053525325,
            64.56977584847685,
            36.08821403283903,
            71.86267438588695,
            99.16105789268308,
            86.67396961202745,
            91.91925739442938,
            0.0,
            92.80117509034747,
            82.35041939437146,
            64.23581905876387,
            48.385916026099636,
            87.88807261408826,
            58.650468751486486,
            86.45451471607748,
            66.19713441572803,
            88.51790381013828,
            88.46582777105964,
            81.95262408663207,
            28.793892318589453,
            107.8797650024923,
            38.89695160324691,
            91.64760281100214
        ],
        [
            52.496659877620665,
            20.39693189302987,
            39.4708938149465,
            72.61623825451937,
            40.32201189184527,
            10.489293523195649,
            76.23294298050094,
            46.79683054290533,
            92.80117509034747,
            0.0,
            56.2721979380231,
            66.53294145699344,
            51.76263597092519,
            12.536568074212402,
            57.25975933318,
            15.480220947088487,
            76.94380745328493,
            77.99777298940683,
            73.02253155082617,
            54.72798231102147,
            66.75019312228686,
            20.86029767430165,
            54.22745859350472,
            52.496659877620665
        ],
        [
            100.01305262526618,
            55.60209793875839,
            72.25779207010689,
            47.092734194289854,
            19.776782435358268,
            52.41697421383093,
            19.974781596437456,
            14.900574395115045,
            82.35041939437146,
            56.2721979380231,
            0.0,
            21.361879941763696,
            71.474428325381,
            64.24621423662896,
            23.710190697929956,
            40.79198880678414,
            28.16226068181104,
            21.72828910561192,
            16.86427536538443,
            1.5562974100354028,
            55.19631457875484,
            76.71589293252053,
            53.07235559195104,
            100.01305262526618
        ],
        [
            101.25066641817487,
            71.35571503299037,
            70.4623542110388,
            28.14902342762153,
            26.402685069559453,
            65.71178662658868,
            23.134459801670094,
            35.35650454608507,
            64.23581905876387,
            66.53294145699344,
            21.361879941763696,
            0.0,
            64.86603147077132,
            71.23772397207156,
            11.60141654489157,
            51.98362309256526,
            10.471474931866625,
            25.187981610531015,
            24.32550457030475,
            21.75149246168862,
            39.92903536224666,
            87.35068400083404,
            42.66380530743819,
            101.25066641817487
        ],
        [
            44.847159760169944,
            71.30484796464606,
            16.34595314003921,
            48.91909649025962,
            52.764447904409806,
            60.751541778494655,
            86.03793141534119,
            73.08682305650943,
            48.385916026099636,
            51.76263597092519,
            71.474428325381,
            64.86603147077132,
            0.0,
            43.267664447729324,
            53.601564415805264,
            52.10084049094469,
            73.22442982266915,
            88.21875506204502,
            85.34755595592794,
            70.26964448097165,
            34.14094288857891,
            62.26981973008018,
            23.385112104976653,
            44.847159760169944
        ],
        [
            40.15990225583379,
            32.34333101270707,
            29.048997544155423,
            72.45586547107766,
            46.25227672432435,
            22.96872270167103,
            83.90226354130024,
            56.68817858178762,
            87.88807261408826,
            12.536568074212402,
            64.24621423662896,
            71.23772397207156,
            43.267664447729324,
            0.0,
            60.83586361778168,
            24.85161117697298,
            81.69628251325437,
            85.80987792466804,
            81.1050676138535,
            62.691074759478994,
            64.05172286962039,
            20.055319737055274,
            50.738168199819306,
            40.15990225583379
        ],
        [
            89.72244018297462,
            64.57488833670234,
            58.861436703143646,
            23.90226192799159,
            18.891457393567208,
            57.75418100158587,
            32.863901529247606,
            34.43989158813871,
            58.650468751486486,
            57.25975933318,
            23.710190697929956,
            11.60141654489157,
            53.601564415805264,
            60.83586361778168,
            0.0,
            43.579266830180565,
            21.456314512619127,
            35.02767345711182,
            32.93117978010186,
            23.30924112801734,
            31.770878025751596,
            77.85525383386377,
            32.06152961789979,
            89.72244018297462
        ],
        [
            64.16174878442929,
            22.8308730331102,
            43.965266243504345,
            61.64083427089266,
            25.581328271050346,
            14.297894932457616,
            60.75376832425629,
            31.897493265743694,
            86.45451471607748,
            15.480220947088487,
            40.79198880678414,
            51.98362309256526,
            52.10084049094469,
            24.85161117697298,
            43.579266830180565,
            0.0,
            62.27103870313831,
            62.5179275190454,
            57.55210687558832,
            39.247825393298115,
            58.60715732021254,
            36.09929012244089,
            47.68192045079189,
            64.16174878442929
        ],
        [
            111.0825521123751,
            81.08719754071579,
            79.95588080113923,
            31.01065887595109,
            36.70979390605121,
            75.84531621474999,
            21.40625526855042,
            42.98138783246742,
            66.19713441572803,
            76.94380745328493,
            28.16226068181104,
            10.471474931866625,
            73.22442982266915,
            81.69628251325437,
            21.456314512619127,
            62.27103870313831,
            0.0,
            22.938666043886133,
            24.366451901203472,
            28.998351962666305,
            45.17769730250839,
            97.77698831108735,
            50.30549193065567,
            111.0825521123751
        ],
        [
            120.52217200215775,
            76.17753621802862,
            91.44258071853145,
            52.638708836224936,
            40.2117217788106,
            73.84310837624584,
            2.1808282361096323,
            33.88907383709627,
            88.51790381013828,
            77.99777298940683,
            21.72828910561192,
            25.187981610531015,
            88.21875506204502,
            85.80987792466804,
            35.02767345711182,
            62.5179275190454,
            22.938666043886133,
            0.0,
            5.330319252305675,
            23.276686232524046,
            65.11608528539482,
            98.38761162305677,
            67.08473162796189,
            120.52217200215775
        ],
        [
            116.40304026777785,
            70.87055018297843,
            87.80279286278294,
            52.39331073298042,
            35.96089073863958,
            68.66079373810989,
            4.484145008837603,
            28.56645786354795,
            88.46582777105964,
            73.02253155082617,
            16.86427536538443,
            24.32550457030475,
            85.34755595592794,
            81.1050676138535,
            32.93117978010186,
            57.55210687558832,
            24.366451901203472,
            5.330319252305675,
            0.0,
            18.420506913085852,
            63.94668614710202,
            93.3158605985021,
            64.87321952037232,
            116.40304026777785
        ],
        [
            98.51252366917963,
            54.23345982088188,
            70.86024562656033,
            46.89480850972515,
            18.35127520350285,
            50.93360111139513,
            21.511080745724414,
            13.983101639389114,
            81.95262408663207,
            54.72798231102147,
            1.5562974100354028,
            21.75149246168862,
            70.26964448097165,
            62.691074759478994,
            23.30924112801734,
            39.247825393298115,
            28.998351962666305,
            23.276686232524046,
            18.420506913085852,
            0.0,
            54.59489942666058,
            75.1870186922174,
            52.135875142520746,
            98.51252366917963
        ],
        [
            78.35285025252414,
            81.40375876295359,
            47.10974857933319,
            15.758711011216109,
            43.145968798595895,
            71.9461228906423,
            63.060729518693265,
            63.55622303273722,
            28.793892318589453,
            66.75019312228686,
            55.19631457875484,
            39.92903536224666,
            34.14094288857891,
            64.05172286962039,
            31.770878025751596,
            58.60715732021254,
            45.17769730250839,
            65.11608528539482,
            63.94668614710202,
            54.59489942666058,
            0.0,
            83.98314820253796,
            13.536110694890048,
            78.35285025252414
        ],
        [
            45.688347041453575,
            28.901910557477983,
            46.83772298329259,
            91.69325821305581,
            61.18133939067707,
            25.399885301643014,
            96.68765979384315,
            66.14835466496685,
            107.8797650024923,
            20.86029767430165,
            76.71589293252053,
            87.35068400083404,
            62.26981973008018,
            20.055319737055274,
            77.85525383386377,
            36.09929012244089,
            97.77698831108735,
            98.38761162305677,
            93.3158605985021,
            75.1870186922174,
            83.98314820253796,
            0.0,
            70.74214888788201,
            45.688347041453575
        ],
        [
            65.94247218896174,
            70.15341093965488,
            34.2625672486839,
            26.085293192266533,
            37.18165425304246,
            60.26830918652939,
            64.92358332875348,
            58.435403169954036,
            38.89695160324691,
            54.22745859350472,
            53.07235559195104,
            42.66380530743819,
            23.385112104976653,
            50.738168199819306,
            32.06152961789979,
            47.68192045079189,
            50.30549193065567,
            67.08473162796189,
            64.87321952037232,
            52.135875142520746,
            13.536110694890048,
            70.74214888788201,
            0.0,
            65.94247218896174
        ],
        [
            0.0,
            70.7197373841297,
            31.865279739495836,
            91.99076974946189,
            80.44520399596499,
            62.60045420581395,
            118.44104293371672,
            95.10564648964672,
            91.64760281100214,
            52.496659877620665,
            100.01305262526618,
            101.25066641817487,
            44.847159760169944,
            40.15990225583379,
            89.72244018297462,
            64.16174878442929,
            111.0825521123751,
            120.52217200215775,
            116.40304026777785,
            98.51252366917963,
            78.35285025252414,
            45.688347041453575,
            65.94247218896174,
            0.0
        ]
    ],
    "scores_ave": [
        0,
        12.214692021385893,
        10.22806594649092,
        13.934811756510378,
        18.326573512787316,
        19.94857025977859,
        17.21467514977789,
        17.137315154429636,
        14.366057474692811,
        16.724636121109704,
        10.050923657508585,
        16.312099075174253,
        19.761899381593736,
        15.889142640354088,
        10.80195034570216,
        12.957209243763138,
        16.08033142030257,
        19.251696312421664,
        10.976926434388583,
        12.574325743328917,
        19.581982474732687,
        19.916099075713838,
        18.46909763249958,
        0
    ],
    "scores_var": [
        0,
        20.019453654465398,
        361.7066700167827,
        304.0708885313427,
        17.848726567860986,
        239.207626244953,
        21.78289857623471,
        18.23658543656703,
        22.951166078887432,
        23.18667231908283,
        20.8448530098405,
        17.68238316327681,
        23.444466547120914,
        300.89192509293434,
        24.370241361917394,
        285.83029598526537,
        20.33705623054552,
        24.877529011286803,
        18.373290580314087,
        19.252249388774466,
        397.62330145335477,
        288.0743872259086,
        324.8617916757879,
        0
    ],
    "vertex_number": 24,
    "minimum_distances": {
        "cost": 426.3119027154527,
        "path": [
            0,
            21,
            13,
            9,
            5,
            1,
            15,
            4,
            7,
            19,
            10,
            18,
            17,
            6,
            16,
            11,
            14,
            3,
            8,
            20,
            22,
            12,
            2,
            23
        ]
    }
}