{
    "vertices": [
        [
            87.89919000080593,
            77.99809363809646
        ],
        [
            89.21687405495358,
            58.05062779301154
        ],
        [
            52.24538701336101,
            28.447294679357782
        ],
        [
            82.98565201306218,
            52.745276898347115
        ],
        [
            80.88676871543373,
            84.42490474582142
        ],
        [
            63.94748856119477,
            88.30877757385154
        ],
        [
            15.479634868175996,
            85.1765753715077
        ],
        [
            6.475646957277448,
            49.43872648060409
        ],
        [
            56.82817866240332,
            12.730666281896196
        ],
        [
            96.15530461988227,
            88.40037898375587
        ],
        [
            87.57784550308159,
            0.8496143969188741
        ],
        [
            89.48873923516321,
            15.315439190575898
        ],
        [
            4.470280629394763,
            64.50172358303206
        ],
        [
            47.97609421066097,
            93.0840537249863
        ],
        [
            12.706097735708733,
            45.630052640642674
        ],
        [
            88.17385892057672,
            28.013091903839037
        ],
        [
            13.095624191041644,
            59.54452685331157
        ],
        [
            70.6562166676788,
            5.565835579622991
        ],
        [
            26.45014739738164,
            44.67766132620552
        ],
        [
            84.78108128846642,
            7.420948806706096
        ],
        [
            10.833511476037483,
            80.5036906495441
        ],
        [
            72.08525814197341,
            12.012803370373803
        ],
        [
            88.08208322963571,
            93.55749440472752
        ],
        [
            87.89919000080593,
            77.99809363809646
        ]
    ],
    "distances": [
        [
            0.0,
            19.990940070626603,
            61.04486337864042,
            25.726399064936505,
            9.511989975705294,
            26.0766985079651,
            72.77446369163393,
            86.2869098658527,
            72.28585490459405,
            13.280473222586858,
            77.14914848209685,
            62.70280564181889,
            84.513519176321,
            42.678329034913304,
            81.8638577297715,
            49.9857563850864,
            77.04613932531761,
            74.45637740862921,
            69.9016169078281,
            70.64599050542797,
            77.10639936390967,
            67.8538058811104,
            15.560475640217136,
            0.0
        ],
        [
            19.990940070626603,
            0.0,
            47.362941056321624,
            8.183817950740954,
            27.658509355187878,
            39.42204296319428,
            78.56842543235399,
            83.18819330796805,
            55.70391817996632,
            31.132767561596953,
            57.22449080711706,
            42.736053345646646,
            84.99177450864872,
            54.11231703315405,
            77.51238339832649,
            30.05563911920466,
            76.13590752888204,
            55.670022600411876,
            64.17552654578434,
            50.82362296928033,
            81.53582992045415,
            49.122027048560355,
            35.5249958029472,
            19.990940070626603
        ],
        [
            61.04486337864042,
            47.362941056321624,
            0.0,
            39.183616884690146,
            62.879420914611465,
            60.994559716122076,
            67.60127083605684,
            50.3538411034137,
            16.371144965530902,
            74.31321000886551,
            44.833186144858644,
            39.49066868635513,
            59.85300855904735,
            64.77760014818261,
            43.11151316919841,
            35.9310955251556,
            49.99741771256438,
            29.36868773188791,
            30.476535044799615,
            38.73859345303471,
            66.51925884226014,
            25.762627796578087,
            74.32097216785512,
            61.04486337864042
        ],
        [
            25.726399064936505,
            8.183817950740954,
            39.183616884690146,
            0.0,
            31.749080800104014,
            40.33874375729398,
            74.89226576503674,
            76.58142169809386,
            47.80567408662506,
            38.009552148180376,
            52.09844553834521,
            37.99056322625851,
            79.39066432626106,
            53.412414787098655,
            70.63881486591414,
            25.27050584214238,
            70.21998140780791,
            48.76386632623506,
            57.108227981346936,
            45.35987525602003,
            77.30757348447307,
            42.165779801302335,
            41.129195335349905,
            25.726399064936505
        ],
        [
            9.511989975705294,
            27.658509355187878,
            62.879420914611465,
            31.749080800104014,
            0.0,
            17.378828507356438,
            65.4114528721279,
            82.2255903652429,
            75.62327409112852,
            15.777597538342608,
            83.84270788495301,
            69.6427464001382,
            78.97096174575222,
            34.030770743585464,
            78.44516839874974,
            56.88052664820131,
            72.21268918965079,
            79.51991564986152,
            67.40318315912982,
            77.1023663754213,
            70.16291591601554,
            72.94504105134794,
            11.62655343755166,
            9.511989975705294
        ],
        [
            26.0766985079651,
            39.42204296319428,
            60.994559716122076,
            40.33874375729398,
            17.378828507356438,
            0.0,
            48.568956466494534,
            69.38222718634383,
            75.91268326106132,
            32.207946319014894,
            90.59524818008013,
            77.3329356375786,
            64.06492084662531,
            16.66999399579554,
            66.68698295510683,
            64.98066428720848,
            58.42340480864269,
            83.01446550250745,
            57.53020858097939,
            83.52771652923879,
            53.684391993377446,
            76.72873629486926,
            24.698738594929477,
            26.0766985079651
        ],
        [
            72.77446369163393,
            78.56842543235399,
            67.60127083605684,
            74.89226576503674,
            65.4114528721279,
            48.568956466494534,
            0.0,
            36.854655630580346,
            83.41529726449093,
            80.7400557320635,
            110.94678149439505,
            101.77389585593303,
            23.42339380257277,
            33.44470187800321,
            39.64366239801765,
            92.47764082598054,
            25.74267698099502,
            96.86240276437705,
            41.9584816694102,
            104.15674696547156,
            6.589561002049947,
            92.5047789016815,
            73.08457642977629,
            72.77446369163393
        ],
        [
            86.2869098658527,
            83.18819330796805,
            50.3538411034137,
            76.58142169809386,
            82.2255903652429,
            69.38222718634383,
            36.854655630580346,
            0.0,
            62.31259208753611,
            97.77756063769615,
            94.54347371470946,
            89.75283964875193,
            15.195899967318788,
            60.22625434559317,
            7.302363543515307,
            84.46097119390261,
            12.081030574771791,
            77.74301309031621,
            20.534079215688024,
            88.86638670751316,
            31.369140599981286,
            75.53357399501132,
            92.76893943673784,
            86.2869098658527
        ],
        [
            72.28585490459405,
            55.70391817996632,
            16.371144965530902,
            47.80567408662506,
            75.62327409112852,
            75.91268326106132,
            83.41529726449093,
            62.31259208753611,
            0.0,
            85.27911969795068,
            32.96515440137104,
            32.762681024549295,
            73.631459720098,
            80.83950935477114,
            55.0375112817055,
            34.872685639879485,
            64.06304599525794,
            15.573998653768404,
            44.08441080359086,
            28.45273035911501,
            81.90660682461674,
            15.273958275629088,
            86.65900238922318,
            72.28585490459405
        ],
        [
            13.280473222586858,
            31.132767561596953,
            74.31321000886551,
            38.009552148180376,
            15.777597538342608,
            32.207946319014894,
            80.7400557320635,
            97.77756063769615,
            85.27911969795068,
            0.0,
            87.96993341272993,
            73.3883609205266,
            94.74855858586353,
            48.40633351884502,
            93.77137593687104,
            60.912461092318814,
            87.92935070336411,
            86.6704394090937,
            82.28295681838006,
            81.77433012989226,
            85.6864404204581,
            80.09012951380998,
            9.579809135946194,
            13.280473222586858
        ],
        [
            77.14914848209685,
            57.22449080711706,
            44.833186144858644,
            52.09844553834521,
            83.84270788495301,
            90.59524818008013,
            110.94678149439505,
            94.54347371470946,
            32.96515440137104,
            87.96993341272993,
            0.0,
            14.591490733166749,
            104.68265540706798,
            100.37674284210306,
            87.24142515480283,
            27.170015499862927,
            94.82981619638043,
            17.5665666732951,
            75.21630922437863,
            7.141731302520808,
            110.60951436885324,
            19.095472007746615,
            92.70925127098765,
            77.14914848209685
        ],
        [
            62.70280564181889,
            42.736053345646646,
            39.49066868635513,
            37.99056322625851,
            69.6427464001382,
            77.3329356375786,
            101.77389585593303,
            89.75283964875193,
            32.762681024549295,
            73.3883609205266,
            14.591490733166749,
            0.0,
            98.22132597372293,
            88.1547338691011,
            82.55028663948247,
            12.7655510914463,
            88.27298693044406,
            21.20657154811959,
            69.54138443856635,
            9.191573410690367,
            102.15749107196012,
            17.714077947268287,
            78.25469880622018,
            62.70280564181889
        ],
        [
            84.513519176321,
            84.99177450864872,
            59.85300855904735,
            79.39066432626106,
            78.97096174575222,
            64.06492084662531,
            23.42339380257277,
            15.195899967318788,
            73.631459720098,
            94.74855858586353,
            104.68265540706798,
            98.22132597372293,
            0.0,
            52.054830820122284,
            20.59049896351416,
            91.311057712458,
            9.948384339861164,
            88.62289221196859,
            29.599121397450098,
            98.52938420373282,
            17.22073334110372,
            85.5971490712005,
            88.51650327540366,
            84.513519176321
        ],
        [
            42.678329034913304,
            54.11231703315405,
            64.77760014818261,
            53.412414787098655,
            34.030770743585464,
            16.66999399579554,
            33.44470187800321,
            60.22625434559317,
            80.83950935477114,
            48.40633351884502,
            100.37674284210306,
            88.1547338691011,
            52.054830820122284,
            0.0,
            59.12575471193606,
            76.48588340342911,
            48.38953452519826,
            90.40921668726438,
            52.97683655403437,
            93.23505037290273,
            39.21526472316999,
            84.58013608127594,
            40.108783343145134,
            42.678329034913304
        ],
        [
            81.8638577297715,
            77.51238339832649,
            43.11151316919841,
            70.63881486591414,
            78.44516839874974,
            66.68698295510683,
            39.64366239801765,
            7.302363543515307,
            55.0375112817055,
            93.77137593687104,
            87.24142515480283,
            82.55028663948247,
            20.59049896351416,
            59.12575471193606,
            0.0,
            77.49671143899171,
            13.91992541195648,
            70.45110199948599,
            13.777008032165275,
            81.57658285269639,
            34.923877323055116,
            68.23491876636407,
            89.32289103712684,
            81.8638577297715
        ],
        [
            49.9857563850864,
            30.05563911920466,
            35.9310955251556,
            25.27050584214238,
            56.88052664820131,
            64.98066428720848,
            92.47764082598054,
            84.46097119390261,
            34.872685639879485,
            60.912461092318814,
            27.170015499862927,
            12.7655510914463,
            91.311057712458,
            76.48588340342911,
            77.49671143899171,
            0.0,
            81.4307848425642,
            28.473621241169372,
            63.93375038453068,
            20.869769941083387,
            93.47080987947338,
            22.69035716262338,
            65.54446675331126,
            49.9857563850864
        ],
        [
            77.04613932531761,
            76.13590752888204,
            49.99741771256438,
            70.21998140780791,
            72.21268918965079,
            58.42340480864269,
            25.74267698099502,
            12.081030574771791,
            64.06304599525794,
            87.92935070336411,
            94.82981619638043,
            88.27298693044406,
            9.948384339861164,
            48.38953452519826,
            13.91992541195648,
            81.4307848425642,
            0.0,
            78.91084157377668,
            19.984168250635992,
            88.63222973415088,
            21.08088472936295,
            75.75646276670645,
            82.33985062410801,
            77.04613932531761
        ],
        [
            74.45637740862921,
            55.670022600411876,
            29.36868773188791,
            48.76386632623506,
            79.51991564986152,
            83.01446550250745,
            96.86240276437705,
            77.74301309031621,
            15.573998653768404,
            86.6704394090937,
            17.5665666732951,
            21.20657154811959,
            88.62289221196859,
            90.40921668726438,
            70.45110199948599,
            28.473621241169372,
            78.91084157377668,
            0.0,
            59.02466834774548,
            14.246165997940514,
            95.8876330864754,
            6.603450100533243,
            89.7005732881832,
            74.45637740862921
        ],
        [
            69.9016169078281,
            64.17552654578434,
            30.476535044799615,
            57.108227981346936,
            67.40318315912982,
            57.53020858097939,
            41.9584816694102,
            20.534079215688024,
            44.08441080359086,
            82.28295681838006,
            75.21630922437863,
            69.54138443856635,
            29.599121397450098,
            52.97683655403437,
            13.777008032165275,
            63.93375038453068,
            19.984168250635992,
            59.02466834774548,
            0.0,
            69.21387488334061,
            39.0817565441541,
            56.12090767214852,
            78.66214843376233,
            69.9016169078281
        ],
        [
            70.64599050542797,
            50.82362296928033,
            38.73859345303471,
            45.35987525602003,
            77.1023663754213,
            83.52771652923879,
            104.15674696547156,
            88.86638670751316,
            28.45273035911501,
            81.77433012989226,
            7.141731302520808,
            9.191573410690367,
            98.52938420373282,
            93.23505037290273,
            81.57658285269639,
            20.869769941083387,
            88.63222973415088,
            14.246165997940514,
            69.21387488334061,
            0.0,
            103.9679288840119,
            13.500705674182505,
            86.19977436963293,
            70.64599050542797
        ],
        [
            77.10639936390967,
            81.53582992045415,
            66.51925884226014,
            77.30757348447307,
            70.16291591601554,
            53.684391993377446,
            6.589561002049947,
            31.369140599981286,
            81.90660682461674,
            85.6864404204581,
            110.60951436885324,
            102.15749107196012,
            17.22073334110372,
            39.21526472316999,
            34.923877323055116,
            93.47080987947338,
            21.08088472936295,
            95.8876330864754,
            39.0817565441541,
            103.9679288840119,
            0.0,
            91.88459125400735,
            78.34375297654341,
            77.10639936390967
        ],
        [
            67.8538058811104,
            49.122027048560355,
            25.762627796578087,
            42.165779801302335,
            72.94504105134794,
            76.72873629486926,
            92.5047789016815,
            75.53357399501132,
            15.273958275629088,
            80.09012951380998,
            19.095472007746615,
            17.714077947268287,
            85.5971490712005,
            84.58013608127594,
            68.23491876636407,
            22.69035716262338,
            75.75646276670645,
            6.603450100533243,
            56.12090767214852,
            13.500705674182505,
            91.88459125400735,
            0.0,
            83.09894733854016,
            67.8538058811104
        ],
        [
            15.560475640217136,
            35.5249958029472,
            74.32097216785512,
            41.129195335349905,
            11.62655343755166,
            24.698738594929477,
            73.08457642977629,
            92.76893943673784,
            86.65900238922318,
            9.579809135946194,
            92.70925127098765,
            78.25469880622018,
            88.51650327540366,
            40.108783343145134,
            89.32289103712684,
            65.54446675331126,
            82.33985062410801,
            89.7005732881832,
            78.66214843376233,
            86.19977436963293,
            78.34375297654341,
            83.09894733854016,
            0.0,
            15.560475640217136
        ],
        [
            0.0,
            19.990940070626603,
            61.04486337864042,
            25.726399064936505,
            9.511989975705294,
            26.0766985079651,
            72.77446369163393,
            86.2869098658527,
            72.28585490459405,
            13.280473222586858,
            77.14914848209685,
            62.70280564181889,
            84.513519176321,
            42.678329034913304,
            81.8638577297715,
            49.9857563850864,
            77.04613932531761,
            74.45637740862921,
            69.9016169078281,
            70.64599050542797,
            77.10639936390967,
            67.8538058811104,
            15.560475640217136,
            0.0
        ]
    ],
    "scores_ave": [
        0,
        18.07304532965803,
        18.94165576788871,
        15.44373538679679,
        12.524806619325972,
        15.893591814698532,
        14.660949631516402,
        17.178176170319084,
        10.809851371215656,
        19.38655965064948,
        18.73191178095,
        10.334591073203015,
        14.517675769599911,
        16.946254214854466,
        15.04788504654465,
        17.725800478308884,
        13.420940707579128,
        12.971813275402475,
        11.820610746310873,
        15.547520049098237,
        13.768030607346198,
        14.984562941306343,
        12.224042751961836,
        0
    ],
    "scores_var": [
        0,
        18.307051244461032,
        21.29629446912265,
        259.8140357735306,
        16.229346706392825,
        20.70215804911448,
        233.06275683409507,
        234.56248940753954,
        304.0082475342172,
        275.1450100215352,
        18.50133063692428,
        24.338808790031432,
        284.3673290716251,
        326.48533694116196,
        19.577083941804613,
        386.57179016185785,
        340.7609317080261,
        24.758987148347792,
        17.17913483973116,
        233.06946882625917,
        305.06601364385307,
        20.013262767718096,
        23.36977815499648,
        0
    ],
    "vertex_number": 24,
    "minimum_distances": {
        "cost": 337.7352157386624,
        "path": [
            0,
            9,
            22,
            4,
            5,
            13,
            6,
            20,
            12,
            16,
            7,
            14,
            18,
            2,
            8,
            21,
            17,
            10,
            19,
            11,
            15,
            3,
            1,
            23
        ]
    }
}