{
    "vertices": [
        [
            33.92503582349037,
            84.0981897479356
        ],
        [
            64.23663377705819,
            95.445666753971
        ],
        [
            61.09723504677781,
            17.28418559803897
        ],
        [
            42.999624715080785,
            30.18243248268597
        ],
        [
            94.78731832458637,
            36.989876298754076
        ],
        [
            53.33663262195889,
            32.809649276338384
        ],
        [
            93.24721697825092,
            59.66695080440492
        ],
        [
            7.730325319662635,
            18.33294259528666
        ],
        [
            32.80987955720263,
            64.4852123486641
        ],
        [
            79.32521500739959,
            35.687964141735904
        ],
        [
            68.71643665851946,
            15.601332093028796
        ],
        [
            93.14910195303172,
            15.844748257051533
        ],
        [
            8.556976103481439,
            26.769840631764573
        ],
        [
            31.314398280268097,
            42.7861740137396
        ],
        [
            74.24572583539741,
            66.16886523302001
        ],
        [
            80.33104409702409,
            85.00928472524171
        ],
        [
            25.426438069197545,
            17.07888348925861
        ],
        [
            33.92503582349037,
            84.0981897479356
        ]
    ],
    "distances": [
        [
            0.0,
            32.36600384510326,
            72.12793883906865,
            54.67409848398687,
            76.96369681394958,
            54.839077982520635,
            64.15611126988698,
            70.79004584988164,
            19.644654640959597,
            66.36811141786556,
            76.82617445024988,
            90.36604608073667,
            62.69033471232649,
            41.39442078836881,
            44.12730130653191,
            46.41495123277576,
            67.55600325051513,
            0.0
        ],
        [
            32.36600384510326,
            0.0,
            78.22450358344757,
            68.63162755936321,
            65.95774226022907,
            63.57736004773605,
            46.062245415014885,
            95.59986988827794,
            44.115650485721005,
            61.63317536065248,
            79.9699094116361,
            84.68906093221189,
            88.41150022601259,
            62.103911034367144,
            30.940475612528438,
            19.181973657499597,
            87.45046603729936,
            32.36600384510326
        ],
        [
            72.12793883906865,
            78.22450358344757,
            0.0,
            22.223597197916746,
            39.02993668016803,
            17.357043884898708,
            53.196993568546624,
            53.37721372515932,
            55.02827824770487,
            25.9028631261154,
            7.802834684888018,
            32.084172921159166,
            53.389666240270486,
            39.20929454880681,
            50.622077328307505,
            70.40332706890189,
            35.67138777748378,
            72.12793883906865
        ],
        [
            54.67409848398687,
            68.63162755936321,
            22.223597197916746,
            0.0,
            52.233193475997126,
            10.665645810156539,
            58.2593970867325,
            37.206637720106094,
            35.784236933547376,
            36.740432617678955,
            29.562863614803124,
            52.15878886816454,
            34.61129622714355,
            17.18717013980054,
            47.658600245027834,
            66.32962083336201,
            21.920763789480517,
            54.67409848398687
        ],
        [
            76.96369681394958,
            65.95774226022907,
            39.02993668016803,
            52.233193475997126,
            0.0,
            41.660936657460546,
            22.72931191857386,
            89.0337082585855,
            67.80262842001247,
            15.516817143214324,
            33.72181332737503,
            21.208493411367645,
            86.8338703997663,
            63.73702727734615,
            35.68431612372469,
            50.148254707141234,
            72.1621739172412,
            76.96369681394958
        ],
        [
            54.839077982520635,
            63.57736004773605,
            17.357043884898708,
            10.665645810156539,
            41.660936657460546,
            0.0,
            48.10581450334447,
            47.8488275935857,
            37.74505116343553,
            26.147487658840323,
            23.079526695415414,
            43.27632818102541,
            45.18514054836931,
            24.176638542947273,
            39.37038821567274,
            58.766488680910115,
            32.038039144444355,
            54.839077982520635
        ],
        [
            64.15611126988698,
            46.062245415014885,
            53.196993568546624,
            58.2593970867325,
            22.72931191857386,
            48.10581450334447,
            0.0,
            94.9823088452696,
            60.629096965520866,
            27.72749430159254,
            50.43350013147319,
            43.82231238375537,
            90.8551416109034,
            64.1921697478242,
            20.083116214596117,
            28.444004824442963,
            80.08371575713836,
            64.15611126988698
        ],
        [
            70.79004584988164,
            95.59986988827794,
            53.37721372515932,
            37.206637720106094,
            89.0337082585855,
            47.8488275935857,
            94.9823088452696,
            0.0,
            52.52633667163768,
            73.66834464189446,
            61.04725605767622,
            85.45500870403222,
            8.47729909796234,
            33.97306321507637,
            81.93029964776048,
            98.57281048453648,
            17.740492402570563,
            70.79004584988164
        ],
        [
            19.644654640959597,
            44.115650485721005,
            55.02827824770487,
            35.784236933547376,
            67.80262842001247,
            37.74505116343553,
            60.629096965520866,
            52.52633667163768,
            0.0,
            54.70793302927629,
            60.65405667980846,
            77.50300966014659,
            44.84030095438061,
            21.75051100342668,
            41.47003790479565,
            51.76387375515651,
            47.977861812849646,
            19.644654640959597
        ],
        [
            66.36811141786556,
            61.63317536065248,
            25.9028631261154,
            36.740432617678955,
            15.516817143214324,
            26.147487658840323,
            27.72749430159254,
            73.66834464189446,
            54.70793302927629,
            0.0,
            22.716050825700655,
            24.18373558679073,
            71.32795079420927,
            48.53270141042244,
            30.901238512155665,
            49.33157565148805,
            57.020838630841496,
            66.36811141786556
        ],
        [
            76.82617445024988,
            79.9699094116361,
            7.802834684888018,
            29.562863614803124,
            33.72181332737503,
            23.079526695415414,
            50.43350013147319,
            61.04725605767622,
            60.65405667980846,
            22.716050825700655,
            0.0,
            24.43387780976592,
            61.18738658623188,
            46.237734645008544,
            50.86893400362985,
            70.37302746469047,
            43.31520675227112,
            76.82617445024988
        ],
        [
            90.36604608073667,
            84.68906093221189,
            32.084172921159166,
            52.15878886816454,
            21.208493411367645,
            43.27632818102541,
            43.82231238375537,
            85.45500870403222,
            77.50300966014659,
            24.18373558679073,
            24.43387780976592,
            0.0,
            85.29469736825477,
            67.44902519756398,
            53.75736580279679,
            70.34227542566111,
            67.73390800252228,
            90.36604608073667
        ],
        [
            62.69033471232649,
            88.41150022601259,
            53.389666240270486,
            34.61129622714355,
            86.8338703997663,
            45.18514054836931,
            90.8551416109034,
            8.47729909796234,
            44.84030095438061,
            71.32795079420927,
            61.18738658623188,
            85.29469736825477,
            0.0,
            27.828460236510907,
            76.59827009060076,
            92.43024226225381,
            19.454906767975775,
            62.69033471232649
        ],
        [
            41.39442078836881,
            62.103911034367144,
            39.20929454880681,
            17.18717013980054,
            63.73702727734615,
            24.176638542947273,
            64.1921697478242,
            33.97306321507637,
            21.75051100342668,
            48.53270141042244,
            46.237734645008544,
            67.44902519756398,
            27.828460236510907,
            0.0,
            48.886083237482005,
            64.69484249367231,
            26.37295701200796,
            41.39442078836881
        ],
        [
            44.12730130653191,
            30.940475612528438,
            50.622077328307505,
            47.658600245027834,
            35.68431612372469,
            39.37038821567274,
            20.083116214596117,
            81.93029964776048,
            41.47003790479565,
            30.901238512155665,
            50.86893400362985,
            53.75736580279679,
            76.59827009060076,
            48.886083237482005,
            0.0,
            19.798800594686906,
            69.2325730101219,
            44.12730130653191
        ],
        [
            46.41495123277576,
            19.181973657499597,
            70.40332706890189,
            66.32962083336201,
            50.148254707141234,
            58.766488680910115,
            28.444004824442963,
            98.57281048453648,
            51.76387375515651,
            49.33157565148805,
            70.37302746469047,
            70.34227542566111,
            92.43024226225381,
            64.69484249367231,
            19.798800594686906,
            0.0,
            87.34446276182882,
            46.41495123277576
        ],
        [
            67.55600325051513,
            87.45046603729936,
            35.67138777748378,
            21.920763789480517,
            72.1621739172412,
            32.038039144444355,
            80.08371575713836,
            17.740492402570563,
            47.977861812849646,
            57.020838630841496,
            43.31520675227112,
            67.73390800252228,
            19.454906767975775,
            26.37295701200796,
            69.2325730101219,
            87.34446276182882,
            0.0,
            67.55600325051513
        ],
        [
            0.0,
            32.36600384510326,
            72.12793883906865,
            54.67409848398687,
            76.96369681394958,
            54.839077982520635,
            64.15611126988698,
            70.79004584988164,
            19.644654640959597,
            66.36811141786556,
            76.82617445024988,
            90.36604608073667,
            62.69033471232649,
            41.39442078836881,
            44.12730130653191,
            46.41495123277576,
            67.55600325051513,
            0.0
        ]
    ],
    "scores_ave": [
        0,
        12.269248730793368,
        13.395337922249277,
        15.883823960249913,
        12.519295137233861,
        17.245252381279432,
        15.18289950893438,
        17.301019224911723,
        11.999091446096399,
        18.368360338709067,
        13.138227186190472,
        13.343486311410611,
        12.490323090346749,
        12.386642881140405,
        11.031795845613903,
        15.888733877337211,
        18.050688519130926,
        0
    ],
    "scores_var": [
        0,
        385.6023407956594,
        22.251988880679846,
        21.70064680368633,
        24.194015775761805,
        270.0455879731387,
        319.5538572217215,
        21.066697580777678,
        237.0286769388828,
        24.702764936945297,
        19.69562367268808,
        18.433657767269764,
        19.953846409174435,
        265.92481620083475,
        22.741704615020918,
        241.3692454286646,
        229.70425059969102,
        0
    ],
    "vertex_number": 18,
    "minimum_distances": {
        "cost": 331.4813423210846,
        "path": [
            0,
            1,
            15,
            14,
            6,
            4,
            9,
            11,
            10,
            2,
            5,
            3,
            16,
            7,
            12,
            13,
            8,
            17
        ]
    }
}