{
    "vertices": [
        [
            13.011195431761468,
            92.62143268330873
        ],
        [
            38.63757773039082,
            78.64625903131514
        ],
        [
            77.41793211568408,
            4.355008461635657
        ],
        [
            46.255492854491386,
            86.40884850243597
        ],
        [
            9.117119464578316,
            21.124126794083097
        ],
        [
            31.142171785025276,
            96.68715364724967
        ],
        [
            59.956519417029476,
            66.4290629675798
        ],
        [
            57.979466292680506,
            5.906006374005868
        ],
        [
            17.229088970261042,
            7.951053903390026
        ],
        [
            31.972292799376454,
            24.349294588195413
        ],
        [
            32.24876791147492,
            99.22741287271175
        ],
        [
            72.99803976915967,
            27.951562461291324
        ],
        [
            96.60588438422513,
            55.99649732615693
        ],
        [
            9.313160144274413,
            13.93677124430086
        ],
        [
            44.04796473285021,
            18.188132676629788
        ],
        [
            79.28304814337126,
            88.03056693266161
        ],
        [
            27.719321177911038,
            87.87112844308196
        ],
        [
            59.16188483985857,
            11.487991709612999
        ],
        [
            23.05837836845295,
            35.45117672611311
        ],
        [
            48.06034119464686,
            20.913131913506554
        ],
        [
            43.116271742219794,
            26.735809563828905
        ],
        [
            50.98763406472916,
            77.82668093005265
        ],
        [
            17.167102394987875,
            71.12430873501293
        ],
        [
            82.30560504148401,
            71.75276282172275
        ],
        [
            13.011195431761468,
            92.62143268330873
        ]
    ],
    "distances": [
        [
            0.0,
            29.18932935712774,
            109.26659771015338,
            33.819809481062386,
            71.60327211137555,
            18.5812375927773,
            53.757824318021036,
            97.6816796754904,
            84.77537182836195,
            70.8562492195459,
            20.34018606539807,
            88.207786550235,
            91.26586388664,
            78.77151395497481,
            80.64488327558838,
            66.43067446722009,
            15.456207598866683,
            93.34088802381739,
            58.0463956777215,
            79.81555624062516,
            72.4377729744686,
            40.75652795177767,
            21.895157015545383,
            72.3686160220843,
            0.0
        ],
        [
            29.18932935712774,
            0.0,
            83.80397244436469,
            10.87614022230112,
            64.65487725872804,
            19.535992138334738,
            24.571470332441443,
            75.26787501853111,
            73.86565791402667,
            54.70453702344089,
            21.549960193594575,
            61.24209019819996,
            62.23613324760323,
            71.04392497900636,
            60.699730887669354,
            41.71473959980744,
            14.293583938604016,
            70.22449752028814,
            45.91869540951902,
            58.497029310080045,
            52.103296095045984,
            12.377221001719231,
            22.749968074443245,
            44.208787579326874,
            29.18932935712774
        ],
        [
            109.26659771015338,
            83.80397244436469,
            0.0,
            87.77203590067151,
            70.32925663227981,
            103.27957701674556,
            64.48324725259779,
            19.50024482093122,
            60.29617220026077,
            49.649547939318296,
            105.07628901729248,
            24.006932519868734,
            55.091023628212646,
            68.77550540200323,
            36.12353870648408,
            83.69634247226588,
            97.18484565969875,
            19.600069187457002,
            62.625336440859186,
            33.70518649902955,
            40.95734564583531,
            78.08103041308212,
            89.93498730209922,
            67.57474853384389,
            109.26659771015338
        ],
        [
            33.819809481062386,
            10.87614022230112,
            87.77203590067151,
            0.0,
            75.10894531669103,
            18.277199741718423,
            24.22622461066153,
            81.35206908207255,
            83.65499181636768,
            63.682007159392874,
            18.98694120031511,
            64.28388683627834,
            58.822385460526895,
            81.34456299090598,
            68.25642276147526,
            33.067346114058665,
            18.593760325670416,
            76.02440224461247,
            55.98919925612283,
            65.52057973666233,
            59.75555443103383,
            9.800344926281856,
            32.859574182062545,
            38.915439560348815,
            33.819809481062386
        ],
        [
            71.60327211137555,
            64.65487725872804,
            70.32925663227981,
            75.10894531669103,
            0.0,
            78.70752160328007,
            68.09685623587848,
            51.177339972586694,
            15.470420118556547,
            23.081608597839256,
            81.45671523055005,
            64.24473407797826,
            94.18262161190607,
            7.190028633258787,
            35.054015641773105,
            96.9522010032503,
            69.29072187324199,
            50.96404262647347,
            19.990574268383213,
            38.94379331237408,
            34.45915464875068,
            70.48630816281984,
            50.64405611032721,
            88.99333237417366,
            71.60327211137555
        ],
        [
            18.5812375927773,
            19.535992138334738,
            103.27957701674556,
            18.277199741718423,
            78.70752160328007,
            0.0,
            41.782995118075384,
            94.66497280798744,
            89.82020525005883,
            72.34262197450454,
            2.77082513335262,
            80.4766747597618,
            77.0793563745308,
            85.58114007797687,
            79.55284900591523,
            48.912988766755376,
            9.457177521816048,
            89.68835774252327,
            61.76724524768599,
            77.63972453504991,
            70.96879320421061,
            27.378089856877946,
            29.133513424635694,
            56.91590944918853,
            18.5812375927773
        ],
        [
            53.757824318021036,
            24.571470332441443,
            64.48324725259779,
            24.22622461066153,
            68.09685623587848,
            41.782995118075384,
            0.0,
            60.5553393061706,
            72.42451833940558,
            50.53537222827985,
            42.93543117278584,
            40.62756820567108,
            38.105306433111195,
            72.9396361986483,
            50.79635289541779,
            28.98516320746805,
            38.716910028615956,
            54.94681751552332,
            48.17781905431066,
            47.04486195131025,
            43.11784210188764,
            14.503330640966267,
            43.04624887144968,
            22.974407683032922,
            53.757824318021036
        ],
        [
            97.6816796754904,
            75.26787501853111,
            19.50024482093122,
            81.35206908207255,
            51.177339972586694,
            94.66497280798744,
            60.5553393061706,
            0.0,
            40.80166015393245,
            31.883035508911,
            96.8036866554228,
            26.67515871491775,
            63.253912593691254,
            49.324461867640814,
            18.572489392247885,
            84.84271357412725,
            87.37252210028878,
            5.705845590939501,
            45.74275322875383,
            17.988964941562777,
            25.588967411202958,
            72.25973392215484,
            76.93553151677985,
            70.19655519404769,
            97.6816796754904
        ],
        [
            84.77537182836195,
            73.86565791402667,
            60.29617220026077,
            83.65499181636768,
            15.470420118556547,
            89.82020525005883,
            72.42451833940558,
            40.80166015393245,
            0.0,
            22.051402601731482,
            92.50386187718664,
            59.24690891333201,
            92.78491409642305,
            9.924250161264917,
            28.70626898394685,
            101.30854976784194,
            80.6056033176375,
            42.08169790403454,
            28.111160953484784,
            33.44520264647894,
            31.98457873868575,
            77.60310959790529,
            63.17328524270905,
            91.13512497861512,
            84.77537182836195
        ],
        [
            70.8562492195459,
            54.70453702344089,
            49.649547939318296,
            63.682007159392874,
            23.081608597839256,
            72.34262197450454,
            50.53537222827985,
            31.883035508911,
            22.051402601731482,
            0.0,
            74.8786287021713,
            41.183591978580694,
            71.96559318378931,
            24.937059471169825,
            13.55661346890929,
            79.33228862593974,
            63.66404906932012,
            30.078015676943863,
            14.237614178156479,
            16.45091228763583,
            11.396653912770129,
            56.75750217719314,
            49.062160687694735,
            69.1413850152608,
            70.8562492195459
        ],
        [
            20.34018606539807,
            21.549960193594575,
            105.07628901729248,
            18.98694120031511,
            81.45671523055005,
            2.77082513335262,
            42.93543117278584,
            96.8036866554228,
            92.50386187718664,
            74.8786287021713,
            0.0,
            82.10207067305113,
            77.5290300447548,
            88.32064114937621,
            81.893748115034,
            48.34865950507596,
            12.226245693541605,
            91.77429862895424,
            64.43501809559149,
            79.8945082708846,
            73.30167248981219,
            28.445323559262373,
            31.89421729601683,
            57.10116757899585,
            20.34018606539807
        ],
        [
            88.207786550235,
            61.24209019819996,
            24.006932519868734,
            64.28388683627834,
            64.24473407797826,
            80.4766747597618,
            40.62756820567108,
            26.67515871491775,
            59.24690891333201,
            41.183591978580694,
            82.10207067305113,
            0.0,
            36.658541964235695,
            65.20872844713321,
            30.552109677859637,
            60.40685481412553,
            75.10337372389901,
            21.505542195516515,
            50.4996435129829,
            25.91193382920789,
            29.90648952190034,
            54.5159187902635,
            70.5760553509038,
            44.779190750986515,
            88.207786550235
        ],
        [
            91.26586388664,
            62.23613324760323,
            55.091023628212646,
            58.822385460526895,
            94.18262161190607,
            77.0793563745308,
            38.105306433111195,
            63.253912593691254,
            92.78491409642305,
            71.96559318378931,
            77.5290300447548,
            36.658541964235695,
            0.0,
            96.89706013761638,
            64.7441685061442,
            36.41788394431818,
            75.90356183485432,
            58.164079758012555,
            76.36324927410195,
            59.89584536717687,
            60.96988198214123,
            50.572538777403615,
            80.86637596650094,
            21.278108272287426,
            91.26586388664
        ],
        [
            78.77151395497481,
            71.04392497900636,
            68.77550540200323,
            81.34456299090598,
            7.190028633258787,
            85.58114007797687,
            72.9396361986483,
            49.324461867640814,
            9.924250161264917,
            24.937059471169825,
            88.32064114937621,
            65.20872844713321,
            96.89706013761638,
            0.0,
            34.994009827895404,
            101.91013583601341,
            76.19104893879016,
            49.90883564045197,
            25.530387135061677,
            39.370212693573066,
            36.14506516259027,
            76.28028799237836,
            57.72433501677729,
            93.11598087413728,
            78.77151395497481
        ],
        [
            80.64488327558838,
            60.699730887669354,
            36.12353870648408,
            68.25642276147526,
            35.054015641773105,
            79.55284900591523,
            50.79635289541779,
            18.572489392247885,
            28.70626898394685,
            13.55661346890929,
            81.893748115034,
            30.552109677859637,
            64.7441685061442,
            34.994009827895404,
            0.0,
            78.22708434905717,
            71.57055609209452,
            16.532467147371815,
            27.176744205347575,
            4.850235634704642,
            8.598304018627617,
            60.040948095542824,
            59.37019029539354,
            65.8241342105265,
            80.64488327558838
        ],
        [
            66.43067446722009,
            41.71473959980744,
            83.69634247226588,
            33.067346114058665,
            96.9522010032503,
            48.912988766755376,
            28.98516320746805,
            84.84271357412725,
            101.30854976784194,
            79.33228862593974,
            48.34865950507596,
            60.40685481412553,
            36.41788394431818,
            101.91013583601341,
            78.22708434905717,
            0.0,
            51.563973462103256,
            79.14307951086235,
            76.97925542502409,
            74.0243710730218,
            71.16939648581375,
            30.07905828705508,
            64.3755565604032,
            16.55604895125727,
            66.43067446722009
        ],
        [
            15.456207598866683,
            14.293583938604016,
            97.18484565969875,
            18.593760325670416,
            69.29072187324199,
            9.457177521816048,
            38.716910028615956,
            87.37252210028878,
            80.6056033176375,
            63.66404906932012,
            12.226245693541605,
            75.10337372389901,
            75.90356183485432,
            76.19104893879016,
            71.57055609209452,
            51.563973462103256,
            0.0,
            82.60156407041842,
            52.62675864883172,
            69.97949981655971,
            63.044375650391856,
            25.34374302349333,
            19.794072132263373,
            56.91629025453417,
            15.456207598866683
        ],
        [
            93.34088802381739,
            70.22449752028814,
            19.600069187457002,
            76.02440224461247,
            50.96404262647347,
            89.68835774252327,
            54.94681751552332,
            5.705845590939501,
            42.08169790403454,
            30.078015676943863,
            91.77429862895424,
            21.505542195516515,
            58.164079758012555,
            49.90883564045197,
            16.532467147371815,
            79.14307951086235,
            82.60156407041842,
            0.0,
            43.33240606827462,
            14.562882241149628,
            22.13498698880265,
            66.8404074136355,
            72.93868699768338,
            64.55597897922472,
            93.34088802381739
        ],
        [
            58.0463956777215,
            45.91869540951902,
            62.625336440859186,
            55.98919925612283,
            19.990574268383213,
            61.76724524768599,
            48.17781905431066,
            45.74275322875383,
            28.111160953484784,
            14.237614178156479,
            64.43501809559149,
            50.4996435129829,
            76.36324927410195,
            25.530387135061677,
            27.176744205347575,
            76.97925542502409,
            52.62675864883172,
            43.33240606827462,
            0.0,
            28.921495330216565,
            21.869538435157285,
            50.75161751398741,
            36.15632005500449,
            69.4840918592341,
            58.0463956777215
        ],
        [
            79.81555624062516,
            58.497029310080045,
            33.70518649902955,
            65.52057973666233,
            38.94379331237408,
            77.63972453504991,
            47.04486195131025,
            17.988964941562777,
            33.44520264647894,
            16.45091228763583,
            79.8945082708846,
            25.91193382920789,
            59.89584536717687,
            39.370212693573066,
            4.850235634704642,
            74.0243710730218,
            69.97949981655971,
            14.562882241149628,
            28.921495330216565,
            0.0,
            7.638546836276248,
            56.98878052043252,
            58.9538334744513,
            61.29768484064585,
            79.81555624062516
        ],
        [
            72.4377729744686,
            52.103296095045984,
            40.95734564583531,
            59.75555443103383,
            34.45915464875068,
            70.96879320421061,
            43.11784210188764,
            25.588967411202958,
            31.98457873868575,
            11.396653912770129,
            73.30167248981219,
            29.90648952190034,
            60.96988198214123,
            36.14506516259027,
            8.598304018627617,
            71.16939648581375,
            63.044375650391856,
            22.13498698880265,
            21.869538435157285,
            7.638546836276248,
            0.0,
            51.693669648925486,
            51.4169062515582,
            59.68525718353083,
            72.4377729744686
        ],
        [
            40.75652795177767,
            12.377221001719231,
            78.08103041308212,
            9.800344926281856,
            70.48630816281984,
            27.378089856877946,
            14.503330640966267,
            72.25973392215484,
            77.60310959790529,
            56.75750217719314,
            28.445323559262373,
            54.5159187902635,
            50.572538777403615,
            76.28028799237836,
            60.040948095542824,
            30.07905828705508,
            25.34374302349333,
            66.8404074136355,
            50.75161751398741,
            56.98878052043252,
            51.693669648925486,
            0.0,
            34.47825627065288,
            31.901532679286074,
            40.75652795177767
        ],
        [
            21.895157015545383,
            22.749968074443245,
            89.93498730209922,
            32.859574182062545,
            50.64405611032721,
            29.133513424635694,
            43.04624887144968,
            76.93553151677985,
            63.17328524270905,
            49.062160687694735,
            31.89421729601683,
            70.5760553509038,
            80.86637596650094,
            57.72433501677729,
            59.37019029539354,
            64.3755565604032,
            19.794072132263373,
            72.93868699768338,
            36.15632005500449,
            58.9538334744513,
            51.4169062515582,
            34.47825627065288,
            0.0,
            65.1415342279155,
            21.895157015545383
        ],
        [
            72.3686160220843,
            44.208787579326874,
            67.57474853384389,
            38.915439560348815,
            88.99333237417366,
            56.91590944918853,
            22.974407683032922,
            70.19655519404769,
            91.13512497861512,
            69.1413850152608,
            57.10116757899585,
            44.779190750986515,
            21.278108272287426,
            93.11598087413728,
            65.8241342105265,
            16.55604895125727,
            56.91629025453417,
            64.55597897922472,
            69.4840918592341,
            61.29768484064585,
            59.68525718353083,
            31.901532679286074,
            65.1415342279155,
            0.0,
            72.3686160220843
        ],
        [
            0.0,
            29.18932935712774,
            109.26659771015338,
            33.819809481062386,
            71.60327211137555,
            18.5812375927773,
            53.757824318021036,
            97.6816796754904,
            84.77537182836195,
            70.8562492195459,
            20.34018606539807,
            88.207786550235,
            91.26586388664,
            78.77151395497481,
            80.64488327558838,
            66.43067446722009,
            15.456207598866683,
            93.34088802381739,
            58.0463956777215,
            79.81555624062516,
            72.4377729744686,
            40.75652795177767,
            21.895157015545383,
            72.3686160220843,
            0.0
        ]
    ],
    "scores_ave": [
        0,
        17.90950157049982,
        18.915740077574053,
        16.24966000936764,
        14.496097872577423,
        19.420014251498547,
        14.922014599696283,
        17.968323904698032,
        13.760200507144212,
        10.849319884796886,
        12.484388584808846,
        13.929243848380853,
        10.74489309695801,
        18.69632532187299,
        13.307103432656767,
        15.692513884377743,
        18.962269018213775,
        18.567186856921573,
        12.569254650186927,
        14.368720826578947,
        13.789186886928976,
        17.15275294199641,
        16.471257298812063,
        18.484296331707014,
        0
    ],
    "scores_var": [
        0,
        22.739763786037848,
        332.8708700305444,
        281.7041331603502,
        342.958461050763,
        365.83008563778037,
        381.32548591235445,
        293.03871507838835,
        23.93790780061176,
        264.6317384969614,
        348.32027824630126,
        305.45959606057716,
        304.7209773976486,
        19.7923166585232,
        18.917121277934726,
        340.72834382617106,
        22.41698059657178,
        23.841025104578076,
        19.605334566148713,
        352.5516895659913,
        317.920935845991,
        24.367407876253655,
        18.821410101107013,
        17.133216187284464,
        0
    ],
    "vertex_number": 25,
    "minimum_distances": {
        "cost": 391.3482823181482,
        "path": [
            0,
            10,
            5,
            16,
            1,
            3,
            21,
            6,
            15,
            23,
            12,
            11,
            2,
            7,
            17,
            19,
            14,
            20,
            9,
            8,
            13,
            4,
            18,
            22,
            24
        ]
    }
}