{
    "vertices": [
        [
            41.564416213318786,
            70.41647135649637
        ],
        [
            35.632279431937,
            44.81411724856491
        ],
        [
            76.18777991504905,
            72.15043332155773
        ],
        [
            39.163147808980995,
            44.6494414823658
        ],
        [
            4.68847940031607,
            8.23177254386075
        ],
        [
            31.59528266777749,
            28.476820809143312
        ],
        [
            32.03949199320779,
            68.34984063112691
        ],
        [
            79.4834295854422,
            24.507361562671104
        ],
        [
            93.68654323902898,
            4.786411332592344
        ],
        [
            37.89349725906903,
            3.9134863378602502
        ],
        [
            49.10259553785772,
            73.97841833144118
        ],
        [
            40.498534417486646,
            55.209347608554516
        ],
        [
            59.0681223416377,
            4.9920248632124515
        ],
        [
            73.89081623553925,
            3.426757599943653
        ],
        [
            7.711025182209486,
            82.51798804782636
        ],
        [
            84.13658104248832,
            42.30776130519912
        ],
        [
            70.9257089177181,
            38.55557529937903
        ],
        [
            13.458510810982338,
            19.162119220928275
        ],
        [
            17.137480783710558,
            14.711892362592739
        ],
        [
            96.21986327355012,
            54.850468187660226
        ],
        [
            41.564416213318786,
            70.41647135649637
        ]
    ],
    "distances": [
        [
            0.0,
            26.28061610124347,
            34.66675551762196,
            25.878676907523854,
            72.29641403454791,
            43.10821165025207,
            9.746545231716631,
            59.54408398133921,
            83.80943207315937,
            66.60422405792002,
            8.337362519479685,
            15.24443231766613,
            67.72545996284647,
            74.38156954233679,
            35.95133920364761,
            51.01459398044718,
            43.32669162116868,
            58.45468784727106,
            60.82495618880707,
            56.8288513697573,
            0.0
        ],
        [
            26.28061610124347,
            0.0,
            48.90831009019088,
            3.5347064381618103,
            47.914368455513845,
            16.828683781667895,
            23.808368207845866,
            48.32481449805927,
            70.51606049035223,
            40.96308966564204,
            32.124848227596104,
            11.47785920028802,
            46.206468971732896,
            56.36159310236813,
            46.91671676625856,
            48.569013731412916,
            35.84404430581909,
            33.90724137504417,
            35.3298955577862,
            61.41322053057613,
            26.28061610124347
        ],
        [
            34.66675551762196,
            48.90831009019088,
            0.0,
            46.12079720396197,
            95.90487563054546,
            62.41694674231064,
            44.31157671792272,
            47.756921941980124,
            69.59969954244399,
            78.24789465405463,
            27.14679984717919,
            39.50598219663194,
            69.30609282082494,
            68.762050920799,
            69.2571449725127,
            30.88314285236418,
            34.00446848152895,
            82.11408304034933,
            82.37793281574413,
            26.4683425494685,
            34.66675551762196
        ],
        [
            25.878676907523854,
            3.5347064381618103,
            46.12079720396197,
            0.0,
            50.14727682339247,
            17.855706153366956,
            24.747836107267958,
            45.071371246331054,
            67.54155625941058,
            40.75573645579307,
            30.967426502192136,
            10.644006519543952,
            44.372499411807,
            53.90102615734767,
            49.226647628189426,
            45.03435536188873,
            32.34185358389974,
            36.198507693788294,
            37.1670129981804,
            57.961450339401715,
            25.878676907523854
        ],
        [
            72.29641403454791,
            47.914368455513845,
            95.90487563054546,
            50.14727682339247,
            0.0,
            33.67251165769333,
            66.04740721937306,
            76.54527660871517,
            89.06472860181931,
            33.484635383367056,
            79.34251788667035,
            59.06989588014965,
            54.476063839634165,
            69.3689526522273,
            74.34768050790329,
            86.44752087022387,
            72.84849749786589,
            14.013776415547454,
            14.034585434165164,
            102.71950650815326,
            72.29641403454791
        ],
        [
            43.10821165025207,
            16.828683781667895,
            62.41694674231064,
            17.855706153366956,
            33.67251165769333,
            0.0,
            39.87549412419985,
            48.05237998182029,
            66.45720533165463,
            25.357935787166912,
            48.75347557879397,
            28.17615802056656,
            36.14266952464411,
            49.157073006501925,
            59.08388538473263,
            54.33123364976933,
            40.60127733306508,
            20.388873413284323,
            19.962497099751484,
            69.79903791971888,
            43.10821165025207
        ],
        [
            9.746545231716631,
            23.808368207845866,
            44.31157671792272,
            24.747836107267958,
            66.04740721937306,
            39.87549412419985,
            0.0,
            64.59945963492123,
            88.54754921224362,
            64.70172433761032,
            17.96748144576529,
            15.62779432971983,
            68.88221597330516,
            77.2433819243479,
            28.153342582989563,
            58.243425234326494,
            48.988122166078846,
            52.58027005656712,
            55.669555706381644,
            65.5847018293902,
            9.746545231716631
        ],
        [
            59.54408398133921,
            48.32481449805927,
            47.756921941980124,
            45.071371246331054,
            76.54527660871517,
            48.05237998182029,
            64.59945963492123,
            0.0,
            24.303175007269044,
            46.409375859705094,
            58.054978556931175,
            49.62291807641005,
            28.242399620998462,
            21.80984152888033,
            92.28494362040526,
            18.39853389474286,
            16.44952559252155,
            66.24093534111654,
            63.11076412814082,
            34.65273917386463,
            59.54408398133921
        ],
        [
            83.80943207315937,
            70.51606049035223,
            69.59969954244399,
            67.54155625941058,
            89.06472860181931,
            66.45720533165463,
            88.54754921224362,
            24.303175007269044,
            0.0,
            55.79987435262155,
            82.31198105470138,
            73.29008654033782,
            34.61903150512607,
            19.842365430295803,
            115.90508066420043,
            38.7176120353799,
            40.72360512059176,
            81.50581675295615,
            77.18985773056676,
            50.12811086790301,
            83.80943207315937
        ],
        [
            66.60422405792002,
            40.96308966564204,
            78.24789465405463,
            40.75573645579307,
            33.484635383367056,
            25.357935787166912,
            64.70172433761032,
            46.409375859705094,
            55.79987435262155,
            0.0,
            70.95589178841081,
            51.361966493691114,
            21.20207519885766,
            36.0006094164815,
            84.20005528348821,
            60.10443534439002,
            47.86649490697614,
            28.802593069388102,
            23.396961183032534,
            77.43733655299663,
            66.60422405792002
        ],
        [
            8.337362519479685,
            32.124848227596104,
            27.14679984717919,
            30.967426502192136,
            79.34251788667035,
            48.75347557879397,
            17.96748144576529,
            58.054978556931175,
            82.31198105470138,
            70.95589178841081,
            0.0,
            20.64722459711722,
            69.70246916881875,
            74.77962768915941,
            42.26329787708929,
            47.227223683088994,
            41.60560161882478,
            65.38598798052904,
            67.33713434400059,
            50.85189667632752,
            8.337362519479685
        ],
        [
            15.24443231766613,
            11.47785920028802,
            39.50598219663194,
            10.644006519543952,
            59.06989588014965,
            28.17615802056656,
            15.62779432971983,
            49.62291807641005,
            73.29008654033782,
            51.361966493691114,
            20.64722459711722,
            0.0,
            53.54072374728069,
            61.61559147663951,
            42.67062929574414,
            45.50527488532233,
            34.686612405846084,
            45.06179702441967,
            46.75235510943636,
            55.72248454550742,
            15.24443231766613
        ],
        [
            67.72545996284647,
            46.206468971732896,
            69.30609282082494,
            44.372499411807,
            54.476063839634165,
            36.14266952464411,
            68.88221597330516,
            28.242399620998462,
            34.61903150512607,
            21.20207519885766,
            69.70246916881875,
            53.54072374728069,
            0.0,
            14.905110394685687,
            92.99369008887142,
            44.954330245751244,
            35.596548671048716,
            47.76011137009481,
            43.04247350774437,
            62.17810084755812,
            67.72545996284647
        ],
        [
            74.38156954233679,
            56.36159310236813,
            68.762050920799,
            53.90102615734767,
            69.3689526522273,
            49.157073006501925,
            77.2433819243479,
            21.80984152888033,
            19.842365430295803,
            36.0006094164815,
            74.77962768915941,
            61.61559147663951,
            14.905110394685687,
            0.0,
            103.12704532576542,
            40.20830940996407,
            35.253733055753976,
            62.44729893494262,
            57.8644567201572,
            56.06232560494556,
            74.38156954233679
        ],
        [
            35.95133920364761,
            46.91671676625856,
            69.2571449725127,
            49.226647628189426,
            74.34768050790329,
            59.08388538473263,
            28.153342582989563,
            92.28494362040526,
            115.90508066420043,
            84.20005528348821,
            42.26329787708929,
            42.67062929574414,
            92.99369008887142,
            103.12704532576542,
            0.0,
            86.35813756239823,
            76.9986361856184,
            63.61603340246913,
            68.45819656755596,
            92.73244348927639,
            35.95133920364761
        ],
        [
            51.01459398044718,
            48.569013731412916,
            30.88314285236418,
            45.03435536188873,
            86.44752087022387,
            54.33123364976933,
            58.243425234326494,
            18.39853389474286,
            38.7176120353799,
            60.10443534439002,
            47.227223683088994,
            45.50527488532233,
            44.954330245751244,
            40.20830940996407,
            86.35813756239823,
            0.0,
            13.733391500984123,
            74.37143510207976,
            72.45972273051602,
            17.416233961876802,
            51.01459398044718
        ],
        [
            43.32669162116868,
            35.84404430581909,
            34.00446848152895,
            32.34185358389974,
            72.84849749786589,
            40.60127733306508,
            48.988122166078846,
            16.44952559252155,
            40.72360512059176,
            47.86649490697614,
            41.60560161882478,
            34.686612405846084,
            35.596548671048716,
            35.253733055753976,
            76.9986361856184,
            13.733391500984123,
            0.0,
            60.651339613446396,
            58.83616831325808,
            30.088499112072924,
            43.32669162116868
        ],
        [
            58.45468784727106,
            33.90724137504417,
            82.11408304034933,
            36.198507693788294,
            14.013776415547454,
            20.388873413284323,
            52.58027005656712,
            66.24093534111654,
            81.50581675295615,
            28.802593069388102,
            65.38598798052904,
            45.06179702441967,
            47.76011137009481,
            62.44729893494262,
            63.61603340246913,
            74.37143510207976,
            60.651339613446396,
            0.0,
            5.774022787527501,
            90.12824037672439,
            58.45468784727106
        ],
        [
            60.82495618880707,
            35.3298955577862,
            82.37793281574413,
            37.1670129981804,
            14.034585434165164,
            19.962497099751484,
            55.669555706381644,
            63.11076412814082,
            77.18985773056676,
            23.396961183032534,
            67.33713434400059,
            46.75235510943636,
            43.04247350774437,
            57.8644567201572,
            68.45819656755596,
            72.45972273051602,
            58.83616831325808,
            5.774022787527501,
            0.0,
            88.6855596449274,
            60.82495618880707
        ],
        [
            56.8288513697573,
            61.41322053057613,
            26.4683425494685,
            57.961450339401715,
            102.71950650815326,
            69.79903791971888,
            65.5847018293902,
            34.65273917386463,
            50.12811086790301,
            77.43733655299663,
            50.85189667632752,
            55.72248454550742,
            62.17810084755812,
            56.06232560494556,
            92.73244348927639,
            17.416233961876802,
            30.088499112072924,
            90.12824037672439,
            88.6855596449274,
            0.0,
            56.8288513697573
        ],
        [
            0.0,
            26.28061610124347,
            34.66675551762196,
            25.878676907523854,
            72.29641403454791,
            43.10821165025207,
            9.746545231716631,
            59.54408398133921,
            83.80943207315937,
            66.60422405792002,
            8.337362519479685,
            15.24443231766613,
            67.72545996284647,
            74.38156954233679,
            35.95133920364761,
            51.01459398044718,
            43.32669162116868,
            58.45468784727106,
            60.82495618880707,
            56.8288513697573,
            0.0
        ]
    ],
    "scores_ave": [
        0,
        12.770267624133062,
        10.497474944271175,
        16.14833448364082,
        18.18469536834212,
        19.715951269123636,
        18.712807869108683,
        10.750242621638392,
        12.569000967001486,
        10.876484285842158,
        16.94720668779597,
        14.17905434547793,
        17.18623892189492,
        10.052084900495453,
        11.606433884559856,
        16.22593828235413,
        16.81674549807891,
        12.483775251521436,
        10.208714352179175,
        18.662563923737466,
        0
    ],
    "scores_var": [
        0,
        24.570192686099773,
        334.4959055174111,
        385.85130562085163,
        19.175843534056746,
        377.89966571563286,
        391.44038400026255,
        23.80245874968238,
        16.677242317415697,
        22.181355506646984,
        302.2835171820499,
        243.33108301144463,
        291.4333520986386,
        337.43062745469774,
        254.48046030940512,
        325.52460434312013,
        16.54031004051781,
        24.714319552170828,
        22.147568228762083,
        22.351709173901302,
        0
    ],
    "vertex_number": 21,
    "minimum_distances": {
        "cost": 372.3784513043782,
        "path": [
            0,
            14,
            6,
            11,
            3,
            1,
            5,
            17,
            4,
            18,
            9,
            12,
            13,
            8,
            7,
            16,
            15,
            19,
            2,
            10,
            20
        ]
    }
}