{
    "vertices": [
        [
            12.548193513358852,
            11.498974588858191
        ],
        [
            96.0502117663088,
            24.90752559628251
        ],
        [
            25.356989958967514,
            20.124281775207987
        ],
        [
            99.16089619983812,
            85.34890194028728
        ],
        [
            65.79081685444835,
            99.31485738910578
        ],
        [
            47.05059754085868,
            60.728479469926896
        ],
        [
            1.3960943113764057,
            44.697718063893035
        ],
        [
            87.44111734325645,
            14.679222281861781
        ],
        [
            34.80170518012321,
            43.02889775633748
        ],
        [
            6.660489060667385,
            66.37381587816364
        ],
        [
            15.754078414209726,
            30.756447873924465
        ],
        [
            52.09423074941127,
            71.25465212379825
        ],
        [
            28.845175337951634,
            55.45071630273078
        ],
        [
            19.37834920159731,
            22.168318586841607
        ],
        [
            73.34618344624097,
            53.33404663314717
        ],
        [
            41.855291719858826,
            96.39971865780598
        ],
        [
            2.6862624306229654,
            0.9579092909925535
        ],
        [
            31.41710202628396,
            92.86271429942545
        ],
        [
            44.150535971221395,
            43.694995157873265
        ],
        [
            56.18438279690763,
            72.5416201924253
        ],
        [
            35.80282521418856,
            15.743967941402792
        ],
        [
            82.05113278357516,
            75.9355888651012
        ],
        [
            15.6039571949089,
            87.19733540575547
        ],
        [
            12.548193513358852,
            11.498974588858191
        ]
    ],
    "distances": [
        [
            0.0,
            84.57172277088063,
            15.44218865458956,
            113.82254625717967,
            102.69569714563482,
            60.116221059810506,
            35.0217915722772,
            74.96041632208093,
            38.59216029778541,
            55.18979317091798,
            19.522499207902275,
            71.65633299810271,
            46.875870298844326,
            12.668304072482666,
            73.80087284598797,
            89.81671530815635,
            14.435087193865488,
            83.52301388334881,
            45.11420828635324,
            75.03546892951618,
            23.638905729842524,
            94.77729594467601,
            75.7600126850745,
            0.0
        ],
        [
            84.57172277088063,
            0.0,
            70.8548589085731,
            60.521370870153135,
            80.3248529719116,
            60.69681153619762,
            96.70084626867134,
            13.369169588153978,
            63.87302785997573,
            98.53920922725479,
            80.5088748096008,
            63.87632115671198,
            73.82007464008204,
            76.720777916954,
            36.38048927952662,
            89.7118889979876,
            96.38677895192433,
            93.78350892532151,
            55.19551938484574,
            62.11514539475719,
            60.94028532305132,
            52.91349027735155,
            101.7429126802786,
            84.57172277088063
        ],
        [
            15.44218865458956,
            70.8548589085731,
            0.0,
            98.49501333615873,
            88.91592446504829,
            46.03600200222541,
            34.32168835108223,
            62.32244817042006,
            24.7754733325469,
            49.88565475746104,
            14.326858207127563,
            57.699175185353965,
            35.498231134318694,
            6.3184042125366995,
            58.35967077938823,
            78.03932491138438,
            29.686894766346477,
            72.99044132178247,
            30.145910188323388,
            60.81040631281596,
            11.327074797221217,
            79.55581581317216,
            67.77843441259984,
            15.44218865458956
        ],
        [
            113.82254625717967,
            60.521370870153135,
            98.49501333615873,
            0.0,
            36.174716406849576,
            57.633743839412865,
            105.87953172753733,
            71.63488563173433,
            77.02654232692574,
            94.42658106686564,
            99.68466930332342,
            49.13164840010973,
            76.40812852533773,
            101.76954808982988,
            41.12603013771021,
            58.361398671896254,
            128.17641983312495,
            68.15921819678692,
            69.00136000630867,
            44.84425459344132,
            94.12274961990686,
            19.52829913771191,
            83.57738188140212,
            113.82254625717967
        ],
        [
            102.69569714563482,
            80.3248529719116,
            88.91592446504829,
            36.174716406849576,
            0.0,
            42.89643785727592,
            84.43762312777947,
            87.36089652277063,
            64.25289327450879,
            67.6868368357216,
            84.8759725068771,
            31.224535072021286,
            57.35018134505677,
            90.03169221333228,
            46.597408963499845,
            24.112390949287693,
            116.86006173284558,
            34.97402495478149,
            59.6814111036782,
            28.444503955801267,
            88.78836188204221,
            28.477852286163127,
            51.62901530634965,
            102.69569714563482
        ],
        [
            60.116221059810506,
            60.69681153619762,
            46.03600200222541,
            57.633743839412865,
            42.89643785727592,
            0.0,
            48.38717780970483,
            61.25298504955047,
            21.52464998323812,
            40.78272534056281,
            43.3335295981815,
            11.672126913357461,
            18.955004131761957,
            47.46197778726856,
            27.315480502546283,
            36.04758671218637,
            74.4359811468097,
            35.735349866505935,
            17.278597886306176,
            14.932391865778476,
            46.369372001058245,
            38.161415637177775,
            41.10342471861881,
            60.116221059810506
        ],
        [
            35.0217915722772,
            96.70084626867134,
            34.32168835108223,
            105.87953172753733,
            84.43762312777947,
            48.38717780970483,
            0.0,
            91.13098308244346,
            33.4472689278668,
            22.30621143381792,
            20.01276397719517,
            57.23261120158464,
            29.480146206013632,
            28.82594893032038,
            72.46655433833646,
            65.65092170222384,
            43.75883231149824,
            56.75498010384102,
            42.76619850853411,
            61.45762313104108,
            44.96824187773114,
            86.49300435957139,
            44.8116150336271,
            35.0217915722772
        ],
        [
            74.96041632208093,
            13.369169588153978,
            62.32244817042006,
            71.63488563173433,
            87.36089652277063,
            61.25298504955047,
            91.13098308244346,
            0.0,
            59.78805743949463,
            95.90537478586194,
            73.46773940412714,
            66.709681858618,
            71.38486635262969,
            68.47354942290136,
            41.144411615551896,
            93.57514106693895,
            85.85837094573219,
            96.18393169493962,
            52.11515625152698,
            65.76504045814389,
            51.64926811994984,
            61.49304335072231,
            102.0757283061413,
            74.96041632208093
        ],
        [
            38.59216029778541,
            63.87302785997573,
            24.7754733325469,
            77.02654232692574,
            64.25289327450879,
            21.52464998323812,
            33.4472689278668,
            59.78805743949463,
            0.0,
            36.56382429118551,
            22.658885928700972,
            33.10173183047546,
            13.776132394841492,
            25.94308526230324,
            39.89828189509464,
            53.83491066928751,
            52.9279674033267,
            49.94862170029446,
            9.372530229821523,
            36.44474842350945,
            27.30328984442202,
            57.57915185708657,
            48.160195307892224,
            38.59216029778541
        ],
        [
            55.18979317091798,
            98.53920922725479,
            49.88565475746104,
            94.42658106686564,
            67.6868368357216,
            40.78272534056281,
            22.30621143381792,
            95.90537478586194,
            36.56382429118551,
            0.0,
            36.75990031107619,
            45.69515779922643,
            24.728008604745057,
            45.998586471079015,
            67.94863808531704,
            46.26260878886925,
            65.53651891829813,
            36.25674592543105,
            43.81589353897296,
            49.906491169560695,
            58.41795322145713,
            75.99458312016812,
            22.6628459771537,
            55.18979317091798
        ],
        [
            19.522499207902275,
            80.5088748096008,
            14.326858207127563,
            99.68466930332342,
            84.8759725068771,
            43.3335295981815,
            20.01276397719517,
            73.46773940412714,
            22.658885928700972,
            36.75990031107619,
            0.0,
            54.41241787689781,
            27.949663896024674,
            9.321550482187034,
            61.85950636525459,
            70.64214277067894,
            32.53798881706378,
            64.05090661331583,
            31.205204815962098,
            58.14301452594636,
            25.0464928078569,
            80.22751522236757,
            56.44108717735052,
            19.522499207902275
        ],
        [
            71.65633299810271,
            63.87632115671198,
            57.699175185353965,
            49.13164840010973,
            31.224535072021286,
            11.672126913357461,
            57.23261120158464,
            66.709681858618,
            33.10173183047546,
            45.69515779922643,
            54.41241787689781,
            0.0,
            28.11197191520972,
            58.98980458987763,
            27.79916535761175,
            27.149774279919303,
            85.92310158677937,
            29.907390444813924,
            28.681648816072247,
            4.287846846764038,
            57.85193127900515,
            30.320408115006835,
            39.82096450754568,
            71.65633299810271
        ],
        [
            46.875870298844326,
            73.82007464008204,
            35.498231134318694,
            76.40812852533773,
            57.35018134505677,
            18.955004131761957,
            29.480146206013632,
            71.38486635262969,
            13.776132394841492,
            24.728008604745057,
            27.949663896024674,
            28.11197191520972,
            0.0,
            34.60258364363254,
            44.55131887098483,
            42.9660787383108,
            60.44629633411591,
            37.50029867874177,
            19.298990744339296,
            32.241762672822496,
            40.31171984956884,
            57.01319068077191,
            34.397349932577306,
            46.875870298844326
        ],
        [
            12.668304072482666,
            76.720777916954,
            6.3184042125366995,
            101.76954808982988,
            90.03169221333228,
            47.46197778726856,
            28.82594893032038,
            68.47354942290136,
            25.94308526230324,
            45.998586471079015,
            9.321550482187034,
            58.98980458987763,
            34.60258364363254,
            0.0,
            62.3203797943627,
            77.55974278879992,
            26.990872962302955,
            71.71212697125426,
            32.8185776892135,
            62.38712706693755,
            17.636204055967813,
            82.5760083504213,
            65.13846070836135,
            12.668304072482666
        ],
        [
            73.80087284598797,
            36.38048927952662,
            58.35967077938823,
            41.12603013771021,
            46.597408963499845,
            27.315480502546283,
            72.46655433833646,
            41.144411615551896,
            39.89828189509464,
            67.94863808531704,
            61.85950636525459,
            27.79916535761175,
            44.55131887098483,
            62.3203797943627,
            0.0,
            53.35099219937904,
            87.95501236892426,
            57.62433024506626,
            30.745684979011234,
            25.75768397124514,
            53.12737301421699,
            24.219947444789312,
            66.93942798498566,
            73.80087284598797
        ],
        [
            89.81671530815635,
            89.7118889979876,
            78.03932491138438,
            58.361398671896254,
            24.112390949287693,
            36.04758671218637,
            65.65092170222384,
            93.57514106693895,
            53.83491066928751,
            46.26260878886925,
            70.64214277067894,
            27.149774279919303,
            42.9660787383108,
            77.55974278879992,
            53.35099219937904,
            0.0,
            103.16662168876216,
            11.021170714141734,
            52.75467775825924,
            27.83040986902923,
            80.88252267597021,
            45.105279591110076,
            27.81755600081444,
            89.81671530815635
        ],
        [
            14.435087193865488,
            96.38677895192433,
            29.686894766346477,
            128.17641983312495,
            116.86006173284558,
            74.4359811468097,
            43.75883231149824,
            85.85837094573219,
            52.9279674033267,
            65.53651891829813,
            32.53798881706378,
            85.92310158677937,
            60.44629633411591,
            26.990872962302955,
            87.95501236892426,
            103.16662168876216,
            0.0,
            96.29098777928117,
            59.54615427248603,
            89.36596974881088,
            36.267537289030436,
            109.1807450078017,
            87.2015220889344,
            14.435087193865488
        ],
        [
            83.52301388334881,
            93.78350892532151,
            72.99044132178247,
            68.15921819678692,
            34.97402495478149,
            35.735349866505935,
            56.75498010384102,
            96.18393169493962,
            49.94862170029446,
            36.25674592543105,
            64.05090661331583,
            29.907390444813924,
            37.50029867874177,
            71.71212697125426,
            57.62433024506626,
            11.021170714141734,
            96.29098777928117,
            0.0,
            50.78981143509633,
            32.036932788212745,
            77.24335316202914,
            53.388506686361424,
            16.797382756455992,
            83.52301388334881
        ],
        [
            45.11420828635324,
            55.19551938484574,
            30.145910188323388,
            69.00136000630867,
            59.6814111036782,
            17.278597886306176,
            42.76619850853411,
            52.11515625152698,
            9.372530229821523,
            43.81589353897296,
            31.205204815962098,
            28.681648816072247,
            19.298990744339296,
            32.8185776892135,
            30.745684979011234,
            52.75467775825924,
            59.54615427248603,
            50.78981143509633,
            0.0,
            31.25605933748083,
            29.170947830657727,
            49.75852812661509,
            52.03230503134304,
            45.11420828635324
        ],
        [
            75.03546892951618,
            62.11514539475719,
            60.81040631281596,
            44.84425459344132,
            28.444503955801267,
            14.932391865778476,
            61.45762313104108,
            65.76504045814389,
            36.44474842350945,
            49.906491169560695,
            58.14301452594636,
            4.287846846764038,
            32.241762672822496,
            62.38712706693755,
            25.75768397124514,
            27.83040986902923,
            89.36596974881088,
            32.036932788212745,
            31.25605933748083,
            0.0,
            60.34385793704091,
            26.088460633465324,
            43.14581011469817,
            75.03546892951618
        ],
        [
            23.638905729842524,
            60.94028532305132,
            11.327074797221217,
            94.12274961990686,
            88.78836188204221,
            46.369372001058245,
            44.96824187773114,
            51.64926811994984,
            27.30328984442202,
            58.41795322145713,
            25.0464928078569,
            57.85193127900515,
            40.31171984956884,
            17.636204055967813,
            53.12737301421699,
            80.88252267597021,
            36.267537289030436,
            77.24335316202914,
            29.170947830657727,
            60.34385793704091,
            0.0,
            75.90742508117891,
            74.25347124044836,
            23.638905729842524
        ],
        [
            94.77729594467601,
            52.91349027735155,
            79.55581581317216,
            19.52829913771191,
            28.477852286163127,
            38.161415637177775,
            86.49300435957139,
            61.49304335072231,
            57.57915185708657,
            75.99458312016812,
            80.22751522236757,
            30.320408115006835,
            57.01319068077191,
            82.5760083504213,
            24.219947444789312,
            45.105279591110076,
            109.1807450078017,
            53.388506686361424,
            49.75852812661509,
            26.088460633465324,
            75.90742508117891,
            0.0,
            67.39476299280963,
            94.77729594467601
        ],
        [
            75.7600126850745,
            101.7429126802786,
            67.77843441259984,
            83.57738188140212,
            51.62901530634965,
            41.10342471861881,
            44.8116150336271,
            102.0757283061413,
            48.160195307892224,
            22.6628459771537,
            56.44108717735052,
            39.82096450754568,
            34.397349932577306,
            65.13846070836135,
            66.93942798498566,
            27.81755600081444,
            87.2015220889344,
            16.797382756455992,
            52.03230503134304,
            43.14581011469817,
            74.25347124044836,
            67.39476299280963,
            0.0,
            75.7600126850745
        ],
        [
            0.0,
            84.57172277088063,
            15.44218865458956,
            113.82254625717967,
            102.69569714563482,
            60.116221059810506,
            35.0217915722772,
            74.96041632208093,
            38.59216029778541,
            55.18979317091798,
            19.522499207902275,
            71.65633299810271,
            46.875870298844326,
            12.668304072482666,
            73.80087284598797,
            89.81671530815635,
            14.435087193865488,
            83.52301388334881,
            45.11420828635324,
            75.03546892951618,
            23.638905729842524,
            94.77729594467601,
            75.7600126850745,
            0.0
        ]
    ],
    "scores_ave": [
        0,
        17.896551555377364,
        12.475184934481424,
        15.100911064175618,
        14.724886736566202,
        18.964625050822235,
        18.690510275381982,
        13.35218464830196,
        11.884568361902106,
        12.722723798094044,
        14.73073552262908,
        11.086859752575135,
        19.155972388480656,
        15.107967632078797,
        15.53491596716871,
        17.300910978243582,
        17.230299656116294,
        11.429861770922615,
        10.00777690543742,
        10.517080504309131,
        13.969025007984794,
        10.040392915419453,
        11.019109377515544,
        0
    ],
    "scores_var": [
        0,
        237.17482482266968,
        387.52696757337424,
        253.71898397060593,
        376.85982845548335,
        381.25638580876387,
        292.9081759601741,
        388.01786752342207,
        17.18875925278433,
        24.038179890886298,
        16.204388442291147,
        17.207821246836623,
        21.379376963232602,
        20.44694971284537,
        324.10018392236117,
        398.9724393099485,
        21.948758550675013,
        355.92623848230403,
        24.64814128914113,
        18.713056751071235,
        17.730365636449072,
        20.282044223627885,
        23.537150325758333,
        0
    ],
    "vertex_number": 24,
    "minimum_distances": {
        "cost": 470.23300071740533,
        "path": [
            0,
            16,
            10,
            6,
            9,
            22,
            17,
            15,
            4,
            21,
            3,
            1,
            7,
            14,
            19,
            11,
            5,
            12,
            8,
            18,
            20,
            2,
            13,
            23
        ]
    }
}