{
    "vertices": [
        [
            37.873946303839205,
            18.329060163241262
        ],
        [
            43.367687970137304,
            10.580268118379454
        ],
        [
            15.907360308620145,
            1.8118761492630475
        ],
        [
            66.269135901221,
            75.52488573088742
        ],
        [
            24.307780524200183,
            94.22157271187174
        ],
        [
            11.296705258705654,
            80.08649007608255
        ],
        [
            58.84255299215684,
            55.98394757385859
        ],
        [
            19.28996909579208,
            62.409531975323226
        ],
        [
            21.555934372785103,
            45.28757778532556
        ],
        [
            34.51799676287995,
            46.753463903740744
        ],
        [
            60.908235808642374,
            46.990754521911484
        ],
        [
            84.38825588956091,
            7.99696879921834
        ],
        [
            0.49122015209043246,
            93.409581118468
        ],
        [
            12.63929051568332,
            77.46978825737057
        ],
        [
            43.098263958496716,
            16.425374474434527
        ],
        [
            79.14593642508206,
            16.592998641596267
        ],
        [
            35.22315591351609,
            76.96159127428929
        ],
        [
            22.623339134888067,
            20.374710428279208
        ],
        [
            47.364561410132936,
            23.071990806099517
        ],
        [
            14.371463427843544,
            93.37288398216664
        ],
        [
            48.06888979581851,
            11.921342050349127
        ],
        [
            85.67082943687797,
            19.799062039985373
        ],
        [
            93.02474913276629,
            77.89450986112702
        ],
        [
            37.873946303839205,
            18.329060163241262
        ]
    ],
    "distances": [
        [
            0.0,
            9.498682837664045,
            27.48359998320765,
            63.85647386628755,
            77.09548829149915,
            67.23339862754698,
            43.09957090686202,
            47.83776963911432,
            31.51252426833264,
            28.621829524409957,
            36.770521025692766,
            47.64801263631967,
            83.8722411852985,
            64.29940569126937,
            5.56035198153262,
            41.308486757262166,
            58.69242194850579,
            15.387192857325005,
            10.60976748938329,
            78.6380454659345,
            12.04141703533837,
            47.81948287833105,
            81.17668292303246,
            0.0
        ],
        [
            9.498682837664045,
            0.0,
            28.826277820800062,
            68.86421185329154,
            85.78547607811619,
            76.5484344902653,
            47.96838078928266,
            57.14900819913411,
            40.9920716640291,
            37.23999365990665,
            40.41527358087133,
            41.10182998121158,
            93.26889398196296,
            73.61006938281876,
            5.851312469151166,
            36.27996679778772,
            66.87909588466835,
            22.940338026290302,
            13.11556834461407,
            87.72341921787901,
            4.888739908892359,
            43.295980637053496,
            83.64825679421021,
            9.498682837664045
        ],
        [
            27.48359998320765,
            28.826277820800062,
            0.0,
            89.2743872699227,
            92.79072733086933,
            78.41028838986597,
            69.12339758145504,
            60.691992336886564,
            43.84111109114692,
            48.64259552209404,
            63.7668397113975,
            68.75964245584937,
            92.8859350652793,
            75.72846191974078,
            30.86907148905941,
            64.94304498074375,
            77.59239423566407,
            19.740394830526984,
            37.96772282298282,
            91.57388893459431,
            33.7129838454141,
            72.04498928500706,
            108.33124577696042,
            27.48359998320765
        ],
        [
            63.85647386628755,
            68.86421185329154,
            89.2743872699227,
            0.0,
            45.9382351548418,
            55.16136659790313,
            20.904602310544657,
            48.775553486002664,
            53.97745068746079,
            42.84774848854844,
            29.033358291001473,
            69.91653648660136,
            68.16594845966911,
            53.665100036375584,
            63.479457601162046,
            60.322295278249065,
            31.079205205658265,
            70.33134017830497,
            55.75561965111623,
            54.880957077401874,
            66.1563279438888,
            59.00672112633486,
            26.860341731159245,
            63.85647386628755
        ],
        [
            77.09548829149915,
            85.78547607811619,
            92.79072733086933,
            45.9382351548418,
            0.0,
            19.211679798626474,
            51.52442610654438,
            32.2053468752455,
            49.01131008973649,
            48.55378326620042,
            59.75235153465956,
            105.09208267049274,
            23.830398198647604,
            20.415091023282876,
            80.03331011455919,
            95.04429943344141,
            20.421860324548646,
            73.86607077627664,
            74.79223322102439,
            9.97249567557077,
            85.66165000020496,
            96.4579383284068,
            70.62998482289818,
            77.09548829149915
        ],
        [
            67.23339862754698,
            76.5484344902653,
            78.41028838986597,
            55.16136659790313,
            19.211679798626474,
            0.0,
            53.30609901093905,
            19.40018336164054,
            36.27969237238615,
            40.624118611089415,
            59.637502256373274,
            102.66096556895585,
            17.154103395776026,
            2.941031040350376,
            71.16232693906693,
            92.92438659689698,
            24.12965050427643,
            60.77655192319572,
            67.46512709813082,
            13.6375364647105,
            77.45115209602523,
            95.7396695548809,
            81.75743350144461,
            67.23339862754698
        ],
        [
            43.09957090686202,
            47.96838078928266,
            69.12339758145504,
            20.904602310544657,
            51.52442610654438,
            53.30609901093905,
            0.0,
            40.07112461335866,
            38.7905175876724,
            26.017030278945466,
            9.227381360272988,
            54.362975161779104,
            69.32211833482589,
            50.95471335752134,
            42.576558607265426,
            44.31562068400352,
            31.590148046198248,
            50.79221616083198,
            34.85600649873497,
            58.10000320810386,
            45.360610932708376,
            45.04555869443608,
            40.60166588625847,
            43.09957090686202
        ],
        [
            47.83776963911432,
            57.14900819913411,
            60.691992336886564,
            48.775553486002664,
            32.2053468752455,
            19.40018336164054,
            40.07112461335866,
            0.0,
            17.27124529155083,
            21.840450867406975,
            44.38264100230833,
            84.8440568035109,
            36.25459982851438,
            16.463378901576185,
            51.78202048333018,
            75.37832282324636,
            21.578435346639914,
            42.166782878343696,
            48.328303082736284,
            31.351568788584345,
            58.11440095672213,
            78.88010375077532,
            75.3432301353267,
            47.83776963911432
        ],
        [
            31.51252426833264,
            40.9920716640291,
            43.84111109114692,
            53.97745068746079,
            49.01131008973649,
            36.27969237238615,
            38.7905175876724,
            17.27124529155083,
            0.0,
            13.04468794248731,
            39.3891411342596,
            73.06497208472899,
            52.53046154370346,
            33.394628438438936,
            36.01525709943822,
            64.34273236830491,
            34.49689950042579,
            24.9357236284802,
            34.053157480393494,
            48.61906308026382,
            42.61739659324317,
            68.99553756570126,
            78.55573500765195,
            31.51252426833264
        ],
        [
            28.621829524409957,
            37.23999365990665,
            48.64259552209404,
            42.84774848854844,
            48.55378326620042,
            40.624118611089415,
            26.017030278945466,
            21.840450867406975,
            13.04468794248731,
            0.0,
            26.39130583601265,
            63.15939089438066,
            57.74612368007866,
            37.71167417191278,
            31.518470673244487,
            53.863778769430716,
            30.216356641114263,
            28.936508341648956,
            26.941536543232928,
            50.78634790835499,
            37.37517110060721,
            57.81999714983439,
            66.27823787783774,
            28.621829524409957
        ],
        [
            36.770521025692766,
            40.41527358087133,
            63.7668397113975,
            29.033358291001473,
            59.75235153465956,
            59.637502256373274,
            9.227381360272988,
            44.38264100230833,
            39.3891411342596,
            26.39130583601265,
            0.0,
            45.51732272429526,
            76.19004687913785,
            57.08644827927138,
            35.37566331179789,
            35.4490801902408,
            39.47118423428287,
            46.6277504981124,
            27.487058298509922,
            65.70367658579048,
            37.34584979803766,
            36.7773596554833,
            44.57030987288199,
            36.770521025692766
        ],
        [
            47.64801263631967,
            41.10182998121158,
            68.75964245584937,
            69.91653648660136,
            105.09208267049274,
            102.66096556895585,
            54.362975161779104,
            84.8440568035109,
            73.06497208472899,
            63.15939089438066,
            45.51732272429526,
            0.0,
            119.72479671618923,
            99.87185126794687,
            42.14144582110779,
            10.068447865421252,
            84.69549107705525,
            62.99296333359348,
            39.97512028016898,
            110.41466442440145,
            36.53076865965834,
            11.87157949760841,
            70.42907966203408,
            47.64801263631967
        ],
        [
            83.8722411852985,
            93.26889398196296,
            92.8859350652793,
            68.16594845966911,
            23.830398198647604,
            17.154103395776026,
            69.32211833482589,
            36.25459982851438,
            52.53046154370346,
            57.74612368007866,
            76.19004687913785,
            119.72479671618923,
            0.0,
            20.041272664516505,
            87.98822793153792,
            109.9424928560875,
            38.429724584623344,
            76.31463180413904,
            84.52506570032052,
            13.880291786338722,
            94.36083803755994,
            112.57919149164607,
            93.82521740842355,
            83.8722411852985
        ],
        [
            64.29940569126937,
            73.61006938281876,
            75.72846191974078,
            53.665100036375584,
            20.415091023282876,
            2.941031040350376,
            50.95471335752134,
            16.463378901576185,
            33.394628438438936,
            37.71167417191278,
            57.08644827927138,
            99.87185126794687,
            20.041272664516505,
            0.0,
            68.22147401875984,
            90.1616185748758,
            22.589582565444655,
            57.96144528167534,
            64.53653853626193,
            15.997152141229662,
            74.51077308219087,
            93.05653303040346,
            80.3865806308457,
            64.29940569126937
        ],
        [
            5.56035198153262,
            5.851312469151166,
            30.86907148905941,
            63.479457601162046,
            80.03331011455919,
            71.16232693906693,
            42.576558607265426,
            51.78202048333018,
            36.01525709943822,
            31.518470673244487,
            35.37566331179789,
            42.14144582110779,
            87.98822793153792,
            68.22147401875984,
            0.0,
            36.04806219645699,
            61.04630104403654,
            20.85233322697381,
            7.898025234588294,
            82.13493950914227,
            6.707714162951755,
            42.706031180630816,
            79.1903310199174,
            5.56035198153262
        ],
        [
            41.308486757262166,
            36.27996679778772,
            64.94304498074375,
            60.322295278249065,
            95.04429943344141,
            92.92438659689698,
            44.31562068400352,
            75.37832282324636,
            64.34273236830491,
            53.863778769430716,
            35.4490801902408,
            10.068447865421252,
            109.9424928560875,
            90.1616185748758,
            36.04806219645699,
            0.0,
            74.65639707566417,
            56.648965996450286,
            32.435060309925845,
            100.4533879218671,
            31.426218393309174,
            7.270011783338003,
            62.852977017586305,
            41.308486757262166
        ],
        [
            58.69242194850579,
            66.87909588466835,
            77.59239423566407,
            31.079205205658265,
            20.421860324548646,
            24.12965050427643,
            31.590148046198248,
            21.578435346639914,
            34.49689950042579,
            30.216356641114263,
            39.47118423428287,
            84.69549107705525,
            38.429724584623344,
            22.589582565444655,
            61.04630104403654,
            74.65639707566417,
            0.0,
            57.97266999833231,
            55.24040881505492,
            26.535327543874057,
            66.29665827239847,
            76.23990105176132,
            57.80912138904498,
            58.69242194850579
        ],
        [
            15.387192857325005,
            22.940338026290302,
            19.740394830526984,
            70.33134017830497,
            73.86607077627664,
            60.77655192319572,
            50.79221616083198,
            42.166782878343696,
            24.9357236284802,
            28.936508341648956,
            46.6277504981124,
            62.99296333359348,
            76.31463180413904,
            57.96144528167534,
            20.85233322697381,
            56.648965996450286,
            57.97266999833231,
            0.0,
            24.887816318625614,
            73.46309818465309,
            26.81297233375975,
            63.05011819534088,
            90.91141763543447,
            15.387192857325005
        ],
        [
            10.60976748938329,
            13.11556834461407,
            37.96772282298282,
            55.75561965111623,
            74.79223322102439,
            67.46512709813082,
            34.85600649873497,
            48.328303082736284,
            34.053157480393494,
            26.941536543232928,
            27.487058298509922,
            39.97512028016898,
            84.52506570032052,
            64.53653853626193,
            7.898025234588294,
            32.435060309925845,
            55.24040881505492,
            24.887816318625614,
            0.0,
            77.65796865629277,
            11.172870989544279,
            38.44583505199082,
            71.3467682407898,
            10.60976748938329
        ],
        [
            78.6380454659345,
            87.72341921787901,
            91.57388893459431,
            54.880957077401874,
            9.97249567557077,
            13.6375364647105,
            58.10000320810386,
            31.351568788584345,
            48.61906308026382,
            50.78634790835499,
            65.70367658579048,
            110.41466442440145,
            13.880291786338722,
            15.997152141229662,
            82.13493950914227,
            100.4533879218671,
            26.535327543874057,
            73.46309818465309,
            77.65796865629277,
            0.0,
            88.14686736858957,
            102.4534375629732,
            80.16183267372992,
            78.6380454659345
        ],
        [
            12.04141703533837,
            4.888739908892359,
            33.7129838454141,
            66.1563279438888,
            85.66165000020496,
            77.45115209602523,
            45.360610932708376,
            58.11440095672213,
            42.61739659324317,
            37.37517110060721,
            37.34584979803766,
            36.53076865965834,
            94.36083803755994,
            74.51077308219087,
            6.707714162951755,
            31.426218393309174,
            66.29665827239847,
            26.81297233375975,
            11.172870989544279,
            88.14686736858957,
            0.0,
            38.41828128645259,
            79.8341290408588,
            12.04141703533837
        ],
        [
            47.81948287833105,
            43.295980637053496,
            72.04498928500706,
            59.00672112633486,
            96.4579383284068,
            95.7396695548809,
            45.04555869443608,
            78.88010375077532,
            68.99553756570126,
            57.81999714983439,
            36.7773596554833,
            11.87157949760841,
            112.57919149164607,
            93.05653303040346,
            42.706031180630816,
            7.270011783338003,
            76.23990105176132,
            63.05011819534088,
            38.44583505199082,
            102.4534375629732,
            38.41828128645259,
            0.0,
            58.55904022806868,
            47.81948287833105
        ],
        [
            81.17668292303246,
            83.64825679421021,
            108.33124577696042,
            26.860341731159245,
            70.62998482289818,
            81.75743350144461,
            40.60166588625847,
            75.3432301353267,
            78.55573500765195,
            66.27823787783774,
            44.57030987288199,
            70.42907966203408,
            93.82521740842355,
            80.3865806308457,
            79.1903310199174,
            62.852977017586305,
            57.80912138904498,
            90.91141763543447,
            71.3467682407898,
            80.16183267372992,
            79.8341290408588,
            58.55904022806868,
            0.0,
            81.17668292303246
        ],
        [
            0.0,
            9.498682837664045,
            27.48359998320765,
            63.85647386628755,
            77.09548829149915,
            67.23339862754698,
            43.09957090686202,
            47.83776963911432,
            31.51252426833264,
            28.621829524409957,
            36.770521025692766,
            47.64801263631967,
            83.8722411852985,
            64.29940569126937,
            5.56035198153262,
            41.308486757262166,
            58.69242194850579,
            15.387192857325005,
            10.60976748938329,
            78.6380454659345,
            12.04141703533837,
            47.81948287833105,
            81.17668292303246,
            0.0
        ]
    ],
    "scores_ave": [
        0,
        14.479066277575747,
        19.420137040665193,
        14.621661037443918,
        18.11809143810916,
        10.30161175961248,
        18.187825801306627,
        14.13978738883927,
        12.323287019251644,
        15.994382462000365,
        16.36927887179488,
        15.449467937457602,
        15.654280256586652,
        10.590169766174691,
        15.478701982518228,
        16.73941068332617,
        15.344560363975646,
        17.29061952082406,
        11.597013151205262,
        17.304760114554824,
        11.547159981324885,
        19.187497728543775,
        16.48116557287869,
        0
    ],
    "scores_var": [
        0,
        22.357294353497615,
        24.323618756188516,
        18.616990135257897,
        269.45778846040446,
        23.760960401476776,
        315.52075942326326,
        16.741059418684237,
        21.971165777606924,
        17.48581702180659,
        20.82023228694773,
        24.725598550854528,
        24.731506863969802,
        312.2415282685439,
        351.4918059225318,
        274.6760441810559,
        18.67204787405282,
        243.5244473329939,
        380.06430351026,
        227.33647652920678,
        289.5809598427014,
        19.668854895823305,
        17.462016695751352,
        0
    ],
    "vertex_number": 24,
    "minimum_distances": {
        "cost": 413.70391437449064,
        "path": [
            0,
            14,
            1,
            20,
            18,
            15,
            11,
            21,
            10,
            6,
            22,
            3,
            16,
            4,
            19,
            12,
            5,
            13,
            7,
            8,
            9,
            17,
            2,
            23
        ]
    }
}