{
    "vertices": [
        [
            25.447584044976722,
            12.39550919695479
        ],
        [
            86.91833180660865,
            12.464068069949729
        ],
        [
            57.67911292885397,
            43.39399698697661
        ],
        [
            91.0037353934231,
            86.22787890794814
        ],
        [
            27.811927759592635,
            40.16889470997441
        ],
        [
            38.42647768305179,
            76.12067050521583
        ],
        [
            86.39900401355504,
            96.09616520579317
        ],
        [
            17.84414109389537,
            0.18963027856576664
        ],
        [
            24.891017118343804,
            87.28758372681546
        ],
        [
            3.787175961144329,
            73.08539816650863
        ],
        [
            53.47807780659309,
            31.49791706305193
        ],
        [
            71.68049832484084,
            46.84508702751135
        ],
        [
            74.26255218648986,
            16.306276518284836
        ],
        [
            10.290803706576867,
            52.24909827459958
        ],
        [
            71.17807446908154,
            62.36806604804579
        ],
        [
            52.03733034388712,
            93.96296422468038
        ],
        [
            71.41141504643718,
            29.983127024236346
        ],
        [
            25.447584044976722,
            12.39550919695479
        ]
    ],
    "distances": [
        [
            0.0,
            61.47078599378116,
            44.71887408533834,
            98.73615243041029,
            27.873841932099204,
            65.03343650640304,
            103.54166027496323,
            14.380397243495128,
            74.89414258892364,
            64.43939712237324,
            33.92065103742474,
            57.65635936748727,
            48.9713713887872,
            42.63843984711768,
            67.7387200400529,
            85.79198288849871,
            49.213799499422215,
            0.0
        ],
        [
            61.47078599378116,
            0.0,
            42.56280563348217,
            73.87685910900089,
            65.2772886885089,
            80.02264023351044,
            83.63370954762075,
            70.15629441262445,
            97.19025806473746,
            102.88699983418135,
            38.477759746089355,
            37.60646265973836,
            13.22616057491636,
            86.34018005022958,
            52.32747572021214,
            88.64961555180005,
            23.396194007800858,
            61.47078599378116
        ],
        [
            44.71887408533834,
            42.56280563348217,
            0.0,
            54.27035933938338,
            30.04080615815875,
            37.9697132393349,
            60.01958579398504,
            58.76599598208801,
            54.787828792232226,
            61.52983157896261,
            12.616077585956473,
            14.420430488540644,
            31.76090454948792,
            48.20855390654459,
            23.28598847802613,
            50.88270981604647,
            19.194466770559416,
            44.71887408533834
        ],
        [
            98.73615243041029,
            73.87685910900089,
            54.27035933938338,
            0.0,
            78.19612891556862,
            53.53992613031009,
            10.889748644343339,
            112.93762201004104,
            66.1212106061522,
            88.20120769719269,
            66.35920208130752,
            43.867890160189255,
            71.8978281723883,
            87.57359690463062,
            31.021726270414504,
            39.72671981603351,
            59.5594755772683,
            98.73615243041029
        ],
        [
            27.873841932099204,
            65.2772886885089,
            30.04080615815875,
            78.19612891556862,
            0.0,
            37.48598208542646,
            80.99571031295476,
            41.203135262857714,
            47.209136548341334,
            40.75150179786107,
            27.091273716615298,
            44.373674935696954,
            52.221499946008976,
            21.281943197084953,
            48.71781900419974,
            58.997220657622165,
            44.77348718855329,
            27.873841932099204
        ],
        [
            65.03343650640304,
            80.02264023351044,
            37.9697132393349,
            53.53992613031009,
            37.48598208542646,
            0.0,
            51.96521597245239,
            78.67118563597778,
            17.547325824680573,
            34.772030454827664,
            47.092895335062366,
            44.30451079522914,
            69.7279424896488,
            36.89807733299958,
            35.521841469581034,
            22.44109523456046,
            56.71577391983407,
            65.03343650640304
        ],
        [
            103.54166027496323,
            83.63370954762075,
            60.01958579398504,
            10.889748644343339,
            80.99571031295476,
            51.96521597245239,
            0.0,
            117.88906934775936,
            62.13552574472406,
            85.7566879834879,
            72.50324851643136,
            51.403337551485315,
            80.70761921724394,
            87.83520611028179,
            37.00353184484781,
            34.42782542953549,
            67.79057191559356,
            103.54166027496323
        ],
        [
            14.380397243495128,
            70.15629441262445,
            58.76599598208801,
            112.93762201004104,
            41.203135262857714,
            78.67118563597778,
            117.88906934775936,
            0.0,
            87.3825609408274,
            74.23874490261954,
            47.4340201440293,
            71.23963085495815,
            58.675236652520105,
            52.604573125506235,
            81.91865675173239,
            99.81288669533248,
            61.295230540727616,
            14.380397243495128
        ],
        [
            74.89414258892364,
            97.19025806473746,
            54.787828792232226,
            66.1212106061522,
            47.209136548341334,
            17.547325824680573,
            62.13552574472406,
            87.3825609408274,
            0.0,
            25.437652923917614,
            62.687374687790964,
            61.84538051339294,
            86.46325490066273,
            37.958684045344384,
            52.568755354611525,
            27.95501791325814,
            73.81021732366,
            74.89414258892364
        ],
        [
            64.43939712237324,
            102.88699983418135,
            61.52983157896261,
            88.20120769719269,
            40.75150179786107,
            34.772030454827664,
            85.7566879834879,
            74.23874490261954,
            25.437652923917614,
            0.0,
            64.79740975335659,
            72.78775412287563,
            90.50219505209691,
            21.827701826732213,
            68.23777846211385,
            52.57328373301252,
            80.19254011120242,
            64.43939712237324
        ],
        [
            33.92065103742474,
            38.477759746089355,
            12.616077585956473,
            66.35920208130752,
            27.091273716615298,
            47.092895335062366,
            72.50324851643136,
            47.4340201440293,
            62.687374687790964,
            64.79740975335659,
            0.0,
            23.80890040806446,
            25.744520148761687,
            47.91400803381429,
            35.58449072570548,
            62.48166027048065,
            17.99719904373105,
            33.92065103742474
        ],
        [
            57.65635936748727,
            37.60646265973836,
            14.420430488540644,
            43.867890160189255,
            44.373674935696954,
            44.30451079522914,
            51.403337551485315,
            71.23963085495815,
            61.84538051339294,
            72.78775412287563,
            23.80890040806446,
            0.0,
            30.647772340953267,
            61.62708773650078,
            15.531107732637375,
            51.04849067206068,
            16.8641068830449,
            57.65635936748727
        ],
        [
            48.9713713887872,
            13.22616057491636,
            31.76090454948792,
            71.8978281723883,
            52.221499946008976,
            69.7279424896488,
            80.70761921724394,
            58.675236652520105,
            86.46325490066273,
            90.50219505209691,
            25.744520148761687,
            30.647772340953267,
            0.0,
            73.37759221576749,
            46.16494836424259,
            80.77451102595144,
            13.970870508079795,
            48.9713713887872
        ],
        [
            42.63843984711768,
            86.34018005022958,
            48.20855390654459,
            87.57359690463062,
            21.281943197084953,
            36.89807733299958,
            87.83520611028179,
            52.604573125506235,
            37.958684045344384,
            21.827701826732213,
            47.91400803381429,
            61.62708773650078,
            73.37759221576749,
            0.0,
            61.722388561255464,
            59.01541407785736,
            65.05000081691209,
            42.63843984711768
        ],
        [
            67.7387200400529,
            52.32747572021214,
            23.28598847802613,
            31.021726270414504,
            48.71781900419974,
            35.521841469581034,
            37.00353184484781,
            81.91865675173239,
            52.568755354611525,
            68.23777846211385,
            35.58449072570548,
            15.531107732637375,
            46.16494836424259,
            61.722388561255464,
            0.0,
            36.94056951994747,
            32.38577964787781,
            67.7387200400529
        ],
        [
            85.79198288849871,
            88.64961555180005,
            50.88270981604647,
            39.72671981603351,
            58.997220657622165,
            22.44109523456046,
            34.42782542953549,
            99.81288669533248,
            27.95501791325814,
            52.57328373301252,
            62.48166027048065,
            51.04849067206068,
            80.77451102595144,
            59.01541407785736,
            36.94056951994747,
            0.0,
            66.84889472726461,
            85.79198288849871
        ],
        [
            49.213799499422215,
            23.396194007800858,
            19.194466770559416,
            59.5594755772683,
            44.77348718855329,
            56.71577391983407,
            67.79057191559356,
            61.295230540727616,
            73.81021732366,
            80.19254011120242,
            17.99719904373105,
            16.8641068830449,
            13.970870508079795,
            65.05000081691209,
            32.38577964787781,
            66.84889472726461,
            0.0,
            49.213799499422215
        ],
        [
            0.0,
            61.47078599378116,
            44.71887408533834,
            98.73615243041029,
            27.873841932099204,
            65.03343650640304,
            103.54166027496323,
            14.380397243495128,
            74.89414258892364,
            64.43939712237324,
            33.92065103742474,
            57.65635936748727,
            48.9713713887872,
            42.63843984711768,
            67.7387200400529,
            85.79198288849871,
            49.213799499422215,
            0.0
        ]
    ],
    "scores_ave": [
        0,
        12.073321754497009,
        10.086106765422084,
        14.396293301412745,
        19.304684944684492,
        11.761784506789448,
        16.310432202605664,
        17.907558865741528,
        16.29477696151659,
        13.929393425377572,
        10.872140921241392,
        11.482603151629773,
        19.431248383492132,
        14.932561511191823,
        10.960477152472496,
        18.20214448413266,
        12.221114827693052,
        0
    ],
    "scores_var": [
        0,
        377.336735601595,
        269.37061743836864,
        20.3440948204237,
        286.13608959959436,
        19.003455714913073,
        364.3559229155741,
        318.21367219623437,
        18.766142190101906,
        259.3344237828985,
        16.188410653715618,
        16.426392387916366,
        296.18041142099514,
        23.794197544241804,
        345.0331613401778,
        236.95165553667803,
        20.118415190481578,
        0
    ],
    "vertex_number": 18,
    "minimum_distances": {
        "cost": 382.99166461296625,
        "path": [
            0,
            4,
            13,
            9,
            8,
            5,
            15,
            6,
            3,
            14,
            11,
            2,
            10,
            16,
            1,
            12,
            7,
            17
        ]
    }
}