{
    "vertices": [
        [
            31.639832455996075,
            0.6268734993533975
        ],
        [
            99.27162840560368,
            93.13772325200364
        ],
        [
            44.97338813833953,
            39.3949752089747
        ],
        [
            84.10471294619744,
            47.40845613634242
        ],
        [
            15.893829974369888,
            92.3908068341306
        ],
        [
            64.34974490237018,
            8.326449116617173
        ],
        [
            55.59891067227915,
            96.63198153124026
        ],
        [
            11.234330214986176,
            35.790734769830635
        ],
        [
            45.692945107971184,
            52.428604707429514
        ],
        [
            3.2400735591955,
            37.67126405372417
        ],
        [
            25.716210273636207,
            6.415450372484532
        ],
        [
            73.84126812931392,
            90.6176693044645
        ],
        [
            36.897462391987,
            80.5434119471729
        ],
        [
            8.46421533799726,
            2.391382211104842
        ],
        [
            65.02673573939865,
            87.28624649868304
        ],
        [
            85.33288244913878,
            91.07566893455808
        ],
        [
            31.639832455996075,
            0.6268734993533975
        ]
    ],
    "distances": [
        [
            0.0,
            114.59632256458663,
            40.996943999543376,
            70.2928172637329,
            93.10508071647226,
            33.603896157074146,
            98.94957401216156,
            40.65564734642937,
            53.67410298610373,
            46.67797314516943,
            8.282325879576009,
            99.39469051476736,
            80.08929884838324,
            23.24269175018088,
            92.86835973296945,
            105.18520909921521,
            0.0
        ],
        [
            114.59632256458663,
            0.0,
            76.39752524354462,
            48.17884593354505,
            83.38114388382267,
            91.71962804046409,
            43.812282697168975,
            105.06780173144476,
            67.28972905714654,
            110.89899739047736,
            113.71522391464717,
            25.554919207080342,
            63.632957365953075,
            128.37789794330646,
            34.74122124961289,
            14.090447361491488,
            114.59632256458663
        ],
        [
            40.996943999543376,
            76.39752524354462,
            0.0,
            39.943415700104595,
            60.44980457084678,
            36.61552286938556,
            58.214917519947804,
            33.931026785208765,
            13.053476936645538,
            41.76889663264438,
            38.19015524652252,
            58.797269371744,
            41.933452310274895,
            51.9825508542747,
            51.92023320203162,
            65.57272973562249,
            40.996943999543376
        ],
        [
            70.2928172637329,
            48.17884593354505,
            39.943415700104595,
            0.0,
            81.70762773508454,
            43.79111822164958,
            56.88177401929265,
            73.79067779295104,
            38.738427951242166,
            81.44877416415589,
            71.34173929684765,
            44.41142197810635,
            57.67538297639375,
            88.02284830205417,
            44.206417842728676,
            43.68448092735685,
            70.2928172637329
        ],
        [
            93.10508071647226,
            83.38114388382267,
            60.44980457084678,
            81.70762773508454,
            0.0,
            97.02985071599184,
            39.93095285663605,
            56.791540705387156,
            49.84942187790084,
            56.16356393171018,
            86.53462355294857,
            57.97455998470514,
            24.114587708312325,
            90.30556796854056,
            49.397357876038484,
            69.45150535653349,
            93.10508071647226
        ],
        [
            33.603896157074146,
            91.71962804046409,
            36.61552286938556,
            43.79111822164958,
            97.02985071599184,
            0.0,
            88.73806485805616,
            59.795771287391844,
            47.88607633043771,
            67.7901917342316,
            38.68076930607331,
            82.83679093960838,
            77.2587699584957,
            56.19979923330071,
            78.96269954358398,
            85.36817581385066,
            33.603896157074146
        ],
        [
            98.94957401216156,
            43.812282697168975,
            58.214917519947804,
            56.88177401929265,
            39.93095285663605,
            88.73806485805616,
            0.0,
            75.29856111928274,
            45.299742564269216,
            78.8531168014169,
            95.03682590150935,
            19.20821587632168,
            24.66954071404289,
            105.37063188798804,
            13.27503856095996,
            30.248664223385695,
            98.94957401216156
        ],
        [
            40.65564734642937,
            105.06780173144476,
            33.931026785208765,
            73.79067779295104,
            56.791540705387156,
            59.795771287391844,
            75.29856111928274,
            0.0,
            38.26506051744209,
            8.212461863913566,
            32.75106385231006,
            83.22031858550841,
            51.588743614025205,
            33.51403120744771,
            74.46751385885806,
            92.45009134011545,
            40.65564734642937
        ],
        [
            53.67410298610373,
            67.28972905714654,
            13.053476936645538,
            38.738427951242166,
            49.84942187790084,
            47.88607633043771,
            45.299742564269216,
            38.26506051744209,
            0.0,
            44.944692744598356,
            50.16253887606566,
            47.44188807067404,
            29.458494570074414,
            62.367475140752994,
            39.86038950420852,
            55.3617214850432,
            53.67410298610373
        ],
        [
            46.67797314516943,
            110.89899739047736,
            41.76889663264438,
            81.44877416415589,
            56.16356393171018,
            67.7901917342316,
            78.8531168014169,
            8.212461863913566,
            44.944692744598356,
            0.0,
            38.49808580283696,
            88.24879887966374,
            54.50542072160766,
            35.66457233942675,
            79.24164376376933,
            97.93497706190975,
            46.67797314516943
        ],
        [
            8.282325879576009,
            113.71522391464717,
            38.19015524652252,
            71.34173929684765,
            86.53462355294857,
            38.68076930607331,
            95.03682590150935,
            32.75106385231006,
            50.16253887606566,
            38.49808580283696,
            0.0,
            96.98471460328898,
            74.96649308959704,
            17.715091132329565,
            89.91886942393973,
            103.54467735359171,
            8.282325879576009
        ],
        [
            99.39469051476736,
            25.554919207080342,
            58.797269371744,
            44.41142197810635,
            57.97455998470514,
            82.83679093960838,
            19.20821587632168,
            83.22031858550841,
            47.44188807067404,
            88.24879887966374,
            96.98471460328898,
            0.0,
            38.29275967671034,
            109.80909236469687,
            9.42307588655351,
            11.500737512732375,
            99.39469051476736
        ],
        [
            80.08929884838324,
            63.632957365953075,
            41.933452310274895,
            57.67538297639375,
            24.114587708312325,
            77.2587699584957,
            24.66954071404289,
            51.588743614025205,
            29.458494570074414,
            54.50542072160766,
            74.96649308959704,
            38.29275967671034,
            0.0,
            83.16362960994718,
            28.926144520873194,
            49.567311338835644,
            80.08929884838324
        ],
        [
            23.24269175018088,
            128.37789794330646,
            51.9825508542747,
            88.02284830205417,
            90.30556796854056,
            56.19979923330071,
            105.37063188798804,
            33.51403120744771,
            62.367475140752994,
            35.66457233942675,
            17.715091132329565,
            109.80909236469687,
            83.16362960994718,
            0.0,
            102.01204191939924,
            117.36138502544674,
            23.24269175018088
        ],
        [
            92.86835973296945,
            34.74122124961289,
            51.92023320203162,
            44.206417842728676,
            49.397357876038484,
            78.96269954358398,
            13.27503856095996,
            74.46751385885806,
            39.86038950420852,
            79.24164376376933,
            89.91886942393973,
            9.42307588655351,
            28.926144520873194,
            102.01204191939924,
            0.0,
            20.656701493583217,
            92.86835973296945
        ],
        [
            105.18520909921521,
            14.090447361491488,
            65.57272973562249,
            43.68448092735685,
            69.45150535653349,
            85.36817581385066,
            30.248664223385695,
            92.45009134011545,
            55.3617214850432,
            97.93497706190975,
            103.54467735359171,
            11.500737512732375,
            49.567311338835644,
            117.36138502544674,
            20.656701493583217,
            0.0,
            105.18520909921521
        ],
        [
            0.0,
            114.59632256458663,
            40.996943999543376,
            70.2928172637329,
            93.10508071647226,
            33.603896157074146,
            98.94957401216156,
            40.65564734642937,
            53.67410298610373,
            46.67797314516943,
            8.282325879576009,
            99.39469051476736,
            80.08929884838324,
            23.24269175018088,
            92.86835973296945,
            105.18520909921521,
            0.0
        ]
    ],
    "scores_ave": [
        0,
        11.432129110388594,
        19.75033033103484,
        12.383474766030147,
        13.84586923882785,
        14.273300889016852,
        17.655182715652906,
        11.222487427374903,
        13.23120160560865,
        19.474609251210353,
        12.540415833545348,
        14.687492728216615,
        18.95165159501353,
        15.521818151215498,
        13.357106247358608,
        12.58659824819696,
        0
    ],
    "scores_var": [
        0,
        370.30444419422713,
        277.4412585895508,
        19.066195831947677,
        284.763955134209,
        22.39039778688771,
        283.0239099823974,
        23.959316574960724,
        20.93457337794476,
        17.500903891349125,
        307.39594077726343,
        390.61290503549196,
        237.37989649165374,
        21.35409705844179,
        17.251257369013445,
        390.36319347114704,
        0
    ],
    "vertex_number": 17,
    "minimum_distances": {
        "cost": 384.2261497061291,
        "path": [
            0,
            10,
            13,
            9,
            7,
            2,
            8,
            12,
            4,
            6,
            14,
            11,
            15,
            1,
            3,
            5,
            16
        ]
    }
}