{
    "vertices": [
        [
            72.542171650632,
            93.4028593333091
        ],
        [
            25.921948328087442,
            54.590592080462855
        ],
        [
            86.88959239567609,
            57.79676077156011
        ],
        [
            8.26289562897683,
            50.63419796098477
        ],
        [
            42.45412848026157,
            72.99153113874073
        ],
        [
            19.670293301876296,
            27.397344308451277
        ],
        [
            62.44612491941094,
            33.932418968589516
        ],
        [
            45.44712091614738,
            57.0337196764787
        ],
        [
            45.026926904313534,
            94.49160434019788
        ],
        [
            9.69242202709304,
            64.7934004953699
        ],
        [
            48.601373939102224,
            71.00388309435122
        ],
        [
            8.865042680172564,
            36.94175556799845
        ],
        [
            10.77465272416288,
            99.09381433867323
        ],
        [
            77.56928484076619,
            0.8837908393340754
        ],
        [
            38.66614203441032,
            83.71775303886639
        ],
        [
            87.83019359126672,
            78.97223748899698
        ],
        [
            54.86047629767925,
            46.08359489062255
        ],
        [
            83.04712801080144,
            25.00707840822217
        ],
        [
            31.267129991633446,
            95.07991691387019
        ],
        [
            79.20265000636067,
            87.37067960800245
        ],
        [
            72.542171650632,
            93.4028593333091
        ]
    ],
    "distances": [
        [
            0.0,
            60.6616626210516,
            38.3880546110936,
            77.20740716698548,
            36.35811684463947,
            84.57046490248445,
            60.321334839115316,
            45.35257538092329,
            27.53677648418259,
            69.0549937567246,
            32.78530054182497,
            85.10366027567616,
            62.029133181149646,
            92.65554436740017,
            35.23331756297981,
            21.02299839867916,
            50.51490015779038,
            69.19781034455895,
            41.30909810296738,
            8.986053870611432,
            0.0
        ],
        [
            60.6616626210516,
            0.0,
            61.05188892104773,
            18.096828359096698,
            24.736764922083008,
            27.902614840848944,
            41.96159663304424,
            19.677429635090586,
            44.23902107585093,
            19.170154498750573,
            27.99557943590634,
            24.544234771643772,
            47.01039624887609,
            74.51085738607489,
            31.793175033661342,
            66.53642208890896,
            30.163013812197185,
            64.33094461437678,
            40.84062184249262,
            62.55691256481816,
            60.6616626210516
        ],
        [
            38.3880546110936,
            61.05188892104773,
            0.0,
            78.95226247839837,
            46.96159601088378,
            73.77369918852685,
            34.16123405195196,
            41.449495461879074,
            55.66861150207102,
            77.51358642419295,
            40.502046277040016,
            80.76361557253158,
            86.59636640485041,
            57.671087031757736,
            54.748506873404466,
            21.196356876120426,
            34.10370262850238,
            33.01405461371906,
            66.96187016370594,
            30.556599264989114,
            38.3880546110936
        ],
        [
            77.20740716698548,
            18.096828359096698,
            78.95226247839837,
            0.0,
            40.85205932033244,
            25.885905225371804,
            56.698957290681925,
            37.7308956744222,
            57.22819313874393,
            14.231182738361882,
            45.18978761632928,
            13.705676187496652,
            48.524667368029924,
            85.31399999030653,
            44.931937511982845,
            84.46300603998772,
            46.81925365146501,
            79.05334066002733,
            50.04614602395383,
            79.88753241229333,
            77.20740716698548
        ],
        [
            36.35811684463947,
            24.736764922083008,
            46.96159601088378,
            40.85205932033244,
            0.0,
            50.969922681432095,
            43.87817413183251,
            16.236063266271508,
            21.65346252678357,
            33.77186337425521,
            6.460601479707784,
            49.2728424549125,
            41.04775721559855,
            80.20349379739864,
            11.375441862393224,
            45.76850591188414,
            29.630296982979033,
            62.851406624941816,
            24.759760122737656,
            39.461547676887186,
            36.35811684463947
        ],
        [
            84.57046490248445,
            27.902614840848944,
            73.77369918852685,
            25.885905225371804,
            50.969922681432095,
            0.0,
            43.27215006658738,
            39.27797839515764,
            71.72585724029987,
            38.70430122752921,
            52.33103908507708,
            14.416977051004821,
            72.24621952796129,
            63.68093701242295,
            59.43762031432898,
            85.47363110365878,
            39.843756601226694,
            63.421893292428734,
            68.6688958386306,
            84.50386051383899,
            84.57046490248445
        ],
        [
            60.321334839115316,
            41.96159663304424,
            34.16123405195196,
            56.698957290681925,
            43.87817413183251,
            43.27215006658738,
            0.0,
            28.681635788415065,
            63.01462839977712,
            61.11753716935287,
            39.57234617930047,
            53.66552413511461,
            83.1621818220317,
            36.344487714544826,
            55.17306475536767,
            51.70044675521411,
            14.32456426215385,
            22.451348121883896,
            68.63779009900071,
            56.00382873657305,
            60.321334839115316
        ],
        [
            45.35257538092329,
            19.677429635090586,
            41.449495461879074,
            37.7308956744222,
            16.236063266271508,
            39.27797839515764,
            28.681635788415065,
            0.0,
            37.46024140990111,
            36.58703512254049,
            14.321828725930345,
            41.736500449839355,
            54.509004884669665,
            64.68885470942028,
            27.532150498636746,
            47.72445298999906,
            14.440100150789682,
            49.39095346765061,
            40.602774127463185,
            45.38465469789446,
            45.35257538092329
        ],
        [
            27.53677648418259,
            44.23902107585093,
            55.66861150207102,
            57.22819313874393,
            21.65346252678357,
            71.72585724029987,
            63.01462839977712,
            37.46024140990111,
            0.0,
            46.15745385663376,
            23.758150620936515,
            67.96813197626663,
            34.56007267617187,
            99.10311704722866,
            12.511413030684897,
            45.52988454341379,
            49.396701028934494,
            79.20628154489509,
            13.772368088405909,
            34.90970665286936,
            27.53677648418259
        ],
        [
            69.0549937567246,
            19.170154498750573,
            77.51358642419295,
            14.231182738361882,
            33.77186337425521,
            38.70430122752921,
            61.11753716935287,
            36.58703512254049,
            46.15745385663376,
            0.0,
            39.40148008645479,
            27.86393155576015,
            34.317482616059635,
            93.22932324013229,
            34.60646717382403,
            79.41379454167163,
            48.88977349464872,
            83.44977121106183,
            37.18522691235447,
            73.08491859378017,
            69.0549937567246
        ],
        [
            32.78530054182497,
            27.99557943590634,
            40.502046277040016,
            45.18978761632928,
            6.460601479707784,
            52.33103908507708,
            39.57234617930047,
            14.321828725930345,
            23.758150620936515,
            39.40148008645479,
            0.0,
            52.33741064994437,
            47.11586861327592,
            75.86809078828107,
            16.135405850676765,
            40.029925843807376,
            25.694301440047813,
            57.46491116239446,
            29.667008910724032,
            34.703171685940035,
            32.78530054182497
        ],
        [
            85.10366027567616,
            24.544234771643772,
            80.76361557253158,
            13.705676187496652,
            49.2728424549125,
            14.416977051004821,
            53.66552413511461,
            41.736500449839355,
            67.96813197626663,
            27.86393155576015,
            52.33741064994437,
            0.0,
            62.18138805103598,
            77.59155695844164,
            55.46259516210718,
            89.45421437206443,
            46.89512916991636,
            75.1359987150553,
            62.30489002148172,
            86.54741697015298,
            85.10366027567616
        ],
        [
            62.029133181149646,
            47.01039624887609,
            86.59636640485041,
            48.524667368029924,
            41.04775721559855,
            72.24621952796129,
            83.1621818220317,
            54.509004884669665,
            34.56007267617187,
            34.317482616059635,
            47.11586861327592,
            62.18138805103598,
            0.0,
            118.77176261777511,
            31.848994286147637,
            79.63940126118062,
            68.94666928928258,
            103.49954166510192,
            20.881882029516362,
            69.42494292374988,
            62.029133181149646
        ],
        [
            92.65554436740017,
            74.51085738607489,
            57.671087031757736,
            85.31399999030653,
            80.20349379739864,
            63.68093701242295,
            36.344487714544826,
            64.68885470942028,
            99.10311704722866,
            93.22932324013229,
            75.86809078828107,
            77.59155695844164,
            118.77176261777511,
            0.0,
            91.5145879840218,
            78.75970891606536,
            50.58371547960324,
            24.73741637533663,
            104.96094374157929,
            86.50231101333763,
            92.65554436740017
        ],
        [
            35.23331756297981,
            31.793175033661342,
            54.748506873404466,
            44.931937511982845,
            11.375441862393224,
            59.43762031432898,
            55.17306475536767,
            27.532150498636746,
            12.511413030684897,
            34.60646717382403,
            16.135405850676765,
            55.46259516210718,
            31.848994286147637,
            91.5145879840218,
            0.0,
            49.39254886437109,
            40.97055432572904,
            73.59765778760895,
            13.558913936285554,
            40.700765976569706,
            35.23331756297981
        ],
        [
            21.02299839867916,
            66.53642208890896,
            21.196356876120426,
            84.46300603998772,
            45.76850591188414,
            85.47363110365878,
            51.70044675521411,
            47.72445298999906,
            45.52988454341379,
            79.41379454167163,
            40.029925843807376,
            89.45421437206443,
            79.63940126118062,
            78.75970891606536,
            49.39254886437109,
            0.0,
            46.568928164417635,
            54.17671188767701,
            58.81188230477445,
            12.040279827966565,
            21.02299839867916
        ],
        [
            50.51490015779038,
            30.163013812197185,
            34.10370262850238,
            46.81925365146501,
            29.630296982979033,
            39.843756601226694,
            14.32456426215385,
            14.440100150789682,
            49.396701028934494,
            48.88977349464872,
            25.694301440047813,
            46.89512916991636,
            68.94666928928258,
            50.58371547960324,
            40.97055432572904,
            46.568928164417635,
            0.0,
            35.195267889728434,
            54.38093012925383,
            47.92874696175278,
            50.51490015779038
        ],
        [
            69.19781034455895,
            64.33094461437678,
            33.01405461371906,
            79.05334066002733,
            62.851406624941816,
            63.421893292428734,
            22.451348121883896,
            49.39095346765061,
            79.20628154489509,
            83.44977121106183,
            57.46491116239446,
            75.1359987150553,
            103.49954166510192,
            24.73741637533663,
            73.59765778760895,
            54.17671188767701,
            35.195267889728434,
            0.0,
            87.1284734808528,
            62.48198753026239,
            69.19781034455895
        ],
        [
            41.30909810296738,
            40.84062184249262,
            66.96187016370594,
            50.04614602395383,
            24.759760122737656,
            68.6688958386306,
            68.63779009900071,
            40.602774127463185,
            13.772368088405909,
            37.18522691235447,
            29.667008910724032,
            62.30489002148172,
            20.881882029516362,
            104.96094374157929,
            13.558913936285554,
            58.81188230477445,
            54.38093012925383,
            87.1284734808528,
            0.0,
            48.55148214957497,
            41.30909810296738
        ],
        [
            8.986053870611432,
            62.55691256481816,
            30.556599264989114,
            79.88753241229333,
            39.461547676887186,
            84.50386051383899,
            56.00382873657305,
            45.38465469789446,
            34.90970665286936,
            73.08491859378017,
            34.703171685940035,
            86.54741697015298,
            69.42494292374988,
            86.50231101333763,
            40.700765976569706,
            12.040279827966565,
            47.92874696175278,
            62.48198753026239,
            48.55148214957497,
            0.0,
            8.986053870611432
        ],
        [
            0.0,
            60.6616626210516,
            38.3880546110936,
            77.20740716698548,
            36.35811684463947,
            84.57046490248445,
            60.321334839115316,
            45.35257538092329,
            27.53677648418259,
            69.0549937567246,
            32.78530054182497,
            85.10366027567616,
            62.029133181149646,
            92.65554436740017,
            35.23331756297981,
            21.02299839867916,
            50.51490015779038,
            69.19781034455895,
            41.30909810296738,
            8.986053870611432,
            0.0
        ]
    ],
    "scores_ave": [
        0,
        14.60710458150814,
        13.75656693876931,
        13.445179033614671,
        10.280207564228695,
        12.661159153533974,
        13.863370702511293,
        12.306936977735145,
        12.464762095817866,
        14.123817350164167,
        12.004394069018165,
        14.77757707467908,
        11.796047235374672,
        18.474712407695385,
        17.090101588853518,
        18.866749335347784,
        14.387715408646272,
        11.310754685580887,
        12.501993923838668,
        11.125029644199303,
        0
    ],
    "scores_var": [
        0,
        24.814463999091352,
        239.57815847983633,
        23.844984728480778,
        17.6879044217228,
        387.4911935349758,
        23.532194082582578,
        228.0656562368395,
        22.199901710764834,
        359.71253961426737,
        299.132432399834,
        319.7052203285202,
        251.9368535509301,
        278.16082330953253,
        21.65992204057479,
        259.3223437613422,
        20.73344281032429,
        375.69696918907425,
        270.00161108774364,
        252.37096951264598,
        0
    ],
    "vertex_number": 21,
    "minimum_distances": {
        "cost": 397.88628320866786,
        "path": [
            0,
            8,
            18,
            12,
            14,
            4,
            10,
            7,
            1,
            9,
            3,
            11,
            5,
            16,
            6,
            13,
            17,
            2,
            15,
            19,
            20
        ]
    }
}