{
    "vertices": [
        [
            8.51823139159743,
            62.090999691198654
        ],
        [
            13.306173362231188,
            72.04321934928466
        ],
        [
            54.21747720148565,
            73.27154228319246
        ],
        [
            97.25052340177916,
            8.27785654123282
        ],
        [
            1.8340285156582592,
            20.109498776538747
        ],
        [
            66.7291322541163,
            83.47946963575102
        ],
        [
            86.13614354905046,
            37.06021597228156
        ],
        [
            25.681610287785585,
            58.392869087128766
        ],
        [
            95.50757143445405,
            57.72021821142547
        ],
        [
            97.4356804929223,
            52.29880193671057
        ],
        [
            48.004704643992945,
            76.57544742957339
        ],
        [
            52.71949703397095,
            96.11496428089545
        ],
        [
            57.813775733236774,
            49.81947100997189
        ],
        [
            13.708903390779048,
            93.58606681718624
        ],
        [
            82.17181154562783,
            45.055879404573005
        ],
        [
            8.51823139159743,
            62.090999691198654
        ]
    ],
    "distances": [
        [
            0.0,
            11.044051088117516,
            47.04705729632804,
            103.77511272486711,
            42.510292719932,
            62.01593041948995,
            81.55415637026294,
            17.55727043417841,
            87.09907583801143,
            89.45501602229861,
            42.05925339563049,
            55.7797638107998,
            50.80001090661991,
            31.919936232291438,
            75.59791791237366,
            0.0
        ],
        [
            11.044051088117516,
            0.0,
            40.92973929867817,
            105.4166751401534,
            53.1857259037498,
            54.633326435233165,
            80.79613284488555,
            18.425078056223118,
            83.43990775775798,
            86.41536893987646,
            34.99327313189146,
            46.182886298994475,
            49.74757942920087,
            21.5466115317738,
            73.96480676441956,
            11.044051088117516
        ],
        [
            47.04705729632804,
            40.92973929867817,
            0.0,
            77.94884381183087,
            74.63396389060449,
            16.147547584420707,
            48.270709696486065,
            32.181836749813804,
            44.12159972340679,
            48.038202853363444,
            7.0366421016999885,
            22.89248508020499,
            23.72620935028798,
            45.31693347105141,
            39.71861579038211,
            47.04705729632804
        ],
        [
            103.77511272486711,
            105.4166751401534,
            77.94884381183087,
            0.0,
            96.14725817378991,
            81.15933667549436,
            30.853746189544342,
            87.3706118027891,
            49.4730735763055,
            44.021334789622564,
            84.20042509557697,
            98.48030161123356,
            57.27968923922016,
            119.40139452514204,
            39.749094542859865,
            103.77511272486711
        ],
        [
            42.510292719932,
            53.1857259037498,
            74.63396389060449,
            96.14725817378991,
            0.0,
            90.70351534490072,
            85.98937964977618,
            45.10347657017211,
            100.94205694045094,
            100.87530470199017,
            72.93925343348889,
            91.46672451149735,
            63.375188746506765,
            74.42995837921498,
            84.12182409226057,
            42.510292719932
        ],
        [
            62.01593041948995,
            54.633326435233165,
            16.147547584420707,
            81.15933667549436,
            90.70351534490072,
            0.0,
            50.312813458156214,
            48.10651293393168,
            38.62301898606603,
            43.76215423056896,
            19.956695917664913,
            18.865990669164724,
            34.820670432687564,
            53.974882818848755,
            41.41073085510515,
            62.01593041948995
        ],
        [
            81.55415637026294,
            80.79613284488555,
            48.270709696486065,
            30.853746189544342,
            85.98937964977618,
            50.312813458156214,
            0.0,
            64.10797673266393,
            22.686104847080983,
            18.970873394264622,
            54.91320560751739,
            67.85378075028325,
            31.06372656026744,
            91.87424519790264,
            8.92449225199078,
            81.55415637026294
        ],
        [
            17.55727043417841,
            18.425078056223118,
            32.181836749813804,
            87.3706118027891,
            45.10347657017211,
            48.10651293393168,
            64.10797673266393,
            0.0,
            69.82920097821997,
            72.01238952734103,
            28.791087107215542,
            46.41124632572521,
            33.25626573750043,
            37.17400808237592,
            58.043243637344396,
            17.55727043417841
        ],
        [
            87.09907583801143,
            83.43990775775798,
            44.12159972340679,
            49.4730735763055,
            100.94205694045094,
            38.62301898606603,
            22.686104847080983,
            69.82920097821997,
            0.0,
            5.75407324988924,
            51.108140468825425,
            57.48891925093354,
            38.51290745589565,
            89.31618660651993,
            18.390975211423008,
            87.09907583801143
        ],
        [
            89.45501602229861,
            86.41536893987646,
            48.038202853363444,
            44.021334789622564,
            100.87530470199017,
            43.76215423056896,
            18.970873394264622,
            72.01238952734103,
            5.75407324988924,
            0.0,
            55.07065361663663,
            62.60505687008486,
            39.69940073388859,
            93.35315444709161,
            16.89513604700259,
            89.45501602229861
        ],
        [
            42.05925339563049,
            34.99327313189146,
            7.0366421016999885,
            84.20042509557697,
            72.93925343348889,
            19.956695917664913,
            54.91320560751739,
            28.791087107215542,
            51.108140468825425,
            55.07065361663663,
            0.0,
            20.100298158576987,
            28.49737092786123,
            38.28267435211623,
            46.485205845627625,
            42.05925339563049
        ],
        [
            55.7797638107998,
            46.182886298994475,
            22.89248508020499,
            98.48030161123356,
            91.46672451149735,
            18.865990669164724,
            67.85378075028325,
            46.41124632572521,
            57.48891925093354,
            62.60505687008486,
            20.100298158576987,
            0.0,
            46.57493287879137,
            39.09247675418123,
            58.944626375107795,
            55.7797638107998
        ],
        [
            50.80001090661991,
            49.74757942920087,
            23.72620935028798,
            57.27968923922016,
            63.375188746506765,
            34.820670432687564,
            31.06372656026744,
            33.25626573750043,
            38.51290745589565,
            39.69940073388859,
            28.49737092786123,
            46.57493287879137,
            0.0,
            62.1349714162368,
            24.81946239588505,
            50.80001090661991
        ],
        [
            31.919936232291438,
            21.5466115317738,
            45.31693347105141,
            119.40139452514204,
            74.42995837921498,
            53.974882818848755,
            91.87424519790264,
            37.17400808237592,
            89.31618660651993,
            93.35315444709161,
            38.28267435211623,
            39.09247675418123,
            62.1349714162368,
            0.0,
            83.91870401360251,
            31.919936232291438
        ],
        [
            75.59791791237366,
            73.96480676441956,
            39.71861579038211,
            39.749094542859865,
            84.12182409226057,
            41.41073085510515,
            8.92449225199078,
            58.043243637344396,
            18.390975211423008,
            16.89513604700259,
            46.485205845627625,
            58.944626375107795,
            24.81946239588505,
            83.91870401360251,
            0.0,
            75.59791791237366
        ],
        [
            0.0,
            11.044051088117516,
            47.04705729632804,
            103.77511272486711,
            42.510292719932,
            62.01593041948995,
            81.55415637026294,
            17.55727043417841,
            87.09907583801143,
            89.45501602229861,
            42.05925339563049,
            55.7797638107998,
            50.80001090661991,
            31.919936232291438,
            75.59791791237366,
            0.0
        ]
    ],
    "scores_ave": [
        0,
        16.05105648072806,
        10.583021891368867,
        15.916312663914075,
        15.472919152826432,
        16.019430379721708,
        15.216163830516619,
        15.522970426736867,
        17.698529130241397,
        10.559400114027836,
        11.339839838529173,
        14.22191845486445,
        18.272430150318016,
        14.027579678594918,
        13.315016315703563,
        0
    ],
    "scores_var": [
        0,
        252.09494591227448,
        254.76834522138054,
        384.59583214253695,
        17.236963472522984,
        23.176078544453443,
        272.335051562308,
        24.788322331999737,
        347.2380439197944,
        283.50339611704925,
        386.9932925343052,
        19.980354349446973,
        328.2861727902785,
        18.069529278234636,
        234.8426692007136,
        0
    ],
    "vertex_number": 16,
    "minimum_distances": {
        "cost": 398.86581303203684,
        "path": [
            0,
            1,
            13,
            11,
            5,
            10,
            2,
            12,
            14,
            8,
            9,
            6,
            3,
            4,
            7,
            15
        ]
    }
}