{
    "vertices": [
        [
            77.3287006963865,
            18.158126726292455
        ],
        [
            50.482251555724986,
            14.517303123909642
        ],
        [
            52.931605153732605,
            15.814279092682238
        ],
        [
            78.00339236256664,
            69.40526876034639
        ],
        [
            9.742430863249885,
            4.148012461586226
        ],
        [
            52.02817489450054,
            33.12523464095782
        ],
        [
            85.56196445957576,
            23.37578752738577
        ],
        [
            85.36613911873395,
            31.401980891036363
        ],
        [
            86.85148160379235,
            7.165489069677699
        ],
        [
            19.03858662546711,
            91.38916528436307
        ],
        [
            89.90261536827597,
            62.64509314057136
        ],
        [
            57.16211453543876,
            60.64418550415659
        ],
        [
            62.727851485371225,
            87.21782902900515
        ],
        [
            51.853107946161224,
            38.192759437300374
        ],
        [
            72.80023055813032,
            49.56080697330495
        ],
        [
            41.35892703119934,
            89.5575774149328
        ],
        [
            22.722841721964127,
            40.21138248150549
        ],
        [
            34.952610075493936,
            76.15490347103172
        ],
        [
            28.65495234457246,
            11.094463808046196
        ],
        [
            96.04530721448383,
            36.384564737838346
        ],
        [
            38.419400078035096,
            20.1233276980648
        ],
        [
            26.755684907050913,
            80.59685774920796
        ],
        [
            53.33614405128322,
            61.58172566665245
        ],
        [
            77.3287006963865,
            18.158126726292455
        ]
    ],
    "distances": [
        [
            0.0,
            27.092202346169525,
            24.50942456784661,
            51.251583151185784,
            69.02309158294548,
            29.39610391159237,
            9.747338940937217,
            15.491936274398745,
            14.543776636763852,
            93.59766239973315,
            46.22979029717891,
            47.02931413345356,
            70.58631085289913,
            32.409756769224906,
            31.72751752799432,
            79.94814679631027,
            58.89096640181193,
            71.82867929378368,
            49.183626466928274,
            26.12497659600881,
            38.95889743651245,
            80.35063819149403,
            49.61100401424792,
            0.0
        ],
        [
            27.092202346169525,
            0.0,
            2.7715482517261867,
            61.40115603974135,
            42.03873426846686,
            18.672037765400056,
            36.18092043250454,
            38.75536033645353,
            37.104852299628526,
            83.05412245194142,
            62.21132738498483,
            46.608044880137236,
            73.7246307858806,
            23.715110771203936,
            41.546833198143865,
            75.59284235992057,
            37.825527733967334,
            63.56385404501568,
            22.094044895297017,
            50.53878878104575,
            13.301875706036222,
            70.21009545935512,
            47.150870317079416,
            27.092202346169525
        ],
        [
            24.50942456784661,
            2.7715482517261867,
            0.0,
            59.16577293845437,
            44.7370825267084,
            17.33451378688394,
            33.49502587305342,
            35.98576719873065,
            35.00513658378354,
            82.82692876017352,
            59.665574166950236,
            45.0290763672791,
            72.07241764849506,
            22.404453547480234,
            39.16108297095376,
            74.64583663120268,
            38.83024648185334,
            62.962172884934596,
            24.731205549620647,
            47.76952958640623,
            15.138427792959542,
            69.87103332676269,
            45.76923440064133,
            24.50942456784661
        ],
        [
            51.251583151185784,
            61.40115603974135,
            59.16577293845437,
            0.0,
            94.43552490696115,
            44.62009410811821,
            46.64595539509464,
            38.70994612077236,
            62.86556178993129,
            62.92964342813774,
            13.68544783884703,
            22.607862377708813,
            23.46549493225039,
            40.71925973418636,
            20.51525179910042,
            41.82023892245832,
            62.515776210410394,
            43.57668441100839,
            76.3899110249172,
            37.62814884718498,
            63.2107756640278,
            52.45549717180965,
            25.878194793868467,
            51.251583151185784
        ],
        [
            69.02309158294548,
            42.03873426846686,
            44.7370825267084,
            94.43552490696115,
            0.0,
            51.261716255984986,
            78.21962035669422,
            80.38484960155138,
            77.16806898703591,
            87.73504007979086,
            99.23489118169839,
            73.7593652902905,
            98.52943328289142,
            54.151213476907714,
            77.70848092533565,
            91.07357803148996,
            38.32828881198113,
            76.2924995576867,
            20.147869740749854,
            92.1269871924395,
            32.826502406601335,
            78.31907021262214,
            72.10439128126879,
            69.02309158294548
        ],
        [
            29.39610391159237,
            18.672037765400056,
            17.33451378688394,
            44.62009410811821,
            51.261716255984986,
            0.0,
            34.92229605302444,
            33.38247237852352,
            43.434676012317695,
            66.9551980669155,
            48.019738514893696,
            27.993749174555827,
            55.140655117427066,
            5.0705478991867805,
            26.4878525816033,
            57.43206561606471,
            30.149892928026485,
            46.29392307327095,
            32.119501799696955,
            44.13763893045649,
            18.821486024140437,
            53.77967785974075,
            28.48653479822588,
            29.39610391159237
        ],
        [
            9.747338940937217,
            36.18092043250454,
            33.49502587305342,
            46.64595539509464,
            78.21962035669422,
            34.92229605302444,
            0.0,
            8.028581909330228,
            16.26150763469369,
            95.13768628873036,
            39.508475212958665,
            46.85600242731426,
            67.80267677911563,
            36.82159236129215,
            29.12931677115801,
            79.58604042552857,
            65.05530419490636,
            73.12278599018506,
            58.217170492530336,
            16.707146968530378,
            47.254628042225164,
            82.05138263393499,
            49.98196884966614,
            9.747338940937217
        ],
        [
            15.491936274398745,
            38.75536033645353,
            35.98576719873065,
            38.70994612077236,
            80.38484960155138,
            33.38247237852352,
            8.028581909330228,
            0.0,
            24.28196404957195,
            89.43045628412084,
            31.57074088138735,
            40.62725111708531,
            60.23205932335086,
            34.19412130232668,
            22.082686037697712,
            72.92947362190054,
            63.259689100740204,
            67.41177931225864,
            60.2374796568529,
            11.784344402965063,
            48.28254678869794,
            76.52007090947095,
            44.008380778463604,
            15.491936274398745
        ],
        [
            14.543776636763852,
            37.104852299628526,
            35.00513658378354,
            62.86556178993129,
            77.16806898703591,
            43.434676012317695,
            16.26150763469369,
            24.28196404957195,
            0.0,
            108.13055239134555,
            55.563440184278484,
            61.167225613481804,
            83.60817342254362,
            46.77154760262616,
            44.66319106487842,
            94.11710122731508,
            72.1423143826083,
            86.33094558356566,
            58.32900530879962,
            30.63136974184315,
            50.1355373247053,
            94.88767405077003,
            63.9093471773618,
            14.543776636763852
        ],
        [
            93.59766239973315,
            83.05412245194142,
            82.82692876017352,
            62.92964342813774,
            87.73504007979086,
            66.9551980669155,
            95.13768628873036,
            89.43045628412084,
            108.13055239134555,
            0.0,
            76.47177422467158,
            48.976087654973966,
            43.88794720824974,
            62.50320315433198,
            68.11700167609206,
            22.395363581581055,
            51.31022498715563,
            22.03040797091896,
            80.86849556418389,
            94.63372071918994,
            73.85415043827858,
            13.267535860927213,
            45.44013536446187,
            93.59766239973315
        ],
        [
            46.22979029717891,
            62.21132738498483,
            59.665574166950236,
            13.68544783884703,
            99.23489118169839,
            48.019738514893696,
            39.508475212958665,
            31.57074088138735,
            55.563440184278484,
            76.47177422467158,
            0.0,
            32.80158572621874,
            36.63723708379695,
            45.229212226189475,
            21.533464902361157,
            55.50469788391773,
            70.82650182738367,
            56.58637695454434,
            80.05462891328985,
            26.969390336235186,
            66.77291361749042,
            65.64907218871178,
            36.58192962325857,
            46.22979029717891
        ],
        [
            47.02931413345356,
            46.608044880137236,
            45.0290763672791,
            22.607862377708813,
            73.7593652902905,
            27.993749174555827,
            46.85600242731426,
            40.62725111708531,
            61.167225613481804,
            48.976087654973966,
            32.80158572621874,
            0.0,
            27.150247843833196,
            23.070589142900165,
            19.167471205073078,
            32.95034092509951,
            40.04451212442714,
            27.08956367688952,
            57.164964937786415,
            45.83046882414932,
            44.64559622822029,
            36.36839414195443,
            3.939166371444871,
            47.02931413345356
        ],
        [
            70.58631085289913,
            73.7246307858806,
            72.07241764849506,
            23.46549493225039,
            98.52943328289142,
            55.140655117427066,
            67.80267677911563,
            60.23205932335086,
            83.60817342254362,
            43.88794720824974,
            36.63723708379695,
            27.150247843833196,
            0.0,
            50.2167053430936,
            38.98081746563105,
            21.496635895822305,
            61.725252718747456,
            29.897363717863552,
            83.40101431291197,
            60.778891193875786,
            71.3622653695241,
            36.576413561560734,
            27.30227031096013,
            70.58631085289913
        ],
        [
            32.409756769224906,
            23.715110771203936,
            22.404453547480234,
            40.71925973418636,
            54.151213476907714,
            5.0705478991867805,
            36.82159236129215,
            34.19412130232668,
            46.77154760262616,
            62.50320315433198,
            45.229212226189475,
            23.070589142900165,
            50.2167053430936,
            0.0,
            23.83305373848947,
            52.42587489924475,
            29.20012413136619,
            41.55419603258128,
            35.671726189322264,
            44.22917639118205,
            22.51596923219269,
            49.27462021010399,
            23.435936878368388,
            32.409756769224906
        ],
        [
            31.72751752799432,
            41.546833198143865,
            39.16108297095376,
            20.51525179910042,
            77.70848092533565,
            26.4878525816033,
            29.12931677115801,
            22.082686037697712,
            44.66319106487842,
            68.11700167609206,
            21.533464902361157,
            19.167471205073078,
            38.98081746563105,
            23.83305373848947,
            0.0,
            50.87531044851596,
            50.942679660344155,
            46.25676539413538,
            58.55309680161994,
            26.719785706615323,
            45.261536546843374,
            55.52780053251493,
            22.87691302991072,
            31.72751752799432
        ],
        [
            79.94814679631027,
            75.59284235992057,
            74.64583663120268,
            41.82023892245832,
            91.07357803148996,
            57.43206561606471,
            79.58604042552857,
            72.92947362190054,
            94.11710122731508,
            22.395363581581055,
            55.50469788391773,
            32.95034092509951,
            21.496635895822305,
            52.42587489924475,
            50.87531044851596,
            0.0,
            52.747991715902316,
            14.855051860679703,
            79.48491158531692,
            76.27561507263758,
            69.49644489074791,
            17.13327690385616,
            30.431924168345766,
            79.94814679631027
        ],
        [
            58.89096640181193,
            37.825527733967334,
            38.83024648185334,
            62.515776210410394,
            38.32828881198113,
            30.149892928026485,
            65.05530419490636,
            63.259689100740204,
            72.1423143826083,
            51.31022498715563,
            70.82650182738367,
            40.04451212442714,
            61.725252718747456,
            29.20012413136619,
            50.942679660344155,
            52.747991715902316,
            0.0,
            37.967142835687696,
            29.715061660304613,
            73.42226147392212,
            25.493369514602335,
            40.58633312771318,
            37.334512817997926,
            58.89096640181193
        ],
        [
            71.82867929378368,
            63.56385404501568,
            62.962172884934596,
            43.57668441100839,
            76.2924995576867,
            46.29392307327095,
            73.12278599018506,
            67.41177931225864,
            86.33094558356566,
            22.03040797091896,
            56.58637695454434,
            27.08956367688952,
            29.897363717863552,
            41.55419603258128,
            46.25676539413538,
            14.855051860679703,
            37.967142835687696,
            0.0,
            65.36452632764055,
            72.89717063555543,
            56.13872207775532,
            9.323118578376171,
            23.45915243049184,
            71.82867929378368
        ],
        [
            49.183626466928274,
            22.094044895297017,
            24.731205549620647,
            76.3899110249172,
            20.147869740749854,
            32.119501799696955,
            58.217170492530336,
            60.2374796568529,
            58.32900530879962,
            80.86849556418389,
            80.05462891328985,
            57.164964937786415,
            83.40101431291197,
            35.671726189322264,
            58.55309680161994,
            79.48491158531692,
            29.715061660304613,
            65.36452632764055,
            0.0,
            71.97950496170185,
            13.299053450678565,
            69.52833940453107,
            56.197195962457826,
            49.183626466928274
        ],
        [
            26.12497659600881,
            50.53878878104575,
            47.76952958640623,
            37.62814884718498,
            92.1269871924395,
            44.13763893045649,
            16.707146968530378,
            11.784344402965063,
            30.63136974184315,
            94.63372071918994,
            26.969390336235186,
            45.83046882414932,
            60.778891193875786,
            44.22917639118205,
            26.719785706615323,
            76.27561507263758,
            73.42226147392212,
            72.89717063555543,
            71.97950496170185,
            0.0,
            59.876314209897025,
            82.19354362010381,
            49.587997912533716,
            26.12497659600881
        ],
        [
            38.95889743651245,
            13.301875706036222,
            15.138427792959542,
            63.2107756640278,
            32.826502406601335,
            18.821486024140437,
            47.254628042225164,
            48.28254678869794,
            50.1355373247053,
            73.85415043827858,
            66.77291361749042,
            44.64559622822029,
            71.3622653695241,
            22.51596923219269,
            45.261536546843374,
            69.49644489074791,
            25.493369514602335,
            56.13872207775532,
            13.299053450678565,
            59.876314209897025,
            0.0,
            61.58806774397425,
            44.06027704049564,
            38.95889743651245
        ],
        [
            80.35063819149403,
            70.21009545935512,
            69.87103332676269,
            52.45549717180965,
            78.31907021262214,
            53.77967785974075,
            82.05138263393499,
            76.52007090947095,
            94.88767405077003,
            13.267535860927213,
            65.64907218871178,
            36.36839414195443,
            36.576413561560734,
            49.27462021010399,
            55.52780053251493,
            17.13327690385616,
            40.58633312771318,
            9.323118578376171,
            69.52833940453107,
            82.19354362010381,
            61.58806774397425,
            0.0,
            32.68173888328518,
            80.35063819149403
        ],
        [
            49.61100401424792,
            47.150870317079416,
            45.76923440064133,
            25.878194793868467,
            72.10439128126879,
            28.48653479822588,
            49.98196884966614,
            44.008380778463604,
            63.9093471773618,
            45.44013536446187,
            36.58192962325857,
            3.939166371444871,
            27.30227031096013,
            23.435936878368388,
            22.87691302991072,
            30.431924168345766,
            37.334512817997926,
            23.45915243049184,
            56.197195962457826,
            49.587997912533716,
            44.06027704049564,
            32.68173888328518,
            0.0,
            49.61100401424792
        ],
        [
            0.0,
            27.092202346169525,
            24.50942456784661,
            51.251583151185784,
            69.02309158294548,
            29.39610391159237,
            9.747338940937217,
            15.491936274398745,
            14.543776636763852,
            93.59766239973315,
            46.22979029717891,
            47.02931413345356,
            70.58631085289913,
            32.409756769224906,
            31.72751752799432,
            79.94814679631027,
            58.89096640181193,
            71.82867929378368,
            49.183626466928274,
            26.12497659600881,
            38.95889743651245,
            80.35063819149403,
            49.61100401424792,
            0.0
        ]
    ],
    "scores_ave": [
        0,
        13.528335872526727,
        13.681980343215539,
        12.893030586822341,
        16.78815911409717,
        17.408675576595684,
        18.636051631501932,
        11.885902113985477,
        11.154255000685726,
        13.893101737046624,
        12.177399154484831,
        10.850293722239758,
        10.22522717423415,
        14.367775005380174,
        19.09031696664095,
        19.84400522888574,
        19.22008467679116,
        18.281684762794477,
        17.386660999497114,
        17.233449162614754,
        12.698532169633436,
        18.981481713778315,
        12.21739487915472,
        0
    ],
    "scores_var": [
        0,
        349.4224051018069,
        240.70070174302597,
        18.10224061182346,
        19.603224185634456,
        368.92588991890966,
        16.340022496991782,
        329.59973914747735,
        336.53143449366144,
        17.114322263167015,
        19.47645279325553,
        24.42100771311696,
        23.81659691406204,
        381.6967143055176,
        369.5717058962952,
        20.49042652010206,
        269.5122140122103,
        21.390392157945733,
        333.6872469509517,
        16.156867670214066,
        18.701178994629412,
        22.958425521607044,
        392.29730182606,
        0
    ],
    "vertex_number": 24,
    "minimum_distances": {
        "cost": 411.96174491756983,
        "path": [
            0,
            8,
            6,
            7,
            19,
            10,
            3,
            14,
            11,
            22,
            12,
            15,
            9,
            21,
            17,
            16,
            4,
            18,
            20,
            13,
            5,
            1,
            2,
            23
        ]
    }
}