{
    "vertices": [
        [
            57.83388324469348,
            51.58647077407708
        ],
        [
            17.874298110830633,
            49.06280194589117
        ],
        [
            83.61359286472769,
            40.624270336324045
        ],
        [
            84.20029983061139,
            72.91076891083308
        ],
        [
            27.27855849904264,
            52.20219870126005
        ],
        [
            78.90789071212289,
            82.76300975840243
        ],
        [
            2.980546173018095,
            24.751650563261617
        ],
        [
            89.06253077616033,
            27.855142735365256
        ],
        [
            19.173082564199028,
            40.74444944902975
        ],
        [
            72.4324411024039,
            4.918249714092726
        ],
        [
            45.427347692155564,
            72.94266437069173
        ],
        [
            81.25039405849724,
            95.99231644346933
        ],
        [
            86.28371040137081,
            65.80977765365652
        ],
        [
            59.41414842382474,
            41.10955996357614
        ],
        [
            57.83388324469348,
            51.58647077407708
        ]
    ],
    "distances": [
        [
            0.0,
            40.03919764961318,
            28.013626443764064,
            33.91037620857991,
            30.56152795906147,
            37.63097625332659,
            61.065507151301276,
            39.22249809899339,
            40.152296767055574,
            48.89826938071005,
            24.69836288810398,
            50.20171419689641,
            31.807155230160195,
            10.595418734885667,
            0.0
        ],
        [
            40.03919764961318,
            0.0,
            66.27868202118552,
            70.48307621332458,
            9.914430161986825,
            69.71946236472971,
            28.510628339870472,
            74.28007323100131,
            8.419134713160966,
            70.18071286639183,
            36.461189923785426,
            78.86005876580516,
            70.42946035071965,
            42.294363951420465,
            40.03919764961318
        ],
        [
            28.013626443764064,
            66.27868202118552,
            0.0,
            32.291828924134826,
            57.512472753364605,
            42.400672079942936,
            82.18046165146332,
            13.883138840053983,
            64.44062236517951,
            37.415746196051266,
            50.0266720194382,
            55.41845575546774,
            25.32665209795596,
            24.20430989040314,
            28.013626443764064
        ],
        [
            33.91037620857991,
            70.48307621332458,
            32.291828924134826,
            0.0,
            60.571689066286055,
            11.183749102871278,
            94.42430335573323,
            45.31722343470919,
            72.54799165471077,
            69.00337068409162,
            38.772965257397395,
            23.269288355377327,
            7.4003159689874085,
            40.31960059409377,
            33.91037620857991
        ],
        [
            30.56152795906147,
            9.914430161986825,
            57.512472753364605,
            60.571689066286055,
            0.0,
            59.99625919371109,
            36.659596234440585,
            66.40811971849573,
            14.034912114342324,
            65.38076893077331,
            27.559852419070147,
            69.50203914658447,
            60.55389463909424,
            33.99621705393885,
            30.56152795906147
        ],
        [
            37.63097625332659,
            69.71946236472971,
            42.400672079942936,
            11.183749102871278,
            59.99625919371109,
            0.0,
            95.55249575195603,
            55.838970046462066,
            73.03291528442269,
            78.11362310125018,
            34.89105823052396,
            13.43509870806057,
            18.488233957998386,
            45.98930167128762,
            37.63097625332659
        ],
        [
            61.065507151301276,
            28.510628339870472,
            82.18046165146332,
            94.42430335573323,
            36.659596234440585,
            95.55249575195603,
            0.0,
            86.13791114763536,
            22.758907069109128,
            72.22831507467316,
            64.21919316678597,
            105.83667399853151,
            92.87188471559583,
            58.75655421271015,
            61.065507151301276
        ],
        [
            39.22249809899339,
            74.28007323100131,
            13.883138840053983,
            45.31722343470919,
            66.40811971849573,
            55.838970046462066,
            86.13791114763536,
            0.0,
            71.06806032903486,
            28.331271486230207,
            62.74483094240233,
            68.58355430439437,
            38.05622359688518,
            32.47623980958661,
            39.22249809899339
        ],
        [
            40.152296767055574,
            8.419134713160966,
            64.44062236517951,
            72.54799165471077,
            14.034912114342324,
            73.03291528442269,
            22.758907069109128,
            71.06806032903486,
            0.0,
            64.18781706327657,
            41.54529433703137,
            83.10186165059972,
            71.63872588694635,
            40.24272216446803,
            40.152296767055574
        ],
        [
            48.89826938071005,
            70.18071286639183,
            37.415746196051266,
            69.00337068409162,
            65.38076893077331,
            78.11362310125018,
            72.22831507467316,
            28.331271486230207,
            64.18781706327657,
            0.0,
            73.18877003659209,
            91.49995587410312,
            62.44706427052582,
            38.46149869466232,
            48.89826938071005
        ],
        [
            24.69836288810398,
            36.461189923785426,
            50.0266720194382,
            38.772965257397395,
            27.559852419070147,
            34.89105823052396,
            64.21919316678597,
            62.74483094240233,
            41.54529433703137,
            73.18877003659209,
            0.0,
            42.597853368933585,
            41.47433479569035,
            34.77034844377812,
            24.69836288810398
        ],
        [
            50.20171419689641,
            78.86005876580516,
            55.41845575546774,
            23.269288355377327,
            69.50203914658447,
            13.43509870806057,
            105.83667399853151,
            68.58355430439437,
            83.10186165059972,
            91.49995587410312,
            42.597853368933585,
            0.0,
            30.599345110737143,
            59.06723780784922,
            50.20171419689641
        ],
        [
            31.807155230160195,
            70.42946035071965,
            25.32665209795596,
            7.4003159689874085,
            60.55389463909424,
            18.488233957998386,
            92.87188471559583,
            38.05622359688518,
            71.63872588694635,
            62.44706427052582,
            41.47433479569035,
            30.599345110737143,
            0.0,
            36.49759053420581,
            31.807155230160195
        ],
        [
            10.595418734885667,
            42.294363951420465,
            24.20430989040314,
            40.31960059409377,
            33.99621705393885,
            45.98930167128762,
            58.75655421271015,
            32.47623980958661,
            40.24272216446803,
            38.46149869466232,
            34.77034844377812,
            59.06723780784922,
            36.49759053420581,
            0.0,
            10.595418734885667
        ],
        [
            0.0,
            40.03919764961318,
            28.013626443764064,
            33.91037620857991,
            30.56152795906147,
            37.63097625332659,
            61.065507151301276,
            39.22249809899339,
            40.152296767055574,
            48.89826938071005,
            24.69836288810398,
            50.20171419689641,
            31.807155230160195,
            10.595418734885667,
            0.0
        ]
    ],
    "scores_ave": [
        0,
        17.851125518452708,
        14.76298732760036,
        12.275994134451917,
        11.039345856518413,
        11.057478277512686,
        14.131544401052029,
        14.63561248203407,
        10.173295424171787,
        18.078612408891498,
        14.33687712089494,
        15.664814847189351,
        12.19324322384738,
        10.016085295388784,
        0
    ],
    "scores_var": [
        0,
        16.979092534886192,
        387.37569968503885,
        22.55093175655735,
        22.5425454853461,
        314.0892678568016,
        323.86665531018264,
        23.034855337389303,
        371.7710464529801,
        17.374649173812767,
        24.198200024692564,
        20.45801306332126,
        246.8191145674509,
        23.11750754411247,
        0
    ],
    "vertex_number": 15,
    "minimum_distances": {
        "cost": 324.3189507685862,
        "path": [
            0,
            12,
            3,
            5,
            11,
            10,
            4,
            1,
            8,
            6,
            9,
            7,
            2,
            13,
            14
        ]
    }
}