{
    "vertices": [
        [
            86.93819835059186,
            45.5826179161407
        ],
        [
            89.99565078516711,
            42.437837637765774
        ],
        [
            97.03148249685943,
            48.5708471945158
        ],
        [
            85.27049355106091,
            78.43522096989992
        ],
        [
            71.0758476724592,
            80.77818023525968
        ],
        [
            99.17899410228989,
            14.779240510722902
        ],
        [
            71.02511215024543,
            75.79066951282245
        ],
        [
            92.39050152502372,
            13.687569964251633
        ],
        [
            62.62377025482243,
            71.24546070157687
        ],
        [
            61.600177567566774,
            23.658578383010088
        ],
        [
            39.87913091670732,
            23.761317631844115
        ],
        [
            96.35498940113759,
            93.97010162488961
        ],
        [
            95.76223770622272,
            84.52486043443818
        ],
        [
            37.998843077645496,
            10.544483698211248
        ],
        [
            78.6185181729434,
            28.039467018885734
        ],
        [
            72.62990411909446,
            85.58100887034433
        ],
        [
            86.93819835059186,
            45.5826179161407
        ]
    ],
    "distances": [
        [
            0.0,
            4.386075511085737,
            10.526343100879542,
            32.894904874558435,
            38.60494496816494,
            33.14641971941151,
            34.14312073738197,
            32.357714594192565,
            35.35212742473012,
            33.506399488027434,
            51.872198467428916,
            49.29527901690059,
            39.92946184089661,
            60.18912978275481,
            19.415952762154486,
            42.48056688346356,
            0.0
        ],
        [
            4.386075511085737,
            0.0,
            9.333634559936568,
            36.306180157758746,
            42.75442457005868,
            29.143297505879595,
            38.37046690079302,
            28.849838844695544,
            39.73787853363694,
            34.04355265551445,
            53.483436344884545,
            51.923168424810065,
            42.48024261472282,
            60.99880357258393,
            18.350809871903543,
            46.507014323366406,
            4.386075511085737
        ],
        [
            10.526343100879542,
            9.333634559936568,
            0.0,
            32.09675500699479,
            41.36432376740868,
            33.85977685052894,
            37.64638130877161,
            35.19064839846529,
            41.2071445191901,
            43.31279841258514,
            62.30492796129689,
            45.40429435353417,
            35.976409637359204,
            70.22006007938197,
            27.578521118980614,
            44.3304533542933,
            10.526343100879542
        ],
        [
            32.894904874558435,
            36.306180157758746,
            32.09675500699479,
            0.0,
            14.386710177731375,
            65.15773350725655,
            14.488773021337247,
            65.13795225748596,
            23.760612971309204,
            59.67214117031775,
            71.06061854517213,
            19.083987141452912,
            12.130968808196398,
            82.72702790366769,
            50.8328711831453,
            14.520564241987282,
            32.894904874558435
        ],
        [
            38.60494496816494,
            42.75442457005868,
            41.36432376740868,
            14.386710177731375,
            0.0,
            71.7331644640019,
            4.987768769664518,
            70.39505987916293,
            12.740108099289554,
            57.90023523005988,
            64.99352088843456,
            28.514238486917098,
            24.96909019996553,
            77.63285620292181,
            53.275357812011094,
            5.047995080952209,
            38.60494496816494
        ],
        [
            33.14641971941151,
            29.143297505879595,
            33.85977685052894,
            65.15773350725655,
            71.7331644640019,
            0.0,
            67.19401415191601,
            6.8757091309646565,
            67.2660271844596,
            38.613599847729986,
            59.97625766283339,
            79.24119816456192,
            69.82926122202221,
            61.32653621931872,
            24.4656244042334,
            75.61576939888464,
            33.14641971941151
        ],
        [
            34.14312073738197,
            38.37046690079302,
            37.64638130877161,
            14.488773021337247,
            4.987768769664518,
            67.19401415191601,
            0.0,
            65.67552692347115,
            9.55204003245454,
            52.977205640301875,
            60.639307418163774,
            31.178428976818616,
            26.233784931408948,
            73.12864836854666,
            48.35118565911796,
            9.920992994591037,
            34.14312073738197
        ],
        [
            32.357714594192565,
            28.849838844695544,
            35.19064839846529,
            65.13795225748596,
            70.39505987916293,
            6.8757091309646565,
            65.67552692347115,
            0.0,
            64.79945274955838,
            32.3645648555963,
            53.468910922462975,
            80.3803586329471,
            70.91748956381062,
            54.482396238895575,
            19.89081382238526,
            74.55969264678673,
            32.357714594192565
        ],
        [
            35.35212742473012,
            39.73787853363694,
            41.2071445191901,
            23.760612971309204,
            12.740108099289554,
            67.2660271844596,
            9.55204003245454,
            64.79945274955838,
            0.0,
            47.59788977245238,
            52.65037950184009,
            40.67191230063123,
            35.70014681051933,
            65.50569171945587,
            46.07157313434155,
            17.482295507420744,
            35.35212742473012
        ],
        [
            33.506399488027434,
            34.04355265551445,
            43.31279841258514,
            59.67214117031775,
            57.90023523005988,
            38.613599847729986,
            52.977205640301875,
            32.3645648555963,
            47.59788977245238,
            0.0,
            21.721289624745207,
            78.4321824647273,
            69.79792721622285,
            27.0000457241653,
            17.573164262606635,
            62.897076762439575,
            33.506399488027434
        ],
        [
            51.872198467428916,
            53.483436344884545,
            62.30492796129689,
            71.06061854517213,
            64.99352088843456,
            59.97625766283339,
            60.639307418163774,
            53.468910922462975,
            52.65037950184009,
            21.721289624745207,
            0.0,
            90.1043613890888,
            82.5537991758772,
            13.349913167768284,
            38.97489816749328,
            69.95918360142363,
            51.872198467428916
        ],
        [
            49.29527901690059,
            51.923168424810065,
            45.40429435353417,
            19.083987141452912,
            28.514238486917098,
            79.24119816456192,
            31.178428976818616,
            80.3803586329471,
            40.67191230063123,
            78.4321824647273,
            90.1043613890888,
            0.0,
            9.46382246862359,
            101.80998742842932,
            68.27467313124946,
            25.164589185690737,
            49.29527901690059
        ],
        [
            39.92946184089661,
            42.48024261472282,
            35.976409637359204,
            12.130968808196398,
            24.96909019996553,
            69.82926122202221,
            26.233784931408948,
            70.91748956381062,
            35.70014681051933,
            69.79792721622285,
            82.5537991758772,
            9.46382246862359,
            0.0,
            93.86003356621396,
            59.029711067779076,
            23.156431216939477,
            39.92946184089661
        ],
        [
            60.18912978275481,
            60.99880357258393,
            70.22006007938197,
            82.72702790366769,
            77.63285620292181,
            61.32653621931872,
            73.12864836854666,
            54.482396238895575,
            65.50569171945587,
            27.0000457241653,
            13.349913167768284,
            101.80998742842932,
            93.86003356621396,
            0.0,
            44.22705559087382,
            82.64254654089942,
            60.18912978275481
        ],
        [
            19.415952762154486,
            18.350809871903543,
            27.578521118980614,
            50.8328711831453,
            53.275357812011094,
            24.4656244042334,
            48.35118565911796,
            19.89081382238526,
            46.07157313434155,
            17.573164262606635,
            38.97489816749328,
            68.27467313124946,
            59.029711067779076,
            44.22705559087382,
            0.0,
            57.85233389353552,
            19.415952762154486
        ],
        [
            42.48056688346356,
            46.507014323366406,
            44.3304533542933,
            14.520564241987282,
            5.047995080952209,
            75.61576939888464,
            9.920992994591037,
            74.55969264678673,
            17.482295507420744,
            62.897076762439575,
            69.95918360142363,
            25.164589185690737,
            23.156431216939477,
            82.64254654089942,
            57.85233389353552,
            0.0,
            42.48056688346356
        ],
        [
            0.0,
            4.386075511085737,
            10.526343100879542,
            32.894904874558435,
            38.60494496816494,
            33.14641971941151,
            34.14312073738197,
            32.357714594192565,
            35.35212742473012,
            33.506399488027434,
            51.872198467428916,
            49.29527901690059,
            39.92946184089661,
            60.18912978275481,
            19.415952762154486,
            42.48056688346356,
            0.0
        ]
    ],
    "scores_ave": [
        0,
        12.494873604273124,
        15.756682458027623,
        11.634152939081098,
        13.226901605824006,
        14.413066488577655,
        15.339724868598733,
        12.56520232711555,
        15.74327631700299,
        11.959136986091398,
        14.750992719699324,
        16.451892405384513,
        11.999675841646631,
        10.34275088927456,
        13.816840223184274,
        19.41234641280868,
        0
    ],
    "scores_var": [
        0,
        247.1522587628836,
        246.48067280143775,
        256.67584194628336,
        248.60621506923002,
        324.4020939558665,
        294.98480570434054,
        382.88992982257355,
        378.9292852455266,
        17.40130144562119,
        351.84684050810574,
        18.25257005061416,
        19.608288801996068,
        24.04030497136201,
        358.45948095486824,
        22.86401873535508,
        0
    ],
    "vertex_number": 17,
    "minimum_distances": {
        "cost": 280.02832910006936,
        "path": [
            0,
            2,
            12,
            11,
            3,
            15,
            4,
            6,
            8,
            10,
            13,
            9,
            14,
            7,
            5,
            1,
            16
        ]
    }
}