{
    "vertices": [
        [
            25.893204618098697,
            35.956366696552365
        ],
        [
            21.04586903965392,
            95.17317520402203
        ],
        [
            70.37469170575059,
            46.30427825535995
        ],
        [
            78.93720659997116,
            27.998415874463987
        ],
        [
            97.15815910655297,
            31.010921531408254
        ],
        [
            93.82526604861536,
            32.480878856567664
        ],
        [
            28.68543960080191,
            40.890756310939544
        ],
        [
            72.87989307942208,
            81.70351774467484
        ],
        [
            52.66347926984574,
            25.73306207586603
        ],
        [
            25.454472961572783,
            20.864260875158436
        ],
        [
            33.16415476251615,
            81.16724414637955
        ],
        [
            21.656414440853254,
            42.088591534965715
        ],
        [
            68.91196101774058,
            70.08565803057054
        ],
        [
            27.760699596551653,
            25.516481046563875
        ],
        [
            29.68327132480485,
            62.621042668606655
        ],
        [
            25.893204618098697,
            35.956366696552365
        ]
    ],
    "distances": [
        [
            0.0,
            59.41487248173127,
            45.669267206271726,
            53.637627907464996,
            71.43634345431538,
            68.02090844678106,
            5.669636413845571,
            65.57858432126446,
            28.655951603415943,
            15.098481499494923,
            45.79181319609321,
            7.453493977649483,
            54.91285759395533,
            10.605599930196433,
            26.9326855388751,
            0.0
        ],
        [
            59.41487248173127,
            0.0,
            69.43703503608263,
            88.67838099281381,
            99.54835757347591,
            96.05813161989497,
            54.81736986797924,
            53.55555732346934,
            76.29942717949744,
            74.43957641788909,
            18.52077087089954,
            53.088094607020565,
            54.04207878295278,
            69.9795969576384,
            33.67856960796849,
            59.41487248173127
        ],
        [
            45.669267206271726,
            69.43703503608263,
            0.0,
            20.209434896158054,
            30.84219327311017,
            27.221605535837856,
            42.039266893140386,
            35.48777522393474,
            27.14520180535085,
            51.62383690050303,
            50.99068983963848,
            48.90033286373336,
            23.82632168586754,
            47.413973006666495,
            43.8409453996631,
            45.669267206271726
        ],
        [
            53.637627907464996,
            88.67838099281381,
            20.209434896158054,
            0.0,
            18.468305298002605,
            15.548208531284034,
            51.8792109468598,
            54.045619748282576,
            26.371207322581988,
            53.95645434042146,
            70.15765513700406,
            58.98832257760733,
            43.26478361543932,
            51.2366555266929,
            60.2052856999845,
            53.637627907464996
        ],
        [
            71.43634345431538,
            99.54835757347591,
            30.84219327311017,
            18.468305298002605,
            0.0,
            3.642657089740746,
            69.18182168593204,
            56.20652552974101,
            44.806610385115476,
            72.41804560502108,
            81.30737537420381,
            76.31007941466339,
            48.21496384890685,
            69.61462678693155,
            74.51214826770101,
            71.43634345431538
        ],
        [
            68.02090844678106,
            96.05813161989497,
            27.221605535837856,
            15.548208531284034,
            3.642657089740746,
            0.0,
            65.68046154259886,
            53.493708302263116,
            41.711218180806135,
            69.35063922327747,
            77.78259823120794,
            72.80557180115981,
            45.10867083263406,
            66.43063884500228,
            70.87048018580008,
            68.02090844678106
        ],
        [
            5.669636413845571,
            54.81736986797924,
            42.039266893140386,
            51.8792109468598,
            69.18182168593204,
            65.68046154259886,
            0.0,
            60.156722102529095,
            28.367271297997984,
            20.285454514581946,
            40.52473765316829,
            7.1303579098884695,
            49.70427860583371,
            15.402061030273003,
            21.753183981560955,
            5.669636413845571
        ],
        [
            65.57858432126446,
            53.55555732346934,
            35.48777522393474,
            54.045619748282576,
            56.20652552974101,
            53.493708302263116,
            60.156722102529095,
            0.0,
            59.509623550263875,
            77.140039213041,
            39.719358748967466,
            64.75482331407149,
            12.276772751123463,
            72.06056281669998,
            47.2238179951625,
            65.57858432126446
        ],
        [
            28.655951603415943,
            76.29942717949744,
            27.14520180535085,
            26.371207322581988,
            44.806610385115476,
            41.711218180806135,
            28.367271297997984,
            59.509623550263875,
            0.0,
            27.641187554366205,
            58.763697961147635,
            35.05626068474532,
            47.235219138191184,
            24.903721464851042,
            43.46047709595155,
            28.655951603415943
        ],
        [
            15.098481499494923,
            74.43957641788909,
            51.62383690050303,
            53.95645434042146,
            72.41804560502108,
            69.35063922327747,
            20.285454514581946,
            77.140039213041,
            27.641187554366205,
            0.0,
            60.79382357510482,
            21.561480943656107,
            65.66048435766201,
            5.192478581093774,
            41.97036527530494,
            15.098481499494923
        ],
        [
            45.79181319609321,
            18.52077087089954,
            50.99068983963848,
            70.15765513700406,
            81.30737537420381,
            77.78259823120794,
            40.52473765316829,
            39.719358748967466,
            58.763697961147635,
            60.79382357510482,
            0.0,
            40.73781016739102,
            37.42602307089486,
            55.91247411197607,
            18.87003282352943,
            45.79181319609321
        ],
        [
            7.453493977649483,
            53.088094607020565,
            48.90033286373336,
            58.98832257760733,
            76.31007941466339,
            72.80557180115981,
            7.1303579098884695,
            64.75482331407149,
            35.05626068474532,
            21.561480943656107,
            40.73781016739102,
            0.0,
            54.92651831892939,
            17.660609935726402,
            22.045679417763342,
            7.453493977649483
        ],
        [
            54.91285759395533,
            54.04207878295278,
            23.82632168586754,
            43.26478361543932,
            48.21496384890685,
            45.10867083263406,
            49.70427860583371,
            12.276772751123463,
            47.235219138191184,
            65.66048435766201,
            37.42602307089486,
            54.92651831892939,
            0.0,
            60.66166708545638,
            39.932575393113694,
            54.91285759395533
        ],
        [
            10.605599930196433,
            69.9795969576384,
            47.413973006666495,
            51.2366555266929,
            69.61462678693155,
            66.43063884500228,
            15.402061030273003,
            72.06056281669998,
            24.903721464851042,
            5.192478581093774,
            55.91247411197607,
            17.660609935726402,
            60.66166708545638,
            0.0,
            37.15433723287563,
            10.605599930196433
        ],
        [
            26.9326855388751,
            33.67856960796849,
            43.8409453996631,
            60.2052856999845,
            74.51214826770101,
            70.87048018580008,
            21.753183981560955,
            47.2238179951625,
            43.46047709595155,
            41.97036527530494,
            18.87003282352943,
            22.045679417763342,
            39.932575393113694,
            37.15433723287563,
            0.0,
            26.9326855388751
        ],
        [
            0.0,
            59.41487248173127,
            45.669267206271726,
            53.637627907464996,
            71.43634345431538,
            68.02090844678106,
            5.669636413845571,
            65.57858432126446,
            28.655951603415943,
            15.098481499494923,
            45.79181319609321,
            7.453493977649483,
            54.91285759395533,
            10.605599930196433,
            26.9326855388751,
            0.0
        ]
    ],
    "scores_ave": [
        0,
        14.224014924523463,
        18.58786601923076,
        15.030377432072521,
        12.304619297377503,
        15.673981411357058,
        14.576691175554974,
        19.22657852109907,
        11.16165175069376,
        10.333609102662134,
        11.134865349267017,
        19.385435919859113,
        16.75972832256963,
        12.043413363515914,
        10.644437074359766,
        0
    ],
    "scores_var": [
        0,
        310.4736137010891,
        304.51258093325185,
        372.47627840629104,
        341.2798199175721,
        22.962969603728475,
        17.062670390460664,
        22.163940568831933,
        232.45506827234655,
        21.245038558752967,
        234.1266132979083,
        395.4161542209539,
        21.103202327810504,
        24.65057923444784,
        24.543425490618027,
        0
    ],
    "vertex_number": 16,
    "minimum_distances": {
        "cost": 281.0381705082063,
        "path": [
            0,
            6,
            11,
            14,
            10,
            1,
            7,
            12,
            2,
            5,
            4,
            3,
            8,
            9,
            13,
            15
        ]
    }
}