{
    "vertices": [
        [
            38.74406010309023,
            47.93928186292171
        ],
        [
            58.53554146001072,
            32.91016709457819
        ],
        [
            37.90333777294832,
            38.1358551581847
        ],
        [
            82.76063605331957,
            21.180872050401568
        ],
        [
            26.03903590486578,
            90.77759000557718
        ],
        [
            32.89031042585363,
            32.23964896059188
        ],
        [
            18.384133296266736,
            12.532405778479404
        ],
        [
            3.0359202125438967,
            42.580790202988005
        ],
        [
            97.12874402597781,
            95.66020829481123
        ],
        [
            27.200772895497295,
            41.53177521138902
        ],
        [
            73.63112763414303,
            77.14198568223067
        ],
        [
            74.86200516273982,
            50.83971931649749
        ],
        [
            86.24978912333603,
            43.46131253285286
        ],
        [
            11.715793198089008,
            21.019855440566783
        ],
        [
            50.10540621099121,
            2.282601787511418
        ],
        [
            54.31576447185505,
            27.136714787261372
        ],
        [
            20.79295919824975,
            39.87849049240205
        ],
        [
            18.85450845623595,
            7.481600369639385
        ],
        [
            39.0183060249753,
            95.85797404209046
        ],
        [
            69.95640241112086,
            47.97681979675378
        ],
        [
            54.55919520864702,
            82.25195228765622
        ],
        [
            55.030397431258905,
            60.21198710410316
        ],
        [
            11.521925762361729,
            28.566533104074054
        ],
        [
            38.74406010309023,
            47.93928186292171
        ]
    ],
    "distances": [
        [
            0.0,
            24.85109705870895,
            9.839410002207961,
            51.51185741241605,
            44.68263963109801,
            16.755442654602266,
            40.84327966310079,
            36.107958780750884,
            75.40595557575872,
            13.202409668178547,
            45.496212933325786,
            36.23421715387227,
            47.71631271448017,
            38.14685741704766,
            47.04904484569144,
            25.985087528918523,
            19.677865260612208,
            45.08234972275472,
            47.91947694818464,
            31.212364880767293,
            37.781977847691685,
            20.392745707820296,
            33.41179421309342,
            0.0
        ],
        [
            24.85109705870895,
            0.0,
            21.283694339154348,
            26.915266491121876,
            66.36762394161762,
            25.653995193016204,
            45.026533663912645,
            56.33585811822857,
            73.66819500251592,
            32.49922841409434,
            46.73682164537565,
            24.249170293332963,
            29.654783654644266,
            48.30598657039561,
            31.766569486732454,
            7.151172587389432,
            38.38046438961433,
            47.12957018615094,
            65.90408848112442,
            18.906086017803034,
            49.50174840902681,
            27.525904353804478,
            47.21384560920335,
            24.85109705870895
        ],
        [
            9.839410002207961,
            21.283694339154348,
            0.0,
            47.95465213302469,
            53.962152538238904,
            7.739230627604478,
            32.19527859083747,
            35.149598217961454,
            82.56330873713637,
            11.228408968496094,
            52.895682118908326,
            39.0810857037276,
            48.638871845724516,
            31.284899507489868,
            37.872763979255296,
            19.75724775990476,
            17.198890454839425,
            36.090736137938414,
            57.73288631837818,
            33.52974109229647,
            47.15556820626049,
            27.940862088220033,
            28.06333594296321,
            9.839410002207961
        ],
        [
            51.51185741241605,
            26.915266491121876,
            47.95465213302469,
            0.0,
            89.78331177637266,
            51.081757261656975,
            64.95483104500701,
            82.54687645713692,
            75.85258106433689,
            59.16973596006515,
            56.700918536566085,
            30.692598311306686,
            22.551989208006898,
            71.0450253196735,
            37.729413658106736,
            29.06170645354835,
            64.72707246753087,
            65.35796194066998,
            86.5451385011642,
            29.698000181649462,
            67.26810616526052,
            47.87895233160095,
            71.62054058102855,
            51.51185741241605
        ],
        [
            44.68263963109801,
            66.36762394161762,
            53.962152538238904,
            89.78331177637266,
            0.0,
            58.93751355756461,
            78.61874069634801,
            53.40482040757375,
            71.25718603834467,
            49.25951590889707,
            49.506937901983044,
            63.07706272753166,
            76.57783567724648,
            71.21303822531152,
            91.70906781462318,
            69.64003429784071,
            51.168737057541335,
            83.60525894996303,
            13.938140292349866,
            61.324065515205696,
            29.767196462050237,
            42.12784262082055,
            63.88240828030557,
            44.68263963109801
        ],
        [
            16.755442654602266,
            25.653995193016204,
            7.739230627604478,
            51.081757261656975,
            58.93751355756461,
            0.0,
            24.4704844405228,
            31.594680204169656,
            90.27039214306538,
            10.895615979378428,
            60.63030619964476,
            45.90844994476505,
            54.526687962832355,
            23.963387624893475,
            34.5511822984631,
            22.02475920991335,
            14.307264122539886,
            28.459878899290636,
            63.91278132140774,
            40.268520223455404,
            54.5047800821934,
            35.67401230338202,
            21.68178136644585,
            16.755442654602266
        ],
        [
            40.84327966310079,
            45.026533663912645,
            32.19527859083747,
            64.95483104500701,
            78.61874069634801,
            24.4704844405228,
            0.0,
            33.741266297909036,
            114.50303607401854,
            30.310007610178737,
            85.00957709992771,
            68.24368308543856,
            74.58112706213919,
            10.793681551325854,
            33.336131107009045,
            38.786182598478284,
            27.451972450210167,
            5.0726608470391215,
            85.84241032643415,
            62.5779947485838,
            78.5458482022431,
            60.135606344647286,
            17.4408466346036,
            40.84327966310079
        ],
        [
            36.107958780750884,
            56.33585811822857,
            35.149598217961454,
            82.54687645713692,
            53.40482040757375,
            31.594680204169656,
            33.741266297909036,
            0.0,
            108.03186621618866,
            24.18761124297808,
            78.60126935268303,
            72.2993526207167,
            83.21852737627533,
            23.242506381080755,
            61.963541713876225,
            53.555036109649464,
            17.96148260210472,
            38.49910208019033,
            64.28989350263527,
            67.13767997977628,
            65.02652510685222,
            54.90250236021457,
            16.383274771119453,
            36.107958780750884
        ],
        [
            75.40595557575872,
            73.66819500251592,
            82.56330873713637,
            75.85258106433689,
            71.25718603834467,
            90.27039214306538,
            114.50303607401854,
            108.03186621618866,
            0.0,
            88.42968061964169,
            29.91759590653822,
            50.04681700027262,
            53.32050617296791,
            113.4308355048726,
            104.5493744423871,
            80.7986409587498,
            94.54497388149626,
            117.90811189077968,
            58.11077452554864,
            54.88207072889254,
            44.631242596016946,
            55.03496317428081,
            108.76621067142098,
            75.40595557575872
        ],
        [
            13.202409668178547,
            32.49922841409434,
            11.228408968496094,
            59.16973596006515,
            49.25951590889707,
            10.895615979378428,
            30.310007610178737,
            24.18761124297808,
            88.42968061964169,
            0.0,
            58.51380120052126,
            48.56161946121508,
            59.08053344165474,
            25.700650748838928,
            45.443589666473905,
            30.69919433470914,
            6.6176602164714575,
            35.05815934762973,
            55.59667228044514,
            43.23866851539951,
            49.057273595127626,
            33.517731399337926,
            20.34511612956599,
            13.202409668178547
        ],
        [
            45.496212933325786,
            46.73682164537565,
            52.895682118908326,
            56.700918536566085,
            49.506937901983044,
            60.63030619964476,
            85.00957709992771,
            78.60126935268303,
            29.91759590653822,
            58.51380120052126,
            0.0,
            26.331051544979807,
            35.966906477678364,
            83.56555594974942,
            78.46901889011163,
            53.60606655379907,
            64.656323104722,
            88.61742091970484,
            39.348896300080334,
            29.39575660860084,
            19.74462876711665,
            25.15177957791228,
            78.84876378436394,
            45.496212933325786
        ],
        [
            36.23421715387227,
            24.249170293332963,
            39.0810857037276,
            30.692598311306686,
            63.07706272753166,
            45.90844994476505,
            68.24368308543856,
            72.2993526207167,
            50.04681700027262,
            48.56161946121508,
            26.331051544979807,
            0.0,
            13.569175000645595,
            69.83314662152671,
            54.50397099644655,
            31.368462350595973,
            55.16892484763792,
            70.8291335958512,
            57.544887057122246,
            5.679888380667372,
            37.40230570788868,
            21.934722899957602,
            67.14209173461525,
            36.23421715387227
        ],
        [
            47.71631271448017,
            29.654783654644266,
            48.638871845724516,
            22.551989208006898,
            76.57783567724648,
            54.526687962832355,
            74.58112706213919,
            83.21852737627533,
            53.32050617296791,
            59.08053344165474,
            35.966906477678364,
            13.569175000645595,
            0.0,
            77.83916459604161,
            54.791446729966005,
            35.86466815679138,
            65.55481063671233,
            76.39805981531785,
            70.54234992530625,
            16.907520705417806,
            50.08999376375141,
            35.42930307267228,
            76.19782160093828,
            47.71631271448017
        ],
        [
            38.14685741704766,
            48.30598657039561,
            31.284899507489868,
            71.0450253196735,
            71.21303822531152,
            23.963387624893475,
            10.793681551325854,
            23.242506381080755,
            113.4308355048726,
            25.700650748838928,
            83.56555594974942,
            69.83314662152671,
            77.83916459604161,
            0.0,
            42.718228682136704,
            43.03688558426291,
            20.92947822122625,
            15.30508431542902,
            79.66285961775421,
            64.17668181517199,
            74.73236768716502,
            58.41385216032332,
            7.549167393793506,
            38.14685741704766
        ],
        [
            47.04904484569144,
            31.766569486732454,
            37.872763979255296,
            37.729413658106736,
            91.70906781462318,
            34.5511822984631,
            33.336131107009045,
            61.963541713876225,
            104.5493744423871,
            45.443589666473905,
            78.46901889011163,
            54.50397099644655,
            54.791446729966005,
            42.718228682136704,
            0.0,
            25.208213932945824,
            47.67253294492856,
            31.680407142824663,
            94.22990015445095,
            49.81991177846194,
            80.09327846861214,
            58.13836273647434,
            46.68543679760912,
            47.04904484569144
        ],
        [
            25.985087528918523,
            7.151172587389432,
            19.75724775990476,
            29.06170645354835,
            69.64003429784071,
            22.02475920991335,
            38.786182598478284,
            53.555036109649464,
            80.7986409587498,
            30.69919433470914,
            53.60606655379907,
            31.368462350595973,
            35.86466815679138,
            43.03688558426291,
            25.208213932945824,
            0.0,
            35.862673095185926,
            40.54410192586702,
            70.40329330722709,
            26.056468140442053,
            55.11577508525618,
            33.08299168908258,
            42.817718434232596,
            25.985087528918523
        ],
        [
            19.677865260612208,
            38.38046438961433,
            17.198890454839425,
            64.72707246753087,
            51.168737057541335,
            14.307264122539886,
            27.451972450210167,
            17.96148260210472,
            94.54497388149626,
            6.6176602164714575,
            64.656323104722,
            55.16892484763792,
            65.55481063671233,
            20.92947822122625,
            47.67253294492856,
            35.862673095185926,
            0.0,
            32.45483139542664,
            58.87160474663716,
            49.82596798926163,
            54.1818139122687,
            39.820261943101,
            14.625745824562316,
            19.677865260612208
        ],
        [
            45.08234972275472,
            47.12957018615094,
            36.090736137938414,
            65.35796194066998,
            83.60525894996303,
            28.459878899290636,
            5.0726608470391215,
            38.49910208019033,
            117.90811189077968,
            35.05815934762973,
            88.61742091970484,
            70.8291335958512,
            76.39805981531785,
            15.30508431542902,
            31.680407142824663,
            40.54410192586702,
            32.45483139542664,
            0.0,
            90.64746083529204,
            65.20173588353646,
            82.8578914891749,
            63.94676401741764,
            22.32355610959281,
            45.08234972275472
        ],
        [
            47.91947694818464,
            65.90408848112442,
            57.73288631837818,
            86.5451385011642,
            13.938140292349866,
            63.91278132140774,
            85.84241032643415,
            64.28989350263527,
            58.11077452554864,
            55.59667228044514,
            39.348896300080334,
            57.544887057122246,
            70.54234992530625,
            79.66285961775421,
            94.22990015445095,
            70.40329330722709,
            58.87160474663716,
            90.64746083529204,
            0.0,
            57.00676047508888,
            20.655339856833688,
            39.0771474903983,
            72.69242705441053,
            47.91947694818464
        ],
        [
            31.212364880767293,
            18.906086017803034,
            33.52974109229647,
            29.698000181649462,
            61.324065515205696,
            40.268520223455404,
            62.5779947485838,
            67.13767997977628,
            54.88207072889254,
            43.23866851539951,
            29.39575660860084,
            5.679888380667372,
            16.907520705417806,
            64.17668181517199,
            49.81991177846194,
            26.056468140442053,
            49.82596798926163,
            65.20173588353646,
            57.00676047508888,
            0.0,
            37.57470820784678,
            19.29986900726777,
            61.57391729219764,
            31.212364880767293
        ],
        [
            37.781977847691685,
            49.50174840902681,
            47.15556820626049,
            67.26810616526052,
            29.767196462050237,
            54.5047800821934,
            78.5458482022431,
            65.02652510685222,
            44.631242596016946,
            49.057273595127626,
            19.74462876711665,
            37.40230570788868,
            50.08999376375141,
            74.73236768716502,
            80.09327846861214,
            55.11577508525618,
            54.1818139122687,
            82.8578914891749,
            20.655339856833688,
            37.57470820784678,
            0.0,
            22.045001629095555,
            68.8064734913009,
            37.781977847691685
        ],
        [
            20.392745707820296,
            27.525904353804478,
            27.940862088220033,
            47.87895233160095,
            42.12784262082055,
            35.67401230338202,
            60.135606344647286,
            54.90250236021457,
            55.03496317428081,
            33.517731399337926,
            25.15177957791228,
            21.934722899957602,
            35.42930307267228,
            58.41385216032332,
            58.13836273647434,
            33.08299168908258,
            39.820261943101,
            63.94676401741764,
            39.0771474903983,
            19.29986900726777,
            22.045001629095555,
            0.0,
            53.79983146656861,
            20.392745707820296
        ],
        [
            33.41179421309342,
            47.21384560920335,
            28.06333594296321,
            71.62054058102855,
            63.88240828030557,
            21.68178136644585,
            17.4408466346036,
            16.383274771119453,
            108.76621067142098,
            20.34511612956599,
            78.84876378436394,
            67.14209173461525,
            76.19782160093828,
            7.549167393793506,
            46.68543679760912,
            42.817718434232596,
            14.625745824562316,
            22.32355610959281,
            72.69242705441053,
            61.57391729219764,
            68.8064734913009,
            53.79983146656861,
            0.0,
            33.41179421309342
        ],
        [
            0.0,
            24.85109705870895,
            9.839410002207961,
            51.51185741241605,
            44.68263963109801,
            16.755442654602266,
            40.84327966310079,
            36.107958780750884,
            75.40595557575872,
            13.202409668178547,
            45.496212933325786,
            36.23421715387227,
            47.71631271448017,
            38.14685741704766,
            47.04904484569144,
            25.985087528918523,
            19.677865260612208,
            45.08234972275472,
            47.91947694818464,
            31.212364880767293,
            37.781977847691685,
            20.392745707820296,
            33.41179421309342,
            0.0
        ]
    ],
    "scores_ave": [
        0,
        18.81316776573016,
        16.137919276533914,
        16.27831514271909,
        16.638807093000302,
        17.081034154284403,
        10.748335991196635,
        14.053934831631796,
        14.345134078706824,
        16.173887943609873,
        10.924924598489813,
        12.089414539953756,
        17.022216141907744,
        19.14407722150653,
        11.153458391499564,
        12.954356206506478,
        17.734164916121152,
        12.600419460820007,
        16.66325594207516,
        13.981458553889686,
        10.050531026340689,
        18.3360277745631,
        13.550712306135098,
        0
    ],
    "scores_var": [
        0,
        18.55404253068724,
        18.191859968585565,
        364.69663927817317,
        303.88449964795655,
        399.79495772557846,
        22.531737621349954,
        385.7060026882259,
        18.551783417957566,
        388.5902120982401,
        22.880283063127678,
        316.1241077194484,
        18.731622310810803,
        393.2331488695593,
        22.687483717898957,
        269.79121410000033,
        243.83781207101313,
        16.204680759624903,
        325.87429389193613,
        388.8832107304676,
        19.14541898029783,
        20.99874639283335,
        327.93813785885976,
        0
    ],
    "vertex_number": 24,
    "minimum_distances": {
        "cost": 423.8849036026633,
        "path": [
            0,
            4,
            18,
            20,
            8,
            10,
            21,
            19,
            11,
            12,
            3,
            1,
            15,
            14,
            17,
            6,
            13,
            22,
            7,
            16,
            9,
            5,
            2,
            23
        ]
    }
}