{
    "vertices": [
        [
            2.3767037972339145,
            16.624826371808567
        ],
        [
            41.58330322831901,
            92.94647255935146
        ],
        [
            64.03482339423891,
            25.7632193864464
        ],
        [
            35.94893562028272,
            17.680333481542398
        ],
        [
            51.10332991060985,
            36.471414688378665
        ],
        [
            27.344076806219274,
            95.4721343308835
        ],
        [
            17.244253247533813,
            62.85870701134676
        ],
        [
            23.3369682379596,
            59.25790738393025
        ],
        [
            67.67042978450047,
            65.58742448570007
        ],
        [
            37.291698856662634,
            80.26754797566115
        ],
        [
            66.36502560033269,
            85.8054048021885
        ],
        [
            71.93780060125074,
            79.90350614797363
        ],
        [
            69.67818099504609,
            10.603677917205466
        ],
        [
            18.462195977741057,
            6.858499555747666
        ],
        [
            64.15613776113345,
            83.00661294014854
        ],
        [
            62.80934458300875,
            81.51559893438414
        ],
        [
            71.63672968272057,
            13.760701123420949
        ],
        [
            94.56386896765562,
            33.178580626841935
        ],
        [
            84.17521402393355,
            60.11565940012292
        ],
        [
            33.84231495093469,
            41.49704840049044
        ],
        [
            2.3767037972339145,
            16.624826371808567
        ]
    ],
    "distances": [
        [
            0.0,
            85.80297847817431,
            62.33164476514761,
            33.5888202358944,
            52.6134123603492,
            82.70591083691065,
            48.565581903732784,
            47.506970878085674,
            81.61253989040348,
            72.59099732849394,
            94.23618073298003,
            94.03689437020047,
            67.57028238597202,
            18.818187961843368,
            90.68208229250399,
            88.6730874398225,
            69.31922099314687,
            93.66162609145033,
            92.64150707325634,
            40.108753582228736,
            0.0
        ],
        [
            85.80297847817431,
            0.0,
            70.83544497393495,
            75.476736747309,
            57.27183487161256,
            14.461484587828513,
            38.69965102735242,
            38.31250662850209,
            37.8028528480933,
            13.385551788466802,
            25.790087484069446,
            33.038076269232896,
            87.00378144773919,
            89.13879456421847,
            24.664421097915127,
            24.108291175879152,
            84.6970769244934,
            79.86952642977361,
            53.776697164457396,
            52.02851281546488,
            85.80297847817431
        ],
        [
            62.33164476514761,
            70.83544497393495,
            0.0,
            29.225847063908308,
            16.78954943831028,
            78.77527345504453,
            59.711243972830324,
            52.708723550948186,
            39.989810522335965,
            60.71174964529853,
            60.08738529691268,
            54.714053947363006,
            16.17588274463634,
            49.33814752825794,
            57.24352210267676,
            55.76584638982969,
            14.207372166347882,
            31.4167185738631,
            39.82116861180665,
            34.0461589836823,
            62.33164476514761
        ],
        [
            33.5888202358944,
            75.476736747309,
            29.225847063908308,
            0.0,
            24.14043080039407,
            78.26626268446395,
            48.897347345883205,
            43.44831841235407,
            57.457310766264946,
            62.60161684207367,
            74.60672806200265,
            71.88130229270239,
            34.46361918788068,
            20.564487663044755,
            71.15594873598918,
            69.25621044411587,
            35.90239773143024,
            60.62925099235313,
            64.23807916246088,
            23.909700127248914,
            33.5888202358944
        ],
        [
            52.6134123603492,
            57.27183487161256,
            16.78954943831028,
            24.14043080039407,
            0.0,
            63.604929261905085,
            42.92698764895845,
            35.91928576546096,
            33.499415289661144,
            45.92235232746436,
            51.64070038133867,
            48.17075604050445,
            31.845955763199953,
            44.07230839286598,
            48.331154229070684,
            46.540405175487095,
            30.61694003049408,
            43.585103089080995,
            40.65464090105776,
            17.97775379869365,
            52.6134123603492
        ],
        [
            82.70591083691065,
            14.461484587828513,
            78.77527345504453,
            78.26626268446395,
            63.604929261905085,
            0.0,
            34.14150080830196,
            36.43524601870084,
            50.19273480355232,
            18.169607334554065,
            40.20049881001186,
            47.23327625102086,
            94.84108430164015,
            89.0576446753026,
            38.86537090124302,
            38.11259763848591,
            92.94405530024959,
            91.64598895371805,
            66.9317449121728,
            54.364850778593606,
            82.70591083691065
        ],
        [
            48.565581903732784,
            38.69965102735242,
            59.711243972830324,
            48.897347345883205,
            42.92698764895845,
            34.14150080830196,
            0.0,
            7.077212298028225,
            50.49995226920682,
            26.551230087733586,
            54.216244945954266,
            57.28795073784044,
            74.0263793837095,
            56.01345034511087,
            51.05548963562249,
            49.23674608093097,
            73.27452268642317,
            82.82048585529722,
            66.98714668240021,
            27.05209993543338,
            48.565581903732784
        ],
        [
            47.506970878085674,
            38.31250662850209,
            52.708723550948186,
            43.44831841235407,
            35.91928576546096,
            36.43524601870084,
            7.077212298028225,
            0.0,
            44.78301686398779,
            25.22180612950378,
            50.55871180669161,
            52.804182170833755,
            67.19183019384326,
            52.62567192286669,
            47.22505284441256,
            45.315265942950646,
            66.35407096126164,
            75.85118767468941,
            60.84429216315907,
            20.635174372644666,
            47.506970878085674
        ],
        [
            81.61253989040348,
            37.8028528480933,
            39.989810522335965,
            57.457310766264946,
            33.499415289661144,
            50.19273480355232,
            50.49995226920682,
            44.78301686398779,
            0.0,
            33.73978835835337,
            20.260079174622113,
            14.938562442502198,
            55.02039123481302,
            76.61942898383336,
            17.77015404652115,
            16.65343479897988,
            51.97827228133722,
            42.114014666924255,
            17.388160223036238,
            41.52935796662107,
            81.61253989040348
        ],
        [
            72.59099732849394,
            13.385551788466802,
            60.71174964529853,
            62.60161684207367,
            45.92235232746436,
            18.169607334554065,
            26.551230087733586,
            25.22180612950378,
            33.73978835835337,
            0.0,
            29.5960501786187,
            34.64801426559187,
            76.82407836623376,
            75.78547729337407,
            27.003713717407972,
            25.548148164023154,
            74.85146505359933,
            74.14494126507,
            51.03099653740489,
            38.923641744284495,
            72.59099732849394
        ],
        [
            94.23618073298003,
            25.790087484069446,
            60.08738529691268,
            74.60672806200265,
            51.64070038133867,
            40.20049881001186,
            54.216244945954266,
            50.55871180669161,
            20.260079174622113,
            29.5960501786187,
            0.0,
            8.117156456264755,
            75.27467519128261,
            92.34335349033816,
            3.5654482710009114,
            5.571831106593819,
            72.23731855553395,
            59.70558926966264,
            31.259651797598707,
            54.96323457552661,
            94.23618073298003
        ],
        [
            94.03689437020047,
            33.038076269232896,
            54.714053947363006,
            71.88130229270239,
            48.17075604050445,
            47.23327625102086,
            57.28795073784044,
            52.804182170833755,
            14.938562442502198,
            34.64801426559187,
            8.117156456264755,
            0.0,
            69.33665750220958,
            90.52741727183133,
            8.377562194391897,
            9.269711561260968,
            66.14349023308323,
            51.91490763428682,
            23.266137758426584,
            54.0954898641527,
            94.03689437020047
        ],
        [
            67.57028238597202,
            87.00378144773919,
            16.17588274463634,
            34.46361918788068,
            31.845955763199953,
            94.84108430164015,
            74.0263793837095,
            67.19183019384326,
            55.02039123481302,
            76.82407836623376,
            75.27467519128261,
            69.33665750220958,
            0.0,
            51.35273587893779,
            72.61320789920877,
            71.24381696682119,
            3.7151996563542196,
            33.599459790592384,
            51.59069952041177,
            47.31394757308884,
            67.57028238597202
        ],
        [
            18.818187961843368,
            89.13879456421847,
            49.33814752825794,
            20.564487663044755,
            44.07230839286598,
            89.0576446753026,
            56.01345034511087,
            52.62567192286669,
            76.61942898383336,
            75.78547729337407,
            92.34335349033816,
            90.52741727183133,
            51.35273587893779,
            0.0,
            88.80580773636161,
            86.8352006795015,
            53.62062496113593,
            80.52460058549106,
            84.58443010051292,
            37.89956629961908,
            18.818187961843368
        ],
        [
            90.68208229250399,
            24.664421097915127,
            57.24352210267676,
            71.15594873598918,
            48.331154229070684,
            38.86537090124302,
            51.05548963562249,
            47.22505284441256,
            17.77015404652115,
            27.003713717407972,
            3.5654482710009114,
            8.377562194391897,
            72.61320789920877,
            88.80580773636161,
            0.0,
            2.0092223943677374,
            69.64880156059635,
            58.37347789316677,
            30.409853146429658,
            51.40011480181895,
            90.68208229250399
        ],
        [
            88.6730874398225,
            24.108291175879152,
            55.76584638982969,
            69.25621044411587,
            46.540405175487095,
            38.11259763848591,
            49.23674608093097,
            45.315265942950646,
            16.65343479897988,
            25.548148164023154,
            5.571831106593819,
            9.269711561260968,
            71.24381696682119,
            86.8352006795015,
            2.0092223943677374,
            0.0,
            68.32751206558511,
            57.83439424562864,
            30.24000312560633,
            49.40215777209798,
            88.6730874398225
        ],
        [
            69.31922099314687,
            84.6970769244934,
            14.207372166347882,
            35.90239773143024,
            30.61694003049408,
            92.94405530024959,
            73.27452268642317,
            66.35407096126164,
            51.97827228133722,
            74.85146505359933,
            72.23731855553395,
            66.14349023308323,
            3.7151996563542196,
            53.62062496113593,
            69.64880156059635,
            68.32751206558511,
            0.0,
            30.045095443352963,
            48.020784525136854,
            46.87987569514699,
            69.31922099314687
        ],
        [
            93.66162609145033,
            79.86952642977361,
            31.4167185738631,
            60.62925099235313,
            43.585103089080995,
            91.64598895371805,
            82.82048585529722,
            75.85118767468941,
            42.114014666924255,
            74.14494126507,
            59.70558926966264,
            51.91490763428682,
            33.599459790592384,
            80.52460058549106,
            58.37347789316677,
            57.83439424562864,
            30.045095443352963,
            0.0,
            28.87092593557862,
            61.28869413119182,
            93.66162609145033
        ],
        [
            92.64150707325634,
            53.776697164457396,
            39.82116861180665,
            64.23807916246088,
            40.65464090105776,
            66.9317449121728,
            66.98714668240021,
            60.84429216315907,
            17.388160223036238,
            51.03099653740489,
            31.259651797598707,
            23.266137758426584,
            51.59069952041177,
            84.58443010051292,
            30.409853146429658,
            30.24000312560633,
            48.020784525136854,
            28.87092593557862,
            0.0,
            53.66612902612154,
            92.64150707325634
        ],
        [
            40.108753582228736,
            52.02851281546488,
            34.0461589836823,
            23.909700127248914,
            17.97775379869365,
            54.364850778593606,
            27.05209993543338,
            20.635174372644666,
            41.52935796662107,
            38.923641744284495,
            54.96323457552661,
            54.0954898641527,
            47.31394757308884,
            37.89956629961908,
            51.40011480181895,
            49.40215777209798,
            46.87987569514699,
            61.28869413119182,
            53.66612902612154,
            0.0,
            40.108753582228736
        ],
        [
            0.0,
            85.80297847817431,
            62.33164476514761,
            33.5888202358944,
            52.6134123603492,
            82.70591083691065,
            48.565581903732784,
            47.506970878085674,
            81.61253989040348,
            72.59099732849394,
            94.23618073298003,
            94.03689437020047,
            67.57028238597202,
            18.818187961843368,
            90.68208229250399,
            88.6730874398225,
            69.31922099314687,
            93.66162609145033,
            92.64150707325634,
            40.108753582228736,
            0.0
        ]
    ],
    "scores_ave": [
        0,
        13.575525256477171,
        19.22410001391149,
        16.46421641613439,
        18.20010487621345,
        16.84164436314671,
        10.849750285180514,
        14.422629984214783,
        16.751299979798155,
        16.038344174962162,
        11.214661998888197,
        16.72475911646336,
        10.363241170614794,
        18.056556846259628,
        18.401085141531382,
        18.544895079024073,
        15.15777008396854,
        18.95299818412062,
        18.549765740619964,
        10.97930090096009,
        0
    ],
    "scores_var": [
        0,
        357.67482283393986,
        18.71157784050925,
        19.8845391063473,
        22.190703048427636,
        21.652037103632026,
        21.23172939981476,
        16.390581529196943,
        17.30246521118731,
        240.070033456741,
        344.15259402761046,
        360.0108702016641,
        248.36355550481932,
        277.00939064774263,
        19.894883962849015,
        264.10144644763545,
        22.144869455759782,
        21.333913585787073,
        252.2851334933165,
        301.5188747125078,
        0
    ],
    "vertex_number": 21,
    "minimum_distances": {
        "cost": 416.46591943031945,
        "path": [
            0,
            13,
            3,
            4,
            2,
            12,
            16,
            17,
            18,
            11,
            10,
            14,
            15,
            1,
            5,
            6,
            7,
            9,
            8,
            19,
            20
        ]
    }
}