{
    "vertices": [
        [
            13.558512019171154,
            3.072889259212508
        ],
        [
            99.7097649564489,
            32.55752637952926
        ],
        [
            30.682577002504264,
            3.527138543469821
        ],
        [
            40.96485210703894,
            23.915940043488394
        ],
        [
            85.36816829739918,
            81.87042031255172
        ],
        [
            97.59957540892776,
            82.630182213823
        ],
        [
            55.92148425089005,
            38.00717859950383
        ],
        [
            30.859306087574534,
            83.65750440044516
        ],
        [
            31.65444057485226,
            11.66820887050033
        ],
        [
            47.656937445308124,
            65.45855584550362
        ],
        [
            33.46550586016013,
            89.06049099112916
        ],
        [
            98.93711958997675,
            84.98878070100785
        ],
        [
            48.7567530560678,
            6.511805951659744
        ],
        [
            9.854629182413321,
            15.978010392197595
        ],
        [
            54.64896650388108,
            54.375472724583176
        ],
        [
            90.79572163401475,
            80.97517841151476
        ],
        [
            43.670209797442475,
            14.386043878353627
        ],
        [
            14.120686283067595,
            80.21706237048234
        ],
        [
            19.073982764868447,
            19.535378411423252
        ],
        [
            25.330133806959477,
            32.880475944625545
        ],
        [
            71.89238045611646,
            44.98358246178099
        ],
        [
            92.68823691692747,
            71.85272925421572
        ],
        [
            83.44495844800642,
            93.38254534379764
        ],
        [
            13.558512019171154,
            3.072889259212508
        ]
    ],
    "distances": [
        [
            0.0,
            91.05702723447305,
            17.130088848738158,
            34.43167499567473,
            106.60993215877784,
            115.72494630781561,
            54.9092522988301,
            82.42085702574249,
            20.033525638601507,
            71.09623064521567,
            88.26186070660356,
            118.32041202359643,
            35.36583549287458,
            13.426127495500985,
            65.72960155045321,
            109.70119964820896,
            32.16678116514837,
            77.1462214559116,
            17.36185377870978,
            32.047828374527114,
            71.82859048831922,
            104.84359661959734,
            114.19259773105482,
            0.0
        ],
        [
            91.05702723447305,
            0.0,
            74.8833499166619,
            59.37711512096237,
            51.35604056759428,
            50.11710049699702,
            44.12609473392689,
            85.74143362571358,
            71.1891196930919,
            61.57901096823078,
            87.06828856200143,
            52.43694699909501,
            57.22402445063713,
            91.37190911513535,
            50.06494122535839,
            49.2313842649652,
            58.91209144742576,
            97.96387986922122,
            81.68050996015666,
            74.38033225494286,
            30.466600568468426,
            39.9176004410655,
            62.96210656228619,
            91.05702723447305
        ],
        [
            17.130088848738158,
            74.8833499166619,
            0.0,
            22.834806938804917,
            95.54152863347983,
            103.61069536316745,
            42.730265636411985,
            80.1305607464607,
            8.198874610147032,
            64.2154916003987,
            85.5786134145809,
            106.27644013057585,
            18.31895410640904,
            24.265770545974277,
            56.213351747835546,
            98.03973192992308,
            16.929100114540127,
            78.4578908765431,
            19.77430665899579,
            29.837343459960056,
            58.45412426029002,
            92.26639804064898,
            104.20107018189914,
            17.130088848738158
        ],
        [
            34.43167499567473,
            59.37711512096237,
            22.834806938804917,
            0.0,
            73.00942591171606,
            81.57728922389005,
            20.54905956799523,
            60.590234957193566,
            15.384754849670449,
            42.07817645583662,
            65.57478716931027,
            84.20614979377723,
            19.068759893758934,
            32.10695715213049,
            33.3921864809201,
            75.7553446362284,
            9.906456538605308,
            62.3732764416301,
            22.32486239080325,
            18.022411610148534,
            37.421351750678845,
            70.52123294459273,
            81.42584777998236,
            34.43167499567473
        ],
        [
            106.60993215877784,
            51.35604056759428,
            95.54152863347983,
            73.00942591171606,
            0.0,
            12.25498094958027,
            52.83077867031868,
            54.53814929887932,
            88.39408937936062,
            41.12768201180879,
            52.39831566412154,
            13.92266535878223,
            83.78136119905683,
            100.22027876025133,
            41.22670859644295,
            5.500890226425093,
            79.3275538875154,
            71.26666321546917,
            90.99767296056008,
            77.48922657149011,
            39.271308414315854,
            12.407156754666548,
            11.67166478527551,
            106.60993215877784
        ],
        [
            115.72494630781561,
            50.11710049699702,
            103.61069536316745,
            81.57728922389005,
            12.25498094958027,
            0.0,
            61.05960804116944,
            66.74817555530555,
            96.87291917281546,
            52.812231906049405,
            64.45562619242531,
            2.711459249188277,
            90.44129864271795,
            110.18932614746942,
            51.410926986737124,
            7.002247051915031,
            86.98068114476877,
            83.5137598067886,
            100.73342527167465,
            87.73770833188959,
            45.586471076760226,
            11.843763678812223,
            17.775446385090877,
            115.72494630781561
        ],
        [
            54.9092522988301,
            44.12609473392689,
            42.730265636411985,
            20.54905956799523,
            52.83077867031868,
            61.05960804116944,
            0.0,
            52.07749053114848,
            35.81383441018413,
            28.668464322384793,
            55.77375432622241,
            63.699417733989776,
            32.30002896779853,
            51.06309222722251,
            16.41768418448716,
            55.339510667329755,
            26.609241463228994,
            59.40522703185491,
            41.21826983208706,
            31.017959347689324,
            17.428130606800913,
            49.9731467963169,
            61.83828000473794,
            54.9092522988301
        ],
        [
            82.42085702574249,
            85.74143362571358,
            80.1305607464607,
            60.590234957193566,
            54.53814929887932,
            66.74817555530555,
            52.07749053114848,
            0.0,
            71.99368659646895,
            24.766149231071903,
            5.998711641155645,
            68.0908289555671,
            79.19455408764522,
            70.8640272712653,
            37.72777917913228,
            59.9964064029376,
            70.44611058622891,
            17.088535171903022,
            65.19617233528913,
            51.0771804714379,
            56.38603932049299,
            62.94576557445262,
            53.47735273479866,
            82.42085702574249
        ],
        [
            20.033525638601507,
            71.1891196930919,
            8.198874610147032,
            15.384754849670449,
            88.39408937936062,
            96.87291917281546,
            35.81383441018413,
            71.99368659646895,
            0.0,
            56.120239965454495,
            77.41346968910936,
            99.51314058457248,
            17.86274288194757,
            22.221749838892855,
            48.50421227690467,
            91.11063138996434,
            12.31930749435451,
            70.75576199665066,
            14.837798869590062,
            22.134975277113618,
            52.239888240834055,
            85.71639743796845,
            96.74445992841528,
            20.033525638601507
        ],
        [
            71.09623064521567,
            61.57901096823078,
            64.2154916003987,
            42.07817645583662,
            41.12768201180879,
            52.812231906049405,
            28.668464322384793,
            24.766149231071903,
            56.120239965454495,
            0.0,
            27.539935966778312,
            54.8733702600537,
            58.95700906105274,
            62.26828155939113,
            13.104319967902201,
            45.84452286954082,
            51.227877917916295,
            36.64005536110336,
            54.0918064396642,
            39.49452431329405,
            31.726664384934775,
            45.483001062851436,
            45.39307917282555,
            71.09623064521567
        ],
        [
            88.26186070660356,
            87.06828856200143,
            85.5786134145809,
            65.57478716931027,
            52.39831566412154,
            64.45562619242531,
            55.77375432622241,
            5.998711641155645,
            77.41346968910936,
            27.539935966778312,
            0.0,
            65.59810232829142,
            83.95300853782356,
            76.80183896226038,
            40.642213239373454,
            57.89754675447657,
            75.36848833595042,
            21.270361403576054,
            70.99899447332402,
            56.76599659188034,
            58.47562361119272,
            61.67202719074975,
            50.165982845033504,
            88.26186070660356
        ],
        [
            118.32041202359643,
            52.43694699909501,
            106.27644013057585,
            84.20614979377723,
            13.92266535878223,
            2.711459249188277,
            63.699417733989776,
            68.0908289555671,
            99.51314058457248,
            54.8733702600537,
            65.59810232829142,
            0.0,
            93.14883118583545,
            112.68618600267293,
            53.83878833180472,
            9.0769688781865,
            89.66146198264389,
            84.95055417553931,
            103.2582611456738,
            90.18460944443525,
            48.289065024893524,
            14.5466278660831,
            17.619941592619522,
            118.32041202359643
        ],
        [
            35.36583549287458,
            57.22402445063713,
            18.31895410640904,
            19.068759893758934,
            83.78136119905683,
            90.44129864271795,
            32.30002896779853,
            79.19455408764522,
            17.86274288194757,
            58.95700906105274,
            83.95300853782356,
            93.14883118583545,
            0.0,
            40.03728597683935,
            48.22498083217914,
            85.51063511162052,
            9.374249049819998,
            81.43784099095531,
            32.41419892230591,
            35.27198954752379,
            44.89248091873069,
            78.73634187748041,
            93.54034934641874,
            35.36583549287458
        ],
        [
            13.426127495500985,
            91.37190911513535,
            24.265770545974277,
            32.10695715213049,
            100.22027876025133,
            110.18932614746942,
            51.06309222722251,
            70.8640272712653,
            22.221749838892855,
            62.26828155939113,
            76.80183896226038,
            112.68618600267293,
            40.03728597683935,
            0.0,
            58.99913363462559,
            103.80795874011798,
            33.853033094727806,
            64.38054863275718,
            9.88186964610127,
            22.916906098672282,
            68.48361697648315,
            99.91691937917685,
            106.80355140392984,
            13.426127495500985
        ],
        [
            65.72960155045321,
            50.06494122535839,
            56.213351747835546,
            33.3921864809201,
            41.22670859644295,
            51.410926986737124,
            16.41768418448716,
            37.72777917913228,
            48.50421227690467,
            13.104319967902201,
            40.642213239373454,
            53.83878833180472,
            48.22498083217914,
            58.99913363462559,
            0.0,
            44.87908476193812,
            41.4691152337113,
            48.06588450329219,
            49.79369076279535,
            36.354213473550324,
            19.63524706838863,
            41.86216178554865,
            48.48464567640773,
            65.72960155045321
        ],
        [
            109.70119964820896,
            49.2313842649652,
            98.03973192992308,
            75.7553446362284,
            5.500890226425093,
            7.002247051915031,
            55.339510667329755,
            59.9964064029376,
            91.11063138996434,
            45.84452286954082,
            57.89754675447657,
            9.0769688781865,
            85.51063511162052,
            103.80795874011798,
            44.87908476193812,
            0.0,
            81.57773411743149,
            76.6787831541468,
            94.43969954666977,
            81.23326655330615,
            40.653797936932264,
            9.316688935644692,
            14.42138944793747,
            109.70119964820896
        ],
        [
            32.16678116514837,
            58.91209144742576,
            16.929100114540127,
            9.906456538605308,
            79.3275538875154,
            86.98068114476877,
            26.609241463228994,
            70.44611058622891,
            12.31930749435451,
            51.227877917916295,
            75.36848833595042,
            89.66146198264389,
            9.374249049819998,
            33.853033094727806,
            41.4691152337113,
            81.57773411743149,
            0.0,
            72.15883407897876,
            25.129465381726465,
            26.046159117816927,
            41.6257166190763,
            75.53268769728037,
            88.44477301681222,
            32.16678116514837
        ],
        [
            77.1462214559116,
            97.96387986922122,
            78.4578908765431,
            62.3732764416301,
            71.26666321546917,
            83.5137598067886,
            59.40522703185491,
            17.088535171903022,
            70.75576199665066,
            36.64005536110336,
            21.270361403576054,
            84.95055417553931,
            81.43784099095531,
            64.38054863275718,
            48.06588450329219,
            76.6787831541468,
            72.15883407897876,
            0.0,
            60.88351102017482,
            48.64569999746633,
            67.66806302903275,
            79.0115313171692,
            70.56333788249509,
            77.1462214559116
        ],
        [
            17.36185377870978,
            81.68050996015666,
            19.77430665899579,
            22.32486239080325,
            90.99767296056008,
            100.73342527167465,
            41.21826983208706,
            65.19617233528913,
            14.837798869590062,
            54.0918064396642,
            70.99899447332402,
            103.2582611456738,
            32.41419892230591,
            9.88186964610127,
            49.79369076279535,
            94.43969954666977,
            25.129465381726465,
            60.88351102017482,
            0.0,
            14.738760261030729,
            58.62929493060169,
            90.31148107285017,
            97.96441483690447,
            17.36185377870978
        ],
        [
            32.047828374527114,
            74.38033225494286,
            29.837343459960056,
            18.022411610148534,
            77.48922657149011,
            87.73770833188959,
            31.017959347689324,
            51.0771804714379,
            22.134975277113618,
            39.49452431329405,
            56.76599659188034,
            90.18460944443525,
            35.27198954752379,
            22.916906098672282,
            36.354213473550324,
            81.23326655330615,
            26.046159117816927,
            48.64569999746633,
            14.738760261030729,
            0.0,
            48.10954167711994,
            77.81998832305194,
            83.89179485886491,
            32.047828374527114
        ],
        [
            71.82859048831922,
            30.466600568468426,
            58.45412426029002,
            37.421351750678845,
            39.271308414315854,
            45.586471076760226,
            17.428130606800913,
            56.38603932049299,
            52.239888240834055,
            31.726664384934775,
            58.47562361119272,
            48.289065024893524,
            44.89248091873069,
            68.48361697648315,
            19.63524706838863,
            40.653797936932264,
            41.6257166190763,
            67.66806302903275,
            58.62929493060169,
            48.10954167711994,
            0.0,
            33.97673756104403,
            49.75863408810099,
            71.82859048831922
        ],
        [
            104.84359661959734,
            39.9176004410655,
            92.26639804064898,
            70.52123294459273,
            12.407156754666548,
            11.843763678812223,
            49.9731467963169,
            62.94576557445262,
            85.71639743796845,
            45.483001062851436,
            61.67202719074975,
            14.5466278660831,
            78.73634187748041,
            99.91691937917685,
            41.86216178554865,
            9.316688935644692,
            75.53268769728037,
            79.0115313171692,
            90.31148107285017,
            77.81998832305194,
            33.97673756104403,
            0.0,
            23.430133966864986,
            104.84359661959734
        ],
        [
            114.19259773105482,
            62.96210656228619,
            104.20107018189914,
            81.42584777998236,
            11.67166478527551,
            17.775446385090877,
            61.83828000473794,
            53.47735273479866,
            96.74445992841528,
            45.39307917282555,
            50.165982845033504,
            17.619941592619522,
            93.54034934641874,
            106.80355140392984,
            48.48464567640773,
            14.42138944793747,
            88.44477301681222,
            70.56333788249509,
            97.96441483690447,
            83.89179485886491,
            49.75863408810099,
            23.430133966864986,
            0.0,
            114.19259773105482
        ],
        [
            0.0,
            91.05702723447305,
            17.130088848738158,
            34.43167499567473,
            106.60993215877784,
            115.72494630781561,
            54.9092522988301,
            82.42085702574249,
            20.033525638601507,
            71.09623064521567,
            88.26186070660356,
            118.32041202359643,
            35.36583549287458,
            13.426127495500985,
            65.72960155045321,
            109.70119964820896,
            32.16678116514837,
            77.1462214559116,
            17.36185377870978,
            32.047828374527114,
            71.82859048831922,
            104.84359661959734,
            114.19259773105482,
            0.0
        ]
    ],
    "scores_ave": [
        0,
        12.948758185234368,
        11.806453926090564,
        16.562149520096547,
        13.077090256618055,
        15.107041890848532,
        15.861534584090528,
        10.535436628519898,
        11.111391907082309,
        10.351849713187107,
        14.138329975735116,
        13.083884589553412,
        17.666670816904286,
        13.186513170660135,
        18.744404399005965,
        19.40050273449839,
        19.01559875059329,
        10.319586525079039,
        10.934976242682811,
        17.820454210158974,
        12.604706046371316,
        13.408857382111918,
        19.16587652092376,
        0
    ],
    "scores_var": [
        0,
        20.059318266509784,
        24.474412150644874,
        398.0243225413144,
        362.126561662532,
        17.22647520202861,
        305.0855433777862,
        240.7674218445014,
        24.024968223621407,
        22.994485378545445,
        19.16370965606601,
        274.8762689322363,
        20.600431918978884,
        23.678312782466282,
        24.08438166366814,
        259.50335492886285,
        16.47510770276957,
        18.208534849637925,
        304.8051319701484,
        270.3535626192445,
        19.712796156422485,
        22.51385824244662,
        341.2394075867669,
        0
    ],
    "vertex_number": 24,
    "minimum_distances": {
        "cost": 416.2279275660511,
        "path": [
            0,
            13,
            18,
            19,
            17,
            7,
            10,
            9,
            4,
            22,
            11,
            5,
            15,
            21,
            1,
            20,
            14,
            6,
            3,
            16,
            12,
            8,
            2,
            23
        ]
    }
}