{
    "vertices": [
        [
            91.03403607174671,
            62.639247509612936
        ],
        [
            26.38526966507262,
            62.56293459174594
        ],
        [
            32.97671831300589,
            84.35710292249911
        ],
        [
            25.99436948943087,
            16.343801614532648
        ],
        [
            88.6328920520732,
            60.0305985717518
        ],
        [
            50.27397686550632,
            6.358807491947404
        ],
        [
            79.6266533939229,
            49.130804085462145
        ],
        [
            96.26552936682754,
            52.4586602146465
        ],
        [
            56.090655284359535,
            72.74152418506307
        ],
        [
            70.81849007792228,
            25.770998832756142
        ],
        [
            9.054619879670566,
            72.01885835628437
        ],
        [
            59.42483167006629,
            71.66763041401612
        ],
        [
            82.76683084838172,
            38.362782578885714
        ],
        [
            37.15808074645093,
            33.01246530703668
        ],
        [
            8.236431525742615,
            55.568506623854454
        ],
        [
            74.60655062864934,
            11.808353169582775
        ],
        [
            91.05284378315669,
            44.07810905118068
        ],
        [
            27.718038503100885,
            73.56541325598188
        ],
        [
            84.53082318577081,
            93.4225103159793
        ],
        [
            91.03403607174671,
            62.639247509612936
        ]
    ],
    "distances": [
        [
            0.0,
            64.64881144743612,
            61.98642907180919,
            79.83374311507083,
            3.5454959997464215,
            69.49007378811933,
            17.68067937896612,
            11.446085783660179,
            36.374384597951384,
            42.04683175135772,
            82.51425197399921,
            32.87329464437254,
            25.64553434300136,
            61.4846711456779,
            83.09896927898694,
            53.419491736542064,
            18.56114798720977,
            64.25182212225495,
            31.462692936971262,
            0.0
        ],
        [
            64.64881144743612,
            0.0,
            22.76912313874967,
            46.22078597463096,
            62.29911089696847,
            61.07024017275813,
            54.9096263992073,
            70.60699014029998,
            31.40085382437429,
            57.688453031352054,
            19.74249012219631,
            34.27109778658812,
            61.355747888138154,
            31.45288052852414,
            19.449996102971898,
            70.00942417351537,
            67.25759375403666,
            11.082906186221473,
            65.82718897315964,
            64.64881144743612
        ],
        [
            61.98642907180919,
            22.76912313874967,
            0.0,
            68.37077116650295,
            60.74033659110043,
            79.89323653165938,
            58.45603966067153,
            70.87301497602944,
            25.86843156670472,
            69.74475810211274,
            26.916520436897333,
            29.334713441441053,
            67.78298319015119,
            51.51461543739781,
            37.95872847135913,
            83.64427075024248,
            70.67696723056532,
            12.00476068905654,
            52.34507942912886,
            61.98642907180919
        ],
        [
            79.83374311507083,
            46.22078597463096,
            68.37077116650295,
            0.0,
            76.36832286499387,
            26.252608288786075,
            62.86023709660004,
            79.00834716801042,
            63.92565627189557,
            45.80473593333882,
            58.19507762722417,
            64.63993993380139,
            60.892921521816554,
            20.06172470960357,
            43.05719270680006,
            48.82329820596912,
            70.7233828830175,
            57.24756653093234,
            96.7865886702606,
            79.83374311507083
        ],
        [
            3.5454959997464215,
            62.29911089696847,
            60.74033659110043,
            76.36832286499387,
            0.0,
            65.97020184905003,
            14.139231047369991,
            10.751344235135567,
            34.93658260037847,
            38.614415597970975,
            80.47620626375496,
            31.440917629370098,
            22.44782670875196,
            58.13463446224914,
            80.52019082014971,
            50.220744770995466,
            16.134995763392855,
            62.40040537872487,
            33.64292999900819,
            3.5454959997464215
        ],
        [
            69.49007378811933,
            61.07024017275813,
            79.89323653165938,
            26.252608288786075,
            65.97020184905003,
            0.0,
            51.875074091296426,
            65.11850215212519,
            66.63706793809892,
            28.26499948323551,
            77.52598061187672,
            65.94680049191368,
            45.607455326052005,
            29.70596246428858,
            64.72055088490443,
            24.935350288925772,
            55.54873263364177,
            70.89074843539872,
            93.56078168357487,
            69.49007378811933
        ],
        [
            17.68067937896612,
            54.9096263992073,
            58.45603966067153,
            62.86023709660004,
            14.139231047369991,
            51.875074091296426,
            0.0,
            16.968406526785397,
            33.337806026117995,
            24.96526071255195,
            74.19080093004023,
            30.265857693544522,
            11.216550343647732,
            45.42444834766514,
            71.67989810512309,
            37.65855512552403,
            12.493500467061715,
            57.372070079436,
            44.562384610315746,
            17.68067937896612
        ],
        [
            11.446085783660179,
            70.60699014029998,
            70.87301497602944,
            79.00834716801042,
            10.751344235135567,
            65.11850215212519,
            16.968406526785397,
            0.0,
            45.004611745737584,
            36.87523665829861,
            89.37753680269567,
            41.547822360557234,
            19.51688059127873,
            62.22415108938981,
            88.08401223493493,
            46.06038235662848,
            9.869434066737472,
            71.72345172717644,
            42.611504834729715,
            11.446085783660179
        ],
        [
            36.374384597951384,
            31.40085382437429,
            25.86843156670472,
            63.92565627189557,
            34.93658260037847,
            66.63706793809892,
            33.337806026117995,
            45.004611745737584,
            0.0,
            49.22539354416768,
            47.0415866281234,
            3.5028531231694555,
            43.514551786119135,
            44.009550076854374,
            50.84229797813387,
            63.68429720427526,
            45.210020921944974,
            28.384576379036194,
            35.164560819205654,
            36.374384597951384
        ],
        [
            42.04683175135772,
            57.688453031352054,
            69.74475810211274,
            45.80473593333882,
            38.614415597970975,
            28.26499948323551,
            24.96526071255195,
            36.87523665829861,
            49.22539354416768,
            0.0,
            77.15983522775619,
            47.28970545923096,
            17.35845226615311,
            34.43053866933151,
            69.31381913579,
            14.467372831696455,
            27.286981409054352,
            64.35802184663984,
            69.02720539921395,
            42.04683175135772
        ],
        [
            82.51425197399921,
            19.74249012219631,
            26.916520436897333,
            58.19507762722417,
            80.47620626375496,
            77.52598061187672,
            74.19080093004023,
            89.37753680269567,
            47.0415866281234,
            77.15983522775619,
            0.0,
            50.371436319374,
            81.03222496408316,
            48.07601492847607,
            16.4706862122731,
            89.00764326593941,
            86.62790656051256,
            18.727387078051866,
            78.4523650549525,
            82.51425197399921
        ],
        [
            32.87329464437254,
            34.27109778658812,
            29.334713441441053,
            64.63993993380139,
            31.440917629370098,
            65.94680049191368,
            30.265857693544522,
            41.547822360557234,
            3.5028531231694555,
            47.28970545923096,
            50.371436319374,
            0.0,
            40.67015877718783,
            44.60975214168048,
            53.660358703109175,
            61.75449508143788,
            41.97038049930148,
            31.763537470627917,
            33.220259022702834,
            32.87329464437254
        ],
        [
            25.64553434300136,
            61.355747888138154,
            67.78298319015119,
            60.892921521816554,
            22.44782670875196,
            45.607455326052005,
            11.216550343647732,
            19.51688059127873,
            43.514551786119135,
            17.35845226615311,
            81.03222496408316,
            40.67015877718783,
            0.0,
            45.921498024017225,
            76.49063578702727,
            27.779990902054095,
            10.065931007123673,
            65.342136062895,
            55.087977703390415,
            25.64553434300136
        ],
        [
            61.4846711456779,
            31.45288052852414,
            51.51461543739781,
            20.06172470960357,
            58.13463446224914,
            29.70596246428858,
            45.42444834766514,
            62.22415108938981,
            44.009550076854374,
            34.43053866933151,
            48.07601492847607,
            44.60975214168048,
            45.921498024017225,
            0.0,
            36.677469835468315,
            43.034895934063115,
            55.01903265466396,
            41.63719472906517,
            76.76946179441805,
            61.4846711456779
        ],
        [
            83.09896927898694,
            19.449996102971898,
            37.95872847135913,
            43.05719270680006,
            80.52019082014971,
            64.72055088490443,
            71.67989810512309,
            88.08401223493493,
            50.84229797813387,
            69.31381913579,
            16.4706862122731,
            53.660358703109175,
            76.49063578702727,
            36.677469835468315,
            0.0,
            79.49807381361784,
            83.60973254094328,
            26.5220975555435,
            85.16900724029358,
            83.09896927898694
        ],
        [
            53.419491736542064,
            70.00942417351537,
            83.64427075024248,
            48.82329820596912,
            50.220744770995466,
            24.935350288925772,
            37.65855512552403,
            46.06038235662848,
            63.68429720427526,
            14.467372831696455,
            89.00764326593941,
            61.75449508143788,
            27.779990902054095,
            43.034895934063115,
            79.49807381361784,
            0.0,
            36.2190240506549,
            77.54009956056811,
            82.2153381827548,
            53.419491736542064
        ],
        [
            18.56114798720977,
            67.25759375403666,
            70.67696723056532,
            70.7233828830175,
            16.134995763392855,
            55.54873263364177,
            12.493500467061715,
            9.869434066737472,
            45.210020921944974,
            27.286981409054352,
            86.62790656051256,
            41.97038049930148,
            10.065931007123673,
            55.01903265466396,
            83.60973254094328,
            36.2190240506549,
            0.0,
            69.86271301008193,
            49.77355411113601,
            18.56114798720977
        ],
        [
            64.25182212225495,
            11.082906186221473,
            12.00476068905654,
            57.24756653093234,
            62.40040537872487,
            70.89074843539872,
            57.372070079436,
            71.72345172717644,
            28.384576379036194,
            64.35802184663984,
            18.727387078051866,
            31.763537470627917,
            65.342136062895,
            41.63719472906517,
            26.5220975555435,
            77.54009956056811,
            69.86271301008193,
            0.0,
            60.18302756632947,
            64.25182212225495
        ],
        [
            31.462692936971262,
            65.82718897315964,
            52.34507942912886,
            96.7865886702606,
            33.64292999900819,
            93.56078168357487,
            44.562384610315746,
            42.611504834729715,
            35.164560819205654,
            69.02720539921395,
            78.4523650549525,
            33.220259022702834,
            55.087977703390415,
            76.76946179441805,
            85.16900724029358,
            82.2153381827548,
            49.77355411113601,
            60.18302756632947,
            0.0,
            31.462692936971262
        ],
        [
            0.0,
            64.64881144743612,
            61.98642907180919,
            79.83374311507083,
            3.5454959997464215,
            69.49007378811933,
            17.68067937896612,
            11.446085783660179,
            36.374384597951384,
            42.04683175135772,
            82.51425197399921,
            32.87329464437254,
            25.64553434300136,
            61.4846711456779,
            83.09896927898694,
            53.419491736542064,
            18.56114798720977,
            64.25182212225495,
            31.462692936971262,
            0.0
        ]
    ],
    "scores_ave": [
        0,
        16.254745089955424,
        12.555680017390685,
        18.26156592156147,
        13.345806856496925,
        18.682942034292097,
        11.125463181669375,
        19.14277990757057,
        15.36451040073661,
        14.817767788885531,
        13.790646615998824,
        19.509643819534478,
        17.469435445742516,
        14.121542845282853,
        11.345962925640459,
        14.127706898324119,
        12.042594778267567,
        14.818944727939867,
        19.26483361105076,
        0
    ],
    "scores_var": [
        0,
        255.36227445510005,
        21.59443912218302,
        245.10331038768524,
        21.30613774766623,
        325.47577580842096,
        20.08058790522294,
        20.13222959516003,
        314.3029417913499,
        376.8259580610843,
        22.820847978809038,
        262.04684133291016,
        229.2654232109545,
        267.0821607641097,
        16.853188112068967,
        20.405516549023986,
        18.94727625131218,
        17.16002394477199,
        23.311093008528683,
        0
    ],
    "vertex_number": 20,
    "minimum_distances": {
        "cost": 340.9843831922579,
        "path": [
            0,
            18,
            11,
            8,
            2,
            17,
            1,
            10,
            14,
            13,
            3,
            5,
            15,
            9,
            12,
            6,
            16,
            7,
            4,
            19
        ]
    }
}