{
    "vertices": [
        [
            66.83567127353473,
            0.8232220268341472
        ],
        [
            41.54525366018027,
            48.90878281230009
        ],
        [
            14.666134570362088,
            11.917491490933763
        ],
        [
            62.63924106018075,
            91.35124883395146
        ],
        [
            91.9980661076476,
            55.453826322910615
        ],
        [
            91.97808735647574,
            55.63505785265031
        ],
        [
            97.76006733185973,
            71.17911133604524
        ],
        [
            24.924064150330583,
            65.9604409421766
        ],
        [
            48.83812700777583,
            82.76855958183941
        ],
        [
            42.30588290838503,
            17.99776909095927
        ],
        [
            21.761614704253375,
            99.36735764810602
        ],
        [
            26.437807103387744,
            84.79232481933708
        ],
        [
            97.22066247421496,
            15.334736619874533
        ],
        [
            36.901665389161295,
            65.5785385822739
        ],
        [
            46.21289240490549,
            96.227231812945
        ],
        [
            73.47510184505678,
            36.370019294516766
        ],
        [
            53.60176898029343,
            40.50403791303376
        ],
        [
            14.964292139436141,
            56.54062851104156
        ],
        [
            93.46867754609323,
            76.33979188878767
        ],
        [
            61.82312877247714,
            1.6801440260798772
        ],
        [
            98.89172370215458,
            3.880050352828379
        ],
        [
            81.74366321942156,
            88.76691441026226
        ],
        [
            66.83567127353473,
            0.8232220268341472
        ]
    ],
    "distances": [
        [
            0.0,
            54.33071303701627,
            53.33613573146943,
            90.62523745693416,
            60.146895510427456,
            60.303220752161785,
            76.85225716959854,
            77.45605269877277,
            83.89845020381311,
            29.94454180809722,
            108.36335746438645,
            93.18153064469145,
            33.672418179415615,
            71.33930004198886,
            97.60750018073774,
            36.16153805224261,
            41.829455163814046,
            76.1253529292298,
            80.07539788742513,
            5.085262789443625,
            32.20147041240548,
            89.19832539846058,
            0.0
        ],
        [
            54.33071303701627,
            0.0,
            45.72573319988231,
            47.395350261712494,
            50.87557251191479,
            50.879401436697684,
            60.465467902739135,
            23.812244449033383,
            34.63625967894202,
            30.920370730865194,
            54.198340793783494,
            38.93409211009204,
            65.01513457911948,
            17.304440743962804,
            47.548106873753596,
            34.30358284004975,
            14.696914590684216,
            27.654883549504937,
            58.723949177405814,
            51.39782622513498,
            72.91230604761955,
            56.609034487199764,
            54.33071303701627
        ],
        [
            53.33613573146943,
            45.72573319988231,
            0.0,
            92.796232423051,
            88.74480314863183,
            88.81646047998849,
            102.06145819279088,
            55.00786766142805,
            78.66129236647977,
            28.30062656342813,
            87.73724938267549,
            73.81946631388874,
            82.62522400392807,
            58.08551287311486,
            90.01849944892601,
            63.690036488458,
            48.302942594077095,
            44.624133105880176,
            101.78444659177198,
            48.25541819624469,
            84.60821664972043,
            102.0060226295448,
            53.33613573146943
        ],
        [
            90.62523745693416,
            47.395350261712494,
            92.796232423051,
            0.0,
            46.374190570876266,
            46.221360864976695,
            40.50169835006787,
            45.46567600661308,
            16.252178435083962,
            76.11950107649658,
            41.656192060907046,
            36.7908046223174,
            83.51278247195414,
            36.423280949667046,
            17.134764082300585,
            56.03883903702164,
            51.64411641253081,
            59.03117855727934,
            34.28991096015587,
            89.67481852075548,
            94.68607638629157,
            19.278426555400117,
            90.62523745693416
        ],
        [
            60.146895510427456,
            50.87557251191479,
            88.74480314863183,
            46.374190570876266,
            0.0,
            0.18232942129612043,
            16.74769377711864,
            67.89190444617047,
            51.077147493875096,
            62.22756056983343,
            82.8345178001917,
            71.82544851743326,
            40.45759349502067,
            56.01895367165402,
            61.30866762738393,
            26.594959969328606,
            41.20402658226686,
            77.04143995786696,
            20.937675506652816,
            61.661460823937276,
            52.03245989613153,
            34.85562532088198,
            60.146895510427456
        ],
        [
            60.303220752161785,
            50.879401436697684,
            88.81646047998849,
            46.221360864976695,
            0.18232942129612043,
            0.0,
            16.58459800930922,
            67.84434806286909,
            50.9635467268057,
            62.32089055897578,
            82.72162399953174,
            71.73335732154156,
            40.639887860697364,
            55.9668211152114,
            61.173341054564425,
            26.711461650051127,
            41.25154029273552,
            77.01911913252093,
            20.758320515411857,
            61.80982327458405,
            52.21474091506072,
            34.67655340963532,
            60.303220752161785
        ],
        [
            76.85225716959854,
            60.465467902739135,
            102.06145819279088,
            40.50169835006787,
            16.74769377711864,
            16.58459800930922,
            0.0,
            73.02272167031002,
            50.275954050770316,
            76.83372783525286,
            81.05764635085289,
            72.60980915440803,
            55.84697973069392,
            61.11555859344924,
            57.31072833576019,
            42.44328495122416,
            53.767233914467724,
            84.07987612462493,
            6.711829114394599,
            78.24046274257633,
            67.30857490218591,
            23.78772829991052,
            76.85225716959854
        ],
        [
            77.45605269877277,
            23.812244449033383,
            55.00786766142805,
            45.46567600661308,
            67.89190444617047,
            67.84434806286909,
            73.02272167031002,
            0.0,
            29.230040276312018,
            51.015149852229285,
            33.556268718317,
            18.89262470094579,
            88.25961742118666,
            11.983688115473393,
            37.003957059585076,
            56.85768474464134,
            38.346306334464956,
            13.708753581079595,
            69.32600487297303,
            74.11813234027758,
            96.5670210542946,
            61.225828458443424,
            77.45605269877277
        ],
        [
            83.89845020381311,
            34.63625967894202,
            78.66129236647977,
            16.252178435083962,
            51.077147493875096,
            50.9635467268057,
            50.275954050770316,
            29.230040276312018,
            0.0,
            65.09935110112478,
            31.759370519068842,
            22.49155302675716,
            82.99512164836474,
            20.92787466366715,
            13.712319823590779,
            52.53384689823426,
            42.5321299341483,
            42.84088067421198,
            45.09118644928884,
            82.12150393272667,
            93.42783006374108,
            33.4477887762942,
            83.89845020381311
        ],
        [
            29.94454180809722,
            30.920370730865194,
            28.30062656342813,
            76.11950107649658,
            62.22756056983343,
            62.32089055897578,
            76.83372783525286,
            51.015149852229285,
            65.09935110112478,
            0.0,
            83.92304152020851,
            68.653539637112,
            54.979312079233445,
            47.88669118221368,
            78.32696573324193,
            36.18093125756018,
            25.18192165901992,
            47.25584194629165,
            77.59782973307071,
            25.43988549261574,
            58.32038546431948,
            81.0161122560581,
            29.94454180809722
        ],
        [
            108.36335746438645,
            54.198340793783494,
            87.73724938267549,
            41.656192060907046,
            82.8345178001917,
            82.72162399953174,
            81.05764635085289,
            33.556268718317,
            31.759370519068842,
            83.92304152020851,
            0.0,
            15.306807548062213,
            112.94046789005134,
            37.025740081801494,
            24.652086553779842,
            81.50429063490246,
            66.92298435183072,
            43.36279883298194,
            75.31382108353885,
            105.58274771322189,
            122.74721817023351,
            60.91153865167697,
            108.36335746438645
        ],
        [
            93.18153064469145,
            38.93409211009204,
            73.81946631388874,
            36.7908046223174,
            71.82544851743326,
            71.73335732154156,
            72.60980915440803,
            18.89262470094579,
            22.49155302675716,
            68.653539637112,
            15.306807548062213,
            0.0,
            99.1693963525722,
            21.878343442507493,
            22.843184905672995,
            67.50723493784716,
            51.955107371124,
            30.49262025350036,
            67.56169702759686,
            90.33136545982242,
            108.61107765713724,
            55.448490359465396,
            93.18153064469145
        ],
        [
            33.672418179415615,
            65.01513457911948,
            82.62522400392807,
            83.51278247195414,
            40.45759349502067,
            40.639887860697364,
            55.84697973069392,
            88.25961742118666,
            82.99512164836474,
            54.979312079233445,
            112.94046789005134,
            99.1693963525722,
            0.0,
            78.50363714493436,
            95.63152401799562,
            31.72277993485329,
            50.359721973218804,
            92.00019558239443,
            61.12032525489372,
            37.93986414140378,
            11.575935517442156,
            75.04546782432625,
            33.672418179415615
        ],
        [
            71.33930004198886,
            17.304440743962804,
            58.08551287311486,
            36.423280949667046,
            56.01895367165402,
            55.9668211152114,
            61.11555859344924,
            11.983688115473393,
            20.92787466366715,
            47.88669118221368,
            37.025740081801494,
            21.878343442507493,
            78.50363714493436,
            0.0,
            32.0318801397375,
            46.805489562408226,
            30.126799427856056,
            23.726191509667952,
            57.581519926877924,
            68.58632636338673,
            87.46125301782118,
            50.4827251933679,
            71.33930004198886
        ],
        [
            97.60750018073774,
            47.548106873753596,
            90.01849944892601,
            17.134764082300585,
            61.30866762738393,
            61.173341054564425,
            57.31072833576019,
            37.003957059585076,
            13.712319823590779,
            78.32696573324193,
            24.652086553779842,
            22.843184905672995,
            95.63152401799562,
            32.0318801397375,
            0.0,
            65.77320088025941,
            56.21094053165649,
            50.51238957121059,
            51.2700643265353,
            95.82709057687518,
            106.31585578111923,
            36.305536911364335,
            97.60750018073774
        ],
        [
            36.16153805224261,
            34.30358284004975,
            63.690036488458,
            56.03883903702164,
            26.594959969328606,
            26.711461650051127,
            42.44328495122416,
            56.85768474464134,
            52.53384689823426,
            36.18093125756018,
            81.50429063490246,
            67.50723493784716,
            31.72277993485329,
            46.805489562408226,
            65.77320088025941,
            0.0,
            20.298755358196928,
            61.889969531201956,
            44.69145097835608,
            36.59447940091278,
            41.25048785721906,
            53.04529880179837,
            36.16153805224261
        ],
        [
            41.829455163814046,
            14.696914590684216,
            48.302942594077095,
            51.64411641253081,
            41.20402658226686,
            41.25154029273552,
            53.767233914467724,
            38.346306334464956,
            42.5321299341483,
            25.18192165901992,
            66.92298435183072,
            51.955107371124,
            50.359721973218804,
            30.126799427856056,
            56.21094053165649,
            20.298755358196928,
            0.0,
            41.833322299763566,
            53.605705494887424,
            39.68482699191203,
            58.24514111510343,
            55.868340400919415,
            41.829455163814046
        ],
        [
            76.1253529292298,
            27.654883549504937,
            44.624133105880176,
            59.03117855727934,
            77.04143995786696,
            77.01911913252093,
            84.07987612462493,
            13.708753581079595,
            42.84088067421198,
            47.25584194629165,
            43.36279883298194,
            30.49262025350036,
            92.00019558239443,
            23.726191509667952,
            50.51238957121059,
            61.889969531201956,
            41.833322299763566,
            0.0,
            80.96261729054736,
            72.14861972710737,
            99.08052412392693,
            74.14862038296265,
            76.1253529292298
        ],
        [
            80.07539788742513,
            58.723949177405814,
            101.78444659177198,
            34.28991096015587,
            20.937675506652816,
            20.758320515411857,
            6.711829114394599,
            69.32600487297303,
            45.09118644928884,
            77.59782973307071,
            75.31382108353885,
            67.56169702759686,
            61.12032525489372,
            57.581519926877924,
            51.2700643265353,
            44.69145097835608,
            53.605705494887424,
            80.96261729054736,
            0.0,
            81.08948005855534,
            72.66239449033314,
            17.08535440441306,
            80.07539788742513
        ],
        [
            5.085262789443625,
            51.39782622513498,
            48.25541819624469,
            89.67481852075548,
            61.661460823937276,
            61.80982327458405,
            78.24046274257633,
            74.11813234027758,
            82.12150393272667,
            25.43988549261574,
            105.58274771322189,
            90.33136545982242,
            37.93986414140378,
            68.58632636338673,
            95.82709057687518,
            36.59447940091278,
            39.68482699191203,
            72.14861972710737,
            81.08948005855534,
            0.0,
            37.13381636604264,
            89.33606924752848,
            5.085262789443625
        ],
        [
            32.20147041240548,
            72.91230604761955,
            84.60821664972043,
            94.68607638629157,
            52.03245989613153,
            52.21474091506072,
            67.30857490218591,
            96.5670210542946,
            93.42783006374108,
            58.32038546431948,
            122.74721817023351,
            108.61107765713724,
            11.575935517442156,
            87.46125301782118,
            106.31585578111923,
            41.25048785721906,
            58.24514111510343,
            99.08052412392693,
            72.66239449033314,
            37.13381636604264,
            0.0,
            86.60159160099039,
            32.20147041240548
        ],
        [
            89.19832539846058,
            56.609034487199764,
            102.0060226295448,
            19.278426555400117,
            34.85562532088198,
            34.67655340963532,
            23.78772829991052,
            61.225828458443424,
            33.4477887762942,
            81.0161122560581,
            60.91153865167697,
            55.448490359465396,
            75.04546782432625,
            50.4827251933679,
            36.305536911364335,
            53.04529880179837,
            55.868340400919415,
            74.14862038296265,
            17.08535440441306,
            89.33606924752848,
            86.60159160099039,
            0.0,
            89.19832539846058
        ],
        [
            0.0,
            54.33071303701627,
            53.33613573146943,
            90.62523745693416,
            60.146895510427456,
            60.303220752161785,
            76.85225716959854,
            77.45605269877277,
            83.89845020381311,
            29.94454180809722,
            108.36335746438645,
            93.18153064469145,
            33.672418179415615,
            71.33930004198886,
            97.60750018073774,
            36.16153805224261,
            41.829455163814046,
            76.1253529292298,
            80.07539788742513,
            5.085262789443625,
            32.20147041240548,
            89.19832539846058,
            0.0
        ]
    ],
    "scores_ave": [
        0,
        17.553979764627904,
        12.512359640486736,
        11.437813321214172,
        11.465351840122764,
        13.6510498989011,
        18.493089760729795,
        11.643441591916279,
        13.415571686921663,
        19.65106247816643,
        11.475020357856529,
        17.37293154209848,
        15.486245477575764,
        16.63979239790273,
        17.35732847110174,
        15.858938700087656,
        18.706703490916677,
        18.892390759137704,
        17.760895012600166,
        18.332796899478712,
        18.41570664932024,
        18.98168856499859,
        0
    ],
    "scores_var": [
        0,
        16.746868922539097,
        18.880692809645225,
        22.64520060061337,
        362.13982166071486,
        23.249872919228444,
        17.937116053507026,
        21.715182406417544,
        18.01991753109153,
        21.49704998233132,
        242.62778935046882,
        23.495589074119835,
        22.60609898681827,
        21.266815597400768,
        330.3668998103634,
        17.65566598864056,
        17.71913818556695,
        17.34425283614678,
        21.799422714213772,
        257.20236137769865,
        382.67770588399105,
        247.85960743416925,
        0
    ],
    "vertex_number": 23,
    "minimum_distances": {
        "cost": 459.5012404552056,
        "path": [
            0,
            20,
            12,
            4,
            5,
            6,
            18,
            21,
            3,
            14,
            10,
            11,
            8,
            13,
            1,
            7,
            17,
            2,
            9,
            16,
            15,
            19,
            22
        ]
    }
}