{
    "vertices": [
        [
            38.94020667294118,
            6.996236089492614
        ],
        [
            68.83800258736187,
            28.079788627686952
        ],
        [
            44.73678991651605,
            73.62585734518554
        ],
        [
            8.950081643876073,
            76.25852592130128
        ],
        [
            22.78580530333961,
            89.01996159763031
        ],
        [
            66.13081021243596,
            49.769235267997615
        ],
        [
            5.038564811287571,
            18.8200579379609
        ],
        [
            84.29482830547347,
            12.668969426627896
        ],
        [
            36.549560468599964,
            97.21843802830693
        ],
        [
            98.9393844243812,
            75.32958538801921
        ],
        [
            33.59132755653772,
            76.79152000260936
        ],
        [
            86.86625667793984,
            85.15019682684559
        ],
        [
            78.09669941935469,
            74.18654114775973
        ],
        [
            87.13616397646902,
            20.40892474679473
        ],
        [
            13.73918842833557,
            91.00557219983273
        ],
        [
            51.900643369844346,
            82.8530277283989
        ],
        [
            38.407959032537505,
            98.00698663886457
        ],
        [
            55.93106813609416,
            7.6457474059926085
        ],
        [
            38.06727995367369,
            93.94435607325022
        ],
        [
            44.425575375374606,
            48.82258147858355
        ],
        [
            13.298029927179854,
            10.317659906907606
        ],
        [
            41.28069984922751,
            9.679336487402225
        ],
        [
            1.1211152624447052,
            58.01321106540899
        ],
        [
            38.94020667294118,
            6.996236089492614
        ]
    ],
    "distances": [
        [
            0.0,
            36.584072875653845,
            66.88128890786106,
            75.47630351311876,
            83.59937936279493,
            50.68390651445857,
            35.904374162769365,
            45.70800375147018,
            90.25386923541019,
            90.93595524985341,
            69.99994403079528,
            91.67850264929801,
            77.7673968834172,
            50.02749761302478,
            87.70780965378762,
            76.95599883779612,
            91.01230687720603,
            17.003271397302306,
            86.9525018028068,
            42.18450471925877,
            25.85639349243731,
            3.5604685160110017,
            63.50602657078119,
            0.0
        ],
        [
            36.584072875653845,
            0.0,
            51.52972761255819,
            76.86191385946819,
            76.38396138125543,
            21.857744305342685,
            64.4679057592957,
            21.826745284806133,
            76.30659431136006,
            56.02353507581204,
            60.126207882013674,
            59.850225041958154,
            47.027184637972866,
            19.840989463758824,
            83.63930630929126,
            57.33220612227464,
            76.2613963446969,
            24.168967656464453,
            72.69785840167867,
            32.03482570009994,
            58.31107767643555,
            33.13580500256628,
            74.03773772753087,
            36.584072875653845
        ],
        [
            66.88128890786106,
            51.52972761255819,
            0.0,
            35.88341445323599,
            26.81089650166602,
            32.04438361641558,
            67.67292460925815,
            72.66760341374847,
            24.972796986369335,
            54.22936419162584,
            11.586317416604011,
            43.67725231846047,
            33.36462090844211,
            68.04225772163562,
            35.53738575709942,
            11.681672379484606,
            25.189155722117697,
            66.92299135906363,
            21.385129265609304,
            24.805228243363906,
            70.68467650453715,
            64.03984766040693,
            46.32582216633853,
            66.88128890786106
        ],
        [
            75.47630351311876,
            76.86191385946819,
            35.88341445323599,
            0.0,
            18.822366740187658,
            63.018396035971286,
            57.57149961747429,
            98.59240612080401,
            34.65615597451316,
            89.99409728107618,
            24.647009612100483,
            78.42188561512255,
            69.17765441737616,
            96.0845535029978,
            15.50519002573345,
            43.4538629659093,
            36.61641822774046,
            83.15603686668084,
            34.06757733645977,
            44.846869488934075,
            66.08405605743721,
            74.01389963523891,
            19.854073355163838,
            75.47630351311876
        ],
        [
            83.59937936279493,
            76.38396138125543,
            26.81089650166602,
            18.822366740187658,
            0.0,
            58.47571263330878,
            72.40850101272363,
            98.04506064138828,
            16.020486011154315,
            77.37437569186214,
            16.318520000514695,
            64.19719096466535,
            57.26539417620096,
            94.06616309336273,
            9.261961258107622,
            29.760794159199897,
            18.02271639433033,
            87.86564279375023,
            16.055314647814253,
            45.652042859062476,
            79.27212733997996,
            81.4677599860538,
            37.82561794783343,
            83.59937936279493
        ],
        [
            50.68390651445857,
            21.857744305342685,
            32.04438361641558,
            63.018396035971286,
            58.47571263330878,
            0.0,
            68.4844071709772,
            41.30812606236815,
            55.914910167111444,
            41.59007141228308,
            42.29682971325313,
            41.009403567382634,
            27.191677604335474,
            36.10059169395475,
            66.67321438721889,
            36.0143717414437,
            55.63665280065269,
            43.340777197512054,
            52.33548536837245,
            21.725868745092654,
            65.9373147098205,
            47.167022052510625,
            65.53032560913476,
            50.68390651445857
        ],
        [
            35.904374162769365,
            64.4679057592957,
            67.67292460925815,
            57.57149961747429,
            72.40850101272363,
            68.4844071709772,
            0.0,
            79.49459851420144,
            84.49407581662472,
            109.59329640374744,
            64.62159603646076,
            105.334982229279,
            91.66754330422187,
            82.11297270482305,
            72.7079728817716,
            79.34907451893496,
            85.93070550027615,
            52.10481849628024,
            82.06434179518362,
            49.51250367312402,
            11.8536718479592,
            37.37706704310783,
            39.38844580634431,
            35.904374162769365
        ],
        [
            45.70800375147018,
            21.826745284806133,
            72.66760341374847,
            98.59240612080401,
            98.04506064138828,
            41.30812606236815,
            79.49459851420144,
            0.0,
            97.09903831470783,
            64.34917106366488,
            81.7468438569137,
            72.52682654933133,
            61.82902580627919,
            8.24500435133,
            105.42638024953364,
            77.29932248959322,
            96.8926310582364,
            28.8051323623875,
            93.50227110170074,
            53.82045144373568,
            71.03572366370038,
            43.117898278577215,
            94.73102338284045,
            45.70800375147018
        ],
        [
            90.25386923541019,
            76.30659431136006,
            24.972796986369335,
            34.65615597451316,
            16.020486011154315,
            55.914910167111444,
            84.49407581662472,
            97.09903831470783,
            0.0,
            66.11816696749544,
            20.640012645116688,
            51.74371810297021,
            47.50403171215556,
            91.97122259166261,
            23.64133613859204,
            21.0242897460433,
            2.0187754044612047,
            91.64556587629308,
            3.608751180644138,
            49.0325457425284,
            89.95765065086609,
            87.66685792491795,
            52.84150405635598,
            90.25386923541019
        ],
        [
            90.93595524985341,
            56.02353507581204,
            54.22936419162584,
            89.99409728107618,
            77.37437569186214,
            41.59007141228308,
            109.59329640374744,
            64.34917106366488,
            66.11816696749544,
            0.0,
            65.36440766365318,
            15.5629310418796,
            20.874004607500385,
            56.174682715708826,
            86.63030624607501,
            47.63659669460854,
            64.63991017521747,
            80.19237615840152,
            63.654715381945316,
            60.61663660486608,
            107.52205380700704,
            87.37550622256805,
            99.33916952299235,
            90.93595524985341
        ],
        [
            69.99994403079528,
            60.126207882013674,
            11.586317416604011,
            24.647009612100483,
            16.318520000514695,
            42.29682971325313,
            64.62159603646076,
            81.7468438569137,
            20.640012645116688,
            65.36440766365318,
            0.0,
            53.92666827407793,
            44.581543709048866,
            77.75632807057065,
            24.416115740037057,
            19.28659953079356,
            21.755366312007943,
            72.66499760644678,
            17.727208892764406,
            29.994040207359642,
            69.50246042189177,
            67.55125181989173,
            37.5091931793315,
            69.99994403079528
        ],
        [
            91.67850264929801,
            59.850225041958154,
            43.67725231846047,
            78.42188561512255,
            64.19719096466535,
            41.009403567382634,
            105.334982229279,
            72.52682654933133,
            51.74371810297021,
            15.5629310418796,
            53.92666827407793,
            0.0,
            14.039475786551119,
            64.74183470131946,
            73.36111730024882,
            35.04099170797144,
            50.1348546917296,
            83.45013822726177,
            49.585051842128735,
            55.865079131038506,
            104.93899451169293,
            88.16968726132313,
            89.93689605817889,
            91.67850264929801
        ],
        [
            77.7673968834172,
            47.027184637972866,
            33.36462090844211,
            69.17765441737616,
            57.26539417620096,
            27.191677604335474,
            91.66754330422187,
            61.82902580627919,
            47.50403171215556,
            20.874004607500385,
            44.581543709048866,
            14.039475786551119,
            0.0,
            54.53204512255767,
            66.51893735237917,
            27.592414577225505,
            46.28833262158911,
            70.13552909880877,
            44.63995601912457,
            42.15536792016753,
            90.98407310575946,
            74.27379940087118,
            78.65632309134595,
            77.7673968834172
        ],
        [
            50.02749761302478,
            19.840989463758824,
            68.04225772163562,
            96.0845535029978,
            94.06616309336273,
            36.10059169395475,
            82.11297270482305,
            8.24500435133,
            91.97122259166261,
            56.174682715708826,
            77.75632807057065,
            64.74183470131946,
            54.53204512255767,
            0.0,
            101.8381198334977,
            71.69942754023256,
            91.62912837336876,
            33.71433971235007,
            88.40370489753464,
            51.29844312962982,
            74.52451721379708,
            47.09402992461812,
            93.87582731890193,
            50.02749761302478
        ],
        [
            87.70780965378762,
            83.63930630929126,
            35.53738575709942,
            15.50519002573345,
            9.261961258107622,
            66.67321438721889,
            72.7079728817716,
            105.42638024953364,
            23.64133613859204,
            86.63030624607501,
            24.416115740037057,
            73.36111730024882,
            66.51893735237917,
            101.8381198334977,
            0.0,
            39.02256558212839,
            25.643089659201,
            93.42919834256148,
            24.504948233364768,
            52.16377143240701,
            80.68911829369509,
            85.86321369772347,
            35.322962271644336,
            87.70780965378762
        ],
        [
            76.95599883779612,
            57.33220612227464,
            11.681672379484606,
            43.4538629659093,
            29.760794159199897,
            36.0143717414437,
            79.34907451893496,
            77.29932248959322,
            21.0242897460433,
            47.63659669460854,
            19.28659953079356,
            35.04099170797144,
            27.592414577225505,
            71.69942754023256,
            39.02256558212839,
            0.0,
            20.290268635143484,
            75.31519990871298,
            17.7307503467042,
            34.84175531576326,
            82.16776344530022,
            73.94032925416147,
            56.52943451566752,
            76.95599883779612
        ],
        [
            91.01230687720603,
            76.2613963446969,
            25.189155722117697,
            36.61641822774046,
            18.02271639433033,
            55.63665280065269,
            85.93070550027615,
            96.8926310582364,
            2.0187754044612047,
            64.63991017521747,
            21.755366312007943,
            50.1348546917296,
            46.28833262158911,
            91.62912837336876,
            25.643089659201,
            20.290268635143484,
            0.0,
            92.04462454894077,
            4.076889665840801,
            49.5511595971301,
            91.21363145045805,
            88.37435386512878,
            54.67916242002287,
            91.01230687720603
        ],
        [
            17.003271397302306,
            24.168967656464453,
            66.92299135906363,
            83.15603686668084,
            87.86564279375023,
            43.340777197512054,
            52.10481849628024,
            28.8051323623875,
            91.64556587629308,
            80.19237615840152,
            72.66499760644678,
            83.45013822726177,
            70.13552909880877,
            33.71433971235007,
            93.42919834256148,
            75.31519990871298,
            92.04462454894077,
            0.0,
            88.12811575275427,
            42.75404107109241,
            42.7166836649955,
            14.790834171636721,
            74.43797639306366,
            17.003271397302306
        ],
        [
            86.9525018028068,
            72.69785840167867,
            21.385129265609304,
            34.06757733645977,
            16.055314647814253,
            52.33548536837245,
            82.06434179518362,
            93.50227110170074,
            3.608751180644138,
            63.654715381945316,
            17.727208892764406,
            49.585051842128735,
            44.63995601912457,
            88.40370489753464,
            24.504948233364768,
            17.7307503467042,
            4.076889665840801,
            88.12811575275427,
            0.0,
            45.56755932943445,
            87.21777375382123,
            84.32626870215762,
            51.53703781714593,
            86.9525018028068
        ],
        [
            42.18450471925877,
            32.03482570009994,
            24.805228243363906,
            44.846869488934075,
            45.652042859062476,
            21.725868745092654,
            49.51250367312402,
            53.82045144373568,
            49.0325457425284,
            60.61663660486608,
            29.994040207359642,
            55.865079131038506,
            42.15536792016753,
            51.29844312962982,
            52.16377143240701,
            34.84175531576326,
            49.5511595971301,
            42.75404107109241,
            45.56755932943445,
            0.0,
            49.513160582519326,
            39.2693757337012,
            44.26899522097342,
            42.18450471925877
        ],
        [
            25.85639349243731,
            58.31107767643555,
            70.68467650453715,
            66.08405605743721,
            79.27212733997996,
            65.9373147098205,
            11.8536718479592,
            71.03572366370038,
            89.95765065086609,
            107.52205380700704,
            69.50246042189177,
            104.93899451169293,
            90.98407310575946,
            74.52451721379708,
            80.68911829369509,
            82.16776344530022,
            91.21363145045805,
            42.7166836649955,
            87.21777375382123,
            49.513160582519326,
            0.0,
            27.989949495384224,
            49.22542890687154,
            25.85639349243731
        ],
        [
            3.5604685160110017,
            33.13580500256628,
            64.03984766040693,
            74.01389963523891,
            81.4677599860538,
            47.167022052510625,
            37.37706704310783,
            43.117898278577215,
            87.66685792491795,
            87.37550622256805,
            67.55125181989173,
            88.16968726132313,
            74.27379940087118,
            47.09402992461812,
            85.86321369772347,
            73.94032925416147,
            88.37435386512878,
            14.790834171636721,
            84.32626870215762,
            39.2693757337012,
            27.989949495384224,
            0.0,
            62.84071662469685,
            3.5604685160110017
        ],
        [
            63.50602657078119,
            74.03773772753087,
            46.32582216633853,
            19.854073355163838,
            37.82561794783343,
            65.53032560913476,
            39.38844580634431,
            94.73102338284045,
            52.84150405635598,
            99.33916952299235,
            37.5091931793315,
            89.93689605817889,
            78.65632309134595,
            93.87582731890193,
            35.322962271644336,
            56.52943451566752,
            54.67916242002287,
            74.43797639306366,
            51.53703781714593,
            44.26899522097342,
            49.22542890687154,
            62.84071662469685,
            0.0,
            63.50602657078119
        ],
        [
            0.0,
            36.584072875653845,
            66.88128890786106,
            75.47630351311876,
            83.59937936279493,
            50.68390651445857,
            35.904374162769365,
            45.70800375147018,
            90.25386923541019,
            90.93595524985341,
            69.99994403079528,
            91.67850264929801,
            77.7673968834172,
            50.02749761302478,
            87.70780965378762,
            76.95599883779612,
            91.01230687720603,
            17.003271397302306,
            86.9525018028068,
            42.18450471925877,
            25.85639349243731,
            3.5604685160110017,
            63.50602657078119,
            0.0
        ]
    ],
    "scores_ave": [
        0,
        14.901704411246167,
        12.084933104953688,
        19.590680110231432,
        13.84339744820861,
        14.050429261460767,
        18.09049505885539,
        16.21886490135381,
        13.589055835838018,
        12.418576080452311,
        19.011303784427355,
        10.618700273470651,
        17.899030873007487,
        14.970293273226906,
        18.59475876065615,
        14.932099641988536,
        11.19144834446065,
        16.590968394417995,
        17.22175490614637,
        13.864816353310577,
        15.981267697251266,
        15.469068058663424,
        14.3418383266348,
        0
    ],
    "scores_var": [
        0,
        363.986456540688,
        24.791311977035893,
        291.8611000799123,
        17.897191130283424,
        21.67767784763245,
        301.55793340766627,
        227.11718276614053,
        358.9655171311136,
        239.46654066649842,
        237.5412046491812,
        24.70368561341843,
        340.74757962370893,
        286.76755626442144,
        23.90191990795094,
        338.1133245024355,
        20.106170587230473,
        18.790080912775174,
        22.705020254320356,
        229.21218862279233,
        21.611758335140273,
        322.3514163542569,
        24.638785411558175,
        0
    ],
    "vertex_number": 24,
    "minimum_distances": {
        "cost": 451.64265848186983,
        "path": [
            0,
            21,
            17,
            7,
            13,
            1,
            5,
            12,
            9,
            11,
            15,
            18,
            16,
            8,
            14,
            3,
            4,
            10,
            2,
            19,
            22,
            6,
            20,
            23
        ]
    }
}