{
    "vertices": [
        [
            37.03509606307564,
            76.60275934009665
        ],
        [
            37.26268682798399,
            65.84431437179802
        ],
        [
            81.63017691095902,
            77.27427745823401
        ],
        [
            63.50122151604239,
            10.730759887156749
        ],
        [
            17.965985334603086,
            7.862302263789022
        ],
        [
            39.14423750497846,
            55.955923734193135
        ],
        [
            78.17809757211143,
            15.870179617499192
        ],
        [
            67.13091503149774,
            34.11220955642646
        ],
        [
            99.42116504962944,
            59.06539053712496
        ],
        [
            70.02431084743151,
            42.725284753673584
        ],
        [
            64.43006417709344,
            68.38035745707039
        ],
        [
            32.841145536613006,
            4.423938513129011
        ],
        [
            15.054376983435446,
            76.211483771579
        ],
        [
            45.333984037885244,
            48.1884232156284
        ],
        [
            90.56090268411724,
            0.2595848830659553
        ],
        [
            78.06442527506873,
            67.47426646509297
        ],
        [
            40.222057285512435,
            74.94589254127246
        ],
        [
            30.87413096139994,
            32.49868171397111
        ],
        [
            66.18005272188793,
            9.299091315879515
        ],
        [
            54.97214726724102,
            73.00191324531917
        ],
        [
            34.87642193388787,
            21.502228829689262
        ],
        [
            37.03509606307564,
            76.60275934009665
        ]
    ],
    "distances": [
        [
            0.0,
            10.760851996574516,
            44.600136461811886,
            70.98997188631849,
            71.33639620161955,
            20.75428385078987,
            73.35661396857257,
            52.06923410516608,
            64.80417353941407,
            47.28606112209077,
            28.602310583133768,
            72.30056290921885,
            21.98420132341808,
            29.601453326022714,
            93.23782634000948,
            42.0325497413029,
            3.5919255869744515,
            44.53231584181732,
            73.34311302472834,
            18.294914552933143,
            55.1427994984328,
            0.0
        ],
        [
            10.760851996574516,
            0.0,
            45.81613506637348,
            61.04067980050653,
            61.10872619043823,
            10.065808579144068,
            64.58703415393431,
            43.57794777213472,
            62.527035937961024,
            40.09755028521512,
            27.28548893751518,
            61.57931956437542,
            24.50892138620602,
            19.41330294331875,
            84.5106890017892,
            40.8342822164263,
            9.570611196780785,
            33.952096598166044,
            63.51044245386341,
            19.101209665459436,
            44.40624742497936,
            10.760851996574516
        ],
        [
            44.600136461811886,
            45.81613506637348,
            0.0,
            68.96882451110172,
            94.18679095003289,
            47.53448487900105,
            61.501057579493974,
            45.53232588622555,
            25.45747084562894,
            36.44624842126154,
            19.36351442906951,
            87.67862605483506,
            66.58428242768741,
            46.512369689164096,
            77.53077282784557,
            10.428556956479627,
            41.47353068207274,
            67.68330794728791,
            69.70891096944106,
            26.998215504976308,
            72.77661034069095,
            44.600136461811886
        ],
        [
            70.98997188631849,
            61.04067980050653,
            68.96882451110172,
            0.0,
            45.6254948820998,
            51.36709175246843,
            15.550701782551348,
            23.66150594642554,
            60.220252934747194,
            32.65272294709044,
            57.65707977917352,
            31.302016786595015,
            81.45441636642259,
            41.63081862775325,
            29.01502801797993,
            58.58252676769081,
            68.30448557055139,
            39.22205321906465,
            3.0374021016972494,
            62.85253891528448,
            30.58437009811476,
            70.98997188631849
        ],
        [
            71.33639620161955,
            61.10872619043823,
            94.18679095003289,
            45.6254948820998,
            0.0,
            52.55011694687772,
            60.74227983714775,
            55.733723587901906,
            96.21175890261165,
            62.653785227148084,
            76.29774326320674,
            15.267374899350331,
            68.41116923409078,
            48.73605835564908,
            72.99194021639607,
            84.64873749333358,
            70.67913994384287,
            27.813151851883827,
            48.2354709400235,
            74.917454173308,
            21.72580177350381,
            71.33639620161955
        ],
        [
            20.75428385078987,
            10.065808579144068,
            47.53448487900105,
            51.36709175246843,
            52.55011694687772,
            0.0,
            55.950952745503635,
            35.50214033059618,
            60.357077281969495,
            33.59507013637749,
            28.1733843161664,
            51.916032872183564,
            31.4739430700308,
            9.93212094406502,
            75.80076265818992,
            40.58883141118449,
            19.020531295764478,
            24.872411733432894,
            53.92397718782874,
            23.2613087734922,
            34.717018050539416,
            20.75428385078987
        ],
        [
            73.35661396857257,
            64.58703415393431,
            61.501057579493974,
            15.550701782551348,
            60.74227983714775,
            55.950952745503635,
            0.0,
            21.32631938188957,
            48.13620427750137,
            28.065653561364766,
            54.280081051652125,
            46.75955148724652,
            87.3251228912528,
            46.07824500908383,
            19.92547440852117,
            51.604212044804214,
            70.21823731545814,
            50.141523102910206,
            13.679630173935896,
            61.664828848155345,
            43.66640689828343,
            73.35661396857257
        ],
        [
            52.06923410516608,
            43.57794777213472,
            45.53232588622555,
            23.66150594642554,
            55.733723587901906,
            35.50214033059618,
            21.32631938188957,
            0.0,
            40.80835070532682,
            9.086077465061406,
            34.37441717146843,
            45.356165287120795,
            66.9650259800882,
            25.94698425096466,
            41.16994678982861,
            35.1079547599027,
            48.90272273913361,
            36.29266955190918,
            24.831330531230094,
            40.746100261926955,
            34.631834183485665,
            52.06923410516608
        ],
        [
            64.80417353941407,
            62.527035937961024,
            25.45747084562894,
            60.220252934747194,
            96.21175890261165,
            60.357077281969495,
            48.13620427750137,
            40.80835070532682,
            0.0,
            33.632931689040475,
            36.209746602146595,
            86.13122127106,
            86.0914829806682,
            55.17002417898768,
            59.469547062413966,
            22.952549491728867,
            61.29212595408378,
            73.51520863050813,
            59.846938827011556,
            46.582634607921165,
            74.67941470938315,
            64.80417353941407
        ],
        [
            47.28606112209077,
            40.09755028521512,
            36.44624842126154,
            32.65272294709044,
            62.653785227148084,
            33.59507013637749,
            28.065653561364766,
            9.086077465061406,
            33.632931689040475,
            0.0,
            26.25791978099492,
            53.38146594436813,
            64.36628895375956,
            25.287509165923975,
            47.17083070889415,
            26.022212353327518,
            43.89011145544284,
            40.46381092828853,
            33.646526243828426,
            33.811859772362986,
            41.058399844993595,
            47.28606112209077
        ],
        [
            28.602310583133768,
            27.28548893751518,
            19.36351442906951,
            57.65707977917352,
            76.29774326320674,
            28.1733843161664,
            54.280081051652125,
            34.37441717146843,
            36.209746602146595,
            26.25791978099492,
            0.0,
            71.33220384235887,
            49.99284974073544,
            27.791626168574222,
            72.96067692366479,
            13.664435715964435,
            25.082540712709342,
            49.12733768594632,
            59.10717781076287,
            10.526678971906012,
            55.41639390509523,
            28.602310583133768
        ],
        [
            72.30056290921885,
            61.57931956437542,
            87.67862605483506,
            31.302016786595015,
            15.267374899350331,
            51.916032872183564,
            46.75955148724652,
            45.356165287120795,
            86.13122127106,
            53.38146594436813,
            71.33220384235887,
            0.0,
            73.9582367948176,
            45.512648078244936,
            57.86978664487269,
            77.59180939476039,
            70.90714955625151,
            28.143566798334756,
            33.69346890954599,
            72.06052911247579,
            17.199138064159488,
            72.30056290921885
        ],
        [
            21.98420132341808,
            24.50892138620602,
            66.58428242768741,
            81.45441636642259,
            68.41116923409078,
            31.4739430700308,
            87.3251228912528,
            66.9650259800882,
            86.0914829806682,
            64.36628895375956,
            49.99284974073544,
            73.9582367948176,
            0.0,
            41.25707849926313,
            107.09774212446604,
            63.612932269898685,
            25.199481203980824,
            46.48734967333513,
            84.20868710447242,
            40.0465944543816,
            58.18948394954576,
            21.98420132341808
        ],
        [
            29.601453326022714,
            19.41330294331875,
            46.512369689164096,
            41.63081862775325,
            48.73605835564908,
            9.93212094406502,
            46.07824500908383,
            25.94698425096466,
            55.17002417898768,
            25.287509165923975,
            27.791626168574222,
            45.512648078244936,
            41.25707849926313,
            0.0,
            65.89876868456493,
            37.989808283586264,
            27.241401576174592,
            21.336713415668513,
            44.124128492095835,
            26.619607019812843,
            28.6620581250386,
            29.601453326022714
        ],
        [
            93.23782634000948,
            84.5106890017892,
            77.53077282784557,
            29.01502801797993,
            72.99194021639607,
            75.80076265818992,
            19.92547440852117,
            41.16994678982861,
            59.469547062413966,
            47.17083070889415,
            72.96067692366479,
            57.86978664487269,
            107.09774212446604,
            65.89876868456493,
            0.0,
            68.36647839261681,
            90.06688574432287,
            67.83708486626061,
            26.002663737194588,
            80.98151546917424,
            59.598752656961516,
            93.23782634000948
        ],
        [
            42.0325497413029,
            40.8342822164263,
            10.428556956479627,
            58.58252676769081,
            84.64873749333358,
            40.58883141118449,
            51.604212044804214,
            35.1079547599027,
            22.952549491728867,
            26.022212353327518,
            13.664435715964435,
            77.59180939476039,
            63.612932269898685,
            37.989808283586264,
            68.36647839261681,
            0.0,
            38.57291810686923,
            58.738534252172045,
            59.37667315221071,
            23.744645344113867,
            63.07639714622915,
            42.0325497413029
        ],
        [
            3.5919255869744515,
            9.570611196780785,
            41.47353068207274,
            68.30448557055139,
            70.67913994384287,
            19.020531295764478,
            70.21823731545814,
            48.90272273913361,
            61.29212595408378,
            43.89011145544284,
            25.082540712709342,
            70.90714955625151,
            25.199481203980824,
            27.241401576174592,
            90.06688574432287,
            38.57291810686923,
            0.0,
            43.46434669448517,
            70.59263444723638,
            14.87764127717109,
            53.710343586960356,
            3.5919255869744515
        ],
        [
            44.53231584181732,
            33.952096598166044,
            67.68330794728791,
            39.22205321906465,
            27.813151851883827,
            24.872411733432894,
            50.141523102910206,
            36.29266955190918,
            73.51520863050813,
            40.46381092828853,
            49.12733768594632,
            28.143566798334756,
            46.48734967333513,
            21.336713415668513,
            67.83708486626061,
            58.738534252172045,
            43.46434669448517,
            0.0,
            42.24605432459845,
            47.12988599984696,
            11.702149762530343,
            44.53231584181732
        ],
        [
            73.34311302472834,
            63.51044245386341,
            69.70891096944106,
            3.0374021016972494,
            48.2354709400235,
            53.92397718782874,
            13.679630173935896,
            24.831330531230094,
            59.846938827011556,
            33.646526243828426,
            59.10717781076287,
            33.69346890954599,
            84.20868710447242,
            44.124128492095835,
            26.002663737194588,
            59.37667315221071,
            70.59263444723638,
            42.24605432459845,
            0.0,
            64.6812698271625,
            33.59812294894428,
            73.34311302472834
        ],
        [
            18.294914552933143,
            19.101209665459436,
            26.998215504976308,
            62.85253891528448,
            74.917454173308,
            23.2613087734922,
            61.664828848155345,
            40.746100261926955,
            46.582634607921165,
            33.811859772362986,
            10.526678971906012,
            72.06052911247579,
            40.0465944543816,
            26.619607019812843,
            80.98151546917424,
            23.744645344113867,
            14.87764127717109,
            47.12988599984696,
            64.6812698271625,
            0.0,
            55.28160337384441,
            18.294914552933143
        ],
        [
            55.1427994984328,
            44.40624742497936,
            72.77661034069095,
            30.58437009811476,
            21.72580177350381,
            34.717018050539416,
            43.66640689828343,
            34.631834183485665,
            74.67941470938315,
            41.058399844993595,
            55.41639390509523,
            17.199138064159488,
            58.18948394954576,
            28.6620581250386,
            59.598752656961516,
            63.07639714622915,
            53.710343586960356,
            11.702149762530343,
            33.59812294894428,
            55.28160337384441,
            0.0,
            55.1427994984328
        ],
        [
            0.0,
            10.760851996574516,
            44.600136461811886,
            70.98997188631849,
            71.33639620161955,
            20.75428385078987,
            73.35661396857257,
            52.06923410516608,
            64.80417353941407,
            47.28606112209077,
            28.602310583133768,
            72.30056290921885,
            21.98420132341808,
            29.601453326022714,
            93.23782634000948,
            42.0325497413029,
            3.5919255869744515,
            44.53231584181732,
            73.34311302472834,
            18.294914552933143,
            55.1427994984328,
            0.0
        ]
    ],
    "scores_ave": [
        0,
        16.93919422292504,
        10.491091808433678,
        18.555463398045752,
        19.78376823402807,
        13.778258132291942,
        14.796126208930062,
        16.89429670260437,
        16.109145609314442,
        15.95016813333886,
        19.704429469230586,
        18.08311730760039,
        13.25383291354429,
        13.44872966541616,
        19.2699341962525,
        11.586287772953813,
        10.567799854412845,
        11.324602224681065,
        10.590111803556105,
        18.15440907845047,
        13.5103603167765,
        0
    ],
    "scores_var": [
        0,
        290.1237298931952,
        387.9414522902,
        16.368316311394903,
        18.702608086805956,
        22.352859184792464,
        334.2544625526066,
        21.23276481955309,
        23.42073502284732,
        237.20399528871667,
        23.0012741844901,
        23.572955014797575,
        19.2182983108228,
        233.8313170980282,
        276.81272708303885,
        23.113898316988163,
        24.933837959248788,
        227.8382024844853,
        22.035516302930496,
        20.750172323110192,
        287.20809998412665,
        0
    ],
    "vertex_number": 22,
    "minimum_distances": {
        "cost": 359.38268700801007,
        "path": [
            0,
            16,
            19,
            10,
            15,
            2,
            8,
            9,
            7,
            6,
            14,
            18,
            3,
            11,
            4,
            20,
            17,
            13,
            5,
            1,
            12,
            21
        ]
    }
}