{
    "vertices": [
        [
            86.99555817111963,
            92.0229863638361
        ],
        [
            46.383392974266954,
            59.54850924476431
        ],
        [
            80.23669441390342,
            37.32534484331315
        ],
        [
            3.3710523221701094,
            81.82385340215944
        ],
        [
            72.1375933534917,
            21.636722679928422
        ],
        [
            86.82783404786338,
            47.74030616378243
        ],
        [
            16.981508207562314,
            46.13908162609355
        ],
        [
            16.419150253237234,
            22.137580598095454
        ],
        [
            26.282417673243497,
            14.704915626343496
        ],
        [
            61.346357505334694,
            89.43986583792952
        ],
        [
            28.40724306362169,
            86.7571760737946
        ],
        [
            91.37399011209143,
            9.321971867507372
        ],
        [
            77.4290775754976,
            88.10483993930073
        ],
        [
            75.21996996520109,
            40.907980241432654
        ],
        [
            28.973948438066955,
            66.0120028559237
        ],
        [
            44.49786524277841,
            98.53278019069465
        ],
        [
            60.53026574073007,
            91.61850750840848
        ],
        [
            4.299040999222092,
            7.874529239072037
        ],
        [
            85.61612313948605,
            47.235787309947774
        ],
        [
            57.506610927610524,
            70.09164162398999
        ],
        [
            88.77145752590371,
            45.64074443406362
        ],
        [
            86.99555817111963,
            92.0229863638361
        ]
    ],
    "distances": [
        [
            0.0,
            51.99941947881311,
            55.113648284215834,
            84.24417066866377,
            71.93737021814496,
            44.28299783304815,
            83.70961656991228,
            99.32270281075495,
            98.30650788062181,
            25.77894502195662,
            58.82447981194714,
            82.81683684483305,
            10.337766799000256,
            52.45386857505087,
            63.58520629095704,
            42.993386932175845,
            26.468383149911567,
            117.98167988649848,
            44.80843715305314,
            36.75026383073241,
            46.4162276036115,
            0.0
        ],
        [
            51.99941947881311,
            0.0,
            40.49586465772547,
            48.438129667674204,
            45.83211098903182,
            42.132961844111115,
            32.315376787141886,
            47.931549360008496,
            49.142619961357646,
            33.427286855767285,
            32.61063501717138,
            67.43040032305169,
            42.18173248095451,
            34.33682416995085,
            18.5705548845618,
            39.02984237749265,
            35.05165898642511,
            66.64302582257311,
            41.11946300307197,
            15.32591328448199,
            44.61136557496855,
            51.99941947881311
        ],
        [
            55.113648284215834,
            40.49586465772547,
            0.0,
            88.8169139192314,
            17.655829161277268,
            12.32536169778514,
            63.866270738747716,
            65.59990187086328,
            58.50425451680972,
            55.43255475817026,
            71.62260792564051,
            30.1368255377199,
            50.85705294759742,
            6.164641156634071,
            58.74345472404233,
            70.87745799848315,
            57.75890271836344,
            81.44862028225694,
            11.276308052642877,
            39.87840142248982,
            11.91587393907027,
            55.113648284215834
        ],
        [
            84.24417066866377,
            48.438129667674204,
            88.8169139192314,
            0.0,
            91.38559990494869,
            90.14833669214694,
            38.19224327161363,
            61.09585927753096,
            70.9216643234225,
            58.47340982449095,
            25.51761194596421,
            114.02210261927941,
            74.32389855424863,
            82.68237806800026,
            30.091907669968375,
            44.391474129964905,
            57.99233507705606,
            73.95514659009284,
            89.22211603489639,
            55.392269304758514,
            92.74937511142048,
            84.24417066866377
        ],
        [
            71.93737021814496,
            45.83211098903182,
            17.655829161277268,
            91.38559990494869,
            0.0,
            29.953301026049022,
            60.3536189681425,
            55.720694182417404,
            46.37614780999556,
            68.6565145724347,
            78.44116895290017,
            22.84057897309723,
            66.6784104285443,
            19.516208996069064,
            61.905296486511965,
            81.71265649049246,
            70.93786197856303,
            69.22042439790823,
            28.93065632030917,
            50.615657820698324,
            29.204083578829316,
            71.93737021814496
        ],
        [
            44.28299783304815,
            42.132961844111115,
            12.32536169778514,
            90.14833669214694,
            29.953301026049022,
            0.0,
            69.86467743724009,
            74.91917184595363,
            68.97162077214945,
            48.86879294401688,
            70.25155933161109,
            38.68637932219377,
            41.44432663395311,
            13.469342451314166,
            60.67064347904195,
            66.1188450958879,
            51.15524071009622,
            91.65305151426348,
            1.3125481322051546,
            36.86890725424856,
            2.861089247347843,
            44.28299783304815
        ],
        [
            83.70961656991228,
            32.315376787141886,
            63.866270738747716,
            38.19224327161363,
            60.3536189681425,
            69.86467743724009,
            0.0,
            24.008088180148505,
            32.78130120951028,
            61.99353003801314,
            42.194514022125354,
            83.00446334319302,
            73.58691129062197,
            58.47292407253596,
            23.21102369326394,
            59.179806976432175,
            62.96723323497399,
            40.31154851738815,
            68.64337644820836,
            47.07450563652567,
            71.7916789265092,
            83.70961656991228
        ],
        [
            99.32270281075495,
            47.931549360008496,
            65.59990187086328,
            61.09585927753096,
            55.720694182417404,
            74.91917184595363,
            24.008088180148505,
            0.0,
            12.350245049425762,
            80.92003182140319,
            65.72219175189906,
            76.04253970904709,
            89.85483034794137,
            61.724098224028104,
            45.63537976088309,
            81.39189613381023,
            82.30060579283236,
            18.717149419700725,
            73.60802291035348,
            63.148803579667195,
            76.07401052908088,
            99.32270281075495
        ],
        [
            98.30650788062181,
            49.142619961357646,
            58.50425451680972,
            70.9216643234225,
            46.37614780999556,
            68.97162077214945,
            32.78130120951028,
            12.350245049425762,
            0.0,
            82.55175745964924,
            72.08358425138779,
            65.31377256040705,
            89.46244859327683,
            55.511121584333175,
            51.377636553677156,
            85.78410929523997,
            84.19391731861927,
            23.020057084884296,
            67.66643345743847,
            63.58175572539995,
            69.72736626123148,
            98.30650788062181
        ],
        [
            25.77894502195662,
            33.427286855767285,
            55.43255475817026,
            58.47340982449095,
            68.6565145724347,
            48.86879294401688,
            61.99353003801314,
            80.92003182140319,
            82.55175745964924,
            0.0,
            33.04817823382796,
            85.56012888151915,
            16.138035165571747,
            50.4759451841966,
            39.9604508573434,
            19.145568232573854,
            2.3264748648121842,
            99.53542311676536,
            48.68475909699753,
            19.725552818971146,
            51.67687245653319,
            25.77894502195662
        ],
        [
            58.82447981194714,
            32.61063501717138,
            71.62260792564051,
            25.51761194596421,
            78.44116895290017,
            70.25155933161109,
            42.194514022125354,
            65.72219175189906,
            72.08358425138779,
            33.04817823382796,
            0.0,
            99.80492014091978,
            49.04035539027158,
            65.52541612562358,
            20.75291224914935,
            19.93923204214053,
            32.48878466842341,
            82.48440688050977,
            69.53269827468043,
            33.533762815726035,
            73.03697240735714,
            58.82447981194714
        ],
        [
            82.81683684483305,
            67.43040032305169,
            30.1368255377199,
            114.02210261927941,
            22.84057897309723,
            38.68637932219377,
            83.00446334319302,
            76.04253970904709,
            65.31377256040705,
            85.56012888151915,
            99.80492014091978,
            0.0,
            80.00750519339326,
            35.47715168814736,
            84.3061374657124,
            100.77668085643566,
            87.88660370949954,
            87.0869786659946,
            38.3485388701793,
            69.56976451834063,
            36.411899381979616,
            82.81683684483305
        ],
        [
            10.337766799000256,
            42.18173248095451,
            50.85705294759742,
            74.32389855424863,
            66.6784104285443,
            41.44432663395311,
            73.58691129062197,
            89.85483034794137,
            89.46244859327683,
            16.138035165571747,
            49.04035539027158,
            80.00750519339326,
            0.0,
            47.24853142452275,
            53.25404200732298,
            34.54282390872637,
            17.260234680127574,
            108.55830232968194,
            41.681016996801375,
            26.858518032141813,
            43.952804120070354,
            10.337766799000256
        ],
        [
            52.45386857505087,
            34.33682416995085,
            6.164641156634071,
            82.68237806800026,
            19.516208996069064,
            13.469342451314166,
            58.47292407253596,
            61.724098224028104,
            55.511121584333175,
            50.4759451841966,
            65.52541612562358,
            35.47715168814736,
            47.24853142452275,
            0.0,
            52.62039964231582,
            65.30287350314664,
            52.79531215834547,
            78.2367372180282,
            12.170502993695257,
            34.138675722505106,
            14.354158700910613,
            52.45386857505087
        ],
        [
            63.58520629095704,
            18.5705548845618,
            58.74345472404233,
            30.091907669968375,
            61.905296486511965,
            60.67064347904195,
            23.21102369326394,
            45.63537976088309,
            51.377636553677156,
            39.9604508573434,
            20.75291224914935,
            84.3061374657124,
            53.25404200732298,
            52.62039964231582,
            0.0,
            36.0359952189107,
            40.63858071124139,
            63.157081120533775,
            59.673128166160595,
            28.822843045406124,
            63.17222698939879,
            63.58520629095704
        ],
        [
            42.993386932175845,
            39.02984237749265,
            70.87745799848315,
            44.391474129964905,
            81.71265649049246,
            66.1188450958879,
            59.179806976432175,
            81.39189613381023,
            85.78410929523997,
            19.145568232573854,
            19.93923204214053,
            100.77668085643566,
            34.54282390872637,
            65.30287350314664,
            36.0359952189107,
            0.0,
            17.459811924867047,
            99.17088250172887,
            65.74262400503615,
            31.275003233623075,
            68.97621633674282,
            42.993386932175845
        ],
        [
            26.468383149911567,
            35.05165898642511,
            57.75890271836344,
            57.99233507705606,
            70.93786197856303,
            51.15524071009622,
            62.96723323497399,
            82.30060579283236,
            84.19391731861927,
            2.3264748648121842,
            32.48878466842341,
            87.88660370949954,
            17.260234680127574,
            52.79531215834547,
            40.63858071124139,
            17.459811924867047,
            0.0,
            100.87122747495975,
            50.98162505889325,
            21.738179390984932,
            53.958498966961166,
            26.468383149911567
        ],
        [
            117.98167988649848,
            66.64302582257311,
            81.44862028225694,
            73.95514659009284,
            69.22042439790823,
            91.65305151426348,
            40.31154851738815,
            18.717149419700725,
            23.020057084884296,
            99.53542311676536,
            82.48440688050977,
            87.0869786659946,
            108.55830232968194,
            78.2367372180282,
            63.157081120533775,
            99.17088250172887,
            100.87122747495975,
            0.0,
            90.34255079821753,
            81.86583274603548,
            92.53040669969849,
            117.98167988649848
        ],
        [
            44.80843715305314,
            41.11946300307197,
            11.276308052642877,
            89.22211603489639,
            28.93065632030917,
            1.3125481322051546,
            68.64337644820836,
            73.60802291035348,
            67.66643345743847,
            48.68475909699753,
            69.53269827468043,
            38.3485388701793,
            41.681016996801375,
            12.170502993695257,
            59.673128166160595,
            65.74262400503615,
            50.98162505889325,
            90.34255079821753,
            0.0,
            36.228921502223905,
            3.535575888878434,
            44.80843715305314
        ],
        [
            36.75026383073241,
            15.32591328448199,
            39.87840142248982,
            55.392269304758514,
            50.615657820698324,
            36.86890725424856,
            47.07450563652567,
            63.148803579667195,
            63.58175572539995,
            19.725552818971146,
            33.533762815726035,
            69.56976451834063,
            26.858518032141813,
            34.138675722505106,
            28.822843045406124,
            31.275003233623075,
            21.738179390984932,
            81.86583274603548,
            36.228921502223905,
            0.0,
            39.6905153179844,
            36.75026383073241
        ],
        [
            46.4162276036115,
            44.61136557496855,
            11.91587393907027,
            92.74937511142048,
            29.204083578829316,
            2.861089247347843,
            71.7916789265092,
            76.07401052908088,
            69.72736626123148,
            51.67687245653319,
            73.03697240735714,
            36.411899381979616,
            43.952804120070354,
            14.354158700910613,
            63.17222698939879,
            68.97621633674282,
            53.958498966961166,
            92.53040669969849,
            3.535575888878434,
            39.6905153179844,
            0.0,
            46.4162276036115
        ],
        [
            0.0,
            51.99941947881311,
            55.113648284215834,
            84.24417066866377,
            71.93737021814496,
            44.28299783304815,
            83.70961656991228,
            99.32270281075495,
            98.30650788062181,
            25.77894502195662,
            58.82447981194714,
            82.81683684483305,
            10.337766799000256,
            52.45386857505087,
            63.58520629095704,
            42.993386932175845,
            26.468383149911567,
            117.98167988649848,
            44.80843715305314,
            36.75026383073241,
            46.4162276036115,
            0.0
        ]
    ],
    "scores_ave": [
        0,
        14.139670485409743,
        14.217165940231808,
        12.500140744766508,
        18.975247510218196,
        18.838618538345404,
        17.844804075226573,
        18.587742060870823,
        18.28025100249438,
        11.918101787021925,
        14.876711722537339,
        19.587541409048416,
        12.328269487998467,
        16.5061493351185,
        19.36871034786146,
        17.646441893721445,
        11.435878586861177,
        13.682482338254594,
        18.83676180565769,
        19.631414511171506,
        17.313834047108045,
        0
    ],
    "scores_var": [
        0,
        378.8725433809004,
        305.62121095597433,
        22.591067078292372,
        21.370412334644108,
        19.984291262312368,
        20.77995180539401,
        24.780534761514616,
        17.86806036926708,
        381.39586752623086,
        17.505875120873604,
        17.51744181493334,
        16.042962421519945,
        21.62441894478664,
        21.662121490215412,
        267.1052351836007,
        21.134832738573856,
        292.8913977756996,
        264.8673866321867,
        18.62055918530161,
        19.02795584228489,
        0
    ],
    "vertex_number": 22,
    "minimum_distances": {
        "cost": 432.2988296683944,
        "path": [
            0,
            20,
            5,
            18,
            13,
            2,
            11,
            4,
            8,
            17,
            7,
            6,
            1,
            19,
            14,
            3,
            10,
            15,
            16,
            9,
            12,
            21
        ]
    }
}