{
    "vertices": [
        [
            72.30668866092384,
            8.850406030946168
        ],
        [
            30.981049151165706,
            62.55985487705602
        ],
        [
            65.37352417410239,
            40.654456685655674
        ],
        [
            97.5731809014612,
            18.16017298471011
        ],
        [
            23.48254958109033,
            25.390384526457453
        ],
        [
            60.1445887301273,
            13.267139196295986
        ],
        [
            99.78547510881526,
            8.27821800071561
        ],
        [
            88.1393015258179,
            37.95521130474933
        ],
        [
            68.58349714481994,
            85.65884578031925
        ],
        [
            1.036435249737766,
            44.86970982905027
        ],
        [
            72.72609988011197,
            38.016512799235734
        ],
        [
            46.78478560630202,
            50.57407679133902
        ],
        [
            32.54543518756366,
            2.4804908211176313
        ],
        [
            75.20800733175203,
            53.091926540721936
        ],
        [
            10.713707250380766,
            46.7582278436704
        ],
        [
            86.03973945122051,
            87.45385597419336
        ],
        [
            70.16015186670798,
            58.609539764492894
        ],
        [
            72.30668866092384,
            8.850406030946168
        ]
    ],
    "distances": [
        [
            0.0,
            67.76808523370993,
            32.55098167258018,
            26.927075423716737,
            51.5496599942124,
            12.939250618972574,
            27.484743109419096,
            33.132481346189714,
            76.89862529199507,
            79.85511422191315,
            29.169122197797577,
            48.91045120678377,
            40.26826414874624,
            44.33655136618776,
            72.32356679274575,
            79.79410396131681,
            49.80541145419753,
            0.0
        ],
        [
            67.76808523370993,
            0.0,
            40.77608132382425,
            80.03651518644614,
            37.918294027374785,
            57.27376240441958,
            87.63871937298353,
            62.22904707485634,
            44.13057302896156,
            34.77960801281512,
            48.42545715541776,
            19.83474129560198,
            60.09972786158735,
            45.229033782397885,
            25.699349498100847,
            60.42491761005243,
            39.377748527354335,
            67.76808523370993
        ],
        [
            32.55098167258018,
            40.77608132382425,
            0.0,
            39.27862895492114,
            44.585262713519946,
            27.882017953158375,
            47.24831423995248,
            22.925238146074456,
            45.11872077371666,
            64.47502904477437,
            7.811473450028665,
            21.06988525320216,
            50.3481389560232,
            15.85584167976511,
            54.99956007536949,
            51.15932200145123,
            18.582163841586517,
            32.55098167258018
        ],
        [
            26.927075423716737,
            80.03651518644614,
            39.27862895492114,
            0.0,
            74.44257927012967,
            37.7470699734774,
            10.126563087523133,
            21.928101198371213,
            73.4606874013494,
            100.16357930637616,
            31.806472078987454,
            60.250495903708035,
            66.89140561673524,
            41.4780471490783,
            91.44625145219916,
            70.24695562039062,
            48.863334247118445,
            26.927075423716737
        ],
        [
            51.5496599942124,
            37.918294027374785,
            44.585262713519946,
            74.44257927012967,
            0.0,
            38.61448163449565,
            78.19822688075642,
            65.8663073506517,
            75.27538039129746,
            29.719895067452438,
            50.836466844312916,
            34.310531325919875,
            24.63735223407724,
            58.67621672776415,
            24.892329390707538,
            88.12080624115652,
            57.29145512083801,
            51.5496599942124
        ],
        [
            12.939250618972574,
            57.27376240441958,
            27.882017953158375,
            37.7470699734774,
            38.61448163449565,
            0.0,
            39.95358816907137,
            37.325659390630925,
            72.8819206482574,
            67.02608655187554,
            27.763751845798495,
            39.62690919347366,
            29.632162584525297,
            42.57840141429129,
            59.708165795400554,
            78.5762545375643,
            46.435382998632164,
            12.939250618972574
        ],
        [
            27.484743109419096,
            87.63871937298353,
            47.24831423995248,
            10.126563087523133,
            78.19822688075642,
            39.95358816907137,
            0.0,
            31.880359011356312,
            83.43455509817989,
            105.31054148238323,
            40.20666568233991,
            67.8086481105336,
            67.48952962542084,
            51.110863771229866,
            97.02829992811758,
            80.35998318364486,
            58.40292567747118,
            27.484743109419096
        ],
        [
            33.132481346189714,
            62.22904707485634,
            22.925238146074456,
            21.928101198371213,
            65.8663073506517,
            37.325659390630925,
            31.880359011356312,
            0.0,
            51.55643730094858,
            87.37688254539216,
            15.41332354959235,
            43.23692580545172,
            65.94796257525684,
            19.908252501623718,
            77.92442331573024,
            49.543152756127334,
            27.383409330973482,
            33.132481346189714
        ],
        [
            76.89862529199507,
            44.13057302896156,
            45.11872077371666,
            73.4606874013494,
            75.27538039129746,
            72.8819206482574,
            83.43455509817989,
            51.55643730094858,
            0.0,
            78.90728218807924,
            47.822097918252055,
            41.3052640682713,
            90.64976913017476,
            33.23384365334863,
            69.72926687037274,
            17.548289291434678,
            27.095217217248358,
            76.89862529199507
        ],
        [
            79.85511422191315,
            34.77960801281512,
            64.47502904477437,
            100.16357930637616,
            29.719895067452438,
            67.02608655187554,
            105.31054148238323,
            87.37688254539216,
            78.90728218807924,
            0.0,
            72.01648647597983,
            46.10261774332781,
            52.81726010675288,
            74.62591341331193,
            9.859822192411674,
            95.07350434311718,
            70.47603227763385,
            79.85511422191315
        ],
        [
            29.169122197797577,
            48.42545715541776,
            7.811473450028665,
            31.806472078987454,
            50.836466844312916,
            27.763751845798495,
            40.20666568233991,
            15.41332354959235,
            47.822097918252055,
            72.01648647597983,
            0.0,
            28.820898661706313,
            53.6404201434356,
            15.278349520661498,
            62.62550935187703,
            51.198670869739544,
            20.752273340511405,
            29.169122197797577
        ],
        [
            48.91045120678377,
            19.83474129560198,
            21.06988525320216,
            60.250495903708035,
            34.310531325919875,
            39.62690919347366,
            67.8086481105336,
            43.23692580545172,
            41.3052640682713,
            46.10261774332781,
            28.820898661706313,
            0.0,
            50.15727376784647,
            28.534524713311082,
            36.27235030916021,
            53.86157734362016,
            24.71793707009248,
            48.91045120678377
        ],
        [
            40.26826414874624,
            60.09972786158735,
            50.3481389560232,
            66.89140561673524,
            24.63735223407724,
            29.632162584525297,
            67.48952962542084,
            65.94796257525684,
            90.64976913017476,
            52.81726010675288,
            53.6404201434356,
            50.15727376784647,
            0.0,
            66.19374961095431,
            49.36742185451365,
            100.40972748738362,
            67.56727792459981,
            40.26826414874624
        ],
        [
            44.33655136618776,
            45.229033782397885,
            15.85584167976511,
            41.4780471490783,
            58.67621672776415,
            42.57840141429129,
            51.110863771229866,
            19.908252501623718,
            33.23384365334863,
            74.62591341331193,
            15.278349520661498,
            28.534524713311082,
            66.19374961095431,
            0.0,
            64.80455602942587,
            36.02871930972284,
            7.478295292585553,
            44.33655136618776
        ],
        [
            72.32356679274575,
            25.699349498100847,
            54.99956007536949,
            91.44625145219916,
            24.892329390707538,
            59.708165795400554,
            97.02829992811758,
            77.92442331573024,
            69.72926687037274,
            9.859822192411674,
            62.62550935187703,
            36.27235030916021,
            49.36742185451365,
            64.80455602942587,
            0.0,
            85.61626759010088,
            60.61627975854909,
            72.32356679274575
        ],
        [
            79.79410396131681,
            60.42491761005243,
            51.15932200145123,
            70.24695562039062,
            88.12080624115652,
            78.5762545375643,
            80.35998318364486,
            49.543152756127334,
            17.548289291434678,
            95.07350434311718,
            51.198670869739544,
            53.86157734362016,
            100.40972748738362,
            36.02871930972284,
            85.61626759010088,
            0.0,
            32.926522431914876,
            79.79410396131681
        ],
        [
            49.80541145419753,
            39.377748527354335,
            18.582163841586517,
            48.863334247118445,
            57.29145512083801,
            46.435382998632164,
            58.40292567747118,
            27.383409330973482,
            27.095217217248358,
            70.47603227763385,
            20.752273340511405,
            24.71793707009248,
            67.56727792459981,
            7.478295292585553,
            60.61627975854909,
            32.926522431914876,
            0.0,
            49.80541145419753
        ],
        [
            0.0,
            67.76808523370993,
            32.55098167258018,
            26.927075423716737,
            51.5496599942124,
            12.939250618972574,
            27.484743109419096,
            33.132481346189714,
            76.89862529199507,
            79.85511422191315,
            29.169122197797577,
            48.91045120678377,
            40.26826414874624,
            44.33655136618776,
            72.32356679274575,
            79.79410396131681,
            49.80541145419753,
            0.0
        ]
    ],
    "scores_ave": [
        0,
        10.998472745775905,
        12.473434412277602,
        17.992684416693685,
        17.18382782313074,
        16.996569518931352,
        18.80266843384389,
        17.51733489319701,
        14.700801807565234,
        15.469313547397547,
        15.229010898139894,
        14.370528080692386,
        12.840593139552222,
        13.829870072342992,
        10.352285999394681,
        17.751466435650947,
        18.00468749752138,
        0
    ],
    "scores_var": [
        0,
        23.42059411885405,
        310.47045038243107,
        250.34968866030695,
        22.908704362863844,
        239.59292922575986,
        24.581765236367353,
        269.6966455120145,
        270.87984235947465,
        363.015947049753,
        274.3053568311056,
        371.92500880645105,
        24.38834147428701,
        18.627778830145886,
        17.28272309459805,
        17.98350500249945,
        253.75447975560616,
        0
    ],
    "vertex_number": 18,
    "minimum_distances": {
        "cost": 356.33278245433996,
        "path": [
            0,
            6,
            3,
            7,
            10,
            2,
            13,
            15,
            8,
            16,
            11,
            1,
            14,
            9,
            4,
            12,
            5,
            17
        ]
    }
}