{
    "vertices": [
        [
            0.9023197823202045,
            63.31244592814902
        ],
        [
            6.550937345211116,
            65.19380409109475
        ],
        [
            8.55161434657129,
            73.2556714299818
        ],
        [
            23.891264731036475,
            92.2783981453893
        ],
        [
            13.552674542108011,
            42.51970613157919
        ],
        [
            32.919306539384316,
            0.5122648847125544
        ],
        [
            79.16726994955452,
            32.21238041092974
        ],
        [
            79.35650123880916,
            38.23359503488065
        ],
        [
            98.53494521431799,
            37.66219614408842
        ],
        [
            5.203471741171118,
            69.81683339760151
        ],
        [
            28.81185155658279,
            99.20092532811748
        ],
        [
            2.7654505483352465,
            83.69743657540049
        ],
        [
            71.54935211186572,
            90.21117782102762
        ],
        [
            18.610956418685586,
            15.828451747341276
        ],
        [
            63.365229166104676,
            96.99405518451067
        ],
        [
            86.063664307699,
            41.058285141493755
        ],
        [
            75.51647012892985,
            25.34240859652973
        ],
        [
            86.37916480069106,
            4.343881821877926
        ],
        [
            33.678351400624365,
            94.42500963737687
        ],
        [
            12.815979000253419,
            13.278692100408096
        ],
        [
            4.220568878720843,
            12.207219739998187
        ],
        [
            9.586192384534431,
            82.34062310193556
        ],
        [
            83.44195062493637,
            28.53203203733392
        ],
        [
            19.879333937606503,
            92.00721748410271
        ],
        [
            0.9023197823202045,
            63.31244592814902
        ]
    ],
    "distances": [
        [
            0.0,
            5.95368700126923,
            12.545096281455118,
            36.97996724858683,
            24.338642192947916,
            70.49078081629125,
            84.21767332249806,
            82.3650857471446,
            100.94585114173579,
            7.797882053859093,
            45.4634459483719,
            20.469956031701724,
            75.59460929468987,
            50.678649497414646,
            70.96524396340152,
            88.02103313236314,
            83.71974179911827,
            103.84403009826801,
            45.191369410594724,
            51.432594704681435,
            51.2128394136453,
            20.91605053370493,
            89.56823013798898,
            34.4022816234375,
            0.0
        ],
        [
            5.95368700126923,
            0.0,
            8.30640797538776,
            32.15994696720647,
            23.73055081645003,
            69.84978459570924,
            79.75528865771334,
            77.6369950875197,
            96.01586920822817,
            4.815398584010601,
            40.6452038542755,
            18.886882363258795,
            69.64670064347054,
            50.81714348598802,
            65.10852267341008,
            83.09510830354394,
            79.65160660656144,
            100.37558935744075,
            39.879317584718365,
            52.29177373110375,
            53.037804803606676,
            17.413390690622823,
            85.18399763632137,
            29.943368105617573,
            5.95368700126923
        ],
        [
            12.545096281455118,
            8.30640797538776,
            0.0,
            24.437041670519392,
            31.140169651175494,
            76.71628001026902,
            81.67694016008275,
            78.99289742025482,
            96.76722232751067,
            4.799548511999956,
            32.918587631377186,
            11.93776155114927,
            65.23959043802772,
            58.30159451852123,
            59.733099976993074,
            83.93324474239321,
            82.34058941554609,
            103.95173089795153,
            32.85565088569393,
            60.12838643602276,
            61.201890563844934,
            9.143669864904961,
            87.22824306616643,
            21.907480698449568,
            12.545096281455118
        ],
        [
            36.97996724858683,
            32.15994696720647,
            24.437041670519392,
            0.0,
            50.821391933120225,
            92.20915763908464,
            81.62942630812768,
            77.44180527413346,
            92.49112691029947,
            29.219094745579028,
            8.493147667581816,
            22.802037767437486,
            47.70290025426347,
            76.63208179436272,
            39.75463859138508,
            80.55375376263987,
            84.53158302823695,
            107.87593251585372,
            10.019730853449012,
            79.7722728096168,
            82.45198534021047,
            17.418222287390567,
            87.23464553957997,
            4.021085381128767,
            36.97996724858683
        ],
        [
            24.338642192947916,
            23.73055081645003,
            31.140169651175494,
            50.821391933120225,
            0.0,
            46.25680009497932,
            66.41924490683753,
            65.94326619346907,
            85.12098291187276,
            28.545443496092187,
            58.69925972927679,
            42.56723723705632,
            75.08722315438159,
            27.166326143720884,
            73.81561693103478,
            72.52571535735379,
            64.30063385483115,
            82.22585508894797,
            55.67048949885742,
            29.250292680459342,
            31.716478798132783,
            40.01797607408908,
            71.27528279809646,
            49.89028361287189,
            24.338642192947916
        ],
        [
            70.49078081629125,
            69.84978459570924,
            76.71628001026902,
            92.20915763908464,
            46.25680009497932,
            0.0,
            56.069344957507376,
            59.82734993170156,
            75.40244976985699,
            74.64107927488432,
            98.77410028215604,
            88.48179372242718,
            97.66358278748851,
            20.959829750917827,
            101.17158723696323,
            66.84536275067957,
            49.305723629452984,
            53.5969936999472,
            93.91581217282027,
            23.814395688306483,
            30.99015186124058,
            85.09003716469645,
            57.7723542594768,
            92.4195176173289,
            70.49078081629125
        ],
        [
            84.21767332249806,
            79.75528865771334,
            81.67694016008275,
            81.62942630812768,
            66.41924490683753,
            56.069344957507376,
            0.0,
            6.024187416449896,
            20.119824469580106,
            82.97432331653732,
            83.80413660227826,
            92.13006575529637,
            58.49695011878272,
            62.733565392877644,
            66.68110586509363,
            11.21651842798209,
            7.779771980008392,
            28.786535758090665,
            77.069143929452,
            68.99984321488557,
            77.57070616457406,
            85.75760648710832,
            5.640732135770354,
            84.20499924092478,
            84.21767332249806
        ],
        [
            82.3650857471446,
            77.6369950875197,
            78.99289742025482,
            77.44180527413346,
            65.94326619346907,
            59.82734993170156,
            6.024187416449896,
            0.0,
            19.186954161985415,
            80.59883826181381,
            79.19455141980173,
            89.06823189831624,
            52.56063821702601,
            64.7457462790322,
            60.897557089751274,
            7.277699542511888,
            13.450967501007636,
            34.60968744676778,
            72.41525010430666,
            71.06608389554526,
            79.5159137695709,
            82.54287323887421,
            10.526690898947072,
            80.1818926035469,
            82.3650857471446
        ],
        [
            100.94585114173579,
            96.01586920822817,
            96.76722232751067,
            92.49112691029947,
            85.12098291187276,
            75.40244976985699,
            20.119824469580106,
            19.186954161985415,
            0.0,
            98.71516923742637,
            92.99637078289982,
            106.25930298165147,
            59.072986299783516,
            82.85261842203215,
            68.97230186172192,
            12.925411712208508,
            26.107994187099404,
            35.46650626630614,
            86.18813582383768,
            89.11956260135099,
            97.689085405205,
            99.5391504153095,
            17.639682034871573,
            95.60379976632598,
            100.94585114173579
        ],
        [
            7.797882053859093,
            4.815398584010601,
            4.799548511999956,
            29.219094745579028,
            28.545443496092187,
            74.64107927488432,
            82.97432331653732,
            80.59883826181381,
            98.71516923742637,
            0.0,
            37.693241517409334,
            14.093086670997232,
            69.40969043745874,
            55.62828416005604,
            64.19806391793809,
            85.82205334117128,
            83.19790985152903,
            104.28902402329038,
            37.63483903869111,
            57.04832765393731,
            57.617997915714916,
            13.26851720412445,
            88.46295496648376,
            26.60439958193394,
            7.797882053859093
        ],
        [
            45.4634459483719,
            40.6452038542755,
            32.918587631377186,
            8.493147667581816,
            58.69925972927679,
            98.77410028215604,
            83.80413660227826,
            79.19455141980173,
            92.99637078289982,
            37.693241517409334,
            0.0,
            30.311271319231416,
            43.67275482442155,
            83.99421178028639,
            34.62378055696622,
            81.59863155200622,
            87.3865086256377,
            110.95879531109694,
            6.818518271378244,
            87.39850171298829,
            90.40263268121616,
            25.57138560496795,
            89.32267463059019,
            11.469058529729518,
            45.4634459483719
        ],
        [
            20.469956031701724,
            18.886882363258795,
            11.93776155114927,
            22.802037767437486,
            42.56723723705632,
            88.48179372242718,
            92.13006575529637,
            89.06823189831624,
            106.25930298165147,
            14.093086670997232,
            30.311271319231416,
            0.0,
            69.09163436564829,
            69.69418309929918,
            62.041383245047015,
            93.57718552352537,
            93.26317676570345,
            115.27462801108886,
            32.721373181813426,
            71.13236039663727,
            71.50502410689938,
            6.954384372311742,
            97.7339220662834,
            19.024654094416714,
            20.469956031701724
        ],
        [
            75.59460929468987,
            69.64670064347054,
            65.23959043802772,
            47.70290025426347,
            75.08722315438159,
            97.66358278748851,
            58.49695011878272,
            52.56063821702601,
            59.072986299783516,
            69.40969043745874,
            43.67275482442155,
            69.09163436564829,
            0.0,
            91.29766523148754,
            10.629548142766144,
            51.25106942575822,
            64.98996265626316,
            87.13848671276793,
            38.10471195859274,
            96.78954735001703,
            103.04262481110817,
            62.461018203204084,
            62.81521252052905,
            51.70122374373373,
            75.59460929468987
        ],
        [
            50.678649497414646,
            50.81714348598802,
            58.30159451852123,
            76.63208179436272,
            27.166326143720884,
            20.959829750917827,
            62.733565392877644,
            64.7457462790322,
            82.85261842203215,
            55.62828416005604,
            83.99421178028639,
            69.69418309929918,
            91.29766523148754,
            0.0,
            92.6865692021785,
            72.01675009785754,
            57.695345267664514,
            68.73445579678196,
            80.02777832542567,
            6.331116610619928,
            14.839022029816471,
            67.12164557111976,
            66.06389908229163,
            76.18932425679388,
            50.678649497414646
        ],
        [
            70.96524396340152,
            65.10852267341008,
            59.733099976993074,
            39.75463859138508,
            73.81561693103478,
            101.17158723696323,
            66.68110586509363,
            60.897557089751274,
            68.97230186172192,
            64.19806391793809,
            34.62378055696622,
            62.041383245047015,
            10.629548142766144,
            92.6865692021785,
            0.0,
            60.36579601216597,
            72.67469377785888,
            95.46567895070346,
            29.797830566768067,
            97.79309131340995,
            103.37745549782544,
            55.73964360266512,
            71.34510044803412,
            43.77089939759212,
            70.96524396340152
        ],
        [
            88.02103313236314,
            83.09510830354394,
            83.93324474239321,
            80.55375376263987,
            72.52571535735379,
            66.84536275067957,
            11.21651842798209,
            7.277699542511888,
            12.925411712208508,
            85.82205334117128,
            81.59863155200622,
            93.57718552352537,
            51.25106942575822,
            72.01675009785754,
            60.36579601216597,
            0.0,
            18.927019855783218,
            36.71575890100184,
            74.78120279717096,
            78.33855495493208,
            86.77946902463854,
            86.90819949371037,
            12.797671642289417,
            83.52340566206153,
            88.02103313236314
        ],
        [
            83.71974179911827,
            79.65160660656144,
            82.34058941554609,
            84.53158302823695,
            64.30063385483115,
            49.305723629452984,
            7.779771980008392,
            13.450967501007636,
            26.107994187099404,
            83.19790985152903,
            87.3865086256377,
            93.26317676570345,
            64.98996265626316,
            57.695345267664514,
            72.67469377785888,
            18.927019855783218,
            0.0,
            23.641832886594855,
            80.76406345208643,
            63.85048820076499,
            72.49578416277946,
            87.15272789911616,
            8.54323936143119,
            86.83137490324849,
            83.71974179911827
        ],
        [
            103.84403009826801,
            100.37558935744075,
            103.95173089795153,
            107.87593251585372,
            82.22585508894797,
            53.5969936999472,
            28.786535758090665,
            34.60968744676778,
            35.46650626630614,
            104.28902402329038,
            110.95879531109694,
            115.27462801108886,
            87.13848671276793,
            68.73445579678196,
            95.46567895070346,
            36.71575890100184,
            23.641832886594855,
            0.0,
            104.36467468229327,
            74.10379976642923,
            82.5340352041758,
            109.4561659424303,
            24.365833414018866,
            110.03221312073454,
            103.84403009826801
        ],
        [
            45.191369410594724,
            39.879317584718365,
            32.85565088569393,
            10.019730853449012,
            55.67048949885742,
            93.91581217282027,
            77.069143929452,
            72.41525010430666,
            86.18813582383768,
            37.63483903869111,
            6.818518271378244,
            32.721373181813426,
            38.10471195859274,
            80.02777832542567,
            29.797830566768067,
            74.78120279717096,
            80.76406345208643,
            104.36467468229327,
            0.0,
            83.78522203815137,
            87.33570819955185,
            26.953005843403044,
            82.57299985320692,
            14.009232735632098,
            45.191369410594724
        ],
        [
            51.432594704681435,
            52.29177373110375,
            60.12838643602276,
            79.7722728096168,
            29.250292680459342,
            23.814395688306483,
            68.99984321488557,
            71.06608389554526,
            89.11956260135099,
            57.04832765393731,
            87.39850171298829,
            71.13236039663727,
            96.78954735001703,
            6.331116610619928,
            97.79309131340995,
            78.33855495493208,
            63.85048820076499,
            74.10379976642923,
            83.78522203815137,
            0.0,
            8.661935590644106,
            69.13741270283998,
            72.25435798041484,
            79.04474487315446,
            51.432594704681435
        ],
        [
            51.2128394136453,
            53.037804803606676,
            61.201890563844934,
            82.45198534021047,
            31.716478798132783,
            30.99015186124058,
            77.57070616457406,
            79.5159137695709,
            97.689085405205,
            57.617997915714916,
            90.40263268121616,
            71.50502410689938,
            103.04262481110817,
            14.839022029816471,
            103.37745549782544,
            86.77946902463854,
            72.49578416277946,
            82.5340352041758,
            87.33570819955185,
            8.661935590644106,
            0.0,
            70.33835499024944,
            80.88588765861975,
            81.32180865627907,
            51.2128394136453
        ],
        [
            20.91605053370493,
            17.413390690622823,
            9.143669864904961,
            17.418222287390567,
            40.01797607408908,
            85.09003716469645,
            85.75760648710832,
            82.54287323887421,
            99.5391504153095,
            13.26851720412445,
            25.57138560496795,
            6.954384372311742,
            62.461018203204084,
            67.12164557111976,
            55.73964360266512,
            86.90819949371037,
            87.15272789911616,
            109.4561659424303,
            26.953005843403044,
            69.13741270283998,
            70.33835499024944,
            0.0,
            91.37853959011507,
            14.120616487282854,
            20.91605053370493
        ],
        [
            89.56823013798898,
            85.18399763632137,
            87.22824306616643,
            87.23464553957997,
            71.27528279809646,
            57.7723542594768,
            5.640732135770354,
            10.526690898947072,
            17.639682034871573,
            88.46295496648376,
            89.32267463059019,
            97.7339220662834,
            62.81521252052905,
            66.06389908229163,
            71.34510044803412,
            12.797671642289417,
            8.54323936143119,
            24.365833414018866,
            82.57299985320692,
            72.25435798041484,
            80.88588765861975,
            91.37853959011507,
            0.0,
            89.82931263035532,
            89.56823013798898
        ],
        [
            34.4022816234375,
            29.943368105617573,
            21.907480698449568,
            4.021085381128767,
            49.89028361287189,
            92.4195176173289,
            84.20499924092478,
            80.1818926035469,
            95.60379976632598,
            26.60439958193394,
            11.469058529729518,
            19.024654094416714,
            51.70122374373373,
            76.18932425679388,
            43.77089939759212,
            83.52340566206153,
            86.83137490324849,
            110.03221312073454,
            14.009232735632098,
            79.04474487315446,
            81.32180865627907,
            14.120616487282854,
            89.82931263035532,
            0.0,
            34.4022816234375
        ],
        [
            0.0,
            5.95368700126923,
            12.545096281455118,
            36.97996724858683,
            24.338642192947916,
            70.49078081629125,
            84.21767332249806,
            82.3650857471446,
            100.94585114173579,
            7.797882053859093,
            45.4634459483719,
            20.469956031701724,
            75.59460929468987,
            50.678649497414646,
            70.96524396340152,
            88.02103313236314,
            83.71974179911827,
            103.84403009826801,
            45.191369410594724,
            51.432594704681435,
            51.2128394136453,
            20.91605053370493,
            89.56823013798898,
            34.4022816234375,
            0.0
        ]
    ],
    "scores_ave": [
        0,
        19.651964200179492,
        14.10509820570128,
        18.61499160502641,
        11.864180423217437,
        17.600744689620832,
        18.1168774307191,
        19.823657522802215,
        14.430347560649222,
        19.195210942109274,
        15.054095395779427,
        18.964139320378095,
        19.00465164042076,
        14.896993265633903,
        18.518878764675705,
        11.599048941256301,
        19.933287600012537,
        10.265048646047253,
        15.904724498808864,
        17.619865957007455,
        18.589683928343966,
        11.942878722892482,
        13.321717978125754,
        18.071505469260043,
        0
    ],
    "scores_var": [
        0,
        22.50946848551439,
        353.8499141749346,
        22.752454357768706,
        22.94928699679413,
        21.194805874468038,
        313.5828638996467,
        23.856308610975788,
        277.38113265864274,
        21.75687036219359,
        290.04221205758745,
        17.91969745314799,
        244.19137409881793,
        24.294294075517058,
        19.81384993184015,
        24.923623335506534,
        24.296028872416986,
        17.660287416121303,
        312.3935584432285,
        366.9847979483675,
        17.569677567973898,
        299.10892499143296,
        326.47784677886654,
        17.51147010521653,
        0
    ],
    "vertex_number": 25,
    "minimum_distances": {
        "cost": 377.07261253560665,
        "path": [
            0,
            1,
            9,
            2,
            11,
            21,
            23,
            3,
            10,
            18,
            14,
            12,
            8,
            15,
            7,
            6,
            22,
            16,
            17,
            5,
            13,
            19,
            20,
            4,
            24
        ]
    }
}