{
    "vertices": [
        [
            52.3738086191492,
            42.45816652489805
        ],
        [
            92.74352948249806,
            63.916693058763755
        ],
        [
            63.532325937002284,
            11.476307917394024
        ],
        [
            1.5085509463093505,
            91.08310101687778
        ],
        [
            84.30188058744363,
            99.62979671526477
        ],
        [
            73.47683766860442,
            83.99057278506615
        ],
        [
            6.244461885510977,
            12.068556932749653
        ],
        [
            24.57082819715204,
            91.61274728603908
        ],
        [
            10.990376583413408,
            79.55902658209936
        ],
        [
            29.59600792292977,
            23.88600025266856
        ],
        [
            89.04703507544906,
            66.45409494307391
        ],
        [
            29.665669036984532,
            26.82998923147657
        ],
        [
            27.164277962198646,
            96.5301125317079
        ],
        [
            41.04043712267625,
            18.16470602490551
        ],
        [
            14.570704062066797,
            65.53662521987835
        ],
        [
            65.58196293431715,
            1.4998823598646127
        ],
        [
            69.43489408973346,
            30.921266029968486
        ],
        [
            64.15188235168745,
            6.270651711489683
        ],
        [
            89.40781127130181,
            31.159950250985247
        ],
        [
            83.58362594409883,
            53.54083127303998
        ],
        [
            52.3738086191492,
            42.45816652489805
        ]
    ],
    "distances": [
        [
            0.0,
            45.71851620065247,
            32.93004815526692,
            70.36802322414431,
            65.48279986558792,
            46.58624909586305,
            55.23988596327311,
            56.47281230954851,
            55.57933306581143,
            29.389684663160867,
            43.82613511781836,
            27.566275207174588,
            59.65983389942592,
            26.807042592232424,
            44.290969394331576,
            43.035292286179704,
            20.59564785250727,
            38.05600148754145,
            38.719078545489104,
            33.11915088549876,
            0.0
        ],
        [
            45.71851620065247,
            0.0,
            60.0273971312398,
            95.1936711648705,
            36.69723707375475,
            27.823839791042694,
            100.8479941044433,
            73.5838883200745,
            83.23617366864231,
            74.76674291188633,
            4.483578841042642,
            73.17267303547547,
            73.24119987876294,
            69.03951098548278,
            78.18960809736699,
            68.07061741436955,
            40.397904508592916,
            64.34709293095082,
            32.92614789736958,
            13.840604778304375,
            45.71851620065247
        ],
        [
            32.93004815526692,
            60.0273971312398,
            0.0,
            100.91674871734682,
            90.56716837581925,
            73.19297727841709,
            57.29092534143902,
            89.10582035320073,
            85.99949431626047,
            36.13411330319915,
            60.60987913418534,
            37.18448573636494,
            92.50288964604024,
            23.465287803062797,
            72.9366733781398,
            10.184796449889802,
            20.321090197068948,
            5.242395128664751,
            32.51132905315152,
            46.59912828704282,
            32.93004815526692
        ],
        [
            70.36802322414431,
            95.1936711648705,
            100.91674871734682,
            0.0,
            83.23329526353231,
            72.3169292106732,
            79.15634547682627,
            23.06835835436004,
            14.92344829423673,
            72.83100706792945,
            90.93719890018117,
            70.15187576451174,
            26.22758591934309,
            82.94493566738426,
            28.692198759700688,
            110.13879965178126,
            90.73827462449516,
            105.43879042716232,
            106.3816899818417,
            90.2537531264592,
            70.36802322414431
        ],
        [
            65.48279986558792,
            36.69723707375475,
            90.56716837581925,
            83.23329526353231,
            0.0,
            19.020170328722305,
            117.30273367087374,
            60.266671562335404,
            76.00929175483287,
            93.43369417160602,
            33.5133358410109,
            91.02157756413116,
            57.221618954711474,
            92.23943566524962,
            77.6194648411537,
            99.89952656713648,
            70.29857378678034,
            95.50891259320714,
            68.65996215401212,
            46.09456177541205,
            65.48279986558792
        ],
        [
            46.58624909586305,
            27.823839791042694,
            73.19297727841709,
            72.3169292106732,
            19.020170328722305,
            0.0,
            98.45287561925225,
            49.49641710816119,
            62.64340684142363,
            74.41832340540284,
            23.451206842949393,
            72.01910030717636,
            47.980133843258585,
            73.38368221275293,
            61.72909166033437,
            82.86762367714259,
            53.22300843959716,
            78.2773333944473,
            55.18034611406835,
            32.08323436617451,
            46.58624909586305
        ],
        [
            55.23988596327311,
            100.8479941044433,
            57.29092534143902,
            79.15634547682627,
            117.30273367087374,
            98.45287561925225,
            0.0,
            81.62802166626847,
            67.65712970418979,
            26.17148579957174,
            99.06590165918584,
            27.684884466837392,
            87.01375223996696,
            35.32595259096648,
            54.11248132491907,
            60.27135234043301,
            65.9428188847034,
            58.196950521494394,
            85.32657253103918,
            87.75702727552633,
            55.23988596327311
        ],
        [
            56.47281230954851,
            73.5838883200745,
            89.10582035320073,
            23.06835835436004,
            60.266671562335404,
            49.49641710816119,
            81.62802166626847,
            0.0,
            18.158217116272212,
            67.91291994163208,
            69.21083037449516,
            64.98279113995649,
            5.559358114308869,
            75.27192559817296,
            27.927882567900298,
            99.00627049653409,
            75.47344106021572,
            94.0740831740591,
            88.64747623885859,
            70.2280648090413,
            56.47281230954851
        ],
        [
            55.57933306581143,
            83.23617366864231,
            85.99949431626047,
            14.92344829423673,
            76.00929175483287,
            62.64340684142363,
            67.65712970418979,
            18.158217116272212,
            0.0,
            58.69970509482555,
            79.1491071851465,
            55.93851918088093,
            23.443823154930836,
            68.35399575074479,
            14.47226605675899,
            95.25477046854832,
            76.03547447128196,
            90.53911633501427,
            92.1507713084066,
            77.11502019634705,
            55.57933306581143
        ],
        [
            29.389684663160867,
            74.76674291188633,
            36.13411330319915,
            72.83100706792945,
            93.43369417160602,
            74.41832340540284,
            26.17148579957174,
            67.91291994163208,
            58.69970509482555,
            0.0,
            73.11954126675647,
            2.944813029405159,
            72.68480143339178,
            12.794849250719789,
            44.27792131830968,
            42.38074129120576,
            40.455306395685476,
            38.78671114909437,
            60.25248682305437,
            61.59603804179649,
            29.389684663160867
        ],
        [
            43.82613511781836,
            4.483578841042642,
            60.60987913418534,
            90.93719890018117,
            33.5133358410109,
            23.451206842949393,
            99.06590165918584,
            69.21083037449516,
            79.1491071851465,
            73.11954126675647,
            0.0,
            71.38778877397695,
            68.80437821773674,
            68.09183893161716,
            74.48198192789896,
            69.06272035543684,
            40.58593358063365,
            65.12922130924595,
            35.29598856824362,
            14.021455628726262,
            43.82613511781836
        ],
        [
            27.566275207174588,
            73.17267303547547,
            37.18448573636494,
            70.15187576451174,
            91.02157756413116,
            72.01910030717636,
            27.684884466837392,
            64.98279113995649,
            55.93851918088093,
            2.944813029405159,
            71.38778877397695,
            0.0,
            69.74499369400264,
            14.299387471264401,
            41.54589795795287,
            43.949908776320065,
            39.979117138051855,
            40.14953633664943,
            59.89884908056131,
            60.17154775811227,
            27.566275207174588
        ],
        [
            59.65983389942592,
            73.24119987876294,
            92.50288964604024,
            26.22758591934309,
            57.221618954711474,
            47.980133843258585,
            87.01375223996696,
            5.559358114308869,
            23.443823154930836,
            72.68480143339178,
            68.80437821773674,
            69.74499369400264,
            0.0,
            79.58445030295361,
            33.4543623362727,
            102.50201541984653,
            78.0469456615069,
            97.54410872025967,
            90.26358931157928,
            70.93110128737324,
            59.65983389942592
        ],
        [
            26.807042592232424,
            69.03951098548278,
            23.465287803062797,
            82.94493566738426,
            92.23943566524962,
            73.38368221275293,
            35.32595259096648,
            75.27192559817296,
            68.35399575074479,
            12.794849250719789,
            68.09183893161716,
            14.299387471264401,
            79.58445030295361,
            0.0,
            54.26550927168155,
            29.664841765132397,
            31.128363426573458,
            25.99244945333298,
            50.08272411249802,
            55.329857696065986,
            26.807042592232424
        ],
        [
            44.290969394331576,
            78.18960809736699,
            72.9366733781398,
            28.692198759700688,
            77.6194648411537,
            61.72909166033437,
            54.11248132491907,
            27.927882567900298,
            14.47226605675899,
            44.27792131830968,
            74.48198192789896,
            41.54589795795287,
            33.4543623362727,
            54.26550927168155,
            0.0,
            81.87095313877359,
            64.87143006931785,
            77.2706209143176,
            82.35501440327393,
            70.04771558809367,
            44.290969394331576
        ],
        [
            43.035292286179704,
            68.07061741436955,
            10.184796449889802,
            110.13879965178126,
            99.89952656713648,
            82.86762367714259,
            60.27135234043301,
            99.00627049653409,
            95.25477046854832,
            42.38074129120576,
            69.06272035543684,
            43.949908776320065,
            102.50201541984653,
            29.664841765132397,
            81.87095313877359,
            0.0,
            29.672595025575912,
            4.9804990391746475,
            38.04458800253828,
            55.06650737881848,
            43.035292286179704
        ],
        [
            20.59564785250727,
            40.397904508592916,
            20.321090197068948,
            90.73827462449516,
            70.29857378678034,
            53.22300843959716,
            65.9428188847034,
            75.47344106021572,
            76.03547447128196,
            40.455306395685476,
            40.58593358063365,
            39.979117138051855,
            78.0469456615069,
            31.128363426573458,
            64.87143006931785,
            29.672595025575912,
            0.0,
            25.21037483463354,
            19.974343315842713,
            26.680167632012754,
            20.59564785250727
        ],
        [
            38.05600148754145,
            64.34709293095082,
            5.242395128664751,
            105.43879042716232,
            95.50891259320714,
            78.2773333944473,
            58.196950521494394,
            94.0740831740591,
            90.53911633501427,
            38.78671114909437,
            65.12922130924595,
            40.14953633664943,
            97.54410872025967,
            25.99244945333298,
            77.2706209143176,
            4.9804990391746475,
            25.21037483463354,
            0.0,
            35.45897809273061,
            51.108341147237674,
            38.05600148754145
        ],
        [
            38.719078545489104,
            32.92614789736958,
            32.51132905315152,
            106.3816899818417,
            68.65996215401212,
            55.18034611406835,
            85.32657253103918,
            88.64747623885859,
            92.1507713084066,
            60.25248682305437,
            35.29598856824362,
            59.89884908056131,
            90.26358931157928,
            50.08272411249802,
            82.35501440327393,
            38.04458800253828,
            19.974343315842713,
            35.45897809273061,
            0.0,
            23.126283100597384,
            38.719078545489104
        ],
        [
            33.11915088549876,
            13.840604778304375,
            46.59912828704282,
            90.2537531264592,
            46.09456177541205,
            32.08323436617451,
            87.75702727552633,
            70.2280648090413,
            77.11502019634705,
            61.59603804179649,
            14.021455628726262,
            60.17154775811227,
            70.93110128737324,
            55.329857696065986,
            70.04771558809367,
            55.06650737881848,
            26.680167632012754,
            51.108341147237674,
            23.126283100597384,
            0.0,
            33.11915088549876
        ],
        [
            0.0,
            45.71851620065247,
            32.93004815526692,
            70.36802322414431,
            65.48279986558792,
            46.58624909586305,
            55.23988596327311,
            56.47281230954851,
            55.57933306581143,
            29.389684663160867,
            43.82613511781836,
            27.566275207174588,
            59.65983389942592,
            26.807042592232424,
            44.290969394331576,
            43.035292286179704,
            20.59564785250727,
            38.05600148754145,
            38.719078545489104,
            33.11915088549876,
            0.0
        ]
    ],
    "scores_ave": [
        0,
        15.25842865671375,
        18.12523229634747,
        15.783048669944273,
        15.116277119254795,
        13.059476869533222,
        11.528730661430428,
        16.192018470821736,
        17.347439915587984,
        15.531177028057389,
        10.94935821687695,
        10.806638050772259,
        16.457216712398754,
        19.087403515123775,
        10.76144783381638,
        10.491770452179965,
        13.651672454178616,
        10.811768201909706,
        17.53102741583446,
        13.795448428160029,
        0
    ],
    "scores_var": [
        0,
        371.07511156461794,
        16.02810427916499,
        306.1810155004785,
        258.0877081114753,
        22.810775902374196,
        323.2601117080966,
        342.6156078274263,
        18.079088766019634,
        17.79042990768064,
        397.21092035429785,
        269.4714431941703,
        317.7389891134619,
        234.55254414443303,
        23.839152063525773,
        23.438063873731974,
        330.71136401530805,
        21.47180372707616,
        341.24804595105513,
        18.214968010564014,
        0
    ],
    "vertex_number": 21,
    "minimum_distances": {
        "cost": 410.0828365477413,
        "path": [
            0,
            16,
            18,
            19,
            1,
            10,
            5,
            4,
            12,
            7,
            3,
            8,
            14,
            6,
            9,
            11,
            13,
            15,
            17,
            2,
            20
        ]
    }
}