{
    "vertices": [
        [
            74.97780135933387,
            1.1332794537479152
        ],
        [
            36.0079307346449,
            29.06733104003991
        ],
        [
            14.581142204356167,
            45.09504147198835
        ],
        [
            1.1349934024304398,
            12.678222394961436
        ],
        [
            98.36866831501935,
            45.532655977114125
        ],
        [
            66.5933988768074,
            2.3100388962196017
        ],
        [
            29.038827053631433,
            70.95033695613884
        ],
        [
            23.053697873705016,
            35.41281886731041
        ],
        [
            46.83834482416474,
            23.70576286970397
        ],
        [
            31.9933329417904,
            71.82543042381505
        ],
        [
            14.646604061926293,
            62.26890223981104
        ],
        [
            76.49381465481672,
            4.800752068297543
        ],
        [
            9.89000863956726,
            34.83541473748165
        ],
        [
            98.74658451296122,
            67.13618435861612
        ],
        [
            82.78980962706119,
            93.59239071480782
        ],
        [
            95.9068736451865,
            1.8655265852450142
        ],
        [
            89.6122107102429,
            8.132306912664166
        ],
        [
            29.060939152940534,
            69.00154762224838
        ],
        [
            65.0471310472008,
            45.90523702812641
        ],
        [
            16.090634197025487,
            71.3215220252848
        ],
        [
            90.86180587645443,
            97.8521160997758
        ],
        [
            36.23386095660661,
            23.88378009194093
        ],
        [
            45.42828528452419,
            89.63937550051256
        ],
        [
            54.852046486359164,
            61.52003473626683
        ],
        [
            74.97780135933387,
            1.1332794537479152
        ]
    ],
    "distances": [
        [
            0.0,
            47.94749268241895,
            74.70202779597726,
            74.73985546196886,
            50.184034240007264,
            8.466579461296178,
            83.57518099622727,
            62.218962906756,
            36.07417388739877,
            82.73478551319,
            85.89189566413422,
            3.9684570919379047,
            73.29566620076793,
            70.15225234078542,
            92.78854847641541,
            20.941877962781422,
            16.22197036184685,
            81.94180898096164,
            45.86007411562075,
            91.61925480859662,
            98.01446302286685,
            44.9297028391965,
            93.30864342436108,
            63.65222873362637,
            0.0
        ],
        [
            47.94749268241895,
            0.0,
            26.758078563531086,
            38.532124783831264,
            64.49781792318065,
            40.637710864971034,
            42.458857623406374,
            14.42488699371655,
            12.084878261514651,
            42.946153009916785,
            39.479749332437144,
            47.201415781620746,
            26.747273582652085,
            73.38512295354363,
            79.69960802122594,
            65.78618036789506,
            57.54732024096432,
            40.53396533860221,
            33.56769626972316,
            46.713117613632015,
            87.97894221793813,
            5.188472308563813,
            61.300209216338786,
            37.52703926049997,
            47.94749268241895
        ],
        [
            74.70202779597726,
            26.758078563531086,
            0.0,
            35.09485826550985,
            83.78866891292736,
            67.34858045697389,
            29.622980197368666,
            12.865832042147597,
            38.704371329108625,
            31.901380531142053,
            17.17398552833197,
            73.87021570637523,
            11.28125324838042,
            87.00364164074897,
            83.69238433191626,
            92.10138734964431,
            83.64152669122036,
            27.949696885380597,
            50.47249198053634,
            26.269884816808197,
            92.7472294655625,
            30.311018437141787,
            54.18250575834508,
            43.49167892162638,
            74.70202779597726
        ],
        [
            74.73985546196886,
            38.532124783831264,
            35.09485826550985,
            0.0,
            102.63430880076655,
            66.2744451226227,
            64.60853866065135,
            31.579922141443202,
            47.014922951129336,
            66.71303723212512,
            51.39843528832541,
            75.7694297147377,
            23.824178145445735,
            111.77518660402367,
            114.95482437710325,
            95.38670596797415,
            88.59392377644225,
            62.86632970612465,
            72.03329674363539,
            60.52030884842575,
            123.71537109667368,
            36.844199365516644,
            88.7970427046331,
            72.60195882209314,
            74.73985546196886
        ],
        [
            50.184034240007264,
            64.49781792318065,
            83.78866891292736,
            102.63430880076655,
            0.0,
            53.64571161978002,
            73.84230085581517,
            75.9918145309415,
            55.96237576974758,
            71.3932429156549,
            85.37848664484912,
            46.23415640727479,
            89.12297228045846,
            21.60683362232951,
            50.52166803537717,
            43.736467876620495,
            38.41173856943929,
            73.17342548121636,
            33.3236201894421,
            86.22494134745614,
            52.855263609202844,
            65.79823791378227,
            68.90636300466943,
            46.36046435236851,
            50.184034240007264
        ],
        [
            8.466579461296178,
            40.637710864971034,
            67.34858045697389,
            66.2744451226227,
            53.64571161978002,
            0.0,
            78.24216499162479,
            54.6946030724605,
            29.121112014694198,
            77.65020426207786,
            79.33180185143176,
            10.208912022493797,
            65.36952300584802,
            72.3619822977837,
            92.70809821543884,
            29.316844888067436,
            23.74372555178365,
            76.52739946631965,
            43.62261161784203,
            85.5167471550145,
            98.57608277199297,
            37.2441653404674,
            89.85752648009044,
            60.362927060697565,
            8.466579461296178
        ],
        [
            83.57518099622727,
            42.458857623406374,
            29.622980197368666,
            64.60853866065135,
            73.84230085581517,
            78.24216499162479,
            0.0,
            36.03799332946015,
            50.48636066773049,
            3.0813785259743036,
            16.807837201044862,
            81.41095398693207,
            40.87743697340211,
            69.81202768897303,
            58.32521518194001,
            96.14596548453157,
            87.26534080695458,
            1.9489147782345635,
            43.86177136068985,
            12.953512134066889,
            67.42244753507723,
            47.61333098950059,
            24.85748383918342,
            27.481864882869132,
            83.57518099622727
        ],
        [
            62.218962906756,
            14.42488699371655,
            12.865832042147597,
            31.579922141443202,
            75.9918145309415,
            54.6946030724605,
            36.03799332946015,
            0.0,
            26.50970748026289,
            37.493937583500575,
            28.141223151646283,
            61.58688752718457,
            13.17634660222998,
            82.07182833273703,
            83.38624363627115,
            80.20602246370719,
            71.9323429586384,
            34.12168880872909,
            43.28439982901782,
            36.57757808074523,
            92.17703265888248,
            17.51100893654775,
            58.66124449837616,
            41.14269916911351,
            62.218962906756
        ],
        [
            36.07417388739877,
            12.084878261514651,
            38.704371329108625,
            47.014922951129336,
            55.96237576974758,
            29.121112014694198,
            50.48636066773049,
            26.50970748026289,
            0.0,
            50.35748984318028,
            50.233692790610824,
            35.16882602928342,
            38.58819375803903,
            67.68062395024226,
            78.591657146506,
            53.709556334235714,
            45.520722020702394,
            48.659472549012584,
            28.711958286168734,
            56.68052777429452,
            86.23077652637166,
            10.60597794777613,
            65.94868870913851,
            38.65408867285562,
            36.07417388739877
        ],
        [
            82.73478551319,
            42.946153009916785,
            31.901380531142053,
            66.71303723212512,
            71.3932429156549,
            77.65020426207786,
            3.0813785259743036,
            37.493937583500575,
            50.35748984318028,
            0.0,
            19.804954778114855,
            80.4524728106723,
            43.09081347206663,
            66.91775268181085,
            55.26375488461597,
            94.75932054603723,
            85.88800299170188,
            4.071025351170056,
            42.00488060765241,
            15.910680407853613,
            64.36525050782085,
            48.1288262311489,
            22.312207054595106,
            25.074328808356743,
            82.73478551319
        ],
        [
            85.89189566413422,
            39.479749332437144,
            17.17398552833197,
            51.39843528832541,
            85.37848664484912,
            79.33180185143176,
            16.807837201044862,
            28.141223151646283,
            50.233692790610824,
            19.804954778114855,
            0.0,
            84.42550409832899,
            27.84279864798921,
            84.24070955950275,
            74.99771593145678,
            101.25116889799713,
            92.46952543278998,
            15.909166224592015,
            52.99040157946986,
            9.167068670596162,
            84.11255611520339,
            44.03892894410389,
            41.19046862326785,
            40.212416031398206,
            85.89189566413422
        ],
        [
            3.9684570919379047,
            47.201415781620746,
            73.87021570637523,
            75.7694297147377,
            46.23415640727479,
            10.208912022493797,
            81.41095398693207,
            61.58688752718457,
            35.16882602928342,
            80.4524728106723,
            84.42550409832899,
            0.0,
            73.06263023850607,
            66.18830625707562,
            89.01457547066651,
            19.633705916100958,
            13.534828138844029,
            79.82242684945554,
            42.6685510584278,
            89.85297460344266,
            94.15410516734649,
            44.55362869995193,
            90.34743571861733,
            60.70785085823961,
            3.9684570919379047
        ],
        [
            73.29566620076793,
            26.747273582652085,
            11.28125324838042,
            23.824178145445735,
            89.12297228045846,
            65.36952300584802,
            40.87743697340211,
            13.17634660222998,
            38.58819375803903,
            43.09081347206663,
            27.84279864798921,
            73.06263023850607,
            0.0,
            94.54539012591688,
            93.6309949216407,
            92.11902404045496,
            84.07547484553072,
            39.17715167094368,
            56.25699172402597,
            37.00923914809499,
            102.60378452258053,
            28.529578621342928,
            65.31801606149197,
            52.28435513436035,
            73.29566620076793
        ],
        [
            70.15225234078542,
            73.38512295354363,
            87.00364164074897,
            111.77518660402367,
            21.60683362232951,
            72.3619822977837,
            69.81202768897303,
            82.07182833273703,
            67.68062395024226,
            66.91775268181085,
            84.24070955950275,
            66.18830625707562,
            94.54539012591688,
            0.0,
            30.895784818008558,
            65.33240179253391,
            59.706736122691424,
            69.71060715090553,
            39.82971614813467,
            82.76184612497762,
            31.711799016679812,
            76.01717622538418,
            57.87257246901916,
            44.25236270697224,
            70.15225234078542
        ],
        [
            92.78854847641541,
            79.69960802122594,
            83.69238433191626,
            114.95482437710325,
            50.52166803537717,
            92.70809821543884,
            58.32521518194001,
            83.38624363627115,
            78.591657146506,
            55.26375488461597,
            74.99771593145678,
            89.01457547066651,
            93.6309949216407,
            30.895784818008558,
            0.0,
            92.65999660856284,
            85.73197233243393,
            59.088925243464296,
            50.88091262866075,
            70.31906992582206,
            9.127013958878287,
            83.82569266982809,
            37.5700656172229,
            42.534158359137926,
            92.78854847641541
        ],
        [
            20.941877962781422,
            65.78618036789506,
            92.10138734964431,
            95.38670596797415,
            43.736467876620495,
            29.316844888067436,
            96.14596548453157,
            80.20602246370719,
            53.709556334235714,
            94.75932054603723,
            101.25116889799713,
            19.633705916100958,
            92.11902404045496,
            65.33240179253391,
            92.65999660856284,
            0.0,
            8.882303594039122,
            94.73977136779777,
            53.775643270041584,
            105.80532775911146,
            96.11908278496071,
            63.60559669413174,
            101.25382183545173,
            72.4165669980393,
            20.941877962781422
        ],
        [
            16.22197036184685,
            57.54732024096432,
            83.64152669122036,
            88.59392377644225,
            38.41173856943929,
            23.74372555178365,
            87.26534080695458,
            71.9323429586384,
            45.520722020702394,
            85.88800299170188,
            92.46952543278998,
            13.534828138844029,
            84.07547484553072,
            59.706736122691424,
            85.73197233243393,
            8.882303594039122,
            0.0,
            85.85756199524582,
            45.05815562536042,
            96.94482513026638,
            89.72851079033431,
            55.653904892100776,
            92.71257463693743,
            63.70650280025144,
            16.22197036184685
        ],
        [
            81.94180898096164,
            40.53396533860221,
            27.949696885380597,
            62.86632970612465,
            73.17342548121636,
            76.52739946631965,
            1.9489147782345635,
            34.12168880872909,
            48.659472549012584,
            4.071025351170056,
            15.909166224592015,
            79.82242684945554,
            39.17715167094368,
            69.71060715090553,
            59.088925243464296,
            94.73977136779777,
            85.85756199524582,
            0.0,
            42.76032705804148,
            13.176156187605649,
            68.20339015953698,
            45.68439289429568,
            26.34027256738101,
            26.85431534310693,
            81.94180898096164
        ],
        [
            45.86007411562075,
            33.56769626972316,
            50.47249198053634,
            72.03329674363539,
            33.3236201894421,
            43.62261161784203,
            43.86177136068985,
            43.28439982901782,
            28.711958286168734,
            42.00488060765241,
            52.99040157946986,
            42.6685510584278,
            56.25699172402597,
            39.82971614813467,
            50.88091262866075,
            53.775643270041584,
            45.05815562536042,
            42.76032705804148,
            0.0,
            55.160911222513406,
            58.007548490042794,
            36.26498447408741,
            47.93301552147059,
            18.648368740156844,
            45.86007411562075
        ],
        [
            91.61925480859662,
            46.713117613632015,
            26.269884816808197,
            60.52030884842575,
            86.22494134745614,
            85.5167471550145,
            12.953512134066889,
            36.57757808074523,
            56.68052777429452,
            15.910680407853613,
            9.167068670596162,
            89.85297460344266,
            37.00923914809499,
            82.76184612497762,
            70.31906992582206,
            105.80532775911146,
            96.94482513026638,
            13.176156187605649,
            55.160911222513406,
            0.0,
            79.3385186164958,
            51.53725782404839,
            34.586724725994614,
            39.98144864484639,
            91.61925480859662
        ],
        [
            98.01446302286685,
            87.97894221793813,
            92.7472294655625,
            123.71537109667368,
            52.855263609202844,
            98.57608277199297,
            67.42244753507723,
            92.17703265888248,
            86.23077652637166,
            64.36525050782085,
            84.11255611520339,
            94.15410516734649,
            102.60378452258053,
            31.711799016679812,
            9.127013958878287,
            96.11908278496071,
            89.72851079033431,
            68.20339015953698,
            58.007548490042794,
            79.3385186164958,
            0.0,
            91.95394008923101,
            46.16983757311839,
            51.15391390242969,
            98.01446302286685
        ],
        [
            44.9297028391965,
            5.188472308563813,
            30.311018437141787,
            36.844199365516644,
            65.79823791378227,
            37.2441653404674,
            47.61333098950059,
            17.51100893654775,
            10.60597794777613,
            48.1288262311489,
            44.03892894410389,
            44.55362869995193,
            28.529578621342928,
            76.01717622538418,
            83.82569266982809,
            63.60559669413174,
            55.653904892100776,
            45.68439289429568,
            36.26498447408741,
            51.53725782404839,
            91.95394008923101,
            0.0,
            66.39529927831916,
            41.98957604064169,
            44.9297028391965
        ],
        [
            93.30864342436108,
            61.300209216338786,
            54.18250575834508,
            88.7970427046331,
            68.90636300466943,
            89.85752648009044,
            24.85748383918342,
            58.66124449837616,
            65.94868870913851,
            22.312207054595106,
            41.19046862326785,
            90.34743571861733,
            65.31801606149197,
            57.87257246901916,
            37.5700656172229,
            101.25382183545173,
            92.71257463693743,
            26.34027256738101,
            47.93301552147059,
            34.586724725994614,
            46.16983757311839,
            66.39529927831916,
            0.0,
            29.656442811048354,
            93.30864342436108
        ],
        [
            63.65222873362637,
            37.52703926049997,
            43.49167892162638,
            72.60195882209314,
            46.36046435236851,
            60.362927060697565,
            27.481864882869132,
            41.14269916911351,
            38.65408867285562,
            25.074328808356743,
            40.212416031398206,
            60.70785085823961,
            52.28435513436035,
            44.25236270697224,
            42.534158359137926,
            72.4165669980393,
            63.70650280025144,
            26.85431534310693,
            18.648368740156844,
            39.98144864484639,
            51.15391390242969,
            41.98957604064169,
            29.656442811048354,
            0.0,
            63.65222873362637
        ],
        [
            0.0,
            47.94749268241895,
            74.70202779597726,
            74.73985546196886,
            50.184034240007264,
            8.466579461296178,
            83.57518099622727,
            62.218962906756,
            36.07417388739877,
            82.73478551319,
            85.89189566413422,
            3.9684570919379047,
            73.29566620076793,
            70.15225234078542,
            92.78854847641541,
            20.941877962781422,
            16.22197036184685,
            81.94180898096164,
            45.86007411562075,
            91.61925480859662,
            98.01446302286685,
            44.9297028391965,
            93.30864342436108,
            63.65222873362637,
            0.0
        ]
    ],
    "scores_ave": [
        0,
        13.736476987045691,
        16.930419718917747,
        19.629247383015006,
        11.102249842187598,
        12.631289185722501,
        19.423681817665695,
        13.240070240978657,
        12.817664499099713,
        14.423357589287319,
        13.41911186046315,
        14.926442415101308,
        14.783943235811984,
        12.865194005892496,
        18.6810831212507,
        19.891902866359615,
        11.340026995193456,
        15.684149198041073,
        11.236030652452278,
        11.816536768481987,
        17.919151536463502,
        11.310229151867372,
        16.42701737073267,
        10.564402818778422,
        0
    ],
    "scores_var": [
        0,
        382.90388790666805,
        387.99276371586296,
        239.99116711696635,
        23.661038538535237,
        16.511040132309624,
        20.47143350773215,
        21.33035979182928,
        17.590532417423645,
        23.14857298372522,
        22.526905633566738,
        276.81847502505946,
        19.744296330825904,
        387.27616941097233,
        16.283123283766745,
        376.0524122122815,
        320.67499178093954,
        20.27159049757297,
        244.4628702315444,
        22.404341441885542,
        23.79404888139985,
        19.587171025495184,
        19.500912817891027,
        385.4394023336836,
        0
    ],
    "vertex_number": 25,
    "minimum_distances": {
        "cost": 433.10552048584907,
        "path": [
            0,
            11,
            16,
            15,
            4,
            13,
            20,
            14,
            18,
            23,
            22,
            9,
            6,
            17,
            19,
            10,
            2,
            12,
            3,
            7,
            1,
            21,
            8,
            5,
            24
        ]
    }
}