{
    "vertices": [
        [
            49.908008545314544,
            93.7967057621721
        ],
        [
            0.31673153190149295,
            25.76650310655142
        ],
        [
            82.87957684427504,
            44.483528535162165
        ],
        [
            94.86584545090622,
            69.6392397078785
        ],
        [
            73.36373942975509,
            11.185068488929184
        ],
        [
            58.55345850216466,
            71.13451474425648
        ],
        [
            56.85896817010653,
            48.896529633151346
        ],
        [
            60.919216654960294,
            51.742346797636344
        ],
        [
            2.941473095603153,
            56.790446505652625
        ],
        [
            46.13433119237571,
            89.74327318154151
        ],
        [
            60.52865532430932,
            40.29295366818222
        ],
        [
            14.86887305002076,
            8.883168585612566
        ],
        [
            58.20577717595571,
            22.120699736092874
        ],
        [
            68.06070434744683,
            82.45459865271894
        ],
        [
            99.53375321850488,
            0.4930956077538462
        ],
        [
            91.82262387858445,
            40.96534064082472
        ],
        [
            45.29694039147273,
            0.2246430222411222
        ],
        [
            63.483597470242046,
            56.59505620295013
        ],
        [
            98.35199426061072,
            39.49336199858172
        ],
        [
            19.70953701488558,
            33.80869777516035
        ],
        [
            38.24381361012773,
            61.4189228751296
        ],
        [
            4.448427863576376,
            27.53962112781261
        ],
        [
            87.43553663017207,
            47.515699154417156
        ],
        [
            49.908008545314544,
            93.7967057621721
        ]
    ],
    "distances": [
        [
            0.0,
            84.18671646516384,
            59.320432941065995,
            51.03714593699503,
            85.87696969670714,
            24.25528203688621,
            45.43502675384458,
            43.47201182314843,
            59.79396856129998,
            5.538136550302904,
            54.54768213351781,
            91.85885810357384,
            72.15471435809442,
            21.404760184759343,
            105.6800747644339,
            67.43877311399656,
            93.6856065515133,
            39.601254330965,
            72.77137415145113,
            67.16032150774677,
            34.41473911228297,
            80.35281413867307,
            59.5839486505118,
            0.0
        ],
        [
            84.18671646516384,
            0.0,
            84.65784350531369,
            104.23220212467142,
            74.4881440118968,
            73.82257681880198,
            61.09028278844347,
            65.93485920629723,
            31.134776895087242,
            78.6910385487168,
            61.939434391203726,
            22.28927561203585,
            58.00373684337448,
            88.33338004109638,
            102.38536281598168,
            92.75954396479085,
            51.726258376352085,
            70.28835350532663,
            98.99161274233668,
            20.99423253154684,
            52.05342054393173,
            4.496094093154288,
            89.79261512217445,
            84.18671646516384
        ],
        [
            59.320432941065995,
            84.65784350531369,
            0.0,
            27.86539861038126,
            34.63146839436861,
            36.08372347072422,
            26.392170325023802,
            23.128939928411516,
            80.87991506465502,
            58.29800651372129,
            22.740374018635457,
            76.76484520356495,
            33.300037567078476,
            40.76028885998804,
            47.037429562474664,
            9.610189192608695,
            58.062927153127205,
            22.86685632800247,
            16.25722801612056,
            64.0656377772151,
            47.74053771110101,
            80.24052049096755,
            5.472734986730503,
            59.320432941065995
        ],
        [
            51.03714593699503,
            104.23220212467142,
            27.86539861038126,
            0.0,
            62.283470489681825,
            36.34316020036716,
            43.29876143588816,
            38.3754137756249,
            92.81800320880627,
            52.715582552405934,
            45.16909485603776,
            100.45305257443333,
            60.01643314105081,
            29.711092448132398,
            69.30352521222865,
            28.83493862046237,
            85.29632220571312,
            33.98523520045354,
            30.346781977456533,
            83.26042537077589,
            57.215628097652726,
            99.73809346357396,
            23.337963402836344,
            51.03714593699503
        ],
        [
            85.87696969670714,
            74.4881440118968,
            34.63146839436861,
            62.283470489681825,
            0.0,
            61.75176537941668,
            41.16505527708543,
            42.423566220938035,
            83.89961918677861,
            83.1434435026854,
            31.812078894697297,
            58.540141236145494,
            18.69095638167158,
            71.46655239237114,
            28.26991166939054,
            35.03705216675911,
            30.130982968800595,
            46.47240244841731,
            37.75940096082585,
            58.228876331736,
            61.29314248812925,
            70.82931286043579,
            38.96062372449597,
            85.87696969670714
        ],
        [
            24.25528203688621,
            73.82257681880198,
            36.08372347072422,
            36.34316020036716,
            61.75176537941668,
            0.0,
            22.302450073639264,
            19.535940962939062,
            57.43209220020923,
            22.372318022814994,
            30.904745462395077,
            76.04980673669705,
            49.01504813788392,
            14.782828662244109,
            81.66758630360728,
            44.911206072947394,
            72.1383752246457,
            15.352593426484047,
            50.84374096770842,
            53.87083486377732,
            22.513871302112527,
            69.48286903857407,
            37.3098229272019,
            24.25528203688621
        ],
        [
            45.43502675384458,
            61.09028278844347,
            26.392170325023802,
            43.29876143588816,
            41.16505527708543,
            22.302450073639264,
            0.0,
            4.95825504511766,
            54.492294856236846,
            42.23120051350737,
            9.353508603444773,
            58.002044364957904,
            26.809680363153284,
            35.378282741094104,
            64.52929338198282,
            35.85193131942802,
            50.02632339697973,
            10.156427753403845,
            42.54516160165665,
            40.09642010618291,
            22.435113367189437,
            56.594896202112004,
            30.6077315658001,
            45.43502675384458
        ],
        [
            43.47201182314843,
            65.93485920629723,
            23.128939928411516,
            38.3754137756249,
            42.423566220938035,
            19.535940962939062,
            4.95825504511766,
            0.0,
            58.197096653498555,
            40.775767855145595,
            11.456052600516076,
            62.90900812398022,
            29.745667389468128,
            31.531623181687955,
            64.16828018219745,
            32.72864860841494,
            53.834276422573915,
            5.488609800141198,
            39.385917126322646,
            44.9427798795195,
            24.653803516478277,
            61.438765584684695,
            26.85106655847669,
            43.47201182314843
        ],
        [
            59.79396856129998,
            31.134776895087242,
            80.87991506465502,
            92.81800320880627,
            83.89961918677861,
            57.43209220020923,
            54.492294856236846,
            58.197096653498555,
            0.0,
            54.32781770418452,
            59.90367957784061,
            49.369729059218045,
            65.2390576767558,
            69.99402106079391,
            111.80098522581213,
            90.27897285713915,
            70.66594465211236,
            60.54243966974436,
            96.96575004311114,
            28.44870370179676,
            35.60446656398956,
            29.289617579572575,
            85.00157475607742,
            59.79396856129998
        ],
        [
            5.538136550302904,
            78.6910385487168,
            58.29800651372129,
            52.715582552405934,
            83.1434435026854,
            22.372318022814994,
            42.23120051350737,
            40.775767855145595,
            54.32781770418452,
            0.0,
            51.50272485207447,
            86.6942061969306,
            68.69157333705193,
            23.106073143711164,
            104.00525212544451,
            66.83342570546114,
            89.522546707246,
            37.41391892384549,
            72.46887545838601,
            61.862318686053605,
            29.402875505570893,
            74.87996304192046,
            59.06739861235914,
            5.538136550302904
        ],
        [
            54.54768213351781,
            61.939434391203726,
            22.740374018635457,
            45.16909485603776,
            31.812078894697297,
            30.904745462395077,
            9.353508603444773,
            11.456052600516076,
            59.90367957784061,
            51.50272485207447,
            0.0,
            55.42012555262439,
            18.320113969744714,
            42.829149773128314,
            55.72635250369456,
            31.30119122520643,
            42.865774900435824,
            16.567746682632972,
            37.83178974260177,
            41.330932653944814,
            30.70701459209307,
            57.51208049560367,
            27.859438507742993,
            54.54768213351781
        ],
        [
            91.85885810357384,
            22.28927561203585,
            76.76484520356495,
            100.45305257443333,
            58.540141236145494,
            76.04980673669705,
            58.002044364957904,
            62.90900812398022,
            49.369729059218045,
            86.6942061969306,
            55.42012555262439,
            0.0,
            45.313568499737634,
            90.78615664787753,
            85.07958191315689,
            83.37353015414966,
            31.636013450931088,
            68.11619227807373,
            88.91802667536788,
            25.39121960441718,
            57.50124629046784,
            21.36934485058104,
            82.20944642378075,
            91.85885810357384
        ],
        [
            72.15471435809442,
            58.00373684337448,
            33.300037567078476,
            60.01643314105081,
            18.69095638167158,
            49.01504813788392,
            26.809680363153284,
            29.745667389468128,
            65.2390576767558,
            68.69157333705193,
            18.320113969744714,
            45.313568499737634,
            0.0,
            61.1334519558404,
            46.64498755606722,
            38.53845966117916,
            25.41801264349031,
            34.87601813370792,
            43.74389260565125,
            40.231452928026776,
            44.07754906172717,
            54.0297817332516,
            38.72059959773404,
            72.15471435809442
        ],
        [
            21.404760184759343,
            88.33338004109638,
            40.76028885998804,
            29.711092448132398,
            71.46655239237114,
            14.782828662244109,
            35.378282741094104,
            31.531623181687955,
            69.99402106079391,
            23.106073143711164,
            42.829149773128314,
            90.78615664787753,
            61.1334519558404,
            0.0,
            87.79658755686255,
            47.81200006464683,
            85.32264970354387,
            26.26148973452859,
            52.56643510317328,
            68.58760131839131,
            36.490363504096315,
            84.03675669622993,
            39.95135572338146,
            21.404760184759343
        ],
        [
            105.6800747644339,
            102.38536281598168,
            47.037429562474664,
            69.30352521222865,
            28.26991166939054,
            81.66758630360728,
            64.52929338198282,
            64.16828018219745,
            111.80098522581213,
            104.00525212544451,
            55.72635250369456,
            85.07958191315689,
            46.64498755606722,
            87.79658755686255,
            0.0,
            41.20029288383654,
            54.237477194511804,
            66.68615832464009,
            39.01816670206458,
            86.49760019965328,
            86.4199810542251,
            98.85713752966853,
            48.554012078559325,
            105.6800747644339
        ],
        [
            67.43877311399656,
            92.75954396479085,
            9.610189192608695,
            28.83493862046237,
            35.03705216675911,
            44.911206072947394,
            35.85193131942802,
            32.72864860841494,
            90.27897285713915,
            66.83342570546114,
            31.30119122520643,
            83.37353015414966,
            38.53845966117916,
            47.81200006464683,
            41.20029288383654,
            0.0,
            61.84208653006271,
            32.36338094707773,
            6.693235294601666,
            72.46733632553388,
            57.350134576989056,
            88.3996610497525,
            7.88376377003874,
            67.43877311399656
        ],
        [
            93.6856065515133,
            51.726258376352085,
            58.062927153127205,
            85.29632220571312,
            30.130982968800595,
            72.1383752246457,
            50.02632339697973,
            53.834276422573915,
            70.66594465211236,
            89.522546707246,
            42.865774900435824,
            31.636013450931088,
            25.41801264349031,
            85.32264970354387,
            54.237477194511804,
            61.84208653006271,
            0.0,
            59.23156234529528,
            66.00659839061507,
            42.22089465185762,
            61.59940327720195,
            49.13968869101182,
            63.34118157300785,
            93.6856065515133
        ],
        [
            39.601254330965,
            70.28835350532663,
            22.86685632800247,
            33.98523520045354,
            46.47240244841731,
            15.352593426484047,
            10.156427753403845,
            5.488609800141198,
            60.54243966974436,
            37.41391892384549,
            16.567746682632972,
            68.11619227807373,
            34.87601813370792,
            26.26148973452859,
            66.68615832464009,
            32.36338094707773,
            59.23156234529528,
            0.0,
            38.8364910797863,
            49.34963524838769,
            25.696621937061124,
            65.79794493670235,
            25.615036871645035,
            39.601254330965
        ],
        [
            72.77137415145113,
            98.99161274233668,
            16.25722801612056,
            30.346781977456533,
            37.75940096082585,
            50.84374096770842,
            42.54516160165665,
            39.385917126322646,
            96.96575004311114,
            72.46887545838601,
            37.83178974260177,
            88.91802667536788,
            43.74389260565125,
            52.56643510317328,
            39.01816670206458,
            6.693235294601666,
            66.00659839061507,
            38.8364910797863,
            0.0,
            78.84764732684643,
            63.982213160083056,
            94.66135274169568,
            13.547211544781465,
            72.77137415145113
        ],
        [
            67.16032150774677,
            20.99423253154684,
            64.0656377772151,
            83.26042537077589,
            58.228876331736,
            53.87083486377732,
            40.09642010618291,
            44.9427798795195,
            28.44870370179676,
            61.862318686053605,
            41.330932653944814,
            25.39121960441718,
            40.231452928026776,
            68.58760131839131,
            86.49760019965328,
            72.46733632553388,
            42.22089465185762,
            49.34963524838769,
            78.84764732684643,
            0.0,
            33.254231895804075,
            16.498568863343703,
            69.09915274951447,
            67.16032150774677
        ],
        [
            34.41473911228297,
            52.05342054393173,
            47.74053771110101,
            57.215628097652726,
            61.29314248812925,
            22.513871302112527,
            22.435113367189437,
            24.653803516478277,
            35.60446656398956,
            29.402875505570893,
            30.70701459209307,
            57.50124629046784,
            44.07754906172717,
            36.490363504096315,
            86.4199810542251,
            57.350134576989056,
            61.59940327720195,
            25.696621937061124,
            63.982213160083056,
            33.254231895804075,
            0.0,
            47.853267230607806,
            51.118736716677,
            34.41473911228297
        ],
        [
            80.35281413867307,
            4.496094093154288,
            80.24052049096755,
            99.73809346357396,
            70.82931286043579,
            69.48286903857407,
            56.594896202112004,
            61.438765584684695,
            29.289617579572575,
            74.87996304192046,
            57.51208049560367,
            21.36934485058104,
            54.0297817332516,
            84.03675669622993,
            98.85713752966853,
            88.3996610497525,
            49.13968869101182,
            65.79794493670235,
            94.66135274169568,
            16.498568863343703,
            47.853267230607806,
            0.0,
            85.35750649335873,
            80.35281413867307
        ],
        [
            59.5839486505118,
            89.79261512217445,
            5.472734986730503,
            23.337963402836344,
            38.96062372449597,
            37.3098229272019,
            30.6077315658001,
            26.85106655847669,
            85.00157475607742,
            59.06739861235914,
            27.859438507742993,
            82.20944642378075,
            38.72059959773404,
            39.95135572338146,
            48.554012078559325,
            7.88376377003874,
            63.34118157300785,
            25.615036871645035,
            13.547211544781465,
            69.09915274951447,
            51.118736716677,
            85.35750649335873,
            0.0,
            59.5839486505118
        ],
        [
            0.0,
            84.18671646516384,
            59.320432941065995,
            51.03714593699503,
            85.87696969670714,
            24.25528203688621,
            45.43502675384458,
            43.47201182314843,
            59.79396856129998,
            5.538136550302904,
            54.54768213351781,
            91.85885810357384,
            72.15471435809442,
            21.404760184759343,
            105.6800747644339,
            67.43877311399656,
            93.6856065515133,
            39.601254330965,
            72.77137415145113,
            67.16032150774677,
            34.41473911228297,
            80.35281413867307,
            59.5839486505118,
            0.0
        ]
    ],
    "scores_ave": [
        0,
        17.782278740295702,
        10.541069497998732,
        11.761358570725587,
        18.89647796779959,
        11.296816357635524,
        13.217608657122835,
        15.568813675070803,
        18.561790514104114,
        18.577634579983545,
        11.454295332918523,
        12.797082683997427,
        19.168094093420745,
        10.027313243140686,
        19.3156439392086,
        19.04560791088905,
        15.466490681390358,
        14.494071994806854,
        19.330792860695382,
        12.238361277943302,
        19.127227732282684,
        17.856973722227973,
        17.683536450261986,
        0
    ],
    "scores_var": [
        0,
        16.644834619511137,
        303.6317535813121,
        21.662875508375983,
        254.47359950280074,
        18.409461824867346,
        356.08127973624005,
        330.1567250934801,
        230.8690589990931,
        21.687001845409032,
        269.9265408576145,
        16.42463664636446,
        329.9182586047497,
        16.37312634693494,
        16.593719788752395,
        19.13369333563164,
        376.7682880773511,
        369.66049200814564,
        20.48237904794383,
        278.5044906907391,
        18.050037322111574,
        333.4045560052231,
        20.12010402316467,
        0
    ],
    "vertex_number": 24,
    "minimum_distances": {
        "cost": 463.9698854708385,
        "path": [
            0,
            9,
            5,
            20,
            8,
            19,
            21,
            1,
            11,
            16,
            12,
            6,
            7,
            17,
            10,
            4,
            14,
            18,
            15,
            2,
            22,
            3,
            13,
            23
        ]
    }
}