{
    "vertices": [
        [
            32.06172381408905,
            30.191226642029356
        ],
        [
            87.49323733125087,
            21.79238345286525
        ],
        [
            70.48943433088445,
            44.00329409627057
        ],
        [
            80.29443791588444,
            26.14293750124075
        ],
        [
            54.92800966967445,
            8.55564835806949
        ],
        [
            64.14815291942786,
            76.35665243342011
        ],
        [
            60.557558753177624,
            22.12917929131667
        ],
        [
            30.243847731097684,
            61.836898976693554
        ],
        [
            30.66135823200724,
            76.543905425063
        ],
        [
            83.56819873849491,
            53.69964626646021
        ],
        [
            73.07391357627472,
            45.95242672896318
        ],
        [
            20.28083868369295,
            55.85956087268541
        ],
        [
            92.53630908354016,
            41.748095994781075
        ],
        [
            69.402057985419,
            65.02085281178438
        ],
        [
            75.34625906485326,
            82.73937090914816
        ],
        [
            78.20033738331588,
            90.4787922296077
        ],
        [
            20.53373755853839,
            67.42262784957734
        ],
        [
            35.57310027921613,
            0.7700367627147431
        ],
        [
            32.06172381408905,
            30.191226642029356
        ]
    ],
    "distances": [
        [
            0.0,
            56.064188727916694,
            40.83457043882227,
            48.40230732716116,
            31.479600958568405,
            56.22086330920524,
            29.614341396710387,
            31.697843001788673,
            46.373827253382665,
            56.61768939454149,
            43.936489815071596,
            28.242744849469872,
            61.56895884086952,
            51.062739988679375,
            68.07979478371377,
            75.91681122496522,
            38.97527040298207,
            29.629987826432416,
            0.0
        ],
        [
            56.064188727916694,
            0.0,
            27.972376875850323,
            8.411303915001312,
            35.152598888561556,
            59.34856708950505,
            26.937784094057776,
            69.86455348120572,
            78.91509133380698,
            32.147773612031735,
            28.135823937708746,
            75.35302986152415,
            20.58307644047203,
            46.86140558325223,
            62.1456704928078,
            69.31219762847007,
            81.0289689772464,
            56.014638192734516,
            56.064188727916694
        ],
        [
            40.83457043882227,
            27.972376875850323,
            0.0,
            20.374749888121034,
            38.7129632793399,
            32.968949719869585,
            24.023302249927106,
            44.01982171467738,
            51.431187341820994,
            16.281072564119345,
            3.237074449202595,
            51.58947701553773,
            22.161917896162542,
            21.045668477782982,
            39.039369786788875,
            47.110826278317596,
            55.17279069848978,
            55.572159606021714,
            40.83457043882227
        ],
        [
            48.40230732716116,
            8.411303915001312,
            20.374749888121034,
            0.0,
            30.866947069245928,
            52.745802548420585,
            20.140870240658014,
            61.47455134977873,
            70.73683740855441,
            27.75049022800827,
            21.08439790940561,
            66.96797590940304,
            19.83391996792349,
            40.37494568966513,
            56.81232919391257,
            64.36992667907927,
            72.63163320795597,
            51.41772196334625,
            48.40230732716116
        ],
        [
            31.479600958568405,
            35.152598888561556,
            38.7129632793399,
            30.866947069245928,
            0.0,
            68.42504801000642,
            14.694644088217634,
            58.72137190235348,
            72.1891506460966,
            53.46251936684774,
            41.566727813352266,
            58.635199296346514,
            50.16096854047789,
            58.2908002059187,
            76.94237843931742,
            85.16456269486665,
            68.17834867836326,
            20.862125141666993,
            31.479600958568405
        ],
        [
            56.22086330920524,
            59.34856708950505,
            32.968949719869585,
            52.745802548420585,
            68.42504801000642,
            0.0,
            54.3462161502,
            36.88258600949173,
            33.48731822825382,
            29.840879813844673,
            31.68731834647537,
            48.41974825116145,
            44.762032898031904,
            12.494153492907161,
            12.889401707783584,
            19.92231715012592,
            44.52004068435807,
            80.80761165844338,
            56.22086330920524
        ],
        [
            29.614341396710387,
            26.937784094057776,
            24.023302249927106,
            20.140870240658014,
            14.694644088217634,
            54.3462161502,
            0.0,
            49.95622161996079,
            62.08659457413206,
            39.06640420569203,
            26.911080553054667,
            52.53525312759394,
            37.51722758026153,
            43.794072932938185,
            62.38830807818726,
            70.58992298201113,
            60.44338462826397,
            32.86998836011717,
            29.614341396710387
        ],
        [
            31.697843001788673,
            69.86455348120572,
            44.01982171467738,
            61.47455134977873,
            58.72137190235348,
            36.88258600949173,
            49.95622161996079,
            0.0,
            14.712931512473993,
            53.94164710156991,
            45.68075085734818,
            11.618524867137667,
            65.45159086371878,
            39.287440643870205,
            49.710570716964575,
            55.85859780619846,
            11.20208045876332,
            61.29896078550353,
            31.697843001788673
        ],
        [
            46.373827253382665,
            78.91509133380698,
            51.431187341820994,
            70.73683740855441,
            72.1891506460966,
            33.48731822825382,
            62.08659457413206,
            14.712931512473993,
            0.0,
            57.628065635455194,
            52.294009404945044,
            23.142975082180076,
            70.98773060739518,
            40.41809692343747,
            45.11235036002639,
            49.539233028015595,
            13.629615002439772,
            75.93289393930094,
            46.373827253382665
        ],
        [
            56.61768939454149,
            32.147773612031735,
            16.281072564119345,
            27.75049022800827,
            53.46251936684774,
            29.840879813844673,
            39.06640420569203,
            53.94164710156991,
            57.628065635455194,
            0.0,
            13.044133993031911,
            63.324206854980254,
            14.942106848011134,
            18.134201429284083,
            30.181217658009434,
            37.168797576824204,
            64.5109565870637,
            71.44979382989742,
            56.61768939454149
        ],
        [
            43.936489815071596,
            28.135823937708746,
            3.237074449202595,
            21.08439790940561,
            41.566727813352266,
            31.68731834647537,
            26.911080553054667,
            45.68075085734818,
            52.294009404945044,
            13.044133993031911,
            0.0,
            53.7146168519841,
            19.911334355176056,
            19.418738289500535,
            36.85705924426837,
            44.82050251554957,
            56.757727510307674,
            58.71762393866933,
            43.936489815071596
        ],
        [
            28.242744849469872,
            75.35302986152415,
            51.58947701553773,
            66.96797590940304,
            58.635199296346514,
            48.41974825116145,
            52.53525312759394,
            11.618524867137667,
            23.142975082180076,
            63.324206854980254,
            53.7146168519841,
            0.0,
            73.6205572085917,
            49.9682244599672,
            61.27580851649555,
            67.47710359343927,
            11.565832255094609,
            57.17262396784804,
            28.242744849469872
        ],
        [
            61.56895884086952,
            20.58307644047203,
            22.161917896162542,
            19.83391996792349,
            50.16096854047789,
            44.762032898031904,
            37.51722758026153,
            65.45159086371878,
            70.98773060739518,
            14.942106848011134,
            19.911334355176056,
            73.6205572085917,
            0.0,
            32.81485614373913,
            44.4497743385743,
            50.795677376333686,
            76.44312848239495,
            70.17127970695529,
            61.56895884086952
        ],
        [
            51.062739988679375,
            46.86140558325223,
            21.045668477782982,
            40.37494568966513,
            58.2908002059187,
            12.494153492907161,
            43.794072932938185,
            39.287440643870205,
            40.41809692343747,
            18.134201429284083,
            19.418738289500535,
            49.9682244599672,
            32.81485614373913,
            0.0,
            18.68901843434682,
            26.935411631623886,
            48.927305920890866,
            72.61243517786363,
            51.062739988679375
        ],
        [
            68.07979478371377,
            62.1456704928078,
            39.039369786788875,
            56.81232919391257,
            76.94237843931742,
            12.889401707783584,
            62.38830807818726,
            49.710570716964575,
            45.11235036002639,
            30.181217658009434,
            36.85705924426837,
            61.27580851649555,
            44.4497743385743,
            18.68901843434682,
            0.0,
            8.24890328610429,
            56.91234604049583,
            91.10914279147379,
            68.07979478371377
        ],
        [
            75.91681122496522,
            69.31219762847007,
            47.110826278317596,
            64.36992667907927,
            85.16456269486665,
            19.92231715012592,
            70.58992298201113,
            55.85859780619846,
            49.539233028015595,
            37.168797576824204,
            44.82050251554957,
            67.47710359343927,
            50.795677376333686,
            26.935411631623886,
            8.24890328610429,
            0.0,
            62.10493902476685,
            99.32140831939476,
            75.91681122496522
        ],
        [
            38.97527040298207,
            81.0289689772464,
            55.17279069848978,
            72.63163320795597,
            68.17834867836326,
            44.52004068435807,
            60.44338462826397,
            11.20208045876332,
            13.629615002439772,
            64.5109565870637,
            56.757727510307674,
            11.565832255094609,
            76.44312848239495,
            48.927305920890866,
            56.91234604049583,
            62.10493902476685,
            0.0,
            68.3282542557369,
            38.97527040298207
        ],
        [
            29.629987826432416,
            56.014638192734516,
            55.572159606021714,
            51.41772196334625,
            20.862125141666993,
            80.80761165844338,
            32.86998836011717,
            61.29896078550353,
            75.93289393930094,
            71.44979382989742,
            58.71762393866933,
            57.17262396784804,
            70.17127970695529,
            72.61243517786363,
            91.10914279147379,
            99.32140831939476,
            68.3282542557369,
            0.0,
            29.629987826432416
        ],
        [
            0.0,
            56.064188727916694,
            40.83457043882227,
            48.40230732716116,
            31.479600958568405,
            56.22086330920524,
            29.614341396710387,
            31.697843001788673,
            46.373827253382665,
            56.61768939454149,
            43.936489815071596,
            28.242744849469872,
            61.56895884086952,
            51.062739988679375,
            68.07979478371377,
            75.91681122496522,
            38.97527040298207,
            29.629987826432416,
            0.0
        ]
    ],
    "scores_ave": [
        0,
        10.593950160832504,
        13.371719026352366,
        11.659234668142908,
        15.723366496468483,
        18.369766746316074,
        16.523561041118484,
        17.23236580978331,
        12.800187128686009,
        12.650109953398871,
        11.324763473204795,
        17.215155879223573,
        11.385351984527663,
        12.400720273160555,
        19.49381112599143,
        12.708599313411176,
        18.201626141793106,
        11.821432576102541,
        0
    ],
    "scores_var": [
        0,
        395.4218348646093,
        305.6184220368865,
        388.74494835945404,
        228.18820342654905,
        24.25307214150792,
        374.4753899076978,
        18.777027885209638,
        17.39215216084309,
        21.578147318865277,
        17.474918769300857,
        335.67786456228754,
        21.584685582048106,
        257.4182874413449,
        227.45836060519696,
        24.172652038232584,
        19.4890681903568,
        23.32882194949252,
        0
    ],
    "vertex_number": 19,
    "minimum_distances": {
        "cost": 311.6315136971185,
        "path": [
            0,
            11,
            7,
            16,
            8,
            5,
            15,
            14,
            13,
            2,
            10,
            9,
            12,
            1,
            3,
            6,
            4,
            17,
            18
        ]
    }
}