{
    "vertices": [
        [
            68.27124284292805,
            8.886337161002288
        ],
        [
            47.195189495764126,
            39.538977347469526
        ],
        [
            12.70324659081863,
            56.40910192598473
        ],
        [
            11.532315509652602,
            6.019221619484516
        ],
        [
            15.476380094907416,
            10.015727167350086
        ],
        [
            41.79696517582913,
            37.341736981428056
        ],
        [
            77.35878399192127,
            33.11795954217954
        ],
        [
            98.06879203858801,
            98.66730619003675
        ],
        [
            58.63336018421267,
            62.889153160399914
        ],
        [
            43.387605714359125,
            82.13536431495379
        ],
        [
            26.224245315954285,
            61.22359019516396
        ],
        [
            64.43060158064935,
            64.79080399997066
        ],
        [
            21.772178673921427,
            43.737807376819504
        ],
        [
            68.27124284292805,
            8.886337161002288
        ]
    ],
    "distances": [
        [
            0.0,
            37.199252345894344,
            73.11781847390075,
            56.81132128774267,
            52.80694134646292,
            38.86640138905246,
            25.87962378703785,
            94.59659791905956,
            54.85611103612762,
            77.36029586129192,
            67.13522217282969,
            56.036237720379056,
            58.11013633435555,
            0.0
        ],
        [
            37.199252345894344,
            0.0,
            38.39655230164087,
            48.942972989113095,
            43.332495554788885,
            5.828266554860004,
            30.83945366870906,
            78.00181220587112,
            26.001201110580308,
            42.76622355242606,
            30.166254890972045,
            30.57309567289146,
            25.76741455526538,
            37.199252345894344
        ],
        [
            73.11781847390075,
            38.39655230164087,
            0.0,
            50.40348318221924,
            46.47618197449763,
            34.78518171625231,
            68.72274609012702,
            95.25246546529662,
            46.38498031370419,
            40.042108727294654,
            14.35258526604822,
            52.40202461643086,
            15.582273090908002,
            73.11781847390075
        ],
        [
            56.81132128774267,
            48.942972989113095,
            50.40348318221924,
            0.0,
            5.614953432289667,
            43.55512585236769,
            71.18613312893193,
            126.77629646205631,
            73.8423829714569,
            82.51319102339403,
            57.12595829631884,
            79.07166094597532,
            39.0838394884175,
            56.81132128774267
        ],
        [
            52.80694134646292,
            43.332495554788885,
            46.47618197449763,
            5.614953432289667,
            0.0,
            37.940532565596975,
            66.05410700913134,
            121.16356289697944,
            68.2504513294323,
            77.3322609127779,
            52.323626046797784,
            73.46308490183736,
            34.304748554703096,
            52.80694134646292
        ],
        [
            38.86640138905246,
            5.828266554860004,
            34.78518171625231,
            43.55512585236769,
            37.940532565596975,
            0.0,
            35.81177534505752,
            83.23066704786264,
            30.596317920624294,
            44.82186059299188,
            28.510568509880127,
            35.57713840507759,
            21.02146024779886,
            38.86640138905246
        ],
        [
            25.87962378703785,
            30.83945366870906,
            68.72274609012702,
            71.18613312893193,
            66.05410700913134,
            35.81177534505752,
            0.0,
            68.743154417396,
            35.1705198459145,
            59.63846849327959,
            58.349528875612535,
            34.20974972879151,
            56.59197698269601,
            25.87962378703785
        ],
        [
            94.59659791905956,
            78.00181220587112,
            95.25246546529662,
            126.77629646205631,
            121.16356289697944,
            83.23066704786264,
            68.743154417396,
            0.0,
            53.24687333311876,
            57.125626823573306,
            81.01648450337373,
            47.74039440471883,
            94.01288768455447,
            94.59659791905956
        ],
        [
            54.85611103612762,
            26.001201110580308,
            46.38498031370419,
            73.8423829714569,
            68.2504513294323,
            30.596317920624294,
            35.1705198459145,
            53.24687333311876,
            0.0,
            24.552997233754034,
            32.45188479172099,
            6.101170684729224,
            41.53938790662304,
            54.85611103612762
        ],
        [
            77.36029586129192,
            42.76622355242606,
            40.042108727294654,
            82.51319102339403,
            77.3322609127779,
            44.82186059299188,
            59.63846849327959,
            57.125626823573306,
            24.552997233754034,
            0.0,
            27.05334058859725,
            27.269790016587866,
            44.06357980189251,
            77.36029586129192
        ],
        [
            67.13522217282969,
            30.166254890972045,
            14.35258526604822,
            57.12595829631884,
            52.323626046797784,
            28.510568509880127,
            58.349528875612535,
            81.01648450337373,
            32.45188479172099,
            27.05334058859725,
            0.0,
            38.37252498017308,
            18.043655343510967,
            67.13522217282969
        ],
        [
            56.036237720379056,
            30.57309567289146,
            52.40202461643086,
            79.07166094597532,
            73.46308490183736,
            35.57713840507759,
            34.20974972879151,
            47.74039440471883,
            6.101170684729224,
            27.269790016587866,
            38.37252498017308,
            0.0,
            47.570681219672096,
            56.036237720379056
        ],
        [
            58.11013633435555,
            25.76741455526538,
            15.582273090908002,
            39.0838394884175,
            34.304748554703096,
            21.02146024779886,
            56.59197698269601,
            94.01288768455447,
            41.53938790662304,
            44.06357980189251,
            18.043655343510967,
            47.570681219672096,
            0.0,
            58.11013633435555
        ],
        [
            0.0,
            37.199252345894344,
            73.11781847390075,
            56.81132128774267,
            52.80694134646292,
            38.86640138905246,
            25.87962378703785,
            94.59659791905956,
            54.85611103612762,
            77.36029586129192,
            67.13522217282969,
            56.036237720379056,
            58.11013633435555,
            0.0
        ]
    ],
    "scores_ave": [
        0,
        16.43424982319318,
        18.206345701780858,
        11.88481792250002,
        15.498424543625275,
        12.052551605879323,
        11.958503068649822,
        10.529992516826823,
        15.484194982519407,
        17.803599799896045,
        19.66786760365296,
        15.37215597452878,
        12.151563707258873,
        0
    ],
    "scores_var": [
        0,
        23.821600294237733,
        267.73172388004957,
        20.61090758199431,
        330.7859918710749,
        350.21080115540525,
        255.1279249720386,
        24.111672830034927,
        370.33702272676396,
        380.7823160810435,
        274.5609105623482,
        19.54640685331715,
        293.3718368618499,
        0
    ],
    "vertex_number": 14,
    "minimum_distances": {
        "cost": 354.6723788785856,
        "path": [
            0,
            1,
            5,
            4,
            3,
            12,
            2,
            10,
            9,
            7,
            11,
            8,
            6,
            13
        ]
    }
}