{
    "vertices": [
        [
            45.52434003947605,
            94.33170679912696
        ],
        [
            94.3497948007559,
            30.851707652093385
        ],
        [
            8.561697603399832,
            88.17610503426081
        ],
        [
            46.67374523585897,
            46.169123121754254
        ],
        [
            45.51790414314249,
            86.41458675352776
        ],
        [
            45.103596994391395,
            56.161002597871644
        ],
        [
            26.692764425646686,
            91.5292259014505
        ],
        [
            75.15863344960937,
            51.43247529380255
        ],
        [
            95.18200877223778,
            43.10394861226836
        ],
        [
            5.940826467246929,
            22.265911749021516
        ],
        [
            90.2569246677024,
            3.196222183268349
        ],
        [
            97.87054145009196,
            29.35853079436321
        ],
        [
            99.05940103571508,
            82.50312519149996
        ],
        [
            61.951864548274635,
            57.032179353443425
        ],
        [
            31.010226323791922,
            19.916007002785385
        ],
        [
            24.462502088158857,
            56.45964135496925
        ],
        [
            45.52434003947605,
            94.33170679912696
        ]
    ],
    "distances": [
        [
            0.0,
            80.08517543436594,
            37.471700908083236,
            48.176297063861185,
            7.917122661497065,
            38.173022986524366,
            19.038963713427638,
            52.13957623212227,
            71.34540821120838,
            82.22124642041527,
            101.52182368185096,
            83.43643330264528,
            54.82625373595505,
            40.756819173709786,
            75.81791261391363,
            43.33467847918235,
            0.0
        ],
        [
            80.08517543436594,
            0.0,
            103.1779247512357,
            50.07623107607755,
            73.97152884210062,
            55.3692009066049,
            90.88033329648125,
            28.140161170962816,
            12.280471841119097,
            88.82489275582941,
            27.956706931297077,
            3.8242952419069396,
            51.865685426093464,
            41.653847159053996,
            64.27667137880806,
            74.43117593607604,
            80.08517543436594
        ],
        [
            37.471700908083236,
            103.1779247512357,
            0.0,
            56.71961480948621,
            36.99816412285175,
            48.58268410775429,
            18.43851956266456,
            76.0608058766671,
            97.64516163904317,
            65.96228122502984,
            117.87998394323083,
            106.93725556932301,
            90.67533858122425,
            61.80982149475825,
            71.85664496048298,
            35.47914389584892,
            37.471700908083236
        ],
        [
            48.176297063861185,
            50.07623107607755,
            56.71961480948621,
            0.0,
            40.26205796488818,
            10.114495586307784,
            49.56590076174021,
            28.96708015380324,
            48.60500926950205,
            47.22853147558039,
            61.20591265929447,
            53.88606459001659,
            63.75277750800575,
            18.74638419581892,
            30.570769219382512,
            24.479258315447094,
            48.176297063861185
        ],
        [
            7.917122661497065,
            73.97152884210062,
            36.99816412285175,
            40.26205796488818,
            0.0,
            30.25642088345667,
            19.507573375402227,
            45.851073662455086,
            65.8963934127873,
            75.37504615055062,
            94.48214730437492,
            77.43508348680406,
            53.68418222389703,
            33.666020246265845,
            68.06271978532683,
            36.614596946131066,
            7.917122661497065
        ],
        [
            38.173022986524366,
            55.3692009066049,
            48.58268410775429,
            10.114495586307784,
            30.25642088345667,
            0.0,
            39.8731736324834,
            30.424729855658672,
            51.7526229767584,
            51.79381989208345,
            69.59950405240356,
            59.183806247730075,
            60.04278651498001,
            16.870775575138307,
            38.888594761790195,
            20.643255170523364,
            38.173022986524366
        ],
        [
            19.038963713427638,
            90.88033329648125,
            18.43851956266456,
            49.56590076174021,
            19.507573375402227,
            39.8731736324834,
            0.0,
            62.90222467878082,
            83.87958077924114,
            72.30525303466784,
            108.8261090600694,
            94.5064615369767,
            72.92736515382866,
            49.32798761345195,
            71.74324775384831,
            35.14043013904089,
            19.038963713427638
        ],
        [
            52.13957623212227,
            28.140161170962816,
            76.0608058766671,
            28.96708015380324,
            45.851073662455086,
            30.424729855658672,
            62.90222467878082,
            0.0,
            21.686399332205227,
            75.11187144825598,
            50.543985911776545,
            31.67159280469982,
            39.19989765637566,
            14.344874707323894,
            54.24361368203282,
            50.944775331961104,
            52.13957623212227
        ],
        [
            71.34540821120838,
            12.280471841119097,
            97.64516163904317,
            48.60500926950205,
            65.8963934127873,
            51.7526229767584,
            83.87958077924114,
            21.686399332205227,
            0.0,
            91.64176122001719,
            40.21048472934209,
            14.005881584130082,
            39.589509795984405,
            36.03107126807091,
            68.23267764565198,
            71.96959881975803,
            71.34540821120838
        ],
        [
            82.22124642041527,
            88.82489275582941,
            65.96228122502984,
            47.22853147558039,
            75.37504615055062,
            51.79381989208345,
            72.30525303466784,
            75.11187144825598,
            91.64176122001719,
            0.0,
            86.445690904076,
            92.20291612389202,
            110.90352029118854,
            65.92366608477272,
            25.179294300748808,
            38.887833729470586,
            82.22124642041527
        ],
        [
            101.52182368185096,
            27.956706931297077,
            117.87998394323083,
            61.20591265929447,
            94.48214730437492,
            69.59950405240356,
            108.8261090600694,
            50.543985911776545,
            40.21048472934209,
            86.445690904076,
            0.0,
            27.247633885738633,
            79.79391239290425,
            60.82340596179522,
            61.56072180429074,
            84.65162647247757,
            101.52182368185096
        ],
        [
            83.43643330264528,
            3.8242952419069396,
            106.93725556932301,
            53.88606459001659,
            77.43508348680406,
            59.183806247730075,
            94.5064615369767,
            31.67159280469982,
            14.005881584130082,
            92.20291612389202,
            27.247633885738633,
            0.0,
            53.15789029627217,
            45.34293963726468,
            67.52379576373546,
            78.25094527596016,
            83.43643330264528
        ],
        [
            54.82625373595505,
            51.865685426093464,
            90.67533858122425,
            63.75277750800575,
            53.68418222389703,
            60.04278651498001,
            72.92736515382866,
            39.19989765637566,
            39.589509795984405,
            110.90352029118854,
            79.79391239290425,
            53.15789029627217,
            0.0,
            45.00820309734587,
            92.4545160721853,
            79.0124065127468,
            54.82625373595505
        ],
        [
            40.756819173709786,
            41.653847159053996,
            61.80982149475825,
            18.74638419581892,
            33.666020246265845,
            16.870775575138307,
            49.32798761345195,
            14.344874707323894,
            36.03107126807091,
            65.92366608477272,
            60.82340596179522,
            45.34293963726468,
            45.00820309734587,
            0.0,
            48.321788315195064,
            37.49373410885657,
            40.756819173709786
        ],
        [
            75.81791261391363,
            64.27667137880806,
            71.85664496048298,
            30.570769219382512,
            68.06271978532683,
            38.888594761790195,
            71.74324775384831,
            54.24361368203282,
            68.23267764565198,
            25.179294300748808,
            61.56072180429074,
            67.52379576373546,
            92.4545160721853,
            48.321788315195064,
            0.0,
            37.125596349850184,
            75.81791261391363
        ],
        [
            43.33467847918235,
            74.43117593607604,
            35.47914389584892,
            24.479258315447094,
            36.614596946131066,
            20.643255170523364,
            35.14043013904089,
            50.944775331961104,
            71.96959881975803,
            38.887833729470586,
            84.65162647247757,
            78.25094527596016,
            79.0124065127468,
            37.49373410885657,
            37.125596349850184,
            0.0,
            43.33467847918235
        ],
        [
            0.0,
            80.08517543436594,
            37.471700908083236,
            48.176297063861185,
            7.917122661497065,
            38.173022986524366,
            19.038963713427638,
            52.13957623212227,
            71.34540821120838,
            82.22124642041527,
            101.52182368185096,
            83.43643330264528,
            54.82625373595505,
            40.756819173709786,
            75.81791261391363,
            43.33467847918235,
            0.0
        ]
    ],
    "scores_ave": [
        0,
        10.90739024767178,
        19.441067047055512,
        18.782134833842363,
        19.678545327847296,
        13.859271138418736,
        15.927231708847042,
        15.252578298109984,
        10.199469764416857,
        15.988361332094701,
        12.989669805952587,
        17.751694849384847,
        12.590570834948466,
        11.777019723987328,
        13.069969888460362,
        11.745243761619651,
        0
    ],
    "scores_var": [
        0,
        18.660873712256066,
        19.025106414676852,
        16.959068552550118,
        308.9022824154878,
        376.733445585744,
        296.9914020021479,
        263.60648127298737,
        20.77401420715575,
        16.381516668256822,
        300.4570934526926,
        22.88822627231245,
        24.96826008034963,
        16.84457694874232,
        290.1578321680299,
        17.431364518231952,
        0
    ],
    "vertex_number": 17,
    "minimum_distances": {
        "cost": 404.0118718522327,
        "path": [
            0,
            4,
            12,
            8,
            1,
            11,
            10,
            7,
            13,
            5,
            3,
            14,
            9,
            15,
            2,
            6,
            16
        ]
    }
}