{
    "vertices": [
        [
            80.74958491501027,
            53.887619100714176
        ],
        [
            70.37702248016954,
            65.9691060929807
        ],
        [
            8.307451626055373,
            98.38900894615907
        ],
        [
            72.95157430966054,
            92.71696171818236
        ],
        [
            32.09095941563616,
            37.120574325790066
        ],
        [
            20.59510658085173,
            95.8341752272811
        ],
        [
            89.80158910980518,
            79.71604173155518
        ],
        [
            77.27501111055105,
            72.21794206536607
        ],
        [
            41.530083237572825,
            7.751026035771746
        ],
        [
            8.441472857083365,
            95.6984064353706
        ],
        [
            60.20078713002709,
            78.71142871749682
        ],
        [
            29.327451335787536,
            51.58356132584687
        ],
        [
            45.321164381118884,
            38.77974962804092
        ],
        [
            33.78230607487114,
            37.500958824821694
        ],
        [
            18.645981768533126,
            78.8867814479492
        ],
        [
            80.74958491501027,
            53.887619100714176
        ]
    ],
    "distances": [
        [
            0.0,
            15.92332815114272,
            85.01903536050602,
            39.60463126334947,
            51.466451460856035,
            73.3353586923387,
            27.368708327941313,
            18.656725412329973,
            60.55373259731074,
            83.52607381486084,
            32.22537221349662,
            51.47372634722838,
            38.515200915087924,
            49.74382289938012,
            66.94636391797945,
            0.0
        ],
        [
            15.92332815114272,
            0.0,
            70.02629311211199,
            26.871473678780028,
            47.938089345571896,
            58.05309212267072,
            23.796891145699337,
            9.307534483129785,
            64.97300015555429,
            68.70111793822423,
            16.307131929580517,
            43.49725496378928,
            36.97373567895629,
            46.36387254820077,
            53.31947964567308,
            15.92332815114272
        ],
        [
            85.01903536050602,
            70.02629311211199,
            0.0,
            64.89248583071384,
            65.72272303859206,
            12.550443801684755,
            83.60606526334072,
            73.76617790645243,
            96.5349014463591,
            2.6939382994841314,
            55.498877766881115,
            51.30877424705182,
            70.16607961379206,
            66.00244583927811,
            22.073107685571916,
            85.01903536050602
        ],
        [
            39.60463126334947,
            26.871473678780028,
            64.89248583071384,
            0.0,
            68.99672557884703,
            52.44918238732713,
            21.282549641990155,
            20.949985978464106,
            90.5898467135298,
            64.57896098593913,
            18.940367692671565,
            59.9584917511755,
            60.60249500537213,
            67.69814288123786,
            56.03901558334247,
            39.60463126334947
        ],
        [
            51.466451460856035,
            47.938089345571896,
            65.72272303859206,
            68.99672557884703,
            0.0,
            59.82843440387346,
            71.72789292327707,
            57.213842292016814,
            30.849107366106566,
            63.17167584559851,
            50.19921894974953,
            14.724638191521068,
            13.333836136396863,
            1.7335933458596477,
            43.87691285063475,
            51.466451460856035
        ],
        [
            73.3353586923387,
            58.05309212267072,
            12.550443801684755,
            52.44918238732713,
            59.82843440387346,
            0.0,
            71.05864797064731,
            61.403078475380724,
            90.53681250801328,
            12.154392039768034,
            43.14856173502956,
            45.10399844329612,
            62.181873683585515,
            59.805236947538496,
            17.059110277084596,
            73.3353586923387
        ],
        [
            27.368708327941313,
            23.796891145699337,
            83.60606526334072,
            21.282549641990155,
            71.72789292327707,
            71.05864797064731,
            0.0,
            14.59920049096877,
            86.65507349986682,
            82.91504385925495,
            29.61784470811558,
            66.69750964832518,
            60.450708806668025,
            70.14465978654705,
            71.16043935167387,
            27.368708327941313
        ],
        [
            18.656725412329973,
            9.307534483129785,
            73.76617790645243,
            20.949985978464106,
            57.213842292016814,
            61.403078475380724,
            14.59920049096877,
            0.0,
            73.71352067979919,
            72.72818020219295,
            18.267306682663968,
            52.19910111158966,
            46.25106522323169,
            55.64965693196047,
            59.00708855974755,
            18.656725412329973
        ],
        [
            60.55373259731074,
            64.97300015555429,
            96.5349014463591,
            90.5898467135298,
            30.849107366106566,
            90.53681250801328,
            86.65507349986682,
            73.71352067979919,
            0.0,
            93.96593987218762,
            73.37556768156742,
            45.49939972445955,
            31.25946231147286,
            30.742260032663037,
            74.72601821391555,
            60.55373259731074
        ],
        [
            83.52607381486084,
            68.70111793822423,
            2.6939382994841314,
            64.57896098593913,
            63.17167584559851,
            12.154392039768034,
            82.91504385925495,
            72.72818020219295,
            93.96593987218762,
            0.0,
            54.47553603217592,
            48.809257892844094,
            67.82215817606068,
            63.4751978063426,
            19.66628426626517,
            83.52607381486084
        ],
        [
            32.22537221349662,
            16.307131929580517,
            55.498877766881115,
            18.940367692671565,
            50.19921894974953,
            43.14856173502956,
            29.61784470811558,
            18.267306682663968,
            73.37556768156742,
            54.47553603217592,
            0.0,
            41.09846776076716,
            42.61387295298464,
            48.95139395396945,
            41.55517533607246,
            32.22537221349662
        ],
        [
            51.47372634722838,
            43.49725496378928,
            51.30877424705182,
            59.9584917511755,
            14.724638191521068,
            45.10399844329612,
            66.69750964832518,
            52.19910111158966,
            45.49939972445955,
            48.809257892844094,
            41.09846776076716,
            0.0,
            20.48747058495203,
            14.770423959663995,
            29.318247238744608,
            51.47372634722838
        ],
        [
            38.515200915087924,
            36.97373567895629,
            70.16607961379206,
            60.60249500537213,
            13.333836136396863,
            62.181873683585515,
            60.450708806668025,
            46.25106522323169,
            31.25946231147286,
            67.82215817606068,
            42.61387295298464,
            20.48747058495203,
            0.0,
            11.609502871788296,
            48.1678250372376,
            38.515200915087924
        ],
        [
            49.74382289938012,
            46.36387254820077,
            66.00244583927811,
            67.69814288123786,
            1.7335933458596477,
            59.805236947538496,
            70.14465978654705,
            55.64965693196047,
            30.742260032663037,
            63.4751978063426,
            48.95139395396945,
            14.770423959663995,
            11.609502871788296,
            0.0,
            44.06693349553168,
            49.74382289938012
        ],
        [
            66.94636391797945,
            53.31947964567308,
            22.073107685571916,
            56.03901558334247,
            43.87691285063475,
            17.059110277084596,
            71.16043935167387,
            59.00708855974755,
            74.72601821391555,
            19.66628426626517,
            41.55517533607246,
            29.318247238744608,
            48.1678250372376,
            44.06693349553168,
            0.0,
            66.94636391797945
        ],
        [
            0.0,
            15.92332815114272,
            85.01903536050602,
            39.60463126334947,
            51.466451460856035,
            73.3353586923387,
            27.368708327941313,
            18.656725412329973,
            60.55373259731074,
            83.52607381486084,
            32.22537221349662,
            51.47372634722838,
            38.515200915087924,
            49.74382289938012,
            66.94636391797945,
            0.0
        ]
    ],
    "scores_ave": [
        0,
        14.530331833401458,
        16.391272734232558,
        13.372724089380153,
        16.811953264372825,
        14.964780304604384,
        16.057727795836286,
        14.978547380160817,
        11.329850144226327,
        14.926222601581951,
        16.697478022158943,
        11.74320763658947,
        15.809814222719828,
        11.647263263493628,
        13.841456259729402,
        0
    ],
    "scores_var": [
        0,
        18.03983671047057,
        17.99918753964682,
        20.96029809467975,
        265.9357772371563,
        18.61656700690674,
        342.0563321636189,
        252.33679701574528,
        17.32271850111667,
        20.68843835048469,
        22.296108765373376,
        19.82432772379638,
        316.4596150296487,
        24.056651644561242,
        18.657953083565832,
        0
    ],
    "vertex_number": 16,
    "minimum_distances": {
        "cost": 304.4056105977157,
        "path": [
            0,
            12,
            8,
            13,
            4,
            11,
            14,
            9,
            2,
            5,
            10,
            3,
            6,
            7,
            1,
            15
        ]
    }
}