{
    "vertices": [
        [
            97.78156776151074,
            66.3634130825042
        ],
        [
            35.562014982542514,
            87.50729646382578
        ],
        [
            45.59356587654347,
            53.61697351888696
        ],
        [
            19.466668411145992,
            35.11578344142542
        ],
        [
            39.42896801870326,
            46.98427625305806
        ],
        [
            36.07976265061027,
            28.501751736983206
        ],
        [
            46.858821713677465,
            35.72316523068167
        ],
        [
            57.11965884980441,
            17.845756393995295
        ],
        [
            57.07911518022789,
            57.03975037900067
        ],
        [
            9.985809148933445,
            52.902876514085605
        ],
        [
            17.654514419647683,
            2.427367652877066
        ],
        [
            45.72111577342059,
            99.23851242557646
        ],
        [
            68.54196617641294,
            57.85074948008947
        ],
        [
            29.42967243221897,
            72.72238237551011
        ],
        [
            19.370252624647378,
            47.34709237224478
        ],
        [
            92.5879389651491,
            5.899332582188865
        ],
        [
            19.333163140792564,
            69.53137736367778
        ],
        [
            48.17811977593174,
            78.41898206308286
        ],
        [
            50.84410417390613,
            25.668633003091934
        ],
        [
            31.026572175727207,
            26.00241610818177
        ],
        [
            97.78156776151074,
            66.3634130825042
        ]
    ],
    "distances": [
        [
            0.0,
            65.71405140803404,
            53.722055640996224,
            84.31866826773171,
            61.48639557657199,
            72.39211389223595,
            59.43021835289884,
            63.30366377144308,
            41.75668009241494,
            88.82162616766074,
            102.50932924582577,
            61.57160723922277,
            30.453566990799786,
            68.64705445666151,
            80.6842908802447,
            60.686726809270326,
            78.512344158245,
            51.047417128622016,
            62.12238416021586,
            78.00794518777714,
            0.0
        ],
        [
            65.71405140803404,
            0.0,
            35.343825523720234,
            54.80812729905769,
            40.7071061706204,
            59.00781618700364,
            53.00201967748123,
            72.92093097326922,
            37.29955717362036,
            43.03031704392979,
            86.9440789409272,
            15.518658344729852,
            44.352992680862414,
            16.006227217973134,
            43.30144525223135,
            99.55810250791535,
            24.217954075366,
            15.548747821111824,
            63.698999589182655,
            61.67187810514593,
            65.71405140803404
        ],
        [
            53.722055640996224,
            35.343825523720234,
            0.0,
            32.014196935886964,
            9.05510572931218,
            26.85678344433655,
            17.938485091792053,
            37.582320229389744,
            11.984708767487653,
            35.614916449500804,
            58.31780470000997,
            45.621717210017174,
            23.335679446133668,
            25.025748717235434,
            26.962447357391138,
            66.97346010588602,
            30.70630231042036,
            24.93630980488512,
            28.437262350636036,
            31.221164079334926,
            53.722055640996224
        ],
        [
            84.31866826773171,
            54.80812729905769,
            32.014196935886964,
            0.0,
            23.224007562039258,
            17.881283947096417,
            27.398886385897256,
            41.424648739520656,
            43.53569200365273,
            20.156075320492267,
            32.73860761935242,
            69.2893958602132,
            54.085705426931646,
            38.903955229680896,
            12.231688933464076,
            78.74211838807683,
            34.41585286867936,
            51.95685181320335,
            32.76876754549435,
            14.720218721099611,
            84.31866826773171
        ],
        [
            61.48639557657199,
            40.7071061706204,
            9.05510572931218,
            23.224007562039258,
            0.0,
            18.78352706721959,
            13.491306363247737,
            34.08832471182181,
            20.313548550683535,
            30.032140005006973,
            49.592791144906414,
            52.63170452626938,
            31.074859647705534,
            27.612244005087447,
            20.061996381120103,
            67.18518280486828,
            30.202866456407214,
            32.62956306532193,
            24.179784544152714,
            22.601741327632467,
            61.48639557657199
        ],
        [
            72.39211389223595,
            59.00781618700364,
            26.85678344433655,
            17.881283947096417,
            18.78352706721959,
            0.0,
            12.974472133079685,
            23.58447516529982,
            35.43148561879601,
            35.7254713017952,
            31.927469015537035,
            71.39079074190197,
            43.7625219368753,
            44.7178697388613,
            25.186396903225273,
            60.860852294755304,
            44.315671880373635,
            51.362438888361794,
            15.033706874116046,
            5.637500559720166,
            72.39211389223595
        ],
        [
            59.43021835289884,
            53.00201967748123,
            17.938485091792053,
            27.398886385897256,
            13.491306363247737,
            12.974472133079685,
            0.0,
            20.612775782221906,
            23.640033860549934,
            40.678760248818875,
            44.28884397753299,
            63.52553584263989,
            30.980457364385313,
            40.89886690368734,
            29.84521926129456,
            54.5949920637795,
            43.59652609441143,
            42.71619508293103,
            10.815548742594938,
            18.57829617953457,
            59.43021835289884
        ],
        [
            63.30366377144308,
            72.92093097326922,
            37.582320229389744,
            41.424648739520656,
            34.08832471182181,
            23.58447516529982,
            20.612775782221906,
            0.0,
            39.19401495491091,
            58.74182035601838,
            42.37008775380778,
            82.18702767882941,
            41.60370868662958,
            61.46689700091532,
            47.909774523091656,
            37.42613974526162,
            64.02517218242254,
            61.229623459301145,
            10.028957320247208,
            27.33825652586386,
            63.30366377144308
        ],
        [
            41.75668009241494,
            37.29955717362036,
            11.984708767487653,
            43.53569200365273,
            20.313548550683535,
            35.43148561879601,
            23.640033860549934,
            39.19401495491091,
            0.0,
            47.274657040864625,
            67.35585714810365,
            43.70056828908018,
            11.491504362036657,
            31.78736589611295,
            38.934636693715156,
            62.259287652695264,
            39.75924596980764,
            23.158136077607043,
            31.98472084702314,
            40.5222298947122,
            41.75668009241494
        ],
        [
            88.82162616766074,
            43.03031704392979,
            35.614916449500804,
            20.156075320492267,
            30.032140005006973,
            35.7254713017952,
            40.678760248818875,
            58.74182035601838,
            47.274657040864625,
            0.0,
            51.05473567972928,
            58.5149835073749,
            58.76482768386673,
            27.764665169422432,
            10.905710283131484,
            95.03917609245512,
            19.075640674798112,
            45.93173449170732,
            49.10299677172269,
            34.15184444212774,
            88.82162616766074
        ],
        [
            102.50932924582577,
            86.9440789409272,
            58.31780470000997,
            32.73860761935242,
            49.592791144906414,
            31.927469015537035,
            44.28884397753299,
            42.37008775380778,
            67.35585714810365,
            51.05473567972928,
            0.0,
            100.79747945138395,
            75.24150450025631,
            71.27442347066876,
            44.9524796474218,
            75.01381642462091,
            67.12500265025125,
            81.89270996013974,
            40.51796247511807,
            27.10341008622146,
            102.50932924582577
        ],
        [
            61.57160723922277,
            15.518658344729852,
            45.621717210017174,
            69.2893958602132,
            52.63170452626938,
            71.39079074190197,
            63.52553584263989,
            82.18702767882941,
            43.70056828908018,
            58.5149835073749,
            100.79747945138395,
            0.0,
            47.262438942013794,
            31.120994183534922,
            58.198689537108024,
            104.44472992890066,
            39.734593463727684,
            20.96400994998687,
            73.74803162383672,
            74.69575232471539,
            61.57160723922277
        ],
        [
            30.453566990799786,
            44.352992680862414,
            23.335679446133668,
            54.085705426931646,
            31.074859647705534,
            43.7625219368753,
            30.980457364385313,
            41.60370868662958,
            11.491504362036657,
            58.76482768386673,
            75.24150450025631,
            47.262438942013794,
            0.0,
            41.844198963635,
            50.281052358279666,
            57.24647172582876,
            50.57611455967473,
            28.943711438074114,
            36.727414017308796,
            49.21098582222121,
            30.453566990799786
        ],
        [
            68.64705445666151,
            16.006227217973134,
            25.025748717235434,
            38.903955229680896,
            27.612244005087447,
            44.7178697388613,
            40.89886690368734,
            61.46689700091532,
            31.78736589611295,
            27.764665169422432,
            71.27442347066876,
            31.120994183534922,
            41.844198963635,
            0.0,
            27.29646991123176,
            91.94719471047138,
            10.588768240801135,
            19.594783127159754,
            51.69751654404419,
            46.747249510651585,
            68.64705445666151
        ],
        [
            80.6842908802447,
            43.30144525223135,
            26.962447357391138,
            12.231688933464076,
            20.061996381120103,
            25.186396903225273,
            29.84521926129456,
            47.909774523091656,
            38.934636693715156,
            10.905710283131484,
            44.9524796474218,
            58.198689537108024,
            50.281052358279666,
            27.29646991123176,
            0.0,
            84.1352862042453,
            22.184315996012405,
            42.37163601710062,
            38.21725960825538,
            24.32005325435248,
            80.6842908802447
        ],
        [
            60.686726809270326,
            99.55810250791535,
            66.97346010588602,
            78.74211838807683,
            67.18518280486828,
            60.860852294755304,
            54.5949920637795,
            37.42613974526162,
            62.259287652695264,
            95.03917609245512,
            75.01381642462091,
            104.44472992890066,
            57.24647172582876,
            91.94719471047138,
            84.1352862042453,
            0.0,
            97.03246520701276,
            85.03723655699724,
            46.1884507448616,
            64.76060413735178,
            60.686726809270326
        ],
        [
            78.512344158245,
            24.217954075366,
            30.70630231042036,
            34.41585286867936,
            30.202866456407214,
            44.315671880373635,
            43.59652609441143,
            64.02517218242254,
            39.75924596980764,
            19.075640674798112,
            67.12500265025125,
            39.734593463727684,
            50.57611455967473,
            10.588768240801135,
            22.184315996012405,
            97.03246520701276,
            0.0,
            30.183125096251167,
            54.008145197131746,
            45.07223405646501,
            78.512344158245
        ],
        [
            51.047417128622016,
            15.548747821111824,
            24.93630980488512,
            51.95685181320335,
            32.62956306532193,
            51.362438888361794,
            42.71619508293103,
            61.229623459301145,
            23.158136077607043,
            45.93173449170732,
            81.89270996013974,
            20.96400994998687,
            28.943711438074114,
            19.594783127159754,
            42.37163601710062,
            85.03723655699724,
            30.183125096251167,
            0.0,
            52.817675060164554,
            55.15135512012899,
            51.047417128622016
        ],
        [
            62.12238416021586,
            63.698999589182655,
            28.437262350636036,
            32.76876754549435,
            24.179784544152714,
            15.033706874116046,
            10.815548742594938,
            10.028957320247208,
            31.98472084702314,
            49.10299677172269,
            40.51796247511807,
            73.74803162383672,
            36.727414017308796,
            51.69751654404419,
            38.21725960825538,
            46.1884507448616,
            54.008145197131746,
            52.817675060164554,
            0.0,
            19.82034272307341,
            62.12238416021586
        ],
        [
            78.00794518777714,
            61.67187810514593,
            31.221164079334926,
            14.720218721099611,
            22.601741327632467,
            5.637500559720166,
            18.57829617953457,
            27.33825652586386,
            40.5222298947122,
            34.15184444212774,
            27.10341008622146,
            74.69575232471539,
            49.21098582222121,
            46.747249510651585,
            24.32005325435248,
            64.76060413735178,
            45.07223405646501,
            55.15135512012899,
            19.82034272307341,
            0.0,
            78.00794518777714
        ],
        [
            0.0,
            65.71405140803404,
            53.722055640996224,
            84.31866826773171,
            61.48639557657199,
            72.39211389223595,
            59.43021835289884,
            63.30366377144308,
            41.75668009241494,
            88.82162616766074,
            102.50932924582577,
            61.57160723922277,
            30.453566990799786,
            68.64705445666151,
            80.6842908802447,
            60.686726809270326,
            78.512344158245,
            51.047417128622016,
            62.12238416021586,
            78.00794518777714,
            0.0
        ]
    ],
    "scores_ave": [
        0,
        16.65927264837201,
        12.469671301700243,
        10.118325509586793,
        12.78701693986207,
        10.964601919552031,
        15.968032952788125,
        14.448597176735966,
        11.439198544722931,
        19.83802533930484,
        17.94752677341382,
        19.039240352284857,
        18.202310632638586,
        16.2282091023756,
        12.12420005571572,
        15.543578255930818,
        18.834729692822492,
        15.846038252901119,
        11.43666640701715,
        15.52030799754297,
        0
    ],
    "scores_var": [
        0,
        18.049806948618112,
        21.364020469601343,
        16.35853074142777,
        17.26898873708281,
        244.21568232278366,
        332.3644483279337,
        17.16614486775059,
        23.970143395750522,
        17.11664462651119,
        228.02659943502744,
        23.848037551355688,
        343.0119289404481,
        399.29080512962173,
        249.23708226372014,
        336.4615751921225,
        20.401245034499127,
        241.7312069158609,
        22.46138210576489,
        24.94725614242474,
        0
    ],
    "vertex_number": 21,
    "minimum_distances": {
        "cost": 427.2818366502688,
        "path": [
            0,
            15,
            7,
            18,
            6,
            5,
            19,
            10,
            3,
            9,
            16,
            1,
            11,
            17,
            13,
            14,
            4,
            2,
            8,
            12,
            20
        ]
    }
}