{
    "vertices": [
        [
            78.17301961167163,
            83.03313741658695
        ],
        [
            98.93422258728407,
            34.42487818952497
        ],
        [
            31.49925757129851,
            8.435193101106986
        ],
        [
            14.041000066125886,
            73.97039442741271
        ],
        [
            36.537547341293006,
            96.0532338987267
        ],
        [
            54.905908688212335,
            5.026562712555094
        ],
        [
            16.158117252962633,
            23.516466116550895
        ],
        [
            20.38278600139909,
            48.49511341321329
        ],
        [
            99.75976149946604,
            76.90265675436767
        ],
        [
            12.123959000904005,
            89.04945679003369
        ],
        [
            64.6206695108458,
            95.22825641466464
        ],
        [
            4.033947973523033,
            17.86623903886949
        ],
        [
            5.017592635953461,
            60.80823432064585
        ],
        [
            55.444717655401796,
            85.52109513808975
        ],
        [
            60.1613614755154,
            56.06716956756647
        ],
        [
            46.65271403295965,
            73.78021724377531
        ],
        [
            40.93843625253841,
            40.85514759248995
        ],
        [
            96.69662326911205,
            23.618041326449212
        ],
        [
            8.056048347717681,
            16.068458258213703
        ],
        [
            83.53801960550442,
            3.899276416344122
        ],
        [
            53.70957782424187,
            13.059394360182086
        ],
        [
            78.17301961167163,
            83.03313741658695
        ]
    ],
    "distances": [
        [
            0.0,
            52.85631858235905,
            87.99598490327172,
            64.76919979031769,
            43.62379469488751,
            81.40260528865315,
            85.95395440116032,
            67.32448442273798,
            22.440370283934755,
            66.32250377035058,
            18.231487065860243,
            98.70829036883521,
            76.45693437238774,
            22.864068829483625,
            32.428124380669466,
            32.850360660117666,
            56.2618611808201,
            62.235661287225355,
            96.95699002142143,
            79.31551665178498,
            74.12681499572697,
            0.0
        ],
        [
            52.85631858235905,
            0.0,
            72.26989855882137,
            93.65205328527465,
            87.700623197179,
            52.94103680207481,
            83.49177844717697,
            79.80162723250841,
            42.48579981946129,
            102.56640020601259,
            69.81740992273299,
            96.33405759277909,
            97.55211357093562,
            67.09814025496543,
            44.40409367259456,
            65.43851196956498,
            58.35117477120901,
            11.036057887389722,
            92.71354111353762,
            34.188527752317476,
            50.017520862246585,
            52.85631858235905
        ],
        [
            87.99598490327172,
            72.26989855882137,
            0.0,
            67.8207443780761,
            87.76277933736934,
            23.65354260221252,
            21.512679564229725,
            41.57370750338114,
            96.68138381114507,
            82.90996143286847,
            92.89813651640388,
            29.03941905035024,
            58.687426458581406,
            80.71939885488919,
            55.59065912828768,
            67.07905353343446,
            33.76613012176131,
            66.94188056940297,
            24.654630308712495,
            52.236072729712554,
            22.686594346061238,
            87.99598490327172
        ],
        [
            64.76919979031769,
            93.65205328527465,
            67.8207443780761,
            0.0,
            31.523744041906763,
            80.14482321533988,
            50.49832737012567,
            26.252774931447888,
            85.76890009799567,
            15.200433157695192,
            54.86528645150943,
            56.989624875461935,
            15.958206049774391,
            42.98472422989533,
            49.47335845599046,
            32.61226847699737,
            42.662532113553645,
            96.78487231937713,
            58.210427409646066,
            98.69041140950758,
            72.68938017717488,
            64.76919979031769
        ],
        [
            43.62379469488751,
            87.700623197179,
            87.76277933736934,
            31.523744041906763,
            0.0,
            92.86146437466084,
            75.34523110994115,
            50.22699610830357,
            66.0590112552704,
            25.398350132286744,
            28.095236938656292,
            84.6740227996511,
            47.28337487833939,
            21.642713234713156,
            46.44319040444972,
            24.462294825137405,
            55.373247647938115,
            94.15928812109838,
            84.90441754811249,
            103.44755324667511,
            84.75173173603604,
            43.62379469488751
        ],
        [
            81.40260528865315,
            52.94103680207481,
            23.65354260221252,
            80.14482321533988,
            92.86146437466084,
            0.0,
            42.933295575796485,
            55.51000720648892,
            84.7233203239881,
            94.28754927455994,
            90.72332734512202,
            52.46726288955247,
            74.8360806424478,
            80.49633572721541,
            51.310460260334885,
            69.24723989745635,
            38.454879803998956,
            45.739555116256945,
            48.1334901203423,
            28.65429374411,
            8.121427941883502,
            81.40260528865315
        ],
        [
            85.95395440116032,
            83.49177844717697,
            21.512679564229725,
            50.49832737012567,
            75.34523110994115,
            42.933295575796485,
            0.0,
            25.333389958808812,
            99.19334791978862,
            65.6570430297728,
            86.55171771321872,
            13.376118523169232,
            38.92026804288653,
            73.40307208339166,
            54.734210483623315,
            58.79085906970707,
            30.243909883558516,
            80.5385700694804,
            11.00528698413584,
            70.17752754815437,
            38.98028400043008,
            85.95395440116032
        ],
        [
            67.32448442273798,
            79.80162723250841,
            41.57370750338114,
            26.252774931447888,
            50.22699610830357,
            55.51000720648892,
            25.333389958808812,
            0.0,
            84.30713349355607,
            41.38674896810769,
            64.35042340334272,
            34.71905025056216,
            19.69015270734555,
            50.99276785977441,
            40.49285246996864,
            36.46156324824367,
            21.929519716331793,
            80.266247415293,
            34.690581224936956,
            77.31346719065469,
            48.6453002664025,
            67.32448442273798
        ],
        [
            22.440370283934755,
            42.48579981946129,
            96.68138381114507,
            85.76890009799567,
            66.0590112552704,
            84.7233203239881,
            99.19334791978862,
            84.30713349355607,
            0.0,
            88.47360414651043,
            39.630586529777624,
            112.46657277556919,
            96.09947447534465,
            45.14532745562214,
            44.74539988387824,
            53.1987605034842,
            68.9881962409549,
            53.37258713159239,
            110.04712950589672,
            74.78394514100223,
            78.7183686927944,
            22.440370283934755
        ],
        [
            66.32250377035058,
            102.56640020601259,
            82.90996143286847,
            15.200433157695192,
            25.398350132286744,
            94.28754927455994,
            65.6570430297728,
            41.38674896810769,
            88.47360414651043,
            0.0,
            52.85907849334845,
            71.6414598387889,
            29.121591465411996,
            43.46420902706219,
            58.27026091354942,
            37.7542659892194,
            56.15127370161256,
            106.92897488983627,
            73.0942818815796,
            111.13289913301735,
            86.62478445002156,
            66.32250377035058
        ],
        [
            18.231487065860243,
            69.81740992273299,
            92.89813651640388,
            54.86528645150943,
            28.095236938656292,
            90.72332734512202,
            86.55171771321872,
            64.35042340334272,
            39.630586529777624,
            52.85907849334845,
            0.0,
            98.26307831069572,
            68.82779012802217,
            13.357659694080448,
            39.41416181019112,
            27.979739247021264,
            59.30668710262724,
            78.46585062613488,
            97.29249720044324,
            93.2676188295676,
            82.89013097541867,
            18.231487065860243
        ],
        [
            98.70829036883521,
            96.33405759277909,
            29.03941905035024,
            56.989624875461935,
            84.6740227996511,
            52.46726288955247,
            13.376118523169232,
            34.71905025056216,
            112.46657277556919,
            71.6414598387889,
            98.26307831069572,
            0.0,
            42.95325966212612,
            84.972035359225,
            67.89401770172367,
            70.30456727075183,
            43.479088900558935,
            92.84101799577152,
            4.405599522810949,
            80.72157983440518,
            49.90765429100684,
            98.70829036883521
        ],
        [
            76.45693437238774,
            97.55211357093562,
            58.687426458581406,
            15.958206049774391,
            47.28337487833939,
            74.8360806424478,
            38.92026804288653,
            19.69015270734555,
            96.09947447534465,
            29.121591465411996,
            68.82779012802217,
            42.95325966212612,
            0.0,
            56.15710487115077,
            55.34720351403433,
            43.60912375525797,
            41.090542416819744,
            98.93510556309738,
            44.84283415696346,
            96.97467164798327,
            68.1972223711969,
            76.45693437238774
        ],
        [
            22.864068829483625,
            67.09814025496543,
            80.71939885488919,
            42.98472422989533,
            21.642713234713156,
            80.49633572721541,
            73.40307208339166,
            50.99276785977441,
            45.14532745562214,
            43.46420902706219,
            13.357659694080448,
            84.972035359225,
            56.15710487115077,
            0.0,
            29.829188062026446,
            14.66790855664969,
            46.962528363423246,
            74.38889559584362,
            84.07945497159791,
            86.32123091050744,
            72.48247229407053,
            22.864068829483625
        ],
        [
            32.428124380669466,
            44.40409367259456,
            55.59065912828768,
            49.47335845599046,
            46.44319040444972,
            51.310460260334885,
            54.734210483623315,
            40.49285246996864,
            44.74539988387824,
            58.27026091354942,
            39.41416181019112,
            67.89401770172367,
            55.34720351403433,
            29.829188062026446,
            0.0,
            22.27634650715677,
            24.513801555417224,
            48.864826592704866,
            65.68759824011526,
            57.16604955009339,
            43.489012871893834,
            32.428124380669466
        ],
        [
            32.850360660117666,
            65.43851196956498,
            67.07905353343446,
            32.61226847699737,
            24.462294825137405,
            69.24723989745635,
            58.79085906970707,
            36.46156324824367,
            53.1987605034842,
            37.7542659892194,
            27.979739247021264,
            70.30456727075183,
            43.60912375525797,
            14.66790855664969,
            22.27634650715677,
            0.0,
            33.41725874595055,
            70.85645167800199,
            69.42873848217239,
            79.01817296107865,
            61.12951544245553,
            32.850360660117666
        ],
        [
            56.2618611808201,
            58.35117477120901,
            33.76613012176131,
            42.662532113553645,
            55.373247647938115,
            38.454879803998956,
            30.243909883558516,
            21.929519716331793,
            68.9881962409549,
            56.15127370161256,
            59.30668710262724,
            43.479088900558935,
            41.090542416819744,
            46.962528363423246,
            24.513801555417224,
            33.41725874595055,
            0.0,
            58.36174476317498,
            41.1780451512335,
            56.395575324968405,
            30.589311119994928,
            56.2618611808201
        ],
        [
            62.235661287225355,
            11.036057887389722,
            66.94188056940297,
            96.78487231937713,
            94.15928812109838,
            45.739555116256945,
            80.5385700694804,
            80.266247415293,
            53.37258713159239,
            106.92897488983627,
            78.46585062613488,
            92.84101799577152,
            98.93510556309738,
            74.38889559584362,
            48.864826592704866,
            70.85645167800199,
            58.36174476317498,
            0.0,
            88.96149575462138,
            23.70608655927629,
            44.26478399176479,
            62.235661287225355
        ],
        [
            96.95699002142143,
            92.71354111353762,
            24.654630308712495,
            58.210427409646066,
            84.90441754811249,
            48.1334901203423,
            11.00528698413584,
            34.690581224936956,
            110.04712950589672,
            73.0942818815796,
            97.29249720044324,
            4.405599522810949,
            44.84283415696346,
            84.07945497159791,
            65.68759824011526,
            69.42873848217239,
            41.1780451512335,
            88.96149575462138,
            0.0,
            76.45663458236854,
            45.75258702200674,
            96.95699002142143
        ],
        [
            79.31551665178498,
            34.188527752317476,
            52.236072729712554,
            98.69041140950758,
            103.44755324667511,
            28.65429374411,
            70.17752754815437,
            77.31346719065469,
            74.78394514100223,
            111.13289913301735,
            93.2676188295676,
            80.72157983440518,
            96.97467164798327,
            86.32123091050744,
            57.16604955009339,
            79.01817296107865,
            56.395575324968405,
            23.70608655927629,
            76.45663458236854,
            0.0,
            31.20326424980552,
            79.31551665178498
        ],
        [
            74.12681499572697,
            50.017520862246585,
            22.686594346061238,
            72.68938017717488,
            84.75173173603604,
            8.121427941883502,
            38.98028400043008,
            48.6453002664025,
            78.7183686927944,
            86.62478445002156,
            82.89013097541867,
            49.90765429100684,
            68.1972223711969,
            72.48247229407053,
            43.489012871893834,
            61.12951544245553,
            30.589311119994928,
            44.26478399176479,
            45.75258702200674,
            31.20326424980552,
            0.0,
            74.12681499572697
        ],
        [
            0.0,
            52.85631858235905,
            87.99598490327172,
            64.76919979031769,
            43.62379469488751,
            81.40260528865315,
            85.95395440116032,
            67.32448442273798,
            22.440370283934755,
            66.32250377035058,
            18.231487065860243,
            98.70829036883521,
            76.45693437238774,
            22.864068829483625,
            32.428124380669466,
            32.850360660117666,
            56.2618611808201,
            62.235661287225355,
            96.95699002142143,
            79.31551665178498,
            74.12681499572697,
            0.0
        ]
    ],
    "scores_ave": [
        0,
        19.386951006380038,
        14.672216395181666,
        17.620632814365393,
        15.545203008979056,
        17.090946162957675,
        19.71063279725906,
        16.621983341272305,
        13.181757920495775,
        16.192837713089453,
        10.373047405461534,
        19.173473927926686,
        12.220130615405004,
        11.354822493398768,
        12.507488779840969,
        15.797114497239884,
        18.36758006000943,
        15.500651333763708,
        18.241824176008482,
        13.791420161961797,
        17.346553828089867,
        0
    ],
    "scores_var": [
        0,
        22.99011371481179,
        17.304038759154317,
        21.873561799369057,
        304.47309171109714,
        315.4216395699151,
        19.58238517635617,
        17.873335767551016,
        21.202650607897517,
        266.21835386129266,
        387.14275709288097,
        329.9816412316852,
        19.23278183143113,
        19.628286932239263,
        19.3314868543007,
        17.27757093827734,
        268.79818175795384,
        298.8193088631967,
        21.47358133753029,
        21.095862865988504,
        18.542543823945856,
        0
    ],
    "vertex_number": 22,
    "minimum_distances": {
        "cost": 458.9914374754911,
        "path": [
            0,
            8,
            14,
            16,
            1,
            17,
            19,
            5,
            20,
            2,
            18,
            11,
            6,
            7,
            12,
            3,
            9,
            4,
            15,
            13,
            10,
            21
        ]
    }
}