{
    "vertices": [
        [
            37.22797299286433,
            84.7338743037933
        ],
        [
            81.08719752166554,
            38.68977944867494
        ],
        [
            59.655264598181745,
            81.62248548047407
        ],
        [
            72.20407083907352,
            83.40536975306334
        ],
        [
            8.074501521630474,
            69.57479431651537
        ],
        [
            33.72542181436394,
            54.084465104232834
        ],
        [
            83.46051952248487,
            76.97845065167088
        ],
        [
            85.09696300498423,
            12.497174500290164
        ],
        [
            21.320777594436347,
            4.290997003735586
        ],
        [
            55.71521587252916,
            52.208120202639286
        ],
        [
            68.00156204414185,
            87.66082229996157
        ],
        [
            37.4148722399537,
            43.690173062088824
        ],
        [
            49.76037652565876,
            55.81910319385484
        ],
        [
            16.69261811597458,
            66.00769468302703
        ],
        [
            42.672398926762035,
            31.956873251214557
        ],
        [
            20.664952419307948,
            30.454108485057183
        ],
        [
            45.64590027288909,
            10.280862159601757
        ],
        [
            67.8680332574695,
            39.63691548787553
        ],
        [
            51.785381061235846,
            12.076563523410977
        ],
        [
            13.515460047867334,
            34.86446237849856
        ],
        [
            30.72486317207077,
            57.61849835099716
        ],
        [
            41.49235371468628,
            40.01622188274857
        ],
        [
            83.53202949559322,
            74.15272518285508
        ],
        [
            37.22797299286433,
            84.7338743037933
        ]
    ],
    "distances": [
        [
            0.0,
            63.59001688390195,
            22.64208800353485,
            35.0013191878379,
            32.85913274699649,
            30.848892184973455,
            46.87851271784791,
            86.65783867188165,
            82.00058154522996,
            37.41260254433598,
            30.912470099770108,
            41.04412677773589,
            31.51388783772846,
            27.791556327579098,
            53.057078828876314,
            56.75056500033181,
            74.92738162404261,
            54.521087548426806,
            74.10130187456998,
            55.219937666945796,
            27.884297559787605,
            44.92052293762857,
            47.4976458924802,
            0.0
        ],
        [
            63.59001688390195,
            0.0,
            47.98484131524861,
            45.58940618091984,
            79.27633897059236,
            49.80094521775851,
            38.36215582850765,
            26.49775034249822,
            68.95869187138172,
            28.748617176212267,
            50.68921871358028,
            43.95766067252348,
            35.70410964697251,
            69.94948426962907,
            39.000368933521656,
            60.98093127716526,
            45.42193448339173,
            13.253051366404273,
            39.58357878925846,
            67.67992875229176,
            53.80205498327647,
            39.61705574156155,
            35.54711976414045,
            63.59001688390195
        ],
        [
            22.64208800353485,
            47.98484131524861,
            0.0,
            12.67482601067528,
            52.96906627401925,
            37.82458609206168,
            24.25401454403364,
            73.65859512595819,
            86.31159831603318,
            29.67707648435757,
            10.301562629136345,
            43.97152917120249,
            27.635544999098038,
            45.71225967290552,
            52.48895850100912,
            64.33076439893391,
            72.70412303890348,
            42.781276940437046,
            69.98978731031407,
            65.69013844060682,
            37.59201410922295,
            45.397935000671744,
            25.017937981978967,
            22.64208800353485
        ],
        [
            35.0013191878379,
            45.58940618091984,
            12.67482601067528,
            0.0,
            65.6040126649794,
            48.37687340240783,
            12.961980022285035,
            72.0707903550891,
            94.06483671882557,
            35.28669320890197,
            5.980798989297389,
            52.797586946486426,
            35.56292334875905,
            58.17388143549828,
            59.321728213506674,
            73.8926031302137,
            77.79800790899961,
            43.98271036069651,
            74.19381032398098,
            76.16149109194069,
            48.84145171254678,
            53.15851504359787,
            14.626485526825096,
            35.0013191878379
        ],
        [
            32.85913274699649,
            79.27633897059236,
            52.96906627401925,
            65.6040126649794,
            0.0,
            29.965313463554143,
            75.74870188428467,
            95.86612674370576,
            66.61409776746287,
            50.70738638148783,
            62.59678099620411,
            39.126346256374994,
            43.89682463588353,
            9.327171780820908,
            51.10892769498507,
            41.09680661232063,
            70.19530179972696,
            66.86959717392584,
            72.22664006073514,
            35.13418809267604,
            25.612338747385085,
            44.61459457979153,
            75.59626961006977,
            32.85913274699649
        ],
        [
            30.848892184973455,
            49.80094521775851,
            37.82458609206168,
            48.37687340240783,
            29.965313463554143,
            0.0,
            54.75138827721758,
            66.09491647680913,
            51.3153453042871,
            22.069701241980017,
            47.98151260211129,
            11.02965781428702,
            16.128507119235906,
            20.79133967344334,
            23.867943368952762,
            26.99943730466642,
            45.39662363668751,
            37.07357018243575,
            45.725550004594695,
            27.889981344211893,
            4.636026655992805,
            16.069869273988598,
            53.69760917671392,
            30.848892184973455
        ],
        [
            46.87851271784791,
            38.36215582850765,
            24.25401454403364,
            12.961980022285035,
            75.74870188428467,
            54.75138827721758,
            0.0,
            64.50203811804735,
            95.62851794681968,
            37.193697654071286,
            18.790753852611193,
            56.81822822429736,
            39.79218042338362,
            67.66321116199714,
            60.75041739244685,
            78.1524002308678,
            76.67146626776673,
            40.466231308507815,
            72.21889883782974,
            81.64495914127633,
            56.1770166864825,
            55.92435334303851,
            2.826630167066122,
            46.87851271784791
        ],
        [
            86.65783867188165,
            26.49775034249822,
            73.65859512595819,
            72.0707903550891,
            95.86612674370576,
            66.09491647680913,
            64.50203811804735,
            0.0,
            64.30196866835058,
            49.39884890491328,
            77.08324516109202,
            56.97881131614614,
            55.90584808176288,
            86.84774130581445,
            46.674655999845456,
            66.88748362919614,
            39.51326854466983,
            32.14656375288063,
            33.31423727460881,
            74.99471403123279,
            70.65592053239904,
            51.562194679799354,
            61.67540795859518,
            86.65783867188165
        ],
        [
            82.00058154522996,
            68.95869187138172,
            86.31159831603318,
            94.06483671882557,
            66.61409776746287,
            51.3153453042871,
            95.62851794681968,
            64.30196866835058,
            0.0,
            58.98328644730175,
            95.54906282514293,
            42.55954600951455,
            58.855386456202915,
            61.88998814505569,
            34.94699475004749,
            26.17132990591793,
            25.051748001032493,
            58.44639392851571,
            31.443713368837695,
            31.55407686852221,
            54.15033910783622,
            41.026627643898365,
            93.5462502042833,
            82.00058154522996
        ],
        [
            37.41260254433598,
            28.748617176212267,
            29.67707648435757,
            35.28669320890197,
            50.70738638148783,
            22.069701241980017,
            37.193697654071286,
            49.39884890491328,
            58.98328644730175,
            0.0,
            37.52130579084611,
            20.18558893269049,
            6.964144585653284,
            41.390716247845084,
            24.087923882484752,
            41.25236955556509,
            43.119439741868284,
            17.485026690634673,
            40.32350980683808,
            45.62479433796888,
            25.5693159822772,
            18.73318426225379,
            35.43078898187274,
            37.41260254433598
        ],
        [
            30.912470099770108,
            50.68921871358028,
            10.301562629136345,
            5.980798989297389,
            62.59678099620411,
            47.98151260211129,
            18.790753852611193,
            77.08324516109202,
            95.54906282514293,
            37.52130579084611,
            0.0,
            53.5627070598347,
            36.69653832109943,
            55.69080411180167,
            61.192290722379695,
            74.2520216308909,
            80.5446077931622,
            48.02409244777869,
            77.3042346865353,
            75.86956525317049,
            47.875813382684015,
            54.522894963220445,
            20.583102462597108,
            30.912470099770108
        ],
        [
            41.04412677773589,
            43.95766067252348,
            43.97152917120249,
            52.797586946486426,
            39.126346256374994,
            11.02965781428702,
            56.81822822429736,
            56.97881131614614,
            42.55954600951455,
            20.18558893269049,
            53.5627070598347,
            0.0,
            17.306716101260328,
            30.45461520492114,
            12.857367977714722,
            21.348377443857725,
            34.40831116835014,
            30.721717284710202,
            34.726529222577526,
            25.476951783870962,
            15.451681678121616,
            5.488512771686246,
            55.26987674178209,
            41.04412677773589
        ],
        [
            31.51388783772846,
            35.70410964697251,
            27.635544999098038,
            35.56292334875905,
            43.89682463588353,
            16.128507119235906,
            39.79218042338362,
            55.90584808176288,
            58.855386456202915,
            6.964144585653284,
            36.69653832109943,
            17.306716101260328,
            0.0,
            34.601792479212264,
            24.8926785275892,
            38.59956813885037,
            45.72373903486391,
            24.284777768566038,
            43.78938707254834,
            41.86634617664493,
            19.120371114760662,
            17.835113090072436,
            38.42715497610038,
            31.51388783772846
        ],
        [
            27.791556327579098,
            69.94948426962907,
            45.71225967290552,
            58.17388143549828,
            9.327171780820908,
            20.79133967344334,
            67.66321116199714,
            86.84774130581445,
            61.88998814505569,
            41.390716247845084,
            55.69080411180167,
            30.45461520492114,
            34.601792479212264,
            0.0,
            42.829983086124834,
            35.77480861379849,
            62.7994618667373,
            57.57031448814383,
            64.34336732941486,
            31.304875846480602,
            16.348777214571104,
            35.92469267918131,
            67.33385801672901,
            27.791556327579098
        ],
        [
            53.057078828876314,
            39.000368933521656,
            52.48895850100912,
            59.321728213506674,
            51.10892769498507,
            23.867943368952762,
            60.75041739244685,
            46.674655999845456,
            34.94699475004749,
            24.087923882484752,
            61.192290722379695,
            12.857367977714722,
            24.8926785275892,
            42.829983086124834,
            0.0,
            22.0586945153347,
            21.87901202292143,
            26.34014119331218,
            21.869457200777536,
            29.30155557851326,
            28.30658250957573,
            8.145281276122516,
            58.73669492283589,
            53.057078828876314
        ],
        [
            56.75056500033181,
            60.98093127716526,
            64.33076439893391,
            73.8926031302137,
            41.09680661232063,
            26.99943730466642,
            78.1524002308678,
            66.88748362919614,
            26.17132990591793,
            41.25236955556509,
            74.2520216308909,
            21.348377443857725,
            38.59956813885037,
            35.77480861379849,
            22.0586945153347,
            0.0,
            32.10930741966947,
            48.08799002937245,
            36.141599821738026,
            8.400384671827894,
            28.9673243697504,
            22.91756220345079,
            76.56264416421793,
            56.75056500033181
        ],
        [
            74.92738162404261,
            45.42193448339173,
            72.70412303890348,
            77.79800790899961,
            70.19530179972696,
            45.39662363668751,
            76.67146626776673,
            39.51326854466983,
            25.051748001032493,
            43.119439741868284,
            80.5446077931622,
            34.40831116835014,
            45.72373903486391,
            62.7994618667373,
            21.87901202292143,
            32.10930741966947,
            0.0,
            36.8184880378979,
            6.396699753659322,
            40.456378839142765,
            49.633548617370735,
            30.024049808047213,
            74.26286874031108,
            74.92738162404261
        ],
        [
            54.521087548426806,
            13.253051366404273,
            42.781276940437046,
            43.98271036069651,
            66.86959717392584,
            37.07357018243575,
            40.466231308507815,
            32.14656375288063,
            58.44639392851571,
            17.485026690634673,
            48.02409244777869,
            30.721717284710202,
            24.284777768566038,
            57.57031448814383,
            26.34014119331218,
            48.08799002937245,
            36.8184880378979,
            0.0,
            31.909633374111092,
            54.56169465097621,
            41.266843909562176,
            26.378406788219507,
            37.903850688920755,
            54.521087548426806
        ],
        [
            74.10130187456998,
            39.58357878925846,
            69.98978731031407,
            74.19381032398098,
            72.22664006073514,
            45.725550004594695,
            72.21889883782974,
            33.31423727460881,
            31.443713368837695,
            40.32350980683808,
            77.3042346865353,
            34.726529222577526,
            43.78938707254834,
            64.34336732941486,
            21.869457200777536,
            36.141599821738026,
            6.396699753659322,
            31.909633374111092,
            0.0,
            44.54071383127089,
            50.17582327774951,
            29.775340824133654,
            69.72302010945971,
            74.10130187456998
        ],
        [
            55.219937666945796,
            67.67992875229176,
            65.69013844060682,
            76.16149109194069,
            35.13418809267604,
            27.889981344211893,
            81.64495914127633,
            74.99471403123279,
            31.55407686852221,
            45.62479433796888,
            75.86956525317049,
            25.476951783870962,
            41.86634617664493,
            31.304875846480602,
            29.30155557851326,
            8.400384671827894,
            40.456378839142765,
            54.56169465097621,
            44.54071383127089,
            0.0,
            28.52910284129354,
            28.447270611327976,
            80.28628520122479,
            55.219937666945796
        ],
        [
            27.884297559787605,
            53.80205498327647,
            37.59201410922295,
            48.84145171254678,
            25.612338747385085,
            4.636026655992805,
            56.1770166864825,
            70.65592053239904,
            54.15033910783622,
            25.5693159822772,
            47.875813382684015,
            15.451681678121616,
            19.120371114760662,
            16.348777214571104,
            28.30658250957573,
            28.9673243697504,
            49.633548617370735,
            41.266843909562176,
            50.17582327774951,
            28.52910284129354,
            0.0,
            20.63441274788242,
            55.335137770204334,
            27.884297559787605
        ],
        [
            44.92052293762857,
            39.61705574156155,
            45.397935000671744,
            53.15851504359787,
            44.61459457979153,
            16.069869273988598,
            55.92435334303851,
            51.562194679799354,
            41.026627643898365,
            18.73318426225379,
            54.522894963220445,
            5.488512771686246,
            17.835113090072436,
            35.92469267918131,
            8.145281276122516,
            22.91756220345079,
            30.024049808047213,
            26.378406788219507,
            29.775340824133654,
            28.447270611327976,
            20.63441274788242,
            0.0,
            54.15381055218512,
            44.92052293762857
        ],
        [
            47.4976458924802,
            35.54711976414045,
            25.017937981978967,
            14.626485526825096,
            75.59626961006977,
            53.69760917671392,
            2.826630167066122,
            61.67540795859518,
            93.5462502042833,
            35.43078898187274,
            20.583102462597108,
            55.26987674178209,
            38.42715497610038,
            67.33385801672901,
            58.73669492283589,
            76.56264416421793,
            74.26286874031108,
            37.903850688920755,
            69.72302010945971,
            80.28628520122479,
            55.335137770204334,
            54.15381055218512,
            0.0,
            47.4976458924802
        ],
        [
            0.0,
            63.59001688390195,
            22.64208800353485,
            35.0013191878379,
            32.85913274699649,
            30.848892184973455,
            46.87851271784791,
            86.65783867188165,
            82.00058154522996,
            37.41260254433598,
            30.912470099770108,
            41.04412677773589,
            31.51388783772846,
            27.791556327579098,
            53.057078828876314,
            56.75056500033181,
            74.92738162404261,
            54.521087548426806,
            74.10130187456998,
            55.219937666945796,
            27.884297559787605,
            44.92052293762857,
            47.4976458924802,
            0.0
        ]
    ],
    "scores_ave": [
        0,
        13.500832876569458,
        14.152769388047174,
        19.01417197833748,
        11.126308095652021,
        19.611139158558725,
        16.29783908256414,
        11.826681250358934,
        19.21642290531436,
        16.29006934175096,
        18.19522349963318,
        17.79677098953882,
        17.358589463167633,
        13.883383937687135,
        10.734624866131627,
        16.002251551203212,
        17.00027742273847,
        15.242609337501811,
        19.634285236543356,
        12.024079774112442,
        16.365127964625948,
        12.146022313431022,
        12.73772268362108,
        0
    ],
    "scores_var": [
        0,
        18.798659592445805,
        375.01229984473247,
        16.332061691568416,
        390.60121421420956,
        278.43653024567294,
        17.789326769088632,
        21.842797692973612,
        277.2264497256528,
        22.323744462874714,
        16.99111415301104,
        248.02443909639604,
        358.7939657950751,
        261.3345450177187,
        23.7213496679779,
        23.40862030964227,
        16.355387007681657,
        22.54012974011568,
        23.243365941062557,
        342.48996312413345,
        17.581318620722342,
        377.3170858944263,
        390.68490208925266,
        0
    ],
    "vertex_number": 24,
    "minimum_distances": {
        "cost": 379.2266963778982,
        "path": [
            0,
            2,
            10,
            3,
            6,
            22,
            17,
            1,
            7,
            18,
            16,
            8,
            19,
            15,
            14,
            21,
            11,
            9,
            12,
            5,
            20,
            13,
            4,
            23
        ]
    }
}