{
    "vertices": [
        [
            3.497117872040001,
            91.32971763116386
        ],
        [
            53.98283508500097,
            3.3470994305033863
        ],
        [
            58.74295972769076,
            37.21019959758735
        ],
        [
            52.867951162724324,
            96.05347811974592
        ],
        [
            89.63153857077849,
            90.70656673800829
        ],
        [
            31.823556372764262,
            2.0387313171371213
        ],
        [
            72.20689896760094,
            83.11266055987797
        ],
        [
            36.72765641533079,
            62.86475618823973
        ],
        [
            30.19528678028759,
            71.86174373406439
        ],
        [
            32.63909090054688,
            33.658013296727404
        ],
        [
            5.31623374007223,
            20.211315280718413
        ],
        [
            3.497117872040001,
            91.32971763116386
        ]
    ],
    "distances": [
        [
            0.0,
            101.43839878443593,
            77.3370886090638,
            49.59630120250937,
            86.1366748031459,
            93.67639700088291,
            69.19937893588838,
            43.75525936186749,
            33.0423097060642,
            64.61640714890359,
            71.14166385052553,
            0.0
        ],
        [
            101.43839878443593,
            0.0,
            34.19602812520636,
            92.7130822259372,
            94.3530952776214,
            22.19787062235161,
            81.8209095933373,
            61.96848115658443,
            72.52657401527082,
            37.07164570419108,
            51.50572650403899,
            101.43839878443593
        ],
        [
            77.3370886090638,
            34.19602812520636,
            0.0,
            59.13583645197519,
            61.77350241137665,
            44.2909297485156,
            47.836320743244954,
            33.805766576106414,
            44.89653819342992,
            26.344449040751467,
            56.06582843207051,
            77.3370886090638
        ],
        [
            49.59630120250937,
            92.7130822259372,
            59.13583645197519,
            0.0,
            37.15038116135276,
            96.34126410025114,
            23.26928579302615,
            36.905289295432695,
            33.155538342575305,
            65.59268875406192,
            89.5164761032589,
            49.59630120250937
        ],
        [
            86.1366748031459,
            94.3530952776214,
            61.77350241137665,
            37.15038116135276,
            0.0,
            105.84775786018628,
            19.00751105071018,
            59.782833337060076,
            62.35218826113969,
            80.63917497833648,
            109.9029167343681,
            86.1366748031459
        ],
        [
            93.67639700088291,
            22.19787062235161,
            44.2909297485156,
            96.34126410025114,
            105.84775786018628,
            0.0,
            90.57481085814587,
            61.0234012395859,
            69.84199542424432,
            31.629797493358197,
            32.13846544356216,
            93.67639700088291
        ],
        [
            69.19937893588838,
            81.8209095933373,
            47.836320743244954,
            23.26928579302615,
            19.00751105071018,
            90.57481085814587,
            0.0,
            40.850389025391465,
            43.492053159153,
            63.33540535240832,
            91.82015210458631,
            69.19937893588838
        ],
        [
            43.75525936186749,
            61.96848115658443,
            33.805766576106414,
            36.905289295432695,
            59.782833337060076,
            61.0234012395859,
            40.850389025391465,
            0.0,
            11.118346907187169,
            29.49152756809294,
            52.971629158778576,
            43.75525936186749
        ],
        [
            33.0423097060642,
            72.52657401527082,
            44.89653819342992,
            33.155538342575305,
            62.35218826113969,
            69.84199542424432,
            43.492053159153,
            11.118346907187169,
            0.0,
            38.28181288689062,
            57.33004482461235,
            33.0423097060642
        ],
        [
            64.61640714890359,
            37.07164570419108,
            26.344449040751467,
            65.59268875406192,
            80.63917497833648,
            31.629797493358197,
            63.33540535240832,
            29.49152756809294,
            38.28181288689062,
            0.0,
            30.452458208582133,
            64.61640714890359
        ],
        [
            71.14166385052553,
            51.50572650403899,
            56.06582843207051,
            89.5164761032589,
            109.9029167343681,
            32.13846544356216,
            91.82015210458631,
            52.971629158778576,
            57.33004482461235,
            30.452458208582133,
            0.0,
            71.14166385052553
        ],
        [
            0.0,
            101.43839878443593,
            77.3370886090638,
            49.59630120250937,
            86.1366748031459,
            93.67639700088291,
            69.19937893588838,
            43.75525936186749,
            33.0423097060642,
            64.61640714890359,
            71.14166385052553,
            0.0
        ]
    ],
    "scores_ave": [
        0,
        18.526137643860373,
        12.891145573341051,
        10.55779058494094,
        15.066775065436175,
        16.189132320712496,
        16.178724076018128,
        11.116704539920052,
        15.796453818740686,
        10.192274613468765,
        14.529481623153993,
        0
    ],
    "scores_var": [
        0,
        19.950428147324917,
        365.21098148593677,
        395.3965774866124,
        16.990258347340152,
        24.090882868880662,
        22.3458825142637,
        344.67144184519145,
        21.547182623953,
        19.20275069104282,
        299.86111613753553,
        0
    ],
    "vertex_number": 12,
    "minimum_distances": {
        "cost": 346.22752073886386,
        "path": [
            0,
            8,
            7,
            9,
            10,
            5,
            1,
            2,
            6,
            4,
            3,
            11
        ]
    }
}