{
    "vertices": [
        [
            11.40183774187089,
            62.55152350987252
        ],
        [
            79.13318471570777,
            11.10722179709901
        ],
        [
            14.403784294699095,
            53.69772546871664
        ],
        [
            95.84969697179534,
            35.907370440066366
        ],
        [
            91.60166146536268,
            88.20449150065727
        ],
        [
            38.56088705056271,
            38.2906051929085
        ],
        [
            21.255886475797748,
            91.21732877386518
        ],
        [
            95.3501995821429,
            64.2261702577635
        ],
        [
            21.216780243673917,
            20.748477815252464
        ],
        [
            86.62788033826321,
            7.519637587656359
        ],
        [
            88.19373922037599,
            39.72660470128344
        ],
        [
            16.177651695354754,
            67.77802495994382
        ],
        [
            98.36662975391525,
            95.88695610255722
        ],
        [
            28.74352281843646,
            70.78264802911161
        ],
        [
            2.4712473990805117,
            40.40847827527436
        ],
        [
            90.47058466944978,
            46.06848024468899
        ],
        [
            73.35417921532023,
            99.82662848544553
        ],
        [
            54.63662354753848,
            79.84635580911652
        ],
        [
            97.25876584386148,
            20.998295249159447
        ],
        [
            62.29923966149911,
            78.01520260242127
        ],
        [
            59.436698223346795,
            46.14629381218507
        ],
        [
            12.723767260176533,
            86.15322914432068
        ],
        [
            11.40183774187089,
            62.55152350987252
        ]
    ],
    "distances": [
        [
            0.0,
            85.05322769657336,
            9.348872812249228,
            88.55140778849537,
            84.2026513360202,
            36.41711296814114,
            30.312219778230606,
            83.96506355261967,
            42.9398151563347,
            93.20657676832705,
            80.11225281630217,
            7.079881095462594,
            93.13498867686386,
            19.195974894388563,
            23.87613654116178,
            80.76854249012686,
            72.30163251948643,
            46.56563032882653,
            95.38387118374524,
            53.19465098339779,
            50.75903252534214,
            23.63869722523874,
            0.0
        ],
        [
            85.05322769657336,
            0.0,
            77.48449058918406,
            29.908011547429922,
            78.09898788204548,
            48.836949850217984,
            98.83021244225073,
            55.53930371138001,
            58.71340327877275,
            8.309104821495149,
            30.019372507572303,
            84.7052481786026,
            86.93404831791646,
            78.10425418691158,
            82.0708003149616,
            36.75358798743724,
            88.90742391783564,
            72.9736257410029,
            20.648729386268222,
            68.99318518182422,
            40.19562349089942,
            100.21034849526403,
            85.05322769657336
        ],
        [
            9.348872812249228,
            77.48449058918406,
            0.0,
            83.3662607044997,
            84.55902755850468,
            28.652137245772295,
            38.14016172587539,
            81.62824448414486,
            33.64624547746839,
            85.72476800587388,
            75.10092984398815,
            14.191597489985448,
            93.96643336364113,
            22.305216426294784,
            17.860277929912296,
            76.44843688356563,
            74.85335500045387,
            47.98366621073982,
            89.07413038697447,
            53.71512206950087,
            45.66166288001631,
            32.49895653822493,
            9.348872812249228
        ],
        [
            88.55140778849537,
            29.908011547429922,
            83.3662607044997,
            0.0,
            52.46936893931557,
            57.338360196977,
            92.8624146530735,
            28.323204634311296,
            76.15684004051995,
            29.848036426577348,
            8.555713847106645,
            85.81010090925534,
            60.03237165791294,
            75.62753200001897,
            93.48686975371578,
            11.497086658055744,
            67.7622303957275,
            60.24244231714706,
            14.975513284503537,
            53.8396017364826,
            37.82515075547795,
            97.13169671816136,
            88.55140778849537
        ],
        [
            84.2026513360202,
            78.09898788204548,
            84.55902755850468,
            52.46936893931557,
            0.0,
            72.83350737719947,
            70.41026379241403,
            24.269557631740323,
            97.49023175127216,
            80.8380117869223,
            48.597525066208654,
            78.14103777865468,
            10.236457312203653,
            65.22780253927951,
            101.13698429292762,
            42.15118953578105,
            21.634340215472193,
            37.89818545134303,
            67.4438703259538,
            31.023435203459574,
            52.947869203234625,
            78.9045617914393,
            84.2026513360202
        ],
        [
            36.41711296814114,
            48.836949850217984,
            28.652137245772295,
            57.338360196977,
            72.83350737719947,
            0.0,
            55.68393946110145,
            62.43139877531833,
            24.668690152958582,
            57.07265799910953,
            49.6536213090102,
            37.02049634302566,
            83.03051546514088,
            33.94279729391627,
            36.15172854189473,
            52.48916123549127,
            70.69126779399161,
            44.55681444175146,
            61.19203345226792,
            46.276916751540604,
            22.304962134125407,
            54.391061127514874,
            36.41711296814114
        ],
        [
            30.312219778230606,
            98.83021244225073,
            38.14016172587539,
            92.8624146530735,
            70.41026379241403,
            55.68393946110145,
            0.0,
            78.85740214299757,
            70.46886180948691,
            106.20170004032985,
            84.45099641551654,
            23.983107216676682,
            77.25200417007063,
            21.7632919187242,
            54.170120493041956,
            82.63832627509365,
            52.804849662666385,
            35.26432522561194,
            103.4753610352735,
            43.11441726583982,
            59.06921853401118,
            9.921802425342158,
            30.312219778230606
        ],
        [
            83.96506355261967,
            55.53930371138001,
            81.62824448414486,
            28.323204634311296,
            24.269557631740323,
            62.43139877531833,
            78.85740214299757,
            0.0,
            85.94226901204593,
            57.37342329387434,
            25.523393923336393,
            79.25217984832445,
            31.804153994267306,
            66.9285947131049,
            95.8842125169536,
            18.801924058645778,
            41.8475511589222,
            43.607172233294534,
            43.2699873230264,
            35.81205613586046,
            40.207729507342634,
            85.48639207307228,
            83.96506355261967
        ],
        [
            42.9398151563347,
            58.71340327877275,
            33.64624547746839,
            76.15684004051995,
            97.49023175127216,
            24.668690152958582,
            70.46886180948691,
            85.94226901204593,
            0.0,
            66.73540461667739,
            69.61380849996014,
            47.298743335962236,
            107.69350119104055,
            50.59713472891694,
            27.164510297735745,
            73.73731721774452,
            94.71885918309184,
            67.89289439869611,
            76.04239595626518,
            70.47869351560504,
            45.88911840280839,
            65.95386846846138,
            42.9398151563347
        ],
        [
            93.20657676832705,
            8.309104821495149,
            85.72476800587388,
            29.848036426577348,
            80.8380117869223,
            57.07265799910953,
            106.20170004032985,
            57.37342329387434,
            66.73540461667739,
            0.0,
            32.24500960919299,
            92.70549047681443,
            89.14359886922567,
            85.74851214801805,
            90.35493738272329,
            38.7398973510976,
            93.2564834749078,
            79.08599547161677,
            17.16653543931143,
            74.5755150430089,
            47.237474063443244,
            107.91227757284587,
            93.20657676832705
        ],
        [
            80.11225281630217,
            30.019372507572303,
            75.10092984398815,
            8.555713847106645,
            48.597525066208654,
            49.6536213090102,
            84.45099641551654,
            25.523393923336393,
            69.61380849996014,
            32.24500960919299,
            0.0,
            77.28647385499936,
            57.07427416377651,
            67.07313961204873,
            85.72520373625821,
            6.738205295701035,
            61.90497072126356,
            52.30367521727962,
            20.80683259458339,
            46.22274155261338,
            29.464891229825486,
            88.60670473981139,
            80.11225281630217
        ],
        [
            7.079881095462594,
            84.7052481786026,
            14.191597489985448,
            85.81010090925534,
            78.14103777865468,
            37.02049634302566,
            23.983107216676682,
            79.25217984832445,
            47.298743335962236,
            92.70549047681443,
            77.28647385499936,
            0.0,
            86.86276604098398,
            12.92009585373398,
            30.60976322118853,
            77.39989807252348,
            65.54592502342285,
            40.30802805164441,
            93.60817369961461,
            47.244054468286606,
            48.36607177515966,
            18.696990306172463,
            7.079881095462594
        ],
        [
            93.13498867686386,
            86.93404831791646,
            93.96643336364113,
            60.03237165791294,
            10.236457312203653,
            83.03051546514088,
            77.25200417007063,
            31.804153994267306,
            107.69350119104055,
            89.14359886922567,
            57.07427416377651,
            86.86276604098398,
            0.0,
            74.01083233686526,
            110.7871195537291,
            50.44034164016845,
            25.320815556181344,
            46.57911871840945,
            74.89685498643071,
            40.25240615476471,
            63.16385876479997,
            86.19423029773478,
            93.13498867686386
        ],
        [
            19.195974894388563,
            78.10425418691158,
            22.305216426294784,
            75.62753200001897,
            65.22780253927951,
            33.94279729391627,
            21.7632919187242,
            66.9285947131049,
            50.59713472891694,
            85.74851214801805,
            67.07313961204873,
            12.92009585373398,
            74.01083233686526,
            0.0,
            40.15996319651472,
            66.49075314685055,
            53.23216569808834,
            27.433619230585393,
            84.69250444137181,
            34.326316122003256,
            39.35760365594515,
            22.201066009667674,
            19.195974894388563
        ],
        [
            23.87613654116178,
            82.0708003149616,
            17.860277929912296,
            93.48686975371578,
            101.13698429292762,
            36.15172854189473,
            54.170120493041956,
            95.8842125169536,
            27.164510297735745,
            90.35493738272329,
            85.72520373625821,
            30.60976322118853,
            110.7871195537291,
            40.15996319651472,
            0.0,
            88.18117135941198,
            92.49273807853324,
            65.39550942598765,
            96.75447719887164,
            70.6657935126327,
            57.25369083952155,
            46.87959466093198,
            23.87613654116178
        ],
        [
            80.76854249012686,
            36.75358798743724,
            76.44843688356563,
            11.497086658055744,
            42.15118953578105,
            52.48916123549127,
            82.63832627509365,
            18.801924058645778,
            73.73731721774452,
            38.7398973510976,
            6.738205295701035,
            77.39989807252348,
            50.44034164016845,
            66.49075314685055,
            88.18117135941198,
            0.0,
            56.4172831492736,
            49.24446819016935,
            25.972939367093442,
            42.59363507566616,
            31.033983999817053,
            87.47202245070933,
            80.76854249012686
        ],
        [
            72.30163251948643,
            88.90742391783564,
            74.85335500045387,
            67.7622303957275,
            21.634340215472193,
            70.69126779399161,
            52.804849662666385,
            41.8475511589222,
            94.71885918309184,
            93.2564834749078,
            61.90497072126356,
            65.54592502342285,
            25.320815556181344,
            53.23216569808834,
            92.49273807853324,
            56.4172831492736,
            0.0,
            27.378060311076975,
            82.37314721857116,
            24.45301592011299,
            55.45515853187322,
            62.153106948826824,
            72.30163251948643
        ],
        [
            46.56563032882653,
            72.9736257410029,
            47.98366621073982,
            60.24244231714706,
            37.89818545134303,
            44.55681444175146,
            35.26432522561194,
            43.607172233294534,
            67.89289439869611,
            79.08599547161677,
            52.30367521727962,
            40.30802805164441,
            46.57911871840945,
            27.433619230585393,
            65.39550942598765,
            49.24446819016935,
            27.378060311076975,
            0.0,
            72.66182798138497,
            7.878375960584733,
            34.04019529160136,
            42.384716271686486,
            46.56563032882653
        ],
        [
            95.38387118374524,
            20.648729386268222,
            89.07413038697447,
            14.975513284503537,
            67.4438703259538,
            61.19203345226792,
            103.4753610352735,
            43.2699873230264,
            76.04239595626518,
            17.16653543931143,
            20.80683259458339,
            93.60817369961461,
            74.89685498643071,
            84.69250444137181,
            96.75447719887164,
            25.972939367093442,
            82.37314721857116,
            72.66182798138497,
            0.0,
            66.88120958106038,
            45.41949615326797,
            106.73018034476682,
            95.38387118374524
        ],
        [
            53.19465098339779,
            68.99318518182422,
            53.71512206950087,
            53.8396017364826,
            31.023435203459574,
            46.276916751540604,
            43.11441726583982,
            35.81205613586046,
            70.47869351560504,
            74.5755150430089,
            46.22274155261338,
            47.244054468286606,
            40.25240615476471,
            34.326316122003256,
            70.6657935126327,
            42.59363507566616,
            24.45301592011299,
            7.878375960584733,
            66.88120958106038,
            0.0,
            31.997210674768716,
            50.2389782918697,
            53.19465098339779
        ],
        [
            50.75903252534214,
            40.19562349089942,
            45.66166288001631,
            37.82515075547795,
            52.947869203234625,
            22.304962134125407,
            59.06921853401118,
            40.207729507342634,
            45.88911840280839,
            47.237474063443244,
            29.464891229825486,
            48.36607177515966,
            63.16385876479997,
            39.35760365594515,
            57.25369083952155,
            31.033983999817053,
            55.45515853187322,
            34.04019529160136,
            45.41949615326797,
            31.997210674768716,
            0.0,
            61.50327465948127,
            50.75903252534214
        ],
        [
            23.63869722523874,
            100.21034849526403,
            32.49895653822493,
            97.13169671816136,
            78.9045617914393,
            54.391061127514874,
            9.921802425342158,
            85.48639207307228,
            65.95386846846138,
            107.91227757284587,
            88.60670473981139,
            18.696990306172463,
            86.19423029773478,
            22.201066009667674,
            46.87959466093198,
            87.47202245070933,
            62.153106948826824,
            42.384716271686486,
            106.73018034476682,
            50.2389782918697,
            61.50327465948127,
            0.0,
            23.63869722523874
        ],
        [
            0.0,
            85.05322769657336,
            9.348872812249228,
            88.55140778849537,
            84.2026513360202,
            36.41711296814114,
            30.312219778230606,
            83.96506355261967,
            42.9398151563347,
            93.20657676832705,
            80.11225281630217,
            7.079881095462594,
            93.13498867686386,
            19.195974894388563,
            23.87613654116178,
            80.76854249012686,
            72.30163251948643,
            46.56563032882653,
            95.38387118374524,
            53.19465098339779,
            50.75903252534214,
            23.63869722523874,
            0.0
        ]
    ],
    "scores_ave": [
        0,
        13.275374367716703,
        10.988663132689814,
        14.257956982162876,
        18.69596578162639,
        10.183895395559595,
        14.391401883666699,
        14.899471667435227,
        13.150097362890616,
        15.403534444587006,
        10.770520481355296,
        11.805505502060825,
        16.989379954711566,
        18.855097348078395,
        12.644148779453673,
        10.589204457897667,
        14.660396897009228,
        18.065033906658222,
        19.444791266042593,
        17.98532084207314,
        11.30194757369177,
        11.62907382827174,
        0
    ],
    "scores_var": [
        0,
        16.832702067524416,
        363.57428743721744,
        22.478566211877776,
        23.332716922865774,
        343.5596793003174,
        24.56717342560873,
        24.030249059570487,
        385.04996194601074,
        21.609812866836744,
        17.312206348552284,
        19.182193838278895,
        336.7905459864796,
        389.6457226172387,
        18.75447867548201,
        23.099971389527823,
        274.0081419042839,
        391.82831415600594,
        20.93413093675364,
        334.2356274667628,
        19.362313270664806,
        22.60686740226796,
        0
    ],
    "vertex_number": 23,
    "minimum_distances": {
        "cost": 393.14374092175404,
        "path": [
            0,
            11,
            21,
            6,
            13,
            17,
            19,
            16,
            12,
            4,
            7,
            15,
            10,
            3,
            18,
            9,
            1,
            20,
            5,
            8,
            14,
            2,
            22
        ]
    }
}