{
    "vertices": [
        [
            14.93351328429342,
            30.934049206973402
        ],
        [
            45.73181609791512,
            91.49090876494088
        ],
        [
            15.889750174226835,
            18.28630931572607
        ],
        [
            13.080304049359647,
            33.45846932050558
        ],
        [
            84.94407677536108,
            86.30229891614786
        ],
        [
            63.15619371174971,
            35.27737958427858
        ],
        [
            96.7961071813703,
            99.02194362742078
        ],
        [
            47.7930600349559,
            52.4720588819871
        ],
        [
            25.66898753122404,
            43.386614639252116
        ],
        [
            35.46505972431056,
            12.741248734202305
        ],
        [
            98.18588565672484,
            58.26176113044761
        ],
        [
            78.20944694022467,
            50.74069072802525
        ],
        [
            63.821716031191045,
            91.86955853238779
        ],
        [
            91.20510314320344,
            47.09066918188094
        ],
        [
            85.27100149209986,
            79.1096871547969
        ],
        [
            61.078602077738076,
            44.4372448741171
        ],
        [
            46.90491629142342,
            82.80324482255284
        ],
        [
            6.532336210488676,
            30.317832473285566
        ],
        [
            30.95874242318677,
            25.29309431719815
        ],
        [
            89.41822082683804,
            78.81076577184878
        ],
        [
            3.310693300045764,
            4.336531904849239
        ],
        [
            24.276693349850596,
            62.06156935440683
        ],
        [
            97.58021848640635,
            37.93124892742035
        ],
        [
            86.42344224698529,
            18.63895046615719
        ],
        [
            14.93351328429342,
            30.934049206973402
        ]
    ],
    "distances": [
        [
            0.0,
            67.93871279118362,
            12.683836696611898,
            3.131625995876524,
            89.25873669391872,
            48.417883332246134,
            106.47744195916673,
            39.28912920159923,
            16.4413136078506,
            27.432141517946437,
            87.62283574851007,
            66.30344507167986,
            78.12293302590113,
            77.9640416385616,
            85.25405761055059,
            48.080198761861,
            60.93097786882767,
            8.423746155262476,
            16.989065336931162,
            88.54463081820272,
            29.026158392440102,
            32.4995003694872,
            82.94238171581995,
            72.53950231520167,
            0.0
        ],
        [
            67.93871279118362,
            0.0,
            79.05354058556605,
            66.58742574186971,
            39.5540523789784,
            58.852101051489,
            51.61664760477697,
            39.073256490296146,
            52.12043940170891,
            79.41608931061674,
            62.093523541472486,
            52.10927724681566,
            18.0938623638604,
            63.554709579513535,
            41.432376593615864,
            49.49314220638153,
            8.766508360794424,
            72.65496876628214,
            67.82620690748325,
            45.48942717230589,
            96.93006275301171,
            36.41988893825637,
            74.5445772149109,
            83.44588825474513,
            67.93871279118362
        ],
        [
            12.683836696611898,
            79.05354058556605,
            0.0,
            15.430081877266959,
            96.92613096405326,
            50.22761345671051,
            114.29821193649116,
            46.75988294977661,
            26.938055063770282,
            20.345526310085166,
            91.49147863678229,
            70.264012679756,
            87.81781092804881,
            80.63556002248939,
            92.26722780157768,
            52.21018834419765,
            71.58474346164373,
            15.242005956554811,
            16.61835020259438,
            95.23468814366434,
            18.783741950338104,
            44.57145058538327,
            84.01938029651446,
            70.53457360185632,
            12.683836696611898
        ],
        [
            3.131625995876524,
            66.58742574186971,
            15.430081877266959,
            0.0,
            89.2013013175686,
            50.10891297990331,
            106.33393088394266,
            39.578933994336275,
            16.032561282487407,
            30.500500249156488,
            88.64628196002941,
            67.38308712486571,
            77.37277449354136,
            79.3052400949265,
            85.41387760208042,
            49.23789319495316,
            59.82483817507085,
            7.262195441118658,
            19.65481894170923,
            88.79362776312124,
            30.716974672557093,
            30.71638756295261,
            84.61820901721003,
            74.82535706396864,
            3.131625995876524
        ],
        [
            89.25873669391872,
            39.5540523789784,
            96.92613096405326,
            89.2013013175686,
            0.0,
            55.4820172778295,
            17.385625853732737,
            50.24622558575718,
            73.17986172339087,
            88.65326408096242,
            31.00995423669386,
            36.193690278028555,
            21.843729146862064,
            39.7083411589563,
            7.200037758230084,
            48.18966312898483,
            38.19975274622427,
            96.34656995090604,
            81.46495793230706,
            8.72588298371565,
            115.68230746046852,
            65.33103689199622,
            49.99430521923066,
            67.67951865714981,
            89.25873669391872
        ],
        [
            48.417883332246134,
            58.852101051489,
            50.22761345671051,
            50.10891297990331,
            55.4820172778295,
            0.0,
            72.07644014026927,
            23.058249554597204,
            38.35427382180574,
            35.70260628024329,
            41.897029880645846,
            21.58041761155033,
            56.596092074033606,
            30.43509703304254,
            49.09517196342583,
            9.392524640675884,
            50.22760082304363,
            56.840639914319,
            33.70996620843489,
            50.841417969503595,
            67.37076498488722,
            47.2123751788994,
            34.52617129333402,
            28.60423356636517,
            48.417883332246134
        ],
        [
            106.47744195916673,
            51.61664760477697,
            114.29821193649116,
            106.33393088394266,
            17.385625853732737,
            72.07644014026927,
            0.0,
            67.58838953138972,
            90.30147828993711,
            105.85771437848436,
            40.78386888706265,
            51.73531985457492,
            33.741177873225915,
            52.231375548541486,
            23.00708627750167,
            65.23212022322214,
            52.46119632013879,
            113.43634002983144,
            98.8458487692408,
            21.515690027743883,
            133.05957237882376,
            81.39493011771975,
            61.09572660560922,
            81.04947728026855,
            106.47744195916673
        ],
        [
            39.28912920159923,
            39.073256490296146,
            46.75988294977661,
            39.578933994336275,
            50.24622558575718,
            23.058249554597204,
            67.58838953138972,
            0.0,
            23.916937120756714,
            41.599481567185315,
            50.724328741461335,
            30.465623710266602,
            42.5332903941015,
            43.7443121095389,
            45.979988428288074,
            15.526231465220297,
            30.344186261462816,
            46.83222264944261,
            31.970148017611272,
            49.25831393358982,
            65.54166543280546,
            25.39642126696158,
            51.8671022981298,
            51.35158863097399,
            39.28912920159923
        ],
        [
            16.4413136078506,
            52.12043940170891,
            26.938055063770282,
            16.032561282487407,
            73.17986172339087,
            38.35427382180574,
            90.30147828993711,
            23.916937120756714,
            0.0,
            32.17299305110658,
            74.02682282037226,
            53.05263716374811,
            61.69462327089076,
            65.64070741210442,
            69.48768220442604,
            35.42519761727676,
            44.773154962715736,
            23.173357354360373,
            18.850914685012594,
            72.9303450509023,
            44.99780308516905,
            18.726783405074283,
            72.11786292271422,
            65.60145310763909,
            16.4413136078506
        ],
        [
            27.432141517946437,
            79.41608931061674,
            20.345526310085166,
            30.500500249156488,
            88.65326408096242,
            35.70260628024329,
            105.85771437848436,
            41.599481567185315,
            32.17299305110658,
            0.0,
            77.49851001445727,
            57.19300857889814,
            84.0558705173182,
            65.47392706590516,
            82.97831917895587,
            40.75156099086658,
            70.98981345348191,
            33.85319461829663,
            13.336255964766869,
            85.30020325030381,
            33.23465879360728,
            50.573447264438265,
            67.02856896708067,
            51.29853443370819,
            27.432141517946437
        ],
        [
            87.62283574851007,
            62.093523541472486,
            91.49147863678229,
            88.64628196002941,
            31.00995423669386,
            41.897029880645846,
            40.78386888706265,
            50.724328741461335,
            74.02682282037226,
            77.49851001445727,
            0.0,
            21.345364925254394,
            48.066414472709695,
            13.172874394922966,
            24.524074957119616,
            39.59883513858567,
            56.85087722150688,
            95.81876786355697,
            74.87604275591559,
            22.34129670188283,
            109.12942990664885,
            74.00680543026694,
            20.33953193066748,
            41.331854542296206,
            87.62283574851007
        ],
        [
            66.30344507167986,
            52.10927724681566,
            70.264012679756,
            67.38308712486571,
            36.193690278028555,
            21.58041761155033,
            51.73531985457492,
            30.465623710266602,
            53.05263716374811,
            57.19300857889814,
            21.345364925254394,
            0.0,
            43.57281913738759,
            13.498508711459149,
            29.234662832864892,
            18.253746884838055,
            44.810501159954065,
            74.52986879000943,
            53.66758090732957,
            30.225249792302964,
            88.10884889123655,
            55.108113764792115,
            23.223018527690286,
            33.13595398868012,
            66.30344507167986
        ],
        [
            78.12293302590113,
            18.0938623638604,
            87.81781092804881,
            77.37277449354136,
            21.843729146862064,
            56.596092074033606,
            33.741177873225915,
            42.5332903941015,
            61.69462327089076,
            84.0558705173182,
            48.066414472709695,
            43.57281913738759,
            0.0,
            52.48808265874514,
            24.957687480137604,
            47.51156757188927,
            19.193127877460284,
            84.08738324561814,
            74.24554277366965,
            28.735224483485165,
            106.41247399880595,
            49.52095554108746,
            63.63157809657167,
            76.63915439045239,
            78.12293302590113
        ],
        [
            77.9640416385616,
            63.554709579513535,
            80.63556002248939,
            79.3052400949265,
            39.7083411589563,
            30.43509703304254,
            52.231375548541486,
            43.7443121095389,
            65.64070741210442,
            65.47392706590516,
            13.172874394922966,
            13.498508711459149,
            52.48808265874514,
            0.0,
            32.56426069106353,
            30.243126938273395,
            56.90250094673639,
            86.3180485836829,
            64.068387290362,
            31.770386779034162,
            97.74120694968036,
            68.58235844182309,
            11.159618050675572,
            28.850729259502035,
            77.9640416385616
        ],
        [
            85.25405761055059,
            41.432376593615864,
            92.26722780157768,
            85.41387760208042,
            7.200037758230084,
            49.09517196342583,
            23.00708627750167,
            45.979988428288074,
            69.48768220442604,
            82.97831917895587,
            24.524074957119616,
            29.234662832864892,
            24.957687480137604,
            32.56426069106353,
            0.0,
            42.27825023733935,
            38.54346717500389,
            92.63056997336959,
            76.45944774726415,
            4.1579781389047525,
            110.94375541223248,
            63.332013597292416,
            42.97883895428994,
            60.481717199169516,
            85.25405761055059
        ],
        [
            48.080198761861,
            49.49314220638153,
            52.21018834419765,
            49.23789319495316,
            48.18966312898483,
            9.392524640675884,
            65.23212022322214,
            15.526231465220297,
            35.42519761727676,
            40.75156099086658,
            39.59883513858567,
            18.253746884838055,
            47.51156757188927,
            30.243126938273395,
            42.27825023733935,
            0.0,
            40.900407342868235,
            56.34405848539323,
            35.68899614945547,
            44.549668121672184,
            70.32210509641608,
            40.80437843421096,
            37.076892853959535,
            36.165078702589085,
            48.080198761861
        ],
        [
            60.93097786882767,
            8.766508360794424,
            71.58474346164373,
            59.82483817507085,
            38.19975274622427,
            50.22760082304363,
            52.46119632013879,
            30.344186261462816,
            44.773154962715736,
            70.98981345348191,
            56.85087722150688,
            44.810501159954065,
            19.193127877460284,
            56.90250094673639,
            38.54346717500389,
            40.900407342868235,
            0.0,
            66.21679342783149,
            59.67996206587753,
            42.70036242810143,
            89.76347427729874,
            30.69614918388645,
            67.68664763574593,
            75.35761782298194,
            60.93097786882767
        ],
        [
            8.423746155262476,
            72.65496876628214,
            15.242005956554811,
            7.262195441118658,
            96.34656995090604,
            56.840639914319,
            113.43634002983144,
            46.83222264944261,
            23.173357354360373,
            33.85319461829663,
            95.81876786355697,
            74.52986879000943,
            84.08738324561814,
            86.3180485836829,
            92.63056997336959,
            56.34405848539323,
            66.21679342783149,
            0.0,
            24.937869075062864,
            96.02934160210452,
            26.18027811673965,
            36.36656488406738,
            91.36564440222296,
            80.74023228026516,
            8.423746155262476
        ],
        [
            16.989065336931162,
            67.82620690748325,
            16.61835020259438,
            19.65481894170923,
            81.46495793230706,
            33.70996620843489,
            98.8458487692408,
            31.970148017611272,
            18.850914685012594,
            13.336255964766869,
            74.87604275591559,
            53.66758090732957,
            74.24554277366965,
            64.068387290362,
            76.45944774726415,
            35.68899614945547,
            59.67996206587753,
            24.937869075062864,
            0.0,
            79.25687208788204,
            34.69282531674659,
            37.37071763266408,
            67.80961602010454,
            55.862425268998315,
            16.989065336931162
        ],
        [
            88.54463081820272,
            45.48942717230589,
            95.23468814366434,
            88.79362776312124,
            8.72588298371565,
            50.841417969503595,
            21.515690027743883,
            49.25831393358982,
            72.9303450509023,
            85.30020325030381,
            22.34129670188283,
            30.225249792302964,
            28.735224483485165,
            31.770386779034162,
            4.1579781389047525,
            44.549668121672184,
            42.70036242810143,
            96.02934160210452,
            79.25687208788204,
            0.0,
            113.84602675040456,
            67.26034628713386,
            41.68636591535302,
            60.24629495599381,
            88.54463081820272
        ],
        [
            29.026158392440102,
            96.93006275301171,
            18.783741950338104,
            30.716974672557093,
            115.68230746046852,
            67.37076498488722,
            133.05957237882376,
            65.54166543280546,
            44.99780308516905,
            33.23465879360728,
            109.12942990664885,
            88.10884889123655,
            106.41247399880595,
            97.74120694968036,
            110.94375541223248,
            70.32210509641608,
            89.76347427729874,
            26.18027811673965,
            34.69282531674659,
            113.84602675040456,
            0.0,
            61.41460010975601,
            100.07671252938168,
            84.33438334522783,
            29.026158392440102
        ],
        [
            32.4995003694872,
            36.41988893825637,
            44.57145058538327,
            30.71638756295261,
            65.33103689199622,
            47.2123751788994,
            81.39493011771975,
            25.39642126696158,
            18.726783405074283,
            50.573447264438265,
            74.00680543026694,
            55.108113764792115,
            49.52095554108746,
            68.58235844182309,
            63.332013597292416,
            40.80437843421096,
            30.69614918388645,
            36.36656488406738,
            37.37071763266408,
            67.26034628713386,
            61.41460010975601,
            0.0,
            77.17304685804949,
            75.81386568166594,
            32.4995003694872
        ],
        [
            82.94238171581995,
            74.5445772149109,
            84.01938029651446,
            84.61820901721003,
            49.99430521923066,
            34.52617129333402,
            61.09572660560922,
            51.8671022981298,
            72.11786292271422,
            67.02856896708067,
            20.33953193066748,
            23.223018527690286,
            63.63157809657167,
            11.159618050675572,
            42.97883895428994,
            37.076892853959535,
            67.68664763574593,
            91.36564440222296,
            67.80961602010454,
            41.68636591535302,
            100.07671252938168,
            77.17304685804949,
            0.0,
            22.286014358224023,
            82.94238171581995
        ],
        [
            72.53950231520167,
            83.44588825474513,
            70.53457360185632,
            74.82535706396864,
            67.67951865714981,
            28.60423356636517,
            81.04947728026855,
            51.35158863097399,
            65.60145310763909,
            51.29853443370819,
            41.331854542296206,
            33.13595398868012,
            76.63915439045239,
            28.850729259502035,
            60.481717199169516,
            36.165078702589085,
            75.35761782298194,
            80.74023228026516,
            55.862425268998315,
            60.24629495599381,
            84.33438334522783,
            75.81386568166594,
            22.286014358224023,
            0.0,
            72.53950231520167
        ],
        [
            0.0,
            67.93871279118362,
            12.683836696611898,
            3.131625995876524,
            89.25873669391872,
            48.417883332246134,
            106.47744195916673,
            39.28912920159923,
            16.4413136078506,
            27.432141517946437,
            87.62283574851007,
            66.30344507167986,
            78.12293302590113,
            77.9640416385616,
            85.25405761055059,
            48.080198761861,
            60.93097786882767,
            8.423746155262476,
            16.989065336931162,
            88.54463081820272,
            29.026158392440102,
            32.4995003694872,
            82.94238171581995,
            72.53950231520167,
            0.0
        ]
    ],
    "scores_ave": [
        0,
        11.471711332531928,
        19.260282282529875,
        15.550328497568813,
        16.68419654696628,
        13.878752137875011,
        16.95851333542746,
        15.166542056311897,
        14.782860296976935,
        12.226084842193677,
        19.607778607882793,
        10.797471615755246,
        11.452106579865475,
        10.207491504692882,
        13.901943143984969,
        10.623093679879553,
        16.475302132710198,
        11.360788178142627,
        19.498089735154984,
        13.824562307430565,
        13.371695796961744,
        16.82046273430022,
        16.978754347342388,
        10.200261931000476,
        0
    ],
    "scores_var": [
        0,
        309.8823524982954,
        324.9860862340685,
        352.8219776574666,
        24.17749037252789,
        364.3563033144601,
        20.133794422318456,
        325.930791993467,
        262.60727028178366,
        226.62149115643945,
        241.89015731199493,
        20.064998919977164,
        334.16375141388,
        23.578814336596672,
        20.814658229756514,
        345.18148337544005,
        255.26091611691695,
        21.009583587843164,
        251.89143537461447,
        18.024391172336905,
        312.21290072945766,
        236.44520992459027,
        257.7534831729844,
        19.682436256327218,
        0
    ],
    "vertex_number": 25,
    "minimum_distances": {
        "cost": 420.3730007618532,
        "path": [
            0,
            8,
            21,
            16,
            1,
            12,
            6,
            4,
            14,
            19,
            10,
            11,
            13,
            22,
            23,
            5,
            15,
            7,
            18,
            9,
            2,
            20,
            17,
            3,
            24
        ]
    }
}