{
    "vertices": [
        [
            46.864093041917286,
            89.51088469888747
        ],
        [
            21.970018685891613,
            18.684432165303775
        ],
        [
            56.670993693908336,
            58.43961662250774
        ],
        [
            74.73013326118424,
            41.42458623652912
        ],
        [
            26.07221614670463,
            32.58791317608187
        ],
        [
            61.02806527033844,
            92.51505829726212
        ],
        [
            23.820491177234715,
            24.155623730863752
        ],
        [
            2.796878326992358,
            71.51958459200361
        ],
        [
            74.77053918401602,
            43.02302108087011
        ],
        [
            51.97677562506784,
            74.7827981971584
        ],
        [
            75.08489364418384,
            71.72200889231392
        ],
        [
            25.381115068236547,
            92.12547443287086
        ],
        [
            65.01156906907862,
            25.041889163684694
        ],
        [
            40.896111746694686,
            55.484634847118464
        ],
        [
            92.10009046507662,
            78.82849335253538
        ],
        [
            64.14553750848063,
            92.84680923396583
        ],
        [
            82.10634535482188,
            7.478698430370079
        ],
        [
            6.933199412117608,
            61.32582250132834
        ],
        [
            46.864093041917286,
            89.51088469888747
        ]
    ],
    "distances": [
        [
            0.0,
            75.07397229756342,
            32.58218838985921,
            55.57704829615198,
            60.601376484464566,
            14.479059648218076,
            69.2987570097508,
            47.59838539559147,
            54.220763550961166,
            15.59025513577199,
            33.35952171561495,
            21.641497686036036,
            66.9744897067114,
            34.545657899584675,
            46.48019952350351,
            17.60047486162378,
            89.28211428992462,
            48.87610865396971,
            0.0
        ],
        [
            75.07397229756342,
            0.0,
            52.769615857359746,
            57.45210437556723,
            14.496027325600894,
            83.52539947842111,
            5.775654559292148,
            56.20642884203423,
            58.140019567194706,
            63.619432042818026,
            75.06113832675672,
            73.52021672898022,
            43.50853156421954,
            41.381782416527436,
            92.38795951771583,
            85.31607445510471,
            61.171449662162864,
            45.21497654164326,
            75.07397229756342
        ],
        [
            32.58218838985921,
            52.769615857359746,
            0.0,
            24.81217001687127,
            40.05740578800885,
            34.35287175843851,
            47.482077505015255,
            55.43920876645707,
            23.775301576276977,
            17.003977983396396,
            22.704485367163976,
            45.97601027524326,
            34.423442550138994,
            16.04926221797781,
            40.87697631103686,
            35.20971043104355,
            56.95588026797659,
            49.82146489609346,
            32.58218838985921
        ],
        [
            55.57704829615198,
            57.45210437556723,
            24.81217001687127,
            0.0,
            49.453813692139065,
            52.895963953919015,
            53.758801355107614,
            77.97500940329185,
            1.598945461922726,
            40.37927177311754,
            30.29949957528355,
            70.75242512102201,
            19.048444905993325,
            36.63913179614218,
            41.24036470265359,
            52.50027319211072,
            34.73804548040467,
            70.65750805259181,
            55.57704829615198
        ],
        [
            60.601376484464566,
            14.496027325600894,
            40.05740578800885,
            49.453813692139065,
            0.0,
            69.37704310742313,
            8.727758625561957,
            45.35875207563615,
            49.80379647808896,
            49.512165411239344,
            62.71937502079494,
            59.541572208890834,
            39.663783031991166,
            27.276505348748792,
            80.6093756461229,
            71.27911583087946,
            61.40273854852281,
            34.52780609817094,
            60.601376484464566
        ],
        [
            14.479059648218076,
            83.52539947842111,
            34.35287175843851,
            52.895963953919015,
            69.37704310742313,
            0.0,
            77.82940231128273,
            61.900573898301786,
            51.36455331351418,
            19.908764213288404,
            25.09871166989177,
            35.6490790105232,
            67.59065656910666,
            42.1491140307255,
            33.952802677962644,
            3.135074455190989,
            87.60979620300175,
            62.44215676730955,
            14.479059648218076
        ],
        [
            69.2987570097508,
            5.775654559292148,
            47.482077505015255,
            53.758801355107614,
            8.727758625561957,
            77.82940231128273,
            0.0,
            51.82023818675927,
            54.33126240624587,
            57.930019405727165,
            69.93282460776746,
            67.98776471823663,
            41.20061121281291,
            35.68029926100082,
            87.47128872708213,
            79.65292416125544,
            60.62475265672596,
            40.82651466628077,
            69.2987570097508
        ],
        [
            47.59838539559147,
            56.20642884203423,
            55.43920876645707,
            77.97500940329185,
            45.35875207563615,
            61.900573898301786,
            51.82023818675927,
            0.0,
            77.40970216391435,
            49.28803973868427,
            72.28829873565891,
            30.57205333827808,
            77.65850833270629,
            41.33607625900111,
            89.60180715504268,
            64.95004614544263,
            101.9373663609458,
            11.000997122103977,
            47.59838539559147
        ],
        [
            54.220763550961166,
            58.140019567194706,
            23.775301576276977,
            1.598945461922726,
            49.80379647808896,
            51.36455331351418,
            54.33126240624587,
            77.40970216391435,
            0.0,
            39.0926988024304,
            28.700709401128538,
            69.64457006596959,
            20.458704815492727,
            36.09388662731541,
            39.77870274656904,
            50.94409216513423,
            36.29342812216122,
            70.26305720052834,
            54.220763550961166
        ],
        [
            15.59025513577199,
            63.619432042818026,
            17.003977983396396,
            40.37927177311754,
            49.512165411239344,
            19.908764213288404,
            57.930019405727165,
            49.28803973868427,
            39.0926988024304,
            0.0,
            23.309945292815335,
            31.750552427807257,
            51.42046160434902,
            22.25309463131607,
            40.32676583908893,
            21.780432973499416,
            73.74030660037906,
            47.01078549577763,
            15.59025513577199
        ],
        [
            33.35952171561495,
            75.06113832675672,
            22.704485367163976,
            30.29949957528355,
            62.71937502079494,
            25.09871166989177,
            69.93282460776746,
            72.28829873565891,
            28.700709401128538,
            23.309945292815335,
            0.0,
            53.72864236877283,
            47.75463795145534,
            37.848713630950115,
            18.439605316738447,
            23.789213987402018,
            64.62587502877254,
            68.94007628496769,
            33.35952171561495
        ],
        [
            21.641497686036036,
            73.52021672898022,
            45.97601027524326,
            70.75242512102201,
            59.541572208890834,
            35.6490790105232,
            67.98776471823663,
            30.57205333827808,
            69.64457006596959,
            31.750552427807257,
            53.72864236877283,
            0.0,
            77.91521223022517,
            39.790278303643554,
            68.031106001997,
            38.77113321816851,
            101.89616498516361,
            35.901868351931896,
            21.641497686036036
        ],
        [
            66.9744897067114,
            43.50853156421954,
            34.423442550138994,
            19.048444905993325,
            39.663783031991166,
            67.59065656910666,
            41.20061121281291,
            77.65850833270629,
            20.458704815492727,
            51.42046160434902,
            47.75463795145534,
            77.91521223022517,
            0.0,
            38.83704477189203,
            60.22280947937858,
            67.810450495489,
            24.50912166917449,
            68.48080636544212,
            66.9744897067114
        ],
        [
            34.545657899584675,
            41.381782416527436,
            16.04926221797781,
            36.63913179614218,
            27.276505348748792,
            42.1491140307255,
            35.68029926100082,
            41.33607625900111,
            36.09388662731541,
            22.25309463131607,
            37.848713630950115,
            39.790278303643554,
            38.83704477189203,
            0.0,
            56.2741785058959,
            44.00531641933721,
            63.26810638295811,
            34.46155666039858,
            34.545657899584675
        ],
        [
            46.48019952350351,
            92.38795951771583,
            40.87697631103686,
            41.24036470265359,
            80.6093756461229,
            33.952802677962644,
            87.47128872708213,
            89.60180715504268,
            39.77870274656904,
            40.32676583908893,
            18.439605316738447,
            68.031106001997,
            60.22280947937858,
            56.2741785058959,
            0.0,
            31.272515267478802,
            72.04629190155303,
            86.9467815307288,
            46.48019952350351
        ],
        [
            17.60047486162378,
            85.31607445510471,
            35.20971043104355,
            52.50027319211072,
            71.27911583087946,
            3.135074455190989,
            79.65292416125544,
            64.95004614544263,
            50.94409216513423,
            21.780432973499416,
            23.789213987402018,
            38.77113321816851,
            67.810450495489,
            44.00531641933721,
            31.272515267478802,
            0.0,
            87.23706185256468,
            65.32093259477898,
            17.60047486162378
        ],
        [
            89.28211428992462,
            61.171449662162864,
            56.95588026797659,
            34.73804548040467,
            61.40273854852281,
            87.60979620300175,
            60.62475265672596,
            101.9373663609458,
            36.29342812216122,
            73.74030660037906,
            64.62587502877254,
            101.89616498516361,
            24.50912166917449,
            63.26810638295811,
            72.04629190155303,
            87.23706185256468,
            0.0,
            92.46899286591311,
            89.28211428992462
        ],
        [
            48.87610865396971,
            45.21497654164326,
            49.82146489609346,
            70.65750805259181,
            34.52780609817094,
            62.44215676730955,
            40.82651466628077,
            11.000997122103977,
            70.26305720052834,
            47.01078549577763,
            68.94007628496769,
            35.901868351931896,
            68.48080636544212,
            34.46155666039858,
            86.9467815307288,
            65.32093259477898,
            92.46899286591311,
            0.0,
            48.87610865396971
        ],
        [
            0.0,
            75.07397229756342,
            32.58218838985921,
            55.57704829615198,
            60.601376484464566,
            14.479059648218076,
            69.2987570097508,
            47.59838539559147,
            54.220763550961166,
            15.59025513577199,
            33.35952171561495,
            21.641497686036036,
            66.9744897067114,
            34.545657899584675,
            46.48019952350351,
            17.60047486162378,
            89.28211428992462,
            48.87610865396971,
            0.0
        ]
    ],
    "scores_ave": [
        0,
        14.683380560505997,
        18.187445486866316,
        15.384396474412554,
        10.216290216320521,
        11.968161637842176,
        11.203946066189378,
        15.516042073665233,
        12.224957719812215,
        15.405869395162586,
        13.634139855162188,
        16.08987623453969,
        11.215705918312777,
        13.063116115065494,
        14.304394466248787,
        14.074059321928562,
        16.249113051066104,
        15.610260706012308,
        0
    ],
    "scores_var": [
        0,
        24.12384430206191,
        20.888770874264168,
        16.989873623173544,
        21.3165522298283,
        342.3015030209838,
        235.67761568828587,
        20.010198862994766,
        16.23567829671258,
        19.311821776763992,
        16.430441242708753,
        24.931634623475922,
        372.74358852635595,
        343.7351901426696,
        17.310677079217527,
        292.79990726313326,
        258.37011213176805,
        226.68151684473986,
        0
    ],
    "vertex_number": 19,
    "minimum_distances": {
        "cost": 369.31427001117703,
        "path": [
            0,
            5,
            15,
            14,
            10,
            9,
            13,
            2,
            8,
            3,
            16,
            12,
            1,
            6,
            4,
            17,
            7,
            11,
            18
        ]
    }
}