{
    "vertices": [
        [
            68.61959070111357,
            36.21114885182002
        ],
        [
            41.74380470201026,
            26.31935401448906
        ],
        [
            66.1387871965863,
            91.30467280580822
        ],
        [
            42.64798008901644,
            18.858733187777645
        ],
        [
            21.32231730288097,
            15.041231274398514
        ],
        [
            4.822498618418614,
            16.488306362381177
        ],
        [
            97.18969944243916,
            97.5437743982338
        ],
        [
            31.290935974785896,
            89.28333495312509
        ],
        [
            17.997818825077704,
            21.273421150522953
        ],
        [
            24.71325697812359,
            49.83808390777741
        ],
        [
            0.0993784896288985,
            10.933686082889949
        ],
        [
            13.466773985514891,
            84.60100212525336
        ],
        [
            0.9298607170607043,
            76.19641424688929
        ],
        [
            21.86621195545111,
            27.965934426743623
        ],
        [
            48.31948972502032,
            47.1121471717013
        ],
        [
            68.61959070111357,
            36.21114885182002
        ]
    ],
    "distances": [
        [
            0.0,
            28.638356764546472,
            55.14934965796738,
            31.235090638000383,
            51.818891160868944,
            66.77618942460758,
            67.66049120356558,
            64.88517088864715,
            52.779726190531846,
            45.97237757625602,
            73.03403046211771,
            73.37173223720991,
            78.61756161334507,
            47.47485634576318,
            23.041828573479936,
            0.0
        ],
        [
            28.638356764546472,
            0.0,
            69.41330441147468,
            7.515210991743872,
            23.32880623035272,
            38.207752365930624,
            90.26164912390595,
            63.82574214429086,
            24.276187586504054,
            29.037393332891234,
            44.395686865504324,
            64.77917082402783,
            64.44764666792015,
            19.945674229067347,
            21.807794037922566,
            28.638356764546472
        ],
        [
            55.14934965796738,
            69.41330441147468,
            0.0,
            76.15925541721366,
            88.45693012957291,
            96.73249677744441,
            31.67152569707153,
            34.90642550435988,
            84.9819336338759,
            58.61358672457317,
            104.02258893711532,
            53.0968942246212,
            66.93626497867447,
            77.2777891630808,
            47.64983404274726,
            55.14934965796738
        ],
        [
            31.235090638000383,
            7.515210991743872,
            76.15925541721366,
            0.0,
            21.664653565811218,
            37.89968300417694,
            95.73993346727742,
            71.33447262593562,
            24.768148261337846,
            35.79629120589372,
            43.28036355760073,
            71.92766306993728,
            70.90847024981683,
            22.68971135039613,
            28.81703356173667,
            31.235090638000383
        ],
        [
            51.818891160868944,
            23.32880623035272,
            88.45693012957291,
            21.664653565811218,
            0.0,
            16.56315316992489,
            112.08268954040163,
            74.90836613402163,
            7.063460963365209,
            34.9616851005529,
            21.616777266080305,
            70.00193769914122,
            64.46556204675012,
            12.936142120792194,
            41.921247181859826,
            51.818891160868944
        ],
        [
            66.77618942460758,
            38.207752365930624,
            96.73249677744441,
            37.89968300417694,
            16.56315316992489,
            0.0,
            122.88892825057947,
            77.45769402464266,
            14.017360168151937,
            38.8310433860795,
            7.291204989596286,
            68.65903305980775,
            59.834862555028465,
            20.54809261948125,
            53.19593839046708,
            66.77618942460758
        ],
        [
            67.66049120356558,
            90.26164912390595,
            31.67152569707153,
            95.73993346727742,
            112.08268954040163,
            122.88892825057947,
            0.0,
            66.414470459321,
            109.9478091652809,
            86.76789508484383,
            130.10702448642567,
            84.71743386798215,
            98.59851082479432,
            102.54122869509972,
            70.2256820724472,
            67.66049120356558
        ],
        [
            64.88517088864715,
            63.82574214429086,
            34.90642550435988,
            71.33447262593562,
            74.90836613402163,
            77.45769402464266,
            66.414470459321,
            0.0,
            69.29686384673725,
            39.98991986755706,
            84.33018876084053,
            18.42891725877401,
            33.061493982827756,
            62.03748084950994,
            45.47945384149561,
            64.88517088864715
        ],
        [
            52.779726190531846,
            24.276187586504054,
            84.9819336338759,
            24.768148261337846,
            7.063460963365209,
            14.017360168151937,
            109.9478091652809,
            69.29686384673725,
            0.0,
            29.343433132867464,
            20.67037221993016,
            63.48947061875036,
            57.51391453066404,
            7.730084046341933,
            39.83771439932198,
            52.779726190531846
        ],
        [
            45.97237757625602,
            29.037393332891234,
            58.61358672457317,
            35.79629120589372,
            34.9616851005529,
            38.8310433860795,
            86.76789508484383,
            39.98991986755706,
            29.343433132867464,
            0.0,
            46.03688938626816,
            36.536883593130355,
            35.502274800024935,
            22.056667660410778,
            23.76310071496876,
            45.97237757625602
        ],
        [
            73.03403046211771,
            44.395686865504324,
            104.02258893711532,
            43.28036355760073,
            21.616777266080305,
            7.291204989596286,
            130.10702448642567,
            84.33018876084053,
            20.67037221993016,
            46.03688938626816,
            0.0,
            74.87029260814256,
            65.26801198242637,
            27.63860565903324,
            60.28316659157977,
            73.03403046211771
        ],
        [
            73.37173223720991,
            64.77917082402783,
            53.0968942246212,
            71.92766306993728,
            70.00193769914122,
            68.65903305980775,
            84.71743386798215,
            18.42891725877401,
            63.48947061875036,
            36.536883593130355,
            74.87029260814256,
            0.0,
            15.093418820992376,
            57.25453214746923,
            51.18716675249016,
            73.37173223720991
        ],
        [
            78.61756161334507,
            64.44764666792015,
            66.93626497867447,
            70.90847024981683,
            64.46556204675012,
            59.834862555028465,
            98.59851082479432,
            33.061493982827756,
            57.51391453066404,
            35.502274800024935,
            65.26801198242637,
            15.093418820992376,
            0.0,
            52.57860769228042,
            55.6028014475252,
            78.61756161334507
        ],
        [
            47.47485634576318,
            19.945674229067347,
            77.2777891630808,
            22.68971135039613,
            12.936142120792194,
            20.54809261948125,
            102.54122869509972,
            62.03748084950994,
            7.730084046341933,
            22.056667660410778,
            27.63860565903324,
            57.25453214746923,
            52.57860769228042,
            0.0,
            32.65506648636877,
            47.47485634576318
        ],
        [
            23.041828573479936,
            21.807794037922566,
            47.64983404274726,
            28.81703356173667,
            41.921247181859826,
            53.19593839046708,
            70.2256820724472,
            45.47945384149561,
            39.83771439932198,
            23.76310071496876,
            60.28316659157977,
            51.18716675249016,
            55.6028014475252,
            32.65506648636877,
            0.0,
            23.041828573479936
        ],
        [
            0.0,
            28.638356764546472,
            55.14934965796738,
            31.235090638000383,
            51.818891160868944,
            66.77618942460758,
            67.66049120356558,
            64.88517088864715,
            52.779726190531846,
            45.97237757625602,
            73.03403046211771,
            73.37173223720991,
            78.61756161334507,
            47.47485634576318,
            23.041828573479936,
            0.0
        ]
    ],
    "scores_ave": [
        0,
        19.894329757354864,
        19.999077440782155,
        15.035799685159809,
        13.95540821904471,
        19.04328977843931,
        10.650410330318758,
        18.283115733390023,
        12.47029065819746,
        13.082799870100505,
        16.121290750156277,
        14.621287009403925,
        19.583992100929805,
        11.784295460799212,
        15.494793502076664,
        0
    ],
    "scores_var": [
        0,
        338.553760999779,
        22.934451634045185,
        22.610242446846343,
        22.39634133554535,
        364.74407301245435,
        24.604723742127828,
        307.92032030389225,
        18.774043136737816,
        233.2154795137676,
        16.313775317927917,
        17.668018479808794,
        22.339324509690854,
        371.1515830836745,
        19.061927371865433,
        0
    ],
    "vertex_number": 16,
    "minimum_distances": {
        "cost": 350.0046345843271,
        "path": [
            0,
            6,
            2,
            7,
            11,
            12,
            9,
            13,
            8,
            5,
            10,
            4,
            3,
            1,
            14,
            15
        ]
    }
}