{
    "vertices": [
        [
            77.2433358211074,
            79.16301096808544
        ],
        [
            15.031624505769702,
            8.267649037955493
        ],
        [
            53.04411032532097,
            9.06819084763536
        ],
        [
            99.12912675228581,
            51.18047764688579
        ],
        [
            83.91753094728156,
            21.149525324931506
        ],
        [
            43.13674502140169,
            59.793275240000064
        ],
        [
            47.61655806838523,
            74.4107095734763
        ],
        [
            41.545327144672854,
            16.06866054239501
        ],
        [
            23.16945634806913,
            84.04349758160227
        ],
        [
            20.63953117665952,
            30.02930634762746
        ],
        [
            16.205884824538053,
            64.66691714250425
        ],
        [
            70.31864865987333,
            47.38805114729375
        ],
        [
            76.70998567995376,
            57.71630413197128
        ],
        [
            11.38578692759371,
            11.097861215955751
        ],
        [
            20.84836091331891,
            55.71898078508707
        ],
        [
            17.140904616252904,
            39.328191847835434
        ],
        [
            18.13392973192933,
            86.60788089363004
        ],
        [
            40.02630126757322,
            51.35930402283545
        ],
        [
            56.62339290943655,
            92.33452977608569
        ],
        [
            16.816704017866847,
            8.993732638294127
        ],
        [
            80.57029417460757,
            86.0550603950434
        ],
        [
            77.2433358211074,
            79.16301096808544
        ]
    ],
    "distances": [
        [
            0.0,
            94.32099113128018,
            74.15447607740326,
            35.52478030551773,
            58.396141970601754,
            39.2230314758362,
            30.00550497082822,
            72.4930678003257,
            54.29367910585343,
            74.95406346528007,
            62.735214675321366,
            32.52075281868313,
            21.45333765378466,
            94.71051344513653,
            61.07385484862922,
            72.10488923143355,
            59.57640452749427,
            46.45593375292654,
            24.46775333760885,
            92.60186527499391,
            7.653038428595275,
            0.0
        ],
        [
            94.32099113128018,
            0.0,
            38.02091457830325,
            94.41345636784096,
            70.08003169906304,
            58.69231597671896,
            73.73386163958618,
            27.637514506854224,
            76.21157083805082,
            22.47261324574892,
            56.41149111683722,
            67.72784435527795,
            79.0530817093175,
            4.615434174478187,
            47.80651950321468,
            31.132079632251752,
            78.40163407045227,
            49.81590705550759,
            93.792940224642,
            1.927097885212293,
            101.71626510837811,
            94.32099113128018
        ],
        [
            74.15447607740326,
            38.02091457830325,
            0.0,
            62.428146204544156,
            33.15308045495631,
            51.68355709389424,
            65.56754591212515,
            13.46211686856136,
            80.70806384812457,
            38.59307078745968,
            66.69537632893511,
            42.033574295523024,
            54.09909964524915,
            41.70773873172302,
            56.68211783259934,
            46.95431652915169,
            85.03601731908746,
            44.24931192980929,
            83.34323285285085,
            36.22748282437389,
            81.75982436389127,
            74.15447607740326
        ],
        [
            35.52478030551773,
            94.41345636784096,
            62.428146204544156,
            0.0,
            33.66378980890765,
            56.650923154675965,
            56.508303883383014,
            67.44430055704439,
            82.76381822479436,
            81.28953598684116,
            84.01278534887867,
            29.059011453733028,
            23.352407033628694,
            96.46507048429737,
            78.41222041920908,
            82.84048073067808,
            88.40431460722824,
            59.103096019998205,
            59.16412271108263,
            92.49354783350904,
            39.505275451569545,
            35.52478030551773
        ],
        [
            58.396141970601754,
            70.08003169906304,
            33.15308045495631,
            33.66378980890765,
            0.0,
            56.181953581473145,
            64.45552249041042,
            42.67574067345788,
            87.44129638640057,
            63.89801065746785,
            80.48993981396552,
            29.553169657374415,
            37.27033701354942,
            73.22492637003602,
            71.92195394720983,
            69.20680415034911,
            92.8023625917932,
            53.28293133615344,
            76.2382766721532,
            68.19299282515597,
            64.99178776391572,
            58.396141970601754
        ],
        [
            39.2230314758362,
            58.69231597671896,
            51.68355709389424,
            56.650923154675965,
            56.181953581473145,
            0.0,
            15.288496048644346,
            43.75356604109421,
            31.41283019056604,
            37.30976380255151,
            27.36829582449113,
            29.878846533984863,
            33.637424058638025,
            58.13232050114499,
            22.657712626273018,
            33.08479041218515,
            36.662840162201796,
            8.989256411833608,
            35.225316436309676,
            57.21309366718681,
            45.72692819045617,
            39.2230314758362
        ],
        [
            30.00550497082822,
            73.73386163958618,
            65.56754591212515,
            56.508303883383014,
            64.45552249041042,
            15.288496048644346,
            0.0,
            58.6570927516369,
            26.27644167943936,
            51.93716330540471,
            32.88726021683176,
            35.293186107834856,
            33.54296801469617,
            72.94645669666762,
            32.64838593301665,
            46.47094256957105,
            31.90605525349026,
            24.268895651891302,
            20.059571393961647,
            72.30499208817734,
            34.95053117499464,
            30.00550497082822
        ],
        [
            72.4930678003257,
            27.637514506854224,
            13.46211686856136,
            67.44430055704439,
            42.67574067345788,
            43.75356604109421,
            58.6570927516369,
            0.0,
            70.41484998237415,
            25.138654227212662,
            54.807644372527996,
            42.53008651389412,
            54.50760888598286,
            30.566431130397664,
            44.727086944376794,
            33.713226417749084,
            74.32277670120718,
            35.323320298053126,
            77.74207919252575,
            25.72079716097132,
            80.13141840765252,
            72.4930678003257
        ],
        [
            54.29367910585343,
            76.21157083805082,
            80.70806384812457,
            82.76381822479436,
            87.44129638640057,
            31.41283019056604,
            26.27644167943936,
            70.41484998237415,
            0.0,
            54.07340729076847,
            20.58988095828067,
            59.7215881315455,
            59.66330024456149,
            73.89127641203784,
            28.41946051165099,
            45.11986261999726,
            5.6508928562536775,
            36.775123782621655,
            34.46602800297644,
            75.31815637822459,
            57.436073752833984,
            54.29367910585343
        ],
        [
            74.95406346528007,
            22.47261324574892,
            38.59307078745968,
            81.28953598684116,
            63.89801065746785,
            37.30976380255151,
            51.93716330540471,
            25.138654227212662,
            54.07340729076847,
            0.0,
            34.92021336637342,
            52.62452598295686,
            62.53371662164539,
            21.072052519880806,
            25.690523205290678,
            9.935273491714293,
            56.63402807727351,
            28.82387301148692,
            71.94983788497174,
            21.380116200965762,
            82.04012109997012,
            74.95406346528007
        ],
        [
            62.735214675321366,
            56.41149111683722,
            66.69537632893511,
            84.01278534887867,
            80.48993981396552,
            27.36829582449113,
            32.88726021683176,
            54.807644372527996,
            20.58988095828067,
            34.92021336637342,
            0.0,
            56.80449295592041,
            60.90202986390935,
            53.78547291414112,
            10.080582785300173,
            25.35597092539719,
            22.025513557988457,
            27.285615376282077,
            48.980320013600874,
            55.67653520942876,
            67.82499438093933,
            62.735214675321366
        ],
        [
            32.52075281868313,
            67.72784435527795,
            42.033574295523024,
            29.059011453733028,
            29.553169657374415,
            29.878846533984863,
            35.293186107834856,
            42.53008651389412,
            59.7215881315455,
            52.62452598295686,
            56.80449295592041,
            0.0,
            12.145863436567645,
            69.21025991288123,
            50.16685916376224,
            53.78507035875172,
            65.27970538322091,
            30.55154922319472,
            46.98665737417722,
            65.85272791803568,
            40.00292289227535,
            32.52075281868313
        ],
        [
            21.45333765378466,
            79.0530817093175,
            54.09909964524915,
            23.352407033628694,
            37.27033701354942,
            33.637424058638025,
            33.54296801469617,
            54.50760888598286,
            59.66330024456149,
            62.53371662164539,
            60.90202986390935,
            12.145863436567645,
            0.0,
            80.25291373247228,
            55.897320348298635,
            62.34258650511504,
            65.31368568838317,
            37.23041971902391,
            40.023652455459576,
            77.20812237848139,
            28.600473566214,
            21.45333765378466
        ],
        [
            94.71051344513653,
            4.615434174478187,
            41.70773873172302,
            96.46507048429737,
            73.22492637003602,
            58.13232050114499,
            72.94645669666762,
            30.566431130397664,
            73.89127641203784,
            21.072052519880806,
            53.78547291414112,
            69.21025991288123,
            80.25291373247228,
            0.0,
            45.61342585290034,
            28.810986571021168,
            75.8109523949572,
            49.40913719698227,
            92.98299475558349,
            5.824278282564559,
            102.0052829601758,
            94.71051344513653
        ],
        [
            61.07385484862922,
            47.80651950321468,
            56.68211783259934,
            78.41222041920908,
            71.92195394720983,
            22.657712626273018,
            32.64838593301665,
            44.727086944376794,
            28.41946051165099,
            25.690523205290678,
            10.080582785300173,
            50.16685916376224,
            55.897320348298635,
            45.61342585290034,
            0.0,
            16.804856267763345,
            31.007939089111453,
            19.66723614803698,
            51.19132096591629,
            46.89886002561281,
            66.98497621532327,
            61.07385484862922
        ],
        [
            72.10488923143355,
            31.132079632251752,
            46.95431652915169,
            82.84048073067808,
            69.20680415034911,
            33.08479041218515,
            46.47094256957105,
            33.713226417749084,
            45.11986261999726,
            9.935273491714293,
            25.35597092539719,
            53.78507035875172,
            62.34258650511504,
            28.810986571021168,
            16.804856267763345,
            0.0,
            47.290116252208506,
            25.85515499964556,
            66.0949222133232,
            30.33619161271433,
            78.78253425711542,
            72.10488923143355
        ],
        [
            59.57640452749427,
            78.40163407045227,
            85.03601731908746,
            88.40431460722824,
            92.8023625917932,
            36.662840162201796,
            31.90605525349026,
            74.32277670120718,
            5.6508928562536775,
            56.63402807727351,
            22.025513557988457,
            65.27970538322091,
            65.31368568838317,
            75.8109523949572,
            31.007939089111453,
            47.290116252208506,
            0.0,
            41.49383210636233,
            38.91315051644642,
            77.62532507489455,
            62.438811770585396,
            59.57640452749427
        ],
        [
            46.45593375292654,
            49.81590705550759,
            44.24931192980929,
            59.103096019998205,
            53.28293133615344,
            8.989256411833608,
            24.268895651891302,
            35.323320298053126,
            36.775123782621655,
            28.82387301148692,
            27.285615376282077,
            30.55154922319472,
            37.23041971902391,
            49.40913719698227,
            19.66723614803698,
            25.85515499964556,
            41.49383210636233,
            0.0,
            44.20896488833719,
            48.306594200297795,
            53.36301032630431,
            46.45593375292654
        ],
        [
            24.46775333760885,
            93.792940224642,
            83.34323285285085,
            59.16412271108263,
            76.2382766721532,
            35.225316436309676,
            20.059571393961647,
            77.74207919252575,
            34.46602800297644,
            71.94983788497174,
            48.980320013600874,
            46.98665737417722,
            40.023652455459576,
            92.98299475558349,
            51.19132096591629,
            66.0949222133232,
            38.91315051644642,
            44.20896488833719,
            0.0,
            92.35941180016655,
            24.756530772935392,
            24.46775333760885
        ],
        [
            92.60186527499391,
            1.927097885212293,
            36.22748282437389,
            92.49354783350904,
            68.19299282515597,
            57.21309366718681,
            72.30499208817734,
            25.72079716097132,
            75.31815637822459,
            21.380116200965762,
            55.67653520942876,
            65.85272791803568,
            77.20812237848139,
            5.824278282564559,
            46.89886002561281,
            30.33619161271433,
            77.62532507489455,
            48.306594200297795,
            92.35941180016655,
            0.0,
            100.01484136620326,
            92.60186527499391
        ],
        [
            7.653038428595275,
            101.71626510837811,
            81.75982436389127,
            39.505275451569545,
            64.99178776391572,
            45.72692819045617,
            34.95053117499464,
            80.13141840765252,
            57.436073752833984,
            82.04012109997012,
            67.82499438093933,
            40.00292289227535,
            28.600473566214,
            102.0052829601758,
            66.98497621532327,
            78.78253425711542,
            62.438811770585396,
            53.36301032630431,
            24.756530772935392,
            100.01484136620326,
            0.0,
            7.653038428595275
        ],
        [
            0.0,
            94.32099113128018,
            74.15447607740326,
            35.52478030551773,
            58.396141970601754,
            39.2230314758362,
            30.00550497082822,
            72.4930678003257,
            54.29367910585343,
            74.95406346528007,
            62.735214675321366,
            32.52075281868313,
            21.45333765378466,
            94.71051344513653,
            61.07385484862922,
            72.10488923143355,
            59.57640452749427,
            46.45593375292654,
            24.46775333760885,
            92.60186527499391,
            7.653038428595275,
            0.0
        ]
    ],
    "scores_ave": [
        0,
        13.363838016186271,
        11.534512199770544,
        19.57520900261774,
        19.065220229673898,
        14.843987908244767,
        19.885812567036947,
        19.340239396509425,
        15.279158993344224,
        18.915592156134295,
        17.08546873288973,
        19.4282551915865,
        11.946937642334323,
        16.48355985071144,
        19.648357703613975,
        18.22087791894273,
        11.554398200168055,
        10.008728648483931,
        18.434694163819398,
        15.189374871981695,
        16.58460942628551,
        0
    ],
    "scores_var": [
        0,
        19.08724660326376,
        296.0572163295893,
        24.061503645543066,
        334.25022629364645,
        19.984353626762346,
        279.4119752085946,
        234.26868733587747,
        19.462387224518846,
        16.834104658526282,
        316.7093786065875,
        21.78052401730958,
        327.09223994419557,
        272.5364661209087,
        16.40246283665891,
        17.419927815603028,
        271.20476656264066,
        226.06927321147873,
        388.82217137211205,
        22.14068147157647,
        371.6729186760349,
        0
    ],
    "vertex_number": 22,
    "minimum_distances": {
        "cost": 378.5459352947606,
        "path": [
            0,
            3,
            12,
            11,
            4,
            2,
            7,
            19,
            1,
            13,
            9,
            15,
            14,
            10,
            16,
            8,
            17,
            5,
            6,
            18,
            20,
            21
        ]
    }
}