{
    "vertices": [
        [
            9.353095399492851,
            54.40843068796514
        ],
        [
            63.346534720558836,
            93.17210582524895
        ],
        [
            27.10139044188409,
            81.84017240239328
        ],
        [
            20.410302200108422,
            69.97477904974475
        ],
        [
            24.33994298531389,
            70.24929964205391
        ],
        [
            16.326582201738237,
            53.12452559599
        ],
        [
            78.2711852755804,
            88.48697756490749
        ],
        [
            10.139423786281387,
            34.39750936835759
        ],
        [
            89.4607250247174,
            98.78363079677777
        ],
        [
            58.228069703256104,
            17.49507394768235
        ],
        [
            9.71490719880257,
            73.38198815996553
        ],
        [
            51.64540164267625,
            86.82521772765779
        ],
        [
            1.1098809720004654,
            25.013739302038886
        ],
        [
            16.986806834216495,
            9.800155393989861
        ],
        [
            9.353095399492851,
            54.40843068796514
        ]
    ],
    "distances": [
        [
            0.0,
            66.46739049990235,
            32.67265569859399,
            19.093795420289236,
            21.806850524118413,
            7.090693228894497,
            76.88335625746602,
            20.02636473230709,
            91.57723903279306,
            61.24833890832386,
            18.977006901021607,
            53.28683936343002,
            30.528649917273864,
            45.25673181938479,
            0.0
        ],
        [
            66.46739049990235,
            0.0,
            37.97529721913947,
            48.802008489197526,
            45.243444189323206,
            61.76313315474755,
            15.642749790409468,
            79.28082897298017,
            26.71030040542227,
            75.84992971606226,
            57.16642570458789,
            13.311630397125004,
            92.29823398597715,
            95.39447829097882,
            66.46739049990235
        ],
        [
            32.67265569859399,
            37.97529721913947,
            0.0,
            13.621975674339767,
            11.915281087820594,
            30.670586302221444,
            51.59968916758122,
            50.38367382979167,
            64.62017790114778,
            71.47840133205813,
            19.334701452073357,
            25.045142497489458,
            62.48841543383944,
            72.74660715200093,
            32.67265569859399
        ],
        [
            19.093795420289236,
            48.802008489197526,
            13.621975674339767,
            0.0,
            3.939217975227065,
            17.338045174726663,
            60.75017106262527,
            37.03016420938163,
            74.81918758740841,
            64.68618852986755,
            11.22499657704757,
            35.49040322150776,
            48.92853313535148,
            60.271930885214054,
            19.093795420289236
        ],
        [
            21.806850524118413,
            45.243444189323206,
            11.915281087820594,
            3.939217975227065,
            0.0,
            18.906925640528986,
            56.931465737228045,
            38.561711727453144,
            71.0979908849114,
            62.70098453026078,
            14.95678471821374,
            31.942904264790553,
            50.85166369370355,
            60.89472597507793,
            21.806850524118413
        ],
        [
            7.090693228894497,
            61.76313315474755,
            30.670586302221444,
            17.338045174726663,
            18.906925640528986,
            0.0,
            71.32767246468829,
            19.722628274344324,
            86.21691675180992,
            55.001749786701794,
            21.309130340661827,
            48.817575286519876,
            31.965048136664723,
            43.32940052626263,
            7.090693228894497
        ],
        [
            76.88335625746602,
            15.642749790409468,
            51.59968916758122,
            60.75017106262527,
            56.931465737228045,
            71.32767246468829,
            0.0,
            86.99199672050476,
            15.206145717271745,
            73.76704454594162,
            70.2005980648591,
            26.677589842842295,
            99.91355692499667,
            99.73660824542773,
            76.88335625746602
        ],
        [
            20.02636473230709,
            79.28082897298017,
            50.38367382979167,
            37.03016420938163,
            38.561711727453144,
            19.722628274344324,
            86.99199672050476,
            0.0,
            102.163797221687,
            50.972641576420834,
            38.98679008313424,
            66.86860849175326,
            13.022587457662597,
            25.532655113510874,
            20.02636473230709
        ],
        [
            91.57723903279306,
            26.71030040542227,
            64.62017790114778,
            74.81918758740841,
            71.0979908849114,
            86.21691675180992,
            15.206145717271745,
            102.163797221687,
            0.0,
            87.08219239912269,
            83.69372084793648,
            39.661093348772525,
            115.09938547174376,
            114.7629195892209,
            91.57723903279306
        ],
        [
            61.24833890832386,
            75.84992971606226,
            71.47840133205813,
            64.68618852986755,
            62.70098453026078,
            55.001749786701794,
            73.76704454594162,
            50.972641576420834,
            87.08219239912269,
            0.0,
            74.00590595590744,
            69.64194393716939,
            57.6109174779411,
            41.952991962209154,
            61.24833890832386
        ],
        [
            18.977006901021607,
            57.16642570458789,
            19.334701452073357,
            11.22499657704757,
            14.95678471821374,
            21.309130340661827,
            70.2005980648591,
            38.98679008313424,
            83.69372084793648,
            74.00590595590744,
            0.0,
            44.032792161267686,
            49.127731211061175,
            63.99632788049663,
            18.977006901021607
        ],
        [
            53.28683936343002,
            13.311630397125004,
            25.045142497489458,
            35.49040322150776,
            31.942904264790553,
            48.817575286519876,
            26.677589842842295,
            66.86860849175326,
            39.661093348772525,
            69.64194393716939,
            44.032792161267686,
            0.0,
            79.84045161831845,
            84.4634738902114,
            53.28683936343002
        ],
        [
            30.528649917273864,
            92.29823398597715,
            62.48841543383944,
            48.92853313535148,
            50.85166369370355,
            31.965048136664723,
            99.91355692499667,
            13.022587457662597,
            115.09938547174376,
            57.6109174779411,
            49.127731211061175,
            79.84045161831845,
            0.0,
            21.989313544573246,
            30.528649917273864
        ],
        [
            45.25673181938479,
            95.39447829097882,
            72.74660715200093,
            60.271930885214054,
            60.89472597507793,
            43.32940052626263,
            99.73660824542773,
            25.532655113510874,
            114.7629195892209,
            41.952991962209154,
            63.99632788049663,
            84.4634738902114,
            21.989313544573246,
            0.0,
            45.25673181938479
        ],
        [
            0.0,
            66.46739049990235,
            32.67265569859399,
            19.093795420289236,
            21.806850524118413,
            7.090693228894497,
            76.88335625746602,
            20.02636473230709,
            91.57723903279306,
            61.24833890832386,
            18.977006901021607,
            53.28683936343002,
            30.528649917273864,
            45.25673181938479,
            0.0
        ]
    ],
    "scores_ave": [
        0,
        19.99888175912716,
        10.736756681653068,
        13.145988530865928,
        10.633039099406338,
        19.01336435950985,
        15.20834363991401,
        12.973904572636219,
        19.005227051722905,
        12.275742582579944,
        11.494985989374502,
        17.95993959260492,
        11.928568863736356,
        17.420764250155237,
        0
    ],
    "scores_var": [
        0,
        295.288511275637,
        16.44068916502633,
        245.70934434998034,
        21.72897456403956,
        22.956588674973077,
        287.04162002648224,
        24.000384398499506,
        23.289446777268616,
        368.5462878374925,
        312.2020343520421,
        369.9015221949967,
        227.4254504242318,
        24.28112816190401,
        0
    ],
    "vertex_number": 15,
    "minimum_distances": {
        "cost": 303.87498057205073,
        "path": [
            0,
            5,
            7,
            12,
            13,
            9,
            6,
            8,
            1,
            11,
            2,
            4,
            3,
            10,
            14
        ]
    }
}