{
    "vertices": [
        [
            69.82911568115797,
            39.766966346056435
        ],
        [
            67.83987849939342,
            5.2425161446082
        ],
        [
            68.48131642237722,
            22.894655327605516
        ],
        [
            4.747746214310123,
            9.04949399113345
        ],
        [
            30.87595069450767,
            95.65761094873758
        ],
        [
            37.127168239773766,
            42.98431221571492
        ],
        [
            13.392883009024558,
            64.20129873429482
        ],
        [
            96.95666233808488,
            11.291837074958966
        ],
        [
            15.701319307566507,
            79.42867347992258
        ],
        [
            97.2630904094132,
            30.380114574844942
        ],
        [
            42.88404708996273,
            28.887742317819963
        ],
        [
            11.80794359631605,
            96.9502377759992
        ],
        [
            37.553382204344565,
            83.61260842285569
        ],
        [
            48.56631257630526,
            78.25802730213141
        ],
        [
            69.18950258537916,
            95.97021004275376
        ],
        [
            27.44564526197426,
            1.1187685476104048
        ],
        [
            45.20244624945726,
            36.66688725338425
        ],
        [
            23.322018697472746,
            65.62732109024219
        ],
        [
            63.30299781797034,
            8.379720265081414
        ],
        [
            50.071910761999646,
            17.931448822268326
        ],
        [
            52.897099589281495,
            46.066542769407384
        ],
        [
            72.24896342067973,
            3.381343991875907
        ],
        [
            60.02751162073554,
            58.298178353030835
        ],
        [
            65.74627054980459,
            79.0596639085895
        ],
        [
            69.82911568115797,
            39.766966346056435
        ]
    ],
    "distances": [
        [
            0.0,
            34.58171086394647,
            16.926058074617085,
            71.96629599719449,
            68.12571626471468,
            32.85983385387187,
            61.4986581762732,
            39.328574530860614,
            67.10342281160888,
            28.995447152358985,
            29.05846239636183,
            81.46399782437238,
            54.4441300839042,
            43.973498489431265,
            56.20688309222136,
            57.35888560494903,
            24.8210261205915,
            53.21341952313377,
            32.05853132805523,
            29.447189539059096,
            18.065930146250512,
            36.46600029045563,
            20.963712948920133,
            39.504249215841426,
            0.0
        ],
        [
            34.58171086394647,
            0.0,
            17.66378952390882,
            63.20688440828565,
            97.6791755043239,
            48.65915887234748,
            80.25343209100893,
            29.73855048295838,
            90.67532903044608,
            38.69915055840077,
            34.37863060271985,
            107.47038632015519,
            84.01870756879704,
            75.51645657064441,
            90.73773154123411,
            40.604179256361824,
            38.72911615893821,
            75.0210937647921,
            5.5159166066016665,
            21.83368246575133,
            43.47283969812414,
            4.785811490773581,
            53.62775744538453,
            73.84683133524437,
            34.58171086394647
        ],
        [
            16.926058074617085,
            17.66378952390882,
            0.0,
            65.2200618207278,
            81.90611236195782,
            37.23811115159598,
            68.85473321032316,
            30.74850754789827,
            77.34224785901908,
            29.739243668642665,
            26.289490085363866,
            93.25288456263732,
            68.14108117040671,
            58.83630116330206,
            73.07898620375143,
            46.455522305102676,
            27.047738699290583,
            62.172686078275426,
            15.410980612473626,
            19.066715385271873,
            27.924974161429034,
            19.873713371912448,
            36.39884968286883,
            56.231562887999836,
            16.926058074617085
        ],
        [
            71.96629599719449,
            63.20688440828565,
            65.2200618207278,
            0.0,
            90.46352299297797,
            46.90414543127789,
            55.825262709880036,
            92.23617682464352,
            71.22646747540206,
            94.9425314915536,
            42.987597527072644,
            88.18382586963155,
            81.46083590578205,
            81.91390505329413,
            108.20328480741526,
            24.043523602801987,
            48.98268230237652,
            59.54875412244504,
            58.55908202159647,
            46.18624268728033,
            60.734027782462924,
            67.7387795044727,
            74.03570337862148,
            92.85603837650505,
            71.96629599719449
        ],
        [
            68.12571626471468,
            97.6791755043239,
            81.90611236195782,
            90.46352299297797,
            0.0,
            53.042945998657444,
            35.988293010751214,
            107.16456621777156,
            22.21818734947222,
            93.1042633415353,
            67.84106231503556,
            19.111770687491056,
            13.772079632977148,
            24.813190334662774,
            38.314827112856484,
            94.60105558557807,
            60.70546892156844,
            30.965790763374336,
            93.10716184770914,
            80.0614836349098,
            54.260529317476944,
            101.12682940512867,
            47.38713652784616,
            38.61905038654208,
            68.12571626471468
        ],
        [
            32.85983385387187,
            48.65915887234748,
            37.23811115159598,
            46.90414543127789,
            53.042945998657444,
            0.0,
            31.83515057831769,
            67.70510574991577,
            42.275979828051845,
            61.442614961954895,
            15.226783540261918,
            59.610269737051354,
            40.63053175924189,
            37.08219248034947,
            61.93140279556718,
            42.97040416141819,
            10.25280318197694,
            26.519577763931586,
            43.38953604472673,
            28.199509271925628,
            16.068319139048178,
            52.93331265722855,
            27.548869723413166,
            46.04871351945242,
            32.85983385387187
        ],
        [
            61.4986581762732,
            80.25343209100893,
            68.85473321032316,
            55.825262709880036,
            35.988293010751214,
            31.83515057831769,
            0.0,
            98.9055931120006,
            15.40135772548018,
            90.43276058670126,
            46.00843428794736,
            32.78726950051232,
            30.992396893307163,
            37.878249240880834,
            64.20690369324133,
            64.62883057654594,
            42.07127439414199,
            10.031015665388882,
            74.8803591273219,
            59.0444755060537,
            43.467832951803196,
            84.63512920940751,
            47.00675925851416,
            54.42102721051666,
            61.4986581762732
        ],
        [
            39.328574530860614,
            29.73855048295838,
            30.74850754789827,
            92.23617682464352,
            107.16456621777156,
            67.70510574991577,
            98.9055931120006,
            0.0,
            106.04272368382465,
            19.09073691808546,
            56.86355248388193,
            120.77941014107009,
            93.58976257584152,
            82.6201947686473,
            89.11476874909816,
            70.25149691086641,
            57.64019478199188,
            91.51177829796032,
            33.77942509793184,
            47.35255404417206,
            56.12953968946517,
            25.94313563566765,
            59.77757349587943,
            74.60942909130782,
            39.328574530860614
        ],
        [
            67.10342281160888,
            90.67532903044608,
            77.34224785901908,
            71.22646747540206,
            22.21818734947222,
            42.275979828051845,
            15.40135772548018,
            106.04272368382465,
            0.0,
            95.17396511617505,
            57.38716243572469,
            17.94891611798612,
            22.248999178647136,
            32.88583578119645,
            55.98757167640295,
            79.18567043746708,
            51.950811852421666,
            15.765544296834596,
            85.52118772522122,
            70.45031013076913,
            49.96556650645641,
            94.76725371670766,
            49.105082723600425,
            50.04631168129898,
            67.10342281160888
        ],
        [
            28.995447152358985,
            38.69915055840077,
            29.739243668642665,
            94.9425314915536,
            93.1042633415353,
            61.442614961954895,
            90.43276058670126,
            19.09073691808546,
            95.17396511617505,
            0.0,
            54.39951771194491,
            108.32434361612741,
            79.99342257469011,
            68.29107334380338,
            71.34554615954066,
            75.70140037173155,
            52.43886136312632,
            81.91243893969573,
            40.46362858919658,
            48.80549882476188,
            47.05746668654374,
            36.80543658211757,
            46.53930180880109,
            57.99145158900137,
            28.995447152358985
        ],
        [
            29.05846239636183,
            34.37863060271985,
            26.289490085363866,
            42.987597527072644,
            67.84106231503556,
            15.226783540261918,
            46.00843428794736,
            56.86355248388193,
            57.38716243572469,
            54.39951771194491,
            0.0,
            74.8213037599754,
            54.983879076842605,
            49.696208914658754,
            72.05577329324916,
            31.77200269503048,
            8.117269897647885,
            41.62294563343159,
            28.93980852300881,
            13.103654121215776,
            19.8839735794829,
            38.89568956416291,
            34.04221091379195,
            55.1353151585993,
            29.05846239636183
        ],
        [
            81.46399782437238,
            107.47038632015519,
            93.25288456263732,
            88.18382586963155,
            19.111770687491056,
            59.610269737051354,
            32.78726950051232,
            120.77941014107009,
            17.94891611798612,
            108.32434361612741,
            74.8213037599754,
            0.0,
            28.995171423559487,
            41.23804581291899,
            57.389927394737654,
            97.09896089997956,
            68.91498500096417,
            33.37212961646217,
            102.45231662311453,
            87.79578686344108,
            65.40236354856073,
            111.39234606288562,
            61.79893557415286,
            56.82794865070066,
            81.46399782437238
        ],
        [
            54.4441300839042,
            84.01870756879704,
            68.14108117040671,
            81.46083590578205,
            13.772079632977148,
            40.63053175924189,
            30.992396893307163,
            93.58976257584152,
            22.248999178647136,
            79.99342257469011,
            54.983879076842605,
            28.995171423559487,
            0.0,
            12.24565940878935,
            33.96401670237812,
            83.11076923876212,
            47.564786522047946,
            22.93473932054582,
            79.517483390822,
            66.86350487169108,
            40.56028487624152,
            87.41189363086187,
            33.85124610386954,
            28.558155700422294,
            54.4441300839042
        ],
        [
            43.973498489431265,
            75.51645657064441,
            58.83630116330206,
            81.91390505329413,
            24.813190334662774,
            37.08219248034947,
            37.878249240880834,
            82.6201947686473,
            32.88583578119645,
            68.29107334380338,
            49.696208914658754,
            41.23804581291899,
            12.24565940878935,
            0.0,
            27.185242018190053,
            79.97842102092036,
            41.726952048039664,
            28.227807439684675,
            71.41531828869869,
            60.34536350858984,
            32.481493077941685,
            78.53270436296489,
            23.016399666476094,
            17.198650447637366,
            43.973498489431265
        ],
        [
            56.20688309222136,
            90.73773154123411,
            73.07898620375143,
            108.20328480741526,
            38.314827112856484,
            61.93140279556718,
            64.20690369324133,
            89.11476874909816,
            55.98757167640295,
            71.34554615954066,
            72.05577329324916,
            57.389927394737654,
            33.96401670237812,
            27.185242018190053,
            0.0,
            103.63081384387266,
            63.97079775587329,
            54.99560880826581,
            87.78806774197305,
            80.34631646785863,
            52.49588938875228,
            92.63939991812416,
            38.77014379735649,
            17.257532193407748,
            56.20688309222136
        ],
        [
            57.35888560494903,
            40.604179256361824,
            46.455522305102676,
            24.043523602801987,
            94.60105558557807,
            42.97040416141819,
            64.62883057654594,
            70.25149691086641,
            79.18567043746708,
            75.70140037173155,
            31.77200269503048,
            97.09896089997956,
            83.11076923876212,
            79.97842102092036,
            103.63081384387266,
            0.0,
            39.73628977180514,
            64.64021694880788,
            36.585122005652025,
            28.18890044850119,
            51.6534503675083,
            44.8604120096013,
            65.81081158226503,
            86.84308301246496,
            57.35888560494903
        ],
        [
            24.8210261205915,
            38.72911615893821,
            27.047738699290583,
            48.98268230237652,
            60.70546892156844,
            10.25280318197694,
            42.07127439414199,
            57.64019478199188,
            51.950811852421666,
            52.43886136312632,
            8.117269897647885,
            68.91498500096417,
            47.564786522047946,
            41.726952048039664,
            63.97079775587329,
            39.73628977180514,
            0.0,
            36.29682958436823,
            33.58264110085047,
            19.357901173553017,
            12.14747767398534,
            42.888710417859095,
            26.22394550597457,
            47.10834564513656,
            24.8210261205915
        ],
        [
            53.21341952313377,
            75.0210937647921,
            62.172686078275426,
            59.54875412244504,
            30.965790763374336,
            26.519577763931586,
            10.031015665388882,
            91.51177829796032,
            15.765544296834596,
            81.91243893969573,
            41.62294563343159,
            33.37212961646217,
            22.93473932054582,
            28.227807439684675,
            54.99560880826581,
            64.64021694880788,
            36.29682958436823,
            0.0,
            69.82668896396716,
            54.68503412147347,
            35.458559732085455,
            79.17327569879936,
            37.43006203577698,
            44.49994358220793,
            53.21341952313377
        ],
        [
            32.05853132805523,
            5.5159166066016665,
            15.410980612473626,
            58.55908202159647,
            93.10716184770914,
            43.38953604472673,
            74.8803591273219,
            33.77942509793184,
            85.52118772522122,
            40.46362858919658,
            28.93980852300881,
            102.45231662311453,
            79.517483390822,
            71.41531828869869,
            87.78806774197305,
            36.585122005652025,
            33.58264110085047,
            69.82668896396716,
            0.0,
            16.318614619901265,
            39.09704986847985,
            10.247637090246867,
            50.02580601756096,
            70.72216070717582,
            32.05853132805523
        ],
        [
            29.447189539059096,
            21.83368246575133,
            19.066715385271873,
            46.18624268728033,
            80.0614836349098,
            28.199509271925628,
            59.0444755060537,
            47.35255404417206,
            70.45031013076913,
            48.80549882476188,
            13.103654121215776,
            87.79578686344108,
            66.86350487169108,
            60.34536350858984,
            80.34631646785863,
            28.18890044850119,
            19.357901173553017,
            54.68503412147347,
            16.318614619901265,
            0.0,
            28.276584010876192,
            26.524087452752795,
            41.576277388291956,
            63.10581775396862,
            29.447189539059096
        ],
        [
            18.065930146250512,
            43.47283969812414,
            27.924974161429034,
            60.734027782462924,
            54.260529317476944,
            16.068319139048178,
            43.467832951803196,
            56.12953968946517,
            49.96556650645641,
            47.05746668654374,
            19.8839735794829,
            65.40236354856073,
            40.56028487624152,
            32.481493077941685,
            52.49588938875228,
            51.6534503675083,
            12.14747767398534,
            35.458559732085455,
            39.09704986847985,
            28.276584010876192,
            0.0,
            46.86705482987333,
            14.158237347525573,
            35.406881208001025,
            18.065930146250512
        ],
        [
            36.46600029045563,
            4.785811490773581,
            19.873713371912448,
            67.7387795044727,
            101.12682940512867,
            52.93331265722855,
            84.63512920940751,
            25.94313563566765,
            94.76725371670766,
            36.80543658211757,
            38.89568956416291,
            111.39234606288562,
            87.41189363086187,
            78.53270436296489,
            92.63939991812416,
            44.8604120096013,
            42.888710417859095,
            79.17327569879936,
            10.247637090246867,
            26.524087452752795,
            46.86705482987333,
            0.0,
            56.26031088030785,
            75.95717951575993,
            36.46600029045563
        ],
        [
            20.963712948920133,
            53.62775744538453,
            36.39884968286883,
            74.03570337862148,
            47.38713652784616,
            27.548869723413166,
            47.00675925851416,
            59.77757349587943,
            49.105082723600425,
            46.53930180880109,
            34.04221091379195,
            61.79893557415286,
            33.85124610386954,
            23.016399666476094,
            38.77014379735649,
            65.81081158226503,
            26.22394550597457,
            37.43006203577698,
            50.02580601756096,
            41.576277388291956,
            14.158237347525573,
            56.26031088030785,
            0.0,
            21.534704227420402,
            20.963712948920133
        ],
        [
            39.504249215841426,
            73.84683133524437,
            56.231562887999836,
            92.85603837650505,
            38.61905038654208,
            46.04871351945242,
            54.42102721051666,
            74.60942909130782,
            50.04631168129898,
            57.99145158900137,
            55.1353151585993,
            56.82794865070066,
            28.558155700422294,
            17.198650447637366,
            17.257532193407748,
            86.84308301246496,
            47.10834564513656,
            44.49994358220793,
            70.72216070717582,
            63.10581775396862,
            35.406881208001025,
            75.95717951575993,
            21.534704227420402,
            0.0,
            39.504249215841426
        ],
        [
            0.0,
            34.58171086394647,
            16.926058074617085,
            71.96629599719449,
            68.12571626471468,
            32.85983385387187,
            61.4986581762732,
            39.328574530860614,
            67.10342281160888,
            28.995447152358985,
            29.05846239636183,
            81.46399782437238,
            54.4441300839042,
            43.973498489431265,
            56.20688309222136,
            57.35888560494903,
            24.8210261205915,
            53.21341952313377,
            32.05853132805523,
            29.447189539059096,
            18.065930146250512,
            36.46600029045563,
            20.963712948920133,
            39.504249215841426,
            0.0
        ]
    ],
    "scores_ave": [
        0,
        14.112543657570093,
        10.503271984541737,
        19.58301993165786,
        12.98884398435796,
        14.641621687524204,
        12.566133748411744,
        19.458838179718295,
        14.19969440892859,
        16.968249465278433,
        18.86995959438306,
        12.700690627480558,
        18.242484154293486,
        11.779416618041811,
        12.49889291623711,
        13.432453479154747,
        13.866317053959438,
        10.162321237088022,
        17.38020827213204,
        17.090095483597686,
        17.759788487154875,
        17.566239572943257,
        17.93598167633384,
        17.60482559631354,
        0
    ],
    "scores_var": [
        0,
        24.19141328889944,
        16.10215364702603,
        257.64395026129137,
        16.6542207011854,
        22.923848018673763,
        362.1710539535099,
        299.7700306743336,
        17.868887862634956,
        24.581568220525845,
        18.1689240102195,
        305.99671391415563,
        275.78593515234786,
        337.5534095655894,
        21.82801862154706,
        399.7098881514303,
        20.188753472610284,
        274.04260613659125,
        372.62867583154934,
        23.239364145074767,
        20.594993258591593,
        21.909659278106147,
        320.6405396310923,
        19.337501916278388,
        0
    ],
    "vertex_number": 25,
    "minimum_distances": {
        "cost": 445.6308613940721,
        "path": [
            0,
            20,
            22,
            23,
            14,
            13,
            12,
            4,
            11,
            8,
            6,
            17,
            5,
            16,
            10,
            3,
            15,
            19,
            2,
            18,
            1,
            21,
            7,
            9,
            24
        ]
    }
}