{
    "vertices": [
        [
            18.606599561761293,
            40.45160436126951
        ],
        [
            27.55708997562585,
            28.830812377904437
        ],
        [
            33.08268525029744,
            29.2077736975085
        ],
        [
            76.0672128810359,
            26.984737933967097
        ],
        [
            66.95245617054563,
            34.8857396951819
        ],
        [
            46.29599795191856,
            32.653737383882756
        ],
        [
            87.00403288720833,
            37.730225908971704
        ],
        [
            30.4137974682263,
            11.833581898687928
        ],
        [
            22.299172640814803,
            2.630589037218445
        ],
        [
            50.00161173041175,
            56.966785923645915
        ],
        [
            25.50719652106356,
            22.048665019663392
        ],
        [
            40.253887927565046,
            13.518268236472952
        ],
        [
            21.707203277450738,
            34.974853409509436
        ],
        [
            55.86450095942494,
            41.31607556277677
        ],
        [
            88.95645628284305,
            3.93232006035924
        ],
        [
            34.691660513962006,
            76.66196663492187
        ],
        [
            5.540380553363544,
            51.35525550104742
        ],
        [
            18.606599561761293,
            40.45160436126951
        ]
    ],
    "distances": [
        [
            0.0,
            14.668131611399021,
            18.329778636338556,
            59.01761240848365,
            48.665189825154684,
            28.766465069692917,
            68.45155064853975,
            30.958054397381883,
            38.00084599171782,
            35.47390605935535,
            19.654170417638234,
            34.55444527703395,
            6.2935319487035315,
            37.26792893382005,
            79.26386608365405,
            39.62220995635097,
            17.018098817241444,
            0.0
        ],
        [
            14.668131611399021,
            0.0,
            5.538438676734682,
            48.54523679157974,
            39.85796059069432,
            19.1248902675362,
            60.10938847409687,
            17.235620721688157,
            26.722600880182554,
            35.991520725967135,
            7.085166615115928,
            19.891774338043728,
            8.483537857493884,
            30.938508583983772,
            66.25569486930686,
            48.360328931109336,
            31.49739722250137,
            14.668131611399021
        ],
        [
            18.329778636338556,
            5.538438676734682,
            0.0,
            43.04197374242615,
            34.342403527721025,
            13.655266320311446,
            54.59069446963713,
            17.577983463853087,
            28.681542647947442,
            32.50865781619352,
            10.423092945375986,
            17.25070228861174,
            12.753854261325595,
            25.799653119084905,
            61.32476535593931,
            47.481461948220776,
            35.34246027453146,
            18.329778636338556
        ],
        [
            59.01761240848365,
            48.54523679157974,
            43.04197374242615,
            0.0,
            12.062529532488066,
            30.30615107727874,
            15.332303925646075,
            48.10189048322256,
            59.02649167754288,
            39.72831188206746,
            50.80039438957136,
            38.261469526619415,
            54.944086027655175,
            24.76967515367405,
            26.41110685470157,
            64.65108958932896,
            74.6187389645723,
            59.01761240848365
        ],
        [
            48.665189825154684,
            39.85796059069432,
            34.342403527721025,
            12.062529532488066,
            0.0,
            20.776696090945997,
            20.252329017785826,
            43.20272628942569,
            55.084575644679795,
            27.83709269620631,
            43.38778668747491,
            34.19623345872807,
            45.24534065088021,
            12.817642924262463,
            37.977496073746224,
            52.78268725364881,
            63.58213571821997,
            48.665189825154684
        ],
        [
            28.766465069692917,
            19.1248902675362,
            13.655266320311446,
            30.30615107727874,
            20.776696090945997,
            0.0,
            41.02334511029216,
            26.186316400591416,
            38.43484176704051,
            24.593818385363384,
            23.337562528718546,
            20.066720535201203,
            24.698105254200332,
            12.907065992323098,
            51.42795463633122,
            45.512469601044224,
            44.84157813262195,
            28.766465069692917
        ],
        [
            68.45155064853975,
            60.10938847409687,
            54.59069446963713,
            15.332303925646075,
            20.252329017785826,
            41.02334511029216,
            0.0,
            62.23416196729232,
            73.61184312346931,
            41.704009551398165,
            63.46473221380099,
            52.64783896877944,
            65.3549388699623,
            31.345314903843843,
            33.85425227157579,
            65.20939149593248,
            82.59520617417498,
            68.45155064853975
        ],
        [
            30.958054397381883,
            17.235620721688157,
            17.577983463853087,
            48.10189048322256,
            43.20272628942569,
            26.186316400591416,
            62.23416196729232,
            0.0,
            12.269564527639167,
            49.200493626876955,
            11.332372038683523,
            9.983263409561472,
            24.724951557898063,
            38.94811601156016,
            59.07345291856955,
            64.9693741677357,
            46.69742555379278,
            30.958054397381883
        ],
        [
            38.00084599171782,
            26.722600880182554,
            28.681542647947442,
            59.02649167754288,
            55.084575644679795,
            38.43484176704051,
            73.61184312346931,
            12.269564527639167,
            0.0,
            60.99055192071506,
            19.68128786630213,
            20.997937026625785,
            32.349681072799065,
            51.21716638838239,
            66.66999299677789,
            75.06143233845091,
            51.526209197279385,
            38.00084599171782
        ],
        [
            35.47390605935535,
            35.991520725967135,
            32.50865781619352,
            39.72831188206746,
            27.83709269620631,
            24.593818385363384,
            41.704009551398165,
            49.200493626876955,
            60.99055192071506,
            0.0,
            42.65268507272537,
            44.528550487851795,
            35.83599650364595,
            16.712815588987265,
            65.80375736618849,
            24.945836315904252,
            44.81395264270573,
            35.47390605935535
        ],
        [
            19.654170417638234,
            7.085166615115928,
            10.423092945375986,
            50.80039438957136,
            43.38778668747491,
            23.337562528718546,
            63.46473221380099,
            11.332372038683523,
            19.68128786630213,
            42.65268507272537,
            0.0,
            17.03621368489051,
            13.473169446766924,
            35.95551476199766,
            65.98492645295799,
            55.38020487643615,
            35.461951236946184,
            19.654170417638234
        ],
        [
            34.55444527703395,
            19.891774338043728,
            17.25070228861174,
            38.261469526619415,
            34.19623345872807,
            20.066720535201203,
            52.64783896877944,
            9.983263409561472,
            20.997937026625785,
            44.528550487851795,
            17.03621368489051,
            0.0,
            28.361321527717195,
            31.881175188201325,
            49.63698789043977,
            63.38820885018694,
            51.34846832650718,
            34.55444527703395
        ],
        [
            6.2935319487035315,
            8.483537857493884,
            12.753854261325595,
            54.944086027655175,
            45.24534065088021,
            24.698105254200332,
            65.3549388699623,
            24.724951557898063,
            32.349681072799065,
            35.83599650364595,
            13.473169446766924,
            28.361321527717195,
            0.0,
            34.740928072406014,
            74.06821792453475,
            43.66247288914298,
            23.01485888882493,
            6.2935319487035315
        ],
        [
            37.26792893382005,
            30.938508583983772,
            25.799653119084905,
            24.76967515367405,
            12.817642924262463,
            12.907065992323098,
            31.345314903843843,
            38.94811601156016,
            51.21716638838239,
            16.712815588987265,
            35.95551476199766,
            31.881175188201325,
            34.740928072406014,
            0.0,
            49.926172320653954,
            41.20219882740456,
            51.31571132194058,
            37.26792893382005
        ],
        [
            79.26386608365405,
            66.25569486930686,
            61.32476535593931,
            26.41110685470157,
            37.977496073746224,
            51.42795463633122,
            33.85425227157579,
            59.07345291856955,
            66.66999299677789,
            65.80375736618849,
            65.98492645295799,
            49.63698789043977,
            74.06821792453475,
            49.926172320653954,
            0.0,
            90.74287603277273,
            95.95403324466324,
            79.26386608365405
        ],
        [
            39.62220995635097,
            48.360328931109336,
            47.481461948220776,
            64.65108958932896,
            52.78268725364881,
            45.512469601044224,
            65.20939149593248,
            64.9693741677357,
            75.06143233845091,
            24.945836315904252,
            55.38020487643615,
            63.38820885018694,
            43.66247288914298,
            41.20219882740456,
            90.74287603277273,
            0.0,
            38.60345517896753,
            39.62220995635097
        ],
        [
            17.018098817241444,
            31.49739722250137,
            35.34246027453146,
            74.6187389645723,
            63.58213571821997,
            44.84157813262195,
            82.59520617417498,
            46.69742555379278,
            51.526209197279385,
            44.81395264270573,
            35.461951236946184,
            51.34846832650718,
            23.01485888882493,
            51.31571132194058,
            95.95403324466324,
            38.60345517896753,
            0.0,
            17.018098817241444
        ],
        [
            0.0,
            14.668131611399021,
            18.329778636338556,
            59.01761240848365,
            48.665189825154684,
            28.766465069692917,
            68.45155064853975,
            30.958054397381883,
            38.00084599171782,
            35.47390605935535,
            19.654170417638234,
            34.55444527703395,
            6.2935319487035315,
            37.26792893382005,
            79.26386608365405,
            39.62220995635097,
            17.018098817241444,
            0.0
        ]
    ],
    "scores_ave": [
        0,
        12.749439776694635,
        11.888577951188282,
        16.994514640405725,
        17.426465339838156,
        12.827065957734117,
        12.593814415290872,
        17.30963439440083,
        13.074845407078676,
        17.114867505405208,
        12.347998130536233,
        11.85491493892454,
        10.617755217857571,
        13.317159288904962,
        15.707023925708224,
        12.826198648047107,
        12.55638661077858,
        0
    ],
    "scores_var": [
        0,
        343.2640618364123,
        244.49793276159556,
        20.461394538870977,
        305.6032350866732,
        291.8836385358045,
        390.4412268340773,
        347.23733721930205,
        19.134137786263647,
        355.12602386482286,
        16.048858531183665,
        23.16116144817122,
        360.2356873829093,
        23.521008821900026,
        16.543888858370135,
        19.32345049457859,
        21.795512570987697,
        0
    ],
    "vertex_number": 18,
    "minimum_distances": {
        "cost": 315.02631827260166,
        "path": [
            0,
            16,
            15,
            9,
            6,
            14,
            3,
            4,
            13,
            5,
            2,
            11,
            7,
            8,
            10,
            1,
            12,
            17
        ]
    }
}