{
    "vertices": [
        [
            6.156818624419769,
            84.56407747455101
        ],
        [
            45.557496582345635,
            51.28382881927064
        ],
        [
            18.019975528453315,
            84.7236210949007
        ],
        [
            49.160615470855205,
            19.267563487838057
        ],
        [
            2.102952843046102,
            63.14512522841004
        ],
        [
            16.0665982959561,
            32.417468682261344
        ],
        [
            90.19946871969347,
            80.50301608423743
        ],
        [
            82.7355111646845,
            52.9802586879047
        ],
        [
            61.47507398320315,
            24.53330448648946
        ],
        [
            75.50447884256977,
            98.53560747909273
        ],
        [
            44.66395493849776,
            39.96819701263785
        ],
        [
            0.8970097058270676,
            12.127105746980094
        ],
        [
            12.583194505911033,
            76.42871151226402
        ],
        [
            40.91917911427703,
            89.42987152528691
        ],
        [
            74.60464807664825,
            33.780923615112336
        ],
        [
            90.10293319782797,
            62.45999735306378
        ],
        [
            11.92441353517787,
            82.37125754192411
        ],
        [
            26.142157227505592,
            80.95155556224051
        ],
        [
            40.483234953920245,
            17.55033701513534
        ],
        [
            62.70326965856777,
            20.183021070745298
        ],
        [
            6.156818624419769,
            84.56407747455101
        ]
    ],
    "distances": [
        [
            0.0,
            51.57507512453546,
            11.864229679861777,
            78.18542883444773,
            21.799205102385265,
            53.07986945796398,
            84.14071104199503,
            82.83618629756025,
            81.63212040296239,
            70.74108868542945,
            58.92021810282301,
            72.62768386036427,
            10.367376057158843,
            35.10124867538142,
            85.22930289890196,
            86.80749109373512,
            6.170381699014138,
            20.309211546658226,
            75.29371997974414,
            85.68793117019054,
            0.0
        ],
        [
            51.57507512453546,
            0.0,
            43.318988598891025,
            32.21837537023595,
            45.044286253598905,
            35.009321995113055,
            53.354161793968224,
            37.21669843744599,
            31.12811948047951,
            55.942401923862704,
            11.350856348865047,
            59.39535377289825,
            41.46769493319296,
            38.4270030455643,
            33.912957708208204,
            45.92605650782246,
            45.799699778969554,
            35.45602081958903,
            34.11299752841098,
            35.51390962696219,
            51.57507512453546
        ],
        [
            11.864229679861777,
            43.318988598891025,
            0.0,
            72.486101657362,
            26.813860129192925,
            52.342614214678804,
            72.30278517457208,
            72.08149283683153,
            74.23759017595323,
            59.12054709783877,
            52.08598298569458,
            74.58853798824386,
            9.917868363272104,
            23.37781679238915,
            76.13792480691656,
            75.44283748960495,
            6.533719484278213,
            8.955351134104271,
            70.82971211346751,
            78.49895429747028,
            11.864229679861777
        ],
        [
            78.18542883444773,
            32.21837537023595,
            72.486101657362,
            0.0,
            64.34022098415895,
            35.61086883796627,
            73.71545381170462,
            47.57961158420814,
            13.393054794079546,
            83.53096393282583,
            21.183394068735215,
            48.78895139466553,
            67.86239435738378,
            70.64467950498033,
            29.29225866041426,
            59.51352555561034,
            73.27080549486429,
            65.83892692120502,
            8.845665571014623,
            13.573560514252367,
            78.18542883444773
        ],
        [
            21.799205102385265,
            45.044286253598905,
            26.813860129192925,
            64.34022098415895,
            0.0,
            33.75162620012033,
            89.79026943142112,
            81.27074487956108,
            70.82317042951192,
            81.48785340769896,
            48.46244835837431,
            51.03227028712098,
            16.920080669803067,
            46.878431179280945,
            78.22245296673151,
            88.0026473615855,
            21.589470902822963,
            29.915753520033128,
            59.59807687437288,
            74.28418937967643,
            21.799205102385265
        ],
        [
            53.07986945796398,
            35.009321995113055,
            52.342614214678804,
            35.61086883796627,
            33.75162620012033,
            0.0,
            88.36233556335145,
            69.76798890547359,
            46.08784773999756,
            88.90708589212997,
            29.577395173677345,
            25.334072827700016,
            44.148879911113966,
            62.19376858871477,
            58.553926268703,
            79.89951448311884,
            50.12523033391658,
            49.568886179300954,
            28.586775783475463,
            48.21473658688984,
            53.07986945796398
        ],
        [
            84.14071104199503,
            53.354161793968224,
            72.30278517457208,
            73.71545381170462,
            89.79026943142112,
            88.36233556335145,
            0.0,
            28.516886875680584,
            62.91024931847589,
            23.261923392156927,
            60.96355118006805,
            112.47308255921477,
            77.72313671342833,
            50.08228920146433,
            49.25598801752154,
            18.043276976216518,
            78.29734727488014,
            64.05888184530318,
            80.21685422547043,
            66.2913475593668,
            84.14071104199503
        ],
        [
            82.83618629756025,
            37.21669843744599,
            72.08149283683153,
            47.57961158420814,
            81.27074487956108,
            69.76798890547359,
            28.516886875680584,
            0.0,
            35.51387605549598,
            46.12567215694818,
            40.233781111457155,
            91.46868549534308,
            73.96740817717644,
            55.47233456548402,
            20.85006958726386,
            12.006013183990754,
            76.6683921908663,
            63.12844967755054,
            55.141039115429145,
            38.431100622748254,
            82.83618629756025
        ],
        [
            81.63212040296239,
            31.12811948047951,
            74.23759017595323,
            13.393054794079546,
            70.82317042951192,
            46.08784773999756,
            62.91024931847589,
            35.51387605549598,
            0.0,
            75.32041588385634,
            22.82213028682923,
            61.835391474123554,
            71.29901225958793,
            68.07429197048968,
            16.05939523840597,
            47.518294950553916,
            76.16099240738765,
            66.56901727464165,
            22.122819452712505,
            4.520335210389053,
            81.63212040296239
        ],
        [
            70.74108868542945,
            55.942401923862704,
            59.12054709783877,
            83.53096393282583,
            81.48785340769896,
            88.90708589212997,
            23.261923392156927,
            46.12567215694818,
            75.32041588385634,
            0.0,
            66.19123418870392,
            114.16086729951961,
            66.69185011575885,
            35.76391176250548,
            64.7609355841262,
            38.917406330944,
            65.60267459016791,
            52.40074118792201,
            88.23322251640026,
            79.39142745567766,
            70.74108868542945
        ],
        [
            58.92021810282301,
            11.350856348865047,
            52.08598298569458,
            21.183394068735215,
            48.46244835837431,
            29.577395173677345,
            60.96355118006805,
            40.233781111457155,
            22.82213028682923,
            66.19123418870392,
            0.0,
            51.87168647597917,
            48.56484641703783,
            49.60323166456906,
            30.573312834703056,
            50.700905591571704,
            53.57142067884715,
            44.974355675787116,
            22.804360689505614,
            26.774429267892497,
            58.92021810282301
        ],
        [
            72.62768386036427,
            59.39535377289825,
            74.58853798824386,
            48.78895139466553,
            51.03227028712098,
            25.334072827700016,
            112.47308255921477,
            91.46868549534308,
            61.835391474123554,
            114.16086729951961,
            51.87168647597917,
            0.0,
            65.3549035587668,
            87.04878885506928,
            76.8225473573351,
            102.4260551006944,
            71.10446186145225,
            73.3084058329235,
            39.95598411728419,
            62.329058560589814,
            72.62768386036427
        ],
        [
            10.367376057158843,
            41.46769493319296,
            9.917868363272104,
            67.86239435738378,
            16.920080669803067,
            44.148879911113966,
            77.72313671342833,
            73.96740817717644,
            71.29901225958793,
            66.69185011575885,
            48.56484641703783,
            65.3549035587668,
            0.0,
            31.176243927224142,
            75.26947930966142,
            78.76823510860532,
            5.9789502157175605,
            14.293410663169192,
            65.15424192195535,
            75.33657562267554,
            10.367376057158843
        ],
        [
            35.10124867538142,
            38.4270030455643,
            23.37781679238915,
            70.64467950498033,
            46.878431179280945,
            62.19376858871477,
            50.08228920146433,
            55.47233456548402,
            68.07429197048968,
            35.76391176250548,
            49.60323166456906,
            87.04878885506928,
            31.176243927224142,
            0.0,
            65.05010547819425,
            56.092920931404194,
            29.841589474306463,
            17.03649662962927,
            71.88085648284263,
            72.59251269046628,
            35.10124867538142
        ],
        [
            85.22930289890196,
            33.912957708208204,
            76.13792480691656,
            29.29225866041426,
            78.22245296673151,
            58.553926268703,
            49.25598801752154,
            20.85006958726386,
            16.05939523840597,
            64.7609355841262,
            30.573312834703056,
            76.8225473573351,
            75.26947930966142,
            65.05010547819425,
            0.0,
            32.5988667312874,
            79.30846331440807,
            67.6289992354956,
            37.78495434523148,
            18.070577241927147,
            85.22930289890196
        ],
        [
            86.80749109373512,
            45.92605650782246,
            75.44283748960495,
            59.51352555561034,
            88.0026473615855,
            79.89951448311884,
            18.043276976216518,
            12.006013183990754,
            47.518294950553916,
            38.917406330944,
            50.700905591571704,
            102.4260551006944,
            78.76823510860532,
            56.092920931404194,
            32.5988667312874,
            0.0,
            80.67427854621238,
            66.580166624372,
            66.92527209869648,
            50.37940338710239,
            86.80749109373512
        ],
        [
            6.170381699014138,
            45.799699778969554,
            6.533719484278213,
            73.27080549486429,
            21.589470902822963,
            50.12523033391658,
            78.29734727488014,
            76.6683921908663,
            76.16099240738765,
            65.60267459016791,
            53.57142067884715,
            71.10446186145225,
            5.9789502157175605,
            29.841589474306463,
            79.30846331440807,
            80.67427854621238,
            0.0,
            14.288449510420726,
            70.83331150502484,
            80.28616932321025,
            6.170381699014138
        ],
        [
            20.309211546658226,
            35.45602081958903,
            8.955351134104271,
            65.83892692120502,
            29.915753520033128,
            49.568886179300954,
            64.05888184530318,
            63.12844967755054,
            66.56901727464165,
            52.40074118792201,
            44.974355675787116,
            73.3084058329235,
            14.293410663169192,
            17.03649662962927,
            67.6289992354956,
            66.580166624372,
            14.288449510420726,
            0.0,
            65.00293088479057,
            70.91917742360533,
            20.309211546658226
        ],
        [
            75.29371997974414,
            34.11299752841098,
            70.82971211346751,
            8.845665571014623,
            59.59807687437288,
            28.586775783475463,
            80.21685422547043,
            55.141039115429145,
            22.122819452712505,
            88.23322251640026,
            22.804360689505614,
            39.95598411728419,
            65.15424192195535,
            71.88085648284263,
            37.78495434523148,
            66.92527209869648,
            70.83331150502484,
            65.00293088479057,
            0.0,
            22.375454578899696,
            75.29371997974414
        ],
        [
            85.68793117019054,
            35.51390962696219,
            78.49895429747028,
            13.573560514252367,
            74.28418937967643,
            48.21473658688984,
            66.2913475593668,
            38.431100622748254,
            4.520335210389053,
            79.39142745567766,
            26.774429267892497,
            62.329058560589814,
            75.33657562267554,
            72.59251269046628,
            18.070577241927147,
            50.37940338710239,
            80.28616932321025,
            70.91917742360533,
            22.375454578899696,
            0.0,
            85.68793117019054
        ],
        [
            0.0,
            51.57507512453546,
            11.864229679861777,
            78.18542883444773,
            21.799205102385265,
            53.07986945796398,
            84.14071104199503,
            82.83618629756025,
            81.63212040296239,
            70.74108868542945,
            58.92021810282301,
            72.62768386036427,
            10.367376057158843,
            35.10124867538142,
            85.22930289890196,
            86.80749109373512,
            6.170381699014138,
            20.309211546658226,
            75.29371997974414,
            85.68793117019054,
            0.0
        ]
    ],
    "scores_ave": [
        0,
        13.363970065378314,
        12.830730483497696,
        12.674115905155908,
        13.766408027063266,
        11.892192339758507,
        16.63014737488635,
        18.350109226048914,
        17.120143743468006,
        16.89949138053457,
        11.763356694927824,
        18.70441352572801,
        10.562689161250017,
        15.754346921661298,
        10.23358644695422,
        13.17819760392091,
        19.070498257993982,
        13.452011175814299,
        10.409627623373797,
        13.48233154155967,
        0
    ],
    "scores_var": [
        0,
        323.94408526260304,
        17.50031204780866,
        16.633382991079795,
        375.07624322515085,
        21.689367681299487,
        19.83745516423314,
        389.9631258032604,
        17.033039001870605,
        309.53548993458605,
        234.34315203021157,
        22.68505199848021,
        319.28494770656664,
        21.127243364633948,
        21.430874005488178,
        16.639506620728707,
        23.736678131985812,
        17.73451734035763,
        330.8957065853112,
        19.185340419768508,
        0
    ],
    "vertex_number": 21,
    "minimum_distances": {
        "cost": 370.04923164263636,
        "path": [
            0,
            12,
            4,
            5,
            11,
            18,
            3,
            10,
            1,
            8,
            19,
            14,
            7,
            15,
            6,
            9,
            13,
            17,
            2,
            16,
            20
        ]
    }
}