{
    "vertices": [
        [
            93.61565859118788,
            25.988519372340267
        ],
        [
            45.35050044875043,
            30.624414367400487
        ],
        [
            27.674383644729073,
            55.257728738371426
        ],
        [
            71.69365947659963,
            83.72807121696466
        ],
        [
            62.312069350655044,
            8.599001802317863
        ],
        [
            99.25817618331757,
            75.92357745401695
        ],
        [
            28.735359801298788,
            96.38598594353705
        ],
        [
            87.38080287142816,
            86.14034700339873
        ],
        [
            85.81365698670093,
            20.59078789592681
        ],
        [
            3.153565962304028,
            16.160638131438322
        ],
        [
            4.645360710962043,
            13.53391321570463
        ],
        [
            37.28084651528314,
            86.66566834115365
        ],
        [
            73.36097953470735,
            95.0807573748475
        ],
        [
            5.394548412581013,
            69.43849174288229
        ],
        [
            72.56527967329309,
            14.959040740050433
        ],
        [
            71.74970363510809,
            38.020045756320386
        ],
        [
            71.92841756354508,
            15.038566501688056
        ],
        [
            31.78151793509272,
            86.05207022024317
        ],
        [
            98.0355326599797,
            76.37678168480193
        ],
        [
            41.21521543508413,
            16.36485192164213
        ],
        [
            36.169461921517374,
            52.942784284178224
        ],
        [
            10.534363479519426,
            31.613145666904884
        ],
        [
            93.61565859118788,
            25.988519372340267
        ]
    ],
    "distances": [
        [
            0.0,
            48.48728712683068,
            72.1452587387213,
            61.76107101077569,
            35.80935660770968,
            50.25284101817446,
            95.73534598416644,
            60.47409191714076,
            9.487187893568963,
            90.99438143359201,
            89.83780451131375,
            82.79690488545495,
            71.99992622132424,
            98.3405530803379,
            23.76484486562215,
            24.95751616787456,
            24.294812023569513,
            86.2037765479934,
            50.581738460173774,
            53.27683753900645,
            63.45547973775001,
            83.27147181589655,
            0.0
        ],
        [
            48.48728712683068,
            0.0,
            30.31905806862228,
            59.278667312641375,
            27.79952550451459,
            70.41343394162165,
            67.82807084753281,
            69.63163862919244,
            41.68861591830249,
            44.60697370431482,
            44.147407972484594,
            56.61926758230477,
            70.27949268825503,
            55.70467400161821,
            31.401403457888204,
            27.415566609416878,
            30.8107827205676,
            57.064369967582344,
            69.77816086888997,
            14.847077264186884,
            24.13298788340696,
            34.830173456973675,
            48.48728712683068
        ],
        [
            72.1452587387213,
            30.31905806862228,
            0.0,
            52.42382135642817,
            58.110292292809184,
            74.50715843021814,
            41.141939807683684,
            67.22047759260373,
            67.6902643820075,
            46.150330375214715,
            47.65724162237569,
            32.84422017608805,
            60.606424195754805,
            26.409943153323333,
            60.32558993191335,
            47.32622472629732,
            59.799669974911865,
            31.0670246303248,
            73.46227391049393,
            41.18264188533768,
            8.804846549188712,
            29.203537455028897,
            72.1452587387213
        ],
        [
            61.76107101077569,
            59.278667312641375,
            52.42382135642817,
            0.0,
            75.71255711176343,
            28.648083778340606,
            44.78435347549556,
            15.87153245152239,
            64.696915497157,
            96.24501250826178,
            97.07056291622119,
            34.537967119889906,
            11.47446901497201,
            67.82156153779705,
            68.77455397530427,
            45.70805981945207,
            68.68990587698745,
            39.979745044166066,
            27.348413858850442,
            73.93739828409913,
            47.00747284705384,
            80.35188206847893,
            61.76107101077569
        ],
        [
            35.80935660770968,
            27.79952550451459,
            58.110292292809184,
            75.71255711176343,
            0.0,
            76.79591979247249,
            93.98909515881351,
            81.49295439440591,
            26.38422928814897,
            59.6398094155524,
            57.87747952350049,
            81.98150121289453,
            87.18470314890116,
            83.31295052969938,
            12.065588141890384,
            30.897682246900526,
            11.573337741072287,
            83.25318238415943,
            76.61588136027103,
            22.48078453281265,
            51.476275778192715,
            56.66199469748431,
            35.80935660770968
        ],
        [
            50.25284101817446,
            70.41343394162165,
            74.50715843021814,
            28.648083778340606,
            76.79591979247249,
            0.0,
            73.43144960876043,
            15.666983654014505,
            56.942714167030026,
            113.17113157606562,
            113.33161542736143,
            62.90136651462929,
            32.212766673725206,
            94.08738998911677,
            66.55212589274251,
            46.83368207918189,
            66.73754763909324,
            68.23258586674865,
            1.3039368312772923,
            83.1638568096846,
            67.14389564153973,
            99.17322877601073,
            50.25284101817446
        ],
        [
            95.73534598416644,
            67.82807084753281,
            41.141939807683684,
            44.78435347549556,
            93.98909515881351,
            73.43144960876043,
            0.0,
            59.53369726619928,
            94.88331811578654,
            84.20531222905741,
            86.28321975604791,
            12.942562245169526,
            44.64470358516571,
            35.6505388455493,
            92.47383025027703,
            72.50390851113423,
            92.10343581376787,
            10.773527442403417,
            72.13100729444196,
            80.9884478601127,
            44.07468258251619,
            67.28147668272099,
            95.73534598416644
        ],
        [
            60.47409191714076,
            69.63163862919244,
            67.22047759260373,
            15.87153245152239,
            81.49295439440591,
            15.666983654014505,
            59.53369726619928,
            0.0,
            65.56828993810936,
            109.505192073938,
            110.07655343829876,
            50.102710399693315,
            16.627879720600877,
            83.67017323595114,
            72.70679534260236,
            50.59540152469645,
            72.76152418838356,
            55.599355016243315,
            14.451659925335695,
            83.66529254862476,
            61.030153304613194,
            94.22627517208159,
            60.47409191714076
        ],
        [
            9.487187893568963,
            41.68861591830249,
            67.6902643820075,
            64.696915497157,
            26.38422928814897,
            56.942714167030026,
            94.88331811578654,
            65.56828993810936,
            0.0,
            82.77872235724213,
            81.47448558020167,
            81.98367836408403,
            75.52366998957297,
            94.09214204691037,
            14.395696491178926,
            22.395843664391634,
            14.954164511901158,
            84.88021874404059,
            57.10911790586067,
            44.79820893397116,
            59.255360719309,
            76.08195845121116,
            9.487187893568963
        ],
        [
            90.99438143359201,
            44.60697370431482,
            46.150330375214715,
            96.24501250826178,
            59.6398094155524,
            113.17113157606562,
            84.20531222905741,
            109.505192073938,
            82.77872235724213,
            0.0,
            3.0207838974444705,
            78.33026594372457,
            105.6289077001197,
            53.32496308282738,
            69.42211345520458,
            71.99488735554102,
            68.78400437249215,
            75.52729250794256,
            112.37691733117671,
            38.06219730731387,
            49.42646721738383,
            17.12472368021697,
            90.99438143359201
        ],
        [
            89.83780451131375,
            44.147407972484594,
            47.65724162237569,
            97.07056291622119,
            57.87747952350049,
            113.33161542736143,
            86.28321975604791,
            110.07655343829876,
            81.47448558020167,
            3.0207838974444705,
            0.0,
            80.08326005734708,
            106.63828610140821,
            55.909598303990975,
            67.93486866337688,
            71.43223030312012,
            67.2998790559013,
            77.42902636755574,
            112.56531585746716,
            36.679265103054746,
            50.46610819178462,
            19.01417891029242,
            89.83780451131375
        ],
        [
            82.79690488545495,
            56.61926758230477,
            32.84422017608805,
            34.537967119889906,
            81.98150121289453,
            62.90136651462929,
            12.942562245169526,
            50.102710399693315,
            81.98367836408403,
            78.33026594372457,
            80.08326005734708,
            0.0,
            37.04847800037594,
            36.2424008620071,
            79.91765552870885,
            59.61961680364062,
            79.56692715862248,
            5.533454390060881,
            61.619745838228155,
            70.41082337288037,
            33.741192700250934,
            61.20583801877947,
            82.79690488545495
        ],
        [
            71.99992622132424,
            70.27949268825503,
            60.606424195754805,
            11.47446901497201,
            87.18470314890116,
            32.212766673725206,
            44.64470358516571,
            16.627879720600877,
            75.52366998957297,
            105.6289077001197,
            106.63828610140821,
            37.04847800037594,
            0.0,
            72.64269781759903,
            80.12566764012746,
            57.08345662656865,
            80.05500954703902,
            42.54842909731856,
            30.96243334341961,
            85.02672474502702,
            56.20336074081503,
            89.3046550906288,
            71.99992622132424
        ],
        [
            98.3405530803379,
            55.70467400161821,
            26.409943153323333,
            67.82156153779705,
            83.31295052969938,
            94.08738998911677,
            35.6505388455493,
            83.67017323595114,
            94.09214204691037,
            53.32496308282738,
            55.909598303990975,
            36.2424008620071,
            72.64269781759903,
            0.0,
            86.48651756007268,
            73.41747321187354,
            85.94246686269327,
            31.18145523232343,
            92.90044041685115,
            64.03070692887727,
            34.917097044938586,
            38.172955147457294,
            98.3405530803379
        ],
        [
            23.76484486562215,
            31.401403457888204,
            60.32558993191335,
            68.77455397530427,
            12.065588141890384,
            66.55212589274251,
            92.47383025027703,
            72.70679534260236,
            14.395696491178926,
            69.42211345520458,
            67.93486866337688,
            79.91765552870885,
            80.12566764012746,
            86.48651756007268,
            0.0,
            23.07542235007822,
            0.6418081439158658,
            81.96056406705515,
            66.48964347898416,
            31.381568361350528,
            52.60627646437773,
            64.22767141002116,
            23.76484486562215
        ],
        [
            24.95751616787456,
            27.415566609416878,
            47.32622472629732,
            45.70805981945207,
            30.897682246900526,
            46.83368207918189,
            72.50390851113423,
            50.59540152469645,
            22.395843664391634,
            71.99488735554102,
            71.43223030312012,
            59.61961680364062,
            57.08345662656865,
            73.41747321187354,
            23.07542235007822,
            0.0,
            22.982174122552323,
            62.48624842518384,
            46.499290302240624,
            37.43397373583105,
            38.582920127542884,
            61.54970543487742,
            24.95751616787456
        ],
        [
            24.294812023569513,
            30.8107827205676,
            59.799669974911865,
            68.68990587698745,
            11.573337741072287,
            66.73754763909324,
            92.10343581376787,
            72.76152418838356,
            14.954164511901158,
            68.78400437249215,
            67.2998790559013,
            79.56692715862248,
            80.05500954703902,
            85.94246686269327,
            0.6418081439158658,
            22.982174122552323,
            0.0,
            81.5762910419582,
            66.66301898735509,
            30.741825222307167,
            52.10981322467918,
            63.59203213749586,
            24.294812023569513
        ],
        [
            86.2037765479934,
            57.064369967582344,
            31.0670246303248,
            39.979745044166066,
            83.25318238415943,
            68.23258586674865,
            10.773527442403417,
            55.599355016243315,
            84.88021874404059,
            75.52729250794256,
            77.42902636755574,
            5.533454390060881,
            42.54842909731856,
            31.18145523232343,
            81.96056406705515,
            62.48624842518384,
            81.5762910419582,
            0.0,
            66.9567448089405,
            70.32284865332333,
            33.39878542139082,
            58.43832714052521,
            86.2037765479934
        ],
        [
            50.581738460173774,
            69.77816086888997,
            73.46227391049393,
            27.348413858850442,
            76.61588136027103,
            1.3039368312772923,
            72.13100729444196,
            14.451659925335695,
            57.10911790586067,
            112.37691733117671,
            112.56531585746716,
            61.619745838228155,
            30.96243334341961,
            92.90044041685115,
            66.48964347898416,
            46.499290302240624,
            66.66301898735509,
            66.9567448089405,
            0.0,
            82.64369403309722,
            66.15559645856774,
            98.2865083187428,
            50.581738460173774
        ],
        [
            53.27683753900645,
            14.847077264186884,
            41.18264188533768,
            73.93739828409913,
            22.48078453281265,
            83.1638568096846,
            80.9884478601127,
            83.66529254862476,
            44.79820893397116,
            38.06219730731387,
            36.679265103054746,
            70.41082337288037,
            85.02672474502702,
            64.03070692887727,
            31.381568361350528,
            37.43397373583105,
            30.741825222307167,
            70.32284865332333,
            82.64369403309722,
            0.0,
            36.924311292669174,
            34.261131605087094,
            53.27683753900645
        ],
        [
            63.45547973775001,
            24.13298788340696,
            8.804846549188712,
            47.00747284705384,
            51.476275778192715,
            67.14389564153973,
            44.07468258251619,
            61.030153304613194,
            59.255360719309,
            49.42646721738383,
            50.46610819178462,
            33.741192700250934,
            56.20336074081503,
            34.917097044938586,
            52.60627646437773,
            38.582920127542884,
            52.10981322467918,
            33.39878542139082,
            66.15559645856774,
            36.924311292669174,
            0.0,
            33.34833962395135,
            63.45547973775001
        ],
        [
            83.27147181589655,
            34.830173456973675,
            29.203537455028897,
            80.35188206847893,
            56.66199469748431,
            99.17322877601073,
            67.28147668272099,
            94.22627517208159,
            76.08195845121116,
            17.12472368021697,
            19.01417891029242,
            61.20583801877947,
            89.3046550906288,
            38.172955147457294,
            64.22767141002116,
            61.54970543487742,
            63.59203213749586,
            58.43832714052521,
            98.2865083187428,
            34.261131605087094,
            33.34833962395135,
            0.0,
            83.27147181589655
        ],
        [
            0.0,
            48.48728712683068,
            72.1452587387213,
            61.76107101077569,
            35.80935660770968,
            50.25284101817446,
            95.73534598416644,
            60.47409191714076,
            9.487187893568963,
            90.99438143359201,
            89.83780451131375,
            82.79690488545495,
            71.99992622132424,
            98.3405530803379,
            23.76484486562215,
            24.95751616787456,
            24.294812023569513,
            86.2037765479934,
            50.581738460173774,
            53.27683753900645,
            63.45547973775001,
            83.27147181589655,
            0.0
        ]
    ],
    "scores_ave": [
        0,
        11.822346402959791,
        13.03141958960311,
        10.37536899318937,
        17.57221580106406,
        14.76341118126916,
        19.66350106827288,
        14.366183086817639,
        17.620272097748533,
        16.28407781973335,
        17.06182956691247,
        19.96584982219978,
        10.350061430840768,
        18.654032400744857,
        17.2021479405723,
        11.109994374473045,
        19.016112368339982,
        18.208053535358715,
        12.351711584256552,
        10.790714837028624,
        16.27604663543158,
        16.1240398843091,
        0
    ],
    "scores_var": [
        0,
        19.695895373201655,
        225.39517090185217,
        275.0660408257375,
        396.5339364906236,
        24.019561117386388,
        333.72022090237874,
        276.7700393233422,
        16.205287417768538,
        388.0602910636851,
        22.795451025645917,
        252.82476864034152,
        294.1787839522338,
        22.270823133054254,
        367.97632017894534,
        19.492851054118127,
        19.275859832756748,
        16.41105753988385,
        376.32624182526695,
        20.428019774061397,
        240.2409102554246,
        228.73473913380786,
        0
    ],
    "vertex_number": 23,
    "minimum_distances": {
        "cost": 406.27716658276285,
        "path": [
            0,
            15,
            5,
            18,
            7,
            12,
            3,
            11,
            17,
            6,
            13,
            2,
            20,
            21,
            9,
            10,
            19,
            1,
            4,
            16,
            14,
            8,
            22
        ]
    }
}