{
    "vertices": [
        [
            51.51840566671755,
            42.83928833555907
        ],
        [
            90.53766262301114,
            15.892824798811766
        ],
        [
            93.3259640835599,
            7.270544397638989
        ],
        [
            84.27704947303563,
            15.783563878031382
        ],
        [
            69.82053622239427,
            4.453923843816787
        ],
        [
            41.41561215417521,
            62.19340306343648
        ],
        [
            84.12587971765531,
            74.11730810437545
        ],
        [
            14.174693519214966,
            22.937521774824145
        ],
        [
            57.79185417485764,
            29.656698557971385
        ],
        [
            74.96974728707549,
            18.648395058991618
        ],
        [
            20.443776105859158,
            61.892619379039424
        ],
        [
            14.475110714331162,
            98.32673068286718
        ],
        [
            6.235686088391478,
            72.37038276196837
        ],
        [
            11.19202217023263,
            91.645206530252
        ],
        [
            44.266458700173104,
            92.69066685078798
        ],
        [
            2.8658809248406247,
            77.86284178161404
        ],
        [
            92.3412774018786,
            78.56430615528757
        ],
        [
            2.404940841650649,
            3.1537472623087037
        ],
        [
            12.503671907332592,
            12.51936237029222
        ],
        [
            27.416830631039556,
            62.04693775426991
        ],
        [
            51.51840566671755,
            42.83928833555907
        ]
    ],
    "distances": [
        [
            0.0,
            47.41955620372799,
            54.890868877245985,
            42.48695058427804,
            42.52533586041319,
            21.832274129300156,
            45.18364620790412,
            42.3158734896672,
            14.59920646571054,
            33.69220594311107,
            36.45081653676672,
            66.71627956634974,
            54.06117118996607,
            63.31062198977854,
            50.376092292616335,
            59.94762263632825,
            54.247430860136866,
            63.143286241687846,
            49.41100445098191,
            30.81914527355552,
            0.0
        ],
        [
            47.41955620372799,
            0.0,
            9.061917255821005,
            6.261566494293268,
            23.665328676300312,
            67.50347687268784,
            58.576457866836556,
            76.68722713614808,
            35.52086980609067,
            15.80990687403465,
            83.83993099056393,
            112.16443572791663,
            101.47185718772117,
            109.70029168989225,
            89.66009623187534,
            107.36211767183278,
            62.69742898784322,
            89.04864257849039,
            78.1068752144857,
            78.19489480818996,
            47.41955620372799
        ],
        [
            54.890868877245985,
            9.061917255821005,
            0.0,
            12.423942864570002,
            23.67358211764065,
            75.5725151192928,
            67.47689508568115,
            80.68691227260693,
            41.997772144411414,
            21.59643907572678,
            91.07900087117028,
            120.4520076124337,
            108.73226511177594,
            117.75002345738372,
            98.50600178858915,
            114.74449483539493,
            71.30056152245533,
            91.01417739016964,
            80.99254905687005,
            85.69986663713367,
            54.890868877245985
        ],
        [
            42.48695058427804,
            6.261566494293268,
            12.423942864570002,
            0.0,
            18.367131476385946,
            63.1741717971337,
            58.33394010144928,
            70.46644182776124,
            29.89865274273046,
            9.738230418108847,
            78.74472546122516,
            108.100347088457,
            96.39773062856597,
            105.3394989628519,
            86.6922710606641,
            102.37975927600563,
            63.29655103535732,
            82.84053620961231,
            71.84756598989344,
            73.30337133565082,
            42.48695058427804
        ],
        [
            42.52533586041319,
            23.665328676300312,
            23.67358211764065,
            18.367131476385946,
            0.0,
            64.3481714726548,
            71.11701596068033,
            58.63534090138909,
            27.92613552021046,
            15.099582367306136,
            75.7447568112398,
            108.97348296035247,
            93.03589929991847,
            105.06960757740733,
            91.86258049113343,
            99.35690765524298,
            77.45664948618474,
            67.4281318121987,
            57.88155348239666,
            71.519434415884,
            42.52533586041319
        ],
        [
            21.832274129300156,
            67.50347687268784,
            75.5725151192928,
            63.1741717971337,
            64.3481714726548,
            0.0,
            44.343505350495136,
            47.78171055772436,
            36.42551911498198,
            54.973154417625516,
            20.973992897449165,
            45.07114356973154,
            36.622371766153265,
            42.20040425120831,
            30.630220772043568,
            41.61265537786139,
            53.49233448788644,
            70.76378617180872,
            57.47530432821691,
            13.999547714811124,
            21.832274129300156
        ],
        [
            45.18364620790412,
            58.576457866836556,
            67.47689508568115,
            58.33394010144928,
            71.11701596068033,
            44.343505350495136,
            0.0,
            86.67490397633792,
            51.6742363516532,
            56.21952574971323,
            64.84484046441088,
            73.73822458086717,
            77.909781232886,
            75.01049793179345,
            43.9743459186358,
            81.34627481535692,
            9.341763793564764,
            108.23187524089843,
            94.46717721136858,
            57.97939365582312,
            45.18364620790412
        ],
        [
            42.3158734896672,
            76.68722713614808,
            80.68691227260693,
            70.46644182776124,
            58.63534090138909,
            47.78171055772436,
            86.67490397633792,
            0.0,
            44.131667091821136,
            60.9461661683614,
            39.4563179456992,
            75.3898074693899,
            50.06631187096765,
            68.77239470039773,
            75.96720068354752,
            56.07744662645539,
            95.9393244524687,
            23.02009583066691,
            10.551320230455284,
            41.29044215725584,
            42.3158734896672
        ],
        [
            14.59920646571054,
            35.52086980609067,
            41.997772144411414,
            29.89865274273046,
            27.92613552021046,
            36.42551911498198,
            51.6742363516532,
            44.131667091821136,
            0.0,
            20.40251841563761,
            49.335925314421466,
            81.19060029374882,
            66.95145469695736,
            77.55075411295994,
            64.46873258787103,
            73.08005734781503,
            59.88001942395206,
            61.40127519816222,
            48.422182362075624,
            44.40461294146067,
            14.59920646571054
        ],
        [
            33.69220594311107,
            15.80990687403465,
            21.59643907572678,
            9.738230418108847,
            15.099582367306136,
            54.973154417625516,
            56.21952574971323,
            60.9461661683614,
            20.40251841563761,
            0.0,
            69.59270414560314,
            100.0411826292521,
            87.2377391478208,
            96.9336510508621,
            80.15578545645258,
            93.30229496132083,
            62.38338289183067,
            74.20064180858022,
            62.766038707623316,
            64.37944851091684,
            33.69220594311107
        ],
        [
            36.45081653676672,
            83.83993099056393,
            91.07900087117028,
            78.74472546122516,
            75.7447568112398,
            20.973992897449165,
            64.84484046441088,
            39.4563179456992,
            49.335925314421466,
            69.59270414560314,
            0.0,
            36.91977021943302,
            17.653706337568646,
            31.15784641267558,
            38.93635748322519,
            23.749324255282943,
            73.80512063926489,
            61.4463560777602,
            50.007637040108825,
            6.974761900744182,
            36.45081653676672
        ],
        [
            66.71627956634974,
            112.16443572791663,
            120.4520076124337,
            108.100347088457,
            108.97348296035247,
            45.07114356973154,
            73.73822458086717,
            75.3898074693899,
            81.19060029374882,
            100.0411826292521,
            36.91977021943302,
            0.0,
            27.232703052713827,
            7.444557434150875,
            30.319789417685605,
            23.52753631955599,
            80.33488244729809,
            95.93532078398061,
            85.83001239484726,
            38.5189757047669,
            66.71627956634974
        ],
        [
            54.06117118996607,
            101.47185718772117,
            108.73226511177594,
            96.39773062856597,
            93.03589929991847,
            36.622371766153265,
            77.909781232886,
            50.06631187096765,
            66.95145469695736,
            87.2377391478208,
            17.653706337568646,
            27.232703052713827,
            0.0,
            19.901861688157513,
            43.119063195985305,
            6.443810435043928,
            86.32808084538644,
            69.32255938032132,
            60.178337366126044,
            23.562987946428287,
            54.06117118996607
        ],
        [
            63.31062198977854,
            109.70029168989225,
            117.75002345738372,
            105.3394989628519,
            105.06960757740733,
            42.20040425120831,
            75.01049793179345,
            68.77239470039773,
            77.55075411295994,
            96.9336510508621,
            31.15784641267558,
            7.444557434150875,
            19.901861688157513,
            0.0,
            33.09095554762473,
            16.10211806262506,
            82.19678569914133,
            88.92666170303022,
            79.13671486142874,
            33.753546837705045,
            63.31062198977854
        ],
        [
            50.376092292616335,
            89.66009623187534,
            98.50600178858915,
            86.6922710606641,
            91.86258049113343,
            30.630220772043568,
            43.9743459186358,
            75.96720068354752,
            64.46873258787103,
            80.15578545645258,
            38.93635748322519,
            30.319789417685605,
            43.119063195985305,
            33.09095554762473,
            0.0,
            43.975814221153165,
            50.107307448128076,
            98.83949942615654,
            86.23405758139764,
            34.97067484348738,
            50.376092292616335
        ],
        [
            59.94762263632825,
            107.36211767183278,
            114.74449483539493,
            102.37975927600563,
            99.35690765524298,
            41.61265537786139,
            81.34627481535692,
            56.07744662645539,
            73.08005734781503,
            93.30229496132083,
            23.749324255282943,
            23.52753631955599,
            6.443810435043928,
            16.10211806262506,
            43.975814221153165,
            0.0,
            89.4781460860174,
            74.71051645956405,
            66.0504149616037,
            29.204313922406556,
            59.94762263632825
        ],
        [
            54.247430860136866,
            62.69742898784322,
            71.30056152245533,
            63.29655103535732,
            77.45664948618474,
            53.49233448788644,
            9.341763793564764,
            95.9393244524687,
            59.88001942395206,
            62.38338289183067,
            73.80512063926489,
            80.33488244729809,
            86.32808084538644,
            82.19678569914133,
            50.107307448128076,
            89.4781460860174,
            0.0,
            117.36821131135137,
            103.61456389265922,
            66.99259098881345,
            54.247430860136866
        ],
        [
            63.143286241687846,
            89.04864257849039,
            91.01417739016964,
            82.84053620961231,
            67.4281318121987,
            70.76378617180872,
            108.23187524089843,
            23.02009583066691,
            61.40127519816222,
            74.20064180858022,
            61.4463560777602,
            95.93532078398061,
            69.32255938032132,
            88.92666170303022,
            98.83949942615654,
            74.71051645956405,
            117.36821131135137,
            0.0,
            13.773130199335903,
            63.98439276228983,
            63.143286241687846
        ],
        [
            49.41100445098191,
            78.1068752144857,
            80.99254905687005,
            71.84756598989344,
            57.88155348239666,
            57.47530432821691,
            94.46717721136858,
            10.551320230455284,
            48.422182362075624,
            62.766038707623316,
            50.007637040108825,
            85.83001239484726,
            60.178337366126044,
            79.13671486142874,
            86.23405758139764,
            66.0504149616037,
            103.61456389265922,
            13.773130199335903,
            0.0,
            51.72410488866936,
            49.41100445098191
        ],
        [
            30.81914527355552,
            78.19489480818996,
            85.69986663713367,
            73.30337133565082,
            71.519434415884,
            13.999547714811124,
            57.97939365582312,
            41.29044215725584,
            44.40461294146067,
            64.37944851091684,
            6.974761900744182,
            38.5189757047669,
            23.562987946428287,
            33.753546837705045,
            34.97067484348738,
            29.204313922406556,
            66.99259098881345,
            63.98439276228983,
            51.72410488866936,
            0.0,
            30.81914527355552
        ],
        [
            0.0,
            47.41955620372799,
            54.890868877245985,
            42.48695058427804,
            42.52533586041319,
            21.832274129300156,
            45.18364620790412,
            42.3158734896672,
            14.59920646571054,
            33.69220594311107,
            36.45081653676672,
            66.71627956634974,
            54.06117118996607,
            63.31062198977854,
            50.376092292616335,
            59.94762263632825,
            54.247430860136866,
            63.143286241687846,
            49.41100445098191,
            30.81914527355552,
            0.0
        ]
    ],
    "scores_ave": [
        0,
        17.580517740240815,
        15.236124684115786,
        14.854441083980198,
        11.648414744450088,
        11.705961477865921,
        19.769754754708504,
        15.797760216529356,
        11.507812320893041,
        10.386919100826615,
        18.59635017162337,
        12.152651299207587,
        13.88355212784048,
        19.509724810272967,
        15.12511920834854,
        11.773055483052143,
        16.528748878975126,
        16.39357580524785,
        11.280429515139947,
        13.11141836144281,
        0
    ],
    "scores_var": [
        0,
        16.51503686200864,
        384.0969804980356,
        17.174443925214458,
        394.5305684464902,
        16.873976031881625,
        275.3911643744059,
        24.12559447564006,
        253.34364673959217,
        303.8284754200024,
        285.5508675122165,
        287.7328712416043,
        319.7454686460928,
        19.16376152020225,
        19.773739233203884,
        20.449620041049968,
        23.408672421893613,
        289.1907595725,
        16.686253421476536,
        23.44087338116823,
        0
    ],
    "vertex_number": 21,
    "minimum_distances": {
        "cost": 459.9240429797318,
        "path": [
            0,
            8,
            4,
            2,
            1,
            3,
            9,
            16,
            6,
            5,
            19,
            14,
            11,
            13,
            15,
            12,
            10,
            7,
            17,
            18,
            20
        ]
    }
}