{
    "vertices": [
        [
            58.46090585242817,
            33.526270118847165
        ],
        [
            19.029720633832603,
            37.649711808276955
        ],
        [
            64.95189140118485,
            17.857801741234802
        ],
        [
            36.271561406072536,
            49.424295721430035
        ],
        [
            36.71602291807022,
            79.83983098454819
        ],
        [
            48.21082276463636,
            10.278079058039546
        ],
        [
            51.537465374236206,
            90.46330351610646
        ],
        [
            2.6914100139440067,
            84.679148834334
        ],
        [
            14.704523130541048,
            32.545256032496624
        ],
        [
            39.97582157637621,
            88.36388410891934
        ],
        [
            53.827581511718016,
            86.19669876995313
        ],
        [
            6.150456803388559,
            38.31894698016838
        ],
        [
            16.903993936764515,
            78.38120542226032
        ],
        [
            80.09554173923044,
            26.128664357987784
        ],
        [
            95.59787802497215,
            53.680296904132085
        ],
        [
            72.70434933062512,
            91.63146503674902
        ],
        [
            33.17137021352442,
            6.253515023939061
        ],
        [
            17.41376907579578,
            0.7683547615715547
        ],
        [
            78.22509205385657,
            68.03976378422006
        ],
        [
            10.330500134652054,
            83.45981525944639
        ],
        [
            66.55754627654977,
            19.41861105870216
        ],
        [
            58.46090585242817,
            33.526270118847165
        ]
    ],
    "distances": [
        [
            0.0,
            39.64619955442535,
            16.95976988919386,
            27.29678048817102,
            51.16430253496987,
            25.407530200837133,
            57.356427714212536,
            75.67597813679059,
            43.76737846321024,
            57.86935500605569,
            52.87382858028593,
            52.529542461449374,
            61.14688993758888,
            22.864427413508796,
            42.25327795338828,
            59.82549087608023,
            37.19359868711576,
            52.51617328132353,
            39.771903414275606,
            69.35340571930118,
            16.265965397565907,
            0.0
        ],
        [
            39.64619955442535,
            0.0,
            50.005654401154935,
            20.878742767301834,
            45.747256142826735,
            40.00928643430508,
            62.01636023815455,
            49.786628133464006,
            6.6905008937580055,
            54.869539972870825,
            59.7302357666017,
            12.89663958283245,
            40.786925429806494,
            62.14313350345528,
            78.22827100728847,
            76.12486747021762,
            34.434102650652406,
            36.916741419638974,
            66.54056850264442,
            46.62876811047241,
            50.904491401699225,
            39.64619955442535
        ],
        [
            16.95976988919386,
            50.005654401154935,
            0.0,
            42.64979332693467,
            68.11047069368043,
            18.377039343914248,
            73.8343125762905,
            91.33159349265402,
            52.3499697390897,
            74.79914247324253,
            69.23839337837538,
            62.259675354499315,
            77.27666429063707,
            17.255066328072758,
            47.14263098132251,
            74.17987597716541,
            33.832839035122966,
            50.516554438068866,
            51.90767929747676,
            85.36463296667584,
            2.239252845097235,
            16.95976988919386
        ],
        [
            27.29678048817102,
            20.878742767301834,
            42.64979332693467,
            0.0,
            30.418782542659905,
            40.92642472590547,
            43.78639040542972,
            48.68810158068094,
            27.38684211074416,
            39.11538172121538,
            40.74829404911154,
            32.10311064602419,
            34.836838104228654,
            49.63091468895576,
            59.478781003254305,
            55.75655277693761,
            43.28195341549654,
            52.18253464772557,
            45.898086942827035,
            42.794336659309074,
            42.633109101423024,
            27.29678048817102
        ],
        [
            51.16430253496987,
            45.747256142826735,
            68.11047069368043,
            30.418782542659905,
            0.0,
            70.50509027437484,
            18.235496294595677,
            34.36703770369055,
            52.165917444166745,
            9.126103711869327,
            18.254183234123644,
            51.558099658697074,
            19.865650779349185,
            69.0410897476389,
            64.43131291642786,
            37.8708630954936,
            73.67163945135496,
            81.39333729165034,
            43.153729925137995,
            26.632688536923744,
            67.38872556802164,
            51.16430253496987
        ],
        [
            25.407530200837133,
            40.00928643430508,
            18.377039343914248,
            40.92642472590547,
            70.50509027437484,
            0.0,
            80.25420096445156,
            87.22119077967767,
            40.23057650073594,
            78.51883974572377,
            76.12611114318838,
            50.55061481941013,
            74.95434178110492,
            35.60725148673757,
            64.25951696212624,
            84.96061589842483,
            15.568630276993629,
            32.23186888947278,
            65.09430530678166,
            82.40440131451719,
            20.49759958818919,
            25.407530200837133
        ],
        [
            57.356427714212536,
            62.01636023815455,
            73.8343125762905,
            43.78639040542972,
            18.235496294595677,
            80.25420096445156,
            0.0,
            49.18733139379896,
            68.63793308835186,
            11.750709304372583,
            4.8423700791092745,
            69.13041635602397,
            36.68043672258399,
            70.38827687388134,
            57.396075984074756,
            21.199093795762696,
            86.18933767785833,
            95.96671548587479,
            34.85748917949015,
            41.797880712034576,
            72.61508904269968,
            57.356427714212536
        ],
        [
            75.67597813679059,
            49.786628133464006,
            91.33159349265402,
            48.68810158068094,
            34.36703770369055,
            87.22119077967767,
            49.18733139379896,
            0.0,
            53.500071639443874,
            37.46604622322192,
            51.1586844363384,
            46.48906667863476,
            15.54546985410535,
            97.05441175217308,
            97.94151632109224,
            70.35727661258382,
            84.1404065377044,
            85.19254203430975,
            77.34472352625332,
            7.735791636228803,
            91.31167040350536,
            75.67597813679059
        ],
        [
            43.76737846321024,
            6.6905008937580055,
            52.3499697390897,
            27.38684211074416,
            52.165917444166745,
            40.23057650073594,
            68.63793308835186,
            53.500071639443874,
            0.0,
            61.27281424475684,
            66.40098647540981,
            10.320249894675555,
            45.88869063602064,
            65.70508323866076,
            83.60876041852362,
            82.79589321780493,
            32.12911586781309,
            31.892185061139955,
            72.7648456115921,
            51.10209798475148,
            53.48873542764457,
            43.76737846321024
        ],
        [
            57.86935500605569,
            54.869539972870825,
            74.79914247324253,
            39.11538172121538,
            9.126103711869327,
            78.51883974572377,
            11.750709304372583,
            37.46604622322192,
            61.27281424475684,
            0.0,
            14.020269098693165,
            60.40406471626153,
            25.13887635502085,
            74.04602976117269,
            65.54970926680663,
            32.89123916912462,
            82.39182768710197,
            90.45453540138833,
            43.313699438310564,
            30.048210839641037,
            73.89207510961388,
            57.86935500605569
        ],
        [
            52.87382858028593,
            59.7302357666017,
            69.23839337837538,
            40.74829404911154,
            18.254183234123644,
            76.12611114318838,
            4.8423700791092745,
            51.1586844363384,
            66.40098647540981,
            14.020269098693165,
            0.0,
            67.5676500767774,
            37.74166471782996,
            65.56046440219309,
            52.93462062870329,
            19.643549772473136,
            82.56870891956946,
            92.86532020153115,
            30.412379202060134,
            43.58310016133756,
            67.98062224844215,
            52.87382858028593
        ],
        [
            52.529542461449374,
            12.89663958283245,
            62.259675354499315,
            32.10311064602419,
            51.558099658697074,
            50.55061481941013,
            69.13041635602397,
            46.48906667863476,
            10.320249894675555,
            60.40406471626153,
            67.5676500767774,
            0.0,
            41.48039431297469,
            74.94316897875021,
            90.75688532931186,
            85.27394204597435,
            41.932346560354006,
            39.203433259258084,
            77.96204203321003,
            45.333991124302834,
            63.29485884779877,
            52.529542461449374
        ],
        [
            61.14688993758888,
            40.786925429806494,
            77.27666429063707,
            34.836838104228654,
            19.865650779349185,
            74.95434178110492,
            36.68043672258399,
            15.54546985410535,
            45.88869063602064,
            25.13887635502085,
            37.74166471782996,
            41.48039431297469,
            0.0,
            81.99694970756427,
            82.47946577487755,
            57.3519750482274,
            73.93937552566817,
            77.61452478995636,
            62.18699614420223,
            8.306810377321371,
            77.0847766685569,
            61.14688993758888
        ],
        [
            22.864427413508796,
            62.14313350345528,
            17.255066328072758,
            49.63091468895576,
            69.0410897476389,
            35.60725148673757,
            70.38827687388134,
            97.05441175217308,
            65.70508323866076,
            74.04602976117269,
            65.56046440219309,
            74.94316897875021,
            81.99694970756427,
            0.0,
            31.613523787676403,
            65.91848467601898,
            50.959782519400704,
            67.61767466466578,
            41.9528167962658,
            90.29962288832867,
            15.109670295106252,
            22.864427413508796
        ],
        [
            42.25327795338828,
            78.22827100728847,
            47.14263098132251,
            59.478781003254305,
            64.43131291642786,
            64.25951696212624,
            57.396075984074756,
            97.94151632109224,
            83.60876041852362,
            65.54970926680663,
            52.93462062870329,
            90.75688532931186,
            82.47946577487755,
            31.613523787676403,
            0.0,
            44.32160668014022,
            78.39877879816846,
            94.4056593296946,
            22.53903239889711,
            90.31802392526725,
            44.91329407902923,
            42.25327795338828
        ],
        [
            59.82549087608023,
            76.12486747021762,
            74.17987597716541,
            55.75655277693761,
            37.8708630954936,
            84.96061589842483,
            21.199093795762696,
            70.35727661258382,
            82.79589321780493,
            32.89123916912462,
            19.643549772473136,
            85.27394204597435,
            57.3519750482274,
            65.91848467601898,
            44.32160668014022,
            0.0,
            94.08640064463619,
            106.36330698974521,
            24.22905215242003,
            62.90685911412904,
            72.47399166211495,
            59.82549087608023
        ],
        [
            37.19359868711576,
            34.434102650652406,
            33.832839035122966,
            43.28195341549654,
            73.67163945135496,
            15.568630276993629,
            86.18933767785833,
            84.1404065377044,
            32.12911586781309,
            82.39182768710197,
            82.56870891956946,
            41.932346560354006,
            73.93937552566817,
            50.959782519400704,
            78.39877879816846,
            94.08640064463619,
            0.0,
            16.684992559770667,
            76.46815276658216,
            80.51408660610406,
            35.88811092431395,
            37.19359868711576
        ],
        [
            52.51617328132353,
            36.916741419638974,
            50.516554438068866,
            52.18253464772557,
            81.39333729165034,
            32.23186888947278,
            95.96671548587479,
            85.19254203430975,
            31.892185061139955,
            90.45453540138833,
            92.86532020153115,
            39.203433259258084,
            77.61452478995636,
            67.61767466466578,
            94.4056593296946,
            106.36330698974521,
            16.684992559770667,
            0.0,
            90.68329214488465,
            82.99427894839599,
            52.56370323242082,
            52.51617328132353
        ],
        [
            39.771903414275606,
            66.54056850264442,
            51.90767929747676,
            45.898086942827035,
            43.153729925137995,
            65.09430530678166,
            34.85748917949015,
            77.34472352625332,
            72.7648456115921,
            43.313699438310564,
            30.412379202060134,
            77.96204203321003,
            62.18699614420223,
            41.9528167962658,
            22.53903239889711,
            24.22905215242003,
            76.46815276658216,
            90.68329214488465,
            0.0,
            69.62365689457816,
            50.001481146298914,
            39.771903414275606
        ],
        [
            69.35340571930118,
            46.62876811047241,
            85.36463296667584,
            42.794336659309074,
            26.632688536923744,
            82.40440131451719,
            41.797880712034576,
            7.735791636228803,
            51.10209798475148,
            30.048210839641037,
            43.58310016133756,
            45.333991124302834,
            8.306810377321371,
            90.29962288832867,
            90.31802392526725,
            62.90685911412904,
            80.51408660610406,
            82.99427894839599,
            69.62365689457816,
            0.0,
            85.22180796794044,
            69.35340571930118
        ],
        [
            16.265965397565907,
            50.904491401699225,
            2.239252845097235,
            42.633109101423024,
            67.38872556802164,
            20.49759958818919,
            72.61508904269968,
            91.31167040350536,
            53.48873542764457,
            73.89207510961388,
            67.98062224844215,
            63.29485884779877,
            77.0847766685569,
            15.109670295106252,
            44.91329407902923,
            72.47399166211495,
            35.88811092431395,
            52.56370323242082,
            50.001481146298914,
            85.22180796794044,
            0.0,
            16.265965397565907
        ],
        [
            0.0,
            39.64619955442535,
            16.95976988919386,
            27.29678048817102,
            51.16430253496987,
            25.407530200837133,
            57.356427714212536,
            75.67597813679059,
            43.76737846321024,
            57.86935500605569,
            52.87382858028593,
            52.529542461449374,
            61.14688993758888,
            22.864427413508796,
            42.25327795338828,
            59.82549087608023,
            37.19359868711576,
            52.51617328132353,
            39.771903414275606,
            69.35340571930118,
            16.265965397565907,
            0.0
        ]
    ],
    "scores_ave": [
        0,
        15.662037510682959,
        13.852608052590801,
        14.28039515411959,
        19.675017738547368,
        19.36737595712323,
        19.285835836546212,
        12.150085551926846,
        15.229237151527915,
        17.809199888222906,
        10.831261162979008,
        15.00239054550525,
        17.743135428081235,
        10.589528851451405,
        10.04491469513823,
        12.210110189902183,
        16.39757056579787,
        17.749811251896734,
        11.641790152688316,
        16.842444349593194,
        10.282557727704791,
        0
    ],
    "scores_var": [
        0,
        19.46028131786486,
        23.325321178086185,
        17.803299737790855,
        234.50799145599962,
        19.357459798518427,
        306.84462089834403,
        19.100325209948263,
        21.42441966958662,
        234.91431196780172,
        19.796299039365955,
        19.33885534881853,
        18.227094082051583,
        24.39679527061194,
        359.9404744300709,
        363.4256960028451,
        18.46373273314808,
        259.1287464970816,
        21.655637387100022,
        226.759138798782,
        368.7596380135169,
        0
    ],
    "vertex_number": 22,
    "minimum_distances": {
        "cost": 392.4065072963205,
        "path": [
            0,
            3,
            5,
            16,
            17,
            8,
            1,
            11,
            7,
            19,
            12,
            4,
            9,
            6,
            10,
            15,
            18,
            14,
            13,
            20,
            2,
            21
        ]
    }
}