{
    "vertices": [
        [
            6.1647933792611465,
            41.15875524108601
        ],
        [
            63.56442850154419,
            2.1442015750589016
        ],
        [
            42.31267790949739,
            39.84666810139256
        ],
        [
            3.2717054545845836,
            95.09053455442064
        ],
        [
            19.725165768558707,
            8.02367614196935
        ],
        [
            60.947160504448114,
            81.881855832128
        ],
        [
            78.27627960760339,
            7.304151671760906
        ],
        [
            83.93788390706337,
            85.38829389986545
        ],
        [
            89.30907522864153,
            44.31206777200776
        ],
        [
            89.77441995232331,
            93.83776846247687
        ],
        [
            53.464081171523745,
            56.668365207883575
        ],
        [
            68.93914432679458,
            2.085965340637219
        ],
        [
            68.0999963437355,
            6.071655200110282
        ],
        [
            79.0293563201413,
            99.30358208284945
        ],
        [
            87.94318523797749,
            46.84920897700609
        ],
        [
            45.13821546530708,
            28.334997301091825
        ],
        [
            63.0116145470358,
            23.280968385721714
        ],
        [
            87.62374977603305,
            31.693524296493024
        ],
        [
            24.59131223923784,
            30.12410569267526
        ],
        [
            3.990126181913334,
            16.277337453395326
        ],
        [
            6.1647933792611465,
            41.15875524108601
        ]
    ],
    "distances": [
        [
            0.0,
            69.40355545597458,
            36.17168960213832,
            54.00932121071453,
            35.8024743033375,
            68.26037408033221,
            79.66304431100127,
            89.47013859503171,
            83.20405629635417,
            98.82129370569066,
            49.777209915557414,
            73.94120669483765,
            71.1833825800381,
            93.22052038593296,
            81.97613456804615,
            41.02897021374844,
            59.591747245124374,
            82.0070251508105,
            21.477897661394106,
            24.976271309881927,
            0.0
        ],
        [
            69.40355545597458,
            0.0,
            43.27947418113894,
            110.78913875794758,
            44.2317666180617,
            79.78059662717817,
            15.590498643959728,
            85.70097194397269,
            49.40562492982784,
            95.36599949870661,
            55.451793803682236,
            5.375031317229373,
            5.9996889609419854,
            98.382463951113,
            50.920147945801816,
            32.023165171787426,
            21.143994761554314,
            38.10529377244762,
            47.976857187880206,
            61.2277961927938,
            69.40355545597458
        ],
        [
            36.17168960213832,
            43.27947418113894,
            0.0,
            67.64674649164779,
            39.024332434605036,
            45.980440941118566,
            48.501505365017884,
            61.69843964565015,
            47.20806239613303,
            71.88640953574208,
            20.18225181328536,
            46.204322166411785,
            42.493967672018826,
            69.88017668630359,
            46.16469189509569,
            11.8533635350388,
            26.511665073974644,
            46.03875527854474,
            20.213238756084003,
            44.99034694362756,
            36.17168960213832
        ],
        [
            54.00932121071453,
            110.78913875794758,
            67.64674649164779,
            0.0,
            88.6078675407402,
            59.1686345017153,
            115.46486549377967,
            81.2475588546884,
            99.90436269958595,
            86.51178554600769,
            63.21026560143816,
            113.85105367398612,
            110.12296845393168,
            75.87470879116695,
            97.44991011886889,
            78.79788331204396,
            93.4102271258939,
            105.5198952371134,
            68.37516005466061,
            78.81647141065451,
            54.00932121071453
        ],
        [
            35.8024743033375,
            44.2317666180617,
            39.024332434605036,
            88.6078675407402,
            0.0,
            84.58299803831416,
            58.55553472777785,
            100.54132111505407,
            78.47781739347779,
            110.77434925330977,
            59.19983265928972,
            49.570879506931846,
            48.41419852620216,
            108.85314991103535,
            78.49280336600621,
            32.53264302386787,
            45.896640557485114,
            71.90604579503909,
            22.62981148396553,
            17.768353773972052,
            35.8024743033375
        ],
        [
            68.26037408033221,
            79.78059662717817,
            45.980440941118566,
            59.1686345017153,
            84.58299803831416,
            0.0,
            76.56456312630914,
            23.25657907987413,
            47.07321087099086,
            31.20824785372684,
            26.300505427875358,
            80.19511172600632,
            76.1468947522522,
            25.109407620892796,
            44.22749933117418,
            55.83179024349285,
            58.63724055581345,
            56.83756713209717,
            63.25039448557623,
            86.87955220029555,
            68.26037408033221
        ],
        [
            79.66304431100127,
            15.590498643959728,
            48.501505365017884,
            115.46486549377967,
            58.55553472777785,
            76.56456312630914,
            0.0,
            78.28912460069101,
            38.61746280244869,
            87.29418117073644,
            55.24916985142229,
            10.696334130834297,
            10.250648204826312,
            92.00251257710134,
            40.709465996764,
            39.24828356735733,
            22.096802296323563,
            26.119278236155665,
            58.33374686113621,
            74.82613616816577,
            79.66304431100127
        ],
        [
            89.47013859503171,
            85.70097194397269,
            61.69843964565015,
            81.2475588546884,
            100.54132111505407,
            23.25657907987413,
            78.28912460069101,
            0.0,
            41.42591035957925,
            10.269312216104652,
            41.874657696954436,
            84.64183441056988,
            80.88243231441618,
            14.755639202930826,
            38.746657990629174,
            68.99632543822788,
            65.53799380396258,
            53.8211286574639,
            81.0934403446055,
            105.67860836624021,
            89.47013859503171
        ],
        [
            83.20405629635417,
            49.40562492982784,
            47.20806239613303,
            99.90436269958595,
            78.47781739347779,
            47.07321087099086,
            38.61746280244869,
            41.42591035957925,
            0.0,
            49.52788683755639,
            37.91492694544776,
            46.882596040435054,
            43.72818519919506,
            55.94407267117119,
            2.8814477195841377,
            46.97160454002793,
            33.67289087227945,
            12.730591554388408,
            66.25471390261382,
            89.80684367282667,
            83.20405629635417
        ],
        [
            98.82129370569066,
            95.36599949870661,
            71.88640953574208,
            86.51178554600769,
            110.77434925330977,
            31.20824785372684,
            87.29418117073644,
            10.269312216104652,
            49.52788683755639,
            0.0,
            51.96157465549911,
            94.08773611103935,
            90.40282780946107,
            12.055351964679039,
            47.0242293195609,
            79.26540090624349,
            75.46197579067542,
            62.18144791791682,
            91.14970298733675,
            115.64845660882163,
            98.82129370569066
        ],
        [
            49.777209915557414,
            55.451793803682236,
            20.18225181328536,
            63.21026560143816,
            59.19983265928972,
            26.300505427875358,
            55.24916985142229,
            41.874657696954436,
            37.91492694544776,
            51.96157465549911,
            0.0,
            56.73372854773073,
            52.67102691745135,
            49.71262426587332,
            35.8500271452021,
            29.531335504842506,
            34.72569164346508,
            42.31578473476731,
            39.220332724594535,
            63.8678897833476,
            49.777209915557414
        ],
        [
            73.94120669483765,
            5.375031317229373,
            46.204322166411785,
            113.85105367398612,
            49.570879506931846,
            80.19511172600632,
            10.696334130834297,
            84.64183441056988,
            46.882596040435054,
            94.08773611103935,
            56.73372854773073,
            0.0,
            4.073069235033763,
            97.73984542194826,
            48.63025346225159,
            35.432977486101215,
            22.008265796538087,
            35.01031316795366,
            52.467776065569154,
            66.48135077167792,
            73.94120669483765
        ],
        [
            71.1833825800381,
            5.9996889609419854,
            42.493967672018826,
            110.12296845393168,
            48.41419852620216,
            76.1468947522522,
            10.250648204826312,
            80.88243231441618,
            43.72818519919506,
            90.40282780946107,
            52.67102691745135,
            4.073069235033763,
            0.0,
            93.87035261339057,
            45.34932234907374,
            31.982804483257848,
            17.945809807011898,
            32.21268576317913,
            49.714444251165645,
            64.91711178434167,
            71.1833825800381
        ],
        [
            93.22052038593296,
            98.382463951113,
            69.88017668630359,
            75.87470879116695,
            108.85314991103535,
            25.109407620892796,
            92.00251257710134,
            14.755639202930826,
            55.94407267117119,
            12.055351964679039,
            49.71262426587332,
            97.73984542194826,
            93.87035261339057,
            0.0,
            53.20636807660785,
            78.64572114468614,
            77.69173601389404,
            68.15411589001158,
            88.03011187640884,
            111.9117659453549,
            93.22052038593296
        ],
        [
            81.97613456804615,
            50.920147945801816,
            46.16469189509569,
            97.44991011886889,
            78.49280336600621,
            44.22749933117418,
            40.709465996764,
            38.746657990629174,
            2.8814477195841377,
            47.0242293195609,
            35.8500271452021,
            48.63025346225159,
            45.34932234907374,
            53.20636807660785,
            0.0,
            46.63733988147038,
            34.30809207295106,
            15.159050667818423,
            65.52243045186871,
            89.34626714825392,
            81.97613456804615
        ],
        [
            41.02897021374844,
            32.023165171787426,
            11.8533635350388,
            78.79788331204396,
            32.53264302386787,
            55.83179024349285,
            39.24828356735733,
            68.99632543822788,
            46.97160454002793,
            79.26540090624349,
            29.531335504842506,
            35.432977486101215,
            31.982804483257848,
            78.64572114468614,
            46.63733988147038,
            0.0,
            18.574218772592786,
            42.61807514713343,
            20.624648870181733,
            42.87834433227216,
            41.02897021374844
        ],
        [
            59.591747245124374,
            21.143994761554314,
            26.511665073974644,
            93.4102271258939,
            45.896640557485114,
            58.63724055581345,
            22.096802296323563,
            65.53799380396258,
            33.67289087227945,
            75.46197579067542,
            34.72569164346508,
            22.008265796538087,
            17.945809807011898,
            77.69173601389404,
            34.30809207295106,
            18.574218772592786,
            0.0,
            26.010157582804087,
            39.024968387231326,
            59.43556961172767,
            59.591747245124374
        ],
        [
            82.0070251508105,
            38.10529377244762,
            46.03875527854474,
            105.5198952371134,
            71.90604579503909,
            56.83756713209717,
            26.119278236155665,
            53.8211286574639,
            12.730591554388408,
            62.18144791791682,
            42.31578473476731,
            35.01031316795366,
            32.21268576317913,
            68.15411589001158,
            15.159050667818423,
            42.61807514713343,
            26.010157582804087,
            0.0,
            63.051972662114224,
            85.04258822651269,
            82.0070251508105
        ],
        [
            21.477897661394106,
            47.976857187880206,
            20.213238756084003,
            68.37516005466061,
            22.62981148396553,
            63.25039448557623,
            58.33374686113621,
            81.0934403446055,
            66.25471390261382,
            91.14970298733675,
            39.220332724594535,
            52.467776065569154,
            49.714444251165645,
            88.03011187640884,
            65.52243045186871,
            20.624648870181733,
            39.024968387231326,
            63.051972662114224,
            0.0,
            24.822204931086063,
            21.477897661394106
        ],
        [
            24.976271309881927,
            61.2277961927938,
            44.99034694362756,
            78.81647141065451,
            17.768353773972052,
            86.87955220029555,
            74.82613616816577,
            105.67860836624021,
            89.80684367282667,
            115.64845660882163,
            63.8678897833476,
            66.48135077167792,
            64.91711178434167,
            111.9117659453549,
            89.34626714825392,
            42.87834433227216,
            59.43556961172767,
            85.04258822651269,
            24.822204931086063,
            0.0,
            24.976271309881927
        ],
        [
            0.0,
            69.40355545597458,
            36.17168960213832,
            54.00932121071453,
            35.8024743033375,
            68.26037408033221,
            79.66304431100127,
            89.47013859503171,
            83.20405629635417,
            98.82129370569066,
            49.777209915557414,
            73.94120669483765,
            71.1833825800381,
            93.22052038593296,
            81.97613456804615,
            41.02897021374844,
            59.591747245124374,
            82.0070251508105,
            21.477897661394106,
            24.976271309881927,
            0.0
        ]
    ],
    "scores_ave": [
        0,
        18.159136147247033,
        12.62175919136288,
        15.764634085755638,
        10.208848366661952,
        15.082205088978089,
        17.821364039392414,
        16.28861634283356,
        10.45279276873144,
        15.570980323862589,
        19.86016876409139,
        11.57289548714853,
        17.486537547286503,
        12.524933874582334,
        11.338038475398248,
        18.428152808857917,
        18.147929982000687,
        13.182021473594999,
        15.070190118706982,
        19.336090268952866,
        0
    ],
    "scores_var": [
        0,
        366.4446695885788,
        245.2812947749172,
        19.352705646644964,
        281.65789644220473,
        345.37023014069587,
        20.12948295822662,
        20.705421917953394,
        17.10416273544716,
        18.338816965947387,
        16.050753606451988,
        16.16598380815624,
        344.41494759577665,
        24.74196964924621,
        17.8626211323114,
        324.7024846098176,
        365.34082925621453,
        290.1569329111369,
        335.5482631535604,
        292.71662117617234,
        0
    ],
    "vertex_number": 21,
    "minimum_distances": {
        "cost": 434.9823486455054,
        "path": [
            0,
            3,
            5,
            13,
            9,
            7,
            14,
            8,
            17,
            6,
            11,
            1,
            12,
            16,
            15,
            10,
            2,
            18,
            4,
            19,
            20
        ]
    }
}