{
    "vertices": [
        [
            79.97065118077265,
            97.38940698210187
        ],
        [
            52.10701053520674,
            56.70233744048871
        ],
        [
            68.82086984699185,
            78.95347629496563
        ],
        [
            40.40793895480337,
            23.28045476336126
        ],
        [
            64.14571386831159,
            80.9130525762462
        ],
        [
            12.769989693339113,
            22.383769852757663
        ],
        [
            3.3960459210430116,
            21.316983015101876
        ],
        [
            39.07205334508574,
            1.1732630400489552
        ],
        [
            56.53659250546291,
            99.34388206295355
        ],
        [
            84.19467472741128,
            56.56552268180142
        ],
        [
            59.044638661467616,
            59.974816903217295
        ],
        [
            23.755510852389616,
            20.366326586463867
        ],
        [
            75.66216436041252,
            69.88571128157677
        ],
        [
            50.599740058500466,
            57.07788230641305
        ],
        [
            52.577051345049156,
            71.69828156714125
        ],
        [
            7.12429919464832,
            35.17046866647593
        ],
        [
            1.0088614602770662,
            9.2185401186065
        ],
        [
            27.43107691496419,
            72.76784648724417
        ],
        [
            79.97065118077265,
            97.38940698210187
        ]
    ],
    "distances": [
        [
            0.0,
            49.31348799171782,
            21.545328126812517,
            84.00800555681845,
            22.84510659749002,
            100.70637768049991,
            107.9383335932995,
            104.5477960552163,
            23.51542214886923,
            41.04183115172708,
            42.86898121869797,
            95.3556338963394,
            27.839115213459998,
            49.876541999532016,
            37.55586821053383,
            95.80076869634182,
            118.35990030125909,
            58.02265165635176,
            0.0
        ],
        [
            49.31348799171782,
            0.0,
            27.82923415071565,
            35.41031654090477,
            27.03865945876952,
            52.203115711489794,
            60.206987812483646,
            57.03848010525754,
            42.87099863801727,
            32.08795586493288,
            7.670710909183473,
            46.088102792896464,
            26.993455087539118,
            1.5533506482029389,
            15.003308922121215,
            49.8704891940044,
            69.75479802127826,
            29.444902461410837,
            49.31348799171782
        ],
        [
            21.545328126812517,
            27.82923415071565,
            0.0,
            62.50423960294823,
            5.069223079244712,
            79.63562552624754,
            87.19158757208855,
            83.27516831111419,
            23.804875912022663,
            27.15831996803927,
            21.348634815856816,
            73.91441464476854,
            11.359034860295067,
            28.470180595160365,
            17.790432542878392,
            75.65327876077814,
            97.26988128378053,
            41.84945609054315,
            21.545328126812517
        ],
        [
            84.00800555681845,
            35.41031654090477,
            62.50423960294823,
            0.0,
            62.32975443964247,
            27.65249144667035,
            37.06393728745951,
            22.147517157765986,
            77.75460396605185,
            55.00158157685428,
            41.15583541622354,
            16.90548741496224,
            58.43723422680241,
            35.300692886474025,
            49.923674231443236,
            35.34364308189004,
            41.83329715544852,
            51.16054034149809,
            84.00800555681845
        ],
        [
            22.84510659749002,
            27.03865945876952,
            5.069223079244712,
            62.32975443964247,
            0.0,
            77.87902137693376,
            85.10119660051875,
            83.58900936912104,
            19.939764378814544,
            31.53986435434677,
            21.550653850061686,
            72.7823778654502,
            15.94461940486926,
            27.415483731789724,
            14.790062789838919,
            73.10147545794294,
            95.5320116428655,
            37.6072991432304,
            22.84510659749002
        ],
        [
            100.70637768049991,
            52.203115711489794,
            79.63562552624754,
            27.65249144667035,
            77.87902137693376,
            0.0,
            9.434450487609997,
            33.78881696053435,
            88.53459432967514,
            79.1825603190643,
            59.61904020926022,
            11.169232402840425,
            78.81535430270317,
            51.330024855218134,
            63.376046129205,
            13.977606653492277,
            17.653538208175355,
            52.47382830354488,
            100.70637768049991
        ],
        [
            107.9383335932995,
            60.206987812483646,
            87.19158757208855,
            37.06393728745951,
            85.10119660051875,
            9.434450487609997,
            0.0,
            40.97007395836256,
            94.40399708865372,
            88.15258343136732,
            67.75835000138922,
            20.381647625647023,
            87.07073698847196,
            59.220187928998804,
            70.40629615528604,
            14.346391085042098,
            12.331705890487408,
            56.78797466812651,
            107.9383335932995
        ],
        [
            104.5477960552163,
            57.03848010525754,
            83.27516831111419,
            22.147517157765986,
            83.58900936912104,
            33.78881696053435,
            40.97007395836256,
            0.0,
            99.71198808280089,
            71.44475760076466,
            62.100941224294175,
            24.555450764082646,
            77.84752255183577,
            57.08076748152364,
            71.80642874580052,
            46.65264178653069,
            38.90415221709025,
            72.5347965546471,
            104.5477960552163
        ],
        [
            23.51542214886923,
            42.87099863801727,
            23.804875912022663,
            77.75460396605185,
            19.939764378814544,
            88.53459432967514,
            94.40399708865372,
            99.71198808280089,
            0.0,
            50.940725785358254,
            39.44887307734163,
            85.51054662079682,
            35.12223404858525,
            42.680920238402614,
            27.927713708341184,
            80.99260285476191,
            105.85795282175062,
            39.41340767695855,
            23.51542214886923
        ],
        [
            41.04183115172708,
            32.08795586493288,
            27.15831996803927,
            55.00158157685428,
            31.53986435434677,
            79.1825603190643,
            88.15258343136732,
            71.44475760076466,
            50.940725785358254,
            0.0,
            25.380063065454486,
            70.45050977715083,
            15.818696453770354,
            33.598841465046355,
            35.052453549369744,
            79.98494308980787,
            95.71633239293077,
            59.030681287866436,
            41.04183115172708
        ],
        [
            42.86898121869797,
            7.670710909183473,
            21.348634815856816,
            41.15583541622354,
            21.550653850061686,
            59.61904020926022,
            67.75835000138922,
            62.100941224294175,
            39.44887307734163,
            25.380063065454486,
            0.0,
            53.0486102239992,
            19.3485913630448,
            8.92796407209157,
            13.389148943146855,
            57.54109263647404,
            77.09961782254338,
            34.103942473528946,
            42.86898121869797
        ],
        [
            95.3556338963394,
            46.088102792896464,
            73.91441464476854,
            16.90548741496224,
            72.7823778654502,
            11.169232402840425,
            20.381647625647023,
            24.555450764082646,
            85.51054662079682,
            70.45050977715083,
            53.0486102239992,
            0.0,
            71.73890254934577,
            45.47912669620151,
            58.869778312036324,
            22.265664686457797,
            25.331466631457364,
            52.530268167907,
            95.3556338963394
        ],
        [
            27.839115213459998,
            26.993455087539118,
            11.359034860295067,
            58.43723422680241,
            15.94461940486926,
            78.81535430270317,
            87.07073698847196,
            77.84752255183577,
            35.12223404858525,
            15.818696453770354,
            19.3485913630448,
            71.73890254934577,
            0.0,
            28.145436485265513,
            23.156162332567334,
            76.82829577249379,
            96.19574466064756,
            48.317124288540086,
            27.839115213459998
        ],
        [
            49.876541999532016,
            1.5533506482029389,
            28.470180595160365,
            35.300692886474025,
            27.415483731789724,
            51.330024855218134,
            59.220187928998804,
            57.08076748152364,
            42.680920238402614,
            33.598841465046355,
            8.92796407209157,
            45.47912669620151,
            28.145436485265513,
            0.0,
            14.753502447453435,
            48.68314626950078,
            68.91858874638461,
            27.98145685725494,
            49.876541999532016
        ],
        [
            37.55586821053383,
            15.003308922121215,
            17.790432542878392,
            49.923674231443236,
            14.790062789838919,
            63.376046129205,
            70.40629615528604,
            71.80642874580052,
            27.927713708341184,
            35.052453549369744,
            13.389148943146855,
            58.869778312036324,
            23.156162332567334,
            14.753502447453435,
            0.0,
            58.31152367544326,
            81.01232189900288,
            25.16871071701532,
            37.55586821053383
        ],
        [
            95.80076869634182,
            49.8704891940044,
            75.65327876077814,
            35.34364308189004,
            73.10147545794294,
            13.977606653492277,
            14.346391085042098,
            46.65264178653069,
            80.99260285476191,
            79.98494308980787,
            57.54109263647404,
            22.265664686457797,
            76.82829577249379,
            48.68314626950078,
            58.31152367544326,
            0.0,
            26.662730055954363,
            42.73087923715019,
            95.80076869634182
        ],
        [
            118.35990030125909,
            69.75479802127826,
            97.26988128378053,
            41.83329715544852,
            95.5320116428655,
            17.653538208175355,
            12.331705890487408,
            38.90415221709025,
            105.85795282175062,
            95.71633239293077,
            77.09961782254338,
            25.331466631457364,
            96.19574466064756,
            68.91858874638461,
            81.01232189900288,
            26.662730055954363,
            0.0,
            68.82330862047306,
            118.35990030125909
        ],
        [
            58.02265165635176,
            29.444902461410837,
            41.84945609054315,
            51.16054034149809,
            37.6072991432304,
            52.47382830354488,
            56.78797466812651,
            72.5347965546471,
            39.41340767695855,
            59.030681287866436,
            34.103942473528946,
            52.530268167907,
            48.317124288540086,
            27.98145685725494,
            25.16871071701532,
            42.73087923715019,
            68.82330862047306,
            0.0,
            58.02265165635176
        ],
        [
            0.0,
            49.31348799171782,
            21.545328126812517,
            84.00800555681845,
            22.84510659749002,
            100.70637768049991,
            107.9383335932995,
            104.5477960552163,
            23.51542214886923,
            41.04183115172708,
            42.86898121869797,
            95.3556338963394,
            27.839115213459998,
            49.876541999532016,
            37.55586821053383,
            95.80076869634182,
            118.35990030125909,
            58.02265165635176,
            0.0
        ]
    ],
    "scores_ave": [
        0,
        13.88403620738865,
        14.10528421613963,
        16.532831654522443,
        15.890763849227454,
        19.81858930725906,
        11.858281836299643,
        15.295901256130406,
        19.524410288693183,
        11.932295631087658,
        10.638889575537561,
        17.25751038584112,
        15.390124141409103,
        12.652980413298755,
        18.065696128743447,
        11.746694508780157,
        10.807100088330468,
        19.551942466654793,
        0
    ],
    "scores_var": [
        0,
        225.3290168553327,
        21.765229348903194,
        18.384143435879643,
        341.03229570567726,
        314.34822432680255,
        18.587529017326638,
        23.92806672518493,
        379.38876582465195,
        20.862598609484955,
        265.27851382651306,
        19.908950126588753,
        16.055640730844836,
        377.4145236227505,
        390.9047800843334,
        343.4958077239081,
        23.844867933064066,
        23.16065528747776,
        0
    ],
    "vertex_number": 19,
    "minimum_distances": {
        "cost": 362.81147086287694,
        "path": [
            0,
            2,
            12,
            9,
            3,
            7,
            11,
            5,
            16,
            6,
            15,
            17,
            14,
            13,
            1,
            10,
            4,
            8,
            18
        ]
    }
}