{
    "vertices": [
        [
            20.643552904764373,
            79.9024088595565
        ],
        [
            91.80386003214632,
            41.43084737453812
        ],
        [
            32.44275601429535,
            20.19274538997211
        ],
        [
            52.55844568765215,
            83.97604764586025
        ],
        [
            25.706834912908327,
            97.09173877060336
        ],
        [
            71.75575048133767,
            45.51638426996121
        ],
        [
            18.373692080310832,
            12.367998145707759
        ],
        [
            63.97347328765718,
            11.165858144443142
        ],
        [
            95.32643209713311,
            61.774089584849975
        ],
        [
            83.42463075564393,
            56.734462036637154
        ],
        [
            73.11472621254329,
            49.16315498426791
        ],
        [
            22.27938080710392,
            20.567058223414325
        ],
        [
            47.81082172784161,
            29.037943491411866
        ],
        [
            34.109229748286616,
            44.08243104017038
        ],
        [
            81.68598070077137,
            34.290896450791855
        ],
        [
            87.81168924055814,
            92.47203551570439
        ],
        [
            39.34141731050482,
            56.44286734986112
        ],
        [
            15.20121116875548,
            84.743597525111
        ],
        [
            20.643552904764373,
            79.9024088595565
        ]
    ],
    "distances": [
        [
            0.0,
            80.89406871680318,
            60.86431717904166,
            32.1738234331032,
            17.919539265416518,
            61.602397909358345,
            67.57254545027291,
            81.25389470418745,
            76.85159988046858,
            66.91948517515522,
            60.812217169779416,
            59.357895582980454,
            57.665018273581865,
            38.26741778374242,
            76.20097148623249,
            68.33413534317033,
            29.9993370123504,
            7.283968098982699,
            0.0
        ],
        [
            80.89406871680318,
            0.0,
            63.04599627355372,
            57.88174680499836,
            86.41152446646078,
            20.460163935928964,
            78.97239245921637,
            41.11569042890562,
            20.645968555154766,
            17.447409692966097,
            20.225535936002164,
            72.58753962806497,
            45.70526759467038,
            57.75553012073483,
            12.383472104291652,
            51.19707330005439,
            54.56801847292067,
            87.99977351387847,
            80.89406871680318
        ],
        [
            60.86431717904166,
            63.04599627355372,
            0.0,
            66.88012124466267,
            77.19344412602977,
            46.76321439005017,
            16.09860954912462,
            32.797421013185954,
            75.38809523223254,
            62.72518320122879,
            49.93489553276781,
            10.170265763461295,
            17.73175042768169,
            23.947739249694777,
            51.22160716783937,
            91.04951700966967,
            36.90071638581893,
            66.81379633004943,
            60.86431717904166
        ],
        [
            32.1738234331032,
            57.88174680499836,
            66.88012124466267,
            0.0,
            29.88361348428272,
            42.984674226160315,
            79.34929194650022,
            73.69956953972762,
            48.18742162913894,
            41.168256790349396,
            40.42892732296478,
            70.26750109130329,
            55.142861925627194,
            43.95309107058472,
            57.593641534611194,
            36.26255632032918,
            30.541215698369186,
            37.365118810422416,
            32.1738234331032
        ],
        [
            17.919539265416518,
            86.41152446646078,
            77.19344412602977,
            29.88361348428272,
            0.0,
            69.14130326292124,
            85.04050334562855,
            94.06164241541255,
            78.0655151529897,
            70.42764899047559,
            67.41407346572214,
            76.60139799309623,
            71.55351343586736,
            53.67109971883689,
            84.12853593886352,
            62.276436869990626,
            42.87461469141015,
            16.21248662211746,
            17.919539265416518
        ],
        [
            61.602397909358345,
            20.460163935928964,
            46.76321439005017,
            42.984674226160315,
            69.14130326292124,
            0.0,
            62.8367699820196,
            35.22105170802227,
            28.633721622222975,
            16.186662275938264,
            3.8917543191639004,
            55.41100997381603,
            29.067139926421383,
            37.67382042173677,
            14.987362976497023,
            49.624856204846594,
            34.20638869283184,
            68.82724879452472,
            61.602397909358345
        ],
        [
            67.57254545027291,
            78.97239245921637,
            16.09860954912462,
            79.34929194650022,
            85.04050334562855,
            62.8367699820196,
            0.0,
            45.61562437082822,
            91.44772313945013,
            78.74012789376894,
            65.95805018828618,
            9.08179445861005,
            33.82944988784621,
            35.403564785451444,
            67.00044298700983,
            106.01081196085771,
            48.80819190148453,
            72.44509659502192,
            67.57254545027291
        ],
        [
            81.25389470418745,
            41.11569042890562,
            32.797421013185954,
            73.69956953972762,
            94.06164241541255,
            35.22105170802227,
            45.61562437082822,
            0.0,
            59.53319339355547,
            49.546394293915036,
            39.08141594377686,
            42.74084592871058,
            24.096529627590417,
            44.445177616683694,
            29.129028743329574,
            84.7287142505074,
            51.543629521494424,
            88.2746695522806,
            81.25389470418745
        ],
        [
            76.85159988046858,
            20.645968555154766,
            75.38809523223254,
            48.18742162913894,
            78.0655151529897,
            28.633721622222975,
            91.44772313945013,
            59.53319339355547,
            0.0,
            12.924810288626254,
            25.542034958156325,
            83.8682963687143,
            57.700853458308956,
            63.722371624737505,
            30.682043920515568,
            31.604354835593558,
            56.23827710001282,
            83.35256039162228,
            76.85159988046858
        ],
        [
            66.91948517515522,
            17.447409692966097,
            62.72518320122879,
            41.168256790349396,
            70.42764899047559,
            16.186662275938264,
            78.74012789376894,
            49.546394293915036,
            12.924810288626254,
            0.0,
            12.791357323173468,
            71.04099302415584,
            45.11585678001452,
            50.91250008447842,
            22.51080940835864,
            36.00583897539103,
            44.08417783185992,
            73.74921457846395,
            66.91948517515522
        ],
        [
            60.812217169779416,
            20.225535936002164,
            49.93489553276781,
            40.42892732296478,
            67.41407346572214,
            3.8917543191639004,
            65.95805018828618,
            39.08141594377686,
            25.542034958156325,
            12.791357323173468,
            0.0,
            58.32640133289921,
            32.33128082527958,
            39.335003625514844,
            17.165386025036586,
            45.734667978821854,
            34.54895955478661,
            67.97016342579495,
            60.812217169779416
        ],
        [
            59.357895582980454,
            72.58753962806497,
            10.170265763461295,
            70.26750109130329,
            76.60139799309623,
            55.41100997381603,
            9.08179445861005,
            42.74084592871058,
            83.8682963687143,
            71.04099302415584,
            58.32640133289921,
            0.0,
            26.900006927744403,
            26.32333726339103,
            60.97120506122146,
            97.28725100454902,
            39.726398907031935,
            64.56569276459021,
            59.357895582980454
        ],
        [
            57.665018273581865,
            45.70526759467038,
            17.73175042768169,
            55.142861925627194,
            71.55351343586736,
            29.067139926421383,
            33.82944988784621,
            24.096529627590417,
            57.700853458308956,
            45.11585678001452,
            32.33128082527958,
            26.900006927744403,
            0.0,
            20.34871564445667,
            34.28002202792061,
            74.99302256021097,
            28.683804888330364,
            64.54848249290949,
            57.665018273581865
        ],
        [
            38.26741778374242,
            57.75553012073483,
            23.947739249694777,
            43.95309107058472,
            53.67109971883689,
            37.67382042173677,
            35.403564785451444,
            44.445177616683694,
            63.722371624737505,
            50.91250008447842,
            39.335003625514844,
            26.32333726339103,
            20.34871564445667,
            0.0,
            48.57387549712041,
            72.2876751377279,
            13.422226806761692,
            44.84243109511296,
            38.26741778374242
        ],
        [
            76.20097148623249,
            12.383472104291652,
            51.22160716783937,
            57.593641534611194,
            84.12853593886352,
            14.987362976497023,
            67.00044298700983,
            29.129028743329574,
            30.682043920515568,
            22.51080940835864,
            17.165386025036586,
            60.97120506122146,
            34.28002202792061,
            48.57387549712041,
            0.0,
            58.50272855179584,
            47.7888257171644,
            83.46076698317523,
            76.20097148623249
        ],
        [
            68.33413534317033,
            51.19707330005439,
            91.04951700966967,
            36.26255632032918,
            62.276436869990626,
            49.624856204846594,
            106.01081196085771,
            84.7287142505074,
            31.604354835593558,
            36.00583897539103,
            45.734667978821854,
            97.28725100454902,
            74.99302256021097,
            72.2876751377279,
            58.50272855179584,
            0.0,
            60.394273070349385,
            73.02061544242271,
            68.33413534317033
        ],
        [
            29.9993370123504,
            54.56801847292067,
            36.90071638581893,
            30.541215698369186,
            42.87461469141015,
            34.20638869283184,
            48.80819190148453,
            51.543629521494424,
            56.23827710001282,
            44.08417783185992,
            34.54895955478661,
            39.726398907031935,
            28.683804888330364,
            13.422226806761692,
            47.7888257171644,
            60.394273070349385,
            0.0,
            37.19786124252915,
            29.9993370123504
        ],
        [
            7.283968098982699,
            87.99977351387847,
            66.81379633004943,
            37.365118810422416,
            16.21248662211746,
            68.82724879452472,
            72.44509659502192,
            88.2746695522806,
            83.35256039162228,
            73.74921457846395,
            67.97016342579495,
            64.56569276459021,
            64.54848249290949,
            44.84243109511296,
            83.46076698317523,
            73.02061544242271,
            37.19786124252915,
            0.0,
            7.283968098982699
        ],
        [
            0.0,
            80.89406871680318,
            60.86431717904166,
            32.1738234331032,
            17.919539265416518,
            61.602397909358345,
            67.57254545027291,
            81.25389470418745,
            76.85159988046858,
            66.91948517515522,
            60.812217169779416,
            59.357895582980454,
            57.665018273581865,
            38.26741778374242,
            76.20097148623249,
            68.33413534317033,
            29.9993370123504,
            7.283968098982699,
            0.0
        ]
    ],
    "scores_ave": [
        0,
        16.709333900516306,
        19.8486218122789,
        19.77913245864483,
        14.858407486360695,
        18.46968661899876,
        15.619741185288843,
        19.110686414802032,
        18.230869357787114,
        19.33526233466345,
        15.788751582689425,
        18.048120575698686,
        14.109163843990796,
        10.269299701522698,
        15.135831736338133,
        16.816784334257157,
        11.337766933493633,
        18.46055355568136,
        0
    ],
    "scores_var": [
        0,
        22.486345108186235,
        21.81674105806443,
        19.369601547600418,
        287.2492406700521,
        249.67944404000608,
        19.675198017245865,
        371.17446212661486,
        18.256217426699084,
        20.244641732268942,
        19.854176134319612,
        344.2533885877334,
        383.12214160797174,
        292.59171681251655,
        280.9806865545314,
        312.6706689477576,
        16.791330709839116,
        394.45697048533174,
        0
    ],
    "vertex_number": 19,
    "minimum_distances": {
        "cost": 357.0344486449222,
        "path": [
            0,
            17,
            4,
            3,
            15,
            8,
            9,
            1,
            14,
            10,
            5,
            7,
            12,
            2,
            6,
            11,
            13,
            16,
            18
        ]
    }
}