{
    "vertices": [
        [
            1.9054098446337653,
            92.39033893529867
        ],
        [
            79.56030405903893,
            13.531197131265104
        ],
        [
            97.78110731342149,
            91.70086704508066
        ],
        [
            80.58966350806756,
            78.00597877373735
        ],
        [
            82.55727221975397,
            46.4157739568942
        ],
        [
            62.01270852679166,
            10.112450760940261
        ],
        [
            28.80502305886976,
            34.55619784425606
        ],
        [
            33.91602925022649,
            6.91251163146831
        ],
        [
            96.25807079322472,
            54.563733066091835
        ],
        [
            58.6810864990529,
            84.6760078045487
        ],
        [
            60.85868871132778,
            31.94504968533215
        ],
        [
            93.4291409906164,
            24.380505990192034
        ],
        [
            60.414539632380695,
            49.68421598341804
        ],
        [
            33.7778389517987,
            78.93774034999448
        ],
        [
            25.082040380337233,
            48.07639037064798
        ],
        [
            96.32680590569393,
            66.729069207549
        ],
        [
            52.68978485205821,
            46.75936149556287
        ],
        [
            32.092727564215636,
            37.2774015362993
        ],
        [
            46.314013805608965,
            94.851152689732
        ],
        [
            53.16953003633655,
            36.012713019478845
        ],
        [
            37.68300576165845,
            62.20091600392049
        ],
        [
            1.9054098446337653,
            92.39033893529867
        ]
    ],
    "distances": [
        [
            0.0,
            110.6754120910292,
            95.87817653988789,
            79.98825908737548,
            92.83524939121382,
            101.89474096977904,
            63.783830763086996,
            91.2750717080691,
            101.65272617920326,
            57.297367865915206,
            84.43412865450978,
            114.02600905102058,
            72.4370844671468,
            34.59514627644437,
            50.00882162557932,
            97.8463121336717,
            68.27326597578582,
            62.83876208081287,
            44.476732232671395,
            76.2000441137239,
            46.812793406626824,
            0.0
        ],
        [
            110.6754120910292,
            0.0,
            80.26515411852019,
            64.48299813687156,
            33.0208602425352,
            17.877525995169282,
            54.9376847381413,
            46.12165240499966,
            44.29993701070159,
            74.14530202011855,
            26.24538783284916,
            17.608297491554307,
            40.909669610071624,
            79.83764780552583,
            64.50776379159684,
            55.77749705408581,
            42.73330913319852,
            53.075917721105554,
            87.85357697695834,
            34.668306998602475,
            64.20630535882822,
            110.6754120910292
        ],
        [
            95.87817653988789,
            80.26515411852019,
            0.0,
            21.979438229336488,
            47.77556709202828,
            89.08449934479941,
            89.5723920477883,
            106.14995718210648,
            37.168351596690684,
            39.72606543610056,
            70.24259892515265,
            67.46088217208099,
            56.22863457971673,
            65.2634335903707,
            84.78354379276196,
            25.014109614836762,
            63.66291135639323,
            85.3046120210472,
            51.563417398237036,
            71.35378984979334,
            66.94795681390784,
            95.87817653988789
        ],
        [
            79.98825908737548,
            64.48299813687156,
            21.979438229336488,
            0.0,
            31.651422154658466,
            70.38916395583068,
            67.59831691153714,
            85.04533617514605,
            28.19641591889279,
            22.901419908638672,
            50.10908655041192,
            55.14112361281405,
            34.77294740096711,
            46.82109671848669,
            63.06248082075811,
            19.36043233523363,
            41.889787781137755,
            63.330638712459184,
            38.19136089203626,
            50.1527475649672,
            45.72506192587758,
            79.98825908737548
        ],
        [
            92.83524939121382,
            33.0208602425352,
            47.77556709202828,
            31.651422154658466,
            0.0,
            41.71343155872065,
            55.045016444953795,
            62.66161705519591,
            15.94054952616047,
            45.09897713525903,
            26.081226719917144,
            24.57133624643203,
            22.382656672447744,
            58.626882980564865,
            57.49921670656333,
            24.54037534082375,
            29.869463571617654,
            51.285281687715354,
            60.49429471832802,
            31.174718403003876,
            47.569638421969884,
            92.83524939121382
        ],
        [
            101.89474096977904,
            17.877525995169282,
            89.08449934479941,
            70.38916395583068,
            41.71343155872065,
            0.0,
            41.23405322800005,
            28.278313188775822,
            56.11293376158048,
            74.63795109949874,
            21.863077037046754,
            34.50463199019865,
            39.60402437427243,
            74.39172230116762,
            52.96352481126117,
            66.20346488861188,
            37.814190090973824,
            40.41212455969856,
            86.18060466558298,
            27.368328244069385,
            57.49037004585107,
            101.89474096977904
        ],
        [
            63.783830763086996,
            54.9376847381413,
            89.5723920477883,
            67.59831691153714,
            55.045016444953795,
            41.23405322800005,
            0.0,
            28.112199695490897,
            70.35776513154867,
            58.34873192399041,
            32.159844161118365,
            65.4203433433757,
            35.04309448136503,
            44.65926794175687,
            14.023416344648584,
            74.79495177197906,
            26.821615332002853,
            4.267780506078227,
            62.7857176178419,
            24.40800353799307,
            29.035306421635976,
            63.783830763086996
        ],
        [
            91.2750717080691,
            46.12165240499966,
            106.14995718210648,
            85.04533617514605,
            62.66161705519591,
            28.278313188775822,
            28.112199695490897,
            0.0,
            78.46763057439955,
            81.61169890155664,
            36.776825043157444,
            62.02371559283223,
            50.31490579980976,
            72.02536128694246,
            42.10111960752606,
            86.44724173153945,
            44.04798909699512,
            30.419581982182418,
            88.80830260853793,
            34.89296509819008,
            55.41658389046973,
            91.2750717080691
        ],
        [
            101.65272617920326,
            44.29993701070159,
            37.168351596690684,
            28.19641591889279,
            15.94054952616047,
            56.11293376158048,
            70.35776513154867,
            78.46763057439955,
            0.0,
            48.15370015449221,
            42.008583523598844,
            30.315508251444776,
            36.17414011470766,
            67.06617330692191,
            71.47106351933216,
            12.165530319321478,
            44.26176403468492,
            66.4530550799167,
            64.16763209214967,
            46.91228718926257,
            59.07084565738059,
            101.65272617920326
        ],
        [
            57.297367865915206,
            74.14530202011855,
            39.72606543610056,
            22.901419908638672,
            45.09897713525903,
            74.63795109949874,
            58.34873192399041,
            81.61169890155664,
            48.15370015449221,
            0.0,
            52.77590260303915,
            69.59148532682539,
            35.03470214828136,
            25.55581052871966,
            49.68327582190482,
            41.70482939238604,
            38.3870780699184,
            54.346745137315004,
            16.014932420694088,
            48.97441693354111,
            30.75791192686528,
            57.297367865915206
        ],
        [
            84.43412865450978,
            26.24538783284916,
            70.24259892515265,
            50.10908655041192,
            26.081226719917144,
            21.863077037046754,
            32.159844161118365,
            36.776825043157444,
            42.008583523598844,
            52.77590260303915,
            0.0,
            33.43735460518821,
            17.744725677098415,
            54.23730634538213,
            39.24523815834342,
            49.678117430466855,
            16.917293656868722,
            29.256016423629486,
            64.56566706317848,
            8.698795671192318,
            38.11206799521487,
            84.43412865450978
        ],
        [
            114.02600905102058,
            17.608297491554307,
            67.46088217208099,
            55.14112361281405,
            24.57133624643203,
            34.50463199019865,
            65.4203433433757,
            62.02371559283223,
            30.315508251444776,
            69.59148532682539,
            33.43735460518821,
            0.0,
            41.59617340891473,
            80.83792214002452,
            72.33824091311288,
            42.44758259941961,
            46.48126840260005,
            62.6776317895113,
            84.76996670938836,
            41.906377969972056,
            67.36479055539176,
            114.02600905102058
        ],
        [
            72.4370844671468,
            40.909669610071624,
            56.22863457971673,
            34.77294740096711,
            22.382656672447744,
            39.60402437427243,
            35.04309448136503,
            50.31490579980976,
            36.17414011470766,
            35.03470214828136,
            17.744725677098415,
            41.59617340891473,
            0.0,
            39.56365138625098,
            35.36906284589303,
            39.751954547135405,
            8.259940083998286,
            30.92012424861346,
            47.31677292486913,
            15.472561434351132,
            25.949767080246378,
            72.4370844671468
        ],
        [
            34.59514627644437,
            79.83764780552583,
            65.2634335903707,
            46.82109671848669,
            58.626882980564865,
            74.39172230116762,
            44.65926794175687,
            72.02536128694246,
            67.06617330692191,
            25.55581052871966,
            54.23730634538213,
            80.83792214002452,
            39.56365138625098,
            0.0,
            32.06306029285324,
            63.729309725305036,
            37.32438564040505,
            41.69440526570009,
            20.258143356680424,
            47.101970812734145,
            17.186378821734536,
            34.59514627644437
        ],
        [
            50.00882162557932,
            64.50776379159684,
            84.78354379276196,
            63.06248082075811,
            57.49921670656333,
            52.96352481126117,
            14.023416344648584,
            42.10111960752606,
            71.47106351933216,
            49.68327582190482,
            39.24523815834342,
            72.33824091311288,
            35.36906284589303,
            32.06306029285324,
            0.0,
            73.64603887892159,
            27.639141084224164,
            12.875088140847202,
            51.36803564025247,
            30.568601315876066,
            18.928458809586903,
            50.00882162557932
        ],
        [
            97.8463121336717,
            55.77749705408581,
            25.014109614836762,
            19.36043233523363,
            24.54037534082375,
            66.20346488861188,
            74.79495177197906,
            86.44724173153945,
            12.165530319321478,
            41.70482939238604,
            49.678117430466855,
            42.44758259941961,
            39.751954547135405,
            63.729309725305036,
            73.64603887892159,
            0.0,
            47.989361660034675,
            70.66411783215655,
            57.37709432365141,
            52.97211528659406,
            58.81835994627109,
            97.8463121336717
        ],
        [
            68.27326597578582,
            42.73330913319852,
            63.66291135639323,
            41.889787781137755,
            29.869463571617654,
            37.814190090973824,
            26.821615332002853,
            44.04798909699512,
            44.26176403468492,
            38.3870780699184,
            16.917293656868722,
            46.48126840260005,
            8.259940083998286,
            37.32438564040505,
            27.639141084224164,
            47.989361660034675,
            0.0,
            22.67479511677551,
            48.512584312735854,
            10.757351389182999,
            21.532417985508246,
            68.27326597578582
        ],
        [
            62.83876208081287,
            53.075917721105554,
            85.3046120210472,
            63.330638712459184,
            51.285281687715354,
            40.41212455969856,
            4.267780506078227,
            30.419581982182418,
            66.4530550799167,
            54.346745137315004,
            29.256016423629486,
            62.6776317895113,
            30.92012424861346,
            41.69440526570009,
            12.875088140847202,
            70.66411783215655,
            22.67479511677551,
            0.0,
            59.30414660238385,
            21.114711447078314,
            25.54276382348878,
            62.83876208081287
        ],
        [
            44.476732232671395,
            87.85357697695834,
            51.563417398237036,
            38.19136089203626,
            60.49429471832802,
            86.18060466558298,
            62.7857176178419,
            88.80830260853793,
            64.16763209214967,
            16.014932420694088,
            64.56566706317848,
            84.76996670938836,
            47.31677292486913,
            20.258143356680424,
            51.36803564025247,
            57.37709432365141,
            48.512584312735854,
            59.30414660238385,
            0.0,
            59.236475972324605,
            33.77176713608944,
            44.476732232671395
        ],
        [
            76.2000441137239,
            34.668306998602475,
            71.35378984979334,
            50.1527475649672,
            31.174718403003876,
            27.368328244069385,
            24.40800353799307,
            34.89296509819008,
            46.91228718926257,
            48.97441693354111,
            8.698795671192318,
            41.906377969972056,
            15.472561434351132,
            47.101970812734145,
            30.568601315876066,
            52.97211528659406,
            10.757351389182999,
            21.114711447078314,
            59.236475972324605,
            0.0,
            30.424569177960638,
            76.2000441137239
        ],
        [
            46.812793406626824,
            64.20630535882822,
            66.94795681390784,
            45.72506192587758,
            47.569638421969884,
            57.49037004585107,
            29.035306421635976,
            55.41658389046973,
            59.07084565738059,
            30.75791192686528,
            38.11206799521487,
            67.36479055539176,
            25.949767080246378,
            17.186378821734536,
            18.928458809586903,
            58.81835994627109,
            21.532417985508246,
            25.54276382348878,
            33.77176713608944,
            30.424569177960638,
            0.0,
            46.812793406626824
        ],
        [
            0.0,
            110.6754120910292,
            95.87817653988789,
            79.98825908737548,
            92.83524939121382,
            101.89474096977904,
            63.783830763086996,
            91.2750717080691,
            101.65272617920326,
            57.297367865915206,
            84.43412865450978,
            114.02600905102058,
            72.4370844671468,
            34.59514627644437,
            50.00882162557932,
            97.8463121336717,
            68.27326597578582,
            62.83876208081287,
            44.476732232671395,
            76.2000441137239,
            46.812793406626824,
            0.0
        ]
    ],
    "scores_ave": [
        0,
        10.075635055499049,
        19.61224584109155,
        16.12574867958023,
        19.22806013189993,
        12.387745753036084,
        17.508196116124328,
        19.422251601911377,
        11.351032710746386,
        14.978389579904476,
        13.81246362981388,
        13.683276610393184,
        10.398068972332132,
        14.753500950479399,
        11.344638919553905,
        19.432839218654586,
        19.857451995281764,
        14.369081497524594,
        19.280044303862866,
        19.9583023331952,
        19.649356276413435,
        0
    ],
    "scores_var": [
        0,
        380.10333786985655,
        320.7793627765118,
        365.8051264703897,
        17.902391930860166,
        269.253030757781,
        283.16097559956046,
        20.179729660890093,
        23.455399497267216,
        226.61397461046712,
        19.428156671703675,
        17.70171895605258,
        381.6854286262904,
        17.93755675657376,
        20.387266820957528,
        17.097222571032724,
        363.10822244035467,
        24.042515191308958,
        24.668240422413064,
        345.00528636011444,
        326.11192800991034,
        0
    ],
    "vertex_number": 22,
    "minimum_distances": {
        "cost": 421.7579995993504,
        "path": [
            0,
            13,
            20,
            14,
            17,
            6,
            7,
            5,
            1,
            11,
            10,
            19,
            16,
            12,
            4,
            8,
            15,
            2,
            3,
            9,
            18,
            21
        ]
    }
}