{
    "vertices": [
        [
            63.53212033082186,
            80.59313453260921
        ],
        [
            64.2885983833915,
            63.69137858254042
        ],
        [
            71.91482846393957,
            42.44494405676305
        ],
        [
            77.31991137177144,
            17.865472091153478
        ],
        [
            43.004593659694514,
            7.6559065746163775
        ],
        [
            89.9202550789457,
            49.447496096027166
        ],
        [
            36.68462012300439,
            20.673558618854983
        ],
        [
            18.34734492207667,
            51.0950208642392
        ],
        [
            3.401301898715481,
            10.232410187793295
        ],
        [
            68.9384798190811,
            20.597558097650513
        ],
        [
            31.851838554216894,
            79.56520844381677
        ],
        [
            57.23911080302329,
            14.917123761146767
        ],
        [
            5.357901641668583,
            38.89794793141198
        ],
        [
            90.18074797015345,
            28.363922535199627
        ],
        [
            23.138512060944684,
            66.94660453621353
        ],
        [
            3.720522862096831,
            18.271243389601633
        ],
        [
            25.26878832269549,
            62.80436648073614
        ],
        [
            30.63157838887601,
            40.80460590537729
        ],
        [
            26.287428120288546,
            84.60225905738446
        ],
        [
            74.54186804263742,
            48.44681285987581
        ],
        [
            38.753384714796546,
            35.98854667330593
        ],
        [
            9.963559017445345,
            32.33964599684921
        ],
        [
            73.64005463738835,
            25.845965240202283
        ],
        [
            24.454759021752437,
            1.1611380152327322
        ],
        [
            63.53212033082186,
            80.59313453260921
        ]
    ],
    "distances": [
        [
            0.0,
            16.918676462409977,
            39.05834395140784,
            64.22509491747059,
            75.77082930409338,
            40.821372454970664,
            65.65930128392256,
            53.96112154811853,
            92.55456150640074,
            60.23867457605008,
            31.696953883442948,
            65.9768168356902,
            71.57323735728382,
            58.634801448713894,
            42.63650278813704,
            86.37965794908939,
            42.19624207399811,
            51.629184289448084,
            37.45984753456046,
            33.97941349942163,
            51.025042840032846,
            72.09708674458145,
            55.67246070973806,
            88.52390771772372,
            0.0
        ],
        [
            16.918676462409977,
            0.0,
            22.573665304943304,
            47.64272057679389,
            59.941496312898245,
            29.323540257757887,
            51.11274254261825,
            47.63682396386412,
            81.02545387125835,
            43.34395876416791,
            36.11262746852275,
            49.28106338674124,
            63.93388164281305,
            43.79991507982695,
            41.278639759012066,
            75.70654168100727,
            39.029890694716805,
            40.701343448188005,
            43.37457623537726,
            18.37188947217606,
            37.67617327824177,
            62.72273143156547,
            38.98365099785861,
            74.14017631280788,
            16.918676462409977
        ],
        [
            39.05834395140784,
            22.573665304943304,
            0.0,
            25.16675114806683,
            45.23360261322094,
            19.31919052783975,
            41.41449992009627,
            54.26139623879015,
            75.70832623076005,
            22.049193284611988,
            54.616455292075756,
            31.195473695564775,
            66.65137425093641,
            23.063368845383728,
            54.58443375263074,
            72.3521327983014,
            50.895570949703796,
            41.3158256121202,
            62.12164574591875,
            6.551623163600239,
            33.78411488703957,
            62.77003134388119,
            16.688394263744662,
            62.90318618903116,
            39.05834395140784
        ],
        [
            64.22509491747059,
            47.64272057679389,
            25.16675114806683,
            0.0,
            35.801902990165814,
            34.00283667259753,
            40.73220157098291,
            67.69022459208233,
            74.31167109176518,
            8.81548006743423,
            76.64335008159941,
            20.2960909871061,
            74.97263423654312,
            16.60176435612718,
            73.1066453434213,
            73.60050705901874,
            68.76644268557237,
            52.0192685153164,
            84.01257692386885,
            30.707261811357665,
            42.612472478059935,
            68.89397588129498,
            8.78803826161445,
            55.44149267390522,
            64.22509491747059
        ],
        [
            75.77082930409338,
            59.941496312898245,
            45.23360261322094,
            35.801902990165814,
            0.0,
            62.83005842056735,
            14.470705934726647,
            49.94933999139199,
            39.687014112602924,
            28.983664286485148,
            72.76902941333314,
            15.979573002232728,
            48.92175965804811,
            51.52098078014435,
            62.5303771207365,
            40.69304110196544,
            57.93022890485435,
            35.38259140047682,
            78.74137910955262,
            51.56062170957449,
            28.649804056137135,
            41.24314442540725,
            35.628776341228146,
            19.653966106996165,
            75.77082930409338
        ],
        [
            40.821372454970664,
            29.323540257757887,
            19.31919052783975,
            34.00283667259753,
            62.83005842056735,
            0.0,
            60.51423226896672,
            71.59186969331866,
            94.99132708933502,
            35.672872264027795,
            65.41420025310708,
            47.543704154904994,
            85.21786541171112,
            21.08518272724227,
            69.03636720398697,
            91.66434730619838,
            66.01680195380902,
            59.91532971207991,
            72.69796438429087,
            15.410910251429309,
            52.907390243944306,
            81.76644654188593,
            28.67188841279448,
            81.34681032911548,
            40.821372454970664
        ],
        [
            65.65930128392256,
            51.11274254261825,
            41.41449992009627,
            40.73220157098291,
            14.470705934726647,
            60.51423226896672,
            0.0,
            35.52071264687544,
            34.88261533455805,
            32.25394923685198,
            59.08961158103457,
            21.345342100468237,
            36.24212544297738,
            54.04606731117753,
            48.2150580430945,
            33.05151776677247,
            43.6500422312246,
            21.02137909575147,
            64.76866789814792,
            46.95236811051111,
            15.454081857044379,
            29.156692221821334,
            37.315652619289374,
            23.02833168878236,
            65.65930128392256
        ],
        [
            53.96112154811853,
            47.63682396386412,
            54.26139623879015,
            67.69022459208233,
            49.94933999139199,
            71.59186969331866,
            35.52071264687544,
            0.0,
            43.51019597003621,
            59.07248230239154,
            31.510679603538367,
            53.11694355043697,
            17.8183676262346,
            75.34414791284,
            16.559830538449713,
            35.935279201348045,
            13.60202755160222,
            16.024825487112242,
            34.43515547411829,
            56.25688788389925,
            25.389210749911076,
            20.543903049591602,
            60.78485467258626,
            50.30599530238142,
            53.96112154811853
        ],
        [
            92.55456150640074,
            81.02545387125835,
            75.70832623076005,
            74.31167109176518,
            39.687014112602924,
            94.99132708933502,
            34.88261533455805,
            43.51019597003621,
            0.0,
            66.3517745125093,
            74.94311142457646,
            54.04124544161734,
            28.73223514947891,
            88.65339249272844,
            60.050456331141945,
            8.04516881550401,
            56.93854187604423,
            40.940775624368065,
            77.81162634411136,
            80.75469474192693,
            43.739551050455574,
            23.060639488303977,
            71.95321735446603,
            22.924572747604856,
            92.55456150640074
        ],
        [
            60.23867457605008,
            43.34395876416791,
            22.049193284611988,
            8.81548006743423,
            28.983664286485148,
            35.672872264027795,
            32.25394923685198,
            59.07248230239154,
            66.3517745125093,
            0.0,
            69.66062551869922,
            13.005482291142616,
            66.16187867225132,
            22.617479363954118,
            65.16034954180653,
            65.25943341589732,
            60.7326652574708,
            43.309854286146056,
            76.91367860113078,
            28.407374929676593,
            33.88248066170272,
            60.13250295631903,
            7.046317002954756,
            48.544575820527086,
            60.23867457605008
        ],
        [
            31.696953883442948,
            36.11262746852275,
            54.616455292075756,
            76.64335008159941,
            72.76902941333314,
            65.41420025310708,
            59.08961158103457,
            31.510679603538367,
            74.94311142457646,
            69.66062551869922,
            0.0,
            69.45421834109638,
            48.53611820809209,
            77.61335807931833,
            15.334641278991146,
            67.44124164513185,
            18.00728668239884,
            38.77980587901388,
            7.505634041228847,
            52.82795814188591,
            44.11980043549735,
            52.05142197396998,
            68.05888695668561,
            78.75223835155398,
            31.696953883442948
        ],
        [
            65.9768168356902,
            49.28106338674124,
            31.195473695564775,
            20.2960909871061,
            15.979573002232728,
            47.543704154904994,
            21.345342100468237,
            53.11694355043697,
            54.04124544161734,
            13.005482291142616,
            69.45421834109638,
            0.0,
            57.15540037415022,
            35.580442050664864,
            62.208662614553084,
            53.623589712669045,
            57.57855099584409,
            37.12307251478185,
            76.24975240712361,
            37.73096154553245,
            28.030821118048127,
            50.38374815041461,
            19.70864111836028,
            35.553352381454935,
            65.9768168356902
        ],
        [
            71.57323735728382,
            63.93388164281305,
            66.65137425093641,
            74.97263423654312,
            48.92175965804811,
            85.21786541171112,
            36.24212544297738,
            17.8183676262346,
            28.73223514947891,
            66.16187867225132,
            48.53611820809209,
            57.15540037415022,
            0.0,
            85.47444618313597,
            33.20959566474948,
            20.691591275755748,
            31.11205965988374,
            25.345494292911688,
            50.26857004251211,
            69.8398312454464,
            33.521976453786934,
            8.013950594303452,
            69.51839087538289,
            42.29369674602952,
            71.57323735728382
        ],
        [
            58.634801448713894,
            43.79991507982695,
            23.063368845383728,
            16.60176435612718,
            51.52098078014435,
            21.08518272724227,
            54.04606731117753,
            75.34414791284,
            88.65339249272844,
            22.617479363954118,
            77.61335807931833,
            35.580442050664864,
            85.47444618313597,
            0.0,
            77.35169517274565,
            87.04730149793164,
            73.4826964967866,
            60.834810762726576,
            85.11819321519724,
            25.45382189731507,
            51.98950456241939,
            80.31565090639549,
            16.731247558625455,
            71.13295374778895,
            58.634801448713894
        ],
        [
            42.63650278813704,
            41.278639759012066,
            54.58443375263074,
            73.1066453434213,
            62.5303771207365,
            69.03636720398697,
            48.2150580430945,
            16.559830538449713,
            60.050456331141945,
            65.16034954180653,
            15.334641278991146,
            62.208662614553084,
            33.20959566474948,
            77.35169517274565,
            0.0,
            52.40562076036946,
            4.657919391705277,
            27.194671084780968,
            17.934263545508,
            54.631010408453186,
            34.67312496212514,
            37.03000090526185,
            65.11273572152514,
            65.79863305149219,
            42.63650278813704
        ],
        [
            86.37965794908939,
            75.70654168100727,
            72.3521327983014,
            73.60050705901874,
            40.69304110196544,
            91.66434730619838,
            33.05151776677247,
            35.935279201348045,
            8.04516881550401,
            65.25943341589732,
            67.44124164513185,
            53.623589712669045,
            20.691591275755748,
            87.04730149793164,
            52.40562076036946,
            0.0,
            49.47248524796957,
            35.09924979017009,
            70.06474757288326,
            76.98199741521795,
            39.25817424737302,
            15.391408394185344,
            70.32863808428233,
            26.882415349934192,
            86.37965794908939
        ],
        [
            42.19624207399811,
            39.029890694716805,
            50.895570949703796,
            68.76644268557237,
            57.93022890485435,
            66.01680195380902,
            43.6500422312246,
            13.60202755160222,
            56.93854187604423,
            60.7326652574708,
            18.00728668239884,
            57.57855099584409,
            31.11205965988374,
            73.4826964967866,
            4.657919391705277,
            49.47248524796957,
            0.0,
            22.643961284789338,
            21.821680682759983,
            51.32227324528438,
            30.015371591943204,
            34.093243293175384,
            60.874484204330095,
            61.648603060840266,
            42.19624207399811
        ],
        [
            51.629184289448084,
            40.701343448188005,
            41.3158256121202,
            52.0192685153164,
            35.38259140047682,
            59.91532971207991,
            21.02137909575147,
            16.024825487112242,
            40.940775624368065,
            43.309854286146056,
            38.77980587901388,
            37.12307251478185,
            25.345494292911688,
            60.834810762726576,
            27.194671084780968,
            35.09924979017009,
            22.643961284789338,
            0.0,
            44.0125671050848,
            44.5703585874358,
            9.44236011400659,
            22.33433614394708,
            45.535590034265255,
            40.121785152844275,
            51.629184289448084
        ],
        [
            37.45984753456046,
            43.37457623537726,
            62.12164574591875,
            84.01257692386885,
            78.74137910955262,
            72.69796438429087,
            64.76866789814792,
            34.43515547411829,
            77.81162634411136,
            76.91367860113078,
            7.505634041228847,
            76.24975240712361,
            50.26857004251211,
            85.11819321519724,
            17.934263545508,
            70.06474757288326,
            21.821680682759983,
            44.0125671050848,
            0.0,
            60.29682630089679,
            50.18658292390574,
            54.75262026973676,
            75.46239660386479,
            83.46124463962747,
            37.45984753456046
        ],
        [
            33.97941349942163,
            18.37188947217606,
            6.551623163600239,
            30.707261811357665,
            51.56062170957449,
            15.410910251429309,
            46.95236811051111,
            56.25688788389925,
            80.75469474192693,
            28.407374929676593,
            52.82795814188591,
            37.73096154553245,
            69.8398312454464,
            25.45382189731507,
            54.631010408453186,
            76.98199741521795,
            51.32227324528438,
            44.5703585874358,
            60.29682630089679,
            0.0,
            37.89490645565146,
            66.55673385095295,
            22.618832431086926,
            68.88144551026299,
            33.97941349942163
        ],
        [
            51.025042840032846,
            37.67617327824177,
            33.78411488703957,
            42.612472478059935,
            28.649804056137135,
            52.907390243944306,
            15.454081857044379,
            25.389210749911076,
            43.739551050455574,
            33.88248066170272,
            44.11980043549735,
            28.030821118048127,
            33.521976453786934,
            51.98950456241939,
            34.67312496212514,
            39.25817424737302,
            30.015371591943204,
            9.44236011400659,
            50.18658292390574,
            37.89490645565146,
            0.0,
            29.020140244845646,
            36.331139486878335,
            37.648361060558976,
            51.025042840032846
        ],
        [
            72.09708674458145,
            62.72273143156547,
            62.77003134388119,
            68.89397588129498,
            41.24314442540725,
            81.76644654188593,
            29.156692221821334,
            20.543903049591602,
            23.060639488303977,
            60.13250295631903,
            52.05142197396998,
            50.38374815041461,
            8.013950594303452,
            80.31565090639549,
            37.03000090526185,
            15.391408394185344,
            34.093243293175384,
            22.33433614394708,
            54.75262026973676,
            66.55673385095295,
            29.020140244845646,
            0.0,
            64.00674952070185,
            34.38159736726251,
            72.09708674458145
        ],
        [
            55.67246070973806,
            38.98365099785861,
            16.688394263744662,
            8.78803826161445,
            35.628776341228146,
            28.67188841279448,
            37.315652619289374,
            60.78485467258626,
            71.95321735446603,
            7.046317002954756,
            68.05888695668561,
            19.70864111836028,
            69.51839087538289,
            16.731247558625455,
            65.11273572152514,
            70.32863808428233,
            60.874484204330095,
            45.535590034265255,
            75.46239660386479,
            22.618832431086926,
            36.331139486878335,
            64.00674952070185,
            0.0,
            55.03211789422692,
            55.67246070973806
        ],
        [
            88.52390771772372,
            74.14017631280788,
            62.90318618903116,
            55.44149267390522,
            19.653966106996165,
            81.34681032911548,
            23.02833168878236,
            50.30599530238142,
            22.924572747604856,
            48.544575820527086,
            78.75223835155398,
            35.553352381454935,
            42.29369674602952,
            71.13295374778895,
            65.79863305149219,
            26.882415349934192,
            61.648603060840266,
            40.121785152844275,
            83.46124463962747,
            68.88144551026299,
            37.648361060558976,
            34.38159736726251,
            55.03211789422692,
            0.0,
            88.52390771772372
        ],
        [
            0.0,
            16.918676462409977,
            39.05834395140784,
            64.22509491747059,
            75.77082930409338,
            40.821372454970664,
            65.65930128392256,
            53.96112154811853,
            92.55456150640074,
            60.23867457605008,
            31.696953883442948,
            65.9768168356902,
            71.57323735728382,
            58.634801448713894,
            42.63650278813704,
            86.37965794908939,
            42.19624207399811,
            51.629184289448084,
            37.45984753456046,
            33.97941349942163,
            51.025042840032846,
            72.09708674458145,
            55.67246070973806,
            88.52390771772372,
            0.0
        ]
    ],
    "scores_ave": [
        0,
        16.333380266899738,
        11.657558099524456,
        12.907475883568228,
        10.395202464842857,
        15.174222223188636,
        12.490039624603359,
        15.498202074720478,
        14.76073805251759,
        15.001665485272303,
        17.36166265172984,
        19.287678826459004,
        19.64961852667583,
        10.943142855493663,
        13.760051178491068,
        19.47868356368216,
        13.391483308133328,
        11.194371768477577,
        10.239518728473115,
        12.480282510409394,
        15.939509450972727,
        12.199844016422908,
        13.829270600434876,
        10.8528422031024,
        0
    ],
    "scores_var": [
        0,
        285.1976879290394,
        24.800697934694192,
        23.123370088731793,
        342.03389202982794,
        19.7394214315237,
        260.4976703912763,
        20.10368088085965,
        348.80817753428545,
        23.957212744409368,
        24.676034784534462,
        17.85592191990708,
        21.214676904693675,
        24.52639164118018,
        18.152223510312275,
        266.00141181090345,
        19.737856930041477,
        388.27354845599564,
        23.26994157585218,
        21.93063359503953,
        291.3941395891115,
        22.068879870434348,
        17.54357154748343,
        22.51139513975298,
        0
    ],
    "vertex_number": 25,
    "minimum_distances": {
        "cost": 373.3998788133371,
        "path": [
            0,
            1,
            19,
            2,
            5,
            13,
            3,
            22,
            9,
            11,
            4,
            20,
            17,
            6,
            23,
            8,
            15,
            21,
            12,
            7,
            16,
            14,
            18,
            10,
            24
        ]
    }
}