{
    "vertices": [
        [
            45.41810953281487,
            47.80269804001599
        ],
        [
            17.809189611661846,
            12.749845216527355
        ],
        [
            39.72677606625277,
            24.690377814687526
        ],
        [
            89.45215359767424,
            86.00942949289865
        ],
        [
            11.173755594081136,
            86.28086595693061
        ],
        [
            83.321652294334,
            95.6321682867975
        ],
        [
            82.79442026804607,
            87.7733780816095
        ],
        [
            99.89444037701296,
            9.346636350978665
        ],
        [
            56.67211623166936,
            58.62211420549237
        ],
        [
            7.990731340095147,
            97.618467470693
        ],
        [
            28.411967214363145,
            8.973454753094934
        ],
        [
            87.30320992126921,
            96.6776137988765
        ],
        [
            46.04642191830494,
            10.266989041709817
        ],
        [
            23.74769932759969,
            14.37258387096023
        ],
        [
            43.602890170823095,
            40.071026055756654
        ],
        [
            17.558888277357386,
            89.141264126086
        ],
        [
            61.07009340812116,
            29.726624628758625
        ],
        [
            56.05176819592471,
            75.34142215079551
        ],
        [
            43.493697573902836,
            65.48800631955581
        ],
        [
            98.05953679097881,
            79.33516311754654
        ],
        [
            83.91172536923136,
            91.67037814375149
        ],
        [
            32.6985237117827,
            84.53660695350847
        ],
        [
            66.29505448997739,
            38.77126173602387
        ],
        [
            23.89457887110208,
            54.81585083240136
        ],
        [
            45.41810953281487,
            47.80269804001599
        ]
    ],
    "distances": [
        [
            0.0,
            44.62011822348519,
            23.802744018825578,
            58.29881100861895,
            51.509661063955235,
            61.02734451016254,
            54.72333932760318,
            66.68237625398163,
            15.61129184083218,
            62.30906452797415,
            42.3900815143158,
            64.36706475354154,
            37.54096730851888,
            39.839417814752224,
            7.941899835954273,
            49.849907271858704,
            23.910855886019924,
            29.520433977385228,
            17.789701805538037,
            61.36298735917483,
            58.362075167400334,
            38.8737434205064,
            22.746728829822114,
            22.63728526645881,
            0.0
        ],
        [
            44.62011822348519,
            0.0,
            24.95910484617173,
            102.46795097516012,
            73.82980425090724,
            105.64734849617922,
            99.25528039868468,
            82.15576804943841,
            60.12147808951515,
            85.43468362527456,
            11.255221802552255,
            108.96462360786857,
            28.34617898631415,
            6.156230858803038,
            37.573420272654786,
            76.39182897256504,
            46.472753700400276,
            73.34984880619679,
            58.660102163151784,
            104.27714410349321,
            102.94656745660744,
            73.31460584786032,
            55.027204278242216,
            42.50389147964753,
            44.62011822348519
        ],
        [
            23.802744018825578,
            24.95910484617173,
            0.0,
            78.94706624921234,
            67.88713580409795,
            83.26614479325,
            76.38250388517476,
            62.093302623692544,
            37.927658612373506,
            79.53416118709652,
            19.366119122808804,
            86.28834917301447,
            15.747128861853504,
            19.020719368230516,
            15.861544718820797,
            68.1566724198436,
            21.929454556097408,
            53.216855040224125,
            40.971162898629544,
            79.92974123918893,
            80.24107544760476,
            60.25750968380933,
            30.068999158713275,
            34.032375652709604,
            23.802744018825578
        ],
        [
            58.29881100861895,
            102.46795097516012,
            78.94706624921234,
            0.0,
            78.27886861575693,
            11.409651533936618,
            6.887447111380008,
            77.37069991607136,
            42.71528869583435,
            82.28446438421699,
            98.28756664920051,
            10.882468254521728,
            87.29819487322341,
            97.20551919304661,
            64.9037122754809,
            71.96144791891771,
            63.034081765171116,
            35.06268851124468,
            50.33198276591478,
            10.891872065239186,
            7.921028000336782,
            56.77273739619481,
            52.608894039984705,
            72.60051620807337,
            58.29881100861895
        ],
        [
            51.509661063955235,
            73.82980425090724,
            67.88713580409795,
            78.27886861575693,
            0.0,
            72.75139760537203,
            71.63621431079983,
            117.4318338161066,
            53.245726299447966,
            11.775943762023084,
            79.20600840153834,
            76.83609947052507,
            83.63140761844792,
            72.99934995305904,
            56.45350363873415,
            6.996556086329193,
            75.41900781273854,
            46.19207124473656,
            38.43073849770013,
            87.16296095319507,
            72.9373641463863,
            21.59532546621701,
            72.77032420704153,
            33.93915911792825,
            51.509661063955235
        ],
        [
            61.02734451016254,
            105.64734849617922,
            83.26614479325,
            11.409651533936618,
            72.75139760537203,
            0.0,
            7.876455871691439,
            87.86267880209775,
            45.60637976705006,
            75.35710342271474,
            102.59047785685519,
            4.1165224954240305,
            93.14857286685603,
            100.75800678614705,
            68.29802772146495,
            66.08231963222913,
            69.56056754892289,
            33.990601016992265,
            49.9493391139464,
            21.972656118981966,
            4.005492150941666,
            51.82482637487849,
            59.355435526724364,
            72.09402767350593,
            61.02734451016254
        ],
        [
            54.72333932760318,
            99.25528039868468,
            76.38250388517476,
            6.887447111380008,
            71.63621431079983,
            7.876455871691439,
            0.0,
            80.26932481471451,
            39.14295535270573,
            75.44877508819272,
            95.74382025340225,
            9.980711289565763,
            85.77677847014806,
            94.20292906578347,
            61.73726929626804,
            65.24987161932842,
            61.978802537100606,
            29.49106590335856,
            45.179470989099514,
            17.44211151892024,
            4.0540079148257,
            50.20035397396664,
            51.70528481136927,
            67.49362872869892,
            54.72333932760318
        ],
        [
            66.68237625398163,
            82.15576804943841,
            62.093302623692544,
            77.37069991607136,
            117.4318338161066,
            87.86267880209775,
            80.26932481471451,
            0.0,
            65.54572466847722,
            127.429227039835,
            71.48344727245566,
            88.23399971890024,
            53.85588306772711,
            76.31242573080748,
            64.13054457391627,
            114.65742785063263,
            43.84830486761542,
            79.23062322575832,
            79.57950245315205,
            70.012575656982,
            83.86087074305333,
            100.8405815913904,
            44.662370190532556,
            88.56313236598655,
            66.68237625398163
        ],
        [
            15.61129184083218,
            60.12147808951515,
            37.927658612373506,
            42.71528869583435,
            53.245726299447966,
            45.60637976705006,
            39.14295535270573,
            65.54572466847722,
            0.0,
            62.37461665570309,
            57.1281489976744,
            48.85166271400701,
            49.508822539484235,
            55.15467489977317,
            22.692455604644643,
            49.61111884327586,
            29.228265790561707,
            16.730812588016423,
            14.85971711848268,
            46.28119462358658,
            42.827375068990506,
            35.30289042977281,
            22.060310163001162,
            32.99779683992127,
            15.61129184083218
        ],
        [
            62.30906452797415,
            85.43468362527456,
            79.53416118709652,
            82.28446438421699,
            11.775943762023084,
            75.35710342271474,
            75.44877508819272,
            127.429227039835,
            62.37461665570309,
            0.0,
            90.9668354640064,
            79.31805887892722,
            95.28124878019578,
            84.72401770725644,
            67.67520868080516,
            12.783293930826112,
            86.17842538607047,
            52.972917720682275,
            47.883474656541225,
            91.90576115466818,
            76.15364141663491,
            27.95729025627293,
            82.83952994038758,
            45.66176034028995,
            62.30906452797415
        ],
        [
            42.3900815143158,
            11.255221802552255,
            19.366119122808804,
            98.28756664920051,
            79.20600840153834,
            102.59047785685519,
            95.74382025340225,
            71.48344727245566,
            57.1281489976744,
            90.9668354640064,
            0.0,
            105.64183821522353,
            17.681833153301646,
            7.134843386569443,
            34.60958077170586,
            80.89911607722986,
            38.69427950454148,
            71.89343290456074,
            58.492333936987215,
            99.0027976973058,
            99.59419809170102,
            75.6846387126769,
            48.1979003953875,
            46.064433956533534,
            42.3900815143158
        ],
        [
            64.36706475354154,
            108.96462360786857,
            86.28834917301447,
            10.882468254521728,
            76.83609947052507,
            4.1165224954240305,
            9.980711289565763,
            88.23399971890024,
            48.85166271400701,
            79.31805887892722,
            105.64183821522353,
            0.0,
            95.75447053399336,
            103.98759963696263,
            71.5124025761319,
            70.15031694839303,
            71.90696317360121,
            37.840265379040936,
            53.77792285713668,
            20.407331118066327,
            6.0476918218992015,
            55.938142651108464,
            61.5994172363047,
            75.98066655615472,
            64.36706475354154
        ],
        [
            37.54096730851888,
            28.34617898631415,
            15.747128861853504,
            87.29819487322341,
            83.63140761844792,
            93.14857286685603,
            85.77677847014806,
            53.85588306772711,
            49.508822539484235,
            95.28124878019578,
            17.681833153301646,
            95.75447053399336,
            0.0,
            22.67352945792067,
            29.90403768282179,
            83.86114024403652,
            24.584306421265033,
            65.83911298463815,
            55.27998870096364,
            86.46257449861213,
            89.77913433938387,
            75.45954234751389,
            34.96427723912525,
            49.752439510380256,
            37.54096730851888
        ],
        [
            39.839417814752224,
            6.156230858803038,
            19.020719368230516,
            97.20551919304661,
            72.99934995305904,
            100.75800678614705,
            94.20292906578347,
            76.31242573080748,
            55.15467489977317,
            84.72401770725644,
            7.134843386569443,
            103.98759963696263,
            22.67352945792067,
            0.0,
            32.47519875452877,
            75.0243755676036,
            40.35725049472373,
            68.99820364793706,
            54.79681431289045,
            98.70352521340199,
            97.95233039074107,
            70.73264728740787,
            49.046640179289085,
            40.44353367492379,
            39.839417814752224
        ],
        [
            7.941899835954273,
            37.573420272654786,
            15.861544718820797,
            64.9037122754809,
            56.45350363873415,
            68.29802772146495,
            61.73726929626804,
            64.13054457391627,
            22.692455604644643,
            67.67520868080516,
            34.60958077170586,
            71.5124025761319,
            29.90403768282179,
            32.47519875452877,
            0.0,
            55.55338242542613,
            20.300488413236636,
            37.40287963225278,
            25.41721481109954,
            67.13567472156319,
            65.47744138978932,
            45.783109248363154,
            22.729357861020837,
            24.61356113975925,
            7.941899835954273
        ],
        [
            49.849907271858704,
            76.39182897256504,
            68.1566724198436,
            71.96144791891771,
            6.996556086329193,
            66.08231963222913,
            65.24987161932842,
            114.65742785063263,
            49.61111884327586,
            12.783293930826112,
            80.89911607722986,
            70.15031694839303,
            83.86114024403652,
            75.0243755676036,
            55.55338242542613,
            0.0,
            73.64322343928718,
            40.891777204815064,
            35.1011529455994,
            81.09570906098114,
            66.4010196296346,
            15.824393472240136,
            70.08816617574603,
            34.90522844907231,
            49.849907271858704
        ],
        [
            23.910855886019924,
            46.472753700400276,
            21.929454556097408,
            63.034081765171116,
            75.41900781273854,
            69.56056754892289,
            61.978802537100606,
            43.84830486761542,
            29.228265790561707,
            86.17842538607047,
            38.69427950454148,
            71.90696317360121,
            24.584306421265033,
            40.35725049472373,
            20.300488413236636,
            73.64322343928718,
            0.0,
            45.89001352050126,
            39.84728486303692,
            61.88074024094398,
            66.02097204807728,
            61.717745660981336,
            10.445366375050307,
            44.849617084091925,
            23.910855886019924
        ],
        [
            29.520433977385228,
            73.34984880619679,
            53.216855040224125,
            35.06268851124468,
            46.19207124473656,
            33.990601016992265,
            29.49106590335856,
            79.23062322575832,
            16.730812588016423,
            52.972917720682275,
            71.89343290456074,
            37.840265379040936,
            65.83911298463815,
            68.99820364793706,
            37.40287963225278,
            40.891777204815064,
            45.89001352050126,
            0.0,
            15.962297494127029,
            42.197186982607256,
            32.292600042709076,
            25.09831571026535,
            37.97764535702626,
            38.14949414106262,
            29.520433977385228
        ],
        [
            17.789701805538037,
            58.660102163151784,
            40.971162898629544,
            50.33198276591478,
            38.43073849770013,
            49.9493391139464,
            45.179470989099514,
            79.57950245315205,
            14.85971711848268,
            47.883474656541225,
            58.492333936987215,
            53.77792285713668,
            55.27998870096364,
            54.79681431289045,
            25.41721481109954,
            35.1011529455994,
            39.84728486303692,
            15.962297494127029,
            0.0,
            56.29542220156029,
            48.157383288592264,
            21.894861607811624,
            35.12387106165698,
            22.316369701823707,
            17.789701805538037
        ],
        [
            61.36298735917483,
            104.27714410349321,
            79.92974123918893,
            10.891872065239186,
            87.16296095319507,
            21.972656118981966,
            17.44211151892024,
            70.012575656982,
            46.28119462358658,
            91.90576115466818,
            99.0027976973058,
            20.407331118066327,
            86.46257449861213,
            98.70352521340199,
            67.13567472156319,
            81.09570906098114,
            61.88074024094398,
            42.197186982607256,
            56.29542220156029,
            0.0,
            18.770138458946963,
            65.56765245696624,
            51.5209901995345,
            78.1129800877777,
            61.36298735917483
        ],
        [
            58.362075167400334,
            102.94656745660744,
            80.24107544760476,
            7.921028000336782,
            72.9373641463863,
            4.005492150941666,
            4.0540079148257,
            83.86087074305333,
            42.827375068990506,
            76.15364141663491,
            99.59419809170102,
            6.0476918218992015,
            89.77913433938387,
            97.95233039074107,
            65.47744138978932,
            66.4010196296346,
            66.02097204807728,
            32.292600042709076,
            48.157383288592264,
            18.770138458946963,
            0.0,
            51.70766592490173,
            55.75539085672589,
            70.42949706707385,
            58.362075167400334
        ],
        [
            38.8737434205064,
            73.31460584786032,
            60.25750968380933,
            56.77273739619481,
            21.59532546621701,
            51.82482637487849,
            50.20035397396664,
            100.8405815913904,
            35.30289042977281,
            27.95729025627293,
            75.6846387126769,
            55.938142651108464,
            75.45954234751389,
            70.73264728740787,
            45.783109248363154,
            15.824393472240136,
            61.717745660981336,
            25.09831571026535,
            21.894861607811624,
            65.56765245696624,
            51.70766592490173,
            0.0,
            56.77317767401895,
            30.997302933772684,
            38.8737434205064
        ],
        [
            22.746728829822114,
            55.027204278242216,
            30.068999158713275,
            52.608894039984705,
            72.77032420704153,
            59.355435526724364,
            51.70528481136927,
            44.662370190532556,
            22.060310163001162,
            82.83952994038758,
            48.1979003953875,
            61.5994172363047,
            34.96427723912525,
            49.046640179289085,
            22.729357861020837,
            70.08816617574603,
            10.445366375050307,
            37.97764535702626,
            35.12387106165698,
            51.5209901995345,
            55.75539085672589,
            56.77317767401895,
            0.0,
            45.334635456551695,
            22.746728829822114
        ],
        [
            22.63728526645881,
            42.50389147964753,
            34.032375652709604,
            72.60051620807337,
            33.93915911792825,
            72.09402767350593,
            67.49362872869892,
            88.56313236598655,
            32.99779683992127,
            45.66176034028995,
            46.064433956533534,
            75.98066655615472,
            49.752439510380256,
            40.44353367492379,
            24.61356113975925,
            34.90522844907231,
            44.849617084091925,
            38.14949414106262,
            22.316369701823707,
            78.1129800877777,
            70.42949706707385,
            30.997302933772684,
            45.334635456551695,
            0.0,
            22.63728526645881
        ],
        [
            0.0,
            44.62011822348519,
            23.802744018825578,
            58.29881100861895,
            51.509661063955235,
            61.02734451016254,
            54.72333932760318,
            66.68237625398163,
            15.61129184083218,
            62.30906452797415,
            42.3900815143158,
            64.36706475354154,
            37.54096730851888,
            39.839417814752224,
            7.941899835954273,
            49.849907271858704,
            23.910855886019924,
            29.520433977385228,
            17.789701805538037,
            61.36298735917483,
            58.362075167400334,
            38.8737434205064,
            22.746728829822114,
            22.63728526645881,
            0.0
        ]
    ],
    "scores_ave": [
        0,
        18.90927025711538,
        14.749295083548994,
        13.477211335335454,
        12.373029225105707,
        14.055146574299446,
        15.245093847085446,
        19.015130980677483,
        14.218027756883231,
        11.302453699016741,
        12.393173961062272,
        17.2372655857364,
        10.726454017567384,
        19.952563431873877,
        12.22497625742962,
        13.676522386850051,
        19.65462823679061,
        12.942912299119683,
        19.71044684405257,
        18.467217532465853,
        17.146526430923252,
        13.6298976121133,
        14.83640036426344,
        14.545324587597559,
        0
    ],
    "scores_var": [
        0,
        333.681548739802,
        338.81707543568126,
        274.9545067471098,
        358.34108068203,
        19.79974759129738,
        16.369867468500892,
        17.00218627942548,
        318.64857890418523,
        378.3307052564188,
        371.14693262568596,
        17.776382053172266,
        336.331600775726,
        18.059880790717745,
        16.287999030211395,
        17.54565877120221,
        274.907517539439,
        257.35164088424517,
        22.21499277433427,
        19.956669187369407,
        369.16237197206965,
        228.36750771415137,
        353.08732408170044,
        18.17465838338319,
        0
    ],
    "vertex_number": 25,
    "minimum_distances": {
        "cost": 467.2785425068836,
        "path": [
            0,
            18,
            8,
            19,
            3,
            11,
            5,
            20,
            6,
            17,
            21,
            15,
            9,
            4,
            23,
            14,
            2,
            13,
            1,
            10,
            12,
            7,
            16,
            22,
            24
        ]
    }
}