{
    "vertices": [
        [
            87.7334130156759,
            59.379101411855395
        ],
        [
            58.42898991960802,
            9.438824958352543
        ],
        [
            97.92182026176587,
            36.17426909263693
        ],
        [
            83.81706725085823,
            42.88041376549783
        ],
        [
            18.331820933330434,
            17.42038937940019
        ],
        [
            49.64740728120828,
            35.68350047468287
        ],
        [
            2.4556773421409717,
            60.88000808381307
        ],
        [
            31.070103941882543,
            3.6887479526835687
        ],
        [
            16.415104624925746,
            67.13152986701219
        ],
        [
            13.752852736522925,
            14.686565556077035
        ],
        [
            60.52438703820467,
            49.09041371142302
        ],
        [
            36.193713884105414,
            57.21068540089001
        ],
        [
            78.93210631743143,
            17.625674628194986
        ],
        [
            1.6126182620119112,
            33.16400740974031
        ],
        [
            35.44328054977378,
            72.78487427928546
        ],
        [
            32.07658463662452,
            14.017709576932468
        ],
        [
            21.67972182819836,
            46.974821232321396
        ],
        [
            9.07730600715354,
            51.09658815843684
        ],
        [
            65.67516616859311,
            66.31461515223822
        ],
        [
            79.87867098993341,
            94.52992404889878
        ],
        [
            86.10392804496435,
            72.21314196062382
        ],
        [
            15.606178025314632,
            89.28787414104714
        ],
        [
            62.08307063597543,
            36.13796139893881
        ],
        [
            87.7334130156759,
            59.379101411855395
        ]
    ],
    "distances": [
        [
            0.0,
            57.90319874795906,
            25.343004659574692,
            16.957135907979183,
            81.0994112123311,
            44.85560540868478,
            85.29094279255692,
            79.44901549798917,
            71.73842247129824,
            86.43232069334607,
            29.08931400428226,
            51.58529455735828,
            42.67096961372044,
            90.0223441293463,
            53.98122543509655,
            71.80068533389212,
            67.20830518814641,
            79.09098049416997,
            23.122880547411835,
            36.017735969267235,
            12.937071464485571,
            78.08247379227453,
            34.61344613435435,
            0.0
        ],
        [
            57.90319874795906,
            0.0,
            47.691378901137945,
            41.98683522872051,
            40.88383948850004,
            27.674883678030383,
            76.02109603420617,
            27.956609728529436,
            71.36956464230674,
            44.983285951371364,
            39.70691601884045,
            52.69305599902394,
            22.07718934872133,
            61.57097019444901,
            67.38742315747466,
            26.74725123351715,
            52.53055988216482,
            64.5829539416487,
            57.33552633760553,
            87.75297124574094,
            68.60406019576352,
            90.60719548642048,
            26.94802761900711,
            57.90319874795906
        ],
        [
            25.343004659574692,
            47.691378901137945,
            0.0,
            15.617824236174794,
            81.76965205624215,
            48.276907548576425,
            98.61114532876276,
            74.32671833633255,
            87.18770950402008,
            86.86850118161641,
            39.56507049815678,
            65.21418502186393,
            26.545425072768687,
            96.35623521718213,
            72.41480744071359,
            69.4730752457622,
            77.00330837097742,
            90.08897446102687,
            44.13940598600369,
            61.08140225158486,
            37.92707389244337,
            97.96387088124857,
            35.83876801717263,
            25.343004659574692
        ],
        [
            16.957135907979183,
            41.98683522872051,
            15.617824236174794,
            0.0,
            70.26044639061136,
            34.919353134859286,
            83.32863351515039,
            65.71323160141907,
            71.63198446222698,
            75.52408379031588,
            24.10628654142594,
            49.73269016490795,
            25.72284378163351,
            82.77668745504403,
            56.87090643222331,
            59.24637739330945,
            62.27209542547392,
            75.19000886036102,
            29.63596412322362,
            51.799448622772104,
            29.4217381481917,
            82.500774465744,
            22.75581843773267,
            16.957135907979183
        ],
        [
            81.0994112123311,
            40.88383948850004,
            81.76965205624215,
            70.26044639061136,
            0.0,
            36.25199546494001,
            46.26867615634815,
            18.730238393514576,
            49.748078254199946,
            5.332986259530756,
            52.756071458222706,
            43.61553481573662,
            60.600633088012025,
            22.965044015848843,
            57.948496429457045,
            14.159687817798536,
            29.743451086765653,
            34.92466765373752,
            68.05907472182183,
            98.6605041991808,
            87.15104266604025,
            71.9191524924173,
            47.586966207668766,
            81.0994112123311
        ],
        [
            44.85560540868478,
            27.674883678030383,
            48.276907548576425,
            34.919353134859286,
            36.25199546494001,
            0.0,
            53.4969472992508,
            36.9970321553676,
            45.75330034543489,
            41.58473664624511,
            17.264240822335264,
            25.385459556020823,
            34.40463154786366,
            48.10081913463638,
            39.72743578928173,
            27.89516631304538,
            30.160990601278023,
            43.399267152040096,
            34.57100289753958,
            66.15762142718339,
            51.60903615927694,
            63.49987531811001,
            12.443964714060153,
            44.85560540868478
        ],
        [
            85.29094279255692,
            76.02109603420617,
            98.61114532876276,
            83.32863351515039,
            46.26867615634815,
            53.4969472992508,
            0.0,
            63.95018096157759,
            15.295330485777974,
            47.55481368331371,
            59.25343518506934,
            33.93698629310419,
            87.86114927260198,
            27.72881970040899,
            35.07004141024541,
            55.43891386288491,
            23.72589529979449,
            11.813605360497055,
            63.45264944402308,
            84.41941003017871,
            84.41249770686866,
            31.30403364015415,
            64.55691214094826,
            85.29094279255692
        ],
        [
            79.44901549798917,
            27.956609728529436,
            74.32671833633255,
            65.71323160141907,
            18.730238393514576,
            36.9970321553676,
            63.95018096157759,
            0.0,
            65.11340554762181,
            20.514365243580908,
            54.118998941098134,
            53.76661758981839,
            49.84986656507346,
            41.671745615471835,
            69.23437980501836,
            10.377882810289137,
            44.29292738362611,
            52.26075462497701,
            71.55074824354226,
            103.123205399307,
            87.88807865441356,
            86.98473089551115,
            44.886028521685304,
            79.44901549798917
        ],
        [
            71.73842247129824,
            71.36956464230674,
            87.18770950402008,
            71.63198446222698,
            49.748078254199946,
            45.75330034543489,
            15.295330485777974,
            65.11340554762181,
            0.0,
            52.51249248219481,
            47.65617134384442,
            22.12728042820208,
            79.74462491947331,
            37.052748675496666,
            19.850233803931573,
            55.37472222922408,
            20.832884996582024,
            17.63413292885106,
            49.26683481752314,
            69.1252215874334,
            69.87384983768435,
            22.171106283474437,
            55.19206832481948,
            71.73842247129824
        ],
        [
            86.43232069334607,
            44.983285951371364,
            86.86850118161641,
            75.52408379031588,
            5.332986259530756,
            41.58473664624511,
            47.55481368331371,
            20.514365243580908,
            52.51249248219481,
            0.0,
            58.062046026896915,
            48.08214863773346,
            65.24548612357931,
            22.10884778887432,
            62.01522502756144,
            18.33593518388517,
            33.24705563220728,
            36.708997304787125,
            73.22145954050504,
            103.6705634936761,
            92.43367941998156,
            74.6243261759596,
            52.87695477063431,
            86.43232069334607
        ],
        [
            29.08931400428226,
            39.70691601884045,
            39.56507049815678,
            24.10628654142594,
            52.756071458222706,
            17.264240822335264,
            59.25343518506934,
            54.118998941098134,
            47.65617134384442,
            58.062046026896915,
            0.0,
            25.649960398456084,
            36.453723193090084,
            61.0266082788965,
            34.50346887323068,
            45.15940695785165,
            38.90223318544973,
            51.486181471608404,
            17.977865304975044,
            49.38964878386676,
            34.48149474432465,
            60.278365322202234,
            13.04590033171866,
            29.08931400428226
        ],
        [
            51.58529455735828,
            52.69305599902394,
            65.21418502186393,
            49.73269016490795,
            43.61553481573662,
            25.385459556020823,
            33.93698629310419,
            53.76661758981839,
            22.12728042820208,
            48.08214863773346,
            25.649960398456084,
            0.0,
            58.25412659768713,
            42.12000589784405,
            15.592257995852068,
            43.38875330969355,
            17.760317583768593,
            27.797153833430343,
            30.85510599106747,
            57.45520908155381,
            52.1162467989542,
            38.1155174464241,
            33.38140934544268,
            51.58529455735828
        ],
        [
            42.67096961372044,
            22.07718934872133,
            26.545425072768687,
            25.72284378163351,
            60.600633088012025,
            34.40463154786366,
            87.86114927260198,
            49.84986656507346,
            79.74462491947331,
            65.24548612357931,
            36.453723193090084,
            58.25412659768713,
            0.0,
            78.8653473889655,
            70.24112237712708,
            46.99422649423755,
            64.33667644581494,
            77.45963580431894,
            50.46146442052292,
            76.91007452630018,
            55.05657650690331,
            95.63286063418863,
            25.03187497726118,
            42.67096961372044
        ],
        [
            90.0223441293463,
            61.57097019444901,
            96.35623521718213,
            82.77668745504403,
            22.965044015848843,
            48.10081913463638,
            27.72881970040899,
            41.671745615471835,
            37.052748675496666,
            22.10884778887432,
            61.0266082788965,
            42.12000589784405,
            78.8653473889655,
            0.0,
            52.099201551682285,
            35.981022330891456,
            24.36036173742192,
            19.42418635209694,
            72.13163548665713,
            99.45527001910926,
            93.07854929043447,
            57.842096536368864,
            60.54353815760737,
            90.0223441293463
        ],
        [
            53.98122543509655,
            67.38742315747466,
            72.41480744071359,
            56.87090643222331,
            57.948496429457045,
            39.72743578928173,
            35.07004141024541,
            69.23437980501836,
            19.850233803931573,
            62.01522502756144,
            34.50346887323068,
            15.592257995852068,
            70.24112237712708,
            52.099201551682285,
            0.0,
            58.863522563002455,
            29.25054507132053,
            34.14009912759325,
            30.916519229054764,
            49.4707096477541,
            50.663873543938195,
            25.804256257509333,
            45.3064525150293,
            53.98122543509655
        ],
        [
            71.80068533389212,
            26.74725123351715,
            69.4730752457622,
            59.24637739330945,
            14.159687817798536,
            27.89516631304538,
            55.43891386288491,
            10.377882810289137,
            55.37472222922408,
            18.33593518388517,
            45.15940695785165,
            43.38875330969355,
            46.99422649423755,
            35.981022330891456,
            58.863522563002455,
            0.0,
            34.558153378370896,
            43.632671867970494,
            62.15972179565146,
            93.63362718013812,
            79.40819974087987,
            77.05109971603771,
            37.278609720565186,
            71.80068533389212
        ],
        [
            67.20830518814641,
            52.53055988216482,
            77.00330837097742,
            62.27209542547392,
            29.743451086765653,
            30.160990601278023,
            23.72589529979449,
            44.29292738362611,
            20.832884996582024,
            33.24705563220728,
            38.90223318544973,
            17.760317583768593,
            64.33667644581494,
            24.36036173742192,
            29.25054507132053,
            34.558153378370896,
            0.0,
            13.259330568310752,
            48.058576254125796,
            75.15720515975475,
            69.19140972581096,
            42.7467236262871,
            41.83142510041083,
            67.20830518814641
        ],
        [
            79.09098049416997,
            64.5829539416487,
            90.08897446102687,
            75.19000886036102,
            34.92466765373752,
            43.399267152040096,
            11.813605360497055,
            52.26075462497701,
            17.63413292885106,
            36.708997304787125,
            51.486181471608404,
            27.797153833430343,
            77.45963580431894,
            19.42418635209694,
            34.14009912759325,
            43.632671867970494,
            13.259330568310752,
            0.0,
            58.60807214401388,
            83.06195248125641,
            79.86870067201806,
            38.74532868404981,
            55.076052857989346,
            79.09098049416997
        ],
        [
            23.122880547411835,
            57.33552633760553,
            44.13940598600369,
            29.63596412322362,
            68.05907472182183,
            34.57100289753958,
            63.45264944402308,
            71.55074824354226,
            49.26683481752314,
            73.22145954050504,
            17.977865304975044,
            30.85510599106747,
            50.46146442052292,
            72.13163548665713,
            30.916519229054764,
            62.15972179565146,
            48.058576254125796,
            58.60807214401388,
            0.0,
            31.588656276325047,
            21.26327656573,
            55.087877089779475,
            30.389695326902686,
            23.122880547411835
        ],
        [
            36.017735969267235,
            87.75297124574094,
            61.08140225158486,
            51.799448622772104,
            98.6605041991808,
            66.15762142718339,
            84.41941003017871,
            103.123205399307,
            69.1252215874334,
            103.6705634936761,
            49.38964878386676,
            57.45520908155381,
            76.91007452630018,
            99.45527001910926,
            49.4707096477541,
            93.63362718013812,
            75.15720515975475,
            83.06195248125641,
            31.588656276325047,
            0.0,
            23.168784779887847,
            64.48590884157079,
            61.04346561321784,
            36.017735969267235
        ],
        [
            12.937071464485571,
            68.60406019576352,
            37.92707389244337,
            29.4217381481917,
            87.15104266604025,
            51.60903615927694,
            84.41249770686866,
            87.88807865441356,
            69.87384983768435,
            92.43367941998156,
            34.48149474432465,
            52.1162467989542,
            55.05657650690331,
            93.07854929043447,
            50.663873543938195,
            79.40819974087987,
            69.19140972581096,
            79.86870067201806,
            21.26327656573,
            23.168784779887847,
            0.0,
            72.53605473739391,
            43.34074576217111,
            12.937071464485571
        ],
        [
            78.08247379227453,
            90.60719548642048,
            97.96387088124857,
            82.500774465744,
            71.9191524924173,
            63.49987531811001,
            31.30403364015415,
            86.98473089551115,
            22.171106283474437,
            74.6243261759596,
            60.278365322202234,
            38.1155174464241,
            95.63286063418863,
            57.842096536368864,
            25.804256257509333,
            77.05109971603771,
            42.7467236262871,
            38.74532868404981,
            55.087877089779475,
            64.48590884157079,
            72.53605473739391,
            0.0,
            70.60463703777978,
            78.08247379227453
        ],
        [
            34.61344613435435,
            26.94802761900711,
            35.83876801717263,
            22.75581843773267,
            47.586966207668766,
            12.443964714060153,
            64.55691214094826,
            44.886028521685304,
            55.19206832481948,
            52.87695477063431,
            13.04590033171866,
            33.38140934544268,
            25.03187497726118,
            60.54353815760737,
            45.3064525150293,
            37.278609720565186,
            41.83142510041083,
            55.076052857989346,
            30.389695326902686,
            61.04346561321784,
            43.34074576217111,
            70.60463703777978,
            0.0,
            34.61344613435435
        ],
        [
            0.0,
            57.90319874795906,
            25.343004659574692,
            16.957135907979183,
            81.0994112123311,
            44.85560540868478,
            85.29094279255692,
            79.44901549798917,
            71.73842247129824,
            86.43232069334607,
            29.08931400428226,
            51.58529455735828,
            42.67096961372044,
            90.0223441293463,
            53.98122543509655,
            71.80068533389212,
            67.20830518814641,
            79.09098049416997,
            23.122880547411835,
            36.017735969267235,
            12.937071464485571,
            78.08247379227453,
            34.61344613435435,
            0.0
        ]
    ],
    "scores_ave": [
        0,
        12.255478766086501,
        13.049560837666832,
        15.964124237249724,
        12.4639412434761,
        16.228958331856113,
        11.562877061551278,
        10.373203216458952,
        19.367758478684877,
        15.2926650560536,
        18.91414360347747,
        10.338493213555736,
        17.618221685954126,
        14.091959170071359,
        17.12075598886847,
        10.47956675727135,
        14.032309127869096,
        16.53498385381777,
        17.189975321826033,
        16.228612343448855,
        13.294369010104239,
        10.787465121928344,
        15.435869107018823,
        0
    ],
    "scores_var": [
        0,
        238.19017101801415,
        20.16117969376089,
        267.5844307490839,
        18.991021886231916,
        21.66656652341795,
        292.60311931591207,
        322.3702713190514,
        246.3019407070407,
        20.381485354903525,
        24.558941339637382,
        21.842759816292155,
        20.372085030054844,
        303.8531265188576,
        369.33003040016024,
        235.3007084031677,
        22.51855552611402,
        302.6233078651944,
        271.54342836301333,
        20.65473147151585,
        228.96155417765695,
        284.7763515479114,
        24.757688194574722,
        0
    ],
    "vertex_number": 24,
    "minimum_distances": {
        "cost": 425.97754008698286,
        "path": [
            0,
            20,
            19,
            18,
            10,
            22,
            5,
            11,
            14,
            21,
            8,
            6,
            17,
            16,
            13,
            9,
            4,
            15,
            7,
            1,
            12,
            2,
            3,
            23
        ]
    }
}