{
    "vertices": [
        [
            58.44628094788726,
            34.323694342906194
        ],
        [
            15.684287054797363,
            86.49380870169857
        ],
        [
            3.960199424716604,
            46.92109241830118
        ],
        [
            16.802833053137288,
            95.34902776385722
        ],
        [
            17.214005483281667,
            0.6459449588572919
        ],
        [
            56.90060210101352,
            51.40392432573337
        ],
        [
            44.795423022609995,
            10.32883052988629
        ],
        [
            66.93893767341173,
            48.2197015254034
        ],
        [
            96.25751645927055,
            41.7178367949488
        ],
        [
            29.275161331644707,
            84.42079439837123
        ],
        [
            86.10445766890913,
            77.66179040296292
        ],
        [
            27.390590148419413,
            63.49283808839451
        ],
        [
            85.64625398805586,
            59.25274911577664
        ],
        [
            85.86410792751653,
            17.447537497439868
        ],
        [
            58.44628094788726,
            34.323694342906194
        ]
    ],
    "distances": [
        [
            0.0,
            67.45597789612223,
            55.92340760378934,
            73.88009252634296,
            53.23806292084567,
            17.15002563741353,
            27.60614807432354,
            16.285706428448538,
            38.52743014396874,
            57.971317508164375,
            51.41172346500339,
            42.60627744684006,
            36.89574914884739,
            32.19537088088389,
            0.0
        ],
        [
            67.45597789612223,
            0.0,
            41.27292217427883,
            8.9255840026981,
            85.8614916460219,
            54.13025597119923,
            81.53871557272113,
            63.96832411575869,
            92.17880969539532,
            13.748063569494818,
            70.9718604557455,
            25.808567981850956,
            75.07830675057946,
            98.45097675970001,
            67.45597789612223
        ],
        [
            55.92340760378934,
            41.27292217427883,
            0.0,
            50.10187781258501,
            48.1357730532224,
            53.129859941832684,
            54.831643385916216,
            62.99212535714844,
            92.44386729718154,
            45.244612330566945,
            87.70786552569147,
            28.69853592118657,
            82.61162912707405,
            87.04562405835259,
            55.92340760378934
        ],
        [
            73.88009252634296,
            8.9255840026981,
            50.10187781258501,
            0.0,
            94.70397539458408,
            59.4895217563919,
            89.50988230861631,
            68.80990029193266,
            95.86110452061561,
            16.58267943299204,
            71.52309794636953,
            33.56959071760861,
            77.73260537420744,
            104.1062047766764,
            73.88009252634296
        ],
        [
            53.23806292084567,
            85.8614916460219,
            48.1357730532224,
            94.70397539458408,
            0.0,
            64.43134656754259,
            29.23170994759646,
            68.81737567770237,
            89.07736483757743,
            84.63862521929177,
            103.3311901209436,
            63.665491841987595,
            90.09844687288826,
            70.67623417696005,
            53.23806292084567
        ],
        [
            17.15002563741353,
            54.13025597119923,
            53.129859941832684,
            59.4895217563919,
            64.43134656754259,
            0.0,
            42.82170817304996,
            10.531260888716817,
            40.531308879151666,
            43.04972342646761,
            39.27264583600435,
            31.890165277139985,
            29.79792866955384,
            44.63094079441502,
            17.15002563741353
        ],
        [
            27.60614807432354,
            81.53871557272113,
            54.831643385916216,
            89.50988230861631,
            29.23170994759646,
            42.82170817304996,
            0.0,
            43.8868242857602,
            60.27948884315224,
            75.70005041507517,
            78.99470759917078,
            55.94050327856932,
            63.73649033611952,
            41.681085263082984,
            27.60614807432354
        ],
        [
            16.285706428448538,
            63.96832411575869,
            62.99212535714844,
            68.80990029193266,
            68.81737567770237,
            10.531260888716817,
            43.8868242857602,
            0.0,
            30.030872564674844,
            52.240589329752886,
            35.130524535963374,
            42.39505268813027,
            21.718467322248852,
            36.126003766134254,
            16.285706428448538
        ],
        [
            38.52743014396874,
            92.17880969539532,
            92.44386729718154,
            95.86110452061561,
            89.07736483757743,
            40.531308879151666,
            60.27948884315224,
            30.030872564674844,
            0.0,
            79.43663189312016,
            37.35040031613592,
            72.22744783552692,
            20.495659085087482,
            26.402090237301287,
            38.52743014396874
        ],
        [
            57.971317508164375,
            13.748063569494818,
            45.244612330566945,
            16.58267943299204,
            84.63862521929177,
            43.04972342646761,
            75.70005041507517,
            52.240589329752886,
            79.43663189312016,
            0.0,
            57.22982663959905,
            21.012638193642836,
            61.734355027200394,
            87.67967847083258,
            57.971317508164375
        ],
        [
            51.41172346500339,
            70.9718604557455,
            87.70786552569147,
            71.52309794636953,
            103.3311901209436,
            39.27264583600435,
            78.99470759917078,
            35.130524535963374,
            37.35040031613592,
            57.22982663959905,
            0.0,
            60.39931662615175,
            18.41474278197979,
            60.21473259069145,
            51.41172346500339
        ],
        [
            42.60627744684006,
            25.808567981850956,
            28.69853592118657,
            33.56959071760861,
            63.665491841987595,
            31.890165277139985,
            55.94050327856932,
            42.39505268813027,
            72.22744783552692,
            21.012638193642836,
            60.39931662615175,
            0.0,
            58.40976565517484,
            74.42662150046685,
            42.60627744684006
        ],
        [
            36.89574914884739,
            75.07830675057946,
            82.61162912707405,
            77.73260537420744,
            90.09844687288826,
            29.79792866955384,
            63.73649033611952,
            21.718467322248852,
            20.495659085087482,
            61.734355027200394,
            18.41474278197979,
            58.40976565517484,
            0.0,
            41.80577925111381,
            36.89574914884739
        ],
        [
            32.19537088088389,
            98.45097675970001,
            87.04562405835259,
            104.1062047766764,
            70.67623417696005,
            44.63094079441502,
            41.681085263082984,
            36.126003766134254,
            26.402090237301287,
            87.67967847083258,
            60.21473259069145,
            74.42662150046685,
            41.80577925111381,
            0.0,
            32.19537088088389
        ],
        [
            0.0,
            67.45597789612223,
            55.92340760378934,
            73.88009252634296,
            53.23806292084567,
            17.15002563741353,
            27.60614807432354,
            16.285706428448538,
            38.52743014396874,
            57.971317508164375,
            51.41172346500339,
            42.60627744684006,
            36.89574914884739,
            32.19537088088389,
            0.0
        ]
    ],
    "scores_ave": [
        0,
        13.273618461787374,
        15.161102842236012,
        19.140876468913522,
        11.867252560044916,
        10.571762982085936,
        10.282460417193404,
        17.74652946713079,
        16.44503173985073,
        13.625469884330936,
        11.832641721844311,
        16.587390491417217,
        15.327043672209786,
        19.43215039403088,
        0
    ],
    "scores_var": [
        0,
        18.294486339057062,
        264.92416669903105,
        299.4974730866254,
        353.5740559211856,
        20.115992778468637,
        243.5427551009333,
        22.578078116755947,
        328.0124577203158,
        246.99036586220387,
        241.7518060420415,
        17.90195589231927,
        20.222089036900023,
        290.3764545673608,
        0
    ],
    "vertex_number": 15,
    "minimum_distances": {
        "cost": 371.2083702502703,
        "path": [
            0,
            6,
            4,
            2,
            11,
            1,
            3,
            9,
            5,
            7,
            10,
            12,
            8,
            13,
            14
        ]
    }
}