{
    "vertices": [
        [
            11.941518564120523,
            87.29682423542964
        ],
        [
            89.38293396048039,
            1.9729648028732005
        ],
        [
            19.234670240029118,
            49.87055891234557
        ],
        [
            69.80316855269388,
            20.53816095445279
        ],
        [
            2.9580896911729937,
            17.61223695551112
        ],
        [
            3.6729644351525037,
            29.734973586337045
        ],
        [
            34.34405060722213,
            48.16761702919662
        ],
        [
            71.22098438466962,
            70.67809867285749
        ],
        [
            92.11511918248866,
            57.47183969094149
        ],
        [
            12.305436064339991,
            11.977251808222578
        ],
        [
            3.0481094581658263,
            10.52495565750532
        ],
        [
            13.33659714679386,
            41.47257183830472
        ],
        [
            46.156615795244285,
            22.091802877463486
        ],
        [
            14.588938412806806,
            42.77252595074204
        ],
        [
            11.941518564120523,
            87.29682423542964
        ]
    ],
    "distances": [
        [
            0.0,
            115.22731363291523,
            38.130242556292416,
            88.34415465928132,
            70.26125318187748,
            58.15269243579454,
            45.08844972418671,
            61.56490158599897,
            85.54142820407289,
            75.32045158231765,
            77.2852672277968,
            45.845483441744214,
            73.63672785253345,
            44.6029367822238,
            0.0
        ],
        [
            115.22731363291523,
            0.0,
            84.94091137060953,
            26.982100021506458,
            87.82847226519604,
            90.09399540327733,
            71.85558137740266,
            71.06512388286363,
            55.56608632906242,
            77.72404029909234,
            86.75735397891735,
            85.69284858571434,
            47.67894952275904,
            85.19827439475581,
            115.22731363291523
        ],
        [
            38.130242556292416,
            84.94091137060953,
            0.0,
            58.45992295203759,
            36.13206899465057,
            25.4481528598541,
            15.205044759483627,
            55.99580849698068,
            73.27577572110378,
            38.52164339107194,
            42.54504959959797,
            10.26223431368155,
            38.6839816891109,
            8.48321260693592,
            38.130242556292416
        ],
        [
            88.34415465928132,
            26.982100021506458,
            58.45992295203759,
            0.0,
            66.90908457937925,
            66.7666478057246,
            44.952596014658326,
            50.159979626579826,
            43.14996831883608,
            58.13156119280054,
            67.50186808550374,
            60.22228196765332,
            23.69753701412413,
            59.522921607802715,
            88.34415465928132
        ],
        [
            70.26125318187748,
            87.82847226519604,
            36.13206899465057,
            66.90908457937925,
            0.0,
            12.143796330635183,
            43.803079732721315,
            86.46275771533047,
            97.66147571044408,
            10.914483122444263,
            7.0878529721991415,
            26.01978089310967,
            43.43016426878035,
            27.718527816409537,
            70.26125318187748
        ],
        [
            58.15269243579454,
            90.09399540327733,
            25.4481528598541,
            66.7666478057246,
            12.143796330635183,
            0.0,
            35.783765470756634,
            78.98781229373822,
            92.68952733538191,
            19.744777769771115,
            19.22017774549188,
            15.20384852299244,
            43.1657119873032,
            17.004007161120235,
            58.15269243579454
        ],
        [
            45.08844972418671,
            71.85558137740266,
            15.205044759483627,
            44.952596014658326,
            43.803079732721315,
            35.783765470756634,
            0.0,
            43.2045139847197,
            58.51551011199915,
            42.37266885384049,
            48.95309885542504,
            22.048508589021264,
            28.626644581525774,
            20.47856112032184,
            45.08844972418671
        ],
        [
            61.56490158599897,
            71.06512388286363,
            55.99580849698068,
            50.159979626579826,
            86.46275771533047,
            78.98781229373822,
            43.2045139847197,
            0.0,
            24.717810284223585,
            83.16748918003003,
            90.91722328783553,
            64.83490636677233,
            54.67038240129744,
            63.1340606955426,
            61.56490158599897
        ],
        [
            85.54142820407289,
            55.56608632906242,
            73.27577572110378,
            43.14996831883608,
            97.66147571044408,
            92.68952733538191,
            58.51551011199915,
            24.717810284223585,
            0.0,
            91.86589707850099,
            100.68238247916823,
            80.38676573882586,
            57.99940550142226,
            78.90740478032592,
            85.54142820407289
        ],
        [
            75.32045158231765,
            77.72404029909234,
            38.52164339107194,
            58.13156119280054,
            10.914483122444263,
            19.744777769771115,
            42.37266885384049,
            83.16748918003003,
            91.86589707850099,
            0.0,
            9.37055281201532,
            29.513339303693375,
            35.32996621150759,
            30.87982014987104,
            75.32045158231765
        ],
        [
            77.2852672277968,
            86.75735397891735,
            42.54504959959797,
            67.50186808550374,
            7.0878529721991415,
            19.22017774549188,
            48.95309885542504,
            90.91722328783553,
            100.68238247916823,
            9.37055281201532,
            0.0,
            32.61300240997641,
            44.63334261764167,
            34.25049667928223,
            77.2852672277968
        ],
        [
            45.845483441744214,
            85.69284858571434,
            10.26223431368155,
            60.22228196765332,
            26.01978089310967,
            15.20384852299244,
            22.048508589021264,
            64.83490636677233,
            80.38676573882586,
            29.513339303693375,
            32.61300240997641,
            0.0,
            38.11519158548388,
            1.8050593732621725,
            45.845483441744214
        ],
        [
            73.63672785253345,
            47.67894952275904,
            38.6839816891109,
            23.69753701412413,
            43.43016426878035,
            43.1657119873032,
            28.626644581525774,
            54.67038240129744,
            57.99940550142226,
            35.32996621150759,
            44.63334261764167,
            38.11519158548388,
            0.0,
            37.73871436807686,
            73.63672785253345
        ],
        [
            44.6029367822238,
            85.19827439475581,
            8.48321260693592,
            59.522921607802715,
            27.718527816409537,
            17.004007161120235,
            20.47856112032184,
            63.1340606955426,
            78.90740478032592,
            30.87982014987104,
            34.25049667928223,
            1.8050593732621725,
            37.73871436807686,
            0.0,
            44.6029367822238
        ],
        [
            0.0,
            115.22731363291523,
            38.130242556292416,
            88.34415465928132,
            70.26125318187748,
            58.15269243579454,
            45.08844972418671,
            61.56490158599897,
            85.54142820407289,
            75.32045158231765,
            77.2852672277968,
            45.845483441744214,
            73.63672785253345,
            44.6029367822238,
            0.0
        ]
    ],
    "scores_ave": [
        0,
        10.308895399227993,
        14.763184149322813,
        15.627271588523431,
        10.540416300507724,
        16.06725313631669,
        18.086179016054807,
        12.695437382417332,
        16.094180071013348,
        12.483711389090908,
        13.016556916498036,
        14.880847806870761,
        15.546307194147815,
        15.456956608247342,
        0
    ],
    "scores_var": [
        0,
        316.982382878959,
        22.43038296116521,
        22.753091558941023,
        356.79525597448475,
        377.02007886290494,
        19.563076630408535,
        22.23855210253465,
        19.986084012875885,
        22.308540806366416,
        236.0392376762058,
        20.068645962581826,
        22.2446748025458,
        247.72466736720557,
        0
    ],
    "vertex_number": 15,
    "minimum_distances": {
        "cost": 342.2462185481336,
        "path": [
            0,
            6,
            2,
            13,
            11,
            5,
            4,
            10,
            9,
            12,
            3,
            1,
            8,
            7,
            14
        ]
    }
}