{
    "vertices": [
        [
            24.87315689703301,
            32.915145460521025
        ],
        [
            2.699069410227606,
            61.27854603338999
        ],
        [
            51.87241852376205,
            59.615561219873534
        ],
        [
            73.36273398047226,
            31.938714261528702
        ],
        [
            43.53177920096276,
            44.584178436792
        ],
        [
            19.61302328568343,
            31.62092549815364
        ],
        [
            87.15154991746627,
            39.14124720879939
        ],
        [
            84.71624381608135,
            14.204187683265069
        ],
        [
            33.97064526323239,
            66.02410654452655
        ],
        [
            4.534438196063595,
            70.77770019402921
        ],
        [
            70.2533478765742,
            24.872079640719647
        ],
        [
            58.97332089918497,
            92.80227252950004
        ],
        [
            25.297710729664203,
            66.88687059793743
        ],
        [
            44.45419093905376,
            20.184208652854174
        ],
        [
            51.223555662900075,
            81.09868644878874
        ],
        [
            74.98222404417383,
            52.43439104580826
        ],
        [
            65.92937182034655,
            26.556265854395676
        ],
        [
            34.48517528152541,
            53.99790352162426
        ],
        [
            28.76771322499142,
            65.88728488022866
        ],
        [
            93.28050753912855,
            17.5643593450606
        ],
        [
            54.26730993126668,
            45.56146736769182
        ],
        [
            44.03257685728582,
            32.700022077925816
        ],
        [
            24.87315689703301,
            32.915145460521025
        ]
    ],
    "distances": [
        [
            0.0,
            36.002397808056116,
            37.971994023369945,
            48.49940725016299,
            22.00705607031536,
            5.417011253471772,
            62.58883750468181,
            62.70003981611996,
            34.33609760347447,
            42.97948963569793,
            46.087445591194225,
            68.91508669043158,
            33.97437791584964,
            23.35580540584251,
            54.91809480752481,
            53.776570721601644,
            41.54573544510326,
            23.1705326845723,
            33.20134857056682,
            70.10857476966153,
            31.999151400931503,
            19.16062763280663,
            0.0
        ],
        [
            36.002397808056116,
            0.0,
            49.20146117272865,
            76.51260823483389,
            44.113627127053824,
            34.14170897177117,
            87.30567829800503,
            94.5664428409793,
            31.629603236447508,
            9.674838931352314,
            76.73989402070696,
            64.50222254189363,
            23.28415542608006,
            58.58527749044417,
            52.41625446530801,
            72.8222048641714,
            72.13673047556061,
            32.60926680938232,
            26.47290433819802,
            100.57796503868043,
            53.910203043760475,
            50.251277290722236,
            36.002397808056116
        ],
        [
            37.971994023369945,
            49.20146117272865,
            0.0,
            35.04056957277606,
            17.19036743890443,
            42.71262354759264,
            40.78988411503903,
            56.04381951931699,
            19.014282501570936,
            48.636177152238545,
            39.306081922700926,
            33.93789360130913,
            27.55153415716092,
            40.123081458969615,
            21.492921918935522,
            24.19984124452348,
            35.923737918600054,
            18.272227712553363,
            23.940800417172728,
            59.01638259856992,
            14.256684707872003,
            28.034075063342762,
            37.971994023369945
        ],
        [
            48.49940725016299,
            76.51260823483389,
            35.04056957277606,
            0.0,
            32.400518935119045,
            53.750650130687944,
            15.556603928904917,
            21.057436181606047,
            52.09175194397617,
            79.03038104963825,
            7.720466748010219,
            62.54140975276033,
            59.42743551100606,
            31.206926520916902,
            53.91517487711079,
            20.55956018284643,
            9.177451926272218,
            44.69980314501142,
            56.04659956888218,
            24.562975853884204,
            23.45665410518848,
            29.340035897423704,
            48.49940725016299
        ],
        [
            22.00705607031536,
            44.113627127053824,
            17.19036743890443,
            32.400518935119045,
            0.0,
            27.205749599778095,
            43.95804701886782,
            51.177182062109836,
            23.47521670698793,
            46.97758175448422,
            33.205557839487284,
            50.6302854816283,
            28.807834535952573,
            24.417398896517355,
            37.31585079424811,
            32.4153716443699,
            28.75165712132779,
            13.056004842522821,
            25.919104696791265,
            56.61277766559871,
            10.779921786161491,
            11.89470347064433,
            22.00705607031536
        ],
        [
            5.417011253471772,
            34.14170897177117,
            42.71262354759264,
            53.750650130687944,
            27.205749599778095,
            0.0,
            67.9559255563755,
            67.39267081472728,
            37.27895082965331,
            41.95970367970283,
            51.08805530726512,
            72.74881616076962,
            35.72117796373347,
            27.347433199157997,
            58.71349577277147,
            59.15191240135369,
            46.59243413786729,
            26.86838384514993,
            35.46817916367272,
            74.99656850981827,
            37.353156366371465,
            24.443384505113748,
            5.417011253471772
        ],
        [
            62.58883750468181,
            87.30567829800503,
            40.78988411503903,
            15.556603928904917,
            43.95804701886782,
            67.9559255563755,
            0.0,
            25.055691041906723,
            59.58940128837684,
            88.46723860657903,
            22.116925086927157,
            60.60955559213074,
            67.79171807472032,
            46.716525711390574,
            55.238098073101135,
            18.022213107212764,
            24.673114900161217,
            54.72172561323952,
            64.21855587020846,
            22.430475059893194,
            33.505111048295554,
            43.597422159471364,
            62.58883750468181
        ],
        [
            62.70003981611996,
            94.5664428409793,
            56.04381951931699,
            21.057436181606047,
            51.177182062109836,
            67.39267081472728,
            25.055691041906723,
            0.0,
            72.52875128715942,
            98.13095469978828,
            17.97162423858613,
            82.706450908023,
            79.4104977520577,
            40.70372897744494,
            74.81065515564543,
            39.44996311863036,
            22.48378069920283,
            64.08353974576728,
            76.16679467571753,
            9.199856885551867,
            43.70831229788194,
            44.69067740780963,
            62.70003981611996
        ],
        [
            34.33609760347447,
            31.629603236447508,
            19.014282501570936,
            52.09175194397617,
            23.47521670698793,
            37.27895082965331,
            59.58940128837684,
            72.52875128715942,
            0.0,
            29.81756091778518,
            54.86277268986546,
            36.63610190065871,
            8.715741806376416,
            47.02340873071604,
            22.91082444062079,
            43.20451320685687,
            50.784551311338205,
            12.037204836995535,
            5.204730729094021,
            76.58986135136894,
            28.821419096358923,
            34.81001397501229,
            34.33609760347447
        ],
        [
            42.97948963569793,
            9.674838931352314,
            48.636177152238545,
            79.03038104963825,
            46.97758175448422,
            41.95970367970283,
            88.46723860657903,
            98.13095469978828,
            29.81756091778518,
            0.0,
            80.1642132624,
            58.72540963266748,
            21.124678488687042,
            64.44600876228427,
            47.81627805573109,
            72.79675488240123,
            75.66289136548133,
            34.330864077819385,
            24.721807793304922,
            103.47716882555594,
            55.76035266192474,
            54.86358107537929,
            42.97948963569793
        ],
        [
            46.087445591194225,
            76.73989402070696,
            39.306081922700926,
            7.720466748010219,
            33.205557839487284,
            51.08805530726512,
            22.116925086927157,
            17.97162423858613,
            54.86277268986546,
            80.1642132624,
            0.0,
            68.86036679046619,
            61.53252774316478,
            26.221606226272254,
            59.359618469501754,
            27.965036738748793,
            4.640393532575272,
            46.126736146519974,
            58.33785171981955,
            24.158908461359704,
            26.145825167812134,
            27.364310984312514,
            46.087445591194225
        ],
        [
            68.91508669043158,
            64.50222254189363,
            33.93789360130913,
            62.54140975276033,
            50.6302854816283,
            72.74881616076962,
            60.60955559213074,
            82.706450908023,
            36.63610190065871,
            58.72540963266748,
            68.86036679046619,
            0.0,
            42.49299680610876,
            74.05530592733919,
            14.03683683620171,
            43.42638409293387,
            66.61020976408771,
            45.88516459479131,
            40.45732684110174,
            82.69054743740163,
            47.47462702924683,
            61.93146487747,
            68.91508669043158
        ],
        [
            33.97437791584964,
            23.28415542608006,
            27.55153415716092,
            59.42743551100606,
            28.807834535952573,
            35.72117796373347,
            67.79171807472032,
            79.4104977520577,
            8.715741806376416,
            21.124678488687042,
            61.53252774316478,
            42.49299680610876,
            0.0,
            50.4788011621657,
            29.565607473561247,
            51.74384048854894,
            57.24936298307486,
            15.82829672409483,
            3.6111063297311636,
            83.99030169208275,
            35.97235745449632,
            38.98378920205326,
            33.97437791584964
        ],
        [
            23.35580540584251,
            58.58527749044417,
            40.123081458969615,
            31.206926520916902,
            24.417398896517355,
            27.347433199157997,
            46.716525711390574,
            40.70372897744494,
            47.02340873071604,
            64.44600876228427,
            26.221606226272254,
            74.05530592733919,
            50.4788011621657,
            0.0,
            61.28945997409229,
            44.407601484949765,
            22.400591663256577,
            35.25262024103079,
            48.320148589578835,
            48.896552057648044,
            27.208501690374888,
            12.522912765213553,
            23.35580540584251
        ],
        [
            54.91809480752481,
            52.41625446530801,
            21.492921918935522,
            53.91517487711079,
            37.31585079424811,
            58.71349577277147,
            55.238098073101135,
            74.81065515564543,
            22.91082444062079,
            47.81627805573109,
            59.359618469501754,
            14.03683683620171,
            29.565607473561247,
            61.28945997409229,
            0.0,
            37.230580900661025,
            56.49014669083704,
            31.853191567830034,
            27.122898025029908,
            76.19316190868392,
            35.667329309384506,
            48.92995901353515,
            54.91809480752481
        ],
        [
            53.776570721601644,
            72.8222048641714,
            24.19984124452348,
            20.55956018284643,
            32.4153716443699,
            59.15191240135369,
            18.022213107212764,
            39.44996311863036,
            43.20451320685687,
            72.79675488240123,
            27.965036738748793,
            43.42638409293387,
            51.74384048854894,
            44.407601484949765,
            37.230580900661025,
            0.0,
            27.415898613922494,
            40.52721961529506,
            48.13274730135934,
            39.37951611781027,
            21.825323516281117,
            36.705939295342475,
            53.776570721601644
        ],
        [
            41.54573544510326,
            72.13673047556061,
            35.923737918600054,
            9.177451926272218,
            28.75165712132779,
            46.59243413786729,
            24.673114900161217,
            22.48378069920283,
            50.784551311338205,
            75.66289136548133,
            4.640393532575272,
            66.61020976408771,
            57.24936298307486,
            22.400591663256577,
            56.49014669083704,
            27.415898613922494,
            0.0,
            41.7346495592268,
            54.11023865377206,
            28.79130090461102,
            22.298012738038405,
            22.742369493711227,
            41.54573544510326
        ],
        [
            23.1705326845723,
            32.60926680938232,
            18.272227712553363,
            44.69980314501142,
            13.056004842522821,
            26.86838384514993,
            54.72172561323952,
            64.08353974576728,
            12.037204836995535,
            34.330864077819385,
            46.126736146519974,
            45.88516459479131,
            15.82829672409483,
            35.25262024103079,
            31.853191567830034,
            40.52721961529506,
            41.7346495592268,
            0.0,
            13.19267832770267,
            69.16859284782049,
            21.50595978513567,
            23.339936393200965,
            23.1705326845723
        ],
        [
            33.20134857056682,
            26.47290433819802,
            23.940800417172728,
            56.04659956888218,
            25.919104696791265,
            35.46817916367272,
            64.21855587020846,
            76.16679467571753,
            5.204730729094021,
            24.721807793304922,
            58.33785171981955,
            40.45732684110174,
            3.6111063297311636,
            48.320148589578835,
            27.122898025029908,
            48.13274730135934,
            54.11023865377206,
            13.19267832770267,
            0.0,
            80.60400587126897,
            32.609328262563665,
            36.529583545691544,
            33.20134857056682
        ],
        [
            70.10857476966153,
            100.57796503868043,
            59.01638259856992,
            24.562975853884204,
            56.61277766559871,
            74.99656850981827,
            22.430475059893194,
            9.199856885551867,
            76.58986135136894,
            103.47716882555594,
            24.158908461359704,
            82.69054743740163,
            83.99030169208275,
            48.896552057648044,
            76.19316190868392,
            39.37951611781027,
            28.79130090461102,
            69.16859284782049,
            80.60400587126897,
            0.0,
            48.01945069678494,
            51.52132532075074,
            70.10857476966153
        ],
        [
            31.999151400931503,
            53.910203043760475,
            14.256684707872003,
            23.45665410518848,
            10.779921786161491,
            37.353156366371465,
            33.505111048295554,
            43.70831229788194,
            28.821419096358923,
            55.76035266192474,
            26.145825167812134,
            47.47462702924683,
            35.97235745449632,
            27.208501690374888,
            35.667329309384506,
            21.825323516281117,
            22.298012738038405,
            21.50595978513567,
            32.609328262563665,
            48.01945069678494,
            0.0,
            16.43674347421903,
            31.999151400931503
        ],
        [
            19.16062763280663,
            50.251277290722236,
            28.034075063342762,
            29.340035897423704,
            11.89470347064433,
            24.443384505113748,
            43.597422159471364,
            44.69067740780963,
            34.81001397501229,
            54.86358107537929,
            27.364310984312514,
            61.93146487747,
            38.98378920205326,
            12.522912765213553,
            48.92995901353515,
            36.705939295342475,
            22.742369493711227,
            23.339936393200965,
            36.529583545691544,
            51.52132532075074,
            16.43674347421903,
            0.0,
            19.16062763280663
        ],
        [
            0.0,
            36.002397808056116,
            37.971994023369945,
            48.49940725016299,
            22.00705607031536,
            5.417011253471772,
            62.58883750468181,
            62.70003981611996,
            34.33609760347447,
            42.97948963569793,
            46.087445591194225,
            68.91508669043158,
            33.97437791584964,
            23.35580540584251,
            54.91809480752481,
            53.776570721601644,
            41.54573544510326,
            23.1705326845723,
            33.20134857056682,
            70.10857476966153,
            31.999151400931503,
            19.16062763280663,
            0.0
        ]
    ],
    "scores_ave": [
        0,
        18.128403705775078,
        11.016298777481802,
        17.78895095955867,
        11.57060607230362,
        17.020377101702785,
        10.027868635727565,
        13.420824848261962,
        19.64998203767029,
        12.323699057434176,
        15.231734662131654,
        14.821366451591883,
        14.436333838829434,
        17.018851070027083,
        16.575200100172015,
        12.47105254260815,
        16.78460077788521,
        19.087472334943325,
        11.098080409507622,
        16.79201768833053,
        14.648337981536494,
        17.216042652665767,
        0
    ],
    "scores_var": [
        0,
        283.7259539408491,
        396.04368892046375,
        315.7070676143705,
        19.700007881661307,
        18.674049505810373,
        23.412407182912258,
        305.2676102775935,
        244.58646151777873,
        338.8496889693986,
        268.50932413605824,
        24.262651816130962,
        20.982322583011648,
        326.0414585867476,
        354.1421263050043,
        22.680546020584416,
        18.168973436255193,
        18.273399610920567,
        18.830126734312884,
        284.8769602134687,
        19.872671817757652,
        298.5000273574341,
        0
    ],
    "vertex_number": 23,
    "minimum_distances": {
        "cost": 361.79793508672583,
        "path": [
            0,
            5,
            1,
            9,
            12,
            18,
            17,
            4,
            20,
            2,
            8,
            14,
            11,
            15,
            6,
            19,
            7,
            3,
            10,
            16,
            13,
            21,
            22
        ]
    }
}