{
    "vertices": [
        [
            96.23195031711877,
            98.37090924998533
        ],
        [
            84.69534308602333,
            68.58776241902822
        ],
        [
            53.78229008165961,
            35.10097535079891
        ],
        [
            94.39400511107398,
            48.58533969551617
        ],
        [
            14.495171853995526,
            15.218536823288787
        ],
        [
            5.587594171564303,
            75.51915496686911
        ],
        [
            97.73032366776656,
            56.04786207989143
        ],
        [
            72.94034793590657,
            67.93379329453889
        ],
        [
            42.49889770158385,
            65.03987501563428
        ],
        [
            96.23195031711877,
            98.37090924998533
        ]
    ],
    "distances": [
        [
            0.0,
            31.939460570881813,
            76.19093246386568,
            49.819483923895774,
            116.59853341152166,
            93.48048980861213,
            42.349562506121885,
            38.326449994354846,
            63.23131175703479,
            0.0
        ],
        [
            31.939460570881813,
            0.0,
            45.573915282796705,
            22.22973143981346,
            88.18354881549593,
            79.41083138316434,
            18.087559793457658,
            11.773172325038557,
            42.34533632065219,
            31.939460570881813
        ],
        [
            76.19093246386568,
            45.573915282796705,
            0.0,
            42.79181556572989,
            44.03168200778474,
            62.89958630502644,
            48.68471751717387,
            38.01348596055678,
            31.99457230131122,
            76.19093246386568
        ],
        [
            49.819483923895774,
            22.22973143981346,
            42.79181556572989,
            0.0,
            86.5861830187502,
            92.80091071227926,
            8.174366143563248,
            28.88982628648271,
            54.441288611159194,
            49.819483923895774
        ],
        [
            116.59853341152166,
            88.18354881549593,
            44.03168200778474,
            86.5861830187502,
            0.0,
            60.95497919502914,
            92.70989320655569,
            78.70665074868363,
            57.152203812477346,
            116.59853341152166
        ],
        [
            93.48048980861213,
            79.41083138316434,
            62.89958630502644,
            92.80091071227926,
            60.95497919502914,
            0.0,
            94.1775655116481,
            67.77854491902417,
            38.37003566041587,
            93.48048980861213
        ],
        [
            42.349562506121885,
            18.087559793457658,
            48.68471751717387,
            8.174366143563248,
            92.70989320655569,
            94.1775655116481,
            0.0,
            27.492149017956702,
            55.95861605592554,
            42.349562506121885
        ],
        [
            38.326449994354846,
            11.773172325038557,
            38.01348596055678,
            28.88982628648271,
            78.70665074868363,
            67.77854491902417,
            27.492149017956702,
            0.0,
            30.578696103230516,
            38.326449994354846
        ],
        [
            63.23131175703479,
            42.34533632065219,
            31.99457230131122,
            54.441288611159194,
            57.152203812477346,
            38.37003566041587,
            55.95861605592554,
            30.578696103230516,
            0.0,
            63.23131175703479
        ],
        [
            0.0,
            31.939460570881813,
            76.19093246386568,
            49.819483923895774,
            116.59853341152166,
            93.48048980861213,
            42.349562506121885,
            38.326449994354846,
            63.23131175703479,
            0.0
        ]
    ],
    "scores_ave": [
        0,
        17.2535778628693,
        16.43482429200938,
        10.645148643710113,
        14.946070280708055,
        13.144925108967293,
        13.65547933477323,
        18.283295224050228,
        14.069176488802468,
        0
    ],
    "scores_var": [
        0,
        23.34350104564384,
        17.481672119802774,
        257.48893274114505,
        21.701389260877676,
        275.8389190286135,
        309.04875228529374,
        17.781125348459486,
        343.173500495934,
        0
    ],
    "vertex_number": 10,
    "minimum_distances": {
        "cost": 310.96377007779563,
        "path": [
            0,
            6,
            3,
            2,
            4,
            5,
            8,
            7,
            1,
            9
        ]
    }
}