{
    "vertices": [
        [
            65.50741520867115,
            72.00376122040275
        ],
        [
            93.49664257194907,
            52.56753094522685
        ],
        [
            63.65436795878458,
            3.9511880882869166
        ],
        [
            28.266213053445743,
            11.978079682785925
        ],
        [
            23.61476863755452,
            58.988674040374725
        ],
        [
            60.697765146198265,
            45.59703618050068
        ],
        [
            88.4974733200993,
            98.86830311455465
        ],
        [
            63.036711025977276,
            89.49731841919963
        ],
        [
            42.93881231870916,
            97.18073989551908
        ],
        [
            96.01669748609326,
            81.83525826005263
        ],
        [
            89.28060774756842,
            54.79217845356733
        ],
        [
            11.834457869501335,
            64.77889491165085
        ],
        [
            57.47092922156901,
            1.311397254847324
        ],
        [
            17.382962834984472,
            87.60473439393809
        ],
        [
            10.452997036021438,
            5.91361151774441
        ],
        [
            97.44230251027093,
            35.26650363556188
        ],
        [
            38.02432163805036,
            96.36145886400939
        ],
        [
            8.255252848104755,
            12.121382223123112
        ],
        [
            30.8653899887407,
            91.78774370661189
        ],
        [
            74.88337548399662,
            18.04091890814663
        ],
        [
            18.642117688732686,
            81.8591030404071
        ],
        [
            82.13970807799485,
            75.02341528363152
        ],
        [
            65.50741520867115,
            72.00376122040275
        ]
    ],
    "distances": [
        [
            0.0,
            34.07585502526576,
            68.07779736457611,
            70.63985830975143,
            43.86782797262955,
            26.841159830686088,
            35.358823271561036,
            17.66717075895173,
            33.81156742317728,
            32.05424525899912,
            29.34967231215891,
            54.157040564562614,
            71.14770150932108,
            50.59005119812201,
            86.01684049096882,
            48.677131405012226,
            36.72353287347036,
            82.84750695907809,
            39.893306134650295,
            54.77131531652221,
            47.89033173847804,
            16.904185184519548,
            0.0
        ],
        [
            34.07585502526576,
            0.0,
            57.044808237656966,
            76.82781064793203,
            70.1762593989661,
            33.531390631086275,
            46.56987434688481,
            47.87083279678853,
            67.42723939742643,
            29.376019794133125,
            4.766970335208289,
            82.57015090392633,
            62.65016570839866,
            83.79079823350294,
            95.25143180993561,
            17.7452466401189,
            70.67592597447153,
            94.35033369576837,
            73.89789502543326,
            39.224235498560155,
            80.38156561861186,
            25.164393545638553,
            34.07585502526576
        ],
        [
            68.07779736457611,
            57.044808237656966,
            0.0,
            36.28708442785251,
            68.06096071707267,
            41.750666623553904,
            98.11441590766937,
            85.54836009345912,
            95.50331709241541,
            84.34007801131466,
            56.934264437461415,
            79.90815352046695,
            6.7233481436862865,
            95.59790134538812,
            53.23755228950625,
            46.068139848282634,
            95.89868309442696,
            55.99833950437518,
            93.75701349345083,
            18.016967685417356,
            89.97636293249789,
            73.4368386971387,
            68.07779736457611
        ],
        [
            70.63985830975143,
            76.82781064793203,
            36.28708442785251,
            0.0,
            47.24015153455676,
            46.712308946787864,
            105.72471632183296,
            84.96010771845174,
            86.4568012161303,
            97.31471389072951,
            74.53726191271325,
            55.298541276039266,
            31.09169600518979,
            76.40573301865162,
            18.81723781558345,
            72.99097233728916,
            84.94572011108666,
            20.011473308025266,
            79.85197675910692,
            47.00976337473883,
            70.54063110787632,
            82.92808816790225,
            70.63985830975143
        ],
        [
            43.86782797262955,
            70.1762593989661,
            68.06096071707267,
            47.24015153455676,
            0.0,
            39.42695264194401,
            76.15871704549976,
            49.84843952933459,
            42.8024830877235,
            75.9210491991233,
            65.79979484187109,
            13.126400097897042,
            66.87980163610621,
            29.286760041351904,
            54.682670869956965,
            77.54512316349796,
            40.0544662072508,
            49.31995303697862,
            33.590928551455015,
            65.61393676913436,
            23.40478113771502,
            60.6818050427425,
            43.86782797262955
        ],
        [
            26.841159830686088,
            33.531390631086275,
            41.750666623553904,
            46.712308946787864,
            39.42695264194401,
            0.0,
            60.08869823280657,
            43.962545973430174,
            54.555099619447006,
            50.602724443620694,
            30.02548138825818,
            52.49349009542712,
            44.403043647230106,
            60.33919794338308,
            64.0258613015873,
            38.16910961447453,
            55.597766599991296,
            62.21604699761773,
            54.986835418107475,
            30.9930821278488,
            55.530306824462585,
            36.40973364104161,
            26.841159830686088
        ],
        [
            35.358823271561036,
            46.56987434688481,
            98.11441590766937,
            105.72471632183296,
            76.15871704549976,
            60.08869823280657,
            0.0,
            27.130532076580508,
            45.589905262654675,
            18.618897633156088,
            44.08308138801531,
            83.900570257912,
            102.37185316100242,
            72.00098320065887,
            121.37345248576435,
            64.22771104599128,
            50.53536691086364,
            118.1687024148969,
            58.06540579934036,
            81.96590570195191,
            71.89633924997214,
            24.677922411398765,
            35.358823271561036
        ],
        [
            17.66717075895173,
            47.87083279678853,
            85.54836009345912,
            84.96010771845174,
            49.84843952933459,
            43.962545973430174,
            27.130532076580508,
            0.0,
            21.516516865663373,
            33.85833239827121,
            43.510790100475894,
            56.85658439440757,
            88.3613864688623,
            45.69296005052916,
            98.74858498411939,
            64.22402975118676,
            25.937155721847223,
            94.80529342981488,
            32.25275097225287,
            72.43176437077945,
            45.04688947920982,
            23.967026689750245,
            17.66717075895173
        ],
        [
            33.81156742317728,
            67.42723939742643,
            95.50331709241541,
            86.4568012161303,
            42.8024830877235,
            54.555099619447006,
            45.589905262654675,
            21.516516865663373,
            0.0,
            55.25165789789888,
            62.80407745272882,
            44.91503561237129,
            96.9644949454846,
            27.291048426198305,
            96.87629698180102,
            82.48638126815523,
            4.9823127219067445,
            91.85882442744159,
            13.223159026925018,
            85.34381279117072,
            28.72423934349269,
            45.02951545694159,
            33.81156742317728
        ],
        [
            32.05424525899912,
            29.376019794133125,
            84.34007801131466,
            97.31471389072951,
            75.9210491991233,
            50.602724443620694,
            18.618897633156088,
            33.85833239827121,
            55.25165789789888,
            0.0,
            27.869393075296642,
            85.89277616620622,
            89.27411966683306,
            78.84510815542372,
            114.39074822193209,
            46.59057047258585,
            59.78399585580629,
            112.08075515912219,
            65.9070924497399,
            67.20368317429072,
            77.37458347152294,
            15.45872050875793,
            32.05424525899912
        ],
        [
            29.34967231215891,
            4.766970335208289,
            56.934264437461415,
            74.53726191271325,
            65.79979484187109,
            30.02548138825818,
            44.08308138801531,
            43.510790100475894,
            62.80407745272882,
            27.869393075296642,
            0.0,
            78.08739102153554,
            62.22579533885278,
            79.03122908898716,
            92.75185451618161,
            21.1628268078255,
            65.99402957527853,
            91.57458701803756,
            69.14484445136557,
            39.4706900753725,
            75.64664357644632,
            21.454495840384173,
            29.34967231215891
        ],
        [
            54.157040564562614,
            82.57015090392633,
            79.90815352046695,
            55.298541276039266,
            13.126400097897042,
            52.49349009542712,
            83.900570257912,
            56.85658439440757,
            44.91503561237129,
            85.89277616620622,
            78.08739102153554,
            0.0,
            78.17167502544932,
            23.490526929448258,
            58.88149134557782,
            90.55210821881022,
            41.02885947744556,
            52.77901430613924,
            33.04019204780997,
            78.48314732006834,
            18.386890491217056,
            71.04771920709915,
            54.157040564562614
        ],
        [
            71.14770150932108,
            62.65016570839866,
            6.7233481436862865,
            31.09169600518979,
            66.87980163610621,
            44.403043647230106,
            102.37185316100242,
            88.3613864688623,
            96.9644949454846,
            89.27411966683306,
            62.22579533885278,
            78.17167502544932,
            0.0,
            95.15032886760147,
            47.24263247456013,
            52.446734234939704,
            97.01899174085902,
            50.38887353287347,
            94.30707282664062,
            24.146846162390222,
            89.4181721596322,
            77.73036891809436,
            71.14770150932108
        ],
        [
            50.59005119812201,
            83.79079823350294,
            95.59790134538812,
            76.40573301865162,
            29.286760041351904,
            60.33919794338308,
            72.00098320065887,
            45.69296005052916,
            27.291048426198305,
            78.84510815542372,
            79.03122908898716,
            23.490526929448258,
            95.15032886760147,
            0.0,
            81.98453502184525,
            95.6492983150422,
            22.42199626887961,
            76.03322658251366,
            14.116423373725336,
            90.25199100157245,
            5.881985259790775,
            65.96761057536884,
            50.59005119812201
        ],
        [
            86.01684049096882,
            95.25143180993561,
            53.23755228950625,
            18.81723781558345,
            54.682670869956965,
            64.0258613015873,
            121.37345248576435,
            98.74858498411939,
            96.87629698180102,
            114.39074822193209,
            92.75185451618161,
            58.88149134557782,
            47.24263247456013,
            81.98453502184525,
            0.0,
            91.8081235107903,
            94.55681376761645,
            6.585324338715561,
            88.2668248281726,
            65.56176668982165,
            76.38572759150424,
            99.57484379387606,
            86.01684049096882
        ],
        [
            48.677131405012226,
            17.7452466401189,
            46.068139848282634,
            72.99097233728916,
            77.54512316349796,
            38.16910961447453,
            64.22771104599128,
            64.22402975118676,
            82.48638126815523,
            46.59057047258585,
            21.1628268078255,
            90.55210821881022,
            52.446734234939704,
            95.6492983150422,
            91.8081235107903,
            0.0,
            85.22376432250324,
            92.14133965076819,
            87.333475025724,
            28.38355083103824,
            91.5441939568478,
            42.600251409482816,
            48.677131405012226
        ],
        [
            36.72353287347036,
            70.67592597447153,
            95.89868309442696,
            84.94572011108666,
            40.0544662072508,
            55.597766599991296,
            50.53536691086364,
            25.937155721847223,
            4.9823127219067445,
            59.78399585580629,
            65.99402957527853,
            41.02885947744556,
            97.01899174085902,
            22.42199626887961,
            94.55681376761645,
            85.22376432250324,
            0.0,
            89.3453298672231,
            8.495244122477894,
            86.56036523372727,
            24.207192203296046,
            49.0048918434042,
            36.72353287347036
        ],
        [
            82.84750695907809,
            94.35033369576837,
            55.99833950437518,
            20.011473308025266,
            49.31995303697862,
            62.21604699761773,
            118.1687024148969,
            94.80529342981488,
            91.85882442744159,
            112.08075515912219,
            91.57458701803756,
            52.77901430613924,
            50.38887353287347,
            76.03322658251366,
            6.585324338715561,
            92.14133965076819,
            89.3453298672231,
            0.0,
            82.8127251908562,
            66.89056466011318,
            70.50699728400663,
            97.03390380564376,
            82.84750695907809
        ],
        [
            39.893306134650295,
            73.89789502543326,
            93.75701349345083,
            79.85197675910692,
            33.590928551455015,
            54.986835418107475,
            58.06540579934036,
            32.25275097225287,
            13.223159026925018,
            65.9070924497399,
            69.14484445136557,
            33.04019204780997,
            94.30707282664062,
            14.116423373725336,
            88.2668248281726,
            87.333475025724,
            8.495244122477894,
            82.8127251908562,
            0.0,
            85.88467392332635,
            15.747580487133844,
            53.9453279069797,
            39.893306134650295
        ],
        [
            54.77131531652221,
            39.224235498560155,
            18.016967685417356,
            47.00976337473883,
            65.61393676913436,
            30.9930821278488,
            81.96590570195191,
            72.43176437077945,
            85.34381279117072,
            67.20368317429072,
            39.4706900753725,
            78.48314732006834,
            24.146846162390222,
            90.25199100157245,
            65.56176668982165,
            28.38355083103824,
            86.56036523372727,
            66.89056466011318,
            85.88467392332635,
            0.0,
            85.06373906860924,
            57.44266059207973,
            54.77131531652221
        ],
        [
            47.89033173847804,
            80.38156561861186,
            89.97636293249789,
            70.54063110787632,
            23.40478113771502,
            55.530306824462585,
            71.89633924997214,
            45.04688947920982,
            28.72423934349269,
            77.37458347152294,
            75.64664357644632,
            18.386890491217056,
            89.4181721596322,
            5.881985259790775,
            76.38572759150424,
            91.5441939568478,
            24.207192203296046,
            70.50699728400663,
            15.747580487133844,
            85.06373906860924,
            0.0,
            63.86447065740584,
            47.89033173847804
        ],
        [
            16.904185184519548,
            25.164393545638553,
            73.4368386971387,
            82.92808816790225,
            60.6818050427425,
            36.40973364104161,
            24.677922411398765,
            23.967026689750245,
            45.02951545694159,
            15.45872050875793,
            21.454495840384173,
            71.04771920709915,
            77.73036891809436,
            65.96761057536884,
            99.57484379387606,
            42.600251409482816,
            49.0048918434042,
            97.03390380564376,
            53.9453279069797,
            57.44266059207973,
            63.86447065740584,
            0.0,
            16.904185184519548
        ],
        [
            0.0,
            34.07585502526576,
            68.07779736457611,
            70.63985830975143,
            43.86782797262955,
            26.841159830686088,
            35.358823271561036,
            17.66717075895173,
            33.81156742317728,
            32.05424525899912,
            29.34967231215891,
            54.157040564562614,
            71.14770150932108,
            50.59005119812201,
            86.01684049096882,
            48.677131405012226,
            36.72353287347036,
            82.84750695907809,
            39.893306134650295,
            54.77131531652221,
            47.89033173847804,
            16.904185184519548,
            0.0
        ]
    ],
    "scores_ave": [
        0,
        11.186180476229422,
        15.630426991322494,
        15.209141664779029,
        16.49326773231887,
        19.338977342099277,
        18.86164647346917,
        13.508536818463384,
        19.32793382810775,
        16.74428193979582,
        16.25300748642879,
        13.53293765975744,
        14.799579311447228,
        14.935700657832358,
        12.877440286886653,
        10.189616639551955,
        10.349553474989614,
        16.85320688491385,
        11.785624268619785,
        15.615325897100668,
        11.129367335323204,
        12.975720512888113,
        0
    ],
    "scores_var": [
        0,
        261.57986377081295,
        330.2724940552064,
        388.72611198121444,
        24.052203956676987,
        305.39754736076253,
        316.72509305024073,
        18.234850039227453,
        328.5946379964928,
        387.9588677548934,
        23.114246030815096,
        16.038156978602007,
        23.886444061390435,
        326.5992189492584,
        16.213124470418087,
        267.30835267899863,
        243.4145809743066,
        297.68759541613196,
        338.45240522640506,
        374.6217454713933,
        336.09506117894523,
        389.2087450775584,
        0
    ],
    "vertex_number": 23,
    "minimum_distances": {
        "cost": 402.935044386573,
        "path": [
            0,
            21,
            9,
            6,
            7,
            8,
            16,
            18,
            13,
            20,
            11,
            4,
            17,
            14,
            3,
            12,
            2,
            19,
            15,
            1,
            10,
            5,
            22
        ]
    }
}