{
    "vertices": [
        [
            37.07016389024375,
            91.53810825561104
        ],
        [
            19.704250216581887,
            98.19686589402674
        ],
        [
            37.59064250549926,
            30.280137742607273
        ],
        [
            42.67867009251608,
            63.64066917516453
        ],
        [
            3.8328348122234734,
            51.22995202238653
        ],
        [
            89.66831742577314,
            24.12878211110946
        ],
        [
            55.37534468403552,
            60.18733679327594
        ],
        [
            15.574940976857754,
            77.35488585020006
        ],
        [
            17.683803653969143,
            85.36408923992425
        ],
        [
            51.82301813487342,
            20.79933050139664
        ],
        [
            87.54080459777666,
            44.00202620167259
        ],
        [
            76.6985208443115,
            69.15925704990035
        ],
        [
            62.0803773652138,
            40.76065804458745
        ],
        [
            75.2603309442087,
            87.56774904080812
        ],
        [
            63.38497871877576,
            44.85047812599997
        ],
        [
            25.341946035304076,
            19.817121198640763
        ],
        [
            57.69469554099758,
            98.78181085622853
        ],
        [
            40.394805065544844,
            51.20485829533881
        ],
        [
            28.632220003317123,
            89.49500893686073
        ],
        [
            37.07016389024375,
            91.53810825561104
        ]
    ],
    "distances": [
        [
            0.0,
            18.598763695693204,
            61.260181597518766,
            28.45562245089977,
            52.24430594009885,
            85.5019473848573,
            36.30358818597644,
            25.752832968384393,
            20.345748303187847,
            72.2607873367252,
            69.33227726295775,
            45.5106543148563,
            56.60265212864635,
            38.39599734222723,
            53.592949970861795,
            72.67359271756848,
            21.85960963007206,
            40.4700418989443,
            8.68177124008692,
            0.0
        ],
        [
            18.598763695693204,
            0.0,
            70.23250666113846,
            41.49644201986989,
            49.57613161153032,
            101.88744640889517,
            52.12630125921868,
            21.247101612797465,
            12.990856821874818,
            83.79733729327265,
            86.82671685370097,
            63.9650655574695,
            71.37684585522821,
            56.56373600544756,
            68.94811912140206,
            78.58223713192648,
            37.99494830311291,
            51.345377962510796,
            12.467195314738428,
            18.598763695693204
        ],
        [
            61.260181597518766,
            70.23250666113846,
            0.0,
            33.746304719019015,
            39.730143450702926,
            52.43971206258557,
            34.795634591648835,
            51.968481055265975,
            58.57067479225042,
            17.101059090027015,
            51.800665207387205,
            55.145372120188554,
            26.63810089513395,
            68.56293339205368,
            29.62503332608204,
            16.109167589242123,
            71.39084092388568,
            21.111780073529257,
            59.88868260597849,
            61.260181597518766
        ],
        [
            28.45562245089977,
            41.49644201986989,
            33.746304719019015,
            0.0,
            40.78020130982538,
            61.393942501410635,
            13.157927276844772,
            30.375843543592453,
            33.11571118956688,
            43.80638538478432,
            48.97231269001267,
            34.46454783260063,
            29.998685878397787,
            40.42362891616247,
            27.961088973607954,
            47.128180086723,
            38.214929790829885,
            12.643790242653276,
            29.423623920611515,
            28.45562245089977
        ],
        [
            52.24430594009885,
            49.57613161153032,
            39.730143450702926,
            40.78020130982538,
            0.0,
            90.01224075680429,
            52.31505582353519,
            28.64243747814034,
            36.837327012701444,
            56.824998209373334,
            84.0194448761049,
            75.03911100017419,
            59.18092876810906,
            80.13939540473696,
            59.892867113383296,
            38.07108884663169,
            71.84900360978915,
            36.561978864660674,
            45.59850969630679,
            52.24430594009885
        ],
        [
            85.5019473848573,
            101.88744640889517,
            52.43971206258557,
            61.393942501410635,
            90.01224075680429,
            0.0,
            49.76170561016121,
            91.22963637352242,
            94.50678844465786,
            37.9914717593198,
            19.986799181369488,
            46.86106375849324,
            32.21356443878292,
            65.05453558023717,
            33.46942753200712,
            64.47071021858427,
            81.2119892457399,
            56.222708240067576,
            89.43236996747379,
            85.5019473848573
        ],
        [
            36.30358818597644,
            52.12630125921868,
            34.795634591648835,
            13.157927276844772,
            52.31505582353519,
            49.76170561016121,
            0.0,
            43.345090562556514,
            45.326825710400115,
            39.547870531306806,
            36.00806979566047,
            23.133810638400874,
            20.551236227059768,
            33.83932111334515,
            17.30241229281245,
            50.31659111616117,
            38.66410242839747,
            17.467154525768404,
            39.675362180631765,
            36.30358818597644
        ],
        [
            25.752832968384393,
            21.247101612797465,
            51.968481055265975,
            30.375843543592453,
            28.64243747814034,
            91.22963637352242,
            43.345090562556514,
            0.0,
            8.282188160678487,
            67.1748013652815,
            79.31896856010592,
            61.67057926795645,
            59.17679547221615,
            60.55285583772936,
            57.812941720558236,
            58.36084945329311,
            47.25660630808507,
            36.05342694531134,
            17.829052810906333,
            25.752832968384393
        ],
        [
            20.345748303187847,
            12.990856821874818,
            58.57067479225042,
            33.11571118956688,
            36.837327012701444,
            94.50678844465786,
            45.326825710400115,
            8.282188160678487,
            0.0,
            73.03488232575899,
            81.18387056332945,
            61.199129335007086,
            62.93267697861838,
            57.61868283223535,
            61.073317314473684,
            65.99281903463314,
            42.20079054908945,
            41.020027350577394,
            11.701808326118142,
            20.345748303187847
        ],
        [
            72.2607873367252,
            83.79733729327265,
            17.101059090027015,
            43.80638538478432,
            56.824998209373334,
            37.9914717593198,
            39.547870531306806,
            67.1748013652815,
            73.03488232575899,
            0.0,
            42.59255049382647,
            54.38265468716965,
            22.442549223891593,
            70.76248544233489,
            26.68588830457352,
            26.49928139887967,
            78.20322140329854,
            32.48230555835226,
            72.50454712421339,
            72.2607873367252
        ],
        [
            69.33227726295775,
            86.82671685370097,
            51.800665207387205,
            48.97231269001267,
            84.0194448761049,
            19.986799181369488,
            36.00806979566047,
            79.31896856010592,
            81.18387056332945,
            42.59255049382647,
            0.0,
            27.394185166594692,
            25.66592726543099,
            45.26347577962117,
            24.170721846161403,
            66.73535522105313,
            62.38281039379897,
            47.69303997506083,
            74.43005318462913,
            69.33227726295775
        ],
        [
            45.5106543148563,
            63.9650655574695,
            55.145372120188554,
            34.46454783260063,
            75.03911100017419,
            46.86106375849324,
            23.133810638400874,
            61.67057926795645,
            61.199129335007086,
            54.38265468716965,
            27.394185166594692,
            0.0,
            31.940108707392422,
            18.464586850727894,
            27.715828270132537,
            71.21898726096386,
            35.1943329268745,
            40.500866830023185,
            52.19111113345825,
            45.5106543148563
        ],
        [
            56.60265212864635,
            71.37684585522821,
            26.63810089513395,
            29.998685878397787,
            59.18092876810906,
            32.21356443878292,
            20.551236227059768,
            59.17679547221615,
            62.93267697861838,
            22.442549223891593,
            25.66592726543099,
            31.940108707392422,
            0.0,
            48.62730656609455,
            4.292856041150322,
            42.288817342177104,
            58.186668392811995,
            24.069594197700223,
            59.10851197414311,
            56.60265212864635
        ],
        [
            38.39599734222723,
            56.56373600544756,
            68.56293339205368,
            40.42362891616247,
            80.13939540473696,
            65.05453558023717,
            33.83932111334515,
            60.55285583772936,
            57.61868283223535,
            70.76248544233489,
            45.26347577962117,
            18.464586850727894,
            48.62730656609455,
            0.0,
            44.337221664051185,
            84.15457637539043,
            20.84002709975719,
            50.377224200651604,
            46.66792325166212,
            38.39599734222723
        ],
        [
            53.592949970861795,
            68.94811912140206,
            29.62503332608204,
            27.961088973607954,
            59.892867113383296,
            33.46942753200712,
            17.30241229281245,
            57.812941720558236,
            61.073317314473684,
            26.68588830457352,
            24.170721846161403,
            27.715828270132537,
            4.292856041150322,
            44.337221664051185,
            0.0,
            45.540545613862136,
            54.23069216506394,
            23.852174574704918,
            56.576394102635966,
            53.592949970861795
        ],
        [
            72.67359271756848,
            78.58223713192648,
            16.109167589242123,
            47.128180086723,
            38.07108884663169,
            64.47071021858427,
            50.31659111616117,
            58.36084945329311,
            65.99281903463314,
            26.49928139887967,
            66.73535522105313,
            71.21898726096386,
            42.288817342177104,
            84.15457637539043,
            45.540545613862136,
            0.0,
            85.33535383003517,
            34.81061052374313,
            69.75552983416131,
            72.67359271756848
        ],
        [
            21.85960963007206,
            37.99494830311291,
            71.39084092388568,
            38.214929790829885,
            71.84900360978915,
            81.2119892457399,
            38.66410242839747,
            47.25660630808507,
            42.20079054908945,
            78.20322140329854,
            62.38281039379897,
            35.1943329268745,
            58.186668392811995,
            20.84002709975719,
            54.23069216506394,
            85.33535383003517,
            0.0,
            50.62462469435019,
            30.51019787329883,
            21.85960963007206
        ],
        [
            40.4700418989443,
            51.345377962510796,
            21.111780073529257,
            12.643790242653276,
            36.561978864660674,
            56.222708240067576,
            17.467154525768404,
            36.05342694531134,
            41.020027350577394,
            32.48230555835226,
            47.69303997506083,
            40.500866830023185,
            24.069594197700223,
            50.377224200651604,
            23.852174574704918,
            34.81061052374313,
            50.62462469435019,
            0.0,
            40.056136152861576,
            40.4700418989443
        ],
        [
            8.68177124008692,
            12.467195314738428,
            59.88868260597849,
            29.423623920611515,
            45.59850969630679,
            89.43236996747379,
            39.675362180631765,
            17.829052810906333,
            11.701808326118142,
            72.50454712421339,
            74.43005318462913,
            52.19111113345825,
            59.10851197414311,
            46.66792325166212,
            56.576394102635966,
            69.75552983416131,
            30.51019787329883,
            40.056136152861576,
            0.0,
            8.68177124008692
        ],
        [
            0.0,
            18.598763695693204,
            61.260181597518766,
            28.45562245089977,
            52.24430594009885,
            85.5019473848573,
            36.30358818597644,
            25.752832968384393,
            20.345748303187847,
            72.2607873367252,
            69.33227726295775,
            45.5106543148563,
            56.60265212864635,
            38.39599734222723,
            53.592949970861795,
            72.67359271756848,
            21.85960963007206,
            40.4700418989443,
            8.68177124008692,
            0.0
        ]
    ],
    "scores_ave": [
        0,
        16.119116494151484,
        13.921251514623727,
        10.294729406684322,
        15.226576736287235,
        19.52053376025752,
        19.121159681482574,
        17.515444364346806,
        14.217569421827307,
        11.59836946070869,
        11.84366972894767,
        17.89684797462904,
        15.242787231832683,
        12.85714731328219,
        13.83352251051924,
        13.85829561022181,
        18.864902340735448,
        12.597342311646633,
        19.40100891248742,
        0
    ],
    "scores_var": [
        0,
        18.48721058006975,
        20.867301070484707,
        299.95357645759606,
        296.4533785926835,
        297.80779872159576,
        281.41357169038866,
        21.83653972557029,
        23.16890539010046,
        352.2506844521984,
        387.8242833628434,
        24.44721450625071,
        271.7547530022616,
        364.568818498519,
        17.022872566864834,
        362.90433517533506,
        19.902128084667645,
        18.76984735105716,
        343.76001111739004,
        0
    ],
    "vertex_number": 20,
    "minimum_distances": {
        "cost": 362.9569593055771,
        "path": [
            0,
            18,
            1,
            8,
            7,
            4,
            15,
            2,
            9,
            5,
            10,
            14,
            12,
            17,
            3,
            6,
            11,
            13,
            16,
            19
        ]
    }
}