{
    "vertices": [
        [
            95.12648672824363,
            68.91171779427597
        ],
        [
            56.43074416105806,
            77.79701434810096
        ],
        [
            18.874211909700755,
            81.14106624685542
        ],
        [
            69.2373138845165,
            30.021224110141198
        ],
        [
            66.60332819448941,
            94.44765710936532
        ],
        [
            33.52568926004674,
            7.6733946184234565
        ],
        [
            85.9847556650931,
            78.36200598578178
        ],
        [
            75.0886760687094,
            51.69484684106638
        ],
        [
            54.89932866805303,
            87.95834145701555
        ],
        [
            37.79680413757097,
            87.02780809875227
        ],
        [
            51.49488504528904,
            9.271167784149192
        ],
        [
            7.238067745495302,
            22.16224060918216
        ],
        [
            12.182306712484825,
            13.277336032675159
        ],
        [
            15.976452457092115,
            24.83725738951794
        ],
        [
            48.054242448324224,
            86.63737560544318
        ],
        [
            10.451945002484187,
            97.38285331628622
        ],
        [
            14.164138239883616,
            47.90380255265806
        ],
        [
            36.959883903506665,
            94.16163647668274
        ],
        [
            93.98356266546558,
            4.100931559642007
        ],
        [
            19.50620723717007,
            15.755811236771034
        ],
        [
            95.12648672824363,
            68.91171779427597
        ]
    ],
    "distances": [
        [
            0.0,
            39.70275793537915,
            77.22672062555289,
            46.71958657274383,
            38.28387087855149,
            86.86075335908599,
            13.148353270789668,
            26.418450019764897,
            44.508405032640624,
            60.123915656477465,
            73.89662963173923,
            99.54841941671764,
            99.87452844685748,
            90.5940725715267,
            50.299056913494894,
            89.33299264202476,
            83.64349571574381,
            63.410662176315846,
            64.8208630593939,
            92.43363604369503,
            0.0
        ],
        [
            39.70275793537915,
            0.0,
            37.70511633517134,
            49.462454052981776,
            19.51218517441006,
            73.76966574419839,
            29.559411555903562,
            32.084911900079234,
            10.276079117376355,
            20.79498194435324,
            68.70337948395975,
            74.26403882032645,
            78.2349864610861,
            66.64297093003695,
            12.178578246402584,
            49.97654510019833,
            51.76939334725746,
            25.434528825601685,
            82.71231344841208,
            72.19786915515485,
            39.70275793537915
        ],
        [
            77.22672062555289,
            37.70511633517134,
            0.0,
            71.7612729862582,
            49.549307782340506,
            74.91438155021243,
            67.16805981327069,
            63.45979686367058,
            36.664482523881034,
            19.817119524621344,
            78.92648871487059,
            60.115736081405814,
            68.19286966942782,
            56.378328298103845,
            29.693157440735362,
            18.295634098470728,
            33.56933856739978,
            22.28512464801131,
            107.59459523403811,
            65.3883092825293,
            77.22672062555289
        ],
        [
            46.71958657274383,
            49.462454052981776,
            71.7612729862582,
            0.0,
            64.48025395125846,
            42.12772977873272,
            51.15963250984181,
            22.44959602516445,
            59.68490082535963,
            65.10189145638047,
            27.301256722848695,
            62.49536097563787,
            59.461177513998955,
            53.512548724124805,
            60.44924421041019,
            89.40530568094256,
            57.90372429591514,
            71.8040735942536,
            35.8362720526576,
            51.736688846673,
            46.71958657274383
        ],
        [
            38.28387087855149,
            19.51218517441006,
            49.549307782340506,
            64.48025395125846,
            0.0,
            92.86497094343075,
            25.187058241642994,
            43.586740121092994,
            13.382631376177658,
            29.746764321218464,
            86.50606561485313,
            93.53831079713731,
            97.72547571047058,
            86.07373755151332,
            20.126328010571047,
            56.22804648170279,
            70.11561195690408,
            29.644824122178857,
            94.40449172175369,
            91.70902577884307,
            38.28387087855149
        ],
        [
            86.86075335908599,
            73.76966574419839,
            74.91438155021243,
            42.12772977873272,
            92.86497094343075,
            0.0,
            88.02745835893755,
            60.542300321737855,
            83.08131649425783,
            79.46927306263723,
            18.04009080513407,
            30.016090735407772,
            22.066810778767646,
            24.547380666603523,
            80.2894087103836,
            92.62928615684645,
            44.647008639564035,
            86.55639590799701,
            60.5633300687141,
            16.1824390801357,
            86.86075335908599
        ],
        [
            13.148353270789668,
            29.559411555903562,
            67.16805981327069,
            51.15963250984181,
            25.187058241642994,
            88.02745835893755,
            0.0,
            28.807324197507608,
            32.53295907329623,
            48.960951774653914,
            77.22107936810386,
            96.7442736635682,
            98.40129945436274,
            88.12525875341672,
            38.822745591077066,
            77.89093734038565,
            78.01219932620702,
            51.5079253599774,
            74.69061579846479,
            91.31775852502496,
            13.148353270789668
        ],
        [
            26.418450019764897,
            32.084911900079234,
            63.45979686367058,
            22.44959602516445,
            43.586740121092994,
            60.542300321737855,
            28.807324197507608,
            0.0,
            41.50482851699745,
            51.3721895909213,
            48.54313050866359,
            73.99918837850682,
            73.70967672086623,
            64.92753723542708,
            44.179643701871484,
            79.15365398140035,
            61.04237320462482,
            57.07217372707053,
            51.207397037143735,
            66.18931274439892,
            26.418450019764897
        ],
        [
            44.508405032640624,
            10.276079117376355,
            36.664482523881034,
            59.68490082535963,
            13.382631376177658,
            83.08131649425783,
            32.53295907329623,
            41.50482851699745,
            0.0,
            17.12782057491791,
            78.76078679777399,
            81.24483170950869,
            86.03485651724453,
            74.15700605060783,
            6.97138122157593,
            45.43557349148143,
            57.12899286754418,
            18.981689797308295,
            92.51833624671718,
            80.4106859492353,
            44.508405032640624
        ],
        [
            60.123915656477465,
            20.79498194435324,
            19.817119524621344,
            65.10189145638047,
            29.746764321218464,
            79.46927306263723,
            48.960951774653914,
            51.3721895909213,
            17.12782057491791,
            0.0,
            78.95398997877783,
            71.70340449117005,
            78.07198350438502,
            65.9074528788484,
            10.26486620617824,
            29.239840672871523,
            45.70766574003233,
            7.182753149312062,
            100.16895071031131,
            73.58154300955654,
            60.123915656477465
        ],
        [
            73.89662963173923,
            68.70337948395975,
            78.92648871487059,
            27.301256722848695,
            86.50606561485313,
            18.04009080513407,
            77.22107936810386,
            48.54313050866359,
            78.76078679777399,
            78.95398997877783,
            0.0,
            46.09604794434796,
            39.51617642445135,
            38.7796621842514,
            77.44267643959434,
            97.20181096395004,
            53.72211021736104,
            86.12582616747217,
            42.80209187094128,
            32.63933376494187,
            73.89662963173923
        ],
        [
            99.54841941671764,
            74.26403882032645,
            60.115736081405814,
            62.49536097563787,
            93.53831079713731,
            30.016090735407772,
            96.7442736635682,
            73.99918837850682,
            81.24483170950869,
            71.70340449117005,
            46.09604794434796,
            0.0,
            10.167941202442737,
            9.138658662131272,
            76.30860469277324,
            75.28923949048188,
            26.657052796268438,
            77.89287105387555,
            88.60582245819735,
            13.840143925945352,
            99.54841941671764
        ],
        [
            99.87452844685748,
            78.2349864610861,
            68.19286966942782,
            59.461177513998955,
            97.72547571047058,
            22.066810778767646,
            98.40129945436274,
            73.70967672086623,
            86.03485651724453,
            78.07198350438502,
            39.51617642445135,
            10.167941202442737,
            0.0,
            12.166648006238672,
            81.66083014245129,
            84.12331537208476,
            34.68313480443324,
            84.59431653352091,
            82.31434792633524,
            7.731905213645787,
            99.87452844685748
        ],
        [
            90.5940725715267,
            66.64297093003695,
            56.378328298103845,
            53.512548724124805,
            86.07373755151332,
            24.547380666603523,
            88.12525875341672,
            64.92753723542708,
            74.15700605060783,
            65.9074528788484,
            38.7796621842514,
            9.138658662131272,
            12.166648006238672,
            0.0,
            69.62929859063586,
            72.75564356794568,
            23.13763143852626,
            72.43047653500088,
            80.71619696184963,
            9.743296825650173,
            90.5940725715267
        ],
        [
            50.299056913494894,
            12.178578246402584,
            29.693157440735362,
            60.44924421041019,
            20.126328010571047,
            80.2894087103836,
            38.822745591077066,
            44.179643701871484,
            6.97138122157593,
            10.26486620617824,
            77.44267643959434,
            76.30860469277324,
            81.66083014245129,
            69.62929859063586,
            0.0,
            39.10751928260923,
            51.46677418193611,
            13.405196499098144,
            94.45510600986258,
            76.41456982648997,
            50.299056913494894
        ],
        [
            89.33299264202476,
            49.97654510019833,
            18.295634098470728,
            89.40530568094256,
            56.22804648170279,
            92.62928615684645,
            77.89093734038565,
            79.15365398140035,
            45.43557349148143,
            29.239840672871523,
            97.20181096395004,
            75.28923949048188,
            84.12331537208476,
            72.75564356794568,
            39.10751928260923,
            0.0,
            49.61811003153472,
            26.70294108723018,
            125.2160056702305,
            82.12766685633655,
            89.33299264202476
        ],
        [
            83.64349571574381,
            51.76939334725746,
            33.56933856739978,
            57.90372429591514,
            70.11561195690408,
            44.647008639564035,
            78.01219932620702,
            61.04237320462482,
            57.12899286754418,
            45.70766574003233,
            53.72211021736104,
            26.657052796268438,
            34.68313480443324,
            23.13763143852626,
            51.46677418193611,
            49.61811003153472,
            0.0,
            51.56969284088512,
            91.04851466587469,
            32.58881781866469,
            83.64349571574381
        ],
        [
            63.410662176315846,
            25.434528825601685,
            22.28512464801131,
            71.8040735942536,
            29.644824122178857,
            86.55639590799701,
            51.5079253599774,
            57.07217372707053,
            18.981689797308295,
            7.182753149312062,
            86.12582616747217,
            77.89287105387555,
            84.59431653352091,
            72.43047653500088,
            13.405196499098144,
            26.70294108723018,
            51.56969284088512,
            0.0,
            106.59564020025101,
            80.32499150777794,
            63.410662176315846
        ],
        [
            64.8208630593939,
            82.71231344841208,
            107.59459523403811,
            35.8362720526576,
            94.40449172175369,
            60.5633300687141,
            74.69061579846479,
            51.207397037143735,
            92.51833624671718,
            100.16895071031131,
            42.80209187094128,
            88.60582245819735,
            82.31434792633524,
            80.71619696184963,
            94.45510600986258,
            125.2160056702305,
            91.04851466587469,
            106.59564020025101,
            0.0,
            75.38376941942487,
            64.8208630593939
        ],
        [
            92.43363604369503,
            72.19786915515485,
            65.3883092825293,
            51.736688846673,
            91.70902577884307,
            16.1824390801357,
            91.31775852502496,
            66.18931274439892,
            80.4106859492353,
            73.58154300955654,
            32.63933376494187,
            13.840143925945352,
            7.731905213645787,
            9.743296825650173,
            76.41456982648997,
            82.12766685633655,
            32.58881781866469,
            80.32499150777794,
            75.38376941942487,
            0.0,
            92.43363604369503
        ],
        [
            0.0,
            39.70275793537915,
            77.22672062555289,
            46.71958657274383,
            38.28387087855149,
            86.86075335908599,
            13.148353270789668,
            26.418450019764897,
            44.508405032640624,
            60.123915656477465,
            73.89662963173923,
            99.54841941671764,
            99.87452844685748,
            90.5940725715267,
            50.299056913494894,
            89.33299264202476,
            83.64349571574381,
            63.410662176315846,
            64.8208630593939,
            92.43363604369503,
            0.0
        ]
    ],
    "scores_ave": [
        0,
        18.212977798245056,
        11.233239038029337,
        12.61870993181747,
        10.255011573831412,
        18.372099921292783,
        13.673860287210333,
        14.182812177858768,
        18.025453955352543,
        14.39067061746057,
        13.510681464282385,
        19.145827721677193,
        19.26405694623211,
        13.305514288488219,
        16.656314132451413,
        14.404637058580699,
        16.643027192584388,
        18.477091021019273,
        14.399802051676712,
        15.358421792851091,
        0
    ],
    "scores_var": [
        0,
        24.154354536366426,
        260.8260454161431,
        21.02001870118285,
        24.9798827657303,
        20.49704567150407,
        333.5856494492726,
        252.80845944633106,
        385.06061902972726,
        24.700237987783837,
        258.99932769415886,
        17.7903834363643,
        233.98947334772444,
        24.63335399860437,
        24.29793445539829,
        394.54984441428076,
        16.928025534324412,
        244.8762445976997,
        295.94762607562757,
        360.8170193910029,
        0
    ],
    "vertex_number": 21,
    "minimum_distances": {
        "cost": 382.0933097315242,
        "path": [
            0,
            7,
            3,
            18,
            10,
            5,
            19,
            12,
            11,
            13,
            16,
            2,
            15,
            17,
            9,
            14,
            1,
            8,
            4,
            6,
            20
        ]
    }
}