{
    "vertices": [
        [
            92.26603272333784,
            93.0814975043749
        ],
        [
            70.04785076465605,
            72.41886011984133
        ],
        [
            99.54468449344108,
            39.145102882999275
        ],
        [
            82.87189134376735,
            19.690555936881214
        ],
        [
            16.01628578033032,
            14.405249430108668
        ],
        [
            22.684562072361082,
            25.155587331707995
        ],
        [
            55.90476044083928,
            41.02694492742934
        ],
        [
            69.31820734682918,
            17.096694080703458
        ],
        [
            57.91347056721219,
            2.558267439234785
        ],
        [
            6.089030711200838,
            40.36702805914902
        ],
        [
            40.70548398277791,
            1.1032137121805285
        ],
        [
            20.712886419983356,
            11.550933992726431
        ],
        [
            56.608419745158656,
            52.43635614625081
        ],
        [
            45.808341142901114,
            91.35268052897457
        ],
        [
            91.03722178549269,
            19.222136535387047
        ],
        [
            91.79588672617112,
            28.966540518005836
        ],
        [
            37.69461056801035,
            83.71675691203572
        ],
        [
            66.28191478510183,
            53.72353198285415
        ],
        [
            32.7395359480397,
            82.40390262424539
        ],
        [
            27.168667510014146,
            13.556168727237827
        ],
        [
            87.56415291013504,
            91.11617579780382
        ],
        [
            9.7138718414301,
            67.4312112394868
        ],
        [
            92.26603272333784,
            93.0814975043749
        ]
    ],
    "distances": [
        [
            0.0,
            30.341262222159074,
            54.425301435482965,
            73.98973034430271,
            109.56265750663484,
            97.2394484288036,
            63.496602790920925,
            79.37438529427945,
            96.82227898638187,
            101.02124016607358,
            105.44427379324635,
            108.47619799954363,
            54.06933400110919,
            46.48984744132222,
            73.86958223158037,
            64.11668072056294,
            55.36911126627168,
            47.16167761033713,
            60.476564475536705,
            102.77132321240488,
            5.0960929336231215,
            86.44533794105432,
            0.0
        ],
        [
            30.341262222159074,
            0.0,
            44.4657859559447,
            54.26536721321862,
            79.27792277750015,
            66.91112067806951,
            34.43079062924966,
            55.32697745927494,
            70.90659766525069,
            71.54055214406084,
            77.11611965668895,
            78.35076986160405,
            24.08150267700065,
            30.757818225427833,
            57.187805483085036,
            48.59095746086312,
            34.269149729004475,
            19.07085650807864,
            38.62138563374585,
            72.82472653272404,
            25.620508472961536,
            60.5397857120586,
            30.341262222159074
        ],
        [
            54.425301435482965,
            44.4657859559447,
            0.0,
            25.621503240257372,
            87.11517514444259,
            78.12288374057391,
            43.68047963103242,
            37.413530325375696,
            55.4234111252685,
            93.46364172769036,
            70.06594642491373,
            83.52179682118503,
            44.94641525018981,
            74.92146394957629,
            21.663367924106858,
            12.792458663451244,
            76.23689387340862,
            36.31724719316576,
            79.58801183109414,
            76.76640792438577,
            53.334093757506785,
            94.17897232225275,
            54.425301435482965
        ],
        [
            73.98973034430271,
            54.26536721321862,
            25.621503240257372,
            0.0,
            67.06419655915072,
            60.434933382697785,
            34.3870272674397,
            13.799654677483474,
            30.27272826862766,
            79.51807458900807,
            46.0813975559666,
            62.689674895542154,
            41.9768671027612,
            80.67940787180359,
            8.178755281719999,
            12.871735839987767,
            78.36032867211864,
            37.86120416419475,
            80.2883360784932,
            56.03998440320132,
            71.57958152381329,
            87.35711754760776,
            73.98973034430271
        ],
        [
            109.56265750663484,
            79.27792277750015,
            87.11517514444259,
            67.06419655915072,
            0.0,
            12.65052068910298,
            47.95628302833873,
            53.36982965110917,
            43.53992507295132,
            27.79504169435357,
            28.044619129536727,
            5.495923415083933,
            55.624512742793186,
            82.51347596266443,
            75.17541646359975,
            77.16591940524877,
            72.62255045794916,
            63.816618542060475,
            70.02488080952564,
            11.184657182255217,
            104.89834848563697,
            53.39918582962546,
            109.56265750663484
        ],
        [
            97.2394484288036,
            66.91112067806951,
            78.12288374057391,
            60.434933382697785,
            12.65052068910298,
            0.0,
            36.81686531431354,
            47.32486272580204,
            41.8534928059936,
            22.51220980187651,
            30.054455630316816,
            13.746784982389203,
            43.53238411248296,
            70.11964279908122,
            68.60970724475892,
            69.21631714843319,
            60.45421522489267,
            52.12347479926941,
            58.12462562007906,
            12.435984622767851,
            92.52113562895029,
            44.22066464741035,
            97.2394484288036
        ],
        [
            63.496602790920925,
            34.43079062924966,
            43.68047963103242,
            34.3870272674397,
            47.95628302833873,
            36.81686531431354,
            0.0,
            27.433145344401087,
            38.521085966811995,
            49.820100549571606,
            42.71910952953036,
            45.90537242766384,
            11.43108922092398,
            51.32852371222472,
            41.34899647086062,
            37.86325792306415,
            46.4115244920045,
            16.397824707583254,
            47.4202515181637,
            39.75432783949475,
            59.255786052592164,
            53.205107546936524,
            63.496602790920925
        ],
        [
            79.37438529427945,
            55.32697745927494,
            37.413530325375696,
            13.799654677483474,
            53.36982965110917,
            47.32486272580204,
            27.433145344401087,
            0.0,
            18.47792927310078,
            67.37534579865167,
            32.77925186159766,
            48.92067740081975,
            37.55569751431418,
            77.88880107135057,
            21.822765494204564,
            25.41927073551941,
            73.74472621740473,
            36.75247375661703,
            74.85339463945704,
            42.297979008857986,
            76.23515070600487,
            78.01436040017269,
            79.37438529427945
        ],
        [
            96.82227898638187,
            70.90659766525069,
            55.4234111252685,
            30.27272826862766,
            43.53992507295132,
            41.8534928059936,
            38.521085966811995,
            18.47792927310078,
            0.0,
            64.15040877502898,
            17.269394420149318,
            38.27207222815797,
            49.89515899075884,
            89.61574612940895,
            37.07920479223142,
            42.95829386476871,
            83.63912190580473,
            51.845107333734816,
            83.72008386467475,
            32.65266831005627,
            93.38986077859646,
            80.81893438196937,
            96.82227898638187
        ],
        [
            101.02124016607358,
            71.54055214406084,
            93.46364172769036,
            79.51807458900807,
            27.79504169435357,
            22.51220980187651,
            49.820100549571606,
            67.37534579865167,
            64.15040877502898,
            0.0,
            52.34449306447134,
            32.31446167022137,
            51.941094990753534,
            64.63095526869151,
            87.54028560809051,
            86.46176197687976,
            53.64803509639436,
            61.65695005591855,
            49.77296708636548,
            34.105326060388485,
            95.98787180436429,
            27.30585073639494,
            101.02124016607358
        ],
        [
            105.44427379324635,
            77.11611965668895,
            70.06594642491373,
            46.0813975559666,
            28.044619129536727,
            30.054455630316816,
            42.71910952953036,
            32.77925186159766,
            17.269394420149318,
            52.34449306447134,
            0.0,
            22.557899201131054,
            53.74006771505741,
            90.39361377836507,
            53.493730422494764,
            58.19445191055882,
            82.66839104974822,
            58.506851799537564,
            81.69001374506247,
            18.393517576155173,
            101.47939789470334,
            73.21122372356635,
            105.44427379324635
        ],
        [
            108.47619799954363,
            78.35076986160405,
            83.52179682118503,
            62.689674895542154,
            5.495923415083933,
            13.746784982389203,
            45.90537242766384,
            48.92067740081975,
            38.27207222815797,
            32.31446167022137,
            22.557899201131054,
            0.0,
            54.406865902849724,
            83.65465078515126,
            70.74149767322679,
            73.18535566062957,
            74.13693379592111,
            62.08916465356815,
            71.86642792549041,
            6.760035193909135,
            103.92169905673076,
            56.95246883914719,
            108.47619799954363
        ],
        [
            54.06933400110919,
            24.08150267700065,
            44.94641525018981,
            41.9768671027612,
            55.624512742793186,
            43.53238411248296,
            11.43108922092398,
            37.55569751431418,
            49.89515899075884,
            51.941094990753534,
            53.74006771505741,
            54.406865902849724,
            0.0,
            40.38715143800466,
            47.838549249441044,
            42.29645467605594,
            36.55401003525737,
            9.758756474169274,
            38.31158383088766,
            48.76851428333932,
            49.54175879051818,
            49.23356885664737,
            54.06933400110919
        ],
        [
            46.48984744132222,
            30.757818225427833,
            74.92146394957629,
            80.67940787180359,
            82.51347596266443,
            70.11964279908122,
            51.32852371222472,
            77.88880107135057,
            89.61574612940895,
            64.63095526869151,
            90.39361377836507,
            83.65465078515126,
            40.38715143800466,
            0.0,
            85.13792939103382,
            77.50409546753986,
            11.141811043346669,
            42.838301063284625,
            15.83901181290695,
            79.99834174317806,
            41.756481542732224,
            43.30181759606334,
            46.48984744132222
        ],
        [
            73.86958223158037,
            57.187805483085036,
            21.663367924106858,
            8.178755281719999,
            75.17541646359975,
            68.60970724475892,
            41.34899647086062,
            21.822765494204564,
            37.07920479223142,
            87.54028560809051,
            53.493730422494764,
            70.74149767322679,
            47.838549249441044,
            85.13792939103382,
            0.0,
            9.77389285129991,
            83.69581966279736,
            42.463767055056536,
            85.9683414991215,
            64.11938409282119,
            71.97787916352426,
            94.53889215529202,
            73.86958223158037
        ],
        [
            64.11668072056294,
            48.59095746086312,
            12.792458663451244,
            12.871735839987767,
            77.16591940524877,
            69.21631714843319,
            37.86325792306415,
            25.41927073551941,
            42.95829386476871,
            86.46176197687976,
            58.19445191055882,
            73.18535566062957,
            42.29645467605594,
            77.50409546753986,
            9.77389285129991,
            0.0,
            76.97099633715725,
            35.550968912256714,
            79.64423542292982,
            66.43912267890741,
            62.293536875840445,
            90.64760372591655,
            64.11668072056294
        ],
        [
            55.36911126627168,
            34.269149729004475,
            76.23689387340862,
            78.36032867211864,
            72.62255045794916,
            60.45421522489267,
            46.4115244920045,
            73.74472621740473,
            83.63912190580473,
            53.64803509639436,
            82.66839104974822,
            74.13693379592111,
            36.55401003525737,
            11.141811043346669,
            83.69581966279736,
            76.97099633715725,
            0.0,
            41.43461721861342,
            5.126046319576783,
            70.94577937902282,
            50.41550012902807,
            32.375001738035856,
            55.36911126627168
        ],
        [
            47.16167761033713,
            19.07085650807864,
            36.31724719316576,
            37.86120416419475,
            63.816618542060475,
            52.12347479926941,
            16.397824707583254,
            36.75247375661703,
            51.845107333734816,
            61.65695005591855,
            58.506851799537564,
            62.08916465356815,
            9.758756474169274,
            42.838301063284625,
            42.463767055056536,
            35.550968912256714,
            41.43461721861342,
            0.0,
            44.132242614403474,
            56.06481234527403,
            43.024916863165586,
            58.205188369077604,
            47.16167761033713
        ],
        [
            60.476564475536705,
            38.62138563374585,
            79.58801183109414,
            80.2883360784932,
            70.02488080952564,
            58.12462562007906,
            47.4202515181637,
            74.85339463945704,
            83.72008386467475,
            49.77296708636548,
            81.69001374506247,
            71.86642792549041,
            38.31158383088766,
            15.83901181290695,
            85.9683414991215,
            79.64423542292982,
            5.126046319576783,
            44.132242614403474,
            0.0,
            69.07275177598582,
            55.512542086371596,
            27.46566392522915,
            60.476564475536705
        ],
        [
            102.77132321240488,
            72.82472653272404,
            76.76640792438577,
            56.03998440320132,
            11.184657182255217,
            12.435984622767851,
            39.75432783949475,
            42.297979008857986,
            32.65266831005627,
            34.105326060388485,
            18.393517576155173,
            6.760035193909135,
            48.76851428333932,
            79.99834174317806,
            64.11938409282119,
            66.43912267890741,
            70.94577937902282,
            56.06481234527403,
            69.07275177598582,
            0.0,
            98.30142091293727,
            56.63205892009096,
            102.77132321240488
        ],
        [
            5.0960929336231215,
            25.620508472961536,
            53.334093757506785,
            71.57958152381329,
            104.89834848563697,
            92.52113562895029,
            59.255786052592164,
            76.23515070600487,
            93.38986077859646,
            95.98787180436429,
            101.47939789470334,
            103.92169905673076,
            49.54175879051818,
            41.756481542732224,
            71.97787916352426,
            62.293536875840445,
            50.41550012902807,
            43.024916863165586,
            55.512542086371596,
            98.30142091293727,
            0.0,
            81.37348344887965,
            5.0960929336231215
        ],
        [
            86.44533794105432,
            60.5397857120586,
            94.17897232225275,
            87.35711754760776,
            53.39918582962546,
            44.22066464741035,
            53.205107546936524,
            78.01436040017269,
            80.81893438196937,
            27.30585073639494,
            73.21122372356635,
            56.95246883914719,
            49.23356885664737,
            43.30181759606334,
            94.53889215529202,
            90.64760372591655,
            32.375001738035856,
            58.205188369077604,
            27.46566392522915,
            56.63205892009096,
            81.37348344887965,
            0.0,
            86.44533794105432
        ],
        [
            0.0,
            30.341262222159074,
            54.425301435482965,
            73.98973034430271,
            109.56265750663484,
            97.2394484288036,
            63.496602790920925,
            79.37438529427945,
            96.82227898638187,
            101.02124016607358,
            105.44427379324635,
            108.47619799954363,
            54.06933400110919,
            46.48984744132222,
            73.86958223158037,
            64.11668072056294,
            55.36911126627168,
            47.16167761033713,
            60.476564475536705,
            102.77132321240488,
            5.0960929336231215,
            86.44533794105432,
            0.0
        ]
    ],
    "scores_ave": [
        0,
        16.06556910043556,
        12.825017209201693,
        16.88396780019959,
        15.97749236694294,
        10.871984268570568,
        17.81852439569844,
        11.710259588911848,
        12.362925525520707,
        11.743585432025881,
        12.61655816090341,
        16.11541407964409,
        18.633211827963876,
        18.444075665520124,
        10.388250946742865,
        17.196828254370327,
        10.023350122629784,
        10.488675226059911,
        14.837405437968659,
        13.703764794193392,
        14.870401527174733,
        11.784700889882311,
        0
    ],
    "scores_var": [
        0,
        381.88329257491125,
        387.60370195415135,
        347.9146139547464,
        16.98500295123993,
        225.7406132280488,
        20.396139404045844,
        273.22090723023007,
        312.92296551191816,
        22.900493865884965,
        284.8498823862585,
        322.58105434230185,
        20.28226051698024,
        249.7724737277017,
        22.77765931415503,
        17.19553477360471,
        21.632482987105092,
        365.88509689168086,
        24.734317808193403,
        290.4007925474265,
        19.540371141642918,
        19.35394048902245,
        0
    ],
    "vertex_number": 23,
    "minimum_distances": {
        "cost": 382.56516436506803,
        "path": [
            0,
            1,
            12,
            6,
            17,
            2,
            15,
            14,
            3,
            7,
            8,
            10,
            19,
            11,
            4,
            5,
            9,
            21,
            18,
            16,
            13,
            20,
            22
        ]
    }
}