{
    "vertices": [
        [
            46.088768905564834,
            29.767030207566602
        ],
        [
            98.81668466038481,
            0.10209638606329952
        ],
        [
            43.88969393014464,
            7.052522797040961
        ],
        [
            54.438743711692,
            52.414028150491674
        ],
        [
            10.875597959280936,
            66.48003246981297
        ],
        [
            58.41635220616941,
            52.597299065378856
        ],
        [
            15.737014267355587,
            72.35014190366945
        ],
        [
            15.888232220505705,
            37.49595312677712
        ],
        [
            13.46409090587304,
            50.742473074210494
        ],
        [
            83.97588604378168,
            90.82241975365511
        ],
        [
            56.39308993326797,
            53.09763705896254
        ],
        [
            11.30831401610477,
            48.28317596162699
        ],
        [
            96.96286459445858,
            8.933304197405844
        ],
        [
            15.20201513818542,
            52.35721920363435
        ],
        [
            53.40386457938892,
            10.462411927338167
        ],
        [
            46.088768905564834,
            29.767030207566602
        ]
    ],
    "distances": [
        [
            0.0,
            60.499928913029,
            22.820709402872286,
            24.137286406922605,
            50.87054101540418,
            25.945914633200672,
            52.29292888470513,
            31.17384585765285,
            38.785806914842134,
            71.8553702771726,
            25.50482793308687,
            39.40212806313099,
            54.974701014459065,
            38.26628015844742,
            20.644101134768007,
            0.0
        ],
        [
            60.499928913029,
            0.0,
            55.364995601682345,
            68.59985311771358,
            110.18014852462954,
            66.24147618187226,
            110.10000778259949,
            90.9693835640229,
            99.2447127646615,
            91.92620070197069,
            67.88437759001384,
            99.89560231503432,
            9.023684405161138,
            98.60025770750326,
            46.57961319959285,
            60.499928913029
        ],
        [
            22.820709402872286,
            55.364995601682345,
            0.0,
            46.571972464398605,
            67.98205232766078,
            47.80533909514035,
            71.10803353482608,
            41.362837283216855,
            53.24029559095358,
            92.86710092542552,
            47.712550330121054,
            52.55010064197203,
            53.10648531996212,
            53.6236741650945,
            10.10676936631387,
            22.820709402872286
        ],
        [
            24.137286406922605,
            68.59985311771358,
            46.571972464398605,
            0.0,
            45.777725427952134,
            3.9818284196562788,
            43.53472744329818,
            41.336314526639434,
            41.008734056667116,
            48.4525264840553,
            2.0704565422942394,
            43.327795992090806,
            60.81837068137058,
            39.23676969893764,
            41.9643786866103,
            24.137286406922605
        ],
        [
            50.87054101540418,
            110.18014852462954,
            67.98205232766078,
            45.777725427952134,
            0.0,
            49.526292018902794,
            7.621781503419332,
            29.414339319457813,
            15.94901474902675,
            77.0467646089929,
            47.443973089680476,
            18.202000713255224,
            103.55019754483537,
            14.770637770836796,
            70.33226338567304,
            50.87054101540418
        ],
        [
            25.945914633200672,
            66.24147618187226,
            47.80533909514035,
            3.9818284196562788,
            49.526292018902794,
            0.0,
            47.02872193765934,
            45.12972012623534,
            44.990512060518235,
            45.98314497323266,
            2.0842092823825595,
            47.30516800806138,
            58.2441247262838,
            43.215003951930285,
            42.431989658087616,
            25.945914633200672
        ],
        [
            52.29292888470513,
            110.10000778259949,
            71.10803353482608,
            43.53472744329818,
            7.621781503419332,
            47.02872193765934,
            0.0,
            34.85451681152104,
            21.726885024106547,
            70.69489847426469,
            44.98416867463326,
            24.471048926657414,
            103.05015315866112,
            20.000079553786573,
            72.44917345320387,
            52.29292888470513
        ],
        [
            31.17384585765285,
            90.9693835640229,
            41.362837283216855,
            41.336314526639434,
            29.414339319457813,
            45.12972012623534,
            34.85451681152104,
            0.0,
            13.466504811236632,
            86.48491571404693,
            43.40571436862812,
            11.71920762030051,
            85.95883275402313,
            14.877100634573114,
            46.24105341651127,
            31.17384585765285
        ],
        [
            38.785806914842134,
            99.2447127646615,
            53.24029559095358,
            41.008734056667116,
            15.94901474902675,
            44.990512060518235,
            21.726885024106547,
            13.466504811236632,
            0.0,
            81.10681462982949,
            42.99355480637939,
            3.270400019327991,
            93.3812176493046,
            2.372295449506217,
            56.724499531396894,
            38.785806914842134
        ],
        [
            71.8553702771726,
            91.92620070197069,
            92.86710092542552,
            48.4525264840553,
            77.0467646089929,
            45.98314497323266,
            70.69489847426469,
            86.48491571404693,
            81.10681462982949,
            0.0,
            46.73296342664294,
            84.20310734643476,
            82.91253740213531,
            78.79985388751008,
            85.97894715722572,
            71.8553702771726
        ],
        [
            25.50482793308687,
            67.88437759001384,
            47.712550330121054,
            2.0704565422942394,
            47.443973089680476,
            2.0842092823825595,
            44.98416867463326,
            43.40571436862812,
            42.99355480637939,
            46.73296342664294,
            0.0,
            45.341107784863134,
            59.96995008473961,
            41.197728837577614,
            42.739886408840256,
            25.50482793308687
        ],
        [
            39.40212806313099,
            99.89560231503432,
            52.55010064197203,
            43.327795992090806,
            18.202000713255224,
            47.30516800806138,
            24.471048926657414,
            11.71920762030051,
            3.270400019327991,
            84.20310734643476,
            45.341107784863134,
            0.0,
            94.26088500879047,
            5.635489044070441,
            56.590154350057816,
            39.40212806313099
        ],
        [
            54.974701014459065,
            9.023684405161138,
            53.10648531996212,
            60.81837068137058,
            103.55019754483537,
            58.2441247262838,
            103.05015315866112,
            85.95883275402313,
            93.3812176493046,
            82.91253740213531,
            59.96995008473961,
            94.26088500879047,
            0.0,
            92.57684860849132,
            43.585830871541006,
            54.974701014459065
        ],
        [
            38.26628015844742,
            98.60025770750326,
            53.6236741650945,
            39.23676969893764,
            14.770637770836796,
            43.215003951930285,
            20.000079553786573,
            14.877100634573114,
            2.372295449506217,
            78.79985388751008,
            41.197728837577614,
            5.635489044070441,
            92.57684860849132,
            0.0,
            56.69705616208288,
            38.26628015844742
        ],
        [
            20.644101134768007,
            46.57961319959285,
            10.10676936631387,
            41.9643786866103,
            70.33226338567304,
            42.431989658087616,
            72.44917345320387,
            46.24105341651127,
            56.724499531396894,
            85.97894715722572,
            42.739886408840256,
            56.590154350057816,
            43.585830871541006,
            56.69705616208288,
            0.0,
            20.644101134768007
        ],
        [
            0.0,
            60.499928913029,
            22.820709402872286,
            24.137286406922605,
            50.87054101540418,
            25.945914633200672,
            52.29292888470513,
            31.17384585765285,
            38.785806914842134,
            71.8553702771726,
            25.50482793308687,
            39.40212806313099,
            54.974701014459065,
            38.26628015844742,
            20.644101134768007,
            0.0
        ]
    ],
    "scores_ave": [
        0,
        10.600668192633623,
        11.072117968797164,
        13.642789086344763,
        13.766584963041524,
        13.781357992256897,
        15.870623588973025,
        11.854112571869765,
        17.817064703610505,
        17.45084708423786,
        18.166550362563576,
        13.601571409972884,
        17.54678248208627,
        18.413694773751143,
        11.773233903937278,
        0
    ],
    "scores_var": [
        0,
        17.49833548541347,
        304.50375903906297,
        379.0890592060796,
        20.69352037661959,
        24.257706752535825,
        18.882286579532064,
        16.88056306798608,
        380.1061301675834,
        225.46091068831106,
        16.387921402310237,
        18.887639133241677,
        22.449503591657113,
        314.64731412839944,
        265.93022461577345,
        0
    ],
    "vertex_number": 16,
    "minimum_distances": {
        "cost": 336.0440202383268,
        "path": [
            0,
            2,
            14,
            1,
            12,
            9,
            5,
            10,
            3,
            6,
            4,
            13,
            8,
            11,
            7,
            15
        ]
    }
}