{
    "vertices": [
        [
            74.5917910213572,
            98.8320065130341
        ],
        [
            21.969774766744433,
            98.89253532976869
        ],
        [
            20.68141525642885,
            27.25705289860637
        ],
        [
            41.59986867225658,
            72.01607095629292
        ],
        [
            60.039478701106056,
            77.71603975552213
        ],
        [
            62.1243214726005,
            24.93248822235219
        ],
        [
            75.51353214696198,
            66.86979285601346
        ],
        [
            88.69074078994326,
            68.10848346783696
        ],
        [
            78.8621734025133,
            87.30660020642719
        ],
        [
            22.9667564291712,
            23.28685562811653
        ],
        [
            28.726289884621004,
            36.90261537951105
        ],
        [
            93.42489264626447,
            79.33136168898486
        ],
        [
            71.32933696131299,
            4.538046258726347
        ],
        [
            62.69849048912253,
            43.31357962722506
        ],
        [
            74.5917910213572,
            98.8320065130341
        ]
    ],
    "distances": [
        [
            0.0,
            52.62205106643397,
            89.60637588934871,
            42.51542473117705,
            25.644762544630506,
            74.94382296456463,
            31.975501693635206,
            33.80407154302382,
            12.29110069170629,
            91.49980338158855,
            77.06421790100015,
            27.110161662516944,
            94.35038180598355,
            56.778044360694366,
            0.0
        ],
        [
            52.62205106643397,
            0.0,
            71.64706702561652,
            33.28190084652524,
            43.56313031057379,
            84.15744880451192,
            62.389021389440366,
            73.48023650007501,
            58.06013189111366,
            75.61225281383986,
            62.35704187962612,
            74.08423169191268,
            106.48537922126647,
            68.90463410671009,
            52.62205106643397
        ],
        [
            89.60637588934871,
            71.64706702561652,
            0.0,
            49.405985374228344,
            63.993488049501046,
            41.5080483349493,
            67.64414394188343,
            79.33541289409291,
            83.61189359371897,
            4.5809661254408285,
            12.560130706181598,
            89.46142821775882,
            55.510046259456374,
            44.98051424446687,
            89.60637588934871
        ],
        [
            42.51542473117705,
            33.28190084652524,
            49.405985374228344,
            0.0,
            19.300488655167072,
            51.362602405031886,
            34.301905902748075,
            47.252719252803416,
            40.27753267716041,
            52.17019549861011,
            37.398981180562856,
            52.3387675476821,
            73.73686392731533,
            35.62281363208621,
            42.51542473117705
        ],
        [
            25.644762544630506,
            43.56313031057379,
            63.993488049501046,
            19.300488655167072,
            0.0,
            52.82470900853747,
            18.896756384372082,
            30.219198485470773,
            21.125167113773298,
            65.85531733601347,
            51.441728228678514,
            33.42446901954171,
            74.04376835191904,
            34.5050663898489,
            25.644762544630506
        ],
        [
            74.94382296456463,
            84.15744880451192,
            41.5080483349493,
            51.362602405031886,
            52.82470900853747,
            0.0,
            44.022817747378944,
            50.694587490017184,
            64.58084493895706,
            39.19212939820452,
            35.47833787130153,
            62.76115988600207,
            22.375557493728277,
            18.390056859450574,
            74.94382296456463
        ],
        [
            31.975501693635206,
            62.389021389440366,
            67.64414394188343,
            34.301905902748075,
            18.896756384372082,
            44.022817747378944,
            0.0,
            13.235300603026753,
            20.709333473975086,
            68.26885128480346,
            55.561477341978396,
            21.819888467058156,
            62.47202672572759,
            26.816421729460966,
            31.975501693635206
        ],
        [
            33.80407154302382,
            73.48023650007501,
            79.33541289409291,
            47.252719252803416,
            30.219198485470773,
            50.694587490017184,
            13.235300603026753,
            0.0,
            21.567763518681996,
            79.55262687339376,
            67.59838441503466,
            12.180525003686222,
            65.89854952772673,
            35.921919939859926,
            33.80407154302382
        ],
        [
            12.29110069170629,
            58.06013189111366,
            83.61189359371897,
            40.27753267716041,
            21.125167113773298,
            64.58084493895706,
            20.709333473975086,
            21.567763518681996,
            0.0,
            84.98720688724815,
            71.09267544938548,
            16.60353038309673,
            83.11063197595924,
            46.86843826080343,
            12.29110069170629
        ],
        [
            91.49980338158855,
            75.61225281383986,
            4.5809661254408285,
            52.17019549861011,
            65.85531733601347,
            39.19212939820452,
            68.26885128480346,
            79.55262687339376,
            84.98720688724815,
            0.0,
            14.783813419823062,
            90.02963744674959,
            51.86961585068501,
            44.4935991525429,
            91.49980338158855
        ],
        [
            77.06421790100015,
            62.35704187962612,
            12.560130706181598,
            37.398981180562856,
            51.441728228678514,
            35.47833787130153,
            55.561477341978396,
            67.59838441503466,
            71.09267544938548,
            14.783813419823062,
            0.0,
            77.3699406274984,
            53.50219579225589,
            34.571822001421346,
            77.06421790100015
        ],
        [
            27.110161662516944,
            74.08423169191268,
            89.46142821775882,
            52.3387675476821,
            33.42446901954171,
            62.76115988600207,
            21.819888467058156,
            12.180525003686222,
            16.60353038309673,
            90.02963744674959,
            77.3699406274984,
            0.0,
            77.98880441497316,
            47.34334603902477,
            27.110161662516944
        ],
        [
            94.35038180598355,
            106.48537922126647,
            55.510046259456374,
            73.73686392731533,
            74.04376835191904,
            22.375557493728277,
            62.47202672572759,
            65.89854952772673,
            83.11063197595924,
            51.86961585068501,
            53.50219579225589,
            77.98880441497316,
            0.0,
            39.7244697741591,
            94.35038180598355
        ],
        [
            56.778044360694366,
            68.90463410671009,
            44.98051424446687,
            35.62281363208621,
            34.5050663898489,
            18.390056859450574,
            26.816421729460966,
            35.921919939859926,
            46.86843826080343,
            44.4935991525429,
            34.571822001421346,
            47.34334603902477,
            39.7244697741591,
            0.0,
            56.778044360694366
        ],
        [
            0.0,
            52.62205106643397,
            89.60637588934871,
            42.51542473117705,
            25.644762544630506,
            74.94382296456463,
            31.975501693635206,
            33.80407154302382,
            12.29110069170629,
            91.49980338158855,
            77.06421790100015,
            27.110161662516944,
            94.35038180598355,
            56.778044360694366,
            0.0
        ]
    ],
    "scores_ave": [
        0,
        11.949832004331496,
        16.560012001085493,
        16.411243120045214,
        10.877604437203672,
        17.74625442393937,
        16.977249829476527,
        15.532108896090865,
        18.17725890061758,
        17.957078368310334,
        11.019075800775788,
        15.584362814833442,
        18.279497354539423,
        17.098999361946106,
        0
    ],
    "scores_var": [
        0,
        383.4509850158694,
        263.4778513056138,
        17.47704501366092,
        18.2667394064061,
        398.3604044641329,
        18.030732304725866,
        23.39232932356047,
        22.510326287661933,
        21.691032946820823,
        381.882123739045,
        24.477916195973048,
        20.181216174438358,
        380.2993951110115,
        0
    ],
    "vertex_number": 15,
    "minimum_distances": {
        "cost": 330.79198032875564,
        "path": [
            0,
            4,
            1,
            3,
            10,
            2,
            9,
            12,
            5,
            13,
            6,
            7,
            11,
            8,
            14
        ]
    }
}