{
    "vertices": [
        [
            20.98283876946957,
            58.84446377132876
        ],
        [
            29.403167899475,
            54.40248439287886
        ],
        [
            65.0054291977788,
            89.78662208529722
        ],
        [
            65.60382499672377,
            43.7317707082621
        ],
        [
            90.66153361025971,
            28.52855068023221
        ],
        [
            1.4326182373576746,
            41.59928917516994
        ],
        [
            98.40713763181836,
            70.1285562773852
        ],
        [
            18.476393226818033,
            26.41165616762028
        ],
        [
            42.995350283341196,
            36.3917208528728
        ],
        [
            9.290121839320499,
            60.28774717740899
        ],
        [
            57.26710368256265,
            85.6762958288231
        ],
        [
            33.16077082860026,
            23.15192916136103
        ],
        [
            59.4383902784407,
            41.93752925104032
        ],
        [
            0.48639743510157096,
            2.8373682321538585
        ],
        [
            58.379893276192576,
            79.60660049822155
        ],
        [
            75.55793602894629,
            5.910914341807761
        ],
        [
            37.0268692500618,
            16.534480224628545
        ],
        [
            5.418292472477004,
            41.779268116401205
        ],
        [
            54.91652430729913,
            39.46179224373595
        ],
        [
            20.98283876946957,
            58.84446377132876
        ]
    ],
    "distances": [
        [
            0.0,
            9.520143037590989,
            53.80897350020116,
            47.110783303945105,
            75.98799313880367,
            26.06927635563003,
            78.2422698930159,
            32.52951395759624,
            31.443223875910135,
            11.781455606115115,
            45.12754249729425,
            37.7128500132322,
            42.00802157603298,
            59.639742270632375,
            42.773893992071876,
            76.02895432720935,
            45.24981349999374,
            23.09709947530606,
            39.07918844764896,
            0.0
        ],
        [
            9.520143037590989,
            0.0,
            50.19520106333595,
            37.74058431995529,
            66.49847979708015,
            30.76155809096373,
            70.77328009735609,
            30.047976129565704,
            22.564020591425948,
            20.956405699949403,
            41.88615760672049,
            31.47565379862851,
            32.519066561664545,
            59.11971599016966,
            38.40440185980382,
            66.94546278205263,
            38.62779519943589,
            27.10387128089533,
            29.566123132533306,
            9.520143037590989
        ],
        [
            53.80897350020116,
            50.19520106333595,
            0.0,
            46.05873872451339,
            66.41375614955207,
            79.77168260981384,
            38.75711131677372,
            78.62148239160639,
            57.75343324374864,
            63.04267677437813,
            8.762217967735443,
            73.85299295029935,
            48.1718549299356,
            108.27224115724084,
            12.146216108795201,
            84.53691353422538,
            78.41349439939226,
            76.52014700857994,
            51.3261580528997,
            53.80897350020116
        ],
        [
            47.110783303945105,
            37.74058431995529,
            46.05873872451339,
            0.0,
            29.309156592804953,
            64.20662936521659,
            42.10519692648429,
            50.20937355641946,
            23.770138004337706,
            58.69696346615451,
            42.764986961992186,
            38.419807936159074,
            6.421206091710779,
            76.89363774800255,
            36.594925904576705,
            39.10884174625712,
            39.450412030773784,
            60.21719514888076,
            11.508740683223929,
            47.110783303945105
        ],
        [
            75.98799313880367,
            66.49847979708015,
            66.41375614955207,
            29.309156592804953,
            0.0,
            90.18117067008812,
            42.31494827294422,
            72.21617363551401,
            48.31039720514942,
            87.34960340918572,
            66.18952126858271,
            57.751586813089915,
            33.98066193928107,
            93.76348990832606,
            60.42409681465723,
            27.196987580161792,
            54.95939362042733,
            86.26697903744724,
            37.37969316560349,
            75.98799313880367
        ],
        [
            26.06927635563003,
            30.76155809096373,
            79.77168260981384,
            64.20662936521659,
            90.18117067008812,
            0.0,
            101.084007108821,
            22.82880772759205,
            41.887700616739735,
            20.273105962242475,
            71.13559081414164,
            36.7012364687111,
            58.00675819618792,
            38.77346836432422,
            68.46566912224021,
            82.26920952549965,
            43.533841467099236,
            3.989735771674708,
            53.52660181283891,
            26.06927635563003
        ],
        [
            78.2422698930159,
            70.77328009735609,
            38.75711131677372,
            42.10519692648429,
            42.31494827294422,
            101.084007108821,
            0.0,
            91.10483662432338,
            64.87403364685665,
            89.65870859823092,
            43.97993404389391,
            80.39833254625408,
            48.09674911146788,
            118.81319518139217,
            41.13409307322948,
            68.16151076417486,
            81.48535042917302,
            97.21423487999311,
            53.21544760347669,
            78.2422698930159
        ],
        [
            32.52951395759624,
            30.047976129565704,
            78.62148239160639,
            50.20937355641946,
            72.21617363551401,
            22.82880772759205,
            91.10483662432338,
            0.0,
            26.472267493765084,
            35.09953167932933,
            70.83090237907201,
            15.041833854522512,
            43.80568384878395,
            29.654460039768953,
            66.49805574997065,
            60.651322690274604,
            21.016154864716725,
            20.16624636165184,
            38.70644913664621,
            32.52951395759624
        ],
        [
            31.443223875910135,
            22.564020591425948,
            57.75343324374864,
            23.770138004337706,
            48.31039720514942,
            41.887700616739735,
            64.87403364685665,
            26.472267493765084,
            0.0,
            41.31661286415609,
            51.30937804776292,
            16.492757109902414,
            17.3530848862566,
            54.15630759246247,
            45.87166866226767,
            44.60270794475229,
            20.734820259954272,
            37.961308450022926,
            12.310147377447832,
            31.443223875910135
        ],
        [
            11.781455606115115,
            20.956405699949403,
            63.04267677437813,
            58.69696346615451,
            87.34960340918572,
            20.273105962242475,
            89.65870859823092,
            35.09953167932933,
            41.31661286415609,
            0.0,
            54.28046784444666,
            44.1460854764093,
            53.40018094901254,
            58.121008287355565,
            52.75437188854979,
            85.72201086478134,
            51.80420374804089,
            18.909121074172518,
            50.15465084186458,
            11.781455606115115
        ],
        [
            45.12754249729425,
            41.88615760672049,
            8.762217967735443,
            42.764986961992186,
            66.18952126858271,
            71.13559081414164,
            43.97993404389391,
            70.83090237907201,
            51.30937804776292,
            54.28046784444666,
            0.0,
            67.0105343273225,
            43.79262708752705,
            100.4307548877667,
            6.170859104372525,
            81.83563179747928,
            72.04344352491097,
            67.93561853611284,
            46.274242997756836,
            45.12754249729425
        ],
        [
            37.7128500132322,
            31.47565379862851,
            73.85299295029935,
            38.419807936159074,
            57.751586813089915,
            36.7012364687111,
            80.39833254625408,
            15.041833854522512,
            16.492757109902414,
            44.1460854764093,
            67.0105343273225,
            0.0,
            32.301889336074304,
            38.474615818799876,
            61.83149725487485,
            45.768681530425226,
            7.6640294515802365,
            33.41590731801135,
            27.190521201178438,
            37.7128500132322
        ],
        [
            42.00802157603298,
            32.519066561664545,
            48.1718549299356,
            6.421206091710779,
            33.98066193928107,
            58.00675819618792,
            48.09674911146788,
            43.80568384878395,
            17.3530848862566,
            53.40018094901254,
            43.79262708752705,
            32.301889336074304,
            0.0,
            70.74008801170632,
            37.68394014071491,
            39.46842709078714,
            33.87611510553933,
            54.02032963202483,
            5.155244474348865,
            42.00802157603298
        ],
        [
            59.639742270632375,
            59.11971599016966,
            108.27224115724084,
            76.89363774800255,
            93.76348990832606,
            38.77346836432422,
            118.81319518139217,
            29.654460039768953,
            54.15630759246247,
            58.121008287355565,
            100.4307548877667,
            38.474615818799876,
            70.74008801170632,
            0.0,
            96.15181684931319,
            75.13443014048411,
            39.02328737298149,
            39.25296364931484,
            65.60477989829455,
            59.639742270632375
        ],
        [
            42.773893992071876,
            38.40440185980382,
            12.146216108795201,
            36.594925904576705,
            60.42409681465723,
            68.46566912224021,
            41.13409307322948,
            66.49805574997065,
            45.87166866226767,
            52.75437188854979,
            6.170859104372525,
            61.83149725487485,
            37.68394014071491,
            96.15181684931319,
            0.0,
            75.67125815578906,
            66.58861757738404,
            65.08331763836905,
            40.293927016414145,
            42.773893992071876
        ],
        [
            76.02895432720935,
            66.94546278205263,
            84.53691353422538,
            39.10884174625712,
            27.196987580161792,
            82.26920952549965,
            68.16151076417486,
            60.651322690274604,
            44.60270794475229,
            85.72201086478134,
            81.83563179747928,
            45.768681530425226,
            39.46842709078714,
            75.13443014048411,
            75.67125815578906,
            0.0,
            39.96877855508584,
            78.77885757440225,
            39.39199520020084,
            76.02895432720935
        ],
        [
            45.24981349999374,
            38.62779519943589,
            78.41349439939226,
            39.450412030773784,
            54.95939362042733,
            43.533841467099236,
            81.48535042917302,
            21.016154864716725,
            20.734820259954272,
            51.80420374804089,
            72.04344352491097,
            7.6640294515802365,
            33.87611510553933,
            39.02328737298149,
            66.58861757738404,
            39.96877855508584,
            0.0,
            40.45245903038608,
            29.080945556987032,
            45.24981349999374
        ],
        [
            23.09709947530606,
            27.10387128089533,
            76.52014700857994,
            60.21719514888076,
            86.26697903744724,
            3.989735771674708,
            97.21423487999311,
            20.16624636165184,
            37.961308450022926,
            18.909121074172518,
            67.93561853611284,
            33.41590731801135,
            54.02032963202483,
            39.25296364931484,
            65.08331763836905,
            78.77885757440225,
            40.45245903038608,
            0.0,
            49.552453513364846,
            23.09709947530606
        ],
        [
            39.07918844764896,
            29.566123132533306,
            51.3261580528997,
            11.508740683223929,
            37.37969316560349,
            53.52660181283891,
            53.21544760347669,
            38.70644913664621,
            12.310147377447832,
            50.15465084186458,
            46.274242997756836,
            27.190521201178438,
            5.155244474348865,
            65.60477989829455,
            40.293927016414145,
            39.39199520020084,
            29.080945556987032,
            49.552453513364846,
            0.0,
            39.07918844764896
        ],
        [
            0.0,
            9.520143037590989,
            53.80897350020116,
            47.110783303945105,
            75.98799313880367,
            26.06927635563003,
            78.2422698930159,
            32.52951395759624,
            31.443223875910135,
            11.781455606115115,
            45.12754249729425,
            37.7128500132322,
            42.00802157603298,
            59.639742270632375,
            42.773893992071876,
            76.02895432720935,
            45.24981349999374,
            23.09709947530606,
            39.07918844764896,
            0.0
        ]
    ],
    "scores_ave": [
        0,
        15.102456167800717,
        13.375400438216507,
        19.393135674521616,
        17.281436175646853,
        19.55743662110572,
        11.618152795667912,
        10.789959233072286,
        12.782463594029121,
        17.478125056171137,
        15.501864037180006,
        18.46512168317711,
        17.341723506758825,
        18.662140338194792,
        13.681643150566568,
        14.16714168961063,
        12.77857104100697,
        13.994860624771482,
        14.658298909735283,
        0
    ],
    "scores_var": [
        0,
        337.57774582598506,
        20.546731194913164,
        20.961704519510157,
        335.65203912390865,
        16.559058067726728,
        251.80406905332927,
        234.9901450528112,
        24.293906483978127,
        297.2377109600999,
        254.96268413948428,
        21.983737896970766,
        291.94218805674393,
        328.9096475619391,
        301.3836014793732,
        398.71587405000025,
        21.091888178456777,
        329.13538480729295,
        21.952504002824583,
        0
    ],
    "vertex_number": 20,
    "minimum_distances": {
        "cost": 381.55069443633283,
        "path": [
            0,
            1,
            8,
            18,
            12,
            3,
            14,
            10,
            2,
            6,
            4,
            15,
            16,
            11,
            7,
            13,
            5,
            17,
            9,
            19
        ]
    }
}