{
    "vertices": [
        [
            77.52569017310383,
            71.06341607755401
        ],
        [
            78.7153720793992,
            27.417383477275838
        ],
        [
            30.102118666957423,
            86.42550746127272
        ],
        [
            93.43784428024992,
            47.33713584144329
        ],
        [
            80.16203696504529,
            73.13083799476284
        ],
        [
            13.963447625929504,
            26.09689534046542
        ],
        [
            28.87024498343399,
            96.74158484295276
        ],
        [
            30.22623354289754,
            96.35066973374357
        ],
        [
            84.5715569028786,
            66.75467095551151
        ],
        [
            10.439761204870035,
            12.01235178992327
        ],
        [
            6.499243030527468,
            41.32835619319489
        ],
        [
            4.937051437578155,
            30.304524424429225
        ],
        [
            60.90732964516391,
            33.30835062568633
        ],
        [
            84.87738751675022,
            37.6223983529673
        ],
        [
            33.028757825046206,
            9.21638200116196
        ],
        [
            44.32187324232666,
            27.520552622978045
        ],
        [
            21.51783243908253,
            12.786661095865792
        ],
        [
            40.65628405180416,
            97.75250943337626
        ],
        [
            77.52569017310383,
            71.06341607755401
        ]
    ],
    "distances": [
        [
            0.0,
            43.66224346941774,
            49.84966385122677,
            28.568041973016356,
            3.350307118927381,
            77.85978849717507,
            55.01564048295053,
            53.63472564472795,
            8.258905647873213,
            89.37309471553957,
            76.99954532348627,
            83.24901033806843,
            41.25063483040478,
            34.23958411383964,
            76.1907646137904,
            54.758327372157844,
            80.82734870791006,
            45.51550078701897,
            0.0
        ],
        [
            43.66224346941774,
            0.0,
            76.45395413876925,
            24.76989547726387,
            45.73633963506169,
            64.76538743300547,
            85.38373141413912,
            84.2792650070477,
            39.77080696732351,
            69.99195697777326,
            73.54375878826387,
            73.83478976455534,
            18.757128492473907,
            11.921105773510957,
            49.17868620408185,
            34.393653573418675,
            59.03911058194805,
            79.97202088701235,
            43.66224346941774
        ],
        [
            49.84966385122677,
            76.45395413876925,
            0.0,
            74.42657411739548,
            51.7952088154395,
            62.44996511923229,
            10.389367897854433,
            9.925938274909255,
            57.912533277117305,
            76.96704514229053,
            50.90038104773551,
            61.504840018333944,
            61.403529000441786,
            73.36261674861552,
            77.2645731954612,
            60.59698940281826,
            74.13750511090919,
            15.481969533839505,
            49.84966385122677
        ],
        [
            28.568041973016356,
            24.76989547726387,
            74.42657411739548,
            0.0,
            29.009690288670825,
            82.2637680884339,
            81.30051943313114,
            79.98771303532956,
            21.34600013501842,
            90.20267270139053,
            87.14600289238427,
            90.12491434372906,
            35.42656061563677,
            12.948264148902298,
            71.4314328548966,
            52.96296424344539,
            79.78861703512881,
            72.9904308424277,
            28.568041973016356
        ],
        [
            3.350307118927381,
            45.73633963506169,
            51.7952088154395,
            29.009690288670825,
            0.0,
            81.20618813918452,
            56.46516883366414,
            55.070364529408735,
            7.752378486283066,
            92.71820259878363,
            80.23468738007456,
            86.56149017682276,
            44.23318046709451,
            35.820159360624025,
            79.4141277572638,
            58.007029465116744,
            84.14607780573216,
            46.55030845948383,
            3.350307118927381
        ],
        [
            77.85978849717507,
            64.76538743300547,
            62.44996511923229,
            82.2637680884339,
            81.20618813918452,
            0.0,
            72.20030998798099,
            72.11151795852558,
            81.47735767456516,
            14.518633992944286,
            16.962067973871914,
            9.95891413043118,
            47.49455912382533,
            71.84444369977489,
            25.464441552622855,
            30.391788462747144,
            15.304609291037444,
            76.46590447703252,
            77.85978849717507
        ],
        [
            55.01564048295053,
            85.38373141413912,
            10.389367897854433,
            81.30051943313114,
            56.46516883366414,
            72.20030998798099,
            0.0,
            1.4112121017069186,
            63.26018616823759,
            86.71058566326543,
            59.75857794298065,
            70.61643399632938,
            71.06440738432589,
            81.43634462563308,
            87.62393714933424,
            70.92463688627379,
            84.27625520632442,
            11.829314665215005,
            55.01564048295053
        ],
        [
            53.63472564472795,
            84.2792650070477,
            9.925938274909255,
            79.98771303532956,
            55.070364529408735,
            72.11151795852558,
            1.4112121017069186,
            0.0,
            61.88163956119793,
            86.62826537093103,
            59.920155758547104,
            70.72224573481155,
            70.11179399044518,
            80.2231792566703,
            87.17934526604542,
            70.25860858299016,
            84.01654473623775,
            10.523835240149356,
            53.63472564472795
        ],
        [
            8.258905647873213,
            39.77080696732351,
            57.912533277117305,
            21.34600013501842,
            7.752378486283066,
            81.47735767456516,
            63.26018616823759,
            61.88163956119793,
            0.0,
            92.1533756356131,
            82.10836544332929,
            87.58006418609394,
            40.97135579047933,
            29.13387786329395,
            77.24839695794356,
            56.20812286587892,
            82.99589301264932,
            53.753299246503076,
            8.258905647873213
        ],
        [
            89.37309471553957,
            69.99195697777326,
            76.96704514229053,
            90.20267270139053,
            92.71820259878363,
            14.518633992944286,
            86.71058566326543,
            86.62826537093103,
            92.1533756356131,
            0.0,
            29.57965175006232,
            19.10192122467313,
            54.77677455535847,
            78.7199764729919,
            22.76137551568438,
            37.26260604409095,
            11.10509870156747,
            90.90881632538981,
            89.37309471553957
        ],
        [
            76.99954532348627,
            73.54375878826387,
            50.90038104773551,
            87.14600289238427,
            80.23468738007456,
            16.962067973871914,
            59.75857794298065,
            59.920155758547104,
            82.10836544332929,
            29.57965175006232,
            0.0,
            11.13397096453591,
            54.99600329449995,
            78.4657100689005,
            41.65325967727349,
            40.264212342627516,
            32.251920669189026,
            65.95747508964126,
            76.99954532348627
        ],
        [
            83.24901033806843,
            73.83478976455534,
            61.504840018333944,
            90.12491434372906,
            86.56149017682276,
            9.95891413043118,
            70.61643399632938,
            70.72224573481155,
            87.58006418609394,
            19.10192122467313,
            11.13397096453591,
            0.0,
            56.05082527922232,
            80.2745825980114,
            35.126253979377275,
            39.48309369316276,
            24.12048577906498,
            76.32230512973472,
            83.24901033806843
        ],
        [
            41.25063483040478,
            18.757128492473907,
            61.403529000441786,
            35.42656061563677,
            44.23318046709451,
            47.49455912382533,
            71.06440738432589,
            70.11179399044518,
            40.97135579047933,
            54.77677455535847,
            54.99600329449995,
            56.05082527922232,
            0.0,
            24.355177727958683,
            36.84613573951179,
            17.56633057330327,
            44.4147749212606,
            67.55112472827595,
            41.25063483040478
        ],
        [
            34.23958411383964,
            11.921105773510957,
            73.36261674861552,
            12.948264148902298,
            35.820159360624025,
            71.84444369977489,
            81.43634462563308,
            80.2231792566703,
            29.13387786329395,
            78.7199764729919,
            78.4657100689005,
            80.2745825980114,
            24.355177727958683,
            0.0,
            59.1200656789764,
            41.79470092267051,
            68.0532663782113,
            74.64004454848472,
            34.23958411383964
        ],
        [
            76.1907646137904,
            49.17868620408185,
            77.2645731954612,
            71.4314328548966,
            79.4141277572638,
            25.464441552622855,
            87.62393714933424,
            87.17934526604542,
            77.24839695794356,
            22.76137551568438,
            41.65325967727349,
            35.126253979377275,
            36.84613573951179,
            59.1200656789764,
            0.0,
            21.50760604950194,
            12.051900101448828,
            88.86408170365105,
            76.1907646137904
        ],
        [
            54.758327372157844,
            34.393653573418675,
            60.59698940281826,
            52.96296424344539,
            58.007029465116744,
            30.391788462747144,
            70.92463688627379,
            70.25860858299016,
            56.20812286587892,
            37.26260604409095,
            40.264212342627516,
            39.48309369316276,
            17.56633057330327,
            41.79470092267051,
            21.50760604950194,
            0.0,
            27.149803617866805,
            70.32755008907473,
            54.758327372157844
        ],
        [
            80.82734870791006,
            59.03911058194805,
            74.13750511090919,
            79.78861703512881,
            84.14607780573216,
            15.304609291037444,
            84.27625520632442,
            84.01654473623775,
            82.99589301264932,
            11.10509870156747,
            32.251920669189026,
            24.12048577906498,
            44.4147749212606,
            68.0532663782113,
            12.051900101448828,
            27.149803617866805,
            0.0,
            87.09463653891275,
            80.82734870791006
        ],
        [
            45.51550078701897,
            79.97202088701235,
            15.481969533839505,
            72.9904308424277,
            46.55030845948383,
            76.46590447703252,
            11.829314665215005,
            10.523835240149356,
            53.753299246503076,
            90.90881632538981,
            65.95747508964126,
            76.32230512973472,
            67.55112472827595,
            74.64004454848472,
            88.86408170365105,
            70.32755008907473,
            87.09463653891275,
            0.0,
            45.51550078701897
        ],
        [
            0.0,
            43.66224346941774,
            49.84966385122677,
            28.568041973016356,
            3.350307118927381,
            77.85978849717507,
            55.01564048295053,
            53.63472564472795,
            8.258905647873213,
            89.37309471553957,
            76.99954532348627,
            83.24901033806843,
            41.25063483040478,
            34.23958411383964,
            76.1907646137904,
            54.758327372157844,
            80.82734870791006,
            45.51550078701897,
            0.0
        ]
    ],
    "scores_ave": [
        0,
        15.439958108349733,
        17.749457123552574,
        16.829097996199742,
        17.8390480306391,
        19.14213764942456,
        13.177589523761636,
        16.199112729596102,
        18.932664586657797,
        10.185912717197514,
        17.692778734174382,
        14.641464160224782,
        18.03337029841581,
        15.294912674418756,
        15.54684895100967,
        10.062016313451709,
        19.587573975217097,
        17.18032201084957,
        0
    ],
    "scores_var": [
        0,
        326.0744563013358,
        24.009816881962436,
        346.3390921975737,
        24.000565519817393,
        20.95395484256361,
        19.520685986193847,
        228.05872634265842,
        24.864284422133984,
        368.695145406203,
        18.992126045239882,
        318.6595144092031,
        269.65345395124746,
        238.96298805017605,
        16.400260669297158,
        246.16675075868048,
        293.67415572528927,
        276.3834079875676,
        0
    ],
    "vertex_number": 19,
    "minimum_distances": {
        "cost": 292.6579357433141,
        "path": [
            0,
            17,
            7,
            6,
            2,
            10,
            11,
            5,
            9,
            16,
            14,
            15,
            12,
            1,
            13,
            3,
            8,
            4,
            18
        ]
    }
}