{
    "vertices": [
        [
            56.44897210561607,
            33.61554581769441
        ],
        [
            54.94401338085575,
            92.83731344544742
        ],
        [
            13.61613551967007,
            94.63843665306946
        ],
        [
            3.3706892526197962,
            95.30365876811942
        ],
        [
            48.21760257902419,
            10.265469632182967
        ],
        [
            85.27045036581771,
            26.49558491027125
        ],
        [
            88.21045476841176,
            11.966273733871201
        ],
        [
            20.121985479297443,
            48.850823727023815
        ],
        [
            19.342825975219945,
            79.76987085682171
        ],
        [
            76.35656356113087,
            2.390682954651324
        ],
        [
            30.181985911257513,
            55.65870582925624
        ],
        [
            41.6114993195299,
            69.92190873434063
        ],
        [
            86.1201818922297,
            28.98292113717882
        ],
        [
            88.52592529745937,
            55.11066207118939
        ],
        [
            75.78486660911506,
            36.71873201610892
        ],
        [
            74.65324509084358,
            19.413299854695364
        ],
        [
            29.377527017362958,
            75.70133459218926
        ],
        [
            49.13685510430251,
            56.74173259473299
        ],
        [
            4.501306510473235,
            60.61034522553893
        ],
        [
            81.90885782612776,
            23.13926156887639
        ],
        [
            33.572125710738646,
            34.820862620811695
        ],
        [
            56.44897210561607,
            33.61554581769441
        ]
    ],
    "distances": [
        [
            0.0,
            59.240886739808396,
            74.55498035614022,
            81.38014125084247,
            24.758463242949755,
            29.687900775004447,
            38.438037966296854,
            39.39243138374722,
            59.22067038178245,
            37.031125534819125,
            34.29074900071362,
            39.221200732678646,
            30.030682670091903,
            38.61309297146461,
            19.58332404962121,
            23.08894422259725,
            50.040750952975316,
            24.254640172292245,
            58.54296845783061,
            27.53104270752467,
            22.908576768771407,
            0.0
        ],
        [
            59.240886739808396,
            0.0,
            41.36710690050872,
            51.63226337172089,
            82.8453619280955,
            72.94462094793472,
            87.44587575536674,
            56.10155884577443,
            37.923641709337865,
            92.94670662461046,
            44.66997726307734,
            26.5117276741684,
            71.0586863100343,
            50.5078709894738,
            59.86348089547702,
            76.02328318596173,
            30.778027815861982,
            36.559732550982964,
            59.85853453817866,
            74.73233083041706,
            61.82771343719157,
            59.240886739808396
        ],
        [
            74.55498035614022,
            41.36710690050872,
            0.0,
            10.267019512661205,
            91.192428888407,
            98.88270364281021,
            111.35079247998937,
            46.24750351275802,
            15.93327437820094,
            111.56168416275248,
            42.35382880323091,
            37.3449748512943,
            97.81351367807841,
            84.69900570814578,
            84.96848421917666,
            96.87285456275941,
            24.63808629759501,
            51.941136859865004,
            35.22770378647001,
            98.8737981355376,
            63.05857362492957,
            74.55498035614022
        ],
        [
            81.38014125084247,
            51.63226337172089,
            10.267019512661205,
            0.0,
            96.13916603770457,
            106.9678545097824,
            118.92394862735219,
            49.3808850531169,
            22.280209118377034,
            118.1514237031949,
            47.85987799861335,
            45.89763380993319,
            106.04677633961776,
            94.16417157991553,
            93.14508427585638,
            104.11795879116059,
            32.5669575431898,
            59.846170194636805,
            34.71173144554381,
            106.65807117143488,
            67.60395989829718,
            81.38014125084247
        ],
        [
            24.758463242949755,
            82.8453619280955,
            91.192428888407,
            96.13916603770457,
            0.0,
            40.45157810334875,
            40.029001496846284,
            47.730422697046265,
            75.26363340628171,
            29.22008539291342,
            48.84495225742274,
            60.021090681730755,
            42.27231374594612,
            60.29802787210405,
            38.20640177846605,
            27.973666059217624,
            68.09405899366907,
            46.485353006827104,
            66.67624044938117,
            36.067093020574255,
            28.59121049423203,
            24.758463242949755
        ],
        [
            29.687900775004447,
            72.94462094793472,
            98.88270364281021,
            106.9678545097824,
            40.45157810334875,
            0.0,
            14.823781877373124,
            68.87727622100196,
            84.76202688057056,
            25.70026607365806,
            62.33158539373663,
            61.578808102585846,
            2.6284758269128567,
            28.799665934795943,
            13.945932595313172,
            12.762594150852403,
            74.46626539713007,
            47.12182250585458,
            87.67822688953908,
            4.750285336155199,
            52.364367857347204,
            29.687900775004447
        ],
        [
            38.438037966296854,
            87.44587575536674,
            111.35079247998937,
            118.92394862735219,
            40.029001496846284,
            14.823781877373124,
            0.0,
            77.43713371717757,
            96.64407937586371,
            15.238329157920564,
            72.63836328219101,
            74.36610973578296,
            17.14454809977208,
            43.145541677628934,
            27.696198874906525,
            15.467906525635126,
            86.73794654229275,
            59.42716472213532,
            96.81666795214558,
            12.827539950597584,
            59.22566365525701,
            38.438037966296854
        ],
        [
            39.39243138374722,
            56.10155884577443,
            46.24750351275802,
            49.3808850531169,
            47.730422697046265,
            68.87727622100196,
            77.43713371717757,
            0.0,
            30.928862975341623,
            72.94431062550724,
            12.147051799055332,
            30.096342443478306,
            68.92383827878098,
            68.68977040827697,
            56.96967601236868,
            61.96955774052088,
            28.400967992010827,
            30.068739616328003,
            19.552287777165773,
            66.92310530015611,
            19.435690903265005,
            39.39243138374722
        ],
        [
            59.22067038178245,
            37.923641709337865,
            15.93327437820094,
            22.280209118377034,
            75.26363340628171,
            84.76202688057056,
            96.64407937586371,
            30.928862975341623,
            0.0,
            96.11506122307004,
            26.43550012966462,
            24.34904865659853,
            83.8959446284058,
            73.44642816205736,
            70.9866501984746,
            81.86670950930338,
            10.82812136715393,
            37.656066225277634,
            24.235472399733357,
            84.38918325172207,
            47.147495292582924,
            59.22067038178245
        ],
        [
            37.031125534819125,
            92.94670662461046,
            111.56168416275248,
            118.1514237031949,
            29.22008539291342,
            25.70026607365806,
            15.238329157920564,
            72.94431062550724,
            96.11506122307004,
            0.0,
            70.49520467459908,
            75.94528256883605,
            28.327996301744363,
            54.106280255787546,
            34.33280923214388,
            17.10762344502844,
            87.07170331457358,
            60.78609319123375,
            92.48084688600282,
            21.478628590200888,
            53.68635464765247,
            37.031125534819125
        ],
        [
            34.29074900071362,
            44.66997726307734,
            42.35382880323091,
            47.85987799861335,
            48.84495225742274,
            62.33158539373663,
            72.63836328219101,
            12.147051799055332,
            26.43550012966462,
            70.49520467459908,
            0.0,
            18.277656684090715,
            61.973214040775105,
            58.34651330680825,
            49.37960445351638,
            57.37091900326028,
            20.05876670786905,
            18.985784500519998,
            26.153700067039935,
            61.09978341288408,
            21.111815588426886,
            34.29074900071362
        ],
        [
            39.221200732678646,
            26.5117276741684,
            37.3449748512943,
            45.89763380993319,
            60.021090681730755,
            61.578808102585846,
            74.36610973578296,
            30.096342443478306,
            24.34904865659853,
            75.94528256883605,
            18.277656684090715,
            0.0,
            60.47332907851129,
            49.19691446173563,
            47.64735014763164,
            60.356246856254295,
            13.530404337511763,
            15.177220521508323,
            38.260575339424896,
            61.74538993655797,
            36.00992871814403,
            39.221200732678646
        ],
        [
            30.030682670091903,
            71.0586863100343,
            97.81351367807841,
            106.04677633961776,
            42.27231374594612,
            2.6284758269128567,
            17.14454809977208,
            68.92383827878098,
            83.8959446284058,
            28.327996301744363,
            61.973214040775105,
            60.47332907851129,
            0.0,
            26.2382630455329,
            12.90974484472704,
            14.935470903093195,
            73.50060569819502,
            46.24195144929172,
            87.53247838972499,
            7.203027664804705,
            52.871351119670294,
            30.030682670091903
        ],
        [
            38.61309297146461,
            50.5078709894738,
            84.69900570814578,
            94.16417157991553,
            60.29802787210405,
            28.799665934795943,
            43.145541677628934,
            68.68977040827697,
            73.44642816205736,
            54.106280255787546,
            58.34651330680825,
            49.19691446173563,
            26.2382630455329,
            0.0,
            22.374040038643138,
            38.29821047164743,
            62.62993544598278,
            39.42282640468857,
            84.2044124562162,
            32.648982097447615,
            58.57982631208472,
            38.61309297146461
        ],
        [
            19.58332404962121,
            59.86348089547702,
            84.96848421917666,
            93.14508427585638,
            38.20640177846605,
            13.945932595313172,
            27.696198874906525,
            56.96967601236868,
            70.9866501984746,
            34.33280923214388,
            49.37960445351638,
            47.64735014763164,
            12.90974484472704,
            22.374040038643138,
            0.0,
            17.34239169070696,
            60.60762717339153,
            33.33222268814669,
            75.18081618395541,
            14.8964856947305,
            42.25538311736229,
            19.58332404962121
        ],
        [
            23.08894422259725,
            76.02328318596173,
            96.87285456275941,
            104.11795879116059,
            27.973666059217624,
            12.762594150852403,
            15.467906525635126,
            61.96955774052088,
            81.86670950930338,
            17.10762344502844,
            57.37091900326028,
            60.356246856254295,
            14.935470903093195,
            38.29821047164743,
            17.34239169070696,
            0.0,
            72.23734146325305,
            45.21612598147664,
            81.35410889359797,
            8.156390553422556,
            43.8754072336001,
            23.08894422259725
        ],
        [
            50.040750952975316,
            30.778027815861982,
            24.63808629759501,
            32.5669575431898,
            68.09405899366907,
            74.46626539713007,
            86.73794654229275,
            28.400967992010827,
            10.82812136715393,
            87.07170331457358,
            20.05876670786905,
            13.530404337511763,
            73.50060569819502,
            62.62993544598278,
            60.60762717339153,
            72.23734146325305,
            0.0,
            27.38425741825522,
            29.09577816061557,
            74.31226168707258,
            41.09510490071847,
            50.040750952975316
        ],
        [
            24.254640172292245,
            36.559732550982964,
            51.941136859865004,
            59.846170194636805,
            46.485353006827104,
            47.12182250585458,
            59.42716472213532,
            30.068739616328003,
            37.656066225277634,
            60.78609319123375,
            18.985784500519998,
            15.177220521508323,
            46.24195144929172,
            39.42282640468857,
            33.33222268814669,
            45.21612598147664,
            27.38425741825522,
            0.0,
            44.80288341121948,
            46.937514010041625,
            26.884667405575897,
            24.254640172292245
        ],
        [
            58.54296845783061,
            59.85853453817866,
            35.22770378647001,
            34.71173144554381,
            66.67624044938117,
            87.67822688953908,
            96.81666795214558,
            19.552287777165773,
            24.235472399733357,
            92.48084688600282,
            26.153700067039935,
            38.260575339424896,
            87.53247838972499,
            84.2044124562162,
            75.18081618395541,
            81.35410889359797,
            29.09577816061557,
            44.80288341121948,
            0.0,
            86.0000645993379,
            38.86141971150885,
            58.54296845783061
        ],
        [
            27.53104270752467,
            74.73233083041706,
            98.8737981355376,
            106.65807117143488,
            36.067093020574255,
            4.750285336155199,
            12.827539950597584,
            66.92310530015611,
            84.38918325172207,
            21.478628590200888,
            61.09978341288408,
            61.74538993655797,
            7.203027664804705,
            32.648982097447615,
            14.8964856947305,
            8.156390553422556,
            74.31226168707258,
            46.937514010041625,
            86.0000645993379,
            0.0,
            49.72825630093484,
            27.53104270752467
        ],
        [
            22.908576768771407,
            61.82771343719157,
            63.05857362492957,
            67.60395989829718,
            28.59121049423203,
            52.364367857347204,
            59.22566365525701,
            19.435690903265005,
            47.147495292582924,
            53.68635464765247,
            21.111815588426886,
            36.00992871814403,
            52.871351119670294,
            58.57982631208472,
            42.25538311736229,
            43.8754072336001,
            41.09510490071847,
            26.884667405575897,
            38.86141971150885,
            49.72825630093484,
            0.0,
            22.908576768771407
        ],
        [
            0.0,
            59.240886739808396,
            74.55498035614022,
            81.38014125084247,
            24.758463242949755,
            29.687900775004447,
            38.438037966296854,
            39.39243138374722,
            59.22067038178245,
            37.031125534819125,
            34.29074900071362,
            39.221200732678646,
            30.030682670091903,
            38.61309297146461,
            19.58332404962121,
            23.08894422259725,
            50.040750952975316,
            24.254640172292245,
            58.54296845783061,
            27.53104270752467,
            22.908576768771407,
            0.0
        ]
    ],
    "scores_ave": [
        0,
        19.81411845474681,
        19.91437260106199,
        13.497837928600328,
        17.633702657070955,
        10.288159433821466,
        14.153738153541191,
        10.486259963873643,
        13.344577268404922,
        16.49042402140188,
        12.982805613471873,
        16.902123287210173,
        11.019609236973672,
        14.516460813268388,
        18.113944810740513,
        15.08857736094201,
        13.4454729203782,
        19.065466799215507,
        17.835102792553734,
        13.131928691133588,
        12.399918699365724,
        0
    ],
    "scores_var": [
        0,
        20.54939392132202,
        391.08219065086246,
        363.3954067409262,
        22.693115665150806,
        262.25257447833195,
        19.44611742889136,
        322.734597814778,
        395.48966891826285,
        270.27116340636763,
        16.413543777579182,
        23.368529005355967,
        340.88199191873326,
        263.9920128202348,
        21.232956829498676,
        268.16752016983196,
        305.6803639331565,
        355.6334629725829,
        16.474702310475664,
        386.12700068686195,
        23.59035018482154,
        0
    ],
    "vertex_number": 22,
    "minimum_distances": {
        "cost": 398.2722388750818,
        "path": [
            0,
            20,
            17,
            10,
            7,
            18,
            3,
            2,
            8,
            16,
            11,
            1,
            13,
            14,
            12,
            5,
            19,
            15,
            6,
            9,
            4,
            21
        ]
    }
}