{
    "vertices": [
        [
            22.238945632767592,
            47.96001486316089
        ],
        [
            78.59000255291478,
            95.17703734881418
        ],
        [
            32.216047837312686,
            23.967776130876008
        ],
        [
            87.80479596027877,
            14.018077296360287
        ],
        [
            25.255309431319183,
            3.3601892246837295
        ],
        [
            43.211902736437516,
            97.05056185057363
        ],
        [
            92.26816263205431,
            2.214532873580044
        ],
        [
            40.22923364582911,
            42.06397442020495
        ],
        [
            75.55923820860012,
            60.5536695191606
        ],
        [
            98.6096322770798,
            87.00222468151341
        ],
        [
            95.2011192461892,
            39.25907917765343
        ],
        [
            84.23165155915531,
            77.2679256509773
        ],
        [
            85.30214885519626,
            88.13786743460804
        ],
        [
            35.00990666884901,
            74.96156192829508
        ],
        [
            77.44125675692237,
            78.71562820185788
        ],
        [
            78.4518011420538,
            99.60093015190569
        ],
        [
            87.4598453741927,
            57.778339389784364
        ],
        [
            53.752421879205855,
            48.99501792909796
        ],
        [
            56.911606333954246,
            50.047460613371584
        ],
        [
            22.238945632767592,
            47.96001486316089
        ]
    ],
    "distances": [
        [
            0.0,
            73.5179490221834,
            25.984035248338344,
            73.8304534386603,
            44.70171023068108,
            53.3830191465016,
            83.64652028621546,
            18.931818605138734,
            54.787350163764664,
            85.77164989682773,
            73.47914711126153,
            68.57148986876537,
            74.77451061642785,
            29.869398884071412,
            63.19179460410519,
            76.33262249108964,
            65.95578260919295,
            31.530468066321625,
            34.735440545064144,
            0.0
        ],
        [
            73.5179490221834,
            0.0,
            84.97824756471074,
            81.68040899956492,
            106.18344075148636,
            35.4276733738376,
            93.96339341178827,
            65.5175247151572,
            34.75576401660967,
            21.624364416974952,
            58.33307161318751,
            18.776700597155305,
            9.726398154727981,
            48.04050586475935,
            16.50144260382427,
            4.426050967082144,
            38.4361382126888,
            52.43743254018111,
            50.06627167012183,
            73.5179490221834
        ],
        [
            25.984035248338344,
            84.97824756471074,
            0.0,
            56.47216504417135,
            21.751425637252847,
            73.90536106070958,
            63.870651190761464,
            19.790996420810167,
            56.72001187042004,
            91.55025810364184,
            64.81468328434273,
            74.47502245325559,
            83.2822594506792,
            51.07026372678737,
            71.01159643472647,
            88.64603133150224,
            64.76906170526506,
            33.017847278388665,
            35.91685610082772,
            25.984035248338344
        ],
        [
            73.8304534386603,
            81.68040899956492,
            56.47216504417135,
            0.0,
            63.450995604362916,
            94.249241998642,
            12.61924336033121,
            55.22686370795793,
            48.11979871296689,
            73.77960597191215,
            26.302353014913795,
            63.350695953504164,
            74.16202891419886,
            80.63131311331347,
            65.5223323607223,
            86.0924109022606,
            43.7616216494774,
            48.815474560669614,
            47.46056918634854,
            73.8304534386603
        ],
        [
            44.70171023068108,
            106.18344075148636,
            21.751425637252847,
            63.450995604362916,
            0.0,
            95.3956244589002,
            67.02264559518744,
            41.49941439156623,
            76.16809987537084,
            111.25127763545744,
            78.62026844595098,
            94.55454740221678,
            103.88877536799804,
            72.26277562000983,
            91.66141653778458,
            109.96429849978999,
            82.64828709210909,
            53.801700797918336,
            56.407645255840755,
            44.70171023068108
        ],
        [
            53.3830191465016,
            35.4276733738376,
            73.90536106070958,
            94.249241998642,
            95.3956244589002,
            0.0,
            106.77260429094848,
            55.0674233294209,
            48.76856838168806,
            56.30166532280611,
            77.7350249426362,
            45.5408880950343,
            43.02353937195393,
            23.562611422742574,
            38.83063827137653,
            35.33206501339252,
            59.16238572508544,
            49.19794554031645,
            48.95889505058787,
            53.3830191465016
        ],
        [
            83.64652028621546,
            93.96339341178827,
            63.870651190761464,
            12.61924336033121,
            67.02264559518744,
            106.77260429094848,
            0.0,
            65.54409295742268,
            60.68478408909785,
            85.02450775732765,
            37.160471544035005,
            75.48243025779638,
            86.20524792624707,
            92.57774091127678,
            77.92467339845753,
            98.36158914776765,
            55.77146680357654,
            60.59600702827016,
            59.48172029641408,
            83.64652028621546
        ],
        [
            18.931818605138734,
            65.5175247151572,
            19.790996420810167,
            55.22686370795793,
            41.49941439156623,
            55.0674233294209,
            65.54409295742268,
            0.0,
            39.875782716553225,
            73.67304310866851,
            55.04339782190743,
            56.351849698812984,
            64.45441259505405,
            33.309047388736296,
            52.23100984042615,
            69.07579851782491,
            49.7762187257387,
            15.195919982597538,
            18.49425884705807,
            18.931818605138734
        ],
        [
            54.787350163764664,
            34.75576401660967,
            56.72001187042004,
            48.11979871296689,
            76.16809987537084,
            48.76856838168806,
            60.68478408909785,
            39.875782716553225,
            0.0,
            35.08342538704313,
            28.970037426751997,
            18.830218038112573,
            29.254269474832753,
            43.03296006544111,
            18.259209649057436,
            39.154252428638124,
            12.219938962072472,
            24.68075495207539,
            21.403611847171714,
            54.787350163764664
        ],
        [
            85.77164989682773,
            21.624364416974952,
            91.55025810364184,
            73.77960597191215,
            111.25127763545744,
            56.30166532280611,
            85.02450775732765,
            73.67304310866851,
            35.08342538704313,
            0.0,
            47.86466236885513,
            17.36326314783326,
            13.355852630452366,
            64.7294574129815,
            22.7325274305133,
            23.77110715969948,
            31.278638389864895,
            58.7938524830614,
            55.71696290076836,
            85.77164989682773
        ],
        [
            73.47914711126153,
            58.33307161318751,
            64.81468328434273,
            26.302353014913795,
            78.62026844595098,
            77.7350249426362,
            37.160471544035005,
            55.04339782190743,
            28.970037426751997,
            47.86466236885513,
            0.0,
            39.56010151111325,
            49.87108938322842,
            69.98320760075534,
            43.26929600232844,
            62.62330744980167,
            20.072127938160204,
            42.576789648723526,
            39.78034656785628,
            73.47914711126153
        ],
        [
            68.57148986876537,
            18.776700597155305,
            74.47502245325559,
            63.350695953504164,
            94.55454740221678,
            45.5408880950343,
            75.48243025779638,
            56.351849698812984,
            18.830218038112573,
            17.36326314783326,
            39.56010151111325,
            0.0,
            10.922527127013801,
            49.27574944805709,
            6.94300397853971,
            23.068804929656757,
            19.755131180023234,
            41.57331780039953,
            38.5660289370133,
            68.57148986876537
        ],
        [
            74.77451061642785,
            9.726398154727981,
            83.2822594506792,
            74.16202891419886,
            103.88877536799804,
            43.02353937195393,
            86.20524792624707,
            64.45441259505405,
            29.254269474832753,
            13.355852630452366,
            49.87108938322842,
            10.922527127013801,
            0.0,
            51.989659076838535,
            12.270787127967024,
            13.353990813672725,
            30.43610680380335,
            50.27472466031562,
            47.5068626248645,
            74.77451061642785
        ],
        [
            29.869398884071412,
            48.04050586475935,
            51.07026372678737,
            80.63131311331347,
            72.26277562000983,
            23.562611422742574,
            92.57774091127678,
            33.309047388736296,
            43.03296006544111,
            64.7294574129815,
            69.98320760075534,
            49.27574944805709,
            51.989659076838535,
            0.0,
            42.59709478219078,
            49.94293405357491,
            55.192927146531126,
            32.02410472866802,
            33.17223074426475,
            29.869398884071412
        ],
        [
            63.19179460410519,
            16.50144260382427,
            71.01159643472647,
            65.5223323607223,
            91.66141653778458,
            38.83063827137653,
            77.92467339845753,
            52.23100984042615,
            18.259209649057436,
            22.7325274305133,
            43.26929600232844,
            6.94300397853971,
            12.270787127967024,
            42.59709478219078,
            0.0,
            20.909735471760307,
            23.210820336262945,
            38.00625702235095,
            35.260890223742386,
            63.19179460410519
        ],
        [
            76.33262249108964,
            4.426050967082144,
            88.64603133150224,
            86.0924109022606,
            109.96429849978999,
            35.33206501339252,
            98.36158914776765,
            69.07579851782491,
            39.154252428638124,
            23.77110715969948,
            62.62330744980167,
            23.068804929656757,
            13.353990813672725,
            49.94293405357491,
            20.909735471760307,
            0.0,
            42.78170121610461,
            56.31178995443603,
            54.03264139089728,
            76.33262249108964
        ],
        [
            65.95578260919295,
            38.4361382126888,
            64.76906170526506,
            43.7616216494774,
            82.64828709210909,
            59.16238572508544,
            55.77146680357654,
            49.7762187257387,
            12.219938962072472,
            31.278638389864895,
            20.072127938160204,
            19.755131180023234,
            30.43610680380335,
            55.192927146531126,
            23.210820336262945,
            42.78170121610461,
            0.0,
            34.832989170499644,
            31.51128996272825,
            65.95578260919295
        ],
        [
            31.530468066321625,
            52.43743254018111,
            33.017847278388665,
            48.815474560669614,
            53.801700797918336,
            49.19794554031645,
            60.59600702827016,
            15.195919982597538,
            24.68075495207539,
            58.7938524830614,
            42.576789648723526,
            41.57331780039953,
            50.27472466031562,
            32.02410472866802,
            38.00625702235095,
            56.31178995443603,
            34.832989170499644,
            0.0,
            3.329877178336306,
            31.530468066321625
        ],
        [
            34.735440545064144,
            50.06627167012183,
            35.91685610082772,
            47.46056918634854,
            56.407645255840755,
            48.95889505058787,
            59.48172029641408,
            18.49425884705807,
            21.403611847171714,
            55.71696290076836,
            39.78034656785628,
            38.5660289370133,
            47.5068626248645,
            33.17223074426475,
            35.260890223742386,
            54.03264139089728,
            31.51128996272825,
            3.329877178336306,
            0.0,
            34.735440545064144
        ],
        [
            0.0,
            73.5179490221834,
            25.984035248338344,
            73.8304534386603,
            44.70171023068108,
            53.3830191465016,
            83.64652028621546,
            18.931818605138734,
            54.787350163764664,
            85.77164989682773,
            73.47914711126153,
            68.57148986876537,
            74.77451061642785,
            29.869398884071412,
            63.19179460410519,
            76.33262249108964,
            65.95578260919295,
            31.530468066321625,
            34.735440545064144,
            0.0
        ]
    ],
    "scores_ave": [
        0,
        12.31181909347946,
        13.826531246184718,
        11.125744250189625,
        17.6110406969739,
        17.165226297591868,
        16.527632353964687,
        18.011553657539388,
        18.566580217328255,
        10.546149189330865,
        19.060720229919795,
        12.63665889788707,
        14.782500508766777,
        11.835292404612279,
        11.676414052085462,
        14.159056554306256,
        19.43608246497809,
        12.53511358167859,
        13.601990857684445,
        0
    ],
    "scores_var": [
        0,
        238.35369026267418,
        228.92895021714338,
        238.7942897169528,
        287.19259473999057,
        390.92477385790374,
        23.421986906561788,
        20.594944589071197,
        22.338657942386238,
        346.2732732384099,
        283.7308392414461,
        18.183340655422157,
        230.44345295232463,
        364.2426096782715,
        21.808198208486075,
        331.3003426432551,
        371.6630036946568,
        24.803388505578937,
        23.91593621780586,
        0
    ],
    "vertex_number": 20,
    "minimum_distances": {
        "cost": 385.5700712304216,
        "path": [
            0,
            7,
            17,
            18,
            13,
            5,
            15,
            1,
            12,
            9,
            11,
            14,
            8,
            16,
            10,
            3,
            6,
            4,
            2,
            19
        ]
    }
}