{
    "vertices": [
        [
            51.69284754715914,
            10.023075094813228
        ],
        [
            89.48762323391735,
            94.30548205528615
        ],
        [
            46.49032669772638,
            49.143572999595186
        ],
        [
            2.303216803314878,
            4.344563659596301
        ],
        [
            73.48201575018733,
            34.97810826661848
        ],
        [
            50.86497105975849,
            49.60469489011774
        ],
        [
            31.257267704712977,
            24.47891606937538
        ],
        [
            70.07399449922079,
            89.64794770039984
        ],
        [
            98.3354763150799,
            66.55507899545101
        ],
        [
            29.11106731761841,
            19.787991579065324
        ],
        [
            79.603405413134,
            63.542281176125115
        ],
        [
            21.610954933891403,
            78.7905763858448
        ],
        [
            14.636062467065935,
            81.6114731480246
        ],
        [
            12.617767882074215,
            34.191559435852156
        ],
        [
            25.977358475736168,
            70.0835366106296
        ],
        [
            8.217522561383618,
            20.996576343992146
        ],
        [
            52.54347582257402,
            41.31837757337995
        ],
        [
            30.984615537612637,
            77.9314899325721
        ],
        [
            6.939159086758783,
            98.30042521004904
        ],
        [
            77.32488208384993,
            1.1872169089745865
        ],
        [
            63.22597413718229,
            70.97194477349775
        ],
        [
            51.69284754715914,
            10.023075094813228
        ]
    ],
    "distances": [
        [
            0.0,
            92.36865914509718,
            39.46491580514054,
            49.714998915148094,
            33.12886251572419,
            39.59027664842004,
            25.03166518190154,
            81.71895068299142,
            73.28985116237988,
            24.602650106842045,
            60.35979340557638,
            75.05923991760243,
            80.61081848174759,
            45.94537502486814,
            65.33410606777545,
            44.83884044313065,
            31.30686068081435,
            70.99565957675411,
            98.9736488878656,
            27.11224048968217,
            62.03045803515212,
            0.0
        ],
        [
            92.36865914509718,
            0.0,
            62.35676017061535,
            125.27604544865089,
            61.448488602922744,
            59.075118570780226,
            90.92042467148013,
            19.964508682048304,
            29.12678104647242,
            95.90716809075136,
            32.31210748713716,
            69.62725326654362,
            75.92031356212436,
            97.584109129041,
            67.9724677408301,
            109.44873192463749,
            64.5949167452634,
            60.75121009122854,
            82.64507549675606,
            93.90923051618688,
            35.13016048014375,
            92.36865914509718
        ],
        [
            39.46491580514054,
            62.35676017061535,
            0.0,
            62.92417594745366,
            30.48297342789819,
            4.398880163425505,
            28.9895047865614,
            46.86996646973868,
            54.69076777564469,
            34.11434913842603,
            36.108153915226005,
            38.703074156291585,
            45.48470830647501,
            37.0258416559323,
            29.31320421427561,
            47.508535624552614,
            9.893143978842296,
            32.6981840462258,
            63.0927173184929,
            57.01387458636998,
            27.50563050572507,
            39.46491580514054
        ],
        [
            49.714998915148094,
            125.27604544865089,
            62.92417594745366,
            0.0,
            77.49087349301018,
            66.3831564138618,
            35.26654520309479,
            108.94744438636783,
            114.42177714616915,
            30.938007613630834,
            97.36369404598591,
            76.90902133401303,
            78.24496395333615,
            31.57899809721914,
            69.87186521470971,
            17.671121612427584,
            62.379055312286916,
            78.97884749513729,
            94.0701646673549,
            75.08807561769245,
            90.28172725008294,
            49.714998915148094
        ],
        [
            33.12886251572419,
            61.448488602922744,
            30.48297342789819,
            77.49087349301018,
            0.0,
            26.93450847488372,
            43.51048591200104,
            54.77596144808848,
            40.18456895949261,
            46.89904806909381,
            29.21272642890121,
            67.89800669317246,
            75.08339988280811,
            60.869329942215494,
            59.068465038288956,
            66.74531673529481,
            21.87741916183256,
            60.4236875849929,
            91.85677762698772,
            34.008704185877036,
            37.42649671090852,
            33.12886251572419
        ],
        [
            39.59027664842004,
            59.075118570780226,
            4.398880163425505,
            66.3831564138618,
            26.93450847488372,
            0.0,
            31.871096501506322,
            44.41225818539266,
            50.40599558102025,
            36.90891659696367,
            31.939848474330223,
            41.3232759855159,
            48.34219349872833,
            41.2360678950673,
            32.230051479111275,
            51.3539609978696,
            8.454610157332096,
            34.60687580617662,
            65.58011214445123,
            55.17589206761698,
            24.685091951598718,
            39.59027664842004
        ],
        [
            25.03166518190154,
            90.92042467148013,
            28.9895047865614,
            35.26654520309479,
            43.51048591200104,
            31.871096501506322,
            0.0,
            75.85341760767888,
            79.18263418804382,
            5.158580102640215,
            62.155414283752,
            55.16165150178224,
            59.50120622220273,
            21.018239574296313,
            45.90924586810395,
            23.301427986982922,
            27.141667593973388,
            53.45326923402091,
            77.72377769100768,
            51.62100681276452,
            56.423398595332344,
            25.03166518190154
        ],
        [
            81.71895068299142,
            19.964508682048304,
            46.86996646973868,
            108.94744438636783,
            54.77596144808848,
            44.41225818539266,
            75.85341760767888,
            0.0,
            36.49646475279682,
            80.98379388840735,
            27.79056489247468,
            49.664360619792575,
            56.01740114672222,
            79.85379750787789,
            48.241885223083955,
            92.40797535771375,
            51.41076184744586,
            40.80753521384874,
            63.72497790987182,
            88.757401172623,
            19.891919671176765,
            81.71895068299142
        ],
        [
            73.28985116237988,
            29.12678104647242,
            54.69076777564469,
            114.42177714616915,
            40.18456895949261,
            50.40599558102025,
            79.18263418804382,
            36.49646475279682,
            0.0,
            83.54148230944726,
            18.972807672446987,
            77.69401249493286,
            85.04285321753241,
            91.62381206482468,
            72.4440972777939,
            100.97931843994753,
            52.28573809149511,
            68.30491324404143,
            96.75253903223731,
            68.66150641885157,
            35.38623809450614,
            73.28985116237988
        ],
        [
            24.602650106842045,
            95.90716809075136,
            34.11434913842603,
            30.938007613630834,
            46.89904806909381,
            36.90891659696367,
            5.158580102640215,
            80.98379388840735,
            83.54148230944726,
            0.0,
            66.81252924785313,
            59.47736291774998,
            63.49542218720154,
            21.89729876664209,
            50.39307473381437,
            20.92847079016524,
            31.821930950325676,
            58.17367603750763,
            81.58306043081055,
            51.67746852004241,
            61.511169163960595,
            24.602650106842045
        ],
        [
            60.35979340557638,
            32.31210748713716,
            36.108153915226005,
            97.36369404598591,
            29.21272642890121,
            31.939848474330223,
            62.155414283752,
            27.79056489247468,
            18.972807672446987,
            66.81252924785313,
            0.0,
            59.96361246114317,
            67.43331037394928,
            73.13371658898143,
            54.02352203245758,
            83.10283551231457,
            35.016305927241575,
            50.703412681955726,
            80.54949578279889,
            62.39668026684244,
            17.983886019674536,
            60.35979340557638
        ],
        [
            75.05923991760243,
            69.62725326654362,
            38.703074156291585,
            76.90902133401303,
            67.89800669317246,
            41.3232759855159,
            55.16165150178224,
            49.664360619792575,
            77.69401249493286,
            59.47736291774998,
            59.96361246114317,
            0.0,
            7.523734675455743,
            45.49670016885514,
            9.740534971828508,
            59.32563081463697,
            48.58998386879418,
            9.412945482045043,
            24.410976926850786,
            95.53179094190178,
            42.34313195289009,
            75.05923991760243
        ],
        [
            80.61081848174759,
            75.92031356212436,
            45.48470830647501,
            78.24496395333615,
            75.08339988280811,
            48.34219349872833,
            59.50120622220273,
            56.01740114672222,
            85.04285321753241,
            63.49542218720154,
            67.43331037394928,
            7.523734675455743,
            0.0,
            47.46284577963786,
            16.171527941616592,
            60.95378059714049,
            55.321835998932656,
            16.75760913634442,
            18.378341670954253,
            101.97033439461723,
            49.74112061606646,
            80.61081848174759
        ],
        [
            45.94537502486814,
            97.584109129041,
            37.0258416559323,
            31.57899809721914,
            60.869329942215494,
            41.2360678950673,
            21.018239574296313,
            79.85379750787789,
            91.62381206482468,
            21.89729876664209,
            73.13371658898143,
            45.49670016885514,
            47.46284577963786,
            0.0,
            38.29768513037055,
            13.90933994396323,
            40.55679587092013,
            47.43967340380463,
            64.35987312529622,
            72.63812534718323,
            62.561867666696585,
            45.94537502486814
        ],
        [
            65.33410606777545,
            67.9724677408301,
            29.31320421427561,
            69.87186521470971,
            59.068465038288956,
            32.230051479111275,
            45.90924586810395,
            48.241885223083955,
            72.4440972777939,
            50.39307473381437,
            54.02352203245758,
            9.740534971828508,
            16.171527941616592,
            38.29768513037055,
            0.0,
            52.200971637730746,
            39.156008036113995,
            9.309296140262179,
            34.03888714700447,
            85.92596260222201,
            37.259208764518604,
            65.33410606777545
        ],
        [
            44.83884044313065,
            109.44873192463749,
            47.508535624552614,
            17.671121612427584,
            66.74531673529481,
            51.3539609978696,
            23.301427986982922,
            92.40797535771375,
            100.97931843994753,
            20.92847079016524,
            83.10283551231457,
            59.32563081463697,
            60.95378059714049,
            13.90933994396323,
            52.200971637730746,
            0.0,
            48.762339338058666,
            61.31822655562801,
            77.31441820695167,
            71.8904573736538,
            74.32003225532006,
            44.83884044313065
        ],
        [
            31.30686068081435,
            64.5949167452634,
            9.893143978842296,
            62.379055312286916,
            21.87741916183256,
            8.454610157332096,
            27.141667593973388,
            51.41076184744586,
            52.28573809149511,
            31.821930950325676,
            35.016305927241575,
            48.58998386879418,
            55.321835998932656,
            40.55679587092013,
            39.156008036113995,
            48.762339338058666,
            0.0,
            42.4888744663037,
            72.9842959670653,
            47.165963920593434,
            31.519038975411533,
            31.30686068081435
        ],
        [
            70.99565957675411,
            60.75121009122854,
            32.6981840462258,
            78.97884749513729,
            60.4236875849929,
            34.60687580617662,
            53.45326923402091,
            40.80753521384874,
            68.30491324404143,
            58.17367603750763,
            50.703412681955726,
            9.412945482045043,
            16.75760913634442,
            47.43967340380463,
            9.309296140262179,
            61.31822655562801,
            42.4888744663037,
            0.0,
            31.513132187517535,
            89.64989540148274,
            32.98394265649937,
            70.99565957675411
        ],
        [
            98.9736488878656,
            82.64507549675606,
            63.0927173184929,
            94.0701646673549,
            91.85677762698772,
            65.58011214445123,
            77.72377769100768,
            63.72497790987182,
            96.75253903223731,
            81.58306043081055,
            80.54949578279889,
            24.410976926850786,
            18.378341670954253,
            64.35987312529622,
            34.03888714700447,
            77.31441820695167,
            72.9842959670653,
            31.513132187517535,
            0.0,
            119.93800577111126,
            62.5703715147317,
            98.9736488878656
        ],
        [
            27.11224048968217,
            93.90923051618688,
            57.01387458636998,
            75.08807561769245,
            34.008704185877036,
            55.17589206761698,
            51.62100681276452,
            88.757401172623,
            68.66150641885157,
            51.67746852004241,
            62.39668026684244,
            95.53179094190178,
            101.97033439461723,
            72.63812534718323,
            85.92596260222201,
            71.8904573736538,
            47.165963920593434,
            89.64989540148274,
            119.93800577111126,
            0.0,
            71.19471503148365,
            27.11224048968217
        ],
        [
            62.03045803515212,
            35.13016048014375,
            27.50563050572507,
            90.28172725008294,
            37.42649671090852,
            24.685091951598718,
            56.423398595332344,
            19.891919671176765,
            35.38623809450614,
            61.511169163960595,
            17.983886019674536,
            42.34313195289009,
            49.74112061606646,
            62.561867666696585,
            37.259208764518604,
            74.32003225532006,
            31.519038975411533,
            32.98394265649937,
            62.5703715147317,
            71.19471503148365,
            0.0,
            62.03045803515212
        ],
        [
            0.0,
            92.36865914509718,
            39.46491580514054,
            49.714998915148094,
            33.12886251572419,
            39.59027664842004,
            25.03166518190154,
            81.71895068299142,
            73.28985116237988,
            24.602650106842045,
            60.35979340557638,
            75.05923991760243,
            80.61081848174759,
            45.94537502486814,
            65.33410606777545,
            44.83884044313065,
            31.30686068081435,
            70.99565957675411,
            98.9736488878656,
            27.11224048968217,
            62.03045803515212,
            0.0
        ]
    ],
    "scores_ave": [
        0,
        10.686316195346118,
        14.499458576523239,
        15.138480667308762,
        10.218502690739339,
        19.08886089034102,
        18.632695816859943,
        19.71133162209732,
        19.137507190325444,
        14.628744374886448,
        18.630679279186374,
        16.106508264962514,
        19.3626527242911,
        10.776805946315461,
        19.852138141805952,
        14.324963935583739,
        11.026365993430773,
        10.308607269027085,
        19.912610480681323,
        13.555366359757912,
        17.83592222182926,
        0
    ],
    "scores_var": [
        0,
        17.157763789291835,
        19.717423472149274,
        337.93549500726994,
        17.355983999623444,
        20.176238843604224,
        21.82636529320927,
        286.07296183006684,
        272.03702264251933,
        16.367516775192513,
        308.29080814725444,
        274.8218295969223,
        19.77915198958137,
        16.222352289605038,
        393.82145194430973,
        395.1682710929555,
        366.9989905478342,
        312.81949126561045,
        270.7678437648044,
        18.292664313319158,
        17.808047954872638,
        0
    ],
    "vertex_number": 22,
    "minimum_distances": {
        "cost": 453.4009099170043,
        "path": [
            0,
            19,
            4,
            10,
            8,
            1,
            7,
            20,
            5,
            16,
            2,
            17,
            11,
            18,
            12,
            14,
            13,
            15,
            3,
            9,
            6,
            21
        ]
    }
}