{
    "vertices": [
        [
            28.5842769360654,
            2.6737580058596055
        ],
        [
            0.2521489238594299,
            79.7095953302593
        ],
        [
            70.35707650934565,
            93.2439353295742
        ],
        [
            23.39764696773997,
            74.92927943688716
        ],
        [
            52.99300627380295,
            98.20941756222669
        ],
        [
            54.94189473618909,
            14.146810603053995
        ],
        [
            96.20829768481244,
            77.87097527629787
        ],
        [
            68.45851220958339,
            37.191843862004085
        ],
        [
            21.74323562515613,
            35.43714862274676
        ],
        [
            26.25207775914664,
            67.55683425290654
        ],
        [
            35.16502990446369,
            54.78387985000529
        ],
        [
            8.319013321978751,
            42.45832727088632
        ],
        [
            53.38353310668317,
            83.28464924250896
        ],
        [
            3.1063274669878793,
            18.876301053496135
        ],
        [
            62.26465091185543,
            19.62905405375597
        ],
        [
            5.95393843465446,
            49.740657286876
        ],
        [
            28.5842769360654,
            2.6737580058596055
        ]
    ],
    "distances": [
        [
            0.0,
            82.08062932246195,
            99.73927914637517,
            72.44143501959367,
            98.60450453581217,
            28.746390242870255,
            101.13174411352979,
            52.73948131921689,
            33.46998074293286,
            64.9249777534111,
            52.524005066662546,
            44.648548251338845,
            84.33930811064812,
            30.193514375762593,
            37.707421752499656,
            52.22475685551618,
            0.0
        ],
        [
            82.08062932246195,
            0.0,
            71.3994343883992,
            23.633990347372663,
            55.89133614990328,
            85.37825858029136,
            95.97376208494158,
            80.3732989405093,
            49.21296927713456,
            28.699928592998617,
            42.897558794975886,
            38.11471203156213,
            53.25152575897055,
            60.900213691901946,
            86.343626533108,
            30.50651817355693,
            82.08062932246195
        ],
        [
            99.73927914637517,
            71.3994343883992,
            0.0,
            50.40451014880081,
            18.060092717027988,
            80.58525280162712,
            30.07679399574583,
            56.0842357912558,
            75.53098777906945,
            51.03996548272732,
            52.13114243647171,
            80.17418081858018,
            19.67964824396204,
            100.2656884212076,
            74.05834252333581,
            77.71936305920195,
            99.73927914637517
        ],
        [
            72.44143501959367,
            23.633990347372663,
            50.40451014880081,
            0.0,
            37.65435065951683,
            68.48027515141281,
            72.87005168280815,
            58.77580811959987,
            39.52676907023451,
            7.905739885281421,
            23.33041846377035,
            35.8012280123154,
            31.12821183631277,
            59.612700263706415,
            67.5925951788877,
            30.63902174031137,
            72.44143501959367
        ],
        [
            98.60450453581217,
            55.89133614990328,
            18.060092717027988,
            37.65435065951683,
            0.0,
            84.08519521896332,
            47.76205236750749,
            62.94701084334154,
            70.12065254547639,
            40.677489123110476,
            46.942667872856155,
            71.44193246919365,
            14.92987677793924,
            93.71458849806763,
            79.12545054164131,
            67.54179910104132,
            98.60450453581217
        ],
        [
            28.746390242870255,
            85.37825858029136,
            80.58525280162712,
            68.48027515141281,
            84.08519521896332,
            0.0,
            75.91893818818103,
            26.716521214937096,
            39.43893329900477,
            60.6278502377744,
            45.19397946136025,
            54.545715206572076,
            69.15539908570862,
            52.05088005058807,
            9.147554386885286,
            60.553627342649705,
            28.746390242870255
        ],
        [
            101.13174411352979,
            95.97376208494158,
            30.07679399574583,
            72.87005168280815,
            47.76205236750749,
            75.91893818818103,
            0.0,
            49.242688051553564,
            85.70691402688637,
            70.71247564142075,
            65.26327080775299,
            94.75537950199038,
            43.16559193367591,
            110.21954656545816,
            67.4113680616263,
            94.53657574633517,
            101.13174411352979
        ],
        [
            52.73948131921689,
            80.3732989405093,
            56.0842357912558,
            58.77580811959987,
            62.94701084334154,
            26.716521214937096,
            49.242688051553564,
            0.0,
            46.74821944996633,
            51.9943819124587,
            37.655486907015934,
            60.369654413026346,
            48.49537815913984,
            67.87022291845386,
            18.62298320957725,
            63.75181927723929,
            52.73948131921689
        ],
        [
            33.46998074293286,
            49.21296927713456,
            75.53098777906945,
            39.52676907023451,
            70.12065254547639,
            39.43893329900477,
            85.70691402688637,
            46.74821944996633,
            0.0,
            32.43460902137623,
            23.546561762937564,
            15.149478342643217,
            57.36280798808292,
            24.931827408113364,
            43.49575784762583,
            21.304747496152217,
            33.46998074293286
        ],
        [
            64.9249777534111,
            28.699928592998617,
            51.03996548272732,
            7.905739885281421,
            40.677489123110476,
            60.6278502377744,
            70.71247564142075,
            51.9943819124587,
            32.43460902137623,
            0.0,
            15.575271430164745,
            30.846877521624997,
            31.36048522619717,
            53.90287626060289,
            59.949791825304054,
            27.007973299035474,
            64.9249777534111
        ],
        [
            52.524005066662546,
            42.897558794975886,
            52.13114243647171,
            23.33041846377035,
            46.942667872856155,
            45.19397946136025,
            65.26327080775299,
            37.655486907015934,
            23.546561762937564,
            15.575271430164745,
            0.0,
            29.540275095666974,
            33.82613952099701,
            48.13641674452027,
            44.38751215723748,
            29.643244739380634,
            52.524005066662546
        ],
        [
            44.648548251338845,
            38.11471203156213,
            80.17418081858018,
            35.8012280123154,
            71.44193246919365,
            54.545715206572076,
            94.75537950199038,
            60.369654413026346,
            15.149478342643217,
            30.846877521624997,
            29.540275095666974,
            0.0,
            60.807890188335044,
            24.151274383363294,
            58.57736363648249,
            7.656755819825799,
            44.648548251338845
        ],
        [
            84.33930811064812,
            53.25152575897055,
            19.67964824396204,
            31.12821183631277,
            14.92987677793924,
            69.15539908570862,
            43.16559193367591,
            48.49537815913984,
            57.36280798808292,
            31.36048522619717,
            33.82613952099701,
            60.807890188335044,
            0.0,
            81.70821698809318,
            64.27214834050392,
            58.09273489062555,
            84.33930811064812
        ],
        [
            30.193514375762593,
            60.900213691901946,
            100.2656884212076,
            59.612700263706415,
            93.71458849806763,
            52.05088005058807,
            110.21954656545816,
            67.87022291845386,
            24.931827408113364,
            53.90287626060289,
            48.13641674452027,
            24.151274383363294,
            81.70821698809318,
            0.0,
            59.163112408721084,
            30.9954411796985,
            30.193514375762593
        ],
        [
            37.707421752499656,
            86.343626533108,
            74.05834252333581,
            67.5925951788877,
            79.12545054164131,
            9.147554386885286,
            67.4113680616263,
            18.62298320957725,
            43.49575784762583,
            59.949791825304054,
            44.38751215723748,
            58.57736363648249,
            64.27214834050392,
            59.163112408721084,
            0.0,
            63.85612726245495,
            37.707421752499656
        ],
        [
            52.22475685551618,
            30.50651817355693,
            77.71936305920195,
            30.63902174031137,
            67.54179910104132,
            60.553627342649705,
            94.53657574633517,
            63.75181927723929,
            21.304747496152217,
            27.007973299035474,
            29.643244739380634,
            7.656755819825799,
            58.09273489062555,
            30.9954411796985,
            63.85612726245495,
            0.0,
            52.22475685551618
        ],
        [
            0.0,
            82.08062932246195,
            99.73927914637517,
            72.44143501959367,
            98.60450453581217,
            28.746390242870255,
            101.13174411352979,
            52.73948131921689,
            33.46998074293286,
            64.9249777534111,
            52.524005066662546,
            44.648548251338845,
            84.33930811064812,
            30.193514375762593,
            37.707421752499656,
            52.22475685551618,
            0.0
        ]
    ],
    "scores_ave": [
        0,
        11.547397319384787,
        13.351072341628468,
        13.99043691438354,
        13.511613047860713,
        18.739887515334008,
        13.439072488110465,
        19.856965488568843,
        11.243355393310438,
        16.909156530341313,
        13.088632851246022,
        15.89788205612594,
        18.77547814075239,
        12.330145173603166,
        19.258435081320066,
        15.917214332579801,
        0
    ],
    "scores_var": [
        0,
        288.68625497189873,
        18.487052852143023,
        399.13433256970063,
        267.1799933271519,
        17.061778048587247,
        21.393708393314345,
        24.56212901448417,
        19.203096453805372,
        21.406745726999937,
        376.9935445306884,
        237.40996191316512,
        359.2523632787736,
        292.73031837196504,
        362.41285360812117,
        371.21180863001734,
        0
    ],
    "vertex_number": 17,
    "minimum_distances": {
        "cost": 358.20561468531713,
        "path": [
            0,
            5,
            14,
            7,
            6,
            2,
            4,
            12,
            10,
            9,
            3,
            1,
            15,
            11,
            8,
            13,
            16
        ]
    }
}