{
    "vertices": [
        [
            70.32378781056343,
            70.38976815504968
        ],
        [
            9.53892466022438,
            26.094722226501766
        ],
        [
            0.936196205435802,
            22.966398843018265
        ],
        [
            35.65644458735434,
            1.7586091512849844
        ],
        [
            77.60369160446746,
            52.75000215266649
        ],
        [
            26.848695663467325,
            48.243709541546245
        ],
        [
            62.921366176157655,
            76.97786626114198
        ],
        [
            4.131571775069808,
            65.0686807476592
        ],
        [
            81.21163110441405,
            14.170180886498995
        ],
        [
            70.50641640642641,
            66.05118497559297
        ],
        [
            52.895277804235164,
            16.5789622247824
        ],
        [
            84.91109625509732,
            78.28341134979304
        ],
        [
            50.60538968575508,
            34.06125985691825
        ],
        [
            98.57411242258142,
            46.58290629363031
        ],
        [
            35.1580535525441,
            49.03237794394567
        ],
        [
            59.526515565105186,
            32.113567696878896
        ],
        [
            70.32378781056343,
            70.38976815504968
        ]
    ],
    "distances": [
        [
            0.0,
            75.21203814561612,
            84.04530817163621,
            76.88992568832286,
            19.08293331401994,
            48.79069121575577,
            9.909534939088498,
            66.40574850784041,
            57.26418710012073,
            4.342425268106699,
            56.56284819477864,
            16.586113786595337,
            41.33492155279661,
            36.943842685528715,
            41.143249537864605,
            39.76994605800486,
            0.0
        ],
        [
            75.21203814561612,
            0.0,
            9.15387044142961,
            35.698336750523374,
            73.09799208676203,
            28.110599624816107,
            73.74808071436149,
            39.3472859042843,
            72.65790758895017,
            72.89412846891528,
            44.388321058117256,
            91.67673381689877,
            41.83204837812724,
            91.36208374510026,
            34.38714607252654,
            50.34864194067205,
            75.21203814561612
        ],
        [
            84.04530817163621,
            9.15387044142961,
            0.0,
            40.684960259423946,
            82.24942478137478,
            36.19944839790243,
            82.21556974781795,
            42.223365173904234,
            80.75592175536532,
            81.83101083882579,
            52.35021974302181,
            100.55722605076832,
            50.89326794285418,
            100.45348230594676,
            43.0182610849836,
            59.30005245114955,
            84.04530817163621
        ],
        [
            76.88992568832286,
            35.698336750523374,
            40.684960259423946,
            0.0,
            66.02797658974599,
            47.3121654482111,
            80.00820326318023,
            70.72469703978057,
            47.21569793556442,
            73.13040299297214,
            22.733680650140176,
            91.00585729738214,
            35.593991096323386,
            77.25186431490981,
            47.276395902030416,
            38.61610799637358,
            76.88992568832286
        ],
        [
            19.08293331401994,
            73.09799208676203,
            82.24942478137478,
            66.02797658974599,
            0.0,
            50.95464930767336,
            28.32949133397117,
            74.49766596714356,
            38.748159135173175,
            15.076232278843516,
            43.80467831166089,
            26.5584854228541,
            32.835611690523415,
            21.858445064169793,
            42.60813208053307,
            27.4344076044319,
            19.08293331401994
        ],
        [
            48.79069121575577,
            28.110599624816107,
            36.19944839790243,
            47.3121654482111,
            50.95464930767336,
            0.0,
            46.118210289466,
            28.269194785973852,
            64.15866352070364,
            47.14979068675043,
            41.000983693690436,
            65.37297642903603,
            27.668075284081606,
            71.74464214627385,
            8.34670152681319,
            36.44202779008007,
            48.79069121575577
        ],
        [
            9.909534939088498,
            73.74808071436149,
            82.21556974781795,
            80.00820326318023,
            28.32949133397117,
            46.118210289466,
            0.0,
            59.9839030517082,
            65.41665791880497,
            13.301328915250048,
            61.225403688624,
            22.028451532577698,
            44.64883405159878,
            46.85052727919422,
            39.392281542493265,
            44.99255823283115,
            9.909534939088498
        ],
        [
            66.40574850784041,
            39.3472859042843,
            42.223365173904234,
            70.72469703978057,
            74.49766596714356,
            28.269194785973852,
            59.9839030517082,
            0.0,
            92.36878712168821,
            66.38211592284956,
            68.7688288989036,
            81.85328753389405,
            55.868380158109915,
            96.23469925719158,
            34.92571515517377,
            64.45649132314672,
            66.40574850784041
        ],
        [
            57.26418710012073,
            72.65790758895017,
            80.75592175536532,
            47.21569793556442,
            38.748159135173175,
            64.15866352070364,
            65.41665791880497,
            92.36878712168821,
            0.0,
            52.973957819126525,
            28.41862227055024,
            64.21987513878064,
            36.502014141478426,
            36.77010369637005,
            57.76075474747836,
            28.14621406477415,
            57.26418710012073
        ],
        [
            4.342425268106699,
            72.89412846891528,
            81.83101083882579,
            73.13040299297214,
            15.076232278843516,
            47.14979068675043,
            13.301328915250048,
            66.38211592284956,
            52.973957819126525,
            0.0,
            52.51336045970977,
            18.89767614317648,
            37.67500728115776,
            34.15859239626021,
            39.231958264024684,
            35.669596143518625,
            4.342425268106699
        ],
        [
            56.56284819477864,
            44.388321058117256,
            52.35021974302181,
            22.733680650140176,
            43.80467831166089,
            41.000983693690436,
            61.225403688624,
            68.7688288989036,
            28.41862227055024,
            52.51336045970977,
            0.0,
            69.51583756885616,
            17.631628344929997,
            54.6515561697632,
            36.98423063949839,
            16.890745436921332,
            56.56284819477864
        ],
        [
            16.586113786595337,
            91.67673381689877,
            100.55722605076832,
            91.00585729738214,
            26.5584854228541,
            65.37297642903603,
            22.028451532577698,
            81.85328753389405,
            64.21987513878064,
            18.89767614317648,
            69.51583756885616,
            0.0,
            55.968564264956626,
            34.51956013058004,
            57.714714011871216,
            52.68805746790498,
            16.586113786595337
        ],
        [
            41.33492155279661,
            41.83204837812724,
            50.89326794285418,
            35.593991096323386,
            32.835611690523415,
            27.668075284081606,
            44.64883405159878,
            55.868380158109915,
            36.502014141478426,
            37.67500728115776,
            17.631628344929997,
            55.968564264956626,
            0.0,
            49.576103018375136,
            21.511730994695085,
            9.13126451842728,
            41.33492155279661
        ],
        [
            36.943842685528715,
            91.36208374510026,
            100.45348230594676,
            77.25186431490981,
            21.858445064169793,
            71.74464214627385,
            46.85052727919422,
            96.23469925719158,
            36.77010369637005,
            34.15859239626021,
            54.6515561697632,
            34.51956013058004,
            49.576103018375136,
            0.0,
            63.463347169635945,
            41.64224513365517,
            36.943842685528715
        ],
        [
            41.143249537864605,
            34.38714607252654,
            43.0182610849836,
            47.276395902030416,
            42.60813208053307,
            8.34670152681319,
            39.392281542493265,
            34.92571515517377,
            57.76075474747836,
            39.231958264024684,
            36.98423063949839,
            57.714714011871216,
            21.511730994695085,
            63.463347169635945,
            0.0,
            29.665941431781405,
            41.143249537864605
        ],
        [
            39.76994605800486,
            50.34864194067205,
            59.30005245114955,
            38.61610799637358,
            27.4344076044319,
            36.44202779008007,
            44.99255823283115,
            64.45649132314672,
            28.14621406477415,
            35.669596143518625,
            16.890745436921332,
            52.68805746790498,
            9.13126451842728,
            41.64224513365517,
            29.665941431781405,
            0.0,
            39.76994605800486
        ],
        [
            0.0,
            75.21203814561612,
            84.04530817163621,
            76.88992568832286,
            19.08293331401994,
            48.79069121575577,
            9.909534939088498,
            66.40574850784041,
            57.26418710012073,
            4.342425268106699,
            56.56284819477864,
            16.586113786595337,
            41.33492155279661,
            36.943842685528715,
            41.143249537864605,
            39.76994605800486,
            0.0
        ]
    ],
    "scores_ave": [
        0,
        10.03787794251932,
        11.558990860375092,
        16.74162629840172,
        16.77210103459793,
        16.903032372434673,
        10.158744297858227,
        11.00440010149221,
        15.65838945732305,
        13.875491421721053,
        16.540157642346358,
        15.957845381128651,
        18.605924930424347,
        17.87808227310515,
        17.475184190728704,
        17.922366435953627,
        0
    ],
    "scores_var": [
        0,
        380.0323488004748,
        16.470839991157586,
        24.108995301582695,
        376.57142678876596,
        22.477819604594075,
        19.361800529804086,
        19.781248651415453,
        19.913222725115485,
        23.499477069712327,
        256.88370196989314,
        300.8057982902336,
        21.135405280959617,
        328.4101480835309,
        24.15409591249513,
        23.254552237237395,
        0
    ],
    "vertex_number": 17,
    "minimum_distances": {
        "cost": 368.4557593612649,
        "path": [
            0,
            9,
            4,
            12,
            14,
            5,
            7,
            2,
            1,
            3,
            10,
            15,
            8,
            13,
            11,
            6,
            16
        ]
    }
}