{
    "vertices": [
        [
            96.85415382473005,
            17.305279191280064
        ],
        [
            78.49522208331133,
            39.87429432912407
        ],
        [
            24.914496637951466,
            81.25643068972849
        ],
        [
            21.32695312655898,
            93.49106744837097
        ],
        [
            18.635923142372057,
            87.0980505558186
        ],
        [
            36.7794917166682,
            95.59459609727166
        ],
        [
            7.946618625408197,
            63.90467747494017
        ],
        [
            10.337472914766543,
            46.27362370277224
        ],
        [
            64.05579576463639,
            97.57949417072493
        ],
        [
            43.25000018899442,
            70.82342041757593
        ],
        [
            64.39014120572966,
            47.043546737809905
        ],
        [
            60.07510117332872,
            49.99979519236262
        ],
        [
            73.64100178695051,
            16.84454538855007
        ],
        [
            84.53373954085065,
            25.55942563318393
        ],
        [
            60.48415778484808,
            40.144414825997984
        ],
        [
            45.67785278320283,
            90.78077845386844
        ],
        [
            34.83778289711845,
            17.662268525206347
        ],
        [
            59.031012941180464,
            19.15599350594753
        ],
        [
            75.1856318140358,
            60.59271232127582
        ],
        [
            62.267429863216286,
            32.231369467216055
        ],
        [
            42.34474450262571,
            88.40438423103126
        ],
        [
            96.85415382473005,
            17.305279191280064
        ]
    ],
    "distances": [
        [
            0.0,
            29.09314041107119,
            96.2552027379753,
            107.27829406574334,
            104.82901576291422,
            98.68222823287172,
            100.37954839317538,
            91.23760770325437,
            86.7160993241984,
            75.74692553048803,
            44.02586367120588,
            49.210060866448785,
            23.21772390149487,
            14.829819338441512,
            42.946510085012406,
            89.54140260337473,
            62.01739840089752,
            37.86839222585711,
            48.407919942007375,
            37.67000989268972,
            89.58994609942731,
            0.0
        ],
        [
            29.09314041107119,
            0.0,
            67.70063034432319,
            78.37709700692143,
            76.24446748360832,
            69.60570514804016,
            74.5289525217897,
            68.45750644125673,
            59.484343496180024,
            46.90494720195864,
            15.822499381025988,
            21.019672263615895,
            23.535776829148226,
            15.536381781708828,
            18.013089747353423,
            60.56772947471743,
            48.983120425408146,
            28.427160015172962,
            20.981092246305973,
            17.937545561847333,
            60.51468131948518,
            29.09314041107119
        ],
        [
            96.2552027379753,
            67.70063034432319,
            0.0,
            12.749776667144413,
            8.575838606182542,
            18.610779013035426,
            24.269161993679674,
            37.89836942815523,
            42.40853332442971,
            21.095933110653096,
            52.238376145789644,
            47.04514187361309,
            80.76610224647216,
            81.58805363889768,
            54.36357827152914,
            22.84360214035486,
            64.36372481133229,
            70.85478800395364,
            54.3523347125298,
            61.633580525572135,
            18.838969729064374,
            96.2552027379753
        ],
        [
            107.27829406574334,
            78.37709700692143,
            12.749776667144413,
            0.0,
            6.936303580744791,
            15.595056321012775,
            32.471338485233595,
            48.47943552883179,
            42.92399359628179,
            31.53477785579709,
            63.3388533816332,
            58.248688736319444,
            92.79789346266662,
            92.7890392693488,
            66.1751616746289,
            24.50126487595404,
            77.02304374158923,
            83.35046097371097,
            63.11148104766151,
            73.68088783508986,
            21.624567058820634,
            107.27829406574334
        ],
        [
            104.82901576291422,
            76.24446748360832,
            8.575838606182542,
            6.936303580744791,
            0.0,
            20.03447944789613,
            25.53808500896651,
            41.659309932592244,
            46.613576233487784,
            29.507903602147994,
            60.809635311323426,
            55.619115660836535,
            89.22507307356877,
            90.16387615589909,
            62.89609408334048,
            27.291545274511602,
            71.30096833644805,
            79.04357276857955,
            62.45320252619202,
            70.10036428157483,
            23.744782963072424,
            104.82901576291422
        ],
        [
            98.68222823287172,
            69.60570514804016,
            18.610779013035426,
            15.595056321012775,
            20.03447944789613,
            0.0,
            42.84373364900283,
            55.961939532677874,
            27.348429257988553,
            25.60231677885411,
            55.85295300261842,
            51.201282108122506,
            86.95022375639839,
            84.76669916416033,
            60.30450892280799,
            10.11699905971922,
            77.95651296677917,
            79.61149516821867,
            51.963097146407165,
            68.29738999357185,
            9.092369617048801,
            98.68222823287172
        ],
        [
            100.37954839317538,
            74.5289525217897,
            24.269161993679674,
            32.471338485233595,
            25.53808500896651,
            42.84373364900283,
            0.0,
            17.792420896269856,
            65.43877320622683,
            35.97496009352105,
            58.90814010822153,
            53.951130146097896,
            80.81093992130037,
            85.65013385234323,
            57.66058534281798,
            46.324624498206965,
            53.492944407300385,
            67.91214957256238,
            67.32053184400375,
            62.88043394956604,
            42.23111051108361,
            100.37954839317538
        ],
        [
            91.23760770325437,
            68.45750644125673,
            37.89836942815523,
            48.47943552883179,
            41.659309932592244,
            55.961939532677874,
            17.792420896269856,
            0.0,
            74.28290889751953,
            41.060041041321185,
            54.05815138212526,
            49.87700891950878,
            69.80979457136405,
            77.0335250583478,
            50.51986940713913,
            56.83158693265042,
            37.66795500592193,
            55.735327287060166,
            66.41024026074167,
            53.79503074340454,
            52.90998409741288,
            91.23760770325437
        ],
        [
            86.7160993241984,
            59.484343496180024,
            42.40853332442971,
            42.92399359628179,
            46.613576233487784,
            27.348429257988553,
            65.43877320622683,
            74.28290889751953,
            0.0,
            33.89348923051965,
            50.53705343425089,
            47.74592845783646,
            81.3019564915298,
            74.87480519810315,
            57.5460245125043,
            19.595186236100293,
            85.0908645555043,
            78.58431076837944,
            38.625060285587246,
            65.37259100619087,
            23.570158873183715,
            86.7160993241984
        ],
        [
            75.74692553048803,
            46.90494720195864,
            21.095933110653096,
            31.53477785579709,
            29.507903602147994,
            25.60231677885411,
            35.97496009352105,
            41.060041041321185,
            33.89348923051965,
            0.0,
            31.818044478457203,
            26.771391272273974,
            61.94620188135961,
            61.26317294030296,
            35.18831584669535,
            20.10449223452245,
            53.822611143359886,
            54.023729667185336,
            33.53433994343774,
            43.023354448126746,
            17.604254499061543,
            75.74692553048803
        ],
        [
            44.02586367120588,
            15.822499381025988,
            52.238376145789644,
            63.3388533816332,
            60.809635311323426,
            55.85295300261842,
            58.90814010822153,
            54.05815138212526,
            50.53705343425089,
            31.818044478457203,
            0.0,
            5.230580790530632,
            31.584143236532203,
            29.45050107425889,
            7.928097351873487,
            47.57199991793521,
            41.672549610108504,
            28.39781472254243,
            17.32404414339225,
            14.963505569856684,
            46.86916250518983,
            44.02586367120588
        ],
        [
            49.210060866448785,
            21.019672263615895,
            47.04514187361309,
            58.248688736319444,
            55.619115660836535,
            51.201282108122506,
            53.951130146097896,
            49.87700891950878,
            47.74592845783646,
            26.771391272273974,
            5.230580790530632,
            0.0,
            35.82323616051286,
            34.576822511365094,
            9.863865848497394,
            43.247767075101116,
            41.019969097060276,
            30.861468252619034,
            18.4536725218524,
            17.90316334714495,
            42.299858237343656,
            49.210060866448785
        ],
        [
            23.21772390149487,
            23.535776829148226,
            80.76610224647216,
            92.79789346266662,
            89.22507307356877,
            86.95022375639839,
            80.81093992130037,
            69.80979457136405,
            81.3019564915298,
            61.94620188135961,
            31.584143236532203,
            35.82323616051286,
            0.0,
            13.949941700722297,
            26.75792331063414,
            79.04748106103617,
            38.81183411461564,
            14.791706002789045,
            43.77542680424958,
            19.134066309390974,
            78.10420126451926,
            23.21772390149487
        ],
        [
            14.829819338441512,
            15.536381781708828,
            81.58805363889768,
            92.7890392693488,
            90.16387615589909,
            84.76669916416033,
            85.65013385234323,
            77.0335250583478,
            74.87480519810315,
            61.26317294030296,
            29.45050107425889,
            34.576822511365094,
            13.949941700722297,
            0.0,
            28.12657626504076,
            75.91840883134577,
            50.3195110978216,
            26.294353139517398,
            36.25904430955361,
            23.244426884412377,
            75.69280100181597,
            14.829819338441512
        ],
        [
            42.946510085012406,
            18.013089747353423,
            54.36357827152914,
            66.1751616746289,
            62.89609408334048,
            60.30450892280799,
            57.66058534281798,
            50.51986940713913,
            57.5460245125043,
            35.18831584669535,
            7.928097351873487,
            9.863865848497394,
            26.75792331063414,
            28.12657626504076,
            0.0,
            52.7566866781422,
            34.10547532541026,
            21.038665819025365,
            25.18464232595466,
            8.111494693065383,
            51.55640562721584,
            42.946510085012406
        ],
        [
            89.54140260337473,
            60.56772947471743,
            22.84360214035486,
            24.50126487595404,
            27.291545274511602,
            10.11699905971922,
            46.324624498206965,
            56.83158693265042,
            19.595186236100293,
            20.10449223452245,
            47.57199991793521,
            43.247767075101116,
            79.04748106103617,
            75.91840883134577,
            52.7566866781422,
            0.0,
            73.91768130375202,
            72.85888212867748,
            42.214077748521895,
            60.854312586537354,
            4.09351442068862,
            89.54140260337473
        ],
        [
            62.01739840089752,
            48.983120425408146,
            64.36372481133229,
            77.02304374158923,
            71.30096833644805,
            77.95651296677917,
            53.492944407300385,
            37.66795500592193,
            85.0908645555043,
            53.822611143359886,
            41.672549610108504,
            41.019969097060276,
            38.81183411461564,
            50.3195110978216,
            34.10547532541026,
            73.91768130375202,
            0.0,
            24.23929855179384,
            58.914954949909514,
            31.058722364952946,
            71.1393098580727,
            62.01739840089752
        ],
        [
            37.86839222585711,
            28.427160015172962,
            70.85478800395364,
            83.35046097371097,
            79.04357276857955,
            79.61149516821867,
            67.91214957256238,
            55.735327287060166,
            78.58431076837944,
            54.023729667185336,
            28.39781472254243,
            30.861468252619034,
            14.791706002789045,
            26.294353139517398,
            21.038665819025365,
            72.85888212867748,
            24.23929855179384,
            0.0,
            44.474412611160986,
            13.469961062369801,
            71.23040904288962,
            37.86839222585711
        ],
        [
            48.407919942007375,
            20.981092246305973,
            54.3523347125298,
            63.11148104766151,
            62.45320252619202,
            51.963097146407165,
            67.32053184400375,
            66.41024026074167,
            38.625060285587246,
            33.53433994343774,
            17.32404414339225,
            18.4536725218524,
            43.77542680424958,
            36.25904430955361,
            25.18464232595466,
            42.214077748521895,
            58.914954949909514,
            44.474412611160986,
            0.0,
            31.164815259001358,
            43.03502031853379,
            48.407919942007375
        ],
        [
            37.67000989268972,
            17.937545561847333,
            61.633580525572135,
            73.68088783508986,
            70.10036428157483,
            68.29738999357185,
            62.88043394956604,
            53.79503074340454,
            65.37259100619087,
            43.023354448126746,
            14.963505569856684,
            17.90316334714495,
            19.134066309390974,
            23.244426884412377,
            8.111494693065383,
            60.854312586537354,
            31.058722364952946,
            13.469961062369801,
            31.164815259001358,
            0.0,
            59.60135048497551,
            37.67000989268972
        ],
        [
            89.58994609942731,
            60.51468131948518,
            18.838969729064374,
            21.624567058820634,
            23.744782963072424,
            9.092369617048801,
            42.23111051108361,
            52.90998409741288,
            23.570158873183715,
            17.604254499061543,
            46.86916250518983,
            42.299858237343656,
            78.10420126451926,
            75.69280100181597,
            51.55640562721584,
            4.09351442068862,
            71.1393098580727,
            71.23040904288962,
            43.03502031853379,
            59.60135048497551,
            0.0,
            89.58994609942731
        ],
        [
            0.0,
            29.09314041107119,
            96.2552027379753,
            107.27829406574334,
            104.82901576291422,
            98.68222823287172,
            100.37954839317538,
            91.23760770325437,
            86.7160993241984,
            75.74692553048803,
            44.02586367120588,
            49.210060866448785,
            23.21772390149487,
            14.829819338441512,
            42.946510085012406,
            89.54140260337473,
            62.01739840089752,
            37.86839222585711,
            48.407919942007375,
            37.67000989268972,
            89.58994609942731,
            0.0
        ]
    ],
    "scores_ave": [
        0,
        10.597714294680316,
        10.377350534811148,
        12.891158517754084,
        17.828339361055907,
        15.71069077037027,
        19.62663387977514,
        18.13867910000589,
        12.926535766173641,
        14.116673271328901,
        19.79205934696925,
        13.084749092451194,
        11.369668509688417,
        11.69767198240993,
        15.271869321554423,
        15.495323198916156,
        11.151988645533413,
        17.672290831983197,
        15.717331866327324,
        10.410436828461105,
        19.187602564890156,
        0
    ],
    "scores_var": [
        0,
        342.33234765633165,
        394.6350056308296,
        21.176212213014512,
        341.0496122651076,
        20.58768172090751,
        17.70751484443512,
        16.812614423839946,
        21.121670842046598,
        17.94327313170091,
        19.329666757174472,
        19.123933571253897,
        344.802926444631,
        321.89803386991434,
        21.85780064456574,
        309.2658616537046,
        23.833860521835998,
        19.588698316963548,
        19.20809124076666,
        20.50140977151989,
        23.485245187695973,
        0
    ],
    "vertex_number": 22,
    "minimum_distances": {
        "cost": 373.92585475559247,
        "path": [
            0,
            12,
            19,
            14,
            17,
            16,
            7,
            6,
            2,
            4,
            3,
            5,
            20,
            15,
            8,
            9,
            11,
            10,
            18,
            1,
            13,
            21
        ]
    }
}