{
    "vertices": [
        [
            42.551752292904496,
            79.16752498722587
        ],
        [
            38.56935643568524,
            20.552450306379335
        ],
        [
            33.66922704320389,
            49.548489999134816
        ],
        [
            30.896896232815397,
            60.25914723225999
        ],
        [
            70.72506213933183,
            86.47790162066474
        ],
        [
            97.07227797987666,
            26.432743170470086
        ],
        [
            95.79018315550506,
            1.7053303125146413
        ],
        [
            27.746647946718173,
            91.11389622913835
        ],
        [
            76.1035892842456,
            0.31923782941528644
        ],
        [
            29.43218869802432,
            82.78296644861302
        ],
        [
            50.604867478417034,
            89.22418924921132
        ],
        [
            26.2601551499566,
            26.96557145352161
        ],
        [
            90.4791913217807,
            28.15420673591835
        ],
        [
            31.81396384913222,
            43.798401584768165
        ],
        [
            31.999819785982776,
            71.67010737468789
        ],
        [
            17.168256333264587,
            93.76803008993114
        ],
        [
            78.80176316046065,
            18.78667633100338
        ],
        [
            26.589152793796455,
            76.89220055867011
        ],
        [
            0.9914812919822436,
            99.23333981962892
        ],
        [
            57.51980302167756,
            75.51099617203919
        ],
        [
            61.30005474345926,
            58.561032014728795
        ],
        [
            92.67582611292717,
            97.42407993976698
        ],
        [
            4.800612246545233,
            86.78544390133092
        ],
        [
            66.55282830757575,
            94.50842938550468
        ],
        [
            42.551752292904496,
            79.16752498722587
        ]
    ],
    "distances": [
        [
            0.0,
            58.75020388564464,
            30.922265253977287,
            22.211763079636075,
            29.106305059652076,
            75.85146626430254,
            93.99320254430509,
            19.023850833915265,
            85.69001198047579,
            13.60861366491174,
            12.883678056728519,
            54.685099343451206,
            69.99570023134159,
            36.963157209869,
            12.94428640317519,
            29.283043154480687,
            70.42662971024231,
            16.12394753229205,
            46.15076435508284,
            15.408203840662754,
            27.859045163161092,
            53.34533320779087,
            38.512092430582236,
            28.484996008761488,
            0.0
        ],
        [
            58.75020388564464,
            0.0,
            29.407168954642863,
            40.44117241535366,
            73.34953674217543,
            58.79770125926092,
            60.24480842830177,
            71.38661407958502,
            42.64037432607646,
            62.897734248500235,
            69.71844272136451,
            13.879645497652566,
            52.463488815706214,
            24.20763474269394,
            51.5380798628061,
            76.27927771443218,
            40.27113741378394,
            57.5994161237041,
            87.1939165017372,
            58.13399340726891,
            44.28698374284839,
            94.00402918719506,
            74.34472089301617,
            79.0731404432435,
            58.75020388564464
        ],
        [
            30.922265253977287,
            29.407168954642863,
            0.0,
            11.063633963925504,
            52.31554603923977,
            67.485440055802,
            78.4090627230417,
            41.985234764370986,
            64.99380253527086,
            33.50347621978119,
            43.13904296496791,
            23.76725807402082,
            60.70492070400815,
            6.041979666658156,
            22.184518834106683,
            47.1979847049831,
            54.61899849437304,
            28.24545907824414,
            59.46780111174902,
            35.25481103740371,
            29.06352616225441,
            75.9858595130609,
            47.11674496601115,
            55.70213085457549,
            30.922265253977287
        ],
        [
            22.211763079636075,
            40.44117241535366,
            11.063633963925504,
            0.0,
            47.683392089452816,
            74.3196256793639,
            87.40530969856226,
            31.015151134960224,
            75.07621351578314,
            22.57139340522485,
            35.033951956084216,
            33.61490080312697,
            67.68143831466776,
            16.486271873419962,
            11.464137635958904,
            36.21216347942589,
            63.36278180454972,
            17.181825179404356,
            49.12556901065605,
            30.68221083902343,
            30.450544210495607,
            72.09624400955497,
            37.2110259582778,
            49.440457321231264,
            22.211763079636075
        ],
        [
            29.106305059652076,
            73.34953674217543,
            52.31554603923977,
            47.683392089452816,
            0.0,
            65.57131107319144,
            88.40050417136092,
            43.227728745813735,
            86.3263800963653,
            41.457857433368446,
            20.30675574610115,
            74.28893185055796,
            61.57823482989644,
            57.754768577699885,
            41.45980180556588,
            54.050693069073645,
            68.17136554742316,
            45.16485534801635,
            70.89057413677389,
            17.165426982265366,
            29.464934634359576,
            24.52865383216281,
            65.9251672422674,
            9.049691228363276,
            29.106305059652076
        ],
        [
            75.85146626430254,
            58.79770125926092,
            67.485440055802,
            74.3196256793639,
            65.57131107319144,
            0.0,
            24.7606282995093,
            94.81399970728604,
            33.49031302946545,
            88.03709071495672,
            78.1152093984944,
            70.81412744402705,
            6.814119788228612,
            67.52935402733392,
            79.25177559866475,
            104.49255255676547,
            19.80590946864325,
            86.68349194574608,
            120.54644899230347,
            63.032318638972754,
            48.0820018233039,
            71.12734133446946,
            110.25655891017323,
            74.60385956468981,
            75.85146626430254
        ],
        [
            93.99320254430509,
            60.24480842830177,
            78.4090627230417,
            87.40530969856226,
            88.40050417136092,
            24.7606282995093,
            0.0,
            112.35574904283565,
            19.735329503801427,
            104.77101941775985,
            98.49499186466035,
            73.97637850661638,
            26.976836328939083,
            76.58187308931618,
            94.67988428475867,
            121.06588316924162,
            24.091052192284295,
            102.18536128298581,
            136.00921481072103,
            83.13782718206824,
            66.49917122739626,
            95.76940142860491,
            124.57017196135882,
            97.29973338121201,
            93.99320254430509
        ],
        [
            19.023850833915265,
            71.38661407958502,
            41.985234764370986,
            31.015151134960224,
            43.227728745813735,
            94.81399970728604,
            112.35574904283565,
            0.0,
            102.86915849487382,
            8.499731680021283,
            22.93619830375828,
            64.16554552369074,
            88.87797533352557,
            47.4899893882011,
            19.90352721782663,
            10.906273225927913,
            88.53164139267774,
            14.268721833873286,
            27.960048407358883,
            33.61385507955618,
            46.74954626763106,
            65.23508715255306,
            23.35071848804042,
            38.95436419130826,
            19.023850833915265
        ],
        [
            85.69001198047579,
            42.64037432607646,
            64.99380253527086,
            75.07621351578314,
            86.3263800963653,
            33.49031302946545,
            19.735329503801427,
            102.86915849487382,
            0.0,
            94.7548741250825,
            92.48932479312047,
            56.51897930701141,
            31.32799750969691,
            62.06455189596904,
            83.88139882490282,
            110.48099494932165,
            18.66350521944438,
            91.18715941459395,
            124.2007582085223,
            77.45422928742086,
            60.09368706299084,
            98.50882901944496,
            112.07372273155651,
            94.6721756442894,
            85.69001198047579
        ],
        [
            13.60861366491174,
            62.897734248500235,
            33.50347621978119,
            22.57139340522485,
            41.457857433368446,
            88.03709071495672,
            104.77101941775985,
            8.499731680021283,
            94.7548741250825,
            0.0,
            22.130785749824593,
            55.90745371476082,
            81.92092478172016,
            39.05725477416151,
            11.405628706948642,
            16.464375489255904,
            80.82623355952761,
            6.540946103037669,
            32.85557215757969,
            29.013714517408214,
            40.02827742995159,
            64.91625280104013,
            24.954646546176008,
            38.92850326054957,
            13.60861366491174
        ],
        [
            12.883678056728519,
            69.71844272136451,
            43.13904296496791,
            35.033951956084216,
            20.30675574610115,
            78.1152093984944,
            98.49499186466035,
            22.93619830375828,
            92.48932479312047,
            22.130785749824593,
            0.0,
            66.8490875643435,
            72.93493309888855,
            49.15892842750079,
            25.579163201622244,
            33.743939521904174,
            75.87165578927852,
            26.996897912107176,
            50.61295470554559,
            15.357994593671712,
            32.47485553810701,
            42.8626150364595,
            45.86913206305809,
            16.80061452526051,
            12.883678056728519
        ],
        [
            54.685099343451206,
            13.879645497652566,
            23.76725807402082,
            33.61490080312697,
            74.28893185055796,
            70.81412744402705,
            73.97637850661638,
            64.16554552369074,
            56.51897930701141,
            55.90745371476082,
            66.8490875643435,
            0.0,
            64.23003550265724,
            17.72537619613307,
            45.07149079030886,
            67.41832913950162,
            53.17438196871324,
            49.927713078536996,
            76.55805785910466,
            57.739274728431134,
            47.18122181119886,
            96.8268700700786,
            63.55256974580595,
            78.64818604269759,
            54.685099343451206
        ],
        [
            69.99570023134159,
            52.463488815706214,
            60.70492070400815,
            67.68143831466776,
            61.57823482989644,
            6.814119788228612,
            26.976836328939083,
            88.87797533352557,
            31.32799750969691,
            81.92092478172016,
            72.93493309888855,
            64.23003550265724,
            0.0,
            60.71531723450327,
            72.89355598147998,
            98.38529871897545,
            14.97040261147966,
            80.35750783202464,
            114.28164072286121,
            57.697372408230706,
            42.142579833138385,
            69.30469347802457,
            103.81927029168638,
            70.53618724114871,
            69.99570023134159
        ],
        [
            36.963157209869,
            24.20763474269394,
            6.041979666658156,
            16.486271873419962,
            57.754768577699885,
            67.52935402733392,
            76.58187308931618,
            47.4899893882011,
            62.06455189596904,
            39.05725477416151,
            49.15892842750079,
            17.72537619613307,
            60.71531723450327,
            0.0,
            27.872325451406223,
            52.071686371619826,
            53.230063726164104,
            33.50370399058875,
            63.42757923875577,
            40.822528376147616,
            32.975215138647926,
            81.1164573761141,
            50.770138584909795,
            61.4678421893398,
            36.963157209869
        ],
        [
            12.94428640317519,
            51.5380798628061,
            22.184518834106683,
            11.464137635958904,
            41.45980180556588,
            79.25177559866475,
            94.67988428475867,
            19.90352721782663,
            83.88139882490282,
            11.405628706948642,
            25.579163201622244,
            45.07149079030886,
            72.89355598147998,
            27.872325451406223,
            0.0,
            26.613783323324586,
            70.61925504124189,
            7.519679150238272,
            41.48793606546806,
            25.80740147910598,
            32.09909072476063,
            65.91543708927554,
            31.117041779177296,
            41.41858701311568,
            12.94428640317519
        ],
        [
            29.283043154480687,
            76.27927771443218,
            47.1979847049831,
            36.21216347942589,
            54.050693069073645,
            104.49255255676547,
            121.06588316924162,
            10.906273225927913,
            110.48099494932165,
            16.464375489255904,
            33.743939521904174,
            67.41832913950162,
            98.38529871897545,
            52.071686371619826,
            26.613783323324586,
            0.0,
            97.06128257621313,
            19.327361757059442,
            17.07505962442839,
            44.28957673794399,
            56.45483455281189,
            75.596030282913,
            14.20264518098635,
            49.39012188892436,
            29.283043154480687
        ],
        [
            70.42662971024231,
            40.27113741378394,
            54.61899849437304,
            63.36278180454972,
            68.17136554742316,
            19.80590946864325,
            24.091052192284295,
            88.53164139267774,
            18.66350521944438,
            80.82623355952761,
            75.87165578927852,
            53.17438196871324,
            14.97040261147966,
            53.230063726164104,
            70.61925504124189,
            97.06128257621313,
            0.0,
            78.11791489199551,
            111.92008591358487,
            60.585231606199876,
            43.45467946687948,
            79.85193090424671,
            100.49876978186109,
            76.70606423665014,
            70.42662971024231
        ],
        [
            16.12394753229205,
            57.5994161237041,
            28.24545907824414,
            17.181825179404356,
            45.16485534801635,
            86.68349194574608,
            102.18536128298581,
            14.268721833873286,
            91.18715941459395,
            6.540946103037669,
            26.996897912107176,
            49.927713078536996,
            80.35750783202464,
            33.50370399058875,
            7.519679150238272,
            19.327361757059442,
            78.11791489199551,
            0.0,
            33.97598107181523,
            30.96147362573639,
            39.25402468977531,
            69.20264779117497,
            23.929412090904222,
            43.67409848697555,
            16.12394753229205
        ],
        [
            46.15076435508284,
            87.1939165017372,
            59.46780111174902,
            49.12556901065605,
            70.89057413677389,
            120.54644899230347,
            136.00921481072103,
            27.960048407358883,
            124.2007582085223,
            32.85557215757969,
            50.61295470554559,
            76.55805785910466,
            114.28164072286121,
            63.42757923875577,
            41.48793606546806,
            17.07505962442839,
            111.92008591358487,
            33.97598107181523,
            0.0,
            61.304165810410346,
            72.74173942056059,
            91.70219466598829,
            13.017664591691938,
            65.73138520607615,
            46.15076435508284
        ],
        [
            15.408203840662754,
            58.13399340726891,
            35.25481103740371,
            30.68221083902343,
            17.165426982265366,
            63.032318638972754,
            83.13782718206824,
            33.61385507955618,
            77.45422928742086,
            29.013714517408214,
            15.357994593671712,
            57.739274728431134,
            57.697372408230706,
            40.822528376147616,
            25.80740147910598,
            44.28957673794399,
            60.585231606199876,
            30.96147362573639,
            61.304165810410346,
            0.0,
            17.366392487046365,
            41.426189781392296,
            53.91128126454915,
            21.035636774667843,
            15.408203840662754
        ],
        [
            27.859045163161092,
            44.28698374284839,
            29.06352616225441,
            30.450544210495607,
            29.464934634359576,
            48.0820018233039,
            66.49917122739626,
            46.74954626763106,
            60.09368706299084,
            40.02827742995159,
            32.47485553810701,
            47.18122181119886,
            42.142579833138385,
            32.975215138647926,
            32.09909072476063,
            56.45483455281189,
            43.45467946687948,
            39.25402468977531,
            72.74173942056059,
            17.366392487046365,
            0.0,
            49.947727906812105,
            63.15698242321796,
            36.329148185009046,
            27.859045163161092
        ],
        [
            53.34533320779087,
            94.00402918719506,
            75.9858595130609,
            72.09624400955497,
            24.52865383216281,
            71.12734133446946,
            95.76940142860491,
            65.23508715255306,
            98.50882901944496,
            64.91625280104013,
            42.8626150364595,
            96.8268700700786,
            69.30469347802457,
            81.1164573761141,
            65.91543708927554,
            75.596030282913,
            79.85193090424671,
            69.20264779117497,
            91.70219466598829,
            41.426189781392296,
            49.947727906812105,
            0.0,
            88.51685595874198,
            26.285205582094367,
            53.34533320779087
        ],
        [
            38.512092430582236,
            74.34472089301617,
            47.11674496601115,
            37.2110259582778,
            65.9251672422674,
            110.25655891017323,
            124.57017196135882,
            23.35071848804042,
            112.07372273155651,
            24.954646546176008,
            45.86913206305809,
            63.55256974580595,
            103.81927029168638,
            50.770138584909795,
            31.117041779177296,
            14.20264518098635,
            100.49876978186109,
            23.929412090904222,
            13.017664591691938,
            53.91128126454915,
            63.15698242321796,
            88.51685595874198,
            0.0,
            62.233276414125534,
            38.512092430582236
        ],
        [
            28.484996008761488,
            79.0731404432435,
            55.70213085457549,
            49.440457321231264,
            9.049691228363276,
            74.60385956468981,
            97.29973338121201,
            38.95436419130826,
            94.6721756442894,
            38.92850326054957,
            16.80061452526051,
            78.64818604269759,
            70.53618724114871,
            61.4678421893398,
            41.41858701311568,
            49.39012188892436,
            76.70606423665014,
            43.67409848697555,
            65.73138520607615,
            21.035636774667843,
            36.329148185009046,
            26.285205582094367,
            62.233276414125534,
            0.0,
            28.484996008761488
        ],
        [
            0.0,
            58.75020388564464,
            30.922265253977287,
            22.211763079636075,
            29.106305059652076,
            75.85146626430254,
            93.99320254430509,
            19.023850833915265,
            85.69001198047579,
            13.60861366491174,
            12.883678056728519,
            54.685099343451206,
            69.99570023134159,
            36.963157209869,
            12.94428640317519,
            29.283043154480687,
            70.42662971024231,
            16.12394753229205,
            46.15076435508284,
            15.408203840662754,
            27.859045163161092,
            53.34533320779087,
            38.512092430582236,
            28.484996008761488,
            0.0
        ]
    ],
    "scores_ave": [
        0,
        13.82010944017951,
        12.85362325484307,
        13.025928052989126,
        17.89385614991062,
        19.557288256303007,
        16.974223054456864,
        15.76146332868239,
        17.25593061268609,
        16.69041764302058,
        18.67572337131238,
        17.0107121658818,
        14.123747998386175,
        12.500127042575146,
        13.611677300264281,
        13.544997913902984,
        13.908618991526023,
        12.561320746906286,
        12.271952993841714,
        15.92900811838155,
        17.698394921433454,
        15.251201933781324,
        19.323840729105456,
        17.622808012891817,
        0
    ],
    "scores_var": [
        0,
        23.37331837510156,
        21.83363039299889,
        365.16757395248726,
        281.9512450275285,
        17.256193916664554,
        21.817721242655793,
        18.338217210044547,
        253.80315133709263,
        17.61226147949906,
        316.54049287662843,
        16.882391881881954,
        17.97656296396867,
        357.20886806081216,
        18.53571650284226,
        347.80355810086127,
        18.106768121454007,
        279.1077638965389,
        397.01137059305245,
        22.18256620226135,
        17.148653040677832,
        316.63836309091005,
        19.997209908051868,
        384.11153368693726,
        0
    ],
    "vertex_number": 25,
    "minimum_distances": {
        "cost": 422.1367124499849,
        "path": [
            0,
            10,
            23,
            21,
            4,
            19,
            20,
            16,
            12,
            5,
            6,
            8,
            1,
            11,
            13,
            2,
            3,
            14,
            17,
            22,
            18,
            15,
            7,
            9,
            24
        ]
    }
}