{
    "vertices": [
        [
            24.18600166186845,
            71.85289747358323
        ],
        [
            80.9936311629875,
            98.06625352107282
        ],
        [
            12.059732628230524,
            97.17392724915541
        ],
        [
            54.87570799594308,
            96.20446551479297
        ],
        [
            8.850863125472374,
            83.9886075667822
        ],
        [
            73.27193297627633,
            60.359894863752196
        ],
        [
            45.37339650740544,
            52.33734733827398
        ],
        [
            19.623967244972484,
            20.60957041158091
        ],
        [
            48.97976952579277,
            71.22463432449979
        ],
        [
            25.857972207162337,
            51.95543619196431
        ],
        [
            37.31869334872112,
            55.07394874012781
        ],
        [
            45.754220762526046,
            96.13094713483264
        ],
        [
            58.495667463827886,
            8.957781367944895
        ],
        [
            83.62214830609295,
            19.24447822564799
        ],
        [
            46.8257115481276,
            33.35970826537559
        ],
        [
            51.2998691260063,
            29.02961088547619
        ],
        [
            87.7677662674464,
            17.90350783598038
        ],
        [
            90.06013587716085,
            49.34431319667666
        ],
        [
            4.036163238786006,
            15.2076048261092
        ],
        [
            24.18600166186845,
            71.85289747358323
        ]
    ],
    "distances": [
        [
            0.0,
            62.56394173011217,
            28.07491673311925,
            39.17725029832248,
            19.55612265753699,
            50.41346806154434,
            28.805596633717833,
            51.445998157332724,
            24.801726542211988,
            19.967585005649887,
            21.307292449812913,
            32.47478668949288,
            71.64460061570496,
            79.37443734402332,
            44.6573854939231,
            50.68526100426021,
            83.38571479953275,
            69.61348953159124,
            60.12241817819959,
            0.0
        ],
        [
            62.56394173011217,
            0.0,
            68.93967372548063,
            26.18419685879181,
            73.50346315466413,
            38.488882889493645,
            57.96493748460312,
            98.82192776774983,
            41.77750421003254,
            71.87592339060053,
            61.28489588355113,
            35.292512749601336,
            91.90472338282446,
            78.86559048846361,
            73.17365461513538,
            75.15169678925383,
            80.44845991183591,
            49.55833912376552,
            113.08407285228056,
            62.56394173011217
        ],
        [
            28.07491673311925,
            68.93967372548063,
            0.0,
            42.8269494914471,
            13.5701694393294,
            71.42973086833533,
            55.85802627339691,
            76.93710667349377,
            45.127097489279535,
            47.276879644990025,
            49.09606182923303,
            33.71062648707459,
            99.69144616360454,
            105.80254421685054,
            72.66999267076153,
            78.63482793926158,
            109.6152624019909,
            91.49718513377782,
            82.35809418208994,
            28.07491673311925
        ],
        [
            39.17725029832248,
            26.18419685879181,
            42.8269494914471,
            0.0,
            47.61841587828045,
            40.289630659569106,
            44.88449599514155,
            83.41027149961374,
            25.66620456435549,
            52.91507900702821,
            44.72100371719958,
            9.121783504424009,
            87.32174987463891,
            82.15349946320221,
            63.35823511232017,
            67.26996148425829,
            84.92895543190892,
            58.59878702333074,
            95.63028156675594,
            39.17725029832248
        ],
        [
            19.55612265753699,
            73.50346315466413,
            13.5701694393294,
            47.61841587828045,
            0.0,
            68.6177113049138,
            48.329056670776865,
            64.28811805528278,
            42.10995300181867,
            36.267972477724115,
            40.576777258445965,
            38.84963597093454,
            89.9679469470863,
            98.90676100097104,
            63.28802854565476,
            69.44357008859187,
            102.93258963005708,
            88.29027756928086,
            68.94931234618171,
            19.55612265753699
        ],
        [
            50.41346806154434,
            38.488882889493645,
            71.42973086833533,
            40.289630659569106,
            68.6177113049138,
            0.0,
            29.02911651951323,
            66.76969762669319,
            26.61112114614744,
            48.153074682525435,
            36.339739489135944,
            45.130839412303764,
            53.48378534032748,
            42.39816555817559,
            37.79434751618063,
            38.26693460416919,
            44.862835200835725,
            20.07951184927756,
            82.65785568708044,
            50.41346806154434
        ],
        [
            28.805596633717833,
            57.96493748460312,
            55.85802627339691,
            44.88449599514155,
            48.329056670776865,
            29.02911651951323,
            0.0,
            40.861778424966225,
            19.228508419734666,
            19.519160887246013,
            8.506893099548595,
            43.79525556786295,
            45.32086427715055,
            50.577712485471274,
            19.03312911107124,
            24.04940033040543,
            54.61658988092162,
            44.786861118783655,
            55.56423879910453,
            28.805596633717833
        ],
        [
            51.445998157332724,
            98.82192776774983,
            76.93710667349377,
            83.41027149961374,
            64.28811805528278,
            66.76969762669319,
            40.861778424966225,
            0.0,
            58.51194598079504,
            31.959757811823586,
            38.74140815019372,
            79.91413198594432,
            40.58045423380521,
            64.01273823082444,
            30.041652891027812,
            32.7759033675491,
            68.19750816472978,
            76.07193499910257,
            16.497298746216117,
            51.445998157332724
        ],
        [
            24.801726542211988,
            41.77750421003254,
            45.127097489279535,
            25.66620456435549,
            42.10995300181867,
            26.61112114614744,
            19.228508419734666,
            58.51194598079504,
            0.0,
            30.098496771678388,
            19.92047545749621,
            25.11431031564199,
            62.98978719348344,
            62.466239166599365,
            37.92614653816132,
            42.25876080973816,
            65.93672134126187,
            46.54401091675789,
            71.81807112353432,
            24.801726542211988
        ],
        [
            19.967585005649887,
            71.87592339060053,
            47.276879644990025,
            52.91507900702821,
            36.267972477724115,
            48.153074682525435,
            19.519160887246013,
            31.959757811823586,
            30.098496771678388,
            0.0,
            11.877426051027456,
            48.44931860862743,
            53.981640138407144,
            66.38303105058084,
            28.025830767175737,
            34.24738799985618,
            70.65660921207476,
            64.25523934439741,
            42.73867635696775,
            19.967585005649887
        ],
        [
            21.307292449812913,
            61.28489588355113,
            49.09606182923303,
            44.72100371719958,
            40.576777258445965,
            36.339739489135944,
            8.506893099548595,
            38.74140815019372,
            19.92047545749621,
            11.877426051027456,
            0.0,
            41.91461845146451,
            50.7460848319463,
            58.547082748308995,
            23.704253509427662,
            29.559783666369842,
            62.66379046441076,
            53.05175287812354,
            51.93315114249805,
            21.307292449812913
        ],
        [
            32.47478668949288,
            35.292512749601336,
            33.71062648707459,
            9.121783504424009,
            38.84963597093454,
            45.130839412303764,
            43.79525556786295,
            79.91413198594432,
            25.11431031564199,
            48.44931860862743,
            41.91461845146451,
            0.0,
            88.0994057520447,
            85.70594517166153,
            62.780383255520704,
            67.33010873465577,
            88.79566580160109,
            64.43603983337456,
            91.04385566291067,
            32.47478668949288
        ],
        [
            71.64460061570496,
            91.90472338282446,
            99.69144616360454,
            87.32174987463891,
            89.9679469470863,
            53.48378534032748,
            45.32086427715055,
            40.58045423380521,
            62.98978719348344,
            53.981640138407144,
            50.7460848319463,
            88.0994057520447,
            0.0,
            27.15062009897734,
            27.048879965387467,
            21.322707471131245,
            30.608524799632463,
            51.25804931295628,
            54.81694896376098,
            71.64460061570496
        ],
        [
            79.37443734402332,
            78.86559048846361,
            105.80254421685054,
            82.15349946320221,
            98.90676100097104,
            42.39816555817559,
            50.577712485471274,
            64.01273823082444,
            62.466239166599365,
            66.38303105058084,
            58.547082748308995,
            85.70594517166153,
            27.15062009897734,
            0.0,
            39.41088018754938,
            33.7709720405839,
            4.3571033803963894,
            30.78063919492877,
            79.68830131190845,
            79.37443734402332
        ],
        [
            44.6573854939231,
            73.17365461513538,
            72.66999267076153,
            63.35823511232017,
            63.28802854565476,
            37.79434751618063,
            19.03312911107124,
            30.041652891027812,
            37.92614653816132,
            28.025830767175737,
            23.704253509427662,
            62.780383255520704,
            27.048879965387467,
            39.41088018754938,
            0.0,
            6.226381722244552,
            43.76238083506577,
            46.094718155908886,
            46.48057985640137,
            44.6573854939231
        ],
        [
            50.68526100426021,
            75.15169678925383,
            78.63482793926158,
            67.26996148425829,
            69.44357008859187,
            38.26693460416919,
            24.04940033040543,
            32.7759033675491,
            42.25876080973816,
            34.24738799985618,
            29.559783666369842,
            67.33010873465577,
            21.322707471131245,
            33.7709720405839,
            6.226381722244552,
            0.0,
            38.1273876758775,
            43.7612317995432,
            49.24333199224886,
            50.68526100426021
        ],
        [
            83.38571479953275,
            80.44845991183591,
            109.6152624019909,
            84.92895543190892,
            102.93258963005708,
            44.862835200835725,
            54.61658988092162,
            68.19750816472978,
            65.93672134126187,
            70.65660921207476,
            62.66379046441076,
            88.79566580160109,
            30.608524799632463,
            4.3571033803963894,
            43.76238083506577,
            38.1273876758775,
            0.0,
            31.524263673506002,
            83.77499172657556,
            83.38571479953275
        ],
        [
            69.61348953159124,
            49.55833912376552,
            91.49718513377782,
            58.59878702333074,
            88.29027756928086,
            20.07951184927756,
            44.786861118783655,
            76.07193499910257,
            46.54401091675789,
            64.25523934439741,
            53.05175287812354,
            64.43603983337456,
            51.25804931295628,
            30.78063919492877,
            46.094718155908886,
            43.7612317995432,
            31.524263673506002,
            0.0,
            92.54965546594451,
            69.61348953159124
        ],
        [
            60.12241817819959,
            113.08407285228056,
            82.35809418208994,
            95.63028156675594,
            68.94931234618171,
            82.65785568708044,
            55.56423879910453,
            16.497298746216117,
            71.81807112353432,
            42.73867635696775,
            51.93315114249805,
            91.04385566291067,
            54.81694896376098,
            79.68830131190845,
            46.48057985640137,
            49.24333199224886,
            83.77499172657556,
            92.54965546594451,
            0.0,
            60.12241817819959
        ],
        [
            0.0,
            62.56394173011217,
            28.07491673311925,
            39.17725029832248,
            19.55612265753699,
            50.41346806154434,
            28.805596633717833,
            51.445998157332724,
            24.801726542211988,
            19.967585005649887,
            21.307292449812913,
            32.47478668949288,
            71.64460061570496,
            79.37443734402332,
            44.6573854939231,
            50.68526100426021,
            83.38571479953275,
            69.61348953159124,
            60.12241817819959,
            0.0
        ]
    ],
    "scores_ave": [
        0,
        12.814082088294274,
        15.565868238640753,
        14.14488272862858,
        15.698957954262944,
        14.184784613187563,
        15.451269157695126,
        12.604802810786408,
        17.802398556041993,
        13.495953457137448,
        11.885687491545525,
        18.61252331095106,
        18.925406044958784,
        19.175880710934784,
        12.855321416966515,
        13.375983897170661,
        11.480711117470399,
        14.252409833704052,
        13.05555881204657,
        0
    ],
    "scores_var": [
        0,
        259.22875784071874,
        24.551107363277033,
        302.22251840234065,
        318.45171869546715,
        332.6523120122815,
        307.69417682199855,
        319.4485759739964,
        251.01212571823487,
        352.7152386471535,
        392.1649345897613,
        17.0424473154328,
        328.8901875122282,
        307.32759228388977,
        283.2966307133129,
        18.75311858588831,
        384.69777870895837,
        22.718190056916963,
        19.708989473195306,
        0
    ],
    "vertex_number": 20,
    "minimum_distances": {
        "cost": 419.65965627737535,
        "path": [
            0,
            4,
            2,
            11,
            3,
            1,
            8,
            5,
            17,
            16,
            13,
            12,
            15,
            14,
            7,
            18,
            9,
            10,
            6,
            19
        ]
    }
}