{
    "vertices": [
        [
            66.1896879938119,
            21.201663918686997
        ],
        [
            34.69494901612728,
            51.92460554612922
        ],
        [
            2.770052273349266,
            34.10360708500926
        ],
        [
            16.453050397525402,
            31.282431034776735
        ],
        [
            30.58391975268543,
            90.99721933744307
        ],
        [
            21.63767968863389,
            72.65419560244423
        ],
        [
            40.422843393494325,
            83.82232409331665
        ],
        [
            22.721907741207737,
            6.284429917125722
        ],
        [
            40.95613776065872,
            64.46172433488404
        ],
        [
            96.57144307434858,
            38.965178265278055
        ],
        [
            22.364782544539885,
            79.86558365959623
        ],
        [
            2.2156624059257224,
            16.775980328377383
        ],
        [
            68.70863020762256,
            26.603981364121477
        ],
        [
            3.224122656411499,
            74.24613139556749
        ],
        [
            84.13946771856087,
            6.434025909315677
        ],
        [
            31.42106462134173,
            67.22199794354637
        ],
        [
            8.004187263207928,
            50.33620200675735
        ],
        [
            66.1896879938119,
            21.201663918686997
        ]
    ],
    "distances": [
        [
            0.0,
            43.99792865028658,
            64.71870156595534,
            50.747955476385215,
            78.35298519044096,
            68.06059403717171,
            67.71467611502962,
            45.95619425437686,
            50.08158228912185,
            35.1936568676127,
            73.2262099046883,
            64.12692589826095,
            5.960713351417184,
            82.3309051824664,
            23.24387498982985,
            57.6777974178653,
            65.07206624102494,
            0.0
        ],
        [
            43.99792865028658,
            0.0,
            36.562098109767696,
            27.547526817637902,
            39.28828973231139,
            24.499146642150087,
            32.407919132734484,
            47.18452446318827,
            14.013630222679497,
            63.2190420078062,
            30.54064935711584,
            47.85739141873071,
            42.40359085222801,
            38.58320137068103,
            67.1874487193001,
            15.643801749925634,
            26.737984006932752,
            43.99792865028658
        ],
        [
            64.71870156595534,
            36.562098109767696,
            0.0,
            13.9708078496776,
            63.32846389490559,
            42.92010297427756,
            62.36732718410682,
            34.234239511173705,
            48.783116011600264,
            93.92728991375519,
            49.780638348797424,
            17.33649321928304,
            66.36369825399753,
            40.14509232691504,
            85.94525869606616,
            43.79164671057314,
            17.055594594901244,
            64.71870156595534
        ],
        [
            50.747955476385215,
            27.547526817637902,
            13.9708078496776,
            0.0,
            61.363974861190805,
            41.69536286361743,
            57.74938388305465,
            25.77205137883908,
            41.246415531775476,
            80.48590839473336,
            48.94150892590613,
            20.32585370705351,
            52.46459294238628,
            44.95424426982868,
            72.10335863908428,
            38.93191389328679,
            20.842971873394635,
            50.747955476385215
        ],
        [
            78.35298519044096,
            39.28828973231139,
            63.32846389490559,
            61.363974861190805,
            0.0,
            20.40837404171071,
            12.177172913852218,
            85.07683541505085,
            28.490619534081052,
            84.03384158934128,
            13.837179239665696,
            79.45785263227819,
            74.83303177047965,
            32.080483855230874,
            100.09560630061677,
            23.789955104201457,
            46.509812401929665,
            78.35298519044096
        ],
        [
            68.06059403717171,
            24.499146642150087,
            42.92010297427756,
            41.69536286361743,
            20.40837404171071,
            0.0,
            21.854278057328777,
            66.37862116370052,
            20.983789165695995,
            82.15849794324478,
            7.247951177670904,
            59.15733004070393,
            65.85056274745496,
            18.482243969505806,
            91.05813736907132,
            11.190325828449778,
            26.152723641167242,
            68.06059403717171
        ],
        [
            67.71467611502962,
            32.407919132734484,
            62.36732718410682,
            57.74938388305465,
            12.177172913852218,
            21.854278057328777,
            0.0,
            79.53268608719672,
            19.367943253951108,
            71.86674319849722,
            18.486464142295553,
            77.16865225765729,
            63.82808535723089,
            38.41156454845208,
            88.88246136440443,
            18.8839309822273,
            46.60782807307921,
            67.71467611502962
        ],
        [
            45.95619425437686,
            47.18452446318827,
            34.234239511173705,
            25.77205137883908,
            85.07683541505085,
            66.37862116370052,
            79.53268608719672,
            0.0,
            60.967899177950855,
            80.75757042851201,
            73.5820203886736,
            23.034294601367986,
            50.27586711544784,
            70.7032990111334,
            61.4177421640738,
            61.555361483788126,
            46.445343365136,
            45.95619425437686
        ],
        [
            50.08158228912185,
            14.013630222679497,
            48.783116011600264,
            41.246415531775476,
            28.490619534081052,
            20.983789165695995,
            19.367943253951108,
            60.967899177950855,
            0.0,
            61.18117395583776,
            24.143681800161126,
            61.43903166688713,
            46.94048934405251,
            38.97998955048978,
            72.33266047106078,
            9.926566887237607,
            35.85193750174255,
            50.08158228912185
        ],
        [
            35.1936568676127,
            63.2190420078062,
            93.92728991375519,
            80.48590839473336,
            84.03384158934128,
            82.15849794324478,
            71.86674319849722,
            80.75757042851201,
            61.18117395583776,
            0.0,
            84.73176280714237,
            96.92973666852951,
            30.48172451937974,
            99.7921233514484,
            34.825707241257135,
            71.01422161018306,
            89.29422704097568,
            35.1936568676127
        ],
        [
            73.2262099046883,
            30.54064935711584,
            49.780638348797424,
            48.94150892590613,
            13.837179239665696,
            7.247951177670904,
            18.486464142295553,
            73.5820203886736,
            24.143681800161126,
            84.73176280714237,
            0.0,
            66.22903510433204,
            70.60134910396779,
            19.9485113404661,
            95.95991560012021,
            15.552379393960987,
            32.83612458304468,
            73.2262099046883
        ],
        [
            64.12692589826095,
            47.85739141873071,
            17.33649321928304,
            20.32585370705351,
            79.45785263227819,
            59.15733004070393,
            77.16865225765729,
            23.034294601367986,
            61.43903166688713,
            96.92973666852951,
            66.22903510433204,
            0.0,
            67.21535815151236,
            57.47899838865028,
            82.57400255594067,
            58.29027544791812,
            34.05577042331267,
            64.12692589826095
        ],
        [
            5.960713351417184,
            42.40359085222801,
            66.36369825399753,
            52.46459294238628,
            74.83303177047965,
            65.85056274745496,
            63.82808535723089,
            50.27586711544784,
            46.94048934405251,
            30.48172451937974,
            70.60134910396779,
            67.21535815151236,
            0.0,
            80.98144965881649,
            25.395626578957074,
            55.13788006622698,
            65.17858306086781,
            5.960713351417184
        ],
        [
            82.3309051824664,
            38.58320137068103,
            40.14509232691504,
            44.95424426982868,
            32.080483855230874,
            18.482243969505806,
            38.41156454845208,
            70.7032990111334,
            38.97998955048978,
            99.7921233514484,
            19.9485113404661,
            57.47899838865028,
            80.98144965881649,
            0.0,
            105.57355121906832,
            29.05866457574136,
            24.38306258497966,
            82.3309051824664
        ],
        [
            23.24387498982985,
            67.1874487193001,
            85.94525869606616,
            72.10335863908428,
            100.09560630061677,
            91.05813736907132,
            88.88246136440443,
            61.4177421640738,
            72.33266047106078,
            34.825707241257135,
            95.95991560012021,
            82.57400255594067,
            25.395626578957074,
            105.57355121906832,
            0.0,
            80.46370342679548,
            87.88618774361548,
            23.24387498982985
        ],
        [
            57.6777974178653,
            15.643801749925634,
            43.79164671057314,
            38.93191389328679,
            23.789955104201457,
            11.190325828449778,
            18.8839309822273,
            61.555361483788126,
            9.926566887237607,
            71.01422161018306,
            15.552379393960987,
            58.29027544791812,
            55.13788006622698,
            29.05866457574136,
            80.46370342679548,
            0.0,
            28.87005801214747,
            57.6777974178653
        ],
        [
            65.07206624102494,
            26.737984006932752,
            17.055594594901244,
            20.842971873394635,
            46.509812401929665,
            26.152723641167242,
            46.60782807307921,
            46.445343365136,
            35.85193750174255,
            89.29422704097568,
            32.83612458304468,
            34.05577042331267,
            65.17858306086781,
            24.38306258497966,
            87.88618774361548,
            28.87005801214747,
            0.0,
            65.07206624102494
        ],
        [
            0.0,
            43.99792865028658,
            64.71870156595534,
            50.747955476385215,
            78.35298519044096,
            68.06059403717171,
            67.71467611502962,
            45.95619425437686,
            50.08158228912185,
            35.1936568676127,
            73.2262099046883,
            64.12692589826095,
            5.960713351417184,
            82.3309051824664,
            23.24387498982985,
            57.6777974178653,
            65.07206624102494,
            0.0
        ]
    ],
    "scores_ave": [
        0,
        12.798943953697375,
        10.367107388037038,
        16.549652437011083,
        14.7005558478572,
        10.37374638060504,
        11.81156833459192,
        13.895037748759503,
        12.370409535438649,
        19.924720297759823,
        13.493564339826278,
        19.772410199892853,
        11.323052763211681,
        17.613719928841554,
        14.69667124493593,
        10.272150722851261,
        10.252432169772293,
        0
    ],
    "scores_var": [
        0,
        263.3653083312112,
        17.2646572789866,
        17.513712486260925,
        16.33850025360857,
        333.72327712061985,
        23.57810586575962,
        317.4695125427796,
        367.2246178955364,
        326.98710244778766,
        372.3915476048717,
        300.315594593981,
        373.10064099595957,
        304.7749284333123,
        255.66443643923816,
        366.57682934001605,
        346.87077929983064,
        0
    ],
    "vertex_number": 18,
    "minimum_distances": {
        "cost": 368.6955721646335,
        "path": [
            0,
            12,
            14,
            9,
            1,
            8,
            15,
            6,
            4,
            10,
            5,
            13,
            16,
            2,
            3,
            11,
            7,
            17
        ]
    }
}