{
    "vertices": [
        [
            32.33226100142187,
            58.72790768387567
        ],
        [
            47.863757979085605,
            17.524629004950075
        ],
        [
            69.91863079811338,
            78.4572570198488
        ],
        [
            25.849142894721854,
            44.68930892799121
        ],
        [
            63.83359883607004,
            73.99937581671813
        ],
        [
            93.66621156782799,
            26.715348922510785
        ],
        [
            19.935547026220778,
            89.21154565019789
        ],
        [
            38.9610425231044,
            33.31609887894042
        ],
        [
            75.75224796393385,
            61.9905138480063
        ],
        [
            34.30227935390228,
            77.76661283601871
        ],
        [
            34.148185706947075,
            51.409925450958085
        ],
        [
            80.79505285660656,
            95.29788874976626
        ],
        [
            18.451219163355614,
            76.16992307186638
        ],
        [
            27.441526994531053,
            30.950415291314194
        ],
        [
            27.917423029278066,
            27.65200791015735
        ],
        [
            15.660557150495025,
            11.930091337390959
        ],
        [
            87.02932532161918,
            91.32648212819922
        ],
        [
            73.21766488906331,
            85.76199435709313
        ],
        [
            17.85803619283537,
            89.88297805203935
        ],
        [
            69.90243098692672,
            59.25078275510863
        ],
        [
            52.561386473473135,
            23.41018710023308
        ],
        [
            99.40612836794736,
            13.93788306923046
        ],
        [
            5.434578240774646,
            41.488281407295815
        ],
        [
            32.33226100142187,
            58.72790768387567
        ]
    ],
    "distances": [
        [
            0.0,
            44.033368849775535,
            42.449763482433056,
            15.463281521531652,
            35.007885173272875,
            69.18567344857018,
            32.90791243826851,
            26.262154732633505,
            43.542391606421134,
            19.14035700240065,
            7.539923507399413,
            60.712483967949716,
            22.291415910727846,
            28.204757803338236,
            31.387933048648954,
            49.678781427208136,
            63.67445249901962,
            49.01487624497893,
            34.35318898522714,
            37.573808312172005,
            40.70084648491042,
            80.65389010136323,
            31.94824020268662,
            0.0
        ],
        [
            44.033368849775535,
            0.0,
            64.80125440040116,
            34.96516999292253,
            58.68929071347443,
            46.71545876208374,
            76.93503093604647,
            18.128123545235212,
            52.48792993166066,
            61.74957747551022,
            36.555850940527954,
            84.45797838952151,
            65.60768213998962,
            24.44011570745161,
            22.3700711089516,
            32.68554719322096,
            83.55031531770645,
            72.795320081731,
            78.33309656035728,
            47.18871702778552,
            7.530438736503537,
            51.667017445465284,
            48.728758754213594,
            44.033368849775535
        ],
        [
            42.449763482433056,
            64.80125440040116,
            0.0,
            55.51931269748898,
            7.543229997840104,
            56.931297596027896,
            51.12693406897083,
            54.7366095963887,
            17.469536912144427,
            35.62304702838061,
            44.845098807089904,
            20.04752937040322,
            51.51821383715852,
            63.72757926173208,
            65.9186983422661,
            85.847552846261,
            21.410110274497146,
            8.015161476812633,
            53.29964926489239,
            19.20648109665091,
            57.71874771060368,
            70.93843900108524,
            74.32965889911753,
            42.449763482433056
        ],
        [
            15.463281521531652,
            34.96516999292253,
            55.51931269748898,
            0.0,
            47.97810869742437,
            70.15852080603898,
            44.91325170641914,
            17.35718348939736,
            52.81715239610298,
            34.14035075715445,
            10.678988624767909,
            74.70128093357248,
            32.33818706128507,
            13.830867126874201,
            17.16238353747179,
            34.30704908055713,
            76.92880244677306,
            62.695632736948845,
            45.89472208451509,
            46.397507602807984,
            34.15179325849686,
            79.72628364758492,
            20.664003174565185,
            15.463281521531652
        ],
        [
            35.007885173272875,
            58.68929071347443,
            7.543229997840104,
            47.97810869742437,
            0.0,
            55.90853228028053,
            46.45911174078603,
            47.684096719321026,
            16.919425605401095,
            29.77063830550917,
            37.30290900819724,
            27.227147769276034,
            45.434256460794366,
            56.37016848686476,
            58.63488890115243,
            78.56995622383782,
            28.952898651461027,
            15.047255251816344,
            48.64196933032108,
            15.94840810150742,
            51.82980596664067,
            69.8053563013097,
            66.83873776626923,
            35.007885173272875
        ],
        [
            69.18567344857018,
            46.71545876208374,
            56.931297596027896,
            70.15852080603898,
            55.90853228028053,
            0.0,
            96.65394714740202,
            55.10195477656931,
            39.563207055578204,
            78.29628340519238,
            64.43770256841742,
            69.77987887440429,
            90.01694277578497,
            66.35996258272637,
            65.75546003447997,
            79.3944957974715,
            64.95111079241316,
            62.48719387483248,
            98.6763843253861,
            40.28984639053086,
            41.23749193038959,
            14.00750793339191,
            89.45982703850711,
            69.18567344857018
        ],
        [
            32.90791243826851,
            76.93503093604647,
            51.12693406897083,
            44.91325170641914,
            46.45911174078603,
            96.65394714740202,
            0.0,
            59.04464792561995,
            62.1006334584924,
            18.3681649844595,
            40.38516544421296,
            61.163085453927394,
            13.12581992410852,
            58.74265099550338,
            62.07485023176179,
            77.39960412779914,
            67.12710363376372,
            53.393665242925636,
            2.183316910820854,
            58.26093722210801,
            73.44565464790219,
            109.46094087456639,
            49.87773095996187,
            32.90791243826851
        ],
        [
            26.262154732633505,
            18.128123545235212,
            54.7366095963887,
            17.35718348939736,
            47.684096719321026,
            55.10195477656931,
            59.04464792561995,
            0.0,
            46.645630787968855,
            44.69398466589353,
            18.72298455778577,
            74.77851761150907,
            47.50897917453398,
            11.759919083471903,
            12.411424496288532,
            31.627107632004453,
            75.337669036969,
            62.642542480563755,
            60.375066836893424,
            40.37297794101812,
            16.825470089595246,
            63.475378303387274,
            34.50809143593847,
            26.262154732633505
        ],
        [
            43.542391606421134,
            52.48792993166066,
            17.469536912144427,
            52.81715239610298,
            16.919425605401095,
            39.563207055578204,
            62.1006334584924,
            46.645630787968855,
            0.0,
            44.35070683824745,
            42.928392086251996,
            33.686957476625174,
            59.029344800212584,
            57.423109276602695,
            58.88381328151952,
            78.21161810600297,
            31.42883244200624,
            23.906220884056836,
            64.26297002138995,
            6.459604099778189,
            45.01397192688821,
            53.558952406938744,
            73.2455883336889,
            43.542391606421134
        ],
        [
            19.14035700240065,
            61.74957747551022,
            35.62304702838061,
            34.14035075715445,
            29.77063830550917,
            78.29628340519238,
            18.3681649844595,
            44.69398466589353,
            44.35070683824745,
            0.0,
            26.357137833343092,
            49.688264440788295,
            15.931275133123592,
            47.316236911671396,
            50.5196992980091,
            68.42485929651797,
            54.442735343687055,
            39.72824381995458,
            20.425950141628434,
            40.12738167236267,
            57.341224364099006,
            91.17355921584536,
            46.362285306153034,
            19.14035700240065
        ],
        [
            7.539923507399413,
            36.555850940527954,
            44.845098807089904,
            10.678988624767909,
            37.30290900819724,
            64.43770256841742,
            40.38516544421296,
            18.72298455778577,
            42.928392086251996,
            26.357137833343092,
            0.0,
            64.04751000152554,
            29.316415893795988,
            21.53069499708259,
            24.561373117578754,
            43.59414767232087,
            66.25516148885193,
            52.02392566592476,
            41.77971694061222,
            36.6038945852077,
            33.51165931698185,
            75.25126603987731,
            30.379438346529252,
            7.539923507399413
        ],
        [
            60.712483967949716,
            84.45797838952151,
            20.04752937040322,
            74.70128093357248,
            27.227147769276034,
            69.77987887440429,
            61.163085453927394,
            74.77851761150907,
            33.686957476625174,
            49.688264440788295,
            64.04751000152554,
            0.0,
            65.21221258741838,
            83.58944946822747,
            85.86040374190274,
            105.79552058702821,
            7.391767293539557,
            12.179905183493178,
            63.16952844845503,
            37.65691253655707,
            77.23329311822961,
            83.46150403644573,
            92.5995409096303,
            60.712483967949716
        ],
        [
            22.291415910727846,
            65.60768213998962,
            51.51821383715852,
            32.33818706128507,
            45.434256460794366,
            90.01694277578497,
            13.12581992410852,
            47.50897917453398,
            59.029344800212584,
            15.931275133123592,
            29.316415893795988,
            65.21221258741838,
            0.0,
            46.10454987107796,
            49.43275338548319,
            64.30041816149983,
            70.23302589723849,
            55.60010259853626,
            13.72587858483973,
            54.161651628916566,
            62.825896362253886,
            102.11035269360973,
            37.043882213627214,
            22.291415910727846
        ],
        [
            28.204757803338236,
            24.44011570745161,
            63.72757926173208,
            13.830867126874201,
            56.37016848686476,
            66.35996258272637,
            58.74265099550338,
            11.759919083471903,
            57.423109276602695,
            47.316236911671396,
            21.53069499708259,
            83.58944946822747,
            46.10454987107796,
            0.0,
            3.3325618205755565,
            22.373287057968756,
            84.82909380726481,
            71.41263193737764,
            59.706701880885994,
            51.027827373279735,
            26.22713063633479,
            73.94815821534807,
            24.39984458411189,
            28.204757803338236
        ],
        [
            31.387933048648954,
            22.3700711089516,
            65.9186983422661,
            17.16238353747179,
            58.63488890115243,
            65.75546003447997,
            62.07485023176179,
            12.411424496288532,
            58.88381328151952,
            50.5196992980091,
            24.561373117578754,
            85.86040374190274,
            49.43275338548319,
            3.3325618205755565,
            0.0,
            19.935130345485643,
            86.88299983059609,
            73.6809503020835,
            63.038757192103695,
            52.547344984363825,
            25.006358751772108,
            72.79225378535556,
            26.399257074235095,
            31.387933048648954
        ],
        [
            49.678781427208136,
            32.68554719322096,
            85.847552846261,
            34.30704908055713,
            78.56995622383782,
            79.3944957974715,
            77.39960412779914,
            31.627107632004453,
            78.21161810600297,
            68.42485929651797,
            43.59414767232087,
            105.79552058702821,
            64.30041816149983,
            22.373287057968756,
            19.935130345485643,
            0.0,
            106.75808138436362,
            93.616080641842,
            77.98385384993698,
            71.98214162928352,
            38.64535940378336,
            83.76963606328862,
            31.2771041637596,
            49.678781427208136
        ],
        [
            63.67445249901962,
            83.55031531770645,
            21.410110274497146,
            76.92880244677306,
            28.952898651461027,
            64.95111079241316,
            67.12710363376372,
            75.337669036969,
            31.42883244200624,
            54.442735343687055,
            66.25516148885193,
            7.391767293539557,
            70.23302589723849,
            84.82909380726481,
            86.88299983059609,
            106.75808138436362,
            0.0,
            14.890449558660697,
            69.18634940330134,
            36.36180688338528,
            76.16207677555327,
            78.37206465289412,
            95.61144807126418,
            63.67445249901962
        ],
        [
            49.01487624497893,
            72.795320081731,
            8.015161476812633,
            62.695632736948845,
            15.047255251816344,
            62.48719387483248,
            53.393665242925636,
            62.642542480563755,
            23.906220884056836,
            39.72824381995458,
            52.02392566592476,
            12.179905183493178,
            55.60010259853626,
            71.41263193737764,
            73.6809503020835,
            93.616080641842,
            14.890449558660697,
            0.0,
            55.51280028964704,
            26.717692947391125,
            65.68431857132265,
            76.44958195880552,
            80.96115422800283,
            49.01487624497893
        ],
        [
            34.35318898522714,
            78.33309656035728,
            53.29964926489239,
            45.89472208451509,
            48.64196933032108,
            98.6763843253861,
            2.183316910820854,
            60.375066836893424,
            64.26297002138995,
            20.425950141628434,
            41.77971694061222,
            63.16952844845503,
            13.72587858483973,
            59.706701880885994,
            63.038757192103695,
            77.98385384993698,
            69.18634940330134,
            55.51280028964704,
            0.0,
            60.389986075445876,
            74.98636181081984,
            111.43495317604986,
            49.963876659276266,
            34.35318898522714
        ],
        [
            37.573808312172005,
            47.18871702778552,
            19.20648109665091,
            46.397507602807984,
            15.94840810150742,
            40.28984639053086,
            58.26093722210801,
            40.37297794101812,
            6.459604099778189,
            40.12738167236267,
            36.6038945852077,
            37.65691253655707,
            54.161651628916566,
            51.027827373279735,
            52.547344984363825,
            71.98214162928352,
            36.36180688338528,
            26.717692947391125,
            60.389986075445876,
            0.0,
            39.81532521170539,
            54.071499305024844,
            66.87010162868455,
            37.573808312172005
        ],
        [
            40.70084648491042,
            7.530438736503537,
            57.71874771060368,
            34.15179325849686,
            51.82980596664067,
            41.23749193038959,
            73.44565464790219,
            16.825470089595246,
            45.01397192688821,
            57.341224364099006,
            33.51165931698185,
            77.23329311822961,
            62.825896362253886,
            26.22713063633479,
            25.006358751772108,
            38.64535940378336,
            76.16207677555327,
            65.68431857132265,
            74.98636181081984,
            39.81532521170539,
            0.0,
            47.792827775887645,
            50.4752766012886,
            40.70084648491042
        ],
        [
            80.65389010136323,
            51.667017445465284,
            70.93843900108524,
            79.72628364758492,
            69.8053563013097,
            14.00750793339191,
            109.46094087456639,
            63.475378303387274,
            53.558952406938744,
            91.17355921584536,
            75.25126603987731,
            83.46150403644573,
            102.11035269360973,
            73.94815821534807,
            72.79225378535556,
            83.76963606328862,
            78.37206465289412,
            76.44958195880552,
            111.43495317604986,
            54.071499305024844,
            47.792827775887645,
            0.0,
            97.92689457901649,
            80.65389010136323
        ],
        [
            31.94824020268662,
            48.728758754213594,
            74.32965889911753,
            20.664003174565185,
            66.83873776626923,
            89.45982703850711,
            49.87773095996187,
            34.50809143593847,
            73.2455883336889,
            46.362285306153034,
            30.379438346529252,
            92.5995409096303,
            37.043882213627214,
            24.39984458411189,
            26.399257074235095,
            31.2771041637596,
            95.61144807126418,
            80.96115422800283,
            49.963876659276266,
            66.87010162868455,
            50.4752766012886,
            97.92689457901649,
            0.0,
            31.94824020268662
        ],
        [
            0.0,
            44.033368849775535,
            42.449763482433056,
            15.463281521531652,
            35.007885173272875,
            69.18567344857018,
            32.90791243826851,
            26.262154732633505,
            43.542391606421134,
            19.14035700240065,
            7.539923507399413,
            60.712483967949716,
            22.291415910727846,
            28.204757803338236,
            31.387933048648954,
            49.678781427208136,
            63.67445249901962,
            49.01487624497893,
            34.35318898522714,
            37.573808312172005,
            40.70084648491042,
            80.65389010136323,
            31.94824020268662,
            0.0
        ]
    ],
    "scores_ave": [
        0,
        18.495211680379796,
        19.347071446947098,
        16.45350436877544,
        14.583345276914986,
        11.551783782815047,
        11.798511747066302,
        13.641262163664848,
        11.601307158309474,
        14.423173661257362,
        11.28606873047475,
        14.947773853971409,
        12.262438453283233,
        15.545774864686729,
        10.891967473713128,
        19.2671919979393,
        18.91240270323061,
        11.32542280573979,
        11.512276900112026,
        13.52601154013568,
        14.655866751615603,
        18.813593614169466,
        18.29322337580206,
        0
    ],
    "scores_var": [
        0,
        291.764624805994,
        386.7351566610945,
        17.480340748948432,
        22.329889541320476,
        21.1316505832374,
        23.272987084945903,
        21.89163836911393,
        244.99372423178352,
        248.25704150778313,
        389.2549712413477,
        18.765247274759272,
        385.04888289981795,
        386.7935755837451,
        16.485249843792648,
        375.3222338505377,
        23.80436720126481,
        343.63743379619007,
        16.390860227119177,
        309.8285564958267,
        369.5939982117633,
        375.5998926022282,
        17.040957305646494,
        0
    ],
    "vertex_number": 24,
    "minimum_distances": {
        "cost": 392.29429029140135,
        "path": [
            0,
            12,
            18,
            6,
            9,
            4,
            2,
            17,
            11,
            16,
            8,
            19,
            5,
            21,
            20,
            1,
            7,
            13,
            14,
            15,
            22,
            3,
            10,
            23
        ]
    }
}