{
    "vertices": [
        [
            74.99833111083716,
            81.59582644582633
        ],
        [
            43.99616631327715,
            15.724774053581358
        ],
        [
            40.425687812437396,
            22.653489037536513
        ],
        [
            89.9383739977055,
            9.467815917035338
        ],
        [
            17.084467594790553,
            69.1777764801933
        ],
        [
            91.47048780131874,
            10.213710888602156
        ],
        [
            54.52862703232601,
            18.777686569893802
        ],
        [
            56.514992405149336,
            37.510738649124406
        ],
        [
            14.517951496460002,
            96.75174697668047
        ],
        [
            90.79385140503966,
            73.16421579148505
        ],
        [
            1.3739321065219134,
            74.5461567361495
        ],
        [
            55.98643973524382,
            29.27277739497127
        ],
        [
            84.00189451039792,
            3.3026923605351866
        ],
        [
            15.650868059883594,
            73.31173116429896
        ],
        [
            26.09648652403649,
            7.252109442523292
        ],
        [
            81.58825920295722,
            43.67314970077971
        ],
        [
            55.010550968924996,
            40.892184085510095
        ],
        [
            69.6856052352988,
            72.75884285717807
        ],
        [
            45.198047667230945,
            94.91565275974516
        ],
        [
            6.8302343371809515,
            35.473996474022876
        ],
        [
            15.518923429141507,
            52.80463955254222
        ],
        [
            35.68826463911675,
            9.656603618995241
        ],
        [
            91.08812481099167,
            31.873314066215542
        ],
        [
            74.99833111083716,
            81.59582644582633
        ]
    ],
    "distances": [
        [
            0.0,
            72.80199011975532,
            68.33349693811277,
            73.6590441446456,
            59.230258756012816,
            73.25802595934921,
            66.0691114102047,
            47.80302057142514,
            62.35044703477862,
            17.90504173664403,
            73.96113825355955,
            55.67004109622648,
            78.80913017403051,
            59.92284710540482,
            88.98527216263832,
            38.49099328113803,
            45.346420546697495,
            10.311029782454012,
            32.64160943262809,
            82.30499752560901,
            66.08125589673195,
            81.97885768257284,
            52.260976824530175,
            0.0
        ],
        [
            72.80199011975532,
            0.0,
            7.794575553155129,
            46.36632368477834,
            59.845325601369865,
            47.793127308832986,
            10.96599305264071,
            25.126664324513808,
            86.22259268815253,
            74.08989672762274,
            72.640277459992,
            18.09185041038734,
            41.88993199052269,
            64.18499483793283,
            19.803650728308313,
            46.84311207790581,
            27.47208031907664,
            62.55263604694597,
            79.19999866820282,
            42.087269878953656,
            46.75328638398676,
            10.288047562618585,
            49.783811622756595,
            72.80199011975532
        ],
        [
            68.33349693811277,
            7.794575553155129,
            0.0,
            51.238345688766586,
            52.05114680096527,
            52.53874462051416,
            14.62582440097165,
            21.8998536136224,
            78.49689567514197,
            71.3322186736344,
            64.94527376640407,
            16.910114688020162,
            47.67954616203918,
            56.39192485760013,
            21.036361448530016,
            46.21886430752636,
            23.35312035567079,
            58.02317854947397,
            72.41958108411654,
            35.95858597243671,
            39.10803995885687,
            13.833373012602753,
            51.49454045034228,
            68.33349693811277
        ],
        [
            73.6590441446456,
            46.36632368477834,
            51.238345688766586,
            0.0,
            94.1964493418864,
            1.7040340418638653,
            36.61316527869664,
            43.62943905712678,
            115.35477775753921,
            63.70214437960669,
            109.90382528040419,
            39.306110712013286,
            8.558652766068777,
            97.9524326015526,
            63.88032522914869,
            35.209789495860925,
            46.983441086383394,
            66.45245468514605,
            96.45221418534523,
            87.08205501132761,
            86.1181450435503,
            54.250437843534954,
            22.434978810900844,
            73.6590441446456
        ],
        [
            59.230258756012816,
            59.845325601369865,
            52.05114680096527,
            94.1964493418864,
            0.0,
            94.92123594462664,
            62.787213180311234,
            50.57239930846339,
            27.693155360560386,
            73.8171047933284,
            16.60242247085312,
            55.72945709773399,
            93.90137769371482,
            4.375475854889909,
            62.57798912749959,
            69.3629953144108,
            47.31239306164884,
            52.72289557177284,
            38.11576655232105,
            35.22916528113887,
            16.44781266266762,
            62.360815286837784,
            82.87438806633129,
            59.230258756012816
        ],
        [
            73.25802595934921,
            47.793127308832986,
            52.53874462051416,
            1.7040340418638653,
            94.92123594462664,
            0.0,
            37.92153420611301,
            44.35103587234849,
            115.80381916729753,
            62.9541412803054,
            110.70705911003704,
            40.278600810476476,
            10.175562040520045,
            98.64063513810152,
            65.44105077187803,
            34.88828582341253,
            47.64971890279669,
            66.23046611176653,
            96.51713667896095,
            88.32923940763048,
            87.07828279793884,
            55.78500505895427,
            21.662977894741335,
            73.25802595934921
        ],
        [
            66.0691114102047,
            10.96599305264071,
            14.62582440097165,
            36.61316527869664,
            62.787213180311234,
            37.92153420611301,
            0.0,
            18.838070166487796,
            87.64022052207287,
            65.36865502344578,
            77.04248086179375,
            10.595855288904893,
            33.2888711375687,
            66.97344371124944,
            30.679399309668433,
            36.76965838447727,
            22.119747987914923,
            56.06870091555182,
            76.70755899398237,
            50.53615962966503,
            51.76476122316872,
            20.932114305645904,
            38.83416456357311,
            66.0691114102047
        ],
        [
            47.80302057142514,
            25.126664324513808,
            21.8998536136224,
            43.62943905712678,
            50.57239930846339,
            44.35103587234849,
            18.838070166487796,
            0.0,
            72.61713649512554,
            49.45918121719359,
            66.42408240794607,
            8.254899972125195,
            43.88302881782183,
            54.32851667013305,
            42.90536261939609,
            25.819450379193174,
            3.701015708461984,
            37.62836553165056,
            58.509806034961734,
            49.726486935640104,
            43.75592618525125,
            34.77938222161373,
            35.02973080513024,
            47.80302057142514
        ],
        [
            62.35044703477862,
            86.22259268815253,
            78.49689567514197,
            115.35477775753921,
            27.693155360560386,
            115.80381916729753,
            87.64022052207287,
            72.61713649512554,
            0.0,
            79.83974282446198,
            25.80413694843198,
            79.20256847236324,
            116.45060817967193,
            23.46737823499622,
            90.24548516203086,
            85.53223757520598,
            68.99232840272961,
            60.15920101809905,
            30.73498890550015,
            61.75810636497063,
            43.95850538586092,
            89.63116731948708,
            100.36036318355528,
            62.35044703477862
        ],
        [
            17.90504173664403,
            74.08989672762274,
            71.3322186736344,
            63.70214437960669,
            73.8171047933284,
            62.9541412803054,
            65.36865502344578,
            49.45918121719359,
            79.83974282446198,
            0.0,
            89.43059727033005,
            56.01798168147085,
            70.19090492757468,
            75.14312814087273,
            92.35883707530377,
            30.89443164969039,
            48.18639455834703,
            21.112138299524485,
            50.51833655892644,
            92.03500216393985,
            77.9796584142684,
            84.0823554419596,
            41.29195033082495,
            17.90504173664403
        ],
        [
            73.96113825355955,
            72.640277459992,
            64.94527376640407,
            109.90382528040419,
            16.60242247085312,
            110.70705911003704,
            77.04248086179375,
            66.42408240794607,
            25.80413694843198,
            89.43059727033005,
            0.0,
            70.93803540039315,
            109.10092294410607,
            14.33020260529592,
            71.69165570750735,
            85.95045569943132,
            63.32042923228395,
            68.33505086377576,
            48.32669524117761,
            39.45129835102517,
            25.937894073383717,
            73.40386584439189,
            99.34590013758832,
            73.96113825355955
        ],
        [
            55.67004109622648,
            18.09185041038734,
            16.910114688020162,
            39.306110712013286,
            55.72945709773399,
            40.278600810476476,
            10.595855288904893,
            8.254899972125195,
            79.20256847236324,
            56.01798168147085,
            70.93803540039315,
            0.0,
            38.200929608512745,
            59.71924138395517,
            37.12572046493015,
            29.373863937236507,
            11.660316064514102,
            45.592817688548614,
            66.52350328694665,
            49.545813619345665,
            46.8120541376639,
            28.227826445589514,
            35.19788468268322,
            55.67004109622648
        ],
        [
            78.80913017403051,
            41.88993199052269,
            47.67954616203918,
            8.558652766068777,
            93.90137769371482,
            10.175562040520045,
            33.2888711375687,
            43.88302881782183,
            116.45060817967193,
            70.19090492757468,
            109.10092294410607,
            38.200929608512745,
            0.0,
            97.84236470499786,
            58.039935986822634,
            40.442545187683564,
            47.47070558230266,
            70.91623918694943,
            99.49207527705497,
            83.60895850477382,
            84.50065149995267,
            48.72965236505939,
            29.436288565682776,
            78.80913017403051
        ],
        [
            59.92284710540482,
            64.18499483793283,
            56.39192485760013,
            97.9524326015526,
            4.375475854889909,
            98.64063513810152,
            66.97344371124944,
            54.32851667013305,
            23.46737823499622,
            75.14312814087273,
            14.33020260529592,
            59.71924138395517,
            97.84236470499786,
            0.0,
            66.8803750521986,
            72.29235825399772,
            50.99227070345165,
            54.037565702910314,
            36.602803868706964,
            38.852255349745164,
            20.507516079685647,
            66.73434291639013,
            86.06928672719052,
            59.92284710540482
        ],
        [
            88.98527216263832,
            19.803650728308313,
            21.036361448530016,
            63.88032522914869,
            62.57798912749959,
            65.44105077187803,
            30.679399309668433,
            42.90536261939609,
            90.24548516203086,
            92.35883707530377,
            71.69165570750735,
            37.12572046493015,
            58.039935986822634,
            66.8803750521986,
            0.0,
            66.3764190698967,
            44.3585137793061,
            78.68381912873298,
            89.72049077572876,
            34.171089841359176,
            46.76449337318502,
            9.888569140862606,
            69.49904146349174,
            88.98527216263832
        ],
        [
            38.49099328113803,
            46.84311207790581,
            46.21886430752636,
            35.209789495860925,
            69.3629953144108,
            34.88828582341253,
            36.76965838447727,
            25.819450379193174,
            85.53223757520598,
            30.89443164969039,
            85.95045569943132,
            29.373863937236507,
            40.442545187683564,
            72.29235825399772,
            66.3764190698967,
            0.0,
            26.722805704615975,
            31.426910727304602,
            62.84935652306226,
            75.20630555656793,
            66.69738552976456,
            57.13085775913706,
            15.148715046941975,
            38.49099328113803
        ],
        [
            45.346420546697495,
            27.47208031907664,
            23.35312035567079,
            46.983441086383394,
            47.31239306164884,
            47.64971890279669,
            22.119747987914923,
            3.701015708461984,
            68.99232840272961,
            48.18639455834703,
            63.32042923228395,
            11.660316064514102,
            47.47070558230266,
            50.99227070345165,
            44.3585137793061,
            26.722805704615975,
            0.0,
            35.08334589218849,
            54.90738009267801,
            48.48401455870156,
            41.24918473127692,
            36.72890191785236,
            37.187784967038624,
            45.346420546697495
        ],
        [
            10.311029782454012,
            62.55263604694597,
            58.02317854947397,
            66.45245468514605,
            52.72289557177284,
            66.23046611176653,
            56.06870091555182,
            37.62836553165056,
            60.15920101809905,
            21.112138299524485,
            68.33505086377576,
            45.592817688548614,
            70.91623918694943,
            54.037565702910314,
            78.68381912873298,
            31.426910727304602,
            35.08334589218849,
            0.0,
            33.02369907669237,
            73.08185424957033,
            57.7252080759544,
            71.67783314585945,
            46.148611124329,
            10.311029782454012
        ],
        [
            32.64160943262809,
            79.19999866820282,
            72.41958108411654,
            96.45221418534523,
            38.11576655232105,
            96.51713667896095,
            76.70755899398237,
            58.509806034961734,
            30.73498890550015,
            50.51833655892644,
            48.32669524117761,
            66.52350328694665,
            99.49207527705497,
            36.602803868706964,
            89.72049077572876,
            62.84935652306226,
            54.90738009267801,
            33.02369907669237,
            0.0,
            70.74884876603653,
            51.51881063143023,
            85.78776972055292,
            77.9758658060942,
            32.64160943262809
        ],
        [
            82.30499752560901,
            42.087269878953656,
            35.95858597243671,
            87.08205501132761,
            35.22916528113887,
            88.32923940763048,
            50.53615962966503,
            49.726486935640104,
            61.75810636497063,
            92.03500216393985,
            39.45129835102517,
            49.545813619345665,
            83.60895850477382,
            38.852255349745164,
            34.171089841359176,
            75.20630555656793,
            48.48401455870156,
            73.08185424957033,
            70.74884876603653,
            0.0,
            19.386709562269324,
            38.72110131102003,
            84.33479128389763,
            82.30499752560901
        ],
        [
            66.08125589673195,
            46.75328638398676,
            39.10803995885687,
            86.1181450435503,
            16.44781266266762,
            87.07828279793884,
            51.76476122316872,
            43.75592618525125,
            43.95850538586092,
            77.9796584142684,
            25.937894073383717,
            46.8120541376639,
            84.50065149995267,
            20.507516079685647,
            46.76449337318502,
            66.69738552976456,
            41.24918473127692,
            57.7252080759544,
            51.51881063143023,
            19.386709562269324,
            0.0,
            47.62935365682666,
            78.41444117064901,
            66.08125589673195
        ],
        [
            81.97885768257284,
            10.288047562618585,
            13.833373012602753,
            54.250437843534954,
            62.360815286837784,
            55.78500505895427,
            20.932114305645904,
            34.77938222161373,
            89.63116731948708,
            84.0823554419596,
            73.40386584439189,
            28.227826445589514,
            48.72965236505939,
            66.73434291639013,
            9.888569140862606,
            57.13085775913706,
            36.72890191785236,
            71.67783314585945,
            85.78776972055292,
            38.72110131102003,
            47.62935365682666,
            0.0,
            59.688581237611274,
            81.97885768257284
        ],
        [
            52.260976824530175,
            49.783811622756595,
            51.49454045034228,
            22.434978810900844,
            82.87438806633129,
            21.662977894741335,
            38.83416456357311,
            35.02973080513024,
            100.36036318355528,
            41.29195033082495,
            99.34590013758832,
            35.19788468268322,
            29.436288565682776,
            86.06928672719052,
            69.49904146349174,
            15.148715046941975,
            37.187784967038624,
            46.148611124329,
            77.9758658060942,
            84.33479128389763,
            78.41444117064901,
            59.688581237611274,
            0.0,
            52.260976824530175
        ],
        [
            0.0,
            72.80199011975532,
            68.33349693811277,
            73.6590441446456,
            59.230258756012816,
            73.25802595934921,
            66.0691114102047,
            47.80302057142514,
            62.35044703477862,
            17.90504173664403,
            73.96113825355955,
            55.67004109622648,
            78.80913017403051,
            59.92284710540482,
            88.98527216263832,
            38.49099328113803,
            45.346420546697495,
            10.311029782454012,
            32.64160943262809,
            82.30499752560901,
            66.08125589673195,
            81.97885768257284,
            52.260976824530175,
            0.0
        ]
    ],
    "scores_ave": [
        0,
        16.488715049067643,
        11.80865518384523,
        11.337725848289281,
        15.772474237641674,
        14.657431934525519,
        11.788222327626078,
        19.230101012805076,
        15.60048795872284,
        18.48894048770279,
        13.472925554913054,
        10.742869688353123,
        17.432974426016365,
        13.38363529940954,
        11.359860754420128,
        11.225377952823745,
        13.050396488682559,
        17.700778798544054,
        15.67193353717657,
        16.238284838720865,
        17.648354445872933,
        12.91601695118617,
        17.174852521797263,
        0
    ],
    "scores_var": [
        0,
        243.86746250735416,
        21.935695065057025,
        275.78035787131677,
        321.48699658422674,
        344.8475896115937,
        253.6765509987383,
        358.84022250278474,
        20.539402687125403,
        20.129829318061276,
        21.245636252931906,
        396.7105165275075,
        23.132843166191684,
        301.0838872614444,
        22.460135956428452,
        311.07178843863016,
        23.30326555647631,
        17.49629939943212,
        234.2576429579267,
        24.254383156177013,
        22.460602872564955,
        350.2002767189489,
        23.867469690745935,
        0
    ],
    "vertex_number": 24,
    "minimum_distances": {
        "cost": 408.265681590943,
        "path": [
            0,
            9,
            15,
            22,
            5,
            3,
            12,
            7,
            16,
            11,
            6,
            1,
            21,
            14,
            2,
            19,
            20,
            4,
            13,
            10,
            8,
            18,
            17,
            23
        ]
    }
}