{
    "vertices": [
        [
            30.454813168443696,
            83.29280296487725
        ],
        [
            27.06154094619765,
            12.283493286439528
        ],
        [
            15.478162585097099,
            68.73768435955354
        ],
        [
            54.54407869319162,
            24.466685209862625
        ],
        [
            31.54790035841929,
            3.540035422840493
        ],
        [
            13.499325688636343,
            75.69897173195261
        ],
        [
            72.20209837967842,
            93.11386291342417
        ],
        [
            83.53189249336465,
            10.493847093223252
        ],
        [
            68.65127097337509,
            29.95173393724094
        ],
        [
            64.48588676225478,
            17.134382445497685
        ],
        [
            11.565011005168646,
            12.766444098282491
        ],
        [
            23.944188782873276,
            52.748928996196064
        ],
        [
            74.28450425458354,
            65.42856573132825
        ],
        [
            38.600835551850565,
            9.644369624070992
        ],
        [
            93.87779521877945,
            18.94962915230162
        ],
        [
            7.28920891537963,
            31.610594167546314
        ],
        [
            88.00293201157827,
            0.9430951641786645
        ],
        [
            47.536583716765435,
            1.0006227454593453
        ],
        [
            81.72147794534885,
            10.790727008601541
        ],
        [
            5.626995680825376,
            95.96322838105102
        ],
        [
            30.454813168443696,
            83.29280296487725
        ]
    ],
    "distances": [
        [
            0.0,
            71.09033940967322,
            20.88424143488809,
            63.56732528310953,
            79.76025808771584,
            18.578342995866066,
            42.88693322005118,
            90.09364198247832,
            65.60669961105319,
            74.39792050565964,
            73.0122723981892,
            31.230057106970918,
            47.33046368506192,
            74.0975668576651,
            90.34665831358973,
            56.636524668984514,
            100.46521963965431,
            84.0463551281712,
            88.79651983786945,
            27.874005837434062,
            0.0
        ],
        [
            71.09033940967322,
            0.0,
            57.630290160436275,
            30.061936838099943,
            9.827282238145067,
            64.84949181887059,
            92.58087588395531,
            56.4987029705773,
            45.187081908750606,
            37.737418902109624,
            15.504053718297937,
            40.58533444103452,
            71.09435272085702,
            11.837241811390186,
            67.14796499076081,
            27.649266579882205,
            61.987561450302515,
            23.377992730367136,
            54.68031696974176,
            86.38135097483512,
            71.09033940967322
        ],
        [
            20.88424143488809,
            57.630290160436275,
            0.0,
            59.04292647791616,
            67.14886372067824,
            7.237079337959284,
            61.739800557808465,
            89.57485547816528,
            65.81587502900535,
            71.16640919322519,
            56.107864793381914,
            18.091818528017715,
            58.89937254881452,
            63.456109647174486,
            92.87277770378529,
            38.01946591326894,
            99.27712981615605,
            74.94032213412879,
            88.0115145657136,
            28.95299184268037,
            20.88424143488809
        ],
        [
            63.56732528310953,
            30.061936838099943,
            59.04292647791616,
            0.0,
            31.092585761131637,
            65.64616463653054,
            70.8818782617441,
            32.17970717622073,
            15.136004544521732,
            12.353226765117,
            44.54319141463453,
            41.668196218617375,
            45.470430580759626,
            21.768969685970905,
            39.7187507766492,
            47.79182098344488,
            40.90053977661804,
            24.49001987397958,
            30.42437941575467,
            86.62930621832507,
            63.56732528310953
        ],
        [
            79.76025808771584,
            9.827282238145067,
            67.14886372067824,
            31.092585761131637,
            0.0,
            74.38187371176684,
            98.3678524115709,
            52.44702980182207,
            45.543802316081916,
            35.63309163280223,
            22.010054156010824,
            49.79288740812213,
            75.21042146087369,
            9.327743075527641,
            64.2064745349766,
            37.10040941510735,
            56.51472991766165,
            16.189089297409506,
            50.69477701246418,
            95.98926969143753,
            79.76025808771584
        ],
        [
            18.578342995866066,
            64.84949181887059,
            7.237079337959284,
            65.64616463653054,
            74.38187371176684,
            0.0,
            61.23147847699458,
            95.68839371841793,
            71.65575227807403,
            77.64947217080727,
            62.96224747940096,
            25.21506745242623,
            61.6467288078755,
            70.66325959820703,
            98.39301930132407,
            44.52359584084746,
            105.54254325408387,
            82.0876255922985,
            94.16656674002984,
            21.739679788175593,
            18.578342995866066
        ],
        [
            42.88693322005118,
            92.58087588395531,
            61.739800557808465,
            70.8818782617441,
            98.3678524115709,
            61.23147847699458,
            0.0,
            83.3932326318435,
            63.261859853100745,
            76.370291173341,
            100.66063816368202,
            62.91385959226798,
            27.76350291819834,
            89.97889293387723,
            77.26687131517002,
            89.42223037383907,
            93.51532906934742,
            95.35846384997792,
            82.87169174404009,
            66.63605017504365,
            42.88693322005118
        ],
        [
            90.09364198247832,
            56.4987029705773,
            89.57485547816528,
            32.17970717622073,
            52.44702980182207,
            95.68839371841793,
            83.3932326318435,
            0.0,
            24.49575998526629,
            20.17044977372286,
            72.00275500481528,
            73.04920519838835,
            55.70760721020521,
            44.939086437667804,
            13.361809511977674,
            79.11298127471672,
            10.545475654686078,
            37.226113985207995,
            1.8345949198180704,
            115.6468247947019,
            90.09364198247832
        ],
        [
            65.60669961105319,
            45.187081908750606,
            65.81587502900535,
            15.136004544521732,
            45.543802316081916,
            71.65575227807403,
            63.261859853100745,
            24.49575998526629,
            0.0,
            13.477200187321678,
            59.61690417999461,
            50.18401439247693,
            35.921287718377776,
            36.268687794997824,
            27.52133418282549,
            61.384480752654206,
            34.87101817273942,
            35.83290188058087,
            23.19427724266481,
            91.26651453219993,
            65.60669961105319
        ],
        [
            74.39792050565964,
            37.737418902109624,
            71.16640919322519,
            12.353226765117,
            35.63309163280223,
            77.64947217080727,
            76.370291173341,
            20.17044977372286,
            13.477200187321678,
            0.0,
            53.10082839562882,
            53.96318375580937,
            49.2782004948067,
            26.946913890655175,
            29.44790999923915,
            59.000175106018084,
            28.55186860933854,
            23.400364864386532,
            18.365934981176757,
            98.3786359473782,
            74.39792050565964
        ],
        [
            73.0122723981892,
            15.504053718297937,
            56.107864793381914,
            44.54319141463453,
            22.010054156010824,
            62.96224747940096,
            100.66063816368202,
            72.00275500481528,
            59.61690417999461,
            53.10082839562882,
            0.0,
            41.85502527850035,
            81.89648275937806,
            27.21549481346043,
            82.54469227278459,
            19.323159041522683,
            77.34692849622209,
            37.846909985522515,
            70.18428108591735,
            83.40842248229885,
            73.0122723981892
        ],
        [
            31.230057106970918,
            40.58533444103452,
            18.091818528017715,
            41.668196218617375,
            49.79288740812213,
            25.21506745242623,
            62.91385959226798,
            73.04920519838835,
            50.18401439247693,
            53.96318375580937,
            41.85502527850035,
            0.0,
            51.912624182622714,
            45.528236657876704,
            77.67304538300078,
            26.911290450566018,
            82.38547810792723,
            56.872561912901176,
            71.40522289718098,
            46.93607604456925,
            31.230057106970918
        ],
        [
            47.33046368506192,
            71.09435272085702,
            58.89937254881452,
            45.470430580759626,
            75.21042146087369,
            61.6467288078755,
            27.76350291819834,
            55.70760721020521,
            35.921287718377776,
            49.2782004948067,
            81.89648275937806,
            51.912624182622714,
            0.0,
            66.22084828374929,
            50.43995039970619,
            75.04681737606147,
            65.92853080715966,
            69.75966664547506,
            55.14165392847615,
            75.14132755473548,
            47.33046368506192
        ],
        [
            74.0975668576651,
            11.837241811390186,
            63.456109647174486,
            21.768969685970905,
            9.327743075527641,
            70.66325959820703,
            89.97889293387723,
            44.939086437667804,
            36.268687794997824,
            26.946913890655175,
            27.21549481346043,
            45.528236657876704,
            66.22084828374929,
            0.0,
            56.054706536623755,
            38.2483069339825,
            50.162528961791935,
            12.432294855266587,
            43.13587759256822,
            92.4024864002451,
            74.0975668576651
        ],
        [
            90.34665831358973,
            67.14796499076081,
            92.87277770378529,
            39.7187507766492,
            64.2064745349766,
            98.39301930132407,
            77.26687131517002,
            13.361809511977674,
            27.52133418282549,
            29.44790999923915,
            82.54469227278459,
            77.67304538300078,
            50.43995039970619,
            56.054706536623755,
            0.0,
            87.5093327202223,
            18.940678022941874,
            49.695821901516645,
            14.640482705251932,
            117.12940743150111,
            90.34665831358973
        ],
        [
            56.636524668984514,
            27.649266579882205,
            38.01946591326894,
            47.79182098344488,
            37.10040941510735,
            44.52359584084746,
            89.42223037383907,
            79.11298127471672,
            61.384480752654206,
            59.000175106018084,
            19.323159041522683,
            26.911290450566018,
            75.04681737606147,
            38.2483069339825,
            87.5093327202223,
            0.0,
            86.34350346824817,
            50.56502278120921,
            77.2892589010001,
            64.3740979203147,
            56.636524668984514
        ],
        [
            100.46521963965431,
            61.987561450302515,
            99.27712981615605,
            40.90053977661804,
            56.51472991766165,
            105.54254325408387,
            93.51532906934742,
            10.545475654686078,
            34.87101817273942,
            28.55186860933854,
            77.34692849622209,
            82.38547810792723,
            65.92853080715966,
            50.162528961791935,
            18.940678022941874,
            86.34350346824817,
            0.0,
            40.46638918583803,
            11.680433131071876,
            125.75619508763943,
            100.46521963965431
        ],
        [
            84.0463551281712,
            23.377992730367136,
            74.94032213412879,
            24.49001987397958,
            16.189089297409506,
            82.0876255922985,
            95.35846384997792,
            37.226113985207995,
            35.83290188058087,
            23.400364864386532,
            37.846909985522515,
            56.872561912901176,
            69.75966664547506,
            12.432294855266587,
            49.695821901516645,
            50.56502278120921,
            40.46638918583803,
            0.0,
            35.559149805677734,
            103.7993739790521,
            84.0463551281712
        ],
        [
            88.79651983786945,
            54.68031696974176,
            88.0115145657136,
            30.42437941575467,
            50.69477701246418,
            94.16656674002984,
            82.87169174404009,
            1.8345949198180704,
            23.19427724266481,
            18.365934981176757,
            70.18428108591735,
            71.40522289718098,
            55.14165392847615,
            43.13587759256822,
            14.640482705251932,
            77.2892589010001,
            11.680433131071876,
            35.559149805677734,
            0.0,
            114.21350717470237,
            88.79651983786945
        ],
        [
            27.874005837434062,
            86.38135097483512,
            28.95299184268037,
            86.62930621832507,
            95.98926969143753,
            21.739679788175593,
            66.63605017504365,
            115.6468247947019,
            91.26651453219993,
            98.3786359473782,
            83.40842248229885,
            46.93607604456925,
            75.14132755473548,
            92.4024864002451,
            117.12940743150111,
            64.3740979203147,
            125.75619508763943,
            103.7993739790521,
            114.21350717470237,
            0.0,
            27.874005837434062
        ],
        [
            0.0,
            71.09033940967322,
            20.88424143488809,
            63.56732528310953,
            79.76025808771584,
            18.578342995866066,
            42.88693322005118,
            90.09364198247832,
            65.60669961105319,
            74.39792050565964,
            73.0122723981892,
            31.230057106970918,
            47.33046368506192,
            74.0975668576651,
            90.34665831358973,
            56.636524668984514,
            100.46521963965431,
            84.0463551281712,
            88.79651983786945,
            27.874005837434062,
            0.0
        ]
    ],
    "scores_ave": [
        0,
        18.108488991096998,
        18.981934521363254,
        17.93414818723694,
        11.713410296639443,
        12.878054351687577,
        17.7571365816079,
        10.89017233117415,
        18.25030744248373,
        17.240386954448518,
        18.546697638537008,
        17.617866097983814,
        10.07233292524161,
        13.795027529223537,
        15.87153232033085,
        11.124672807022524,
        19.756189955170015,
        12.409930281757216,
        10.685505746573506,
        17.612626570723133,
        0
    ],
    "scores_var": [
        0,
        380.31320492413954,
        23.896079100871376,
        264.57620947845004,
        358.28871105223106,
        18.0447235339354,
        319.10507884716674,
        21.868110623505103,
        22.09660043214191,
        17.058012052899997,
        17.865759624671522,
        289.4137711499067,
        390.2896662859438,
        349.355990981867,
        339.62279146711114,
        21.11278850031232,
        256.8064088350018,
        354.1966564538967,
        362.0359668004363,
        298.88931056616383,
        0
    ],
    "vertex_number": 21,
    "minimum_distances": {
        "cost": 395.29876865893095,
        "path": [
            0,
            19,
            5,
            2,
            11,
            15,
            10,
            1,
            4,
            13,
            17,
            16,
            14,
            7,
            18,
            9,
            3,
            8,
            12,
            6,
            20
        ]
    }
}