{
    "vertices": [
        [
            24.46521288165654,
            31.185323603030433
        ],
        [
            47.499587684703705,
            32.81699982832371
        ],
        [
            97.13851908673227,
            66.78841724953121
        ],
        [
            49.51673313674991,
            62.636251942586874
        ],
        [
            32.45240578555276,
            38.0406482926787
        ],
        [
            93.79591270999616,
            57.33507104436519
        ],
        [
            14.84865641311287,
            23.134524201343766
        ],
        [
            82.24330808604277,
            55.852623373770726
        ],
        [
            31.362315281141928,
            0.12158397612155314
        ],
        [
            96.61901457548807,
            30.073947661753174
        ],
        [
            21.43075385370209,
            6.427343449387246
        ],
        [
            61.089876110886706,
            44.83989460492932
        ],
        [
            89.15753195619291,
            63.46224746527971
        ],
        [
            15.909817996751341,
            88.30118542528587
        ],
        [
            10.262938983179959,
            12.486189327970521
        ],
        [
            14.863453841804786,
            27.038935453227143
        ],
        [
            14.152077053436562,
            29.374648792341862
        ],
        [
            41.24047608582284,
            87.11651290198213
        ],
        [
            59.18054777363447,
            45.40019618389242
        ],
        [
            78.4957668576996,
            79.6592146283286
        ],
        [
            88.2149262978208,
            11.983796131126534
        ],
        [
            55.93740204754587,
            7.9163976754969445
        ],
        [
            82.73038548804105,
            51.91353170504439
        ],
        [
            66.34281191245137,
            9.640997738345192
        ],
        [
            24.46521288165654,
            31.185323603030433
        ]
    ],
    "distances": [
        [
            0.0,
            23.092093665829466,
            80.92582846025243,
            40.208700059953046,
            10.525717414245516,
            74.09828088378924,
            12.541671711493947,
            62.82343482671641,
            31.820212776117263,
            72.16236037821668,
            24.94324603736499,
            39.08725196148256,
            72.29727492271793,
            57.7530644497384,
            23.48110317945197,
            10.458791103574258,
            10.470879327037279,
            58.392699817393485,
            37.512892172589446,
            72.58800778427926,
            66.5787099446764,
            39.14002560952869,
            61.84245265165489,
            47.09449307029192,
            0.0
        ],
        [
            23.092093665829466,
            0.0,
            60.15048389116431,
            29.887399894080765,
            15.928094248380566,
            52.38783758662312,
            34.05633050064568,
            41.68652131629572,
            36.46096238959126,
            49.19595952177005,
            37.09444784744364,
            18.14513538985516,
            51.71571834226861,
            63.84675716350844,
            42.425344572813565,
            33.143676020236086,
            33.52471097500172,
            54.65906693352574,
            17.16920671207587,
            56.168996881680755,
            45.73577565396364,
            26.29138069396787,
            40.07351548814065,
            29.869619551843392,
            23.092093665829466
        ],
        [
            80.92582846025243,
            60.15048389116431,
            0.0,
            47.80245782177031,
            70.78649217195048,
            10.02690240625307,
            93.15193973882523,
            18.478606507206703,
            93.65348709887508,
            36.7181448612138,
            96.82522887598067,
            42.204766397654446,
            8.646361142787327,
            84.02916800343337,
            102.45046791290834,
            91.3739988406537,
            91.03043244714225,
            59.479598890600414,
            43.56906685434737,
            22.654130657325172,
            55.52636314575447,
            71.85712723176601,
            20.708851579923927,
            64.91689408121387,
            80.92582846025243
        ],
        [
            40.208700059953046,
            29.887399894080765,
            47.80245782177031,
            0.0,
            29.935513806383735,
            44.595383870928366,
            52.55722631816942,
            33.422242959911316,
            65.09736245527482,
            57.261929558928564,
            62.8352100838748,
            21.228470806664564,
            39.649403521958085,
            42.286091754836235,
            63.685862918710484,
            49.679157673385674,
            48.548873766704624,
            25.841431992308625,
            19.76033733145486,
            33.6090114998953,
            63.74340305995198,
            55.09525787464491,
            34.90162505965919,
            55.60228318278222,
            40.208700059953046
        ],
        [
            10.525717414245516,
            15.928094248380566,
            70.78649217195048,
            29.935513806383735,
            0.0,
            64.30630288789764,
            23.066957480212984,
            52.88100233719464,
            37.93472994435316,
            64.65927622965937,
            33.47951395139635,
            29.43356004714747,
            62.142811639968514,
            52.91293607057149,
            33.843800170083725,
            20.746298847775936,
            20.248495722975473,
            49.856500747176085,
            27.72285193298346,
            62.065257291458785,
            61.55012785080222,
            38.197061728261325,
            52.15680336386534,
            44.21651025413903,
            10.525717414245516
        ],
        [
            74.09828088378924,
            52.38783758662312,
            10.02690240625307,
            44.595383870928366,
            64.30630288789764,
            0.0,
            86.03689139646714,
            11.647331226226896,
            84.68374808908918,
            27.40691066546793,
            88.47775395646725,
            35.011630414405445,
            7.684846576885136,
            83.81613203633775,
            94.81128567241416,
            84.54696265824897,
            84.40927538251064,
            60.40702109751909,
            36.615088797006116,
            27.064032402045374,
            45.69338623465147,
            62.25328993007317,
            12.322296113453554,
            55.03087653236285,
            74.09828088378924
        ],
        [
            12.541671711493947,
            34.05633050064568,
            93.15193973882523,
            52.55722631816942,
            23.066957480212984,
            86.03689139646714,
            0.0,
            74.91670766639655,
            28.3248362222853,
            82.06428621493032,
            17.95700129186267,
            51.08202720619685,
            84.54663948454461,
            65.17530052851792,
            11.593784538393288,
            3.90443929236061,
            6.278883476821832,
            69.21143708756131,
            49.60924047428606,
            85.1234121485499,
            74.2088154688628,
            43.816394109600346,
            73.73032222294981,
            53.23272778092154,
            12.541671711493947
        ],
        [
            62.82343482671641,
            41.68652131629572,
            18.478606507206703,
            33.422242959911316,
            52.88100233719464,
            11.647331226226896,
            74.91670766639655,
            0.0,
            75.46405887013165,
            29.516115234495935,
            78.36469261003352,
            23.848435572666446,
            10.28167644601929,
            73.84470926638653,
            84.03464248768543,
            73.28214905116549,
            73.0581883259539,
            51.562224743221336,
            25.320824382063524,
            24.09974797419515,
            44.27340316388837,
            54.67981736163784,
            3.9690915295778466,
            48.87064683872225,
            62.82343482671641
        ],
        [
            31.820212776117263,
            36.46096238959126,
            93.65348709887508,
            65.09736245527482,
            37.93472994435316,
            84.68374808908918,
            28.3248362222853,
            75.46405887013165,
            0.0,
            71.80237386848056,
            11.764289817991177,
            53.69781353445145,
            85.74570964055789,
            89.52330302249554,
            24.45541137805642,
            31.57144658289329,
            33.940154699063434,
            87.55395890363079,
            53.141384837695604,
            92.45429653232246,
            58.07694427760592,
            25.781660345762308,
            72.94576400543346,
            36.25264656476081,
            31.820212776117263
        ],
        [
            72.16236037821668,
            49.19595952177005,
            36.7181448612138,
            57.261929558928564,
            64.65927622965937,
            27.40691066546793,
            82.06428621493032,
            29.516115234495935,
            71.80237386848056,
            0.0,
            78.81901065823871,
            38.47535404860505,
            34.21187347469024,
            99.52077989021255,
            88.12888876476302,
            81.81187572709037,
            82.46990240793733,
            79.50243250641523,
            40.454081255614604,
            52.79347315707577,
            19.946986794497505,
            46.3244063023701,
            25.881681728834,
            36.52607137738425,
            72.16236037821668
        ],
        [
            24.94324603736499,
            37.09444784744364,
            96.82522887598067,
            62.8352100838748,
            33.47951395139635,
            88.47775395646725,
            17.95700129186267,
            78.36469261003352,
            11.764289817991177,
            78.81901065823871,
            0.0,
            55.212046371126775,
            88.54319142794718,
            82.05977536303023,
            12.705498902549273,
            21.632548494780337,
            24.074010020466407,
            83.08530051617645,
            54.25799656514044,
            92.84030733208215,
            67.01492263257633,
            34.538761588424066,
            76.33241880442891,
            45.02688677847275,
            24.94324603736499
        ],
        [
            39.08725196148256,
            18.14513538985516,
            42.204766397654446,
            21.228470806664564,
            29.43356004714747,
            35.011630414405445,
            51.08202720619685,
            23.848435572666446,
            53.69781353445145,
            38.47535404860505,
            55.212046371126775,
            0.0,
            33.68360626040436,
            62.69068073460566,
            60.25064134872065,
            49.53540413199475,
            49.41994342774303,
            46.704508732987506,
            1.989842345218063,
            38.927497730805676,
            42.60623844654582,
            37.28126358469093,
            22.767256925831656,
            35.588701509886334,
            39.08725196148256
        ],
        [
            72.29727492271793,
            51.71571834226861,
            8.646361142787327,
            39.649403521958085,
            62.142811639968514,
            7.684846576885136,
            84.54663948454461,
            10.28167644601929,
            85.74570964055789,
            34.21187347469024,
            88.54319142794718,
            33.68360626040436,
            0.0,
            77.34468591483972,
            93.93037476554488,
            82.74217606997134,
            82.38800063393147,
            53.43751974628072,
            34.997961043078256,
            19.39110570071583,
            51.4870804881183,
            64.72185457800553,
            13.216695783507486,
            58.457149886419806,
            72.29727492271793
        ],
        [
            57.7530644497384,
            63.84675716350844,
            84.02916800343337,
            42.286091754836235,
            52.91293607057149,
            83.81613203633775,
            65.17530052851792,
            73.84470926638653,
            89.52330302249554,
            99.52077989021255,
            82.05977536303023,
            62.69068073460566,
            77.34468591483972,
            0.0,
            76.02500164965375,
            61.27118531237801,
            58.95274694853072,
            25.35834553382602,
            60.933167760376584,
            63.17978042127634,
            105.13026488649997,
            89.79934067977356,
            76.0858040840879,
            93.43934932482016,
            57.7530644497384
        ],
        [
            23.48110317945197,
            42.425344572813565,
            102.45046791290834,
            63.685862918710484,
            33.843800170083725,
            94.81128567241416,
            11.593784538393288,
            84.03464248768543,
            24.45541137805642,
            88.12888876476302,
            12.705498902549273,
            60.25064134872065,
            93.93037476554488,
            76.02500164965375,
            0.0,
            15.262606486134649,
            17.330477720167817,
            80.80404075111151,
            58.95985326548589,
            95.74932964651174,
            77.95360623618487,
            45.90250071581224,
            82.49876441410446,
            56.15200141530935,
            23.48110317945197
        ],
        [
            10.458791103574258,
            33.143676020236086,
            91.3739988406537,
            49.679157673385674,
            20.746298847775936,
            84.54696265824897,
            3.90443929236061,
            73.28214905116549,
            31.57144658289329,
            81.81187572709037,
            21.632548494780337,
            49.53540413199475,
            82.74217606997134,
            61.27118531237801,
            15.262606486134649,
            0.0,
            2.441641607105252,
            65.61297596186732,
            47.9702064846722,
            82.570969718288,
            74.8805430767802,
            45.30718124391122,
            72.28185076328515,
            54.3397878547272,
            10.458791103574258
        ],
        [
            10.470879327037279,
            33.52471097500172,
            91.03043244714225,
            48.548873766704624,
            20.248495722975473,
            84.40927538251064,
            6.278883476821832,
            73.0581883259539,
            33.940154699063434,
            82.46990240793733,
            24.074010020466407,
            49.41994342774303,
            82.38800063393147,
            58.95274694853072,
            17.330477720167817,
            2.441641607105252,
            0.0,
            63.78012412181361,
            47.79520210856476,
            81.66179020166598,
            76.0772462335519,
            46.973076606252995,
            72.1871569651019,
            55.79686182075912,
            10.470879327037279
        ],
        [
            58.392699817393485,
            54.65906693352574,
            59.479598890600414,
            25.841431992308625,
            49.856500747176085,
            60.40702109751909,
            69.21143708756131,
            51.562224743221336,
            87.55395890363079,
            79.50243250641523,
            83.08530051617645,
            46.704508732987506,
            53.43751974628072,
            25.35834553382602,
            80.80404075111151,
            65.61297596186732,
            63.78012412181361,
            0.0,
            45.410320993005456,
            37.99431520687433,
            88.60882632158649,
            80.55220595745905,
            54.41196989042234,
            81.44066990038684,
            58.392699817393485
        ],
        [
            37.512892172589446,
            17.16920671207587,
            43.56906685434737,
            19.76033733145486,
            27.72285193298346,
            36.615088797006116,
            49.60924047428606,
            25.320824382063524,
            53.141384837695604,
            40.454081255614604,
            54.25799656514044,
            1.989842345218063,
            34.997961043078256,
            60.933167760376584,
            58.95985326548589,
            47.9702064846722,
            47.79520210856476,
            45.410320993005456,
            0.0,
            39.328844796683924,
            44.267944709148445,
            37.623837454712636,
            24.433959891634156,
            36.469415968208345,
            37.512892172589446
        ],
        [
            72.58800778427926,
            56.168996881680755,
            22.654130657325172,
            33.6090114998953,
            62.065257291458785,
            27.064032402045374,
            85.1234121485499,
            24.09974797419515,
            92.45429653232246,
            52.79347315707577,
            92.84030733208215,
            38.927497730805676,
            19.39110570071583,
            63.17978042127634,
            95.74932964651174,
            82.570969718288,
            81.66179020166598,
            37.99431520687433,
            39.328844796683924,
            0.0,
            68.36976180296327,
            75.20579503758664,
            28.066971974615637,
            71.0650758836856,
            72.58800778427926
        ],
        [
            66.5787099446764,
            45.73577565396364,
            55.52636314575447,
            63.74340305995198,
            61.55012785080222,
            45.69338623465147,
            74.2088154688628,
            44.27340316388837,
            58.07694427760592,
            19.946986794497505,
            67.01492263257633,
            42.60623844654582,
            51.4870804881183,
            105.13026488649997,
            77.95360623618487,
            74.8805430767802,
            76.0772462335519,
            88.60882632158649,
            44.267944709148445,
            68.36976180296327,
            0.0,
            32.53278810560115,
            40.30463957036635,
            21.99722918905704,
            66.5787099446764
        ],
        [
            39.14002560952869,
            26.29138069396787,
            71.85712723176601,
            55.09525787464491,
            38.197061728261325,
            62.25328993007317,
            43.816394109600346,
            54.67981736163784,
            25.781660345762308,
            46.3244063023701,
            34.538761588424066,
            37.28126358469093,
            64.72185457800553,
            89.79934067977356,
            45.90250071581224,
            45.30718124391122,
            46.973076606252995,
            80.55220595745905,
            37.623837454712636,
            75.20579503758664,
            32.53278810560115,
            0.0,
            51.51321931753645,
            10.547359851330036,
            39.14002560952869
        ],
        [
            61.84245265165489,
            40.07351548814065,
            20.708851579923927,
            34.90162505965919,
            52.15680336386534,
            12.322296113453554,
            73.73032222294981,
            3.9690915295778466,
            72.94576400543346,
            25.881681728834,
            76.33241880442891,
            22.767256925831656,
            13.216695783507486,
            76.0858040840879,
            82.49876441410446,
            72.28185076328515,
            72.1871569651019,
            54.41196989042234,
            24.433959891634156,
            28.066971974615637,
            40.30463957036635,
            51.51321931753645,
            0.0,
            45.33783955661212,
            61.84245265165489
        ],
        [
            47.09449307029192,
            29.869619551843392,
            64.91689408121387,
            55.60228318278222,
            44.21651025413903,
            55.03087653236285,
            53.23272778092154,
            48.87064683872225,
            36.25264656476081,
            36.52607137738425,
            45.02688677847275,
            35.588701509886334,
            58.457149886419806,
            93.43934932482016,
            56.15200141530935,
            54.3397878547272,
            55.79686182075912,
            81.44066990038684,
            36.469415968208345,
            71.0650758836856,
            21.99722918905704,
            10.547359851330036,
            45.33783955661212,
            0.0,
            47.09449307029192
        ],
        [
            0.0,
            23.092093665829466,
            80.92582846025243,
            40.208700059953046,
            10.525717414245516,
            74.09828088378924,
            12.541671711493947,
            62.82343482671641,
            31.820212776117263,
            72.16236037821668,
            24.94324603736499,
            39.08725196148256,
            72.29727492271793,
            57.7530644497384,
            23.48110317945197,
            10.458791103574258,
            10.470879327037279,
            58.392699817393485,
            37.512892172589446,
            72.58800778427926,
            66.5787099446764,
            39.14002560952869,
            61.84245265165489,
            47.09449307029192,
            0.0
        ]
    ],
    "scores_ave": [
        0,
        13.264360693286784,
        19.8455987006442,
        18.505586490696345,
        15.031440492202767,
        18.438280864913335,
        12.606535472404715,
        11.78988021549442,
        12.47963208332588,
        17.22546354816436,
        14.290439465991817,
        11.203684618135028,
        12.334908243074192,
        18.861385636162286,
        10.95038538753484,
        12.213364839815071,
        15.400194706364672,
        17.59923597971905,
        14.688735223627848,
        16.537279257530486,
        19.147289944593858,
        11.595560033551282,
        18.28582502941434,
        17.45331431153972,
        0
    ],
    "scores_var": [
        0,
        282.14284719540353,
        19.130724493518493,
        16.505191335993324,
        24.875710547673364,
        304.8814522853353,
        235.7256084219652,
        349.0859749403242,
        331.65206426354456,
        376.80348911429064,
        230.10188754837628,
        23.79621286666737,
        18.470292793574206,
        23.849770244873344,
        342.9314202797565,
        323.51000441192326,
        371.5563881302269,
        317.8059373608561,
        24.713715440467922,
        20.824380280784098,
        22.869078596592736,
        373.6519975406924,
        17.2758547270813,
        369.03763404799463,
        0
    ],
    "vertex_number": 25,
    "minimum_distances": {
        "cost": 382.7041226251695,
        "path": [
            0,
            16,
            15,
            6,
            14,
            10,
            8,
            21,
            23,
            20,
            9,
            22,
            7,
            5,
            2,
            12,
            19,
            17,
            13,
            3,
            18,
            11,
            1,
            4,
            24
        ]
    }
}