{
    "vertices": [
        [
            59.628971715712794,
            49.16522207626447
        ],
        [
            45.02560909113132,
            7.873432137889413
        ],
        [
            46.73978937847145,
            18.44106918202416
        ],
        [
            48.922205053244596,
            25.650049771983184
        ],
        [
            6.859815060276208,
            66.44153863198588
        ],
        [
            90.94302996060031,
            48.91442974450685
        ],
        [
            93.1420131420586,
            58.459067006556864
        ],
        [
            67.34038894205733,
            8.107003281031744
        ],
        [
            84.76739350749367,
            53.6270557940686
        ],
        [
            8.648081916534823,
            70.89710937794499
        ],
        [
            94.64197054092497,
            43.54140306282102
        ],
        [
            42.761105450387625,
            97.63532300056681
        ],
        [
            1.953539466402543,
            95.25874636093774
        ],
        [
            32.785346876543066,
            21.614897060364456
        ],
        [
            46.4500838104279,
            16.47375590938941
        ],
        [
            59.628971715712794,
            49.16522207626447
        ]
    ],
    "distances": [
        [
            0.0,
            43.79806064496366,
            33.31823213184201,
            25.83792137275323,
            55.525264590630286,
            31.31506251882433,
            34.77785932504029,
            41.776109037055676,
            25.531318225011752,
            55.419545743436686,
            35.46177416642148,
            51.32129768387536,
            73.83135151225758,
            38.465576857598485,
            35.24790839979021,
            0.0
        ],
        [
            43.79806064496366,
            0.0,
            10.705763249487376,
            18.198670132752316,
            69.90601499377203,
            61.585493615382546,
            69.8147176020804,
            22.316002224282965,
            60.60365918216408,
            72.76886955420709,
            61.10636197171564,
            89.79045065028993,
            97.42379752205503,
            18.402496496331388,
            8.717493745368735,
            43.79806064496366
        ],
        [
            33.31823213184201,
            10.705763249487376,
            0.0,
            7.532087315206952,
            62.40558804335249,
            53.68940474556073,
            61.274844104985824,
            23.047290956319983,
            51.80880552238778,
            64.82757384324836,
            54.079993722706696,
            79.29413448468524,
            88.91998486476518,
            14.310822790495148,
            1.9885298159294196,
            33.31823213184201
        ],
        [
            25.83792137275323,
            18.198670132752316,
            7.532087315206952,
            0.0,
            58.5934315033374,
            48.031043101317366,
            55.06199269287385,
            25.435958364995894,
            45.4707642478157,
            60.574758748312995,
            49.09579899366201,
            72.24845126443999,
            83.97277051414783,
            16.633720245966117,
            9.503460027372228,
            25.83792137275323
        ],
        [
            55.525264590630286,
            69.90601499377203,
            62.40558804335249,
            58.5934315033374,
            0.0,
            85.89054996871096,
            86.6506639274894,
            84.02867267594617,
            78.95442831097328,
            4.801042493192459,
            90.72002551760512,
            47.56001298263732,
            29.231883303964576,
            51.783790847589394,
            63.750832856691744,
            55.525264590630286
        ],
        [
            31.31506251882433,
            61.585493615382546,
            53.68940474556073,
            48.031043101317366,
            85.89054996871096,
            0.0,
            9.794673424696205,
            47.14160283255265,
            7.768354387123936,
            85.18037730276743,
            6.523156991739533,
            68.52169940373795,
            100.33406749983232,
            64.24624959075976,
            55.06377734953002,
            31.31506251882433
        ],
        [
            34.77785932504029,
            69.8147176020804,
            61.274844104985824,
            55.06199269287385,
            86.6506639274894,
            9.794673424696205,
            0.0,
            56.57785903317157,
            9.668639324188943,
            85.40450404970449,
            14.992883969958898,
            63.820176226212915,
            98.33389106448023,
            70.71364805828313,
            62.7925362812805,
            34.77785932504029
        ],
        [
            41.776109037055676,
            22.316002224282965,
            23.047290956319983,
            25.435958364995894,
            84.02867267594617,
            47.14160283255265,
            56.57785903317157,
            0.0,
            48.741929269504425,
            85.94989428521609,
            44.732237208698784,
            92.84105346648732,
            108.9535057087099,
            37.10140329560589,
            22.503497462321562,
            41.776109037055676
        ],
        [
            25.531318225011752,
            60.60365918216408,
            51.80880552238778,
            45.4707642478157,
            78.95442831097328,
            7.768354387123936,
            9.668639324188943,
            48.741929269504425,
            0.0,
            78.0538554324605,
            14.114802960172378,
            60.8379471946179,
            92.68943888380534,
            61.04843551422258,
            53.37212675865328,
            25.531318225011752
        ],
        [
            55.419545743436686,
            72.76886955420709,
            64.82757384324836,
            60.574758748312995,
            4.801042493192459,
            85.18037730276743,
            85.40450404970449,
            85.94989428521609,
            78.0538554324605,
            0.0,
            90.24014377616722,
            43.34317065409676,
            25.26472353119549,
            54.875714215531886,
            66.2638117674288,
            55.419545743436686
        ],
        [
            35.46177416642148,
            61.10636197171564,
            54.079993722706696,
            49.09579899366201,
            90.72002551760512,
            6.523156991739533,
            14.992883969958898,
            44.732237208698784,
            14.114802960172378,
            90.24014377616722,
            0.0,
            74.95182677409396,
            106.14060887743085,
            65.62784132235903,
            55.27309896385161,
            35.46177416642148
        ],
        [
            51.32129768387536,
            89.79045065028993,
            79.29413448468524,
            72.24845126443999,
            47.56001298263732,
            68.52169940373795,
            63.820176226212915,
            92.84105346648732,
            60.8379471946179,
            43.34317065409676,
            74.95182677409396,
            0.0,
            40.87671168356533,
            76.67216521824217,
            81.24536007697016,
            51.32129768387536
        ],
        [
            73.83135151225758,
            97.42379752205503,
            88.91998486476518,
            83.97277051414783,
            29.231883303964576,
            100.33406749983232,
            98.33389106448023,
            108.9535057087099,
            92.68943888380534,
            25.26472353119549,
            106.14060887743085,
            40.87671168356533,
            0.0,
            79.83744038971655,
            90.48213734771286,
            73.83135151225758
        ],
        [
            38.465576857598485,
            18.402496496331388,
            14.310822790495148,
            16.633720245966117,
            51.783790847589394,
            64.24624959075976,
            70.71364805828313,
            37.10140329560589,
            61.04843551422258,
            54.875714215531886,
            65.62784132235903,
            76.67216521824217,
            79.83744038971655,
            0.0,
            14.59987560928261,
            38.465576857598485
        ],
        [
            35.24790839979021,
            8.717493745368735,
            1.9885298159294196,
            9.503460027372228,
            63.750832856691744,
            55.06377734953002,
            62.7925362812805,
            22.503497462321562,
            53.37212675865328,
            66.2638117674288,
            55.27309896385161,
            81.24536007697016,
            90.48213734771286,
            14.59987560928261,
            0.0,
            35.24790839979021
        ],
        [
            0.0,
            43.79806064496366,
            33.31823213184201,
            25.83792137275323,
            55.525264590630286,
            31.31506251882433,
            34.77785932504029,
            41.776109037055676,
            25.531318225011752,
            55.419545743436686,
            35.46177416642148,
            51.32129768387536,
            73.83135151225758,
            38.465576857598485,
            35.24790839979021,
            0.0
        ]
    ],
    "scores_ave": [
        0,
        10.690322831391303,
        13.567911247735346,
        14.989121099437545,
        16.89316205813882,
        17.223669610904594,
        12.50792548182938,
        19.443977810392216,
        19.57478737630521,
        12.18518124866864,
        12.835113883966294,
        19.801089036759056,
        11.38963181772785,
        10.978245519566403,
        12.709962454123923,
        0
    ],
    "scores_var": [
        0,
        398.62795817829,
        360.8950528903805,
        21.94847300720872,
        16.377918643522683,
        18.32185017315986,
        20.95795596303682,
        18.61294954618162,
        387.5046217836755,
        296.8210958832123,
        22.816033269171196,
        380.6461151239642,
        23.992676364296152,
        320.2783880033736,
        16.786304326047954,
        0
    ],
    "vertex_number": 16,
    "minimum_distances": {
        "cost": 327.4854247605074,
        "path": [
            0,
            11,
            12,
            9,
            4,
            13,
            3,
            2,
            14,
            1,
            7,
            10,
            5,
            6,
            8,
            15
        ]
    }
}