{
    "vertices": [
        [
            64.00763372275628,
            43.14349654619376
        ],
        [
            56.56268839712568,
            66.507185738011
        ],
        [
            96.74765783867996,
            48.449007102305785
        ],
        [
            86.37152818249047,
            22.201337247054
        ],
        [
            1.5166438110794656,
            19.67241776063069
        ],
        [
            66.78785335695963,
            79.3853505909682
        ],
        [
            52.79007913651629,
            13.366856025073758
        ],
        [
            76.06087732031911,
            96.65290098033337
        ],
        [
            16.883739412967124,
            36.50427497219725
        ],
        [
            25.013357408971594,
            60.05550551692406
        ],
        [
            88.5906725033582,
            22.754691969537255
        ],
        [
            59.42194897769198,
            98.0861322846806
        ],
        [
            89.83387118434278,
            45.74347078603489
        ],
        [
            73.78865022738273,
            24.032028106348648
        ],
        [
            0.23977398785965942,
            99.93377390186318
        ],
        [
            70.60468711094153,
            2.8327474021227594
        ],
        [
            26.10040803215584,
            87.94077919786488
        ],
        [
            5.190420860640554,
            11.415338215419702
        ],
        [
            34.841542798881655,
            16.00397390831273
        ],
        [
            27.961742401607136,
            16.805300842881866
        ],
        [
            67.56551253844914,
            18.317660427849248
        ],
        [
            50.018341861863405,
            89.45668129220067
        ],
        [
            13.309139105460211,
            53.26546984714643
        ],
        [
            39.362893959161816,
            0.2816200561851945
        ],
        [
            64.00763372275628,
            43.14349654619376
        ]
    ],
    "distances": [
        [
            0.0,
            24.52119865653934,
            33.16711656704996,
            30.638502109546337,
            66.7533921197972,
            36.34833704335239,
            31.819519977826182,
            54.85013258068306,
            47.58929163192913,
            42.5037602179131,
            31.93789516786708,
            55.133671440174986,
            25.956779605145385,
            21.468966202194522,
            85.39013723670497,
            40.847002459945415,
            58.683509545116955,
            66.82918943044348,
            39.83986130487629,
            44.64310511201088,
            25.07948645092349,
            48.37986531695816,
            51.69904931393997,
            49.44192203242146,
            0.0
        ],
        [
            24.52119865653934,
            0.0,
            44.05598239351486,
            53.40014175873678,
            72.27421750571939,
            16.443878144639665,
            53.27407645969019,
            35.90185954453794,
            49.7452876854566,
            32.20224314353372,
            54.22243518018549,
            31.70812571037582,
            39.218662173349664,
            45.835278736056985,
            65.49509511275855,
            65.20438501565397,
            37.247140207488656,
            75.32742883765947,
            54.97620004343236,
            57.343626271515426,
            49.42967214845361,
            23.864362923936827,
            45.23508114352079,
            68.4226459484434,
            24.52119865653934
        ],
        [
            33.16711656704996,
            44.05598239351486,
            0.0,
            28.22417827807124,
            99.4838586247259,
            43.06561543774122,
            56.240786352634196,
            52.455297856546196,
            80.75222654496258,
            72.66719110842384,
            26.958008826741487,
            62.10517481133102,
            7.4243095746575305,
            33.515740985164214,
            109.38214140237073,
            52.576592391537986,
            80.93598685673142,
            98.76345616814136,
            69.89311309621323,
            75.71542979042539,
            41.946342590744024,
            62.17120164614589,
            83.5774175346804,
            74.92068005803762,
            33.16711656704996
        ],
        [
            30.638502109546337,
            53.40014175873678,
            28.22417827807124,
            0.0,
            84.89256054245475,
            60.444451373050676,
            34.724080671615795,
            75.16212386256895,
            70.944533373948,
            72.09551425765643,
            2.287094874668314,
            80.52814375867797,
            23.795374984010753,
            12.715354759323121,
            116.02159621785171,
            24.974698195506907,
            89.1867823849482,
            81.89450507275888,
            51.90131699665541,
            58.65850563936854,
            19.202842759340488,
            76.4515235838585,
            79.39202121019136,
            51.867964036294836,
            30.638502109546337
        ],
        [
            66.7533921197972,
            72.27421750571939,
            99.4838586247259,
            84.89256054245475,
            0.0,
            88.46448520611307,
            51.65970653103512,
            107.15800271663788,
            22.791644180008607,
            46.72140116299874,
            87.12856527570435,
            97.47684336239925,
            92.08491981184612,
            72.40337777897294,
            80.2715122953044,
            71.11070400992263,
            72.55984176252261,
            9.037477547735511,
            33.526204271358075,
            26.600067648086352,
            66.06276127740982,
            84.98386994278988,
            35.60275401925182,
            42.52460094916767,
            66.7533921197972
        ],
        [
            36.34833704335239,
            16.443878144639665,
            43.06561543774122,
            60.444451373050676,
            88.46448520611307,
            0.0,
            67.48614159865375,
            19.599930353812596,
            65.79671142813856,
            46.02989704849466,
            60.682735754311665,
            20.099148819798394,
            40.77860976675936,
            55.79427808393272,
            69.6482919265057,
            76.64769582247312,
            41.57720007055074,
            91.72876469500066,
            70.97721936270698,
            73.64597421713087,
            61.07264146621833,
            19.561396112694823,
            59.516561124320674,
            83.7229274601075,
            36.34833704335239
        ],
        [
            31.819519977826182,
            53.27407645969019,
            56.240786352634196,
            34.724080671615795,
            51.65970653103512,
            67.48614159865375,
            0.0,
            86.47598124566616,
            42.71539989134637,
            54.32657049089614,
            37.01099767823243,
            84.97845296039391,
            49.19845234011228,
            23.551770281262876,
            101.26878019362005,
            20.696079381433233,
            79.20611441700879,
            47.639646196645316,
            18.14123334819024,
            25.06529887687659,
            15.582807720353035,
            76.14029180861868,
            56.130597811342916,
            18.74867201026416,
            31.819519977826182
        ],
        [
            54.85013258068306,
            35.90185954453794,
            52.455297856546196,
            75.16212386256895,
            107.15800271663788,
            19.599930353812596,
            86.47598124566616,
            0.0,
            84.37885316578073,
            62.810975504322435,
            74.95292564224707,
            16.700541558968713,
            52.73960032733073,
            72.65641191898568,
            75.89205385070771,
            93.97867433114776,
            50.71439201495042,
            110.85153902813343,
            90.57197677128543,
            93.21569625142969,
            78.79455016175034,
            27.01849793946346,
            76.2905618626788,
            103.12209156983224,
            54.85013258068306
        ],
        [
            47.58929163192913,
            49.7452876854566,
            80.75222654496258,
            70.944533373948,
            22.791644180008607,
            65.79671142813856,
            42.71539989134637,
            84.37885316578073,
            0.0,
            24.914878063756053,
            73.01325418016144,
            74.84533668190363,
            73.53288016083353,
            58.255693427160104,
            65.5768474352089,
            63.40119865168787,
            52.25572645550976,
            27.680109218566468,
            27.253349264944816,
            22.600259555229755,
            53.84603119754994,
            62.4648638398031,
            17.13812769804365,
            42.63089394179059,
            47.58929163192913
        ],
        [
            42.5037602179131,
            32.20224314353372,
            72.66719110842384,
            72.09551425765643,
            46.72140116299874,
            46.02989704849466,
            54.32657049089614,
            62.810975504322435,
            24.914878063756053,
            0.0,
            73.71177440482515,
            51.28625299328677,
            66.38172447474729,
            60.63596386858203,
            46.946849999803256,
            73.16429040357586,
            27.90645386498142,
            52.52441992556883,
            45.13458391436576,
            43.35058452214157,
            59.60481204435367,
            38.59635195789977,
            13.531197674008883,
            61.472161034721836,
            42.5037602179131
        ],
        [
            31.93789516786708,
            54.22243518018549,
            26.958008826741487,
            2.287094874668314,
            87.12856527570435,
            60.682735754311665,
            37.01099767823243,
            74.95292564224707,
            73.01325418016144,
            73.71177440482515,
            0.0,
            80.78143556579542,
            23.022369435708658,
            14.857033723623246,
            117.31364778410311,
            26.83988721815653,
            90.30093643933021,
            84.16758828450324,
            54.1714051722012,
            60.92013148427162,
            21.48824330772409,
            77.05180121656797,
            81.2294086980549,
            54.114814437630066,
            31.93789516786708
        ],
        [
            55.133671440174986,
            31.70812571037582,
            62.10517481133102,
            80.52814375867797,
            97.47684336239925,
            20.099148819798394,
            84.97845296039391,
            16.700541558968713,
            74.84533668190363,
            51.28625299328677,
            80.78143556579542,
            0.0,
            60.53626371907328,
            75.43482253212443,
            59.21100924720571,
            95.9075646846563,
            34.83178548741369,
            102.23935243587357,
            85.68358706099106,
            87.15685949872237,
            80.18308256635054,
            12.763042396720099,
            64.30616623351125,
            99.84031400436564,
            55.133671440174986
        ],
        [
            25.956779605145385,
            39.218662173349664,
            7.4243095746575305,
            23.795374984010753,
            92.08491981184612,
            40.77860976675936,
            49.19845234011228,
            52.73960032733073,
            73.53288016083353,
            66.38172447474729,
            23.022369435708658,
            60.53626371907328,
            0.0,
            26.99696017686012,
            104.7076463503894,
            47.022246878040306,
            76.43668728152907,
            91.33966481483704,
            62.51874803444515,
            68.30503641581805,
            35.327820065570265,
            59.128006460437824,
            76.89353086976904,
            67.92716256290903,
            25.956779605145385
        ],
        [
            21.468966202194522,
            45.835278736056985,
            33.515740985164214,
            12.715354759323121,
            72.40337777897294,
            55.79427808393272,
            23.551770281262876,
            72.65641191898568,
            58.255693427160104,
            60.63596386858203,
            14.857033723623246,
            75.43482253212443,
            26.99696017686012,
            0.0,
            105.69064391375231,
            21.437050251921836,
            79.74018378300866,
            69.74882032017486,
            39.76590035764067,
            46.39322221847353,
            8.448753793341615,
            69.60899944892826,
            67.17414220933058,
            41.82361267499761,
            21.468966202194522
        ],
        [
            85.39013723670497,
            65.49509511275855,
            109.38214140237073,
            116.02159621785171,
            80.2715122953044,
            69.6482919265057,
            101.26878019362005,
            75.89205385070771,
            65.5768474352089,
            46.946849999803256,
            117.31364778410311,
            59.21100924720571,
            104.7076463503894,
            105.69064391375231,
            0.0,
            119.91593032671743,
            28.506215377407464,
            88.65676714630419,
            90.78267308142449,
            87.62905092405482,
            105.80144162527016,
            50.86919784248856,
            48.46378965702792,
            107.05685537307536,
            85.39013723670497
        ],
        [
            40.847002459945415,
            65.20438501565397,
            52.576592391537986,
            24.974698195506907,
            71.11070400992263,
            76.64769582247312,
            20.696079381433233,
            93.97867433114776,
            63.40119865168787,
            73.16429040357586,
            26.83988721815653,
            95.9075646846563,
            47.022246878040306,
            21.437050251921836,
            119.91593032671743,
            0.0,
            96.04169892534958,
            65.97489745451487,
            38.11146413826923,
            44.873744919921926,
            15.780339460746658,
            89.03652920743727,
            76.32980619957847,
            31.345779461895347,
            40.847002459945415
        ],
        [
            58.683509545116955,
            37.247140207488656,
            80.93598685673142,
            89.1867823849482,
            72.55984176252261,
            41.57720007055074,
            79.20611441700879,
            50.71439201495042,
            52.25572645550976,
            27.90645386498142,
            90.30093643933021,
            34.83178548741369,
            76.43668728152907,
            79.74018378300866,
            28.506215377407464,
            96.04169892534958,
            0.0,
            79.33076755629328,
            72.46593263235492,
            71.15982607080457,
            81.03538461056088,
            23.96592409739047,
            36.95935117562363,
            88.65676350053818,
            58.683509545116955
        ],
        [
            66.82918943044348,
            75.32742883765947,
            98.76345616814136,
            81.89450507275888,
            9.037477547735511,
            91.72876469500066,
            47.639646196645316,
            110.85153902813343,
            27.680109218566468,
            52.52441992556883,
            84.16758828450324,
            102.23935243587357,
            91.33966481483704,
            69.74882032017486,
            88.65676714630419,
            65.97489745451487,
            79.33076755629328,
            0.0,
            30.004076551671016,
            23.400529520665287,
            62.755829320782816,
            89.99996516954718,
            42.63035425059967,
            35.94047297571956,
            66.82918943044348
        ],
        [
            39.83986130487629,
            54.97620004343236,
            69.89311309621323,
            51.90131699665541,
            33.526204271358075,
            70.97721936270698,
            18.14123334819024,
            90.57197677128543,
            27.253349264944816,
            45.13458391436576,
            54.1714051722012,
            85.68358706099106,
            62.51874803444515,
            39.76590035764067,
            90.78267308142449,
            38.11146413826923,
            72.46593263235492,
            30.004076551671016,
            0.0,
            6.926310588069567,
            32.80566019495437,
            75.0042362258372,
            43.03560721560914,
            16.359554607814857,
            39.83986130487629
        ],
        [
            44.64310511201088,
            57.343626271515426,
            75.71542979042539,
            58.65850563936854,
            26.600067648086352,
            73.64597421713087,
            25.06529887687659,
            93.21569625142969,
            22.600259555229755,
            43.35058452214157,
            60.92013148427162,
            87.15685949872237,
            68.30503641581805,
            46.39322221847353,
            87.62905092405482,
            44.873744919921926,
            71.15982607080457,
            23.400529520665287,
            6.926310588069567,
            0.0,
            39.632636053712865,
            75.92573121769615,
            39.294308839497226,
            20.075315279690635,
            44.64310511201088
        ],
        [
            25.07948645092349,
            49.42967214845361,
            41.946342590744024,
            19.202842759340488,
            66.06276127740982,
            61.07264146621833,
            15.582807720353035,
            78.79455016175034,
            53.84603119754994,
            59.60481204435367,
            21.48824330772409,
            80.18308256635054,
            35.327820065570265,
            8.448753793341615,
            105.80144162527016,
            15.780339460746658,
            81.03538461056088,
            62.755829320782816,
            32.80566019495437,
            39.632636053712865,
            0.0,
            73.2711640981079,
            64.53761260929524,
            33.47665525432698,
            25.07948645092349
        ],
        [
            48.37986531695816,
            23.864362923936827,
            62.17120164614589,
            76.4515235838585,
            84.98386994278988,
            19.561396112694823,
            76.14029180861868,
            27.01849793946346,
            62.4648638398031,
            38.59635195789977,
            77.05180121656797,
            12.763042396720099,
            59.128006460437824,
            69.60899944892826,
            50.86919784248856,
            89.03652920743727,
            23.96592409739047,
            89.99996516954718,
            75.0042362258372,
            75.92573121769615,
            73.2711640981079,
            0.0,
            51.549678494354794,
            89.80940995493901,
            48.37986531695816
        ],
        [
            51.69904931393997,
            45.23508114352079,
            83.5774175346804,
            79.39202121019136,
            35.60275401925182,
            59.516561124320674,
            56.130597811342916,
            76.2905618626788,
            17.13812769804365,
            13.531197674008883,
            81.2294086980549,
            64.30616623351125,
            76.89353086976904,
            67.17414220933058,
            48.46378965702792,
            76.32980619957847,
            36.95935117562363,
            42.63035425059967,
            43.03560721560914,
            39.294308839497226,
            64.53761260929524,
            51.549678494354794,
            0.0,
            59.04309003302522,
            51.69904931393997
        ],
        [
            49.44192203242146,
            68.4226459484434,
            74.92068005803762,
            51.867964036294836,
            42.52460094916767,
            83.7229274601075,
            18.74867201026416,
            103.12209156983224,
            42.63089394179059,
            61.472161034721836,
            54.114814437630066,
            99.84031400436564,
            67.92716256290903,
            41.82361267499761,
            107.05685537307536,
            31.345779461895347,
            88.65676350053818,
            35.94047297571956,
            16.359554607814857,
            20.075315279690635,
            33.47665525432698,
            89.80940995493901,
            59.04309003302522,
            0.0,
            49.44192203242146
        ],
        [
            0.0,
            24.52119865653934,
            33.16711656704996,
            30.638502109546337,
            66.7533921197972,
            36.34833704335239,
            31.819519977826182,
            54.85013258068306,
            47.58929163192913,
            42.5037602179131,
            31.93789516786708,
            55.133671440174986,
            25.956779605145385,
            21.468966202194522,
            85.39013723670497,
            40.847002459945415,
            58.683509545116955,
            66.82918943044348,
            39.83986130487629,
            44.64310511201088,
            25.07948645092349,
            48.37986531695816,
            51.69904931393997,
            49.44192203242146,
            0.0
        ]
    ],
    "scores_ave": [
        0,
        12.720037192571418,
        10.778913705506483,
        11.958908135059161,
        19.261698869507708,
        12.827309368128574,
        14.069180339743035,
        17.44667123683282,
        17.83687970215012,
        19.86944938258774,
        14.438775621472363,
        18.86951373036419,
        14.89381590158747,
        18.828371210570268,
        10.284702001716383,
        13.050121425113925,
        15.96840692096891,
        19.45569117420127,
        16.676199933104343,
        17.21960327718853,
        19.861299037473085,
        13.68440662911919,
        19.505081544216807,
        18.3755431979811,
        0
    ],
    "scores_var": [
        0,
        17.827516014497114,
        22.8808969418024,
        246.07555157543987,
        20.80645241866879,
        16.17510916761053,
        253.8763137933948,
        389.20553918687744,
        19.074707745614646,
        333.39852195231236,
        16.97175441465634,
        19.59553471339351,
        317.992533741887,
        16.358063273395018,
        285.0858381442647,
        301.9633795001018,
        18.438349217411886,
        384.37693918750085,
        22.127891722332848,
        299.5854802056274,
        339.3639970330893,
        255.76975254682236,
        21.36418715278823,
        330.7041942308624,
        0
    ],
    "vertex_number": 25,
    "minimum_distances": {
        "cost": 437.64781468794945,
        "path": [
            0,
            1,
            5,
            7,
            11,
            21,
            16,
            14,
            9,
            22,
            8,
            4,
            17,
            19,
            18,
            23,
            6,
            15,
            20,
            13,
            3,
            10,
            2,
            12,
            24
        ]
    }
}