{
    "vertices": [
        [
            95.94978906834598,
            73.95095048994679
        ],
        [
            99.14478619089084,
            50.420508188830404
        ],
        [
            88.05971650284759,
            42.74671545745703
        ],
        [
            11.958776063975396,
            2.7597330410258025
        ],
        [
            92.14640411825577,
            10.08221781693025
        ],
        [
            26.199423780033428,
            72.40847809879274
        ],
        [
            65.00303600368267,
            69.54321911206515
        ],
        [
            93.44795465142329,
            17.162228740909867
        ],
        [
            2.807049904033365,
            26.703451418224976
        ],
        [
            98.14050613245935,
            22.134741323257035
        ],
        [
            7.911964736252742,
            46.68288466226146
        ],
        [
            53.51148953855896,
            38.338221138941094
        ],
        [
            19.360164959418825,
            61.90160205554168
        ],
        [
            58.6058973168164,
            87.39254879936298
        ],
        [
            15.789811997921777,
            40.69828735033687
        ],
        [
            11.640050691566273,
            72.19648906866432
        ],
        [
            88.42003437931767,
            30.838052410124728
        ],
        [
            72.52419283052392,
            24.88688620906356
        ],
        [
            44.51065156745424,
            14.592448726569351
        ],
        [
            38.31432992752587,
            94.05954428012693
        ],
        [
            1.3175695884113048,
            44.266092216759176
        ],
        [
            95.94978906834598,
            73.95095048994679
        ]
    ],
    "distances": [
        [
            0.0,
            23.746362279288956,
            32.186294118020044,
            110.10304131748542,
            63.981878296403764,
            69.76741846256395,
            31.25907262131765,
            56.84380435315038,
            104.44087335695508,
            51.862498721727064,
            92.16401644411711,
            55.401044744732964,
            77.53165365733183,
            39.68932874541542,
            86.78341736649523,
            84.32799131984474,
            43.76550224226918,
            54.369485585722664,
            78.54563385974124,
            61.0426219504996,
            99.17886757973073,
            0.0
        ],
        [
            23.746362279288956,
            0.0,
            13.482057145437935,
            99.3627186098498,
            40.94087226430713,
            76.18724773879642,
            39.13230352150676,
            33.742659074605335,
            99.21420369451249,
            28.303589624097707,
            91.30935078183524,
            47.20571388842294,
            80.60645942742858,
            54.86650433599198,
            83.92004111499813,
            90.17356640438285,
            22.32695401851326,
            36.886607898580806,
            65.33405322558143,
            74.86461033216322,
            98.02061591392768,
            23.746362279288956
        ],
        [
            32.186294118020044,
            13.482057145437935,
            0.0,
            85.96692328129903,
            32.919149772949936,
            68.60405220351926,
            35.35057458871069,
            26.145727583965694,
            86.74908347205226,
            22.945060411021313,
            80.24434896769093,
            34.82836212819069,
            71.31996959375199,
            53.486240281372,
            72.29892914048685,
            81.89782957111427,
            11.914112830882614,
            23.671206064649517,
            51.85734077159256,
            71.46754429328618,
            86.7554526070976,
            32.186294118020044
        ],
        [
            110.10304131748542,
            99.3627186098498,
            85.96692328129903,
            0.0,
            80.52126722962677,
            71.08968796875314,
            85.28615083559546,
            82.7521486684313,
            25.633098553104983,
            88.33278860951668,
            44.10918192694397,
            54.70335284454088,
            59.60319813660796,
            96.63678090852312,
            38.131492750844856,
            69.43748752298582,
            81.45376628344826,
            64.48085464250238,
            34.635787262438456,
            95.02773674959332,
            42.84872375322949,
            110.10304131748542
        ],
        [
            63.981878296403764,
            40.94087226430713,
            32.919149772949936,
            80.52126722962677,
            0.0,
            90.73900449339499,
            65.36339271812056,
            7.198651851149586,
            90.87235893187272,
            13.460779391522584,
            91.84252605151532,
            47.865001288143276,
            89.3481124241372,
            84.27249179364937,
            82.26586700391263,
            101.68311381540711,
            21.08768600608711,
            24.580670902589755,
            47.84879417435155,
            99.75010562191181,
            97.04851596512512,
            63.981878296403764
        ],
        [
            69.76741846256395,
            76.18724773879642,
            68.60405220351926,
            71.08968796875314,
            90.73900449339499,
            0.0,
            38.90925379218116,
            87.0316779826383,
            51.343476892649,
            87.76655364895205,
            31.563227273833352,
            43.66613499393257,
            12.536742216524903,
            35.70296768967396,
            33.37508374158384,
            14.56091632000117,
            74.82983813482983,
            66.36479430628303,
            60.64646993397563,
            24.81007089371296,
            37.56461834155147,
            69.76741846256395
        ],
        [
            31.25907262131765,
            39.13230352150676,
            35.35057458871069,
            85.28615083559546,
            65.36339271812056,
            38.90925379218116,
            0.0,
            59.60605295722611,
            75.52209201928903,
            57.84164324072648,
            61.49784800803719,
            33.25368458776821,
            46.278137261582266,
            18.961064149062228,
            57.04359302656137,
            53.42890643540949,
            45.23765845343334,
            45.2852720910192,
            58.64746359256859,
            36.239994919503346,
            68.51840465606344,
            31.25907262131765
        ],
        [
            56.84380435315038,
            33.742659074605335,
            26.145727583965694,
            82.7521486684313,
            7.198651851149586,
            87.0316779826383,
            59.60605295722611,
            0.0,
            91.1416948690528,
            6.837098857247469,
            90.4868758262489,
            45.20336159792218,
            86.54832237561091,
            78.3981301742637,
            81.14636883593728,
            98.59666809851252,
            14.570797345859562,
            22.304128356383462,
            49.00472836833554,
            94.61983783717591,
            96.034510813438,
            56.84380435315038
        ],
        [
            104.44087335695508,
            99.21420369451249,
            86.74908347205226,
            25.633098553104983,
            90.87235893187272,
            51.343476892649,
            75.52209201928903,
            91.1416948690528,
            0.0,
            95.44286766641642,
            20.62129744213791,
            52.02218819989547,
            38.89621352167929,
            82.44196694361615,
            19.089461604593147,
            46.34261945096381,
            85.71276472105826,
            69.74080532222041,
            43.42656765044378,
            76.14203950701524,
            17.625688736300877,
            104.44087335695508
        ],
        [
            51.862498721727064,
            28.303589624097707,
            22.945060411021313,
            88.33278860951668,
            13.460779391522584,
            87.76655364895205,
            57.84164324072648,
            6.837098857247469,
            95.44286766641642,
            0.0,
            93.5082938774913,
            47.47948904817655,
            88.24820319894103,
            76.29919220276466,
            84.41707212134092,
            99.94252037449687,
            13.047421008705873,
            25.76373048794342,
            54.157616992235255,
            93.55398783423563,
            99.32007719179477,
            51.862498721727064
        ],
        [
            92.16401644411711,
            91.30935078183524,
            80.24434896769093,
            44.10918192694397,
            91.84252605151532,
            31.563227273833352,
            61.49784800803719,
            90.4868758262489,
            20.62129744213791,
            93.5082938774913,
            0.0,
            46.35676942490248,
            19.04391365886303,
            65.01654831378197,
            9.893224068223732,
            25.784542553565412,
            82.0524709362914,
            68.18948282453776,
            48.67504449213294,
            56.29255444346633,
            7.023313540666655,
            92.16401644411711
        ],
        [
            55.401044744732964,
            47.20571388842294,
            34.82836212819069,
            54.70335284454088,
            47.865001288143276,
            43.66613499393257,
            33.25368458776821,
            45.20336159792218,
            52.02218819989547,
            47.47948904817655,
            46.35676942490248,
            0.0,
            41.49151588855965,
            49.31815135249092,
            37.79543449944694,
            53.84793123527006,
            35.70516816736726,
            23.289939842430645,
            25.394424420376918,
            57.7565538519021,
            52.52946730433933,
            55.401044744732964
        ],
        [
            77.53165365733183,
            80.60645942742858,
            71.31996959375199,
            59.60319813660796,
            89.3481124241372,
            12.536742216524903,
            46.278137261582266,
            86.54832237561091,
            38.89621352167929,
            88.24820319894103,
            19.04391365886303,
            41.49151588855965,
            0.0,
            46.79760543195365,
            21.501813289990807,
            12.867978198678367,
            75.72456458023885,
            64.7804218006888,
            53.578941435280164,
            37.328187978496615,
            25.229872274660774,
            77.53165365733183
        ],
        [
            39.68932874541542,
            54.86650433599198,
            53.486240281372,
            96.63678090852312,
            84.27249179364937,
            35.70296768967396,
            18.961064149062228,
            78.3981301742637,
            82.44196694361615,
            76.29919220276466,
            65.01654831378197,
            49.31815135249092,
            46.79760543195365,
            0.0,
            63.35275222360012,
            49.36305278814795,
            63.93194687026177,
            64.03652712209842,
            74.15207699952633,
            21.35875782564721,
            71.70665067682607,
            39.68932874541542
        ],
        [
            86.78341736649523,
            83.92004111499813,
            72.29892914048685,
            38.131492750844856,
            82.26586700391263,
            33.37508374158384,
            57.04359302656137,
            81.14636883593728,
            19.089461604593147,
            84.41707212134092,
            9.893224068223732,
            37.79543449944694,
            21.501813289990807,
            63.35275222360012,
            0.0,
            31.770382912205697,
            73.29647628806723,
            58.896437706443606,
            38.812387659470446,
            57.92044241101861,
            14.90553695525593,
            86.78341736649523
        ],
        [
            84.32799131984474,
            90.17356640438285,
            81.89782957111427,
            69.43748752298582,
            101.68311381540711,
            14.56091632000117,
            53.42890643540949,
            98.59666809851252,
            46.34261945096381,
            99.94252037449687,
            25.784542553565412,
            53.84793123527006,
            12.867978198678367,
            49.36305278814795,
            31.770382912205697,
            0.0,
            87.2105852401519,
            77.104327289264,
            66.32271002963941,
            34.48927885499213,
            29.776848127864444,
            84.32799131984474
        ],
        [
            43.76550224226918,
            22.32695401851326,
            11.914112830882614,
            81.45376628344826,
            21.08768600608711,
            74.82983813482983,
            45.23765845343334,
            14.570797345859562,
            85.71276472105826,
            13.047421008705873,
            82.0524709362914,
            35.70516816736726,
            75.72456458023885,
            63.93194687026177,
            73.29647628806723,
            87.2105852401519,
            0.0,
            16.973336669524077,
            46.81830345027376,
            80.66931667541918,
            88.13144515835221,
            43.76550224226918
        ],
        [
            54.369485585722664,
            36.886607898580806,
            23.671206064649517,
            64.48085464250238,
            24.580670902589755,
            66.36479430628303,
            45.2852720910192,
            22.304128356383462,
            69.74080532222041,
            25.76373048794342,
            68.18948282453776,
            23.289939842430645,
            64.7804218006888,
            64.03652712209842,
            58.896437706443606,
            77.104327289264,
            16.973336669524077,
            0.0,
            29.84516606049779,
            77.16975666968357,
            73.79659083611436,
            54.369485585722664
        ],
        [
            78.54563385974124,
            65.33405322558143,
            51.85734077159256,
            34.635787262438456,
            47.84879417435155,
            60.64646993397563,
            58.64746359256859,
            49.00472836833554,
            43.42656765044378,
            54.157616992235255,
            48.67504449213294,
            25.394424420376918,
            53.578941435280164,
            74.15207699952633,
            38.812387659470446,
            66.32271002963941,
            46.81830345027376,
            29.84516606049779,
            0.0,
            79.70830369280038,
            52.40388772630528,
            78.54563385974124
        ],
        [
            61.0426219504996,
            74.86461033216322,
            71.46754429328618,
            95.02773674959332,
            99.75010562191181,
            24.81007089371296,
            36.239994919503346,
            94.61983783717591,
            76.14203950701524,
            93.55398783423563,
            56.29255444346633,
            57.7565538519021,
            37.328187978496615,
            21.35875782564721,
            57.92044241101861,
            34.48927885499213,
            80.66931667541918,
            77.16975666968357,
            79.70830369280038,
            0.0,
            62.03344375396858,
            61.0426219504996
        ],
        [
            99.17886757973073,
            98.02061591392768,
            86.7554526070976,
            42.84872375322949,
            97.04851596512512,
            37.56461834155147,
            68.51840465606344,
            96.034510813438,
            17.625688736300877,
            99.32007719179477,
            7.023313540666655,
            52.52946730433933,
            25.229872274660774,
            71.70665067682607,
            14.90553695525593,
            29.776848127864444,
            88.13144515835221,
            73.79659083611436,
            52.40388772630528,
            62.03344375396858,
            0.0,
            99.17886757973073
        ],
        [
            0.0,
            23.746362279288956,
            32.186294118020044,
            110.10304131748542,
            63.981878296403764,
            69.76741846256395,
            31.25907262131765,
            56.84380435315038,
            104.44087335695508,
            51.862498721727064,
            92.16401644411711,
            55.401044744732964,
            77.53165365733183,
            39.68932874541542,
            86.78341736649523,
            84.32799131984474,
            43.76550224226918,
            54.369485585722664,
            78.54563385974124,
            61.0426219504996,
            99.17886757973073,
            0.0
        ]
    ],
    "scores_ave": [
        0,
        16.59393816238744,
        12.546242256020292,
        12.607850345406566,
        18.747285815863187,
        16.362580759980617,
        15.34877034070653,
        18.71695138033015,
        15.955016087469724,
        12.367290768495742,
        16.80087355040577,
        16.272480125013843,
        14.537161571397345,
        17.008674201862096,
        10.378274589115248,
        12.503365363357759,
        14.406215485391495,
        10.66386818901535,
        19.105679727414447,
        11.232104059393691,
        12.89314724913262,
        0
    ],
    "scores_var": [
        0,
        20.856918346922804,
        284.4382805820864,
        288.7076995193596,
        325.8750968822551,
        295.5875690725522,
        382.86545175474726,
        264.5669176678062,
        16.486425856189285,
        21.664279960150186,
        381.96925217008686,
        24.67324384563613,
        330.5444501224357,
        17.98682339452496,
        23.065550227220836,
        345.7717648597286,
        16.882395368762843,
        250.91994261830754,
        24.828461128114412,
        244.86162515143664,
        313.41388500846347,
        0
    ],
    "vertex_number": 22,
    "minimum_distances": {
        "cost": 393.63971072145165,
        "path": [
            0,
            6,
            13,
            19,
            5,
            15,
            12,
            10,
            20,
            14,
            8,
            3,
            18,
            11,
            17,
            4,
            7,
            9,
            16,
            2,
            1,
            21
        ]
    }
}