{
    "vertices": [
        [
            88.72620522933846,
            20.73854055572656
        ],
        [
            7.2364151647617225,
            95.32930385944293
        ],
        [
            43.04780697611018,
            5.287768278518201
        ],
        [
            38.13608352936061,
            43.06135515946903
        ],
        [
            49.859267773208416,
            8.471487513890475
        ],
        [
            76.46401714748798,
            65.46609099193059
        ],
        [
            26.271876391149227,
            64.8283488403802
        ],
        [
            31.675431615519255,
            49.43106072011108
        ],
        [
            13.291337038567274,
            33.41467624364438
        ],
        [
            7.511458634685231,
            27.283147312049906
        ],
        [
            26.130990775161568,
            57.0407431225903
        ],
        [
            30.191744220624052,
            87.42447318477203
        ],
        [
            60.31836878715499,
            66.27769582228372
        ],
        [
            91.70391344240322,
            46.47222575357506
        ],
        [
            59.76640729602176,
            55.74970656510978
        ],
        [
            96.92618127011553,
            21.333647071340277
        ],
        [
            6.403092992060655,
            63.93489991689415
        ],
        [
            94.72913698558946,
            92.07606750474926
        ],
        [
            78.58302018822928,
            85.15232327434249
        ],
        [
            69.94291198007353,
            2.5127999335810003
        ],
        [
            76.34651405771928,
            48.05869802004293
        ],
        [
            10.148231036130628,
            5.559458792936834
        ],
        [
            76.6037504114929,
            34.731240881900504
        ],
        [
            88.72620522933846,
            20.73854055572656
        ]
    ],
    "distances": [
        [
            0.0,
            110.4733807530114,
            48.22076763120511,
            55.296188525536074,
            40.75683277132737,
            46.377958391652506,
            76.44903129017521,
            63.85962326320804,
            76.49250783532676,
            81.47801508400073,
            72.3602845749656,
            88.73159942312715,
            53.673269266157504,
            25.90539133200115,
            45.43623709854422,
            8.221542363464653,
            92.96784535790087,
            71.58964967698017,
            65.20751189011314,
            26.172308390999987,
            29.994128715128692,
            80.03063508101064,
            18.513497055629863,
            0.0
        ],
        [
            110.4733807530114,
            0.0,
            96.90167136451697,
            60.71843185018283,
            96.75219803600892,
            75.39411355702194,
            35.95354003677788,
            51.99917545843993,
            62.20999269973348,
            68.04671240980468,
            42.69682506693876,
            24.278251173800292,
            60.511897424511844,
            97.57956930795628,
            65.77191342276599,
            116.27386364757884,
            31.405461702567557,
            87.5531833710017,
            72.06877952486914,
            112.0134284086879,
            83.73001818594267,
            89.8170571491477,
            92.1083733211188,
            110.4733807530114
        ],
        [
            48.22076763120511,
            96.90167136451697,
            0.0,
            38.091585594066444,
            7.518780909169088,
            68.83366637639824,
            61.85881166523495,
            45.584659578921574,
            40.945945523611655,
            41.79268778472882,
            54.4476728206802,
            83.13673461491027,
            63.38803962154759,
            63.7461860347269,
            53.15937181999732,
            56.216985358509525,
            69.15432822594543,
            101.01073583600171,
            87.41337725263683,
            27.037883099266814,
            54.204762929665584,
            32.90069775500372,
            44.64212605583126,
            48.22076763120511
        ],
        [
            55.296188525536074,
            60.71843185018283,
            38.091585594066444,
            0.0,
            36.52248612230339,
            44.39597597933809,
            24.790349431244667,
            9.072660694696799,
            26.65182624693482,
            34.450246629246784,
            18.42676151309237,
            45.068822571477284,
            32.11000238290281,
            53.67631171943914,
            25.07718420484269,
            62.67670134212914,
            37.982727116158976,
            74.8679886586393,
            58.374688709524,
            51.53503339476916,
            38.535833153425564,
            46.79435989805737,
            39.359270816823425,
            55.296188525536074
        ],
        [
            40.75683277132737,
            96.75219803600892,
            7.518780909169088,
            36.52248612230339,
            0.0,
            62.89831090647229,
            61.09386917509509,
            44.814490230788394,
            44.264841829849956,
            46.33805653234148,
            54.05556141304296,
            81.36575095848306,
            58.744791369220906,
            56.524600643803666,
            48.30508679403823,
            48.79271968856251,
            70.46012519145368,
            94.88430301469303,
            81.88409201866277,
            20.948955160286186,
            47.63109752456647,
            39.81766379391439,
            37.48122194563852,
            40.75683277132737
        ],
        [
            46.377958391652506,
            75.39411355702194,
            68.83366637639824,
            44.39597597933809,
            62.89831090647229,
            0.0,
            50.19619217386899,
            47.572466719444414,
            70.83841259874958,
            78.8187319964133,
            51.033322746189114,
            51.218100221943814,
            16.166034250123804,
            24.352029808058745,
            19.31885868993165,
            48.64537765281912,
            70.0776543530162,
            32.27546208364754,
            19.799947357600413,
            63.29013878703188,
            17.407789551055263,
            89.36771267629497,
            30.735167750820647,
            46.377958391652506
        ],
        [
            76.44903129017521,
            35.95354003677788,
            61.85881166523495,
            24.790349431244667,
            61.09386917509509,
            50.19619217386899,
            0.0,
            16.317931563816455,
            33.98989890980613,
            41.971364431002065,
            7.78887999474547,
            22.933604147359144,
            34.07732752351966,
            67.95806594845541,
            34.70310283101193,
            82.96878858888833,
            19.888861323333117,
            73.68062635800341,
            56.120581805173224,
            76.09459235034232,
            52.80805360997804,
            61.42290506798212,
            58.6441254505865,
            76.44903129017521
        ],
        [
            63.85962326320804,
            51.99917545843993,
            45.584659578921574,
            9.072660694696799,
            44.814490230788394,
            47.572466719444414,
            16.317931563816455,
            0.0,
            24.382360531997687,
            32.77846333416886,
            9.415311492395151,
            38.02237129632534,
            33.22991068426196,
            60.10135884320532,
            28.792849806802778,
            71.04312059754221,
            29.138504610650468,
            76.12073544414463,
            58.96041438265993,
            60.545216563196746,
            44.692157991513106,
            48.868577024931554,
            47.27196349961029,
            63.85962326320804
        ],
        [
            76.49250783532676,
            62.20999269973348,
            40.945945523611655,
            26.65182624693482,
            44.264841829849956,
            70.83841259874958,
            33.98989890980613,
            24.382360531997687,
            0.0,
            8.426306510128985,
            26.88954711861219,
            56.59224265339869,
            57.3717680650397,
            79.49233760238593,
            51.56341469390977,
            84.50289010144803,
            31.287888377284744,
            100.36570173570072,
            83.30539003443272,
            64.5315961590565,
            64.73332003461763,
            28.031986275837742,
            63.326100697507954,
            76.49250783532676
        ],
        [
            81.47801508400073,
            68.04671240980468,
            41.79268778472882,
            34.450246629246784,
            46.33805653234148,
            78.8187319964133,
            41.971364431002065,
            32.77846333416886,
            8.426306510128985,
            0.0,
            35.10272760845975,
            64.27576862230976,
            65.64407492963848,
            86.35154994546792,
            59.505669102253485,
            89.61243874086419,
            36.668507515366066,
            108.65102817746042,
            91.65155966056435,
            67.16588774122931,
            71.90193573411331,
            21.88312618371674,
            69.49258148030461,
            81.47801508400073
        ],
        [
            72.3602845749656,
            42.69682506693876,
            54.4476728206802,
            18.42676151309237,
            54.05556141304296,
            51.033322746189114,
            7.78887999474547,
            9.415311492395151,
            26.88954711861219,
            35.10272760845975,
            0.0,
            30.65388671989836,
            35.41324766964058,
            66.41913689971612,
            33.66018449035159,
            79.29032542265176,
            20.89783119955092,
            77.02713559564802,
            59.51030438653216,
            69.94841690909982,
            51.01250741499864,
            53.90520610392109,
            55.183451826921996,
            72.3602845749656
        ],
        [
            88.73159942312715,
            24.278251173800292,
            83.13673461491027,
            45.068822571477284,
            81.36575095848306,
            51.218100221943814,
            22.933604147359144,
            38.02237129632534,
            56.59224265339869,
            64.27576862230976,
            30.65388671989836,
            0.0,
            36.80760384202364,
            73.89745281154671,
            43.33533819451929,
            93.92274689694936,
            33.431422039471094,
            64.70480967143828,
            48.44458953266497,
            93.75578698169475,
            60.66240213703408,
            84.28299355239078,
            70.21859475370916,
            88.73159942312715
        ],
        [
            53.673269266157504,
            60.511897424511844,
            63.38803962154759,
            32.11000238290281,
            58.744791369220906,
            16.166034250123804,
            34.07732752351966,
            33.22991068426196,
            57.3717680650397,
            65.64407492963848,
            35.41324766964058,
            36.80760384202364,
            0.0,
            37.11211470597028,
            10.542448448385404,
            57.9663648413007,
            53.966152880443445,
            43.00763826895206,
            26.2649776747816,
            64.48715980231609,
            24.265888026865344,
            78.76386880993537,
            35.5020066187244,
            53.673269266157504
        ],
        [
            25.90539133200115,
            97.57956930795628,
            63.7461860347269,
            53.67631171943914,
            56.524600643803666,
            24.352029808058745,
            67.95806594845541,
            60.10135884320532,
            79.49233760238593,
            86.35154994546792,
            66.41913689971612,
            73.89745281154671,
            37.11211470597028,
            0.0,
            33.25772014222485,
            25.67528421317412,
            87.06994291048912,
            45.70407377851987,
            40.84492360139147,
            49.05071154496207,
            15.439125950420978,
            91.24244534824948,
            19.127614836067817,
            25.90539133200115
        ],
        [
            45.43623709854422,
            65.77191342276599,
            53.15937181999732,
            25.07718420484269,
            48.30508679403823,
            19.31885868993165,
            34.70310283101193,
            28.792849806802778,
            51.56341469390977,
            59.505669102253485,
            33.66018449035159,
            43.33533819451929,
            10.542448448385404,
            33.25772014222485,
            0.0,
            50.64892844754388,
            53.987412456140504,
            50.418220580091315,
            34.90814790396708,
            54.20082541141455,
            18.277077246364613,
            70.57637272338198,
            26.93087489971964,
            45.43623709854422
        ],
        [
            8.221542363464653,
            116.27386364757884,
            56.216985358509525,
            62.67670134212914,
            48.79271968856251,
            48.64537765281912,
            82.96878858888833,
            71.04312059754221,
            84.50289010144803,
            89.61243874086419,
            79.29032542265176,
            93.92274689694936,
            57.9663648413007,
            25.67528421317412,
            50.64892844754388,
            0.0,
            100.04647047950932,
            70.77652896522525,
            66.40252247301805,
            32.89864903855211,
            33.730565527185135,
            88.19998674974097,
            24.341255430159297,
            8.221542363464653
        ],
        [
            92.96784535790087,
            31.405461702567557,
            69.15432822594543,
            37.982727116158976,
            70.46012519145368,
            70.0776543530162,
            19.888861323333117,
            29.138504610650468,
            31.287888377284744,
            36.668507515366066,
            20.89783119955092,
            33.431422039471094,
            53.966152880443445,
            87.06994291048912,
            53.987412456140504,
            100.04647047950932,
            0.0,
            92.70067616125857,
            75.23377528725645,
            88.37410799204459,
            71.72263197232517,
            58.49545439934412,
            76.0327955763344,
            92.96784535790087
        ],
        [
            71.58964967698017,
            87.5531833710017,
            101.01073583600171,
            74.8679886586393,
            94.88430301469303,
            32.27546208364754,
            73.68062635800341,
            76.12073544414463,
            100.36570173570072,
            108.65102817746042,
            77.02713559564802,
            64.70480967143828,
            43.00763826895206,
            45.70407377851987,
            50.418220580091315,
            70.77652896522525,
            92.70067616125857,
            0.0,
            17.568019860020865,
            92.92973608080862,
            47.7016733675184,
            120.99195524589253,
            60.14115711278777,
            71.58964967698017
        ],
        [
            65.20751189011314,
            72.06877952486914,
            87.41337725263683,
            58.374688709524,
            81.88409201866277,
            19.799947357600413,
            56.120581805173224,
            58.96041438265993,
            83.30539003443272,
            91.65155966056435,
            59.51030438653216,
            48.44458953266497,
            26.2649776747816,
            40.84492360139147,
            34.90814790396708,
            66.40252247301805,
            75.23377528725645,
            17.568019860020865,
            0.0,
            83.08996502488675,
            37.16098752964214,
            104.96830208518953,
            50.45991536333097,
            65.20751189011314
        ],
        [
            26.172308390999987,
            112.0134284086879,
            27.037883099266814,
            51.53503339476916,
            20.948955160286186,
            63.29013878703188,
            76.09459235034232,
            60.545216563196746,
            64.5315961590565,
            67.16588774122931,
            69.94841690909982,
            93.75578698169475,
            64.48715980231609,
            49.05071154496207,
            54.20082541141455,
            32.89864903855211,
            88.37410799204459,
            92.92973608080862,
            83.08996502488675,
            0.0,
            45.993857764610325,
            59.87224732205415,
            32.89976756376592,
            26.172308390999987
        ],
        [
            29.994128715128692,
            83.73001818594267,
            54.204762929665584,
            38.535833153425564,
            47.63109752456647,
            17.407789551055263,
            52.80805360997804,
            44.692157991513106,
            64.73332003461763,
            71.90193573411331,
            51.01250741499864,
            60.66240213703408,
            24.265888026865344,
            15.439125950420978,
            18.277077246364613,
            33.730565527185135,
            71.72263197232517,
            47.7016733675184,
            37.16098752964214,
            45.993857764610325,
            0.0,
            78.66637153122767,
            13.329939396363597,
            29.994128715128692
        ],
        [
            80.03063508101064,
            89.8170571491477,
            32.90069775500372,
            46.79435989805737,
            39.81766379391439,
            89.36771267629497,
            61.42290506798212,
            48.868577024931554,
            28.031986275837742,
            21.88312618371674,
            53.90520610392109,
            84.28299355239078,
            78.76386880993537,
            91.24244534824948,
            70.57637272338198,
            88.19998674974097,
            58.49545439934412,
            120.99195524589253,
            104.96830208518953,
            59.87224732205415,
            78.66637153122767,
            0.0,
            72.57636616485516,
            80.03063508101064
        ],
        [
            18.513497055629863,
            92.1083733211188,
            44.64212605583126,
            39.359270816823425,
            37.48122194563852,
            30.735167750820647,
            58.6441254505865,
            47.27196349961029,
            63.326100697507954,
            69.49258148030461,
            55.183451826921996,
            70.21859475370916,
            35.5020066187244,
            19.127614836067817,
            26.93087489971964,
            24.341255430159297,
            76.0327955763344,
            60.14115711278777,
            50.45991536333097,
            32.89976756376592,
            13.329939396363597,
            72.57636616485516,
            0.0,
            18.513497055629863
        ],
        [
            0.0,
            110.4733807530114,
            48.22076763120511,
            55.296188525536074,
            40.75683277132737,
            46.377958391652506,
            76.44903129017521,
            63.85962326320804,
            76.49250783532676,
            81.47801508400073,
            72.3602845749656,
            88.73159942312715,
            53.673269266157504,
            25.90539133200115,
            45.43623709854422,
            8.221542363464653,
            92.96784535790087,
            71.58964967698017,
            65.20751189011314,
            26.172308390999987,
            29.994128715128692,
            80.03063508101064,
            18.513497055629863,
            0.0
        ]
    ],
    "scores_ave": [
        0,
        16.064344064185985,
        15.700542446226535,
        19.19794719957866,
        18.19882075556697,
        14.945135255319219,
        12.190732069234551,
        16.834822183330907,
        11.833727136713575,
        18.9736211792983,
        12.677322829097784,
        15.078049932858661,
        13.95545545639595,
        10.525162575216296,
        11.893573649541146,
        14.447467758325116,
        17.509554664164597,
        13.946356738059745,
        17.045580578785653,
        18.243869237666807,
        15.149267946728955,
        10.314063626253771,
        14.33350091851951,
        0
    ],
    "scores_var": [
        0,
        325.69292160923993,
        23.461948139084576,
        360.12532116844943,
        392.2773119423734,
        19.822779178385886,
        21.56877085295418,
        382.81405858738344,
        16.32988936344911,
        279.6650356930293,
        301.4512131692763,
        24.363381674052526,
        22.319372715206896,
        24.0165520152249,
        256.2457270108198,
        20.910339698787784,
        270.77815960338825,
        19.576045453321793,
        17.424473795087035,
        327.7984867233679,
        398.86780743625695,
        24.96108490891371,
        16.300467686760488,
        0
    ],
    "vertex_number": 24,
    "minimum_distances": {
        "cost": 450.2218035320554,
        "path": [
            0,
            15,
            22,
            20,
            13,
            17,
            18,
            5,
            12,
            14,
            3,
            7,
            10,
            6,
            11,
            1,
            16,
            8,
            9,
            21,
            2,
            4,
            19,
            23
        ]
    }
}