{
    "vertices": [
        [
            1.7651044053940357,
            31.40377453600748
        ],
        [
            90.02239808929332,
            40.04670005030494
        ],
        [
            76.39844285053728,
            14.9276750483901
        ],
        [
            95.74867445817614,
            79.25118549212364
        ],
        [
            65.18976000929901,
            44.13359745957375
        ],
        [
            11.843109168393406,
            47.359788194404196
        ],
        [
            43.82639958495529,
            92.37032849056236
        ],
        [
            98.55000299416312,
            76.27464967778326
        ],
        [
            13.254745775867182,
            87.29005830593618
        ],
        [
            60.84073793036121,
            4.5196204349115865
        ],
        [
            89.92180942198202,
            73.87406661163352
        ],
        [
            1.7651044053940357,
            31.40377453600748
        ]
    ],
    "distances": [
        [
            0.0,
            88.67947930525834,
            76.43034123823575,
            105.46225000003396,
            64.68953029771748,
            18.872216400570988,
            74.0680312501678,
            106.68042009116363,
            57.05513624937798,
            64.9052248906642,
            97.8536169406665,
            0.0
        ],
        [
            88.67947930525834,
            0.0,
            28.57582148240801,
            39.620473493013684,
            25.166697130252743,
            78.52058630945714,
            69.79851267016308,
            37.218065232151254,
            90.13993200011303,
            45.97545731833348,
            33.82751611564885,
            88.67947930525834
        ],
        [
            76.43034123823575,
            28.57582148240801,
            0.0,
            67.17101651065259,
            31.282910269403462,
            72.24425977147803,
            84.0137046835773,
            65.22379100432664,
            96.0387473417354,
            18.718167197148926,
            60.477752287538635,
            76.43034123823575
        ],
        [
            105.46225000003396,
            39.620473493013684,
            67.17101651065259,
            0.0,
            46.55203799531964,
            89.76193574226761,
            53.55403384455539,
            4.087445048020331,
            82.88468945202443,
            82.48254875141937,
            7.928793325906836,
            105.46225000003396
        ],
        [
            64.68953029771748,
            25.166697130252743,
            31.282910269403462,
            46.55203799531964,
            0.0,
            53.44411532244687,
            52.7558090562201,
            46.32443253514117,
            67.52574187826728,
            39.85199077528688,
            38.68035384450371,
            64.68953029771748
        ],
        [
            18.872216400570988,
            78.52058630945714,
            72.24425977147803,
            89.76193574226761,
            53.44411532244687,
            0.0,
            55.21666056202799,
            91.40106482703743,
            39.95521479220785,
            65.08492604249531,
            82.45780977734061,
            18.872216400570988
        ],
        [
            74.0680312501678,
            69.79851267016308,
            84.0137046835773,
            53.55403384455539,
            52.7558090562201,
            55.21666056202799,
            0.0,
            57.04159575724025,
            30.990888366930257,
            89.48315268926957,
            49.6678820923278,
            74.0680312501678
        ],
        [
            106.68042009116363,
            37.218065232151254,
            65.22379100432664,
            4.087445048020331,
            46.32443253514117,
            91.40106482703743,
            57.04159575724025,
            0.0,
            86.00360533826736,
            81.06030405381811,
            8.95592113500963,
            106.68042009116363
        ],
        [
            57.05513624937798,
            90.13993200011303,
            96.0387473417354,
            82.88468945202443,
            67.52574187826728,
            39.95521479220785,
            30.990888366930257,
            86.00360533826736,
            0.0,
            95.47445749879236,
            77.83204662129232,
            57.05513624937798
        ],
        [
            64.9052248906642,
            45.97545731833348,
            18.718167197148926,
            82.48254875141937,
            39.85199077528688,
            65.08492604249531,
            89.48315268926957,
            81.06030405381811,
            95.47445749879236,
            0.0,
            75.2047067914009,
            64.9052248906642
        ],
        [
            97.8536169406665,
            33.82751611564885,
            60.477752287538635,
            7.928793325906836,
            38.68035384450371,
            82.45780977734061,
            49.6678820923278,
            8.95592113500963,
            77.83204662129232,
            75.2047067914009,
            0.0,
            97.8536169406665
        ],
        [
            0.0,
            88.67947930525834,
            76.43034123823575,
            105.46225000003396,
            64.68953029771748,
            18.872216400570988,
            74.0680312501678,
            106.68042009116363,
            57.05513624937798,
            64.9052248906642,
            97.8536169406665,
            0.0
        ]
    ],
    "scores_ave": [
        0,
        14.373480663231206,
        14.572139266091977,
        15.855570011331366,
        14.559636569271966,
        18.972233010640373,
        18.7368566944004,
        19.086830770789838,
        11.595456749656027,
        18.0763492204892,
        16.53237666060612,
        0
    ],
    "scores_var": [
        0,
        24.111333603885026,
        272.46532382226223,
        23.550636742155795,
        233.90006998274765,
        18.05981929306862,
        21.46078706469292,
        287.7372306628245,
        281.7334580665337,
        18.320066190757213,
        317.37740680709237,
        0
    ],
    "vertex_number": 12,
    "minimum_distances": {
        "cost": 328.79350474558464,
        "path": [
            0,
            5,
            8,
            6,
            10,
            3,
            7,
            1,
            4,
            2,
            9,
            11
        ]
    }
}