{
    "vertices": [
        [
            3.863198438237281,
            14.180279279820285
        ],
        [
            26.982719081915075,
            22.579507232635166
        ],
        [
            3.5410890558110864,
            68.78909295334348
        ],
        [
            30.22058777959127,
            62.53077948382915
        ],
        [
            61.22090865197271,
            66.35261337364273
        ],
        [
            60.98940084007031,
            76.82306820638361
        ],
        [
            0.2665347528259976,
            89.95743259194258
        ],
        [
            96.11925413511992,
            55.59024136713685
        ],
        [
            35.88780936817669,
            0.38795332724969045
        ],
        [
            80.36023551618337,
            20.668288921759558
        ],
        [
            29.831916721925587,
            65.57149640361718
        ],
        [
            9.252609321459493,
            39.29266421047758
        ],
        [
            86.01848698195002,
            87.62514847067186
        ],
        [
            56.43693904117849,
            90.43775266751362
        ],
        [
            95.02257415896638,
            73.62055892064659
        ],
        [
            3.863198438237281,
            14.180279279820285
        ]
    ],
    "distances": [
        [
            0.0,
            24.597952455373,
            54.609763644277216,
            55.067983827897514,
            77.5361810109337,
            84.77925456945914,
            75.86246076785832,
            101.12351246282591,
            34.8683805244228,
            76.77168065646704,
            57.57978401108155,
            25.684190206695202,
            110.19818621992832,
            92.62397340030337,
            108.82636916470513,
            0.0
        ],
        [
            24.597952455373,
            0.0,
            51.815401482187035,
            40.08226475877347,
            55.57282111128709,
            64.02201427097724,
            72.48130331906474,
            76.61311276316722,
            23.9116226497095,
            53.41172171089795,
            43.08629782273798,
            24.365680952598165,
            87.84166059230766,
            73.97494539983705,
            85.05651554304583,
            24.597952455373
        ],
        [
            54.609763644277216,
            51.815401482187035,
            0.0,
            27.403688431211098,
            57.731256883841084,
            58.0073554407363,
            21.42011458742188,
            93.51431084409737,
            75.66390299948043,
            90.64652802808408,
            26.48698825699408,
            30.044313477393327,
            84.60093472366924,
            57.154487252484614,
            91.60897980041057,
            54.609763644277216
        ],
        [
            55.067983827897514,
            40.08226475877347,
            27.403688431211098,
            0.0,
            31.235017343871217,
            33.926234304437074,
            40.61362571161375,
            66.26315187784643,
            62.400707073405705,
            65.31808624882477,
            3.0654566670158845,
            31.29961856122617,
            61.181148324009094,
            38.28963600957588,
            65.74405407844861,
            55.067983827897514
        ],
        [
            77.5361810109337,
            55.57282111128709,
            57.731256883841084,
            31.235017343871217,
            0.0,
            10.47301390581712,
            65.36530568861126,
            36.52017481704493,
            70.66188714122251,
            49.53151858604808,
            31.39870949745268,
            58.591338814016716,
            32.6717100942956,
            24.555657190190743,
            34.574204597082186,
            77.5361810109337
        ],
        [
            84.77925456945914,
            64.02201427097724,
            58.0073554407363,
            33.926234304437074,
            10.47301390581712,
            0.0,
            62.127111583124844,
            41.048014910798614,
            80.45133113260614,
            59.40192313851587,
            33.1268272643978,
            63.91577912171704,
            27.260595942381023,
            14.355644931750865,
            34.18351871705502,
            84.77925456945914
        ],
        [
            75.86246076785832,
            72.48130331906474,
            21.42011458742188,
            40.61362571161375,
            65.36530568861126,
            62.127111583124844,
            0.0,
            101.82753873910116,
            96.39277369684139,
            105.90555383225893,
            38.324739982938404,
            51.455498163952676,
            85.78366313190583,
            56.17245788900433,
            96.15404539222419,
            75.86246076785832
        ],
        [
            101.12351246282591,
            76.61311276316722,
            93.51431084409737,
            66.26315187784643,
            36.52017481704493,
            41.048014910798614,
            101.82753873910116,
            0.0,
            81.70140478322269,
            38.313045173011005,
            67.03459221501939,
            88.38226633414591,
            33.58959318322676,
            52.8113167327301,
            18.063639114267577,
            101.12351246282591
        ],
        [
            34.8683805244228,
            23.9116226497095,
            75.66390299948043,
            62.400707073405705,
            70.66188714122251,
            80.45133113260614,
            96.39277369684139,
            81.70140478322269,
            0.0,
            48.8783049963463,
            65.46425073069709,
            47.14881133640799,
            100.61517308292818,
            92.36467447861028,
            94.12722735138885,
            34.8683805244228
        ],
        [
            76.77168065646704,
            53.41172171089795,
            90.64652802808408,
            65.31808624882477,
            49.53151858604808,
            59.40192313851587,
            105.90555383225893,
            38.313045173011005,
            48.8783049963463,
            0.0,
            67.59740410942493,
            73.50620285352518,
            67.19551212917884,
            73.75704837912829,
            54.94476383160346,
            76.77168065646704
        ],
        [
            57.57978401108155,
            43.08629782273798,
            26.48698825699408,
            3.0654566670158845,
            31.39870949745268,
            33.1268272643978,
            38.324739982938404,
            67.03459221501939,
            65.46425073069709,
            67.59740410942493,
            0.0,
            33.37791057747726,
            60.35970714872105,
            36.41645113392729,
            65.6856850803632,
            57.57978401108155
        ],
        [
            25.684190206695202,
            24.365680952598165,
            30.044313477393327,
            31.29961856122617,
            58.591338814016716,
            63.91577912171704,
            51.455498163952676,
            88.38226633414591,
            47.14881133640799,
            73.50620285352518,
            33.37791057747726,
            0.0,
            90.71399565528642,
            69.58578191252289,
            92.38447501317317,
            25.684190206695202
        ],
        [
            110.19818621992832,
            87.84166059230766,
            84.60093472366924,
            61.181148324009094,
            32.6717100942956,
            27.260595942381023,
            85.78366313190583,
            33.58959318322676,
            100.61517308292818,
            67.19551212917884,
            60.35970714872105,
            90.71399565528642,
            0.0,
            29.71495786536229,
            16.649387807243468,
            110.19818621992832
        ],
        [
            92.62397340030337,
            73.97494539983705,
            57.154487252484614,
            38.28963600957588,
            24.555657190190743,
            14.355644931750865,
            56.17245788900433,
            52.8113167327301,
            92.36467447861028,
            73.75704837912829,
            36.41645113392729,
            69.58578191252289,
            29.71495786536229,
            0.0,
            42.09120149108041,
            92.62397340030337
        ],
        [
            108.82636916470513,
            85.05651554304583,
            91.60897980041057,
            65.74405407844861,
            34.574204597082186,
            34.18351871705502,
            96.15404539222419,
            18.063639114267577,
            94.12722735138885,
            54.94476383160346,
            65.6856850803632,
            92.38447501317317,
            16.649387807243468,
            42.09120149108041,
            0.0,
            108.82636916470513
        ],
        [
            0.0,
            24.597952455373,
            54.609763644277216,
            55.067983827897514,
            77.5361810109337,
            84.77925456945914,
            75.86246076785832,
            101.12351246282591,
            34.8683805244228,
            76.77168065646704,
            57.57978401108155,
            25.684190206695202,
            110.19818621992832,
            92.62397340030337,
            108.82636916470513,
            0.0
        ]
    ],
    "scores_ave": [
        0,
        17.569415250949913,
        17.107636364940955,
        15.16139493446883,
        12.836499308932687,
        11.239687377602861,
        10.407559272650653,
        14.309345431292819,
        18.087055732069878,
        10.14248036921501,
        12.941207618865459,
        13.701813935676064,
        10.783605822664065,
        19.68306148766695,
        11.092795841262785,
        0
    ],
    "scores_var": [
        0,
        18.303267276723105,
        353.6888537109328,
        23.68751443665372,
        19.198211210696645,
        314.0539160388991,
        376.7065649851801,
        16.754682509680848,
        24.480032237827167,
        21.08305954512202,
        18.048233490884705,
        339.3035717936748,
        302.64109942428377,
        358.47074346914644,
        19.459676712964246,
        0
    ],
    "vertex_number": 16,
    "minimum_distances": {
        "cost": 419.69686322200647,
        "path": [
            0,
            1,
            8,
            9,
            4,
            5,
            7,
            14,
            12,
            13,
            3,
            10,
            6,
            2,
            11,
            15
        ]
    }
}