{
    "vertices": [
        [
            62.641473530835846,
            77.51859044241499
        ],
        [
            85.17794913702974,
            32.41595666888132
        ],
        [
            38.23838858499907,
            31.870055185921842
        ],
        [
            69.37464266759106,
            30.118040760726885
        ],
        [
            5.953278853979372,
            71.36984356907301
        ],
        [
            34.43664795161329,
            88.57610371950929
        ],
        [
            29.414831576162047,
            67.54899333745118
        ],
        [
            87.11162139619414,
            26.51485540522763
        ],
        [
            23.485742602041547,
            61.43194582792943
        ],
        [
            82.41280771984182,
            20.82127925568924
        ],
        [
            7.588477163302043,
            61.058808680858476
        ],
        [
            37.20590708979128,
            23.17229478228685
        ],
        [
            75.96211922116404,
            20.06175933638327
        ],
        [
            10.113186267850583,
            96.76678169190369
        ],
        [
            18.48368401567406,
            32.029695065919285
        ],
        [
            70.1101993796808,
            11.837449424702495
        ],
        [
            62.727592397077416,
            7.296746638793961
        ],
        [
            0.6099194384711071,
            23.000753112828775
        ],
        [
            95.46684201733568,
            30.34706420105959
        ],
        [
            69.788188372205,
            65.75399150680089
        ],
        [
            44.177187929635956,
            35.3494796726909
        ],
        [
            40.0019801491358,
            51.779235235004464
        ],
        [
            62.641473530835846,
            77.51859044241499
        ]
    ],
    "distances": [
        [
            0.0,
            50.41964206594561,
            51.76194862963549,
            47.876379110688134,
            57.020684876925245,
            30.294897026190462,
            34.690093715921144,
            56.570037336881015,
            42.33144693393903,
            60.04573882814478,
            57.460915626900324,
            60.004065630212544,
            58.98073450165158,
            55.943845319745336,
            63.396766301122206,
            66.1044185451611,
            70.22189661095229,
            82.583946928015,
            57.46875415574429,
            13.765221434459331,
            46.0343756976451,
            34.2791637452446,
            0.0
        ],
        [
            50.41964206594561,
            0.0,
            46.94273482922412,
            15.969499456399744,
            88.28337151520081,
            75.68779137177476,
            65.90793234248989,
            6.209837721692662,
            68.175185911251,
            11.919838563211945,
            82.70755184710704,
            48.854499314348665,
            15.412907343148053,
            98.87237888181785,
            66.69538363412872,
            25.505137583412676,
            33.68966058432118,
            85.09052652968013,
            10.494838385883781,
            36.718786788956926,
            41.10557111632932,
            49.15083652212279,
            50.41964206594561
        ],
        [
            51.76194862963549,
            46.94273482922412,
            0.0,
            31.185507416776428,
            51.01530743470735,
            56.83334560042292,
            36.753799611861254,
            49.165750783532445,
            33.0385523567315,
            45.535203474424584,
            42.32493828401938,
            8.758827208992495,
            39.52866939298819,
            70.72914616035415,
            19.755349592264775,
            37.644622682614695,
            34.69248616490119,
            38.65961988399498,
            57.248715127914366,
            46.298066992156,
            6.883003153783062,
            19.98713850034276,
            51.76194862963549
        ],
        [
            47.876379110688134,
            15.969499456399744,
            31.185507416776428,
            0.0,
            75.65699321885035,
            68.10292651323185,
            54.75274160499798,
            18.099264049264608,
            55.554943972465345,
            16.01322960590033,
            69.10037168648833,
            32.91004308522578,
            12.021798676964785,
            89.18505974842122,
            50.92685042974567,
            18.295383660132146,
            23.76961805958408,
            69.13206885549131,
            26.093204453325303,
            35.63835020909942,
            25.734795090711476,
            36.496036078943426,
            47.876379110688134
        ],
        [
            57.020684876925245,
            88.28337151520081,
            51.01530743470735,
            75.65699321885035,
            0.0,
            33.2769845917045,
            23.770640559905868,
            92.72888723250256,
            20.15314110977594,
            91.65815243901629,
            10.439890515555662,
            57.44328055308557,
            86.79721906367007,
            25.7353705181579,
            41.28750825330118,
            87.52266223042949,
            85.60773579838997,
            48.66333734350366,
            98.46596578146628,
            64.08145962433579,
            52.52174635569394,
            39.28238784475382,
            57.020684876925245
        ],
        [
            30.294897026190462,
            75.68779137177476,
            56.83334560042292,
            68.10292651323185,
            33.2769845917045,
            0.0,
            21.618464578410887,
            81.40178972058432,
            29.26991007192021,
            83.02064890272575,
            38.44510113034541,
            65.46240921071481,
            80.11604177945812,
            25.665502019811324,
            58.7536670341535,
            84.62519326104281,
            86.06225319540947,
            73.7860025281957,
            84.35227104791497,
            42.078262986465866,
            54.110550047886264,
            37.215352379558695,
            30.294897026190462
        ],
        [
            34.690093715921144,
            65.90793234248989,
            36.753799611861254,
            54.75274160499798,
            23.770640559905868,
            21.618464578410887,
            0.0,
            70.80056519108945,
            8.51894161834576,
            70.65596038999784,
            22.770863923717187,
            45.055435102937324,
            66.49576964122406,
            35.01760511419138,
            37.16329555746114,
            68.99194942749331,
            68.84818999616013,
            53.04968115239488,
            75.8079917606977,
            40.41324004027177,
            35.42225070988623,
            18.99402499513739,
            34.690093715921144
        ],
        [
            56.570037336881015,
            6.209837721692662,
            49.165750783532445,
            18.099264049264608,
            92.72888723250256,
            81.40178972058432,
            70.80056519108945,
            0.0,
            72.5772392414821,
            7.3821175373782815,
            86.70187527726448,
            50.017527247459334,
            12.882307542701167,
            104.23095585862339,
            68.84916299845426,
            22.46051194654164,
            31.04700589087843,
            86.57305213808849,
            9.192145336253159,
            42.89301963879935,
            43.83396129762358,
            53.456591610481254,
            56.570037336881015
        ],
        [
            42.33144693393903,
            68.175185911251,
            33.0385523567315,
            55.554943972465345,
            20.15314110977594,
            29.26991007192021,
            8.51894161834576,
            72.5772392414821,
            0.0,
            71.56553110848225,
            15.901643932633688,
            40.64534182049954,
            66.82261917507645,
            37.78062848134097,
            29.824703518619913,
            68.0694795286378,
            66.86211607916347,
            44.724264766635926,
            78.40630420311219,
            46.503726336167716,
            33.29310665113714,
            19.130105187970393,
            42.33144693393903
        ],
        [
            60.04573882814478,
            11.919838563211945,
            45.535203474424584,
            16.01322960590033,
            91.65815243901629,
            83.02064890272575,
            70.65596038999784,
            7.3821175373782815,
            71.56553110848225,
            0.0,
            84.95727877866435,
            45.26799242932656,
            6.495248464438933,
            104.85682906892754,
            64.9042482627894,
            15.233626305103032,
            23.883481421456608,
            81.83191698517378,
            16.16008633224434,
            46.67257914358199,
            40.902704410561284,
            52.5078406873619,
            60.04573882814478
        ],
        [
            57.460915626900324,
            82.70755184710704,
            42.32493828401938,
            69.10037168648833,
            10.439890515555662,
            38.44510113034541,
            22.770863923717187,
            86.70187527726448,
            15.901643932633688,
            84.95727877866435,
            0.0,
            48.089292891839875,
            79.72272563836468,
            35.79711570252726,
            31.0063698233931,
            79.57202998494886,
            77.0109170428346,
            38.692581479374496,
            93.09037683032071,
            62.376668845329924,
            44.71804281934358,
            33.71565896063211,
            57.460915626900324
        ],
        [
            60.004065630212544,
            48.854499314348665,
            8.758827208992495,
            32.91004308522578,
            57.44328055308557,
            65.46240921071481,
            45.055435102937324,
            50.017527247459334,
            40.64534182049954,
            45.26799242932656,
            48.089292891839875,
            0.0,
            38.88083601894625,
            78.42298148518317,
            20.711715926535376,
            34.80188458085042,
            30.056437742695085,
            36.59638969515899,
            58.70105497215633,
            53.61721691308508,
            14.031485609267111,
            28.743261238393316,
            60.004065630212544
        ],
        [
            58.98073450165158,
            15.412907343148053,
            39.52866939298819,
            12.021798676964785,
            86.79721906367007,
            80.11604177945812,
            66.49576964122406,
            12.882307542701167,
            66.82261917507645,
            6.495248464438933,
            79.72272563836468,
            38.88083601894625,
            0.0,
            101.09274170607333,
            58.7111743988997,
            10.093772305462213,
            18.387448148861896,
            75.4094934110345,
            22.05043554025253,
            46.10745604393149,
            35.2703310203961,
            47.949242741249094,
            58.98073450165158
        ],
        [
            55.943845319745336,
            98.87237888181785,
            70.72914616035415,
            89.18505974842122,
            25.7353705181579,
            25.665502019811324,
            35.01760511419138,
            104.23095585862339,
            37.78062848134097,
            104.85682906892754,
            35.79711570252726,
            78.42298148518317,
            101.09274170607333,
            0.0,
            65.27599572098863,
            103.9838115366704,
            103.79384810640708,
            74.37566169627858,
            108.15186277344073,
            67.25250204430995,
            70.23134055771196,
            54.01128896711889,
            55.943845319745336
        ],
        [
            63.396766301122206,
            66.69538363412872,
            19.755349592264775,
            50.92685042974567,
            41.28750825330118,
            58.7536670341535,
            37.16329555746114,
            68.84916299845426,
            29.824703518619913,
            64.9042482627894,
            31.0063698233931,
            20.711715926535376,
            58.7111743988997,
            65.27599572098863,
            0.0,
            55.43486152833127,
            50.68769245843467,
            20.02481592808166,
            77.00154454643216,
            61.39609383097399,
            25.907086158272083,
            29.207557333294123,
            63.396766301122206
        ],
        [
            66.1044185451611,
            25.505137583412676,
            37.644622682614695,
            18.295383660132146,
            87.52266223042949,
            84.62519326104281,
            68.99194942749331,
            22.46051194654164,
            68.0694795286378,
            15.233626305103032,
            79.57202998494886,
            34.80188458085042,
            10.093772305462213,
            103.9838115366704,
            55.43486152833127,
            0.0,
            8.667229525606304,
            70.39110924782935,
            31.393712189272467,
            53.917503662350896,
            35.00480894463614,
            50.01850776413266,
            66.1044185451611
        ],
        [
            70.22189661095229,
            33.68966058432118,
            34.69248616490119,
            23.76961805958408,
            85.60773579838997,
            86.06225319540947,
            68.84818999616013,
            31.04700589087843,
            66.86211607916347,
            23.883481421456608,
            77.0109170428346,
            30.056437742695085,
            18.387448148861896,
            103.79384810640708,
            50.68769245843467,
            8.667229525606304,
            0.0,
            64.07199944694169,
            40.039675391027735,
            58.88209823946587,
            33.631433757375916,
            49.95142884598789,
            70.22189661095229
        ],
        [
            82.583946928015,
            85.09052652968013,
            38.65961988399498,
            69.13206885549131,
            48.66333734350366,
            73.7860025281957,
            53.04968115239488,
            86.57305213808849,
            44.724264766635926,
            81.83191698517378,
            38.692581479374496,
            36.59638969515899,
            75.4094934110345,
            74.37566169627858,
            20.02481592808166,
            70.39110924782935,
            64.07199944694169,
            0.0,
            95.14096934411468,
            81.32325796375734,
            45.283528257319894,
            48.78458240355326,
            82.583946928015
        ],
        [
            57.46875415574429,
            10.494838385883781,
            57.248715127914366,
            26.093204453325303,
            98.46596578146628,
            84.35227104791497,
            75.8079917606977,
            9.192145336253159,
            78.40630420311219,
            16.16008633224434,
            93.09037683032071,
            58.70105497215633,
            22.05043554025253,
            108.15186277344073,
            77.00154454643216,
            31.393712189272467,
            40.039675391027735,
            95.14096934411468,
            0.0,
            43.738355641937794,
            51.53302608024013,
            59.46165871624134,
            57.46875415574429
        ],
        [
            13.765221434459331,
            36.718786788956926,
            46.298066992156,
            35.63835020909942,
            64.08145962433579,
            42.078262986465866,
            40.41324004027177,
            42.89301963879935,
            46.503726336167716,
            46.67257914358199,
            62.376668845329924,
            53.61721691308508,
            46.10745604393149,
            67.25250204430995,
            61.39609383097399,
            53.917503662350896,
            58.88209823946587,
            81.32325796375734,
            43.738355641937794,
            0.0,
            39.75371282710341,
            32.90155031551171,
            13.765221434459331
        ],
        [
            46.0343756976451,
            41.10557111632932,
            6.883003153783062,
            25.734795090711476,
            52.52174635569394,
            54.110550047886264,
            35.42225070988623,
            43.83396129762358,
            33.29310665113714,
            40.902704410561284,
            44.71804281934358,
            14.031485609267111,
            35.2703310203961,
            70.23134055771196,
            25.907086158272083,
            35.00480894463614,
            33.631433757375916,
            45.283528257319894,
            51.53302608024013,
            39.75371282710341,
            0.0,
            16.951968258810616,
            46.0343756976451
        ],
        [
            34.2791637452446,
            49.15083652212279,
            19.98713850034276,
            36.496036078943426,
            39.28238784475382,
            37.215352379558695,
            18.99402499513739,
            53.456591610481254,
            19.130105187970393,
            52.5078406873619,
            33.71565896063211,
            28.743261238393316,
            47.949242741249094,
            54.01128896711889,
            29.207557333294123,
            50.01850776413266,
            49.95142884598789,
            48.78458240355326,
            59.46165871624134,
            32.90155031551171,
            16.951968258810616,
            0.0,
            34.2791637452446
        ],
        [
            0.0,
            50.41964206594561,
            51.76194862963549,
            47.876379110688134,
            57.020684876925245,
            30.294897026190462,
            34.690093715921144,
            56.570037336881015,
            42.33144693393903,
            60.04573882814478,
            57.460915626900324,
            60.004065630212544,
            58.98073450165158,
            55.943845319745336,
            63.396766301122206,
            66.1044185451611,
            70.22189661095229,
            82.583946928015,
            57.46875415574429,
            13.765221434459331,
            46.0343756976451,
            34.2791637452446,
            0.0
        ]
    ],
    "scores_ave": [
        0,
        16.06618068299546,
        18.246304861771332,
        16.332570353439703,
        17.047232141531097,
        19.320834864600165,
        11.215596125911633,
        14.111174000452078,
        15.953346173834165,
        17.7455530394056,
        13.062505474496149,
        14.90142220732844,
        19.237717636455628,
        18.45678443940673,
        14.627943604108054,
        15.84287588865983,
        13.895350337655055,
        17.22316407193734,
        18.67566116499239,
        15.793610437456678,
        12.02600444061368,
        11.755420828516105,
        0
    ],
    "scores_var": [
        0,
        22.80805505263504,
        394.38445259260163,
        19.65324072718596,
        19.988893054958364,
        21.065714627250436,
        21.29201279302372,
        366.8651030586036,
        357.152351140783,
        371.5606984503796,
        21.226978763039106,
        17.371334673543583,
        330.94329147813255,
        287.33185509962203,
        23.424064647157206,
        351.218221100123,
        22.195110034214828,
        24.788057470478886,
        294.78280102752706,
        20.356314416498154,
        22.200640886165544,
        250.5377815522187,
        0
    ],
    "vertex_number": 23,
    "minimum_distances": {
        "cost": 410.14086078045904,
        "path": [
            0,
            19,
            1,
            18,
            7,
            9,
            12,
            15,
            16,
            3,
            20,
            21,
            6,
            8,
            2,
            11,
            14,
            17,
            10,
            4,
            13,
            5,
            22
        ]
    }
}