{
    "vertices": [
        [
            86.82618520177535,
            95.97952638554794
        ],
        [
            98.91885905168891,
            74.73559919677567
        ],
        [
            93.9344034868405,
            80.35210399120082
        ],
        [
            70.88257490757648,
            73.07160977217566
        ],
        [
            53.37734812884172,
            51.927779850847244
        ],
        [
            72.18718130801565,
            4.964490521117815
        ],
        [
            60.87816181910507,
            50.246472438408404
        ],
        [
            93.33557788711822,
            73.18274509514401
        ],
        [
            54.21546870678567,
            11.528000779029968
        ],
        [
            18.923828064419812,
            5.696792997759193
        ],
        [
            82.5402837817796,
            47.57194271999269
        ],
        [
            10.879640756804198,
            1.3698341484463694
        ],
        [
            47.69485454618743,
            75.16891874952339
        ],
        [
            21.959067307772393,
            6.210566732744571
        ],
        [
            56.1077635484567,
            76.62754585297424
        ],
        [
            27.469901841048472,
            93.08892191083926
        ],
        [
            97.60970063762235,
            91.4813679405103
        ],
        [
            29.064229360232208,
            10.56128278327061
        ],
        [
            21.600815676083407,
            96.44004097198959
        ],
        [
            97.17384460343558,
            98.34004276238569
        ],
        [
            45.65373163294123,
            14.8897747139896
        ],
        [
            5.657547159774435,
            94.43685969322605
        ],
        [
            12.264922493733144,
            20.544938657365886
        ],
        [
            86.82618520177535,
            95.97952638554794
        ]
    ],
    "distances": [
        [
            0.0,
            24.444574106378727,
            17.16808369852257,
            27.910058272574453,
            55.311672134271745,
            92.1847991178861,
            52.581480968108714,
            23.707919148134994,
            90.52910585875105,
            112.96770358283612,
            48.59694545256577,
            121.32135623348042,
            44.32090284569481,
            110.75291915349734,
            36.30593036136366,
            59.42662676467602,
            11.684076110322723,
            103.11508077259298,
            65.22699520480296,
            10.613486357370359,
            90.94349212028753,
            81.18329644771119,
            106.06488072089876,
            0.0
        ],
        [
            24.444574106378727,
            0.0,
            7.509322431734376,
            28.08562068772187,
            50.93354337224456,
            74.71673307112708,
            45.2417061496192,
            5.7952035705058815,
            77.41830278472783,
            105.66722171061137,
            31.719425610511273,
            114.6012191868002,
            51.22583726416221,
            103.04605581711276,
            42.852880420536145,
            73.76854303247754,
            16.7968647839935,
            94.85785247659368,
            80.30667857784721,
            23.668857840349656,
            80.11676795128385,
            95.31952560178814,
            102.2033874716869,
            24.444574106378727
        ],
        [
            17.16808369852257,
            7.509322431734376,
            0.0,
            24.17420933393752,
            49.525921921228935,
            78.4616717716989,
            44.710895365539464,
            7.194324087734136,
            79.46289047739073,
            105.83006134709622,
            34.70396139952427,
            114.61366655707471,
            46.52914458148347,
            103.33158551545083,
            38.00956487981889,
            67.67389828982452,
            11.720423422383032,
            95.28325254783108,
            74.10107719780014,
            18.27730614679808,
            81.34088657656693,
            89.39342093339529,
            101.22648443442155,
            17.16808369852257
        ],
        [
            27.910058272574453,
            28.08562068772187,
            24.17420933393752,
            0.0,
            27.449854431617585,
            68.11961311206841,
            24.921379888563838,
            22.453278020354208,
            63.76055392646494,
            85.08276740267347,
            28.0381025743159,
            93.49597175438915,
            23.28237703724514,
            82.84870953846382,
            15.196701356159501,
            47.80536547332251,
            32.45394345231784,
            75.20847694626531,
            54.541501351643134,
            36.46538863088029,
            63.4162476319285,
            68.63510871915692,
            78.70883275029267,
            27.910058272574453
        ],
        [
            55.311672134271745,
            50.93354337224456,
            49.525921921228935,
            27.449854431617585,
            0.0,
            50.59012125797121,
            7.6869370123062595,
            45.259625196763146,
            40.408471824047226,
            57.657169460873845,
            29.48643981575136,
            66.04665779224749,
            23.925744933532673,
            55.47226284403397,
            24.85022351858228,
            48.63574188637134,
            59.33790811300789,
            47.982442871308024,
            54.69085302715585,
            63.81403648116048,
            37.83474694369765,
            63.90775597353682,
            51.721506774045196,
            55.311672134271745
        ],
        [
            92.1847991178861,
            74.71673307112708,
            78.4616717716989,
            68.11961311206841,
            50.59012125797121,
            0.0,
            46.67281658694267,
            71.42117987679596,
            19.13274995203059,
            53.2683871134594,
            43.84725434632897,
            61.4128332099735,
            74.35412438517125,
            50.24356816495635,
            73.44481720981499,
            98.82079988893314,
            90.17468917310673,
            43.4846302538786,
            104.53112798653578,
            96.66088712090549,
            28.32905254273389,
            111.4966235595,
            61.91467891810611,
            92.1847991178861
        ],
        [
            52.581480968108714,
            45.2417061496192,
            44.710895365539464,
            24.921379888563838,
            7.6869370123062595,
            46.67281658694267,
            0.0,
            39.74363422230328,
            39.28754926369217,
            61.195098325471506,
            21.82660388472003,
            69.91979604479067,
            28.19446613756983,
            58.769523640235185,
            26.808911469235692,
            54.32851287822269,
            55.222482297027405,
            50.86295878595719,
            60.63460805435622,
            60.25253600711007,
            38.49518604279369,
            70.72557252567866,
            56.968659336974895,
            52.581480968108714
        ],
        [
            23.707919148134994,
            5.7952035705058815,
            7.194324087734136,
            22.453278020354208,
            45.259625196763146,
            71.42117987679596,
            39.74363422230328,
            0.0,
            73.01842533885907,
            100.45627029790812,
            27.793013027014815,
            109.34384183243529,
            45.683919631186804,
            97.87685598285485,
            37.38685347411573,
            68.80801665811572,
            18.79116077636871,
            89.7343511902874,
            75.41072815572628,
            25.448416793659153,
            75.31021748783573,
            90.21737337992857,
            96.6601770766741,
            23.707919148134994
        ],
        [
            90.52910585875105,
            77.41830278472783,
            79.46289047739073,
            63.76055392646494,
            40.408471824047226,
            19.13274995203059,
            39.28754926369217,
            73.01842533885907,
            0.0,
            35.77013954988494,
            45.84169390059769,
            44.51047442350056,
            63.974095141380985,
            32.691750275120796,
            65.12704160793976,
            85.83419599925682,
            90.97032640001753,
            25.169810971696712,
            90.9602669413623,
            96.8594481349021,
            9.198090329596482,
            96.08199951822283,
            42.90866458275327,
            90.52910585875105
        ],
        [
            112.96770358283612,
            105.66722171061137,
            105.83006134709622,
            85.08276740267347,
            57.657169460873845,
            53.2683871134594,
            61.195098325471506,
            100.45627029790812,
            35.77013954988494,
            0.0,
            76.16154936907647,
            9.134085740984188,
            75.19407038645741,
            3.0784152928330473,
            80.08630818491146,
            87.80899482943639,
            116.40644243646805,
            11.246821742761759,
            90.78272586558343,
            121.26762476154636,
            28.266564305153903,
            89.7262149327434,
            16.272936211029005,
            112.96770358283612
        ],
        [
            48.59694545256577,
            31.719425610511273,
            34.70396139952427,
            28.0381025743159,
            29.48643981575136,
            43.84725434632897,
            21.82660388472003,
            27.793013027014815,
            45.84169390059769,
            76.16154936907647,
            0.0,
            85.26360651069078,
            44.44993840926165,
            73.3542583155813,
            39.279844695547766,
            71.44608010071627,
            46.423323314594626,
            65.03443199911862,
            78.1134418635614,
            52.83503652156899,
            49.28226694259899,
            90.04041111299233,
            75.29332874011287,
            48.59694545256577
        ],
        [
            121.32135623348042,
            114.6012191868002,
            114.61366655707471,
            93.49597175438915,
            66.04665779224749,
            61.4128332099735,
            69.91979604479067,
            109.34384183243529,
            44.51047442350056,
            9.134085740984188,
            85.26360651069078,
            0.0,
            82.47220655660254,
            12.090756165392856,
            87.80265521189338,
            93.20744510396644,
            125.06874833182182,
            20.37552430448199,
            95.6728165004097,
            129.8072069499798,
            37.309867182257,
            93.21341912669449,
            19.22507837223699,
            121.32135623348042
        ],
        [
            44.32090284569481,
            51.22583726416221,
            46.52914458148347,
            23.28237703724514,
            23.925744933532673,
            74.35412438517125,
            28.19446613756983,
            45.683919631186804,
            63.974095141380985,
            75.19407038645741,
            44.44993840926165,
            82.47220655660254,
            0.0,
            73.60424619307604,
            8.538420867314096,
            27.021754665947928,
            52.51273996793698,
            67.24021728078657,
            33.665405168475175,
            54.635807352913766,
            60.313691550124894,
            46.24271575621165,
            65.10805853617465,
            44.32090284569481
        ],
        [
            110.75291915349734,
            103.04605581711276,
            103.33158551545083,
            82.84870953846382,
            55.47226284403397,
            50.24356816495635,
            58.769523640235185,
            97.87685598285485,
            32.691750275120796,
            3.0784152928330473,
            73.3542583155813,
            12.090756165392856,
            73.60424619307604,
            0.0,
            78.26036291352979,
            87.05296029259614,
            113.9917885719042,
            8.331389916695764,
            90.23018544656877,
            118.93318745048596,
            25.23421820988588,
            89.7196652283338,
            17.304642791717367,
            110.75291915349734
        ],
        [
            36.30593036136366,
            42.852880420536145,
            38.00956487981889,
            15.196701356159501,
            24.85022351858228,
            73.44481720981499,
            26.808911469235692,
            37.38685347411573,
            65.12704160793976,
            80.08630818491146,
            39.279844695547766,
            87.80265521189338,
            8.538420867314096,
            78.26036291352979,
            0.0,
            33.03186378167436,
            44.080004681955714,
            71.38700061905494,
            39.79025526818966,
            46.452723658094556,
            62.616604574986816,
            53.50136440433505,
            71.18604878490345,
            36.30593036136366
        ],
        [
            59.42662676467602,
            73.76854303247754,
            67.67389828982452,
            47.80536547332251,
            48.63574188637134,
            98.82079988893314,
            54.32851287822269,
            68.80801665811572,
            85.83419599925682,
            87.80899482943639,
            71.44608010071627,
            93.20744510396644,
            27.021754665947928,
            87.05296029259614,
            33.03186378167436,
            0.0,
            70.15821837098908,
            82.54303786636778,
            6.758414856590958,
            69.90145854572482,
            80.28547993389022,
            21.8539642400843,
            74.12031370166015,
            59.42662676467602
        ],
        [
            11.684076110322723,
            16.7968647839935,
            11.720423422383032,
            32.45394345231784,
            59.33790811300789,
            90.17468917310673,
            55.222482297027405,
            18.79116077636871,
            90.97032640001753,
            116.40644243646805,
            46.423323314594626,
            125.06874833182182,
            52.51273996793698,
            113.9917885719042,
            44.080004681955714,
            70.15821837098908,
            0.0,
            106.04971388219036,
            76.1704603591811,
            6.872509788626316,
            92.55103926046534,
            91.99963837273529,
            110.97616030423929,
            11.684076110322723
        ],
        [
            103.11508077259298,
            94.85785247659368,
            95.28325254783108,
            75.20847694626531,
            47.982442871308024,
            43.4846302538786,
            50.86295878595719,
            89.7343511902874,
            25.169810971696712,
            11.246821742761759,
            65.03443199911862,
            20.37552430448199,
            67.24021728078657,
            8.331389916695764,
            71.38700061905494,
            82.54303786636778,
            106.04971388219036,
            0.0,
            86.20245734233569,
            111.10369207208326,
            17.14489510176476,
            87.08033746840373,
            19.542008489588778,
            103.11508077259298
        ],
        [
            65.22699520480296,
            80.30667857784721,
            74.10107719780014,
            54.541501351643134,
            54.69085302715585,
            104.53112798653578,
            60.63460805435622,
            75.41072815572628,
            90.9602669413623,
            90.78272586558343,
            78.1134418635614,
            95.6728165004097,
            33.665405168475175,
            90.23018544656877,
            39.79025526818966,
            6.758414856590958,
            76.1704603591811,
            86.20245734233569,
            0.0,
            75.5969093816534,
            85.0234596613097,
            16.068619922654143,
            76.46715279686732,
            65.22699520480296
        ],
        [
            10.613486357370359,
            23.668857840349656,
            18.27730614679808,
            36.46538863088029,
            63.81403648116048,
            96.66088712090549,
            60.25253600711007,
            25.448416793659153,
            96.8594481349021,
            121.26762476154636,
            52.83503652156899,
            129.8072069499798,
            54.635807352913766,
            118.93318745048596,
            46.452723658094556,
            69.90145854572482,
            6.872509788626316,
            111.10369207208326,
            75.5969093816534,
            0.0,
            98.0727754162268,
            91.59949528173195,
            115.15903471522495,
            10.613486357370359
        ],
        [
            90.94349212028753,
            80.11676795128385,
            81.34088657656693,
            63.4162476319285,
            37.83474694369765,
            28.32905254273389,
            38.49518604279369,
            75.31021748783573,
            9.198090329596482,
            28.266564305153903,
            49.28226694259899,
            37.309867182257,
            60.313691550124894,
            25.23421820988588,
            62.616604574986816,
            80.28547993389022,
            92.55103926046534,
            17.14489510176476,
            85.0234596613097,
            98.0727754162268,
            0.0,
            89.03613592865234,
            33.864338986032614,
            90.94349212028753
        ],
        [
            81.18329644771119,
            95.31952560178814,
            89.39342093339529,
            68.63510871915692,
            63.90775597353682,
            111.4966235595,
            70.72557252567866,
            90.21737337992857,
            96.08199951822283,
            89.7262149327434,
            90.04041111299233,
            93.21341912669449,
            46.24271575621165,
            89.7196652283338,
            53.50136440433505,
            21.8539642400843,
            91.99963837273529,
            87.08033746840373,
            16.068619922654143,
            91.59949528173195,
            89.03613592865234,
            0.0,
            74.18674681621779,
            81.18329644771119
        ],
        [
            106.06488072089876,
            102.2033874716869,
            101.22648443442155,
            78.70883275029267,
            51.721506774045196,
            61.91467891810611,
            56.968659336974895,
            96.6601770766741,
            42.90866458275327,
            16.272936211029005,
            75.29332874011287,
            19.22507837223699,
            65.10805853617465,
            17.304642791717367,
            71.18604878490345,
            74.12031370166015,
            110.97616030423929,
            19.542008489588778,
            76.46715279686732,
            115.15903471522495,
            33.864338986032614,
            74.18674681621779,
            0.0,
            106.06488072089876
        ],
        [
            0.0,
            24.444574106378727,
            17.16808369852257,
            27.910058272574453,
            55.311672134271745,
            92.1847991178861,
            52.581480968108714,
            23.707919148134994,
            90.52910585875105,
            112.96770358283612,
            48.59694545256577,
            121.32135623348042,
            44.32090284569481,
            110.75291915349734,
            36.30593036136366,
            59.42662676467602,
            11.684076110322723,
            103.11508077259298,
            65.22699520480296,
            10.613486357370359,
            90.94349212028753,
            81.18329644771119,
            106.06488072089876,
            0.0
        ]
    ],
    "scores_ave": [
        0,
        18.246321469552182,
        17.936758239150944,
        14.145840070888056,
        14.672029950194382,
        13.985648449776619,
        16.816154314734526,
        11.770679972801751,
        18.172205745909892,
        15.974116970976564,
        17.46816981707837,
        14.742099515558381,
        11.028007351895727,
        13.943105516836773,
        12.208873402062991,
        17.729930928449676,
        12.655181574641567,
        13.617140116799966,
        11.332735126283918,
        17.420954235292996,
        12.350787960675255,
        13.756999814699178,
        16.767005370416527,
        0
    ],
    "scores_var": [
        0,
        321.1964309758377,
        279.8539455480444,
        17.08612644735716,
        23.73513822659614,
        17.545105996179583,
        246.55653008441524,
        289.8233945672706,
        24.498407028984712,
        18.41250992171491,
        324.50549417497234,
        20.279671952725145,
        354.70908904494974,
        23.294627385039824,
        330.8122755959437,
        23.438242563270503,
        23.73471200069876,
        285.5446992426905,
        280.7183745157258,
        24.857634062942665,
        240.07565445877592,
        328.5399296850178,
        18.444698586931025,
        0
    ],
    "vertex_number": 24,
    "minimum_distances": {
        "cost": 417.3384734708572,
        "path": [
            0,
            3,
            6,
            4,
            14,
            12,
            15,
            18,
            21,
            22,
            11,
            9,
            13,
            17,
            20,
            8,
            5,
            10,
            7,
            1,
            2,
            16,
            19,
            23
        ]
    }
}