{
    "vertices": [
        [
            36.05525170353376,
            8.141285038527734
        ],
        [
            9.201263876776222,
            36.4733396254448
        ],
        [
            55.838427551640436,
            55.325461971465195
        ],
        [
            34.054228567192624,
            29.788092673610688
        ],
        [
            80.48792620695457,
            98.9721239485181
        ],
        [
            65.6390781622211,
            61.36957106965124
        ],
        [
            15.649218523880348,
            36.62797781351962
        ],
        [
            11.446886604257756,
            43.29845081569733
        ],
        [
            79.58305535783795,
            52.10015333990691
        ],
        [
            96.21518543229404,
            62.28513601078641
        ],
        [
            0.44761307141965023,
            26.226817312194317
        ],
        [
            25.66476010534219,
            4.109283686974896
        ],
        [
            35.00246818847831,
            84.22269048102193
        ],
        [
            26.66139723837907,
            89.42979080394177
        ],
        [
            36.36805288412266,
            83.45078534003233
        ],
        [
            84.57337439497175,
            30.5451657669358
        ],
        [
            86.98878696408215,
            81.68515890694502
        ],
        [
            89.37948538577967,
            58.95442547472315
        ],
        [
            79.24423608434323,
            95.42598126088599
        ],
        [
            67.80367119666762,
            79.02944816618216
        ],
        [
            80.88065654703163,
            61.76747519472109
        ],
        [
            57.13587040137118,
            74.62722661045741
        ],
        [
            36.05525170353376,
            8.141285038527734
        ]
    ],
    "distances": [
        [
            0.0,
            39.03641862819501,
            51.1636648362474,
            21.739097828163388,
            101.1162887996764,
            60.89707071566601,
            35.04137348030027,
            42.91384320172979,
            61.86316992610107,
            80.93685331389517,
            39.93733098965254,
            11.14537350432966,
            76.08868908868622,
            81.82949145195917,
            75.31014991514023,
            53.441015158716475,
            89.45907666475883,
            73.6576482029347,
            97.38535088233326,
            77.67299280911574,
            69.89338445126042,
            69.74792406509071,
            0.0
        ],
        [
            39.03641862819501,
            0.0,
            50.3033552815853,
            25.736401860207494,
            94.80446333395332,
            61.685081028088625,
            6.449808687110243,
            7.18505143986401,
            72.09572718927353,
            90.7616184138876,
            13.476558237846183,
            36.3108637305203,
            54.27432773478819,
            55.760577278445474,
            54.267069488196036,
            75.60488270782378,
            89.97225878458976,
            83.27032139549749,
            91.55016063048036,
            72.42419842716576,
            76.01137170038173,
            61.26537027336778,
            39.03641862819501
        ],
        [
            51.1636648362474,
            50.3033552815853,
            0.0,
            33.566479649331995,
            50.12612976978623,
            11.514512893798436,
            44.32570852353765,
            45.991933042916536,
            23.962678594507178,
            40.972181290316044,
            62.56894956596882,
            59.443646634678245,
            35.62565112551463,
            44.882116071043995,
            34.207152823349475,
            37.944172807867226,
            40.80659890329799,
            33.73680389042583,
            46.431492764617765,
            26.55270263088479,
            25.85754759110414,
            19.345321815037554,
            51.1636648362474
        ],
        [
            21.739097828163388,
            25.736401860207494,
            33.566479649331995,
            0.0,
            83.32177662501083,
            44.66533892875041,
            19.634877728714603,
            26.336698497657647,
            50.70209187113552,
            70.14301379355805,
            33.79478195344008,
            27.014522243499147,
            54.44285625161483,
            60.09813733324707,
            53.71255316199779,
            50.5248182068679,
            74.13078278489172,
            62.542457667634565,
            79.68983120571717,
            59.697034838809394,
            56.704455413861005,
            50.43124152713059,
            21.739097828163388
        ],
        [
            101.1162887996764,
            94.80446333395332,
            50.12612976978623,
            83.32177662501083,
            0.0,
            40.428211329015824,
            89.9491554785991,
            88.69173033333671,
            46.88070413281025,
            39.915933744361986,
            108.15882471831533,
            109.56522260230226,
            47.81707517992566,
            54.66581511920386,
            46.77045193519094,
            68.54881102456108,
            18.468902266570456,
            40.993609450377996,
            3.7579107336560984,
            23.634733815411543,
            37.20672151659465,
            33.73414496838174,
            101.1162887996764
        ],
        [
            60.89707071566601,
            61.685081028088625,
            11.514512893798436,
            44.66533892875041,
            40.428211329015824,
            0.0,
            55.77752686802156,
            57.12581739535861,
            16.74385275497791,
            30.589811946993773,
            74.06038254250673,
            69.8332772770919,
            38.22128906138048,
            48.027445713232616,
            36.66569165426392,
            36.17528902573727,
            29.470886907235457,
            23.862939118748404,
            36.673415401343796,
            17.792040975373,
            15.246771440310614,
            15.750237225605423,
            60.89707071566601
        ],
        [
            35.04137348030027,
            6.449808687110243,
            44.32570852353765,
            19.634877728714603,
            89.9491554785991,
            55.77752686802156,
            0.0,
            7.883831786349871,
            65.77935624366091,
            84.55273378576936,
            18.41936340123112,
            34.02611557121626,
            51.37903216763007,
            53.93792297739663,
            51.20200583875609,
            69.19205059063192,
            84.37703238038162,
            77.0365011971296,
            86.61138186123166,
            67.21585840905202,
            69.90804556807223,
            56.25908987119941,
            35.04137348030027
        ],
        [
            42.91384320172979,
            7.18505143986401,
            45.991933042916536,
            26.336698497657647,
            88.69173033333671,
            57.12581739535861,
            7.883831786349871,
            0.0,
            68.70231043961357,
            86.86862898018289,
            20.308241891609413,
            41.68859253004085,
            47.219263187345454,
            48.57552740780888,
            47.25753375391885,
            74.23024650464531,
            84.73557734538839,
            79.48961878991325,
            85.52052400937986,
            66.72923902799761,
            71.84812641940654,
            55.398334209714626,
            42.91384320172979
        ],
        [
            61.86316992610107,
            72.09572718927353,
            23.962678594507178,
            50.70209187113552,
            46.88070413281025,
            16.74385275497791,
            65.77935624366091,
            68.70231043961357,
            0.0,
            19.502861913569053,
            83.25771881975851,
            72.18245031155439,
            54.94803130911231,
            64.76267236077557,
            53.38912403861395,
            22.12511634688774,
            30.49782639837469,
            11.956215445971049,
            43.32715272826478,
            29.392870071785868,
            9.754018694403076,
            31.80165314266821,
            61.86316992610107
        ],
        [
            80.93685331389517,
            90.7616184138876,
            40.972181290316044,
            70.14301379355805,
            39.915933744361986,
            30.589811946993773,
            84.55273378576936,
            86.86862898018289,
            19.502861913569053,
            0.0,
            102.33098388691738,
            91.44283628265111,
            65.02501863518292,
            74.66298772459858,
            63.47963441740194,
            33.80765409355167,
            21.482255865381106,
            7.603974473981303,
            37.23343585625371,
            32.978570780410365,
            15.34326395697592,
            40.98194802174002,
            80.93685331389517
        ],
        [
            39.93733098965254,
            13.476558237846183,
            62.56894956596882,
            33.79478195344008,
            108.15882471831533,
            74.06038254250673,
            18.41936340123112,
            20.308241891609413,
            83.25771881975851,
            102.33098388691738,
            0.0,
            33.54235826821335,
            67.50969794611477,
            68.42352182218089,
            67.56375147361969,
            84.23652326422204,
            102.7861976685591,
            94.76272605501416,
            104.86864206920345,
            85.58595907784344,
            87.93527645645119,
            74.53964139534209,
            39.93733098965254
        ],
        [
            11.14537350432966,
            36.3108637305203,
            59.443646634678245,
            27.014522243499147,
            109.56522260230226,
            69.8332772770919,
            34.02611557121626,
            41.68859253004085,
            72.18245031155439,
            91.44283628265111,
            33.54235826821335,
            0.0,
            80.65575453986112,
            85.32632782600774,
            80.06019211112604,
            64.56841874221442,
            98.88707036976996,
            84.06875635621017,
            105.87492385824649,
            85.95765744571045,
            79.83271427055018,
            77.22183018696437,
            11.14537350432966
        ],
        [
            76.08868908868622,
            54.27432773478819,
            35.62565112551463,
            54.44285625161483,
            47.81707517992566,
            38.22128906138048,
            51.37903216763007,
            47.219263187345454,
            54.94803130911231,
            65.02501863518292,
            67.50969794611477,
            80.65575453986112,
            0.0,
            9.832973017736872,
            1.5686488159126801,
            73.06539127086296,
            52.04821232595926,
            59.96119758397218,
            45.63822685917772,
            33.20976790832916,
            51.07881028975731,
            24.123855836267133,
            76.08868908868622
        ],
        [
            81.82949145195917,
            55.760577278445474,
            44.882116071043995,
            60.09813733324707,
            54.66581511920386,
            48.027445713232616,
            53.93792297739663,
            48.57552740780888,
            64.76267236077557,
            74.66298772459858,
            68.42352182218089,
            85.32632782600774,
            9.832973017736872,
            0.0,
            11.400336405672638,
            82.590533137488,
            60.822473431593075,
            69.7302407339488,
            52.92361704472387,
            42.4364682017916,
            60.8681508249022,
            33.879336198694205,
            81.82949145195917
        ],
        [
            75.31014991514023,
            54.267069488196036,
            34.207152823349475,
            53.71255316199779,
            46.77045193519094,
            36.66569165426392,
            51.20200583875609,
            47.25753375391885,
            53.38912403861395,
            63.47963441740194,
            67.56375147361969,
            80.06019211112604,
            1.5686488159126801,
            11.400336405672638,
            0.0,
            71.57344203248537,
            50.65151681337084,
            58.39763370658496,
            44.51710236708704,
            31.74502041418278,
            49.513006611485174,
            22.564517124990555,
            75.31014991514023
        ],
        [
            53.441015158716475,
            75.60488270782378,
            37.944172807867226,
            50.5248182068679,
            68.54881102456108,
            36.17528902573727,
            69.19205059063192,
            74.23024650464531,
            22.12511634688774,
            33.80765409355167,
            84.23652326422204,
            64.56841874221442,
            73.06539127086296,
            82.590533137488,
            71.57344203248537,
            0.0,
            51.19700300055861,
            28.812926612901972,
            65.0993082474293,
            51.30252026098799,
            31.43992320456374,
            51.92345051718721,
            53.441015158716475
        ],
        [
            89.45907666475883,
            89.97225878458976,
            40.80659890329799,
            74.13078278489172,
            18.468902266570456,
            29.470886907235457,
            84.37703238038162,
            84.73557734538839,
            30.49782639837469,
            21.482255865381106,
            102.7861976685591,
            98.88707036976996,
            52.04821232595926,
            60.822473431593075,
            50.65151681337084,
            51.19700300055861,
            0.0,
            22.856108183814584,
            15.77302340362902,
            19.368052729887452,
            20.833227826044823,
            30.67590317500018,
            89.45907666475883
        ],
        [
            73.6576482029347,
            83.27032139549749,
            33.73680389042583,
            62.542457667634565,
            40.993609450377996,
            23.862939118748404,
            77.0365011971296,
            79.48961878991325,
            11.956215445971049,
            7.603974473981303,
            94.76272605501416,
            84.06875635621017,
            59.96119758397218,
            69.7302407339488,
            58.39763370658496,
            28.812926612901972,
            22.856108183814584,
            0.0,
            37.85363469820904,
            29.470702298820147,
            8.952281293475748,
            35.85090518666224,
            73.6576482029347
        ],
        [
            97.38535088233326,
            91.55016063048036,
            46.431492764617765,
            79.68983120571717,
            3.7579107336560984,
            36.673415401343796,
            86.61138186123166,
            85.52052400937986,
            43.32715272826478,
            37.23343585625371,
            104.86864206920345,
            105.87492385824649,
            45.63822685917772,
            52.92361704472387,
            44.51710236708704,
            65.0993082474293,
            15.77302340362902,
            37.85363469820904,
            0.0,
            19.993319446125845,
            33.698262604127905,
            30.354044675804584,
            97.38535088233326
        ],
        [
            77.67299280911574,
            72.42419842716576,
            26.55270263088479,
            59.697034838809394,
            23.634733815411543,
            17.792040975373,
            67.21585840905202,
            66.72923902799761,
            29.392870071785868,
            32.978570780410365,
            85.58595907784344,
            85.95765744571045,
            33.20976790832916,
            42.4364682017916,
            31.74502041418278,
            51.30252026098799,
            19.368052729887452,
            29.470702298820147,
            19.993319446125845,
            0.0,
            21.656021257864698,
            11.540430166757869,
            77.67299280911574
        ],
        [
            69.89338445126042,
            76.01137170038173,
            25.85754759110414,
            56.704455413861005,
            37.20672151659465,
            15.246771440310614,
            69.90804556807223,
            71.84812641940654,
            9.754018694403076,
            15.34326395697592,
            87.93527645645119,
            79.83271427055018,
            51.07881028975731,
            60.8681508249022,
            49.513006611485174,
            31.43992320456374,
            20.833227826044823,
            8.952281293475748,
            33.698262604127905,
            21.656021257864698,
            0.0,
            27.003482656458985,
            69.89338445126042
        ],
        [
            69.74792406509071,
            61.26537027336778,
            19.345321815037554,
            50.43124152713059,
            33.73414496838174,
            15.750237225605423,
            56.25908987119941,
            55.398334209714626,
            31.80165314266821,
            40.98194802174002,
            74.53964139534209,
            77.22183018696437,
            24.123855836267133,
            33.879336198694205,
            22.564517124990555,
            51.92345051718721,
            30.67590317500018,
            35.85090518666224,
            30.354044675804584,
            11.540430166757869,
            27.003482656458985,
            0.0,
            69.74792406509071
        ],
        [
            0.0,
            39.03641862819501,
            51.1636648362474,
            21.739097828163388,
            101.1162887996764,
            60.89707071566601,
            35.04137348030027,
            42.91384320172979,
            61.86316992610107,
            80.93685331389517,
            39.93733098965254,
            11.14537350432966,
            76.08868908868622,
            81.82949145195917,
            75.31014991514023,
            53.441015158716475,
            89.45907666475883,
            73.6576482029347,
            97.38535088233326,
            77.67299280911574,
            69.89338445126042,
            69.74792406509071,
            0.0
        ]
    ],
    "scores_ave": [
        0,
        14.90914550871981,
        10.100215291474917,
        19.526460414647445,
        16.198018217858717,
        15.433375758298007,
        14.812995355731784,
        18.071286006693807,
        15.959698258499,
        18.39140928106394,
        10.128447994965576,
        11.896737513405528,
        18.666659090728693,
        17.825519269348824,
        15.564005868291261,
        19.413732732920174,
        15.796731455323236,
        15.5427694827026,
        10.387574173378743,
        18.33479834969679,
        10.437833117049975,
        10.051733871556456,
        0
    ],
    "scores_var": [
        0,
        24.37172922732032,
        237.672325216661,
        389.23599510726115,
        21.695828958727247,
        23.37137573175069,
        19.03413263677036,
        394.26542451253306,
        23.85294678101351,
        275.5962500971857,
        237.42176983794374,
        344.36503344352445,
        279.2767282103802,
        17.196472847976448,
        352.5082953977195,
        291.8203734880328,
        340.93504074031443,
        18.94209050107868,
        382.8831969967367,
        24.09198726839152,
        24.859472195021752,
        22.356726080783115,
        0
    ],
    "vertex_number": 23,
    "minimum_distances": {
        "cost": 380.6453132685681,
        "path": [
            0,
            3,
            2,
            5,
            20,
            8,
            15,
            17,
            9,
            16,
            4,
            18,
            19,
            21,
            14,
            12,
            13,
            7,
            6,
            1,
            10,
            11,
            22
        ]
    }
}