{
    "vertices": [
        [
            15.677188316299373,
            22.96542157395637
        ],
        [
            24.285056794955693,
            18.508438322289088
        ],
        [
            52.299748535077086,
            70.50150110096179
        ],
        [
            47.627087199737375,
            74.18989802387091
        ],
        [
            11.917695408344898,
            45.12291317689909
        ],
        [
            53.384098571570206,
            87.22698256511208
        ],
        [
            37.5324713555892,
            85.85940958054744
        ],
        [
            16.028648062412465,
            97.39406250120595
        ],
        [
            57.66501748457857,
            81.68111076712047
        ],
        [
            83.67849925934834,
            4.639213050759872
        ],
        [
            37.308093890622686,
            18.448969316099873
        ],
        [
            6.861102962133813,
            69.79951313729211
        ],
        [
            50.744158119885554,
            80.30735732620943
        ],
        [
            40.20187134439928,
            76.58950062001995
        ],
        [
            13.872731476889744,
            30.98938306266933
        ],
        [
            14.430797597410262,
            36.36386871749694
        ],
        [
            82.31122901890112,
            62.35040368436042
        ],
        [
            11.207073036772297,
            52.8780863331328
        ],
        [
            47.97464689419678,
            69.74040788008728
        ],
        [
            32.149426820794716,
            3.446793469712117
        ],
        [
            26.03642421045118,
            43.78118868139622
        ],
        [
            79.73626915892646,
            90.28084015253461
        ],
        [
            15.677188316299373,
            22.96542157395637
        ]
    ],
    "distances": [
        [
            0.0,
            9.693301782751208,
            60.00742265566639,
            60.37170716676614,
            22.474167861334426,
            74.50744460803278,
            66.58308436908499,
            74.42947073727306,
            72.18386215555971,
            70.42746771543693,
            22.097384844428728,
            47.65664165187103,
            67.2145071172968,
            58.96610832645518,
            8.224355443294074,
            13.456295020635638,
            77.40330869021578,
            30.24482507152483,
            56.84210740753489,
            25.540389277001488,
            23.251019947130448,
            92.92433167266486,
            0.0
        ],
        [
            9.693301782751208,
            0.0,
            59.060151797984965,
            60.376115624612964,
            29.347604662965253,
            74.62568294608752,
            68.64144026731975,
            79.31651774539857,
            71.4493409309192,
            60.99128148681207,
            13.023172875985932,
            54.169811914446825,
            67.22492419464682,
            60.22254381072151,
            16.253937988735604,
            20.39418590997251,
            72.7265741649642,
            36.77371838104765,
            56.443878178605175,
            16.991217189138442,
            25.333361374634222,
            90.69793061099253,
            9.693301782751208
        ],
        [
            60.00742265566639,
            59.060151797984965,
            0.0,
            5.952985454014159,
            47.69468460687838,
            16.76059501358104,
            21.30581676827134,
            45.15310164500368,
            12.400394477118597,
            72.9552395940396,
            54.16840199039151,
            45.444067804331674,
            9.928478123562726,
            13.54335152998602,
            55.116631898748835,
            50.9846583774767,
            31.098703347983434,
            44.71233306021853,
            4.391556340843944,
            70.01692138834335,
            37.46648235929918,
            33.822846084562215,
            60.00742265566639
        ],
        [
            60.37170716676614,
            60.376115624612964,
            5.952985454014159,
            0.0,
            46.0440036291943,
            14.251622829379189,
            15.429801327701348,
            39.2032473783288,
            12.52510729566644,
            78.3390202371768,
            56.688030095588665,
            41.0017188702235,
            6.865816734883147,
            7.803327695144517,
            54.82372682678129,
            50.32695238585617,
            36.649192623401184,
            42.19728367054043,
            4.4630438358636395,
            72.41646782857151,
            37.294052236141354,
            35.91542822626953,
            60.37170716676614
        ],
        [
            22.474167861334426,
            29.347604662965253,
            47.69468460687838,
            46.0440036291943,
            0.0,
            59.094968062793605,
            48.12046223876055,
            52.43255652176394,
            58.56039009597123,
            82.39261462804392,
            36.82623543315176,
            25.18935713297082,
            52.39693995632374,
            42.31005475885429,
            14.268105673814965,
            9.112438886185663,
            72.47093212706166,
            7.78766298950766,
            43.65918913487257,
            46.3273343696061,
            14.182338580405487,
            81.47758780364022,
            22.474167861334426
        ],
        [
            74.50744460803278,
            74.62568294608752,
            16.76059501358104,
            14.251622829379189,
            59.094968062793605,
            0.0,
            15.91051040232653,
            38.71432806041009,
            7.005923261035007,
            87.96868980715477,
            70.63181317921229,
            49.680034331039245,
            7.406112275364151,
            16.938923720264157,
            68.73002056952804,
            64.06571631581862,
            38.152628385566814,
            54.39437613686065,
            18.304165145255563,
            86.4293432187481,
            51.336461692915,
            26.528530694883617,
            74.50744460803278
        ],
        [
            66.58308436908499,
            68.64144026731975,
            21.30581676827134,
            15.429801327701348,
            48.12046223876055,
            15.91051040232653,
            0.0,
            24.40210306969927,
            20.561556230260635,
            93.41400438709302,
            67.41081368662923,
            34.62157005242742,
            14.330874062414448,
            9.646600874749979,
            59.75368692558115,
            54.621386798169404,
            50.574800999080274,
            42.199458287930916,
            19.205760745113224,
            82.58823440839193,
            43.62035962713973,
            42.4347687318769,
            66.58308436908499
        ],
        [
            74.42947073727306,
            79.31651774539857,
            45.15310164500368,
            39.2032473783288,
            52.43255652176394,
            38.71432806041009,
            24.40210306969927,
            0.0,
            44.50263038132452,
            114.80402633855002,
            81.762721045479,
            29.077534932712588,
            38.69266251226152,
            31.893173547154053,
            66.43966757636991,
            61.0511071102366,
            74.97625331746679,
            44.77632990681945,
            42.25247277100458,
            95.3203486473512,
            54.53893859113956,
            64.10350160450389,
            74.42947073727306
        ],
        [
            72.18386215555971,
            71.4493409309192,
            12.400394477118597,
            12.52510729566644,
            58.56039009597123,
            7.005923261035007,
            20.561556230260635,
            44.50263038132452,
            0.0,
            81.31515995055562,
            66.42821727769032,
            52.17480323912124,
            7.055883563542835,
            18.190271218519968,
            66.98817486274304,
            62.63266077883157,
            31.32270708789461,
            54.662188200440205,
            15.378025478433154,
            82.29005875507285,
            49.36367091904881,
            23.68745440047875,
            72.18386215555971
        ],
        [
            70.42746771543693,
            60.99128148681207,
            72.9552395940396,
            78.3390202371768,
            82.39261462804392,
            87.96868980715477,
            93.41400438709302,
            114.80402633855002,
            81.31515995055562,
            0.0,
            48.383094797336376,
            100.73121205093406,
            82.52477739673559,
            84.06581383745802,
            74.61351536655452,
            76.16887791371103,
            57.72738476891359,
            87.05800660644094,
            74.24911206148248,
            51.54286731289765,
            69.6756992947471,
            85.73231287445888,
            70.42746771543693
        ],
        [
            22.097384844428728,
            13.023172875985932,
            54.16840199039151,
            56.688030095588665,
            36.82623543315176,
            70.63181317921229,
            67.41081368662923,
            81.762721045479,
            66.42821727769032,
            48.383094797336376,
            0.0,
            59.69838864937367,
            63.300774001446,
            58.21250147738109,
            26.579657416869672,
            29.05708702278341,
            62.869850572152444,
            43.20448342690465,
            52.38880627520873,
            15.864335033756305,
            27.726735750001172,
            83.42642102152139,
            22.097384844428728
        ],
        [
            47.65664165187103,
            54.169811914446825,
            45.444067804331674,
            41.0017188702235,
            25.18935713297082,
            49.680034331039245,
            34.62157005242742,
            29.077534932712588,
            52.17480323912124,
            100.73121205093406,
            59.69838864937367,
            0.0,
            45.12357830975781,
            34.02514902738081,
            39.43842201252578,
            34.28181142586128,
            75.81695558134626,
            17.470607916674634,
            41.11358641720643,
            71.00832860210818,
            32.32098625457524,
            75.69857729518735,
            47.65664165187103
        ],
        [
            67.2145071172968,
            67.22492419464682,
            9.928478123562726,
            6.865816734883147,
            52.39693995632374,
            7.406112275364151,
            14.330874062414448,
            38.69266251226152,
            7.055883563542835,
            82.52477739673559,
            63.300774001446,
            45.12357830975781,
            0.0,
            11.178652376040274,
            61.5773066003136,
            57.006055323441835,
            36.31710546338997,
            48.120120574256376,
            10.923855227259164,
            79.07787496148394,
            44.097994408008496,
            30.65962919193709,
            67.2145071172968
        ],
        [
            58.96610832645518,
            60.22254381072151,
            13.54335152998602,
            7.803327695144517,
            42.31005475885429,
            16.938923720264157,
            9.646600874749979,
            31.893173547154053,
            18.190271218519968,
            84.06581383745802,
            58.21250147738109,
            34.02514902738081,
            11.178652376040274,
            0.0,
            52.65543017967924,
            47.77289717015311,
            44.45165784649922,
            37.45570045245936,
            10.359831615799953,
            73.58462796047434,
            35.735769542108905,
            41.83803758246663,
            58.96610832645518
        ],
        [
            8.224355443294074,
            16.253937988735604,
            55.116631898748835,
            54.82372682678129,
            14.268105673814965,
            68.73002056952804,
            59.75368692558115,
            66.43966757636991,
            66.98817486274304,
            74.61351536655452,
            26.579657416869672,
            39.43842201252578,
            61.5773066003136,
            52.65543017967924,
            0.0,
            5.403381704897463,
            75.28174785591811,
            22.050420988764987,
            51.619594724574355,
            33.05498198728888,
            17.6517906146597,
            88.61987632485393,
            8.224355443294074
        ],
        [
            13.456295020635638,
            20.39418590997251,
            50.9846583774767,
            50.32695238585617,
            9.112438886185663,
            64.06571631581862,
            54.621386798169404,
            61.0511071102366,
            62.63266077883157,
            76.16887791371103,
            29.05708702278341,
            34.28181142586128,
            57.006055323441835,
            47.77289717015311,
            5.403381704897463,
            0.0,
            72.68461301783026,
            16.82592593290004,
            47.32000836979482,
            37.38293279591773,
            13.773423849144498,
            84.68674290937554,
            13.456295020635638
        ],
        [
            77.40330869021578,
            72.7265741649642,
            31.098703347983434,
            36.649192623401184,
            72.47093212706166,
            38.152628385566814,
            50.574800999080274,
            74.97625331746679,
            31.32270708789461,
            57.72738476891359,
            62.869850572152444,
            75.81695558134626,
            36.31710546338997,
            44.45165784649922,
            75.28174785591811,
            72.68461301783026,
            0.0,
            71.73232042763759,
            35.12282781923212,
            77.3682214871272,
            59.2593402094172,
            28.048880540641818,
            77.40330869021578
        ],
        [
            30.24482507152483,
            36.77371838104765,
            44.71233306021853,
            42.19728367054043,
            7.78766298950766,
            54.39437613686065,
            42.199458287930916,
            44.77632990681945,
            54.662188200440205,
            87.05800660644094,
            43.20448342690465,
            17.470607916674634,
            48.120120574256376,
            37.45570045245936,
            22.050420988764987,
            16.82592593290004,
            71.73232042763759,
            0.0,
            40.449874849176595,
            53.684587137878054,
            17.39721825805671,
            78.07186890566567,
            30.24482507152483
        ],
        [
            56.84210740753489,
            56.443878178605175,
            4.391556340843944,
            4.4630438358636395,
            43.65918913487257,
            18.304165145255563,
            19.205760745113224,
            42.25247277100458,
            15.378025478433154,
            74.24911206148248,
            52.38880627520873,
            41.11358641720643,
            10.923855227259164,
            10.359831615799953,
            51.619594724574355,
            47.32000836979482,
            35.12282781923212,
            40.449874849176595,
            0.0,
            68.15629759576959,
            33.98774302490973,
            37.82472745210953,
            56.84210740753489
        ],
        [
            25.540389277001488,
            16.991217189138442,
            70.01692138834335,
            72.41646782857151,
            46.3273343696061,
            86.4293432187481,
            82.58823440839193,
            95.3203486473512,
            82.29005875507285,
            51.54286731289765,
            15.864335033756305,
            71.00832860210818,
            79.07787496148394,
            73.58462796047434,
            33.05498198728888,
            37.38293279591773,
            77.3682214871272,
            53.684587137878054,
            68.15629759576959,
            0.0,
            40.79500261069231,
            99.01847921993553,
            25.540389277001488
        ],
        [
            23.251019947130448,
            25.333361374634222,
            37.46648235929918,
            37.294052236141354,
            14.182338580405487,
            51.336461692915,
            43.62035962713973,
            54.53893859113956,
            49.36367091904881,
            69.6756992947471,
            27.726735750001172,
            32.32098625457524,
            44.097994408008496,
            35.735769542108905,
            17.6517906146597,
            13.773423849144498,
            59.2593402094172,
            17.39721825805671,
            33.98774302490973,
            40.79500261069231,
            0.0,
            71.03443484977993,
            23.251019947130448
        ],
        [
            92.92433167266486,
            90.69793061099253,
            33.822846084562215,
            35.91542822626953,
            81.47758780364022,
            26.528530694883617,
            42.4347687318769,
            64.10350160450389,
            23.68745440047875,
            85.73231287445888,
            83.42642102152139,
            75.69857729518735,
            30.65962919193709,
            41.83803758246663,
            88.61987632485393,
            84.68674290937554,
            28.048880540641818,
            78.07186890566567,
            37.82472745210953,
            99.01847921993553,
            71.03443484977993,
            0.0,
            92.92433167266486
        ],
        [
            0.0,
            9.693301782751208,
            60.00742265566639,
            60.37170716676614,
            22.474167861334426,
            74.50744460803278,
            66.58308436908499,
            74.42947073727306,
            72.18386215555971,
            70.42746771543693,
            22.097384844428728,
            47.65664165187103,
            67.2145071172968,
            58.96610832645518,
            8.224355443294074,
            13.456295020635638,
            77.40330869021578,
            30.24482507152483,
            56.84210740753489,
            25.540389277001488,
            23.251019947130448,
            92.92433167266486,
            0.0
        ]
    ],
    "scores_ave": [
        0,
        13.042567741317743,
        17.233862436701653,
        11.681242316217869,
        14.347465983718667,
        16.474307004289106,
        19.410629527909602,
        13.857361003938701,
        11.185699290076101,
        12.031901391480718,
        16.525450057557336,
        15.262378333618797,
        16.53095046568395,
        12.467870788532522,
        14.054331056408902,
        15.401313746368128,
        16.203259119618757,
        10.53498383806905,
        14.008933655533404,
        15.236701950256588,
        17.868292455141205,
        11.451672893114615,
        0
    ],
    "scores_var": [
        0,
        20.879626333718534,
        262.4096166891477,
        20.918781807917096,
        22.598031534501374,
        292.3030788028176,
        309.04646228692434,
        250.02423567173827,
        304.2554967814118,
        279.8187932370934,
        384.61282532196924,
        22.28395097610137,
        274.42369273201206,
        315.4613648982677,
        16.667207296970652,
        241.17010169302574,
        390.28838560763216,
        281.95643604139366,
        253.90816713733284,
        19.511804767676466,
        18.465198423963443,
        393.51001020878925,
        0
    ],
    "vertex_number": 23,
    "minimum_distances": {
        "cost": 370.5538476083249,
        "path": [
            0,
            14,
            15,
            20,
            4,
            17,
            11,
            7,
            6,
            13,
            3,
            18,
            2,
            12,
            5,
            8,
            21,
            16,
            9,
            19,
            10,
            1,
            22
        ]
    }
}