{
    "vertices": [
        [
            21.596197968863564,
            66.71217300814844
        ],
        [
            35.41217033185751,
            46.269033616290656
        ],
        [
            66.65525030907116,
            40.16322403496096
        ],
        [
            33.809084300089985,
            64.93139185869803
        ],
        [
            91.04187147977011,
            33.72948564737156
        ],
        [
            85.78333009760544,
            26.984814953462365
        ],
        [
            84.1048007626985,
            10.71399953086688
        ],
        [
            86.55343278689776,
            53.43529467407478
        ],
        [
            16.34585266576225,
            67.16386982726988
        ],
        [
            18.099886363647766,
            68.12313263462924
        ],
        [
            76.21477276098533,
            81.36892886439946
        ],
        [
            70.99282258688953,
            12.020558138624104
        ],
        [
            84.62710108454407,
            55.10202489836641
        ],
        [
            20.947515029620178,
            69.62576966086085
        ],
        [
            70.9654654420652,
            14.155082871604197
        ],
        [
            98.85138861838712,
            46.98926425329661
        ],
        [
            84.35045349122838,
            99.47621780792427
        ],
        [
            22.785050866462242,
            56.90025977092261
        ],
        [
            95.8749056730371,
            6.286344885469508
        ],
        [
            21.596197968863564,
            66.71217300814844
        ]
    ],
    "distances": [
        [
            0.0,
            24.67393443555243,
            52.298803900074816,
            12.34203281642433,
            76.88016151727426,
            75.48675982526869,
            83.9233034146604,
            66.30021005625117,
            5.269739634763983,
            3.7702787573766368,
            56.55094344528964,
            73.6966706214775,
            64.09126529184283,
            2.9849346743877696,
            72.10805984396863,
            79.73303965136688,
            70.79250820396162,
            9.883674042934453,
            95.75284393955924,
            0.0
        ],
        [
            24.67393443555243,
            0.0,
            31.834116245091934,
            18.731083791206498,
            57.0254672323769,
            53.93639611229395,
            60.29206172532259,
            51.640914235164566,
            28.28636861861389,
            27.88040207922547,
            53.82243966430432,
            49.38563442376581,
            50.0013114226113,
            27.472957097266892,
            47.909734142715365,
            63.44330657347893,
            72.29080168451024,
            16.506577947724193,
            72.48694891553417,
            24.67393443555243
        ],
        [
            52.298803900074816,
            31.834116245091934,
            0.0,
            41.13797222560143,
            25.22102856275143,
            23.228299600182925,
            34.230741080587514,
            23.918309408704296,
            57.09702588081367,
            56.03016916603346,
            42.300054137074845,
            28.474974574495057,
            23.3699634473901,
            54.380498886407814,
            26.362878470792662,
            32.911793434799904,
            61.896295898619094,
            46.95447544549019,
            44.737357996401535,
            52.298803900074816
        ],
        [
            12.34203281642433,
            18.731083791206498,
            41.13797222560143,
            0.0,
            65.185511270335,
            64.35266059026246,
            73.95393650994566,
            53.98265043304306,
            17.60535194179155,
            16.03016247537942,
            45.480050974645096,
            64.6698284977973,
            51.7599003548685,
            13.691499079667365,
            62.91923564316844,
            67.47163325459435,
            61.21907382162268,
            13.639222696218372,
            85.38974011666015,
            12.34203281642433
        ],
        [
            76.88016151727426,
            57.0254672323769,
            25.22102856275143,
            65.185511270335,
            0.0,
            8.552358752836309,
            24.03821023522076,
            20.21051684882333,
            81.83735865820482,
            80.6440087406666,
            49.89348060062572,
            29.550666576054898,
            22.314450772062123,
            78.7512667335438,
            28.039602768562244,
            15.388641480536887,
            66.08636670667283,
            72.08244123031567,
            27.865465981943636,
            76.88016151727426
        ],
        [
            75.48675982526869,
            53.93639611229395,
            23.228299600182925,
            64.35266059026246,
            8.552358752836309,
            0.0,
            16.357166479690612,
            26.46168807167419,
            80.22418415072956,
            79.20485930373478,
            55.21946337462878,
            21.040154335103562,
            28.140972986314026,
            77.60112069995121,
            19.600284136771325,
            23.894604941120356,
            72.50556270505727,
            69.74035434891049,
            23.02751746824319,
            75.48675982526869
        ],
        [
            83.9233034146604,
            60.29206172532259,
            34.230741080587514,
            73.95393650994566,
            24.03821023522076,
            16.357166479690612,
            0.0,
            42.79141102491262,
            88.19219298602356,
            87.47832467846831,
            71.09410370061852,
            13.17691417132233,
            44.39109813523407,
            86.36804618039562,
            13.582458806340695,
            39.15809857574673,
            88.76255820292143,
            76.76771692774977,
            12.575352689260283,
            83.9233034146604
        ],
        [
            66.30021005625117,
            51.640914235164566,
            23.918309408704296,
            53.98265043304306,
            20.21051684882333,
            26.46168807167419,
            42.79141102491262,
            0.0,
            71.53724961306932,
            70.01157477071592,
            29.78549664199467,
            44.24153017355292,
            2.547301212668045,
            67.5741661071183,
            42.260143932439654,
            13.884920807079196,
            46.09359739480295,
            63.86244996766802,
            48.061557641585566,
            66.30021005625117
        ],
        [
            5.269739634763983,
            28.28636861861389,
            57.09702588081367,
            17.60535194179155,
            81.83735865820482,
            80.22418415072956,
            88.19219298602356,
            71.53724961306932,
            0.0,
            1.99920467859119,
            61.53105960095716,
            77.63424595854414,
            69.33842360997478,
            5.218835818607613,
            76.11329446518806,
            84.93631833847796,
            75.29085977363978,
            12.11630986961999,
            100.15459707508916,
            5.269739634763983
        ],
        [
            3.7702787573766368,
            27.88040207922547,
            56.03016916603346,
            16.03016247537942,
            80.6440087406666,
            79.20485930373478,
            87.47832467846831,
            70.01157477071592,
            1.99920467859119,
            0.0,
            59.60529455288385,
            77.10487382387528,
            67.78952386025148,
            3.219768167410504,
            75.54680566722034,
            83.47122563588404,
            73.29497659874077,
            12.161564115415237,
            99.36167242810738,
            3.7702787573766368
        ],
        [
            56.55094344528964,
            53.82243966430432,
            42.300054137074845,
            45.480050974645096,
            49.89348060062572,
            55.21946337462878,
            71.09410370061852,
            29.78549664199467,
            61.53105960095716,
            59.60529455288385,
            0.0,
            69.5446999126484,
            27.58110787811381,
            56.501075788207736,
            67.41851615447843,
            41.16281958573164,
            19.85102551075747,
            58.76606970805644,
            77.61388563313018,
            56.55094344528964
        ],
        [
            73.6966706214775,
            49.38563442376581,
            28.474974574495057,
            64.6698284977973,
            29.550666576054898,
            21.040154335103562,
            13.17691417132233,
            44.24153017355292,
            77.63424595854414,
            77.10487382387528,
            69.5446999126484,
            0.0,
            45.18745764393463,
            76.30788427825344,
            2.134700037259727,
            44.70917253389561,
            88.46987459903514,
            65.86483790956268,
            25.534276185915374,
            73.6966706214775
        ],
        [
            64.09126529184283,
            50.0013114226113,
            23.3699634473901,
            51.7599003548685,
            22.314450772062123,
            28.140972986314026,
            44.39109813523407,
            2.547301212668045,
            69.33842360997478,
            67.78952386025148,
            27.58110787811381,
            45.18745764393463,
            0.0,
            65.31484396408325,
            43.16587019591838,
            16.37520201797939,
            44.375055270563244,
            61.86818911066196,
            50.09474746101099,
            64.09126529184283
        ],
        [
            2.9849346743877696,
            27.472957097266892,
            54.380498886407814,
            13.691499079667365,
            78.7512667335438,
            77.60112069995121,
            86.36804618039562,
            67.5741661071183,
            5.218835818607613,
            3.219768167410504,
            56.501075788207736,
            76.30788427825344,
            65.31484396408325,
            0.0,
            74.69131446382251,
            81.12598164090998,
            70.07839795648155,
            12.857493531423415,
            98.11216336167836,
            2.9849346743877696
        ],
        [
            72.10805984396863,
            47.909734142715365,
            26.362878470792662,
            62.91923564316844,
            28.039602768562244,
            19.600284136771325,
            13.582458806340695,
            42.260143932439654,
            76.11329446518806,
            75.54680566722034,
            67.41851615447843,
            2.134700037259727,
            43.16587019591838,
            74.69131446382251,
            0.0,
            43.07793145453488,
            86.36465696046028,
            64.40886970620582,
            26.12273435371575,
            72.10805984396863
        ],
        [
            79.73303965136688,
            63.44330657347893,
            32.911793434799904,
            67.47163325459435,
            15.388641480536887,
            23.894604941120356,
            39.15809857574673,
            13.884920807079196,
            84.93631833847796,
            83.47122563588404,
            41.16281958573164,
            44.70917253389561,
            16.37520201797939,
            81.12598164090998,
            43.07793145453488,
            0.0,
            54.4532589750853,
            76.7092925996604,
            40.81160491560941,
            79.73303965136688
        ],
        [
            70.79250820396162,
            72.29080168451024,
            61.896295898619094,
            61.21907382162268,
            66.08636670667283,
            72.50556270505727,
            88.76255820292143,
            46.09359739480295,
            75.29085977363978,
            73.29497659874077,
            19.85102551075747,
            88.46987459903514,
            44.375055270563244,
            70.07839795648155,
            86.36465696046028,
            54.4532589750853,
            0.0,
            74.85326314275208,
            93.89976258433279,
            70.79250820396162
        ],
        [
            9.883674042934453,
            16.506577947724193,
            46.95447544549019,
            13.639222696218372,
            72.08244123031567,
            69.74035434891049,
            76.76771692774977,
            63.86244996766802,
            12.11630986961999,
            12.161564115415237,
            58.76606970805644,
            65.86483790956268,
            61.86818911066196,
            12.857493531423415,
            64.40886970620582,
            76.7092925996604,
            74.85326314275208,
            0.0,
            88.90385399788968,
            9.883674042934453
        ],
        [
            95.75284393955924,
            72.48694891553417,
            44.737357996401535,
            85.38974011666015,
            27.865465981943636,
            23.02751746824319,
            12.575352689260283,
            48.061557641585566,
            100.15459707508916,
            99.36167242810738,
            77.61388563313018,
            25.534276185915374,
            50.09474746101099,
            98.11216336167836,
            26.12273435371575,
            40.81160491560941,
            93.89976258433279,
            88.90385399788968,
            0.0,
            95.75284393955924
        ],
        [
            0.0,
            24.67393443555243,
            52.298803900074816,
            12.34203281642433,
            76.88016151727426,
            75.48675982526869,
            83.9233034146604,
            66.30021005625117,
            5.269739634763983,
            3.7702787573766368,
            56.55094344528964,
            73.6966706214775,
            64.09126529184283,
            2.9849346743877696,
            72.10805984396863,
            79.73303965136688,
            70.79250820396162,
            9.883674042934453,
            95.75284393955924,
            0.0
        ]
    ],
    "scores_ave": [
        0,
        11.22292831290855,
        19.613490493843813,
        14.127719386876606,
        13.736918602773258,
        16.880287434865533,
        16.83085234825029,
        15.257602736389474,
        12.115829080558992,
        17.869544852559315,
        10.424092550107861,
        19.865474754117006,
        15.262522601479962,
        15.05037085281058,
        12.247435489413466,
        18.06545334060656,
        16.98098265605634,
        16.51063214616851,
        12.515145117525801,
        0
    ],
    "scores_var": [
        0,
        18.374816094873058,
        285.36088543736497,
        19.201554702845378,
        384.97846475670394,
        20.25908250998186,
        393.1361156211551,
        293.92489479538875,
        16.19200269349806,
        329.0765100929684,
        20.95122669458842,
        349.22771326488754,
        19.64436985385072,
        350.47730149679467,
        395.3160212559644,
        295.11570905631663,
        306.2217265902718,
        23.232894092891502,
        233.46016653008292,
        0
    ],
    "vertex_number": 20,
    "minimum_distances": {
        "cost": 307.3047366997425,
        "path": [
            0,
            13,
            9,
            8,
            17,
            1,
            2,
            14,
            11,
            6,
            18,
            5,
            4,
            15,
            7,
            12,
            10,
            16,
            3,
            19
        ]
    }
}