{
    "vertices": [
        [
            63.35833974828488,
            93.18206376504938
        ],
        [
            84.42443404874003,
            67.27056928562011
        ],
        [
            18.82623573205706,
            95.30767262332647
        ],
        [
            43.74986652426711,
            33.38048713913497
        ],
        [
            93.13900905861733,
            57.72971341373353
        ],
        [
            76.99191711995526,
            54.06131626241061
        ],
        [
            22.07222331293257,
            22.517845562979232
        ],
        [
            47.53452561322946,
            63.57891877190656
        ],
        [
            10.041121337753733,
            31.567873336065656
        ],
        [
            73.19994122215284,
            30.58069175851693
        ],
        [
            44.15392268748346,
            35.140641725159895
        ],
        [
            94.41416548495071,
            13.448110791038193
        ],
        [
            88.87160753667044,
            39.615107767776244
        ],
        [
            49.281921431652975,
            45.75484658014275
        ],
        [
            93.17380068961765,
            61.108671955081086
        ],
        [
            33.04957900568232,
            26.95513318950181
        ],
        [
            69.15234124239798,
            14.682276158707596
        ],
        [
            41.39369481741706,
            2.0325530537477765
        ],
        [
            4.594555343051699,
            64.88083652045587
        ],
        [
            63.35833974828488,
            93.18206376504938
        ]
    ],
    "distances": [
        [
            0.0,
            33.394398860185554,
            44.582804993971834,
            62.93425767514966,
            46.30072796408089,
            41.4283395408812,
            81.84115801003337,
            33.5669374126657,
            81.48026903033242,
            63.3702524586316,
            61.13604752564373,
            85.56849635846118,
            59.332500436570754,
            49.47207780687115,
            43.79114263569611,
            72.83287246299382,
            78.7133223003232,
            93.75862056285163,
            65.22378263467128,
            0.0
        ],
        [
            33.394398860185554,
            0.0,
            71.33864861324535,
            52.942970366219704,
            12.921754848738262,
            15.156736895778113,
            76.75027338216826,
            37.0741638866712,
            82.50793724198118,
            38.36842910737861,
            51.51743714838225,
            54.74168222267754,
            28.01074621991878,
            41.20585536766731,
            10.701420248200993,
            65.30474805337963,
            54.76098421949334,
            78.15141253147097,
            79.86563940051948,
            33.394398860185554
        ],
        [
            44.582804993971834,
            71.33864861324535,
            0.0,
            66.75450302309095,
            83.27359304030637,
            71.30573893011804,
            72.86216685530603,
            42.78878040871719,
            64.34236744246584,
            84.53450124414938,
            65.28065052994653,
            111.42047831391953,
            89.48751807618868,
            58.16383206339312,
            81.83600712293666,
            69.8167110435026,
            95.04299790576339,
            95.96633857915285,
            33.59066956649941,
            44.582804993971834
        ],
        [
            62.93425767514966,
            52.942970366219704,
            66.75450302309095,
            0.0,
            55.0651634016459,
            39.150103716751715,
            24.247003881097264,
            30.43466637732119,
            33.757444672966095,
            29.582862503219317,
            1.8059361975822092,
            54.444199103850295,
            45.55043365735918,
            13.554645073685636,
            56.67078172716668,
            12.481238975296,
            31.542175189321565,
            31.43635660400138,
            50.2534616205003,
            62.93425767514966
        ],
        [
            46.30072796408089,
            12.921754848738262,
            83.27359304030637,
            55.0651634016459,
            0.0,
            16.558554155947306,
            79.3118129521829,
            45.97806122100775,
            87.11888899612255,
            33.684355463962085,
            53.94260696832296,
            44.299958857158295,
            18.61047160762086,
            45.46252930492828,
            3.379137653563891,
            67.51158709484056,
            49.27922571582317,
            76.02467506070994,
            88.83275772751539,
            46.30072796408089
        ],
        [
            41.4283395408812,
            15.156736895778113,
            71.30573893011804,
            39.150103716751715,
            16.558554155947306,
            0.0,
            63.33374544129703,
            30.956787170332856,
            70.62835146420163,
            23.784844088250118,
            37.89888920920528,
            44.192388448142296,
            18.7034751922588,
            28.928209409297466,
            17.64988889826575,
            51.63016792274776,
            40.1518087939887,
            63.04145962875571,
            73.20136618171897,
            41.4283395408812
        ],
        [
            81.84115801003337,
            76.75027338216826,
            72.86216685530603,
            24.247003881097264,
            79.3118129521829,
            63.33374544129703,
            0.0,
            48.31501393460002,
            15.054913398315772,
            51.75956942805553,
            25.43494506029065,
            72.90827584062714,
            68.95269470854738,
            35.781641773171266,
            80.89923477436656,
            11.84026433343596,
            47.72770319365398,
            28.159660336860963,
            45.82675943734891,
            81.84115801003337
        ],
        [
            33.5669374126657,
            37.0741638866712,
            42.78878040871719,
            30.43466637732119,
            45.97806122100775,
            30.956787170332856,
            48.31501393460002,
            0.0,
            49.29972002009476,
            41.8042646676863,
            28.63850690118255,
            68.63525729038227,
            47.78094368874424,
            17.90952097749831,
            45.70607781066173,
            39.384201764279155,
            53.4622447285898,
            61.8519598394113,
            42.959702473687344,
            33.5669374126657
        ],
        [
            81.48026903033242,
            82.50793724198118,
            64.34236744246584,
            33.757444672966095,
            87.11888899612255,
            70.62835146420163,
            15.054913398315772,
            49.29972002009476,
            0.0,
            63.1665343093716,
            34.29938614448126,
            86.2967923700124,
            79.24016365680036,
            41.72661742626068,
            88.22528639380575,
            23.466284237530736,
            61.47568389738509,
            43.07341416670828,
            33.755275102703315,
            81.48026903033242
        ],
        [
            63.3702524586316,
            38.36842910737861,
            84.53450124414938,
            29.582862503219317,
            33.684355463962085,
            23.784844088250118,
            51.75956942805553,
            41.8042646676863,
            63.1665343093716,
            0.0,
            29.40177437527614,
            27.268455065872296,
            18.089273000923683,
            28.325371052281266,
            36.48167535774429,
            40.31372298673422,
            16.40556869420784,
            42.739133517954095,
            76.7020136783275,
            63.3702524586316
        ],
        [
            61.13604752564373,
            51.51743714838225,
            65.28065052994653,
            1.8059361975822092,
            53.94260696832296,
            37.89888920920528,
            25.43494506029065,
            28.63850690118255,
            34.29938614448126,
            29.40177437527614,
            0.0,
            54.741738229509906,
            44.940985577062435,
            11.788032737643109,
            55.47330018455924,
            13.79525275559996,
            32.30271895517924,
            33.22294979932966,
            49.49164304358711,
            61.13604752564373
        ],
        [
            85.56849635846118,
            54.74168222267754,
            111.42047831391953,
            54.444199103850295,
            44.299958857158295,
            44.192388448142296,
            72.90827584062714,
            68.63525729038227,
            86.2967923700124,
            27.268455065872296,
            54.741738229509906,
            0.0,
            26.747554643194267,
            55.503555117068295,
            47.67669866189326,
            62.83352710014143,
            25.291953823625004,
            54.23546135380622,
            103.50308035029795,
            85.56849635846118
        ],
        [
            59.332500436570754,
            28.01074621991878,
            89.48751807618868,
            45.55043365735918,
            18.61047160762086,
            18.7034751922588,
            68.95269470854738,
            47.78094368874424,
            79.24016365680036,
            18.089273000923683,
            44.940985577062435,
            26.747554643194267,
            0.0,
            40.06294595480832,
            21.919903453233072,
            57.23961762308521,
            31.788292738531943,
            60.55246167588883,
            87.98283114250144,
            59.332500436570754
        ],
        [
            49.47207780687115,
            41.20585536766731,
            58.16383206339312,
            13.554645073685636,
            45.46252930492828,
            28.928209409297466,
            35.781641773171266,
            17.90952097749831,
            41.72661742626068,
            28.325371052281266,
            11.788032737643109,
            55.503555117068295,
            40.06294595480832,
            0.0,
            46.499860413122214,
            24.8378373495804,
            36.88276312927618,
            44.42817878695659,
            48.608272743779224,
            49.47207780687115
        ],
        [
            43.79114263569611,
            10.701420248200993,
            81.83600712293666,
            56.67078172716668,
            3.379137653563891,
            17.64988889826575,
            80.89923477436656,
            45.70607781066173,
            88.22528639380575,
            36.48167535774429,
            55.47330018455924,
            47.67669866189326,
            21.919903453233072,
            46.499860413122214,
            0.0,
            69.14756860013898,
            52.272753329205315,
            78.55677684694538,
            88.65952814940646,
            43.79114263569611
        ],
        [
            72.83287246299382,
            65.30474805337963,
            69.8167110435026,
            12.481238975296,
            67.51158709484056,
            51.63016792274776,
            11.84026433343596,
            39.384201764279155,
            23.466284237530736,
            40.31372298673422,
            13.79525275559996,
            62.83352710014143,
            57.23961762308521,
            24.8378373495804,
            69.14756860013898,
            0.0,
            38.131777572244616,
            26.282299543661,
            47.41357764173053,
            72.83287246299382
        ],
        [
            78.7133223003232,
            54.76098421949334,
            95.04299790576339,
            31.542175189321565,
            49.27922571582317,
            40.1518087939887,
            47.72770319365398,
            53.4622447285898,
            61.47568389738509,
            16.40556869420784,
            32.30271895517924,
            25.291953823625004,
            31.788292738531943,
            36.88276312927618,
            52.272753329205315,
            38.131777572244616,
            0.0,
            30.505047877019642,
            81.77776704348145,
            78.7133223003232
        ],
        [
            93.75862056285163,
            78.15141253147097,
            95.96633857915285,
            31.43635660400138,
            76.02467506070994,
            63.04145962875571,
            28.159660336860963,
            61.8519598394113,
            43.07341416670828,
            42.739133517954095,
            33.22294979932966,
            54.23546135380622,
            60.55246167588883,
            44.42817878695659,
            78.55677684694538,
            26.282299543661,
            30.505047877019642,
            0.0,
            72.82913840466252,
            93.75862056285163
        ],
        [
            65.22378263467128,
            79.86563940051948,
            33.59066956649941,
            50.2534616205003,
            88.83275772751539,
            73.20136618171897,
            45.82675943734891,
            42.959702473687344,
            33.755275102703315,
            76.7020136783275,
            49.49164304358711,
            103.50308035029795,
            87.98283114250144,
            48.608272743779224,
            88.65952814940646,
            47.41357764173053,
            81.77776704348145,
            72.82913840466252,
            0.0,
            65.22378263467128
        ],
        [
            0.0,
            33.394398860185554,
            44.582804993971834,
            62.93425767514966,
            46.30072796408089,
            41.4283395408812,
            81.84115801003337,
            33.5669374126657,
            81.48026903033242,
            63.3702524586316,
            61.13604752564373,
            85.56849635846118,
            59.332500436570754,
            49.47207780687115,
            43.79114263569611,
            72.83287246299382,
            78.7133223003232,
            93.75862056285163,
            65.22378263467128,
            0.0
        ]
    ],
    "scores_ave": [
        0,
        18.116219656819254,
        11.50994910390462,
        14.050688753250427,
        12.411496973389323,
        16.37781352552858,
        10.857226394733884,
        11.475500460800237,
        11.252526362216281,
        17.82900415297088,
        14.343532032631751,
        18.597179869531907,
        19.253493875620954,
        10.330119088274467,
        19.615900351241628,
        19.67274579021514,
        13.468305085234093,
        14.422973805677884,
        17.249800532531875,
        0
    ],
    "scores_var": [
        0,
        320.7346448600084,
        235.0964818012665,
        23.5008475699722,
        17.48548730542696,
        381.8541660571435,
        16.685638525879835,
        281.947258858933,
        16.104534734872896,
        21.621093405627704,
        16.274338597994557,
        18.52806130661676,
        20.226626191148554,
        383.53987325429216,
        17.609748100126954,
        370.23929189938815,
        235.04633216023728,
        20.81839411726101,
        22.4876902104508,
        0
    ],
    "vertex_number": 20,
    "minimum_distances": {
        "cost": 428.9194057728931,
        "path": [
            0,
            1,
            14,
            4,
            12,
            11,
            16,
            17,
            9,
            5,
            7,
            13,
            10,
            3,
            15,
            6,
            8,
            18,
            2,
            19
        ]
    }
}