{
    "vertices": [
        [
            28.062151633470634,
            94.28244448697443
        ],
        [
            44.139877472651264,
            75.46552779244936
        ],
        [
            84.98277835708808,
            13.83675152445225
        ],
        [
            90.13223698241451,
            55.149046156890115
        ],
        [
            86.81679249548976,
            17.81363469369167
        ],
        [
            52.39929983016325,
            69.34627097763403
        ],
        [
            1.6090457761945842,
            47.84830736984198
        ],
        [
            54.65747211352745,
            96.13653095644783
        ],
        [
            49.845602748912256,
            48.23506767273439
        ],
        [
            7.804351850048086,
            68.40289323046316
        ],
        [
            93.4559824718619,
            41.44868466795513
        ],
        [
            26.86851846517182,
            63.97695477857267
        ],
        [
            95.79824378143296,
            71.0668228542997
        ],
        [
            41.271329701872006,
            39.34179709955091
        ],
        [
            28.062151633470634,
            94.28244448697443
        ]
    ],
    "distances": [
        [
            0.0,
            24.750143879350528,
            98.54677702913364,
            73.37655184107675,
            96.43436469447032,
            34.84407455559278,
            53.44058288706167,
            26.659870743745433,
            50.93996126786362,
            32.86532557732584,
            84.06996662503174,
            30.32898723344563,
            71.60407297960612,
            56.50625735785323,
            0.0
        ],
        [
            24.750143879350528,
            0.0,
            73.93408291814252,
            50.27978280903097,
            71.72907258383565,
            10.279268536497757,
            50.71077310259829,
            23.192890480399846,
            27.82181265229768,
            37.01555388248316,
            59.910131267170655,
            20.743364043963965,
            51.84530272671936,
            36.23744590180573,
            24.750143879350528
        ],
        [
            98.54677702913364,
            73.93408291814252,
            0.0,
            41.63199024706005,
            4.3794072203480985,
            64.36606111016688,
            90.04424032382308,
            87.7090525163786,
            49.171793373406196,
            94.5196981522002,
            28.882763716304794,
            76.75485121573551,
            58.24307131981131,
            50.608280877001256,
            98.54677702913364
        ],
        [
            73.37655184107675,
            50.27978280903097,
            41.63199024706005,
            0.0,
            37.48233078761524,
            40.31545285304992,
            88.8237365132186,
            54.20731364582457,
            40.87561615857753,
            83.3879195844205,
            14.097772483839949,
            63.87667846140478,
            16.896131155833245,
            51.354234324333206,
            73.37655184107675
        ],
        [
            96.43436469447032,
            71.72907258383565,
            4.3794072203480985,
            37.48233078761524,
            0.0,
            61.96915687453637,
            90.34623215022887,
            84.66816383042779,
            47.87830882326386,
            93.8202475804117,
            24.54983565786727,
            75.66272318964782,
            54.00526378484688,
            50.37708762580336,
            96.43436469447032
        ],
        [
            34.84407455559278,
            10.279268536497757,
            64.36606111016688,
            40.31545285304992,
            61.96915687453637,
            0.0,
            55.152627735663074,
            26.885263096979102,
            21.265095197614226,
            44.60492514199564,
            49.637954343900425,
            26.089276600789386,
            43.43303621491073,
            32.00156514729733,
            34.84407455559278
        ],
        [
            53.44058288706167,
            50.71077310259829,
            90.04424032382308,
            88.8237365132186,
            90.34623215022887,
            55.152627735663074,
            0.0,
            71.73484560530864,
            48.23810746820537,
            21.467948603682988,
            92.0696201312052,
            29.96955501438655,
            97.00878559270807,
            40.56423896956058,
            53.44058288706167
        ],
        [
            26.659870743745433,
            23.192890480399846,
            87.7090525163786,
            54.20731364582457,
            84.66816383042779,
            26.885263096979102,
            71.73484560530864,
            0.0,
            48.14254118244143,
            54.44602409671637,
            67.05285182376355,
            42.502520923011296,
            48.177311649340176,
            58.3509263211894,
            26.659870743745433
        ],
        [
            50.93996126786362,
            27.82181265229768,
            49.171793373406196,
            40.87561615857753,
            47.87830882326386,
            21.265095197614226,
            48.23810746820537,
            48.14254118244143,
            0.0,
            46.628402984320886,
            44.13524910847807,
            27.852350203081052,
            51.31212588204313,
            12.353478043573482,
            50.93996126786362
        ],
        [
            32.86532557732584,
            37.01555388248316,
            94.5196981522002,
            83.3879195844205,
            93.8202475804117,
            44.60492514199564,
            21.467948603682988,
            54.44602409671637,
            46.628402984320886,
            0.0,
            89.79271232904603,
            19.571187493586617,
            88.03420663738041,
            44.32364961129212,
            32.86532557732584
        ],
        [
            84.06996662503174,
            59.910131267170655,
            28.882763716304794,
            14.097772483839949,
            24.54983565786727,
            49.637954343900425,
            92.0696201312052,
            67.05285182376355,
            44.13524910847807,
            89.79271232904603,
            0.0,
            70.29518701176626,
            29.710609176987877,
            52.227166876543386,
            84.06996662503174
        ],
        [
            30.32898723344563,
            20.743364043963965,
            76.75485121573551,
            63.87667846140478,
            75.66272318964782,
            26.089276600789386,
            29.96955501438655,
            42.502520923011296,
            27.852350203081052,
            19.571187493586617,
            70.29518701176626,
            0.0,
            69.29338540947776,
            28.536502332806695,
            30.32898723344563
        ],
        [
            71.60407297960612,
            51.84530272671936,
            58.24307131981131,
            16.896131155833245,
            54.00526378484688,
            43.43303621491073,
            97.00878559270807,
            48.177311649340176,
            51.31212588204313,
            88.03420663738041,
            29.710609176987877,
            69.29338540947776,
            0.0,
            63.08455926912145,
            71.60407297960612
        ],
        [
            56.50625735785323,
            36.23744590180573,
            50.608280877001256,
            51.354234324333206,
            50.37708762580336,
            32.00156514729733,
            40.56423896956058,
            58.3509263211894,
            12.353478043573482,
            44.32364961129212,
            52.227166876543386,
            28.536502332806695,
            63.08455926912145,
            0.0,
            56.50625735785323
        ],
        [
            0.0,
            24.750143879350528,
            98.54677702913364,
            73.37655184107675,
            96.43436469447032,
            34.84407455559278,
            53.44058288706167,
            26.659870743745433,
            50.93996126786362,
            32.86532557732584,
            84.06996662503174,
            30.32898723344563,
            71.60407297960612,
            56.50625735785323,
            0.0
        ]
    ],
    "scores_ave": [
        0,
        17.579595876168455,
        12.034004010502155,
        16.654148650136474,
        15.139029447411614,
        19.112802545564595,
        13.49342461546983,
        19.820846720148932,
        19.174951334552382,
        14.73601012157247,
        16.103105339487755,
        19.602220357978602,
        18.868325098324675,
        15.272778014697398,
        0
    ],
    "scores_var": [
        0,
        20.921181960707756,
        17.0941788724829,
        245.65706735678756,
        17.828422967050837,
        17.0106882584344,
        16.462576908872645,
        23.081726652991616,
        338.63994452123654,
        347.5330591550313,
        17.867508636979625,
        251.4772220267737,
        20.697425609014303,
        250.17905753012985,
        0
    ],
    "vertex_number": 15,
    "minimum_distances": {
        "cost": 356.0800097633923,
        "path": [
            0,
            9,
            6,
            11,
            13,
            2,
            4,
            10,
            3,
            12,
            8,
            5,
            1,
            7,
            14
        ]
    }
}