{
    "vertices": [
        [
            67.40457290083184,
            66.0652499277547
        ],
        [
            20.773398335365446,
            91.20706129947794
        ],
        [
            76.85914165396278,
            91.31307853203418
        ],
        [
            93.00276813271756,
            95.30456936905125
        ],
        [
            60.76665239250847,
            55.79467524177475
        ],
        [
            58.65120838407441,
            5.915011344029509
        ],
        [
            4.776654458795459,
            17.283988884149394
        ],
        [
            38.57486425184579,
            55.85952012710058
        ],
        [
            6.038450997255973,
            87.63471826519016
        ],
        [
            13.284774325032778,
            26.324917287424476
        ],
        [
            80.07877396919093,
            95.94451652920228
        ],
        [
            29.768134292294302,
            23.990382862425484
        ],
        [
            14.574794308955541,
            70.97204652909383
        ],
        [
            30.260885529803094,
            11.71859897238936
        ],
        [
            78.3857898232041,
            34.864498335529085
        ],
        [
            72.25644728559575,
            36.53037418168701
        ],
        [
            67.40457290083184,
            66.0652499277547
        ]
    ],
    "distances": [
        [
            0.0,
            52.977137714360445,
            26.960002216964913,
            38.86136127981004,
            12.228928532586666,
            60.78381850494662,
            79.38430321787,
            30.58282232805502,
            65.046467097331,
            67.14347798743492,
            32.45621582011025,
            56.451713434574685,
            53.05715935624131,
            65.827137121259,
            33.07678982331817,
            29.930746238294596,
            0.0
        ],
        [
            52.977137714360445,
            0.0,
            56.08584351913756,
            72.34550043854048,
            53.41813789696341,
            93.32449988984023,
            75.63409581646685,
            39.577024341257946,
            15.161804239980277,
            65.31287852459862,
            59.49429435771791,
            67.8158324806603,
            21.163140471912204,
            80.05265802201448,
            80.58332367366418,
            75.10022931648489,
            52.977137714360445
        ],
        [
            26.960002216964913,
            56.08584351913756,
            0.0,
            16.629752703739875,
            38.99391212637602,
            87.31757390930916,
            103.32565545079316,
            52.17892965339826,
            70.9161516112208,
            90.91293243114048,
            5.640589522990819,
            82.15782571708834,
            65.52173309015988,
            92.23165752703083,
            56.46922047304988,
            54.9757172885097,
            26.960002216964913
        ],
        [
            38.86136127981004,
            72.34550043854048,
            16.629752703739875,
            0.0,
            50.99214539480325,
            95.76284635010245,
            117.7754563277293,
            67.21836527739521,
            87.30188469209892,
            105.41893064352506,
            12.939828341467894,
            95.31176272650823,
            82.11588607485002,
            104.51391428757006,
            62.18245927460566,
            62.32829091683897,
            38.86136127981004
        ],
        [
            12.228928532586666,
            53.41813789696341,
            38.99391212637602,
            50.99214539480325,
            0.0,
            49.924502740686854,
            67.95552098507214,
            22.191882879539754,
            63.316383090731435,
            55.88376668320256,
            44.552977399924515,
            44.41194814642158,
            48.62139809183023,
            53.603193106254515,
            27.358843344126946,
            22.43053013236451,
            12.228928532586666
        ],
        [
            60.78381850494662,
            93.32449988984023,
            87.31757390930916,
            95.76284635010245,
            49.924502740686854,
            0.0,
            55.061068015028,
            53.828557024110665,
            97.19162895601971,
            49.746131506395564,
            92.54432651865548,
            34.07273139211618,
            78.58211059008299,
            28.977440555194168,
            35.03607428991789,
            33.50228301547358,
            60.78381850494662
        ],
        [
            79.38430321787,
            75.63409581646685,
            103.32565545079316,
            117.7754563277293,
            67.95552098507214,
            55.061068015028,
            0.0,
            51.287333678901135,
            70.3620441356624,
            12.414769029321821,
            108.89392917952779,
            25.87566007776492,
            54.57482091780212,
            26.084853807342515,
            75.67944979758961,
            70.17083287926089,
            79.38430321787
        ],
        [
            30.58282232805502,
            39.577024341257946,
            52.17892965339826,
            67.21836527739521,
            22.191882879539754,
            53.828557024110665,
            51.287333678901135,
            0.0,
            45.478361933872456,
            38.88291930145797,
            57.70079252819707,
            33.063581212191224,
            28.36180197932718,
            44.91706983516413,
            45.00778526962634,
            38.83381153889599,
            30.58282232805502
        ],
        [
            65.046467097331,
            15.161804239980277,
            70.9161516112208,
            87.30188469209892,
            63.316383090731435,
            97.19162895601971,
            70.3620441356624,
            45.478361933872456,
            0.0,
            61.73654426434897,
            74.50518218873783,
            67.92421731711323,
            18.722013420572623,
            79.68678374211305,
            89.54793993510593,
            83.64494615126286,
            65.046467097331
        ],
        [
            67.14347798743492,
            65.31287852459862,
            90.91293243114048,
            105.41893064352506,
            55.88376668320256,
            49.746131506395564,
            12.414769029321821,
            38.88291930145797,
            61.73654426434897,
            0.0,
            96.4796713668198,
            16.647858925153866,
            44.66576206762006,
            22.39492992525001,
            65.65871353727769,
            59.8482210444742,
            67.14347798743492
        ],
        [
            32.45621582011025,
            59.49429435771791,
            5.640589522990819,
            12.939828341467894,
            44.552977399924515,
            92.54432651865548,
            108.89392917952779,
            57.70079252819707,
            74.50518218873783,
            96.4796713668198,
            0.0,
            87.79839301738333,
            70.10275036854722,
            97.8561556410548,
            61.10347631565663,
            59.9268646404573,
            32.45621582011025
        ],
        [
            56.451713434574685,
            67.8158324806603,
            82.15782571708834,
            95.31176272650823,
            44.41194814642158,
            34.07273139211618,
            25.87566007776492,
            33.063581212191224,
            67.92421731711323,
            16.647858925153866,
            87.79839301738333,
            0.0,
            49.3772650188046,
            12.281672672149204,
            49.818900195052436,
            44.30020455149054,
            56.451713434574685
        ],
        [
            53.05715935624131,
            21.163140471912204,
            65.52173309015988,
            82.11588607485002,
            48.62139809183023,
            78.58211059008299,
            54.57482091780212,
            28.36180197932718,
            18.722013420572623,
            44.66576206762006,
            70.10275036854722,
            49.3772650188046,
            0.0,
            61.29457157974006,
            73.31847096789492,
            67.18185680824604,
            53.05715935624131
        ],
        [
            65.827137121259,
            80.05265802201448,
            92.23165752703083,
            104.51391428757006,
            53.603193106254515,
            28.977440555194168,
            26.084853807342515,
            44.91706983516413,
            79.68678374211305,
            22.39492992525001,
            97.8561556410548,
            12.281672672149204,
            61.29457157974006,
            0.0,
            53.40167666447936,
            48.7775706264807,
            65.827137121259
        ],
        [
            33.07678982331817,
            80.58332367366418,
            56.46922047304988,
            62.18245927460566,
            27.358843344126946,
            35.03607428991789,
            75.67944979758961,
            45.00778526962634,
            89.54793993510593,
            65.65871353727769,
            61.10347631565663,
            49.818900195052436,
            73.31847096789492,
            53.40167666447936,
            0.0,
            6.351691292730431,
            33.07678982331817
        ],
        [
            29.930746238294596,
            75.10022931648489,
            54.9757172885097,
            62.32829091683897,
            22.43053013236451,
            33.50228301547358,
            70.17083287926089,
            38.83381153889599,
            83.64494615126286,
            59.8482210444742,
            59.9268646404573,
            44.30020455149054,
            67.18185680824604,
            48.7775706264807,
            6.351691292730431,
            0.0,
            29.930746238294596
        ],
        [
            0.0,
            52.977137714360445,
            26.960002216964913,
            38.86136127981004,
            12.228928532586666,
            60.78381850494662,
            79.38430321787,
            30.58282232805502,
            65.046467097331,
            67.14347798743492,
            32.45621582011025,
            56.451713434574685,
            53.05715935624131,
            65.827137121259,
            33.07678982331817,
            29.930746238294596,
            0.0
        ]
    ],
    "scores_ave": [
        0,
        16.690218836755705,
        17.323460909850773,
        10.778283972444479,
        19.458252040910843,
        18.052301527867122,
        17.234211025979015,
        11.214590358132568,
        13.7809837527176,
        18.973469000389798,
        12.359599431843314,
        10.677811253041078,
        10.688329672988683,
        10.316222157392083,
        16.07061585989392,
        14.373119723023535,
        0
    ],
    "scores_var": [
        0,
        378.9476890777974,
        24.76648921352662,
        378.539188682336,
        19.566697072151683,
        272.35255302924224,
        324.949536747403,
        325.64449233679625,
        18.703747177715357,
        24.656866619599622,
        18.766492966306036,
        16.611367192219056,
        22.102432685741178,
        21.674870289675983,
        22.8871653149773,
        19.689983179612625,
        0
    ],
    "vertex_number": 17,
    "minimum_distances": {
        "cost": 369.0089700800895,
        "path": [
            0,
            4,
            15,
            14,
            5,
            13,
            6,
            9,
            11,
            7,
            12,
            8,
            1,
            2,
            10,
            3,
            16
        ]
    }
}