{
    "vertices": [
        [
            64.12978452668989,
            21.84840341146842
        ],
        [
            97.81097868084775,
            72.16431839471227
        ],
        [
            26.771166345362296,
            72.53552336715107
        ],
        [
            15.42833274462232,
            21.610122896324235
        ],
        [
            57.4795654915136,
            86.34825185952825
        ],
        [
            49.145725577686584,
            7.606910762320385
        ],
        [
            46.918588246385305,
            30.587855093321714
        ],
        [
            62.27748149676433,
            75.56936975602333
        ],
        [
            33.47597749478254,
            85.95546018050578
        ],
        [
            10.173587496101366,
            56.90698303325289
        ],
        [
            51.391854810951266,
            95.58261365710429
        ],
        [
            47.47826636990783,
            11.041480341715214
        ],
        [
            48.40096345811629,
            21.448719993898724
        ],
        [
            64.36943489995531,
            32.36401411702615
        ],
        [
            64.12978452668989,
            21.84840341146842
        ]
    ],
    "distances": [
        [
            0.0,
            60.548444573342266,
            62.967058703896775,
            48.7020346934802,
            64.84177560059955,
            20.672255209892885,
            19.302934831227574,
            53.75289063396937,
            71.05892352926541,
            64.34574735831958,
            74.82638982331521,
            19.8510111369977,
            15.73389840571894,
            10.518341162571529,
            0.0
        ],
        [
            60.548444573342266,
            0.0,
            71.04078215921159,
            96.65726581040205,
            42.75285789725786,
            80.84531983862485,
            65.7163427526642,
            35.696271470623245,
            65.7965650271112,
            88.95559912675706,
            51.991841800857244,
            79.17943710477329,
            70.80551903251015,
            51.98462340967515,
            60.548444573342266
        ],
        [
            62.967058703896775,
            71.04078215921159,
            0.0,
            52.173329270884814,
            33.67190589383788,
            68.67565533454317,
            46.53520691765592,
            35.63569333606342,
            15.001639797829535,
            22.797607256589803,
            33.724570736376194,
            64.88683471275733,
            55.477108811078544,
            55.02163168914723,
            62.967058703896775
        ],
        [
            48.7020346934802,
            96.65726581040205,
            52.173329270884814,
            0.0,
            77.19670664730236,
            36.50962242380885,
            32.74501285642317,
            71.45938049316042,
            66.82843639681441,
            35.685861109867545,
            82.25146994898644,
            33.74751029086885,
            32.97302574932057,
            50.108658498960324,
            48.7020346934802
        ],
        [
            64.84177560059955,
            42.75285789725786,
            33.67190589383788,
            77.19670664730236,
            0.0,
            79.18113213067954,
            56.75170559460653,
            11.798487080753178,
            24.006801578301108,
            55.719331153590126,
            11.060454743760065,
            75.96799207926934,
            65.53144475180346,
            54.422129920689144,
            64.84177560059955
        ],
        [
            20.672255209892885,
            80.84531983862485,
            68.67565533454317,
            36.50962242380885,
            79.18113213067954,
            0.0,
            23.088610677930753,
            69.21949758549962,
            79.90016396050457,
            62.84365260365849,
            88.00437146167124,
            3.8179429546956998,
            13.861830810472119,
            29.063301464983553,
            20.672255209892885
        ],
        [
            19.302934831227574,
            65.7163427526642,
            46.53520691765592,
            32.74501285642317,
            56.75170559460653,
            23.088610677930753,
            0.0,
            47.53138187794858,
            56.97609566221151,
            45.19835810797593,
            65.14851306455161,
            19.554385838787926,
            9.25857584263691,
            17.541003101416464,
            19.302934831227574
        ],
        [
            53.75289063396937,
            35.696271470623245,
            35.63569333606342,
            71.45938049316042,
            11.798487080753178,
            69.21949758549962,
            47.53138187794858,
            0.0,
            30.61694803669528,
            55.34528388419884,
            22.782159682239076,
            66.20321201147387,
            55.87130286248463,
            43.25597097434466,
            53.75289063396937
        ],
        [
            71.05892352926541,
            65.7965650271112,
            15.001639797829535,
            66.82843639681441,
            24.006801578301108,
            79.90016396050457,
            56.97609566221151,
            30.61694803669528,
            0.0,
            37.2399705185854,
            20.33865148110837,
            76.2113408163718,
            66.21083548414214,
            61.858296142231964,
            71.05892352926541
        ],
        [
            64.34574735831958,
            88.95559912675706,
            22.797607256589803,
            35.685861109867545,
            55.719331153590126,
            62.84365260365849,
            45.19835810797593,
            55.34528388419884,
            37.2399705185854,
            0.0,
            56.52211925070587,
            59.12092187225494,
            52.1403940406022,
            59.4940938164848,
            64.34574735831958
        ],
        [
            74.82638982331521,
            51.991841800857244,
            33.724570736376194,
            82.25146994898644,
            11.060454743760065,
            88.00437146167124,
            65.14851306455161,
            22.782159682239076,
            20.33865148110837,
            56.52211925070587,
            0.0,
            84.63166899415523,
            74.19420206964918,
            64.5368802528855,
            74.82638982331521
        ],
        [
            19.8510111369977,
            79.17943710477329,
            64.88683471275733,
            33.74751029086885,
            75.96799207926934,
            3.8179429546956998,
            19.554385838787926,
            66.20321201147387,
            76.2113408163718,
            59.12092187225494,
            84.63166899415523,
            0.0,
            10.44806236077145,
            27.202242938951596,
            19.8510111369977
        ],
        [
            15.73389840571894,
            70.80551903251015,
            55.477108811078544,
            32.97302574932057,
            65.53144475180346,
            13.861830810472119,
            9.25857584263691,
            55.87130286248463,
            66.21083548414214,
            52.1403940406022,
            74.19420206964918,
            10.44806236077145,
            0.0,
            19.342588399260542,
            15.73389840571894
        ],
        [
            10.518341162571529,
            51.98462340967515,
            55.02163168914723,
            50.108658498960324,
            54.422129920689144,
            29.063301464983553,
            17.541003101416464,
            43.25597097434466,
            61.858296142231964,
            59.4940938164848,
            64.5368802528855,
            27.202242938951596,
            19.342588399260542,
            0.0,
            10.518341162571529
        ],
        [
            0.0,
            60.548444573342266,
            62.967058703896775,
            48.7020346934802,
            64.84177560059955,
            20.672255209892885,
            19.302934831227574,
            53.75289063396937,
            71.05892352926541,
            64.34574735831958,
            74.82638982331521,
            19.8510111369977,
            15.73389840571894,
            10.518341162571529,
            0.0
        ]
    ],
    "scores_ave": [
        0,
        16.560999232898183,
        19.135011728500025,
        19.775250902178477,
        18.891661826845954,
        19.826614449135615,
        14.028871301458974,
        16.53925213845745,
        18.001894061827958,
        11.098470155852443,
        10.797205961479708,
        11.336353563166218,
        12.270804688859801,
        16.508086926362054,
        0
    ],
    "scores_var": [
        0,
        320.8726419964834,
        297.1233264537811,
        273.5262815556202,
        20.593244241682314,
        22.759891896985987,
        399.29552493718927,
        18.41916878530705,
        22.663241255044504,
        291.354497376847,
        24.157384060665905,
        16.938729678902053,
        260.6739558057406,
        21.985095910384754,
        0
    ],
    "vertex_number": 15,
    "minimum_distances": {
        "cost": 291.82378673719853,
        "path": [
            0,
            5,
            11,
            12,
            6,
            3,
            9,
            2,
            8,
            10,
            4,
            7,
            1,
            13,
            14
        ]
    }
}