{
    "vertices": [
        [
            4.6760314054238306,
            12.255904827857
        ],
        [
            84.88244416924641,
            74.0077265037095
        ],
        [
            41.08684846213403,
            27.778930536920132
        ],
        [
            16.051734891662118,
            78.93226911224805
        ],
        [
            10.454052620253151,
            36.65777784491101
        ],
        [
            37.46042990143587,
            54.00322478292415
        ],
        [
            33.627897703774615,
            19.735726411463506
        ],
        [
            19.858884792297303,
            37.00037905203711
        ],
        [
            93.55219771064563,
            29.462065782627032
        ],
        [
            84.53885809481612,
            75.6412289304748
        ],
        [
            90.00968637880553,
            63.96947111001019
        ],
        [
            97.16285403350231,
            57.486737955521775
        ],
        [
            43.46095197125148,
            54.893550265208724
        ],
        [
            56.65887911028844,
            99.74156532490056
        ],
        [
            40.355248708854354,
            26.28202027003499
        ],
        [
            58.5627961513948,
            24.222865125379112
        ],
        [
            24.63003330954281,
            80.89713019964555
        ],
        [
            14.543003747644912,
            64.57437338079932
        ],
        [
            59.141965616684224,
            15.350728646842581
        ],
        [
            4.6760314054238306,
            12.255904827857
        ]
    ],
    "distances": [
        [
            0.0,
            101.22428625940995,
            39.581712013270135,
            67.63981212268136,
            25.076621301512017,
            53.08159293178817,
            29.902479714568248,
            29.031156394439563,
            90.52637688494384,
            101.95965083509167,
            99.78038689409257,
            102.95455611705732,
            57.63886598241573,
            101.76422381225692,
            38.337168150278394,
            55.19956117171667,
            71.48272527352502,
            53.24076722707299,
            54.55378927238608,
            0.0
        ],
        [
            101.22428625940995,
            0.0,
            63.68010505550287,
            69.00664938655288,
            83.27427053649366,
            51.46870433878563,
            74.64903567624941,
            74.81715738690177,
            45.38149970578753,
            1.6692458083788946,
            11.27187579884635,
            20.585225989613615,
            45.618984526017485,
            38.194241517698366,
            65.27184822778467,
            56.31390853282316,
            60.6450071950866,
            70.96918366421828,
            64.05634733338613,
            101.22428625940995
        ],
        [
            39.581712013270135,
            63.68010505550287,
            0.0,
            56.95104001586414,
            31.893606108575607,
            26.47384596688542,
            10.96946120004957,
            23.144363337211526,
            52.492340546251484,
            64.64423213738688,
            60.85391767826775,
            63.459217001636965,
            27.218357233339795,
            73.62818036686302,
            1.6661268097311877,
            17.834078301076772,
            55.60908109630763,
            45.370478356571155,
            21.919111699269656,
            39.581712013270135
        ],
        [
            67.63981212268136,
            69.00664938655288,
            56.95104001586414,
            0.0,
            42.64348319173519,
            32.86015023086333,
            61.7507260436968,
            42.10436787778108,
            91.94358463009092,
            68.56615046888692,
            75.45637091876624,
            83.89829828450581,
            36.457169181425165,
            45.62857624842387,
            57.988873820840936,
            69.28426382684005,
            8.80044787718121,
            14.436947028374153,
            76.8074232863571,
            67.63981212268136
        ],
        [
            25.076621301512017,
            83.27427053649366,
            31.893606108575607,
            42.64348319173519,
            0.0,
            32.09686812343241,
            28.69464968720292,
            9.411070277680482,
            83.40911214937621,
            83.7153979907184,
            84.11318238975257,
            89.17545526551403,
            37.70939936583219,
            78.19495018090845,
            31.650242855017353,
            49.689820471476246,
            46.45512593104737,
            28.214461321042037,
            53.1460555213362,
            25.076621301512017
        ],
        [
            53.08159293178817,
            51.46870433878563,
            26.47384596688542,
            32.86015023086333,
            32.09686812343241,
            0.0,
            34.48115061427284,
            24.47266134235064,
            61.225443249029766,
            51.81294842651477,
            53.48598341786876,
            59.803965681790785,
            6.06621336376734,
            49.60419586646572,
            27.87194208470608,
            36.49903673633239,
            29.797671473939328,
            25.23801902275256,
            44.3182180205995,
            53.08159293178817
        ],
        [
            29.902479714568248,
            74.64903567624941,
            10.96946120004957,
            61.7507260436968,
            28.69464968720292,
            34.48115061427284,
            0.0,
            22.082888111750556,
            60.70851183216837,
            75.61316750303068,
            71.66261413214042,
            73.90419168369293,
            36.50700664746592,
            83.25479184281242,
            9.386757418209875,
            25.33542133912621,
            61.81972886545228,
            48.731277834235414,
            25.888141433102035,
            29.902479714568248
        ],
        [
            29.031156394439563,
            74.81715738690177,
            23.144363337211526,
            42.10436787778108,
            9.411070277680482,
            24.47266134235064,
            22.082888111750556,
            0.0,
            74.07786805672372,
            75.34330909737443,
            75.15628310168799,
            79.97246126991188,
            29.617953190315827,
            72.73717094258154,
            23.1297243558946,
            40.758528146129315,
            44.15527850086189,
            28.08173346721147,
            44.85384935234049,
            29.031156394439563
        ],
        [
            90.52637688494384,
            45.38149970578753,
            52.492340546251484,
            91.94358463009092,
            83.40911214937621,
            61.225443249029766,
            60.70851183216837,
            74.07786805672372,
            0.0,
            47.050562165247534,
            34.68876488093121,
            28.256310613383445,
            56.17733798171791,
            79.37458669662405,
            53.29191376335943,
            35.37947773782721,
            85.9990150950317,
            86.45997267841192,
            37.1913149608892,
            90.52637688494384
        ],
        [
            101.95965083509167,
            1.6692458083788946,
            64.64423213738688,
            68.56615046888692,
            83.7153979907184,
            51.81294842651477,
            75.61316750303068,
            75.34330909737443,
            47.050562165247534,
            0.0,
            12.890302274674367,
            22.112232271293102,
            46.020218833611885,
            36.85267212160047,
            66.24592680275583,
            57.607325319629574,
            60.13893734764398,
            70.86532944640693,
            65.42130059847823,
            101.95965083509167
        ],
        [
            99.78038689409257,
            11.27187579884635,
            60.85391767826775,
            75.45637091876624,
            84.11318238975257,
            53.48598341786876,
            71.66261413214042,
            75.15628310168799,
            34.68876488093121,
            12.890302274674367,
            0.0,
            9.653685133072429,
            47.42527821875279,
            48.907249666902814,
            62.337044613412765,
            50.682340043375376,
            67.53550679244266,
            75.46910688559608,
            57.589914948262525,
            99.78038689409257
        ],
        [
            102.95455611705732,
            20.585225989613615,
            63.459217001636965,
            83.89829828450581,
            89.17545526551403,
            59.803965681790785,
            73.90419168369293,
            79.97246126991188,
            28.256310613383445,
            22.112232271293102,
            9.653685133072429,
            0.0,
            53.76447625989461,
            58.5324048762422,
            64.81387527799816,
            50.95536972843935,
            76.21716701109914,
            82.92330334217962,
            56.75412968643983,
            102.95455611705732
        ],
        [
            57.63886598241573,
            45.618984526017485,
            27.218357233339795,
            36.457169181425165,
            37.70939936583219,
            6.06621336376734,
            36.50700664746592,
            29.617953190315827,
            56.17733798171791,
            46.020218833611885,
            47.42527821875279,
            53.76447625989461,
            0.0,
            46.74964957688639,
            28.779594184400697,
            34.18708271537502,
            32.10591327233245,
            30.4953449834322,
            42.53855816186266,
            57.63886598241573
        ],
        [
            101.76422381225692,
            38.194241517698366,
            73.62818036686302,
            45.62857624842387,
            78.19495018090845,
            49.60419586646572,
            83.25479184281242,
            72.73717094258154,
            79.37458669662405,
            36.85267212160047,
            48.907249666902814,
            58.5324048762422,
            46.74964957688639,
            0.0,
            75.24701405327916,
            75.54269640358766,
            37.16126610488246,
            54.867826153356795,
            84.42735950994145,
            101.76422381225692
        ],
        [
            38.337168150278394,
            65.27184822778467,
            1.6661268097311877,
            57.988873820840936,
            31.650242855017353,
            27.87194208470608,
            9.386757418209875,
            23.1297243558946,
            53.29191376335943,
            66.24592680275583,
            62.337044613412765,
            64.81387527799816,
            28.779594184400697,
            75.24701405327916,
            0.0,
            18.323616012734053,
            56.83390389528235,
            46.1798256460215,
            21.73554390224034,
            38.337168150278394
        ],
        [
            55.19956117171667,
            56.31390853282316,
            17.834078301076772,
            69.28426382684005,
            49.689820471476246,
            36.49903673633239,
            25.33542133912621,
            40.758528146129315,
            35.37947773782721,
            57.607325319629574,
            50.682340043375376,
            50.95536972843935,
            34.18708271537502,
            75.54269640358766,
            18.323616012734053,
            0.0,
            66.05607251259786,
            59.71588014721445,
            8.891020355577993,
            55.19956117171667
        ],
        [
            71.48272527352502,
            60.6450071950866,
            55.60908109630763,
            8.80044787718121,
            46.45512593104737,
            29.797671473939328,
            61.81972886545228,
            44.15527850086189,
            85.9990150950317,
            60.13893734764398,
            67.53550679244266,
            76.21716701109914,
            32.10591327233245,
            37.16126610488246,
            56.83390389528235,
            66.05607251259786,
            0.0,
            19.18803157048146,
            74.07701551826992,
            71.48272527352502
        ],
        [
            53.24076722707299,
            70.96918366421828,
            45.370478356571155,
            14.436947028374153,
            28.214461321042037,
            25.23801902275256,
            48.731277834235414,
            28.08173346721147,
            86.45997267841192,
            70.86532944640693,
            75.46910688559608,
            82.92330334217962,
            30.4953449834322,
            54.867826153356795,
            46.1798256460215,
            59.71588014721445,
            19.18803157048146,
            0.0,
            66.42314807874443,
            53.24076722707299
        ],
        [
            54.55378927238608,
            64.05634733338613,
            21.919111699269656,
            76.8074232863571,
            53.1460555213362,
            44.3182180205995,
            25.888141433102035,
            44.85384935234049,
            37.1913149608892,
            65.42130059847823,
            57.589914948262525,
            56.75412968643983,
            42.53855816186266,
            84.42735950994145,
            21.73554390224034,
            8.891020355577993,
            74.07701551826992,
            66.42314807874443,
            0.0,
            54.55378927238608
        ],
        [
            0.0,
            101.22428625940995,
            39.581712013270135,
            67.63981212268136,
            25.076621301512017,
            53.08159293178817,
            29.902479714568248,
            29.031156394439563,
            90.52637688494384,
            101.95965083509167,
            99.78038689409257,
            102.95455611705732,
            57.63886598241573,
            101.76422381225692,
            38.337168150278394,
            55.19956117171667,
            71.48272527352502,
            53.24076722707299,
            54.55378927238608,
            0.0
        ]
    ],
    "scores_ave": [
        0,
        14.80637114505412,
        10.30236138537435,
        18.038809728712074,
        17.48191396654969,
        11.17627367027285,
        13.312092208680296,
        13.699346573625597,
        19.093090079196948,
        18.765679708082704,
        11.722417831931256,
        14.573477206571912,
        15.185371918460703,
        10.527138407860836,
        11.071658478807034,
        16.77263758030993,
        15.500216773457632,
        10.534282153990763,
        12.436534756149982,
        0
    ],
    "scores_var": [
        0,
        368.28276545896813,
        325.23794231761264,
        17.004492202154726,
        23.743998751367066,
        397.2689496798098,
        24.386272225723616,
        23.196893689256033,
        19.37485605456593,
        238.43621735913248,
        23.990099269245796,
        313.7022102731188,
        16.847702747651876,
        360.28110757824345,
        16.861059104501166,
        23.674715209257133,
        18.50095484355215,
        341.05875253658405,
        20.536041583757545,
        0
    ],
    "vertex_number": 20,
    "minimum_distances": {
        "cost": 360.99592140188724,
        "path": [
            0,
            4,
            7,
            17,
            3,
            16,
            5,
            12,
            13,
            9,
            1,
            10,
            11,
            8,
            18,
            15,
            2,
            14,
            6,
            19
        ]
    }
}