{
    "vertices": [
        [
            41.439840800844316,
            60.242796139065035
        ],
        [
            26.35176716749037,
            69.087525806073
        ],
        [
            99.27403557798873,
            68.6780774460917
        ],
        [
            12.198696001108555,
            44.03515952598591
        ],
        [
            80.78565349911257,
            44.23990961383287
        ],
        [
            8.391035187758533,
            48.24393362982205
        ],
        [
            5.8009320913288365,
            5.236520152031865
        ],
        [
            97.96931413078465,
            16.56786656600937
        ],
        [
            20.51051877714659,
            56.3559182027182
        ],
        [
            80.37646892822843,
            79.49850572347307
        ],
        [
            75.63618036733736,
            54.37187216757836
        ],
        [
            81.75950397326163,
            74.95515327892235
        ],
        [
            84.93563154278428,
            67.91464490051649
        ],
        [
            72.93899507298406,
            74.53572106027066
        ],
        [
            41.439840800844316,
            60.242796139065035
        ]
    ],
    "distances": [
        [
            0.0,
            17.489402758469524,
            58.4461124134818,
            33.43249966396076,
            42.47570310220497,
            35.15958267623846,
            65.54252216665789,
            71.43585114052892,
            21.28718723701416,
            43.437810275487685,
            34.69664808055491,
            42.9200266885739,
            44.16719456435075,
            34.590235944024435,
            0.0
        ],
        [
            17.489402758469524,
            0.0,
            72.92341789913758,
            28.77378111531943,
            59.8368783577556,
            27.514418548419876,
            67.07673028226692,
            88.81096576286097,
            14.007641304784173,
            55.018695942172265,
            51.43446166201599,
            55.71755872342,
            58.595604056630826,
            46.9047186906208,
            17.489402758469524
        ],
        [
            58.4461124134818,
            72.92341789913758,
            0.0,
            90.49523836117602,
            30.64383002974921,
            93.15188668746637,
            112.96925363709944,
            52.12654195341799,
            79.72156036641279,
            21.77612668469962,
            27.629978437028882,
            18.605388959763538,
            14.358713714271577,
            26.978627598730224,
            58.4461124134818
        ],
        [
            33.43249966396076,
            28.77378111531943,
            90.49523836117602,
            0.0,
            68.58726311372602,
            5.675566960810441,
            39.32258638893705,
            90.06137416726384,
            14.862284219814214,
            76.8495780393409,
            64.27411649295836,
            76.12326858077222,
            76.55646030052793,
            67.96814095771319,
            33.43249966396076
        ],
        [
            42.47570310220497,
            59.8368783577556,
            30.64383002974921,
            68.58726311372602,
            0.0,
            72.50526166263559,
            84.52202573360313,
            32.573304394013725,
            61.480806190851894,
            35.26097037286105,
            11.365462538998383,
            30.73067812710647,
            24.03571111195797,
            31.29546675885254,
            42.47570310220497
        ],
        [
            35.15958267623846,
            27.514418548419876,
            93.15188668746637,
            5.675566960810441,
            72.50526166263559,
            0.0,
            43.08533681079613,
            95.01390047264535,
            14.583764129481509,
            78.47770987714162,
            67.52378233589371,
            78.07958418864578,
            79.03171586805418,
            69.69718223595973,
            35.15958267623846
        ],
        [
            65.54252216665789,
            67.07673028226692,
            112.96925363709944,
            39.32258638893705,
            84.52202573360313,
            43.08533681079613,
            0.0,
            92.86231775766014,
            53.19365373361846,
            105.24425492883074,
            85.38878567741446,
            103.1037945345597,
            100.949729961297,
            96.48781657519848,
            65.54252216665789
        ],
        [
            71.43585114052892,
            88.81096576286097,
            52.12654195341799,
            90.06137416726384,
            32.573304394013725,
            95.01390047264535,
            92.86231775766014,
            0.0,
            87.08015865099345,
            65.34350424554846,
            43.9079913366518,
            60.59565326852118,
            52.97516896752434,
            63.14102491093365,
            71.43585114052892
        ],
        [
            21.28718723701416,
            14.007641304784173,
            79.72156036641279,
            14.862284219814214,
            61.480806190851894,
            14.583764129481509,
            53.19365373361846,
            87.08015865099345,
            0.0,
            64.18341954623183,
            55.16135426569755,
            64.01070014438072,
            65.45379528903979,
            55.490993491220394,
            21.28718723701416
        ],
        [
            43.437810275487685,
            55.018695942172265,
            21.77612668469962,
            76.8495780393409,
            35.26097037286105,
            78.47770987714162,
            105.24425492883074,
            65.34350424554846,
            64.18341954623183,
            0.0,
            25.56986604369935,
            4.749193338999264,
            12.448766818909895,
            8.941210710007944,
            43.437810275487685
        ],
        [
            34.69664808055491,
            51.43446166201599,
            27.629978437028882,
            64.27411649295836,
            11.365462538998383,
            67.52378233589371,
            85.38878567741446,
            43.9079913366518,
            55.16135426569755,
            25.56986604369935,
            0.0,
            21.474788783396214,
            16.428222224590634,
            20.34344146597139,
            34.69664808055491
        ],
        [
            42.9200266885739,
            55.71755872342,
            18.605388959763538,
            76.12326858077222,
            30.73067812710647,
            78.07958418864578,
            103.1037945345597,
            60.59565326852118,
            64.01070014438072,
            4.749193338999264,
            21.474788783396214,
            0.0,
            7.7237649216094715,
            8.830475674952,
            42.9200266885739
        ],
        [
            44.16719456435075,
            58.595604056630826,
            14.358713714271577,
            76.55646030052793,
            24.03571111195797,
            79.03171586805418,
            100.949729961297,
            52.97516896752434,
            65.45379528903979,
            12.448766818909895,
            16.428222224590634,
            7.7237649216094715,
            0.0,
            13.702479195452396,
            44.16719456435075
        ],
        [
            34.590235944024435,
            46.9047186906208,
            26.978627598730224,
            67.96814095771319,
            31.29546675885254,
            69.69718223595973,
            96.48781657519848,
            63.14102491093365,
            55.490993491220394,
            8.941210710007944,
            20.34344146597139,
            8.830475674952,
            13.702479195452396,
            0.0,
            34.590235944024435
        ],
        [
            0.0,
            17.489402758469524,
            58.4461124134818,
            33.43249966396076,
            42.47570310220497,
            35.15958267623846,
            65.54252216665789,
            71.43585114052892,
            21.28718723701416,
            43.437810275487685,
            34.69664808055491,
            42.9200266885739,
            44.16719456435075,
            34.590235944024435,
            0.0
        ]
    ],
    "scores_ave": [
        0,
        18.20213539962798,
        17.34496359789182,
        10.518000902468833,
        12.44709334180471,
        10.623411618146159,
        10.56531282911293,
        16.129881880847023,
        14.14174077789242,
        18.85446763185754,
        16.860940319197862,
        12.13968371121068,
        19.320946106211004,
        15.3650732071356,
        0
    ],
    "scores_var": [
        0,
        20.862154884580164,
        16.372516657886816,
        392.7647768087179,
        303.2956371977385,
        261.0140316961484,
        296.1685720277799,
        391.48611156502045,
        16.049221819339596,
        330.5751594594736,
        23.315054452690518,
        17.095267053957272,
        17.401875268845547,
        20.614435627630765,
        0
    ],
    "vertex_number": 15,
    "minimum_distances": {
        "cost": 325.5530111248123,
        "path": [
            0,
            1,
            8,
            5,
            3,
            6,
            7,
            4,
            10,
            12,
            2,
            11,
            9,
            13,
            14
        ]
    }
}