{
    "vertices": [
        [
            71.90815900140322,
            22.93115919169346
        ],
        [
            86.56134005881127,
            39.34471487551174
        ],
        [
            0.9243307427418634,
            40.767189983561515
        ],
        [
            4.991131971093566,
            67.12224547035923
        ],
        [
            48.13575760034351,
            37.319744662497726
        ],
        [
            60.297162862837695,
            67.4180775823636
        ],
        [
            22.88161972772169,
            16.62022349962209
        ],
        [
            55.11264106660975,
            43.433263193235796
        ],
        [
            55.07823880541566,
            90.65667056662421
        ],
        [
            12.494118525429176,
            57.424022670364835
        ],
        [
            87.87377879414036,
            98.59914574300288
        ],
        [
            21.178262839562112,
            43.394177871463846
        ],
        [
            39.76909064163059,
            11.021509613265934
        ],
        [
            8.045071199008024,
            53.63782514225045
        ],
        [
            63.025819380494376,
            38.97948770996598
        ],
        [
            93.39873200365733,
            87.29771751354623
        ],
        [
            49.08311742842201,
            1.9233959645977516
        ],
        [
            71.90815900140322,
            22.93115919169346
        ]
    ],
    "distances": [
        [
            0.0,
            22.00273904056005,
            73.19035365854982,
            80.19189867476437,
            27.78773938671056,
            45.977180635919034,
            49.431057670894496,
            26.50331472076705,
            69.78532155689466,
            68.70069749747046,
            77.33398479384974,
            54.70153103963191,
            34.27476430429649,
            70.86179025014494,
            18.342431828183692,
            67.85940287215685,
            31.021099893685836,
            0.0
        ],
        [
            22.00273904056005,
            0.0,
            85.6488225256692,
            86.17012274228959,
            38.47890190268037,
            38.44373417674145,
            67.61293729559948,
            31.7133551622729,
            60.20051877997606,
            76.24181710856672,
            59.26896382479011,
            65.5083577661193,
            54.69660466470432,
            79.80662551920148,
            23.538354328243393,
            48.43800564237537,
            52.9619890163252,
            22.00273904056005
        ],
        [
            73.19035365854982,
            85.6488225256692,
            0.0,
            26.666979992925885,
            47.33712818890046,
            65.07997390722484,
            32.637379336374586,
            54.25385628796491,
            73.6315559478972,
            20.280780667730227,
            104.42577087771404,
            20.423585158972237,
            48.925666804797885,
            14.709119417340569,
            62.12721441078718,
            103.52103593368582,
            61.871714610349436,
            73.19035365854982
        ],
        [
            80.19189867476437,
            86.17012274228959,
            26.666979992925885,
            0.0,
            52.43708396822536,
            55.30682208947689,
            53.577269203486644,
            55.43765467024899,
            55.34064903526613,
            12.261742645842478,
            88.65849307972623,
            28.723586087580994,
            66.00605254820906,
            13.825922623568676,
            64.49837018923067,
            90.68050184953317,
            78.70827884310646,
            80.19189867476437
        ],
        [
            27.78773938671056,
            38.47890190268037,
            47.33712818890046,
            52.43708396822536,
            0.0,
            32.46243093968322,
            32.65335596935984,
            9.276422356034516,
            53.78685443660987,
            40.92075793731184,
            73.03612342658984,
            27.633408450420063,
            27.597070183312248,
            43.28444162368175,
            14.982279092325332,
            67.42799583359411,
            35.40902415751078,
            27.78773938671056
        ],
        [
            45.977180635919034,
            38.44373417674145,
            65.07997390722484,
            55.30682208947689,
            32.46243093968322,
            0.0,
            63.08997422338374,
            24.538756845783258,
            23.817417412584124,
            48.83658650549086,
            41.62605863952302,
            45.906819715053224,
            60.01645297593108,
            54.038656909276554,
            28.569196004119306,
            38.61235506127455,
            66.44778502867989,
            45.977180635919034
        ],
        [
            49.431057670894496,
            67.61293729559948,
            32.637379336374586,
            53.577269203486644,
            32.65335596935984,
            63.08997422338374,
            0.0,
            41.92586116180754,
            80.73424164714211,
            42.105227798860504,
            104.61608113622371,
            26.828083371607168,
            17.791353828458256,
            39.88014548139459,
            45.950989780304404,
            99.83972798352966,
            30.041891108151855,
            49.431057670894496
        ],
        [
            26.50331472076705,
            31.7133551622729,
            54.25385628796491,
            55.43765467024899,
            9.276422356034516,
            24.538756845783258,
            41.92586116180754,
            0.0,
            47.223419904413646,
            44.85621266156999,
            64.16047648433518,
            33.934400736107044,
            35.86009355498905,
            48.16107575431478,
            9.080446414285438,
            58.222977526561436,
            41.94549120754963,
            26.50331472076705
        ],
        [
            69.78532155689466,
            60.20051877997606,
            73.6315559478972,
            55.34064903526613,
            53.78685443660987,
            23.817417412584124,
            80.73424164714211,
            47.223419904413646,
            0.0,
            54.01681392138108,
            33.743597245691404,
            58.163146289085276,
            81.09333435966239,
            59.854104050149395,
            52.28475174463259,
            38.46742471974525,
            88.93556938550246,
            69.78532155689466
        ],
        [
            68.70069749747046,
            76.24181710856672,
            20.280780667730227,
            12.261742645842478,
            40.92075793731184,
            48.83658650549086,
            42.105227798860504,
            44.85621266156999,
            54.01681392138108,
            0.0,
            85.89228104010981,
            16.500027501490308,
            53.824876423023944,
            5.8420299412648244,
            53.79269152227998,
            86.24380630309066,
            66.47611906132995,
            68.70069749747046
        ],
        [
            77.33398479384974,
            59.26896382479011,
            104.42577087771404,
            88.65849307972623,
            73.03612342658984,
            41.62605863952302,
            104.61608113622371,
            64.16047648433518,
            33.743597245691404,
            85.89228104010981,
            0.0,
            86.57875216324764,
            99.9194844478434,
            91.6195552623608,
            64.59043823197409,
            12.579641807019444,
            104.1677301490564,
            77.33398479384974
        ],
        [
            54.70153103963191,
            65.5083577661193,
            20.423585158972237,
            28.723586087580994,
            27.633408450420063,
            45.906819715053224,
            26.828083371607168,
            33.934400736107044,
            58.163146289085276,
            16.500027501490308,
            86.57875216324764,
            0.0,
            37.331066533404815,
            16.65572070118293,
            42.079775161810794,
            84.51814574034341,
            49.98506438519677,
            54.70153103963191
        ],
        [
            34.27476430429649,
            54.69660466470432,
            48.925666804797885,
            66.00605254820906,
            27.597070183312248,
            60.01645297593108,
            17.791353828458256,
            35.86009355498905,
            81.09333435966239,
            53.824876423023944,
            99.9194844478434,
            37.331066533404815,
            0.0,
            53.127805891659605,
            36.366522666989376,
            93.24268509790133,
            13.020244504199999,
            34.27476430429649
        ],
        [
            70.86179025014494,
            79.80662551920148,
            14.709119417340569,
            13.825922623568676,
            43.28444162368175,
            54.038656909276554,
            39.88014548139459,
            48.16107575431478,
            59.854104050149395,
            5.8420299412648244,
            91.6195552623608,
            16.65572070118293,
            53.127805891659605,
            0.0,
            56.90122605774612,
            91.75094423057642,
            66.01896260543614,
            70.86179025014494
        ],
        [
            18.342431828183692,
            23.538354328243393,
            62.12721441078718,
            64.49837018923067,
            14.982279092325332,
            28.569196004119306,
            45.950989780304404,
            9.080446414285438,
            52.28475174463259,
            53.79269152227998,
            64.59043823197409,
            42.079775161810794,
            36.366522666989376,
            56.90122605774612,
            0.0,
            57.071579201612096,
            39.59233351503129,
            18.342431828183692
        ],
        [
            67.85940287215685,
            48.43800564237537,
            103.52103593368582,
            90.68050184953317,
            67.42799583359411,
            38.61235506127455,
            99.83972798352966,
            58.222977526561436,
            38.46742471974525,
            86.24380630309066,
            12.579641807019444,
            84.51814574034341,
            93.24268509790133,
            91.75094423057642,
            57.071579201612096,
            0.0,
            96.19068808946143,
            67.85940287215685
        ],
        [
            31.021099893685836,
            52.9619890163252,
            61.871714610349436,
            78.70827884310646,
            35.40902415751078,
            66.44778502867989,
            30.041891108151855,
            41.94549120754963,
            88.93556938550246,
            66.47611906132995,
            104.1677301490564,
            49.98506438519677,
            13.020244504199999,
            66.01896260543614,
            39.59233351503129,
            96.19068808946143,
            0.0,
            31.021099893685836
        ],
        [
            0.0,
            22.00273904056005,
            73.19035365854982,
            80.19189867476437,
            27.78773938671056,
            45.977180635919034,
            49.431057670894496,
            26.50331472076705,
            69.78532155689466,
            68.70069749747046,
            77.33398479384974,
            54.70153103963191,
            34.27476430429649,
            70.86179025014494,
            18.342431828183692,
            67.85940287215685,
            31.021099893685836,
            0.0
        ]
    ],
    "scores_ave": [
        0,
        14.468324856020427,
        15.63068378269049,
        14.236310353009529,
        10.358285061491149,
        12.88848382413416,
        14.910972639577517,
        12.150404664952532,
        19.68600227295923,
        12.001734018998128,
        19.405847635123564,
        12.134313909489366,
        14.666463950635178,
        18.24695475116631,
        18.492562956366523,
        17.78456696039038,
        17.945831234554525,
        0
    ],
    "scores_var": [
        0,
        331.81102461375707,
        21.912345241360903,
        17.091495255174657,
        20.299030738255393,
        268.3341901828451,
        20.748291423006016,
        260.75508448564216,
        23.62849947201158,
        372.0580397303869,
        225.8881221462899,
        21.17677524830317,
        248.67437127168358,
        20.07140203760381,
        389.2802241095735,
        329.0786462462448,
        291.49886163670607,
        0
    ],
    "vertex_number": 18,
    "minimum_distances": {
        "cost": 366.90776412405035,
        "path": [
            0,
            1,
            15,
            10,
            8,
            5,
            14,
            7,
            4,
            11,
            9,
            3,
            13,
            2,
            6,
            12,
            16,
            17
        ]
    }
}