{
    "vertices": [
        [
            72.94202574538565,
            99.67789579814914
        ],
        [
            74.2659362037451,
            72.07128683160632
        ],
        [
            60.13547853948723,
            58.38190036676865
        ],
        [
            64.30082557557843,
            52.26421201981516
        ],
        [
            37.80142103742946,
            90.14485149609968
        ],
        [
            31.852483892704488,
            81.62126634771037
        ],
        [
            56.259322352693786,
            66.22234289093126
        ],
        [
            44.02563621991814,
            12.781322504742409
        ],
        [
            79.39237146233349,
            94.33431271616317
        ],
        [
            88.32307226826893,
            96.47318960319608
        ],
        [
            2.9556017242815313,
            64.35028008174157
        ],
        [
            46.36820797687399,
            48.580644740757926
        ],
        [
            4.3632582239196305,
            47.729703300419956
        ],
        [
            95.82142691112662,
            51.342026675038
        ],
        [
            45.35401250950248,
            35.22247969508459
        ],
        [
            99.03377277011344,
            23.208470788366288
        ],
        [
            30.7589279544762,
            58.904984064347445
        ],
        [
            41.26440024458452,
            27.089573285492385
        ],
        [
            25.733264019065018,
            90.48112224125717
        ],
        [
            31.430071080389098,
            46.38838018252229
        ],
        [
            24.638054547007293,
            56.39259275831431
        ],
        [
            51.78601521589542,
            90.68636769783916
        ],
        [
            23.206993518509766,
            36.40786370245402
        ],
        [
            47.33125376680712,
            0.25613543341944656
        ],
        [
            72.94202574538565,
            99.67789579814914
        ]
    ],
    "distances": [
        [
            0.0,
            27.638335650566155,
            43.23617570976303,
            48.19468590837092,
            36.41072689339874,
            44.88198209497537,
            37.38430971431982,
            91.58150486492879,
            8.376206780054678,
            15.711356845768298,
            78.39732125186386,
            57.5942432576046,
            86.03291264710505,
            53.47731520550969,
            70.11133388634435,
            80.79821918909596,
            58.66723165865093,
            79.19934673070529,
            48.09623506667921,
            67.55009144817545,
            64.86055112920411,
            22.987482661278193,
            80.47776333869297,
            102.66741486645351,
            0.0
        ],
        [
            27.638335650566155,
            0.0,
            19.674072674082115,
            22.17258763499407,
            40.69784522546723,
            43.47531536054596,
            18.93273059022476,
            66.5565595038734,
            22.845626714908626,
            28.16124878642026,
            71.72710609528609,
            36.47044702304455,
            74.0195722600239,
            29.905541397451774,
            46.837313320538385,
            54.78157098745753,
            45.45559696408222,
            55.78938903777687,
            51.90705452244477,
            49.94520031806771,
            52.04563464479086,
            29.186779254935836,
            62.2807785550494,
            76.70002013248234,
            27.638335650566155
        ],
        [
            43.23617570976303,
            19.674072674082115,
            0.0,
            7.401096313487901,
            38.829050837607326,
            36.60595467114733,
            8.746263531309497,
            48.362585961795894,
            40.78484864239246,
            47.386567251828076,
            57.49051981869879,
            16.899773684597196,
            56.78036510333954,
            36.373709362379216,
            27.47454283229514,
            52.44280162576365,
            29.38120727315991,
            36.54213089262754,
            47.051805585511715,
            31.110206424946323,
            35.55312159097911,
            33.366032837845836,
            42.97174994422731,
            59.51934745203683,
            43.23617570976303
        ],
        [
            48.19468590837092,
            22.17258763499407,
            7.401096313487901,
            0.0,
            46.22944178776891,
            43.75764523805555,
            16.108854444027617,
            44.38447778072107,
            44.6950571076142,
            50.31403417668231,
            62.524471453689586,
            18.30703257878527,
            60.10884917681344,
            31.534088449877288,
            25.483374305389646,
            45.283702579706045,
            34.1929634482293,
            34.12388206863519,
            54.29538683248522,
            33.39179391501981,
            39.87704769898183,
            40.40894115520897,
            44.046870661785334,
            54.70654803210899,
            48.19468590837092
        ],
        [
            36.41072689339874,
            40.69784522546723,
            38.829050837607326,
            46.22944178776891,
            0.0,
            10.394294441362108,
            30.215567824027293,
            77.61350702445097,
            41.801420341433854,
            50.916452216236664,
            43.35425051889346,
            42.43787367042126,
            54.01069828102822,
            69.799572317299,
            55.439233059206074,
            90.71868584236519,
            32.02383527900582,
            63.15029956545159,
            12.072841083769296,
            44.21790228053564,
            36.228292635226104,
            13.995074638355103,
            55.68358080924234,
            90.39247196114876,
            36.41072689339874
        ],
        [
            44.88198209497537,
            43.47531536054596,
            36.60595467114733,
            43.75764523805555,
            10.394294441362108,
            0.0,
            28.85863141661009,
            69.90796453827367,
            49.210389737324746,
            58.39098368643289,
            33.66477039361777,
            36.088625934794905,
            43.63823522620778,
            70.77328610464032,
            48.32327263158095,
            89.02460480276002,
            22.74258880091409,
            55.337959102651595,
            10.767631973482382,
            35.23541826221324,
            26.23993067567724,
            21.897984690394242,
            46.032556767709174,
            82.82437349908014,
            44.88198209497537
        ],
        [
            37.38430971431982,
            18.93273059022476,
            8.746263531309497,
            16.108854444027617,
            30.215567824027293,
            28.85863141661009,
            0.0,
            54.82340500472694,
            36.4063292376992,
            44.081717133722094,
            53.336584555006645,
            20.225322178333236,
            55.09246038327192,
            42.26800122761127,
            32.86209520005099,
            60.661740840237265,
            26.529490282733118,
            41.907294663586015,
            38.99139152371848,
            31.778574471832457,
            33.11387270176395,
            24.869639854512094,
            44.51246578929519,
            66.56764180141718,
            37.38430971431982
        ],
        [
            91.58150486492879,
            66.5565595038734,
            48.362585961795894,
            44.38447778072107,
            77.61350702445097,
            69.90796453827367,
            54.82340500472694,
            0.0,
            88.89148538600979,
            94.69208762554008,
            65.92499616269326,
            35.875884867060236,
            52.862969539528805,
            64.57346079804404,
            22.480438599110478,
            55.987681752807134,
            47.993725671855614,
            14.572249809700248,
            79.82399238217194,
            35.889867468991056,
            47.72652528996715,
            78.29060958186271,
            31.490146600104428,
            12.954050275413332,
            91.58150486492879
        ],
        [
            8.376206780054678,
            22.845626714908626,
            40.78484864239246,
            44.6950571076142,
            41.801420341433854,
            49.210389737324746,
            36.4063292376992,
            88.89148538600979,
            0.0,
            9.18325711406468,
            82.10738079496893,
            56.42688638510882,
            88.3252933883421,
            46.024455694570094,
            68.21157294267334,
            73.78800739463838,
            60.17016832409825,
            77.30198684561933,
            53.79727584593978,
            67.81736285383195,
            66.61538361537673,
            27.846335630778515,
            80.6986380927718,
            99.39124060363545,
            8.376206780054678
        ],
        [
            15.711356845768298,
            28.16124878642026,
            47.386567251828076,
            50.31403417668231,
            50.916452216236664,
            58.39098368643289,
            44.081717133722094,
            94.69208762554008,
            9.18325711406468,
            0.0,
            91.21121829688555,
            63.67029520200151,
            97.08335506826408,
            45.74983267289636,
            74.81971371770992,
            74.04348808812485,
            68.73864108336979,
            83.83677490191887,
            62.87598085073606,
            75.79776856127963,
            75.24782871019838,
            36.992483639419454,
            88.58863971925064,
            104.58513611965382,
            15.711356845768298
        ],
        [
            78.39732125186386,
            71.72710609528609,
            57.49051981869879,
            62.524471453689586,
            43.35425051889346,
            33.66477039361777,
            53.336584555006645,
            65.92499616269326,
            82.10738079496893,
            91.21121829688555,
            0.0,
            46.18804802576344,
            16.68008001673795,
            93.77247007691909,
            51.4398094133063,
            104.51633089352397,
            28.331540695480705,
            53.4408487491097,
            34.66471998416717,
            33.6663816455152,
            23.096613343673642,
            55.47971514603113,
            34.50938282144165,
            77.95676925321717,
            78.39732125186386
        ],
        [
            57.5942432576046,
            36.47044702304455,
            16.899773684597196,
            18.30703257878527,
            42.43787367042126,
            36.088625934794905,
            20.225322178333236,
            35.875884867060236,
            56.42688638510882,
            63.67029520200151,
            46.18804802576344,
            0.0,
            42.01356810701877,
            49.53025432143561,
            13.39661023667875,
            58.45860865656421,
            18.71474299279164,
            22.088798194186733,
            46.706005255339065,
            15.098144185012254,
            23.091688979252915,
            42.45285079965385,
            26.165214568064048,
            48.3341044914308,
            57.5942432576046
        ],
        [
            86.03291264710505,
            74.0195722600239,
            56.78036510333954,
            60.10884917681344,
            54.01069828102822,
            43.63823522620778,
            55.09246038327192,
            52.862969539528805,
            88.3252933883421,
            97.08335506826408,
            16.68008001673795,
            42.01356810701877,
            0.0,
            91.52947885670727,
            42.85641817995162,
            97.79466840452649,
            28.663884605496655,
            42.28131087682115,
            47.79498895427765,
            27.100027784372244,
            22.047970874944163,
            63.98588044930297,
            21.983412194985824,
            64.03115091107064,
            86.03291264710505
        ],
        [
            53.47731520550969,
            29.905541397451774,
            36.373709362379216,
            31.534088449877288,
            69.799572317299,
            70.77328610464032,
            42.26800122761127,
            64.57346079804404,
            46.024455694570094,
            45.74983267289636,
            93.77247007691909,
            49.53025432143561,
            91.52947885670727,
            0.0,
            52.979238492301725,
            28.31635804170851,
            65.5005885084756,
            59.70469541087927,
            80.27589538165114,
            64.58161750292004,
            71.36232002177626,
            59.0516270198119,
            74.13423743873332,
            70.43482927867834,
            53.47731520550969
        ],
        [
            70.11133388634435,
            46.837313320538385,
            27.47454283229514,
            25.483374305389646,
            55.439233059206074,
            48.32327263158095,
            32.86209520005099,
            22.480438599110478,
            68.21157294267334,
            74.81971371770992,
            51.4398094133063,
            13.39661023667875,
            42.85641817995162,
            52.979238492301725,
            0.0,
            55.00775465011614,
            27.818653928048374,
            9.103246406889872,
            58.63865062713055,
            17.848066523204736,
            29.619665788354155,
            55.83559376595855,
            22.178719201800615,
            35.02220315763802,
            70.11133388634435
        ],
        [
            80.79821918909596,
            54.78157098745753,
            52.44280162576365,
            45.283702579706045,
            90.71868584236519,
            89.02460480276002,
            60.661740840237265,
            55.987681752807134,
            73.78800739463838,
            74.04348808812485,
            104.51633089352397,
            58.45860865656421,
            97.79466840452649,
            28.31635804170851,
            55.00775465011614,
            0.0,
            77.04346497050639,
            57.89959722300782,
            99.49157862183446,
            71.46725601052918,
            81.46108789384165,
            82.37485760368642,
            76.96703466401642,
            56.56819043891358,
            80.79821918909596
        ],
        [
            58.66723165865093,
            45.45559696408222,
            29.38120727315991,
            34.1929634482293,
            32.02383527900582,
            22.74258880091409,
            26.529490282733118,
            47.993725671855614,
            60.17016832409825,
            68.73864108336979,
            28.331540695480705,
            18.71474299279164,
            28.663884605496655,
            65.5005885084756,
            27.818653928048374,
            77.04346497050639,
            0.0,
            33.5050042689972,
            31.97357972074738,
            12.534584389997965,
            6.616434186545719,
            38.107673037834694,
            23.7308267513514,
            60.94529865841626,
            58.66723165865093
        ],
        [
            79.19934673070529,
            55.78938903777687,
            36.54213089262754,
            34.12388206863519,
            63.15029956545159,
            55.337959102651595,
            41.907294663586015,
            14.572249809700248,
            77.30198684561933,
            83.83677490191887,
            53.4408487491097,
            22.088798194186733,
            42.28131087682115,
            59.70469541087927,
            9.103246406889872,
            57.89959722300782,
            33.5050042689972,
            0.0,
            65.26641304274939,
            21.660054888171306,
            33.691279605855364,
            64.46128016981058,
            20.319952607369164,
            27.510726973694563,
            79.19934673070529
        ],
        [
            48.09623506667921,
            51.90705452244477,
            47.051805585511715,
            54.29538683248522,
            12.072841083769296,
            10.767631973482382,
            38.99139152371848,
            79.82399238217194,
            53.79727584593978,
            62.87598085073606,
            34.66471998416717,
            46.706005255339065,
            47.79498895427765,
            80.27589538165114,
            58.63865062713055,
            99.49157862183446,
            31.97357972074738,
            65.26641304274939,
            0.0,
            44.459234282116014,
            34.106118602050714,
            26.05355965355589,
            54.13223930012708,
            92.77403411309689,
            48.09623506667921
        ],
        [
            67.55009144817545,
            49.94520031806771,
            31.110206424946323,
            33.39179391501981,
            44.21790228053564,
            35.23541826221324,
            31.778574471832457,
            35.889867468991056,
            67.81736285383195,
            75.79776856127963,
            33.6663816455152,
            15.098144185012254,
            27.100027784372244,
            64.58161750292004,
            17.848066523204736,
            71.46725601052918,
            12.534584389997965,
            21.660054888171306,
            44.459234282116014,
            0.0,
            12.091970800964042,
            48.75116572508829,
            12.931732822696178,
            48.79581556258659,
            67.55009144817545
        ],
        [
            64.86055112920411,
            52.04563464479086,
            35.55312159097911,
            39.87704769898183,
            36.228292635226104,
            26.23993067567724,
            33.11387270176395,
            47.72652528996715,
            66.61538361537673,
            75.24782871019838,
            23.096613343673642,
            23.091688979252915,
            22.047970874944163,
            71.36232002177626,
            29.619665788354155,
            81.46108789384165,
            6.616434186545719,
            33.691279605855364,
            34.106118602050714,
            12.091970800964042,
            0.0,
            43.738710178539556,
            20.035901055441222,
            60.54984006435744,
            64.86055112920411
        ],
        [
            22.987482661278193,
            29.186779254935836,
            33.366032837845836,
            40.40894115520897,
            13.995074638355103,
            21.897984690394242,
            24.869639854512094,
            78.29060958186271,
            27.846335630778515,
            36.992483639419454,
            55.47971514603113,
            42.45285079965385,
            63.98588044930297,
            59.0516270198119,
            55.83559376595855,
            82.37485760368642,
            38.107673037834694,
            64.46128016981058,
            26.05355965355589,
            48.75116572508829,
            43.738710178539556,
            0.0,
            61.342615506323824,
            90.53989069446229,
            22.987482661278193
        ],
        [
            80.47776333869297,
            62.2807785550494,
            42.97174994422731,
            44.046870661785334,
            55.68358080924234,
            46.032556767709174,
            44.51246578929519,
            31.490146600104428,
            80.6986380927718,
            88.58863971925064,
            34.50938282144165,
            26.165214568064048,
            21.983412194985824,
            74.13423743873332,
            22.178719201800615,
            76.96703466401642,
            23.7308267513514,
            20.319952607369164,
            54.13223930012708,
            12.931732822696178,
            20.035901055441222,
            61.342615506323824,
            0.0,
            43.461792293527125,
            80.47776333869297
        ],
        [
            102.66741486645351,
            76.70002013248234,
            59.51934745203683,
            54.70654803210899,
            90.39247196114876,
            82.82437349908014,
            66.56764180141718,
            12.954050275413332,
            99.39124060363545,
            104.58513611965382,
            77.95676925321717,
            48.3341044914308,
            64.03115091107064,
            70.43482927867834,
            35.02220315763802,
            56.56819043891358,
            60.94529865841626,
            27.510726973694563,
            92.77403411309689,
            48.79581556258659,
            60.54984006435744,
            90.53989069446229,
            43.461792293527125,
            0.0,
            102.66741486645351
        ],
        [
            0.0,
            27.638335650566155,
            43.23617570976303,
            48.19468590837092,
            36.41072689339874,
            44.88198209497537,
            37.38430971431982,
            91.58150486492879,
            8.376206780054678,
            15.711356845768298,
            78.39732125186386,
            57.5942432576046,
            86.03291264710505,
            53.47731520550969,
            70.11133388634435,
            80.79821918909596,
            58.66723165865093,
            79.19934673070529,
            48.09623506667921,
            67.55009144817545,
            64.86055112920411,
            22.987482661278193,
            80.47776333869297,
            102.66741486645351,
            0.0
        ]
    ],
    "scores_ave": [
        0,
        13.503758465036025,
        14.878917291064651,
        17.975879892972685,
        16.683566820251905,
        16.246392383774754,
        15.754043132598033,
        13.971141138125631,
        15.129603631943862,
        17.343133484119342,
        16.904567962096316,
        15.677226737251804,
        17.640559024758964,
        15.599081977366303,
        11.065020039075636,
        17.60345211656475,
        18.259112441915175,
        16.378698902036113,
        10.167128862138547,
        11.652107826214507,
        11.288404165634562,
        11.522749475597845,
        11.115040252568548,
        10.686839903401777,
        0
    ],
    "scores_var": [
        0,
        16.326115889484527,
        18.96853990407814,
        398.4428884972802,
        16.591567916924177,
        378.321155205752,
        289.99392589242814,
        21.486687692460176,
        286.9791232153752,
        16.096877479141263,
        17.96200936752466,
        21.518314650616723,
        23.855621466346264,
        297.59493290587216,
        24.280556485277693,
        348.6854090430816,
        20.470090878919287,
        288.74432717123767,
        378.85530562578253,
        342.9599532595247,
        17.566988924825495,
        303.59183613426353,
        17.695387026055368,
        17.479730953395414,
        0
    ],
    "vertex_number": 25,
    "minimum_distances": {
        "cost": 452.434245921942,
        "path": [
            0,
            8,
            9,
            1,
            13,
            15,
            3,
            2,
            6,
            11,
            16,
            20,
            19,
            14,
            17,
            7,
            23,
            22,
            12,
            10,
            18,
            5,
            4,
            21,
            24
        ]
    }
}