{
    "vertices": [
        [
            3.5002398423538583,
            74.2143183729537
        ],
        [
            26.20329800343172,
            70.23743293670447
        ],
        [
            47.972818443533285,
            27.630949663130078
        ],
        [
            77.66657197809629,
            60.5304806996403
        ],
        [
            36.91839954900284,
            8.162811353616428
        ],
        [
            85.37501779877262,
            55.00572434913489
        ],
        [
            13.31659120146168,
            86.08021782250049
        ],
        [
            3.5002398423538583,
            74.2143183729537
        ]
    ],
    "distances": [
        [
            0.0,
            23.048741129144894,
            64.40357511655279,
            75.41811609911011,
            74.02415131363992,
            84.09785579778334,
            15.40001051143189,
            0.0
        ],
        [
            23.048741129144894,
            0.0,
            47.84584033260753,
            52.37073123342878,
            62.992634853730955,
            61.100714971553145,
            20.422072498587106,
            23.048741129144894
        ],
        [
            64.40357511655279,
            47.84584033260753,
            0.0,
            44.31814686326214,
            22.387688275793565,
            46.34978754771801,
            67.95124012864001,
            64.40357511655279
        ],
        [
            75.41811609911011,
            52.37073123342878,
            44.31814686326214,
            0.0,
            66.35349537926106,
            9.483832015738802,
            69.23661670677231,
            75.41811609911011
        ],
        [
            74.02415131363992,
            62.992634853730955,
            22.387688275793565,
            66.35349537926106,
            0.0,
            67.39660488562932,
            81.41355899425696,
            74.02415131363992
        ],
        [
            84.09785579778334,
            61.100714971553145,
            46.34978754771801,
            9.483832015738802,
            67.39660488562932,
            0.0,
            78.47318642890889,
            84.09785579778334
        ],
        [
            15.40001051143189,
            20.422072498587106,
            67.95124012864001,
            69.23661670677231,
            81.41355899425696,
            78.47318642890889,
            0.0,
            15.40001051143189
        ],
        [
            0.0,
            23.048741129144894,
            64.40357511655279,
            75.41811609911011,
            74.02415131363992,
            84.09785579778334,
            15.40001051143189,
            0.0
        ]
    ],
    "scores_ave": [
        0,
        15.339161518911158,
        10.235953281004015,
        19.26226896345503,
        11.341650935823266,
        14.461085351106142,
        19.518128092434125,
        0
    ],
    "scores_var": [
        0,
        18.064236289445752,
        357.81600057439925,
        229.36183118217494,
        24.080536231116184,
        311.74224702068364,
        22.564048172598817,
        0
    ],
    "vertex_number": 8,
    "minimum_distances": {
        "cost": 248.8993110403304,
        "path": [
            0,
            6,
            3,
            5,
            2,
            4,
            1,
            7
        ]
    }
}