{
    "vertices": [
        [
            42.568234484286506,
            58.82813656280835
        ],
        [
            40.37621705006173,
            86.32732134631344
        ],
        [
            76.46152630573478,
            72.74710269950138
        ],
        [
            30.117167830387224,
            57.988288900558295
        ],
        [
            97.28575167116959,
            53.495405931708305
        ],
        [
            4.113568292552716,
            37.709076970891665
        ],
        [
            80.7245937143474,
            0.38595647027308555
        ],
        [
            93.96394243439403,
            75.76962124536695
        ],
        [
            30.950750883301893,
            13.892888801980941
        ],
        [
            87.37803881391457,
            50.90092017512314
        ],
        [
            63.90773311376152,
            35.52361795815301
        ],
        [
            58.37314453338701,
            12.448893176918386
        ],
        [
            94.15276422959327,
            66.72569249857307
        ],
        [
            45.63167451550174,
            9.38109142631519
        ],
        [
            82.93351191061208,
            75.44539974119182
        ],
        [
            91.80308526568504,
            41.82197200568627
        ],
        [
            62.64524137449805,
            50.32021876557777
        ],
        [
            91.67023830806379,
            71.82561108310279
        ],
        [
            87.83425171249088,
            42.08245564032591
        ],
        [
            62.48405604239667,
            74.60259211491199
        ],
        [
            53.66160306638608,
            52.16871709237269
        ],
        [
            31.364538657575846,
            14.403749585204107
        ],
        [
            42.568234484286506,
            58.82813656280835
        ]
    ],
    "distances": [
        [
            0.0,
            27.586411585947584,
            36.64004433414703,
            12.479359154845636,
            54.97676512019163,
            43.87226948728094,
            69.79538783946815,
            54.115919089876996,
            46.412739808656966,
            45.505596619720734,
            31.598651698325565,
            48.99825913956307,
            52.18558324674518,
            49.541850364668896,
            43.65190783051628,
            52.08915591954332,
            21.805294561505807,
            50.793120827686316,
            48.264170408924336,
            25.406168469483525,
            12.938728460769687,
            45.81537906111208,
            0.0
        ],
        [
            27.586411585947584,
            0.0,
            38.55608749047009,
            30.138826301853012,
            65.70106392276202,
            60.65239798275663,
            94.9416120370819,
            54.61784821180836,
            73.0450986068209,
            58.8574646842956,
            55.988825011857,
            76.0388818146383,
            57.237582758507095,
            77.12549599239075,
            43.92652460265708,
            68.01065280085429,
            42.33699187025405,
            53.3045609434547,
            64.88353562623725,
            25.02450439990141,
            36.65121725372959,
            72.48593327208418,
            27.586411585947584
        ],
        [
            36.64004433414703,
            38.55608749047009,
            0.0,
            48.63766181924653,
            28.359763583455223,
            80.38588355946504,
            72.48661412521719,
            17.761480476042887,
            74.39791107985633,
            24.42183318732841,
            39.283400308479266,
            62.952868296619506,
            18.687891269118957,
            70.46794410284221,
            7.011947275538686,
            34.52140118464452,
            26.341124734657786,
            15.236602888074472,
            32.70564878490067,
            14.100089217207165,
            30.71329441652058,
            73.74066142609368,
            36.64004433414703
        ],
        [
            12.479359154845636,
            30.138826301853012,
            48.63766181924653,
            0.0,
            67.31867981881398,
            32.97625851142607,
            76.67555187939381,
            66.27659019058981,
            44.103278455912125,
            57.697817473821665,
            40.57664035772958,
            53.59325314174107,
            64.62893955370622,
            51.02312773617988,
            55.62658465970087,
            63.76913212346397,
            33.41967785730531,
            63.0892381505226,
            59.86866712693798,
            36.38200824346011,
            24.252996652223683,
            43.602385270902055,
            12.479359154845636
        ],
        [
            54.97676512019163,
            65.70106392276202,
            28.359763583455223,
            67.31867981881398,
            0.0,
            94.50007374387455,
            55.631695776486595,
            22.52054804938709,
            77.25730834385027,
            10.241783555755303,
            37.90880222039605,
            56.55976665076102,
            13.596179351216177,
            67.92802390092342,
            26.225731913159116,
            12.89684808544441,
            34.78572648592763,
            19.171082682608944,
            14.818444109368201,
            40.70222754604687,
            43.64431743960092,
            76.64048486992226,
            54.97676512019163
        ],
        [
            43.87226948728094,
            60.65239798275663,
            80.38588355946504,
            32.97625851142607,
            94.50007374387455,
            0.0,
            85.2189212562713,
            97.5791717729668,
            35.880986445556005,
            84.30300574907022,
            59.834090431477655,
            59.85130323677355,
            94.59926417087007,
            50.26159477527362,
            87.38771977903035,
            87.78591739310184,
            59.87484990492588,
            93.96865628513989,
            83.83483329313522,
            69.05248221343489,
            51.61481320698297,
            35.85740746888218,
            43.87226948728094
        ],
        [
            69.79538783946815,
            94.9416120370819,
            72.48661412521719,
            76.67555187939381,
            55.631695776486595,
            85.2189212562713,
            0.0,
            76.53742397974162,
            51.57395322430651,
            50.95125012985719,
            38.95461532728025,
            25.398852778769076,
            67.68512642886206,
            36.22741269776412,
            75.09193927272126,
            42.89144854751425,
            53.10643588120656,
            72.27331033495251,
            42.2982893257964,
            76.425298304756,
            58.42824454369061,
            51.311924140695865,
            69.79538783946815
        ],
        [
            54.115919089876996,
            54.61784821180836,
            17.761480476042887,
            66.27659019058981,
            22.52054804938709,
            97.5791717729668,
            76.53742397974162,
            0.0,
            88.31416832719995,
            25.725987238965,
            50.23063307703887,
            72.63759011936406,
            9.045899670426763,
            82.11848155999178,
            11.035194476027598,
            34.01635184148873,
            40.355087940152345,
            4.562487784004179,
            34.24030132530444,
            31.50151114223555,
            46.70418862771202,
            87.66102644747376,
            54.115919089876996
        ],
        [
            46.412739808656966,
            73.0450986068209,
            74.39791107985633,
            44.103278455912125,
            77.25730834385027,
            35.880986445556005,
            51.57395322430651,
            88.31416832719995,
            0.0,
            67.48061358138162,
            39.4214550919484,
            27.46038595623573,
            82.37596516865482,
            15.35857526769812,
            80.56624011919703,
            66.95550976868793,
            48.28551641821058,
            83.92291977777828,
            63.48530810445723,
            68.41065275672133,
            44.50642468450429,
            0.6574184831399081,
            46.412739808656966
        ],
        [
            45.505596619720734,
            58.8574646842956,
            24.42183318732841,
            57.697817473821665,
            10.241783555755303,
            84.30300574907022,
            50.95125012985719,
            25.725987238965,
            67.48061358138162,
            0.0,
            28.059163799562366,
            48.16474096779975,
            17.213957230888827,
            58.87830764777582,
            24.94364240770266,
            10.099917621626798,
            24.739613645048227,
            21.360376075623314,
            8.830257468517207,
            34.37265818888617,
            33.740263018248754,
            66.85473551539793,
            45.505596619720734
        ],
        [
            31.598651698325565,
            55.988825011857,
            39.283400308479266,
            40.57664035772958,
            37.90880222039605,
            59.834090431477655,
            38.95461532728025,
            50.23063307703887,
            39.4214550919484,
            28.059163799562366,
            0.0,
            23.72919287467939,
            43.45493485006692,
            31.89742954149863,
            44.22362399848363,
            28.59755121313541,
            14.850362987011177,
            45.70110939033713,
            24.80920482394454,
            39.1048983830436,
            19.545907656993844,
            38.795725866437934,
            31.598651698325565
        ],
        [
            48.99825913956307,
            76.0388818146383,
            62.952868296619506,
            53.59325314174107,
            56.55976665076102,
            59.85130323677355,
            25.398852778769076,
            72.63759011936406,
            27.46038595623573,
            48.16474096779975,
            23.72919287467939,
            0.0,
            65.00886193595704,
            13.105589105327287,
            67.61487621083697,
            44.500996587109945,
            38.1115220538629,
            68.07562767356771,
            41.78641957013452,
            62.289500600901064,
            39.998287899233446,
            27.0792587589084,
            48.99825913956307
        ],
        [
            52.18558324674518,
            57.237582758507095,
            18.687891269118957,
            64.62893955370622,
            13.596179351216177,
            94.59926417087007,
            67.68512642886206,
            9.045899670426763,
            82.37596516865482,
            17.213957230888827,
            43.45493485006692,
            65.00886193595704,
            0.0,
            75.11790345303388,
            14.209325001348333,
            25.01432161025485,
            35.52271899599391,
            5.672045884854725,
            25.44037584786142,
            32.633611902633355,
            43.02835884996709,
            81.73094261485292,
            52.18558324674518
        ],
        [
            49.541850364668896,
            77.12549599239075,
            70.46794410284221,
            51.02312773617988,
            67.92802390092342,
            50.26159477527362,
            36.22741269776412,
            82.11848155999178,
            15.35857526769812,
            58.87830764777582,
            31.89742954149863,
            13.105589105327287,
            75.11790345303388,
            0.0,
            75.86777910400653,
            56.42880384544012,
            44.33366220566371,
            77.58135981824975,
            53.389481581349045,
            67.3635429234587,
            43.534591564306304,
            15.125417699011432,
            49.541850364668896
        ],
        [
            43.65190783051628,
            43.92652460265708,
            7.011947275538686,
            55.62658465970087,
            26.225731913159116,
            87.38771977903035,
            75.09193927272126,
            11.035194476027598,
            80.56624011919703,
            24.94364240770266,
            44.22362399848363,
            67.61487621083697,
            14.209325001348333,
            75.86777910400653,
            0.0,
            34.7736139074699,
            32.29378640549775,
            9.456915885909076,
            33.72096217018759,
            20.46681631326683,
            37.39851069920451,
            79.9089610503,
            43.65190783051628
        ],
        [
            52.08915591954332,
            68.01065280085429,
            34.52140118464452,
            63.76913212346397,
            12.89684808544441,
            87.78591739310184,
            42.89144854751425,
            34.01635184148873,
            66.95550976868793,
            10.099917621626798,
            28.59755121313541,
            44.500996587109945,
            25.01432161025485,
            56.42880384544012,
            34.7736139074699,
            0.0,
            30.371039797393124,
            30.00393317886881,
            3.977372436279365,
            43.979251123017214,
            39.519967083087366,
            66.36698604577141,
            52.08915591954332
        ],
        [
            21.805294561505807,
            42.33699187025405,
            26.341124734657786,
            33.41967785730531,
            34.78572648592763,
            59.87484990492588,
            53.10643588120656,
            40.355087940152345,
            48.28551641821058,
            24.739613645048227,
            14.850362987011177,
            38.1115220538629,
            35.52271899599391,
            44.33366220566371,
            32.29378640549775,
            30.371039797393124,
            0.0,
            36.123847327273495,
            26.501829806925958,
            24.28290831403317,
            9.171842961757497,
            47.62851163798,
            21.805294561505807
        ],
        [
            50.793120827686316,
            53.3045609434547,
            15.236602888074472,
            63.0892381505226,
            19.171082682608944,
            93.96865628513989,
            72.27331033495251,
            4.562487784004179,
            83.92291977777828,
            21.360376075623314,
            45.70110939033713,
            68.07562767356771,
            5.672045884854725,
            77.58135981824975,
            9.456915885909076,
            30.00393317886881,
            36.123847327273495,
            0.0,
            29.989499643285193,
            29.317995478814197,
            42.79076809660824,
            83.2709288300468,
            50.793120827686316
        ],
        [
            48.264170408924336,
            64.88353562623725,
            32.70564878490067,
            59.86866712693798,
            14.818444109368201,
            83.83483329313522,
            42.2982893257964,
            34.24030132530444,
            63.48530810445723,
            8.830257468517207,
            24.80920482394454,
            41.78641957013452,
            25.44037584786142,
            53.389481581349045,
            33.72096217018759,
            3.977372436279365,
            26.501829806925958,
            29.989499643285193,
            0.0,
            41.23338085626459,
            35.630079786174676,
            62.88830782737184,
            48.264170408924336
        ],
        [
            25.406168469483525,
            25.02450439990141,
            14.100089217207165,
            36.38200824346011,
            40.70222754604687,
            69.05248221343489,
            76.425298304756,
            31.50151114223555,
            68.41065275672133,
            34.37265818888617,
            39.1048983830436,
            62.289500600901064,
            32.633611902633355,
            67.3635429234587,
            20.46681631326683,
            43.979251123017214,
            24.28290831403317,
            29.317995478814197,
            41.23338085626459,
            0.0,
            24.106315044834844,
            67.76669539073549,
            25.406168469483525
        ],
        [
            12.938728460769687,
            36.65121725372959,
            30.71329441652058,
            24.252996652223683,
            43.64431743960092,
            51.61481320698297,
            58.42824454369061,
            46.70418862771202,
            44.50642468450429,
            33.740263018248754,
            19.545907656993844,
            39.998287899233446,
            43.02835884996709,
            43.534591564306304,
            37.39851069920451,
            39.519967083087366,
            9.171842961757497,
            42.79076809660824,
            35.630079786174676,
            24.106315044834844,
            0.0,
            43.85603552611807,
            12.938728460769687
        ],
        [
            45.81537906111208,
            72.48593327208418,
            73.74066142609368,
            43.602385270902055,
            76.64048486992226,
            35.85740746888218,
            51.311924140695865,
            87.66102644747376,
            0.6574184831399081,
            66.85473551539793,
            38.795725866437934,
            27.0792587589084,
            81.73094261485292,
            15.125417699011432,
            79.9089610503,
            66.36698604577141,
            47.62851163798,
            83.2709288300468,
            62.88830782737184,
            67.76669539073549,
            43.85603552611807,
            0.0,
            45.81537906111208
        ],
        [
            0.0,
            27.586411585947584,
            36.64004433414703,
            12.479359154845636,
            54.97676512019163,
            43.87226948728094,
            69.79538783946815,
            54.115919089876996,
            46.412739808656966,
            45.505596619720734,
            31.598651698325565,
            48.99825913956307,
            52.18558324674518,
            49.541850364668896,
            43.65190783051628,
            52.08915591954332,
            21.805294561505807,
            50.793120827686316,
            48.264170408924336,
            25.406168469483525,
            12.938728460769687,
            45.81537906111208,
            0.0
        ]
    ],
    "scores_ave": [
        0,
        17.45986078953407,
        13.546893664614643,
        14.96451705608926,
        15.092869401019648,
        17.338944564990904,
        10.787257640966967,
        18.589847300199867,
        12.04449277712959,
        10.553074052915743,
        14.433491252899636,
        17.145756793621203,
        10.066418323457354,
        13.560243098307382,
        10.874382673408583,
        16.400963218813263,
        13.414204126894292,
        13.79808769983813,
        14.273130967593673,
        12.372305348535084,
        16.521578482825994,
        15.649784052976269,
        0
    ],
    "scores_var": [
        0,
        17.465866819010134,
        20.882330723280997,
        263.62807600027617,
        317.86877906180445,
        392.775462134063,
        310.3069780634928,
        261.8472052494692,
        260.17609566120706,
        366.44069926317786,
        256.01168660941715,
        304.5665436186794,
        18.469312906466904,
        328.9960313092148,
        344.77255669495116,
        335.7980765630271,
        377.8287805620493,
        24.200501384324372,
        328.22349327454344,
        369.323450602081,
        359.22020592976173,
        24.902756729812246,
        0
    ],
    "vertex_number": 23,
    "minimum_distances": {
        "cost": 362.7060115193919,
        "path": [
            0,
            3,
            5,
            8,
            21,
            13,
            11,
            6,
            10,
            20,
            16,
            18,
            15,
            9,
            4,
            12,
            17,
            7,
            14,
            2,
            19,
            1,
            22
        ]
    }
}