{
    "vertices": [
        [
            19.816430149891296,
            39.87427024745456
        ],
        [
            58.61148841389945,
            44.412848645811266
        ],
        [
            13.2938073549282,
            10.637218131455061
        ],
        [
            4.134034186529211,
            22.544965773907165
        ],
        [
            42.534087892024694,
            67.01539751139373
        ],
        [
            38.32028326253939,
            89.58851971482704
        ],
        [
            35.485664217107505,
            26.392160437519564
        ],
        [
            32.345372242456435,
            49.016234738716136
        ],
        [
            13.450477155064245,
            94.5093132893895
        ],
        [
            27.27297715723441,
            1.9297803306164485
        ],
        [
            72.96726517484254,
            15.472727408470755
        ],
        [
            22.091277504753272,
            20.337726251792954
        ],
        [
            74.70114610440368,
            84.03833219579381
        ],
        [
            72.7307740624888,
            13.459415331950165
        ],
        [
            30.866468889479293,
            76.30669968271556
        ],
        [
            19.816430149891296,
            39.87427024745456
        ]
    ],
    "distances": [
        [
            0.0,
            39.05963696177702,
            29.955797845476308,
            23.37182784226739,
            35.39396505685758,
            53.0461985454057,
            20.67104692995385,
            15.509671328507835,
            55.00466603595036,
            38.670200520837064,
            58.48458392407649,
            19.668540408030896,
            70.44711784866897,
            59.14112234230757,
            38.071318215970244,
            0.0
        ],
        [
            39.05963696177702,
            0.0,
            56.51977913266251,
            58.70261766220086,
            27.737303812047447,
            49.52347183942671,
            29.318065220634725,
            26.666458749749474,
            67.44755523891081,
            52.791224472043,
            32.30509160553489,
            43.741711479267494,
            42.76746463338152,
            34.0215999203757,
            42.27296822290454,
            39.05963696177702
        ],
        [
            29.955797845476308,
            56.51977913266251,
            0.0,
            15.023178705348801,
            63.50978756132511,
            82.82289851280744,
            27.215743937266822,
            42.847532489095805,
            83.87224148434262,
            16.469264143160224,
            59.8690547624831,
            13.095622888194537,
            95.70049528700936,
            59.50393103345485,
            67.97999147263286,
            29.955797845476308
        ],
        [
            23.37182784226739,
            58.70261766220086,
            15.023178705348801,
            0.0,
            58.75528421770581,
            75.25647979354362,
            31.58679490473806,
            38.68601395224204,
            72.56489111764085,
            30.99026545002177,
            69.19559410676412,
            18.092387733460875,
            93.60102242137229,
            69.19580874911001,
            60.04121166356496,
            23.37182784226739
        ],
        [
            35.39396505685758,
            27.737303812047447,
            63.50978756132511,
            58.75528421770581,
            0.0,
            22.96305718902877,
            41.2301790762703,
            20.682837984790677,
            40.022141600701055,
            66.85087183172872,
            59.85670489482503,
            50.95795807083808,
            36.39367993632864,
            61.48238026363631,
            14.915147643498818,
            35.39396505685758
        ],
        [
            53.0461985454057,
            49.52347183942671,
            82.82289851280744,
            75.25647979354362,
            22.96305718902877,
            0.0,
            63.25989954970884,
            41.0098752726787,
            25.35195190171485,
            88.3521225699375,
            81.81420429748371,
            71.12702034491575,
            36.80179020937668,
            83.54473299515874,
            15.230433088833527,
            53.0461985454057
        ],
        [
            20.67104692995385,
            29.318065220634725,
            27.215743937266822,
            31.58679490473806,
            41.2301790762703,
            63.25989954970884,
            0.0,
            22.84097571628938,
            71.59256931766208,
            25.804190923918082,
            39.03978007149587,
            14.699175783335155,
            69.72040689810487,
            39.42656595951705,
            50.127818559508384,
            20.67104692995385
        ],
        [
            15.509671328507835,
            26.666458749749474,
            42.847532489095805,
            38.68601395224204,
            20.682837984790677,
            41.0098752726787,
            22.84097571628938,
            0.0,
            49.260910023885,
            47.35887858286591,
            52.68116427552134,
            30.45658069981456,
            54.95961144092505,
            53.80769542073738,
            27.330507349610407,
            15.509671328507835
        ],
        [
            55.00466603595036,
            67.44755523891081,
            83.87224148434262,
            72.56489111764085,
            40.022141600701055,
            25.35195190171485,
            71.59256931766208,
            49.260910023885,
            0.0,
            93.60572327146743,
            98.93952680250229,
            74.67320640202176,
            62.139245986767584,
            100.415335284725,
            25.192298628888242,
            55.00466603595036
        ],
        [
            38.670200520837064,
            52.791224472043,
            16.469264143160224,
            30.99026545002177,
            66.85087183172872,
            88.3521225699375,
            25.804190923918082,
            47.35887858286591,
            93.60572327146743,
            0.0,
            47.658990473883186,
            19.123349192165108,
            94.82217830801902,
            46.89716177705572,
            74.46367782441563,
            38.670200520837064
        ],
        [
            58.48458392407649,
            32.30509160553489,
            59.8690547624831,
            69.19559410676412,
            59.85670489482503,
            81.81420429748371,
            39.03978007149587,
            52.68116427552134,
            98.93952680250229,
            47.658990473883186,
            0.0,
            51.10806526520644,
            68.58752439714728,
            2.027154055242461,
            73.98141138505835,
            58.48458392407649
        ],
        [
            19.668540408030896,
            43.741711479267494,
            13.095622888194537,
            18.092387733460875,
            50.95795807083808,
            71.12702034491575,
            14.699175783335155,
            30.45658069981456,
            74.67320640202176,
            19.123349192165108,
            51.10806526520644,
            0.0,
            82.61698052885592,
            51.10449855669203,
            56.652713710376574,
            19.668540408030896
        ],
        [
            70.44711784866897,
            42.76746463338152,
            95.70049528700936,
            93.60102242137229,
            36.39367993632864,
            36.80179020937668,
            69.72040689810487,
            54.95961144092505,
            62.139245986767584,
            94.82217830801902,
            68.58752439714728,
            82.61698052885592,
            0.0,
            70.60641523018226,
            44.51131393088615,
            70.44711784866897
        ],
        [
            59.14112234230757,
            34.0215999203757,
            59.50393103345485,
            69.19580874911001,
            61.48238026363631,
            83.54473299515874,
            39.42656595951705,
            53.80769542073738,
            100.415335284725,
            46.89716177705572,
            2.027154055242461,
            51.10449855669203,
            70.60641523018226,
            0.0,
            75.51424499976697,
            59.14112234230757
        ],
        [
            38.071318215970244,
            42.27296822290454,
            67.97999147263286,
            60.04121166356496,
            14.915147643498818,
            15.230433088833527,
            50.127818559508384,
            27.330507349610407,
            25.192298628888242,
            74.46367782441563,
            73.98141138505835,
            56.652713710376574,
            44.51131393088615,
            75.51424499976697,
            0.0,
            38.071318215970244
        ],
        [
            0.0,
            39.05963696177702,
            29.955797845476308,
            23.37182784226739,
            35.39396505685758,
            53.0461985454057,
            20.67104692995385,
            15.509671328507835,
            55.00466603595036,
            38.670200520837064,
            58.48458392407649,
            19.668540408030896,
            70.44711784866897,
            59.14112234230757,
            38.071318215970244,
            0.0
        ]
    ],
    "scores_ave": [
        0,
        18.786445939664084,
        13.005034980751464,
        19.10196861497905,
        13.927342218199197,
        15.182898510722296,
        14.383335874291745,
        15.237338713534905,
        17.437395464581563,
        13.750790243540365,
        10.149223704086484,
        19.97909689900298,
        16.642723309623513,
        13.563222343243183,
        10.086969126597223,
        0
    ],
    "scores_var": [
        0,
        23.381544129403856,
        17.71075898752394,
        308.2086413639111,
        23.62191755614629,
        17.973737186962165,
        396.8883540149262,
        389.0629223627317,
        261.05251022694705,
        257.1927933990184,
        20.563706433094435,
        363.8035429319512,
        227.81719407127318,
        255.10357477414522,
        345.4575856538634,
        0
    ],
    "vertex_number": 16,
    "minimum_distances": {
        "cost": 356.7628104530452,
        "path": [
            0,
            3,
            2,
            9,
            11,
            6,
            13,
            10,
            1,
            4,
            12,
            5,
            8,
            14,
            7,
            15
        ]
    }
}