{
    "vertices": [
        [
            50.79178699895475,
            6.7618111716250535
        ],
        [
            14.69921142770475,
            42.6520427421564
        ],
        [
            5.121381096905287,
            17.018491427860837
        ],
        [
            65.89152211795258,
            99.22965997781688
        ],
        [
            7.350104263192425,
            53.41156472899664
        ],
        [
            15.174605983200296,
            89.88036009275146
        ],
        [
            22.250882454251418,
            18.878359985181024
        ],
        [
            78.24506325338251,
            34.214905085811466
        ],
        [
            83.56421413577634,
            96.7595328112718
        ],
        [
            58.64830749368705,
            56.935651201084156
        ],
        [
            57.32226545759143,
            57.32075718373949
        ],
        [
            40.84400539951412,
            66.16553261887793
        ],
        [
            7.883240589972241,
            37.58596125279521
        ],
        [
            58.935013899642364,
            70.26113050130888
        ],
        [
            25.362755962336415,
            43.046867967729966
        ],
        [
            26.65419786564909,
            12.80787515836337
        ],
        [
            97.14262945658757,
            56.14041288376534
        ],
        [
            33.84289417726196,
            63.79744857287869
        ],
        [
            40.95304882805326,
            74.22201503593533
        ],
        [
            89.0023671829087,
            18.140781605859523
        ],
        [
            50.79178699895475,
            6.7618111716250535
        ]
    ],
    "distances": [
        [
            0.0,
            50.89973215600212,
            46.807963693549105,
            93.6926094391049,
            63.74464138951707,
            90.42829622558806,
            31.006353984000633,
            38.824666676779934,
            95.77902630934196,
            50.785225583686255,
            50.978958117586316,
            60.23089307434334,
            52.83248605884743,
            64.01933848212774,
            44.308475105309796,
            24.883289551424053,
            67.72478795521239,
            59.50066303536888,
            68.17389437467877,
            39.86890274559305,
            0.0
        ],
        [
            50.89973215600212,
            0.0,
            27.36446211472474,
            76.29993083792257,
            13.02983842957329,
            47.230709922167314,
            24.94425238652168,
            64.10351453768433,
            87.57858801991574,
            46.211952086282764,
            45.076556192807665,
            35.16296998279647,
            8.492504937747642,
            52.14468282796306,
            10.670851371883224,
            32.149588481051445,
            83.53953139300081,
            28.5238282311761,
            41.06004297213908,
            78.24168248238169,
            50.89973215600212
        ],
        [
            46.807963693549105,
            27.36446211472474,
            0.0,
            102.23348900466644,
            36.46125328693171,
            73.55215317007512,
            17.230174920813518,
            75.1185032785988,
            111.85665709324171,
            66.77208618762431,
            65.94850228091003,
            60.758024530895256,
            20.7520765914891,
            75.70129253145733,
            32.97255892017052,
            21.940635527833987,
            99.99217413416058,
            54.89258734292379,
            67.49927055587287,
            83.8884936210201,
            46.807963693549105
        ],
        [
            93.6926094391049,
            76.29993083792257,
            102.23348900466644,
            0.0,
            74.3397300013633,
            51.57145519141748,
            91.43761174026567,
            66.1780048977929,
            17.844482939434133,
            42.90975805687465,
            42.77602474651626,
            41.480291847678565,
            84.6457696422607,
            29.79209134355509,
            69.275443009376,
            94.91202508565671,
            53.22889182599159,
            47.7761044657792,
            35.31727276518156,
            84.31795393176057,
            93.6926094391049
        ],
        [
            63.74464138951707,
            13.02983842957329,
            36.46125328693171,
            74.3397300013633,
            0.0,
            37.29873808119829,
            37.61084179565021,
            73.44798807099504,
            87.67917016334175,
            51.41910967859983,
            50.12483097315357,
            35.839993167770196,
            15.834581135252396,
            54.26703206290337,
            20.781784335992104,
            44.95895502078269,
            89.83398128135192,
            28.455834211100452,
            39.52508982161426,
            88.94447808621875,
            63.74464138951707
        ],
        [
            90.42829622558806,
            47.230709922167314,
            73.55215317007512,
            51.57145519141748,
            37.29873808119829,
            0.0,
            71.35375048285958,
            84.12208664435008,
            68.7347184511156,
            54.54646246072793,
            53.25929910130036,
            34.9472618170557,
            52.80026665964843,
            47.95714202050766,
            47.9288471029903,
            77.92271147585319,
            88.64051505829,
            32.07527486164466,
            30.1614304273466,
            102.9422432494945,
            90.42829622558806
        ],
        [
            31.006353984000633,
            24.94425238652168,
            17.230174920813518,
            91.43761174026567,
            37.61084179565021,
            71.35375048285958,
            0.0,
            58.056506086651936,
            99.12013782605484,
            52.66051617856963,
            52.036715962277086,
            50.811228252687506,
            23.588206331305216,
            63.134100182197734,
            24.368022792849917,
            7.499331479863763,
            83.6494731321054,
            46.39072380698371,
            58.41824356697356,
            66.75555958379654,
            31.006353984000633
        ],
        [
            38.824666676779934,
            64.10351453768433,
            75.1185032785988,
            66.1780048977929,
            73.44798807099504,
            84.12208664435008,
            58.056506086651936,
            0.0,
            62.770405633754606,
            30.004418680251685,
            31.17120255580277,
            49.190260502920246,
            70.44253053516856,
            40.89264448221382,
            53.614755364285806,
            55.8558709695757,
            28.945567892212004,
            53.35428284429114,
            54.692441767215556,
            19.34158818403861,
            38.824666676779934
        ],
        [
            95.77902630934196,
            87.57858801991574,
            111.85665709324171,
            17.844482939434133,
            87.67917016334175,
            68.7347184511156,
            99.12013782605484,
            62.770405633754606,
            0.0,
            46.975993340211026,
            47.37147763609794,
            52.54530504471366,
            96.06831594145308,
            36.176827241374134,
            79.19886424759721,
            101.42302881760772,
            42.82856834298332,
            59.65491308983597,
            48.20426450383523,
            78.80660854054405,
            95.77902630934196
        ],
        [
            50.785225583686255,
            46.211952086282764,
            66.77208618762431,
            42.90975805687465,
            51.41910967859983,
            54.54646246072793,
            52.66051617856963,
            30.004418680251685,
            46.975993340211026,
            0.0,
            1.3808309452534555,
            20.054522782831445,
            54.327732502227214,
            13.328563281311814,
            36.06696882812997,
            54.50581317040811,
            38.502535336842136,
            25.736992694762254,
            24.73743224092869,
            49.25861190215692,
            50.785225583686255
        ],
        [
            50.978958117586316,
            45.076556192807665,
            65.94850228091003,
            42.77602474651626,
            50.12483097315357,
            53.25929910130036,
            52.036715962277086,
            31.17120255580277,
            47.37147763609794,
            1.3808309452534555,
            0.0,
            18.701954631525936,
            53.23231490642768,
            13.040483853576895,
            35.0022022239774,
            54.05485210440406,
            39.83785387893065,
            24.356280649346076,
            23.528785987618665,
            50.38550715840539,
            50.978958117586316
        ],
        [
            60.23089307434334,
            35.16296998279647,
            60.758024530895256,
            41.480291847678565,
            35.839993167770196,
            34.9472618170557,
            50.811228252687506,
            49.190260502920246,
            52.54530504471366,
            20.054522782831445,
            18.701954631525936,
            0.0,
            43.62572539567623,
            18.548814263081223,
            27.823402728429055,
            55.212229148276,
            57.184246925381764,
            7.390763180840069,
            8.057220327486556,
            68.01179691437899,
            60.23089307434334
        ],
        [
            52.83248605884743,
            8.492504937747642,
            20.7520765914891,
            84.6457696422607,
            15.834581135252396,
            52.80026665964843,
            23.588206331305216,
            70.44253053516856,
            96.06831594145308,
            54.327732502227214,
            53.23231490642768,
            43.62572539567623,
            0.0,
            60.61311940067893,
            18.312699413301555,
            31.08540473515444,
            91.16746226679595,
            36.890997301550165,
            49.353952766770234,
            83.41719073849498,
            52.83248605884743
        ],
        [
            64.01933848212774,
            52.14468282796306,
            75.70129253145733,
            29.79209134355509,
            54.26703206290337,
            47.95714202050766,
            63.134100182197734,
            40.89264448221382,
            36.176827241374134,
            13.328563281311814,
            13.040483853576895,
            18.548814263081223,
            60.61311940067893,
            0.0,
            43.2170404846926,
            65.90089250778182,
            40.73348195995189,
            25.911265045037585,
            18.413030009547406,
            60.17122653265526,
            64.01933848212774
        ],
        [
            44.308475105309796,
            10.670851371883224,
            32.97255892017052,
            69.275443009376,
            20.781784335992104,
            47.9288471029903,
            24.368022792849917,
            53.614755364285806,
            79.19886424759721,
            36.06696882812997,
            35.0022022239774,
            27.823402728429055,
            18.312699413301555,
            43.2170404846926,
            0.0,
            30.266557589434523,
            72.96431427293027,
            22.416497041130558,
            34.85609023345928,
            68.33969018199116,
            44.308475105309796
        ],
        [
            24.883289551424053,
            32.149588481051445,
            21.940635527833987,
            94.91202508565671,
            44.95895502078269,
            77.92271147585319,
            7.499331479863763,
            55.8558709695757,
            101.42302881760772,
            54.50581317040811,
            54.05485210440406,
            55.212229148276,
            31.08540473515444,
            65.90089250778182,
            30.266557589434523,
            0.0,
            82.74253932454455,
            51.493824403076175,
            63.05674996181631,
            62.57582686941834,
            24.883289551424053
        ],
        [
            67.72478795521239,
            83.53953139300081,
            99.99217413416058,
            53.22889182599159,
            89.83398128135192,
            88.64051505829,
            83.6494731321054,
            28.945567892212004,
            42.82856834298332,
            38.502535336842136,
            39.83785387893065,
            57.184246925381764,
            91.16746226679595,
            40.73348195995189,
            72.96431427293027,
            82.74253932454455,
            0.0,
            63.76116907630423,
            59.02722513891295,
            38.86175301168332,
            67.72478795521239
        ],
        [
            59.50066303536888,
            28.5238282311761,
            54.89258734292379,
            47.7761044657792,
            28.455834211100452,
            32.07527486164466,
            46.39072380698371,
            53.35428284429114,
            59.65491308983597,
            25.736992694762254,
            24.356280649346076,
            7.390763180840069,
            36.890997301550165,
            25.911265045037585,
            22.416497041130558,
            51.493824403076175,
            63.76116907630423,
            0.0,
            12.618473960858115,
            71.60376177826114,
            59.50066303536888
        ],
        [
            68.17389437467877,
            41.06004297213908,
            67.49927055587287,
            35.31727276518156,
            39.52508982161426,
            30.1614304273466,
            58.41824356697356,
            54.692441767215556,
            48.20426450383523,
            24.73743224092869,
            23.528785987618665,
            8.057220327486556,
            49.353952766770234,
            18.413030009547406,
            34.85609023345928,
            63.05674996181631,
            59.02722513891295,
            12.618473960858115,
            0.0,
            73.85013024636382,
            68.17389437467877
        ],
        [
            39.86890274559305,
            78.24168248238169,
            83.8884936210201,
            84.31795393176057,
            88.94447808621875,
            102.9422432494945,
            66.75555958379654,
            19.34158818403861,
            78.80660854054405,
            49.25861190215692,
            50.38550715840539,
            68.01179691437899,
            83.41719073849498,
            60.17122653265526,
            68.33969018199116,
            62.57582686941834,
            38.86175301168332,
            71.60376177826114,
            73.85013024636382,
            0.0,
            39.86890274559305
        ],
        [
            0.0,
            50.89973215600212,
            46.807963693549105,
            93.6926094391049,
            63.74464138951707,
            90.42829622558806,
            31.006353984000633,
            38.824666676779934,
            95.77902630934196,
            50.785225583686255,
            50.978958117586316,
            60.23089307434334,
            52.83248605884743,
            64.01933848212774,
            44.308475105309796,
            24.883289551424053,
            67.72478795521239,
            59.50066303536888,
            68.17389437467877,
            39.86890274559305,
            0.0
        ]
    ],
    "scores_ave": [
        0,
        10.23969124650225,
        18.806328059190875,
        16.90168131647784,
        14.745545861186413,
        10.29816650491066,
        14.599147965587262,
        15.504095722752009,
        16.64819653613588,
        19.435815214166105,
        17.0609542180447,
        10.78982246965927,
        10.758385735749393,
        10.504176015018198,
        13.160958585228677,
        15.879868146080826,
        17.989909296705196,
        18.363485635341004,
        17.649335838109934,
        13.5774687971929,
        0
    ],
    "scores_var": [
        0,
        357.50436925152354,
        343.371410101621,
        16.860852611239583,
        20.991104710184015,
        228.3683511043781,
        274.49353292947933,
        372.8453651084087,
        279.79619836404555,
        266.7038892836916,
        261.80165464451267,
        293.0908204347401,
        24.892505462384037,
        23.96908292062222,
        269.4707454139883,
        18.269699901223582,
        17.961164934926742,
        19.523880231344123,
        24.21274742093358,
        19.081791439177135,
        0
    ],
    "vertex_number": 21,
    "minimum_distances": {
        "cost": 409.81196914536383,
        "path": [
            0,
            19,
            7,
            16,
            8,
            3,
            13,
            9,
            10,
            11,
            17,
            18,
            5,
            4,
            14,
            1,
            12,
            2,
            6,
            15,
            20
        ]
    }
}