{
    "vertices": [
        [
            12.085880806684646,
            24.809649950973267
        ],
        [
            86.9235846285496,
            38.76978033853094
        ],
        [
            78.33929549097991,
            66.8533821183526
        ],
        [
            58.49101142516729,
            67.04380504317663
        ],
        [
            63.42542151359508,
            36.35617834177856
        ],
        [
            11.588921923491514,
            64.84328005506276
        ],
        [
            72.51270538505237,
            2.340251300589291
        ],
        [
            22.669737987658678,
            52.830822069743924
        ],
        [
            68.01173782112518,
            48.82375491683838
        ],
        [
            43.59931300075044,
            98.41182411303113
        ],
        [
            75.10854384332397,
            96.19603145498962
        ],
        [
            23.698372524388333,
            82.13889938940943
        ],
        [
            95.03666671216158,
            48.97085712463141
        ],
        [
            62.40904876044478,
            93.80314268366327
        ],
        [
            12.085880806684646,
            24.809649950973267
        ]
    ],
    "distances": [
        [
            0.0,
            76.12862243444836,
            78.46776645152784,
            62.74679277915902,
            52.621960794673804,
            40.036714493607555,
            64.46917871614856,
            29.95336574972879,
            60.86360751805003,
            80.06482654719163,
            95.22537225165756,
            58.493527890427075,
            86.39789820605998,
            85.39627200503602,
            0.0
        ],
        [
            76.12862243444836,
            0.0,
            29.366285242178645,
            40.097776646150955,
            23.62179384330784,
            79.71912438275308,
            39.176319716084784,
            65.77438485244878,
            21.41822482113636,
            73.71679522116192,
            58.62908413106175,
            76.6701241218863,
            13.03395828178621,
            60.246439229544734,
            76.12862243444836
        ],
        [
            78.46776645152784,
            29.366285242178645,
            0.0,
            19.84919749630926,
            33.94853568569929,
            66.78063253447137,
            64.77571458635046,
            57.40846473241054,
            20.778014930444066,
            46.9340137272846,
            29.519973345206065,
            56.738677292344164,
            24.466035760805404,
            31.305947604621377,
            78.46776645152784
        ],
        [
            62.74679277915902,
            40.097776646150955,
            19.84919749630926,
            0.0,
            31.081808755044133,
            46.95368260154382,
            66.20542098970874,
            38.53793605900357,
            20.557588810776615,
            34.72341144430562,
            33.5558443260499,
            37.92610703725952,
            40.77028779420451,
            27.044651366179473,
            62.74679277915902
        ],
        [
            52.621960794673804,
            23.62179384330784,
            33.94853568569929,
            31.081808755044133,
            0.0,
            59.14843745846383,
            35.208834411720574,
            43.95952258191247,
            13.284380411885868,
            65.14581913561504,
            60.96969220835944,
            60.61597122801891,
            34.03528968289312,
            57.455954658078035,
            52.621960794673804
        ],
        [
            40.036714493607555,
            79.71912438275308,
            66.78063253447137,
            46.95368260154382,
            59.14843745846383,
            0.0,
            87.28307965896765,
            16.3426935202541,
            58.65287153645988,
            46.384397021960105,
            70.83598936405191,
            21.113437475081753,
            84.9438633451381,
            58.49238356565263,
            40.036714493607555
        ],
        [
            64.46917871614856,
            39.176319716084784,
            64.77571458635046,
            66.20542098970874,
            35.208834411720574,
            87.28307965896765,
            0.0,
            70.9480030414716,
            46.70090810094989,
            100.32811850037318,
            93.89167080041004,
            93.54498024712531,
            51.78554077522317,
            92.01926090411706,
            64.46917871614856
        ],
        [
            29.95336574972879,
            65.77438485244878,
            57.40846473241054,
            38.53793605900357,
            43.95952258191247,
            16.3426935202541,
            70.9480030414716,
            0.0,
            45.5187163270887,
            50.15650364109113,
            68.04682023867359,
            29.326122914317274,
            72.46979855356837,
            57.07840114426712,
            29.95336574972879
        ],
        [
            60.86360751805003,
            21.41822482113636,
            20.778014930444066,
            20.557588810776615,
            13.284380411885868,
            58.65287153645988,
            46.70090810094989,
            45.5187163270887,
            0.0,
            55.27153962227621,
            47.9009106398176,
            55.43981597327252,
            27.02532924175229,
            45.32698366965382,
            60.86360751805003
        ],
        [
            80.06482654719163,
            73.71679522116192,
            46.9340137272846,
            34.72341144430562,
            65.14581913561504,
            46.384397021960105,
            100.32811850037318,
            50.15650364109113,
            55.27153962227621,
            0.0,
            31.587044264920035,
            25.707110123550763,
            71.34571166917358,
            19.366107091176694,
            80.06482654719163
        ],
        [
            95.22537225165756,
            58.62908413106175,
            29.519973345206065,
            33.5558443260499,
            60.96969220835944,
            70.83598936405191,
            93.89167080041004,
            68.04682023867359,
            47.9009106398176,
            31.587044264920035,
            0.0,
            53.29736088167476,
            51.25765476110093,
            12.922967617076676,
            95.22537225165756
        ],
        [
            58.493527890427075,
            76.6701241218863,
            56.738677292344164,
            37.92610703725952,
            60.61597122801891,
            21.113437475081753,
            93.54498024712531,
            29.326122914317274,
            55.43981597327252,
            25.707110123550763,
            53.29736088167476,
            0.0,
            78.67192158133284,
            40.429828422593275,
            58.493527890427075
        ],
        [
            86.39789820605998,
            13.03395828178621,
            24.466035760805404,
            40.77028779420451,
            34.03528968289312,
            84.9438633451381,
            51.78554077522317,
            72.46979855356837,
            27.02532924175229,
            71.34571166917358,
            51.25765476110093,
            78.67192158133284,
            0.0,
            55.448131453185766,
            86.39789820605998
        ],
        [
            85.39627200503602,
            60.246439229544734,
            31.305947604621377,
            27.044651366179473,
            57.455954658078035,
            58.49238356565263,
            92.01926090411706,
            57.07840114426712,
            45.32698366965382,
            19.366107091176694,
            12.922967617076676,
            40.429828422593275,
            55.448131453185766,
            0.0,
            85.39627200503602
        ],
        [
            0.0,
            76.12862243444836,
            78.46776645152784,
            62.74679277915902,
            52.621960794673804,
            40.036714493607555,
            64.46917871614856,
            29.95336574972879,
            60.86360751805003,
            80.06482654719163,
            95.22537225165756,
            58.493527890427075,
            86.39789820605998,
            85.39627200503602,
            0.0
        ]
    ],
    "scores_ave": [
        0,
        18.241796230035344,
        13.983806495074967,
        14.991300247530418,
        14.543286041821837,
        18.47298399979168,
        12.364331878970848,
        17.21738938002567,
        15.570079955064552,
        10.674043163776778,
        10.130186851594381,
        11.121271462035006,
        12.645553505197816,
        19.13944161016464,
        0
    ],
    "scores_var": [
        0,
        320.7295774765476,
        16.728227368638397,
        19.1863349844544,
        351.4802831520686,
        369.3338264423138,
        21.256154836565724,
        386.6002139992759,
        263.59484729390914,
        396.56319730178586,
        248.30355459492552,
        373.5342384479751,
        399.76676130873835,
        350.36411938101105,
        0
    ],
    "vertex_number": 15,
    "minimum_distances": {
        "cost": 350.69133580271085,
        "path": [
            0,
            6,
            4,
            8,
            1,
            12,
            2,
            3,
            10,
            13,
            9,
            11,
            5,
            7,
            14
        ]
    }
}