{
    "vertices": [
        [
            11.27224815734359,
            56.905976564155814
        ],
        [
            96.20958362174783,
            6.369913107856961
        ],
        [
            9.70850757730356,
            32.80861052491528
        ],
        [
            86.70289856809892,
            77.38532201625671
        ],
        [
            50.441688212985255,
            92.10683377388659
        ],
        [
            62.111505923093716,
            23.765111513008453
        ],
        [
            82.32886122927026,
            4.732775033756642
        ],
        [
            58.80037799982589,
            90.30833298091207
        ],
        [
            13.443798255297501,
            18.446193345720673
        ],
        [
            41.01345882615705,
            2.1337842755855707
        ],
        [
            22.40574849587802,
            90.47900955418604
        ],
        [
            61.069170516049866,
            80.62223758060244
        ],
        [
            40.65302821723012,
            71.5088036991894
        ],
        [
            95.07584299732908,
            69.37542542314733
        ],
        [
            11.27224815734359,
            56.905976564155814
        ]
    ],
    "distances": [
        [
            0.0,
            98.83443056674028,
            24.14805032773468,
            78.16128588717096,
            52.66256148890178,
            60.687289167590485,
            88.15375896231055,
            58.091656376074134,
            38.52104041996983,
            62.3260191263878,
            35.37093968129492,
            55.156092256424834,
            32.8096448816975,
            84.72620411036628,
            0.0
        ],
        [
            98.83443056674028,
            0.0,
            90.45131772372083,
            71.64890343289628,
            97.18806416140045,
            38.27886924006557,
            13.976933684134622,
            91.89726326745824,
            83.64216503480013,
            55.35844090953097,
            111.89882119264912,
            82.14777125914608,
            85.61311766245184,
            63.01571192897581,
            98.83443056674028
        ],
        [
            24.14805032773468,
            90.45131772372083,
            0.0,
            88.96751908098685,
            71.94074843358189,
            53.17761850635327,
            77.8586430851663,
            75.60575258601943,
            14.84019621428008,
            43.828585855804896,
            59.051628691676534,
            70.17165118285195,
            49.55066406579204,
            92.86933782749131,
            24.14805032773468
        ],
        [
            78.16128588717096,
            71.64890343289628,
            88.96751908098685,
            0.0,
            39.135639573767506,
            58.99036842259481,
            72.7840970658141,
            30.74987587707472,
            94.0250853075024,
            88.03589515798764,
            65.61682833504392,
            25.837291580525815,
            46.42331339814784,
            11.587262051377,
            78.16128588717096
        ],
        [
            52.66256148890178,
            97.18806416140045,
            71.94074843358189,
            39.135639573767506,
            0.0,
            69.33091407857081,
            93.01084852690128,
            8.549988307299836,
            82.43017535835239,
            90.46569043230907,
            28.083157363649743,
            15.647342580283343,
            22.805628854969704,
            50.08916748081187,
            52.66256148890178
        ],
        [
            60.687289167590485,
            38.27886924006557,
            53.17761850635327,
            58.99036842259481,
            69.33091407857081,
            0.0,
            27.766369720142457,
            66.62554983976277,
            48.95749850746435,
            30.216583350157755,
            77.63563205588999,
            56.8666795915416,
            52.34430636680403,
            56.27564529816799,
            60.687289167590485
        ],
        [
            88.15375896231055,
            13.976933684134622,
            77.8586430851663,
            72.7840970658141,
            93.01084852690128,
            27.766369720142457,
            0.0,
            88.75114444921374,
            70.23681187758385,
            41.397067875542,
            104.60973269295413,
            78.81107139781125,
            78.71412237695439,
            65.88746309853049,
            88.15375896231055
        ],
        [
            58.091656376074134,
            91.89726326745824,
            75.60575258601943,
            30.74987587707472,
            8.549988307299836,
            66.62554983976277,
            88.75114444921374,
            0.0,
            84.97874110075713,
            89.95068389444643,
            36.39502970492396,
            9.948259324403098,
            26.129458573537775,
            41.88192903397601,
            58.091656376074134
        ],
        [
            38.52104041996983,
            83.64216503480013,
            14.84019621428008,
            94.0250853075024,
            82.43017535835239,
            48.95749850746435,
            70.23681187758385,
            84.97874110075713,
            0.0,
            32.03405802679132,
            72.58817509096913,
            78.3200903962273,
            59.632061951985015,
            96.2163053165181,
            38.52104041996983
        ],
        [
            62.3260191263878,
            55.35844090953097,
            43.828585855804896,
            88.03589515798764,
            90.46569043230907,
            30.216583350157755,
            41.397067875542,
            89.95068389444643,
            32.03405802679132,
            0.0,
            90.2835849601811,
            81.0103010338927,
            69.3759557069253,
            86.27965974949636,
            62.3260191263878
        ],
        [
            35.37093968129492,
            111.89882119264912,
            59.051628691676534,
            65.61682833504392,
            28.083157363649743,
            77.63563205588999,
            104.60973269295413,
            36.39502970492396,
            72.58817509096913,
            90.2835849601811,
            0.0,
            39.90007714339826,
            26.321700693728292,
            75.67234566224082,
            35.37093968129492
        ],
        [
            55.156092256424834,
            82.14777125914608,
            70.17165118285195,
            25.837291580525815,
            15.647342580283343,
            56.8666795915416,
            78.81107139781125,
            9.948259324403098,
            78.3200903962273,
            81.0103010338927,
            39.90007714339826,
            0.0,
            22.357851942361187,
            35.818215435083765,
            55.156092256424834
        ],
        [
            32.8096448816975,
            85.61311766245184,
            49.55066406579204,
            46.42331339814784,
            22.805628854969704,
            52.34430636680403,
            78.71412237695439,
            26.129458573537775,
            59.632061951985015,
            69.3759557069253,
            26.321700693728292,
            22.357851942361187,
            0.0,
            54.46461302036071,
            32.8096448816975
        ],
        [
            84.72620411036628,
            63.01571192897581,
            92.86933782749131,
            11.587262051377,
            50.08916748081187,
            56.27564529816799,
            65.88746309853049,
            41.88192903397601,
            96.2163053165181,
            86.27965974949636,
            75.67234566224082,
            35.818215435083765,
            54.46461302036071,
            0.0,
            84.72620411036628
        ],
        [
            0.0,
            98.83443056674028,
            24.14805032773468,
            78.16128588717096,
            52.66256148890178,
            60.687289167590485,
            88.15375896231055,
            58.091656376074134,
            38.52104041996983,
            62.3260191263878,
            35.37093968129492,
            55.156092256424834,
            32.8096448816975,
            84.72620411036628,
            0.0
        ]
    ],
    "scores_ave": [
        0,
        10.278894869508829,
        15.390679606334645,
        15.591466652881332,
        17.967703375169574,
        13.908013118992162,
        18.786130729133433,
        18.42921660116038,
        12.57076930872039,
        18.543537606720886,
        11.960863347122181,
        17.293064236982275,
        11.483231771006256,
        10.184409684119402,
        0
    ],
    "scores_var": [
        0,
        18.672040072883533,
        391.346277875356,
        17.112406999627915,
        340.19481107423934,
        251.10960592028735,
        399.7049310770467,
        18.77351201929089,
        22.73874002847899,
        357.16520513624437,
        16.51266757397267,
        327.211174867194,
        17.28133376138483,
        19.083700888631622,
        0
    ],
    "vertex_number": 15,
    "minimum_distances": {
        "cost": 346.4189737458154,
        "path": [
            0,
            10,
            12,
            4,
            7,
            11,
            3,
            13,
            1,
            6,
            5,
            9,
            8,
            2,
            14
        ]
    }
}