{
    "vertices": [
        [
            3.7175982819636744,
            63.72537595491752
        ],
        [
            88.7420186021913,
            19.2686096227892
        ],
        [
            9.287401766182846,
            55.17211515117759
        ],
        [
            19.11511882653867,
            52.846270089336564
        ],
        [
            49.915832934989645,
            74.07010456643319
        ],
        [
            24.006680896045562,
            34.92033304606387
        ],
        [
            41.709858342867726,
            53.77168576119199
        ],
        [
            63.02769229029573,
            10.190766273621698
        ],
        [
            80.72335941884505,
            84.21966632185604
        ],
        [
            89.19071483359221,
            7.040304173328227
        ],
        [
            95.52573171049654,
            49.90751749577296
        ],
        [
            7.959541585127717,
            15.611609228912027
        ],
        [
            69.10236467964643,
            1.8588118050749447
        ],
        [
            36.39456102726989,
            93.32678609040718
        ],
        [
            17.240079253134855,
            58.0901303274532
        ],
        [
            27.087043726705883,
            77.42711718001374
        ],
        [
            39.62657011941256,
            58.59990833054266
        ],
        [
            3.7175982819636744,
            63.72537595491752
        ]
    ],
    "distances": [
        [
            0.0,
            95.9455893905509,
            10.206908505008446,
            18.85307888264214,
            47.34226753232211,
            35.233185639421535,
            39.27451811299577,
            79.89769511697992,
            79.68627978463306,
            102.56144995041853,
            92.84215947525266,
            48.30039991088823,
            90.0146623422325,
            44.09112582218332,
            14.649692314091185,
            27.090010944890437,
            36.27291933097214,
            0.0
        ],
        [
            95.9455893905509,
            0.0,
            87.1900100113765,
            77.30048159471913,
            67.1615704217989,
            66.60060355617972,
            58.330835427508795,
            27.269650117789723,
            65.44416445661186,
            12.236534741232516,
            31.380908832998745,
            80.8652103496505,
            26.245324655088954,
            90.69106800709231,
            81.36115658284857,
            84.75699338804132,
            62.922796645595945,
            95.9455893905509
        ],
        [
            10.206908505008446,
            87.1900100113765,
            0.0,
            10.09918699055024,
            44.80851953789128,
            25.035811481472226,
            32.45268699111604,
            70.08095727414442,
            77.11586266629021,
            93.28028016229288,
            86.39887464578231,
            39.58278466058244,
            80.1257642834849,
            46.80360026415519,
            8.471121046263482,
            28.49758532273065,
            30.532194523913887,
            10.206908505008446
        ],
        [
            18.85307888264214,
            77.30048159471913,
            10.09918699055024,
            0.0,
            37.405014897761056,
            18.581350821703325,
            22.61368276014496,
            61.219327944549725,
            69.13656991811334,
            83.71843088139131,
            76.46710422206561,
            38.869871018308224,
            71.40340083125143,
            44.01421700406978,
            5.569007415934284,
            25.8412389468686,
            21.30314500609258,
            18.85307888264214
        ],
        [
            47.34226753232211,
            67.1615704217989,
            44.80851953789128,
            37.405014897761056,
            0.0,
            46.94665876794898,
            21.894378844797583,
            65.21112417740382,
            32.43635756185633,
            77.68854799060588,
            51.61485716592871,
            71.95641778855783,
            74.7167571743803,
            23.529653149127654,
            36.37395297951146,
            23.074296314383936,
            18.579448346626943,
            47.34226753232211
        ],
        [
            35.233185639421535,
            66.60060355617972,
            25.035811481472226,
            18.581350821703325,
            46.94665876794898,
            0.0,
            25.860703604191464,
            46.19730298386343,
            75.1478934109015,
            70.89608092353065,
            73.0725004849952,
            25.10652296736949,
            55.916767455557405,
            59.705722768983065,
            24.137655309795907,
            42.61825116753063,
            28.3672914640005,
            35.233185639421535
        ],
        [
            39.27451811299577,
            58.330835427508795,
            32.45268699111604,
            22.61368276014496,
            21.894378844797583,
            25.860703604191464,
            0.0,
            48.515426284762235,
            49.48871372775675,
            66.62022034039894,
            53.95442542279671,
            50.943844792057554,
            58.69664288350874,
            39.91062950652973,
            24.847918467594003,
            27.81018056232673,
            5.2585000714247565,
            39.27451811299577
        ],
        [
            79.89769511697992,
            27.269650117789723,
            70.08095727414442,
            61.219327944549725,
            65.21112417740382,
            46.19730298386343,
            48.515426284762235,
            0.0,
            76.11448401898215,
            26.35202383207835,
            51.3180562161037,
            55.334318107599536,
            10.31130980544547,
            87.29788927488747,
            66.26352378497744,
            76.23947207568372,
            53.76855543478692,
            79.89769511697992
        ],
        [
            79.68627978463306,
            65.44416445661186,
            77.11586266629021,
            69.13656991811334,
            32.43635756185633,
            75.1478934109015,
            49.48871372775675,
            76.11448401898215,
            0.0,
            77.64245004746603,
            37.36888789519868,
            100.00819308340225,
            83.17666665275101,
            45.25463509210578,
            68.65041523458433,
            54.06471201135873,
            48.42848428616586,
            79.68627978463306
        ],
        [
            102.56144995041853,
            12.236534741232516,
            93.28028016229288,
            83.71843088139131,
            77.68854799060588,
            70.89608092353065,
            66.62022034039894,
            26.35202383207835,
            77.64245004746603,
            0.0,
            43.332786857789856,
            81.68213254854412,
            20.74583512587046,
            101.15725786302848,
            88.2211919597449,
            93.86782947416235,
            71.51920876307838,
            102.56144995041853
        ],
        [
            92.84215947525266,
            31.380908832998745,
            86.39887464578231,
            76.46710422206561,
            51.61485716592871,
            73.0725004849952,
            53.95442542279671,
            51.3180562161037,
            37.36888789519868,
            43.332786857789856,
            0.0,
            94.04279332793757,
            54.83495640372419,
            73.36026330147591,
            78.71212443726823,
            73.76437066581343,
            56.57096362101769,
            92.84215947525266
        ],
        [
            48.30039991088823,
            80.8652103496505,
            39.58278466058244,
            38.869871018308224,
            71.95641778855783,
            25.10652296736949,
            50.943844792057554,
            55.334318107599536,
            100.00819308340225,
            81.68213254854412,
            94.04279332793757,
            0.0,
            62.670441620820824,
            82.75384610571568,
            43.48049142002086,
            64.70717395643852,
            53.39283243884395,
            48.30039991088823
        ],
        [
            90.0146623422325,
            26.245324655088954,
            80.1257642834849,
            71.40340083125143,
            74.7167571743803,
            55.916767455557405,
            58.69664288350874,
            10.31130980544547,
            83.17666665275101,
            20.74583512587046,
            54.83495640372419,
            62.670441620820824,
            0.0,
            97.14005733797265,
            76.49612952578788,
            86.46303240124422,
            63.940398027143665,
            90.0146623422325
        ],
        [
            44.09112582218332,
            90.69106800709231,
            46.80360026415519,
            44.01421700406978,
            23.529653149127654,
            59.705722768983065,
            39.91062950652973,
            87.29788927488747,
            45.25463509210578,
            101.15725786302848,
            73.36026330147591,
            82.75384610571568,
            97.14005733797265,
            0.0,
            40.10630974538282,
            18.42360848912151,
            34.87695402010139,
            44.09112582218332
        ],
        [
            14.649692314091185,
            81.36115658284857,
            8.471121046263482,
            5.569007415934284,
            36.37395297951146,
            24.137655309795907,
            24.847918467594003,
            66.26352378497744,
            68.65041523458433,
            88.2211919597449,
            78.71212443726823,
            43.48049142002086,
            76.49612952578788,
            40.10630974538282,
            0.0,
            21.69981036506699,
            22.392294364766848,
            14.649692314091185
        ],
        [
            27.090010944890437,
            84.75699338804132,
            28.49758532273065,
            25.8412389468686,
            23.074296314383936,
            42.61825116753063,
            27.81018056232673,
            76.23947207568372,
            54.06471201135873,
            93.86782947416235,
            73.76437066581343,
            64.70717395643852,
            86.46303240124422,
            18.42360848912151,
            21.69981036506699,
            0.0,
            22.620864599192256,
            27.090010944890437
        ],
        [
            36.27291933097214,
            62.922796645595945,
            30.532194523913887,
            21.30314500609258,
            18.579448346626943,
            28.3672914640005,
            5.2585000714247565,
            53.76855543478692,
            48.42848428616586,
            71.51920876307838,
            56.57096362101769,
            53.39283243884395,
            63.940398027143665,
            34.87695402010139,
            22.392294364766848,
            22.620864599192256,
            0.0,
            36.27291933097214
        ],
        [
            0.0,
            95.9455893905509,
            10.206908505008446,
            18.85307888264214,
            47.34226753232211,
            35.233185639421535,
            39.27451811299577,
            79.89769511697992,
            79.68627978463306,
            102.56144995041853,
            92.84215947525266,
            48.30039991088823,
            90.0146623422325,
            44.09112582218332,
            14.649692314091185,
            27.090010944890437,
            36.27291933097214,
            0.0
        ]
    ],
    "scores_ave": [
        0,
        19.08037754910577,
        16.533733966244107,
        10.63103946934397,
        16.694127972802924,
        17.156360995087958,
        10.616876907654643,
        16.31901532244137,
        15.26467729587587,
        13.282537121913917,
        11.253479345648488,
        12.167345959338762,
        10.375479400993443,
        15.103517263561702,
        15.155190923154171,
        18.483840131923998,
        17.061056279865632,
        0
    ],
    "scores_var": [
        0,
        347.026634505389,
        256.6989727887251,
        296.6167153794861,
        21.413136175880894,
        16.63030629341814,
        17.086555094883447,
        333.42752163586243,
        275.56802818534584,
        259.21892193764006,
        17.738534082639124,
        352.4688275361915,
        250.28567655393593,
        243.5368713551129,
        383.45800873611785,
        23.47193916178113,
        339.14440438004704,
        0
    ],
    "vertex_number": 18,
    "minimum_distances": {
        "cost": 375.95188353224603,
        "path": [
            0,
            2,
            3,
            16,
            6,
            5,
            11,
            7,
            12,
            9,
            1,
            10,
            8,
            4,
            13,
            15,
            14,
            17
        ]
    }
}