{
    "vertices": [
        [
            2.2972842183263897,
            73.64800952213959
        ],
        [
            54.5011409693568,
            65.4379409017362
        ],
        [
            23.013453775296,
            9.170551258102133
        ],
        [
            33.868256436226076,
            58.53700114681166
        ],
        [
            13.67552323677883,
            46.35500650945777
        ],
        [
            39.326584510918025,
            79.96904262095329
        ],
        [
            21.908062300431187,
            34.12406510404299
        ],
        [
            50.457027706338884,
            86.46205127010474
        ],
        [
            81.65869089890488,
            80.16632018384668
        ],
        [
            32.10633876007889,
            19.819119625125914
        ],
        [
            27.981065265764126,
            96.97757789258125
        ],
        [
            67.91013419038148,
            20.630860801447227
        ],
        [
            93.14234773964999,
            13.06602976777832
        ],
        [
            62.21612937731524,
            17.135893152900927
        ],
        [
            94.26979638493499,
            55.466035776493285
        ],
        [
            84.12414452307966,
            73.63643180229953
        ],
        [
            99.44059602093832,
            91.03835887953933
        ],
        [
            56.874377976901116,
            23.574317193793593
        ],
        [
            2.2972842183263897,
            73.64800952213959
        ]
    ],
    "distances": [
        [
            0.0,
            52.845509614666746,
            67.72372040359129,
            35.000983713356185,
            29.56978756452762,
            37.56493763598211,
            44.121704402146015,
            49.83533444003116,
            79.62864587698759,
            61.5315294805679,
            34.6976277178114,
            84.35558155763862,
            109.19249899673126,
            82.36435698600005,
            93.75247817270932,
            81.8268611238217,
            98.68762474977243,
            74.06776509741678,
            0.0
        ],
        [
            52.845509614666746,
            0.0,
            64.47862887918413,
            21.75635294939395,
            45.06539080343792,
            21.009999545087567,
            45.19809282029642,
            21.409532196324584,
            30.894298413357735,
            50.819327235413,
            41.20756140368619,
            46.770455699246696,
            65.0842525999011,
            48.91430121003157,
            40.999815187264474,
            30.736583944714763,
            51.7197836516293,
            41.930838816486755,
            52.845509614666746
        ],
        [
            67.72372040359129,
            64.47862887918413,
            0.0,
            50.54575269418988,
            38.33902266728042,
            72.6535932604383,
            24.977985178397915,
            82.01905707952277,
            92.08508588605446,
            14.002591389227556,
            87.94743367664776,
            46.336277441369916,
            70.23700250923979,
            40.00370540160238,
            84.974927177932,
            88.82773372100618,
            111.99752674312185,
            36.79715560905534,
            67.72372040359129
        ],
        [
            35.000983713356185,
            21.75635294939395,
            50.54575269418988,
            0.0,
            23.582779043373534,
            22.116187445405167,
            27.185247653722342,
            32.48069821664169,
            52.457154594368184,
            38.75795019637667,
            38.88877679260389,
            50.94825725097303,
            74.70627241403164,
            50.17622587847351,
            60.47955734362789,
            52.47520455908904,
            73.18517591072359,
            41.85296760736255,
            35.000983713356185
        ],
        [
            29.56978756452762,
            45.06539080343792,
            38.33902266728042,
            23.582779043373534,
            0.0,
            42.283334402510974,
            14.743494399132512,
            54.419243935181655,
            75.9270440473265,
            32.30864054075897,
            52.60506882594582,
            60.026033499604104,
            86.15760076208134,
            56.65639443023179,
            81.10763045844936,
            75.54657111444267,
            96.70703019274787,
            48.83749437220343,
            29.56978756452762
        ],
        [
            37.56493763598211,
            21.009999545087567,
            72.6535932604383,
            22.116187445405167,
            42.283334402510974,
            0.0,
            49.04250074703811,
            12.885880918448922,
            42.33256606539059,
            60.58172319360414,
            20.445319244960935,
            65.86379228318937,
            85.86122233420065,
            66.87253499206845,
            60.159403882126135,
            45.24293693852947,
            61.124660671937065,
            59.061748293879106,
            37.56493763598211
        ],
        [
            44.121704402146015,
            45.19809282029642,
            24.977985178397915,
            27.185247653722342,
            14.743494399132512,
            49.04250074703811,
            0.0,
            59.6180192699035,
            75.43226677454716,
            17.56804792520201,
            63.14622264930726,
            47.9401416405891,
            74.28165503177398,
            43.74172216221207,
            75.44335803700793,
            73.70256446849626,
            96.17967883646253,
            36.52314900109735,
            44.121704402146015
        ],
        [
            49.83533444003116,
            21.409532196324584,
            82.01905707952277,
            32.48069821664169,
            54.419243935181655,
            12.885880918448922,
            59.6180192699035,
            0.0,
            31.830488778729173,
            69.12328206212223,
            24.814213422515323,
            68.10548116314862,
            84.90590390965843,
            70.31637555647976,
            53.668535248918175,
            36.02736833970827,
            49.19687547159065,
            63.214313899210445,
            49.83533444003116
        ],
        [
            79.62864587698759,
            30.894298413357735,
            92.08508588605446,
            52.457154594368184,
            75.9270440473265,
            42.33256606539059,
            75.43226677454716,
            31.830488778729173,
            0.0,
            78.08469899900159,
            56.24860779931443,
            61.10232184983496,
            68.07586465375748,
            65.9609576205817,
            27.733446078407276,
            6.979821190289983,
            20.842201783152312,
            61.78120239556673,
            79.62864587698759
        ],
        [
            61.5315294805679,
            50.819327235413,
            14.002591389227556,
            38.75795019637667,
            32.30864054075897,
            60.58172319360414,
            17.56804792520201,
            69.12328206212223,
            78.08469899900159,
            0.0,
            77.2686583526176,
            35.81299611806156,
            61.40845719260251,
            30.229111718921928,
            71.65890101710949,
            74.84754642854124,
            98.01062310203412,
            25.051093298013388,
            61.5315294805679
        ],
        [
            34.6976277178114,
            41.20756140368619,
            87.94743367664776,
            38.88877679260389,
            52.60506882594582,
            20.445319244960935,
            63.14622264930726,
            24.814213422515323,
            56.24860779931443,
            77.2686583526176,
            0.0,
            86.15771442987854,
            106.240955579017,
            86.87194159676942,
            78.21383510764241,
            60.801763537755114,
            71.70591926915493,
            78.8851202739638,
            34.6976277178114
        ],
        [
            84.35558155763862,
            46.770455699246696,
            46.336277441369916,
            50.94825725097303,
            60.026033499604104,
            65.86379228318937,
            47.9401416405891,
            68.10548116314862,
            61.10232184983496,
            35.81299611806156,
            86.15771442987854,
            0.0,
            26.341815980752912,
            6.681054533201087,
            43.68433594039228,
            55.42999808943924,
            77.14522544438343,
            11.421552028381049,
            84.35558155763862
        ],
        [
            109.19249899673126,
            65.0842525999011,
            70.23700250923979,
            74.70627241403164,
            86.15760076208134,
            85.86122233420065,
            74.28165503177398,
            84.90590390965843,
            68.07586465375748,
            61.40845719260251,
            106.240955579017,
            26.341815980752912,
            0.0,
            31.19286409049949,
            42.41499322158169,
            61.23807305817918,
            78.22628738809944,
            37.75963102758576,
            109.19249899673126
        ],
        [
            82.36435698600005,
            48.91430121003157,
            40.00370540160238,
            50.17622587847351,
            56.65639443023179,
            66.87253499206845,
            43.74172216221207,
            70.31637555647976,
            65.9609576205817,
            30.229111718921928,
            86.87194159676942,
            6.681054533201087,
            31.19286409049949,
            0.0,
            49.96636270712831,
            60.59927388425729,
            82.7480232838173,
            8.36585991719745,
            82.36435698600005
        ],
        [
            93.75247817270932,
            40.999815187264474,
            84.974927177932,
            60.47955734362789,
            81.10763045844936,
            60.159403882126135,
            75.44335803700793,
            53.668535248918175,
            27.733446078407276,
            71.65890101710949,
            78.21383510764241,
            43.68433594039228,
            42.41499322158169,
            49.96636270712831,
            0.0,
            20.810995733904797,
            35.94617281190302,
            49.147726621584766,
            93.75247817270932
        ],
        [
            81.8268611238217,
            30.736583944714763,
            88.82773372100618,
            52.47520455908904,
            75.54657111444267,
            45.24293693852947,
            73.70256446849626,
            36.02736833970827,
            6.979821190289983,
            74.84754642854124,
            60.801763537755114,
            55.42999808943924,
            61.23807305817918,
            60.59927388425729,
            20.810995733904797,
            0.0,
            23.182337079937138,
            56.997939400441616,
            81.8268611238217
        ],
        [
            98.68762474977243,
            51.7197836516293,
            111.99752674312185,
            73.18517591072359,
            96.70703019274787,
            61.124660671937065,
            96.17967883646253,
            49.19687547159065,
            20.842201783152312,
            98.01062310203412,
            71.70591926915493,
            77.14522544438343,
            78.22628738809944,
            82.7480232838173,
            35.94617281190302,
            23.182337079937138,
            0.0,
            79.77016885495829,
            98.68762474977243
        ],
        [
            74.06776509741678,
            41.930838816486755,
            36.79715560905534,
            41.85296760736255,
            48.83749437220343,
            59.061748293879106,
            36.52314900109735,
            63.214313899210445,
            61.78120239556673,
            25.051093298013388,
            78.8851202739638,
            11.421552028381049,
            37.75963102758576,
            8.36585991719745,
            49.147726621584766,
            56.997939400441616,
            79.77016885495829,
            0.0,
            74.06776509741678
        ],
        [
            0.0,
            52.845509614666746,
            67.72372040359129,
            35.000983713356185,
            29.56978756452762,
            37.56493763598211,
            44.121704402146015,
            49.83533444003116,
            79.62864587698759,
            61.5315294805679,
            34.6976277178114,
            84.35558155763862,
            109.19249899673126,
            82.36435698600005,
            93.75247817270932,
            81.8268611238217,
            98.68762474977243,
            74.06776509741678,
            0.0
        ]
    ],
    "scores_ave": [
        0,
        12.995160608078763,
        11.784475149454943,
        14.295043233750091,
        11.525863638471897,
        11.065468204942464,
        11.077434165662302,
        10.37218673952169,
        12.504469526287819,
        15.470916695383966,
        11.60794153979812,
        19.470661589515238,
        15.98466926138406,
        10.887438416131634,
        15.30426503722935,
        17.97352330206873,
        13.427308009303651,
        13.49119188551068,
        0
    ],
    "scores_var": [
        0,
        342.72297576579626,
        17.114031702793213,
        16.972301091213808,
        19.26809260402309,
        256.5769809891715,
        18.872988421992837,
        253.82047168159892,
        17.786432736209985,
        21.566932922421095,
        307.4515648103579,
        22.35277985417215,
        287.25039285078174,
        19.682082782755337,
        254.69789181796762,
        24.19419283182966,
        306.72573338773367,
        23.02707228069845,
        0
    ],
    "vertex_number": 19,
    "minimum_distances": {
        "cost": 404.1487709459588,
        "path": [
            0,
            10,
            7,
            5,
            3,
            1,
            8,
            16,
            15,
            14,
            12,
            11,
            13,
            17,
            9,
            2,
            6,
            4,
            18
        ]
    }
}