{
    "vertices": [
        [
            65.83415918308124,
            31.347840109385228
        ],
        [
            32.007930862791845,
            18.96155063509488
        ],
        [
            86.07220107035204,
            15.497951958841528
        ],
        [
            86.35041873010447,
            96.74784825553554
        ],
        [
            83.54045910825386,
            90.4510972918807
        ],
        [
            7.919584697042592,
            47.859889906525524
        ],
        [
            95.9942939863364,
            53.12729785926107
        ],
        [
            75.3634380993962,
            16.877853926108045
        ],
        [
            56.7188262243079,
            31.67982584227196
        ],
        [
            82.43080238359293,
            54.605002277522765
        ],
        [
            25.71453432087527,
            14.939218089985873
        ],
        [
            22.602024594532878,
            69.01911888170964
        ],
        [
            18.354640520936794,
            20.942955506576066
        ],
        [
            34.03033592890681,
            25.682954556561256
        ],
        [
            65.83415918308124,
            31.347840109385228
        ]
    ],
    "distances": [
        [
            0.0,
            36.02268575935537,
            25.70597778369212,
            68.54252673572334,
            61.69852564381397,
            60.22246861763605,
            37.201861663486014,
            17.325924414274624,
            9.121376512135651,
            28.57173704275151,
            43.34544007920155,
            57.342329089639705,
            48.606237418531975,
            32.30439756301547,
            0.0
        ],
        [
            36.02268575935537,
            0.0,
            54.17510340429656,
            94.88842966929525,
            88.12693543158127,
            37.621302923312975,
            72.53656284360132,
            43.40555033308869,
            27.791777089874817,
            61.748859239578735,
            7.469002553035486,
            50.93359609817245,
            13.796314813156512,
            7.0190735091571055,
            36.02268575935537
        ],
        [
            25.70597778369212,
            54.17510340429656,
            0.0,
            81.2503726347746,
            74.99589130531312,
            84.58798066938012,
            38.9154930680166,
            10.797302154120759,
            33.51825856502132,
            39.27621632774467,
            60.36025280743197,
            83.02396407457994,
            67.93611756936482,
            53.029142981156404,
            25.70597778369212
        ],
        [
            68.54252673572334,
            94.88842966929525,
            81.2503726347746,
            0.0,
            6.895284314277332,
            92.41984742822417,
            44.673893347588184,
            80.62214173266757,
            71.49740425499762,
            42.32473106152416,
            101.83006652091065,
            69.51791270997032,
            101.83225235136248,
            88.24743724760904,
            68.54252673572334
        ],
        [
            61.69852564381397,
            88.12693543158127,
            74.99589130531312,
            6.895284314277332,
            0.0,
            86.79013534531744,
            39.34671532996068,
            74.02625082994889,
            64.60234003784048,
            35.86326624590909,
            95.10983901845866,
            64.5973877146522,
            95.29203911841022,
            81.5240124786362,
            61.69852564381397
        ],
        [
            60.22246861763605,
            37.621302923312975,
            84.58798066938012,
            92.41984742822417,
            86.79013534531744,
            0.0,
            88.23208035025672,
            74.21967337067746,
            51.41167617146638,
            74.81589471515977,
            37.422331100120566,
            25.754359090602232,
            28.868871601414746,
            34.25766762943434,
            60.22246861763605
        ],
        [
            37.201861663486014,
            72.53656284360132,
            38.9154930680166,
            44.673893347588184,
            39.34671532996068,
            88.23208035025672,
            0.0,
            41.709164461668365,
            44.749932109956006,
            13.643750027226485,
            79.984836407281,
            75.09311008267402,
            84.04610450759851,
            67.76963979142384,
            37.201861663486014
        ],
        [
            17.325924414274624,
            43.40555033308869,
            10.797302154120759,
            80.62214173266757,
            74.02625082994889,
            74.21967337067746,
            41.709164461668365,
            0.0,
            23.80588004211542,
            38.38339954531378,
            49.68673822373459,
            74.17869145651885,
            57.153548028108304,
            42.26056237378441,
            17.325924414274624
        ],
        [
            9.121376512135651,
            27.791777089874817,
            33.51825856502132,
            71.49740425499762,
            64.60234003784048,
            51.41167617146638,
            44.749932109956006,
            23.80588004211542,
            0.0,
            34.448068633858426,
            35.23512543399213,
            50.57844361119091,
            39.83831232982003,
            23.467638507141935,
            9.121376512135651
        ],
        [
            28.57173704275151,
            61.748859239578735,
            39.27621632774467,
            42.32473106152416,
            35.86326624590909,
            74.81589471515977,
            13.643750027226485,
            38.38339954531378,
            34.448068633858426,
            0.0,
            69.21061694692729,
            61.540632180794354,
            72.38016241939992,
            56.38341952564399,
            28.57173704275151
        ],
        [
            43.34544007920155,
            7.469002553035486,
            60.36025280743197,
            101.83006652091065,
            95.10983901845866,
            37.422331100120566,
            79.984836407281,
            49.68673822373459,
            35.23512543399213,
            69.21061694692729,
            0.0,
            54.169395293276644,
            9.498047152638161,
            13.58603804084773,
            43.34544007920155
        ],
        [
            57.342329089639705,
            50.93359609817245,
            83.02396407457994,
            69.51791270997032,
            64.5973877146522,
            25.754359090602232,
            75.09311008267402,
            74.17869145651885,
            50.57844361119091,
            61.540632180794354,
            54.169395293276644,
            0.0,
            48.26342047908719,
            44.817735756859065,
            57.342329089639705
        ],
        [
            48.606237418531975,
            13.796314813156512,
            67.93611756936482,
            101.83225235136248,
            95.29203911841022,
            28.868871601414746,
            84.04610450759851,
            57.153548028108304,
            39.83831232982003,
            72.38016241939992,
            9.498047152638161,
            48.26342047908719,
            0.0,
            16.376660756006174,
            48.606237418531975
        ],
        [
            32.30439756301547,
            7.0190735091571055,
            53.029142981156404,
            88.24743724760904,
            81.5240124786362,
            34.25766762943434,
            67.76963979142384,
            42.26056237378441,
            23.467638507141935,
            56.38341952564399,
            13.58603804084773,
            44.817735756859065,
            16.376660756006174,
            0.0,
            32.30439756301547
        ],
        [
            0.0,
            36.02268575935537,
            25.70597778369212,
            68.54252673572334,
            61.69852564381397,
            60.22246861763605,
            37.201861663486014,
            17.325924414274624,
            9.121376512135651,
            28.57173704275151,
            43.34544007920155,
            57.342329089639705,
            48.606237418531975,
            32.30439756301547,
            0.0
        ]
    ],
    "scores_ave": [
        0,
        11.33168406781109,
        16.89159780496023,
        19.602962380828934,
        17.2793530608331,
        14.769934075891998,
        12.744003246857858,
        17.08698922936928,
        15.172833270598225,
        10.308548369338634,
        14.22810606876499,
        14.311169344336491,
        13.467805748958696,
        13.353686971906797,
        0
    ],
    "scores_var": [
        0,
        24.826616759906095,
        241.43927053067387,
        276.15342217392526,
        16.307430600930328,
        246.6162529015374,
        321.8803427808269,
        322.24519441047516,
        17.852164952805392,
        24.303664554405522,
        22.68554949479516,
        19.939391078960952,
        23.67919865008529,
        238.6774393580665,
        0
    ],
    "vertex_number": 15,
    "minimum_distances": {
        "cost": 304.1573018599205,
        "path": [
            0,
            8,
            13,
            1,
            10,
            12,
            5,
            11,
            3,
            4,
            9,
            6,
            2,
            7,
            14
        ]
    }
}