{
    "vertices": [
        [
            51.46209554980336,
            68.43904073335109
        ],
        [
            54.09342859259906,
            59.65439263327287
        ],
        [
            12.51090990925874,
            81.38197913069678
        ],
        [
            54.87264926600487,
            55.88731931473622
        ],
        [
            4.5764031188625705,
            59.48306722098656
        ],
        [
            10.381860272464804,
            97.5527164568003
        ],
        [
            1.6549221497157207,
            79.71328305043932
        ],
        [
            99.73339780583852,
            12.135992904577686
        ],
        [
            45.3431850190986,
            13.983430275869535
        ],
        [
            81.24355035876569,
            18.511432237193514
        ],
        [
            62.0720008854837,
            82.21279081378958
        ],
        [
            47.11658629690286,
            87.5254240719014
        ],
        [
            7.763355137116667,
            39.80135578335532
        ],
        [
            39.02351059156788,
            88.44227278057622
        ],
        [
            31.6169022926874,
            71.17933605094164
        ],
        [
            90.40028107416008,
            24.540338306969677
        ],
        [
            39.75337854280154,
            10.924912429040345
        ],
        [
            51.46209554980336,
            68.43904073335109
        ]
    ],
    "distances": [
        [
            0.0,
            9.170275667847527,
            41.045273993014774,
            13.006828484362027,
            47.7334014740512,
            50.35068862063007,
            51.06724059444391,
            74.16300840919719,
            54.798308152530986,
            58.13519708992008,
            17.386382099519082,
            19.574817486074668,
            52.24650144220751,
            23.555205116881837,
            20.03349479845914,
            58.679454382681584,
            58.69385835464194,
            0.0
        ],
        [
            9.170275667847527,
            0.0,
            46.91688262292568,
            3.8468202772021667,
            49.517321859765026,
            57.85312570327304,
            56.14406507128077,
            65.88630436260259,
            46.50165120989725,
            49.293734917036154,
            23.927786030126693,
            28.731006280185092,
            50.40455116906189,
            32.49376050772373,
            25.259029183464026,
            50.50925012656994,
            50.79566198412407,
            9.170275667847527
        ],
        [
            41.045273993014774,
            46.91688262292568,
            0.0,
            49.44183087690471,
            23.29203170262506,
            16.310291169251702,
            10.983488373172454,
            111.36771975441034,
            74.97014523545185,
            93.14978008481496,
            49.568054095419264,
            35.14676022042377,
            41.85077674629189,
            27.436576706325937,
            21.65947531147764,
            96.4247181587655,
            75.5403888357164,
            41.045273993014774
        ],
        [
            13.006828484362027,
            3.8468202772021667,
            49.44183087690471,
            0.0,
            50.424614817559394,
            60.95437329899822,
            58.307829897526254,
            62.663109739322884,
            42.97378974927294,
            45.74255523336445,
            27.2921438034531,
            32.57493185573891,
            49.77995395794392,
            36.20801281325091,
            27.832993787003073,
            47.37980413844191,
            47.436382452252666,
            13.006828484362027
        ],
        [
            47.7334014740512,
            49.517321859765026,
            23.29203170262506,
            50.424614817559394,
            0.0,
            38.5097588372117,
            20.440075429394284,
            106.2854603611459,
            61.09130436190465,
            86.92828273439065,
            61.82543244609224,
            50.9513587902744,
            19.9380648078202,
            45.00265325376581,
            29.46169207822592,
            92.66462286786836,
            59.960937257309574,
            47.7334014740512
        ],
        [
            50.35068862063007,
            57.85312570327304,
            16.310291169251702,
            60.95437329899822,
            38.5097588372117,
            0.0,
            19.859628225580646,
            123.6111399590454,
            90.58763613667095,
            106.15509282635296,
            53.918308164544285,
            38.07869074249767,
            57.8106930314641,
            30.055686932416442,
            33.8597431123266,
            108.32245857019237,
            91.47164870153324,
            50.35068862063007
        ],
        [
            51.06724059444391,
            56.14406507128077,
            10.983488373172454,
            58.307829897526254,
            20.440075429394284,
            19.859628225580646,
            0.0,
            119.10532116780779,
            78.9245073365106,
            100.39928427615996,
            60.46876005031884,
            46.128000762778036,
            40.3766627117023,
            38.374557506834684,
            31.153627485062866,
            104.49781127992304,
            78.63416758815984,
            51.06724059444391
        ],
        [
            74.16300840919719,
            65.88630436260259,
            111.36771975441034,
            62.663109739322884,
            106.2854603611459,
            123.6111399590454,
            119.10532116780779,
            0.0,
            54.421579100828126,
            19.558136038485127,
            79.55588239219671,
            91.93527715245929,
            96.04093425045889,
            97.51071097107067,
            90.14418079328483,
            15.523364737999923,
            59.992244721401406,
            74.16300840919719
        ],
        [
            54.798308152530986,
            46.50165120989725,
            74.97014523545185,
            42.97378974927294,
            61.09130436190465,
            90.58763613667095,
            78.9245073365106,
            54.421579100828126,
            0.0,
            36.18479008206796,
            70.25025921450325,
            73.56337270400064,
            45.59395674284901,
            74.72655158650572,
            58.81991563166596,
            46.277318549070486,
            6.371849642123171,
            54.798308152530986
        ],
        [
            58.13519708992008,
            49.293734917036154,
            93.14978008481496,
            45.74255523336445,
            86.92828273439065,
            106.15509282635296,
            100.39928427615996,
            19.558136038485127,
            36.18479008206796,
            0.0,
            66.52376563086735,
            76.99078350712378,
            76.50228711883761,
            81.68754015789546,
            72.36513173074873,
            10.963276234430603,
            42.17807060686543,
            58.13519708992008
        ],
        [
            17.386382099519082,
            23.927786030126693,
            49.568054095419264,
            27.2921438034531,
            61.82543244609224,
            53.918308164544285,
            60.46876005031884,
            79.55588239219671,
            70.25025921450325,
            66.52376563086735,
            0.0,
            15.870995483949093,
            68.9068851738516,
            23.87549686191372,
            32.39213105525407,
            64.2542079291275,
            74.69994985188455,
            17.386382099519082
        ],
        [
            19.574817486074668,
            28.731006280185092,
            35.14676022042377,
            32.57493185573891,
            50.9513587902744,
            38.07869074249767,
            46.128000762778036,
            91.93527715245929,
            73.56337270400064,
            76.99078350712378,
            15.870995483949093,
            0.0,
            61.85679830645437,
            8.144844131527748,
            22.526313453814332,
            76.4238134509563,
            76.95359128967374,
            19.574817486074668
        ],
        [
            52.24650144220751,
            50.40455116906189,
            41.85077674629189,
            49.77995395794392,
            19.9380648078202,
            57.8106930314641,
            40.3766627117023,
            96.04093425045889,
            45.59395674284901,
            76.50228711883761,
            68.9068851738516,
            61.85679830645437,
            0.0,
            57.81985926450348,
            39.4153441894914,
            84.03427980734378,
            43.09536608837692,
            52.24650144220751
        ],
        [
            23.555205116881837,
            32.49376050772373,
            27.436576706325937,
            36.20801281325091,
            45.00265325376581,
            30.055686932416442,
            38.374557506834684,
            97.51071097107067,
            74.72655158650572,
            81.68754015789546,
            23.87549686191372,
            8.144844131527748,
            57.81985926450348,
            0.0,
            18.784749959060186,
            81.99408377858772,
            77.52079632650909,
            23.555205116881837
        ],
        [
            20.03349479845914,
            25.259029183464026,
            21.65947531147764,
            27.832993787003073,
            29.46169207822592,
            33.8597431123266,
            31.153627485062866,
            90.14418079328483,
            58.81991563166596,
            72.36513173074873,
            32.39213105525407,
            22.526313453814332,
            39.4153441894914,
            18.784749959060186,
            0.0,
            75.03786864995777,
            60.80129778036164,
            20.03349479845914
        ],
        [
            58.679454382681584,
            50.50925012656994,
            96.4247181587655,
            47.37980413844191,
            92.66462286786836,
            108.32245857019237,
            104.49781127992304,
            15.523364737999923,
            46.277318549070486,
            10.963276234430603,
            64.2542079291275,
            76.4238134509563,
            84.03427980734378,
            81.99408377858772,
            75.03786864995777,
            0.0,
            52.44510041804019,
            58.679454382681584
        ],
        [
            58.69385835464194,
            50.79566198412407,
            75.5403888357164,
            47.436382452252666,
            59.960937257309574,
            91.47164870153324,
            78.63416758815984,
            59.992244721401406,
            6.371849642123171,
            42.17807060686543,
            74.69994985188455,
            76.95359128967374,
            43.09536608837692,
            77.52079632650909,
            60.80129778036164,
            52.44510041804019,
            0.0,
            58.69385835464194
        ],
        [
            0.0,
            9.170275667847527,
            41.045273993014774,
            13.006828484362027,
            47.7334014740512,
            50.35068862063007,
            51.06724059444391,
            74.16300840919719,
            54.798308152530986,
            58.13519708992008,
            17.386382099519082,
            19.574817486074668,
            52.24650144220751,
            23.555205116881837,
            20.03349479845914,
            58.679454382681584,
            58.69385835464194,
            0.0
        ]
    ],
    "scores_ave": [
        0,
        11.737258654541918,
        12.87673398718524,
        10.60069093169666,
        14.0475076015845,
        13.098327309564713,
        15.199982471137105,
        19.066339705452442,
        18.339999765063872,
        19.13494006209873,
        13.223147797346874,
        16.191643302202632,
        16.991406638912167,
        12.589337857807019,
        19.835994429782524,
        14.112237808768125,
        18.015237632991717,
        0
    ],
    "scores_var": [
        0,
        24.91445792167712,
        276.89394177736085,
        24.021171960011642,
        386.8521637114552,
        227.3762947033155,
        306.533306181101,
        21.95300738166199,
        22.81191674978309,
        19.670715725606385,
        19.284436368784547,
        24.246784427341822,
        396.3412596271206,
        324.25518872921737,
        24.687827499471496,
        251.56864810597776,
        340.63734938183643,
        0
    ],
    "vertex_number": 18,
    "minimum_distances": {
        "cost": 339.5249132901253,
        "path": [
            0,
            10,
            11,
            13,
            14,
            2,
            5,
            6,
            4,
            12,
            16,
            8,
            9,
            7,
            15,
            3,
            1,
            17
        ]
    }
}