{
    "vertices": [
        [
            1.0781077718832632,
            36.712584098216304
        ],
        [
            1.9032353964642534,
            57.9183905813718
        ],
        [
            86.67806120988604,
            46.743576846781274
        ],
        [
            0.9954058761477258,
            78.77781695763842
        ],
        [
            60.86779743017321,
            54.28303665769681
        ],
        [
            67.23843098931167,
            15.856721474048463
        ],
        [
            30.15922728873295,
            39.529801785767646
        ],
        [
            80.38621473273831,
            17.40654276647525
        ],
        [
            81.09285843877335,
            32.324024964735074
        ],
        [
            36.857118140561674,
            47.49197298526789
        ],
        [
            44.69738162779732,
            63.17683350640656
        ],
        [
            17.491234505131814,
            96.06493147718263
        ],
        [
            65.10604505454766,
            85.57093500513358
        ],
        [
            3.80538238364746,
            74.30114294229593
        ],
        [
            30.224632159421304,
            75.08393629574
        ],
        [
            35.71153963521226,
            41.43729783565261
        ],
        [
            95.58223917852764,
            78.67397404926663
        ],
        [
            11.191372286984901,
            47.246301747805894
        ],
        [
            99.3437258203368,
            71.77520104865356
        ],
        [
            1.0781077718832632,
            36.712584098216304
        ]
    ],
    "distances": [
        [
            0.0,
            21.221853458119213,
            86.1856881628847,
            42.065314156927016,
            62.31795722405845,
            69.36970069153215,
            29.21725907494315,
            81.62413283837886,
            80.13500967462753,
            37.36753681660444,
            51.01958004978212,
            61.57996320683513,
            80.54014654826665,
            37.687369008499516,
            48.18589579264617,
            34.954220382273895,
            103.40110782553742,
            14.602647933634819,
            104.33368965898622,
            0.0
        ],
        [
            21.221853458119213,
            0.0,
            85.50817243807049,
            20.87917199471391,
            59.07652134289468,
            77.7037437402445,
            33.7126278374999,
            88.32206892320491,
            83.22300132115573,
            36.475801605673546,
            43.11600832248465,
            41.20854642580333,
            68.987378278813,
            16.492808677730274,
            33.11732891217071,
            37.61153883574487,
            95.950768598759,
            14.147896202919101,
            98.4208330099424,
            21.221853458119213
        ],
        [
            86.1856881628847,
            85.50817243807049,
            0.0,
            91.4751876987429,
            26.88890422867333,
            36.49516485685168,
            56.97733881498667,
            30.00414805857739,
            15.463439671478884,
            49.826563849988304,
            45.08247311999553,
            84.96712900911449,
            44.417514817503545,
            87.33441672642894,
            63.167757798199865,
            51.242003457765314,
            33.148674947963265,
            75.48836292349276,
            28.053542917217836,
            86.1856881628847
        ],
        [
            42.065314156927016,
            20.87917199471391,
            91.4751876987429,
            0.0,
            64.68923814933169,
            91.36302661907777,
            48.89718984069088,
            100.34607031045427,
            92.59350245855263,
            47.59061293573693,
            46.403161198816825,
            23.894700051866046,
            64.46953163060977,
            5.285506429127024,
            29.461711142823294,
            50.98553041282054,
            94.5868903047448,
            33.139012997957856,
            98.59730556872913,
            42.065314156927016
        ],
        [
            62.31795722405845,
            59.07652134289468,
            26.88890422867333,
            64.68923814933169,
            0.0,
            38.95082374658981,
            34.06866917444917,
            41.72342766008533,
            29.853832037666923,
            24.952580342553034,
            18.454863034112375,
            60.226679685141626,
            31.573649233578497,
            60.4718429532578,
            37.03621205742511,
            28.246244212827786,
            42.42652817211623,
            50.17233155035621,
            42.265504617421186,
            62.31795722405845
        ],
        [
            69.36970069153215,
            77.7037437402445,
            36.49516485685168,
            91.36302661907777,
            38.95082374658981,
            0.0,
            43.991841044835994,
            13.23881276408022,
            21.520159019086655,
            43.8612962484208,
            52.41461541472138,
            94.38294607577402,
            69.74681812120542,
            86.25254811405111,
            69.8418519181328,
            40.59939365858865,
            68.91573611132526,
            64.23845062690043,
            64.47965814210383,
            69.36970069153215
        ],
        [
            29.21725907494315,
            33.7126278374999,
            56.97733881498667,
            48.89718984069088,
            34.06866917444917,
            43.991841044835994,
            0.0,
            54.88341149504989,
            51.44082038345516,
            10.404706246365734,
            27.75860300489488,
            57.93702555698283,
            57.80195515793963,
            43.62993590535033,
            35.554194668847686,
            5.870835849620847,
            76.23933831642756,
            20.47739961595404,
            76.329945700835,
            29.21725907494315
        ],
        [
            81.62413283837886,
            88.32206892320491,
            30.00414805857739,
            100.34607031045427,
            41.72342766008533,
            13.23881276408022,
            54.88341149504989,
            0.0,
            14.934209736798183,
            52.91422645736102,
            58.039747783826336,
            100.71206805738699,
            69.8560516681265,
            95.4024077916593,
            76.4386426527144,
            50.72774176192261,
            63.123825097569856,
            75.35474395919967,
            57.57897385366202,
            81.62413283837886
        ],
        [
            80.13500967462753,
            83.22300132115573,
            15.463439671478884,
            92.59350245855263,
            29.853832037666923,
            21.520159019086655,
            51.44082038345516,
            14.934209736798183,
            0.0,
            46.763953713136935,
            47.71295974059177,
            90.04482067295676,
            55.59506840568099,
            87.95130691850872,
            66.45288904060354,
            46.287318336346175,
            48.56191856136072,
            71.4765143989216,
            43.46825801183846,
            80.13500967462753
        ],
        [
            37.36753681660444,
            36.475801605673546,
            49.826563849988304,
            47.59061293573693,
            24.952580342553034,
            43.8612962484208,
            10.404706246365734,
            52.91422645736102,
            46.763953713136935,
            0.0,
            17.535238268037727,
            52.291201417047986,
            47.41317559816148,
            42.55759427328683,
            28.377919402529542,
            6.1620971494522445,
            66.49027771997176,
            25.66692160305379,
            67.03917738535081,
            37.36753681660444
        ],
        [
            51.01958004978212,
            43.11600832248465,
            45.08247311999553,
            46.403161198816825,
            18.454863034112375,
            52.41461541472138,
            27.75860300489488,
            58.039747783826336,
            47.71295974059177,
            17.535238268037727,
            0.0,
            42.68256587174072,
            30.29866869685308,
            42.37812953174042,
            18.741386661880984,
            23.52345143671924,
            53.192387547122514,
            37.100330241904764,
            55.318666451759846,
            51.01958004978212
        ],
        [
            61.57996320683513,
            41.20854642580333,
            84.96712900911449,
            23.894700051866046,
            60.226679685141626,
            94.38294607577402,
            57.93702555698283,
            100.71206805738699,
            90.04482067295676,
            52.291201417047986,
            42.68256587174072,
            0.0,
            48.75750348010182,
            25.709240355996588,
            24.54264807688819,
            57.58609099692788,
            80.00406496647477,
            49.22343824461697,
            85.38045056566708,
            61.57996320683513
        ],
        [
            80.54014654826665,
            68.987378278813,
            44.417514817503545,
            64.46953163060977,
            31.573649233578497,
            69.74681812120542,
            57.80195515793963,
            69.8560516681265,
            55.59506840568099,
            47.41317559816148,
            30.29866869685308,
            48.75750348010182,
            0.0,
            62.327998981445695,
            36.42375745981062,
            53.02654880957962,
            31.246863501946315,
            66.14808730373117,
            36.912613828040726,
            80.54014654826665
        ],
        [
            37.687369008499516,
            16.492808677730274,
            87.33441672642894,
            5.285506429127024,
            60.4718429532578,
            86.25254811405111,
            43.62993590535033,
            95.4024077916593,
            87.95130691850872,
            42.55759427328683,
            42.37812953174042,
            25.709240355996588,
            62.327998981445695,
            0.0,
            26.430844181541435,
            45.8043140517902,
            91.8809724319352,
            28.044915384277367,
            95.57172934020217,
            37.687369008499516
        ],
        [
            48.18589579264617,
            33.11732891217071,
            63.167757798199865,
            29.461711142823294,
            37.03621205742511,
            69.8418519181328,
            35.554194668847686,
            76.4386426527144,
            66.45288904060354,
            28.377919402529542,
            18.741386661880984,
            24.54264807688819,
            36.42375745981062,
            26.430844181541435,
            0.0,
            34.09109023354523,
            65.45613161756265,
            33.72237949190467,
            69.19824302279446,
            48.18589579264617
        ],
        [
            34.954220382273895,
            37.61153883574487,
            51.242003457765314,
            50.98553041282054,
            28.246244212827786,
            40.59939365858865,
            5.870835849620847,
            50.72774176192261,
            46.287318336346175,
            6.1620971494522445,
            23.52345143671924,
            57.58609099692788,
            53.02654880957962,
            45.8043140517902,
            34.09109023354523,
            0.0,
            70.50582046358636,
            25.198871665939475,
            70.49427983928744,
            34.954220382273895
        ],
        [
            103.40110782553742,
            95.950768598759,
            33.148674947963265,
            94.5868903047448,
            42.42652817211623,
            68.91573611132526,
            76.23933831642756,
            63.123825097569856,
            48.56191856136072,
            66.49027771997176,
            53.192387547122514,
            80.00406496647477,
            31.246863501946315,
            91.8809724319352,
            65.45613161756265,
            70.50582046358636,
            0.0,
            90.05285670645928,
            7.857598276222618,
            103.40110782553742
        ],
        [
            14.602647933634819,
            14.147896202919101,
            75.48836292349276,
            33.139012997957856,
            50.17233155035621,
            64.23845062690043,
            20.47739961595404,
            75.35474395919967,
            71.4765143989216,
            25.66692160305379,
            37.100330241904764,
            49.22343824461697,
            66.14808730373117,
            28.044915384277367,
            33.72237949190467,
            25.198871665939475,
            90.05285670645928,
            0.0,
            91.5013897948014,
            14.602647933634819
        ],
        [
            104.33368965898622,
            98.4208330099424,
            28.053542917217836,
            98.59730556872913,
            42.265504617421186,
            64.47965814210383,
            76.329945700835,
            57.57897385366202,
            43.46825801183846,
            67.03917738535081,
            55.318666451759846,
            85.38045056566708,
            36.912613828040726,
            95.57172934020217,
            69.19824302279446,
            70.49427983928744,
            7.857598276222618,
            91.5013897948014,
            0.0,
            104.33368965898622
        ],
        [
            0.0,
            21.221853458119213,
            86.1856881628847,
            42.065314156927016,
            62.31795722405845,
            69.36970069153215,
            29.21725907494315,
            81.62413283837886,
            80.13500967462753,
            37.36753681660444,
            51.01958004978212,
            61.57996320683513,
            80.54014654826665,
            37.687369008499516,
            48.18589579264617,
            34.954220382273895,
            103.40110782553742,
            14.602647933634819,
            104.33368965898622,
            0.0
        ]
    ],
    "scores_ave": [
        0,
        19.30323333191596,
        11.866238884666672,
        10.71249647544413,
        15.26419113903319,
        14.3875355662755,
        10.536090397940836,
        19.67362806368117,
        10.646698072578069,
        14.507186791065905,
        10.90938479451267,
        10.715492215398823,
        17.620727508198733,
        14.037480607902182,
        12.454290463343483,
        17.040440260552902,
        18.152020236321334,
        16.897113917839086,
        17.933760089081268,
        0
    ],
    "scores_var": [
        0,
        291.7542423478258,
        19.79651388505686,
        24.103133742265182,
        16.539339878562508,
        301.94648862130737,
        299.5207295210345,
        241.87456279351082,
        306.1338050253078,
        17.021101943641956,
        293.65549178649377,
        376.26638381902933,
        22.33785306510687,
        309.67169398382157,
        233.61696512097595,
        307.94756109800335,
        270.31615176352244,
        20.702351191325512,
        20.98994407902406,
        0
    ],
    "vertex_number": 20,
    "minimum_distances": {
        "cost": 362.2884235580137,
        "path": [
            0,
            1,
            13,
            3,
            11,
            14,
            10,
            12,
            16,
            18,
            2,
            8,
            7,
            5,
            4,
            9,
            15,
            6,
            17,
            19
        ]
    }
}