{
    "vertices": [
        [
            37.01633450540839,
            48.90680955177037
        ],
        [
            64.51988281328086,
            81.871740700876
        ],
        [
            10.954936887819366,
            8.360917602714101
        ],
        [
            67.8324084708164,
            56.101621895067
        ],
        [
            88.83274803400828,
            52.44881779830456
        ],
        [
            33.68135067317777,
            25.631574790061627
        ],
        [
            69.58081234257259,
            65.0180964341302
        ],
        [
            18.67320362632351,
            13.201269263716863
        ],
        [
            56.67252809612705,
            3.952122423448323
        ],
        [
            35.253419850196465,
            77.85963833384696
        ],
        [
            17.836222802272626,
            81.85068574194749
        ],
        [
            27.524794133515428,
            18.228953308344952
        ],
        [
            79.18557229860711,
            41.15212670283008
        ],
        [
            89.32839998293822,
            76.41811875163418
        ],
        [
            85.28800007378912,
            10.196862816062591
        ],
        [
            63.29810018830357,
            0.892172791600232
        ],
        [
            94.92114518029388,
            59.25719661553269
        ],
        [
            17.983108275007844,
            99.70158986072038
        ],
        [
            65.13753970636259,
            78.76325614350499
        ],
        [
            50.23551302418004,
            47.61914994992067
        ],
        [
            69.09024299874221,
            87.80120246249322
        ],
        [
            87.03646755252137,
            64.50227454324781
        ],
        [
            45.69147010302728,
            50.71686828256606
        ],
        [
            37.01633450540839,
            48.90680955177037
        ]
    ],
    "distances": [
        [
            0.0,
            42.93171153341955,
            48.19923028147463,
            31.64483748254605,
            51.937332751936594,
            23.51294686707506,
            36.33206272444296,
            40.14169973617273,
            49.064140074815676,
            29.006450361355892,
            38.12054122620092,
            32.11261749411826,
            42.87633055832773,
            59.1051971354117,
            61.87579230221563,
            54.73697608218497,
            58.82259439759548,
            54.24364854406553,
            41.01474838444429,
            13.281744914031046,
            50.41338518620268,
            52.39496386439524,
            8.861957472590587,
            0.0
        ],
        [
            42.93171153341955,
            0.0,
            90.95627820313928,
            25.98214482096007,
            38.16836133988359,
            64.14024731969857,
            17.59711148940276,
            82.5684663771435,
            78.31377840812482,
            29.540189907532934,
            46.683664759042905,
            73.61413569087541,
            43.280127220583196,
            25.400876294380797,
            74.62307159551351,
            80.98878423310046,
            37.890029792755485,
            49.835478381258255,
            3.1692548463298817,
            37.11176623962011,
            7.486434999873512,
            28.437562183147662,
            36.402406521943135,
            42.93171153341955
        ],
        [
            48.19923028147463,
            90.95627820313928,
            0.0,
            74.25780511168182,
            89.4913203197819,
            28.544097169576183,
            81.52931488716987,
            9.11046901366069,
            45.929681261931805,
            73.6239665974126,
            73.81123300009786,
            19.285701901417838,
            75.70127477663353,
            103.79875888345931,
            74.35573264675554,
            52.873328752355825,
            98.18734822962627,
            91.6106631435021,
            88.83830097544717,
            55.535326312462445,
            98.44019847203457,
            94.55290195128018,
            54.778219191621176,
            48.19923028147463
        ],
        [
            31.64483748254605,
            25.98214482096007,
            74.25780511168182,
            0.0,
            21.315657145363506,
            45.76809499289763,
            9.086277252237814,
            65.24620814144683,
            53.33022806174499,
            39.17654628591835,
            56.23729074550293,
            55.308614152266316,
            18.771833565301232,
            29.577655343385786,
            49.1115524526685,
            55.39533574146069,
            27.271914276996302,
            66.22620279479898,
            22.82130549437535,
            19.534663029088733,
            31.72452609339324,
            20.961079412306095,
            22.78632755126588,
            31.64483748254605
        ],
        [
            51.937332751936594,
            38.16836133988359,
            89.4913203197819,
            21.315657145363506,
            0.0,
            61.32569733329884,
            22.991820138740607,
            80.39111727963922,
            58.19114373110822,
            59.29969821945263,
            76.84384447407544,
            70.21156839991652,
            14.85541077777001,
            23.97442510355079,
            42.400388417122784,
            57.53351966420516,
            9.133597425427693,
            85.16158712449388,
            35.410627827163474,
            38.89822929041403,
            40.49145102996764,
            12.186568141621688,
            43.17602935244526,
            51.937332751936594
        ],
        [
            23.51294686707506,
            64.14024731969857,
            28.544097169576183,
            45.76809499289763,
            61.32569733329884,
            0.0,
            53.29230183967502,
            19.487354188249295,
            31.600520473716696,
            52.25171789550092,
            58.409387203306515,
            9.628187432099164,
            48.07828738020035,
            75.33835108657246,
            53.86535617702653,
            38.590022843776346,
            69.86411721637513,
            75.71526891558474,
            61.745181123188054,
            27.52260439264045,
            71.54615475797556,
            66.01287599030029,
            27.81213616974313,
            23.51294686707506
        ],
        [
            36.33206272444296,
            17.59711148940276,
            81.52931488716987,
            9.086277252237814,
            22.991820138740607,
            53.29230183967502,
            0.0,
            72.63999038556656,
            62.415358559094315,
            36.65071723292495,
            54.41358846372627,
            62.912102031689926,
            25.726171985516576,
            22.801923744577135,
            57.02704097031886,
            64.43296171231759,
            25.986928157179577,
            62.17127778416904,
            14.445486740013733,
            26.018530790161584,
            22.78838692362269,
            17.463274922869587,
            27.842876993608513,
            36.33206272444296
        ],
        [
            40.14169973617273,
            82.5684663771435,
            9.11046901366069,
            65.24620814144683,
            80.39111727963922,
            19.487354188249295,
            72.63999038556656,
            0.0,
            39.108763435248875,
            66.75034277694412,
            68.65451856725376,
            10.179796724867249,
            66.65581140389786,
            94.80784161328519,
            66.68251317879361,
            46.29141658155748,
            89.07803901890419,
            86.50307332678011,
            80.35738081212162,
            46.69871395933493,
            90.03903538100523,
            85.4712173619485,
            46.23209808292561,
            40.14169973617273
        ],
        [
            49.064140074815676,
            78.31377840812482,
            45.929681261931805,
            53.33022806174499,
            58.19114373110822,
            31.600520473716696,
            62.415358559094315,
            39.108763435248875,
            0.0,
            76.94867839083864,
            87.04277555296412,
            32.45640607447352,
            43.48192127366088,
            79.48412792831327,
            29.28894021769158,
            7.298047499028463,
            67.24290252690744,
            103.27067212241833,
            75.28852601852171,
            44.13892223462379,
            84.76359989285959,
            67.73691564459101,
            48.03670565219569,
            49.064140074815676
        ],
        [
            29.006450361355892,
            29.540189907532934,
            73.6239665974126,
            39.17654628591835,
            59.29969821945263,
            52.25171789550092,
            36.65071723292495,
            66.75034277694412,
            76.94867839083864,
            0.0,
            17.868609694654836,
            60.1294457988694,
            57.24923954858818,
            54.094190585148034,
            84.15289899297117,
            81.91761011689458,
            62.500306270859404,
            27.84482911433256,
            29.897778257315938,
            33.74833704899111,
            35.267056839350055,
            53.47806276199303,
            29.08062686974496,
            29.006450361355892
        ],
        [
            38.12054122620092,
            46.683664759042905,
            73.81123300009786,
            56.23729074550293,
            76.84384447407544,
            58.409387203306515,
            54.41358846372627,
            68.65451856725376,
            87.04277555296412,
            17.868609694654836,
            0.0,
            64.35521153949765,
            73.6214329627176,
            71.69828576846119,
            98.40738080540676,
            92.84968020727943,
            80.3277723389052,
            17.851508429253915,
            47.401970448352515,
            47.132918958666224,
            51.5982871376716,
            71.34172162636318,
            41.775942739575406,
            38.12054122620092
        ],
        [
            32.11261749411826,
            73.61413569087541,
            19.285701901417838,
            55.308614152266316,
            70.21156839991652,
            9.628187432099164,
            62.912102031689926,
            10.179796724867249,
            32.45640607447352,
            60.1294457988694,
            64.35521153949765,
            0.0,
            56.518208385408364,
            84.88618657341895,
            58.31897151163319,
            39.75290410492448,
            78.90237565051125,
            82.02947199524024,
            71.26794826053712,
            37.142434103882835,
            81.04310206140104,
            75.38474335857973,
            37.22220755346813,
            32.11261749411826
        ],
        [
            42.87633055832773,
            43.280127220583196,
            75.70127477663353,
            18.771833565301232,
            14.85541077777001,
            48.07828738020035,
            25.726171985516576,
            66.65581140389786,
            43.48192127366088,
            57.24923954858818,
            73.6214329627176,
            56.518208385408364,
            0.0,
            36.69560121622683,
            31.551037812577963,
            43.28135463441532,
            23.98753448061566,
            84.69817730410209,
            40.14902586011231,
            29.66358578579554,
            47.728942402943545,
            24.63464959071466,
            34.83301829263546,
            42.87633055832773
        ],
        [
            59.1051971354117,
            25.400876294380797,
            103.79875888345931,
            29.577655343385786,
            23.97442510355079,
            75.33835108657246,
            22.801923744577135,
            94.80784161328519,
            79.48412792831327,
            54.094190585148034,
            71.69828576846119,
            84.88618657341895,
            36.69560121622683,
            0.0,
            66.34440118887447,
            79.88582490377455,
            18.049267226230622,
            75.04845551893345,
            24.304266915658154,
            48.55547770141196,
            23.21976728749421,
            12.134261306900045,
            50.6432219059771,
            59.1051971354117
        ],
        [
            61.87579230221563,
            74.62307159551351,
            74.35573264675554,
            49.1115524526685,
            42.400388417122784,
            53.86535617702653,
            57.02704097031886,
            66.68251317879361,
            29.28894021769158,
            84.15289899297117,
            98.40738080540676,
            58.31897151163319,
            31.551037812577963,
            66.34440118887447,
            0.0,
            23.877457013363184,
            49.99713828969019,
            111.98680557719445,
            71.4660153286355,
            51.27479324865125,
            79.2767359710325,
            54.333552077729,
            56.65470879574717,
            61.87579230221563
        ],
        [
            54.73697608218497,
            80.98878423310046,
            52.873328752355825,
            55.39533574146069,
            57.53351966420516,
            38.590022843776346,
            64.43296171231759,
            46.29141658155748,
            7.298047499028463,
            81.91761011689458,
            92.84968020727943,
            39.75290410492448,
            43.28135463441532,
            79.88582490377455,
            23.877457013363184,
            0.0,
            66.38142044679104,
            108.70487290660611,
            77.89280557368502,
            48.51846635843434,
            87.1018275162621,
            67.89517751632673,
            52.84405078840216,
            54.73697608218497
        ],
        [
            58.82259439759548,
            37.890029792755485,
            98.18734822962627,
            27.271914276996302,
            9.133597425427693,
            69.86411721637513,
            25.986928157179577,
            89.07803901890419,
            67.24290252690744,
            62.500306270859404,
            80.3277723389052,
            78.90237565051125,
            23.98753448061566,
            18.049267226230622,
            49.99713828969019,
            66.38142044679104,
            0.0,
            86.92071368673027,
            35.60266160465519,
            46.176291009374914,
            38.496698264970824,
            9.469898825314901,
            49.964968890694976,
            58.82259439759548
        ],
        [
            54.24364854406553,
            49.835478381258255,
            91.6106631435021,
            66.22620279479898,
            85.16158712449388,
            75.71526891558474,
            62.17127778416904,
            86.50307332678011,
            103.27067212241833,
            27.84482911433256,
            17.851508429253915,
            82.02947199524024,
            84.69817730410209,
            75.04845551893345,
            111.98680557719445,
            108.70487290660611,
            86.92071368673027,
            0.0,
            51.59412972875708,
            61.2600861831461,
            52.47435983313964,
            77.50714951750078,
            56.278381846689065,
            54.24364854406553
        ],
        [
            41.01474838444429,
            3.1692548463298817,
            88.83830097544717,
            22.82130549437535,
            35.410627827163474,
            61.745181123188054,
            14.445486740013733,
            80.35738081212162,
            75.28852601852171,
            29.897778257315938,
            47.401970448352515,
            71.26794826053712,
            40.14902586011231,
            24.304266915658154,
            71.4660153286355,
            77.89280557368502,
            35.60266160465519,
            51.59412972875708,
            0.0,
            34.52572591320475,
            9.86449882064475,
            26.13309466967398,
            34.12842649557673,
            41.01474838444429
        ],
        [
            13.281744914031046,
            37.11176623962011,
            55.535326312462445,
            19.534663029088733,
            38.89822929041403,
            27.52260439264045,
            26.018530790161584,
            46.69871395933493,
            44.13892223462379,
            33.74833704899111,
            47.132918958666224,
            37.142434103882835,
            29.66358578579554,
            48.55547770141196,
            51.27479324865125,
            48.51846635843434,
            46.176291009374914,
            61.2600861831461,
            34.52572591320475,
            0.0,
            44.38578811440427,
            40.4888892195236,
            5.499471332563326,
            13.281744914031046
        ],
        [
            50.41338518620268,
            7.486434999873512,
            98.44019847203457,
            31.72452609339324,
            40.49145102996764,
            71.54615475797556,
            22.78838692362269,
            90.03903538100523,
            84.76359989285959,
            35.267056839350055,
            51.5982871376716,
            81.04310206140104,
            47.728942402943545,
            23.21976728749421,
            79.2767359710325,
            87.1018275162621,
            38.496698264970824,
            52.47435983313964,
            9.86449882064475,
            44.38578811440427,
            0.0,
            29.409301554454835,
            43.849178037835074,
            50.41338518620268
        ],
        [
            52.39496386439524,
            28.437562183147662,
            94.55290195128018,
            20.961079412306095,
            12.186568141621688,
            66.01287599030029,
            17.463274922869587,
            85.4712173619485,
            67.73691564459101,
            53.47806276199303,
            71.34172162636318,
            75.38474335857973,
            24.63464959071466,
            12.134261306900045,
            54.333552077729,
            67.89517751632673,
            9.469898825314901,
            77.50714951750078,
            26.13309466967398,
            40.4888892195236,
            29.409301554454835,
            0.0,
            43.582636908185314,
            52.39496386439524
        ],
        [
            8.861957472590587,
            36.402406521943135,
            54.778219191621176,
            22.78632755126588,
            43.17602935244526,
            27.81213616974313,
            27.842876993608513,
            46.23209808292561,
            48.03670565219569,
            29.08062686974496,
            41.775942739575406,
            37.22220755346813,
            34.83301829263546,
            50.6432219059771,
            56.65470879574717,
            52.84405078840216,
            49.964968890694976,
            56.278381846689065,
            34.12842649557673,
            5.499471332563326,
            43.849178037835074,
            43.582636908185314,
            0.0,
            8.861957472590587
        ],
        [
            0.0,
            42.93171153341955,
            48.19923028147463,
            31.64483748254605,
            51.937332751936594,
            23.51294686707506,
            36.33206272444296,
            40.14169973617273,
            49.064140074815676,
            29.006450361355892,
            38.12054122620092,
            32.11261749411826,
            42.87633055832773,
            59.1051971354117,
            61.87579230221563,
            54.73697608218497,
            58.82259439759548,
            54.24364854406553,
            41.01474838444429,
            13.281744914031046,
            50.41338518620268,
            52.39496386439524,
            8.861957472590587,
            0.0
        ]
    ],
    "scores_ave": [
        0,
        10.38611336601269,
        17.25960290597992,
        10.447443460161631,
        18.986760580839846,
        19.651326249677815,
        17.85623395772562,
        13.465967575597551,
        15.030202668744305,
        12.695725281587723,
        15.837228470393207,
        17.794698467824176,
        10.59336773075579,
        11.409261624158383,
        10.194589405547736,
        12.428807135131324,
        19.250327779889115,
        16.555411310680906,
        19.486086247887812,
        13.698904138108448,
        11.262165294897843,
        18.398534771352836,
        17.00760320985047,
        0
    ],
    "scores_var": [
        0,
        17.219703636656213,
        23.213797363714317,
        21.358100635997022,
        23.23860736718908,
        16.178089405451377,
        22.351301800447818,
        375.3161342423003,
        386.5022389466142,
        18.78334086620839,
        20.026521700034657,
        17.90262988928486,
        378.63747389015396,
        22.542469557086953,
        22.777862789147004,
        391.8304990167834,
        19.26742780531334,
        295.575519744717,
        379.3244297150055,
        19.26277370102843,
        390.8475584085079,
        18.287060563816357,
        23.60015674008505,
        0
    ],
    "vertex_number": 24,
    "minimum_distances": {
        "cost": 408.2323377849158,
        "path": [
            0,
            5,
            11,
            7,
            2,
            8,
            15,
            14,
            12,
            4,
            16,
            21,
            13,
            20,
            17,
            10,
            9,
            1,
            18,
            6,
            3,
            19,
            22,
            23
        ]
    }
}