{
    "vertices": [
        [
            24.743665873859655,
            23.660017866315986
        ],
        [
            70.57911421627307,
            62.595155051151096
        ],
        [
            22.859669516952607,
            76.90520433778948
        ],
        [
            46.079271081581766,
            90.2896821032973
        ],
        [
            45.439014460108964,
            22.049894809180792
        ],
        [
            96.62820975108689,
            87.69128419092637
        ],
        [
            41.143729474088985,
            17.7480665979573
        ],
        [
            50.38389966960336,
            94.19948609686082
        ],
        [
            40.14340218099181,
            91.78721270450433
        ],
        [
            94.62945495643038,
            56.13158993636629
        ],
        [
            28.50342778037899,
            69.20668569410167
        ],
        [
            92.94269037475776,
            29.599092747822265
        ],
        [
            56.97106364054915,
            97.94335125675534
        ],
        [
            83.89386812456969,
            63.17042350458891
        ],
        [
            3.8685498310721322,
            6.760953850782336
        ],
        [
            96.57666838065073,
            6.766505483247254
        ],
        [
            39.93961189389002,
            98.96130805229846
        ],
        [
            17.18053683200502,
            9.576887843411319
        ],
        [
            25.828224687990662,
            91.19608429586079
        ],
        [
            37.53879354495889,
            25.120076566027617
        ],
        [
            93.72712612768088,
            88.61111670567402
        ],
        [
            24.743665873859655,
            23.660017866315986
        ]
    ],
    "distances": [
        [
            0.0,
            60.14011333836991,
            53.27850715490087,
            69.96227702063909,
            20.757888846544333,
            96.26728787895809,
            17.433107981396056,
            75.05490102150853,
            69.84602032220361,
            77.06118678293264,
            45.70158377789944,
            68.45713661352072,
            80.97295095528867,
            71.13240175897882,
            26.857938014690355,
            73.79275716340696,
            76.81927543993902,
            15.98547691330427,
            67.5447743100619,
            12.878162272868478,
            94.74894737690012,
            0.0
        ],
        [
            60.14011333836991,
            0.0,
            49.818901162084295,
            36.97606174630471,
            47.7068416879485,
            36.171412413425806,
            53.64422818578893,
            37.505738646676875,
            42.17237006775009,
            24.903745977477637,
            42.59196786360494,
            39.860628019657476,
            37.87709090547153,
            13.327175448384438,
            86.99285846709085,
            61.58498952752659,
            47.55287779584087,
            75.24855297196723,
            53.10984152898054,
            49.96042731532063,
            34.82327836749844,
            60.14011333836991
        ],
        [
            53.27850715490087,
            49.818901162084295,
            0.0,
            26.80101009058244,
            59.32058497302187,
            74.55291440898426,
            61.918283197175576,
            32.50654437276033,
            22.807928179230707,
            74.7157624422564,
            9.545637571330818,
            84.55470422346697,
            40.07731072364174,
            62.560511540508536,
            72.66965324884549,
            101.75280339370819,
            27.89616716799423,
            67.5674089337485,
            14.595943607026603,
            53.82542280899699,
            71.82774387963224,
            53.27850715490087
        ],
        [
            69.96227702063909,
            36.97606174630471,
            26.80101009058244,
            0.0,
            68.24279081696177,
            50.61567812767506,
            72.70932231209335,
            5.815186544634496,
            6.12185735757887,
            59.36240910514131,
            27.44818765125651,
            76.67807838074008,
            13.31201700187362,
            46.5338364683933,
            93.58842573721772,
            97.60178362450192,
            10.62508877800078,
            85.73034467716984,
            20.271320750510142,
            65.7268380681506,
            47.67741260060335,
            69.96227702063909
        ],
        [
            20.757888846544333,
            47.7068416879485,
            59.32058497302187,
            68.24279081696177,
            0.0,
            83.24137021039368,
            6.079078801101936,
            72.31884548798018,
            69.93809417366296,
            59.84364109046639,
            50.105658590131355,
            48.099788096422756,
            76.76460701299777,
            56.299854800389774,
            44.292835144111024,
            53.3726675161094,
            77.10777467699967,
            30.888791828528756,
            71.87335108379234,
            8.47581892965215,
            82.23221989447995,
            20.757888846544333
        ],
        [
            96.26728787895809,
            36.171412413425806,
            74.55291440898426,
            50.61567812767506,
            83.24137021039368,
            0.0,
            89.27811175683537,
            46.70003112376702,
            56.6331185492995,
            31.622923997797464,
            70.58800393937558,
            58.2089834968414,
            40.96088520472664,
            27.630346821196767,
            123.10188007273337,
            80.92479512114751,
            57.79801523279914,
            111.417196379168,
            70.88668075675568,
            86.06227472719513,
            3.043415522925112,
            96.26728787895809
        ],
        [
            17.433107981396056,
            53.64422818578893,
            61.918283197175576,
            72.70932231209335,
            6.079078801101936,
            89.27811175683537,
            0.0,
            77.00779368764825,
            74.04590340376659,
            65.8332567494771,
            52.98836387538382,
            53.13736134956078,
            81.7422056732166,
            62.37599587652888,
            38.86072135123475,
            56.5102238567033,
            81.22216745857045,
            25.31803238485113,
            75.0278347722,
            8.206222884035087,
            88.24163118504637,
            17.433107981396056
        ],
        [
            75.05490102150853,
            37.505738646676875,
            32.50654437276033,
            5.815186544634496,
            72.31884548798018,
            46.70003112376702,
            77.00779368764825,
            0.0,
            10.520781897450904,
            58.36808957577642,
            33.217391861302055,
            77.35930123220892,
            7.576757585906932,
            45.66969138507471,
            99.04127771767413,
            98.8852768624978,
            11.478592922357823,
            90.90350619690047,
            24.73866601457827,
            70.26351523003918,
            43.70200398435459,
            75.05490102150853
        ],
        [
            69.84602032220361,
            42.17237006775009,
            22.807928179230707,
            6.12185735757887,
            69.93809417366296,
            56.6331185492995,
            74.04590340376659,
            10.520781897450904,
            0.0,
            65.1156922871257,
            25.40411785743496,
            81.57896234639804,
            17.918376937434445,
            52.27833102149077,
            92.44095200542134,
            102.04525559948527,
            7.176989239253358,
            85.3570776139984,
            14.327377270513677,
            66.71799627576569,
            53.67777061120148,
            69.84602032220361
        ],
        [
            77.06118678293264,
            24.903745977477637,
            74.7157624422564,
            59.36240910514131,
            59.84364109046639,
            31.622923997797464,
            65.8332567494771,
            58.36808957577642,
            65.1156922871257,
            0.0,
            67.40630236974758,
            26.586059915190173,
            56.2705768693837,
            12.837367433611853,
            103.31989937407722,
            49.403473594303456,
            69.46483778211464,
            90.36412565619018,
            77.22129273158983,
            64.9696666292661,
            32.49205836005731,
            77.06118678293264
        ],
        [
            45.70158377789944,
            42.59196786360494,
            9.545637571330818,
            27.44818765125651,
            50.105658590131355,
            70.58800393937558,
            52.98836387538382,
            33.217391861302055,
            25.40411785743496,
            67.40630236974758,
            0.0,
            75.63848215495513,
            40.44999677536516,
            55.718375270137685,
            67.1293276968047,
            92.37284336094922,
            31.876697739211114,
            60.6953099600205,
            22.151531830836667,
            45.00296589016467,
            68.0489733132154,
            45.70158377789944
        ],
        [
            68.45713661352072,
            39.860628019657476,
            84.55470422346697,
            76.67807838074008,
            48.099788096422756,
            58.2089834968414,
            53.13736134956078,
            77.35930123220892,
            81.57896234639804,
            26.586059915190173,
            75.63848215495513,
            0.0,
            77.23273658909868,
            34.76946121089202,
            91.95533210138903,
            23.11996620546291,
            87.2951501539091,
            78.36320947147239,
            91.09632743524497,
            55.58465048809586,
            59.01723740613867,
            68.45713661352072
        ],
        [
            80.97295095528867,
            37.87709090547153,
            40.07731072364174,
            13.31201700187362,
            76.76460701299777,
            40.96088520472664,
            81.7422056732166,
            7.576757585906932,
            17.918376937434445,
            56.2705768693837,
            40.44999677536516,
            77.23273658909868,
            0.0,
            43.97719756580884,
            105.51827599798287,
            99.40734948702352,
            17.061845874241474,
            96.91190783326545,
            31.86537351839098,
            75.3713636452808,
            37.92227223248006,
            80.97295095528867
        ],
        [
            71.13240175897882,
            13.327175448384438,
            62.560511540508536,
            46.5338364683933,
            56.299854800389774,
            27.630346821196767,
            62.37599587652888,
            45.66969138507471,
            52.27833102149077,
            12.837367433611853,
            55.718375270137685,
            34.76946121089202,
            43.97719756580884,
            0.0,
            97.9085278951702,
            57.81224256586038,
            56.68301383571376,
            85.57415285480425,
            64.47524029029567,
            59.9718420713101,
            27.274930495007467,
            71.13240175897882
        ],
        [
            26.857938014690355,
            86.99285846709085,
            72.66965324884549,
            93.58842573721772,
            44.292835144111024,
            123.10188007273337,
            38.86072135123475,
            99.04127771767413,
            92.44095200542134,
            103.31989937407722,
            67.1293276968047,
            91.95533210138903,
            105.51827599798287,
            97.9085278951702,
            0.0,
            92.70811871580258,
            99.00518589056176,
            13.606560262015144,
            87.24401740577397,
            38.35026334493632,
            121.54839732972931,
            26.857938014690355
        ],
        [
            73.79275716340696,
            61.58498952752659,
            101.75280339370819,
            97.60178362450192,
            53.3726675161094,
            80.92479512114751,
            56.5102238567033,
            98.8852768624978,
            102.04525559948527,
            49.403473594303456,
            92.37284336094922,
            23.11996620546291,
            99.40734948702352,
            57.81224256586038,
            92.70811871580258,
            0.0,
            108.20183819247644,
            79.44585548598603,
            110.15305744013105,
            61.8249483348388,
            81.89420173126815,
            73.79275716340696
        ],
        [
            76.81927543993902,
            47.55287779584087,
            27.89616716799423,
            10.62508877800078,
            77.10777467699967,
            57.79801523279914,
            81.22216745857045,
            11.478592922357823,
            7.176989239253358,
            69.46483778211464,
            31.876697739211114,
            87.2951501539091,
            17.061845874241474,
            56.68301383571376,
            99.00518589056176,
            108.20183819247644,
            0.0,
            92.23638150833666,
            16.106829261600932,
            73.88025037960823,
            54.774292769163104,
            76.81927543993902
        ],
        [
            15.98547691330427,
            75.24855297196723,
            67.5674089337485,
            85.73034467716984,
            30.888791828528756,
            111.417196379168,
            25.31803238485113,
            90.90350619690047,
            85.3570776139984,
            90.36412565619018,
            60.6953099600205,
            78.36320947147239,
            96.91190783326545,
            85.57415285480425,
            13.606560262015144,
            79.44585548598603,
            92.23638150833666,
            0.0,
            82.07603630048239,
            25.613459978249676,
            110.02631351023898,
            15.98547691330427
        ],
        [
            67.5447743100619,
            53.10984152898054,
            14.595943607026603,
            20.271320750510142,
            71.87335108379234,
            70.88668075675568,
            75.0278347722,
            24.73866601457827,
            14.327377270513677,
            77.22129273158983,
            22.151531830836667,
            91.09632743524497,
            31.86537351839098,
            64.47524029029567,
            87.24401740577397,
            110.15305744013105,
            16.106829261600932,
            82.07603630048239,
            0.0,
            67.10570929858925,
            67.94808955488801,
            67.5447743100619
        ],
        [
            12.878162272868478,
            49.96042731532063,
            53.82542280899699,
            65.7268380681506,
            8.47581892965215,
            86.06227472719513,
            8.206222884035087,
            70.26351523003918,
            66.71799627576569,
            64.9696666292661,
            45.00296589016467,
            55.58465048809586,
            75.3713636452808,
            59.9718420713101,
            38.35026334493632,
            61.8249483348388,
            73.88025037960823,
            25.613459978249676,
            67.10570929858925,
            0.0,
            84.78349424528791,
            12.878162272868478
        ],
        [
            94.74894737690012,
            34.82327836749844,
            71.82774387963224,
            47.67741260060335,
            82.23221989447995,
            3.043415522925112,
            88.24163118504637,
            43.70200398435459,
            53.67777061120148,
            32.49205836005731,
            68.0489733132154,
            59.01723740613867,
            37.92227223248006,
            27.274930495007467,
            121.54839732972931,
            81.89420173126815,
            54.774292769163104,
            110.02631351023898,
            67.94808955488801,
            84.78349424528791,
            0.0,
            94.74894737690012
        ],
        [
            0.0,
            60.14011333836991,
            53.27850715490087,
            69.96227702063909,
            20.757888846544333,
            96.26728787895809,
            17.433107981396056,
            75.05490102150853,
            69.84602032220361,
            77.06118678293264,
            45.70158377789944,
            68.45713661352072,
            80.97295095528867,
            71.13240175897882,
            26.857938014690355,
            73.79275716340696,
            76.81927543993902,
            15.98547691330427,
            67.5447743100619,
            12.878162272868478,
            94.74894737690012,
            0.0
        ]
    ],
    "scores_ave": [
        0,
        14.802029380231446,
        14.57269112493918,
        16.42652167099032,
        14.752682744746739,
        15.472011520777302,
        11.187508903733699,
        13.510897945639025,
        10.285465908708057,
        11.070599816256797,
        19.34811059515863,
        12.797406807222357,
        13.628402304471933,
        15.858232248132467,
        17.550272449783023,
        19.11115756124052,
        14.582631055834234,
        13.804551822455608,
        13.04225140154924,
        12.969392412346435,
        12.768250811486645,
        0
    ],
    "scores_var": [
        0,
        301.4291598656155,
        382.4110894887368,
        322.4963772091352,
        23.187301948724393,
        266.24111099169505,
        266.05272447700696,
        17.09249409826956,
        17.512254311566593,
        19.595442421169412,
        363.2641012464489,
        234.7349651367743,
        259.9865126451507,
        243.19262188018513,
        271.4910976316108,
        293.850698062452,
        22.663377283712464,
        396.0326294913026,
        16.23900883322027,
        23.021471597857932,
        19.740145778499635,
        0
    ],
    "vertex_number": 22,
    "minimum_distances": {
        "cost": 399.38438157291336,
        "path": [
            0,
            14,
            17,
            19,
            6,
            4,
            15,
            11,
            9,
            13,
            1,
            5,
            20,
            12,
            7,
            3,
            8,
            16,
            18,
            2,
            10,
            21
        ]
    }
}