{
    "vertices": [
        [
            68.23117909580029,
            43.99265635971702
        ],
        [
            40.360788964436665,
            16.992802087623005
        ],
        [
            13.780463377196206,
            26.55243342398058
        ],
        [
            1.1400163711777767,
            59.804083235056005
        ],
        [
            21.35354762341175,
            34.22319215929747
        ],
        [
            20.755442642828157,
            39.70034270995582
        ],
        [
            76.21156049045346,
            87.00084397204115
        ],
        [
            9.440155509684189,
            18.581502380297422
        ],
        [
            49.62388261763932,
            50.43957990202826
        ],
        [
            68.23117909580029,
            43.99265635971702
        ]
    ],
    "distances": [
        [
            0.0,
            38.80400464885969,
            57.175535137997834,
            68.92913270581582,
            47.88480722759936,
            47.669377048793,
            43.74232148504464,
            64.04772596173132,
            19.692493630482364,
            0.0
        ],
        [
            38.80400464885969,
            0.0,
            28.247128342732108,
            58.06095759024889,
            25.65465972134545,
            30.000033425066434,
            78.65369506578253,
            30.961420217152536,
            34.70578986558575,
            38.80400464885969
        ],
        [
            57.175535137997834,
            28.247128342732108,
            0.0,
            35.57320783497536,
            10.77924601146659,
            14.883475882609865,
            86.90024294875037,
            9.076013116337956,
            43.0737329437544,
            57.175535137997834
        ],
        [
            68.92913270581582,
            58.06095759024889,
            35.57320783497536,
            0.0,
            32.603202816822495,
            28.087814634091906,
            79.84610529660901,
            42.04989277091768,
            49.379947436981546,
            68.92913270581582
        ],
        [
            47.88480722759936,
            25.65465972134545,
            10.77924601146659,
            32.603202816822495,
            0.0,
            5.509710312019678,
            76.12412302672341,
            19.66192693501582,
            32.591150211498174,
            47.88480722759936
        ],
        [
            47.669377048793,
            30.000033425066434,
            14.883475882609865,
            28.087814634091906,
            5.509710312019678,
            0.0,
            72.88839706273038,
            23.95915565655642,
            30.801266890289867,
            47.669377048793
        ],
        [
            43.74232148504464,
            78.65369506578253,
            86.90024294875037,
            79.84610529660901,
            76.12412302672341,
            72.88839706273038,
            0.0,
            95.60139552827467,
            45.20653321220006,
            43.74232148504464
        ],
        [
            64.04772596173132,
            30.961420217152536,
            9.076013116337956,
            42.04989277091768,
            19.66192693501582,
            23.95915565655642,
            95.60139552827467,
            0.0,
            51.28029863083111,
            64.04772596173132
        ],
        [
            19.692493630482364,
            34.70578986558575,
            43.0737329437544,
            49.379947436981546,
            32.591150211498174,
            30.801266890289867,
            45.20653321220006,
            51.28029863083111,
            0.0,
            19.692493630482364
        ],
        [
            0.0,
            38.80400464885969,
            57.175535137997834,
            68.92913270581582,
            47.88480722759936,
            47.669377048793,
            43.74232148504464,
            64.04772596173132,
            19.692493630482364,
            0.0
        ]
    ],
    "scores_ave": [
        0,
        12.03699292418285,
        12.721669925976435,
        11.034377995640444,
        10.68630375232859,
        17.950648382117024,
        19.45595722715119,
        14.227487900972532,
        13.866552573584823,
        0
    ],
    "scores_var": [
        0,
        252.77662291329864,
        23.5221400392875,
        304.5732713452968,
        16.370039655790855,
        250.5263264454045,
        241.62525465642358,
        304.9779936997483,
        23.560933454269414,
        0
    ],
    "vertex_number": 10,
    "minimum_distances": {
        "cost": 262.4009145687904,
        "path": [
            0,
            8,
            1,
            7,
            2,
            4,
            5,
            3,
            6,
            9
        ]
    }
}