{
    "vertices": [
        [
            61.04782687882873,
            70.0879243478028
        ],
        [
            88.63639807280965,
            90.45982256999304
        ],
        [
            39.50409999752449,
            82.21439427087829
        ],
        [
            85.12337634802851,
            93.16230076394318
        ],
        [
            29.402542529879106,
            33.19904016878357
        ],
        [
            61.63423818365982,
            41.85644248307643
        ],
        [
            32.55865068740326,
            48.068478466241096
        ],
        [
            2.567959501870254,
            61.64133235258187
        ],
        [
            32.618776594579735,
            0.4790071814487762
        ],
        [
            36.05602022102757,
            23.894865420548193
        ],
        [
            26.374793433229982,
            24.662611683376312
        ],
        [
            33.04131775034447,
            79.64693497255656
        ],
        [
            26.641105523099107,
            67.72195651364694
        ],
        [
            69.28689794798835,
            92.06101022903178
        ],
        [
            8.731172751804216,
            79.24724397095859
        ],
        [
            84.9362037774919,
            46.0725570143249
        ],
        [
            11.60051162881971,
            59.538371171627006
        ],
        [
            26.13283382339011,
            97.51842515675636
        ],
        [
            2.833311977688646,
            97.14303560659447
        ],
        [
            7.192154955731922,
            81.37350182737913
        ],
        [
            8.056206182032943,
            22.07453324293396
        ],
        [
            90.10146133150548,
            53.39497154457349
        ],
        [
            61.04782687882873,
            70.0879243478028
        ]
    ],
    "distances": [
        [
            0.0,
            34.294948574106826,
            24.722124518970556,
            33.34754757456118,
            48.602611015242495,
            28.237571540357493,
            36.00679320624246,
            59.08671428299582,
            75.19050637638168,
            52.52036836388079,
            57.146113419728856,
            29.592891674995666,
            34.48797295062557,
            23.466972434179223,
            53.112384949330206,
            33.873181412652414,
            50.56016275340434,
            44.40145397046508,
            64.19430496859248,
            55.02542737076885,
            71.50802465081925,
            33.50773564716969,
            0.0
        ],
        [
            34.294948574106826,
            0.0,
            49.81937175431373,
            4.432235330796446,
            82.3859626616053,
            55.600406424346346,
            70.29750924993117,
            90.7649794604207,
            105.99302361035622,
            84.82682155629553,
            90.58576252785669,
            56.63683866756822,
            66.0335282346819,
            19.41563691975923,
            80.68808432749023,
            44.541225637969426,
            83.01002323088956,
            62.90086974247,
            86.06297066647971,
            81.94953301606617,
            105.68687298572125,
            37.0937945199534,
            34.294948574106826
        ],
        [
            24.722124518970556,
            49.81937175431373,
            0.0,
            46.914550315702144,
            50.04544335926974,
            46.02724506902389,
            34.84512637739796,
            42.279183428831345,
            82.0248814752086,
            58.42137194100778,
            59.03038514069108,
            6.954092437047694,
            19.377496716457536,
            31.368310435621446,
            30.915643809772213,
            58.05435775334112,
            35.95569867834436,
            20.32250280982784,
            39.593067904952626,
            32.32288496538261,
            67.86584494346835,
            58.22930619747146,
            24.722124518970556
        ],
        [
            33.34754757456118,
            4.432235330796446,
            46.914550315702144,
            0.0,
            81.85599515364066,
            56.427216001156616,
            69.25679167557163,
            88.36836707913635,
            106.52195034155497,
            84.8857057244937,
            90.24191597384936,
            53.80711793292387,
            63.7760700922687,
            15.874724846661882,
            77.64919559041789,
            47.090115735426636,
            80.84664666977915,
            59.15116167140619,
            82.38629099529955,
            78.81783458115225,
            104.84664710192489,
            40.07769708135004,
            33.34754757456118
        ],
        [
            48.602611015242495,
            82.3859626616053,
            50.04544335926974,
            81.85599515364066,
            0.0,
            33.37413398950555,
            15.200697812399506,
            39.103181852064864,
            32.87772376931252,
            11.438375458617852,
            9.057476242239447,
            46.59020945228123,
            34.633181882363175,
            71.10199242279795,
            50.47516817117655,
            57.006271300068796,
            31.791078337791927,
            64.40244001787782,
            69.24419516960415,
            53.04790356168022,
            24.071159710713026,
            63.970574390277655,
            48.602611015242495
        ],
        [
            28.237571540357493,
            55.600406424346346,
            46.02724506902389,
            56.427216001156616,
            33.37413398950555,
            0.0,
            29.731787354758936,
            62.2917903456249,
            50.53700785926847,
            31.254815384466173,
            39.22825845837833,
            47.38856846860176,
            43.51487273869982,
            50.784464396376116,
            64.78276289255813,
            23.68031296830214,
            53.066226501528256,
            66.01973967470958,
            80.7103233910353,
            67.27212205228678,
            57.11330358465169,
            30.71677793409087,
            28.237571540357493
        ],
        [
            36.00679320624246,
            70.29750924993117,
            34.84512637739796,
            69.25679167557163,
            15.200697812399506,
            29.731787354758936,
            0.0,
            32.9190510252948,
            47.58950926717764,
            24.42529756907002,
            24.208979540600314,
            31.58214500021976,
            20.525022293080294,
            57.30887363868551,
            39.241102471383506,
            52.41556801320837,
            23.89146356906563,
            49.86570314419158,
            57.37515071813812,
            41.86506523093987,
            35.72191169311972,
            57.788810208694606,
            36.00679320624246
        ],
        [
            59.08671428299582,
            90.7649794604207,
            42.279183428831345,
            88.36836707913635,
            39.103181852064864,
            62.2917903456249,
            32.9190510252948,
            0.0,
            68.14603163999281,
            50.46034063084671,
            43.97943978913864,
            35.39530037516691,
            24.82922370005826,
            73.32648600256167,
            18.653506948513837,
            83.8266928286068,
            9.274127649254254,
            42.92399200759844,
            35.50269490999791,
            20.26676332761686,
            39.945618575828206,
            87.92108057306058,
            59.08671428299582
        ],
        [
            75.19050637638168,
            105.99302361035622,
            82.0248814752086,
            106.52195034155497,
            32.87772376931252,
            50.53700785926847,
            47.58950926717764,
            68.14603163999281,
            0.0,
            23.66679236443241,
            24.976670162871372,
            79.16905539266192,
            67.50812385432872,
            98.64995897513492,
            82.31070856381733,
            69.39657753378242,
            62.68792497040603,
            97.25593089687433,
            101.14894114038685,
            84.79641709403516,
            32.706063828342366,
            78.13039311973465,
            75.19050637638168
        ],
        [
            52.52036836388079,
            84.82682155629553,
            58.42137194100778,
            84.8857057244937,
            11.438375458617852,
            31.254815384466173,
            24.42529756907002,
            50.46034063084671,
            23.66679236443241,
            0.0,
            9.711621205589529,
            55.833517624440624,
            44.8269398069068,
            75.83478444985106,
            61.72951563396764,
            53.676087310294136,
            43.226512729235296,
            74.28928709116322,
            80.43035980664278,
            64.31886473844055,
            28.05892363322475,
            61.572444860951315,
            52.52036836388079
        ],
        [
            57.146113419728856,
            90.58576252785669,
            59.03038514069108,
            90.24191597384936,
            9.057476242239447,
            39.22825845837833,
            24.208979540600314,
            43.97943978913864,
            24.976670162871372,
            9.711621205589529,
            0.0,
            55.38698722660196,
            43.060168361739656,
            79.89989261822922,
            57.36531558982836,
            62.35242209075148,
            37.8760874790208,
            72.85621525525973,
            76.20769778185804,
            59.86734234859223,
            18.500507800965927,
            69.90448272185719,
            57.146113419728856
        ],
        [
            29.592891674995666,
            56.63683866756822,
            6.954092437047694,
            53.80711793292387,
            46.59020945228123,
            47.38856846860176,
            31.58214500021976,
            35.39530037516691,
            79.16905539266192,
            55.833517624440624,
            55.38698722660196,
            0.0,
            13.533950930871573,
            38.312548183816546,
            24.31343050140827,
            61.80872148049023,
            29.394940130520222,
            19.160305623161037,
            34.90898380298672,
            25.90676070616613,
            62.76015647684466,
            62.80943853694977,
            29.592891674995666
        ],
        [
            34.48797295062557,
            66.0335282346819,
            19.377496716457536,
            63.7760700922687,
            34.633181882363175,
            43.51487273869982,
            20.525022293080294,
            24.82922370005826,
            67.50812385432872,
            44.8269398069068,
            43.060168361739656,
            13.533950930871573,
            0.0,
            49.10247597939568,
            21.29783892431267,
            62.18532768403295,
            17.12280741417009,
            29.800803407299743,
            37.847205028830885,
            23.761867932146572,
            49.28575590140817,
            65.05750731186673,
            34.48797295062557
        ],
        [
            23.466972434179223,
            19.41563691975923,
            31.368310435621446,
            15.874724846661882,
            71.10199242279795,
            50.784464396376116,
            57.30887363868551,
            73.32648600256167,
            98.64995897513492,
            75.83478444985106,
            79.89989261822922,
            38.312548183816546,
            49.10247597939568,
            0.0,
            61.89659489626473,
            48.57817001520968,
            66.22266392876836,
            43.49777727842295,
            66.64762614114777,
            63.00777684627331,
            92.99088436542067,
            43.91251070474651,
            23.466972434179223
        ],
        [
            53.112384949330206,
            80.68808432749023,
            30.915643809772213,
            77.64919559041789,
            50.47516817117655,
            64.78276289255813,
            39.241102471383506,
            18.653506948513837,
            82.31070856381733,
            61.72951563396764,
            57.36531558982836,
            24.31343050140827,
            21.29783892431267,
            61.89659489626473,
            0.0,
            83.11297496959583,
            19.916645616453213,
            25.232000911037524,
            18.84261446766202,
            2.6247948964856813,
            57.17669483155433,
            85.37835705348219,
            53.112384949330206
        ],
        [
            33.873181412652414,
            44.541225637969426,
            58.05435775334112,
            47.090115735426636,
            57.006271300068796,
            23.68031296830214,
            52.41556801320837,
            83.8266928286068,
            69.39657753378242,
            53.676087310294136,
            62.35242209075148,
            61.80872148049023,
            62.18532768403295,
            48.57817001520968,
            83.11297496959583,
            0.0,
            74.56173210061458,
            78.13138720698235,
            96.6906335977465,
            85.38321750727422,
            80.53843290758779,
            8.96089505306752,
            33.873181412652414
        ],
        [
            50.56016275340434,
            83.01002323088956,
            35.95569867834436,
            80.84664666977915,
            31.791078337791927,
            53.066226501528256,
            23.89146356906563,
            9.274127649254254,
            62.68792497040603,
            43.226512729235296,
            37.8760874790208,
            29.394940130520222,
            17.12280741417009,
            66.22266392876836,
            19.916645616453213,
            74.56173210061458,
            0.0,
            40.66537703108314,
            38.613139952473425,
            22.275693913118033,
            37.63112081040774,
            78.74097067728644,
            50.56016275340434
        ],
        [
            44.40145397046508,
            62.90086974247,
            20.32250280982784,
            59.15116167140619,
            64.40244001787782,
            66.01973967470958,
            49.86570314419158,
            42.92399200759844,
            97.25593089687433,
            74.28928709116322,
            72.85621525525973,
            19.160305623161037,
            29.800803407299743,
            43.49777727842295,
            25.232000911037524,
            78.13138720698235,
            40.66537703108314,
            0.0,
            23.30254568824382,
            24.887906004307048,
            77.57928392289269,
            77.71013102510166,
            44.40145397046508
        ],
        [
            64.19430496859248,
            86.06297066647971,
            39.593067904952626,
            82.38629099529955,
            69.24419516960415,
            80.7103233910353,
            57.37515071813812,
            35.50269490999791,
            101.14894114038685,
            80.43035980664278,
            76.20769778185804,
            34.90898380298672,
            37.847205028830885,
            66.64762614114777,
            18.84261446766202,
            96.6906335977465,
            38.613139952473425,
            23.30254568824382,
            0.0,
            16.36085901537724,
            75.24997455808658,
            97.61978795723114,
            64.19430496859248
        ],
        [
            55.02542737076885,
            81.94953301606617,
            32.32288496538261,
            78.81783458115225,
            53.04790356168022,
            67.27212205228678,
            41.86506523093987,
            20.26676332761686,
            84.79641709403516,
            64.31886473844055,
            59.86734234859223,
            25.90676070616613,
            23.761867932146572,
            63.00777684627331,
            2.6247948964856813,
            85.38321750727422,
            22.275693913118033,
            24.887906004307048,
            16.36085901537724,
            0.0,
            59.305263338937195,
            87.50286418453831,
            55.02542737076885
        ],
        [
            71.50802465081925,
            105.68687298572125,
            67.86584494346835,
            104.84664710192489,
            24.071159710713026,
            57.11330358465169,
            35.72191169311972,
            39.945618575828206,
            32.706063828342366,
            28.05892363322475,
            18.500507800965927,
            62.76015647684466,
            49.28575590140817,
            92.99088436542067,
            57.17669483155433,
            80.53843290758779,
            37.63112081040774,
            77.57928392289269,
            75.24997455808658,
            59.305263338937195,
            0.0,
            87.82023541273878,
            71.50802465081925
        ],
        [
            33.50773564716969,
            37.0937945199534,
            58.22930619747146,
            40.07769708135004,
            63.970574390277655,
            30.71677793409087,
            57.788810208694606,
            87.92108057306058,
            78.13039311973465,
            61.572444860951315,
            69.90448272185719,
            62.80943853694977,
            65.05750731186673,
            43.91251070474651,
            85.37835705348219,
            8.96089505306752,
            78.74097067728644,
            77.71013102510166,
            97.61978795723114,
            87.50286418453831,
            87.82023541273878,
            0.0,
            33.50773564716969
        ],
        [
            0.0,
            34.294948574106826,
            24.722124518970556,
            33.34754757456118,
            48.602611015242495,
            28.237571540357493,
            36.00679320624246,
            59.08671428299582,
            75.19050637638168,
            52.52036836388079,
            57.146113419728856,
            29.592891674995666,
            34.48797295062557,
            23.466972434179223,
            53.112384949330206,
            33.873181412652414,
            50.56016275340434,
            44.40145397046508,
            64.19430496859248,
            55.02542737076885,
            71.50802465081925,
            33.50773564716969,
            0.0
        ]
    ],
    "scores_ave": [
        0,
        10.13018042278253,
        13.585308121370904,
        11.473947062947719,
        12.51099365447831,
        14.134395997483699,
        11.977293446553407,
        13.836315333676044,
        19.80014036872312,
        12.63215503281599,
        11.958385501752891,
        13.271475654903305,
        17.189950602621575,
        13.85812636088715,
        15.2502649570216,
        11.489725706729253,
        14.252645124165994,
        14.667646766958121,
        13.771909442084311,
        10.558803838676488,
        19.00974900113053,
        19.547189406590796,
        0
    ],
    "scores_var": [
        0,
        22.572483320944674,
        334.0416920047647,
        16.24630919165665,
        20.30730853048941,
        24.578463258592933,
        22.50308976121219,
        237.91791283822042,
        296.9934057092102,
        289.6219776449313,
        262.6419723567426,
        17.64285674094148,
        330.6554021655552,
        238.34999679163204,
        18.909300416551662,
        24.766139157645227,
        226.38146364457398,
        351.6939295225435,
        297.700011133477,
        23.780312666621835,
        239.20047242109308,
        19.50184435710926,
        0
    ],
    "vertex_number": 23,
    "minimum_distances": {
        "cost": 430.32940344698966,
        "path": [
            0,
            21,
            15,
            5,
            6,
            4,
            10,
            9,
            8,
            20,
            16,
            7,
            14,
            19,
            18,
            17,
            12,
            11,
            2,
            13,
            3,
            1,
            22
        ]
    }
}