{
    "vertices": [
        [
            38.0989622229992,
            63.68674788784004
        ],
        [
            63.904080195651744,
            10.779727063607126
        ],
        [
            23.32498172012344,
            60.77128942839689
        ],
        [
            9.207314076707707,
            32.453281783214294
        ],
        [
            83.71650203816867,
            70.99612034414784
        ],
        [
            89.26746314682985,
            3.8480084963304018
        ],
        [
            2.4272744326814477,
            15.698398429402793
        ],
        [
            66.57396173735486,
            15.398319526362869
        ],
        [
            0.20522908794913253,
            19.073738860972966
        ],
        [
            88.7976479224551,
            99.96984003053113
        ],
        [
            4.675332964651457,
            97.53069994739259
        ],
        [
            40.89024275229735,
            31.22363650191292
        ],
        [
            8.244528031022158,
            22.554198987506023
        ],
        [
            23.376508693817975,
            17.107748739419726
        ],
        [
            91.01047626414729,
            9.456577413537726
        ],
        [
            38.0989622229992,
            63.68674788784004
        ]
    ],
    "distances": [
        [
            0.0,
            58.86473448575413,
            15.058897633229721,
            42.5471119762307,
            46.19942493682798,
            78.73303130679693,
            59.79423879902644,
            56.05887896635169,
            58.53422576016287,
            62.34436227187849,
            47.566291465792986,
            32.58289195035257,
            50.82493305417585,
            48.850320363201725,
            75.7663494422062,
            0.0
        ],
        [
            58.86473448575413,
            0.0,
            64.38803880193346,
            58.834336896528974,
            63.392003273146294,
            26.293533749270775,
            61.67325980376484,
            5.334759955588553,
            64.23654928571513,
            92.59895229008593,
            105.04178118652123,
            30.782952213697595,
            56.89133445660952,
            41.018628818694104,
            27.138670432035344,
            58.86473448575413
        ],
        [
            15.058897633229721,
            64.38803880193346,
            0.0,
            31.64203053981472,
            61.25098279685451,
            87.11297704006267,
            49.68178411529531,
            62.683176931787436,
            47.67817829044861,
            76.3098708487311,
            41.21969990679856,
            34.374440920433365,
            41.08486443005941,
            43.66357109223869,
            84.93836495269386,
            15.058897633229721
        ],
        [
            42.5471119762307,
            58.834336896528974,
            31.64203053981472,
            0.0,
            83.8878387789941,
            85.01699317752595,
            18.07470757092345,
            59.84817458706206,
            16.126056646090838,
            104.3700478070258,
            65.23503052590193,
            31.706781561368334,
            9.945792938024313,
            20.886633536684116,
            84.97414757284034,
            42.5471119762307
        ],
        [
            46.19942493682798,
            63.392003273146294,
            61.25098279685451,
            83.8878387789941,
            0.0,
            67.37716300021,
            98.314681373929,
            58.18059937590121,
            98.33649581234025,
            29.41588815525575,
            83.37619758197938,
            58.44603455668757,
            89.6807593927397,
            80.90037942436088,
            61.970294529860396,
            46.19942493682798
        ],
        [
            78.73303130679693,
            26.293533749270775,
            87.11297704006267,
            85.01699317752595,
            67.37716300021,
            0.0,
            87.6450233468779,
            25.463791766198785,
            90.35432696166605,
            96.12297968661979,
            126.22311660814566,
            55.58579370487756,
            83.15429981349452,
            67.21189321870862,
            5.873171206954959,
            78.73303130679693
        ],
        [
            59.79423879902644,
            61.67325980376484,
            49.68178411529531,
            18.07470757092345,
            98.314681373929,
            87.6450233468779,
            0.0,
            64.1473891870246,
            4.041090019170431,
            120.67111206206472,
            81.86317449802664,
            41.478102043896534,
            8.991242445841204,
            20.996587447114383,
            88.8028376590991,
            59.79423879902644
        ],
        [
            56.05887896635169,
            5.334759955588553,
            62.683176931787436,
            59.84817458706206,
            58.18059937590121,
            25.463791766198785,
            64.1473891870246,
            0.0,
            66.47042485777806,
            87.44274874476882,
            102.84536040855558,
            30.16776555000447,
            58.766737593334824,
            43.23126296655033,
            25.148509728281255,
            56.05887896635169
        ],
        [
            58.53422576016287,
            64.23654928571513,
            47.67817829044861,
            16.126056646090838,
            98.33649581234025,
            90.35432696166605,
            4.041090019170431,
            66.47042485777806,
            0.0,
            119.9699789921792,
            78.58420052138007,
            42.46045630411335,
            8.760361304676968,
            23.2545332297038,
            91.31310261422769,
            58.53422576016287
        ],
        [
            62.34436227187849,
            92.59895229008593,
            76.3098708487311,
            104.3700478070258,
            29.41588815525575,
            96.12297968661979,
            120.67111206206472,
            87.44274874476882,
            119.9699789921792,
            0.0,
            84.15766915858048,
            83.79236223985964,
            111.72281146814235,
            105.57486268572269,
            90.5403077023853,
            62.34436227187849
        ],
        [
            47.566291465792986,
            105.04178118652123,
            41.21969990679856,
            65.23503052590193,
            83.37619758197938,
            126.22311660814566,
            81.86317449802664,
            102.84536040855558,
            78.58420052138007,
            84.15766915858048,
            0.0,
            75.55227563541813,
            75.0614071917765,
            82.56866872278582,
            123.33210461454453,
            47.566291465792986
        ],
        [
            32.58289195035257,
            30.782952213697595,
            34.374440920433365,
            31.706781561368334,
            58.44603455668757,
            55.58579370487756,
            41.478102043896534,
            30.16776555000447,
            42.46045630411335,
            83.79236223985964,
            75.55227563541813,
            0.0,
            33.777238437727405,
            22.49420298642398,
            54.642864755054546,
            32.58289195035257
        ],
        [
            50.82493305417585,
            56.89133445660952,
            41.08486443005941,
            9.945792938024313,
            89.6807593927397,
            83.15429981349452,
            8.991242445841204,
            58.766737593334824,
            8.760361304676968,
            111.72281146814235,
            75.0614071917765,
            33.777238437727405,
            0.0,
            16.082308885359275,
            83.79588222474436,
            50.82493305417585
        ],
        [
            48.850320363201725,
            41.018628818694104,
            43.66357109223869,
            20.886633536684116,
            80.90037942436088,
            67.21189321870862,
            20.996587447114383,
            43.23126296655033,
            23.2545332297038,
            105.57486268572269,
            82.56866872278582,
            22.49420298642398,
            16.082308885359275,
            0.0,
            68.06536558310955,
            48.850320363201725
        ],
        [
            75.7663494422062,
            27.138670432035344,
            84.93836495269386,
            84.97414757284034,
            61.970294529860396,
            5.873171206954959,
            88.8028376590991,
            25.148509728281255,
            91.31310261422769,
            90.5403077023853,
            123.33210461454453,
            54.642864755054546,
            83.79588222474436,
            68.06536558310955,
            0.0,
            75.7663494422062
        ],
        [
            0.0,
            58.86473448575413,
            15.058897633229721,
            42.5471119762307,
            46.19942493682798,
            78.73303130679693,
            59.79423879902644,
            56.05887896635169,
            58.53422576016287,
            62.34436227187849,
            47.566291465792986,
            32.58289195035257,
            50.82493305417585,
            48.850320363201725,
            75.7663494422062,
            0.0
        ]
    ],
    "scores_ave": [
        0,
        18.751621219674032,
        12.819305676951453,
        13.153981206762214,
        11.654467120075743,
        15.452519292133621,
        13.762524368474411,
        12.827962249834599,
        15.299462478568655,
        13.873293915776816,
        13.689373950131234,
        15.257450259046296,
        13.214521988670674,
        19.611434492340713,
        10.639294623247633,
        0
    ],
    "scores_var": [
        0,
        20.790530576787578,
        22.40032808370999,
        329.857719481542,
        332.36400095432725,
        322.81952584154556,
        20.33185718971818,
        17.950206049303855,
        19.65935622212141,
        240.23356352797228,
        383.2224573791774,
        23.51667996637282,
        18.79468850851274,
        266.74183147352204,
        328.5522793197315,
        0
    ],
    "vertex_number": 16,
    "minimum_distances": {
        "cost": 405.00064760785966,
        "path": [
            0,
            2,
            3,
            8,
            6,
            12,
            13,
            11,
            1,
            7,
            5,
            14,
            4,
            9,
            10,
            15
        ]
    }
}