{
    "vertices": [
        [
            70.15941587802067,
            29.28464134856329
        ],
        [
            38.33255511891509,
            73.8942859510269
        ],
        [
            59.55141310237102,
            28.335723277076884
        ],
        [
            36.65310793579919,
            38.715278012159175
        ],
        [
            1.4493002177009662,
            68.77024886347714
        ],
        [
            9.386752681528254,
            5.584301308885998
        ],
        [
            84.59098077008129,
            41.143149818002136
        ],
        [
            67.01840738583329,
            24.318835671045612
        ],
        [
            39.089860461628476,
            33.91645706985435
        ],
        [
            50.7704608693402,
            31.746951997799954
        ],
        [
            70.9020779528012,
            35.489906853413565
        ],
        [
            0.631950675211912,
            87.16572590841261
        ],
        [
            76.09180526401437,
            43.37463255810836
        ],
        [
            16.61910426240498,
            18.221787904296328
        ],
        [
            62.18111472955976,
            63.67529058770225
        ],
        [
            72.1818060169481,
            81.5146701841703
        ],
        [
            3.2655462679334835,
            81.73032916279648
        ],
        [
            8.446960779200785,
            70.77586010733437
        ],
        [
            77.0600404911516,
            46.60525559860142
        ],
        [
            60.32497064925191,
            7.4930016536652655
        ],
        [
            46.984080381744405,
            60.27739203917216
        ],
        [
            9.64150775627407,
            85.92011809805311
        ],
        [
            22.042312501551642,
            18.24168808830414
        ],
        [
            70.15941587802067,
            29.28464134856329
        ]
    ],
    "distances": [
        [
            0.0,
            54.799356358789524,
            10.650360012440146,
            34.80818265580283,
            79.24766996496699,
            65.23053510427947,
            18.67871217063718,
            5.875811465224192,
            31.412911209377974,
            19.54468086365136,
            6.249549339192552,
            90.46705680717268,
            15.287939563986642,
            54.67130594952494,
            35.303966410376916,
            52.269168484321334,
            85.00199975129617,
            74.36362248043096,
            18.644631882930064,
            23.907987651617773,
            38.699441478336595,
            82.88542954026458,
            49.368030688392615,
            0.0
        ],
        [
            54.799356358789524,
            0.0,
            50.25756228706585,
            35.21907355970334,
            37.2374844502488,
            74.1897127676995,
            56.678733769628195,
            57.2765518405425,
            39.98500110584488,
            43.94427447144048,
            50.35543815220189,
            39.96832113015339,
            48.55110930497947,
            59.75701621451074,
            25.94574457860331,
            34.696426937348015,
            35.9318616686019,
            30.04785065159525,
            47.376252498824684,
            69.94853034337496,
            16.132845042957566,
            31.109433257353935,
            57.98778883008472,
            54.799356358789524
        ],
        [
            10.650360012440146,
            50.25756228706585,
            0.0,
            25.140953362989624,
            70.78704952927617,
            55.082849932743564,
            28.124902196932844,
            8.478879033737051,
            21.20895391422516,
            9.42027619042324,
            13.41715078512263,
            83.26146925384144,
            22.355164173497975,
            44.10753712297942,
            35.4372734327891,
            54.65827676870228,
            77.5827477149099,
            66.42913714193612,
            25.304700043398793,
            20.857071605318104,
            34.325035397189986,
            76.20341973005169,
            38.84356026775315,
            10.650360012440146
        ],
        [
            34.80818265580283,
            35.21907355970334,
            25.140953362989624,
            0.0,
            46.28832845033837,
            42.90822469136818,
            47.99931471783122,
            33.605192497161035,
            5.382048430517765,
            15.743481866872854,
            34.40050822789063,
            60.37358422140869,
            39.71297560913088,
            28.65910745272164,
            35.70267999231366,
            55.62442231282084,
            54.45203301638497,
            42.702080297113774,
            41.17003697894087,
            39.18147043349344,
            23.90928173310084,
            54.38679501306673,
            25.152400036410192,
            34.80818265580283
        ],
        [
            79.24766996496699,
            37.2374844502488,
            70.78704952927617,
            46.28832845033837,
            0.0,
            63.68254957197505,
            87.61161821780568,
            79.21638687563512,
            51.29910893836211,
            61.67091209661867,
            77.0147355992867,
            18.41362636705098,
            78.84440935867575,
            52.77565594188806,
            60.94515480113829,
            71.871466184014,
            13.086727286827314,
            7.279404494562485,
            78.79258195497337,
            84.977912391262,
            46.32002614016865,
            19.00605901069734,
            54.56379393822588,
            79.24766996496699
        ],
        [
            65.23053510427947,
            74.1897127676995,
            55.082849932743564,
            42.90822469136818,
            63.68254957197505,
            0.0,
            83.18718428754144,
            60.60025083878106,
            41.04857685547726,
            48.96014291690848,
            68.39941875641482,
            82.04983484357568,
            76.66598447785165,
            14.560665398208485,
            78.49718274849215,
            98.53242938715643,
            76.39166659974336,
            65.19833239731851,
            79.13528020929121,
            50.97396577404476,
            66.36936962054676,
            80.33622071849493,
            17.89895623889783,
            65.23053510427947
        ],
        [
            18.67871217063718,
            56.678733769628195,
            28.124902196932844,
            47.99931471783122,
            87.61161821780568,
            83.18718428754144,
            0.0,
            24.32802667419334,
            46.071434071455045,
            35.10151136109094,
            14.81030777389885,
            95.74547636556414,
            8.7872350316991,
            71.7325925082447,
            31.778915394010887,
            42.235616187404304,
            90.89084345592592,
            81.70684977076957,
            9.303207030011839,
            41.48700662455677,
            42.19476486718108,
            87.30635940983971,
            66.60940512813029,
            18.67871217063718
        ],
        [
            5.875811465224192,
            57.2765518405425,
            8.478879033737051,
            33.605192497161035,
            79.21638687563512,
            60.60025083878106,
            24.32802667419334,
            0.0,
            29.531645226982892,
            17.86540450610101,
            11.826906968191839,
            91.41604480122108,
            21.10568511223389,
            50.76675828529169,
            39.65261585128104,
            57.42842650705784,
            85.7933965155336,
            74.75874181035641,
            24.444199897095856,
            18.108307091692772,
            41.16299350856907,
            84.18329173744904,
            45.38480840305846,
            5.875811465224192
        ],
        [
            31.412911209377974,
            39.98500110584488,
            21.20895391422516,
            5.382048430517765,
            51.29910893836211,
            41.04857685547726,
            46.071434071455045,
            29.531645226982892,
            0.0,
            11.88036944468921,
            31.851105568363852,
            65.68481907550029,
            38.19163524550135,
            27.40907740842911,
            37.6668846071618,
            57.97125798455711,
            59.74569316669451,
            47.93331715233902,
            40.03423759206025,
            33.898803825678584,
            27.517587114493843,
            59.762749580275774,
            23.158524868309044,
            31.412911209377974
        ],
        [
            19.54468086365136,
            43.94427447144048,
            9.42027619042324,
            15.743481866872854,
            61.67091209661867,
            48.96014291690848,
            35.10151136109094,
            17.86540450610101,
            11.88036944468921,
            0.0,
            20.476613915544256,
            74.73359824230538,
            27.863478554664905,
            36.73207347605438,
            33.90607359499457,
            54.17814572784833,
            68.95690613785716,
            57.571992566720425,
            30.19786718603072,
            26.068041054712562,
            28.780595653168486,
            68.01707660214757,
            31.74426974915004,
            19.54468086365136
        ],
        [
            6.249549339192552,
            50.35543815220189,
            13.41715078512263,
            34.40050822789063,
            77.0147355992867,
            68.39941875641482,
            14.81030777389885,
            11.826906968191839,
            31.851105568363852,
            20.476613915544256,
            0.0,
            87.22546109143592,
            9.439394525234476,
            56.96340197629625,
            29.50374647041008,
            46.042551445052815,
            81.93214920718357,
            71.73381460793817,
            12.707142887009493,
            29.928279263507434,
            34.4454645729054,
            79.34773889017,
            51.814840832720826,
            6.249549339192552
        ],
        [
            90.46705680717268,
            39.96832113015339,
            83.26146925384144,
            60.37358422140869,
            18.41362636705098,
            82.04983484357568,
            95.74547636556414,
            91.41604480122108,
            65.68481907550029,
            74.73359824230538,
            87.22546109143592,
            0.0,
            87.24591400964445,
            70.77326944077072,
            65.87943645285304,
            71.77267049665818,
            6.039814858773149,
            18.157700402385824,
            86.52401206986659,
            99.55400355482519,
            53.586401508171406,
            9.095254675606718,
            72.17289368566657,
            90.46705680717268
        ],
        [
            15.287939563986642,
            48.55110930497947,
            22.355164173497975,
            39.71297560913088,
            78.84440935867575,
            76.66598447785165,
            8.7872350316991,
            21.10568511223389,
            38.19163524550135,
            27.863478554664905,
            9.439394525234476,
            87.24591400964445,
            0.0,
            64.57296461062967,
            24.60942964759403,
            38.33993432740176,
            82.309315763133,
            72.98391779412145,
            3.372596134261274,
            39.192914029604346,
            33.659514641429546,
            78.903487747354,
            59.607151966872,
            15.287939563986642
        ],
        [
            54.67130594952494,
            59.75701621451074,
            44.10753712297942,
            28.65910745272164,
            52.77565594188806,
            14.560665398208485,
            71.7325925082447,
            50.76675828529169,
            27.40907740842911,
            36.73207347605438,
            56.96340197629625,
            70.77326944077072,
            64.57296461062967,
            0.0,
            64.35773227825473,
            84.22115395527595,
            64.89724434746309,
            53.18566004321289,
            66.77370747952426,
            45.00343999114564,
            51.87201185492461,
            68.0569670498568,
            5.423244750375163,
            54.67130594952494
        ],
        [
            35.303966410376916,
            25.94574457860331,
            35.4372734327891,
            35.70267999231366,
            60.94515480113829,
            78.49718274849215,
            31.778915394010887,
            39.65261585128104,
            37.6668846071618,
            33.90607359499457,
            29.50374647041008,
            65.87943645285304,
            24.60942964759403,
            64.35773227825473,
            0.0,
            20.451339579903454,
            61.620034283540555,
            54.20126740459126,
            22.644392823568662,
            56.21294211046489,
            15.572269183223828,
            57.054733825271605,
            60.624546846739094,
            35.303966410376916
        ],
        [
            52.269168484321334,
            34.696426937348015,
            54.65827676870228,
            55.62442231282084,
            71.871466184014,
            98.53242938715643,
            42.235616187404304,
            57.42842650705784,
            57.97125798455711,
            54.17814572784833,
            46.042551445052815,
            71.77267049665818,
            38.33993432740176,
            84.22115395527595,
            20.451339579903454,
            0.0,
            68.91659717795645,
            64.63321544953457,
            35.24860845895107,
            74.96527167279935,
            32.95371542322682,
            62.69526997992753,
            80.73065757990754,
            52.269168484321334
        ],
        [
            85.00199975129617,
            35.9318616686019,
            77.5827477149099,
            54.45203301638497,
            13.086727286827314,
            76.39166659974336,
            90.89084345592592,
            85.7933965155336,
            59.74569316669451,
            68.95690613785716,
            81.93214920718357,
            6.039814858773149,
            82.309315763133,
            64.89724434746309,
            61.620034283540555,
            68.91659717795645,
            0.0,
            12.118062907273933,
            81.72758512614138,
            93.63203888854181,
            48.69844695974018,
            7.629365387946836,
            66.20705774823148,
            85.00199975129617
        ],
        [
            74.36362248043096,
            30.04785065159525,
            66.42913714193612,
            42.702080297113774,
            7.279404494562485,
            65.19833239731851,
            81.70684977076957,
            74.75874181035641,
            47.93331715233902,
            57.571992566720425,
            71.73381460793817,
            18.157700402385824,
            72.98391779412145,
            53.18566004321289,
            54.20126740459126,
            64.63321544953457,
            12.118062907273933,
            0.0,
            72.74594717148233,
            81.82938397754342,
            39.94155003300414,
            15.191296605947874,
            54.26483961258419,
            74.36362248043096
        ],
        [
            18.644631882930064,
            47.376252498824684,
            25.304700043398793,
            41.17003697894087,
            78.79258195497337,
            79.13528020929121,
            9.303207030011839,
            24.444199897095856,
            40.03423759206025,
            30.19786718603072,
            12.707142887009493,
            86.52401206986659,
            3.372596134261274,
            66.77370747952426,
            22.644392823568662,
            35.24860845895107,
            81.72758512614138,
            72.74594717148233,
            0.0,
            42.5421082137032,
            33.03771619455914,
            78.04432695253733,
            61.89864582564631,
            18.644631882930064
        ],
        [
            23.907987651617773,
            69.94853034337496,
            20.857071605318104,
            39.18147043349344,
            84.977912391262,
            50.97396577404476,
            41.48700662455677,
            18.108307091692772,
            33.898803825678584,
            26.068041054712562,
            29.928279263507434,
            99.55400355482519,
            39.192914029604346,
            45.00343999114564,
            56.21294211046489,
            74.96527167279935,
            93.63203888854181,
            81.82938397754342,
            42.5421082137032,
            0.0,
            54.44420282729162,
            93.37893769263728,
            39.763000074489746,
            23.907987651617773
        ],
        [
            38.699441478336595,
            16.132845042957566,
            34.325035397189986,
            23.90928173310084,
            46.32002614016865,
            66.36936962054676,
            42.19476486718108,
            41.16299350856907,
            27.517587114493843,
            28.780595653168486,
            34.4454645729054,
            53.586401508171406,
            33.659514641429546,
            51.87201185492461,
            15.572269183223828,
            32.95371542322682,
            48.69844695974018,
            39.94155003300414,
            33.03771619455914,
            54.44420282729162,
            0.0,
            45.29919568843732,
            48.878340720961845,
            38.699441478336595
        ],
        [
            82.88542954026458,
            31.109433257353935,
            76.20341973005169,
            54.38679501306673,
            19.00605901069734,
            80.33622071849493,
            87.30635940983971,
            84.18329173744904,
            59.762749580275774,
            68.01707660214757,
            79.34773889017,
            9.095254675606718,
            78.903487747354,
            68.0569670498568,
            57.054733825271605,
            62.69526997992753,
            7.629365387946836,
            15.191296605947874,
            78.04432695253733,
            93.37893769263728,
            45.29919568843732,
            0.0,
            68.80515857779116,
            82.88542954026458
        ],
        [
            49.368030688392615,
            57.98778883008472,
            38.84356026775315,
            25.152400036410192,
            54.56379393822588,
            17.89895623889783,
            66.60940512813029,
            45.38480840305846,
            23.158524868309044,
            31.74426974915004,
            51.814840832720826,
            72.17289368566657,
            59.607151966872,
            5.423244750375163,
            60.624546846739094,
            80.73065757990754,
            66.20705774823148,
            54.26483961258419,
            61.89864582564631,
            39.763000074489746,
            48.878340720961845,
            68.80515857779116,
            0.0,
            49.368030688392615
        ],
        [
            0.0,
            54.799356358789524,
            10.650360012440146,
            34.80818265580283,
            79.24766996496699,
            65.23053510427947,
            18.67871217063718,
            5.875811465224192,
            31.412911209377974,
            19.54468086365136,
            6.249549339192552,
            90.46705680717268,
            15.287939563986642,
            54.67130594952494,
            35.303966410376916,
            52.269168484321334,
            85.00199975129617,
            74.36362248043096,
            18.644631882930064,
            23.907987651617773,
            38.699441478336595,
            82.88542954026458,
            49.368030688392615,
            0.0
        ]
    ],
    "scores_ave": [
        0,
        14.42355389942476,
        17.89353625145231,
        11.63731438109925,
        15.074245202135984,
        11.424911818941169,
        18.476522125924028,
        10.296631780003576,
        14.71217389384403,
        15.227787063350373,
        10.44676975303889,
        14.823395445687456,
        13.474509549902018,
        19.11104949360822,
        13.694726929954754,
        16.566564364757372,
        17.53150861287854,
        12.733991226938638,
        12.123496359013714,
        12.103660996510943,
        17.308799355610567,
        18.34053103466507,
        13.24743734553294,
        0
    ],
    "scores_var": [
        0,
        21.565350885881248,
        23.648968838960545,
        350.50213797472395,
        305.4998205558197,
        24.79261928172988,
        261.0576031189888,
        22.427444693640375,
        278.7526505354205,
        24.963717373562027,
        262.1183747300182,
        324.2819800485059,
        23.67759069532209,
        333.21854549418435,
        24.521866801641593,
        310.7035516049667,
        16.017685761906424,
        21.38804732407568,
        321.1443773373332,
        24.490017955274382,
        363.507125263812,
        305.94732230833387,
        269.8995924292275,
        0
    ],
    "vertex_number": 24,
    "minimum_distances": {
        "cost": 395.81219457175524,
        "path": [
            0,
            7,
            19,
            2,
            9,
            20,
            3,
            8,
            22,
            13,
            5,
            4,
            17,
            16,
            11,
            21,
            1,
            15,
            14,
            18,
            12,
            6,
            10,
            23
        ]
    }
}