{
    "vertices": [
        [
            22.76999048980969,
            47.19556208678735
        ],
        [
            45.43191305780172,
            79.3424843087394
        ],
        [
            38.8979839926902,
            14.655581401458972
        ],
        [
            72.65469571676887,
            9.539958571293939
        ],
        [
            86.46180182453156,
            72.73472318043184
        ],
        [
            90.92143276813634,
            3.262170734571357
        ],
        [
            29.86821226164933,
            63.79027441831175
        ],
        [
            61.42547104928242,
            25.416340609956556
        ],
        [
            40.10876141989118,
            49.68992631589487
        ],
        [
            23.222271077956826,
            79.8142656384038
        ],
        [
            70.0113206799508,
            55.2811336148713
        ],
        [
            37.792236786335764,
            53.88844861361134
        ],
        [
            27.384396022294244,
            46.34902662912983
        ],
        [
            66.72686983467446,
            44.069372709024265
        ],
        [
            82.92079878619253,
            6.265128744692571
        ],
        [
            89.09858703780888,
            66.40812558434618
        ],
        [
            20.91003093836623,
            35.97068211368938
        ],
        [
            55.17062450358111,
            6.090038513064899
        ],
        [
            62.03849709641977,
            68.51027340951468
        ],
        [
            12.498569448804753,
            22.638602042324273
        ],
        [
            51.03047716420449,
            32.896571948773115
        ],
        [
            14.05763534766078,
            56.462210515950126
        ],
        [
            90.68040910133487,
            47.80812719582879
        ],
        [
            6.729348509382682,
            17.714171326520344
        ],
        [
            22.76999048980969,
            47.19556208678735
        ]
    ],
    "distances": [
        [
            0.0,
            39.33175997615542,
            36.31752355861423,
            62.50142631729814,
            68.621393023349,
            81.08490587232039,
            18.049078361186936,
            44.36869014767759,
            17.517272341129203,
            32.62183899044703,
            47.92827709264855,
            16.445747591837637,
            4.691413507600399,
            44.06790557497188,
            72.75589400371535,
            69.05508899548954,
            11.377933904864346,
            52.339900198263784,
            44.68033717290616,
            26.618534460539987,
            31.672010135775633,
            12.719115740987403,
            67.91318128320452,
            33.56269649929508,
            0.0
        ],
        [
            39.33175997615542,
            0.0,
            65.01605676110967,
            74.92311055358086,
            41.55856445233637,
            88.64259989993897,
            22.00227294958569,
            56.247869928101565,
            30.12656865424932,
            22.21465224791756,
            34.39616077804421,
            26.575789484070903,
            37.60692915943976,
            41.20276187411272,
            82.13231062980311,
            45.54202512062371,
            49.82404969817323,
            73.89697771676718,
            19.827138633624532,
            65.57389255909496,
            46.78211939409298,
            38.83107300430992,
            55.152897228760445,
            72.77319192985074,
            39.33175997615542
        ],
        [
            36.31752355861423,
            65.01605676110967,
            0.0,
            34.14213208578305,
            75.06999051899915,
            53.256445892641175,
            49.95753031701093,
            24.96560858117013,
            35.05526074017821,
            67.0177745592542,
            51.17103880574956,
            39.248446422383914,
            33.719981885395775,
            40.49219685681669,
            44.81526434294956,
            72.10011356090413,
            27.890858241672813,
            18.389327180992954,
            58.615793076494484,
            27.580023691294972,
            21.907330433077526,
            48.62959138963882,
            61.485858884626325,
            32.313713515899074,
            36.31752355861423
        ],
        [
            62.50142631729814,
            74.92311055358086,
            34.14213208578305,
            0.0,
            64.68550419588122,
            19.31539030479848,
            69.09254616784948,
            19.446207683516473,
            51.68421179769674,
            85.91881539822508,
            45.81749148472074,
            56.41081112437279,
            58.34644398516455,
            35.03454809731844,
            10.775777587962176,
            59.1978883170893,
            58.10416060837467,
            17.821186677547374,
            59.91829190877841,
            61.56568840148227,
            31.829832177913044,
            75.06872325715078,
            42.301052858036,
            66.43018258730083,
            62.50142631729814
        ],
        [
            68.621393023349,
            41.55856445233637,
            75.06999051899915,
            64.68550419588122,
            0.0,
            69.61554317461002,
            57.29605172496761,
            53.533608021256576,
            51.765500261100506,
            63.6345674178838,
            23.984288995324647,
            52.19107803116502,
            64.70196951267879,
            34.801865730056946,
            66.56384669600449,
            6.854084432202073,
            75.15736412268221,
            73.62507570484351,
            24.785959527708627,
            89.33185935907586,
            53.31469835553806,
            74.21022834910386,
            25.281056835811412,
            96.87375928475865,
            68.621393023349
        ],
        [
            81.08490587232039,
            88.64259989993897,
            53.256445892641175,
            19.31539030479848,
            69.61554317461002,
            0.0,
            85.9717806594894,
            36.88928029370485,
            68.82923839375162,
            102.19295341518631,
            56.06429600630428,
            73.3875430680054,
            76.76869276808704,
            47.44053760788384,
            8.545636367385708,
            63.17225958002748,
            77.27511308828626,
            35.862475203778565,
            71.35501997544716,
            80.78113382112578,
            49.69392391750871,
            93.4788082221644,
            44.54660850677862,
            85.42345914877697,
            81.08490587232039
        ],
        [
            18.049078361186936,
            22.00227294958569,
            49.95753031701093,
            69.09254616784948,
            57.29605172496761,
            85.9717806594894,
            0.0,
            49.68319009602415,
            17.426665305551122,
            17.347530914763837,
            41.035041497435834,
            12.68212596272656,
            17.617220767037214,
            41.802806153569406,
            78.25419683132176,
            59.288198158249216,
            29.22633621609494,
            63.004200564579804,
            32.514698473570654,
            44.66726576349188,
            37.44679302800569,
            17.426269334262088,
            62.87727979413375,
            51.55981276024332,
            18.049078361186936
        ],
        [
            44.36869014767759,
            56.247869928101565,
            24.96560858117013,
            19.446207683516473,
            53.533608021256576,
            36.88928029370485,
            49.68319009602415,
            0.0,
            32.30493882438588,
            66.47269165190815,
            31.074469828250535,
            37.002576881875385,
            39.96213373895757,
            19.39176205430044,
            28.789199892067256,
            49.45834392598517,
            41.867589039239576,
            20.313272952692547,
            43.09829283239999,
            49.00568876949835,
            12.806629484490482,
            56.63530610207469,
            36.84078591638178,
            55.23576045073007,
            44.36869014767759
        ],
        [
            17.517272341129203,
            30.12656865424932,
            35.05526074017821,
            51.68421179769674,
            51.765500261100506,
            68.82923839375162,
            17.426665305551122,
            32.30493882438588,
            0.0,
            34.534466489087386,
            30.420793042941938,
            4.795192995312223,
            13.155648425242635,
            27.205042150837823,
            60.980190123953214,
            51.76389862494547,
            23.596798799455495,
            46.12819025250377,
            28.898421610301387,
            38.6535489397043,
            20.032489253692578,
            26.91700211608939,
            50.60664696602958,
            46.22373971662972,
            17.517272341129203
        ],
        [
            32.62183899044703,
            22.21465224791756,
            67.0177745592542,
            85.91881539822508,
            63.6345674178838,
            102.19295341518631,
            17.347530914763837,
            66.47269165190815,
            34.534466489087386,
            0.0,
            52.83076499107246,
            29.73939960971567,
            33.723070826959216,
            56.3058388048327,
            94.72797764304303,
            67.22658399466142,
            43.904513102319484,
            80.34898227007704,
            40.42869825541239,
            58.17262487014947,
            54.539584770047824,
            25.08603249840703,
            74.66587763889473,
            64.25292373423798,
            32.62183899044703
        ],
        [
            47.92827709264855,
            34.39616077804421,
            51.17103880574956,
            45.81749148472074,
            23.984288995324647,
            56.06429600630428,
            41.035041497435834,
            31.074469828250535,
            30.420793042941938,
            52.83076499107246,
            0.0,
            32.24916957778197,
            43.55269499094471,
            11.682944832743003,
            50.68750692635139,
            22.09374769713322,
            52.7620146645912,
            51.3810286031165,
            15.445907406181279,
            66.13056344565969,
            29.348611918668333,
            55.9661490984612,
            21.97855866771167,
            73.59269432063851,
            47.92827709264855
        ],
        [
            16.445747591837637,
            26.575789484070903,
            39.248446422383914,
            56.41081112437279,
            52.19107803116502,
            73.3875430680054,
            12.68212596272656,
            37.002576881875385,
            4.795192995312223,
            29.73939960971567,
            32.24916957778197,
            0.0,
            12.851693788358304,
            30.55531445202383,
            65.60920441151737,
            52.81177792479992,
            24.618189020294373,
            50.85957498633786,
            28.31393472102471,
            40.2035137532861,
            24.81753199280729,
            23.87374197277593,
            53.23653894990342,
            47.68103779648485,
            16.445747591837637
        ],
        [
            4.691413507600399,
            37.60692915943976,
            33.719981885395775,
            58.34644398516455,
            64.70196951267879,
            76.76869276808704,
            17.617220767037214,
            39.96213373895757,
            13.155648425242635,
            33.723070826959216,
            43.55269499094471,
            12.851693788358304,
            0.0,
            39.40846441658538,
            68.4909548886853,
            64.8922863181333,
            12.23222948285222,
            48.91687456638798,
            41.1342628488323,
            27.99592946952466,
            27.2048835744036,
            16.72958572133807,
            63.31282844863136,
            35.30702374828579,
            4.691413507600399
        ],
        [
            44.06790557497188,
            41.20276187411272,
            40.49219685681669,
            35.03454809731844,
            34.801865730056946,
            47.44053760788384,
            41.802806153569406,
            19.39176205430044,
            27.205042150837823,
            56.3058388048327,
            11.682944832743003,
            30.55531445202383,
            39.40846441658538,
            0.0,
            41.1266847266045,
            31.615085175303957,
            46.527105173320514,
            39.698572167280595,
            24.886511727922873,
            58.309403136276444,
            19.266764640018106,
            54.107584406964634,
            24.243562620045,
            65.53090267264123,
            44.06790557497188
        ],
        [
            72.75589400371535,
            82.13231062980311,
            44.81526434294956,
            10.775777587962176,
            66.56384669600449,
            8.545636367385708,
            78.25419683132176,
            28.789199892067256,
            60.980190123953214,
            94.72797764304303,
            50.68750692635139,
            65.60920441151737,
            68.4909548886853,
            41.1266847266045,
            0.0,
            60.45945034927453,
            68.75867385308798,
            27.750726644621757,
            65.65461566567365,
            72.30062940719048,
            41.54788057513892,
            85.21667851490255,
            42.26147503996955,
            77.04685374059147,
            72.75589400371535
        ],
        [
            69.05508899548954,
            45.54202512062371,
            72.10011356090413,
            59.1978883170893,
            6.854084432202073,
            63.17225958002748,
            59.288198158249216,
            49.45834392598517,
            51.76389862494547,
            67.22658399466142,
            22.09374769713322,
            52.81177792479992,
            64.8922863181333,
            31.615085175303957,
            60.45945034927453,
            0.0,
            74.67340321664913,
            69.20533411278811,
            27.14161920584196,
            88.22320491645807,
            50.71691252845254,
            75.6971971549204,
            18.667139606632485,
            95.68590615663315,
            69.05508899548954
        ],
        [
            11.377933904864346,
            49.82404969817323,
            27.890858241672813,
            58.10416060837467,
            75.15736412268221,
            77.27511308828626,
            29.22633621609494,
            41.867589039239576,
            23.596798799455495,
            43.904513102319484,
            52.7620146645912,
            24.618189020294373,
            12.23222948285222,
            46.527105173320514,
            68.75867385308798,
            74.67340321664913,
            0.0,
            45.46032482757227,
            52.44402473317152,
            15.763788993121748,
            30.276912559731976,
            21.606898472297647,
            70.76744149025255,
            23.11691891826638,
            11.377933904864346
        ],
        [
            52.339900198263784,
            73.89697771676718,
            18.389327180992954,
            17.821186677547374,
            73.62507570484351,
            35.862475203778565,
            63.004200564579804,
            20.313272952692547,
            46.12819025250377,
            80.34898227007704,
            51.3810286031165,
            50.85957498633786,
            48.91687456638798,
            39.698572167280595,
            27.750726644621757,
            69.20533411278811,
            45.46032482757227,
            0.0,
            62.79692188697971,
            45.768539822456624,
            27.124362754385402,
            65.02025522576082,
            54.78452085691563,
            49.816439892980675,
            52.339900198263784
        ],
        [
            44.68033717290616,
            19.827138633624532,
            58.615793076494484,
            59.91829190877841,
            24.785959527708627,
            71.35501997544716,
            32.514698473570654,
            43.09829283239999,
            28.898421610301387,
            40.42869825541239,
            15.445907406181279,
            28.31393472102471,
            41.1342628488323,
            24.886511727922873,
            65.65461566567365,
            27.14161920584196,
            52.44402473317152,
            62.79692188697971,
            0.0,
            67.51603265410704,
            37.27616174665619,
            49.470384207531794,
            35.34031665322383,
            75.09557846004603,
            44.68033717290616
        ],
        [
            26.618534460539987,
            65.57389255909496,
            27.580023691294972,
            61.56568840148227,
            89.33185935907586,
            80.78113382112578,
            44.66726576349188,
            49.00568876949835,
            38.6535489397043,
            58.17262487014947,
            66.13056344565969,
            40.2035137532861,
            27.99592946952466,
            58.309403136276444,
            72.30062940719048,
            88.22320491645807,
            15.763788993121748,
            45.768539822456624,
            67.51603265410704,
            0.0,
            39.87397470518449,
            33.85952121123555,
            82.13345876015953,
            7.585112268293679,
            26.618534460539987
        ],
        [
            31.672010135775633,
            46.78211939409298,
            21.907330433077526,
            31.829832177913044,
            53.31469835553806,
            49.69392391750871,
            37.44679302800569,
            12.806629484490482,
            20.032489253692578,
            54.539584770047824,
            29.348611918668333,
            24.81753199280729,
            27.2048835744036,
            19.266764640018106,
            41.54788057513892,
            50.71691252845254,
            30.276912559731976,
            27.124362754385402,
            37.27616174665619,
            39.87397470518449,
            0.0,
            43.84438793129611,
            42.36120374239931,
            46.830495286145066,
            31.672010135775633
        ],
        [
            12.719115740987403,
            38.83107300430992,
            48.62959138963882,
            75.06872325715078,
            74.21022834910386,
            93.4788082221644,
            17.426269334262088,
            56.63530610207469,
            26.91700211608939,
            25.08603249840703,
            55.9661490984612,
            23.87374197277593,
            16.72958572133807,
            54.107584406964634,
            85.21667851490255,
            75.6971971549204,
            21.606898472297647,
            65.02025522576082,
            49.470384207531794,
            33.85952121123555,
            43.84438793129611,
            0.0,
            77.10993850223413,
            39.4349379232384,
            12.719115740987403
        ],
        [
            67.91318128320452,
            55.152897228760445,
            61.485858884626325,
            42.301052858036,
            25.281056835811412,
            44.54660850677862,
            62.87727979413375,
            36.84078591638178,
            50.60664696602958,
            74.66587763889473,
            21.97855866771167,
            53.23653894990342,
            63.31282844863136,
            24.243562620045,
            42.26147503996955,
            18.667139606632485,
            70.76744149025255,
            54.78452085691563,
            35.34031665322383,
            82.13345876015953,
            42.36120374239931,
            77.10993850223413,
            0.0,
            89.18198671468086,
            67.91318128320452
        ],
        [
            33.56269649929508,
            72.77319192985074,
            32.313713515899074,
            66.43018258730083,
            96.87375928475865,
            85.42345914877697,
            51.55981276024332,
            55.23576045073007,
            46.22373971662972,
            64.25292373423798,
            73.59269432063851,
            47.68103779648485,
            35.30702374828579,
            65.53090267264123,
            77.04685374059147,
            95.68590615663315,
            23.11691891826638,
            49.816439892980675,
            75.09557846004603,
            7.585112268293679,
            46.830495286145066,
            39.4349379232384,
            89.18198671468086,
            0.0,
            33.56269649929508
        ],
        [
            0.0,
            39.33175997615542,
            36.31752355861423,
            62.50142631729814,
            68.621393023349,
            81.08490587232039,
            18.049078361186936,
            44.36869014767759,
            17.517272341129203,
            32.62183899044703,
            47.92827709264855,
            16.445747591837637,
            4.691413507600399,
            44.06790557497188,
            72.75589400371535,
            69.05508899548954,
            11.377933904864346,
            52.339900198263784,
            44.68033717290616,
            26.618534460539987,
            31.672010135775633,
            12.719115740987403,
            67.91318128320452,
            33.56269649929508,
            0.0
        ]
    ],
    "scores_ave": [
        0,
        11.125312160477726,
        19.538977621676718,
        15.501274325978716,
        12.317849766818208,
        16.793831592850296,
        10.187340434618575,
        15.19524254193156,
        11.774994585658083,
        17.95038195960666,
        10.269138117271247,
        10.465561860651977,
        12.1230297886858,
        17.936934108028968,
        11.002609633138778,
        14.845341605212436,
        10.504730230563874,
        17.18663516953714,
        12.317315287736097,
        19.794142083454492,
        16.811297813026428,
        19.910269270484946,
        19.750656704132673,
        12.14321468256937,
        0
    ],
    "scores_var": [
        0,
        386.73129567849753,
        287.5714469379832,
        16.656662212382663,
        22.182154434889302,
        18.9758090005312,
        232.3666214206775,
        17.93831403178968,
        394.3104460506511,
        238.7539967789183,
        20.878502356846802,
        20.370114612716332,
        16.94202098286581,
        332.2101240798331,
        16.1657878319909,
        20.922030407931096,
        312.54084217503276,
        16.78733824925758,
        23.3191739131455,
        339.2170791440984,
        365.9836088548095,
        348.7709344868377,
        19.721098184952577,
        22.74783751570155,
        0
    ],
    "vertex_number": 25,
    "minimum_distances": {
        "cost": 429.9423699747191,
        "path": [
            0,
            23,
            19,
            16,
            12,
            11,
            8,
            20,
            2,
            17,
            7,
            3,
            14,
            5,
            22,
            13,
            10,
            15,
            4,
            18,
            1,
            9,
            6,
            21,
            24
        ]
    }
}