{
    "vertices": [
        [
            56.67726577249498,
            24.411537531171746
        ],
        [
            54.35638983561372,
            15.336222407666211
        ],
        [
            28.915091981983622,
            25.06468316223396
        ],
        [
            75.65422364990245,
            55.07187352760252
        ],
        [
            59.14512904093281,
            22.752853685645647
        ],
        [
            93.05277381890288,
            17.51295086035689
        ],
        [
            40.055027161138504,
            93.83216759868249
        ],
        [
            5.358674886744874,
            34.66775019113977
        ],
        [
            66.42200356998198,
            91.67576936833397
        ],
        [
            7.023295332688539,
            11.380169284114295
        ],
        [
            40.61088351461145,
            26.5798173592945
        ],
        [
            98.66900985452246,
            71.2040245225252
        ],
        [
            36.779011836984985,
            45.25159110793153
        ],
        [
            41.081871971576824,
            14.531377323997962
        ],
        [
            20.825311658636668,
            20.97507679147663
        ],
        [
            42.45610626757493,
            25.178484544156465
        ],
        [
            56.67726577249498,
            24.411537531171746
        ]
    ],
    "distances": [
        [
            0.0,
            9.367380087587069,
            27.769855829476885,
            36.05802453955189,
            2.9734796469984293,
            37.02388531325461,
            71.3829300002672,
            52.33342783179296,
            67.96643877227407,
            51.33549784337918,
            16.212034920684033,
            62.87164233489111,
            28.81403031101788,
            18.461686638147032,
            36.016272380656886,
            14.241825212559798,
            0.0
        ],
        [
            9.367380087587069,
            0.0,
            27.2378887788736,
            45.08347474525844,
            8.82827518205357,
            38.75755771638495,
            79.78810930068404,
            52.67337122924463,
            77.28716235538069,
            47.498128295115066,
            17.75830429565262,
            71.3079210613045,
            34.69716849801279,
            13.298894695851216,
            34.00190998271074,
            15.443020202121206,
            9.367380087587069
        ],
        [
            27.769855829476885,
            27.2378887788736,
            0.0,
            55.54257738613253,
            30.318306287031664,
            64.58073158592349,
            69.66394384122222,
            25.43862580263553,
            76.44478544954138,
            25.816984343926325,
            11.793522425882403,
            83.63281580653837,
            21.664544488494386,
            16.092888715112093,
            9.064735293859963,
            13.541492481891181,
            27.769855829476885
        ],
        [
            36.05802453955189,
            45.08347474525844,
            55.54257738613253,
            0.0,
            36.29144869459901,
            41.393021391381446,
            52.62758960015383,
            73.19694273016495,
            37.750219579801175,
            81.35827764513579,
            45.16450987817443,
            28.105634306440272,
            40.09638437940878,
            53.280196442996534,
            64.56625386229756,
            44.673590662117256,
            36.05802453955189
        ],
        [
            2.9734796469984293,
            8.82827518205357,
            30.318306287031664,
            36.29144869459901,
            0.0,
            34.31012905844963,
            73.59823949068999,
            55.09035677155482,
            69.30599692028454,
            53.34813492153875,
            18.925218841254946,
            62.52721895327928,
            31.724381544447766,
            19.846257317659937,
            38.36103354835433,
            16.86437565376844,
            2.9734796469984293
        ],
        [
            37.02388531325461,
            38.75755771638495,
            64.58073158592349,
            41.393021391381446,
            34.31012905844963,
            0.0,
            92.91600504946439,
            89.35626518382773,
            78.79924855668331,
            86.24779520933807,
            53.219920394499766,
            53.98401150529826,
            62.73889105157913,
            52.05635810904481,
            72.3103907199762,
            51.17404785589145,
            37.02388531325461
        ],
        [
            71.3829300002672,
            79.78810930068404,
            69.66394384122222,
            52.62758960015383,
            73.59823949068999,
            92.91600504946439,
            0.0,
            68.5876457412176,
            26.45500894485501,
            88.82244836555785,
            67.25464734133253,
            62.83018244645927,
            48.690909711955406,
            79.30743816600197,
            75.35209114017074,
            68.69565763442897,
            71.3829300002672
        ],
        [
            52.33342783179296,
            52.67337122924463,
            25.43862580263553,
            73.19694273016495,
            55.09035677155482,
            89.35626518382773,
            68.5876457412176,
            0.0,
            83.53828080816837,
            23.346999501655688,
            36.16811953412939,
            100.2083726732308,
            33.15501866412655,
            41.00756420718391,
            20.656867087326624,
            38.291847403519355,
            52.33342783179296
        ],
        [
            67.96643877227407,
            77.28716235538069,
            76.44478544954138,
            37.750219579801175,
            69.30599692028454,
            78.79924855668331,
            26.45500894485501,
            83.53828080816837,
            0.0,
            99.87787509325601,
            70.0264013531748,
            38.19635782829419,
            55.080952116282006,
            81.19962742103381,
            84.12874802411737,
            70.6841787283216,
            67.96643877227407
        ],
        [
            51.33549784337918,
            47.498128295115066,
            25.816984343926325,
            81.35827764513579,
            53.34813492153875,
            86.24779520933807,
            88.82244836555785,
            23.346999501655688,
            99.87787509325601,
            0.0,
            36.866724583122064,
            109.44327592777834,
            45.085206898172515,
            34.204045883164966,
            16.80945878773546,
            38.02469716858922,
            51.33549784337918
        ],
        [
            16.212034920684033,
            17.75830429565262,
            11.793522425882403,
            45.16450987817443,
            18.925218841254946,
            53.219920394499766,
            67.25464734133253,
            36.16811953412939,
            70.0264013531748,
            36.866724583122064,
            0.0,
            73.22612852696774,
            19.060912241393037,
            12.057642282417033,
            20.5640942056898,
            2.3170197812787032,
            16.212034920684033
        ],
        [
            62.87164233489111,
            71.3079210613045,
            83.63281580653837,
            28.105634306440272,
            62.52721895327928,
            53.98401150529826,
            62.83018244645927,
            100.2083726732308,
            38.19635782829419,
            109.44327592777834,
            73.22612852696774,
            0.0,
            67.11110679127346,
            80.79645654382456,
            92.64226108521187,
            72.65150280603889,
            62.87164233489111
        ],
        [
            28.81403031101788,
            34.69716849801279,
            21.664544488494386,
            40.09638437940878,
            31.724381544447766,
            62.73889105157913,
            48.690909711955406,
            33.15501866412655,
            55.080952116282006,
            45.085206898172515,
            19.060912241393037,
            67.11110679127346,
            0.0,
            31.02009252514315,
            29.049435394473175,
            20.860465198420314,
            28.81403031101788
        ],
        [
            18.461686638147032,
            13.298894695851216,
            16.092888715112093,
            53.280196442996534,
            19.846257317659937,
            52.05635810904481,
            79.30743816600197,
            41.00756420718391,
            81.19962742103381,
            34.204045883164966,
            12.057642282417033,
            80.79645654382456,
            31.02009252514315,
            0.0,
            21.256751834157708,
            10.735427893561054,
            18.461686638147032
        ],
        [
            36.016272380656886,
            34.00190998271074,
            9.064735293859963,
            64.56625386229756,
            38.36103354835433,
            72.3103907199762,
            75.35209114017074,
            20.656867087326624,
            84.12874802411737,
            16.80945878773546,
            20.5640942056898,
            92.64226108521187,
            29.049435394473175,
            21.256751834157708,
            0.0,
            22.035424029261648,
            36.016272380656886
        ],
        [
            14.241825212559798,
            15.443020202121206,
            13.541492481891181,
            44.673590662117256,
            16.86437565376844,
            51.17404785589145,
            68.69565763442897,
            38.291847403519355,
            70.6841787283216,
            38.02469716858922,
            2.3170197812787032,
            72.65150280603889,
            20.860465198420314,
            10.735427893561054,
            22.035424029261648,
            0.0,
            14.241825212559798
        ],
        [
            0.0,
            9.367380087587069,
            27.769855829476885,
            36.05802453955189,
            2.9734796469984293,
            37.02388531325461,
            71.3829300002672,
            52.33342783179296,
            67.96643877227407,
            51.33549784337918,
            16.212034920684033,
            62.87164233489111,
            28.81403031101788,
            18.461686638147032,
            36.016272380656886,
            14.241825212559798,
            0.0
        ]
    ],
    "scores_ave": [
        0,
        13.788821440158033,
        10.303994495319786,
        13.724448221825645,
        16.483246566391028,
        10.38915773130044,
        16.407676943796584,
        14.595615320432211,
        19.479235701361674,
        11.277219305997011,
        17.037155214529104,
        14.779848182536542,
        10.580818545210338,
        14.086827928511688,
        11.180007053173892,
        13.75498201131838,
        0
    ],
    "scores_var": [
        0,
        23.330147321024434,
        270.48767645466665,
        258.2601476872323,
        307.52133882474084,
        323.9005585740104,
        16.416831409648545,
        20.135458989411227,
        320.665108579355,
        16.035694838751674,
        289.940591555377,
        22.398578941878057,
        18.56080553130793,
        18.037611220430964,
        359.5123038838152,
        289.98495560860295,
        0
    ],
    "vertex_number": 17,
    "minimum_distances": {
        "cost": 350.0129980199126,
        "path": [
            0,
            4,
            5,
            3,
            11,
            8,
            6,
            12,
            7,
            9,
            14,
            2,
            10,
            15,
            13,
            1,
            16
        ]
    }
}