{
    "vertices": [
        [
            53.620991951482566,
            18.226091735600235
        ],
        [
            42.22491880448863,
            31.247462848235784
        ],
        [
            27.78194398579703,
            74.66721849830324
        ],
        [
            71.77776691121645,
            18.65221871291105
        ],
        [
            84.43647456984756,
            22.552700615874155
        ],
        [
            60.47353905481339,
            92.95629249265053
        ],
        [
            67.94356155670656,
            32.52574812449901
        ],
        [
            24.122594849063862,
            84.33952470989585
        ],
        [
            21.926223016825542,
            1.3543998709615535
        ],
        [
            75.40653429150461,
            5.337823559644683
        ],
        [
            67.66073210917779,
            2.289665648091088
        ],
        [
            41.5306138926159,
            54.32084427946832
        ],
        [
            35.29415564409027,
            96.9662017202735
        ],
        [
            10.986838166595836,
            73.1993745330708
        ],
        [
            74.87642489918028,
            91.04511878464756
        ],
        [
            40.36421880900135,
            81.05914112668661
        ],
        [
            25.866372557331708,
            48.7645201759119
        ],
        [
            26.75837395510098,
            13.63761712972319
        ],
        [
            87.64348524507719,
            10.626001019549825
        ],
        [
            53.620991951482566,
            18.226091735600235
        ]
    ],
    "distances": [
        [
            0.0,
            17.303947203589583,
            62.07460986600324,
            18.161774724382287,
            31.11773631557444,
            75.04372263549037,
            20.238976578302065,
            72.39572812852056,
            35.90560352085193,
            25.31239442692536,
            21.23873772469169,
            38.06584299354732,
            80.84477626560911,
            69.56818878254661,
            75.85778885628001,
            64.21630735205748,
            41.266384737679786,
            27.251685174100746,
            34.86103023154776,
            0.0
        ],
        [
            17.303947203589583,
            0.0,
            45.758875667185315,
            32.12492810961229,
            43.0977299913732,
            64.350538436939,
            25.750390254590762,
            56.0933254969741,
            36.133533799552104,
            42.099038164702556,
            38.54263375997689,
            23.083825289188898,
            66.08319088025802,
            52.30468980838801,
            68.13134745285146,
            49.846419102971645,
            23.967672660094955,
            23.43759108372565,
            49.8807664883982,
            17.303947203589583
        ],
        [
            62.07460986600324,
            45.758875667185315,
            0.0,
            71.22719028462619,
            76.97830090237858,
            37.45971990988781,
            58.21390771266097,
            10.341389827064969,
            73.5463040754051,
            84.11103735150931,
            82.63672245905417,
            24.55607599066954,
            23.530362868700262,
            16.859126471571273,
            49.86106447209542,
            14.112771330035807,
            25.973432470090817,
            61.0381842686652,
            87.66231606624076,
            62.07460986600324
        ],
        [
            18.161774724382287,
            32.12492810961229,
            71.22719028462619,
            0.0,
            13.246004630152775,
            75.15903769803367,
            14.393607922781156,
            81.15317364967858,
            52.7673285788023,
            13.800038804205094,
            16.872555181721786,
            46.766880541018544,
            86.39521876567147,
            81.67575665827852,
            72.4591861817589,
            69.86726679589795,
            54.90543534948578,
            45.29781419864814,
            17.780359633894633,
            18.161774724382287
        ],
        [
            31.11773631557444,
            43.0977299913732,
            76.97830090237858,
            13.246004630152775,
            0.0,
            74.36994034991139,
            19.27376082315863,
            86.34451759433684,
            66.00681407016894,
            19.439439639339817,
            26.306199292416192,
            53.38658850577336,
            89.17587485421876,
            89.21846595097188,
            69.15638724161164,
            73.248667626754,
            64.16787618742335,
            58.36301914817183,
            12.350347393170757,
            31.11773631557444
        ],
        [
            75.04372263549037,
            64.350538436939,
            37.45971990988781,
            75.15903769803367,
            74.36994034991139,
            0.0,
            60.89049128402496,
            37.35826323146506,
            99.38210254169486,
            88.88189042152038,
            90.95104709331989,
            43.02943495253104,
            25.49668058704848,
            53.28479494247375,
            14.529132995056031,
            23.36508017048697,
            56.12992707530347,
            86.18680072395263,
            86.69765204449051,
            75.04372263549037
        ],
        [
            20.238976578302065,
            25.750390254590762,
            58.21390771266097,
            14.393607922781156,
            19.27376082315863,
            60.89049128402496,
            0.0,
            67.85974187420513,
            55.581007531685955,
            28.1936021853283,
            30.237405246094312,
            34.24426989600377,
            72.23957202306745,
            69.98865782797705,
            58.928612206510266,
            55.822131656720096,
            45.1019683808463,
            45.309835248599796,
            29.45650890021349,
            20.238976578302065
        ],
        [
            72.39572812852056,
            56.0933254969741,
            10.341389827064969,
            81.15317364967858,
            86.34451759433684,
            37.35826323146506,
            67.85974187420513,
            0.0,
            83.01418549717246,
            94.18763841061909,
            92.88567579633873,
            34.701012979519824,
            16.8593221370662,
            17.223560885694305,
            51.194885063367856,
            16.56958856788557,
            35.61771621382863,
            70.75102166733072,
            97.3066651959132,
            72.39572812852056
        ],
        [
            35.90560352085193,
            36.133533799552104,
            73.5463040754051,
            52.7673285788023,
            66.00681407016894,
            99.38210254169486,
            55.581007531685955,
            83.01418549717246,
            0.0,
            53.62845660952893,
            45.744071134872975,
            56.478105270008925,
            96.54179548568165,
            72.67303850191317,
            104.15444752210995,
            81.80956831248025,
            47.573567090679845,
            13.19951169233983,
            66.36807321773996,
            35.90560352085193
        ],
        [
            25.31239442692536,
            42.099038164702556,
            84.11103735150931,
            13.800038804205094,
            19.439439639339817,
            88.88189042152038,
            28.1936021853283,
            94.18763841061909,
            53.62845660952893,
            0.0,
            8.323984508725722,
            59.55597620483201,
            100.02381019087775,
            93.5686237439907,
            85.7089346028384,
            83.43669341760913,
            65.87947786412187,
            49.351089931452904,
            13.330708514088421,
            25.31239442692536
        ],
        [
            21.23873772469169,
            38.54263375997689,
            82.63672245905417,
            16.872555181721786,
            26.306199292416192,
            90.95104709331989,
            30.237405246094312,
            92.88567579633873,
            45.744071134872975,
            8.323984508725722,
            0.0,
            58.22393517945851,
            100.05619298523014,
            90.77509057427372,
            89.0482828802171,
            83.3650400678832,
            62.50344465492357,
            42.44736629514074,
            21.651903156898967,
            21.23873772469169
        ],
        [
            38.06584299354732,
            23.083825289188898,
            24.55607599066954,
            46.766880541018544,
            53.38658850577336,
            43.02943495253104,
            34.24426989600377,
            34.701012979519824,
            56.478105270008925,
            59.55597620483201,
            58.22393517945851,
            0.0,
            43.09895500751313,
            35.907118237719885,
            49.604591013506685,
            26.7637253718731,
            16.62050523160436,
            43.28214463366239,
            63.526657647616645,
            38.06584299354732
        ],
        [
            80.84477626560911,
            66.08319088025802,
            23.530362868700262,
            86.39521876567147,
            89.17587485421876,
            25.49668058704848,
            72.23957202306745,
            16.8593221370662,
            96.54179548568165,
            100.02381019087775,
            100.05619298523014,
            43.09895500751313,
            0.0,
            33.99570204449474,
            40.02268434916635,
            16.69551188865538,
            49.11502008179393,
            83.76462605961174,
            100.9707015263042,
            80.84477626560911
        ],
        [
            69.56818878254661,
            52.30468980838801,
            16.859126471571273,
            81.67575665827852,
            89.21846595097188,
            53.28479494247375,
            69.98865782797705,
            17.223560885694305,
            72.67303850191317,
            93.5686237439907,
            90.77509057427372,
            35.907118237719885,
            33.99570204449474,
            0.0,
            66.33513308008898,
            30.41063012031979,
            28.608786257733108,
            61.6144811396098,
            98.95286056591519,
            69.56818878254661
        ],
        [
            75.85778885628001,
            68.13134745285146,
            49.86106447209542,
            72.4591861817589,
            69.15638724161164,
            14.529132995056031,
            58.928612206510266,
            51.194885063367856,
            104.15444752210995,
            85.7089346028384,
            89.0482828802171,
            49.604591013506685,
            40.02268434916635,
            66.33513308008898,
            0.0,
            35.92787384463877,
            64.72738407554994,
            91.14421615831765,
            81.42623859661227,
            75.85778885628001
        ],
        [
            64.21630735205748,
            49.846419102971645,
            14.112771330035807,
            69.86726679589795,
            73.248667626754,
            23.36508017048697,
            55.822131656720096,
            16.56958856788557,
            81.80956831248025,
            83.43669341760913,
            83.3650400678832,
            26.7637253718731,
            16.69551188865538,
            30.41063012031979,
            35.92787384463877,
            0.0,
            35.39957751571717,
            68.78067251969497,
            84.83016126405164,
            64.21630735205748
        ],
        [
            41.266384737679786,
            23.967672660094955,
            25.973432470090817,
            54.90543534948578,
            64.16787618742335,
            56.12992707530347,
            45.1019683808463,
            35.61771621382863,
            47.573567090679845,
            65.87947786412187,
            62.50344465492357,
            16.62050523160436,
            49.11502008179393,
            28.608786257733108,
            64.72738407554994,
            35.39957751571717,
            0.0,
            35.13822682079965,
            72.60136565846817,
            41.266384737679786
        ],
        [
            27.251685174100746,
            23.43759108372565,
            61.0381842686652,
            45.29781419864814,
            58.36301914817183,
            86.18680072395263,
            45.309835248599796,
            70.75102166733072,
            13.19951169233983,
            49.351089931452904,
            42.44736629514074,
            43.28214463366239,
            83.76462605961174,
            61.6144811396098,
            91.14421615831765,
            68.78067251969497,
            35.13822682079965,
            0.0,
            60.9595489516437,
            27.251685174100746
        ],
        [
            34.86103023154776,
            49.8807664883982,
            87.66231606624076,
            17.780359633894633,
            12.350347393170757,
            86.69765204449051,
            29.45650890021349,
            97.3066651959132,
            66.36807321773996,
            13.330708514088421,
            21.651903156898967,
            63.526657647616645,
            100.9707015263042,
            98.95286056591519,
            81.42623859661227,
            84.83016126405164,
            72.60136565846817,
            60.9595489516437,
            0.0,
            34.86103023154776
        ],
        [
            0.0,
            17.303947203589583,
            62.07460986600324,
            18.161774724382287,
            31.11773631557444,
            75.04372263549037,
            20.238976578302065,
            72.39572812852056,
            35.90560352085193,
            25.31239442692536,
            21.23873772469169,
            38.06584299354732,
            80.84477626560911,
            69.56818878254661,
            75.85778885628001,
            64.21630735205748,
            41.266384737679786,
            27.251685174100746,
            34.86103023154776,
            0.0
        ]
    ],
    "scores_ave": [
        0,
        13.205676737216773,
        17.037790891866518,
        14.140365528164512,
        15.737511640965579,
        17.571184994554706,
        13.059995450164498,
        16.628996031146634,
        12.818719486988481,
        19.946672127460065,
        17.641441748809505,
        19.60800122728932,
        19.0124740077709,
        13.984909045966472,
        16.49568110075694,
        17.491973587556306,
        16.104575900581423,
        10.693337397262573,
        12.6638675189135,
        0
    ],
    "scores_var": [
        0,
        337.8147918899546,
        352.6292914294926,
        380.09193181640313,
        18.36357694693148,
        24.78959515245886,
        369.34629140648974,
        240.11081286611213,
        271.9352097174973,
        19.661618426897913,
        22.31631493069562,
        16.46286791100188,
        18.035147933808386,
        229.5691699274952,
        292.53477703321835,
        19.576451452250446,
        22.78313575635831,
        17.51948509405894,
        297.82931319237787,
        0
    ],
    "vertex_number": 20,
    "minimum_distances": {
        "cost": 396.67104506131864,
        "path": [
            0,
            10,
            9,
            3,
            18,
            4,
            6,
            14,
            5,
            12,
            7,
            13,
            2,
            15,
            11,
            16,
            1,
            17,
            8,
            19
        ]
    }
}