{
    "vertices": [
        [
            82.46758875952963,
            57.68748381387711
        ],
        [
            4.769453719666005,
            82.54001292500254
        ],
        [
            6.549021748634242,
            93.03868385826617
        ],
        [
            39.31312816842246,
            92.63828197865509
        ],
        [
            55.5471415337125,
            7.395299826785051
        ],
        [
            26.20248260448953,
            64.21885385972584
        ],
        [
            96.60980083809282,
            38.690336440089226
        ],
        [
            95.83193990531821,
            40.50349641830623
        ],
        [
            95.543777940089,
            43.82572763781516
        ],
        [
            53.4148516615506,
            35.902480373379134
        ],
        [
            84.53429130640139,
            54.81678343418967
        ],
        [
            12.477583097037714,
            15.827055292610314
        ],
        [
            1.1183361629951372,
            77.25214494410035
        ],
        [
            23.13133861476099,
            39.4976302649361
        ],
        [
            77.47604182994856,
            43.560480948554655
        ],
        [
            89.53850704445986,
            7.594552414722255
        ],
        [
            82.0873296530938,
            43.01018389473542
        ],
        [
            64.73019790650481,
            77.04525614411197
        ],
        [
            1.395653952833098,
            52.1584927585043
        ],
        [
            45.698942467755366,
            13.857711627438562
        ],
        [
            82.46758875952963,
            57.68748381387711
        ]
    ],
    "distances": [
        [
            0.0,
            81.57602829196958,
            83.74566353887363,
            55.53256487201424,
            57.04396768309095,
            56.6429251126188,
            23.68319595866391,
            21.76913650926649,
            19.056101589002125,
            36.31319192506761,
            3.5372560109757125,
            81.55302795494315,
            83.66885240730414,
            62.06175435301905,
            14.982915293995328,
            50.58952126233845,
            14.682224964373214,
            26.25525440482676,
            81.260250771159,
            57.209984094078436,
            0.0
        ],
        [
            81.57602829196958,
            0.0,
            10.648424941496296,
            35.98944959709201,
            90.69234524674167,
            28.19644652563245,
            101.77152591302092,
            100.29678514453914,
            98.6852259609928,
            67.39016384776077,
            84.44528861125735,
            67.15678651156308,
            6.425901275002665,
            46.7953579103345,
            82.49637487636171,
            113.14863875751986,
            86.83698130416029,
            60.21198548063887,
            30.568272644917656,
            79.95299594580138,
            81.57602829196958
        ],
        [
            83.74566353887363,
            10.648424941496296,
            0.0,
            32.76655293363041,
            98.66916930245553,
            34.88324991679246,
            105.18881498185593,
            103.59240027108576,
            101.69553426543617,
            73.89825276752369,
            86.8482351002346,
            77.43890124105964,
            16.694524755695802,
            56.05013516961823,
            86.4796781954567,
            119.1131993853228,
            90.60290707074434,
            60.33936517035162,
            41.203728277813035,
            88.33087034402277,
            83.74566353887363
        ],
        [
            55.53256487201424,
            35.98944959709201,
            32.76655293363041,
            0.0,
            86.77504938683958,
            31.297810174356616,
            78.69745565675817,
            76.8922099147516,
            74.46174477556427,
            58.46203716318715,
            58.95268736623212,
            81.3640646986941,
            41.17736452450487,
            55.549790078071155,
            62.16943407404656,
            98.76752817290128,
            65.5177871427173,
            29.818951838508184,
            55.46483738547982,
            79.03895804682992,
            55.53256487201424
        ],
        [
            57.04396768309095,
            90.69234524674167,
            98.66916930245553,
            86.77504938683958,
            0.0,
            63.95330562689443,
            51.628686849228124,
            52.14420064958078,
            54.10089642804968,
            28.586815191885865,
            55.579240364291074,
            43.887143495169724,
            88.55774197566247,
            45.62174808619837,
            42.29417210175254,
            33.99194950100722,
            44.41623073365967,
            70.25272193553378,
            70.25757645026233,
            11.779210123091646,
            57.04396768309095
        ],
        [
            56.6429251126188,
            28.19644652563245,
            34.88324991679246,
            31.297810174356616,
            63.95330562689443,
            0.0,
            74.89256079539928,
            73.55732120314211,
            72.2779000519634,
            39.272509941636955,
            59.08467512581567,
            50.30048742358205,
            28.268022201568538,
            24.911258929031163,
            55.278804681212726,
            84.95742172403276,
            59.773939232158526,
            40.60666745688506,
            27.58316620050171,
            54.00330169666115,
            56.6429251126188
        ],
        [
            23.68319595866391,
            101.77152591302092,
            105.18881498185593,
            78.69745565675817,
            51.628686849228124,
            74.89256079539928,
            0.0,
            1.9729715500596738,
            5.244868689752824,
            43.28482154072901,
            20.146469246582683,
            87.18348287867934,
            102.98365356159906,
            73.4828968810106,
            19.743835526945567,
            31.889668861061253,
            15.151344869368529,
            49.87393055071705,
            96.16197274237399,
            56.644282633734825,
            23.68319595866391
        ],
        [
            21.76913650926649,
            100.29678514453914,
            103.59240027108576,
            76.8922099147516,
            52.14420064958078,
            73.55732120314211,
            1.9729715500596738,
            0.0,
            3.334705023549248,
            42.6658964950374,
            18.23477581610656,
            86.9302913002831,
            101.59296187399079,
            72.70755940565648,
            18.608711631156453,
            33.50531140886706,
            13.971320377474678,
            47.98560783421704,
            95.15277738557907,
            56.77424838072202,
            21.76913650926649
        ],
        [
            19.056101589002125,
            98.6852259609928,
            101.69553426543617,
            74.46174477556427,
            54.10089642804968,
            72.2779000519634,
            5.244868689752824,
            3.334705023549248,
            0.0,
            42.86752006584842,
            15.556738201061425,
            87.65796243809172,
            100.16730718519523,
            72.54166937638969,
            18.06968300640154,
            36.725486199318745,
            13.481139124623427,
            45.31019519563742,
            94.5161585385075,
            58.16003444687939,
            19.056101589002125
        ],
        [
            36.31319192506761,
            67.39016384776077,
            73.89825276752369,
            58.46203716318715,
            28.586815191885865,
            39.272509941636955,
            43.28482154072901,
            42.6658964950374,
            42.86752006584842,
            0.0,
            36.416622359654625,
            45.59476559536869,
            66.66873550174631,
            30.496168041211977,
            25.250462275554465,
            45.89397851064666,
            29.54031894755082,
            42.67042370031027,
            54.500044669009064,
            23.356093075445905,
            36.31319192506761
        ],
        [
            3.5372560109757125,
            84.44528861125735,
            86.8482351002346,
            58.95268736623212,
            55.579240364291074,
            59.08467512581567,
            20.146469246582683,
            18.23477581610656,
            15.556738201061425,
            36.416622359654625,
            0.0,
            81.92904307096259,
            86.38036245910958,
            63.285061847760566,
            13.2862045490787,
            47.48664314951082,
            12.057504468910597,
            29.77091054045186,
            83.1811248440689,
            56.44315620772742,
            3.5372560109757125
        ],
        [
            81.55302795494315,
            67.15678651156308,
            77.43890124105964,
            81.3640646986941,
            43.887143495169724,
            50.30048742358205,
            87.18348287867934,
            86.9302913002831,
            87.65796243809172,
            45.59476559536869,
            81.92904307096259,
            0.0,
            62.466584103840226,
            25.95763136636151,
            70.66783240108406,
            77.49942001889315,
            74.72910608456411,
            80.48604767238443,
            37.98397690994634,
            33.279678978468546,
            81.55302795494315
        ],
        [
            83.66885240730414,
            6.425901275002665,
            16.694524755695802,
            41.17736452450487,
            88.55774197566247,
            28.268022201568538,
            102.98365356159906,
            101.59296187399079,
            100.16730718519523,
            66.66873550174631,
            86.38036245910958,
            62.466584103840226,
            0.0,
            43.703268248503775,
            83.46033451592344,
            112.56245739897604,
            87.91182971196689,
            63.61219818125255,
            25.095184501577787,
            77.5002234451018,
            83.66885240730414
        ],
        [
            62.06175435301905,
            46.7953579103345,
            56.05013516961823,
            55.549790078071155,
            45.62174808619837,
            24.911258929031163,
            73.4828968810106,
            72.70755940565648,
            72.54166937638969,
            30.496168041211977,
            63.285061847760566,
            25.95763136636151,
            43.703268248503775,
            0.0,
            54.49636247699655,
            73.67305067096923,
            59.06053599751864,
            56.038284266533886,
            25.154272535770332,
            34.15702228536879,
            62.06175435301905
        ],
        [
            14.982915293995328,
            82.49637487636171,
            86.4796781954567,
            62.16943407404656,
            42.29417210175254,
            55.278804681212726,
            19.743835526945567,
            18.608711631156453,
            18.06968300640154,
            25.250462275554465,
            13.2862045490787,
            70.66783240108406,
            83.46033451592344,
            54.49636247699655,
            0.0,
            37.93482677371856,
            4.644007131274646,
            35.8285738931624,
            76.56468655076158,
            43.497569463340525,
            14.982915293995328
        ],
        [
            50.58952126233845,
            113.14863875751986,
            119.1131993853228,
            98.76752817290128,
            33.99194950100722,
            84.95742172403276,
            31.889668861061253,
            33.50531140886706,
            36.725486199318745,
            45.89397851064666,
            47.48664314951082,
            77.49942001889315,
            112.56245739897604,
            73.67305067096923,
            37.93482677371856,
            0.0,
            36.19097950658014,
            73.74857592382249,
            98.76794687597928,
            44.28469922669541,
            50.58952126233845
        ],
        [
            14.682224964373214,
            86.83698130416029,
            90.60290707074434,
            65.5177871427173,
            44.41623073365967,
            59.773939232158526,
            15.151344869368529,
            13.971320377474678,
            13.481139124623427,
            29.54031894755082,
            12.057504468910597,
            74.72910608456411,
            87.91182971196689,
            59.06053599751864,
            4.644007131274646,
            36.19097950658014,
            0.0,
            38.20544680394053,
            81.20860842535694,
            46.62597303269515,
            14.682224964373214
        ],
        [
            26.25525440482676,
            60.21198548063887,
            60.33936517035162,
            29.818951838508184,
            70.25272193553378,
            40.60666745688506,
            49.87393055071705,
            47.98560783421704,
            45.31019519563742,
            42.67042370031027,
            29.77091054045186,
            80.48604767238443,
            63.61219818125255,
            56.038284266533886,
            35.8285738931624,
            73.74857592382249,
            38.20544680394053,
            0.0,
            68.0486256263181,
            65.99132113862788,
            26.25525440482676
        ],
        [
            81.260250771159,
            30.568272644917656,
            41.203728277813035,
            55.46483738547982,
            70.25757645026233,
            27.58316620050171,
            96.16197274237399,
            95.15277738557907,
            94.5161585385075,
            54.500044669009064,
            83.1811248440689,
            37.98397690994634,
            25.095184501577787,
            25.154272535770332,
            76.56468655076158,
            98.76794687597928,
            81.20860842535694,
            68.0486256263181,
            0.0,
            58.56390704594635,
            81.260250771159
        ],
        [
            57.209984094078436,
            79.95299594580138,
            88.33087034402277,
            79.03895804682992,
            11.779210123091646,
            54.00330169666115,
            56.644282633734825,
            56.77424838072202,
            58.16003444687939,
            23.356093075445905,
            56.44315620772742,
            33.279678978468546,
            77.5002234451018,
            34.15702228536879,
            43.497569463340525,
            44.28469922669541,
            46.62597303269515,
            65.99132113862788,
            58.56390704594635,
            0.0,
            57.209984094078436
        ],
        [
            0.0,
            81.57602829196958,
            83.74566353887363,
            55.53256487201424,
            57.04396768309095,
            56.6429251126188,
            23.68319595866391,
            21.76913650926649,
            19.056101589002125,
            36.31319192506761,
            3.5372560109757125,
            81.55302795494315,
            83.66885240730414,
            62.06175435301905,
            14.982915293995328,
            50.58952126233845,
            14.682224964373214,
            26.25525440482676,
            81.260250771159,
            57.209984094078436,
            0.0
        ]
    ],
    "scores_ave": [
        0,
        12.01034452925208,
        19.155511898580816,
        14.46849100606241,
        12.660148938101141,
        13.395169025591496,
        11.02568584757244,
        13.479271350609956,
        13.905818770630239,
        12.892903952928872,
        16.01534659951252,
        17.95202023761563,
        17.592565376799385,
        10.466660437964427,
        11.903793226503748,
        10.075719226348571,
        19.190762894555533,
        12.914987391510103,
        16.203865540809147,
        12.84730572952623,
        0
    ],
    "scores_var": [
        0,
        344.7216368181778,
        261.4480525547292,
        23.6733218408597,
        24.958103119935416,
        266.0224014284597,
        19.115310314346285,
        23.811002363305793,
        21.04059431330659,
        263.15390214857416,
        311.70037419670007,
        22.876019729384527,
        342.9133286903634,
        386.15550077504014,
        21.059018362231477,
        276.0191544073433,
        292.12386678540315,
        20.839195352453604,
        22.701167872154212,
        20.879194082264803,
        0
    ],
    "vertex_number": 21,
    "minimum_distances": {
        "cost": 415.6649694113463,
        "path": [
            0,
            10,
            8,
            7,
            6,
            15,
            4,
            19,
            11,
            13,
            18,
            12,
            1,
            2,
            3,
            17,
            5,
            9,
            14,
            16,
            20
        ]
    }
}