{
    "vertices": [
        [
            89.65867239287876,
            1.4147531725539286
        ],
        [
            82.75343866681978,
            39.20001283679036
        ],
        [
            38.92746351828894,
            50.24904207998885
        ],
        [
            41.70986895614496,
            71.2092796626156
        ],
        [
            5.265814435247651,
            64.85111295345061
        ],
        [
            93.04113775917797,
            51.980533953569875
        ],
        [
            84.45771430810514,
            92.52074811694362
        ],
        [
            96.72153577181845,
            26.20382889894808
        ],
        [
            67.6593330008012,
            82.9339984063363
        ],
        [
            25.478616248544384,
            66.38405055643227
        ],
        [
            78.19180149257602,
            4.486073002113288
        ],
        [
            58.04590675862984,
            18.15570919111161
        ],
        [
            51.917575052827246,
            83.35571597647194
        ],
        [
            80.3521319349948,
            25.660087930590013
        ],
        [
            89.65867239287876,
            1.4147531725539286
        ]
    ],
    "distances": [
        [
            0.0,
            38.41104139053346,
            70.41621494352052,
            84.67799997039641,
            105.57616310753231,
            50.678785087529235,
            91.25432745797173,
            25.775614725520533,
            84.43552733993769,
            91.32408887716718,
            11.871062873207869,
            35.77186826909145,
            90.21480928131655,
            25.970135787543807,
            0.0
        ],
        [
            38.41104139053346,
            0.0,
            45.197313470345755,
            52.04966644774873,
            81.62297989076515,
            16.406659398895158,
            53.347964968475225,
            19.07900767023542,
            46.265467896198636,
            63.39855826269156,
            35.01237142147075,
            32.45496647549881,
            53.8570014443845,
            13.751212327858672,
            38.41104139053346
        ],
        [
            70.41621494352052,
            45.197313470345755,
            0.0,
            21.14410886135355,
            36.692330162902095,
            54.14136869305517,
            62.12810047199477,
            62.59654195375242,
            43.51811914611384,
            21.00499920066213,
            60.298736101029824,
            37.35635003383529,
            35.56395442253041,
            48.172812037447706,
            70.41621494352052
        ],
        [
            84.67799997039641,
            52.04966644774873,
            21.14410886135355,
            0.0,
            36.9945319449195,
            54.81463142695,
            47.76564633619985,
            71.07583333510465,
            28.475317624642265,
            16.933292662242323,
            76.04549762249444,
            55.511687696007364,
            15.866101565375558,
            59.73234764821669,
            84.67799997039641
        ],
        [
            105.57616310753231,
            81.62297989076515,
            36.692330162902095,
            36.9945319449195,
            0.0,
            88.7139176702995,
            83.8866241754518,
            99.28626052975255,
            64.96107992707834,
            20.270847412928912,
            94.66856731044459,
            70.47126278273016,
            50.18771863473734,
            84.69882831548098,
            105.57616310753231
        ],
        [
            50.678785087529235,
            16.406659398895158,
            54.14136869305517,
            54.81463142695,
            88.7139176702995,
            0.0,
            41.43892038353119,
            26.038123069922165,
            40.029401374752446,
            69.08079040807046,
            49.76169820884387,
            48.67016501916482,
            51.725713688970956,
            29.219458373740448,
            50.678785087529235
        ],
        [
            91.25432745797173,
            53.347964968475225,
            62.12810047199477,
            47.76564633619985,
            83.8866241754518,
            41.43892038353119,
            0.0,
            67.44134556383037,
            19.3414421530404,
            64.5109368036841,
            88.25738318115681,
            78.9160477499414,
            33.80618991972855,
            66.98659333909619,
            91.25432745797173
        ],
        [
            25.775614725520533,
            19.07900767023542,
            62.59654195375242,
            71.07583333510465,
            99.28626052975255,
            26.038123069922165,
            67.44134556383037,
            0.0,
            63.74106809773997,
            81.79244338350743,
            28.548414555870423,
            39.50413282680006,
            72.62047295791282,
            16.37843204380956,
            25.775614725520533
        ],
        [
            84.43552733993769,
            46.265467896198636,
            43.51811914611384,
            28.475317624642265,
            64.96107992707834,
            40.029401374752446,
            19.3414421530404,
            63.74106809773997,
            0.0,
            45.31129704134126,
            79.15181547353647,
            65.48774479064738,
            15.747405786400572,
            58.66351477679859,
            84.43552733993769
        ],
        [
            91.32408887716718,
            63.39855826269156,
            21.00499920066213,
            16.933292662242323,
            20.270847412928912,
            69.08079040807046,
            64.5109368036841,
            81.79244338350743,
            45.31129704134126,
            0.0,
            81.30214956498119,
            58.19451281708785,
            31.417446901114303,
            68.3340607292009,
            91.32408887716718
        ],
        [
            11.871062873207869,
            35.01237142147075,
            60.298736101029824,
            76.04549762249444,
            94.66856731044459,
            49.76169820884387,
            88.25738318115681,
            28.548414555870423,
            79.15181547353647,
            81.30214956498119,
            0.0,
            24.345759962893187,
            83.130954270416,
            21.28393609771925,
            11.871062873207869
        ],
        [
            35.77186826909145,
            32.45496647549881,
            37.35635003383529,
            55.511687696007364,
            70.47126278273016,
            48.67016501916482,
            78.9160477499414,
            39.50413282680006,
            65.48774479064738,
            58.19451281708785,
            24.345759962893187,
            0.0,
            65.48738301617632,
            23.53472714701051,
            35.77186826909145
        ],
        [
            90.21480928131655,
            53.8570014443845,
            35.56395442253041,
            15.866101565375558,
            50.18771863473734,
            51.725713688970956,
            33.80618991972855,
            72.62047295791282,
            15.747405786400572,
            31.417446901114303,
            83.130954270416,
            65.48738301617632,
            0.0,
            64.32192099660877,
            90.21480928131655
        ],
        [
            25.970135787543807,
            13.751212327858672,
            48.172812037447706,
            59.73234764821669,
            84.69882831548098,
            29.219458373740448,
            66.98659333909619,
            16.37843204380956,
            58.66351477679859,
            68.3340607292009,
            21.28393609771925,
            23.53472714701051,
            64.32192099660877,
            0.0,
            25.970135787543807
        ],
        [
            0.0,
            38.41104139053346,
            70.41621494352052,
            84.67799997039641,
            105.57616310753231,
            50.678785087529235,
            91.25432745797173,
            25.775614725520533,
            84.43552733993769,
            91.32408887716718,
            11.871062873207869,
            35.77186826909145,
            90.21480928131655,
            25.970135787543807,
            0.0
        ]
    ],
    "scores_ave": [
        0,
        11.23732647655148,
        12.539215265886714,
        13.450830393762853,
        12.73637558258691,
        17.137467303129633,
        10.158689382986436,
        19.34508757290007,
        19.193430301095034,
        19.989355548247367,
        14.580686857560117,
        11.844649317041354,
        16.14905598935732,
        19.426713914401383,
        0
    ],
    "scores_var": [
        0,
        17.88402911032076,
        20.531075329271342,
        367.4038006222645,
        367.9244270938899,
        385.5020044195362,
        363.96446345802497,
        236.40336526887185,
        19.885594985479138,
        19.207870833460927,
        20.270777978277884,
        19.929627796359288,
        394.89927359978554,
        283.41866124854795,
        0
    ],
    "vertex_number": 15,
    "minimum_distances": {
        "cost": 312.17543149244125,
        "path": [
            0,
            7,
            13,
            1,
            5,
            6,
            8,
            12,
            3,
            9,
            4,
            2,
            11,
            10,
            14
        ]
    }
}