{
    "vertices": [
        [
            80.44607385613743,
            26.372556267919055
        ],
        [
            44.51835187398768,
            65.86659331269942
        ],
        [
            89.93122337470126,
            10.673416673224212
        ],
        [
            27.74383476590708,
            31.25016490229203
        ],
        [
            78.52074729711805,
            33.529711521077864
        ],
        [
            17.3122755338188,
            77.13434393177909
        ],
        [
            28.25288068217937,
            30.465475770666618
        ],
        [
            37.06021717158726,
            31.181816414170537
        ],
        [
            6.159510149522762,
            19.611666883370372
        ],
        [
            50.256083212346525,
            84.35467205258347
        ],
        [
            61.04055338586216,
            68.96623665499013
        ],
        [
            97.51847352312485,
            64.42493723709002
        ],
        [
            75.72934004904,
            61.386826414778305
        ],
        [
            35.828861520808594,
            61.32966478909728
        ],
        [
            42.011818294191485,
            22.853061904070447
        ],
        [
            91.4296696519123,
            69.91870092850957
        ],
        [
            29.24855124682164,
            48.9672724708459
        ],
        [
            80.44607385613743,
            26.372556267919055
        ]
    ],
    "distances": [
        [
            0.0,
            53.390824763447235,
            18.34205673863286,
            52.92746991037748,
            7.411595892699773,
            81.01009552786626,
            52.35342781280013,
            43.65159267892352,
            74.59358667209283,
            65.37095139233031,
            46.80593801686102,
            41.706720415447165,
            35.330534834959046,
            56.68064107556699,
            38.5950623937588,
            44.90997763755889,
            55.9616611764001,
            0.0
        ],
        [
            53.390824763447235,
            0.0,
            71.47458041497435,
            38.46662891523182,
            46.923734064077024,
            29.447118599972857,
            38.95901277389314,
            35.47756363872627,
            60.09092242115438,
            19.357960026907215,
            16.810441149725797,
            53.019725263940025,
            31.530843539667085,
            9.802599809553952,
            43.08650130641565,
            47.085999105801434,
            22.7761686003003,
            53.390824763447235
        ],
        [
            18.34205673863286,
            71.47458041497435,
            0.0,
            65.50323556637206,
            25.54621652004696,
            98.44067471113621,
            64.77610331451578,
            56.70923872583872,
            84.24720917336505,
            83.68419289914226,
            65.05938574741216,
            54.284365407937145,
            52.664441681370256,
            74.11559236318924,
            49.44302924800686,
            59.26423076135596,
            71.75518161379554,
            18.34205673863286
        ],
        [
            52.92746991037748,
            38.46662891523182,
            65.50323556637206,
            0.0,
            50.82805503842802,
            47.05502431433424,
            0.9353420647894216,
            9.316633117424756,
            24.52218801987085,
            57.679199108427035,
            50.31076961557172,
            77.25972905185414,
            56.66416049317019,
            31.147134235235676,
            16.555563799706036,
            74.5059812601539,
            17.78089064933601,
            52.92746991037748
        ],
        [
            7.411595892699773,
            46.923734064077024,
            25.54621652004696,
            50.82805503842802,
            0.0,
            75.15211895396547,
            50.3611750731788,
            41.52695714500504,
            73.68758788335892,
            58.155548736591555,
            39.51334575483963,
            36.26883750276049,
            27.99662130731938,
            50.945407181035634,
            38.038043377454066,
            38.61086409880364,
            51.63397710516446,
            7.411595892699773
        ],
        [
            81.01009552786626,
            29.447118599972857,
            98.44067471113621,
            47.05502431433424,
            75.15211895396547,
            0.0,
            47.93412246460377,
            50.01615723129157,
            58.59387809773882,
            33.72577059952672,
            44.4846070050151,
            81.20691605048654,
            60.50237792453916,
            24.344441653418716,
            59.63660781049777,
            74.46780253779102,
            30.591805971242337,
            81.01009552786626
        ],
        [
            52.35342781280013,
            38.95901277389314,
            64.77610331451578,
            0.9353420647894216,
            50.3611750731788,
            47.93412246460377,
            0.0,
            8.836420087070971,
            24.615486768601798,
            58.2081299948256,
            50.57014998984758,
            77.1425134066627,
            56.658133746791165,
            31.78039725102084,
            15.724414427494185,
            74.48398243838484,
            18.528568239560766,
            52.35342781280013
        ],
        [
            43.65159267892352,
            35.47756363872627,
            56.70923872583872,
            9.316633117424756,
            41.52695714500504,
            50.01615723129157,
            8.836420087070971,
            0.0,
            32.99578843774674,
            54.78579612736466,
            44.75174787518942,
            68.99496969428611,
            49.0677459564667,
            30.172984578531135,
            9.689504908244178,
            66.7576481377794,
            19.42535898417516,
            43.65159267892352
        ],
        [
            74.59358667209283,
            60.09092242115438,
            84.24720917336505,
            24.52218801987085,
            73.68758788335892,
            58.59387809773882,
            24.615486768601798,
            32.99578843774674,
            0.0,
            78.33367394821788,
            73.80923020903711,
            101.75799422401533,
            81.1487842553562,
            51.19239943639148,
            35.99853665054315,
            99.0040290896373,
            37.34776296112233,
            74.59358667209283
        ],
        [
            65.37095139233031,
            19.357960026907215,
            83.68419289914226,
            57.679199108427035,
            58.155548736591555,
            33.72577059952672,
            58.2081299948256,
            54.78579612736466,
            78.33367394821788,
            0.0,
            18.79118785253748,
            51.292571272107665,
            34.29881553509095,
            27.17159703109801,
            62.051719999532665,
            43.630969306118914,
            41.15318272552088,
            65.37095139233031
        ],
        [
            46.80593801686102,
            16.810441149725797,
            65.05938574741216,
            50.31076961557172,
            39.51334575483963,
            44.4846070050151,
            50.57014998984758,
            44.75174787518942,
            73.80923020903711,
            18.79118785253748,
            0.0,
            36.75951656297366,
            16.52900218481984,
            26.342866900953556,
            49.88504429984838,
            30.404038804472087,
            37.559152925051976,
            46.80593801686102
        ],
        [
            41.706720415447165,
            53.019725263940025,
            54.284365407937145,
            77.25972905185414,
            36.26883750276049,
            81.20691605048654,
            77.1425134066627,
            68.99496969428611,
            101.75799422401533,
            51.292571272107665,
            36.75951656297366,
            0.0,
            21.999919429855474,
            61.767215742039284,
            69.34846496792699,
            8.200912880847632,
            69.99801202632878,
            41.706720415447165
        ],
        [
            35.330534834959046,
            31.530843539667085,
            52.664441681370256,
            56.66416049317019,
            27.99662130731938,
            60.50237792453916,
            56.658133746791165,
            49.0677459564667,
            81.1487842553562,
            34.29881553509095,
            16.52900218481984,
            21.999919429855474,
            0.0,
            39.90051947322624,
            51.20275657281912,
            17.86877814392706,
            48.11142325729592,
            35.330534834959046
        ],
        [
            56.68064107556699,
            9.802599809553952,
            74.11559236318924,
            31.147134235235676,
            50.945407181035634,
            24.344441653418716,
            31.78039725102084,
            30.172984578531135,
            51.19239943639148,
            27.17159703109801,
            26.342866900953556,
            61.767215742039284,
            39.90051947322624,
            0.0,
            38.970218424247726,
            56.260300449214974,
            14.004614494240782,
            56.68064107556699
        ],
        [
            38.5950623937588,
            43.08650130641565,
            49.44302924800686,
            16.555563799706036,
            38.038043377454066,
            59.63660781049777,
            15.724414427494185,
            9.689504908244178,
            35.99853665054315,
            62.051719999532665,
            49.88504429984838,
            69.34846496792699,
            51.20275657281912,
            38.970218424247726,
            0.0,
            68.24440203850128,
            29.066354763684483,
            38.5950623937588
        ],
        [
            44.90997763755889,
            47.085999105801434,
            59.26423076135596,
            74.5059812601539,
            38.61086409880364,
            74.46780253779102,
            74.48398243838484,
            66.7576481377794,
            99.0040290896373,
            43.630969306118914,
            30.404038804472087,
            8.200912880847632,
            17.86877814392706,
            56.260300449214974,
            68.24440203850128,
            0.0,
            65.61595720954243,
            44.90997763755889
        ],
        [
            55.9616611764001,
            22.7761686003003,
            71.75518161379554,
            17.78089064933601,
            51.63397710516446,
            30.591805971242337,
            18.528568239560766,
            19.42535898417516,
            37.34776296112233,
            41.15318272552088,
            37.559152925051976,
            69.99801202632878,
            48.11142325729592,
            14.004614494240782,
            29.066354763684483,
            65.61595720954243,
            0.0,
            55.9616611764001
        ],
        [
            0.0,
            53.390824763447235,
            18.34205673863286,
            52.92746991037748,
            7.411595892699773,
            81.01009552786626,
            52.35342781280013,
            43.65159267892352,
            74.59358667209283,
            65.37095139233031,
            46.80593801686102,
            41.706720415447165,
            35.330534834959046,
            56.68064107556699,
            38.5950623937588,
            44.90997763755889,
            55.9616611764001,
            0.0
        ]
    ],
    "scores_ave": [
        0,
        10.086888337204053,
        10.608121223880719,
        16.35752701447891,
        11.432903470661426,
        13.69943370665098,
        13.466112083514982,
        14.898219668456324,
        11.040903640781446,
        11.840482378063586,
        19.740157742327895,
        13.936510780037173,
        15.57265492102133,
        18.763219005652786,
        18.84607965960963,
        13.534378178343047,
        13.620274013974774,
        0
    ],
    "scores_var": [
        0,
        371.7609361704108,
        22.044836072026087,
        268.18086790683,
        22.128598956081866,
        16.22224123731998,
        21.93368909171224,
        16.32312141676002,
        17.227333124646037,
        352.306528215192,
        18.450354896145463,
        20.316327503440586,
        244.32144497812553,
        268.4888205146488,
        17.860794793344024,
        23.332453143674396,
        22.7982813352281,
        0
    ],
    "vertex_number": 18,
    "minimum_distances": {
        "cost": 338.2834259464519,
        "path": [
            0,
            4,
            11,
            15,
            12,
            10,
            9,
            1,
            13,
            5,
            16,
            8,
            3,
            6,
            7,
            14,
            2,
            17
        ]
    }
}