{
    "vertices": [
        [
            86.20326393496404,
            22.840344193549655
        ],
        [
            52.82183497004772,
            2.9675732927443743
        ],
        [
            4.038959397948405,
            12.791963939461814
        ],
        [
            58.13015810255857,
            83.4009394622016
        ],
        [
            78.34902081140336,
            99.39059966784828
        ],
        [
            70.80536766633708,
            93.84046903498484
        ],
        [
            44.79468207255599,
            15.606350937654234
        ],
        [
            56.45192674707559,
            78.51036469457644
        ],
        [
            88.19967108378167,
            16.884955428206318
        ],
        [
            33.85473409068652,
            59.477943969715255
        ],
        [
            4.5344925070534225,
            41.20958099876455
        ],
        [
            39.75160446409712,
            88.15039305162924
        ],
        [
            73.8477375339297,
            80.15201703893783
        ],
        [
            83.26321452625234,
            79.99131400882477
        ],
        [
            71.30719863324966,
            41.13692035839024
        ],
        [
            86.20326393496404,
            22.840344193549655
        ]
    ],
    "distances": [
        [
            0.0,
            38.84902602402855,
            82.7764633563321,
            66.75091737475154,
            76.95213283739696,
            72.65062241301706,
            42.0357146993136,
            63.12125828159778,
            6.2811063396688125,
            63.89587071333878,
            83.70912188853954,
            80.14461397649953,
            58.62837945042879,
            57.22654315396094,
            23.593589401122333,
            0.0
        ],
        [
            38.84902602402855,
            0.0,
            49.762311046234906,
            80.60834130429143,
            99.74486068120548,
            92.6352558630817,
            14.972437476816625,
            75.62996032717693,
            38.01690168326048,
            59.60849695988412,
            61.59641706727591,
            86.17971749520503,
            79.99704328933139,
            82.82109769366072,
            42.409995580977785,
            38.84902602402855
        ],
        [
            82.7764633563321,
            49.762311046234906,
            0.0,
            88.94653001479308,
            114.11095012000041,
            105.0076828202593,
            40.85278087113676,
            84.05966538209942,
            84.26018022051036,
            55.394594970207564,
            28.42193716816982,
            83.39236089639314,
            97.00846488014791,
            103.8856835679459,
            72.99625034348459,
            82.7764633563321
        ],
        [
            66.75091737475154,
            80.60834130429143,
            88.94653001479308,
            0.0,
            25.777347472755135,
            16.420862193767956,
            69.09371284103543,
            5.17051081038017,
            72.99692968158772,
            34.082340358163435,
            68.21001465778654,
            18.982321861140473,
            16.049853584810272,
            25.36328194317309,
            44.270551249728165,
            66.75091737475154
        ],
        [
            76.95213283739696,
            99.74486068120548,
            114.11095012000041,
            25.777347472755135,
            0.0,
            9.365396564743943,
            90.25349845565175,
            30.256684236727974,
            83.09161595604618,
            59.77258264173525,
            93.98731575146695,
            40.2007810056297,
            19.758153069390847,
            20.012035977067807,
            58.67775057615891,
            76.95213283739696
        ],
        [
            72.65062241301706,
            92.6352558630817,
            105.0076828202593,
            16.420862193767956,
            9.365396564743943,
            0.0,
            82.4447269358423,
            21.000794397130278,
            78.89684953064473,
            50.45921571431005,
            84.62765074051455,
            31.570764541219976,
            14.022472408934128,
            18.62785664867848,
            52.705937781482724,
            72.65062241301706
        ],
        [
            42.0357146993136,
            14.972437476816625,
            40.85278087113676,
            69.09371284103543,
            90.25349845565175,
            82.4447269358423,
            0.0,
            63.975044354284535,
            43.423817203326124,
            45.215032201877236,
            47.711720293994276,
            72.71912181812372,
            70.78292904436807,
            75.00167637337904,
            36.80656883394697,
            42.0357146993136
        ],
        [
            63.12125828159778,
            75.62996032717693,
            84.05966538209942,
            5.17051081038017,
            30.256684236727974,
            21.000794397130278,
            63.975044354284535,
            0.0,
            69.32250960342152,
            29.544308328307324,
            63.92783777345181,
            19.28291759771143,
            17.47310090830409,
            26.85215751572311,
            40.21757631138607,
            63.12125828159778
        ],
        [
            6.2811063396688125,
            38.01690168326048,
            84.26018022051036,
            72.99692968158772,
            83.09161595604618,
            78.89684953064473,
            43.423817203326124,
            69.32250960342152,
            0.0,
            69.04733774506148,
            87.12949853765762,
            86.17411304355487,
            64.87448713843881,
            63.29913977811997,
            29.555260588715065,
            6.2811063396688125
        ],
        [
            63.89587071333878,
            59.60849695988412,
            55.394594970207564,
            34.082340358163435,
            59.77258264173525,
            50.45921571431005,
            45.215032201877236,
            29.544308328307324,
            69.04733774506148,
            0.0,
            34.545761710534194,
            29.27255398074718,
            45.02063550953957,
            53.4976288195386,
            41.70228108177214,
            63.89587071333878
        ],
        [
            83.70912188853954,
            61.59641706727591,
            28.42193716816982,
            68.21001465778654,
            93.98731575146695,
            84.62765074051455,
            47.711720293994276,
            63.92783777345181,
            87.12949853765762,
            34.545761710534194,
            0.0,
            58.68291753804779,
            79.50370595701042,
            87.76237511621873,
            66.7727456600672,
            83.70912188853954
        ],
        [
            80.14461397649953,
            86.17971749520503,
            83.39236089639314,
            18.982321861140473,
            40.2007810056297,
            31.570764541219976,
            72.71912181812372,
            19.28291759771143,
            86.17411304355487,
            29.27255398074718,
            58.68291753804779,
            0.0,
            35.021711967808315,
            44.26997606762148,
            56.621746158575704,
            80.14461397649953
        ],
        [
            58.62837945042879,
            79.99704328933139,
            97.00846488014791,
            16.049853584810272,
            19.758153069390847,
            14.022472408934128,
            70.78292904436807,
            17.47310090830409,
            64.87448713843881,
            45.02063550953957,
            79.50370595701042,
            35.021711967808315,
            0.0,
            9.416848329289607,
            39.09772508597327,
            58.62837945042879
        ],
        [
            57.22654315396094,
            82.82109769366072,
            103.8856835679459,
            25.36328194317309,
            20.012035977067807,
            18.62785664867848,
            75.00167637337904,
            26.85215751572311,
            63.29913977811997,
            53.4976288195386,
            87.76237511621873,
            44.26997606762148,
            9.416848329289607,
            0.0,
            40.65230893782861,
            57.22654315396094
        ],
        [
            23.593589401122333,
            42.409995580977785,
            72.99625034348459,
            44.270551249728165,
            58.67775057615891,
            52.705937781482724,
            36.80656883394697,
            40.21757631138607,
            29.555260588715065,
            41.70228108177214,
            66.7727456600672,
            56.621746158575704,
            39.09772508597327,
            40.65230893782861,
            0.0,
            23.593589401122333
        ],
        [
            0.0,
            38.84902602402855,
            82.7764633563321,
            66.75091737475154,
            76.95213283739696,
            72.65062241301706,
            42.0357146993136,
            63.12125828159778,
            6.2811063396688125,
            63.89587071333878,
            83.70912188853954,
            80.14461397649953,
            58.62837945042879,
            57.22654315396094,
            23.593589401122333,
            0.0
        ]
    ],
    "scores_ave": [
        0,
        10.917922417069107,
        12.976440415562955,
        17.917895716988557,
        14.010804796123942,
        19.11331640352234,
        17.6960553610327,
        10.366814939382952,
        10.816217199017503,
        14.236847021468686,
        11.468158450082582,
        16.99801837483663,
        10.52272566870757,
        14.415955340974604,
        10.225818575699444,
        0
    ],
    "scores_var": [
        0,
        17.191745846067683,
        19.407764695633816,
        379.5254134444317,
        297.1652690812631,
        358.2673205738514,
        18.269097169948473,
        341.78962771429843,
        388.21885064813074,
        350.71407007609207,
        309.7925622568139,
        291.57092468415175,
        355.1830327259648,
        17.135690041696318,
        16.31572692120635,
        0
    ],
    "vertex_number": 16,
    "minimum_distances": {
        "cost": 334.7233651903904,
        "path": [
            0,
            8,
            1,
            6,
            2,
            10,
            9,
            11,
            7,
            3,
            5,
            4,
            13,
            12,
            14,
            15
        ]
    }
}