{
    "vertices": [
        [
            3.4918449968610155,
            70.25062984285606
        ],
        [
            73.32354191349026,
            29.602557739090642
        ],
        [
            20.77956040263158,
            29.488569174618096
        ],
        [
            5.362934665638452,
            48.62284942091921
        ],
        [
            74.84034456093408,
            77.45071672822013
        ],
        [
            39.10015110698534,
            37.76245368683618
        ],
        [
            2.353683413040719,
            92.3765737497341
        ],
        [
            52.692580448464184,
            2.7518839783219895
        ],
        [
            30.123524923766542,
            1.9085139322595146
        ],
        [
            98.53701458806854,
            90.25826007770341
        ],
        [
            22.400995414056457,
            69.13434744454318
        ],
        [
            90.57174691303346,
            55.640708091676046
        ],
        [
            83.90120088008275,
            77.66366677896497
        ],
        [
            48.46324256850296,
            36.179753228371055
        ],
        [
            3.835788215460467,
            72.79303336650582
        ],
        [
            68.44357517409179,
            18.820866837024084
        ],
        [
            0.7580146100863439,
            9.568364664747197
        ],
        [
            97.86503703682536,
            77.52877536241589
        ],
        [
            63.88310815537511,
            62.83096791374972
        ],
        [
            3.4918449968610155,
            70.25062984285606
        ]
    ],
    "distances": [
        [
            0.0,
            80.80056720103441,
            44.276525313895505,
            21.708566570092103,
            71.71087533422896,
            48.20200259301366,
            22.155198161181005,
            83.5271995356219,
            73.3477414980622,
            97.12821181426011,
            18.9420710560621,
            88.29699389733388,
            80.75034136256465,
            56.42030869134042,
            2.565562826104109,
            82.84773850776999,
            60.7438156171472,
            94.65342454457671,
            60.845345335720886,
            0.0
        ],
        [
            80.80056720103441,
            0.0,
            52.54410515373051,
            70.57205986194965,
            47.872194527933495,
            35.18272843559464,
            94.74860369249963,
            33.86141243921495,
            51.314730149218356,
            65.68739171638725,
            64.46602313857372,
            31.232768841236453,
            49.211351041769056,
            25.715636955490453,
            81.81665538825453,
            11.834649723812703,
            75.28030715240958,
            53.84428770600472,
            34.54343689149571,
            80.80056720103441
        ],
        [
            44.276525313895505,
            52.54410515373051,
            0.0,
            24.572200342226335,
            72.26988295108873,
            20.10226874454661,
            65.53177902571657,
            41.63281378590154,
            29.119909342986976,
            98.68726875264538,
            39.678921181457774,
            74.5310919538941,
            79.40517316745144,
            28.480839213446348,
            46.501269174907904,
            48.84319990845692,
            28.243173398859888,
            90.82968742920434,
            54.49432431503567,
            44.276525313895505
        ],
        [
            21.708566570092103,
            70.57205986194965,
            24.572200342226335,
            0.0,
            75.22071801868334,
            35.44217782122278,
            43.857085923978005,
            65.91085525589621,
            52.870747773016774,
            102.05349866589802,
            26.66490324827586,
            85.4973217412951,
            83.73546639742503,
            44.860530359980494,
            24.218380793186487,
            69.76621942521692,
            39.32503106531638,
            96.91331950575645,
            60.2202734664597,
            21.708566570092103
        ],
        [
            71.71087533422896,
            47.872194527933495,
            72.26988295108873,
            75.22071801868334,
            0.0,
            53.40898474384028,
            74.00741349483977,
            77.91302246337813,
            87.78506912755161,
            26.93632003492285,
            53.09470159074841,
            26.891513469675992,
            9.063358370955472,
            48.98003611396166,
            71.15715730771942,
            58.977775109380175,
            100.47987526174363,
            23.024824793247323,
            18.27014189998304,
            71.71087533422896
        ],
        [
            48.20200259301366,
            35.18272843559464,
            20.10226874454661,
            35.44217782122278,
            53.40898474384028,
            0.0,
            65.82556492903608,
            37.55654572398567,
            36.960584594376506,
            79.30038101482451,
            35.53952052014116,
            54.48813774928785,
            59.99367355809296,
            9.49591609366732,
            49.706305463581174,
            34.9259251612755,
            47.592290204741275,
            70.95542373880089,
            35.250891699463416,
            48.20200259301366
        ],
        [
            22.155198161181005,
            94.74860369249963,
            65.53177902571657,
            43.857085923978005,
            74.00741349483977,
            65.82556492903608,
            0.0,
            102.7939179687438,
            94.63421128042962,
            96.20665490878577,
            30.693579167112112,
            95.56123980639663,
            82.86414928404221,
            72.69232478206598,
            19.639544001500866,
            98.88536702877703,
            82.82358148976432,
            96.65855258588394,
            68.2554974587245,
            22.155198161181005
        ],
        [
            83.5271995356219,
            33.86141243921495,
            41.63281378590154,
            65.91085525589621,
            77.91302246337813,
            37.55654572398567,
            102.7939179687438,
            0.0,
            22.584807732444407,
            98.78804583362763,
            72.9671952300549,
            65.05427709339219,
            81.15265363261727,
            33.69435771017531,
            85.39759220795852,
            22.50124540908815,
            52.3799917694649,
            87.36208742524387,
            61.112390207545566,
            83.5271995356219
        ],
        [
            73.3477414980622,
            51.314730149218356,
            29.119909342986976,
            52.870747773016774,
            87.78506912755161,
            36.960584594376506,
            94.63421128042962,
            22.584807732444407,
            0.0,
            111.74114377440361,
            67.6679403665401,
            80.87729119381366,
            92.90253825429237,
            38.869822307028834,
            75.60198540163655,
            41.88620216685622,
            30.3480890539561,
            101.52505307621804,
            69.65095016651745,
            73.3477414980622
        ],
        [
            97.12821181426011,
            65.68739171638725,
            98.68726875264538,
            102.05349866589802,
            26.93632003492285,
            79.30038101482451,
            96.20665490878577,
            98.78804583362763,
            111.74114377440361,
            0.0,
            79.01210730387416,
            35.522111348289336,
            19.30882759919649,
            73.70120451743455,
            96.29826800389242,
            77.5171996964941,
            126.7737830091382,
            12.747208908075272,
            44.19445198769577,
            97.12821181426011
        ],
        [
            18.9420710560621,
            64.46602313857372,
            39.678921181457774,
            26.66490324827586,
            53.09470159074841,
            35.53952052014116,
            30.693579167112112,
            72.9671952300549,
            67.6679403665401,
            79.01210730387416,
            0.0,
            69.49337855451066,
            62.088844091930014,
            42.0148307945185,
            18.922285829211226,
            68.20091994835857,
            63.376059538314394,
            75.92949359841246,
            41.95829204093867,
            18.9420710560621
        ],
        [
            88.29699389733388,
            31.232768841236453,
            74.5310919538941,
            85.4973217412951,
            26.891513469675992,
            54.48813774928785,
            95.56123980639663,
            65.05427709339219,
            80.87729119381366,
            35.522111348289336,
            69.49337855451066,
            0.0,
            23.01101679021918,
            46.388090091368696,
            88.41565920989704,
            42.95761509355317,
            100.94140547384072,
            23.071184834729074,
            27.640247376709755,
            88.29699389733388
        ],
        [
            80.75034136256465,
            49.211351041769056,
            79.40517316745144,
            83.73546639742503,
            9.063358370955472,
            59.99367355809296,
            82.86414928404221,
            81.15265363261727,
            92.90253825429237,
            19.30882759919649,
            62.088844091930014,
            23.01101679021918,
            0.0,
            54.55972848875273,
            80.21342390769031,
            60.8392414275013,
            107.46980782133143,
            13.96448767075293,
            24.91451368100832,
            80.75034136256465
        ],
        [
            56.42030869134042,
            25.715636955490453,
            28.480839213446348,
            44.860530359980494,
            48.98003611396166,
            9.49591609366732,
            72.69232478206598,
            33.69435771017531,
            38.869822307028834,
            73.70120451743455,
            42.0148307945185,
            46.388090091368696,
            54.55972848875273,
            0.0,
            57.72470844020284,
            26.46780360697969,
            54.62558718996681,
            64.42265849941384,
            30.790574839118335,
            56.42030869134042
        ],
        [
            2.565562826104109,
            81.81665538825453,
            46.501269174907904,
            24.218380793186487,
            71.15715730771942,
            49.706305463581174,
            19.639544001500866,
            85.39759220795852,
            75.60198540163655,
            96.29826800389242,
            18.922285829211226,
            88.41565920989704,
            80.21342390769031,
            57.72470844020284,
            0.0,
            84.18527719012393,
            63.29953730330953,
            94.1484300780527,
            60.86808178389941,
            2.565562826104109
        ],
        [
            82.84773850776999,
            11.834649723812703,
            48.84319990845692,
            69.76621942521692,
            58.977775109380175,
            34.9259251612755,
            98.88536702877703,
            22.50124540908815,
            41.88620216685622,
            77.5171996964941,
            68.20091994835857,
            42.95761509355317,
            60.8392414275013,
            26.46780360697969,
            84.18527719012393,
            0.0,
            68.3150342553646,
            65.66765521598937,
            44.245755233834686,
            82.84773850776999
        ],
        [
            60.7438156171472,
            75.28030715240958,
            28.243173398859888,
            39.32503106531638,
            100.47987526174363,
            47.592290204741275,
            82.82358148976432,
            52.3799917694649,
            30.3480890539561,
            126.7737830091382,
            63.376059538314394,
            100.94140547384072,
            107.46980782133143,
            54.62558718996681,
            63.29953730330953,
            68.3150342553646,
            0.0,
            118.52590951679296,
            82.59347637654025,
            60.7438156171472
        ],
        [
            94.65342454457671,
            53.84428770600472,
            90.82968742920434,
            96.91331950575645,
            23.024824793247323,
            70.95542373880089,
            96.65855258588394,
            87.36208742524387,
            101.52505307621804,
            12.747208908075272,
            75.92949359841246,
            23.071184834729074,
            13.96448767075293,
            64.42265849941384,
            94.1484300780527,
            65.66765521598937,
            118.52590951679296,
            0.0,
            37.024276283298356,
            94.65342454457671
        ],
        [
            60.845345335720886,
            34.54343689149571,
            54.49432431503567,
            60.2202734664597,
            18.27014189998304,
            35.250891699463416,
            68.2554974587245,
            61.112390207545566,
            69.65095016651745,
            44.19445198769577,
            41.95829204093867,
            27.640247376709755,
            24.91451368100832,
            30.790574839118335,
            60.86808178389941,
            44.245755233834686,
            82.59347637654025,
            37.024276283298356,
            0.0,
            60.845345335720886
        ],
        [
            0.0,
            80.80056720103441,
            44.276525313895505,
            21.708566570092103,
            71.71087533422896,
            48.20200259301366,
            22.155198161181005,
            83.5271995356219,
            73.3477414980622,
            97.12821181426011,
            18.9420710560621,
            88.29699389733388,
            80.75034136256465,
            56.42030869134042,
            2.565562826104109,
            82.84773850776999,
            60.7438156171472,
            94.65342454457671,
            60.845345335720886,
            0.0
        ]
    ],
    "scores_ave": [
        0,
        19.98367043998268,
        16.420739249445546,
        18.789541994768086,
        19.434458085282177,
        13.114173229635835,
        11.182528716047319,
        13.838335225994157,
        19.799838947854937,
        19.77049884266449,
        17.451786202654834,
        17.23896160982921,
        10.979173761440856,
        13.120059636715364,
        16.751485374436545,
        17.974097277742068,
        19.674600143333677,
        13.35576445274693,
        15.001619459896295,
        0
    ],
    "scores_var": [
        0,
        17.965429059109226,
        21.622435773665693,
        352.896172052043,
        20.681082602070454,
        323.7430480756911,
        19.759575169696305,
        287.00598063811447,
        19.228021317845936,
        255.01340684525866,
        387.96785913144595,
        302.3271978854435,
        335.05641737613155,
        276.80051409254895,
        399.5460057854658,
        20.126895237138374,
        290.8562137158592,
        24.12693630394829,
        228.91398062709195,
        0
    ],
    "vertex_number": 20,
    "minimum_distances": {
        "cost": 455.86759794334404,
        "path": [
            0,
            3,
            16,
            8,
            7,
            2,
            5,
            13,
            15,
            1,
            18,
            11,
            17,
            9,
            12,
            4,
            10,
            6,
            14,
            19
        ]
    }
}