{
    "vertices": [
        [
            3.3765625871635008,
            7.895931573133086
        ],
        [
            34.809860659263606,
            10.955102680726814
        ],
        [
            84.64542740222856,
            69.77548262295183
        ],
        [
            66.63269558120145,
            70.5206456845356
        ],
        [
            6.152082681645343,
            37.00305139436818
        ],
        [
            32.56164576191264,
            7.858904610224959
        ],
        [
            85.85064122840618,
            51.80064735700357
        ],
        [
            74.16954419684606,
            39.81107998330361
        ],
        [
            22.046517175432733,
            48.52778258017169
        ],
        [
            15.353066917810887,
            54.66937781922137
        ],
        [
            98.78583413975994,
            4.144772290106591
        ],
        [
            85.17712773958036,
            99.92404965854321
        ],
        [
            89.6319650314135,
            90.87872433401954
        ],
        [
            12.11070815096985,
            96.05644462794417
        ],
        [
            56.093614752995215,
            96.0219143699305
        ],
        [
            74.98261345341417,
            72.81119740768035
        ],
        [
            13.454746837501474,
            18.60664424059707
        ],
        [
            8.482562820150253,
            14.719767654868775
        ],
        [
            16.119483017163148,
            89.79013225865735
        ],
        [
            62.85356124477119,
            16.353569156730043
        ],
        [
            3.3765625871635008,
            7.895931573133086
        ]
    ],
    "distances": [
        [
            0.0,
            31.581810517369462,
            102.14551985504035,
            89.01232037698104,
            29.23915074147348,
            29.18510666269711,
            93.43231622829612,
            77.65451012807989,
            44.71593139571421,
            48.2824184327766,
            95.48298431743596,
            123.12801053211646,
            119.69184744674867,
            88.59210665074669,
            102.69019638191591,
            96.65101271600841,
            14.706772712894349,
            8.522674301512328,
            82.87968464591444,
            60.07532773787039,
            0.0
        ],
        [
            31.581810517369462,
            0.0,
            77.09358474698281,
            67.53330093966605,
            38.726784927269044,
            3.826344563215686,
            65.3721638085285,
            48.80422229956611,
            39.6813458908893,
            47.848768778114206,
            64.3374368684872,
            102.23666230605079,
            96.9187723094426,
            88.07661395519243,
            87.68899953408568,
            73.75653545232302,
            22.684509573337436,
            26.595099433484243,
            81.02031908698899,
            28.558581596818307,
            31.581810517369462
        ],
        [
            102.14551985504035,
            77.09358474698281,
            0.0,
            18.028138440909306,
            85.06019876567744,
            80.90972094107235,
            18.01519478675673,
            31.742866198309382,
            66.10664352915222,
            70.91985352384603,
            67.13673540988317,
            30.153255206499473,
            21.684380743821702,
            77.14904056932123,
            38.78248554445332,
            10.128451888794322,
            87.671905538026,
            93.97826180556227,
            71.38901353783456,
            57.69563474836743,
            102.14551985504035
        ],
        [
            89.01232037698104,
            67.53330093966605,
            18.028138440909306,
            0.0,
            69.14718840058659,
            71.32552299319234,
            26.828488072974164,
            31.620903096107615,
            49.71532291314548,
            53.67367146742591,
            73.75351441144436,
            34.76285559811514,
            30.71510640616489,
            60.20568196624401,
            27.59324064455219,
            8.65839221039905,
            74.31660499853874,
            80.59265431172764,
            54.063830389364526,
            54.298748014129465,
            89.01232037698104
        ],
        [
            29.23915074147348,
            38.726784927269044,
            85.06019876567744,
            69.14718840058659,
            0.0,
            39.329967122619145,
            81.06065063090024,
            68.07540007615152,
            19.63294366065187,
            19.918765028576267,
            98.28875019501113,
            101.01489874750644,
            99.35531637427066,
            59.35325155274176,
            77.31353576549108,
            77.58779083872733,
            19.792844665195215,
            22.40481805083461,
            53.719875052176775,
            60.344500892186964,
            29.23915074147348
        ],
        [
            29.18510666269711,
            3.826344563215686,
            80.90972094107235,
            71.32552299319234,
            39.329967122619145,
            0.0,
            69.0694852554443,
            52.46102098933749,
            42.00625625457028,
            49.873395592077316,
            66.32825872277934,
            106.03952035213172,
            100.74379290305738,
            90.53754422527628,
            91.24949235194248,
            77.57795330846125,
            21.922305847468134,
            25.037445497367166,
            83.56476996739764,
            31.460442930421312,
            29.18510666269711
        ],
        [
            93.43231622829612,
            65.3721638085285,
            18.01519478675673,
            26.828488072974164,
            81.06065063090024,
            69.0694852554443,
            0.0,
            16.739108508795,
            63.8880105341734,
            70.55591823612502,
            49.38017460525661,
            48.12811516666179,
            39.26059742190349,
            86.00089140439988,
            53.30104202440032,
            23.654962294410698,
            79.6429994886621,
            85.79517000432034,
            79.40803100804342,
            42.25353287844712,
            93.43231622829612
        ],
        [
            77.65451012807989,
            48.80422229956611,
            31.742866198309382,
            31.620903096107615,
            68.07540007615152,
            52.46102098933749,
            16.739108508795,
            0.0,
            52.846862253469986,
            60.6642152681142,
            43.336442343821986,
            61.11248660156573,
            53.35719967911054,
            83.75464270938971,
            59.04572065526739,
            33.01013225721203,
            64.31107768925077,
            70.31609685374643,
            76.60101350052408,
            26.04431385831589,
            77.65451012807989
        ],
        [
            44.71593139571421,
            39.6813458908893,
            66.10664352915222,
            49.71532291314548,
            19.63294366065187,
            42.00625625457028,
            63.8880105341734,
            52.846862253469986,
            0.0,
            9.084132783682525,
            88.64972854193915,
            81.40669665201607,
            79.75835397832196,
            48.55609145124808,
            58.43712354247973,
            58.24014530233067,
            31.130259187416307,
            36.42749965262083,
            41.685863729841564,
            51.96532358307897,
            44.71593139571421
        ],
        [
            48.2824184327766,
            47.848768778114206,
            70.91985352384603,
            53.67367146742591,
            19.918765028576267,
            49.873395592077316,
            70.55591823612502,
            60.6642152681142,
            9.084132783682525,
            0.0,
            97.5385175722114,
            83.20687948076691,
            82.63456589103427,
            41.51387947906815,
            58.05018963869694,
            62.328231468748356,
            36.11266221549088,
            40.53609723246326,
            35.129115930129934,
            61.02784737123073,
            48.2824184327766
        ],
        [
            95.48298431743596,
            64.3374368684872,
            67.13673540988317,
            73.75351441144436,
            98.28875019501113,
            66.32825872277934,
            49.38017460525661,
            43.336442343821986,
            88.64972854193915,
            97.5385175722114,
            0.0,
            96.74123662175404,
            87.2156623365811,
            126.3342114279052,
            101.31157304535253,
            72.67510752293556,
            86.54790696774845,
            90.92035711537754,
            119.03299245195467,
            37.94974250677358,
            95.48298431743596
        ],
        [
            123.12801053211646,
            102.23666230605079,
            30.153255206499473,
            34.76285559811514,
            101.01489874750644,
            106.03952035213172,
            48.12811516666179,
            61.11248660156573,
            81.40669665201607,
            83.20687948076691,
            96.74123662175404,
            0.0,
            10.08283122556242,
            73.16870943355225,
            29.344120151258636,
            28.966098783025053,
            108.42795002290462,
            114.63780336321156,
            69.79723903189371,
            86.5006753288788,
            123.12801053211646
        ],
        [
            119.69184744674867,
            96.9187723094426,
            21.684380743821702,
            30.71510640616489,
            99.35531637427066,
            100.74379290305738,
            39.26059742190349,
            53.35719967911054,
            79.75835397832196,
            82.63456589103427,
            87.2156623365811,
            10.08283122556242,
            0.0,
            77.69397695938758,
            33.930419141875824,
            23.26024571860372,
            105.00581951869597,
            111.2897666531031,
            73.52054165063001,
            79.19016140632331,
            119.69184744674867
        ],
        [
            88.59210665074669,
            88.07661395519243,
            77.14904056932123,
            60.20568196624401,
            59.35325155274176,
            90.53754422527628,
            86.00089140439988,
            83.75464270938971,
            48.55609145124808,
            41.51387947906815,
            126.3342114279052,
            73.16870943355225,
            77.69397695938758,
            0.0,
            43.98292015659266,
            67.0314701814805,
            77.46146151494176,
            81.4175562121829,
            7.438880738209218,
            94.48484269171946,
            88.59210665074669
        ],
        [
            102.69019638191591,
            87.68899953408568,
            38.78248554445332,
            27.59324064455219,
            77.31353576549108,
            91.24949235194248,
            53.30104202440032,
            59.04572065526739,
            58.43712354247973,
            58.05018963869694,
            101.31157304535253,
            29.344120151258636,
            33.930419141875824,
            43.98292015659266,
            0.0,
            29.925434897526817,
            88.38097706131443,
            94.2170437162485,
            40.45696869905159,
            79.95462529198267,
            102.69019638191591
        ],
        [
            96.65101271600841,
            73.75653545232302,
            10.128451888794322,
            8.65839221039905,
            77.58779083872733,
            77.57795330846125,
            23.654962294410698,
            33.01013225721203,
            58.24014530233067,
            62.328231468748356,
            72.67510752293556,
            28.966098783025053,
            23.26024571860372,
            67.0314701814805,
            29.925434897526817,
            0.0,
            81.99885337215821,
            88.29989210045791,
            61.26297702061844,
            57.74580240331317,
            96.65101271600841
        ],
        [
            14.706772712894349,
            22.684509573337436,
            87.671905538026,
            74.31660499853874,
            19.792844665195215,
            21.922305847468134,
            79.6429994886621,
            64.31107768925077,
            31.130259187416307,
            36.11266221549088,
            86.54790696774845,
            108.42795002290462,
            105.00581951869597,
            77.46146151494176,
            88.38097706131443,
            81.99885337215821,
            0.0,
            6.311134881705966,
            71.23334742467554,
            49.45016898027165,
            14.706772712894349
        ],
        [
            8.522674301512328,
            26.595099433484243,
            93.97826180556227,
            80.59265431172764,
            22.40481805083461,
            25.037445497367166,
            85.79517000432034,
            70.31609685374643,
            36.42749965262083,
            40.53609723246326,
            90.92035711537754,
            114.63780336321156,
            111.2897666531031,
            81.4175562121829,
            94.2170437162485,
            88.29989210045791,
            6.311134881705966,
            0.0,
            75.45781730106759,
            54.39554004730182,
            8.522674301512328
        ],
        [
            82.87968464591444,
            81.02031908698899,
            71.38901353783456,
            54.063830389364526,
            53.719875052176775,
            83.56476996739764,
            79.40803100804342,
            76.60101350052408,
            41.685863729841564,
            35.129115930129934,
            119.03299245195467,
            69.79723903189371,
            73.52054165063001,
            7.438880738209218,
            40.45696869905159,
            61.26297702061844,
            71.23334742467554,
            75.45781730106759,
            0.0,
            87.04598134323916,
            82.87968464591444
        ],
        [
            60.07532773787039,
            28.558581596818307,
            57.69563474836743,
            54.298748014129465,
            60.344500892186964,
            31.460442930421312,
            42.25353287844712,
            26.04431385831589,
            51.96532358307897,
            61.02784737123073,
            37.94974250677358,
            86.5006753288788,
            79.19016140632331,
            94.48484269171946,
            79.95462529198267,
            57.74580240331317,
            49.45016898027165,
            54.39554004730182,
            87.04598134323916,
            0.0,
            60.07532773787039
        ],
        [
            0.0,
            31.581810517369462,
            102.14551985504035,
            89.01232037698104,
            29.23915074147348,
            29.18510666269711,
            93.43231622829612,
            77.65451012807989,
            44.71593139571421,
            48.2824184327766,
            95.48298431743596,
            123.12801053211646,
            119.69184744674867,
            88.59210665074669,
            102.69019638191591,
            96.65101271600841,
            14.706772712894349,
            8.522674301512328,
            82.87968464591444,
            60.07532773787039,
            0.0
        ]
    ],
    "scores_ave": [
        0,
        19.116684519780673,
        16.665625139854434,
        17.345754367846734,
        10.282196242561989,
        10.473396629824636,
        11.886163904055936,
        16.46822096650733,
        13.303829877433566,
        17.33894704682782,
        12.90521218148195,
        14.743169641046808,
        11.333123124177813,
        15.314650839321992,
        12.88727325025514,
        15.185784805125397,
        13.437902207122228,
        10.64683046522244,
        11.339505140775556,
        17.018304648516562,
        0
    ],
    "scores_var": [
        0,
        256.32972307513467,
        17.27005802230878,
        24.68342856245028,
        21.6645061156129,
        21.813875779278806,
        20.54760335940066,
        17.31259326566388,
        263.32448063532706,
        284.8424765712004,
        282.54075313097013,
        16.638587583384506,
        18.701922547249126,
        17.78706676939563,
        22.844930191550073,
        23.230162312976038,
        17.643608000033733,
        340.06431994902425,
        354.1582686357387,
        23.82240889265598,
        0
    ],
    "vertex_number": 21,
    "minimum_distances": {
        "cost": 424.49011169391855,
        "path": [
            0,
            5,
            1,
            19,
            10,
            7,
            6,
            2,
            12,
            11,
            15,
            3,
            14,
            13,
            18,
            9,
            8,
            4,
            16,
            17,
            20
        ]
    }
}