{
    "vertices": [
        [
            31.222697957657253,
            1.981951740695831
        ],
        [
            58.44985099501685,
            71.6835690466604
        ],
        [
            68.69957278677943,
            77.11670532271401
        ],
        [
            77.66969082830086,
            25.54670909820106
        ],
        [
            78.35821592281305,
            97.6011993489235
        ],
        [
            16.35182888187132,
            88.81245667233668
        ],
        [
            20.067910882123442,
            64.24275423415254
        ],
        [
            44.370667763788596,
            92.96643185806981
        ],
        [
            92.43806860026189,
            50.98728162357424
        ],
        [
            88.17097705707518,
            18.795651658826984
        ],
        [
            39.58972208746717,
            13.587221109952596
        ],
        [
            85.02043160596968,
            2.8357839269966156
        ],
        [
            69.34574825118412,
            76.46847946479811
        ],
        [
            61.650653374033595,
            23.12427999425961
        ],
        [
            31.222697957657253,
            1.981951740695831
        ]
    ],
    "distances": [
        [
            0.0,
            74.83069769544407,
            83.96277355345215,
            52.08282765023146,
            106.60580456526313,
            88.09471796738367,
            63.252168356742686,
            91.9295639729231,
            78.41456471753953,
            59.37850618971619,
            14.306969278006813,
            53.80450887330103,
            83.67562235248828,
            37.05210540309994,
            0.0
        ],
        [
            74.83069769544407,
            0.0,
            11.600679575037937,
            49.98011693784681,
            32.68128752945778,
            45.449337257345526,
            39.09653503705632,
            25.51830029425496,
            39.793658402821954,
            60.66693613508971,
            61.08101264707719,
            73.79710881793771,
            11.900249775805388,
            48.66466571491198,
            74.83069769544407
        ],
        [
            83.96277355345215,
            11.600679575037937,
            0.0,
            52.344317058063794,
            22.64738136604454,
            53.6383900911096,
            50.30683011519848,
            29.036347064726826,
            35.3024498630887,
            61.48561526668886,
            69.88117609253405,
            76.05278243425869,
            0.9152811009025744,
            54.4506130152463,
            83.96277355345215
        ],
        [
            52.08282765023146,
            49.98011693784681,
            52.344317058063794,
            0.0,
            72.05777981659737,
            88.10468211051918,
            69.39271548319348,
            75.19470695513404,
            29.416453090645128,
            12.48414150065487,
            39.913824324962015,
            23.87089257050374,
            51.59762317486705,
            16.201164270657834,
            52.08282765023146
        ],
        [
            106.60580456526313,
            32.68128752945778,
            22.64738136604454,
            72.05777981659737,
            0.0,
            62.62614495325674,
            67.16059501085313,
            34.30210634285132,
            48.69393778617923,
            79.41413367791758,
            92.52753457106445,
            94.99931093381298,
            22.974255662220383,
            76.32793828528638,
            106.60580456526313
        ],
        [
            88.09471796738367,
            45.449337257345526,
            53.6383900911096,
            88.10468211051918,
            62.62614495325674,
            0.0,
            24.84913566572305,
            28.325092094016675,
            84.969757808022,
            100.30126135254594,
            78.73268537304475,
            110.03347334533863,
            54.41258368632626,
            79.7929824963448,
            88.09471796738367
        ],
        [
            63.252168356742686,
            39.09653503705632,
            50.30683011519848,
            69.39271548319348,
            67.16059501085313,
            24.84913566572305,
            0.0,
            37.625438845175594,
            73.57409382573478,
            81.87470155623176,
            54.28705323402627,
            89.38481946441243,
            50.77177969292426,
            58.47951262592096,
            63.252168356742686
        ],
        [
            91.9295639729231,
            25.51830029425496,
            29.036347064726826,
            75.19470695513404,
            34.30210634285132,
            28.325092094016675,
            37.625438845175594,
            0.0,
            63.817897784121214,
            86.13809685355231,
            79.5230566600275,
            98.87333814987821,
            29.932208046225796,
            71.9480651557622,
            91.9295639729231
        ],
        [
            78.41456471753953,
            39.793658402821954,
            35.3024498630887,
            29.416453090645128,
            48.69393778617923,
            84.969757808022,
            73.57409382573478,
            63.817897784121214,
            0.0,
            32.473206032437716,
            64.74343407295432,
            48.71948346403739,
            34.38817678400562,
            41.52362937060516,
            78.41456471753953
        ],
        [
            59.37850618971619,
            60.66693613508971,
            61.48561526668886,
            12.48414150065487,
            79.41413367791758,
            100.30126135254594,
            81.87470155623176,
            86.13809685355231,
            32.473206032437716,
            0.0,
            48.859657010712944,
            16.267861403915443,
            60.66748970190992,
            26.871259581932634,
            59.37850618971619
        ],
        [
            14.306969278006813,
            61.08101264707719,
            69.88117609253405,
            39.913824324962015,
            92.52753457106445,
            78.73268537304475,
            54.28705323402627,
            79.5230566600275,
            64.74343407295432,
            48.859657010712944,
            0.0,
            46.68557345533631,
            69.56632623147952,
            24.034146154863596,
            14.306969278006813
        ],
        [
            53.80450887330103,
            73.79710881793771,
            76.05278243425869,
            23.87089257050374,
            94.99931093381298,
            110.03347334533863,
            89.38481946441243,
            98.87333814987821,
            48.71948346403739,
            16.267861403915443,
            46.68557345533631,
            0.0,
            75.28259792565187,
            30.94785303185375,
            53.80450887330103
        ],
        [
            83.67562235248828,
            11.900249775805388,
            0.9152811009025744,
            51.59762317486705,
            22.974255662220383,
            54.41258368632626,
            50.77177969292426,
            29.932208046225796,
            34.38817678400562,
            60.66748970190992,
            69.56632623147952,
            75.28259792565187,
            0.0,
            53.89636446292967,
            83.67562235248828
        ],
        [
            37.05210540309994,
            48.66466571491198,
            54.4506130152463,
            16.201164270657834,
            76.32793828528638,
            79.7929824963448,
            58.47951262592096,
            71.9480651557622,
            41.52362937060516,
            26.871259581932634,
            24.034146154863596,
            30.94785303185375,
            53.89636446292967,
            0.0,
            37.05210540309994
        ],
        [
            0.0,
            74.83069769544407,
            83.96277355345215,
            52.08282765023146,
            106.60580456526313,
            88.09471796738367,
            63.252168356742686,
            91.9295639729231,
            78.41456471753953,
            59.37850618971619,
            14.306969278006813,
            53.80450887330103,
            83.67562235248828,
            37.05210540309994,
            0.0
        ]
    ],
    "scores_ave": [
        0,
        12.811506128899268,
        16.272544022240247,
        17.98952195703489,
        19.491986743373516,
        18.563092521360474,
        12.323583619310703,
        12.040584382632542,
        16.428316365780823,
        13.131650370216214,
        14.160081965547732,
        13.024650998316076,
        15.09750315458142,
        19.33752858190928,
        0
    ],
    "scores_var": [
        0,
        16.37632111512072,
        319.56891012386035,
        329.646897988081,
        312.17758053364685,
        19.381312614296647,
        291.9442646687312,
        18.899689960666315,
        268.360340831849,
        280.2048243737576,
        23.349566833989137,
        18.454649194444222,
        264.03843736687253,
        24.64849055951604,
        0
    ],
    "vertex_number": 15,
    "minimum_distances": {
        "cost": 353.13931281529335,
        "path": [
            0,
            6,
            5,
            7,
            4,
            2,
            12,
            1,
            8,
            9,
            11,
            3,
            13,
            10,
            14
        ]
    }
}