{
    "vertices": [
        [
            72.91730948911528,
            6.101343982674267
        ],
        [
            65.82911947872567,
            62.40435579556508
        ],
        [
            23.615631009814486,
            73.82896395309753
        ],
        [
            80.76629120776259,
            46.84344261670274
        ],
        [
            20.885507084920164,
            18.495789397156138
        ],
        [
            56.660159321632555,
            41.99170565182489
        ],
        [
            75.4002176039478,
            74.81966694413158
        ],
        [
            41.813027647805455,
            39.95734977330757
        ],
        [
            83.04506169118501,
            24.59027169743353
        ],
        [
            48.79793954510772,
            40.599419219349976
        ],
        [
            63.594789814892614,
            59.730373740035446
        ],
        [
            52.17288459954832,
            76.83786454220449
        ],
        [
            15.094210751303006,
            41.23663696389618
        ],
        [
            49.79507597814333,
            0.24539645176661073
        ],
        [
            80.19594271136286,
            79.34775227114858
        ],
        [
            22.538250358556724,
            56.252287203363906
        ],
        [
            65.99753589040769,
            33.020441418181136
        ],
        [
            12.980520495483416,
            3.0756962949405
        ],
        [
            72.91730948911528,
            6.101343982674267
        ]
    ],
    "distances": [
        [
            0.0,
            56.74743674234026,
            83.77163008879812,
            41.49126552811525,
            53.487669032794614,
            39.40067248551121,
            68.76316414579723,
            45.97505276733277,
            21.081077124002025,
            42.09348169884778,
            54.433282151567894,
            73.71557844084062,
            67.66091604847728,
            23.852249454100924,
            73.60716560733667,
            71.08562938319638,
            27.794263318168433,
            60.01310872465647,
            0.0
        ],
        [
            56.74743674234026,
            0.0,
            43.732142415711294,
            21.569912336929686,
            62.83224091314996,
            22.37735722227041,
            15.67628368709721,
            32.87310064770979,
            41.548689780103835,
            27.667966116504378,
            3.4845959708377725,
            19.870050976647654,
            54.97365991196601,
            64.19366618041501,
            22.214506384942677,
            43.72581957085248,
            29.384397019934827,
            79.45353518020835,
            56.74743674234026
        ],
        [
            83.77163008879812,
            43.732142415711294,
            0.0,
            63.201394943927845,
            55.40048540476482,
            45.88629280615835,
            51.79406241203459,
            38.450377001336584,
            77.17710830395119,
            41.69354034354521,
            42.39225618857182,
            28.715330667493525,
            33.68789666620925,
            78.1018869495013,
            56.848823178178705,
            17.60966537536506,
            58.83503524933447,
            71.54809892623874,
            83.77163008879812
        ],
        [
            41.49126552811525,
            21.569912336929686,
            63.201394943927845,
            0.0,
            66.2517754495842,
            24.58952919614073,
            28.486204969075462,
            39.557237221769455,
            22.369542035507255,
            32.572432150729206,
            21.469360816355405,
            41.43969411213953,
            65.91098862183789,
            55.95171203090142,
            32.50931318129386,
            58.983312026307324,
            20.228482290034226,
            80.68783259664258,
            41.49126552811525
        ],
        [
            53.487669032794614,
            62.83224091314996,
            55.40048540476482,
            66.2517754495842,
            0.0,
            42.80051195142551,
            78.3851570445583,
            29.975985233002433,
            62.45760917100186,
            35.604414574054,
            59.36643645393203,
            66.20194652707221,
            23.466684070773063,
            34.18830233066773,
            84.97463833295295,
            37.79265387504194,
            47.39262241403193,
            17.32824527354611,
            53.487669032794614
        ],
        [
            39.40067248551121,
            22.37735722227041,
            45.88629280615835,
            24.58952919614073,
            42.80051195142551,
            0.0,
            37.80032839849091,
            14.98585742560024,
            31.60653376629363,
            7.984545154511433,
            19.045982401066947,
            35.133892808014274,
            41.57280612701976,
            42.30701716193099,
            44.15209302845551,
            36.98200721259637,
            12.948752184553015,
            58.50099684832686,
            39.40067248551121
        ],
        [
            68.76316414579723,
            15.67628368709721,
            51.79406241203459,
            28.486204969075462,
            78.3851570445583,
            37.80032839849091,
            0.0,
            48.40950823618351,
            50.80783195499665,
            43.34404863721506,
            19.158676746627837,
            23.314847630686597,
            69.02633095540158,
            78.84760679402972,
            6.595645232624164,
            56.02798560978851,
            42.843735574473534,
            95.09687645566719,
            68.76316414579723
        ],
        [
            45.97505276733277,
            32.87310064770979,
            38.450377001336584,
            39.557237221769455,
            29.975985233002433,
            14.98585742560024,
            48.40950823618351,
            0.0,
            44.00258765055095,
            7.0143600839004465,
            29.41798157407038,
            38.307949640765145,
            26.749425266065604,
            40.506201156861124,
            54.9986543264304,
            25.2396914679952,
            25.159712567195964,
            46.81420545077153,
            45.97505276733277
        ],
        [
            21.081077124002025,
            41.548689780103835,
            77.17710830395119,
            22.369542035507255,
            62.45760917100186,
            31.60653376629363,
            50.80783195499665,
            44.00258765055095,
            0.0,
            37.80420849147382,
            40.1639122549854,
            60.68692014306162,
            69.9601287880358,
            41.20964087012361,
            54.831552574607656,
            68.29024413150132,
            19.018041367311678,
            73.29336182570509,
            21.081077124002025
        ],
        [
            42.09348169884778,
            27.667966116504378,
            41.69354034354521,
            32.572432150729206,
            35.604414574054,
            7.984545154511433,
            43.34404863721506,
            7.0143600839004465,
            37.80420849147382,
            0.0,
            24.185536975204194,
            36.39526306455291,
            33.709752017187924,
            40.36634036660648,
            49.87251665117047,
            30.57095929635234,
            18.795398877168484,
            51.874052179140996,
            42.09348169884778
        ],
        [
            54.433282151567894,
            3.4845959708377725,
            42.39225618857182,
            21.469360816355405,
            59.36643645393203,
            19.045982401066947,
            19.158676746627837,
            29.41798157407038,
            40.1639122549854,
            24.185536975204194,
            0.0,
            20.57003063426517,
            51.90688267897267,
            61.06467575417091,
            25.699023676493255,
            41.20359836332552,
            26.817786510848368,
            75.9707623704372,
            54.433282151567894
        ],
        [
            73.71557844084062,
            19.870050976647654,
            28.715330667493525,
            41.43969411213953,
            66.20194652707221,
            35.133892808014274,
            23.314847630686597,
            38.307949640765145,
            60.68692014306162,
            36.39526306455291,
            20.57003063426517,
            0.0,
            51.40306857987226,
            76.62936866518457,
            28.135232758056915,
            36.08292589259826,
            45.94657280520013,
            83.52783289780284,
            73.71557844084062
        ],
        [
            67.66091604847728,
            54.97365991196601,
            33.68789666620925,
            65.91098862183789,
            23.466684070773063,
            41.57280612701976,
            69.02633095540158,
            26.749425266065604,
            69.9601287880358,
            33.709752017187924,
            51.90688267897267,
            51.40306857987226,
            0.0,
            53.70690687625371,
            75.4366795011695,
            16.75957868767557,
            51.56214095111678,
            38.219433266822556,
            67.66091604847728
        ],
        [
            23.852249454100924,
            64.19366618041501,
            78.1018869495013,
            55.95171203090142,
            34.18830233066773,
            42.30701716193099,
            78.84760679402972,
            40.506201156861124,
            41.20964087012361,
            40.36634036660648,
            61.06467575417091,
            76.62936866518457,
            53.70690687625371,
            0.0,
            84.74311414095594,
            62.28728886793763,
            36.56122645315701,
            36.92319179849049,
            23.852249454100924
        ],
        [
            73.60716560733667,
            22.214506384942677,
            56.848823178178705,
            32.50931318129386,
            84.97463833295295,
            44.15209302845551,
            6.595645232624164,
            54.9986543264304,
            54.831552574607656,
            49.87251665117047,
            25.699023676493255,
            28.135232758056915,
            75.4366795011695,
            84.74311414095594,
            0.0,
            62.11127107174753,
            48.45425148653956,
            101.66287181905082,
            73.60716560733667
        ],
        [
            71.08562938319638,
            43.72581957085248,
            17.60966537536506,
            58.983312026307324,
            37.79265387504194,
            36.98200721259637,
            56.02798560978851,
            25.2396914679952,
            68.29024413150132,
            30.57095929635234,
            41.20359836332552,
            36.08292589259826,
            16.75957868767557,
            62.28728886793763,
            62.11127107174753,
            0.0,
            49.27908438197148,
            54.028696271308476,
            71.08562938319638
        ],
        [
            27.794263318168433,
            29.384397019934827,
            58.83503524933447,
            20.228482290034226,
            47.39262241403193,
            12.948752184553015,
            42.843735574473534,
            25.159712567195964,
            19.018041367311678,
            18.795398877168484,
            26.817786510848368,
            45.94657280520013,
            51.56214095111678,
            36.56122645315701,
            48.45425148653956,
            49.27908438197148,
            0.0,
            60.88917540812555,
            27.794263318168433
        ],
        [
            60.01310872465647,
            79.45353518020835,
            71.54809892623874,
            80.68783259664258,
            17.32824527354611,
            58.50099684832686,
            95.09687645566719,
            46.81420545077153,
            73.29336182570509,
            51.874052179140996,
            75.9707623704372,
            83.52783289780284,
            38.219433266822556,
            36.92319179849049,
            101.66287181905082,
            54.028696271308476,
            60.88917540812555,
            0.0,
            60.01310872465647
        ],
        [
            0.0,
            56.74743674234026,
            83.77163008879812,
            41.49126552811525,
            53.487669032794614,
            39.40067248551121,
            68.76316414579723,
            45.97505276733277,
            21.081077124002025,
            42.09348169884778,
            54.433282151567894,
            73.71557844084062,
            67.66091604847728,
            23.852249454100924,
            73.60716560733667,
            71.08562938319638,
            27.794263318168433,
            60.01310872465647,
            0.0
        ]
    ],
    "scores_ave": [
        0,
        19.767996308191243,
        16.948145149931857,
        10.836757014070711,
        13.679431300859768,
        13.860864856086597,
        10.556708397166009,
        11.988942571264069,
        12.54222479350469,
        10.568731575225561,
        19.97115429623436,
        11.289997084157593,
        14.72884257044644,
        13.987380979367535,
        11.422888903158029,
        19.932247165918056,
        13.234972650262241,
        19.81380373592381,
        0
    ],
    "scores_var": [
        0,
        258.67949590077586,
        269.42974461742347,
        24.487597318513867,
        24.3659130929007,
        18.65146933610851,
        17.026808251434453,
        20.560490326214115,
        308.42297085454595,
        24.219160782224485,
        17.65819025411618,
        361.0307121273604,
        225.5820014825506,
        18.069612891376106,
        296.3525965742117,
        24.5456441629819,
        21.285247081295324,
        268.6255033901232,
        0
    ],
    "vertex_number": 19,
    "minimum_distances": {
        "cost": 358.3805077467004,
        "path": [
            0,
            8,
            3,
            14,
            6,
            11,
            1,
            10,
            16,
            5,
            9,
            7,
            2,
            15,
            12,
            4,
            17,
            13,
            18
        ]
    }
}