{
    "vertices": [
        [
            98.40195564817905,
            60.564464431002996
        ],
        [
            90.79060507179202,
            20.759446047509755
        ],
        [
            67.39508548558312,
            84.06425121934443
        ],
        [
            59.37451323841323,
            90.347300077923
        ],
        [
            73.57902864160214,
            76.98652017446857
        ],
        [
            20.352669350883467,
            86.56321408768399
        ],
        [
            4.438919359629501,
            40.88844639677761
        ],
        [
            80.22731673393334,
            12.675136310814516
        ],
        [
            71.74836442529288,
            34.492820974913904
        ],
        [
            54.69208558410129,
            50.48146380675126
        ],
        [
            62.19984707073631,
            63.59515291788086
        ],
        [
            41.62002105634808,
            72.39463960480106
        ],
        [
            66.6443234699865,
            20.002632355916827
        ],
        [
            88.96262086347694,
            27.332731657213515
        ],
        [
            63.17810946538122,
            44.982648118494915
        ],
        [
            7.940564162366703,
            76.46480891031813
        ],
        [
            30.427871099079795,
            65.60370485959204
        ],
        [
            68.70875388431753,
            16.245471234978424
        ],
        [
            98.34370534531182,
            3.1026140696534754
        ],
        [
            30.063229008637126,
            27.75998020337851
        ],
        [
            50.57048233628534,
            30.061685550877804
        ],
        [
            4.341926408474861,
            87.33496541214393
        ],
        [
            20.436330151684334,
            24.01892365986573
        ],
        [
            60.374507012550346,
            25.798878545532766
        ],
        [
            98.40195564817905,
            60.564464431002996
        ]
    ],
    "distances": [
        [
            0.0,
            40.526190865993094,
            38.905860437440374,
            49.093365745475595,
            29.763427558252364,
            82.26558256785145,
            96.00103058950171,
            51.222116780413224,
            37.2846418459149,
            44.85777126214835,
            36.32874534246191,
            58.001216716838954,
            51.515137802910516,
            34.546332718918826,
            38.51639053060586,
            91.84815895874175,
            68.16061996772932,
            53.346596788348755,
            57.461879886128926,
            75.80445728421583,
            56.729792513248384,
            97.79544377605367,
            86.10583783527412,
            51.524099329298195,
            0.0
        ],
        [
            40.526190865993094,
            0.0,
            67.48961916141349,
            76.35077114634396,
            58.802399849757734,
            96.3931464208317,
            88.66673717010747,
            13.301846654790705,
            23.477915489579498,
            46.760041155711725,
            51.50076918026845,
            71.30174995130741,
            24.158139045826232,
            6.822727458472001,
            36.73164074998332,
            99.83594908834492,
            75.19752124282718,
            22.538503066395858,
            19.20450570142572,
            61.129548354157855,
            41.281835383582965,
            109.11312396455455,
            70.42973941340081,
            30.830746034624838,
            40.526190865993094
        ],
        [
            38.905860437440374,
            67.48961916141349,
            0.0,
            10.188536800314232,
            9.398692978306821,
            47.10874368105767,
            76.33890865970677,
            72.53324676473832,
            49.762211908288016,
            35.90501102766122,
            21.118108046462844,
            28.293705688112034,
            64.06601794248746,
            60.69286526524468,
            39.30845440471157,
            59.93823178223574,
            41.3202941833461,
            67.83150185002303,
            86.67527768158699,
            67.55618730105063,
            56.562747192020396,
            63.137931870897546,
            76.2270691043153,
            58.686814319011816,
            38.905860437440374
        ],
        [
            49.093365745475595,
            76.35077114634396,
            10.188536800314232,
            0.0,
            19.50073581862958,
            39.20489264319273,
            73.91953518703706,
            80.4226612211216,
            57.20869714530757,
            40.139880796257195,
            26.900927287672072,
            25.249158613827262,
            70.71932138901322,
            69.61531401983783,
            45.52382883345652,
            53.27452185215719,
            38.08088228325657,
            74.6874091551227,
            95.5522536110264,
            69.110954213332,
            60.925087435547475,
            55.11496868667676,
            76.91316935578142,
            64.55616709402325,
            49.093365745475595
        ],
        [
            29.763427558252364,
            58.802399849757734,
            9.398692978306821,
            19.50073581862958,
            0.0,
            54.08103539737466,
            77.99631813093961,
            64.65410914255098,
            42.53311419511987,
            32.54588501044565,
            17.57311839781266,
            32.28720385850122,
            57.40429954920208,
            51.98224335064058,
            33.651551914962425,
            65.64053779361495,
            44.62724371672723,
            60.935987745182075,
            77.92381403360845,
            65.70294555970595,
            52.2621594228104,
            70.00619004400743,
            75.03141131102412,
            52.863352589336,
            29.763427558252364
        ],
        [
            82.26558256785145,
            96.3931464208317,
            47.10874368105767,
            39.20489264319273,
            54.08103539737466,
            0.0,
            48.36767352687537,
            95.10216315523677,
            73.1631280844394,
            49.81052309074632,
            47.73592061557802,
            25.55481855621225,
            81.07544808111717,
            90.63981186822213,
            59.69055023467716,
            16.00119190363813,
            23.25533739487195,
            85.33988441112307,
            114.22903943767494,
            59.59962486559059,
            64.07447969836545,
            16.029332165586084,
            62.54434638117876,
            72.76023614376166,
            82.26558256785145
        ],
        [
            96.00103058950171,
            88.66673717010747,
            76.33890865970677,
            73.91953518703706,
            77.99631813093961,
            48.36767352687537,
            0.0,
            80.86947534497854,
            67.61261287351898,
            51.1605971291623,
            62.06383239120204,
            48.73473641913981,
            65.61805794659148,
            85.60381719299636,
            58.88170294767088,
            35.748273888670305,
            35.86460111864061,
            68.83231693511293,
            101.2219242835777,
            28.791697928039053,
            47.38501717930967,
            46.44662028907333,
            23.248611774059526,
            57.93517950274179,
            96.00103058950171
        ],
        [
            51.222116780413224,
            13.301846654790705,
            72.53324676473832,
            80.4226612211216,
            64.65410914255098,
            95.10216315523677,
            80.86947534497854,
            0.0,
            23.407349195376163,
            45.62199500904553,
            54.01701355796525,
            71.11218146855687,
            15.433402226969108,
            17.06313686208955,
            36.53013533631457,
            96.40797128710238,
            72.67336619533579,
            12.059211482980713,
            20.48991748094674,
            52.38309090321265,
            34.37760784241194,
            106.4550729006697,
            60.85756804128123,
            23.798459279473672,
            51.222116780413224
        ],
        [
            37.2846418459149,
            23.477915489579498,
            49.762211908288016,
            57.20869714530757,
            42.53311419511987,
            73.1631280844394,
            67.61261287351898,
            23.407349195376163,
            0.0,
            23.378480436344525,
            30.628743170246192,
            48.41760970566288,
            15.36283828879147,
            18.64396695333396,
            13.545690959862451,
            76.37462370213812,
            51.723014846464096,
            18.49878387279369,
            41.1419159520688,
            42.22536748874754,
            21.63648887694244,
            85.64998607612385,
            52.37010011697659,
            14.316049294787716,
            37.2846418459149
        ],
        [
            44.85777126214835,
            46.760041155711725,
            35.90501102766122,
            40.139880796257195,
            32.54588501044565,
            49.81052309074632,
            51.1605971291623,
            45.62199500904553,
            23.378480436344525,
            0.0,
            15.110768499436391,
            25.51599781654598,
            32.73858819633437,
            41.35617715004584,
            10.111853207353601,
            53.48681125303658,
            28.59080759676701,
            36.99419113337622,
            64.42219578831349,
            33.5089002110353,
            20.831585569789194,
            62.396467124265925,
            43.28651997182371,
            25.328243690943463,
            44.85777126214835
        ],
        [
            36.32874534246191,
            51.50076918026845,
            21.118108046462844,
            26.900927287672072,
            17.57311839781266,
            47.73592061557802,
            62.06383239120204,
            54.01701355796525,
            30.628743170246192,
            15.110768499436391,
            0.0,
            22.382140307302524,
            43.81850316257676,
            45.06893893545203,
            18.638195519414996,
            55.76466468198447,
            31.835400704971043,
            47.79496022992456,
            70.46790579602107,
            48.1344141332109,
            35.49275359535733,
            62.538929321050176,
            57.53667758683077,
            37.84032535216678,
            36.32874534246191
        ],
        [
            58.001216716838954,
            71.30174995130741,
            28.293705688112034,
            25.249158613827262,
            32.28720385850122,
            25.55481855621225,
            48.73473641913981,
            71.11218146855687,
            48.41760970566288,
            25.51599781654598,
            22.382140307302524,
            0.0,
            58.06150303649026,
            65.35975293997684,
            34.87360682661043,
            33.924505815842366,
            13.091257211577027,
            62.34202879958111,
            89.5486524861071,
            46.10653166651156,
            43.26880811918943,
            40.16054874880757,
            52.81059224747818,
            50.228435095808145,
            58.001216716838954
        ],
        [
            51.515137802910516,
            24.158139045826232,
            64.06601794248746,
            70.71932138901322,
            57.40429954920208,
            81.07544808111717,
            65.61805794659148,
            15.433402226969108,
            15.36283828879147,
            32.73858819633437,
            43.81850316257676,
            58.06150303649026,
            0.0,
            23.491205893081617,
            25.21935421505419,
            81.4500382940815,
            58.23305964672986,
            4.286972431017733,
            35.922993045593216,
            37.3945573261228,
            18.961880707633362,
            91.73457229640823,
            46.382208252113585,
            8.538563597032852,
            51.515137802910516
        ],
        [
            34.546332718918826,
            6.822727458472001,
            60.69286526524468,
            69.61531401983783,
            51.98224335064058,
            90.63981186822213,
            85.60381719299636,
            17.06313686208955,
            18.64396695333396,
            41.35617715004584,
            45.06893893545203,
            65.35975293997684,
            23.491205893081617,
            0.0,
            31.24676909904031,
            94.75513013701666,
            69.93557263537468,
            23.08996473102427,
            25.982750900593828,
            58.90094143721449,
            38.48900479415927,
            103.7349024467085,
            68.60636881631618,
            28.629232594007018,
            34.546332718918826
        ],
        [
            38.51639053060586,
            36.73164074998332,
            39.30845440471157,
            45.52382883345652,
            33.651551914962425,
            59.69055023467716,
            58.88170294767088,
            36.53013533631457,
            13.545690959862451,
            10.111853207353601,
            18.638195519414996,
            34.87360682661043,
            25.21935421505419,
            31.24676909904031,
            0.0,
            63.57918573892553,
            38.701499895599774,
            29.26454105095834,
            54.685979789363834,
            37.32580337754074,
            19.53426184350321,
            72.49424264621099,
            47.606065181635145,
            19.387552752785165,
            38.51639053060586
        ],
        [
            91.84815895874175,
            99.83594908834492,
            59.93823178223574,
            53.27452185215719,
            65.64053779361495,
            16.00119190363813,
            35.748273888670305,
            96.40797128710238,
            76.37462370213812,
            53.48681125303658,
            55.76466468198447,
            33.924505815842366,
            81.4500382940815,
            94.75513013701666,
            63.57918573892553,
            0.0,
            24.97283633203572,
            85.55198134549309,
            116.42482367426267,
            53.49366915133733,
            63.01237799850466,
            11.450349167511073,
            53.913959670603,
            72.91333802909865,
            91.84815895874175
        ],
        [
            68.16061996772932,
            75.19752124282718,
            41.3202941833461,
            38.08088228325657,
            44.62724371672723,
            23.25533739487195,
            35.86460111864061,
            72.67336619533579,
            51.723014846464096,
            28.59080759676701,
            31.835400704971043,
            13.091257211577027,
            58.23305964672986,
            69.93557263537468,
            38.701499895599774,
            24.97283633203572,
            0.0,
            62.463278919370296,
            92.2981413209053,
            37.84548136448295,
            40.8529059430809,
            33.95179222963344,
            42.768269989942205,
            49.811898181322,
            68.16061996772932
        ],
        [
            53.346596788348755,
            22.538503066395858,
            67.83150185002303,
            74.6874091551227,
            60.935987745182075,
            85.33988441112307,
            68.83231693511293,
            12.059211482980713,
            18.49878387279369,
            36.99419113337622,
            47.79496022992456,
            62.34202879958111,
            4.286972431017733,
            23.08996473102427,
            29.26454105095834,
            85.55198134549309,
            62.463278919370296,
            0.0,
            32.418591002133645,
            40.32444059996616,
            22.80097964502879,
            95.89997216720214,
            48.894309031060814,
            12.677825608554262,
            53.346596788348755
        ],
        [
            57.461879886128926,
            19.20450570142572,
            86.67527768158699,
            95.5522536110264,
            77.92381403360845,
            114.22903943767494,
            101.2219242835777,
            20.48991748094674,
            41.1419159520688,
            64.42219578831349,
            70.46790579602107,
            89.5486524861071,
            35.922993045593216,
            25.982750900593828,
            54.685979789363834,
            116.42482367426267,
            92.2981413209053,
            32.418591002133645,
            0.0,
            72.59620619161696,
            54.85501227599844,
            126.21974273454498,
            80.66629479797773,
            44.23551111032444,
            57.461879886128926
        ],
        [
            75.80445728421583,
            61.129548354157855,
            67.55618730105063,
            69.110954213332,
            65.70294555970595,
            59.59962486559059,
            28.791697928039053,
            52.38309090321265,
            42.22536748874754,
            33.5089002110353,
            48.1344141332109,
            46.10653166651156,
            37.3945573261228,
            58.90094143721449,
            37.32580337754074,
            53.49366915133733,
            37.84548136448295,
            40.32444059996616,
            72.59620619161696,
            0.0,
            20.636019154649123,
            64.89040198730265,
            10.328246979219598,
            30.374652161677815,
            75.80445728421583
        ],
        [
            56.729792513248384,
            41.281835383582965,
            56.562747192020396,
            60.925087435547475,
            52.2621594228104,
            64.07447969836545,
            47.38501717930967,
            34.37760784241194,
            21.63648887694244,
            20.831585569789194,
            35.49275359535733,
            43.26880811918943,
            18.961880707633362,
            38.48900479415927,
            19.53426184350321,
            63.01237799850466,
            40.8529059430809,
            22.80097964502879,
            54.85501227599844,
            20.636019154649123,
            0.0,
            73.60236388348959,
            30.7340543885144,
            10.690669923705995,
            56.729792513248384
        ],
        [
            97.79544377605367,
            109.11312396455455,
            63.137931870897546,
            55.11496868667676,
            70.00619004400743,
            16.029332165586084,
            46.44662028907333,
            106.4550729006697,
            85.64998607612385,
            62.396467124265925,
            62.538929321050176,
            40.16054874880757,
            91.73457229640823,
            103.7349024467085,
            72.49424264621099,
            11.450349167511073,
            33.95179222963344,
            95.89997216720214,
            126.21974273454498,
            64.89040198730265,
            73.60236388348959,
            0.0,
            65.32955667250215,
            83.22463623235208,
            97.79544377605367
        ],
        [
            86.10583783527412,
            70.42973941340081,
            76.2270691043153,
            76.91316935578142,
            75.03141131102412,
            62.54434638117876,
            23.248611774059526,
            60.85756804128123,
            52.37010011697659,
            43.28651997182371,
            57.53667758683077,
            52.81059224747818,
            46.382208252113585,
            68.60636881631618,
            47.606065181635145,
            53.913959670603,
            42.768269989942205,
            48.894309031060814,
            80.66629479797773,
            10.328246979219598,
            30.7340543885144,
            65.32955667250215,
            0.0,
            39.977821480976466,
            86.10583783527412
        ],
        [
            51.524099329298195,
            30.830746034624838,
            58.686814319011816,
            64.55616709402325,
            52.863352589336,
            72.76023614376166,
            57.93517950274179,
            23.798459279473672,
            14.316049294787716,
            25.328243690943463,
            37.84032535216678,
            50.228435095808145,
            8.538563597032852,
            28.629232594007018,
            19.387552752785165,
            72.91333802909865,
            49.811898181322,
            12.677825608554262,
            44.23551111032444,
            30.374652161677815,
            10.690669923705995,
            83.22463623235208,
            39.977821480976466,
            0.0,
            51.524099329298195
        ],
        [
            0.0,
            40.526190865993094,
            38.905860437440374,
            49.093365745475595,
            29.763427558252364,
            82.26558256785145,
            96.00103058950171,
            51.222116780413224,
            37.2846418459149,
            44.85777126214835,
            36.32874534246191,
            58.001216716838954,
            51.515137802910516,
            34.546332718918826,
            38.51639053060586,
            91.84815895874175,
            68.16061996772932,
            53.346596788348755,
            57.461879886128926,
            75.80445728421583,
            56.729792513248384,
            97.79544377605367,
            86.10583783527412,
            51.524099329298195,
            0.0
        ]
    ],
    "scores_ave": [
        0,
        14.51425961300978,
        18.57909265275321,
        11.998540648805545,
        14.444707737348377,
        16.559299808524358,
        11.86953155271656,
        13.829257126715282,
        11.66541098411103,
        17.97582879130376,
        19.467783816055444,
        11.05316038635266,
        18.678949349258232,
        18.482112798849183,
        19.512235192959047,
        10.266597849333133,
        16.67527456979387,
        13.643038041315393,
        19.55829126113334,
        19.100652860664123,
        18.88666824819459,
        19.514495141275052,
        14.030059700659193,
        17.51849982678047,
        0
    ],
    "scores_var": [
        0,
        17.884082904612804,
        19.649125014518347,
        20.930841560707037,
        20.247202185330913,
        357.65453450020567,
        24.73571196171212,
        23.13198315415016,
        18.154782007733942,
        18.2469967275807,
        24.545074836340152,
        368.3317385383684,
        377.16910215838413,
        232.28061676252625,
        326.7053600733799,
        311.05010850004544,
        21.258624710741195,
        24.89103681786179,
        23.700007855735016,
        16.87804473378989,
        23.99484032428412,
        24.787591089633132,
        23.820697623660188,
        369.18934837837037,
        0
    ],
    "vertex_number": 25,
    "minimum_distances": {
        "cost": 438.7707053545311,
        "path": [
            0,
            4,
            2,
            3,
            11,
            5,
            21,
            15,
            16,
            6,
            22,
            19,
            20,
            23,
            9,
            10,
            14,
            8,
            12,
            17,
            7,
            18,
            1,
            13,
            24
        ]
    }
}