{
    "vertices": [
        [
            1.876525601913892,
            12.920767387385556
        ],
        [
            92.54502573705025,
            74.35644035676431
        ],
        [
            16.364924566882245,
            44.45503211627718
        ],
        [
            50.75781961442919,
            5.802561546842366
        ],
        [
            70.62004010257363,
            43.89263560655955
        ],
        [
            85.24522046476967,
            9.571967241918333
        ],
        [
            4.430760241615661,
            5.53346978610273
        ],
        [
            1.876525601913892,
            12.920767387385556
        ]
    ],
    "distances": [
        [
            0.0,
            109.5222298437887,
            34.703365205119724,
            49.39685980633088,
            75.39845758958398,
            83.43592598845078,
            7.8164109695288815,
            0.0
        ],
        [
            109.5222298437887,
            0.0,
            81.83826751014041,
            80.28577019260564,
            37.533297149738985,
            65.19444081960836,
            111.80664140367551,
            109.5222298437887
        ],
        [
            34.703365205119724,
            81.83826751014041,
            0.0,
            51.738619143465776,
            54.258030296218486,
            77.20960677279258,
            40.71010061844751,
            34.703365205119724
        ],
        [
            49.39685980633088,
            80.28577019260564,
            51.738619143465776,
            0.0,
            42.957671545306134,
            34.69278364020588,
            46.32784087897782,
            49.39685980633088
        ],
        [
            75.39845758958398,
            37.533297149738985,
            54.258030296218486,
            42.957671545306134,
            0.0,
            37.3068918247346,
            76.50128345951798,
            75.39845758958398
        ],
        [
            83.43592598845078,
            65.19444081960836,
            77.20960677279258,
            34.69278364020588,
            37.3068918247346,
            0.0,
            80.91530413253336,
            83.43592598845078
        ],
        [
            7.8164109695288815,
            111.80664140367551,
            40.71010061844751,
            46.32784087897782,
            76.50128345951798,
            80.91530413253336,
            0.0,
            7.8164109695288815
        ],
        [
            0.0,
            109.5222298437887,
            34.703365205119724,
            49.39685980633088,
            75.39845758958398,
            83.43592598845078,
            7.8164109695288815,
            0.0
        ]
    ],
    "scores_ave": [
        0,
        11.109474730667996,
        13.448457927736222,
        12.069385500418033,
        11.051738826958394,
        10.883583907599695,
        12.293891433154624,
        0
    ],
    "scores_var": [
        0,
        306.72069285435487,
        24.048057111363676,
        249.27448839893094,
        18.281585413372603,
        387.5963662367104,
        238.90431340770252,
        0
    ],
    "vertex_number": 8,
    "minimum_distances": {
        "cost": 280.2188571784463,
        "path": [
            0,
            2,
            1,
            4,
            5,
            3,
            6,
            7
        ]
    }
}