{
    "vertices": [
        [
            37.13960066558094,
            11.866587810425733
        ],
        [
            65.19439610846996,
            21.544244818720195
        ],
        [
            44.01471596396762,
            1.2202540923519911
        ],
        [
            49.2667561248768,
            83.46774996519069
        ],
        [
            78.22628245121432,
            86.487188549241
        ],
        [
            8.363952902362081,
            97.86104303720097
        ],
        [
            18.372607350626392,
            32.44861364186323
        ],
        [
            6.610902949357634,
            29.699249507920133
        ],
        [
            32.16502117804918,
            80.14937372644981
        ],
        [
            85.33204602812857,
            36.202348774119585
        ],
        [
            95.17243227935776,
            95.26097366233716
        ],
        [
            37.26252984255315,
            53.29974589187297
        ],
        [
            65.09290552177592,
            59.3759700578144
        ],
        [
            55.9903233055315,
            93.29375292743403
        ],
        [
            80.4413118866266,
            50.457774189462015
        ],
        [
            34.89307301046202,
            19.529638691090167
        ],
        [
            86.2322767451448,
            44.809374011131084
        ],
        [
            18.105364649339663,
            34.56730736725848
        ],
        [
            90.68221555717102,
            23.61557680599644
        ],
        [
            21.315805287139234,
            97.62817598442223
        ],
        [
            89.4872023194635,
            30.34666449811866
        ],
        [
            85.13358430209186,
            4.523251045553545
        ],
        [
            38.81599005414495,
            50.12646090851739
        ],
        [
            37.13960066558094,
            11.866587810425733
        ]
    ],
    "distances": [
        [
            0.0,
            29.67707183184583,
            12.673264457222706,
            72.62089452386878,
            85.18420906937844,
            90.68122316082142,
            27.853542421198586,
            35.35541270393859,
            68.46375167584193,
            53.9883418128783,
            101.59937567096789,
            41.43334044202504,
            55.12285056046959,
            83.5806973112864,
            58.00274011469067,
            7.98556418200155,
            59.12121452844456,
            29.624733064112924,
            54.816515320176684,
            87.20918819886451,
            55.5138238035949,
            48.55251857673298,
            38.29658171252582,
            0.0
        ],
        [
            29.67707183184583,
            0.0,
            29.35376381435484,
            63.939113264666986,
            66.2375724346522,
            95.1522620084408,
            48.074787174934634,
            59.14837083305535,
            67.271842122733,
            24.907528096019924,
            79.57913523070233,
            42.291855025572815,
            37.831861372466264,
            72.3374513651413,
            32.687315910287765,
            30.368220549438753,
            31.366521292973303,
            48.856699048360845,
            25.571846950329924,
            87.82992265790205,
            25.83840215294181,
            26.21612966947732,
            38.8942589924363,
            29.67707183184583
        ],
        [
            12.673264457222706,
            29.35376381435484,
            0.0,
            82.41501382153874,
            91.87426948382614,
            103.00688809374634,
            40.407031248186726,
            47.01168373832039,
            79.81366545105637,
            54.13749820554115,
            107.05498062139158,
            52.51538330351017,
            61.85771879475057,
            92.8490407001234,
            61.24728790588191,
            20.455755536174877,
            60.68223639258934,
            42.22937896375301,
            51.76297902680949,
            99.04407074359449,
            54.000877756532,
            41.25131661269559,
            49.181742712423315,
            12.673264457222706
        ],
        [
            72.62089452386878,
            63.939113264666986,
            82.41501382153874,
            0.0,
            29.116510340504192,
            43.36134450079402,
            59.64394939693204,
            68.63361750304988,
            17.420704895422148,
            59.453538881705775,
            47.39632083159008,
            32.46859895968633,
            28.825004142903957,
            11.906161843633395,
            45.40387018368194,
            65.53384499304823,
            53.4875662760316,
            57.98521884899066,
            72.78408419336044,
            31.333262163071243,
            66.62982825500615,
            86.71022588579999,
            34.940808053418046,
            72.62089452386878
        ],
        [
            85.18420906937844,
            66.2375724346522,
            91.87426948382614,
            29.116510340504192,
            0.0,
            70.78212808262916,
            80.63888640765705,
            91.39820896361006,
            46.495243700864435,
            50.78441677543057,
            19.08274873304876,
            52.72035069989278,
            30.12480303106688,
            23.25440168576611,
            36.097438337206015,
            79.75638233673126,
            42.439794642617365,
            79.43675987407185,
            64.09360212012861,
            57.99072350017352,
            57.25877013186518,
            82.25447021267304,
            53.62157831867117,
            85.18420906937844
        ],
        [
            90.68122316082142,
            95.1522620084408,
            103.00688809374634,
            43.36134450079402,
            70.78212808262916,
            0.0,
            66.17370386539358,
            68.1843331071445,
            29.66806499988369,
            98.61988611656783,
            86.84740901431884,
            53.11155196793218,
            68.55125751964299,
            47.84486698410465,
            86.26827676265218,
            82.70189308923888,
            94.22290297234609,
            64.03898873249564,
            110.8543441746648,
            12.953945625226604,
            105.54228017959316,
            120.85329833780465,
            56.620816822910655,
            90.68122316082142
        ],
        [
            27.853542421198586,
            48.074787174934634,
            40.407031248186726,
            59.64394939693204,
            80.63888640765705,
            66.17370386539358,
            0.0,
            12.078770366384054,
            49.65473987278728,
            67.06457302815929,
            99.2149468599637,
            28.13536720674526,
            53.924658411090405,
            71.53477146356472,
            64.62858459231859,
            20.972021824242653,
            68.97625045796416,
            2.1354816232925575,
            72.84711372956218,
            65.24597888959157,
            71.14565206521506,
            72.36611029791138,
            27.02661984684125,
            27.853542421198586
        ],
        [
            35.35541270393859,
            59.14837083305535,
            47.01168373832039,
            68.63361750304988,
            91.39820896361006,
            68.1843331071445,
            12.078770366384054,
            0.0,
            56.55287784110567,
            78.9892946398078,
            110.18840298038783,
            38.68469543331882,
            65.58088416205483,
            80.51452055304237,
            76.69319155439123,
            30.05498506955234,
            81.04245200899958,
            12.482813668969813,
            84.29114234096494,
            69.50232517703074,
            82.8788280772173,
            82.45994412683118,
            38.13710268271082,
            35.35541270393859
        ],
        [
            68.46375167584193,
            67.271842122733,
            79.81366545105637,
            17.420704895422148,
            46.495243700864435,
            29.66806499988369,
            49.65473987278728,
            56.55287784110567,
            0.0,
            68.9787904617767,
            64.79424593520334,
            27.329235434603294,
            38.93301770135369,
            27.21065464197949,
            56.67619718756659,
            60.681088837936485,
            64.59244309078548,
            47.70113955954308,
            81.36542405866875,
            20.572165997309924,
            75.93511899833183,
            92.33081344368014,
            30.750783421954726,
            68.46375167584193
        ],
        [
            53.9883418128783,
            24.907528096019924,
            54.13749820554115,
            59.453538881705775,
            50.78441677543057,
            98.61988611656783,
            67.06457302815929,
            78.9892946398078,
            68.9787904617767,
            0.0,
            59.8728183340368,
            51.01959794547052,
            30.767507728706235,
            64.19007026423058,
            15.07104622165442,
            53.12315183222514,
            8.653975894027692,
            67.24656161921853,
            13.676664160789533,
            88.71984742479137,
            7.180136638367319,
            31.679719379324364,
            48.555374183565526,
            53.9883418128783
        ],
        [
            101.59937567096789,
            79.57913523070233,
            107.05498062139158,
            47.39632083159008,
            19.08274873304876,
            86.84740901431884,
            99.2149468599637,
            110.18840298038783,
            64.79424593520334,
            59.8728183340368,
            0.0,
            71.5143442691395,
            46.82426095152697,
            39.2314621325363,
            47.16283060876839,
            96.79274895567242,
            51.23758667561828,
            98.09716632720924,
            71.78596615575194,
            73.89455323297778,
            65.16279133036447,
            91.29136199220066,
            72.2023048233813,
            101.59937567096789
        ],
        [
            41.43334044202504,
            42.291855025572815,
            52.51538330351017,
            32.46859895968633,
            52.72035069989278,
            53.11155196793218,
            28.13536720674526,
            38.68469543331882,
            27.329235434603294,
            51.01959794547052,
            71.5143442691395,
            0.0,
            28.48596690585462,
            44.1616445204714,
            43.27220842488749,
            33.85313081579761,
            49.70032722605735,
            26.79367894333534,
            61.11311410955472,
            47.10952916890878,
            57.046124853392705,
            68.34313648466207,
            3.5331255588485524,
            41.43334044202504
        ],
        [
            55.12285056046959,
            37.831861372466264,
            61.85771879475057,
            28.825004142903957,
            30.12480303106688,
            68.55125751964299,
            53.924658411090405,
            65.58088416205483,
            38.93301770135369,
            30.767507728706235,
            46.82426095152697,
            28.48596690585462,
            0.0,
            35.117986812944615,
            17.751275883352335,
            49.99760001338267,
            25.672139297429936,
            53.13472256192412,
            43.97292932716946,
            58.134892820104504,
            37.91809986710638,
            58.3990546928103,
            27.857309740819428,
            55.12285056046959
        ],
        [
            83.5806973112864,
            72.3374513651413,
            92.8490407001234,
            11.906161843633395,
            23.25440168576611,
            47.84486698410465,
            71.53477146356472,
            80.51452055304237,
            27.21065464197949,
            64.19007026423058,
            39.2314621325363,
            44.1616445204714,
            35.117986812944615,
            0.0,
            49.32313774520872,
            76.72182557190095,
            57.142897605418824,
            69.88608946359517,
            77.83685255461864,
            34.94437612899622,
            71.30481642499367,
            93.4319627636848,
            46.458291217780555,
            83.5806973112864
        ],
        [
            58.00274011469067,
            32.687315910287765,
            61.24728790588191,
            45.40387018368194,
            36.097438337206015,
            86.26827676265218,
            64.62858459231859,
            76.69319155439123,
            56.67619718756659,
            15.07104622165442,
            47.16283060876839,
            43.27220842488749,
            17.751275883352335,
            49.32313774520872,
            0.0,
            55.05625877342011,
            8.089480735322987,
            64.32944313296495,
            28.729421650327325,
            75.636448463317,
            22.05186764743828,
            46.1735620986642,
            41.626640341826814,
            58.00274011469067
        ],
        [
            7.98556418200155,
            30.368220549438753,
            20.455755536174877,
            65.53384499304823,
            79.75638233673126,
            82.70189308923888,
            20.972021824242653,
            30.05498506955234,
            60.681088837936485,
            53.12315183222514,
            96.79274895567242,
            33.85313081579761,
            49.99760001338267,
            76.72182557190095,
            55.05625877342011,
            0.0,
            57.225683551728686,
            22.53793759935259,
            55.938567342897336,
            79.2699421356466,
            55.65543102265848,
            52.43377389633994,
            30.847282018623066,
            7.98556418200155
        ],
        [
            59.12121452844456,
            31.366521292973303,
            60.68223639258934,
            53.4875662760316,
            42.439794642617365,
            94.22290297234609,
            68.97625045796416,
            81.04245200899958,
            64.59244309078548,
            8.653975894027692,
            51.23758667561828,
            49.70032722605735,
            25.672139297429936,
            57.142897605418824,
            8.089480735322987,
            57.225683551728686,
            0.0,
            68.89249654967577,
            21.655922871195084,
            83.68974912408207,
            14.82445637964961,
            40.301102077760305,
            47.71347458147905,
            59.12121452844456
        ],
        [
            29.624733064112924,
            48.856699048360845,
            42.22937896375301,
            57.98521884899066,
            79.43675987407185,
            64.03898873249564,
            2.1354816232925575,
            12.482813668969813,
            47.70113955954308,
            67.24656161921853,
            98.09716632720924,
            26.79367894333534,
            53.13472256192412,
            69.88608946359517,
            64.32944313296495,
            22.53793759935259,
            68.89249654967577,
            0.0,
            73.39849923523002,
            63.14253780012348,
            71.50650722411726,
            73.4535741137174,
            25.904000918364634,
            29.624733064112924
        ],
        [
            54.816515320176684,
            25.571846950329924,
            51.76297902680949,
            72.78408419336044,
            64.09360212012861,
            110.8543441746648,
            72.84711372956218,
            84.29114234096494,
            81.36542405866875,
            13.676664160789533,
            71.78596615575194,
            61.11311410955472,
            43.97292932716946,
            77.83685255461864,
            28.729421650327325,
            55.938567342897336,
            21.655922871195084,
            73.39849923523002,
            0.0,
            101.4374867142157,
            6.836343917426581,
            19.882258718458342,
            58.248882597248596,
            54.816515320176684
        ],
        [
            87.20918819886451,
            87.82992265790205,
            99.04407074359449,
            31.333262163071243,
            57.99072350017352,
            12.953945625226604,
            65.24597888959157,
            69.50232517703074,
            20.572165997309924,
            88.71984742479137,
            73.89455323297778,
            47.10952916890878,
            58.134892820104504,
            34.94437612899622,
            75.636448463317,
            79.2699421356466,
            83.68974912408207,
            63.14253780012348,
            101.4374867142157,
            0.0,
            95.78173709648614,
            112.87708344156354,
            50.622815034644056,
            87.20918819886451
        ],
        [
            55.5138238035949,
            25.83840215294181,
            54.000877756532,
            66.62982825500615,
            57.25877013186518,
            105.54228017959316,
            71.14565206521506,
            82.8788280772173,
            75.93511899833183,
            7.180136638367319,
            65.16279133036447,
            57.046124853392705,
            37.91809986710638,
            71.30481642499367,
            22.05186764743828,
            55.65543102265848,
            14.82445637964961,
            71.50650722411726,
            6.836343917426581,
            95.78173709648614,
            0.0,
            26.18783443095866,
            54.39496390727539,
            55.5138238035949
        ],
        [
            48.55251857673298,
            26.21612966947732,
            41.25131661269559,
            86.71022588579999,
            82.25447021267304,
            120.85329833780465,
            72.36611029791138,
            82.45994412683118,
            92.33081344368014,
            31.679719379324364,
            91.29136199220066,
            68.34313648466207,
            58.3990546928103,
            93.4319627636848,
            46.1735620986642,
            52.43377389633994,
            40.301102077760305,
            73.4535741137174,
            19.882258718458342,
            112.87708344156354,
            26.18783443095866,
            0.0,
            64.99978682059633,
            48.55251857673298
        ],
        [
            38.29658171252582,
            38.8942589924363,
            49.181742712423315,
            34.940808053418046,
            53.62157831867117,
            56.620816822910655,
            27.02661984684125,
            38.13710268271082,
            30.750783421954726,
            48.555374183565526,
            72.2023048233813,
            3.5331255588485524,
            27.857309740819428,
            46.458291217780555,
            41.626640341826814,
            30.847282018623066,
            47.71347458147905,
            25.904000918364634,
            58.248882597248596,
            50.622815034644056,
            54.39496390727539,
            64.99978682059633,
            0.0,
            38.29658171252582
        ],
        [
            0.0,
            29.67707183184583,
            12.673264457222706,
            72.62089452386878,
            85.18420906937844,
            90.68122316082142,
            27.853542421198586,
            35.35541270393859,
            68.46375167584193,
            53.9883418128783,
            101.59937567096789,
            41.43334044202504,
            55.12285056046959,
            83.5806973112864,
            58.00274011469067,
            7.98556418200155,
            59.12121452844456,
            29.624733064112924,
            54.816515320176684,
            87.20918819886451,
            55.5138238035949,
            48.55251857673298,
            38.29658171252582,
            0.0
        ]
    ],
    "scores_ave": [
        0,
        11.974874822452714,
        14.470191156267056,
        10.585206402134144,
        11.085495490349874,
        14.129280205432835,
        15.473255096774423,
        19.744673493182816,
        16.430001532263493,
        13.714292212274705,
        13.628870624919161,
        18.315997713955255,
        17.375658743031742,
        17.04838392038107,
        13.464860536925602,
        15.99103271881684,
        16.35369594294027,
        14.354149030649555,
        12.958664627319468,
        12.057230205285972,
        15.554087747375927,
        11.11604748036749,
        13.249252401026846,
        0
    ],
    "scores_var": [
        0,
        18.943275254035914,
        279.52263640489537,
        23.332727030099438,
        325.08248845931115,
        17.754359221556864,
        20.18449579100914,
        21.07216836770072,
        20.76907668568572,
        20.892040761263026,
        24.513063570662943,
        24.490976163693723,
        249.4076597655987,
        22.554310236383362,
        345.93837099582476,
        295.32026888876635,
        257.9738832394285,
        372.2061504601978,
        328.9201664401656,
        23.40093567345274,
        16.881137439945174,
        324.0090019093066,
        18.83268964095221,
        0
    ],
    "vertex_number": 24,
    "minimum_distances": {
        "cost": 419.95824140952396,
        "path": [
            0,
            15,
            7,
            6,
            17,
            22,
            11,
            8,
            5,
            19,
            3,
            13,
            10,
            4,
            12,
            14,
            16,
            9,
            20,
            18,
            21,
            1,
            2,
            23
        ]
    }
}