{
    "vertices": [
        [
            20.771290214362846,
            87.84226307526895
        ],
        [
            36.43888437510182,
            35.56811845494233
        ],
        [
            76.92484100602096,
            49.307276726728865
        ],
        [
            53.81290313519149,
            60.84527421697877
        ],
        [
            14.716189675681001,
            13.206199772778726
        ],
        [
            39.81406322492731,
            33.05219234687263
        ],
        [
            54.65992469343679,
            0.007816059867982172
        ],
        [
            88.37285545922924,
            39.7860750128047
        ],
        [
            22.832376358044925,
            73.93207509915565
        ],
        [
            3.265364318867625,
            66.51118344742363
        ],
        [
            17.608002041787163,
            48.900158359613144
        ],
        [
            34.64967913896954,
            73.26677974301754
        ],
        [
            80.5015312558736,
            84.2913538107196
        ],
        [
            57.07796013200479,
            57.35579561998369
        ],
        [
            84.1998304862257,
            9.790621820281476
        ],
        [
            5.922354288611875,
            43.715006786328445
        ],
        [
            12.451332321336405,
            38.46128649815661
        ],
        [
            13.69700447690686,
            85.2472214146469
        ],
        [
            21.948898403943616,
            36.98659934295077
        ],
        [
            53.65534072481564,
            89.75783377644505
        ],
        [
            66.63450278605207,
            63.92892291675392
        ],
        [
            20.771290214362846,
            87.84226307526895
        ]
    ],
    "distances": [
        [
            0.0,
            54.57160161267437,
            68.10408533556189,
            42.66832070546618,
            74.88128062357688,
            58.00499163308752,
            94.14525813527497,
            82.94196063905687,
            14.062055526219668,
            27.594789355022215,
            39.07037127732291,
            20.125963169781077,
            59.8356971337515,
            47.408849157206646,
            100.5745416276733,
            46.55862590022279,
            50.07696623250104,
            7.5352345627417066,
            50.8692961883963,
            32.939796433572795,
            51.72312930336678,
            0.0
        ],
        [
            54.57160161267437,
            0.0,
            42.75368000930289,
            30.672318648811014,
            31.17580587814761,
            4.209716908483996,
            39.95674432072161,
            52.10497586690735,
            40.705407869438105,
            45.36469667098299,
            23.07261184761875,
            37.741095880883265,
            65.6922408939903,
            30.01123663475473,
            54.273265114415494,
            31.585287682776002,
            24.161396376417937,
            54.63704212514484,
            14.559250718151906,
            56.85887455681046,
            41.42596529884162,
            54.57160161267437
        ],
        [
            68.10408533556189,
            42.75368000930289,
            0.0,
            25.831900012002492,
            71.92498910375195,
            40.514659022555776,
            54.09402296418468,
            14.889940127418186,
            59.43379027603077,
            75.64187274439767,
            59.31823606677535,
            48.59266503982822,
            35.16643801356624,
            21.41675364761122,
            40.18073527117619,
            71.22237431553486,
            65.37942203899006,
            72.72852904000591,
            56.33962509798981,
            46.666017710635636,
            17.87969792775109,
            68.10408533556189
        ],
        [
            42.66832070546618,
            30.672318648811014,
            25.831900012002492,
            0.0,
            61.62819498602164,
            31.11949419048497,
            60.84335428408215,
            40.470732335366115,
            33.63119677798042,
            50.864095468172906,
            38.12454138778692,
            22.83687705144441,
            35.524660720126434,
            4.778813458519412,
            59.41332245536029,
            50.862075567875,
            47.030016440417384,
            46.954662731187256,
            39.80642114354871,
            28.912988883767248,
            13.18720239135553,
            42.66832070546618
        ],
        [
            74.88128062357688,
            31.17580587814761,
            71.92498910375195,
            61.62819498602164,
            0.0,
            31.99635413519715,
            42.06779409241609,
            78.30577361934861,
            61.265850360683444,
            54.52102975830886,
            35.810909767268065,
            63.28204538843926,
            96.85458322361622,
            61.18583504101096,
            69.56753921936853,
            31.75088732941002,
            25.356438715677072,
            72.04823063527319,
            24.855974719671025,
            85.88603002269114,
            72.58309637489218,
            74.88128062357688
        ],
        [
            58.00499163308752,
            4.209716908483996,
            40.514659022555776,
            31.11949419048497,
            31.99635413519715,
            0.0,
            36.22610118325362,
            49.02347885465333,
            44.26672003531832,
            49.55109965674384,
            27.281260601562057,
            40.544838172441516,
            65.4287530240907,
            29.81119367745904,
            50.1118448945728,
            35.52947433320947,
            27.89224519539048,
            58.36455959769895,
            18.293268502148596,
            58.37046113204996,
            40.898758770126356,
            58.00499163308752
        ],
        [
            94.14525813527497,
            39.95674432072161,
            54.09402296418468,
            60.84335428408215,
            42.06779409241609,
            36.22610118325362,
            0.0,
            52.142799945399986,
            80.48471225984107,
            84.04819278235217,
            61.3457912797551,
            75.94264735363853,
            88.15613061793836,
            57.39893426719367,
            31.117668980706487,
            65.46502341070732,
            57.09846459216279,
            94.57122743150853,
            49.37045324897389,
            89.75563976194427,
            65.033056381394,
            94.14525813527497
        ],
        [
            82.94196063905687,
            52.10497586690735,
            14.889940127418186,
            40.470732335366115,
            78.30577361934861,
            49.02347885465333,
            52.142799945399986,
            0.0,
            73.90198727172266,
            89.20491280780936,
            71.34935875286222,
            63.301953075473186,
            45.195990813284155,
            35.889630198098516,
            30.284341657862782,
            82.54405883022098,
            75.93308067098384,
            87.42538848700502,
            66.4829236338816,
            60.84802793242926,
            32.48742959756365,
            82.94196063905687
        ],
        [
            14.062055526219668,
            40.705407869438105,
            59.43379027603077,
            33.63119677798042,
            61.265850360683444,
            44.26672003531832,
            80.48471225984107,
            73.90198727172266,
            0.0,
            20.92695852358998,
            25.571291376302494,
            11.83601550045232,
            58.592201546397106,
            38.046459091365136,
            88.76987357713409,
            34.62686910205396,
            36.95866500928903,
            14.542611716870638,
            36.95603756015661,
            34.64837326725481,
            44.929826765740046,
            14.062055526219668
        ],
        [
            27.594789355022215,
            45.36469667098299,
            75.64187274439767,
            50.864095468172906,
            54.52102975830886,
            49.55109965674384,
            84.04819278235217,
            89.20491280780936,
            20.92695852358998,
            0.0,
            22.712539741173927,
            32.103166479902114,
            79.25629275501652,
            54.58586441945298,
            98.83121938483639,
            22.95049598730238,
            29.515736938231438,
            21.44430542349294,
            34.93959805793833,
            55.49375166369443,
            63.4217295532174,
            27.594789355022215
        ],
        [
            39.07037127732291,
            23.07261184761875,
            59.31823606677535,
            38.12454138778692,
            35.810909767268065,
            27.281260601562057,
            61.3457912797551,
            71.34935875286222,
            25.571291376302494,
            22.712539741173927,
            0.0,
            29.734676657512363,
            72.16739383171297,
            40.36552233184284,
            77.22711611794689,
            12.78437171898672,
            11.643078989069974,
            36.5568720581931,
            12.679758265459185,
            54.48633100692458,
            51.27827551060369,
            39.07037127732291
        ],
        [
            20.125963169781077,
            37.741095880883265,
            48.59266503982822,
            22.83687705144441,
            63.28204538843926,
            40.544838172441516,
            75.94264735363853,
            63.301953075473186,
            11.83601550045232,
            32.103166479902114,
            29.734676657512363,
            0.0,
            47.15860023288105,
            27.498858232042682,
            80.52602140406614,
            41.21366858145095,
            41.28182362074116,
            24.135980571370137,
            38.43905983684557,
            25.162870175103873,
            33.320031720314546,
            20.125963169781077
        ],
        [
            59.8356971337515,
            65.6922408939903,
            35.16643801356624,
            35.524660720126434,
            96.85458322361622,
            65.4287530240907,
            88.15613061793836,
            45.195990813284155,
            58.592201546397106,
            79.25629275501652,
            72.16739383171297,
            47.15860023288105,
            0.0,
            35.695769766758936,
            74.59246935387186,
            84.90284786129355,
            82.04404088600306,
            66.8113649092572,
            75.27383748121791,
            27.397086510166442,
            24.635808703884045,
            59.8356971337515
        ],
        [
            47.408849157206646,
            30.01123663475473,
            21.41675364761122,
            4.778813458519412,
            61.18583504101096,
            29.81119367745904,
            57.39893426719367,
            35.889630198098516,
            38.046459091365136,
            54.58586441945298,
            40.36552233184284,
            27.498858232042682,
            35.695769766758936,
            0.0,
            54.75437525994653,
            52.94305553336479,
            48.461720818670145,
            51.57362646167881,
            40.60732858569034,
            32.58230194905274,
            11.598858131651188,
            47.408849157206646
        ],
        [
            100.5745416276733,
            54.273265114415494,
            40.18073527117619,
            59.41332245536029,
            69.56753921936853,
            50.1118448945728,
            31.117668980706487,
            30.284341657862782,
            88.76987357713409,
            98.83121938483639,
            77.22711611794689,
            80.52602140406614,
            74.59246935387186,
            54.75437525994653,
            0.0,
            85.31252648464088,
            77.26483030453298,
            103.26832475471205,
            67.9323173351714,
            85.60210770084389,
            56.91657388517686,
            100.5745416276733
        ],
        [
            46.55862590022279,
            31.585287682776002,
            71.22237431553486,
            50.862075567875,
            31.75088732941002,
            35.52947433320947,
            65.46502341070732,
            82.54405883022098,
            34.62686910205396,
            22.95049598730238,
            12.78437171898672,
            41.21366858145095,
            84.90284786129355,
            52.94305553336479,
            85.31252648464088,
            0.0,
            8.380282275564936,
            42.253639340097855,
            17.381645002840628,
            66.32028280519182,
            63.98880668134939,
            46.55862590022279
        ],
        [
            50.07696623250104,
            24.161396376417937,
            65.37942203899006,
            47.030016440417384,
            25.356438715677072,
            27.89224519539048,
            57.09846459216279,
            75.93308067098384,
            36.95866500928903,
            29.515736938231438,
            11.643078989069974,
            41.28182362074116,
            82.04404088600306,
            48.461720818670145,
            77.26483030453298,
            8.380282275564936,
            0.0,
            46.802514944490206,
            9.611371582621285,
            65.79594266508893,
            59.86999637847241,
            50.07696623250104
        ],
        [
            7.5352345627417066,
            54.63704212514484,
            72.72852904000591,
            46.954662731187256,
            72.04823063527319,
            58.36455959769895,
            94.57122743150853,
            87.42538848700502,
            14.542611716870638,
            21.44430542349294,
            36.5568720581931,
            24.135980571370137,
            66.8113649092572,
            51.57362646167881,
            103.26832475471205,
            42.253639340097855,
            46.802514944490206,
            0.0,
            48.96101914921859,
            40.212115830671564,
            57.06880564788453,
            7.5352345627417066
        ],
        [
            50.8692961883963,
            14.559250718151906,
            56.33962509798981,
            39.80642114354871,
            24.855974719671025,
            18.293268502148596,
            49.37045324897389,
            66.4829236338816,
            36.95603756015661,
            34.93959805793833,
            12.679758265459185,
            38.43905983684557,
            75.27383748121791,
            40.60732858569034,
            67.9323173351714,
            17.381645002840628,
            9.611371582621285,
            48.96101914921859,
            0.0,
            61.563801606801356,
            52.17942160037632,
            50.8692961883963
        ],
        [
            32.939796433572795,
            56.85887455681046,
            46.666017710635636,
            28.912988883767248,
            85.88603002269114,
            58.37046113204996,
            89.75563976194427,
            60.84802793242926,
            34.64837326725481,
            55.49375166369443,
            54.48633100692458,
            25.162870175103873,
            27.397086510166442,
            32.58230194905274,
            85.60210770084389,
            66.32028280519182,
            65.79594266508893,
            40.212115830671564,
            61.563801606801356,
            0.0,
            28.906595856477285,
            32.939796433572795
        ],
        [
            51.72312930336678,
            41.42596529884162,
            17.87969792775109,
            13.18720239135553,
            72.58309637489218,
            40.898758770126356,
            65.033056381394,
            32.48742959756365,
            44.929826765740046,
            63.4217295532174,
            51.27827551060369,
            33.320031720314546,
            24.635808703884045,
            11.598858131651188,
            56.91657388517686,
            63.98880668134939,
            59.86999637847241,
            57.06880564788453,
            52.17942160037632,
            28.906595856477285,
            0.0,
            51.72312930336678
        ],
        [
            0.0,
            54.57160161267437,
            68.10408533556189,
            42.66832070546618,
            74.88128062357688,
            58.00499163308752,
            94.14525813527497,
            82.94196063905687,
            14.062055526219668,
            27.594789355022215,
            39.07037127732291,
            20.125963169781077,
            59.8356971337515,
            47.408849157206646,
            100.5745416276733,
            46.55862590022279,
            50.07696623250104,
            7.5352345627417066,
            50.8692961883963,
            32.939796433572795,
            51.72312930336678,
            0.0
        ]
    ],
    "scores_ave": [
        0,
        12.40121540984713,
        11.16325217707567,
        12.284444262481596,
        13.241861270688428,
        15.083171863751957,
        19.25937200521383,
        15.269627728773083,
        11.398183903737023,
        13.349444773433214,
        12.570911640342267,
        11.141003328151212,
        15.111503886292201,
        19.031051760286953,
        18.097695030334705,
        15.915335696402293,
        14.241270371881278,
        17.67040844471766,
        11.617658021906296,
        14.435893285251115,
        16.05448494830324,
        0
    ],
    "scores_var": [
        0,
        359.58502028768487,
        19.330840781026193,
        357.31303205791414,
        350.2140694887588,
        19.912066110608922,
        313.40112352530315,
        263.62371246934765,
        256.29979495386993,
        18.291323289861165,
        23.91285152346988,
        22.4746437481703,
        17.882146942009786,
        19.391706339981575,
        306.40269619708886,
        316.8204618524063,
        350.21731238426554,
        16.494210649270897,
        264.95251652776255,
        16.165847638637203,
        373.2621933949538,
        0
    ],
    "vertex_number": 22,
    "minimum_distances": {
        "cost": 414.28961588001465,
        "path": [
            0,
            17,
            9,
            10,
            15,
            16,
            18,
            1,
            5,
            4,
            6,
            14,
            7,
            2,
            13,
            20,
            12,
            19,
            3,
            11,
            8,
            21
        ]
    }
}