{
    "vertices": [
        [
            31.97847497330889,
            37.01778278208027
        ],
        [
            11.153687120329325,
            19.485369983040446
        ],
        [
            35.75807059052332,
            39.23332358933034
        ],
        [
            79.09621233580043,
            15.87875069762078
        ],
        [
            49.132993219441744,
            33.953753467502324
        ],
        [
            82.75488869563257,
            83.58056339930093
        ],
        [
            92.84032453911571,
            73.07395621507621
        ],
        [
            30.22603202650693,
            14.401069386712429
        ],
        [
            49.87944964515344,
            63.46140521306878
        ],
        [
            39.62669216984441,
            30.355878214678743
        ],
        [
            43.481953047624074,
            64.37909872629655
        ],
        [
            71.1079658635725,
            41.84310474681353
        ],
        [
            21.841413579601355,
            33.29554093414805
        ],
        [
            36.45608609838723,
            74.4923718760311
        ],
        [
            39.08573320410397,
            64.7534042427402
        ],
        [
            80.91740022910773,
            34.54862610985138
        ],
        [
            38.80022790637402,
            90.31495562526408
        ],
        [
            83.4716612253995,
            31.0664471621247
        ],
        [
            31.97847497330889,
            37.01778278208027
        ]
    ],
    "distances": [
        [
            0.0,
            27.222367415005273,
            4.381091655998171,
            51.64242298371116,
            17.42600849011322,
            68.8936624756443,
            70.74045783850414,
            22.684505308470076,
            31.932899359041905,
            10.142790481447744,
            29.68116604861531,
            39.425889836433115,
            10.798847071530073,
            37.74114239325413,
            28.631762386696078,
            49.00117488249315,
            53.73197322038334,
            51.83595881291138,
            0.0
        ],
        [
            27.222367415005273,
            0.0,
            31.549284581183983,
            68.03818365686203,
            40.641872649073726,
            96.09852176852176,
            97.69566677768572,
            19.738400461385424,
            58.59672650994904,
            30.477532146875472,
            55.322361286725155,
            63.98737253075585,
            17.462769498766217,
            60.547350489516084,
            53.19204944503888,
            71.37140430078315,
            76.03394912592351,
            73.23940692884881,
            27.222367415005273
        ],
        [
            4.381091655998171,
            31.549284581183983,
            0.0,
            49.23038294476193,
            14.379235584719144,
            64.61716947350575,
            66.35941630516567,
            25.440996432081807,
            28.043061273175557,
            9.683763178842813,
            26.305291624499752,
            35.446100681252645,
            15.13045290861536,
            35.26595683847405,
            25.736119657523485,
            45.40166785351134,
            51.17213941774289,
            48.40748497752998,
            4.381091655998171
        ],
        [
            51.64242298371116,
            68.03818365686203,
            49.23038294476193,
            0.0,
            34.992859628017655,
            67.80059996636737,
            58.82339801848652,
            48.892515434567954,
            55.8366208939802,
            42.040816396401794,
            60.171913909631705,
            27.165414830127183,
            59.84527184962942,
            72.48266657062725,
            63.1630445711998,
            18.758490697573237,
            84.64345789939519,
            15.80540024432784,
            51.64242298371116
        ],
        [
            17.42600849011322,
            40.641872649073726,
            14.379235584719144,
            34.992859628017655,
            0.0,
            59.94374128646598,
            58.657659978037316,
            27.198908733887055,
            29.517091806834856,
            10.164372384975657,
            30.945692578133215,
            23.348260884242848,
            27.299515801142245,
            42.47450478378943,
            32.397004825946745,
            31.78997330003156,
            57.300533572411204,
            34.45984123765605,
            17.42600849011322
        ],
        [
            68.8936624756443,
            96.09852176852176,
            64.61716947350575,
            67.80059996636737,
            59.94374128646598,
            0.0,
            14.563818547229191,
            86.86243822736795,
            38.54315787379649,
            68.50480602533771,
            43.7156690444199,
            43.332046642456866,
            78.9875619007973,
            47.182352072595165,
            47.55477960468087,
            49.06635546095843,
            44.46756395117565,
            52.5190076737088,
            68.8936624756443
        ],
        [
            70.74045783850414,
            97.69566677768572,
            66.35941630516567,
            58.82339801848652,
            58.657659978037316,
            14.563818547229191,
            0.0,
            85.80825878450466,
            44.02315195917793,
            68.23873429350812,
            50.11835375431123,
            38.04814709069475,
            81.38284634798065,
            56.40207662425352,
            54.394739402983305,
            40.328119021579994,
            56.72375256220412,
            43.03954773367832,
            70.74045783850414
        ],
        [
            22.684505308470076,
            19.738400461385424,
            25.440996432081807,
            48.892515434567954,
            27.198908733887055,
            86.86243822736795,
            85.80825878450466,
            0.0,
            52.850481317465686,
            18.51832432666319,
            51.706120128921164,
            49.23817440729547,
            20.671305753557117,
            60.41339428141204,
            51.12584405572063,
            54.548499999209405,
            76.3965637893884,
            55.79275799943185,
            22.684505308470076
        ],
        [
            31.932899359041905,
            58.59672650994904,
            28.043061273175557,
            55.8366208939802,
            29.517091806834856,
            38.54315787379649,
            44.02315195917793,
            52.850481317465686,
            0.0,
            34.65681684299118,
            6.462981053633081,
            30.298528279191597,
            41.183866186984744,
            17.374375224106277,
            10.870767042966824,
            42.418193878611014,
            29.049308495682936,
            46.66765460117365,
            31.932899359041905
        ],
        [
            10.142790481447744,
            30.477532146875472,
            9.683763178842813,
            42.040816396401794,
            10.164372384975657,
            68.50480602533771,
            68.23873429350812,
            18.51832432666319,
            34.65681684299118,
            0.0,
            34.240948737117506,
            33.511594512645885,
            18.026584574921444,
            44.25022955396908,
            34.40177950998728,
            41.50303250303268,
            59.964773051412095,
            43.850726558537865,
            10.142790481447744
        ],
        [
            29.68116604861531,
            55.322361286725155,
            26.305291624499752,
            60.171913909631705,
            30.945692578133215,
            43.7156690444199,
            50.11835375431123,
            51.706120128921164,
            6.462981053633081,
            34.240948737117506,
            0.0,
            35.6520351277489,
            37.87480050752591,
            12.314264094517402,
            4.412125738484807,
            47.867210094156704,
            26.35502273537123,
            52.04718546069095,
            29.68116604861531
        ],
        [
            39.425889836433115,
            63.98737253075585,
            35.446100681252645,
            27.165414830127183,
            23.348260884242848,
            43.332046642456866,
            38.04814709069475,
            49.23817440729547,
            30.298528279191597,
            33.511594512645885,
            35.6520351277489,
            0.0,
            50.002540146285085,
            47.61016084131478,
            39.37391531826866,
            12.224337248163629,
            58.25212665211246,
            16.40113751230974,
            39.425889836433115
        ],
        [
            10.798847071530073,
            17.462769498766217,
            15.13045290861536,
            59.84527184962942,
            27.299515801142245,
            78.9875619007973,
            81.38284634798065,
            20.671305753557117,
            41.183866186984744,
            18.026584574921444,
            37.87480050752591,
            50.002540146285085,
            0.0,
            43.712327008355985,
            35.87427662342579,
            59.08927500883915,
            59.48794024915813,
            61.670546324212836,
            10.798847071530073
        ],
        [
            37.74114239325413,
            60.547350489516084,
            35.26595683847405,
            72.48266657062725,
            42.47450478378943,
            47.182352072595165,
            56.40207662425352,
            60.41339428141204,
            17.374375224106277,
            44.25022955396908,
            12.314264094517402,
            47.61016084131478,
            43.712327008355985,
            0.0,
            10.087741792041076,
            59.76881528074491,
            15.995285471583275,
            64.00215029029572,
            37.74114239325413
        ],
        [
            28.631762386696078,
            53.19204944503888,
            25.736119657523485,
            63.1630445711998,
            32.397004825946745,
            47.55477960468087,
            54.394739402983305,
            51.12584405572063,
            10.870767042966824,
            34.40177950998728,
            4.412125738484807,
            39.37391531826866,
            35.87427662342579,
            10.087741792041076,
            0.0,
            51.596676134687456,
            25.563145783655813,
            55.72182412361299,
            28.631762386696078
        ],
        [
            49.00117488249315,
            71.37140430078315,
            45.40166785351134,
            18.758490697573237,
            31.78997330003156,
            49.06635546095843,
            40.328119021579994,
            54.548499999209405,
            42.418193878611014,
            41.50303250303268,
            47.867210094156704,
            12.224337248163629,
            59.08927500883915,
            59.76881528074491,
            51.596676134687456,
            0.0,
            69.88375857153389,
            4.318543673643733,
            49.00117488249315
        ],
        [
            53.73197322038334,
            76.03394912592351,
            51.17213941774289,
            84.64345789939519,
            57.300533572411204,
            44.46756395117565,
            56.72375256220412,
            76.3965637893884,
            29.049308495682936,
            59.964773051412095,
            26.35502273537123,
            58.25212665211246,
            59.48794024915813,
            15.995285471583275,
            25.563145783655813,
            69.88375857153389,
            0.0,
            74.20190502866377,
            53.73197322038334
        ],
        [
            51.83595881291138,
            73.23940692884881,
            48.40748497752998,
            15.80540024432784,
            34.45984123765605,
            52.5190076737088,
            43.03954773367832,
            55.79275799943185,
            46.66765460117365,
            43.850726558537865,
            52.04718546069095,
            16.40113751230974,
            61.670546324212836,
            64.00215029029572,
            55.72182412361299,
            4.318543673643733,
            74.20190502866377,
            0.0,
            51.83595881291138
        ],
        [
            0.0,
            27.222367415005273,
            4.381091655998171,
            51.64242298371116,
            17.42600849011322,
            68.8936624756443,
            70.74045783850414,
            22.684505308470076,
            31.932899359041905,
            10.142790481447744,
            29.68116604861531,
            39.425889836433115,
            10.798847071530073,
            37.74114239325413,
            28.631762386696078,
            49.00117488249315,
            53.73197322038334,
            51.83595881291138,
            0.0
        ]
    ],
    "scores_ave": [
        0,
        18.53418889995261,
        11.90524613531599,
        13.132330480621597,
        16.051220575788115,
        19.44954023355417,
        17.491137571585014,
        14.924977194731525,
        19.6309608801807,
        15.903517644590824,
        15.43619822817671,
        19.31379522921064,
        15.883642738186836,
        18.43209331244995,
        16.375181543367347,
        12.984148067497756,
        14.966708546248,
        17.97580150979281,
        0
    ],
    "scores_var": [
        0,
        352.62996869362973,
        363.89131570828954,
        252.20047359709469,
        21.857762245543775,
        315.3001951893707,
        393.5100360896672,
        390.92990983883,
        380.89701960778666,
        285.39766536149347,
        295.5178885017358,
        16.61994074960375,
        20.686647693495253,
        18.05518282432001,
        21.84109456273827,
        23.694239442367934,
        394.5982574163964,
        390.53730482162047,
        0
    ],
    "vertex_number": 19,
    "minimum_distances": {
        "cost": 310.48567111148895,
        "path": [
            0,
            12,
            1,
            7,
            9,
            4,
            3,
            17,
            15,
            11,
            6,
            5,
            16,
            13,
            14,
            10,
            8,
            2,
            18
        ]
    }
}