{
    "vertices": [
        [
            33.469472705700795,
            76.1038692775182
        ],
        [
            15.676208536599656,
            66.54493261171055
        ],
        [
            47.91185130745361,
            25.634033128641185
        ],
        [
            91.1857552470415,
            43.109105134367184
        ],
        [
            31.516220923782466,
            88.23188639974103
        ],
        [
            44.2767664081699,
            98.07936560510988
        ],
        [
            5.839854751182338,
            91.91457265619982
        ],
        [
            39.16114377652754,
            92.28422713286352
        ],
        [
            37.405367436401946,
            62.18017610020175
        ],
        [
            82.01855731740737,
            54.44128327852541
        ],
        [
            9.598297643733012,
            16.284820293631917
        ],
        [
            45.73896878071959,
            17.01899007039215
        ],
        [
            50.81977961640667,
            34.83902069413215
        ],
        [
            89.6884908404532,
            32.342472774660315
        ],
        [
            44.27285192565746,
            8.932749696699938
        ],
        [
            93.95166919341067,
            50.208338304847
        ],
        [
            8.618408440970782,
            79.04343452437558
        ],
        [
            20.64630541846768,
            10.12766502691138
        ],
        [
            0.5681484925905367,
            33.377524612622764
        ],
        [
            21.83482654532648,
            78.10905527104337
        ],
        [
            33.469472705700795,
            76.1038692775182
        ]
    ],
    "distances": [
        [
            0.0,
            20.198354387730213,
            52.49558705806481,
            66.48175487495824,
            12.284298589683386,
            24.489182020137463,
            31.83353781220842,
            17.1522330880128,
            14.469295042510185,
            53.162780672180816,
            64.40614582612206,
            60.345368379483595,
            44.76405788694168,
            71.24351074951291,
            68.03434653401749,
            65.79266384890126,
            25.02431695232205,
            67.21081123297171,
            53.92622426426343,
            11.806174746535914,
            0.0
        ],
        [
            20.198354387730213,
            0.0,
            52.0849149117469,
            79.06282093350957,
            26.855724846488027,
            42.57243679636193,
            27.209786691167707,
            34.8432700197651,
            22.163200262994863,
            67.43741964914621,
            50.62627668560573,
            57.936072857084554,
            47.33218185090022,
            81.53297609391151,
            64.3189834602008,
            79.96206634763146,
            14.353574197765184,
            56.63576559692634,
            36.44626773307985,
            13.101813182056489,
            20.198354387730213
        ],
        [
            52.49558705806481,
            52.0849149117469,
            0.0,
            46.6691429509691,
            64.70941144708478,
            72.53647385868086,
            78.50581388849595,
            67.22219308451845,
            38.026395693391905,
            44.64442917148141,
            39.43775063282768,
            8.884840199489854,
            9.653385060736671,
            42.31182781627928,
            17.09313267879086,
            52.187750534635875,
            66.30640097119,
            31.366501946036973,
            47.972782456144536,
            58.597262472663274,
            52.49558705806481
        ],
        [
            66.48175487495824,
            79.06282093350957,
            46.6691429509691,
            0.0,
            74.8098838087412,
            72.26467165985518,
            98.31529073075944,
            71.58737893110022,
            57.06168470038968,
            14.575862903170625,
            85.8839652984686,
            52.403287150396565,
            41.204444969707126,
            10.870242548918736,
            58.04174160932193,
            7.619015131075691,
            90.04800268358859,
            77.86905273393005,
            91.1386543314938,
            77.68235205862513,
            66.48175487495824
        ],
        [
            12.284298589683386,
            26.855724846488027,
            64.70941144708478,
            74.8098838087412,
            0.0,
            16.118448056785507,
            25.939120222030557,
            8.652532048004653,
            26.70905569611586,
            60.76422335972342,
            75.21153955469178,
            72.61930294499253,
            56.77521894679731,
            80.66994200204529,
            80.31864488626283,
            73.10249934409998,
            24.672605544690928,
            78.85698738443322,
            62.98241178518303,
            14.007180557532962,
            12.284298589683386
        ],
        [
            24.489182020137463,
            42.57243679636193,
            72.53647385868086,
            72.26467165985518,
            16.118448056785507,
            0.0,
            38.928149838259685,
            7.730021010442432,
            36.55089507711843,
            57.69510386660522,
            88.84224129634195,
            81.07356238384838,
            63.57792263280225,
            79.89720767909006,
            89.1466159943536,
            68.98718157386656,
            40.421345413375086,
            91.07085330215656,
            78.08182572088842,
            30.040871486133756,
            24.489182020137463
        ],
        [
            31.83353781220842,
            27.209786691167707,
            78.50581388849595,
            98.31529073075944,
            25.939120222030557,
            38.928149838259685,
            0.0,
            33.32333936961763,
            43.36491588404283,
            84.89665565531016,
            75.7230832401845,
            84.86040060717103,
            72.66919755065356,
            102.8563505979436,
            91.449867214201,
            97.48385419171545,
            13.167632946567768,
            83.11635964672968,
            58.7739472941279,
            21.12892408447064,
            31.83353781220842
        ],
        [
            17.1522330880128,
            34.8432700197651,
            67.22219308451845,
            71.58737893110022,
            8.652532048004653,
            7.730021010442432,
            33.32333936961763,
            0.0,
            30.155209154201685,
            57.17382526101063,
            81.54674555974829,
            75.55212566073696,
            58.616341854770994,
            78.396598885778,
            83.50807356772857,
            69.08242972077431,
            33.28929663839199,
            84.2169812834339,
            70.4231416992605,
            22.38608420667519,
            17.1522330880128
        ],
        [
            14.469295042510185,
            22.163200262994863,
            38.026395693391905,
            57.06168470038968,
            26.70905569611586,
            36.55089507711843,
            43.36491588404283,
            30.155209154201685,
            0.0,
            45.27943433242114,
            53.66206122640095,
            45.92365006165214,
            30.454642225347317,
            60.198119012360166,
            53.6884602294246,
            57.799733066796875,
            33.36253127214878,
            54.68391051082561,
            46.76081085940698,
            22.274894731062712,
            14.469295042510185
        ],
        [
            53.162780672180816,
            67.43741964914621,
            44.64442917148141,
            14.575862903170625,
            60.76422335972342,
            57.69510386660522,
            84.89665565531016,
            57.17382526101063,
            45.27943433242114,
            0.0,
            81.85725183952839,
            52.121363886096304,
            36.84579254764324,
            23.391992346392396,
            59.12499390519136,
            12.661634262424428,
            77.41348526585496,
            75.69841521258346,
            84.1299650948768,
            64.67027818663017,
            53.162780672180816
        ],
        [
            64.40614582612206,
            50.62627668560573,
            39.43775063282768,
            85.8839652984686,
            75.21153955469178,
            88.84224129634195,
            75.7230832401845,
            81.54674555974829,
            53.66206122640095,
            81.85725183952839,
            0.0,
            36.14812741336573,
            45.20474453556156,
            81.6840697412258,
            35.4454179931962,
            90.91917490857031,
            62.76626357377816,
            12.647886652287097,
            19.331428675303012,
            63.023556469797214,
            64.40614582612206
        ],
        [
            60.345368379483595,
            57.936072857084554,
            8.884840199489854,
            52.403287150396565,
            72.61930294499253,
            81.07356238384838,
            84.86040060717103,
            75.55212566073696,
            45.92365006165214,
            52.121363886096304,
            36.14812741336573,
            0.0,
            18.53019509284958,
            46.54427581848295,
            8.21807653978881,
            58.53201959023636,
            72.2839381174145,
            26.021762343588577,
            48.041697075267884,
            65.60033599174415,
            60.345368379483595
        ],
        [
            44.76405788694168,
            47.33218185090022,
            9.653385060736671,
            41.204444969707126,
            56.77521894679731,
            63.57792263280225,
            72.66919755065356,
            58.616341854770994,
            30.454642225347317,
            36.84579254764324,
            45.20474453556156,
            18.53019509284958,
            0.0,
            38.94880567787079,
            26.720724899977853,
            45.788380865694464,
            61.114531260268436,
            39.00114926621489,
            50.272879382429984,
            52.08093122074349,
            44.76405788694168
        ],
        [
            71.24351074951291,
            81.53297609391151,
            42.31182781627928,
            10.870242548918736,
            80.66994200204529,
            79.89720767909006,
            102.8563505979436,
            78.396598885778,
            60.198119012360166,
            23.391992346392396,
            81.6840697412258,
            46.54427581848295,
            38.94880567787079,
            0.0,
            51.09398587530532,
            18.36746691331817,
            93.55927580206699,
            72.52807078030737,
            89.12635273872432,
            81.845585291291,
            71.24351074951291
        ],
        [
            68.03434653401749,
            64.3189834602008,
            17.09313267879086,
            58.04174160932193,
            80.31864488626283,
            89.1466159943536,
            91.449867214201,
            83.50807356772857,
            53.6884602294246,
            59.12499390519136,
            35.4454179931962,
            8.21807653978881,
            26.720724899977853,
            51.09398587530532,
            0.0,
            64.58838208278493,
            78.65588005488453,
            23.656743700323087,
            50.07642282414412,
            72.72431667525873,
            68.03434653401749
        ],
        [
            65.79266384890126,
            79.96206634763146,
            52.187750534635875,
            7.619015131075691,
            73.10249934409998,
            68.98718157386656,
            97.48385419171545,
            69.08242972077431,
            57.799733066796875,
            12.661634262424428,
            90.91917490857031,
            58.53201959023636,
            45.788380865694464,
            18.36746691331817,
            64.58838208278493,
            0.0,
            90.0734598238203,
            83.54721257222975,
            94.8881353385283,
            77.3258624313776,
            65.79266384890126
        ],
        [
            25.02431695232205,
            14.353574197765184,
            66.30640097119,
            90.04800268358859,
            24.672605544690928,
            40.421345413375086,
            13.167632946567768,
            33.28929663839199,
            33.36253127214878,
            77.41348526585496,
            62.76626357377816,
            72.2839381174145,
            61.114531260268436,
            93.55927580206699,
            78.65588005488453,
            90.0734598238203,
            0.0,
            69.95751275687905,
            46.37005513588289,
            13.249406480978637,
            25.02431695232205
        ],
        [
            67.21081123297171,
            56.63576559692634,
            31.366501946036973,
            77.86905273393005,
            78.85698738443322,
            91.07085330215656,
            83.11635964672968,
            84.2169812834339,
            54.68391051082561,
            75.69841521258346,
            12.647886652287097,
            26.021762343588577,
            39.00114926621489,
            72.52807078030737,
            23.656743700323087,
            83.54721257222975,
            69.95751275687905,
            0.0,
            30.719511003520935,
            67.99177892947026,
            67.21081123297171
        ],
        [
            53.92622426426343,
            36.44626773307985,
            47.972782456144536,
            91.1386543314938,
            62.98241178518303,
            78.08182572088842,
            58.7739472941279,
            70.4231416992605,
            46.76081085940698,
            84.1299650948768,
            19.331428675303012,
            48.041697075267884,
            50.272879382429984,
            89.12635273872432,
            50.07642282414412,
            94.8881353385283,
            46.37005513588289,
            30.719511003520935,
            0.0,
            49.5296015574923,
            53.92622426426343
        ],
        [
            11.806174746535914,
            13.101813182056489,
            58.597262472663274,
            77.68235205862513,
            14.007180557532962,
            30.040871486133756,
            21.12892408447064,
            22.38608420667519,
            22.274894731062712,
            64.67027818663017,
            63.023556469797214,
            65.60033599174415,
            52.08093122074349,
            81.845585291291,
            72.72431667525873,
            77.3258624313776,
            13.249406480978637,
            67.99177892947026,
            49.5296015574923,
            0.0,
            11.806174746535914
        ],
        [
            0.0,
            20.198354387730213,
            52.49558705806481,
            66.48175487495824,
            12.284298589683386,
            24.489182020137463,
            31.83353781220842,
            17.1522330880128,
            14.469295042510185,
            53.162780672180816,
            64.40614582612206,
            60.345368379483595,
            44.76405788694168,
            71.24351074951291,
            68.03434653401749,
            65.79266384890126,
            25.02431695232205,
            67.21081123297171,
            53.92622426426343,
            11.806174746535914,
            0.0
        ]
    ],
    "scores_ave": [
        0,
        17.56627641654222,
        13.294811664538955,
        12.305626276386176,
        12.716338288673121,
        16.452461208487843,
        18.768201281654115,
        17.986456335356976,
        19.774017631354724,
        18.40636501624454,
        16.903125715858465,
        12.234539137469412,
        16.241238566281673,
        12.334948478171173,
        12.704727184837402,
        18.435891618794546,
        14.965419262074313,
        17.03652756943942,
        15.061738004644948,
        19.980032270296732,
        0
    ],
    "scores_var": [
        0,
        374.2154792794571,
        247.7091090793524,
        20.251010782014184,
        17.661313061528674,
        321.7973758587521,
        326.8184118668206,
        23.192192746653426,
        17.00534927450157,
        233.6395488159243,
        229.0653715008,
        16.452792237343253,
        353.5237842167108,
        373.85285431988495,
        374.89950286050794,
        273.683299587505,
        21.00018267925647,
        18.05662442439847,
        16.99735399313635,
        22.84842595942829,
        0
    ],
    "vertex_number": 21,
    "minimum_distances": {
        "cost": 371.1912243552923,
        "path": [
            0,
            19,
            1,
            8,
            9,
            15,
            3,
            13,
            12,
            2,
            11,
            14,
            17,
            10,
            18,
            16,
            6,
            4,
            7,
            5,
            20
        ]
    }
}