{
    "vertices": [
        [
            30.65154722394191,
            54.316332804283476
        ],
        [
            13.563425788830996,
            98.4223591398865
        ],
        [
            78.59139977824678,
            55.91248098892019
        ],
        [
            54.209116633031925,
            47.83965589371616
        ],
        [
            39.67779630473336,
            15.658464620227065
        ],
        [
            33.71860196371051,
            69.34405659185185
        ],
        [
            48.37760777238479,
            5.975348360479726
        ],
        [
            83.09525466039702,
            5.1601984465956985
        ],
        [
            43.66004816736314,
            42.996223819864554
        ],
        [
            77.24848610547667,
            95.20366858566976
        ],
        [
            14.386525446953048,
            11.398746780530445
        ],
        [
            78.72266266760616,
            56.76764544607927
        ],
        [
            99.19486831585958,
            58.14836062660383
        ],
        [
            35.10989434287972,
            75.74159446386925
        ],
        [
            14.99420492547683,
            31.468910959478226
        ],
        [
            92.27378537403871,
            14.544268759102808
        ],
        [
            30.65154722394191,
            54.316332804283476
        ]
    ],
    "distances": [
        [
            0.0,
            47.30058618345024,
            47.96641691804601,
            24.431668388957178,
            39.6976566689316,
            15.337513064776358,
            51.4884841451284,
            71.87953808053825,
            17.24430236959771,
            61.992329690287626,
            45.89629749241395,
            48.13357532602293,
            68.6503554509426,
            21.88421111702812,
            27.697600127191308,
            73.34246595964167,
            0.0
        ],
        [
            47.30058618345024,
            0.0,
            77.68994234505608,
            64.88976846847652,
            86.7860736725838,
            35.38048622779892,
            98.78500427307655,
            116.32929916150073,
            63.070303274277556,
            63.76634595473228,
            87.0275048540326,
            77.33589931938067,
            94.62948222149211,
            31.283660166922317,
            66.96873413903295,
            115.02545262662355,
            47.30058618345024
        ],
        [
            47.96641691804601,
            77.68994234505608,
            0.0,
            25.683968470452232,
            55.98798414932305,
            46.83988905710089,
            58.36600416787107,
            50.95173100156072,
            37.24283856824509,
            39.314130282831904,
            78.12642588185119,
            0.8651798627517652,
            20.724431802455015,
            47.789486878687676,
            68.13289447047896,
            43.57220052605958,
            47.96641691804601
        ],
        [
            24.431668388957178,
            64.88976846847652,
            25.683968470452232,
            0.0,
            35.30989014800972,
            29.703542563129652,
            42.26850767213343,
            51.53586186449736,
            11.607828382061047,
            52.670316535705005,
            53.97942780142292,
            26.088751151335224,
            46.15178488139859,
            33.81269684691304,
            42.49483015536383,
            50.571749137303485,
            24.431668388957178
        ],
        [
            39.6976566689316,
            86.7860736725838,
            55.98798414932305,
            35.30989014800972,
            0.0,
            54.01531988739735,
            13.017275447360811,
            44.66866108042864,
            27.626281109747335,
            87.97156475820785,
            25.647486771132908,
            56.69626387573709,
            73.12778626083451,
            60.2565201462968,
            29.312964654303528,
            52.60778933385658,
            39.6976566689316
        ],
        [
            15.337513064776358,
            35.38048622779892,
            46.83988905710089,
            29.703542563129652,
            54.01531988739735,
            0.0,
            65.04213737425543,
            80.97914224008281,
            28.160977333905286,
            50.63171284744765,
            61.08508911002575,
            46.72827406557444,
            66.42653884979887,
            6.547074561071622,
            42.25079527202921,
            80.19804393332474,
            15.337513064776358
        ],
        [
            51.4884841451284,
            98.78500427307655,
            58.36600416787107,
            42.26850767213343,
            13.017275447360811,
            65.04213737425543,
            0.0,
            34.72721518957157,
            37.32024368095971,
            93.78283822711515,
            34.42102450649729,
            59.16654290919659,
            72.83142987793481,
            71.01662703202808,
            42.00444404617204,
            44.7247225238333,
            51.4884841451284
        ],
        [
            71.87953808053825,
            116.32929916150073,
            50.95173100156072,
            51.53586186449736,
            44.66866108042864,
            80.97914224008281,
            34.72721518957157,
            0.0,
            54.65071204654945,
            90.23309380277908,
            68.99136870247763,
            51.79235606283928,
            55.37998637657832,
            85.34827630684268,
            73.00617322585519,
            13.126545687702501,
            71.87953808053825
        ],
        [
            17.24430236959771,
            63.070303274277556,
            37.24283856824509,
            11.607828382061047,
            27.626281109747335,
            28.160977333905286,
            37.32024368095971,
            54.65071204654945,
            0.0,
            62.078985591721015,
            43.07365421825286,
            37.6701339153397,
            57.564776545522946,
            33.8432331350829,
            30.896755663817316,
            56.3276947156487,
            17.24430236959771
        ],
        [
            61.992329690287626,
            63.76634595473228,
            39.314130282831904,
            52.670316535705005,
            87.97156475820785,
            50.63171284744765,
            93.78283822711515,
            90.23309380277908,
            62.078985591721015,
            0.0,
            104.7611140481013,
            38.464283060047634,
            43.066687126657726,
            46.415872768453475,
            89.09385419268752,
            82.04692802592818,
            61.992329690287626
        ],
        [
            45.89629749241395,
            87.0275048540326,
            78.12642588185119,
            53.97942780142292,
            25.647486771132908,
            61.08508911002575,
            34.42102450649729,
            68.99136870247763,
            43.07365421825286,
            104.7611140481013,
            0.0,
            78.72404663506282,
            96.83997839181393,
            67.59778151979545,
            20.07936165615176,
            77.9507509102195,
            45.89629749241395
        ],
        [
            48.13357532602293,
            77.33589931938067,
            0.8651798627517652,
            26.088751151335224,
            56.69626387573709,
            46.72827406557444,
            59.16654290919659,
            51.79235606283928,
            37.6701339153397,
            38.464283060047634,
            78.72404663506282,
            0.0,
            20.518712886390077,
            47.56137405790496,
            68.56633498163585,
            44.34463288217752,
            48.13357532602293
        ],
        [
            68.6503554509426,
            94.62948222149211,
            20.724431802455015,
            46.15178488139859,
            73.12778626083451,
            66.42653884979887,
            72.83142987793481,
            55.37998637657832,
            57.564776545522946,
            43.066687126657726,
            96.83997839181393,
            20.518712886390077,
            0.0,
            66.45604386337038,
            88.32635365462127,
            44.149951491219475,
            68.6503554509426
        ],
        [
            21.88421111702812,
            31.283660166922317,
            47.789486878687676,
            33.81269684691304,
            60.2565201462968,
            6.547074561071622,
            71.01662703202808,
            85.34827630684268,
            33.8432331350829,
            46.415872768453475,
            67.59778151979545,
            47.56137405790496,
            66.45604386337038,
            0.0,
            48.628299018343135,
            83.74260033720883,
            21.88421111702812
        ],
        [
            27.697600127191308,
            66.96873413903295,
            68.13289447047896,
            42.49483015536383,
            29.312964654303528,
            42.25079527202921,
            42.00444404617204,
            73.00617322585519,
            30.896755663817316,
            89.09385419268752,
            20.07936165615176,
            68.56633498163585,
            88.32635365462127,
            48.628299018343135,
            0.0,
            79.11116904657949,
            27.697600127191308
        ],
        [
            73.34246595964167,
            115.02545262662355,
            43.57220052605958,
            50.571749137303485,
            52.60778933385658,
            80.19804393332474,
            44.7247225238333,
            13.126545687702501,
            56.3276947156487,
            82.04692802592818,
            77.9507509102195,
            44.34463288217752,
            44.149951491219475,
            83.74260033720883,
            79.11116904657949,
            0.0,
            73.34246595964167
        ],
        [
            0.0,
            47.30058618345024,
            47.96641691804601,
            24.431668388957178,
            39.6976566689316,
            15.337513064776358,
            51.4884841451284,
            71.87953808053825,
            17.24430236959771,
            61.992329690287626,
            45.89629749241395,
            48.13357532602293,
            68.6503554509426,
            21.88421111702812,
            27.697600127191308,
            73.34246595964167,
            0.0
        ]
    ],
    "scores_ave": [
        0,
        12.14408765048257,
        14.292144529105954,
        15.481598465092219,
        10.71557787043652,
        18.187215966363347,
        10.693714772976593,
        14.310092636697789,
        13.145201883574574,
        17.594003834129563,
        12.002731406145871,
        11.069733063713093,
        17.5518712876952,
        12.121258783260789,
        10.863016546609215,
        15.653402655384177,
        0
    ],
    "scores_var": [
        0,
        243.75674213157546,
        20.06883075757649,
        328.38474362745166,
        356.7804320214076,
        17.907372675631393,
        20.528704122878995,
        22.08451508500518,
        286.50297439909207,
        18.56092274214958,
        238.17439630528588,
        24.163467861974446,
        242.71163096704396,
        307.4869787588221,
        248.06851621494414,
        19.102387377372782,
        0
    ],
    "vertex_number": 17,
    "minimum_distances": {
        "cost": 427.9364248224046,
        "path": [
            0,
            5,
            13,
            1,
            9,
            12,
            15,
            7,
            6,
            4,
            10,
            14,
            8,
            3,
            2,
            11,
            16
        ]
    }
}