{
    "vertices": [
        [
            68.77202504426862,
            39.29962579741462
        ],
        [
            81.09511210511539,
            45.09102563375041
        ],
        [
            24.3858145096834,
            30.528701601001373
        ],
        [
            8.087435471486959,
            4.789435770286133
        ],
        [
            66.34109940443051,
            6.894237213772847
        ],
        [
            71.41768223057144,
            26.42267919732205
        ],
        [
            4.260120289756964,
            41.0917863441226
        ],
        [
            50.62183825968539,
            16.253072455683427
        ],
        [
            30.9850760913822,
            82.14295223640164
        ],
        [
            33.908317186429485,
            66.78544390512448
        ],
        [
            42.40702023586991,
            51.50348795088924
        ],
        [
            38.77876598640731,
            90.5968047412367
        ],
        [
            92.13122651029694,
            9.932684877171805
        ],
        [
            18.364098970324815,
            82.93919994750935
        ],
        [
            9.075078641021882,
            87.24521318627393
        ],
        [
            90.8687229018604,
            15.308218775984061
        ],
        [
            3.236120113832741,
            31.1401316958587
        ],
        [
            8.406080659011428,
            37.353317836707454
        ],
        [
            23.36062458271688,
            10.920758358754634
        ],
        [
            52.81306749688623,
            77.3413331693946
        ],
        [
            50.99324397505451,
            93.58837798753615
        ],
        [
            29.473644398075326,
            31.1739308273302
        ],
        [
            68.77202504426862,
            39.29962579741462
        ]
    ],
    "distances": [
        [
            0.0,
            13.616122310464144,
            45.24450018377649,
            69.81097784249609,
            32.49643993921862,
            13.145921637111313,
            64.53679333899663,
            29.33552285623218,
            57.12621229808299,
            44.395363751712466,
            29.052499548367557,
            59.42218572643119,
            37.524252319580356,
            66.67361879392628,
            76.56699523903794,
            32.61673906259865,
            66.04189714904058,
            60.39731249154946,
            53.54956030613564,
            41.253603791359964,
            57.125770635217435,
            40.12966035440563,
            0.0
        ],
        [
            13.616122310464144,
            0.0,
            58.549173478385235,
            83.39267949264696,
            40.947228677561355,
            21.0275963354641,
            76.93900104733554,
            41.955309108132575,
            62.32063040651861,
            51.9349727912844,
            39.21591673608949,
            62.14055906586,
            36.84975910260408,
            73.26434540622027,
            83.44974984014318,
            31.345478977569716,
            79.09898909319207,
            73.09970871710168,
            67.08858483466943,
            42.89471276702401,
            57.07990583600171,
            53.464581323338436,
            13.616122310464144
        ],
        [
            45.24450018377649,
            58.549173478385235,
            0.0,
            30.46550450553784,
            48.1542712276966,
            47.210761498779355,
            22.7293274674888,
            29.86842027468677,
            52.03442247279778,
            37.48638979331334,
            27.6533093543789,
            61.768390517134875,
            70.80703885929097,
            52.75529731663227,
            58.74675581887288,
            68.20293399634099,
            21.158530662566672,
            17.376054808355512,
            19.63472568123943,
            54.76797592349528,
            68.44324721058454,
            5.128580088847507,
            45.24450018377649
        ],
        [
            69.81097784249609,
            83.39267949264696,
            30.46550450553784,
            0.0,
            58.2916765132796,
            66.92322000427,
            36.50354775478715,
            44.052132599949,
            80.67136081430311,
            67.158193522399,
            57.965822426079455,
            91.1310174336539,
            84.20102032369107,
            78.82255675645105,
            82.46169212613364,
            83.44690733964359,
            26.793552143405666,
            32.56544103787524,
            16.457928858494203,
            85.23004151285028,
            98.62129862381309,
            33.96338486763165,
            69.81097784249609
        ],
        [
            32.49643993921862,
            40.947228677561355,
            48.1542712276966,
            58.2916765132796,
            0.0,
            20.177505779840985,
            70.87679686864537,
            18.294342514064862,
            83.14094958003317,
            68.10904493051189,
            50.62435576848209,
            88.12378812860875,
            25.96849669002734,
            89.91456460345871,
            98.66953163874142,
            25.930665247172215,
            67.60252813692114,
            65.45396847729319,
            43.16867021846914,
            71.73423851880018,
            88.04220982450472,
            44.14422680955961,
            32.49643993921862
        ],
        [
            13.145921637111313,
            21.0275963354641,
            47.210761498779355,
            66.92322000427,
            20.177505779840985,
            0.0,
            68.7409690818994,
            23.149255446796115,
            68.84434956302793,
            55.10086424796003,
            38.34925653912775,
            71.99734191565463,
            26.475853703077004,
            77.51644867031946,
            87.09753649306577,
            22.402549266849647,
            68.34456650498741,
            63.952644931056994,
            50.49544870039702,
            54.21107831169305,
            70.2024840873255,
            42.21228140891607,
            13.145921637111313
        ],
        [
            64.53679333899663,
            76.93900104733554,
            22.7293274674888,
            36.50354775478715,
            70.87679686864537,
            68.7409690818994,
            0.0,
            52.596298356014806,
            48.9838900426889,
            39.23237971479542,
            39.54224963057993,
            60.35133591917815,
            93.23208091986982,
            44.160256338871385,
            46.403907520792146,
            90.36505078271142,
            10.004199448162028,
            5.582574152159868,
            35.708825154844256,
            60.59222992707785,
            70.28425843359689,
            27.094015132732185,
            64.53679333899663
        ],
        [
            29.33552285623218,
            41.955309108132575,
            29.86842027468677,
            44.052132599949,
            18.294342514064862,
            23.149255446796115,
            52.596298356014806,
            0.0,
            68.7537539773066,
            53.224640449423944,
            36.194958595763715,
            75.28113237070829,
            41.98781504296946,
            74.07834598529058,
            82.2558039309262,
            40.25797401604536,
            49.6692139762517,
            47.19523858333896,
            27.777821094708642,
            61.12754765730679,
            77.33619737167338,
            25.882003750772142,
            29.33552285623218
        ],
        [
            57.12621229808299,
            62.32063040651861,
            52.03442247279778,
            80.67136081430311,
            83.14094958003317,
            68.84434956302793,
            48.9838900426889,
            68.7537539773066,
            0.0,
            15.63324664441205,
            32.69919845719444,
            11.498227009122857,
            94.62121550235973,
            12.646069504304421,
            22.496245355067305,
            89.7381343245287,
            58.06283028698142,
            50.158971125744685,
            71.62913626139245,
            22.349871464136054,
            23.0504783613258,
            50.99142642799783,
            57.12621229808299
        ],
        [
            44.395363751712466,
            51.9349727912844,
            37.48638979331334,
            67.158193522399,
            68.10904493051189,
            55.10086424796003,
            39.23237971479542,
            53.224640449423944,
            15.63324664441205,
            0.0,
            17.486169715227916,
            24.304365377041716,
            81.37655300653712,
            22.41799621346132,
            32.17595213340212,
            76.77494725665854,
            47.02522680175232,
            38.9437300833853,
            56.851709828792295,
            21.652168077590925,
            31.785090825712327,
            35.88657390208325,
            44.395363751712466
        ],
        [
            29.052499548367557,
            39.21591673608949,
            27.6533093543789,
            57.965822426079455,
            50.62435576848209,
            38.34925653912775,
            39.54224963057993,
            36.194958595763715,
            32.69919845719444,
            17.486169715227916,
            0.0,
            39.261325074036996,
            64.81225468856614,
            39.57607928680715,
            48.87217258608517,
            60.486644277317204,
            44.14777111406535,
            36.82785910651696,
            44.82993562927304,
            27.854623765794177,
            42.95184754461675,
            24.0948771194563,
            29.052499548367557
        ],
        [
            59.42218572643119,
            62.14055906586,
            61.768390517134875,
            91.1310174336539,
            88.12378812860875,
            71.99734191565463,
            60.35133591917815,
            75.28113237070829,
            11.498227009122857,
            24.304365377041716,
            39.261325074036996,
            0.0,
            96.71186730384969,
            21.80361301606783,
            29.89217636545904,
            91.55181477229709,
            69.27030854015463,
            61.29738095342888,
            81.15412159273012,
            19.304640516698175,
            12.575491363088826,
            60.1470134916246,
            59.42218572643119
        ],
        [
            37.524252319580356,
            36.84975910260408,
            70.80703885929097,
            84.20102032369107,
            25.96849669002734,
            26.475853703077004,
            93.23208091986982,
            41.98781504296946,
            94.62121550235973,
            81.37655300653712,
            64.81225468856614,
            96.71186730384969,
            0.0,
            103.78603156597681,
            113.4704839701876,
            5.52180043632464,
            91.38980108199232,
            88.10102814224477,
            68.77769971936169,
            78.03744929704226,
            93.22343373232596,
            66.16013244896745,
            37.524252319580356
        ],
        [
            66.67361879392628,
            73.26434540622027,
            52.75529731663227,
            78.82255675645105,
            89.91456460345871,
            77.51644867031946,
            44.160256338871385,
            74.07834598529058,
            12.646069504304421,
            22.41799621346132,
            39.57607928680715,
            21.80361301606783,
            103.78603156597681,
            0.0,
            10.238537429272746,
            99.15074435260993,
            53.962942988884826,
            46.66084843322484,
            72.19155904306378,
            34.90082441733347,
            34.3229674805059,
            52.94398064648923,
            66.67361879392628
        ],
        [
            76.56699523903794,
            83.44974984014318,
            58.74675581887288,
            82.46169212613364,
            98.66953163874142,
            87.09753649306577,
            46.403907520792146,
            82.2558039309262,
            22.496245355067305,
            32.17595213340212,
            48.87217258608517,
            29.89217636545904,
            113.4704839701876,
            10.238537429272746,
            0.0,
            108.92718396366756,
            56.40809876009267,
            49.89638042856442,
            77.64985014518902,
            44.84527297881523,
            42.39538093551309,
            59.66649135252741,
            76.56699523903794
        ],
        [
            32.61673906259865,
            31.345478977569716,
            68.20293399634099,
            83.44690733964359,
            25.930665247172215,
            22.402549266849647,
            90.36505078271142,
            40.25797401604536,
            89.7381343245287,
            76.77494725665854,
            60.486644277317204,
            91.55181477229709,
            5.52180043632464,
            99.15074435260993,
            108.92718396366756,
            0.0,
            89.05123546648146,
            85.3585013825173,
            67.65052215304699,
            72.77595887137522,
            87.85122165245104,
            63.41195852031509,
            32.61673906259865
        ],
        [
            66.04189714904058,
            79.09898909319207,
            21.158530662566672,
            26.793552143405666,
            67.60252813692114,
            68.34456650498741,
            10.004199448162028,
            49.6692139762517,
            58.06283028698142,
            47.02522680175232,
            44.14777111406535,
            69.27030854015463,
            91.38980108199232,
            53.962942988884826,
            56.40809876009267,
            89.05123546648146,
            0.0,
            8.082832056868392,
            28.52750844822121,
            67.7674311850487,
            78.616323651021,
            26.23754605422366,
            66.04189714904058
        ],
        [
            60.39731249154946,
            73.09970871710168,
            17.376054808355512,
            32.56544103787524,
            65.45396847729319,
            63.952644931056994,
            5.582574152159868,
            47.19523858333896,
            50.158971125744685,
            38.9437300833853,
            36.82785910651696,
            61.29738095342888,
            88.10102814224477,
            46.66084843322484,
            49.89638042856442,
            85.3585013825173,
            8.082832056868392,
            0.0,
            30.369698459509756,
            59.758027496449444,
            70.54111190982636,
            21.9551147961285,
            60.39731249154946
        ],
        [
            53.54956030613564,
            67.08858483466943,
            19.63472568123943,
            16.457928858494203,
            43.16867021846914,
            50.49544870039702,
            35.708825154844256,
            27.777821094708642,
            71.62913626139245,
            56.851709828792295,
            44.82993562927304,
            81.15412159273012,
            68.77769971936169,
            72.19155904306378,
            77.64985014518902,
            67.65052215304699,
            28.52750844822121,
            30.369698459509756,
            0.0,
            72.65768474007567,
            87.16362193926257,
            21.155614061161923,
            53.54956030613564
        ],
        [
            41.253603791359964,
            42.89471276702401,
            54.76797592349528,
            85.23004151285028,
            71.73423851880018,
            54.21107831169305,
            60.59222992707785,
            61.12754765730679,
            22.349871464136054,
            21.652168077590925,
            27.854623765794177,
            19.304640516698175,
            78.03744929704226,
            34.90082441733347,
            44.84527297881523,
            72.77595887137522,
            67.7674311850487,
            59.758027496449444,
            72.65768474007567,
            0.0,
            16.34864590641415,
            51.73159295439646,
            41.253603791359964
        ],
        [
            57.125770635217435,
            57.07990583600171,
            68.44324721058454,
            98.62129862381309,
            88.04220982450472,
            70.2024840873255,
            70.28425843359689,
            77.33619737167338,
            23.0504783613258,
            31.785090825712327,
            42.95184754461675,
            12.575491363088826,
            93.22343373232596,
            34.3229674805059,
            42.39538093551309,
            87.85122165245104,
            78.616323651021,
            70.54111190982636,
            87.16362193926257,
            16.34864590641415,
            0.0,
            66.02012102584835,
            57.125770635217435
        ],
        [
            40.12966035440563,
            53.464581323338436,
            5.128580088847507,
            33.96338486763165,
            44.14422680955961,
            42.21228140891607,
            27.094015132732185,
            25.882003750772142,
            50.99142642799783,
            35.88657390208325,
            24.0948771194563,
            60.1470134916246,
            66.16013244896745,
            52.94398064648923,
            59.66649135252741,
            63.41195852031509,
            26.23754605422366,
            21.9551147961285,
            21.155614061161923,
            51.73159295439646,
            66.02012102584835,
            0.0,
            40.12966035440563
        ],
        [
            0.0,
            13.616122310464144,
            45.24450018377649,
            69.81097784249609,
            32.49643993921862,
            13.145921637111313,
            64.53679333899663,
            29.33552285623218,
            57.12621229808299,
            44.395363751712466,
            29.052499548367557,
            59.42218572643119,
            37.524252319580356,
            66.67361879392628,
            76.56699523903794,
            32.61673906259865,
            66.04189714904058,
            60.39731249154946,
            53.54956030613564,
            41.253603791359964,
            57.125770635217435,
            40.12966035440563,
            0.0
        ]
    ],
    "scores_ave": [
        0,
        15.377128792619704,
        13.727965502584116,
        16.641801243951296,
        10.057699505844715,
        19.105488410670826,
        17.70937443247107,
        13.087027666786266,
        14.672159404972621,
        17.24005646539175,
        11.426658442939962,
        16.95577908280564,
        12.674570269976506,
        17.449587660161527,
        13.220364318681257,
        17.745207770595766,
        15.680000270283347,
        13.782439901823263,
        19.344788345217886,
        19.432739284215664,
        19.903455635142066,
        14.035210291035629,
        0
    ],
    "scores_var": [
        0,
        274.56353178152943,
        24.158750985806662,
        23.682634799526006,
        230.91282740688933,
        357.85864695516864,
        20.08134328468354,
        18.632211199114117,
        18.527042612755235,
        275.4828957978518,
        392.9279631183525,
        20.499142516630215,
        385.47596599385986,
        347.04876106212436,
        309.87886171591526,
        232.96170329915995,
        369.95576846946454,
        274.5362050439885,
        270.61246797112705,
        16.761269966014204,
        22.00524864618011,
        275.0821944214486,
        0
    ],
    "vertex_number": 23,
    "minimum_distances": {
        "cost": 388.0286263962888,
        "path": [
            0,
            1,
            19,
            20,
            11,
            8,
            13,
            14,
            9,
            10,
            21,
            2,
            17,
            6,
            16,
            3,
            18,
            7,
            4,
            12,
            15,
            5,
            22
        ]
    }
}