{
    "vertices": [
        [
            87.57236682020216,
            57.093965782428725
        ],
        [
            74.98809590739398,
            47.347032723711244
        ],
        [
            31.12233537372191,
            29.98540937265526
        ],
        [
            74.78923646433945,
            26.82946832198877
        ],
        [
            71.20251584574173,
            63.93912703192682
        ],
        [
            10.19888866433265,
            71.15479867175073
        ],
        [
            40.47958087674931,
            86.59786373781084
        ],
        [
            30.145617600361575,
            23.42862852873563
        ],
        [
            97.49009774251897,
            4.86133280560368
        ],
        [
            97.69999791839355,
            92.91958158229055
        ],
        [
            74.19052961113769,
            89.82158537733244
        ],
        [
            76.45014090942583,
            80.53900731065134
        ],
        [
            85.64847380959434,
            71.90533363576544
        ],
        [
            85.49780390448734,
            98.04449946341698
        ],
        [
            12.840959733110047,
            2.1969106696806517
        ],
        [
            47.925897672671894,
            72.90648719500977
        ],
        [
            29.790552358435363,
            97.29253434050655
        ],
        [
            14.12249236224563,
            48.60729032469412
        ],
        [
            89.03222335325684,
            84.25437731757107
        ],
        [
            2.48604745994796,
            28.580070067517948
        ],
        [
            87.57236682020216,
            57.093965782428725
        ]
    ],
    "distances": [
        [
            0.0,
            15.917492844605576,
            62.62172052036322,
            32.853435562022355,
            17.743400278911412,
            78.64071555802539,
            55.57166978306007,
            66.56715750550985,
            53.165866252128254,
            37.22960729178274,
            35.357752352753245,
            25.949448577386526,
            14.935795325429511,
            41.00304891162379,
            92.72793465438978,
            42.68346693146427,
            70.38936707069134,
            73.93854014121789,
            27.199616465226043,
            89.73697114966595,
            0.0
        ],
        [
            15.917492844605576,
            0.0,
            47.176592846255815,
            20.518528067503315,
            17.018466732814062,
            69.02500340181794,
            52.263422629192895,
            50.82261228971706,
            48.07675929302487,
            50.91844167317814,
            42.48204014783381,
            33.22415917021895,
            26.772258042696432,
            51.77535220554021,
            76.81666522414814,
            37.224296986857624,
            67.36001094576301,
            60.878649329103965,
            39.48910736754571,
            74.89156104939171,
            15.917492844605576
        ],
        [
            62.62172052036322,
            47.176592846255815,
            0.0,
            43.78079732911517,
            52.52880932931193,
            46.18126500499016,
            57.38055448190398,
            6.629129101472484,
            70.96406911380002,
            91.61492881416328,
            73.72406197256414,
            67.89901486147758,
            68.77775674557013,
            87.11332459459163,
            33.262732231107805,
            46.09315163196487,
            67.32029944554434,
            25.21446236997225,
            79.36419852558573,
            28.67075101986552,
            62.62172052036322
        ],
        [
            32.853435562022355,
            20.518528067503315,
            43.78079732911517,
            0.0,
            37.28258754920258,
            78.33675982284035,
            68.91598912531921,
            44.77296524211341,
            31.58999969669848,
            69.9485958484092,
            62.99496218754473,
            53.73521361221497,
            46.365468503039125,
            72.01565161195715,
            66.66597247819357,
            53.33601634224893,
            83.6057727910755,
            64.45717470639288,
            59.164878506329934,
            72.32437864701092,
            32.853435562022355
        ],
        [
            17.743400278911412,
            17.018466732814062,
            52.52880932931193,
            37.28258754920258,
            0.0,
            61.428889347782544,
            38.174822621926,
            57.67815342491952,
            64.66237493803912,
            39.2680952190987,
            26.054363862198834,
            17.40958339757137,
            16.496852704332383,
            36.98015264129076,
            84.95982882050949,
            24.944227826680304,
            53.17330626325596,
            59.10325116009875,
            27.029758858930084,
            77.28011346283148,
            17.743400278911412
        ],
        [
            78.64071555802539,
            69.02500340181794,
            46.18126500499016,
            78.33675982284035,
            61.428889347782544,
            0.0,
            33.99130152697418,
            51.72677557868303,
            109.61103411097643,
            90.1673438437333,
            66.65867563173228,
            66.91256829491289,
            75.4533180272697,
            79.95612950242987,
            69.00848395116726,
            37.76765310947753,
            32.66518807832848,
            22.886345244246925,
            79.91428920333317,
            43.267718164563874,
            78.64071555802539
        ],
        [
            55.57166978306007,
            52.263422629192895,
            57.38055448190398,
            68.91598912531921,
            38.174822621926,
            33.99130152697418,
            0.0,
            64.0089296418648,
            99.65470145524426,
            57.5685699225272,
            33.864737497604814,
            36.47726593742076,
            47.498413969082456,
            46.45068216947826,
            88.81111561921931,
            15.58529516762522,
            15.120559181640495,
            46.23829347217296,
            48.60916600861828,
            69.35108480667249,
            55.57166978306007
        ],
        [
            66.56715750550985,
            50.82261228971706,
            6.629129101472484,
            44.77296524211341,
            57.67815342491952,
            51.72677557868303,
            64.0089296418648,
            0.0,
            69.85716481569851,
            96.9153592391045,
            79.67420531851353,
            73.52349450001383,
            73.69231971797807,
            92.90528899899981,
            27.39045503727794,
            52.57562988352679,
            73.8647592096271,
            29.84469051995024,
            84.66052239869202,
            28.13519451292193,
            66.56715750550985
        ],
        [
            53.165866252128254,
            48.07675929302487,
            70.96406911380002,
            31.58999969669848,
            64.66237493803912,
            109.61103411097643,
            99.65470145524426,
            69.85716481569851,
            0.0,
            88.05849894076498,
            88.09718719778073,
            78.54801208197675,
            68.08173106409343,
            93.95167725951198,
            84.69106039632727,
            84.18285433769718,
            114.57205358374888,
            94.14810898846055,
            79.84228927118617,
            97.9201106381779,
            53.165866252128254
        ],
        [
            37.22960729178274,
            50.91844167317814,
            91.61492881416328,
            69.9485958484092,
            39.2680952190987,
            90.1673438437333,
            57.5685699225272,
            96.9153592391045,
            88.05849894076498,
            0.0,
            23.712711371241426,
            24.593394279707493,
            24.224736326800404,
            13.234739213195626,
            124.22423024212756,
            53.64685454176561,
            68.05009560674043,
            94.59798407728356,
            12.256267003510633,
            114.91418147410218,
            37.22960729178274
        ],
        [
            35.357752352753245,
            42.48204014783381,
            73.72406197256414,
            62.99496218754473,
            26.054363862198834,
            66.65867563173228,
            33.864737497604814,
            79.67420531851353,
            88.09718719778073,
            23.712711371241426,
            0.0,
            9.553643220435875,
            21.266794815442893,
            13.981086081280433,
            106.96659918797451,
            31.240221468176134,
            45.02413861975414,
            72.8476987668122,
            15.85148821768892,
            94.29769858279963,
            35.357752352753245
        ],
        [
            25.949448577386526,
            33.22415917021895,
            67.89901486147758,
            53.73521361221497,
            17.40958339757137,
            66.91256829491289,
            36.47726593742076,
            73.52349450001383,
            78.54801208197675,
            24.593394279707493,
            9.553643220435875,
            0.0,
            12.615452796738618,
            19.70539167798359,
            100.91388425793825,
            29.527746536862164,
            49.576182504180466,
            70.03120963607643,
            13.119175771049006,
            90.39036607536762,
            25.949448577386526
        ],
        [
            14.935795325429511,
            26.772258042696432,
            68.77775674557013,
            46.365468503039125,
            16.496852704332383,
            75.4533180272697,
            47.498413969082456,
            73.69231971797807,
            68.08173106409343,
            24.224736326800404,
            21.266794815442893,
            12.615452796738618,
            0.0,
            26.139600065528374,
            100.79780919452584,
            37.73585905813061,
            61.35647764064242,
            75.2247621739745,
            12.80424307912731,
            93.77135820504293,
            14.935795325429511
        ],
        [
            41.00304891162379,
            51.77535220554021,
            87.11332459459163,
            72.01565161195715,
            36.98015264129076,
            79.95612950242987,
            46.45068216947826,
            92.90528899899981,
            93.95167725951198,
            13.234739213195626,
            13.981086081280433,
            19.70539167798359,
            26.139600065528374,
            0.0,
            120.27375974216892,
            45.20583810415336,
            55.71232652080852,
            86.82437874916172,
            14.235855774669465,
            108.24166785164282,
            41.00304891162379
        ],
        [
            92.72793465438978,
            76.81666522414814,
            33.262732231107805,
            66.66597247819357,
            84.95982882050949,
            69.00848395116726,
            88.81111561921931,
            27.39045503727794,
            84.69106039632727,
            124.22423024212756,
            106.96659918797451,
            100.91388425793825,
            100.79780919452584,
            120.27375974216892,
            0.0,
            78.9353981595981,
            96.59433902412617,
            46.42806980267462,
            111.97560665030734,
            28.342464748087338,
            92.72793465438978
        ],
        [
            42.68346693146427,
            37.224296986857624,
            46.09315163196487,
            53.33601634224893,
            24.944227826680304,
            37.76765310947753,
            15.58529516762522,
            52.57562988352679,
            84.18285433769718,
            53.64685454176561,
            31.240221468176134,
            29.527746536862164,
            37.73585905813061,
            45.20583810415336,
            78.9353981595981,
            0.0,
            30.390295244518313,
            41.63077202170664,
            42.643928303945465,
            63.479218983185255,
            42.68346693146427
        ],
        [
            70.38936707069134,
            67.36001094576301,
            67.32029944554434,
            83.6057727910755,
            53.17330626325596,
            32.66518807832848,
            15.120559181640495,
            73.8647592096271,
            114.57205358374888,
            68.05009560674043,
            45.02413861975414,
            49.576182504180466,
            61.35647764064242,
            55.71232652080852,
            96.59433902412617,
            30.390295244518313,
            0.0,
            51.144316291484444,
            60.659452031924864,
            73.93874988271209,
            70.38936707069134
        ],
        [
            73.93854014121789,
            60.878649329103965,
            25.21446236997225,
            64.45717470639288,
            59.10325116009875,
            22.886345244246925,
            46.23829347217296,
            29.84469051995024,
            94.14810898846055,
            94.59798407728356,
            72.8476987668122,
            70.03120963607643,
            75.2247621739745,
            86.82437874916172,
            46.42806980267462,
            41.63077202170664,
            51.144316291484444,
            0.0,
            82.95892120937567,
            23.16239195751719,
            73.93854014121789
        ],
        [
            27.199616465226043,
            39.48910736754571,
            79.36419852558573,
            59.164878506329934,
            27.029758858930084,
            79.91428920333317,
            48.60916600861828,
            84.66052239869202,
            79.84228927118617,
            12.256267003510633,
            15.85148821768892,
            13.119175771049006,
            12.80424307912731,
            14.235855774669465,
            111.97560665030734,
            42.643928303945465,
            60.659452031924864,
            82.95892120937567,
            0.0,
            102.90708940364058,
            27.199616465226043
        ],
        [
            89.73697114966595,
            74.89156104939171,
            28.67075101986552,
            72.32437864701092,
            77.28011346283148,
            43.267718164563874,
            69.35108480667249,
            28.13519451292193,
            97.9201106381779,
            114.91418147410218,
            94.29769858279963,
            90.39036607536762,
            93.77135820504293,
            108.24166785164282,
            28.342464748087338,
            63.479218983185255,
            73.93874988271209,
            23.16239195751719,
            102.90708940364058,
            0.0,
            89.73697114966595
        ],
        [
            0.0,
            15.917492844605576,
            62.62172052036322,
            32.853435562022355,
            17.743400278911412,
            78.64071555802539,
            55.57166978306007,
            66.56715750550985,
            53.165866252128254,
            37.22960729178274,
            35.357752352753245,
            25.949448577386526,
            14.935795325429511,
            41.00304891162379,
            92.72793465438978,
            42.68346693146427,
            70.38936707069134,
            73.93854014121789,
            27.199616465226043,
            89.73697114966595,
            0.0
        ]
    ],
    "scores_ave": [
        0,
        18.174716062569097,
        19.331161367569763,
        18.160215570164077,
        12.390997167136401,
        14.777431944589305,
        16.415510007969566,
        14.70995527514857,
        15.458651106364647,
        13.910191793047694,
        18.173961407580645,
        13.060882686903142,
        14.320460180970112,
        17.436709937794625,
        10.810852499449249,
        13.166899007953676,
        11.815077827906626,
        16.54722236069837,
        12.550386282183254,
        11.996169071460855,
        0
    ],
    "scores_var": [
        0,
        358.2610911053627,
        276.48769492704474,
        280.97334420819635,
        233.64569871326498,
        20.633923529393225,
        16.039856350632814,
        383.7788103768037,
        23.625421593395643,
        23.69091832580033,
        349.4894186101225,
        287.70203170518727,
        313.84944567115843,
        19.687182586855293,
        17.035333456239215,
        20.569869992904643,
        248.57920016661132,
        243.7371786401436,
        24.50068859432256,
        265.2098414989242,
        0
    ],
    "vertex_number": 21,
    "minimum_distances": {
        "cost": 429.89150338603457,
        "path": [
            0,
            12,
            18,
            9,
            13,
            10,
            11,
            4,
            15,
            6,
            16,
            5,
            17,
            19,
            14,
            7,
            2,
            8,
            3,
            1,
            20
        ]
    }
}