{
    "vertices": [
        [
            40.25421482017827,
            28.98807969300522
        ],
        [
            64.73926109272703,
            32.6144510986713
        ],
        [
            0.8434159209995018,
            84.67924636618143
        ],
        [
            47.88892759206503,
            94.32146429162648
        ],
        [
            19.26934430260315,
            10.993234696353504
        ],
        [
            29.07012559804739,
            76.1157617748522
        ],
        [
            7.188739021155688,
            75.88432265022827
        ],
        [
            91.22907563357398,
            66.70343241733244
        ],
        [
            9.361869383235499,
            23.805130716313293
        ],
        [
            75.67882603006561,
            97.79966859391948
        ],
        [
            93.06589814899378,
            78.1959092574406
        ],
        [
            79.3879161202441,
            20.707226990740814
        ],
        [
            77.28123102769288,
            21.988844602950774
        ],
        [
            49.87326699352994,
            39.630064398198996
        ],
        [
            99.50466482051766,
            57.90887840351287
        ],
        [
            84.83462777094445,
            87.66317603827673
        ],
        [
            67.57498875380247,
            32.20435389053738
        ],
        [
            40.25421482017827,
            28.98807969300522
        ]
    ],
    "distances": [
        [
            0.0,
            24.752132444310465,
            68.22548728511218,
            65.7779596994356,
            27.643792017248913,
            48.436579876537785,
            57.38103600771461,
            63.4104428786417,
            31.324111586609934,
            77.39468874826038,
            72.18368504354437,
            40.00023873577974,
            37.68274434110923,
            14.344964384035247,
            65.93199847795015,
            73.6897560722502,
            27.509436708989714,
            0.0
        ],
        [
            24.752132444310465,
            0.0,
            82.42221749296195,
            63.96631313651801,
            50.348687486533805,
            56.255233156422214,
            72.00239145194179,
            43.171390083624765,
            56.07369827419527,
            66.09679766010646,
            53.66626216532227,
            18.87763438759428,
            16.4378989914005,
            16.43826665211003,
            42.99350356782049,
            58.60192726701356,
            2.865227929486172,
            24.752132444310465
        ],
        [
            68.22548728511218,
            82.42221749296195,
            0.0,
            48.0234581732109,
            75.95487576535167,
            29.49712541144106,
            10.844990014509515,
            92.15583198474714,
            61.467243354015814,
            75.97686546328583,
            92.45009404191158,
            101.29984094025461,
            98.8576049250654,
            66.5834445803077,
            102.2286390170061,
            84.04419970652552,
            84.89238571903897,
            68.22548728511218
        ],
        [
            65.7779596994356,
            63.96631313651801,
            48.0234581732109,
            0.0,
            88.1060406280124,
            26.183867411429574,
            44.68146754094542,
            51.39186819789133,
            80.35476037629246,
            28.0067199143862,
            47.968658453850516,
            80.07023299385023,
            78.07634323070347,
            54.72738642729987,
            63.16692758632417,
            37.54087857485951,
            65.16192453146822,
            65.7779596994356
        ],
        [
            27.643792017248913,
            50.348687486533805,
            75.95487576535167,
            88.1060406280124,
            0.0,
            65.85589455083672,
            66.0060172999678,
            91.00455517904624,
            16.195762992343415,
            103.52481149354202,
            99.81047453933186,
            60.898311336918596,
            59.04474945854798,
            41.91262458311009,
            92.94506056305303,
            100.88154589248668,
            52.757434199509355,
            27.643792017248913
        ],
        [
            48.436579876537785,
            56.255233156422214,
            29.49712541144106,
            26.183867411429574,
            65.85589455083672,
            0.0,
            21.88261050687927,
            62.86753544917695,
            55.90006694782438,
            51.40586319574458,
            64.02957065248667,
            74.8464145431012,
            72.48471459061055,
            41.999723867915584,
            72.74967297231828,
            56.94754146372063,
            58.40236492665422,
            48.436579876537785
        ],
        [
            57.38103600771461,
            72.00239145194179,
            10.844990014509515,
            44.68146754094542,
            66.0060172999678,
            21.88261050687927,
            0.0,
            84.5403272018571,
            52.124511777667024,
            71.91087821963875,
            85.90826440168996,
            90.86931858004527,
            88.41764523912097,
            56.00303714647298,
            94.04970362558343,
            78.53423092436644,
            74.52810763477868,
            57.38103600771461
        ],
        [
            63.4104428786417,
            43.171390083624765,
            92.15583198474714,
            51.39186819789133,
            91.00455517904624,
            62.86753544917695,
            84.5403272018571,
            0.0,
            92.42566606774939,
            34.76760226247265,
            11.63833926613139,
            47.49593637634002,
            46.83947835490758,
            49.42944632677347,
            12.075990919715405,
            21.913461983986064,
            41.82944232611464,
            63.4104428786417
        ],
        [
            31.324111586609934,
            56.07369827419527,
            61.467243354015814,
            80.35476037629246,
            16.195762992343415,
            55.90006694782438,
            52.124511777667024,
            92.42566606774939,
            0.0,
            99.36362702024337,
            99.8234502605918,
            70.0945377979385,
            67.94364268595099,
            43.49254950420187,
            96.37836466531203,
            98.86347763957845,
            58.81593505830118,
            31.324111586609934
        ],
        [
            77.39468874826038,
            66.09679766010646,
            75.97686546328583,
            28.0067199143862,
            103.52481149354202,
            51.40586319574458,
            71.91087821963875,
            34.76760226247265,
            99.36362702024337,
            0.0,
            26.203390181260747,
            77.18161634506349,
            75.8277570284527,
            63.63670112030407,
            46.464456696314116,
            13.659326002730912,
            66.09400494474433,
            77.39468874826038
        ],
        [
            72.18368504354437,
            53.66626216532227,
            92.45009404191158,
            47.968658453850516,
            99.81047453933186,
            64.02957065248667,
            85.90826440168996,
            11.63833926613139,
            99.8234502605918,
            26.203390181260747,
            0.0,
            59.09344956203151,
            58.381416848208445,
            57.90447112131358,
            21.284297900530863,
            12.545236240743959,
            52.58335883966312,
            72.18368504354437
        ],
        [
            40.00023873577974,
            18.87763438759428,
            101.29984094025461,
            80.07023299385023,
            60.898311336918596,
            74.8464145431012,
            90.86931858004527,
            47.49593637634002,
            70.0945377979385,
            77.18161634506349,
            59.09344956203151,
            0.0,
            2.4659006028435715,
            35.059781639681496,
            42.29239229586526,
            67.17712244999855,
            16.4842100179187,
            40.00023873577974
        ],
        [
            37.68274434110923,
            16.4378989914005,
            98.8576049250654,
            78.07634323070347,
            59.04474945854798,
            72.48471459061055,
            88.41764523912097,
            46.83947835490758,
            67.94364268595099,
            75.8277570284527,
            58.381416848208445,
            2.4659006028435715,
            0.0,
            32.594618088915034,
            42.23896113516039,
            66.10727351689832,
            14.09140763317226,
            37.68274434110923
        ],
        [
            14.344964384035247,
            16.43826665211003,
            66.5834445803077,
            54.72738642729987,
            41.91262458311009,
            41.999723867915584,
            56.00303714647298,
            49.42944632677347,
            43.49254950420187,
            63.63670112030407,
            57.90447112131358,
            35.059781639681496,
            32.594618088915034,
            0.0,
            52.890364828592176,
            59.40939792016671,
            19.196148827869155,
            14.344964384035247
        ],
        [
            65.93199847795015,
            42.99350356782049,
            102.2286390170061,
            63.16692758632417,
            92.94506056305303,
            72.74967297231828,
            94.04970362558343,
            12.075990919715405,
            96.37836466531203,
            46.464456696314116,
            21.284297900530863,
            42.29239229586526,
            42.23896113516039,
            52.890364828592176,
            0.0,
            33.17421008515448,
            40.99056957598324,
            65.93199847795015
        ],
        [
            73.6897560722502,
            58.60192726701356,
            84.04419970652552,
            37.54087857485951,
            100.88154589248668,
            56.94754146372063,
            78.53423092436644,
            21.913461983986064,
            98.86347763957845,
            13.659326002730912,
            12.545236240743959,
            67.17712244999855,
            66.10727351689832,
            59.40939792016671,
            33.17421008515448,
            0.0,
            58.08249386016956,
            73.6897560722502
        ],
        [
            27.509436708989714,
            2.865227929486172,
            84.89238571903897,
            65.16192453146822,
            52.757434199509355,
            58.40236492665422,
            74.52810763477868,
            41.82944232611464,
            58.81593505830118,
            66.09400494474433,
            52.58335883966312,
            16.4842100179187,
            14.09140763317226,
            19.196148827869155,
            40.99056957598324,
            58.08249386016956,
            0.0,
            27.509436708989714
        ],
        [
            0.0,
            24.752132444310465,
            68.22548728511218,
            65.7779596994356,
            27.643792017248913,
            48.436579876537785,
            57.38103600771461,
            63.4104428786417,
            31.324111586609934,
            77.39468874826038,
            72.18368504354437,
            40.00023873577974,
            37.68274434110923,
            14.344964384035247,
            65.93199847795015,
            73.6897560722502,
            27.509436708989714,
            0.0
        ]
    ],
    "scores_ave": [
        0,
        19.232602729919336,
        10.546715172996969,
        17.563220434775193,
        10.688059184962382,
        17.257668551696256,
        11.508042929673039,
        12.491972445905052,
        12.491947509743303,
        14.743714706552963,
        12.387109083797556,
        15.05426055331834,
        11.46642215726896,
        14.35391582209052,
        16.793463259446582,
        18.28843206905246,
        18.438673188552922,
        0
    ],
    "scores_var": [
        0,
        16.885232784712308,
        381.4792047205102,
        357.04954834375644,
        20.30836498233208,
        246.92171833034894,
        391.33145933927517,
        317.54633880552177,
        21.32634859431866,
        22.100761673547055,
        391.2255288609807,
        17.97672987679536,
        265.78179628914233,
        20.063479709805954,
        396.41398648019475,
        19.531405261303313,
        16.216570064688113,
        0
    ],
    "vertex_number": 18,
    "minimum_distances": {
        "cost": 332.9138214658599,
        "path": [
            0,
            13,
            1,
            16,
            12,
            11,
            14,
            7,
            10,
            15,
            9,
            3,
            5,
            2,
            6,
            8,
            4,
            17
        ]
    }
}