{
    "vertices": [
        [
            83.49586531802716,
            67.15405766142646
        ],
        [
            31.377644903263423,
            23.275260741038185
        ],
        [
            7.076669683267611,
            79.23752874758672
        ],
        [
            47.553085259579284,
            57.613240205794
        ],
        [
            64.87926306376382,
            71.11768965369609
        ],
        [
            61.39460016829844,
            34.68956545932059
        ],
        [
            38.994659726471134,
            84.0024193501637
        ],
        [
            60.452871063112944,
            88.13223014505135
        ],
        [
            1.203451858778759,
            66.50766611854108
        ],
        [
            86.85131130415348,
            89.20105195434165
        ],
        [
            12.49908429669977,
            8.127110697248286
        ],
        [
            63.08345526254138,
            64.67815818524198
        ],
        [
            18.120853532246084,
            26.483226809275507
        ],
        [
            40.52551424373706,
            65.48872169648364
        ],
        [
            68.47167682531192,
            16.13625647714828
        ],
        [
            59.113001746310076,
            58.18858525191205
        ],
        [
            98.87480297479993,
            94.56247743955475
        ],
        [
            83.74065788397775,
            20.01980388092064
        ],
        [
            53.33755588580075,
            7.903043698762369
        ],
        [
            53.95722159268514,
            36.04637916506166
        ],
        [
            44.713643824047736,
            35.55705187143891
        ],
        [
            30.6192023089797,
            69.42832516142391
        ],
        [
            4.925161379293175,
            91.9740553908017
        ],
        [
            83.49586531802716,
            67.15405766142646
        ]
    ],
    "distances": [
        [
            0.0,
            68.12971244899373,
            77.36862241861182,
            37.18750645111419,
            19.033871336740358,
            39.27351747882033,
            47.58386901772959,
            31.16188866202955,
            82.29495206253297,
            22.30087386443962,
            92.32942858754308,
            20.562017471285923,
            76.99356238150881,
            43.00260940133606,
            53.18404156834241,
            25.97890935899219,
            31.428222956206064,
            47.13488944344171,
            66.4846319341074,
            42.89777540346218,
            50.0243088797895,
            52.92554944102057,
            82.39774150250952,
            0.0
        ],
        [
            68.12971244899373,
            0.0,
            61.01076001067039,
            37.957103478041155,
            58.40596222676838,
            32.11392152299244,
            61.20299590342661,
            71.07598227614936,
            52.721179810495215,
            86.15995363889955,
            24.204679306383483,
            52.14842593323172,
            13.639412148243114,
            43.193284192190056,
            37.77476123172443,
            44.58912701110799,
            98.17195939959254,
            52.46411276088201,
            26.80564767275356,
            25.94106299429359,
            18.12984447219419,
            46.15929581959737,
            73.61561159778742,
            68.12971244899373
        ],
        [
            77.36862241861182,
            61.01076001067039,
            0.0,
            45.89063164574001,
            58.370125821533556,
            70.24926053211769,
            32.27169457671174,
            54.11224063640187,
            14.019418324890172,
            80.39443538225963,
            71.31685730270131,
            57.868258156734065,
            53.89796257641418,
            36.164276541345444,
            88.04043084923923,
            56.13232470563932,
            93.06853027861452,
            96.87159555423244,
            85.0216345962877,
            63.74371772646812,
            57.65870170756047,
            25.504339188214765,
            12.916969416832874,
            77.36862241861182
        ],
        [
            37.18750645111419,
            37.957103478041155,
            45.89063164574001,
            0.0,
            21.967398393828063,
            26.778394254517902,
            27.74230386106018,
            33.133264564324776,
            47.19533164102092,
            50.419643208893646,
            60.64371358386718,
            17.06181287217839,
            42.840798294603005,
            10.555091808833348,
            46.453499893121965,
            11.574225291667817,
            63.23895035021949,
            52.180521913434525,
            50.04561656322478,
            22.49761003580747,
            22.238207470620356,
            20.648308024953515,
            54.75221926572221,
            37.18750645111419
        ],
        [
            19.033871336740358,
            58.40596222676838,
            58.370125821533556,
            21.967398393828063,
            0.0,
            36.59441361486584,
            28.914165201160795,
            17.58088548041292,
            63.84247214517608,
            28.456614274618474,
            81.92372162529038,
            6.685244288142511,
            64.64196883857336,
            24.995806885401386,
            55.098669954739854,
            14.156677230670859,
            41.29594178810791,
            54.46784505569869,
            64.25964883026877,
            36.73265317515415,
            40.880449591486936,
            34.30168677061303,
            63.47820335006149,
            19.033871336740358
        ],
        [
            39.27351747882033,
            32.11392152299244,
            70.24926053211769,
            26.778394254517902,
            36.59441361486584,
            0.0,
            54.16193211709726,
            53.45096128620146,
            68.0835212395693,
            60.16266534779879,
            55.64472549430804,
            30.03611035421424,
            44.044989975710926,
            37.203585475702546,
            19.85724774980664,
            23.609523980203942,
            70.63661367456223,
            26.731034401974984,
            27.97201656296857,
            7.560128537867498,
            16.703497754482672,
            46.41019865331152,
            80.43823906485753,
            39.27351747882033
        ],
        [
            47.58386901772959,
            61.20299590342661,
            32.27169457671174,
            27.74230386106018,
            28.914165201160795,
            54.16193211709726,
            0.0,
            21.85200610858311,
            41.644228684590914,
            48.138185270956235,
            80.36838918710444,
            30.8819873056884,
            61.18965023261562,
            18.576881233536277,
            73.99128732595487,
            32.72769036273836,
            60.80416418545436,
            78.07675347628516,
            77.43922549180361,
            50.2360433138937,
            48.78176308065362,
            16.809298271328025,
            34.98967988982981,
            47.58386901772959
        ],
        [
            31.16188866202955,
            71.07598227614936,
            54.11224063640187,
            33.133264564324776,
            17.58088548041292,
            53.45096128620146,
            21.85200610858311,
            0.0,
            63.07230331443087,
            26.420068645251533,
            93.27585326919213,
            23.601132700067566,
            74.78368351805173,
            30.16335565992425,
            72.44115867544684,
            29.97360704474083,
            38.956295153604884,
            71.98349551529633,
            80.54408772781456,
            52.48932590872512,
            54.88053065145291,
            35.211984507663146,
            55.66045421975513,
            31.16188866202955
        ],
        [
            82.29495206253297,
            52.721179810495215,
            14.019418324890172,
            47.19533164102092,
            63.84247214517608,
            68.0835212395693,
            41.644228684590914,
            63.07230331443087,
            0.0,
            88.6033046125661,
            59.463270709499774,
            61.90704257616962,
            43.45289658242035,
            39.335262016946,
            84.03744998159519,
            58.50404323328424,
            101.62069310473515,
            94.72862140805239,
            78.43766041682515,
            60.91674830455277,
            53.39548039981924,
            29.560389439134084,
            25.736901606863988,
            82.29495206253297
        ],
        [
            22.30087386443962,
            86.15995363889955,
            80.39443538225963,
            50.419643208893646,
            28.456614274618474,
            60.16266534779879,
            48.138185270956235,
            26.420068645251533,
            88.6033046125661,
            0.0,
            110.00562536491738,
            34.15089017324943,
            93.04515794206078,
            52.04184930938385,
            75.3410598657858,
            41.607534270803065,
            13.164696547493875,
            69.25114619771048,
            87.93485059159083,
            62.50952229285991,
            68.2148207177768,
            59.607137214200044,
            81.97306624476913,
            22.30087386443962
        ],
        [
            92.32942858754308,
            24.204679306383483,
            71.31685730270131,
            60.64371358386718,
            81.92372162529038,
            55.64472549430804,
            80.36838918710444,
            93.27585326919213,
            59.463270709499774,
            110.00562536491738,
            0.0,
            75.8735761513796,
            19.197689654121415,
            63.84226806750984,
            56.54270536946157,
            68.40327868301586,
            122.19589764405072,
            72.22740448301121,
            40.83908627471504,
            49.982623979045066,
            42.31051309498153,
            63.9232162172853,
            84.1883272360404,
            92.32942858754308
        ],
        [
            20.562017471285923,
            52.14842593323172,
            57.868258156734065,
            17.06181287217839,
            6.685244288142511,
            30.03611035421424,
            30.8819873056884,
            23.601132700067566,
            61.90704257616962,
            34.15089017324943,
            75.8735761513796,
            0.0,
            58.99566371498791,
            22.572499113160042,
            48.840036374349026,
            7.607828729773165,
            46.62717135269397,
            49.20455902976242,
            57.60552212778234,
            30.051071708963324,
            34.430928033174375,
            32.80993456461698,
            64.2452578146181,
            20.562017471285923
        ],
        [
            76.99356238150881,
            13.639412148243114,
            53.89796257641418,
            42.840798294603005,
            64.64196883857336,
            44.044989975710926,
            61.18965023261562,
            74.78368351805173,
            43.45289658242035,
            93.04515794206078,
            19.197689654121415,
            58.99566371498791,
            0.0,
            44.98219039790133,
            51.402968798926985,
            51.822639542769856,
            105.62189506419074,
            65.93735329166864,
            39.81757563035526,
            37.09041869193761,
            28.098234762391833,
            44.72683975668948,
            66.80699753536564,
            76.99356238150881
        ],
        [
            43.00260940133606,
            43.193284192190056,
            36.164276541345444,
            10.555091808833348,
            24.995806885401386,
            37.203585475702546,
            18.576881233536277,
            30.16335565992425,
            39.335262016946,
            52.04184930938385,
            63.84226806750984,
            22.572499113160042,
            44.98219039790133,
            0.0,
            56.71555189065448,
            19.96964405711004,
            65.19143171022326,
            62.72934821249984,
            58.99371764429848,
            32.36143223105809,
            30.223257400501463,
            10.660932961504145,
            44.37181566008199,
            43.00260940133606
        ],
        [
            53.18404156834241,
            37.77476123172443,
            88.04043084923923,
            46.453499893121965,
            55.098669954739854,
            19.85724774980664,
            73.99128732595487,
            72.44115867544684,
            84.03744998159519,
            75.3410598657858,
            56.54270536946157,
            48.840036374349026,
            51.402968798926985,
            56.71555189065448,
            0.0,
            43.0811229497927,
            84.11315125535297,
            15.755117359361146,
            17.228679846869507,
            24.63904211100119,
            30.685687638312068,
            65.3670743697401,
            98.9420606688522,
            53.18404156834241
        ],
        [
            25.97890935899219,
            44.58912701110799,
            56.13232470563932,
            11.574225291667817,
            14.156677230670859,
            23.609523980203942,
            32.72769036273836,
            29.97360704474083,
            58.50404323328424,
            41.607534270803065,
            68.40327868301586,
            7.607828729773165,
            51.822639542769856,
            19.96964405711004,
            43.0811229497927,
            0.0,
            53.88933911092427,
            45.424413239817866,
            50.616118620269745,
            22.734541107862004,
            26.824015577927355,
            30.630513538109064,
            63.85749788511221,
            25.97890935899219
        ],
        [
            31.428222956206064,
            98.17195939959254,
            93.06853027861452,
            63.23895035021949,
            41.29594178810791,
            70.63661367456223,
            60.80416418545436,
            38.956295153604884,
            101.62069310473515,
            13.164696547493875,
            122.19589764405072,
            46.62717135269397,
            105.62189506419074,
            65.19143171022326,
            84.11315125535297,
            53.88933911092427,
            0.0,
            76.06347697087706,
            97.8953437540282,
            73.76803423224072,
            80.0941409032369,
            72.73618516936526,
            93.98529185264387,
            31.428222956206064
        ],
        [
            47.13488944344171,
            52.46411276088201,
            96.87159555423244,
            52.180521913434525,
            54.46784505569869,
            26.731034401974984,
            78.07675347628516,
            71.98349551529633,
            94.72862140805239,
            69.25114619771048,
            72.22740448301121,
            49.20455902976242,
            65.93735329166864,
            62.72934821249984,
            15.755117359361146,
            45.424413239817866,
            76.06347697087706,
            0.0,
            32.728649352264604,
            33.82165271916388,
            42.006117430117705,
            72.54716409021401,
            106.72064842207044,
            47.13488944344171
        ],
        [
            66.4846319341074,
            26.80564767275356,
            85.0216345962877,
            50.04561656322478,
            64.25964883026877,
            27.97201656296857,
            77.43922549180361,
            80.54408772781456,
            78.43766041682515,
            87.93485059159083,
            40.83908627471504,
            57.60552212778234,
            39.81757563035526,
            58.99371764429848,
            17.228679846869507,
            50.616118620269745,
            97.8953437540282,
            32.728649352264604,
            0.0,
            28.150156602707348,
            28.96749949966876,
            65.58569850433234,
            97.01389049397379,
            66.4846319341074
        ],
        [
            42.89777540346218,
            25.94106299429359,
            63.74371772646812,
            22.49761003580747,
            36.73265317515415,
            7.560128537867498,
            50.2360433138937,
            52.48932590872512,
            60.91674830455277,
            62.50952229285991,
            49.982623979045066,
            30.051071708963324,
            37.09041869193761,
            32.36143223105809,
            24.63904211100119,
            22.734541107862004,
            73.76803423224072,
            33.82165271916388,
            28.150156602707348,
            0.0,
            9.256520467493806,
            40.731038074061566,
            74.37773791115795,
            42.89777540346218
        ],
        [
            50.0243088797895,
            18.12984447219419,
            57.65870170756047,
            22.238207470620356,
            40.880449591486936,
            16.703497754482672,
            48.78176308065362,
            54.88053065145291,
            53.39548039981924,
            68.2148207177768,
            42.31051309498153,
            34.430928033174375,
            28.098234762391833,
            30.223257400501463,
            30.685687638312068,
            26.824015577927355,
            80.0941409032369,
            42.006117430117705,
            28.96749949966876,
            9.256520467493806,
            0.0,
            36.686733786295626,
            69.03623411919523,
            50.0243088797895
        ],
        [
            52.92554944102057,
            46.15929581959737,
            25.504339188214765,
            20.648308024953515,
            34.30168677061303,
            46.41019865331152,
            16.809298271328025,
            35.211984507663146,
            29.560389439134084,
            59.607137214200044,
            63.9232162172853,
            32.80993456461698,
            44.72683975668948,
            10.660932961504145,
            65.3670743697401,
            30.630513538109064,
            72.73618516936526,
            72.54716409021401,
            65.58569850433234,
            40.731038074061566,
            36.686733786295626,
            0.0,
            34.183236986457054,
            52.92554944102057
        ],
        [
            82.39774150250952,
            73.61561159778742,
            12.916969416832874,
            54.75221926572221,
            63.47820335006149,
            80.43823906485753,
            34.98967988982981,
            55.66045421975513,
            25.736901606863988,
            81.97306624476913,
            84.1883272360404,
            64.2452578146181,
            66.80699753536564,
            44.37181566008199,
            98.9420606688522,
            63.85749788511221,
            93.98529185264387,
            106.72064842207044,
            97.01389049397379,
            74.37773791115795,
            69.03623411919523,
            34.183236986457054,
            0.0,
            82.39774150250952
        ],
        [
            0.0,
            68.12971244899373,
            77.36862241861182,
            37.18750645111419,
            19.033871336740358,
            39.27351747882033,
            47.58386901772959,
            31.16188866202955,
            82.29495206253297,
            22.30087386443962,
            92.32942858754308,
            20.562017471285923,
            76.99356238150881,
            43.00260940133606,
            53.18404156834241,
            25.97890935899219,
            31.428222956206064,
            47.13488944344171,
            66.4846319341074,
            42.89777540346218,
            50.0243088797895,
            52.92554944102057,
            82.39774150250952,
            0.0
        ]
    ],
    "scores_ave": [
        0,
        14.461470643206127,
        10.269970870457556,
        15.726575365487008,
        12.841768974204705,
        18.893132507840456,
        16.138401846334304,
        11.487864096837288,
        18.16097627532657,
        19.192017763558663,
        10.527193552631587,
        11.088711879093331,
        16.090940496825663,
        15.774434987092759,
        14.003534629362772,
        17.783308143068428,
        19.46263147266959,
        16.712378207936307,
        10.56748670834193,
        17.860964252631288,
        12.800355685538404,
        18.404555854193827,
        12.195050217034481,
        0
    ],
    "scores_var": [
        0,
        21.762250986007544,
        17.766882308628368,
        279.05668193127383,
        269.861096476941,
        23.426017775720958,
        20.959859276487606,
        19.244843693408292,
        368.61633881240806,
        23.240053405107908,
        22.357357042877737,
        18.74448814884359,
        361.5068263584277,
        17.119786141445925,
        356.0671559868515,
        21.378413173529125,
        373.1112721084417,
        21.157369549640002,
        20.403933164113052,
        24.66434947511494,
        16.76951231892349,
        363.2940594105296,
        329.878959253105,
        0
    ],
    "vertex_number": 24,
    "minimum_distances": {
        "cost": 459.8745694999181,
        "path": [
            0,
            16,
            9,
            7,
            6,
            4,
            11,
            15,
            3,
            13,
            21,
            22,
            2,
            8,
            12,
            10,
            1,
            20,
            19,
            5,
            18,
            14,
            17,
            23
        ]
    }
}