{
    "vertices": [
        [
            15.94010395472476,
            12.69247567879428
        ],
        [
            6.472848601011472,
            52.43545936759653
        ],
        [
            59.83096673047985,
            44.677782147440325
        ],
        [
            38.077666091536585,
            56.349117753283565
        ],
        [
            34.59022810131276,
            70.21047958706072
        ],
        [
            86.06088022534612,
            74.44262117728671
        ],
        [
            16.06403122628066,
            13.254218323485523
        ],
        [
            30.139329230781275,
            79.58538595144364
        ],
        [
            24.975277960075427,
            12.669072499820144
        ],
        [
            0.9209176220259074,
            93.7522441516766
        ],
        [
            70.89144659450349,
            54.45153046295053
        ],
        [
            45.09278868550878,
            59.616930584731506
        ],
        [
            85.67321558643086,
            54.05141489066764
        ],
        [
            86.32218223840454,
            87.56399514170343
        ],
        [
            15.94010395472476,
            12.69247567879428
        ]
    ],
    "distances": [
        [
            0.0,
            40.855032449146506,
            54.309001694869835,
            48.948687976096686,
            60.46608887859787,
            93.43448899565685,
            0.5752501781833731,
            68.38332723102117,
            9.035204315108238,
            82.43944458190882,
            69.01788691622286,
            55.24294973326301,
            81.07569741033018,
            102.75885056877004,
            0.0
        ],
        [
            40.855032449146506,
            0.0,
            53.91910910030351,
            31.846211871575253,
            33.2646715565677,
            82.57463259835903,
            40.33807672544633,
            36.016951826987764,
            43.860066309854226,
            41.688135512270286,
            64.45013816981819,
            39.28197170423985,
            79.21685075081976,
            87.23491335450743,
            40.855032449146506
        ],
        [
            54.309001694869835,
            53.91910910030351,
            0.0,
            24.686558356977866,
            35.902834499369625,
            39.673089171639184,
            53.87935603574798,
            45.82722052176821,
            47.32310781177575,
            76.67265944889147,
            14.760093866822492,
            20.985519962981304,
            27.489758397225035,
            50.4084493321964,
            54.309001694869835
        ],
        [
            48.948687976096686,
            31.846211871575253,
            24.686558356977866,
            0.0,
            14.293340254207562,
            51.281221755779505,
            48.39184308171387,
            24.55486411877801,
            45.60283903543798,
            52.722080964247326,
            32.868602471375695,
            7.738898223250837,
            47.65097869053483,
            57.46217807061866,
            48.948687976096686
        ],
        [
            60.46608887859787,
            33.2646715565677,
            35.902834499369625,
            14.293340254207562,
            0.0,
            51.64435160318097,
            59.89353611014368,
            10.377830702832162,
            58.33918747975515,
            41.08329523013484,
            39.574271207271345,
            14.917340892044335,
            53.577859067593856,
            54.565003261682236,
            60.46608887859787
        ],
        [
            93.43448899565685,
            82.57463259835903,
            39.673089171639184,
            51.281221755779505,
            51.64435160318097,
            0.0,
            92.970853032534,
            56.15752750219713,
            86.8759006878097,
            87.30220370361707,
            25.094928265076945,
            43.56817216687742,
            20.394890970429792,
            13.123975520249239,
            93.43448899565685
        ],
        [
            0.5752501781833731,
            40.33807672544633,
            53.87935603574798,
            48.39184308171387,
            59.89353611014368,
            92.970853032534,
            0.0,
            67.80809548131977,
            8.930437502469905,
            81.90998749766408,
            68.58034706441889,
            54.70072986575024,
            80.68364019444508,
            102.26510017799698,
            0.5752501781833731
        ],
        [
            68.38332723102117,
            36.016951826987764,
            45.82722052176821,
            24.55486411877801,
            10.377830702832162,
            56.15752750219713,
            67.80809548131977,
            0.0,
            67.11527718397956,
            32.47176386037812,
            47.87949207482307,
            24.9468466824277,
            61.122796172089096,
            56.74655211276805,
            68.38332723102117
        ],
        [
            9.035204315108238,
            43.860066309854226,
            47.32310781177575,
            45.60283903543798,
            58.33918747975515,
            86.8759006878097,
            8.930437502469905,
            67.11527718397956,
            0.0,
            84.57595980180862,
            62.08114315559913,
            51.07656621728699,
            73.46249310938383,
            96.81266498794542,
            9.035204315108238
        ],
        [
            82.43944458190882,
            41.688135512270286,
            76.67265944889147,
            52.722080964247326,
            41.08329523013484,
            87.30220370361707,
            81.90998749766408,
            32.47176386037812,
            84.57595980180862,
            0.0,
            80.25223374543256,
            55.824491270074475,
            93.5901055361039,
            85.62517400791754,
            82.43944458190882
        ],
        [
            69.01788691622286,
            64.45013816981819,
            14.760093866822492,
            32.868602471375695,
            39.574271207271345,
            25.094928265076945,
            68.58034706441889,
            47.87949207482307,
            62.08114315559913,
            80.25223374543256,
            0.0,
            26.310684299794072,
            14.787183200389743,
            36.531396354555305,
            69.01788691622286
        ],
        [
            55.24294973326301,
            39.28197170423985,
            20.985519962981304,
            7.738898223250837,
            14.917340892044335,
            43.56817216687742,
            54.70072986575024,
            24.9468466824277,
            51.07656621728699,
            55.824491270074475,
            26.310684299794072,
            0.0,
            40.96029800186946,
            49.80864694097922,
            55.24294973326301
        ],
        [
            81.07569741033018,
            79.21685075081976,
            27.489758397225035,
            47.65097869053483,
            53.577859067593856,
            20.394890970429792,
            80.68364019444508,
            61.122796172089096,
            73.46249310938383,
            93.5901055361039,
            14.787183200389743,
            40.96029800186946,
            0.0,
            33.518863238443636,
            81.07569741033018
        ],
        [
            102.75885056877004,
            87.23491335450743,
            50.4084493321964,
            57.46217807061866,
            54.565003261682236,
            13.123975520249239,
            102.26510017799698,
            56.74655211276805,
            96.81266498794542,
            85.62517400791754,
            36.531396354555305,
            49.80864694097922,
            33.518863238443636,
            0.0,
            102.75885056877004
        ],
        [
            0.0,
            40.855032449146506,
            54.309001694869835,
            48.948687976096686,
            60.46608887859787,
            93.43448899565685,
            0.5752501781833731,
            68.38332723102117,
            9.035204315108238,
            82.43944458190882,
            69.01788691622286,
            55.24294973326301,
            81.07569741033018,
            102.75885056877004,
            0.0
        ]
    ],
    "scores_ave": [
        0,
        14.122352374231221,
        10.709236858762567,
        10.26241999404304,
        18.27434276459976,
        15.362631426686661,
        18.757402023564545,
        14.542692162015154,
        19.5063591881025,
        17.54265266670591,
        10.846645806493715,
        15.941925630076021,
        14.850278533786055,
        11.99809690649339,
        0
    ],
    "scores_var": [
        0,
        370.2337691794491,
        330.5951365853152,
        21.651140703189753,
        18.87016371972661,
        241.67783031010032,
        357.37766963936997,
        362.0621416723267,
        18.830924105499943,
        393.5488985980427,
        21.058730998376653,
        319.8122250710156,
        227.14746831127565,
        21.32457926962727,
        0
    ],
    "vertex_number": 15,
    "minimum_distances": {
        "cost": 326.4446653354621,
        "path": [
            0,
            6,
            1,
            9,
            7,
            4,
            13,
            5,
            12,
            10,
            2,
            11,
            3,
            8,
            14
        ]
    }
}