{
    "vertices": [
        [
            8.158141742989777,
            98.97647981815254
        ],
        [
            86.92250846973563,
            81.18531345426938
        ],
        [
            54.16944617404916,
            32.70160529941349
        ],
        [
            27.74670203135724,
            32.127362745298505
        ],
        [
            89.5300101159194,
            87.93352266923154
        ],
        [
            79.11210357415005,
            18.719748000273505
        ],
        [
            56.86407582455022,
            13.13509660894251
        ],
        [
            35.33245240644657,
            45.641446837704144
        ],
        [
            40.4520274697982,
            59.61673143446626
        ],
        [
            66.06520922521534,
            39.074859929157945
        ],
        [
            37.96253675643325,
            31.409779553911545
        ],
        [
            29.144785000820484,
            87.67272201071616
        ],
        [
            6.665511806200685,
            42.403814272084475
        ],
        [
            59.70762615579511,
            23.672032492068883
        ],
        [
            10.388075426244981,
            33.84737579295907
        ],
        [
            62.77130582692917,
            98.23824722268257
        ],
        [
            71.13749329893398,
            54.373362493173595
        ],
        [
            40.19782766758656,
            35.01394086524542
        ],
        [
            94.14340420628277,
            68.46527091497691
        ],
        [
            14.057866678478115,
            43.95875045878329
        ],
        [
            95.9225212915078,
            19.01108652429887
        ],
        [
            8.158141742989777,
            98.97647981815254
        ]
    ],
    "distances": [
        [
            0.0,
            80.74869080333549,
            80.6808473426143,
            69.66000393045603,
            82.11776826664426,
            107.12426289886297,
            98.69656065956787,
            59.8587412418569,
            50.91252152627343,
            83.31525988506918,
            73.84822913729995,
            23.837242621591745,
            56.5923531151999,
            91.25847429314699,
            65.16726782178449,
            54.61815337984526,
            77.17406816744241,
            71.53843626645026,
            91.238145693644,
            55.333148276374295,
            118.7310003418527,
            0.0
        ],
        [
            80.74869080333549,
            0.0,
            58.51011063218355,
            76.86649852436523,
            7.234458683533361,
            62.95196019283617,
            74.3931541593792,
            62.6490250416516,
            51.23191714849757,
            46.99273590530814,
            69.81892727071249,
            58.14079289989677,
            89.13579635740328,
            63.62725285912198,
            89.99110946818388,
            29.5648970775105,
            31.11346040353987,
            65.68859446522806,
            14.626715880179477,
            81.82342583774627,
            62.82224705573284,
            80.74869080333549
        ],
        [
            80.6808473426143,
            58.51011063218355,
            0.0,
            26.42898338077189,
            65.58150790149233,
            28.594203813226237,
            19.75118455403715,
            22.853267452090332,
            30.20913091721665,
            13.49546416930702,
            16.25831253936118,
            60.39915015397616,
            48.484602085344925,
            10.592668341515685,
            43.796360745849235,
            66.098739958237,
            27.5241654387123,
            14.161674316942175,
            53.6372734115429,
            41.661278506169715,
            43.940295698776424,
            80.6808473426143
        ],
        [
            69.66000393045603,
            76.86649852436523,
            26.42898338077189,
            0.0,
            83.25565832619132,
            53.0864258431791,
            34.76388398333385,
            15.497550697119175,
            30.283505170731008,
            38.943237033989476,
            10.241006042700588,
            55.56295143271118,
            23.45254863104686,
            33.06044888653593,
            17.443633867397978,
            74.81558605944896,
            48.76110408521193,
            12.78134824076565,
            75.6899308353082,
            18.093256991073556,
            69.4260688336757,
            69.66000393045603
        ],
        [
            82.11776826664426,
            7.234458683533361,
            65.58150790149233,
            83.25565832619132,
            0.0,
            69.9934238385174,
            81.62026589165569,
            68.7458721656166,
            56.661177594948136,
            54.20116055573572,
            76.51233785768147,
            60.385788304738185,
            94.54882033558441,
            70.84429197087547,
            95.85800493618886,
            28.674302142303663,
            38.269688082159185,
            72.34740052983506,
            20.007404414367144,
            87.34886963208237,
            69.2182519519407,
            82.11776826664426
        ],
        [
            107.12426289886297,
            62.95196019283617,
            28.594203813226237,
            53.0864258431791,
            69.9934238385174,
            0.0,
            22.938244699838293,
            51.39489979228596,
            56.277568696692235,
            24.177510909721004,
            43.06185957570886,
            85.15424563868432,
            76.21970646728734,
            20.026454143635213,
            70.3692913671019,
            81.18012927804348,
            36.53456767843185,
            42.18793181056699,
            51.96688415472718,
            69.778657074917,
            16.8129420973141,
            107.12426289886297
        ],
        [
            98.69656065956787,
            74.3931541593792,
            19.75118455403715,
            34.76388398333385,
            81.62026589165569,
            22.938244699838293,
            0.0,
            38.99068622394252,
            49.2939926081471,
            27.523302435674925,
            26.291295439416714,
            79.52494378687508,
            58.10812045789345,
            10.913880899635982,
            50.88238518406851,
            85.30792232076651,
            43.63857261112674,
            27.503593467419,
            66.71713807807706,
            52.74911542492511,
            39.49796728669299,
            98.69656065956787
        ],
        [
            59.8587412418569,
            62.6490250416516,
            22.853267452090332,
            15.497550697119175,
            68.7458721656166,
            51.39489979228596,
            38.99068622394252,
            0.0,
            14.883501885973889,
            31.42646027329627,
            14.472653432063435,
            42.48429498758457,
            28.849189728794588,
            32.814695823687515,
            27.59206506840155,
            59.32380709098159,
            36.85440685083573,
            11.688274450335214,
            63.08450679139017,
            21.34102774002022,
            66.1840806985959,
            59.8587412418569
        ],
        [
            50.91252152627343,
            51.23191714849757,
            30.20913091721665,
            30.283505170731008,
            56.661177594948136,
            56.277568696692235,
            49.2939926081471,
            14.883501885973889,
            0.0,
            32.832964602311364,
            28.316597578167112,
            30.248840299536713,
            37.91850679978759,
            40.77743815905738,
            39.596728433742435,
            44.606856739323575,
            31.13022214834921,
            24.604103749829754,
            54.415628148513285,
            30.68915267831467,
            68.7444112884453,
            50.91252152627343
        ],
        [
            83.31525988506918,
            46.99273590530814,
            13.49546416930702,
            38.943237033989476,
            54.20116055573572,
            24.177510909721004,
            27.523302435674925,
            31.42646027329627,
            32.832964602311364,
            0.0,
            29.129257749668636,
            61.03171244367502,
            59.49290706031927,
            16.663311661891292,
            55.92199762582394,
            59.255009877991185,
            16.117451610775603,
            26.18420310591105,
            40.64703299516692,
            52.23615668748064,
            35.972407301506856,
            83.31525988506918
        ],
        [
            73.84822913729995,
            69.81892727071249,
            16.25831253936118,
            10.241006042700588,
            76.51233785768147,
            43.06185957570886,
            26.291295439416714,
            14.472653432063435,
            28.316597578167112,
            29.129257749668636,
            0.0,
            56.94972730330953,
            33.1718641339294,
            23.080763474792036,
            27.681994022733747,
            71.28477476817311,
            40.34729090044558,
            4.241049895438684,
            67.30081208594403,
            26.99833184304544,
            59.27130331069706,
            73.84822913729995
        ],
        [
            23.837242621591745,
            58.14079289989677,
            60.39915015397616,
            55.56295143271118,
            60.385788304738185,
            85.15424563868432,
            79.52494378687508,
            42.48429498758457,
            30.248840299536713,
            61.03171244367502,
            56.94972730330953,
            0.0,
            50.54296915701629,
            70.92373029054872,
            56.99984253948768,
            35.24731515836943,
            53.5932355292065,
            53.80629130426976,
            67.7771840386712,
            46.24420410503597,
            95.7793623479412,
            23.837242621591745
        ],
        [
            56.5923531151999,
            89.13579635740328,
            48.484602085344925,
            23.45254863104686,
            94.54882033558441,
            76.21970646728734,
            58.10812045789345,
            28.849189728794588,
            37.91850679978759,
            59.49290706031927,
            33.1718641339294,
            50.54296915701629,
            0.0,
            56.25251588444356,
            9.331137087854575,
            79.153926154116,
            65.57367217272738,
            34.336954378582526,
            91.27749548004536,
            7.554120537983844,
            92.27152027436323,
            56.5923531151999
        ],
        [
            91.25847429314699,
            63.62725285912198,
            10.592668341515685,
            33.06044888653593,
            70.84429197087547,
            20.026454143635213,
            10.913880899635982,
            32.814695823687515,
            40.77743815905738,
            16.663311661891292,
            23.080763474792036,
            70.92373029054872,
            56.25251588444356,
            0.0,
            50.35827335657607,
            74.62912643451826,
            32.75993783184787,
            22.567036194326377,
            56.50006210929269,
            49.954493953976815,
            36.51360084961683,
            91.25847429314699
        ],
        [
            65.16726782178449,
            89.99110946818388,
            43.796360745849235,
            17.443633867397978,
            95.85800493618886,
            70.3692913671019,
            50.88238518406851,
            27.59206506840155,
            39.596728433742435,
            55.92199762582394,
            27.681994022733747,
            56.99984253948768,
            9.331137087854575,
            50.35827335657607,
            0.0,
            83.00715120211238,
            64.12338030615642,
            29.832569496408578,
            90.62755520111558,
            10.756731170185427,
            86.81161736047163,
            65.16726782178449
        ],
        [
            54.61815337984526,
            29.5648970775105,
            66.098739958237,
            74.81558605944896,
            28.674302142303663,
            81.18012927804348,
            85.30792232076651,
            59.32380709098159,
            44.606856739323575,
            59.255009877991185,
            71.28477476817311,
            35.24731515836943,
            79.153926154116,
            74.62912643451826,
            83.00715120211238,
            0.0,
            44.6555842549377,
            67.13326173060106,
            43.25088062621434,
            72.9332771964348,
            85.88332829546391,
            54.61815337984526
        ],
        [
            77.17406816744241,
            31.11346040353987,
            27.5241654387123,
            48.76110408521193,
            38.269688082159185,
            36.53456767843185,
            43.63857261112674,
            36.85440685083573,
            31.13022214834921,
            16.117451610775603,
            40.34729090044558,
            53.5932355292065,
            65.57367217272738,
            32.75993783184787,
            64.12338030615642,
            44.6555842549377,
            0.0,
            36.49726174862264,
            26.978766088265814,
            58.021960661093836,
            43.18319319239284,
            77.17406816744241
        ],
        [
            71.53843626645026,
            65.68859446522806,
            14.161674316942175,
            12.78134824076565,
            72.34740052983506,
            42.18793181056699,
            27.503593467419,
            11.688274450335214,
            24.604103749829754,
            26.18420310591105,
            4.241049895438684,
            53.80629130426976,
            34.336954378582526,
            22.567036194326377,
            29.832569496408578,
            67.13326173060106,
            36.49726174862264,
            0.0,
            63.475323632009946,
            27.62801439077297,
            57.97700256599543,
            71.53843626645026
        ],
        [
            91.238145693644,
            14.626715880179477,
            53.6372734115429,
            75.6899308353082,
            20.007404414367144,
            51.96688415472718,
            66.71713807807706,
            63.08450679139017,
            54.415628148513285,
            40.64703299516692,
            67.30081208594403,
            67.7771840386712,
            91.27749548004536,
            56.50006210929269,
            90.62755520111558,
            43.25088062621434,
            26.978766088265814,
            63.475323632009946,
            0.0,
            83.75119620630646,
            49.4861759620818,
            91.238145693644
        ],
        [
            55.333148276374295,
            81.82342583774627,
            41.661278506169715,
            18.093256991073556,
            87.34886963208237,
            69.778657074917,
            52.74911542492511,
            21.34102774002022,
            30.68915267831467,
            52.23615668748064,
            26.99833184304544,
            46.24420410503597,
            7.554120537983844,
            49.954493953976815,
            10.756731170185427,
            72.9332771964348,
            58.021960661093836,
            27.62801439077297,
            83.75119620630646,
            0.0,
            85.58158453019327,
            55.333148276374295
        ],
        [
            118.7310003418527,
            62.82224705573284,
            43.940295698776424,
            69.4260688336757,
            69.2182519519407,
            16.8129420973141,
            39.49796728669299,
            66.1840806985959,
            68.7444112884453,
            35.972407301506856,
            59.27130331069706,
            95.7793623479412,
            92.27152027436323,
            36.51360084961683,
            86.81161736047163,
            85.88332829546391,
            43.18319319239284,
            57.97700256599543,
            49.4861759620818,
            85.58158453019327,
            0.0,
            118.7310003418527
        ],
        [
            0.0,
            80.74869080333549,
            80.6808473426143,
            69.66000393045603,
            82.11776826664426,
            107.12426289886297,
            98.69656065956787,
            59.8587412418569,
            50.91252152627343,
            83.31525988506918,
            73.84822913729995,
            23.837242621591745,
            56.5923531151999,
            91.25847429314699,
            65.16726782178449,
            54.61815337984526,
            77.17406816744241,
            71.53843626645026,
            91.238145693644,
            55.333148276374295,
            118.7310003418527,
            0.0
        ]
    ],
    "scores_ave": [
        0,
        12.470383640178763,
        19.82815364695172,
        15.803131476931181,
        19.693123759578697,
        11.247073344520182,
        10.907923637662142,
        13.718947779524479,
        18.230255541823276,
        12.200055002755075,
        19.392262435475093,
        15.624172541998577,
        13.91346466827637,
        13.452981679709884,
        19.166415931408288,
        17.777819115055838,
        16.886311091542815,
        18.738327708796234,
        12.413156735172654,
        10.751860613848498,
        12.344394636257103,
        0
    ],
    "scores_var": [
        0,
        16.994745140969503,
        364.4756436405653,
        17.169755760089828,
        268.7254956473623,
        22.217111987673636,
        16.79458220439506,
        285.3973909902459,
        246.1647987358376,
        24.773271451424524,
        294.3287609060744,
        24.875733188752015,
        296.38504488709054,
        274.9677394977673,
        24.635810229757258,
        310.62832309133887,
        246.89342381080888,
        24.19624827639528,
        278.81718388734373,
        20.246034885321894,
        291.85094549625626,
        0
    ],
    "vertex_number": 22,
    "minimum_distances": {
        "cost": 409.4226671899475,
        "path": [
            0,
            11,
            8,
            7,
            19,
            12,
            14,
            3,
            10,
            17,
            2,
            9,
            13,
            6,
            5,
            20,
            16,
            18,
            1,
            4,
            15,
            21
        ]
    }
}