{
    "vertices": [
        [
            69.56269344478572,
            4.049358953281345
        ],
        [
            45.13322027206503,
            72.90149461818835
        ],
        [
            20.01437897898668,
            96.68560361819488
        ],
        [
            10.166998350126033,
            18.162850131540797
        ],
        [
            1.4039649897285345,
            34.04923052152738
        ],
        [
            33.58531233813641,
            47.18340281673772
        ],
        [
            83.26202893690098,
            36.45012975263402
        ],
        [
            35.369135242880986,
            73.25251000838755
        ],
        [
            19.278026643282196,
            39.54074766667559
        ],
        [
            99.94110681813122,
            77.18590589584764
        ],
        [
            64.03215224040586,
            26.549222013756125
        ],
        [
            18.441552196907896,
            44.58383612629202
        ],
        [
            90.07719458945182,
            31.58647933687001
        ],
        [
            86.85155648622887,
            66.87398027475349
        ],
        [
            69.56269344478572,
            4.049358953281345
        ]
    ],
    "distances": [
        [
            0.0,
            73.05761935017756,
            105.0547918565328,
            61.049481807928466,
            74.46881601530589,
            56.16865399230842,
            35.177858680108905,
            77.18986681205567,
            61.5482443952992,
            79.19471256191325,
            23.169607760026082,
            65.24120570754958,
            34.338575337872726,
            65.1600938416463,
            0.0
        ],
        [
            73.05761935017756,
            0.0,
            34.59248514968315,
            64.95349009660588,
            58.495693798641675,
            28.191743889981936,
            52.74948389094852,
            9.770392431284051,
            42.20699556643093,
            54.97509079249071,
            50.056995566449785,
            38.91445653093502,
            61.04827036974505,
            42.15151842624803,
            73.05761935017756
        ],
        [
            105.0547918565328,
            34.59248514968315,
            0.0,
            79.13781473085737,
            65.3426563858289,
            51.32872603548883,
            87.34172849793804,
            28.015681609584203,
            57.14959996782293,
            82.27101576093244,
            82.80505049486513,
            52.12550201069271,
            95.63835064168254,
            73.18429601701324,
            105.0547918565328
        ],
        [
            61.049481807928466,
            64.95349009660588,
            79.13781473085737,
            0.0,
            18.142983094595817,
            37.29088237351502,
            75.34791365672719,
            60.58067620378481,
            23.238445291830832,
            107.43887407722418,
            54.51409026087054,
            27.686399951928255,
            81.02982959410518,
            90.84765080263958,
            61.049481807928466
        ],
        [
            74.46881601530589,
            58.495693798641675,
            65.3426563858289,
            18.142983094595817,
            0.0,
            34.75838890166156,
            81.89326559795562,
            51.87031822584573,
            18.698632050246193,
            107.56551994975078,
            63.075668572933445,
            20.03140766621708,
            88.70742241234818,
            91.53554003180794,
            74.46881601530589
        ],
        [
            56.16865399230842,
            28.191743889981936,
            51.32872603548883,
            37.29088237351502,
            34.75838890166156,
            0.0,
            50.823019614172715,
            26.130066473800255,
            16.220622728395824,
            72.82335924745102,
            36.78015059029206,
            15.365260108216077,
            58.60543304449967,
            56.789185645458176,
            56.16865399230842
        ],
        [
            35.177858680108905,
            52.74948389094852,
            87.34172849793804,
            75.34791365672719,
            81.89326559795562,
            50.823019614172715,
            0.0,
            60.3998713481724,
            64.05860183145124,
            44.01812236974853,
            21.629057580398133,
            65.32879444910084,
            8.372668525534152,
            30.63487210059238,
            35.177858680108905
        ],
        [
            77.18986681205567,
            9.770392431284051,
            28.015681609584203,
            60.58067620378481,
            51.87031822584573,
            26.130066473800255,
            60.3998713481724,
            0.0,
            37.35514283399476,
            64.69166187633775,
            54.79749677594665,
            33.293181433084186,
            68.76794216339295,
            51.8760574700928,
            77.18986681205567
        ],
        [
            61.5482443952992,
            42.20699556643093,
            57.14959996782293,
            23.238445291830832,
            18.698632050246193,
            16.220622728395824,
            64.05860183145124,
            37.35514283399476,
            0.0,
            89.01511355603341,
            46.60162547329851,
            5.111988919290963,
            71.24459675324496,
            72.89230096685723,
            61.5482443952992
        ],
        [
            79.19471256191325,
            54.97509079249071,
            82.27101576093244,
            107.43887407722418,
            107.56551994975078,
            72.82335924745102,
            44.01812236974853,
            64.69166187633775,
            89.01511355603341,
            0.0,
            62.076781274805235,
            87.77854155040818,
            46.65409378567635,
            16.663497169153377,
            79.19471256191325
        ],
        [
            23.169607760026082,
            50.056995566449785,
            82.80505049486513,
            54.51409026087054,
            63.075668572933445,
            36.78015059029206,
            21.629057580398133,
            54.79749677594665,
            46.60162547329851,
            62.076781274805235,
            0.0,
            49.028054402701684,
            26.527687277688983,
            46.33369550275653,
            23.169607760026082
        ],
        [
            65.24120570754958,
            38.91445653093502,
            52.12550201069271,
            27.686399951928255,
            20.03140766621708,
            15.365260108216077,
            65.32879444910084,
            33.293181433084186,
            5.111988919290963,
            87.77854155040818,
            49.028054402701684,
            0.0,
            72.80519586199856,
            71.94983817232743,
            65.24120570754958
        ],
        [
            34.338575337872726,
            61.04827036974505,
            95.63835064168254,
            81.02982959410518,
            88.70742241234818,
            58.60543304449967,
            8.372668525534152,
            68.76794216339295,
            71.24459675324496,
            46.65409378567635,
            26.527687277688983,
            72.80519586199856,
            0.0,
            35.434622385656816,
            34.338575337872726
        ],
        [
            65.1600938416463,
            42.15151842624803,
            73.18429601701324,
            90.84765080263958,
            91.53554003180794,
            56.789185645458176,
            30.63487210059238,
            51.8760574700928,
            72.89230096685723,
            16.663497169153377,
            46.33369550275653,
            71.94983817232743,
            35.434622385656816,
            0.0,
            65.1600938416463
        ],
        [
            0.0,
            73.05761935017756,
            105.0547918565328,
            61.049481807928466,
            74.46881601530589,
            56.16865399230842,
            35.177858680108905,
            77.18986681205567,
            61.5482443952992,
            79.19471256191325,
            23.169607760026082,
            65.24120570754958,
            34.338575337872726,
            65.1600938416463,
            0.0
        ]
    ],
    "scores_ave": [
        0,
        13.396067425337057,
        18.17971423692702,
        10.098730425039337,
        15.519022705002943,
        17.19455200596923,
        17.20230663524942,
        15.622385021516315,
        13.406605113876184,
        14.134611257607752,
        11.905155842208924,
        17.143137327487107,
        12.606517703082048,
        15.262325758339506,
        0
    ],
    "scores_var": [
        0,
        252.14753819524552,
        267.9452138633253,
        21.949436970814823,
        17.458339386246408,
        18.12004096773203,
        288.5116904044301,
        20.289718627318344,
        325.9126373027711,
        383.9262366061898,
        18.99478194717881,
        21.35746460044693,
        320.20163251490646,
        357.8661005292357,
        0
    ],
    "vertex_number": 15,
    "minimum_distances": {
        "cost": 365.74702246038123,
        "path": [
            0,
            3,
            4,
            8,
            11,
            5,
            7,
            2,
            1,
            13,
            9,
            12,
            6,
            10,
            14
        ]
    }
}