{
    "vertices": [
        [
            68.03529535781742,
            62.88033562212051
        ],
        [
            27.03727036494764,
            49.890679416084296
        ],
        [
            38.47952243868231,
            52.3666951945654
        ],
        [
            30.723222266287443,
            69.75592255605036
        ],
        [
            84.79938940197452,
            88.41556069566491
        ],
        [
            94.86815947826663,
            12.394417334338836
        ],
        [
            12.296450100873601,
            46.21978218185154
        ],
        [
            84.25155260567256,
            16.991669603990445
        ],
        [
            73.61927778197695,
            21.89206123355014
        ],
        [
            53.15912668440268,
            95.85178307256938
        ],
        [
            78.9073091305988,
            36.76242747870998
        ],
        [
            27.555786875918685,
            31.06394361315332
        ],
        [
            4.306412232013923,
            68.29751224322152
        ],
        [
            38.14058425010476,
            62.52848662515067
        ],
        [
            58.558262676127626,
            58.66536649639195
        ],
        [
            88.78317712545505,
            78.6630353836274
        ],
        [
            45.613297239145965,
            7.206555300514628
        ],
        [
            41.86499283541952,
            25.802333731314974
        ],
        [
            68.03529535781742,
            62.88033562212051
        ]
    ],
    "distances": [
        [
            0.0,
            43.00661834726127,
            31.37005495512243,
            37.94027535579706,
            30.54640025727932,
            57.17368749929515,
            58.175535334997875,
            48.66966887140388,
            41.36688889759606,
            36.172043643919224,
            28.290383688864637,
            51.48663328869332,
            63.95870814053802,
            29.896781598196608,
            10.372083357776365,
            26.06852910322598,
            60.01929535517838,
            45.383509762119594,
            0.0
        ],
        [
            43.00661834726127,
            0.0,
            11.70708275592911,
            20.20430960040356,
            69.43074875913008,
            77.50483332029248,
            15.191025921972273,
            65.99862831103066,
            54.34892855550609,
            52.86562613737228,
            53.50562512933875,
            18.833874810179466,
            29.2489898318854,
            16.82253697531537,
            32.71953681883021,
            68.12052164803414,
            46.55108189875176,
            28.286211331500045,
            43.00661834726127
        ],
        [
            31.37005495512243,
            11.70708275592911,
            0.0,
            19.040625530525773,
            58.694554938371006,
            69.11918246418385,
            26.894940353769048,
            57.84869212991507,
            46.51350041272392,
            45.89600907016535,
            43.33473327199774,
            23.94024276369272,
            37.70401030440734,
            10.167442361498413,
            21.043504216058192,
            56.76226900137935,
            45.72011568395214,
            26.779221604770523,
            31.37005495512243
        ],
        [
            37.94027535579706,
            20.20430960040356,
            19.040625530525773,
            0.0,
            57.20501680436884,
            86.05181724536207,
            29.89140070572241,
            75.16214830958,
            64.27301766297153,
            34.41458619766361,
            58.397576528191536,
            38.82141009120803,
            26.457037117324,
            10.356306722680547,
            29.963142497572946,
            58.73921192160964,
            64.29726025862404,
            45.343764973688295,
            37.94027535579706
        ],
        [
            30.54640025727932,
            69.43074875913008,
            58.694554938371006,
            57.20501680436884,
            0.0,
            76.68503353857601,
            83.88778177831334,
            71.42599207452955,
            67.45643687982333,
            32.50236342292267,
            51.988102302861826,
            81.03109287267512,
            82.96900172485299,
            53.3590170649014,
            39.669519618170455,
            10.534814406893291,
            90.1690211561778,
            75.91955347223406,
            30.54640025727932
        ],
        [
            57.17368749929515,
            77.50483332029248,
            69.11918246418385,
            86.05181724536207,
            76.68503353857601,
            0.0,
            89.23139860257713,
            11.569229443572663,
            23.274883737177735,
            93.29938538149324,
            29.129858602760557,
            69.85346603306573,
            106.42643508398515,
            75.70629230732864,
            58.8167437226789,
            66.54740226632835,
            49.52731939724529,
            54.67273448692431,
            57.17368749929515
        ],
        [
            58.175535334997875,
            15.191025921972273,
            26.894940353769048,
            29.89140070572241,
            83.88778177831334,
            89.23139860257713,
            0.0,
            77.66478829778812,
            65.97216990022928,
            64.28914255133841,
            67.27888300692096,
            21.50690125366004,
            23.47907301851015,
            30.559664764888062,
            47.906657905538204,
            83.08299518702596,
            51.30345188122995,
            35.93286685855982,
            58.175535334997875
        ],
        [
            48.66966887140388,
            65.99862831103066,
            57.84869212991507,
            75.16214830958,
            71.42599207452955,
            11.569229443572663,
            77.66478829778812,
            0.0,
            11.707224523756699,
            84.76825140314503,
            20.48032727428087,
            58.41608295214679,
            94.9921836694237,
            64.80604221140806,
            48.95755467834775,
            61.83763399350003,
            39.8580385832144,
            43.292588875253884,
            48.66966887140388
        ],
        [
            41.36688889759606,
            54.34892855550609,
            46.51350041272392,
            64.27301766297153,
            67.45643687982333,
            23.274883737177735,
            65.97216990022928,
            11.707224523756699,
            0.0,
            76.737593377957,
            15.78261916822416,
            46.96774021429802,
            83.41306380992285,
            53.94494196248269,
            39.738019024264034,
            58.76127423097526,
            31.62276127530056,
            31.994137642292213,
            41.36688889759606
        ],
        [
            36.172043643919224,
            52.86562613737228,
            45.89600907016535,
            34.41458619766361,
            32.50236342292267,
            93.29938538149324,
            64.28914255133841,
            84.76825140314503,
            76.737593377957,
            0.0,
            64.45557263557717,
            69.66344199914163,
            56.08765951886104,
            36.55131602245472,
            37.57632562178137,
            39.55408976251068,
            88.96581337107176,
            70.95408946925971,
            36.172043643919224
        ],
        [
            28.290383688864637,
            53.50562512933875,
            43.33473327199774,
            58.397576528191536,
            51.988102302861826,
            29.129858602760557,
            67.27888300692096,
            20.48032727428087,
            15.78261916822416,
            64.45557263557717,
            0.0,
            51.666735490438306,
            80.99231685276214,
            48.22671107819579,
            29.896863200317874,
            43.04873646756028,
            44.520116891603344,
            38.629740504743125,
            28.290383688864637
        ],
        [
            51.48663328869332,
            18.833874810179466,
            23.94024276369272,
            38.82141009120803,
            81.03109287267512,
            69.85346603306573,
            21.50690125366004,
            58.41608295214679,
            46.96774021429802,
            69.66344199914163,
            51.666735490438306,
            0.0,
            43.89615079095934,
            33.19721979935078,
            41.508939409745345,
            77.55299384384226,
            29.920706168439438,
            15.24591465737865,
            51.48663328869332
        ],
        [
            63.95870814053802,
            29.2489898318854,
            37.70401030440734,
            26.457037117324,
            82.96900172485299,
            106.42643508398515,
            23.47907301851015,
            94.9921836694237,
            83.41306380992285,
            56.08765951886104,
            80.99231685276214,
            43.89615079095934,
            0.0,
            34.3224831958837,
            55.10028591848364,
            85.11032767435464,
            73.74526268966771,
            56.714082675304894,
            63.95870814053802
        ],
        [
            29.896781598196608,
            16.82253697531537,
            10.167442361498413,
            10.356306722680547,
            53.3590170649014,
            75.70629230732864,
            30.559664764888062,
            64.80604221140806,
            53.94494196248269,
            36.55131602245472,
            48.22671107819579,
            33.19721979935078,
            34.3224831958837,
            0.0,
            20.77992515476657,
            53.15069027565064,
            55.82434527071797,
            36.91451646292773,
            29.896781598196608
        ],
        [
            10.372083357776365,
            32.71953681883021,
            21.043504216058192,
            29.963142497572946,
            39.669519618170455,
            58.8167437226789,
            47.906657905538204,
            48.95755467834775,
            39.738019024264034,
            37.57632562178137,
            29.896863200317874,
            41.508939409745345,
            55.10028591848364,
            20.77992515476657,
            0.0,
            36.24158128990327,
            53.062052164023946,
            36.85979083626516,
            10.372083357776365
        ],
        [
            26.06852910322598,
            68.12052164803414,
            56.76226900137935,
            58.73921192160964,
            10.534814406893291,
            66.54740226632835,
            83.08299518702596,
            61.83763399350003,
            58.76127423097526,
            39.55408976251068,
            43.04873646756028,
            77.55299384384226,
            85.11032767435464,
            53.15069027565064,
            36.24158128990327,
            0.0,
            83.4845319521326,
            70.67934490534361,
            26.06852910322598
        ],
        [
            60.01929535517838,
            46.55108189875176,
            45.72011568395214,
            64.29726025862404,
            90.1690211561778,
            49.52731939724529,
            51.30345188122995,
            39.8580385832144,
            31.62276127530056,
            88.96581337107176,
            44.520116891603344,
            29.920706168439438,
            73.74526268966771,
            55.82434527071797,
            53.062052164023946,
            83.4845319521326,
            0.0,
            18.969785485092192,
            60.01929535517838
        ],
        [
            45.383509762119594,
            28.286211331500045,
            26.779221604770523,
            45.343764973688295,
            75.91955347223406,
            54.67273448692431,
            35.93286685855982,
            43.292588875253884,
            31.994137642292213,
            70.95408946925971,
            38.629740504743125,
            15.24591465737865,
            56.714082675304894,
            36.91451646292773,
            36.85979083626516,
            70.67934490534361,
            18.969785485092192,
            0.0,
            45.383509762119594
        ],
        [
            0.0,
            43.00661834726127,
            31.37005495512243,
            37.94027535579706,
            30.54640025727932,
            57.17368749929515,
            58.175535334997875,
            48.66966887140388,
            41.36688889759606,
            36.172043643919224,
            28.290383688864637,
            51.48663328869332,
            63.95870814053802,
            29.896781598196608,
            10.372083357776365,
            26.06852910322598,
            60.01929535517838,
            45.383509762119594,
            0.0
        ]
    ],
    "scores_ave": [
        0,
        19.433673868292708,
        12.982897134775113,
        14.8739528260044,
        12.569097042898056,
        16.702285773915204,
        18.108516197803496,
        15.885544521989313,
        14.964396909953688,
        17.367030638664797,
        14.205200827994277,
        12.55196417577924,
        15.087084807106539,
        17.8423592677613,
        16.58861389774666,
        14.157567855459785,
        14.096094577362809,
        11.801047504832919,
        0
    ],
    "scores_var": [
        0,
        24.759029578210274,
        355.1313272112608,
        19.929514304096138,
        19.9870953376363,
        350.5726358175992,
        18.92673739098749,
        20.991863444361222,
        370.674092347528,
        22.06792473103289,
        18.218237483372146,
        20.793848921226335,
        283.7020856502554,
        23.451246614992733,
        22.391779409562016,
        21.61386111214568,
        374.4458312347629,
        249.03572666497715,
        0
    ],
    "vertex_number": 19,
    "minimum_distances": {
        "cost": 375.301511801561,
        "path": [
            0,
            14,
            10,
            5,
            7,
            8,
            16,
            17,
            11,
            2,
            1,
            6,
            12,
            3,
            13,
            9,
            4,
            15,
            18
        ]
    }
}