{
    "vertices": [
        [
            57.900102477998836,
            69.99207284660271
        ],
        [
            35.36060711708894,
            66.52416778764781
        ],
        [
            94.00907795600752,
            28.310992721315685
        ],
        [
            65.99377929894102,
            42.74376800643829
        ],
        [
            13.94866550274687,
            57.40538332588723
        ],
        [
            56.78729782310311,
            1.039585596681225
        ],
        [
            86.84261610680973,
            15.924572865427288
        ],
        [
            45.42453730678017,
            40.25918448804712
        ],
        [
            8.379969871895343,
            46.28132904185488
        ],
        [
            57.900102477998836,
            69.99207284660271
        ]
    ],
    "distances": [
        [
            0.0,
            22.80471917438151,
            55.14680906890288,
            28.42494892069966,
            45.7181973100475,
            68.96146628480679,
            61.3266960578206,
            32.244137086975286,
            54.903942527840954,
            0.0
        ],
        [
            22.80471917438151,
            0.0,
            69.9992134269638,
            38.780132177148985,
            23.272805455209735,
            68.90089679631646,
            72.18529113268504,
            28.127069498817004,
            33.73021355765337,
            22.80471917438151
        ],
        [
            55.14680906890288,
            69.9992134269638,
            0.0,
            31.51447225126065,
            85.18305704092566,
            46.14315293540137,
            14.310191203556775,
            50.03215842426762,
            87.49444061626919,
            55.14680906890288
        ],
        [
            28.42494892069966,
            38.780132177148985,
            31.51447225126065,
            0.0,
            54.07085013049359,
            42.70829113452371,
            33.96973983198531,
            20.71875651171987,
            57.72231262497402,
            28.42494892069966
        ],
        [
            45.7181973100475,
            23.272805455209735,
            85.18305704092566,
            54.07085013049359,
            0.0,
            70.79725681640804,
            83.87005228998107,
            35.84302777962107,
            12.440054450972603,
            45.7181973100475
        ],
        [
            68.96146628480679,
            68.90089679631646,
            46.14315293540137,
            42.70829113452371,
            70.79725681640804,
            0.0,
            33.53930534649819,
            40.8324535602618,
            66.25771464014356,
            68.96146628480679
        ],
        [
            61.3266960578206,
            72.18529113268504,
            14.310191203556775,
            33.96973983198531,
            83.87005228998107,
            33.53930534649819,
            0.0,
            48.03780359580569,
            84.13037204090091,
            61.3266960578206
        ],
        [
            32.244137086975286,
            28.127069498817004,
            50.03215842426762,
            20.71875651171987,
            35.84302777962107,
            40.8324535602618,
            48.03780359580569,
            0.0,
            37.53086998012018,
            32.244137086975286
        ],
        [
            54.903942527840954,
            33.73021355765337,
            87.49444061626919,
            57.72231262497402,
            12.440054450972603,
            66.25771464014356,
            84.13037204090091,
            37.53086998012018,
            0.0,
            54.903942527840954
        ],
        [
            0.0,
            22.80471917438151,
            55.14680906890288,
            28.42494892069966,
            45.7181973100475,
            68.96146628480679,
            61.3266960578206,
            32.244137086975286,
            54.903942527840954,
            0.0
        ]
    ],
    "scores_ave": [
        0,
        16.100727294193945,
        19.912572621620235,
        13.6749828388296,
        15.903787528837873,
        11.336908239115992,
        17.130746644055446,
        10.752901268384866,
        17.275286880577223,
        0
    ],
    "scores_var": [
        0,
        276.8896864176196,
        394.0118867238358,
        21.07137121786022,
        21.698742519701476,
        366.7076867144,
        22.23977153475033,
        281.2966736747983,
        305.67744930770533,
        0
    ],
    "vertex_number": 10,
    "minimum_distances": {
        "cost": 244.6698203429611,
        "path": [
            0,
            1,
            4,
            8,
            7,
            5,
            6,
            2,
            3,
            9
        ]
    }
}