{
    "vertices": [
        [
            74.90120760542001,
            46.33623623413203
        ],
        [
            60.304633958211596,
            93.90089532002787
        ],
        [
            1.5023514522988113,
            33.832170797958874
        ],
        [
            86.41683005486016,
            61.043901672558874
        ],
        [
            97.58274290361449,
            64.30478670220377
        ],
        [
            89.21365741828878,
            43.1408226582943
        ],
        [
            63.116525575485305,
            77.190954089449
        ],
        [
            85.55000532408327,
            94.61807620236345
        ],
        [
            54.00560232258137,
            82.27858151178887
        ],
        [
            92.53128569896334,
            16.232684095883045
        ],
        [
            81.44950327182937,
            50.72828074562283
        ],
        [
            57.564428792552256,
            16.900072408896214
        ],
        [
            61.53124317002231,
            38.71418997434617
        ],
        [
            98.18757234442165,
            67.91414351459767
        ],
        [
            17.671516202672677,
            42.84443430306728
        ],
        [
            50.38722043624533,
            69.46993748350461
        ],
        [
            98.28381237699902,
            2.985558668446442
        ],
        [
            14.418383393175194,
            91.74333145399366
        ],
        [
            41.03561298189619,
            27.8398628578968
        ],
        [
            74.90120760542001,
            46.33623623413203
        ]
    ],
    "distances": [
        [
            0.0,
            49.753962216047405,
            74.45632100109889,
            18.679533801643586,
            28.93649684061433,
            14.664818020232477,
            33.028659441125995,
            49.4422184329437,
            41.57497449421341,
            34.88615061775535,
            7.88481015152756,
            34.16213752610369,
            15.389981747556268,
            31.746824492572337,
            57.336116530329114,
            33.70613742963859,
            49.25472009166132,
            75.63052506094935,
            38.58748925854012,
            0.0
        ],
        [
            49.753962216047405,
            0.0,
            84.05926536446408,
            41.96937951101549,
            47.59818328322384,
            58.41503756773392,
            16.944877408724267,
            25.255556295967057,
            13.219530165775685,
            84.08869196971774,
            48.072654882792826,
            77.04956491338133,
            55.20033529852507,
            45.939398017066104,
            66.515749572068,
            26.36715365327962,
            98.52926687962554,
            45.93694670690816,
            68.81391704697835,
            49.753962216047405
        ],
        [
            74.45632100109889,
            84.05926536446408,
            0.0,
            89.16808270640627,
            100.79693418693692,
            88.20387856390688,
            75.34116100380155,
            103.72528340373194,
            71.43980727158304,
            92.71466336162861,
            81.71306881655234,
            58.5632348112829,
            60.22708653169922,
            102.51640260571135,
            18.511152914128328,
            60.49612243698773,
            101.57836707974714,
            59.33402404714188,
            39.984828643075055,
            74.45632100109889
        ],
        [
            18.679533801643586,
            41.96937951101549,
            89.16808270640627,
            0.0,
            11.632324828792363,
            18.120222997850323,
            28.34839485024457,
            33.58536259252928,
            38.74789427811837,
            45.226450098674405,
            11.449295632380874,
            52.73650273444976,
            33.43513809045973,
            13.629035072791178,
            71.11356262464248,
            37.00176818419793,
            59.258724773801255,
            78.27024537204889,
            56.23133518447754,
            18.679533801643586
        ],
        [
            28.93649684061433,
            47.59818328322384,
            100.79693418693692,
            11.632324828792363,
            0.0,
            22.758623989876508,
            36.79637817560221,
            32.61414254550247,
            47.138354670864274,
            48.33677967017507,
            21.08560966644502,
            62.03766921412957,
            44.210737088732564,
            3.6596823976461876,
            82.74267869693631,
            47.47732220293726,
            61.323235604968225,
            87.57387984369296,
            67.28498029541805,
            28.93649684061433
        ],
        [
            14.664818020232477,
            58.41503756773392,
            88.20387856390688,
            18.120222997850323,
            22.758623989876508,
            0.0,
            42.90071958486916,
            51.607460498534095,
            52.64381551233403,
            27.1118899802772,
            10.855948131644235,
            41.11265798091174,
            28.034106647639483,
            26.348597217894277,
            71.54275515922119,
            46.91177353500611,
            41.166891272834626,
            89.19942195848505,
            50.549414799069616,
            14.664818020232477
        ],
        [
            33.028659441125995,
            16.944877408724267,
            75.34116100380155,
            28.34839485024457,
            36.79637817560221,
            42.90071958486916,
            0.0,
            28.40713992589165,
            10.435174905522684,
            67.68411034896032,
            32.192718923953855,
            60.545984115426435,
            38.50940790345049,
            36.27723164617987,
            56.96430723120696,
            14.88789127973301,
            82.11686045245074,
            50.825984879474824,
            54.06567216553134,
            33.028659441125995
        ],
        [
            49.4422184329437,
            25.255556295967057,
            103.72528340373194,
            33.58536259252928,
            32.61414254550247,
            51.607460498534095,
            28.40713992589165,
            0.0,
            33.872001563826736,
            78.69566678896219,
            44.08092855549969,
            82.60315131666326,
            60.84525807989027,
            29.543326169987534,
            85.36977967010348,
            43.23020150417219,
            92.5130699504913,
            71.18968883124805,
            80.2549743198094,
            49.4422184329437
        ],
        [
            41.57497449421341,
            13.219530165775685,
            71.43980727158304,
            38.74789427811837,
            47.138354670864274,
            52.64381551233403,
            10.435174905522684,
            33.872001563826736,
            0.0,
            76.46102827643368,
            41.81613537556613,
            65.47529838313363,
            44.20963107957678,
            46.458406709506775,
            53.621057246645805,
            13.309922964415192,
            90.8181884715719,
            40.70294085239051,
            55.96244019139179,
            41.57497449421341
        ],
        [
            34.88615061775535,
            84.08869196971774,
            92.71466336162861,
            45.226450098674405,
            48.33677967017507,
            27.1118899802772,
            67.68411034896032,
            78.69566678896219,
            76.46102827643368,
            0.0,
            36.23192087074427,
            34.9732253170018,
            38.2938734441885,
            51.99006468801358,
            79.44916826579961,
            67.8993916403237,
            14.44222611898005,
            108.64383724387933,
            52.78760183411099,
            34.88615061775535
        ],
        [
            7.88481015152756,
            48.072654882792826,
            81.71306881655234,
            11.449295632380874,
            21.08560966644502,
            10.855948131644235,
            32.192718923953855,
            44.08092855549969,
            41.81613537556613,
            36.23192087074427,
            0.0,
            41.41068053236502,
            23.261028836741385,
            23.989931958905295,
            64.26341625935642,
            36.27830084552484,
            50.623724422319064,
            78.58374779047342,
            46.445260272388744,
            7.88481015152756
        ],
        [
            34.16213752610369,
            77.04956491338133,
            58.5632348112829,
            52.73650273444976,
            62.03766921412957,
            41.11265798091174,
            60.545984115426435,
            82.60315131666326,
            65.47529838313363,
            34.9732253170018,
            41.41068053236502,
            0.0,
            22.171859224354087,
            65.21253899989904,
            47.58733433382761,
            53.05754455072694,
            43.03117349237037,
            86.38920452288393,
            19.821220123156856,
            34.16213752610369
        ],
        [
            15.389981747556268,
            55.20033529852507,
            60.22708653169922,
            33.43513809045973,
            44.210737088732564,
            28.034106647639483,
            38.50940790345049,
            60.84525807989027,
            44.20963107957678,
            38.2938734441885,
            23.261028836741385,
            22.171859224354087,
            0.0,
            46.864952312946684,
            44.05376905402521,
            32.71246318359478,
            51.25706232614712,
            70.9345571806953,
            23.201763877860074,
            15.389981747556268
        ],
        [
            31.746824492572337,
            45.939398017066104,
            102.51640260571135,
            13.629035072791178,
            3.6596823976461876,
            26.348597217894277,
            36.27723164617987,
            29.543326169987534,
            46.458406709506775,
            51.99006468801358,
            23.989931958905295,
            65.21253899989904,
            46.864952312946684,
            0.0,
            84.32867612249089,
            47.825664003954856,
            64.92865617173767,
            87.09252100726381,
            69.80182253442807,
            31.746824492572337
        ],
        [
            57.336116530329114,
            66.515749572068,
            18.511152914128328,
            71.11356262464248,
            82.74267869693631,
            71.54275515922119,
            56.96430723120696,
            85.36977967010348,
            53.621057246645805,
            79.44916826579961,
            64.26341625935642,
            47.58733433382761,
            44.05376905402521,
            84.32867612249089,
            0.0,
            42.18097584350179,
            89.92815055005569,
            49.00698945714892,
            27.767214166389614,
            57.336116530329114
        ],
        [
            33.70613742963859,
            26.36715365327962,
            60.49612243698773,
            37.00176818419793,
            47.47732220293726,
            46.91177353500611,
            14.88789127973301,
            43.23020150417219,
            13.309922964415192,
            67.8993916403237,
            36.27830084552484,
            53.05754455072694,
            32.71246318359478,
            47.825664003954856,
            42.18097584350179,
            0.0,
            81.94056471591605,
            42.30675261935797,
            42.667501395252955,
            33.70613742963859
        ],
        [
            49.25472009166132,
            98.52926687962554,
            101.57836707974714,
            59.258724773801255,
            61.323235604968225,
            41.166891272834626,
            82.11686045245074,
            92.5130699504913,
            90.8181884715719,
            14.44222611898005,
            50.623724422319064,
            43.03117349237037,
            51.25706232614712,
            64.92865617173767,
            89.92815055005569,
            81.94056471591605,
            0.0,
            122.11204858035764,
            62.410678338912334,
            49.25472009166132
        ],
        [
            75.63052506094935,
            45.93694670690816,
            59.33402404714188,
            78.27024537204889,
            87.57387984369296,
            89.19942195848505,
            50.825984879474824,
            71.18968883124805,
            40.70294085239051,
            108.64383724387933,
            78.58374779047342,
            86.38920452288393,
            70.9345571806953,
            87.09252100726381,
            49.00698945714892,
            42.30675261935797,
            122.11204858035764,
            0.0,
            69.22521368396794,
            75.63052506094935
        ],
        [
            38.58748925854012,
            68.81391704697835,
            39.984828643075055,
            56.23133518447754,
            67.28498029541805,
            50.549414799069616,
            54.06567216553134,
            80.2549743198094,
            55.96244019139179,
            52.78760183411099,
            46.445260272388744,
            19.821220123156856,
            23.201763877860074,
            69.80182253442807,
            27.767214166389614,
            42.667501395252955,
            62.410678338912334,
            69.22521368396794,
            0.0,
            38.58748925854012
        ],
        [
            0.0,
            49.753962216047405,
            74.45632100109889,
            18.679533801643586,
            28.93649684061433,
            14.664818020232477,
            33.028659441125995,
            49.4422184329437,
            41.57497449421341,
            34.88615061775535,
            7.88481015152756,
            34.16213752610369,
            15.389981747556268,
            31.746824492572337,
            57.336116530329114,
            33.70613742963859,
            49.25472009166132,
            75.63052506094935,
            38.58748925854012,
            0.0
        ]
    ],
    "scores_ave": [
        0,
        16.06771742311808,
        16.31409496439414,
        19.28602008155891,
        15.57668334174867,
        18.81695788730636,
        10.887139814744497,
        15.648558468330815,
        12.768751777331182,
        18.79492355518587,
        12.751587539850277,
        12.73652924284248,
        12.287485885575336,
        15.835316376772484,
        19.955604499069114,
        10.77678420032003,
        18.69380603024586,
        12.287699859221796,
        11.444694676988044,
        0
    ],
    "scores_var": [
        0,
        19.75476387940458,
        238.4431662508387,
        244.04737162939284,
        301.64137161286084,
        22.24465844466591,
        23.9562838206266,
        238.85496491431195,
        24.239900360089997,
        22.417386858353435,
        357.0060311471964,
        18.209931421265868,
        20.067054073382636,
        24.706920578828047,
        21.32951154761679,
        368.97866317000785,
        346.6128344704283,
        290.21418554862043,
        18.256699956767932,
        0
    ],
    "vertex_number": 20,
    "minimum_distances": {
        "cost": 420.510466288425,
        "path": [
            0,
            5,
            9,
            16,
            11,
            12,
            18,
            14,
            2,
            17,
            15,
            6,
            8,
            1,
            7,
            13,
            4,
            3,
            10,
            19
        ]
    }
}