{
    "vertices": [
        [
            92.31182549334717,
            84.24881380422828
        ],
        [
            20.754282552724035,
            13.272606212765792
        ],
        [
            55.735253863791414,
            4.528882825946523
        ],
        [
            54.18394964519522,
            96.7232001591391
        ],
        [
            11.547436867312976,
            54.57866727122944
        ],
        [
            84.16122822168366,
            75.81783952969036
        ],
        [
            73.3864388648368,
            48.091440822795825
        ],
        [
            30.377627376269867,
            82.52326216889907
        ],
        [
            37.1953872484258,
            78.52575149938106
        ],
        [
            68.54533549570131,
            59.99122722090423
        ],
        [
            47.919928491995066,
            98.9173073878485
        ],
        [
            12.305241032034498,
            40.8638698873828
        ],
        [
            53.386082409998096,
            49.0236912311951
        ],
        [
            89.64096890818702,
            22.867313594340565
        ],
        [
            92.31182549334717,
            84.24881380422828
        ]
    ],
    "distances": [
        [
            0.0,
            100.78741982889284,
            87.71039269866502,
            40.11664531866634,
            86.04187390699197,
            11.726617717942752,
            40.8108549280338,
            61.95823129215011,
            55.41277115387205,
            33.959925701562774,
            46.7525959000285,
            91.01267447906905,
            52.4978355256301,
            61.43958042593503,
            0.0
        ],
        [
            100.78741982889284,
            0.0,
            36.05719141212928,
            89.89740970637546,
            42.31969621394392,
            89.06372420764207,
            63.10701325259576,
            69.91610770021171,
            67.29251736568597,
            66.83273367370612,
            89.84980333126525,
            28.85592025530594,
            48.40428123544602,
            69.55166401153875,
            100.78741982889284
        ],
        [
            87.71039269866502,
            36.05719141212928,
            0.0,
            92.2073678905978,
            66.76484175023222,
            76.74732155654561,
            47.00277429226905,
            82.01300159226606,
            76.28409550875638,
            56.92248973122215,
            94.7114248754864,
            56.62505893437385,
            44.55677929944103,
            38.54731580433241,
            87.71039269866502
        ],
        [
            40.11664531866634,
            89.89740970637546,
            92.2073678905978,
            0.0,
            59.95026166914215,
            36.54683753623147,
            52.285596567108826,
            27.719654018378247,
            24.894947078342174,
            39.4396658135225,
            6.637173158718539,
            69.81469052796247,
            47.70618140337801,
            81.92613865725981,
            40.11664531866634
        ],
        [
            86.04187390699197,
            42.31969621394392,
            66.76484175023222,
            59.95026166914215,
            0.0,
            75.65622996872533,
            62.17834249192409,
            33.69683158100288,
            35.08960247398385,
            57.25431209315903,
            57.3486979309786,
            13.735717470595995,
            42.205805520707706,
            84.28647399577083,
            86.04187390699197
        ],
        [
            11.726617717942752,
            89.06372420764207,
            76.74732155654561,
            36.54683753623147,
            75.65622996872533,
            0.0,
            29.746416102416493,
            54.19998535672503,
            47.043841313831294,
            22.23370780598704,
            42.9769382509644,
            79.90658851906007,
            40.80485244149602,
            53.23331433248799,
            11.726617717942752
        ],
        [
            40.8108549280338,
            63.10701325259576,
            47.00277429226905,
            52.285596567108826,
            62.17834249192409,
            29.746416102416493,
            0.0,
            55.09363109170658,
            47.28677916141715,
            12.84683611443926,
            56.849026927983516,
            61.507320786361355,
            20.022071549781483,
            30.00777134955998,
            40.8108549280338
        ],
        [
            61.95823129215011,
            69.91610770021171,
            82.01300159226606,
            27.719654018378247,
            33.69683158100288,
            54.19998535672503,
            55.09363109170658,
            0.0,
            7.903286735737861,
            44.32230298605628,
            24.01035291443531,
            45.41052866286146,
            40.64000807147255,
            84.08909471423166,
            61.95823129215011
        ],
        [
            55.41277115387205,
            67.29251736568597,
            76.28409550875638,
            24.894947078342174,
            35.08960247398385,
            47.043841313831294,
            47.28677916141715,
            7.903286735737861,
            0.0,
            36.41905882002306,
            23.039777265362382,
            45.14351232712748,
            33.65278844141503,
            76.47483733660327,
            55.41277115387205
        ],
        [
            33.959925701562774,
            66.83273367370612,
            56.92248973122215,
            39.4396658135225,
            57.25431209315903,
            22.23370780598704,
            12.84683611443926,
            44.32230298605628,
            36.41905882002306,
            0.0,
            44.05277665745834,
            59.40373745688382,
            18.710686780606622,
            42.69907155930375,
            33.959925701562774
        ],
        [
            46.7525959000285,
            89.84980333126525,
            94.7114248754864,
            6.637173158718539,
            57.3486979309786,
            42.9769382509644,
            56.849026927983516,
            24.01035291443531,
            23.039777265362382,
            44.05277665745834,
            0.0,
            68.10732389758938,
            50.19214850793662,
            86.7424162068484,
            46.7525959000285
        ],
        [
            91.01267447906905,
            28.85592025530594,
            56.62505893437385,
            69.81469052796247,
            13.735717470595995,
            79.90658851906007,
            61.507320786361355,
            45.41052866286146,
            45.14351232712748,
            59.40373745688382,
            68.10732389758938,
            0.0,
            41.88338826652328,
            79.40208337659001,
            91.01267447906905
        ],
        [
            52.4978355256301,
            48.40428123544602,
            44.55677929944103,
            47.70618140337801,
            42.205805520707706,
            40.80485244149602,
            20.022071549781483,
            40.64000807147255,
            33.65278844141503,
            18.710686780606622,
            50.19214850793662,
            41.88338826652328,
            0.0,
            44.705401083966414,
            52.4978355256301
        ],
        [
            61.43958042593503,
            69.55166401153875,
            38.54731580433241,
            81.92613865725981,
            84.28647399577083,
            53.23331433248799,
            30.00777134955998,
            84.08909471423166,
            76.47483733660327,
            42.69907155930375,
            86.7424162068484,
            79.40208337659001,
            44.705401083966414,
            0.0,
            61.43958042593503
        ],
        [
            0.0,
            100.78741982889284,
            87.71039269866502,
            40.11664531866634,
            86.04187390699197,
            11.726617717942752,
            40.8108549280338,
            61.95823129215011,
            55.41277115387205,
            33.959925701562774,
            46.7525959000285,
            91.01267447906905,
            52.4978355256301,
            61.43958042593503,
            0.0
        ]
    ],
    "scores_ave": [
        0,
        12.423664087607944,
        11.682402491122861,
        11.072152551948232,
        11.079822321505823,
        10.431298510447975,
        18.345996557672684,
        18.98490171083625,
        11.337452151969487,
        14.882138126586751,
        14.502071486726944,
        10.332461490107997,
        12.014188532838034,
        11.79767133154538,
        0
    ],
    "scores_var": [
        0,
        234.77606502972543,
        287.5597018730664,
        388.4709950574843,
        19.433386911776438,
        366.56229015159454,
        18.139667969827908,
        263.84831352257874,
        16.709744665559377,
        268.5765519889291,
        16.559390773659253,
        239.96815125140446,
        22.395689142230808,
        394.7486118097852,
        0
    ],
    "vertex_number": 15,
    "minimum_distances": {
        "cost": 331.2907142057295,
        "path": [
            0,
            3,
            10,
            8,
            7,
            4,
            11,
            1,
            2,
            13,
            6,
            12,
            9,
            5,
            14
        ]
    }
}