{
    "vertices": [
        [
            41.57367428181615,
            57.51053886911942
        ],
        [
            25.0943871109375,
            86.94377343630431
        ],
        [
            14.668546980448172,
            41.39109688515098
        ],
        [
            91.1786765030854,
            77.01785389899413
        ],
        [
            4.7855365580617875,
            54.50712869572786
        ],
        [
            6.856185470880183,
            80.21345883323505
        ],
        [
            24.50585074034308,
            3.070747665146656
        ],
        [
            90.4004601845879,
            13.92295025894712
        ],
        [
            96.94724805506894,
            65.9594772192306
        ],
        [
            66.00011480781612,
            29.983355269214506
        ],
        [
            58.8723503343759,
            49.68694131507689
        ],
        [
            4.772483927697591,
            90.88864678222593
        ],
        [
            20.219217233271223,
            27.283642722940705
        ],
        [
            94.95843366690234,
            22.700024170631426
        ],
        [
            30.58590484105681,
            20.504359467604083
        ],
        [
            26.668327845637574,
            82.06733073720844
        ],
        [
            92.50321793795933,
            92.44711958602981
        ],
        [
            41.57367428181615,
            57.51053886911942
        ]
    ],
    "distances": [
        [
            0.0,
            33.73250958270394,
            31.36434735455755,
            53.30282905293961,
            36.910534402139874,
            41.4816417736148,
            57.05262015696574,
            65.45176011724003,
            56.01443770730764,
            36.80213083115008,
            18.985596431479955,
            49.68325371127632,
            37.00916219627275,
            63.73150294930441,
            38.602958321616015,
            28.726388203795203,
            61.76069210438133,
            0.0
        ],
        [
            33.73250958270394,
            0.0,
            46.73055192698366,
            66.82557282303166,
            38.26990113399049,
            19.440399525721606,
            83.87509062331193,
            97.96389027493667,
            74.85435400551248,
            70.12679798893514,
            50.28938595005193,
            20.701250558947866,
            59.85898828139126,
            94.91177124511304,
            66.6659770459005,
            5.124156792479488,
            67.63310795985755,
            33.73250958270394
        ],
        [
            31.36434735455755,
            46.73055192698366,
            0.0,
            84.39825670530256,
            16.42267290866692,
            39.60061589905169,
            39.56288297896816,
            80.55942996718626,
            85.86844567573581,
            52.58389890823659,
            44.97551851572415,
            50.47711867527148,
            15.160151819636857,
            82.43677640072487,
            26.260580367010803,
            42.409323753153984,
            93.08573175893653,
            31.36434735455755
        ],
        [
            53.30282905293961,
            66.82557282303166,
            84.39825670530256,
            0.0,
            89.27769810393524,
            84.38302189879238,
            99.56626042766155,
            63.09970274086237,
            12.472534327148255,
            53.34982690128641,
            42.31639745050103,
            87.51245060323997,
            86.65296660339273,
            54.4491798892952,
            82.85685868130344,
            64.70766801736207,
            15.486014647217488,
            53.30282905293961
        ],
        [
            36.910534402139874,
            38.26990113399049,
            16.42267290866692,
            89.27769810393524,
            0.0,
            25.78959084705817,
            55.08713175480294,
            94.74698246891221,
            92.87054082302609,
            65.94421925665857,
            54.301175225387794,
            36.381520427950036,
            31.294035976442412,
            95.61821621046877,
            42.68310343355104,
            35.1912104239515,
            95.57109675744765,
            36.910534402139874
        ],
        [
            41.4816417736148,
            19.440399525721606,
            39.60061589905169,
            84.38302189879238,
            25.78959084705817,
            0.0,
            79.13601310710058,
            106.64931956874926,
            91.2117073044935,
            77.59553905647347,
            60.31210225893957,
            10.876646995620556,
            54.59062237557149,
            105.21312324935073,
            64.25166245664099,
            19.898689065212295,
            86.5163373348143,
            41.4816417736148
        ],
        [
            57.05262015696574,
            83.87509062331193,
            39.56288297896816,
            99.56626042766155,
            55.08713175480294,
            79.13601310710058,
            0.0,
            66.78225703692897,
            95.93095616033796,
            49.457682907226,
            57.91481507139994,
            90.00771728635236,
            24.589418738630215,
            73.13600301597351,
            18.463420006769837,
            79.02617569066645,
            112.3021718558795,
            57.05262015696574
        ],
        [
            65.45176011724003,
            97.96389027493667,
            80.55942996718626,
            63.09970274086237,
            94.74698246891221,
            106.64931956874926,
            66.78225703692897,
            0.0,
            52.446740313477896,
            29.2115296347105,
            47.67687874630601,
            115.13413377085017,
            71.441689266906,
            9.890002462924407,
            60.17554302302671,
            93.30295431140173,
            78.55231860790435,
            65.45176011724003
        ],
        [
            56.01443770730764,
            74.85435400551248,
            85.86844567573581,
            12.472534327148255,
            92.87054082302609,
            91.2117073044935,
            95.93095616033796,
            52.446740313477896,
            0.0,
            47.45530957422627,
            41.40643985170915,
            95.48638979999775,
            85.92444871964642,
            43.305145892082336,
            80.43628287646158,
            72.10124527884557,
            26.857859219104444,
            56.01443770730764
        ],
        [
            36.80213083115008,
            70.12679798893514,
            52.58389890823659,
            53.34982690128641,
            65.94421925665857,
            77.59553905647347,
            49.457682907226,
            29.2115296347105,
            47.45530957422627,
            0.0,
            20.953193776976804,
            86.36131840978891,
            45.86042989946211,
            29.860193285310398,
            36.66084599373918,
            65.26660682300552,
            67.85378639511325,
            36.80213083115008
        ],
        [
            18.985596431479955,
            50.28938595005193,
            44.97551851572415,
            42.31639745050103,
            54.301175225387794,
            60.31210225893957,
            57.91481507139994,
            47.67687874630601,
            41.40643985170915,
            20.953193776976804,
            0.0,
            68.00276522776217,
            44.67630788617302,
            45.0610597660908,
            40.641679122927016,
            45.668245900012984,
            54.400993571197134,
            18.985596431479955
        ],
        [
            49.68325371127632,
            20.701250558947866,
            50.47711867527148,
            87.51245060323997,
            36.381520427950036,
            10.876646995620556,
            90.00771728635236,
            115.13413377085017,
            95.48638979999775,
            86.36131840978891,
            68.00276522776217,
            0.0,
            65.45378607227552,
            113.06278691076398,
            74.96853073148418,
            23.606007660018935,
            87.7445754873741,
            49.68325371127632
        ],
        [
            37.00916219627275,
            59.85898828139126,
            15.160151819636857,
            86.65296660339273,
            31.294035976442412,
            54.59062237557149,
            24.589418738630215,
            71.441689266906,
            85.92444871964642,
            45.86042989946211,
            44.67630788617302,
            65.45378607227552,
            0.0,
            74.87963696590836,
            12.386561000273755,
            55.16197512902487,
            97.32037543475518,
            37.00916219627275
        ],
        [
            63.73150294930441,
            94.91177124511304,
            82.43677640072487,
            54.4491798892952,
            95.61821621046877,
            105.21312324935073,
            73.13600301597351,
            9.890002462924407,
            43.305145892082336,
            29.860193285310398,
            45.0610597660908,
            113.06278691076398,
            74.87963696590836,
            0.0,
            64.4099635997602,
            90.48765463890352,
            69.79029590967741,
            63.73150294930441
        ],
        [
            38.602958321616015,
            66.6659770459005,
            26.260580367010803,
            82.85685868130344,
            42.68310343355104,
            64.25166245664099,
            18.463420006769837,
            60.17554302302671,
            80.43628287646158,
            36.66084599373918,
            40.641679122927016,
            74.96853073148418,
            12.386561000273755,
            64.4099635997602,
            0.0,
            61.68749339256029,
            94.91846182169833,
            38.602958321616015
        ],
        [
            28.726388203795203,
            5.124156792479488,
            42.409323753153984,
            64.70766801736207,
            35.1912104239515,
            19.898689065212295,
            79.02617569066645,
            93.30295431140173,
            72.10124527884557,
            65.26660682300552,
            45.668245900012984,
            23.606007660018935,
            55.16197512902487,
            90.48765463890352,
            61.68749339256029,
            0.0,
            66.64812653041496,
            28.726388203795203
        ],
        [
            61.76069210438133,
            67.63310795985755,
            93.08573175893653,
            15.486014647217488,
            95.57109675744765,
            86.5163373348143,
            112.3021718558795,
            78.55231860790435,
            26.857859219104444,
            67.85378639511325,
            54.400993571197134,
            87.7445754873741,
            97.32037543475518,
            69.79029590967741,
            94.91846182169833,
            66.64812653041496,
            0.0,
            61.76069210438133
        ],
        [
            0.0,
            33.73250958270394,
            31.36434735455755,
            53.30282905293961,
            36.910534402139874,
            41.4816417736148,
            57.05262015696574,
            65.45176011724003,
            56.01443770730764,
            36.80213083115008,
            18.985596431479955,
            49.68325371127632,
            37.00916219627275,
            63.73150294930441,
            38.602958321616015,
            28.726388203795203,
            61.76069210438133,
            0.0
        ]
    ],
    "scores_ave": [
        0,
        12.021346968856605,
        18.488218062218717,
        10.980195622249669,
        16.154712041015486,
        14.030233387344797,
        14.656441569268798,
        10.072680984270688,
        12.837802054766446,
        12.55548827336974,
        12.62083514421758,
        19.79476946762598,
        16.738514627273997,
        15.826280241536805,
        15.954456566163051,
        14.55253931750811,
        19.533722240377834,
        0
    ],
    "scores_var": [
        0,
        245.501649194428,
        314.6045338237909,
        20.35901409902391,
        23.14083428331726,
        394.9520563825772,
        299.6384518955432,
        314.6294706838885,
        22.676067720795707,
        18.81895074840609,
        17.80693951301525,
        230.13226857074352,
        240.06490668943937,
        22.557377252472616,
        248.81478059439834,
        283.40314238469364,
        20.01732190552297,
        0
    ],
    "vertex_number": 18,
    "minimum_distances": {
        "cost": 386.2663598321043,
        "path": [
            0,
            10,
            16,
            3,
            8,
            13,
            7,
            9,
            14,
            6,
            12,
            2,
            4,
            5,
            11,
            1,
            15,
            17
        ]
    }
}