{
    "vertices": [
        [
            14.77487571803704,
            1.7054381831416165
        ],
        [
            31.825056261782148,
            35.97214827743228
        ],
        [
            64.5019847181734,
            42.549678119281744
        ],
        [
            71.60594873076563,
            64.09851931339577
        ],
        [
            66.96929297828181,
            7.443409752779284
        ],
        [
            95.67970089025819,
            48.994465757578155
        ],
        [
            23.18155965016022,
            86.01062277454342
        ],
        [
            75.42023012117691,
            53.15241928898738
        ],
        [
            43.76284334240231,
            98.21390874041552
        ],
        [
            48.24763137949284,
            4.751836758005568
        ],
        [
            65.02941812972855,
            38.15793056965696
        ],
        [
            21.043734927404245,
            31.38483770776088
        ],
        [
            82.41379915668436,
            77.95673019944775
        ],
        [
            73.02054584108608,
            32.8083411347301
        ],
        [
            67.22251008532555,
            2.195267755227337
        ],
        [
            35.20807811841308,
            17.76410297329386
        ],
        [
            14.77487571803704,
            1.7054381831416165
        ]
    ],
    "distances": [
        [
            0.0,
            38.27422209869805,
            64.35089203323002,
            84.39589701344826,
            52.508870782664026,
            93.71148736992434,
            84.72329363123785,
            79.52767364627039,
            100.76798676313551,
            33.61109810536476,
            62.083034995056906,
            30.334227399570246,
            101.92783475623912,
            66.02990731554134,
            52.449921675198645,
            25.988391161770835,
            0.0
        ],
        [
            38.27422209869805,
            0.0,
            33.33234993462856,
            48.71973063638091,
            45.265950737760754,
            65.16898336772391,
            50.779513228005264,
            46.85830658337257,
            63.37623770715334,
            35.27617928385809,
            33.27622711916926,
            11.71666795542705,
            65.74135705058838,
            41.316800908525714,
            48.92706199028504,
            18.519658492531654,
            38.27422209869805
        ],
        [
            64.35089203323002,
            33.33234993462856,
            0.0,
            22.6896201268631,
            35.192864172603095,
            31.83685401244626,
            59.9685854271135,
            15.219270777273731,
            59.402176354465226,
            41.14463287028912,
            4.423305612690579,
            44.86951232509238,
            39.67987441370294,
            12.940615512849183,
            40.446009619044254,
            38.37261652784305,
            64.35089203323002
        ],
        [
            84.39589701344826,
            48.71973063638091,
            22.6896201268631,
            0.0,
            56.84452494209534,
            28.419675875239662,
            53.151309823200926,
            11.591628370060485,
            44.03519403187316,
            63.77805045478442,
            26.76125742782214,
            60.22227518860179,
            17.57440297112028,
            31.32213810449683,
            62.05825559772221,
            58.92099051010141,
            84.39589701344826
        ],
        [
            52.508870782664026,
            45.265950737760754,
            35.192864172603095,
            56.84452494209534,
            0.0,
            50.50522525032443,
            89.94538649659556,
            46.483673385118,
            93.69003570907144,
            18.91415285456277,
            30.775719381331474,
            51.79139749811835,
            72.1849093059572,
            26.076759868140638,
            5.254247170600955,
            33.39597996655768,
            52.508870782664026
        ],
        [
            93.71148736992434,
            65.16898336772391,
            31.83685401244626,
            28.419675875239662,
            50.50522525032443,
            0.0,
            81.401329003732,
            20.68174879966917,
            71.53959508681285,
            64.86302058082015,
            32.509542109655655,
            76.68524248681231,
            31.855877172126668,
            27.84650674409252,
            54.772042523276234,
            68.05992007267086,
            93.71148736992434
        ],
        [
            84.72329363123785,
            50.779513228005264,
            59.9685854271135,
            53.151309823200926,
            89.94538649659556,
            81.401329003732,
            0.0,
            61.713371556557156,
            23.92716921797063,
            85.03704049895866,
            63.56983097807938,
            54.66760181961112,
            59.777281491963315,
            72.89998159273647,
            94.68167220875793,
            69.2980851932402,
            84.72329363123785
        ],
        [
            79.52767364627039,
            46.85830658337257,
            15.219270777273731,
            11.591628370060485,
            46.483673385118,
            20.68174879966917,
            61.713371556557156,
            0.0,
            55.07020945340686,
            55.50645468515309,
            18.242907273670887,
            58.57158728815306,
            25.77137651731455,
            20.485116562779023,
            51.61234257637201,
            53.56631497828616,
            79.52767364627039
        ],
        [
            100.76798676313551,
            63.37623770715334,
            59.402176354465226,
            44.03519403187316,
            93.69003570907144,
            71.53959508681285,
            23.92716921797063,
            55.07020945340686,
            0.0,
            93.56961164279143,
            63.71018534921688,
            70.58528615979421,
            43.637709240956134,
            71.65124862361697,
            98.84298346535013,
            80.90336986804182,
            100.76798676313551
        ],
        [
            33.61109810536476,
            35.27617928385809,
            41.14463287028912,
            63.77805045478442,
            18.91415285456277,
            64.86302058082015,
            85.03704049895866,
            55.50645468515309,
            93.56961164279143,
            0.0,
            37.38442817916627,
            38.07057553761994,
            80.78541603750088,
            37.42812750809981,
            19.14633299008012,
            18.42142831883752,
            33.61109810536476
        ],
        [
            62.083034995056906,
            33.27622711916926,
            4.423305612690579,
            26.76125742782214,
            30.775719381331474,
            32.509542109655655,
            63.56983097807938,
            18.242907273670887,
            63.71018534921688,
            37.38442817916627,
            0.0,
            44.50410221194337,
            43.429956892249116,
            9.616456167503037,
            36.029470840272744,
            36.12783586240209,
            62.083034995056906
        ],
        [
            30.334227399570246,
            11.71666795542705,
            44.86951232509238,
            60.22227518860179,
            51.79139749811835,
            76.68524248681231,
            54.66760181961112,
            58.57158728815306,
            70.58528615979421,
            38.07057553761994,
            44.50410221194337,
            0.0,
            77.04041766347848,
            51.996300202641606,
            54.63067150511422,
            19.650776899130342,
            30.334227399570246
        ],
        [
            101.92783475623912,
            65.74135705058838,
            39.67987441370294,
            17.57440297112028,
            72.1849093059572,
            31.855877172126668,
            59.777281491963315,
            25.77137651731455,
            43.637709240956134,
            80.78541603750088,
            43.429956892249116,
            77.04041766347848,
            0.0,
            46.115184516492114,
            77.26949239730132,
            76.4953101250646,
            101.92783475623912
        ],
        [
            66.02990731554134,
            41.316800908525714,
            12.940615512849183,
            31.32213810449683,
            26.076759868140638,
            27.84650674409252,
            72.89998159273647,
            20.485116562779023,
            71.65124862361697,
            37.42812750809981,
            9.616456167503037,
            51.996300202641606,
            46.115184516492114,
            0.0,
            31.157302199707505,
            40.695353753668265,
            66.02990731554134
        ],
        [
            52.449921675198645,
            48.92706199028504,
            40.446009619044254,
            62.05825559772221,
            5.254247170600955,
            54.772042523276234,
            94.68167220875793,
            51.61234257637201,
            98.84298346535013,
            19.14633299008012,
            36.029470840272744,
            54.63067150511422,
            77.26949239730132,
            31.157302199707505,
            0.0,
            35.59933263716296,
            52.449921675198645
        ],
        [
            25.988391161770835,
            18.519658492531654,
            38.37261652784305,
            58.92099051010141,
            33.39597996655768,
            68.05992007267086,
            69.2980851932402,
            53.56631497828616,
            80.90336986804182,
            18.42142831883752,
            36.12783586240209,
            19.650776899130342,
            76.4953101250646,
            40.695353753668265,
            35.59933263716296,
            0.0,
            25.988391161770835
        ],
        [
            0.0,
            38.27422209869805,
            64.35089203323002,
            84.39589701344826,
            52.508870782664026,
            93.71148736992434,
            84.72329363123785,
            79.52767364627039,
            100.76798676313551,
            33.61109810536476,
            62.083034995056906,
            30.334227399570246,
            101.92783475623912,
            66.02990731554134,
            52.449921675198645,
            25.988391161770835,
            0.0
        ]
    ],
    "scores_ave": [
        0,
        13.678462990258138,
        16.075019911851122,
        13.298437346155442,
        17.399849477030394,
        16.83244225473378,
        18.46212240467337,
        17.486646567919724,
        18.71671872431424,
        16.03727523905423,
        17.69131064407237,
        14.785418904467528,
        10.895139711632918,
        16.512006898983554,
        16.600222090072716,
        14.242765885007145,
        0
    ],
    "scores_var": [
        0,
        370.1099089909199,
        18.620504033830592,
        17.67483494428215,
        21.64079412954083,
        22.10872726520784,
        16.317238570184383,
        18.359103895782127,
        327.9994598684061,
        299.4078376508103,
        18.01899424224317,
        287.8465607056311,
        377.78126115767634,
        22.624482603634267,
        303.4012864865843,
        24.172159510611728,
        0
    ],
    "vertex_number": 17,
    "minimum_distances": {
        "cost": 391.06613853985283,
        "path": [
            0,
            11,
            1,
            10,
            2,
            3,
            6,
            8,
            12,
            5,
            7,
            13,
            4,
            14,
            9,
            15,
            16
        ]
    }
}