{
    "vertices": [
        [
            75.02864509638273,
            72.11596982968852
        ],
        [
            55.01483813917014,
            83.57327359335946
        ],
        [
            23.73304794619019,
            74.47230586494057
        ],
        [
            53.41932008573929,
            23.79396996458938
        ],
        [
            93.43445245000234,
            97.19094230099422
        ],
        [
            57.81078981447209,
            18.36050405183919
        ],
        [
            34.382114154033935,
            67.72220765966208
        ],
        [
            36.554005491307485,
            39.458000846915894
        ],
        [
            20.30459756373584,
            55.208164414317615
        ],
        [
            97.97553206296635,
            55.4652912890152
        ],
        [
            90.68867781289192,
            76.2638775785048
        ],
        [
            18.65957887495521,
            64.96130998697835
        ],
        [
            58.909458822715465,
            28.343947451367768
        ],
        [
            43.24011245289148,
            25.93478633849413
        ],
        [
            52.812296271714956,
            39.96763593824557
        ],
        [
            89.70033437611139,
            99.4405214310211
        ],
        [
            75.02864509638273,
            72.11596982968852
        ]
    ],
    "distances": [
        [
            0.0,
            23.061272264417664,
            51.34968944897202,
            52.93371891694615,
            31.105111939604015,
            56.44559009791951,
            40.88331718016621,
            50.46623456153792,
            57.27648088281474,
            28.351450003871133,
            16.200054425057605,
            56.82130572365062,
            46.64566549223407,
            56.0643604821608,
            39.077890514906464,
            31.014344850968417,
            0.0
        ],
        [
            23.061272264417664,
            0.0,
            32.57879695862538,
            59.80059213920467,
            40.76159546465273,
            65.27267925438682,
            26.01856241765168,
            47.822166738297184,
            44.826110912541694,
            51.338873104455956,
            36.414970920877856,
            40.84250317320843,
            55.366474841434375,
            58.82889917392967,
            43.66122794868439,
            38.14253797461102,
            23.061272264417664
        ],
        [
            51.34968944897202,
            32.57879695862538,
            0.0,
            58.73302719230632,
            73.31045103747233,
            65.64927108166565,
            12.608189278399315,
            37.28777961033571,
            19.566844862025167,
            76.63689092675406,
            66.97959465427965,
            10.779570075257743,
            58.01038986324052,
            52.3107672229033,
            45.123995057260885,
            70.53435097512084,
            51.34968944897202
        ],
        [
            52.93371891694615,
            59.80059213920467,
            58.73302719230632,
            0.0,
            83.5962102387451,
            6.9862406345183095,
            47.875936300828236,
            23.01739993682243,
            45.644676147767974,
            54.66560728826327,
            64.35911924822535,
            53.87939767257676,
            7.130492162637623,
            10.40189226916938,
            16.18505325719371,
            83.8970365787832,
            52.93371891694615
        ],
        [
            31.105111939604015,
            40.76159546465273,
            73.31045103747233,
            83.5962102387451,
            0.0,
            86.50597282340635,
            65.99685583103748,
            81.04614596118026,
            84.3239545726386,
            41.97203064452259,
            21.10642831596715,
            81.42500179466342,
            77.01872424799498,
            87.1602634822641,
            70.1759671373196,
            4.359385742511387,
            31.105111939604015
        ],
        [
            56.44559009791951,
            65.27267925438682,
            65.64927108166565,
            6.9862406345183095,
            86.50597282340635,
            0.0,
            54.63955184908239,
            29.94921118793963,
            52.578175428001984,
            54.68063419350657,
            66.58645646830291,
            60.864213063466515,
            10.043715233979169,
            16.42176576782206,
            22.17776106944847,
            87.12584157732549,
            56.44559009791951
        ],
        [
            40.88331718016621,
            26.01856241765168,
            12.608189278399315,
            47.875936300828236,
            65.99685583103748,
            54.63955184908239,
            0.0,
            28.347530734344595,
            18.83554490043942,
            64.76383867759196,
            56.950761505633004,
            15.963103443907942,
            46.39221932100721,
            42.71595386428078,
            33.31648037128385,
            63.76642468444222,
            40.88331718016621
        ],
        [
            50.46623456153792,
            47.822166738297184,
            37.28777961033571,
            23.01739993682243,
            81.04614596118026,
            29.94921118793963,
            28.347530734344595,
            0.0,
            22.62986766193158,
            63.47312245108728,
            65.46170872614186,
            31.154923864802015,
            24.965746063994462,
            15.08579984430825,
            16.266276372501395,
            80.14009639097239,
            50.46623456153792
        ],
        [
            57.27648088281474,
            44.826110912541694,
            19.566844862025167,
            45.644676147767974,
            84.3239545726386,
            52.578175428001984,
            18.83554490043942,
            22.62986766193158,
            0.0,
            77.67136010276535,
            73.4660588936971,
            9.890901629677106,
            47.03213226994401,
            37.188284542323046,
            35.90298293343758,
            82.29380107265439,
            57.27648088281474
        ],
        [
            28.351450003871133,
            51.338873104455956,
            76.63689092675406,
            54.66560728826327,
            41.97203064452259,
            54.68063419350657,
            64.76383867759196,
            63.47312245108728,
            77.67136010276535,
            0.0,
            22.03813595799728,
            79.88238104384997,
            47.55760054894005,
            62.193382948057405,
            47.74824801505715,
            44.74706429251995,
            28.351450003871133
        ],
        [
            16.200054425057605,
            36.414970920877856,
            66.97959465427965,
            64.35911924822535,
            21.10642831596715,
            66.58645646830291,
            56.950761505633004,
            65.46170872614186,
            73.4660588936971,
            22.03813595799728,
            0.0,
            72.91048709185874,
            57.49989967830629,
            69.16924012715155,
            52.45986500040674,
            23.19770771036243,
            16.200054425057605
        ],
        [
            56.82130572365062,
            40.84250317320843,
            10.779570075257743,
            53.87939767257676,
            81.42500179466342,
            60.864213063466515,
            15.963103443907942,
            31.154923864802015,
            9.890901629677106,
            79.88238104384997,
            72.91048709185874,
            0.0,
            54.414006238039946,
            46.12236094414238,
            42.32129308087401,
            78.96584681986296,
            56.82130572365062
        ],
        [
            46.64566549223407,
            55.366474841434375,
            58.01038986324052,
            7.130492162637623,
            77.01872424799498,
            10.043715233979169,
            46.39221932100721,
            24.965746063994462,
            47.03213226994401,
            47.55760054894005,
            57.49989967830629,
            54.414006238039946,
            0.0,
            15.85346879787823,
            13.125758081470899,
            77.47774421722043,
            46.64566549223407
        ],
        [
            56.0643604821608,
            58.82889917392967,
            52.3107672229033,
            10.40189226916938,
            87.1602634822641,
            16.42176576782206,
            42.71595386428078,
            15.08579984430825,
            37.188284542323046,
            62.193382948057405,
            69.16924012715155,
            46.12236094414238,
            15.85346879787823,
            0.0,
            16.986688051253257,
            86.95772140901343,
            56.0643604821608
        ],
        [
            39.077890514906464,
            43.66122794868439,
            45.123995057260885,
            16.18505325719371,
            70.1759671373196,
            22.17776106944847,
            33.31648037128385,
            16.266276372501395,
            35.90298293343758,
            47.74824801505715,
            52.45986500040674,
            42.32129308087401,
            13.125758081470899,
            16.986688051253257,
            0.0,
            69.98393718581566,
            39.077890514906464
        ],
        [
            31.014344850968417,
            38.14253797461102,
            70.53435097512084,
            83.8970365787832,
            4.359385742511387,
            87.12584157732549,
            63.76642468444222,
            80.14009639097239,
            82.29380107265439,
            44.74706429251995,
            23.19770771036243,
            78.96584681986296,
            77.47774421722043,
            86.95772140901343,
            69.98393718581566,
            0.0,
            31.014344850968417
        ],
        [
            0.0,
            23.061272264417664,
            51.34968944897202,
            52.93371891694615,
            31.105111939604015,
            56.44559009791951,
            40.88331718016621,
            50.46623456153792,
            57.27648088281474,
            28.351450003871133,
            16.200054425057605,
            56.82130572365062,
            46.64566549223407,
            56.0643604821608,
            39.077890514906464,
            31.014344850968417,
            0.0
        ]
    ],
    "scores_ave": [
        0,
        16.57887050161895,
        16.06010365802471,
        16.37390049339923,
        11.416003687098025,
        17.06744308298304,
        16.9598298120137,
        18.356879478448707,
        14.614120996634874,
        10.932522323129485,
        10.046697280160593,
        18.075906594935333,
        14.755778664074795,
        13.151743899953956,
        14.604699700319957,
        19.33267940654094,
        0
    ],
    "scores_var": [
        0,
        17.432541318805733,
        334.1424763643289,
        24.867304721113456,
        18.61208504840798,
        19.256079086906603,
        294.66571558720557,
        272.2386331565104,
        16.564585960699517,
        23.246947486416254,
        262.489324798567,
        306.0465697071186,
        259.2174127310823,
        20.874704474747436,
        24.931251243573058,
        313.807816226293,
        0
    ],
    "vertex_number": 17,
    "minimum_distances": {
        "cost": 291.7490713051409,
        "path": [
            0,
            15,
            4,
            10,
            9,
            12,
            5,
            3,
            13,
            14,
            7,
            8,
            11,
            2,
            6,
            1,
            16
        ]
    }
}