{
    "vertices": [
        [
            78.69789200962477,
            84.06398009720401
        ],
        [
            21.373091282423484,
            98.8137878189019
        ],
        [
            71.0356067992643,
            91.74822682540588
        ],
        [
            49.36942077754291,
            56.83129884073425
        ],
        [
            16.670605581345733,
            4.495606641265237
        ],
        [
            47.43975595035551,
            56.0869884544192
        ],
        [
            54.92825493063326,
            79.50816933351157
        ],
        [
            3.8674910259684725,
            28.152517853160486
        ],
        [
            34.75812251401431,
            18.62210717968994
        ],
        [
            48.92786832777205,
            88.0021896951333
        ],
        [
            72.4676724209565,
            4.12204661779133
        ],
        [
            47.291204511941686,
            99.41612608185933
        ],
        [
            42.50176352760394,
            53.842055294343616
        ],
        [
            18.878240025530346,
            22.88215163712358
        ],
        [
            9.46408848295307,
            56.305603563059684
        ],
        [
            16.1022678924306,
            41.47821646309394
        ],
        [
            19.71959329595454,
            3.527902410264161
        ],
        [
            40.22085894878745,
            82.66924166670668
        ],
        [
            46.27097672199364,
            63.510117465830284
        ],
        [
            82.27516450749191,
            80.1184596803454
        ],
        [
            98.38704888475661,
            74.39398642744784
        ],
        [
            55.919151997056474,
            93.10057597331041
        ],
        [
            78.69789200962477,
            84.06398009720401
        ]
    ],
    "distances": [
        [
            0.0,
            59.19197248141335,
            10.851647912865118,
            40.02222074332623,
            100.88860349950092,
            41.949769144540475,
            24.202294490017756,
            93.41135113915168,
            78.8247554660301,
            30.02938235887135,
            80.18433989595393,
            34.95809499831607,
            47.154262329896625,
            85.56638882889051,
            74.59119933732875,
            75.70838409926176,
            99.82233982609166,
            38.50230341751353,
            38.39226620219997,
            5.325787254842686,
            21.935625726809707,
            24.505735279485965,
            0.0
        ],
        [
            59.19197248141335,
            0.0,
            50.162611570902754,
            50.46111221526199,
            94.4353359311351,
            50.050478427715106,
            38.712477478993556,
            72.79739771111456,
            81.30107443823867,
            29.599939054139035,
            107.59731443405191,
            25.925111470563614,
            49.687800485679304,
            75.97261122296618,
            44.14487599264977,
            57.57733340391375,
            95.30023092154237,
            24.81702473032568,
            43.200160182114,
            63.706968357628654,
            80.79279897102232,
            35.01529809228697,
            59.19197248141335
        ],
        [
            10.851647912865118,
            50.162611570902754,
            0.0,
            41.092766718907846,
            102.80356553360488,
            42.7608243540309,
            20.230318623906292,
            92.49848634554732,
            81.63017359105713,
            22.42286543921805,
            87.6378814766889,
            24.951819953448904,
            47.44531643896995,
            86.38823542941456,
            71.04386962639671,
            74.46304899263794,
            102.05958495792896,
            32.12439348221765,
            37.55898991010553,
            16.173408463428693,
            32.39245350303306,
            15.176826216473264,
            10.851647912865118
        ],
        [
            40.02222074332623,
            50.46111221526199,
            41.092766718907846,
            0.0,
            61.71091632144687,
            2.06823700200452,
            23.348256733378587,
            53.78566807292104,
            40.90760765843209,
            31.174018111606287,
            57.54819283769276,
            42.63550743222225,
            7.490012889326517,
            45.63175100195397,
            39.90879478343845,
            36.63905838822889,
            60.99478945542648,
            27.409769663621432,
            7.362538542669798,
            40.31227890346806,
            52.06895294247437,
            36.85592819028552,
            40.02222074332623
        ],
        [
            100.88860349950092,
            94.4353359311351,
            102.80356553360488,
            61.71091632144687,
            0.0,
            60.070053203084214,
            84.2052984995079,
            26.899241446658085,
            22.95030035210184,
            89.52027934063068,
            55.79831731329476,
            99.73728535377637,
            55.69848036989376,
            18.51860380060748,
            52.30879151467539,
            36.98697658585063,
            3.198871295087193,
            81.6439320878265,
            66.0219240822835,
            100.11380550985214,
            107.53306748574126,
            96.90866311160661,
            100.88860349950092
        ],
        [
            41.949769144540475,
            50.050478427715106,
            42.7608243540309,
            2.06823700200452,
            60.070053203084214,
            0.0,
            24.589211674000108,
            51.757868178795356,
            39.5530170220084,
            31.949875566003367,
            57.67800085772303,
            43.329392276692545,
            5.424342730724052,
            43.798645869333356,
            37.97629671466735,
            34.575343481665016,
            59.42108164097435,
            27.54502967436079,
            7.514578444909806,
            42.320412316341276,
            54.13661267689503,
            37.972434980330505,
            41.949769144540475
        ],
        [
            24.202294490017756,
            38.712477478993556,
            20.230318623906292,
            23.348256733378587,
            84.2052984995079,
            24.589211674000108,
            0.0,
            72.41964201443697,
            64.1400561763316,
            10.399664479560897,
            77.39960377165693,
            21.322553341279797,
            28.516084907664588,
            67.1275610670445,
            51.04262423812587,
            54.3482712219705,
            83.74157161071926,
            15.04326676166137,
            18.190275686278294,
            27.353718535371417,
            43.758675011289164,
            13.628477363883821,
            24.202294490017756
        ],
        [
            93.41135113915168,
            72.79739771111456,
            92.49848634554732,
            53.78566807292104,
            26.899241446658085,
            51.757868178795356,
            72.41964201443697,
            0.0,
            32.32738531547596,
            74.91609187733118,
            72.68733338910684,
            83.45130766312393,
            46.3956824033506,
            15.909096315598536,
            28.703974255918933,
            18.090439696560704,
            29.285846958703882,
            65.52587683270113,
            55.21064616125118,
            94.06499014389763,
            105.2246180022888,
            83.23235947290848,
            93.41135113915168
        ],
        [
            78.8247554660301,
            81.30107443823867,
            81.63017359105713,
            40.90760765843209,
            22.95030035210184,
            39.5530170220084,
            64.1400561763316,
            32.32738531547596,
            0.0,
            70.81226974385324,
            40.40126124866514,
            81.76033044656117,
            36.061180254482025,
            16.44136997416489,
            45.38539475690307,
            29.503264958925698,
            21.307096908396353,
            64.27967738993256,
            46.34090287707857,
            77.71531799262476,
            84.61171778140327,
            77.42629710004526,
            78.8247554660301
        ],
        [
            30.02938235887135,
            29.599939054139035,
            22.42286543921805,
            31.174018111606287,
            89.52027934063068,
            31.949875566003367,
            10.399664479560897,
            74.91609187733118,
            70.81226974385324,
            0.0,
            87.12061053172701,
            11.530681345275179,
            34.75930961890294,
            71.71889233514081,
            50.61683012663182,
            56.93856451682114,
            89.38136574600378,
            10.210403860750324,
            24.635760087528283,
            34.26653413235757,
            51.29711237041559,
            8.65283710616973,
            30.02938235887135
        ],
        [
            80.18433989595393,
            107.59731443405191,
            87.6378814766889,
            57.54819283769276,
            55.79831731329476,
            57.67800085772303,
            77.39960377165693,
            72.68733338910684,
            40.40126124866514,
            87.12061053172701,
            0.0,
            98.56376675674363,
            58.052002192871356,
            56.778242353918685,
            81.80816098955597,
            67.62057566433063,
            52.75142518185463,
            84.9088854547109,
            64.90924298276597,
            76.62663831463438,
            74.89966355654866,
            90.50432152384332,
            80.18433989595393
        ],
        [
            34.95809499831607,
            25.925111470563614,
            24.951819953448904,
            42.63550743222225,
            99.73728535377637,
            43.329392276692545,
            21.322553341279797,
            83.45130766312393,
            81.76033044656117,
            11.530681345275179,
            98.56376675674363,
            0.0,
            45.825044168968866,
            81.6378943580341,
            57.35335961314297,
            65.79932475677928,
            99.77346933899518,
            18.17822664609773,
            35.92049998925035,
            39.95344022126728,
            56.893697234894084,
            10.692410905847701,
            34.95809499831607
        ],
        [
            47.154262329896625,
            49.687800485679304,
            47.44531643896995,
            7.490012889326517,
            55.69848036989376,
            5.424342730724052,
            28.516084907664588,
            46.3956824033506,
            36.061180254482025,
            34.75930961890294,
            58.052002192871356,
            45.825044168968866,
            0.0,
            38.94337552289696,
            33.129398461611714,
            29.15129294622545,
            55.231705214544775,
            28.917282027269106,
            10.376820045490472,
            47.669412131508885,
            59.544495906424814,
            41.48804356969681,
            47.154262329896625
        ],
        [
            85.56638882889051,
            75.97261122296618,
            86.38823542941456,
            45.63175100195397,
            18.51860380060748,
            43.798645869333356,
            67.1275610670445,
            15.909096315598536,
            16.44136997416489,
            71.71889233514081,
            56.778242353918685,
            81.6378943580341,
            38.94337552289696,
            0.0,
            34.723959853564686,
            18.802118186402257,
            19.372527931610833,
            63.48230869075925,
            48.999935011184725,
            85.41173802347143,
            94.73710893667084,
            79.38927053411652,
            85.56638882889051
        ],
        [
            74.59119933732875,
            44.14487599264977,
            71.04386962639671,
            39.90879478343845,
            52.30879151467539,
            37.97629671466735,
            51.04262423812587,
            28.703974255918933,
            45.38539475690307,
            50.61683012663182,
            81.80816098955597,
            57.35335961314297,
            33.129398461611714,
            34.723959853564686,
            0.0,
            16.245517353554547,
            53.7648688080171,
            40.50950929779439,
            37.5053601824651,
            76.60616756054127,
            90.74404928847628,
            59.26164797548659,
            74.59119933732875
        ],
        [
            75.70838409926176,
            57.57733340391375,
            74.46304899263794,
            36.63905838822889,
            36.98697658585063,
            34.575343481665016,
            54.3482712219705,
            18.090439696560704,
            29.503264958925698,
            56.93856451682114,
            67.62057566433063,
            65.79932475677928,
            29.15129294622545,
            18.802118186402257,
            16.245517353554547,
            0.0,
            38.12232128010294,
            47.73266168849624,
            37.35713659044721,
            76.62845843624899,
            88.62411125253284,
            65.19395877842705,
            75.70838409926176
        ],
        [
            99.82233982609166,
            95.30023092154237,
            102.05958495792896,
            60.99478945542648,
            3.198871295087193,
            59.42108164097435,
            83.74157161071926,
            29.285846958703882,
            21.307096908396353,
            89.38136574600378,
            52.75142518185463,
            99.77346933899518,
            55.231705214544775,
            19.372527931610833,
            53.7648688080171,
            38.12232128010294,
            0.0,
            81.75361443184856,
            65.59605235689665,
            98.89040879955607,
            105.87998126533024,
            96.61093053783598,
            99.82233982609166
        ],
        [
            38.50230341751353,
            24.81702473032568,
            32.12439348221765,
            27.409769663621432,
            81.6439320878265,
            27.54502967436079,
            15.04326676166137,
            65.52587683270113,
            64.27967738993256,
            10.210403860750324,
            84.9088854547109,
            18.17822664609773,
            28.917282027269106,
            63.48230869075925,
            40.50950929779439,
            47.73266168849624,
            81.75361443184856,
            0.0,
            20.09168895872801,
            42.13159271576172,
            58.75189784970457,
            18.848054012164212,
            38.50230341751353
        ],
        [
            38.39226620219997,
            43.200160182114,
            37.55898991010553,
            7.362538542669798,
            66.0219240822835,
            7.514578444909806,
            18.190275686278294,
            55.21064616125118,
            46.34090287707857,
            24.635760087528283,
            64.90924298276597,
            35.92049998925035,
            10.376820045490472,
            48.999935011184725,
            37.5053601824651,
            37.35713659044721,
            65.59605235689665,
            20.09168895872801,
            0.0,
            39.650202637664634,
            53.24043182815086,
            31.123664964480596,
            38.39226620219997
        ],
        [
            5.325787254842686,
            63.706968357628654,
            16.173408463428693,
            40.31227890346806,
            100.11380550985214,
            42.320412316341276,
            27.353718535371417,
            94.06499014389763,
            77.71531799262476,
            34.26653413235757,
            76.62663831463438,
            39.95344022126728,
            47.669412131508885,
            85.41173802347143,
            76.60616756054127,
            76.62845843624899,
            98.89040879955607,
            42.13159271576172,
            39.650202637664634,
            0.0,
            17.09860848751985,
            29.379835583173314,
            5.325787254842686
        ],
        [
            21.935625726809707,
            80.79279897102232,
            32.39245350303306,
            52.06895294247437,
            107.53306748574126,
            54.13661267689503,
            43.758675011289164,
            105.2246180022888,
            84.61171778140327,
            51.29711237041559,
            74.89966355654866,
            56.893697234894084,
            59.544495906424814,
            94.73710893667084,
            90.74404928847628,
            88.62411125253284,
            105.87998126533024,
            58.75189784970457,
            53.24043182815086,
            17.09860848751985,
            0.0,
            46.405374241586564,
            21.935625726809707
        ],
        [
            24.505735279485965,
            35.01529809228697,
            15.176826216473264,
            36.85592819028552,
            96.90866311160661,
            37.972434980330505,
            13.628477363883821,
            83.23235947290848,
            77.42629710004526,
            8.65283710616973,
            90.50432152384332,
            10.692410905847701,
            41.48804356969681,
            79.38927053411652,
            59.26164797548659,
            65.19395877842705,
            96.61093053783598,
            18.848054012164212,
            31.123664964480596,
            29.379835583173314,
            46.405374241586564,
            0.0,
            24.505735279485965
        ],
        [
            0.0,
            59.19197248141335,
            10.851647912865118,
            40.02222074332623,
            100.88860349950092,
            41.949769144540475,
            24.202294490017756,
            93.41135113915168,
            78.8247554660301,
            30.02938235887135,
            80.18433989595393,
            34.95809499831607,
            47.154262329896625,
            85.56638882889051,
            74.59119933732875,
            75.70838409926176,
            99.82233982609166,
            38.50230341751353,
            38.39226620219997,
            5.325787254842686,
            21.935625726809707,
            24.505735279485965,
            0.0
        ]
    ],
    "scores_ave": [
        0,
        13.674794367587022,
        13.238766682921147,
        10.398541423813537,
        19.48458486774786,
        17.022323439916164,
        12.56483833544748,
        18.7394263850547,
        13.394012464263053,
        13.961960654809381,
        19.928395575430017,
        10.131832073915373,
        17.94538137451871,
        10.22381400654763,
        19.181342397224455,
        18.84051469744487,
        15.544771950445742,
        16.562660416411585,
        12.231557465793202,
        16.086714758976868,
        10.311537555923227,
        18.03658263981113,
        0
    ],
    "scores_var": [
        0,
        21.94222259149492,
        20.00446277134126,
        18.558745577734733,
        319.7866220441296,
        288.3570053877648,
        326.6452812535465,
        23.38720495082583,
        365.42350066649493,
        20.511883080780066,
        379.12334562069714,
        20.804735378016694,
        21.32816946705565,
        20.973792043171215,
        23.187020002057245,
        17.486145331771052,
        340.2804486957747,
        344.26985602380387,
        19.5800160249209,
        288.0916866470364,
        258.4861474402362,
        256.3701429755923,
        0
    ],
    "vertex_number": 23,
    "minimum_distances": {
        "cost": 437.6800569328015,
        "path": [
            0,
            19,
            20,
            3,
            5,
            10,
            8,
            16,
            4,
            13,
            7,
            15,
            14,
            12,
            18,
            6,
            9,
            17,
            1,
            11,
            21,
            2,
            22
        ]
    }
}