{
    "vertices": [
        [
            98.70214147998392,
            30.489036992574402
        ],
        [
            93.92830484751484,
            18.16082824204598
        ],
        [
            87.83900715008645,
            83.90136011732368
        ],
        [
            37.25491228878358,
            62.95154926831026
        ],
        [
            32.41652332085011,
            87.47250725580759
        ],
        [
            19.701876203198378,
            44.16977857020087
        ],
        [
            82.40232426616514,
            93.96415124078855
        ],
        [
            78.52497005660872,
            27.555524981731992
        ],
        [
            78.58250827543833,
            69.79549022131076
        ],
        [
            49.457052807435744,
            60.747020442523635
        ],
        [
            52.16042233469131,
            50.1496966870281
        ],
        [
            79.53293783385102,
            71.43153248061078
        ],
        [
            50.231162060439125,
            81.05680549479357
        ],
        [
            28.562327332069557,
            37.346395552667225
        ],
        [
            11.72316003824344,
            63.840316360032624
        ],
        [
            50.921318101821015,
            31.735020570327833
        ],
        [
            47.5971680523075,
            37.75832818350785
        ],
        [
            71.55826659316256,
            98.94379306614157
        ],
        [
            28.438264776554824,
            64.87588390102032
        ],
        [
            42.99994701723377,
            84.22158437063818
        ],
        [
            43.30376615057334,
            12.071310524386769
        ],
        [
            33.85478189436045,
            17.035510766913873
        ],
        [
            98.70214147998392,
            30.489036992574402
        ]
    ],
    "distances": [
        [
            0.0,
            13.220221147549285,
            54.505815736048056,
            69.49515579181188,
            87.41223631723004,
            80.17608498745923,
            65.53452654919957,
            20.389304533652577,
            44.156504681737346,
            57.79813423307481,
            50.52398599299557,
            45.20781243562659,
            70.04666342648994,
            70.47422858836872,
            93.15391053567681,
            47.797066413863,
            51.61938495819275,
            73.63995907768413,
            78.22702608241977,
            77.39458066106376,
            58.37972796609476,
            66.22822218006225,
            0.0
        ],
        [
            13.220221147549285,
            0.0,
            66.02194391028115,
            72.23629360763665,
            92.67042739887873,
            78.65130772251807,
            76.67458513753658,
            18.042257328599593,
            53.866796731794686,
            61.573338582118986,
            52.61030045528538,
            55.1814690048274,
            76.58553546416076,
            68.12339546426085,
            94.04414637729754,
            45.09833263336318,
            50.305429534910175,
            83.82306375498482,
            80.4440288257433,
            83.41295541803133,
            50.9894709161785,
            60.08406194177458,
            13.220221147549285
        ],
        [
            54.505815736048056,
            66.02194391028115,
            0.0,
            54.750755497497266,
            55.53741806824175,
            78.87500989482689,
            11.437538457850378,
            57.110458097496966,
            16.871820795029958,
            44.82519230229071,
            49.11350322203962,
            14.982903215846928,
            37.71526883488261,
            75.37300243365729,
            78.71510438400882,
            63.908080446817365,
            61.22568913468167,
            22.166129614832368,
            62.37320690636164,
            44.84020358082676,
            84.51593764142055,
            85.93799151604989,
            54.505815736048056
        ],
        [
            69.49515579181188,
            72.23629360763665,
            54.750755497497266,
            0.0,
            24.99374698658905,
            25.707274969903303,
            54.772897397880826,
            54.36999359440521,
            41.89044900456808,
            12.399684696824233,
            19.648451828109437,
            43.12008301557726,
            22.27517365056899,
            27.04043139506837,
            25.547216676700614,
            34.07700561667037,
            27.233447135937023,
            49.72083798704807,
            9.02420839373387,
            22.032244944293826,
            51.23853362148396,
            46.04175798512471,
            69.49515579181188
        ],
        [
            87.41223631723004,
            92.67042739887873,
            55.53741806824175,
            24.99374698658905,
            0.0,
            45.130793954302156,
            50.405572487299416,
            75.60445506196164,
            49.43455368530353,
            31.69591914726892,
            42.2233790336794,
            49.77217483995875,
            18.934692564399985,
            50.27406787992829,
            31.411713268783714,
            58.72899498458901,
            51.98029987692847,
            40.78806767349964,
            22.94414801389182,
            11.071465880473705,
            76.18315118819767,
            70.4516789161245,
            87.41223631723004
        ],
        [
            80.17608498745923,
            78.65130772251807,
            78.87500989482689,
            25.707274969903303,
            45.130793954302156,
            0.0,
            80.0676322676908,
            61.12437969246864,
            64.21530916263131,
            34.06134881126768,
            33.00479719153284,
            65.74921415593273,
            47.88204308807997,
            11.183297814646675,
            21.22710457368391,
            33.604713344661654,
            28.622613497163393,
            75.42730200847629,
            22.473702037618605,
            46.335162150700974,
            39.84169750369766,
            30.603483931138054,
            80.17608498745923
        ],
        [
            65.53452654919957,
            76.67458513753658,
            11.437538457850378,
            54.772897397880826,
            50.405572487299416,
            80.0676322676908,
            0.0,
            66.52172214608865,
            24.468656883397536,
            46.784278234877256,
            53.23794755882707,
            22.71458312823424,
            34.663860891046006,
            78.13011921802767,
            76.83091619836753,
            69.73893068524028,
            66.10970764280674,
            11.932745682541434,
            61.3045431711878,
            40.58897562253149,
            90.74764243395121,
            90.9663651879135,
            65.53452654919957
        ],
        [
            20.389304533652577,
            18.042257328599593,
            57.110458097496966,
            54.36999359440521,
            75.60445506196164,
            61.12437969246864,
            66.52172214608865,
            0.0,
            42.24000442811824,
            44.120507523469406,
            34.72154909605364,
            43.88758404243308,
            60.52211651505103,
            50.91293366676833,
            76.02018091991474,
            27.918269728193174,
            32.56725548755109,
            71.72739906924775,
            62.46188626414898,
            66.88101037376128,
            38.474590341569346,
            45.89222602501039,
            20.389304533652577
        ],
        [
            44.156504681737346,
            53.866796731794686,
            16.871820795029958,
            41.89044900456808,
            49.43455368530353,
            64.21530916263131,
            24.468656883397536,
            42.24000442811824,
            0.0,
            30.49863868365645,
            32.92542830475989,
            1.892075743653008,
            30.50600029324603,
            59.62350414410363,
            67.12403848414178,
            47.050406925704856,
            44.5698447403579,
            29.9827205227443,
            50.38499461567861,
            38.3957140589824,
            67.6510943562297,
            69.16780276435671,
            44.156504681737346
        ],
        [
            57.79813423307481,
            61.573338582118986,
            44.82519230229071,
            12.399684696824233,
            31.69591914726892,
            34.06134881126768,
            46.784278234877256,
            44.120507523469406,
            30.49863868365645,
            0.0,
            10.936703231764316,
            31.917356682754605,
            20.324532319465373,
            31.371624088125944,
            37.860469399496104,
            29.04892785347904,
            23.063805910605705,
            44.13000214890964,
            21.42048000736707,
            24.34644464395154,
            49.0630988902671,
            46.412573035395496,
            57.79813423307481
        ],
        [
            50.52398599299557,
            52.61030045528538,
            49.11350322203962,
            19.648451828109437,
            42.2233790336794,
            33.00479719153284,
            53.23794755882707,
            34.72154909605364,
            32.92542830475989,
            10.936703231764316,
            0.0,
            34.672339688817594,
            30.967263683781642,
            26.847618287101152,
            42.69198108617803,
            18.456318045127208,
            13.204896933930526,
            52.50847744250561,
            27.921342178960522,
            35.28183439627664,
            39.09480594036643,
            37.83709530450994,
            50.52398599299557
        ],
        [
            45.20781243562659,
            55.1814690048274,
            14.982903215846928,
            43.12008301557726,
            49.77217483995875,
            65.74921415593273,
            22.71458312823424,
            43.88758404243308,
            1.892075743653008,
            31.917356682754605,
            34.672339688817594,
            0.0,
            30.842178004688055,
            61.31720553254997,
            68.2333681337731,
            48.93299338415263,
            46.40881467107493,
            28.644717906155304,
            51.51351417959249,
            38.707167880854236,
            69.54271228208309,
            71.03112774206393,
            45.20781243562659
        ],
        [
            70.04666342648994,
            76.58553546416076,
            37.71526883488261,
            22.27517365056899,
            18.934692564399985,
            47.88204308807997,
            34.663860891046006,
            60.52211651505103,
            30.50600029324603,
            20.324532319465373,
            30.967263683781642,
            30.842178004688055,
            0.0,
            48.786661453661004,
            42.18143807255471,
            49.32661333901519,
            43.378520743690615,
            27.83504467622192,
            27.143186910342145,
            7.893433748000405,
            69.33244067825714,
            66.08261500559713,
            70.04666342648994
        ],
        [
            70.47422858836872,
            68.12339546426085,
            75.37300243365729,
            27.04043139506837,
            50.27406787992829,
            11.183297814646675,
            78.13011921802767,
            50.91293366676833,
            59.62350414410363,
            31.371624088125944,
            26.847618287101152,
            61.31720553254997,
            48.786661453661004,
            0.0,
            31.392441684208197,
            23.052375093127722,
            19.039297511651522,
            75.11917314092703,
            27.529767892951615,
            49.048223096192494,
            29.259869132080837,
            20.989095170446504,
            70.47422858836872
        ],
        [
            93.15391053567681,
            94.04414637729754,
            78.71510438400882,
            25.547216676700614,
            31.411713268783714,
            21.22710457368391,
            76.83091619836753,
            76.02018091991474,
            67.12403848414178,
            37.860469399496104,
            42.69198108617803,
            68.2333681337731,
            42.18143807255471,
            31.392441684208197,
            0.0,
            50.667993973727114,
            44.353292529794345,
            69.37214176666926,
            16.74715278919575,
            37.33140085034678,
            60.6412784135795,
            51.77353100370687,
            93.15391053567681
        ],
        [
            47.797066413863,
            45.09833263336318,
            63.908080446817365,
            34.07700561667037,
            58.72899498458901,
            33.604713344661654,
            69.73893068524028,
            27.918269728193174,
            47.050406925704856,
            29.04892785347904,
            18.456318045127208,
            48.93299338415263,
            49.32661333901519,
            23.052375093127722,
            50.667993973727114,
            0.0,
            6.879695353333099,
            70.30578029883696,
            40.0475281275936,
            53.08095232212572,
            21.08764070494376,
            22.524259068418335,
            47.797066413863
        ],
        [
            51.61938495819275,
            50.305429534910175,
            61.22568913468167,
            27.233447135937023,
            51.98029987692847,
            28.622613497163393,
            66.10970764280674,
            32.56725548755109,
            44.5698447403579,
            23.063805910605705,
            13.204896933930526,
            46.40881467107493,
            43.378520743690615,
            19.039297511651522,
            44.353292529794345,
            6.879695353333099,
            0.0,
            65.70993346662718,
            33.202792093768856,
            46.69013404088952,
            26.0433518601161,
            24.865404460728673,
            51.61938495819275
        ],
        [
            73.63995907768413,
            83.82306375498482,
            22.166129614832368,
            49.72083798704807,
            40.78806767349964,
            75.42730200847629,
            11.932745682541434,
            71.72739906924775,
            29.9827205227443,
            44.13000214890964,
            52.50847744250561,
            28.644717906155304,
            27.83504467622192,
            75.11917314092703,
            69.37214176666926,
            70.30578029883696,
            65.70993346662718,
            0.0,
            54.95413534527867,
            32.12975328064056,
            91.3517652715467,
            90.16939318661727,
            73.63995907768413
        ],
        [
            78.22702608241977,
            80.4440288257433,
            62.37320690636164,
            9.02420839373387,
            22.94414801389182,
            22.473702037618605,
            61.3045431711878,
            62.46188626414898,
            50.38499461567861,
            21.42048000736707,
            27.921342178960522,
            51.51351417959249,
            27.143186910342145,
            27.529767892951615,
            16.74715278919575,
            40.0475281275936,
            33.202792093768856,
            54.95413534527867,
            0.0,
            24.2136060168385,
            54.85714265790028,
            48.146027450850134,
            78.22702608241977
        ],
        [
            77.39458066106376,
            83.41295541803133,
            44.84020358082676,
            22.032244944293826,
            11.071465880473705,
            46.335162150700974,
            40.58897562253149,
            66.88101037376128,
            38.3957140589824,
            24.34644464395154,
            35.28183439627664,
            38.707167880854236,
            7.893433748000405,
            49.048223096192494,
            37.33140085034678,
            53.08095232212572,
            46.69013404088952,
            32.12975328064056,
            24.2136060168385,
            0.0,
            72.1509135226634,
            67.8056231547921,
            77.39458066106376
        ],
        [
            58.37972796609476,
            50.9894709161785,
            84.51593764142055,
            51.23853362148396,
            76.18315118819767,
            39.84169750369766,
            90.74764243395121,
            38.474590341569346,
            67.6510943562297,
            49.0630988902671,
            39.09480594036643,
            69.54271228208309,
            69.33244067825714,
            29.259869132080837,
            60.6412784135795,
            21.08764070494376,
            26.0433518601161,
            91.3517652715467,
            54.85714265790028,
            72.1509135226634,
            0.0,
            10.67363984412371,
            58.37972796609476
        ],
        [
            66.22822218006225,
            60.08406194177458,
            85.93799151604989,
            46.04175798512471,
            70.4516789161245,
            30.603483931138054,
            90.9663651879135,
            45.89222602501039,
            69.16780276435671,
            46.412573035395496,
            37.83709530450994,
            71.03112774206393,
            66.08261500559713,
            20.989095170446504,
            51.77353100370687,
            22.524259068418335,
            24.865404460728673,
            90.16939318661727,
            48.146027450850134,
            67.8056231547921,
            10.67363984412371,
            0.0,
            66.22822218006225
        ],
        [
            0.0,
            13.220221147549285,
            54.505815736048056,
            69.49515579181188,
            87.41223631723004,
            80.17608498745923,
            65.53452654919957,
            20.389304533652577,
            44.156504681737346,
            57.79813423307481,
            50.52398599299557,
            45.20781243562659,
            70.04666342648994,
            70.47422858836872,
            93.15391053567681,
            47.797066413863,
            51.61938495819275,
            73.63995907768413,
            78.22702608241977,
            77.39458066106376,
            58.37972796609476,
            66.22822218006225,
            0.0
        ]
    ],
    "scores_ave": [
        0,
        10.291789818150823,
        16.19630237773752,
        13.25787874105418,
        19.925607451362744,
        19.411756986970815,
        14.075104639869794,
        17.612928019369427,
        12.59985206239869,
        12.776789157930239,
        19.353972153824685,
        11.91169660295109,
        13.894063743885589,
        16.40289561340107,
        19.150941484422297,
        18.799203065163066,
        11.270155704369644,
        10.617400829281612,
        18.262300936604255,
        16.414612576610367,
        14.129180873648043,
        11.230128441743663,
        0
    ],
    "scores_var": [
        0,
        320.80716765776197,
        16.6561819716662,
        24.80399501805302,
        16.69743760969157,
        329.45636662114657,
        256.48986886496806,
        19.72209526979917,
        19.865169940379893,
        20.144147654139058,
        22.434945409028792,
        317.79624005432737,
        16.609210618076933,
        16.038836586654167,
        338.9720482891159,
        24.271450576451755,
        21.369296543677628,
        19.657585102071454,
        245.61253021841287,
        16.866345216800568,
        18.13331311945304,
        246.72850949683922,
        0
    ],
    "vertex_number": 23,
    "minimum_distances": {
        "cost": 400.19547029467344,
        "path": [
            0,
            2,
            6,
            17,
            11,
            8,
            9,
            12,
            19,
            4,
            3,
            18,
            14,
            5,
            13,
            21,
            20,
            15,
            16,
            10,
            7,
            1,
            22
        ]
    }
}