{
    "vertices": [
        [
            73.01462440003786,
            82.60180777092032
        ],
        [
            37.35694410131414,
            54.559821642250874
        ],
        [
            62.27777711719785,
            87.69695976663475
        ],
        [
            18.325614665553157,
            43.93511394112678
        ],
        [
            70.59456478494897,
            32.03598877959236
        ],
        [
            7.0294599232356925,
            98.12575457235495
        ],
        [
            59.09096421417278,
            20.14629101631218
        ],
        [
            95.21371740264746,
            66.0411127829425
        ],
        [
            64.30467092176742,
            0.6398701797972195
        ],
        [
            4.3684709664436046,
            37.679293875245534
        ],
        [
            22.983809336011653,
            89.86704843179618
        ],
        [
            38.52511820579745,
            0.8680582039218177
        ],
        [
            14.06431855474839,
            56.421456703116526
        ],
        [
            62.5817053795682,
            25.213369612264913
        ],
        [
            32.31565617823428,
            53.14934063390213
        ],
        [
            2.6981835003414445,
            0.40888685311455397
        ],
        [
            59.35737015151684,
            41.48148951817105
        ],
        [
            94.75744567767342,
            57.79709971499383
        ],
        [
            67.53089484925894,
            78.16376207576312
        ],
        [
            73.01462440003786,
            82.60180777092032
        ]
    ],
    "distances": [
        [
            0.0,
            45.36323566861692,
            11.884463110904996,
            66.97761564482238,
            50.62369740353156,
            67.78668641646682,
            63.988748120717155,
            27.695782145000777,
            82.42343418764347,
            82.03856797833356,
            50.55557514094005,
            88.71263639303803,
            64.5023204333505,
            58.32905479756631,
            50.23797204084291,
            108.1668993260007,
            43.328987604329384,
            32.98520606045908,
            7.054611213836615,
            0.0
        ],
        [
            45.36323566861692,
            0.0,
            41.46224597486314,
            21.796236230752964,
            40.150497824238315,
            53.082452926008656,
            40.702072679515524,
            58.984966416021635,
            60.278861522951274,
            37.05659964787262,
            38.12069341643634,
            53.70446994297471,
            23.366901590762343,
            38.697581685334974,
            5.234886875406515,
            64.29271673317929,
            25.594169600480804,
            57.491717234205886,
            38.309441495905325,
            45.36323566861692
        ],
        [
            11.884463110904996,
            41.46224597486314,
            0.0,
            62.02331605316903,
            56.278882792134674,
            56.22398344002737,
            67.62579851724261,
            39.417659380889106,
            87.08068181764345,
            76.51963565049446,
            39.35384592137802,
            90.01914769619084,
            57.469075844572004,
            62.48432932318255,
            45.73036932828591,
            105.6831852685458,
            46.3076502009315,
            44.146692978138894,
            10.88471883514383,
            11.884463110904996
        ],
        [
            66.97761564482238,
            21.796236230752964,
            62.02331605316903,
            0.0,
            53.60627133268783,
            55.355475284612076,
            47.198748076292524,
            80.0028469949934,
            63.154981961560736,
            15.295003920701554,
            46.16753603608311,
            47.56880525243261,
            13.193460505638905,
            48.05315053149378,
            16.751812889129187,
            46.246611220073625,
            41.10505116246464,
            77.67869361324378,
            59.93963589380346,
            66.97761564482238
        ],
        [
            50.62369740353156,
            40.150497824238315,
            56.278882792134674,
            53.60627133268783,
            0.0,
            91.69721750752755,
            16.543812710318985,
            41.98155707089425,
            32.01997857498489,
            66.4660995911457,
            74.90804693032166,
            44.72012187218268,
            61.56557304773776,
            10.523974921710094,
            43.71554037919584,
            74.90121606364357,
            14.679646706652262,
            35.31967793825489,
            46.22940128032998,
            50.62369740353156
        ],
        [
            67.78668641646682,
            53.082452926008656,
            56.22398344002737,
            55.355475284612076,
            91.69721750752755,
            0.0,
            93.76138312505562,
            93.83969046171296,
            113.06611981811999,
            60.50500370246549,
            17.965174430020095,
            102.23030858579187,
            42.293471088709815,
            91.66388523191115,
            51.597185308981324,
            97.81281200492626,
            77.11538726082941,
            96.55361146603987,
            63.70953439275643,
            67.78668641646682
        ],
        [
            63.988748120717155,
            40.702072679515524,
            67.62579851724261,
            47.198748076292524,
            16.543812710318985,
            93.76138312505562,
            0.0,
            58.40537614728821,
            20.191166174444763,
            57.46266141155603,
            78.51567135282154,
            28.188726157968404,
            57.821159318578765,
            6.153093480628138,
            42.49845178921812,
            59.747057163844296,
            21.336861700755648,
            51.862137399561114,
            58.62814492425369,
            63.988748120717155
        ],
        [
            27.695782145000777,
            58.984966416021635,
            39.417659380889106,
            80.0028469949934,
            41.98155707089425,
            93.83969046171296,
            58.40537614728821,
            0.0,
            72.33734642902427,
            95.1695937356444,
            76.05810166483236,
            86.37779993760616,
            81.71757899295315,
            52.26617281842244,
            64.20563756347882,
            113.43153482930889,
            43.46093341267725,
            8.25662978166754,
            30.22080889716753,
            27.695782145000777
        ],
        [
            82.42343418764347,
            60.278861522951274,
            87.08068181764345,
            63.154981961560736,
            32.01997857498489,
            113.06611981811999,
            20.191166174444763,
            72.33734642902427,
            0.0,
            70.45755440529778,
            98.33057988745507,
            25.78056260072361,
            75.07115558602247,
            24.633828054468022,
            61.486108607005676,
            61.60692043677823,
            41.14017081991704,
            64.76357292856144,
            77.59099390733262,
            82.42343418764347
        ],
        [
            82.03856797833356,
            37.05659964787262,
            76.51963565049446,
            15.295003920701554,
            66.4660995911457,
            60.50500370246549,
            57.46266141155603,
            95.1695937356444,
            70.45755440529778,
            0.0,
            55.40841586138594,
            50.21696548262742,
            21.101614343980057,
            59.533015449981725,
            31.943191887742728,
            37.30781553260293,
            55.12019344390248,
            92.60071739005672,
            75.0232227795578,
            82.03856797833356
        ],
        [
            50.55557514094005,
            38.12069341643634,
            39.35384592137802,
            46.16753603608311,
            74.90804693032166,
            17.965174430020095,
            78.51567135282154,
            76.05810166483236,
            98.33057988745507,
            55.40841586138594,
            0.0,
            90.3457389308835,
            34.61451894622493,
            75.81616948893829,
            37.885002724273754,
            91.72932621894876,
            60.53262126971821,
            78.61257205055335,
            46.05876397881163,
            50.55557514094005
        ],
        [
            88.71263639303803,
            53.70446994297471,
            90.01914769619084,
            47.56880525243261,
            44.72012187218268,
            102.23030858579187,
            28.188726157968404,
            86.37779993760616,
            25.78056260072361,
            50.21696548262742,
            90.3457389308835,
            0.0,
            60.7001713702613,
            34.22591962268409,
            52.64874083200012,
            35.82987704023571,
            45.64464398203988,
            80.01868794396503,
            82.55883305700098,
            88.71263639303803
        ],
        [
            64.5023204333505,
            23.366901590762343,
            57.469075844572004,
            13.193460505638905,
            61.56557304773776,
            42.293471088709815,
            57.821159318578765,
            81.71757899295315,
            75.07115558602247,
            21.101614343980057,
            34.61451894622493,
            60.7001713702613,
            0.0,
            57.687793545769956,
            18.542331800959733,
            57.15415126897055,
            47.69342871334348,
            80.70485213772878,
            57.71830406009981,
            64.5023204333505
        ],
        [
            58.32905479756631,
            38.697581685334974,
            62.48432932318255,
            48.05315053149378,
            10.523974921710094,
            91.66388523191115,
            6.153093480628138,
            52.26617281842244,
            24.633828054468022,
            59.533015449981725,
            75.81616948893829,
            34.22591962268409,
            57.687793545769956,
            0.0,
            41.188010527085666,
            64.81742479926842,
            16.58457304050341,
            45.79276941983957,
            53.18118594432983,
            58.32905479756631
        ],
        [
            50.23797204084291,
            5.234886875406515,
            45.73036932828591,
            16.751812889129187,
            43.71554037919584,
            51.597185308981324,
            42.49845178921812,
            64.20563756347882,
            61.486108607005676,
            31.943191887742728,
            37.885002724273754,
            52.64874083200012,
            18.542331800959733,
            41.188010527085666,
            0.0,
            60.487603298767915,
            29.451537214069017,
            62.61452499514899,
            43.19530431341196,
            50.23797204084291
        ],
        [
            108.1668993260007,
            64.29271673317929,
            105.6831852685458,
            46.246611220073625,
            74.90121606364357,
            97.81281200492626,
            59.747057163844296,
            113.43153482930889,
            61.60692043677823,
            37.30781553260293,
            91.72932621894876,
            35.82987704023571,
            57.15415126897055,
            64.81742479926842,
            60.487603298767915,
            0.0,
            69.98015519884433,
            108.48186359071782,
            101.23784411840121,
            108.1668993260007
        ],
        [
            43.328987604329384,
            25.594169600480804,
            46.3076502009315,
            41.10505116246464,
            14.679646706652262,
            77.11538726082941,
            21.336861700755648,
            43.46093341267725,
            41.14017081991704,
            55.12019344390248,
            60.53262126971821,
            45.64464398203988,
            47.69342871334348,
            16.58457304050341,
            29.451537214069017,
            69.98015519884433,
            0.0,
            38.97902619810117,
            37.58185234889403,
            43.328987604329384
        ],
        [
            32.98520606045908,
            57.491717234205886,
            44.146692978138894,
            77.67869361324378,
            35.31967793825489,
            96.55361146603987,
            51.862137399561114,
            8.25662978166754,
            64.76357292856144,
            92.60071739005672,
            78.61257205055335,
            80.01868794396503,
            80.70485213772878,
            45.79276941983957,
            62.61452499514899,
            108.48186359071782,
            38.97902619810117,
            0.0,
            34.001264766620274,
            32.98520606045908
        ],
        [
            7.054611213836615,
            38.309441495905325,
            10.88471883514383,
            59.93963589380346,
            46.22940128032998,
            63.70953439275643,
            58.62814492425369,
            30.22080889716753,
            77.59099390733262,
            75.0232227795578,
            46.05876397881163,
            82.55883305700098,
            57.71830406009981,
            53.18118594432983,
            43.19530431341196,
            101.23784411840121,
            37.58185234889403,
            34.001264766620274,
            0.0,
            7.054611213836615
        ],
        [
            0.0,
            45.36323566861692,
            11.884463110904996,
            66.97761564482238,
            50.62369740353156,
            67.78668641646682,
            63.988748120717155,
            27.695782145000777,
            82.42343418764347,
            82.03856797833356,
            50.55557514094005,
            88.71263639303803,
            64.5023204333505,
            58.32905479756631,
            50.23797204084291,
            108.1668993260007,
            43.328987604329384,
            32.98520606045908,
            7.054611213836615,
            0.0
        ]
    ],
    "scores_ave": [
        0,
        13.758498051159135,
        15.0079331842749,
        11.91034727527997,
        14.51544843890396,
        19.39139522178412,
        11.615724981847558,
        10.250041167470123,
        16.827830213068243,
        14.388241049640609,
        13.87724330598536,
        13.505950230155381,
        14.226419996597446,
        10.430067510829153,
        14.280629695794264,
        13.641194122171672,
        14.435605327770887,
        17.98300397348055,
        12.650134361943238,
        0
    ],
    "scores_var": [
        0,
        365.9063132762588,
        225.99345624613707,
        368.3324231941171,
        21.017594451106596,
        18.57334680450009,
        329.69382559353863,
        290.1136481920137,
        311.2264888625662,
        16.554861197156594,
        23.017987409359517,
        225.50732388540806,
        23.565856558572122,
        333.5255654473988,
        260.6929306028358,
        330.60757005831476,
        17.359650009119076,
        17.73775451255125,
        19.390265211392556,
        0
    ],
    "vertex_number": 20,
    "minimum_distances": {
        "cost": 435.0698263194997,
        "path": [
            0,
            18,
            2,
            10,
            5,
            12,
            1,
            16,
            14,
            3,
            9,
            15,
            11,
            8,
            6,
            13,
            4,
            17,
            7,
            19
        ]
    }
}