{
    "vertices": [
        [
            43.924231584837784,
            89.99021012702909
        ],
        [
            53.75740302347075,
            91.79796078049185
        ],
        [
            58.757734236671325,
            62.79772099182954
        ],
        [
            87.80432116729375,
            12.105450533227947
        ],
        [
            9.620606187722558,
            56.65025628085988
        ],
        [
            16.841003455648895,
            63.781855410413954
        ],
        [
            47.95367465814597,
            56.18973868223717
        ],
        [
            74.2562518031983,
            21.39091743390037
        ],
        [
            15.110945525537723,
            48.41816846233088
        ],
        [
            59.39059515608163,
            3.3044145426406324
        ],
        [
            44.8194460286938,
            11.053776226106471
        ],
        [
            35.99211470657647,
            47.92713880975321
        ],
        [
            24.780557352205822,
            59.05192064918472
        ],
        [
            89.48964887009633,
            0.31337732608578417
        ],
        [
            67.42559015867926,
            32.50306572013748
        ],
        [
            2.2757453854815313,
            98.84937988901765
        ],
        [
            67.17247428862471,
            95.4268233043922
        ],
        [
            43.924231584837784,
            89.99021012702909
        ]
    ],
    "distances": [
        [
            0.0,
            9.997960940443914,
            30.97522019760147,
            89.39517905764582,
            47.836087192101125,
            37.687917199675695,
            34.0398043674053,
            75.00596248648885,
            50.58102511521943,
            88.05473047040846,
            78.94151003049798,
            42.80444424137095,
            36.382111249074484,
            100.5889735189105,
            62.105439591674106,
            42.58029229079694,
            23.87545919253618,
            0.0
        ],
        [
            9.997960940443914,
            0.0,
            29.42817051808726,
            86.6607686591946,
            56.42178627545889,
            46.34352939902598,
            36.078092299026956,
            73.33044766059287,
            58.09780597153666,
            88.67265970609893,
            81.23737080059355,
            47.33132672311885,
            43.725973166271345,
            98.21518417775268,
            60.84984732751198,
            51.9623285140227,
            13.897222034152291,
            9.997960940443914
        ],
        [
            30.97522019760147,
            29.42817051808726,
            0.0,
            58.42439983916153,
            49.52018452380206,
            41.928282100779604,
            12.664641075854112,
            44.21229950641429,
            45.95447416457892,
            59.49667238762534,
            53.588354127430016,
            27.192051173512493,
            34.183030428053264,
            69.63292167053523,
            31.51028188251174,
            67.00699346952624,
            33.69667888480451,
            30.97522019760147
        ],
        [
            89.39517905764582,
            86.6607686591946,
            58.42439983916153,
            0.0,
            89.982959537354,
            87.78521106470441,
            59.42641238373664,
            16.42467896361524,
            81.25847860741699,
            29.745555304076028,
            42.99773842342511,
            62.989666527999184,
            78.58731361847413,
            11.911898252941631,
            28.83323399888934,
            121.81808796458525,
            85.83777878123453,
            89.39517905764582
        ],
        [
            47.836087192101125,
            56.42178627545889,
            49.52018452380206,
            89.982959537354,
            0.0,
            10.148588219616292,
            38.335834604411716,
            73.62735673684121,
            9.895003582431597,
            72.95773182240329,
            57.602060028560345,
            27.77677519034042,
            15.349010099924968,
            97.73897845467647,
            62.64585368448898,
            42.83355009219847,
            69.39625113818565,
            47.836087192101125
        ],
        [
            37.687917199675695,
            46.34352939902598,
            41.928282100779604,
            87.78521106470441,
            10.148588219616292,
            0.0,
            32.025592044003695,
            71.36877724425013,
            15.460788371885783,
            73.9458491586144,
            59.69123539750012,
            24.862363134518652,
            9.241688099141676,
            96.4679915355086,
            59.47405397654461,
            37.972068888961594,
            59.45301463526984,
            37.687917199675695
        ],
        [
            34.0398043674053,
            36.078092299026956,
            12.664641075854112,
            59.42641238373664,
            38.335834604411716,
            32.025592044003695,
            0.0,
            43.620906968392184,
            33.7496986736298,
            54.1078613495885,
            45.24465157278723,
            14.537863430633926,
            23.349206652192333,
            69.62330724792534,
            30.66290868905579,
            62.50054568185608,
            43.69108683567673,
            34.0398043674053
        ],
        [
            75.00596248648885,
            73.33044766059287,
            44.21229950641429,
            16.42467896361524,
            73.62735673684121,
            71.36877724425013,
            43.620906968392184,
            0.0,
            65.02799053355466,
            23.411734971708327,
            31.199070860456278,
            46.565171884761035,
            62.17873836440899,
            26.00613549134723,
            13.043687286853586,
            105.740279506259,
            74.37402276292647,
            75.00596248648885
        ],
        [
            50.58102511521943,
            58.09780597153666,
            45.95447416457892,
            81.25847860741699,
            9.895003582431597,
            15.460788371885783,
            33.7496986736298,
            65.02799053355466,
            0.0,
            63.21343341513808,
            47.73565553470961,
            20.886941769605073,
            14.372824303172234,
            88.57913095915774,
            54.68192149501018,
            52.03892243886763,
            70.14425427082242,
            50.58102511521943
        ],
        [
            88.05473047040846,
            88.67265970609893,
            59.49667238762534,
            29.745555304076028,
            72.95773182240329,
            73.9458491586144,
            54.1078613495885,
            23.411734971708327,
            63.21343341513808,
            0.0,
            16.503666059204654,
            50.38527967933325,
            65.61736930024614,
            30.247302989026284,
            30.284028385882,
            111.31462827211259,
            92.45050480608936,
            88.05473047040846
        ],
        [
            78.94151003049798,
            81.23737080059355,
            53.588354127430016,
            42.99773842342511,
            57.602060028560345,
            59.69123539750012,
            45.24465157278723,
            31.199070860456278,
            47.73565553470961,
            16.503666059204654,
            0.0,
            37.915256118026065,
            52.013257227819864,
            45.94326055498905,
            31.16263423114973,
            97.56041454890527,
            87.28384126322518,
            78.94151003049798
        ],
        [
            42.80444424137095,
            47.33132672311885,
            27.192051173512493,
            62.989666527999184,
            27.77677519034042,
            24.862363134518652,
            14.537863430633926,
            46.565171884761035,
            20.886941769605073,
            50.38527967933325,
            37.915256118026065,
            0.0,
            15.794296099709156,
            71.61743114773488,
            35.013788850562236,
            61.07264687837919,
            56.81931758439268,
            42.80444424137095
        ],
        [
            36.382111249074484,
            43.725973166271345,
            34.183030428053264,
            78.58731361847413,
            15.349010099924968,
            9.241688099141676,
            23.349206652192333,
            62.17873836440899,
            14.372824303172234,
            65.61736930024614,
            52.013257227819864,
            15.794296099709156,
            0.0,
            87.39269418429838,
            50.233858313977755,
            45.71984605839985,
            55.858823517149546,
            36.382111249074484
        ],
        [
            100.5889735189105,
            98.21518417775268,
            69.63292167053523,
            11.911898252941631,
            97.73897845467647,
            96.4679915355086,
            69.62330724792534,
            26.00613549134723,
            88.57913095915774,
            30.247302989026284,
            45.94326055498905,
            71.61743114773488,
            87.39269418429838,
            0.0,
            39.02561627606931,
            131.58878661233192,
            97.69659097004407,
            100.5889735189105
        ],
        [
            62.105439591674106,
            60.84984732751198,
            31.51028188251174,
            28.83323399888934,
            62.64585368448898,
            59.47405397654461,
            30.66290868905579,
            13.043687286853586,
            54.68192149501018,
            30.284028385882,
            31.16263423114973,
            35.013788850562236,
            50.233858313977755,
            39.02561627606931,
            0.0,
            92.9856745836019,
            62.92426667165639,
            62.105439591674106
        ],
        [
            42.58029229079694,
            51.9623285140227,
            67.00699346952624,
            121.81808796458525,
            42.83355009219847,
            37.972068888961594,
            62.50054568185608,
            105.740279506259,
            52.03892243886763,
            111.31462827211259,
            97.56041454890527,
            61.07264687837919,
            45.71984605839985,
            131.58878661233192,
            92.9856745836019,
            0.0,
            64.98691649788458,
            42.58029229079694
        ],
        [
            23.87545919253618,
            13.897222034152291,
            33.69667888480451,
            85.83777878123453,
            69.39625113818565,
            59.45301463526984,
            43.69108683567673,
            74.37402276292647,
            70.14425427082242,
            92.45050480608936,
            87.28384126322518,
            56.81931758439268,
            55.858823517149546,
            97.69659097004407,
            62.92426667165639,
            64.98691649788458,
            0.0,
            23.87545919253618
        ],
        [
            0.0,
            9.997960940443914,
            30.97522019760147,
            89.39517905764582,
            47.836087192101125,
            37.687917199675695,
            34.0398043674053,
            75.00596248648885,
            50.58102511521943,
            88.05473047040846,
            78.94151003049798,
            42.80444424137095,
            36.382111249074484,
            100.5889735189105,
            62.105439591674106,
            42.58029229079694,
            23.87545919253618,
            0.0
        ]
    ],
    "scores_ave": [
        0,
        12.432467458559469,
        11.592549423543593,
        13.253334123656277,
        16.415786543632677,
        14.324444515402597,
        14.63085340699299,
        12.482386024639498,
        14.938916459190368,
        19.26210451085819,
        13.25251777248713,
        12.129973330170905,
        12.47343421557527,
        14.209194442003136,
        11.239202933252452,
        12.75848830593766,
        14.600385606330372,
        0
    ],
    "scores_var": [
        0,
        287.66989192972335,
        231.91159344004376,
        20.57204667502704,
        364.5286976173679,
        24.85435071121796,
        335.4081715488067,
        239.63212996648093,
        19.21045318457035,
        306.7387730270626,
        298.7779916021608,
        317.4540750300491,
        19.241128964348114,
        16.992867355097566,
        330.93363385323704,
        23.196244453197778,
        21.6077793544261,
        0
    ],
    "vertex_number": 18,
    "minimum_distances": {
        "cost": 362.89090602483986,
        "path": [
            0,
            15,
            5,
            12,
            4,
            8,
            11,
            10,
            9,
            13,
            3,
            7,
            14,
            6,
            2,
            16,
            1,
            17
        ]
    }
}