{
    "vertices": [
        [
            39.173394842344514,
            87.39416972711939
        ],
        [
            44.18184125319367,
            24.931956613746596
        ],
        [
            70.44290910610775,
            52.078081229475615
        ],
        [
            80.25143349649373,
            87.52020395960915
        ],
        [
            39.51066180305194,
            29.18876362607089
        ],
        [
            46.32820509478614,
            40.514278252366196
        ],
        [
            98.69754571682712,
            16.94477398729617
        ],
        [
            58.58548910796382,
            33.26992539296858
        ],
        [
            31.301358404437252,
            56.00604456300381
        ],
        [
            78.37127079275405,
            8.863042803893284
        ],
        [
            24.83620987612859,
            38.646429224179194
        ],
        [
            8.76268016107371,
            92.20448532508783
        ],
        [
            16.447214564931066,
            32.16487904279133
        ],
        [
            68.21621708573528,
            2.4892995102573368
        ],
        [
            36.547584388103346,
            38.433492696080066
        ],
        [
            39.173394842344514,
            87.39416972711939
        ]
    ],
    "distances": [
        [
            0.0,
            62.6626890778775,
            47.16999712810145,
            41.078232000653784,
            58.20638322719218,
            47.42273225398428,
            92.22928980228781,
            57.500115030494904,
            32.36021259197667,
            87.77021917971689,
            50.81237129772123,
            30.788808089591875,
            59.722305878921844,
            89.7347341356923,
            49.03103890271288,
            0.0
        ],
        [
            62.6626890778775,
            0.0,
            37.76977318475776,
            72.23783074279574,
            6.319835709541798,
            15.729450892828021,
            55.09770521060288,
            16.642920263208175,
            33.63786230269814,
            37.777335576626605,
            23.71371359276296,
            76.02703526830292,
            28.66225190737578,
            32.883492508014676,
            15.51042728182339,
            62.6626890778775
        ],
        [
            47.16999712810145,
            37.76977318475776,
            0.0,
            36.77432819691809,
            38.48018689620591,
            26.743980422649415,
            45.085183461722565,
            22.233873593746935,
            39.33814798997258,
            43.93630008499621,
            47.54345686048885,
            73.58382259951014,
            57.55059209349479,
            49.638749276647445,
            36.538580076196574,
            47.16999712810145
        ],
        [
            41.078232000653784,
            72.23783074279574,
            36.77432819691809,
            0.0,
            71.15031559706732,
            57.968461052448724,
            72.94621561000945,
            58.41665747716974,
            58.2172834645573,
            78.67962895736603,
            73.88838112846042,
            71.64205709891013,
            84.4700559376709,
            85.87840907660427,
            65.72314394152207,
            41.078232000653784
        ],
        [
            58.20638322719218,
            6.319835709541798,
            38.48018689620591,
            71.15031559706732,
            0.0,
            13.219159507514044,
            60.44007370691338,
            19.50653526589997,
            28.04566310752685,
            43.85523752063852,
            17.458149326925398,
            70.1171844579015,
            23.25467397060699,
            39.202937238921336,
            9.70797833458909,
            58.20638322719218
        ],
        [
            47.42273225398428,
            15.729450892828021,
            26.743980422649415,
            57.968461052448724,
            13.219159507514044,
            0.0,
            57.42882001650831,
            14.23803566968293,
            21.58242212724642,
            45.039524472833364,
            21.573009026811683,
            63.89871806825402,
            31.025571102014194,
            43.87464048005139,
            9.999510484980815,
            47.42273225398428
        ],
        [
            92.22928980228781,
            55.09770521060288,
            45.085183461722565,
            72.94621561000945,
            60.44007370691338,
            57.42882001650831,
            0.0,
            43.306900764321405,
            77.89755402601152,
            21.87399897617691,
            76.98349675218053,
            117.27021869673122,
            83.64668895118845,
            33.73532477200924,
            65.76003896673951,
            92.22928980228781
        ],
        [
            57.500115030494904,
            16.642920263208175,
            22.233873593746935,
            58.41665747716974,
            19.50653526589997,
            14.23803566968293,
            43.306900764321405,
            0.0,
            35.515558606914304,
            31.419310536596555,
            34.17485394431712,
            77.17249928407702,
            42.15276158094559,
            32.252098398604446,
            22.63474479059595,
            57.500115030494904
        ],
        [
            32.36021259197667,
            33.63786230269814,
            39.33814798997258,
            58.2172834645573,
            28.04566310752685,
            21.58242212724642,
            77.89755402601152,
            35.515558606914304,
            0.0,
            66.6186105161562,
            18.524426852268512,
            42.64175337112646,
            28.089976193776103,
            65.01345085827138,
            18.338960335510258,
            32.36021259197667
        ],
        [
            87.77021917971689,
            37.777335576626605,
            43.93630008499621,
            78.67962895736603,
            43.85523752063852,
            45.039524472833364,
            21.87399897617691,
            31.419310536596555,
            66.6186105161562,
            0.0,
            61.26216494710964,
            108.58707073700087,
            66.16316431225916,
            11.98956710501279,
            51.221404230076445,
            87.77021917971689
        ],
        [
            50.81237129772123,
            23.71371359276296,
            47.54345686048885,
            73.88838112846042,
            17.458149326925398,
            21.573009026811683,
            76.98349675218053,
            34.17485394431712,
            18.524426852268512,
            61.26216494710964,
            0.0,
            55.91800900254612,
            10.601213849609067,
            56.47267529217027,
            11.713310160869595,
            50.81237129772123
        ],
        [
            30.788808089591875,
            76.02703526830292,
            73.58382259951014,
            71.64205709891013,
            70.1171844579015,
            63.89871806825402,
            117.27021869673122,
            77.17249928407702,
            42.64175337112646,
            108.58707073700087,
            55.91800900254612,
            0.0,
            60.52938452964184,
            107.6268443216731,
            60.52537113652436,
            30.788808089591875
        ],
        [
            59.722305878921844,
            28.66225190737578,
            57.55059209349479,
            84.4700559376709,
            23.25467397060699,
            31.025571102014194,
            83.64668895118845,
            42.15276158094559,
            28.089976193776103,
            66.16316431225916,
            10.601213849609067,
            60.52938452964184,
            0.0,
            59.67134691450146,
            21.05517475972339,
            59.722305878921844
        ],
        [
            89.7347341356923,
            32.883492508014676,
            49.638749276647445,
            85.87840907660427,
            39.202937238921336,
            43.87464048005139,
            33.73532477200924,
            32.252098398604446,
            65.01345085827138,
            11.98956710501279,
            56.47267529217027,
            107.6268443216731,
            59.67134691450146,
            0.0,
            47.90498221184585,
            89.7347341356923
        ],
        [
            49.03103890271288,
            15.51042728182339,
            36.538580076196574,
            65.72314394152207,
            9.70797833458909,
            9.999510484980815,
            65.76003896673951,
            22.63474479059595,
            18.338960335510258,
            51.221404230076445,
            11.713310160869595,
            60.52537113652436,
            21.05517475972339,
            47.90498221184585,
            0.0,
            49.03103890271288
        ],
        [
            0.0,
            62.6626890778775,
            47.16999712810145,
            41.078232000653784,
            58.20638322719218,
            47.42273225398428,
            92.22928980228781,
            57.500115030494904,
            32.36021259197667,
            87.77021917971689,
            50.81237129772123,
            30.788808089591875,
            59.722305878921844,
            89.7347341356923,
            49.03103890271288,
            0.0
        ]
    ],
    "scores_ave": [
        0,
        16.20371864897799,
        11.934525082302427,
        15.664872950494669,
        17.514381227630444,
        16.79687261635664,
        17.115842667580722,
        19.828969431241063,
        19.183284055016756,
        18.231580648224003,
        15.935511969004782,
        14.714290429134547,
        15.706178248627989,
        17.87956206180052,
        11.186977918133836,
        0
    ],
    "scores_var": [
        0,
        22.065893308726967,
        23.97983899317475,
        233.66072666175242,
        16.428751655754013,
        18.584742827037495,
        381.8162650541649,
        23.37751310141092,
        17.244576969105132,
        230.39319227779472,
        20.859984626492114,
        21.51402733257903,
        16.553629614641398,
        19.620421499166113,
        17.322988970948053,
        0
    ],
    "vertex_number": 16,
    "minimum_distances": {
        "cost": 368.5277266098802,
        "path": [
            0,
            11,
            8,
            10,
            12,
            14,
            4,
            1,
            13,
            9,
            6,
            7,
            5,
            2,
            3,
            15
        ]
    }
}