{
    "vertices": [
        [
            17.86377228831072,
            3.947954309089685
        ],
        [
            26.671069780615575,
            82.85393362124411
        ],
        [
            11.823715477279562,
            15.10836403111091
        ],
        [
            6.426156180656129,
            51.12966910303647
        ],
        [
            23.46475524286735,
            2.1732587432018113
        ],
        [
            31.292630824662403,
            38.37038490031019
        ],
        [
            78.06438639827866,
            52.17296680561698
        ],
        [
            68.93464191407834,
            32.490672299157495
        ],
        [
            0.8673540913196387,
            66.7043261779383
        ],
        [
            74.27367153113434,
            61.85325424428101
        ],
        [
            71.01098425507271,
            30.424342768450252
        ],
        [
            0.8809394734970555,
            33.063602653986365
        ],
        [
            97.37561295919633,
            69.2663332038214
        ],
        [
            91.44920575925917,
            96.75902286366565
        ],
        [
            26.603238086046133,
            87.35466721896074
        ],
        [
            78.39288961139927,
            74.27375118787887
        ],
        [
            17.86377228831072,
            3.947954309089685
        ]
    ],
    "distances": [
        [
            0.0,
            79.39598264602625,
            12.690036699862997,
            48.548257158454376,
            5.875419509176856,
            36.94912677448195,
            77.13472479699065,
            58.505730271424646,
            65.0172318825419,
            80.83996841395957,
            59.37697605714601,
            33.7066401315764,
            102.9010370613826,
            118.44285738426603,
            83.8633294167328,
            92.78734693129734,
            0.0
        ],
        [
            79.39598264602625,
            0.0,
            69.35348678257186,
            37.633568604253185,
            80.74436049465834,
            44.72297992410113,
            59.85478024105491,
            65.74699704531909,
            30.44078783387341,
            52.02918630646164,
            68.66505670713117,
            56.07323674523541,
            71.99830075213815,
            66.25374259396482,
            4.5012447230075665,
            52.42867704985392,
            79.39598264602625
        ],
        [
            12.690036699862997,
            69.35348678257186,
            0.0,
            36.423454880685,
            17.402033089075832,
            30.3341437941245,
            75.90527822817079,
            59.6975925745322,
            52.74642324060086,
            78.00693412876652,
            61.13683006222484,
            21.027005033369747,
            101.25321124620521,
            114.04844931184236,
            73.74254276097186,
            89.06176498536841,
            12.690036699862997
        ],
        [
            48.548257158454376,
            37.633568604253185,
            36.423454880685,
            0.0,
            51.83670488489128,
            27.948897913637797,
            71.64582680665562,
            65.22823767771484,
            16.53693513530247,
            68.68974171966944,
            67.82264043830538,
            18.897941297158535,
            92.74018693649616,
            96.49329968582396,
            41.46522787487769,
            75.596688130113,
            48.548257158454376
        ],
        [
            5.875419509176856,
            80.74436049465834,
            17.402033089075832,
            51.83670488489128,
            0.0,
            37.033870688299416,
            74.03438747388746,
            54.65030794621029,
            68.37324917736817,
            78.37887366757036,
            55.30612662158439,
            38.26541626104965,
            99.82131800843781,
            116.48327041368537,
            85.2392070849502,
            90.63984199000146,
            5.875419509176856
        ],
        [
            36.94912677448195,
            44.72297992410113,
            30.3341437941245,
            27.948897913637797,
            37.033870688299416,
            0.0,
            48.76585267060144,
            38.09845166313018,
            41.57534957910236,
            48.97769913784642,
            40.505396983417896,
            30.87123108410876,
            72.9487501563006,
            83.83344530124926,
            49.208234255358605,
            59.224033031843646,
            36.94912677448195
        ],
        [
            77.13472479699065,
            59.85478024105491,
            75.90527822817079,
            71.64582680665562,
            74.03438747388746,
            48.76585267060144,
            0.0,
            21.696657608622377,
            78.5527988184331,
            10.39603213246023,
            22.86379516405377,
            79.51384959533908,
            25.78966161294786,
            46.551796787423115,
            62.33780417682247,
            22.103225662157588,
            77.13472479699065
        ],
        [
            58.505730271424646,
            65.74699704531909,
            59.6975925745322,
            65.22823767771484,
            54.65030794621029,
            38.09845166313018,
            21.696657608622377,
            0.0,
            76.1822143500915,
            29.84403551358118,
            2.9293199290072103,
            68.05611409023192,
            46.49019325582617,
            68.09791824587033,
            69.2965056017411,
            42.8402162800912,
            58.505730271424646
        ],
        [
            65.0172318825419,
            30.44078783387341,
            52.74642324060086,
            16.53693513530247,
            68.37324917736817,
            41.57534957910236,
            78.5527988184331,
            76.1822143500915,
            0.0,
            73.56643486659091,
            78.97066574837835,
            33.6407262670945,
            96.54225970894701,
            95.4377108090071,
            32.99654997269495,
            77.89419010848141,
            65.0172318825419
        ],
        [
            80.83996841395957,
            52.02918630646164,
            78.00693412876652,
            68.68974171966944,
            78.37887366757036,
            48.97769913784642,
            10.39603213246023,
            29.84403551358118,
            73.56643486659091,
            0.0,
            31.597810126921466,
            78.83740963257668,
            24.262181216988456,
            38.90259193076349,
            54.062854979623005,
            13.085744224869494,
            80.83996841395957
        ],
        [
            59.37697605714601,
            68.66505670713117,
            61.13683006222484,
            67.82264043830538,
            55.30612662158439,
            40.505396983417896,
            22.86379516405377,
            2.9293199290072103,
            78.97066574837835,
            31.597810126921466,
            0.0,
            70.17968989536223,
            46.94458294295267,
            69.411891499863,
            72.20186813270892,
            44.46642717178456,
            59.37697605714601
        ],
        [
            33.7066401315764,
            56.07323674523541,
            21.027005033369747,
            18.897941297158535,
            38.26541626104965,
            30.87123108410876,
            79.51384959533908,
            68.05611409023192,
            33.6407262670945,
            78.83740963257668,
            70.17968989536223,
            0.0,
            103.06240687261129,
            110.72360820392521,
            60.07625435653725,
            87.7859826872498,
            33.7066401315764
        ],
        [
            102.9010370613826,
            71.99830075213815,
            101.25321124620521,
            92.74018693649616,
            99.82131800843781,
            72.9487501563006,
            25.78966161294786,
            46.49019325582617,
            96.54225970894701,
            24.262181216988456,
            46.94458294295267,
            103.06240687261129,
            0.0,
            28.124193980129878,
            73.04736047680949,
            19.63206613084985,
            102.9010370613826
        ],
        [
            118.44285738426603,
            66.25374259396482,
            114.04844931184236,
            96.49329968582396,
            116.48327041368537,
            83.83344530124926,
            46.551796787423115,
            68.09791824587033,
            95.4377108090071,
            38.90259193076349,
            69.411891499863,
            110.72360820392521,
            28.124193980129878,
            0.0,
            65.52435752121103,
            26.001054472594113,
            118.44285738426603
        ],
        [
            83.8633294167328,
            4.5012447230075665,
            73.74254276097186,
            41.46522787487769,
            85.2392070849502,
            49.208234255358605,
            62.33780417682247,
            69.2965056017411,
            32.99654997269495,
            54.062854979623005,
            72.20186813270892,
            60.07625435653725,
            73.04736047680949,
            65.52435752121103,
            0.0,
            53.41608717727018,
            83.8633294167328
        ],
        [
            92.78734693129734,
            52.42867704985392,
            89.06176498536841,
            75.596688130113,
            90.63984199000146,
            59.224033031843646,
            22.103225662157588,
            42.8402162800912,
            77.89419010848141,
            13.085744224869494,
            44.46642717178456,
            87.7859826872498,
            19.63206613084985,
            26.001054472594113,
            53.41608717727018,
            0.0,
            92.78734693129734
        ],
        [
            0.0,
            79.39598264602625,
            12.690036699862997,
            48.548257158454376,
            5.875419509176856,
            36.94912677448195,
            77.13472479699065,
            58.505730271424646,
            65.0172318825419,
            80.83996841395957,
            59.37697605714601,
            33.7066401315764,
            102.9010370613826,
            118.44285738426603,
            83.8633294167328,
            92.78734693129734,
            0.0
        ]
    ],
    "scores_ave": [
        0,
        14.016553303012785,
        16.617232407173265,
        17.844482344462985,
        19.027095772518408,
        19.588575371206183,
        11.150594346038192,
        18.572890450572192,
        11.972474151987173,
        19.410517479095518,
        17.040482526388892,
        14.712277606192215,
        18.546701417035372,
        17.518405625721698,
        17.227695426987463,
        16.98671830508006,
        0
    ],
    "scores_var": [
        0,
        20.24424478237255,
        391.62038282032825,
        311.2648506002512,
        17.038029189215177,
        258.3470549107134,
        373.77690703936236,
        313.46044505153054,
        294.0283323753276,
        232.75765620033823,
        367.9117323661341,
        16.841548185589073,
        364.86710869130246,
        22.72779833662218,
        322.6735984302622,
        327.5292911746786,
        0
    ],
    "vertex_number": 17,
    "minimum_distances": {
        "cost": 376.88717136171795,
        "path": [
            0,
            2,
            11,
            5,
            3,
            8,
            1,
            14,
            9,
            15,
            13,
            12,
            6,
            7,
            10,
            4,
            16
        ]
    }
}