{
    "vertices": [
        [
            47.66076609866585,
            41.71291686304023
        ],
        [
            65.34820562225785,
            2.015487346771716
        ],
        [
            78.27770983645583,
            47.186106573409305
        ],
        [
            88.79616812204979,
            16.048967543380897
        ],
        [
            2.5247753662469896,
            97.55752993765849
        ],
        [
            72.82756283676515,
            93.05131538660393
        ],
        [
            2.9972189325833343,
            49.17321546339538
        ],
        [
            19.110925509399458,
            80.00063364150554
        ],
        [
            77.70276989004303,
            57.17697049850633
        ],
        [
            11.68282301969137,
            42.929820929824714
        ],
        [
            3.0118293589610934,
            73.84213081632424
        ],
        [
            72.47652554381892,
            0.9429240963035435
        ],
        [
            62.823355067004016,
            68.50774319611341
        ],
        [
            78.85615847649716,
            28.566920146695352
        ],
        [
            0.6860246655145508,
            46.02874318805824
        ],
        [
            0.31158486515991957,
            42.271586351424794
        ],
        [
            39.01397628337821,
            22.229011678724298
        ],
        [
            15.278151840361486,
            66.61102838126232
        ],
        [
            12.90997150794172,
            14.936403579663683
        ],
        [
            21.979053957598317,
            49.65440337169175
        ],
        [
            72.49062094115321,
            24.51138177779558
        ],
        [
            8.964522799600916,
            51.83762534904941
        ],
        [
            47.66076609866585,
            41.71291686304023
        ]
    ],
    "distances": [
        [
            0.0,
            43.459537815073816,
            31.102299745335337,
            48.484632558239134,
            71.8044460242597,
            57.17515912545459,
            45.28231995672636,
            47.760262287601584,
            33.7884439807709,
            35.99851724309884,
            55.007398968157524,
            47.728547296554765,
            30.787445857724574,
            33.85217474953427,
            47.1725840884209,
            47.352476968799024,
            21.31641469246588,
            40.84788444186504,
            43.87025630540061,
            26.881546578717337,
            30.206199707806597,
            39.9988620761528,
            0.0
        ],
        [
            43.459537815073816,
            0.0,
            46.98464558281614,
            27.32664472305869,
            114.34625176004101,
            91.3425572843245,
            78.17606323100036,
            90.66183935287198,
            56.52808577818584,
            67.4830051377766,
            95.1046293181437,
            7.208559969257335,
            66.54017552021244,
            29.789987815392145,
            78.21997402091846,
            76.48735546856757,
            33.19756317549751,
            81.72878444746718,
            54.00665212106041,
            64.42320727922217,
            23.60252873823823,
            75.24204359109329,
            43.459537815073816
        ],
        [
            31.102299745335337,
            46.98464558281614,
            0.0,
            32.8657784280412,
            90.971354681505,
            46.1878932383388,
            75.30671226702631,
            67.65723578677468,
            10.007393162646617,
            66.73076440156709,
            79.84670558320732,
            46.60563983905852,
            26.333424950255043,
            18.628169690602853,
            77.60031635033597,
            78.12086246357005,
            46.524158865146454,
            65.92626104174616,
            72.89022264590703,
            56.352738556794456,
            23.40157136687523,
            69.46909042247613,
            31.102299745335337
        ],
        [
            48.484632558239134,
            27.32664472305869,
            32.8657784280412,
            0.0,
            118.68613630752257,
            78.64068875668585,
            91.97105785127857,
            94.58249644997727,
            42.59784162854612,
            81.66424108297899,
            103.43598260814971,
            22.23787945165174,
            58.5364003076383,
            15.984458987795193,
            93.07085648921691,
            92.28839153055738,
            50.16432566851758,
            89.22679370104143,
            75.89435179990951,
            74.7920588196104,
            18.370719189603566,
            87.48668254323347,
            48.484632558239134
        ],
        [
            71.8044460242597,
            114.34625176004101,
            90.971354681505,
            118.68613630752257,
            0.0,
            70.44705739564274,
            48.38662098212438,
            24.152535770081485,
            85.33651294281252,
            55.39003907082321,
            23.72040001930827,
            119.27962698963228,
            66.93137398602987,
            102.88918449891963,
            51.56158325754962,
            55.330224745741965,
            83.70094053627685,
            33.47139928462101,
            83.27126046581266,
            51.702789966354224,
            101.14820467019803,
            46.17120339125791,
            71.8044460242597
        ],
        [
            57.17515912545459,
            91.3425572843245,
            46.1878932383388,
            78.64068875668585,
            70.44705739564274,
            0.0,
            82.47159864248648,
            55.27926754011473,
            36.204091826235675,
            79.06227554199663,
            72.41014716805127,
            92.1090602127072,
            26.50417153903077,
            64.76558650119784,
            86.113435803488,
            88.52766766420852,
            78.48029904437502,
            63.332641528344794,
            98.44824628836184,
            66.8495536833623,
            68.54076180595656,
            76.00694790149164,
            57.17515912545459
        ],
        [
            45.28231995672636,
            78.17606323100036,
            75.30671226702631,
            91.97105785127857,
            48.38662098212438,
            82.47159864248648,
            0.0,
            34.784784765351134,
            75.1330781914309,
            10.696714152477286,
            24.66891967951836,
            84.57857324720403,
            62.87281230724039,
            78.60787565763512,
            3.902476755919953,
            7.405748763177503,
            44.97996140122755,
            21.328352783182186,
            35.642978994218566,
            18.98793308182795,
            73.73967021529788,
            6.535120158045597,
            45.28231995672636
        ],
        [
            47.760262287601584,
            90.66183935287198,
            67.65723578677468,
            94.58249644997727,
            24.152535770081485,
            55.27926754011473,
            34.784784765351134,
            0.0,
            62.880233994401245,
            37.80769579995751,
            17.236822616388014,
            95.38348235185772,
            45.198042309577154,
            78.83476229531612,
            38.64668565463298,
            42.15324682720545,
            61.10394205222839,
            13.927371719861718,
            65.35905342084202,
            30.48146735942892,
            76.99642171413574,
            29.935004994660684,
            47.760262287601584
        ],
        [
            33.7884439807709,
            56.52808577818584,
            10.007393162646617,
            42.59784162854612,
            85.33651294281252,
            36.204091826235675,
            75.1330781914309,
            62.880233994401245,
            0.0,
            67.53972649927182,
            76.52753861085688,
            56.47638094576825,
            18.702497036516572,
            28.633289827830158,
            77.81941928044279,
            78.81348866867754,
            52.136192576829856,
            63.13346487231488,
            77.34579636805645,
            56.229187558573386,
            33.0788026254887,
            68.94530600187153,
            33.7884439807709
        ],
        [
            35.99851724309884,
            67.4830051377766,
            66.73076440156709,
            81.66424108297899,
            55.39003907082321,
            79.06227554199663,
            10.696714152477286,
            37.80769579995751,
            67.53972649927182,
            0.0,
            32.10540505247366,
            73.8835148886466,
            57.18027741750226,
            68.69170193916132,
            11.425099264557886,
            11.390273479037857,
            34.285790677386814,
            23.95257764180642,
            28.020301717728017,
            12.2976575226414,
            63.53603063502109,
            9.313331072054877,
            35.99851724309884
        ],
        [
            55.007398968157524,
            95.1046293181437,
            79.84670558320732,
            103.43598260814971,
            23.72040001930827,
            72.41014716805127,
            24.66891967951836,
            17.236822616388014,
            76.52753861085688,
            32.10540505247366,
            0.0,
            100.69577129384786,
            60.04893253677819,
            88.33010223286513,
            27.910462175181518,
            31.685810675071842,
            62.929076350121356,
            14.239083876572511,
            59.73154877685058,
            30.737627883605086,
            85.21047635369719,
            22.795456127429528,
            55.007398968157524
        ],
        [
            47.728547296554765,
            7.208559969257335,
            46.60563983905852,
            22.23787945165174,
            119.27962698963228,
            92.1090602127072,
            84.57857324720403,
            95.38348235185772,
            56.47638094576825,
            73.8835148886466,
            100.69577129384786,
            0.0,
            68.25092292595377,
            28.3511000518106,
            84.77385858584151,
            83.16151145182643,
            39.659043452583525,
            87.08589940226025,
            61.18816738357425,
            70.16268844476907,
            23.568461896451943,
            81.3882369153418,
            47.728547296554765
        ],
        [
            30.787445857724574,
            66.54017552021244,
            26.333424950255043,
            58.5364003076383,
            66.93137398602987,
            26.50417153903077,
            62.87281230724039,
            45.198042309577154,
            18.702497036516572,
            57.18027741750226,
            60.04893253677819,
            68.25092292595377,
            0.0,
            43.03858885967777,
            66.07838731980382,
            67.79422792352801,
            52.04428411382709,
            47.58302088930058,
            73.22044992087297,
            44.985612762870346,
            45.0459304214347,
            56.3796651483783,
            30.787445857724574
        ],
        [
            33.85217474953427,
            29.789987815392145,
            18.628169690602853,
            15.984458987795193,
            102.88918449891963,
            64.76558650119784,
            78.60787565763512,
            78.83476229531612,
            28.633289827830158,
            68.69170193916132,
            88.33010223286513,
            28.3511000518106,
            43.03858885967777,
            0.0,
            80.09672330348351,
            79.73122299055639,
            40.343135297818186,
            74.09127545931408,
            67.34011106001977,
            60.660423401244465,
            7.547679085354047,
            73.66387485197113,
            33.85217474953427
        ],
        [
            47.1725840884209,
            78.21997402091846,
            77.60031635033597,
            93.07085648921691,
            51.56158325754962,
            86.113435803488,
            3.902476755919953,
            38.64668565463298,
            77.81941928044279,
            11.425099264557886,
            27.910462175181518,
            84.77385858584151,
            66.07838731980382,
            80.09672330348351,
            0.0,
            3.77576914802151,
            45.1160624959413,
            25.23015337371721,
            33.40895776180733,
            21.59950249891702,
            74.95930154668812,
            10.113191549474026,
            47.1725840884209
        ],
        [
            47.352476968799024,
            76.48735546856757,
            78.12086246357005,
            92.28839153055738,
            55.330224745741965,
            88.52766766420852,
            7.405748763177503,
            42.15324682720545,
            78.81348866867754,
            11.390273479037857,
            31.685810675071842,
            83.16151145182643,
            67.79422792352801,
            79.73122299055639,
            3.77576914802151,
            0.0,
            43.58417030298675,
            28.572829144958945,
            30.098697034366925,
            22.890723099686404,
            74.33194545655792,
            12.898931622478,
            47.352476968799024
        ],
        [
            21.31641469246588,
            33.19756317549751,
            46.524158865146454,
            50.16432566851758,
            83.70094053627685,
            78.48029904437502,
            44.97996140122755,
            61.10394205222839,
            52.136192576829856,
            34.285790677386814,
            62.929076350121356,
            39.659043452583525,
            52.04428411382709,
            40.343135297818186,
            45.1160624959413,
            43.58417030298675,
            0.0,
            50.330435807511876,
            27.103527412543478,
            32.28530142585078,
            33.55435814930856,
            42.18577554285637,
            21.31641469246588
        ],
        [
            40.84788444186504,
            81.72878444746718,
            65.92626104174616,
            89.22679370104143,
            33.47139928462101,
            63.332641528344794,
            21.328352783182186,
            13.927371719861718,
            63.13346487231488,
            23.95257764180642,
            14.239083876572511,
            87.08589940226025,
            47.58302088930058,
            74.09127545931408,
            25.23015337371721,
            28.572829144958945,
            50.330435807511876,
            0.0,
            51.728861639058444,
            18.232641632522235,
            71.03271686163944,
            16.065968654784953,
            40.84788444186504
        ],
        [
            43.87025630540061,
            54.00665212106041,
            72.89022264590703,
            75.89435179990951,
            83.27126046581266,
            98.44824628836184,
            35.642978994218566,
            65.35905342084202,
            77.34579636805645,
            28.020301717728017,
            59.73154877685058,
            61.18816738357425,
            73.22044992087297,
            67.34011106001977,
            33.40895776180733,
            30.098697034366925,
            27.103527412543478,
            51.728861639058444,
            0.0,
            35.88297320510008,
            60.345124031506856,
            37.11154447855189,
            43.87025630540061
        ],
        [
            26.881546578717337,
            64.42320727922217,
            56.352738556794456,
            74.7920588196104,
            51.702789966354224,
            66.8495536833623,
            18.98793308182795,
            30.48146735942892,
            56.229187558573386,
            12.2976575226414,
            30.737627883605086,
            70.16268844476907,
            44.985612762870346,
            60.660423401244465,
            21.59950249891702,
            22.890723099686404,
            32.28530142585078,
            18.232641632522235,
            35.88297320510008,
            0.0,
            56.42331020070767,
            13.196381301891162,
            26.881546578717337
        ],
        [
            30.206199707806597,
            23.60252873823823,
            23.40157136687523,
            18.370719189603566,
            101.14820467019803,
            68.54076180595656,
            73.73967021529788,
            76.99642171413574,
            33.0788026254887,
            63.53603063502109,
            85.21047635369719,
            23.568461896451943,
            45.0459304214347,
            7.547679085354047,
            74.95930154668812,
            74.33194545655792,
            33.55435814930856,
            71.03271686163944,
            60.345124031506856,
            56.42331020070767,
            0.0,
            69.15409411456147,
            30.206199707806597
        ],
        [
            39.9988620761528,
            75.24204359109329,
            69.46909042247613,
            87.48668254323347,
            46.17120339125791,
            76.00694790149164,
            6.535120158045597,
            29.935004994660684,
            68.94530600187153,
            9.313331072054877,
            22.795456127429528,
            81.3882369153418,
            56.3796651483783,
            73.66387485197113,
            10.113191549474026,
            12.898931622478,
            42.18577554285637,
            16.065968654784953,
            37.11154447855189,
            13.196381301891162,
            69.15409411456147,
            0.0,
            39.9988620761528
        ],
        [
            0.0,
            43.459537815073816,
            31.102299745335337,
            48.484632558239134,
            71.8044460242597,
            57.17515912545459,
            45.28231995672636,
            47.760262287601584,
            33.7884439807709,
            35.99851724309884,
            55.007398968157524,
            47.728547296554765,
            30.787445857724574,
            33.85217474953427,
            47.1725840884209,
            47.352476968799024,
            21.31641469246588,
            40.84788444186504,
            43.87025630540061,
            26.881546578717337,
            30.206199707806597,
            39.9988620761528,
            0.0
        ]
    ],
    "scores_ave": [
        0,
        15.7875956889547,
        13.08196104015071,
        15.86051827945621,
        15.117344228649515,
        17.147703540669134,
        17.311297036486796,
        14.803281744273768,
        18.536825704986597,
        10.463444553107285,
        11.24064336359371,
        10.167445443412246,
        13.589979658254805,
        13.732601251959814,
        19.446919285016182,
        15.200083804449438,
        17.772739451683016,
        13.05932373407927,
        19.71091595805774,
        15.629845212610732,
        11.643287605439887,
        16.687736826327345,
        0
    ],
    "scores_var": [
        0,
        18.2501531540252,
        23.48891948922548,
        17.234065395099652,
        19.265910292701793,
        370.89886409167684,
        306.48343817253703,
        246.51649438810344,
        313.10441718193755,
        239.177979529962,
        22.959613125795755,
        332.2146037138661,
        265.79934140963485,
        373.6692481905271,
        357.06136745723154,
        16.460124031675846,
        340.0096952346567,
        265.4235238665257,
        17.622501759738903,
        24.488499167356153,
        19.988124617121528,
        307.7817522522095,
        0
    ],
    "vertex_number": 23,
    "minimum_distances": {
        "cost": 423.5308004439901,
        "path": [
            0,
            16,
            18,
            9,
            15,
            14,
            6,
            21,
            19,
            17,
            10,
            4,
            7,
            5,
            12,
            8,
            2,
            13,
            20,
            3,
            11,
            1,
            22
        ]
    }
}