{
    "vertices": [
        [
            28.027264025128794,
            38.94102032236616
        ],
        [
            59.902531857640994,
            5.0334387809962795
        ],
        [
            18.028903830054123,
            82.80045785028248
        ],
        [
            27.91935691466105,
            64.18928569503483
        ],
        [
            63.21531298182703,
            98.01978098156306
        ],
        [
            14.225333118357087,
            40.84561429108676
        ],
        [
            21.849479033838126,
            3.954902945465111
        ],
        [
            32.23803921976129,
            96.83023531107918
        ],
        [
            35.89089106084189,
            18.401418231432444
        ],
        [
            86.77598188810182,
            51.20360586281504
        ],
        [
            79.6934938744897,
            95.1306296090628
        ],
        [
            70.20875808573902,
            69.18722082656075
        ],
        [
            78.02886278568927,
            19.77153586674717
        ],
        [
            12.983322559871358,
            5.52002489846628
        ],
        [
            82.2462689674264,
            37.77977102096885
        ],
        [
            53.444105719852544,
            88.95256468665836
        ],
        [
            83.10612906333748,
            84.69602707309537
        ],
        [
            50.42880984431128,
            99.59451918673633
        ],
        [
            81.49695997440524,
            14.672134870560892
        ],
        [
            68.45831194226875,
            17.31017379460952
        ],
        [
            76.00489514533673,
            18.053231774149825
        ],
        [
            28.027264025128794,
            38.94102032236616
        ]
    ],
    "distances": [
        [
            0.0,
            46.5376920933885,
            44.984635897777906,
            25.248495960614946,
            68.76408037926242,
            13.932723170327721,
            35.52736180057441,
            58.04215571245755,
            21.993450939101994,
            60.01485528333824,
            76.33263717859234,
            51.9048271948307,
            53.550247552241075,
            36.650826865630584,
            54.23143919234385,
            56.099647159640995,
            71.60448321618195,
            64.65814859380902,
            58.71956391170591,
            45.853714758844006,
            52.3273618515375,
            0.0
        ],
        [
            46.5376920933885,
            0.0,
            88.32389245903644,
            67.24832863016317,
            93.0453349427991,
            58.04238450850864,
            38.06833419995753,
            95.8747933822897,
            27.48202627794739,
            53.42159343283141,
            92.24524905197764,
            64.97634992683511,
            23.361835942882106,
            46.92173235482283,
            39.64296738643399,
            84.16727963376049,
            82.97309742730283,
            95.03446393959764,
            23.647912973391254,
            14.963943178553913,
            20.70751344400147,
            46.5376920933885
        ],
        [
            44.984635897777906,
            88.32389245903644,
            0.0,
            21.07597663718283,
            47.68059740193865,
            42.1269040903253,
            78.93806637571217,
            19.968329527592125,
            66.8302842404777,
            75.66056963199014,
            62.88525106055734,
            53.926407375316096,
            87.0209174916266,
            77.44496889775462,
            78.4266040815853,
            35.9455830864011,
            65.10482644736845,
            36.49375845134714,
            93.1110226706364,
            82.65653336694584,
            86.91040704969433,
            44.984635897777906
        ],
        [
            25.248495960614946,
            67.24832863016317,
            21.07597663718283,
            0.0,
            48.89076524280552,
            27.06387411937252,
            60.53944402379135,
            32.92540977253787,
            46.47659801995134,
            60.27213439035631,
            60.31523871411976,
            42.58371527928619,
            66.96192260118401,
            60.5406250765817,
            60.40592552480764,
            35.56308181225452,
            58.87364658432997,
            41.954809376209084,
            72.9555191565464,
            61.97626971109989,
            66.63898602413292,
            25.248495960614946
        ],
        [
            68.76408037926242,
            93.0453349427991,
            47.68059740193865,
            48.89076524280552,
            0.0,
            75.29212086117352,
            102.7586176345253,
            31.000104977759893,
            84.17664593179869,
            52.41048914158677,
            16.729543962240374,
            29.668582701458078,
            79.63811349686667,
            105.25900311699634,
            63.17464749231538,
            13.330075119632607,
            23.94090605223375,
            12.883107656948788,
            85.32906145625942,
            80.87972385197378,
            80.98285253100688,
            68.76408037926242
        ],
        [
            13.932723170327721,
            58.04238450850864,
            42.1269040903253,
            27.06387411937252,
            75.29212086117352,
            0.0,
            37.67030905801709,
            58.81101403519362,
            31.19516529405428,
            73.28631950310275,
            85.04671046468356,
            62.74862972280833,
            67.19380313276928,
            35.34741654157218,
            68.08999272095812,
            62.067630861261314,
            81.65428801457135,
            69.00815570267609,
            72.18395115838473,
            59.119649453274604,
            65.84988219460836,
            13.932723170327721
        ],
        [
            35.52736180057441,
            38.06833419995753,
            78.93806637571217,
            60.53944402379135,
            102.7586176345253,
            37.67030905801709,
            0.0,
            93.45453196480003,
            20.146043175268282,
            80.29875902065177,
            107.97658628388193,
            81.20267955283207,
            58.36342206985759,
            9.003240380475745,
            69.22350709554684,
            90.6797824043426,
            101.34844003846315,
            99.81840684138417,
            60.60264880920313,
            48.48449818797769,
            55.96045005154342,
            35.52736180057441
        ],
        [
            58.04215571245755,
            95.8747933822897,
            19.968329527592125,
            32.92540977253787,
            31.000104977759893,
            58.81101403519362,
            93.45453196480003,
            0.0,
            78.51383747522199,
            71.10679647758296,
            47.4858803859559,
            46.967134690019286,
            89.6372840000066,
            93.31826530346717,
            77.38074938492683,
            22.62200147805572,
            52.29533032591814,
            18.399603290837796,
            95.7935005201636,
            87.38048031268733,
            90.11855504760082,
            58.04215571245755
        ],
        [
            21.993450939101994,
            27.48202627794739,
            66.8302842404777,
            46.47659801995134,
            84.17664593179869,
            31.19516529405428,
            20.146043175268282,
            78.51383747522199,
            0.0,
            60.54152279141088,
            88.35179620066174,
            61.29366804466725,
            42.160240552191325,
            26.28092442866579,
            50.2428265297445,
            72.70199179535622,
            81.3895193566186,
            82.4843665508375,
            45.75828969852745,
            32.5856980482066,
            40.11551517181231,
            21.993450939101994
        ],
        [
            60.01485528333824,
            53.42159343283141,
            75.66056963199014,
            60.27213439035631,
            52.41048914158677,
            73.28631950310275,
            80.29875902065177,
            71.10679647758296,
            60.54152279141088,
            0.0,
            44.49432606149208,
            24.45165253478454,
            32.62647876847118,
            86.78908998519623,
            14.16748534514497,
            50.35869201220106,
            33.6928790441284,
            60.521049296126485,
            36.910925824519694,
            38.52663714375469,
            34.856328146243634,
            60.01485528333824
        ],
        [
            76.33263717859234,
            92.24524905197764,
            62.88525106055734,
            60.31523871411976,
            16.729543962240374,
            85.04671046468356,
            107.97658628388193,
            47.4858803859559,
            88.35179620066174,
            44.49432606149208,
            0.0,
            27.62282882397117,
            75.3774767840163,
            111.71529632697803,
            57.40764445147237,
            26.966625014603693,
            10.978479358079605,
            29.60317620708701,
            80.4787044227172,
            78.62730223160005,
            77.16560773807302,
            76.33263717859234
        ],
        [
            51.9048271948307,
            64.97634992683511,
            53.926407375316096,
            42.58371527928619,
            29.668582701458078,
            62.74862972280833,
            81.20267955283207,
            46.967134690019286,
            61.29366804466725,
            24.45165253478454,
            27.62282882397117,
            0.0,
            50.03063019356971,
            85.60527033116364,
            33.63524299774741,
            25.917607660756836,
            20.170901053903123,
            36.27464880599531,
            55.67151963678861,
            51.90657059040281,
            51.46144227696812,
            51.9048271948307
        ],
        [
            53.550247552241075,
            23.361835942882106,
            87.0209174916266,
            66.96192260118401,
            79.63811349686667,
            67.19380313276928,
            58.36342206985759,
            89.6372840000066,
            42.160240552191325,
            32.62647876847118,
            75.3774767840163,
            50.03063019356971,
            0.0,
            66.58849651514537,
            18.495487240716322,
            73.41951394940988,
            65.12271639955851,
            84.45988153241832,
            6.166975646967095,
            9.881991028970578,
            2.6549979216246102,
            53.550247552241075
        ],
        [
            36.650826865630584,
            46.92173235482283,
            77.44496889775462,
            60.5406250765817,
            105.25900311699634,
            35.34741654157218,
            9.003240380475745,
            93.31826530346717,
            26.28092442866579,
            86.78908998519623,
            111.71529632697803,
            85.60527033116364,
            66.58849651514537,
            0.0,
            76.40711331377571,
            92.72574437246256,
            105.76411164605611,
            101.25302461439315,
            69.12220792705867,
            56.71403757422259,
            64.2557381541428,
            36.650826865630584
        ],
        [
            54.23143919234385,
            39.64296738643399,
            78.4266040815853,
            60.40592552480764,
            63.17464749231538,
            68.08999272095812,
            69.22350709554684,
            77.38074938492683,
            50.2428265297445,
            14.16748534514497,
            57.40764445147237,
            33.63524299774741,
            18.495487240716322,
            76.40711331377571,
            0.0,
            58.721541356568004,
            46.92413495562,
            69.5227573953188,
            23.119781842107923,
            24.680197923375168,
            20.69036243866592,
            54.23143919234385
        ],
        [
            56.099647159640995,
            84.16727963376049,
            35.9455830864011,
            35.56308181225452,
            13.330075119632607,
            62.067630861261314,
            90.6797824043426,
            22.62200147805572,
            72.70199179535622,
            50.35869201220106,
            26.966625014603693,
            25.917607660756836,
            73.41951394940988,
            92.72574437246256,
            58.721541356568004,
            0.0,
            29.965876280948663,
            11.060886257383988,
            79.4011642577825,
            73.1987606535682,
            74.40231600521422,
            56.099647159640995
        ],
        [
            71.60448321618195,
            82.97309742730283,
            65.10482644736845,
            58.87364658432997,
            23.94090605223375,
            81.65428801457135,
            101.34844003846315,
            52.29533032591814,
            81.3895193566186,
            33.6928790441284,
            10.978479358079605,
            20.170901053903123,
            65.12271639955851,
            105.76411164605611,
            46.92413495562,
            29.965876280948663,
            0.0,
            35.913399429772184,
            70.04237934528597,
            68.95949367912947,
            67.0200692958111,
            71.60448321618195
        ],
        [
            64.65814859380902,
            95.03446393959764,
            36.49375845134714,
            41.954809376209084,
            12.883107656948788,
            69.00815570267609,
            99.81840684138417,
            18.399603290837796,
            82.4843665508375,
            60.521049296126485,
            29.60317620708701,
            36.27464880599531,
            84.45988153241832,
            101.25302461439315,
            69.5227573953188,
            11.060886257383988,
            35.913399429772184,
            0.0,
            90.42699436811033,
            84.23643180068275,
            85.4582804193214,
            64.65814859380902
        ],
        [
            58.71956391170591,
            23.647912973391254,
            93.1110226706364,
            72.9555191565464,
            85.32906145625942,
            72.18395115838473,
            60.60264880920313,
            95.7935005201636,
            45.75828969852745,
            36.910925824519694,
            80.4787044227172,
            55.67151963678861,
            6.166975646967095,
            69.12220792705867,
            23.119781842107923,
            79.4011642577825,
            70.04237934528597,
            90.42699436811033,
            0.0,
            13.302841496113995,
            6.449386975376032,
            58.71956391170591
        ],
        [
            45.853714758844006,
            14.963943178553913,
            82.65653336694584,
            61.97626971109989,
            80.87972385197378,
            59.119649453274604,
            48.48449818797769,
            87.38048031268733,
            32.5856980482066,
            38.52663714375469,
            78.62730223160005,
            51.90657059040281,
            9.881991028970578,
            56.71403757422259,
            24.680197923375168,
            73.1987606535682,
            68.95949367912947,
            84.23643180068275,
            13.302841496113995,
            0.0,
            7.583076763543036,
            45.853714758844006
        ],
        [
            52.3273618515375,
            20.70751344400147,
            86.91040704969433,
            66.63898602413292,
            80.98285253100688,
            65.84988219460836,
            55.96045005154342,
            90.11855504760082,
            40.11551517181231,
            34.856328146243634,
            77.16560773807302,
            51.46144227696812,
            2.6549979216246102,
            64.2557381541428,
            20.69036243866592,
            74.40231600521422,
            67.0200692958111,
            85.4582804193214,
            6.449386975376032,
            7.583076763543036,
            0.0,
            52.3273618515375
        ],
        [
            0.0,
            46.5376920933885,
            44.984635897777906,
            25.248495960614946,
            68.76408037926242,
            13.932723170327721,
            35.52736180057441,
            58.04215571245755,
            21.993450939101994,
            60.01485528333824,
            76.33263717859234,
            51.9048271948307,
            53.550247552241075,
            36.650826865630584,
            54.23143919234385,
            56.099647159640995,
            71.60448321618195,
            64.65814859380902,
            58.71956391170591,
            45.853714758844006,
            52.3273618515375,
            0.0
        ]
    ],
    "scores_ave": [
        0,
        10.81890291939401,
        12.689579505564975,
        14.870667034223398,
        16.26917141969661,
        18.06943949242209,
        12.813894478555483,
        18.579301872137208,
        12.717919146377685,
        10.872635227947892,
        15.525044674843661,
        12.932245164533871,
        14.637125151264957,
        16.41199551669462,
        12.710959763164666,
        11.32445047496011,
        14.551633761259625,
        12.23985044244579,
        18.713241426220502,
        11.92768097531315,
        12.906746049769838,
        0
    ],
    "scores_var": [
        0,
        291.4544402893838,
        280.57292164199936,
        16.14809620521383,
        363.2575485711517,
        23.927964313828962,
        365.5472708340717,
        231.30898528250063,
        17.70302089215081,
        16.669632453069198,
        16.827809051454587,
        329.7680117569874,
        23.40591229283251,
        20.896695523473213,
        24.845293508532148,
        353.65075464551455,
        18.60287254273176,
        18.131934180262952,
        392.68771038895795,
        17.29917343146386,
        312.1913281131028,
        0
    ],
    "vertex_number": 22,
    "minimum_distances": {
        "cost": 355.15174839814455,
        "path": [
            0,
            5,
            13,
            6,
            8,
            1,
            19,
            20,
            18,
            12,
            14,
            9,
            11,
            16,
            10,
            4,
            15,
            17,
            7,
            2,
            3,
            21
        ]
    }
}