{
    "vertices": [
        [
            94.0429169721798,
            67.07378487202129
        ],
        [
            42.281722838360324,
            7.294446449136527
        ],
        [
            12.733644483999207,
            93.7476870542715
        ],
        [
            76.60205807688413,
            78.54658148016766
        ],
        [
            40.04361767240577,
            19.44148801314165
        ],
        [
            57.93939949066234,
            71.9715939734609
        ],
        [
            8.028536324268188,
            50.89091752015749
        ],
        [
            7.544324884479481,
            92.23142923596937
        ],
        [
            15.53360051174547,
            34.33964329788586
        ],
        [
            99.93727359715056,
            77.71774275597619
        ],
        [
            64.84017482055509,
            0.046064591999939175
        ],
        [
            96.53194435577481,
            41.858584399833845
        ],
        [
            45.92317086960453,
            1.362070333397647
        ],
        [
            2.4957386743056142,
            43.59984026296476
        ],
        [
            24.332236366764736,
            19.176386933134893
        ],
        [
            31.036640423599692,
            46.267089342196286
        ],
        [
            7.2963862971551,
            36.37785285512355
        ],
        [
            24.372411302858133,
            69.11629585227067
        ],
        [
            75.89302867289058,
            38.034231568303
        ],
        [
            65.19673767168054,
            39.944600355908236
        ],
        [
            6.396261690285321,
            9.874382415804629
        ],
        [
            23.806773251097724,
            56.79675111823297
        ],
        [
            94.0429169721798,
            67.07378487202129
        ]
    ],
    "distances": [
        [
            0.0,
            79.07458833555022,
            85.5727459544536,
            20.87602981932888,
            72.00527778516663,
            36.43422166771758,
            87.52347613053226,
            90.0828146934656,
            85.06019513074354,
            12.167057140399335,
            73.1130319102625,
            25.337750337567222,
            81.44654315919043,
            94.50879287035583,
            84.57978316232688,
            66.35291601268926,
            92.01739415207871,
            69.70043910423679,
            34.24491351071239,
            39.59917565740302,
            104.65996284850996,
            70.98403558255195,
            0.0
        ],
        [
            79.07458833555022,
            0.0,
            91.36329539571578,
            79.08699107542878,
            12.3515073368209,
            66.54544499837131,
            55.44306156964594,
            91.76588615349945,
            38.03820080638874,
            91.01430215092776,
            23.694362101138193,
            64.32547059263054,
            6.960835448625505,
            53.86098918400561,
            21.525904725685105,
            40.56252916898452,
            45.49525580845981,
            64.36368932324707,
            45.548372847719335,
            39.88897660942388,
            35.97808209732848,
            52.83750495437821,
            79.07458833555022
        ],
        [
            85.5727459544536,
            91.36329539571578,
            0.0,
            65.65247798481683,
            79.16593870782744,
            50.177270906124186,
            43.114275335379695,
            5.406299628907177,
            59.47398941317073,
            88.66471702267204,
            107.2151321212472,
            98.56284307832641,
            98.1664241917622,
            51.18223571877777,
            75.46791460892226,
            50.88621443437263,
            57.626917778310236,
            27.24272977529556,
            84.22052560573921,
            75.1475101722667,
            84.11238702861266,
            38.57441959695529,
            85.5727459544536
        ],
        [
            20.87602981932888,
            79.08699107542878,
            65.65247798481683,
            0.0,
            69.49770959214179,
            19.786997908202952,
            73.94027072323645,
            70.40060775144501,
            75.38972007400761,
            23.34993055681328,
            79.37677903168546,
            41.75176040427634,
            83.05806933250284,
            81.93302934164666,
            79.10091189209002,
            55.84060259885813,
            81.12630778417162,
            53.074158393357926,
            40.51855399785496,
            40.251636988612454,
            98.20755964085491,
            57.09988809629008,
            20.87602981932888
        ],
        [
            72.00527778516663,
            12.3515073368209,
            79.16593870782744,
            69.49770959214179,
            0.0,
            55.49478389082176,
            44.877968425995235,
            79.71561688237803,
            28.682677212983698,
            83.56657158746829,
            31.480973556845527,
            60.7738205306962,
            19.011430494240308,
            44.648283289310285,
            15.713617696567121,
            28.29732365129056,
            36.867622879769755,
            52.08812957796953,
            40.38403622707462,
            32.45084068923367,
            34.9810530730299,
            40.7314472909122,
            72.00527778516663
        ],
        [
            36.43422166771758,
            66.54544499837131,
            50.177270906124186,
            19.786997908202952,
            55.49478389082176,
            0.0,
            54.18015487005718,
            54.31504827786419,
            56.695815530682864,
            42.38914548908997,
            72.25581275549435,
            48.95076980750225,
            71.62467856088556,
            62.28126470559394,
            62.58414575327486,
            37.2086012066985,
            61.90015502498331,
            33.68820896635883,
            38.39371521267488,
            32.83895975289752,
            80.70166502337466,
            37.35387569838874,
            36.43422166771758
        ],
        [
            87.52347613053226,
            55.44306156964594,
            43.114275335379695,
            73.94027072323645,
            44.877968425995235,
            54.18015487005718,
            0.0,
            41.34334734444711,
            18.173350457166322,
            95.74390079440506,
            76.24146731220982,
            88.96311749701584,
            62.36272950227569,
            9.15268580285505,
            35.659810507501206,
            23.468119678938557,
            14.531520554768463,
            24.48033220085951,
            69.07158384893776,
            58.20674449545015,
            41.04900087026911,
            16.84730337494177,
            87.52347613053226
        ],
        [
            90.0828146934656,
            91.76588615349945,
            5.406299628907177,
            70.40060775144501,
            79.71561688237803,
            54.31504827786419,
            41.34334734444711,
            0.0,
            58.44046033485115,
            93.52595397568425,
            108.54011182249126,
            102.25565957957264,
            98.64165553413193,
            48.892940888852465,
            74.95914339028948,
            51.61985501006264,
            55.85412668795443,
            28.59184995502394,
            87.22890314903692,
            77.83131230114664,
            82.36504847346762,
            38.988250027213475,
            90.0828146934656
        ],
        [
            85.06019513074354,
            38.03820080638874,
            59.47398941317073,
            75.38972007400761,
            28.682677212983698,
            56.695815530682864,
            18.173350457166322,
            58.44046033485115,
            0.0,
            94.89804815118124,
            60.05986855236163,
            81.34658063354702,
            44.844690936201246,
            15.991781924608249,
            17.531124792562263,
            19.5603736070782,
            8.485634697314321,
            35.88230955623522,
            60.47239494536611,
            49.97842270609186,
            26.11589460015599,
            23.93255270191328,
            85.06019513074354
        ],
        [
            12.167057140399335,
            91.01430215092776,
            88.66471702267204,
            23.34993055681328,
            83.56657158746829,
            42.38914548908997,
            95.74390079440506,
            93.52595397568425,
            94.89804815118124,
            0.0,
            85.23318562239947,
            36.02048729893951,
            93.52920401973928,
            103.24187134415304,
            95.62014430121167,
            75.73929529557246,
            101.44614579541738,
            76.05283231012926,
            46.39942644214457,
            51.31973424682444,
            115.55363452010788,
            78.95277686089878,
            12.167057140399335
        ],
        [
            73.1130319102625,
            23.694362101138193,
            107.2151321212472,
            79.37677903168546,
            31.480973556845527,
            72.25581275549435,
            76.24146731220982,
            108.54011182249126,
            60.05986855236163,
            85.23318562239947,
            0.0,
            52.46575139034972,
            18.962724213352647,
            76.05103611122274,
            44.79801681605777,
            57.263095154596826,
            68.05355564569882,
            80.05208760845356,
            39.56344788438654,
            39.90012898689267,
            59.26454938008249,
            70.03128204994618,
            73.1130319102625
        ],
        [
            25.337750337567222,
            64.32547059263054,
            98.56284307832641,
            41.75176040427634,
            60.7738205306962,
            48.95076980750225,
            88.96311749701584,
            102.25565957957264,
            81.34658063354702,
            36.02048729893951,
            52.46575139034972,
            0.0,
            64.81678490412462,
            94.05232560095719,
            75.67879435889984,
            65.64350503282733,
            89.40370932069023,
            77.13612022936648,
            20.990248096324223,
            31.39360624164271,
            95.64220023676266,
            74.2435137713137,
            25.337750337567222
        ],
        [
            81.44654315919043,
            6.960835448625505,
            98.1664241917622,
            83.05806933250284,
            19.011430494240308,
            71.62467856088556,
            62.36272950227569,
            98.64165553413193,
            44.844690936201246,
            93.52920401973928,
            18.962724213352647,
            64.81678490412462,
            0.0,
            60.580286196916646,
            27.991397403873783,
            47.3082394610114,
            52.13572203408353,
            71.09901766948693,
            47.36074098225323,
            43.12866796241239,
            40.43310532544392,
            59.683656702119755,
            81.44654315919043
        ],
        [
            94.50879287035583,
            53.86098918400561,
            51.18223571877777,
            81.93302934164666,
            44.648283289310285,
            62.28126470559394,
            9.15268580285505,
            48.892940888852465,
            15.991781924608249,
            103.24187134415304,
            76.05103611122274,
            94.05232560095719,
            60.580286196916646,
            0.0,
            32.761833038264975,
            28.66526278116981,
            8.671984762312919,
            33.61068745411018,
            73.60800350015258,
            62.80745221744749,
            33.95026637301631,
            25.06628514269964,
            94.50879287035583
        ],
        [
            84.57978316232688,
            21.525904725685105,
            75.46791460892226,
            79.10091189209002,
            15.713617696567121,
            62.58414575327486,
            35.659810507501206,
            74.95914339028948,
            17.531124792562263,
            95.62014430121167,
            44.79801681605777,
            75.67879435889984,
            27.991397403873783,
            32.761833038264975,
            0.0,
            27.90797718885462,
            24.20972154857539,
            49.93992507880911,
            54.90112574000268,
            45.83913345246972,
            20.20461520632708,
            37.62403371390867,
            84.57978316232688
        ],
        [
            66.35291601268926,
            40.56252916898452,
            50.88621443437263,
            55.84060259885813,
            28.29732365129056,
            37.2086012066985,
            23.468119678938557,
            51.61985501006264,
            19.5603736070782,
            75.73929529557246,
            57.263095154596826,
            65.64350503282733,
            47.3082394610114,
            28.66526278116981,
            27.90797718885462,
            0.0,
            25.71763333367634,
            23.80122240377089,
            45.60565221435033,
            34.74026642068357,
            43.94971423742601,
            12.772813176812287,
            66.35291601268926
        ],
        [
            92.01739415207871,
            45.49525580845981,
            57.626917778310236,
            81.12630778417162,
            36.867622879769755,
            61.90015502498331,
            14.531520554768463,
            55.85412668795443,
            8.485634697314321,
            101.44614579541738,
            68.05355564569882,
            89.40370932069023,
            52.13572203408353,
            8.671984762312919,
            24.20972154857539,
            25.71763333367634,
            0.0,
            36.92419640117908,
            68.61663745525587,
            58.01010581810607,
            26.518751283492673,
            26.258794405839193,
            92.01739415207871
        ],
        [
            69.70043910423679,
            64.36368932324707,
            27.24272977529556,
            53.074158393357926,
            52.08812957796953,
            33.68820896635883,
            24.48033220085951,
            28.59184995502394,
            35.88230955623522,
            76.05283231012926,
            80.05208760845356,
            77.13612022936648,
            71.09901766948693,
            33.61068745411018,
            49.93992507880911,
            23.80122240377089,
            36.92419640117908,
            0.0,
            60.17033101406363,
            50.175825270747865,
            61.909177530535295,
            12.332523215447653,
            69.70043910423679
        ],
        [
            34.24491351071239,
            45.548372847719335,
            84.22052560573921,
            40.51855399785496,
            40.38403622707462,
            38.39371521267488,
            69.07158384893776,
            87.22890314903692,
            60.47239494536611,
            46.39942644214457,
            39.56344788438654,
            20.990248096324223,
            47.36074098225323,
            73.60800350015258,
            54.90112574000268,
            45.60565221435033,
            68.61663745525587,
            60.17033101406363,
            0.0,
            10.865548770643075,
            74.98518337195688,
            55.362533754568624,
            34.24491351071239
        ],
        [
            39.59917565740302,
            39.88897660942388,
            75.1475101722667,
            40.251636988612454,
            32.45084068923367,
            32.83895975289752,
            58.20674449545015,
            77.83131230114664,
            49.97842270609186,
            51.31973424682444,
            39.90012898689267,
            31.39360624164271,
            43.12866796241239,
            62.80745221744749,
            45.83913345246972,
            34.74026642068357,
            58.01010581810607,
            50.175825270747865,
            10.865548770643075,
            0.0,
            66.04327356062815,
            44.689194891530924,
            39.59917565740302
        ],
        [
            104.65996284850996,
            35.97808209732848,
            84.11238702861266,
            98.20755964085491,
            34.9810530730299,
            80.70166502337466,
            41.04900087026911,
            82.36504847346762,
            26.11589460015599,
            115.55363452010788,
            59.26454938008249,
            95.64220023676266,
            40.43310532544392,
            33.95026637301631,
            20.20461520632708,
            43.94971423742601,
            26.518751283492673,
            61.909177530535295,
            74.98518337195688,
            66.04327356062815,
            0.0,
            50.048322623798384,
            104.65996284850996
        ],
        [
            70.98403558255195,
            52.83750495437821,
            38.57441959695529,
            57.09988809629008,
            40.7314472909122,
            37.35387569838874,
            16.84730337494177,
            38.988250027213475,
            23.93255270191328,
            78.95277686089878,
            70.03128204994618,
            74.2435137713137,
            59.683656702119755,
            25.06628514269964,
            37.62403371390867,
            12.772813176812287,
            26.258794405839193,
            12.332523215447653,
            55.362533754568624,
            44.689194891530924,
            50.048322623798384,
            0.0,
            70.98403558255195
        ],
        [
            0.0,
            79.07458833555022,
            85.5727459544536,
            20.87602981932888,
            72.00527778516663,
            36.43422166771758,
            87.52347613053226,
            90.0828146934656,
            85.06019513074354,
            12.167057140399335,
            73.1130319102625,
            25.337750337567222,
            81.44654315919043,
            94.50879287035583,
            84.57978316232688,
            66.35291601268926,
            92.01739415207871,
            69.70043910423679,
            34.24491351071239,
            39.59917565740302,
            104.65996284850996,
            70.98403558255195,
            0.0
        ]
    ],
    "scores_ave": [
        0,
        17.42054947134581,
        16.03826863086973,
        14.775117854817108,
        11.112116578073772,
        17.698043008875388,
        12.763753834609261,
        13.681482551845281,
        14.088091267418168,
        13.01539980069505,
        13.633400436201413,
        15.976656885709733,
        16.084048520511352,
        12.26065536333932,
        14.413567314323904,
        10.765861997298174,
        17.87727797875575,
        17.485942057367236,
        14.310132077257165,
        11.94433961986416,
        12.84743961269312,
        18.385501945165966,
        0
    ],
    "scores_var": [
        0,
        19.81283722846055,
        20.94970206702711,
        21.721364141769183,
        358.79119725444014,
        292.8131204087503,
        21.892741391682918,
        260.99373827862684,
        329.7680764071178,
        20.12648752743308,
        304.9597156764797,
        270.2518025725874,
        24.138947326936318,
        315.58742901776037,
        241.72808000517088,
        19.471497780497884,
        232.3283463383587,
        18.037463953643957,
        361.61084727686983,
        344.5374047350725,
        18.810400279571965,
        18.237551108017566,
        0
    ],
    "vertex_number": 23,
    "minimum_distances": {
        "cost": 464.6331252109093,
        "path": [
            0,
            11,
            18,
            10,
            12,
            1,
            20,
            16,
            13,
            6,
            7,
            2,
            17,
            21,
            15,
            8,
            14,
            4,
            19,
            5,
            3,
            9,
            22
        ]
    }
}