{
    "vertices": [
        [
            24.14237306994307,
            39.21323700892562
        ],
        [
            50.923595761320996,
            17.57097133327392
        ],
        [
            7.232466983153307,
            95.82048864542732
        ],
        [
            70.97498514468732,
            29.366225532314072
        ],
        [
            12.673614365874109,
            27.144571421743258
        ],
        [
            2.0839000360402204,
            3.031295019044933
        ],
        [
            44.701110692544724,
            16.67324279547161
        ],
        [
            96.42564596937456,
            48.23939366116038
        ],
        [
            34.188299045413274,
            46.18920243586003
        ],
        [
            8.658686288153428,
            59.945296295602155
        ],
        [
            26.21510959904344,
            44.91095271924422
        ],
        [
            63.33986518425758,
            31.044407871347847
        ],
        [
            36.7293330927546,
            76.54990154465133
        ],
        [
            14.81776743916109,
            43.66282449221054
        ],
        [
            34.580262696970635,
            3.010460889297384
        ],
        [
            9.32144671441092,
            62.70328067972015
        ],
        [
            4.7412295634727375,
            93.26354540137905
        ],
        [
            59.67569835807139,
            49.77333711815152
        ],
        [
            17.424211154337744,
            27.16785454241688
        ],
        [
            52.217526767110556,
            8.015226740679227
        ],
        [
            24.14237306994307,
            39.21323700892562
        ]
    ],
    "distances": [
        [
            0.0,
            34.4328557110889,
            59.07897986341905,
            47.85663160695706,
            16.648877297505596,
            42.37580865006012,
            30.50758974054681,
            72.8446500778497,
            12.230483324154088,
            25.87591232445415,
            6.063019135272335,
            40.03964482273398,
            39.4012446664972,
            10.331848766847918,
            37.677453982905135,
            27.774844908512843,
            57.426824800592776,
            37.069298892059074,
            13.792205707890451,
            41.97058612668144,
            0.0
        ],
        [
            34.4328557110889,
            0.0,
            89.62087755370078,
            23.263409849447054,
            39.429873134540685,
            50.95800296185635,
            6.286909969033144,
            54.87247671845906,
            33.152274546560136,
            59.84902663191811,
            36.85083269909465,
            18.322042422406284,
            60.66293185778928,
            44.54678035612445,
            21.888650027844054,
            61.38130132430103,
            88.66891629363549,
            33.37052085309878,
            34.8469358247826,
            9.642951424053027,
            34.4328557110889
        ],
        [
            59.07897986341905,
            89.62087755370078,
            0.0,
            92.08299358448538,
            68.89112926462153,
            92.93192237032002,
            87.56817793613527,
            101.09096783377798,
            56.479035517479815,
            35.90353085203333,
            54.33342957058698,
            85.69702896452915,
            35.233799646026526,
            52.7063441430694,
            96.75537805465025,
            33.183027284464316,
            3.569905129621905,
            69.78991818894109,
            69.40501292077327,
            98.65809455856937,
            59.07897986341905
        ],
        [
            47.85663160695706,
            23.263409849447054,
            92.08299358448538,
            0.0,
            58.343685019680336,
            73.75303500592754,
            29.179244155473466,
            31.68489563866306,
            40.45086928687397,
            69.41470069029346,
            47.382327952282104,
            7.817375056449416,
            58.30149197489936,
            57.94847575429385,
            44.93553328897323,
            70.0893575864037,
            92.03139608221576,
            23.326467481447214,
            53.59587885252674,
            28.420193422756952,
            47.85663160695706
        ],
        [
            16.648877297505596,
            39.429873134540685,
            68.89112926462153,
            58.343685019680336,
            0.0,
            26.336137690641298,
            33.69583422552817,
            86.36778521547457,
            28.732901477641548,
            33.04553222025416,
            22.338674928431626,
            50.8161165018049,
            54.95056185354538,
            16.656832739200084,
            32.59381125757847,
            35.71636644532655,
            66.59310361270995,
            52.16566817891352,
            4.750653844500703,
            43.92781392151918,
            16.648877297505596
        ],
        [
            42.37580865006012,
            50.95800296185635,
            92.93192237032002,
            73.75303500592754,
            26.336137690641298,
            0.0,
            44.747395268055925,
            104.61423043059222,
            53.78938007033933,
            57.29250697577244,
            48.33447014356772,
            67.35746252580688,
            81.27294468120503,
            42.58018983481625,
            32.49636933953814,
            60.10930006753883,
            90.27137092831592,
            74.17299868254057,
            28.598927441976556,
            50.380751330405964,
            42.37580865006012
        ],
        [
            30.50758974054681,
            6.286909969033144,
            87.56817793613527,
            29.179244155473466,
            33.69583422552817,
            44.747395268055925,
            0.0,
            60.595787230462136,
            31.332269024459446,
            56.31631176723509,
            33.75056293112838,
            23.53579305314421,
            60.40499566315883,
            40.26725374500345,
            17.003034245839707,
            58.05587834863077,
            86.38788429585503,
            36.329802090334184,
            29.226120579655415,
            11.465502719507517,
            30.50758974054681
        ],
        [
            72.8446500778497,
            54.87247671845906,
            101.09096783377798,
            31.68489563866306,
            86.36778521547457,
            104.61423043059222,
            60.595787230462136,
            0.0,
            62.271105949660246,
            88.5441549068719,
            70.28938708306832,
            37.28721532204665,
            66.06916548348786,
            81.73610477359597,
            76.61923904472192,
            88.29691702168354,
            102.14306854416033,
            36.78194709314304,
            81.76329533273014,
            59.76906731619888,
            72.8446500778497
        ],
        [
            12.230483324154088,
            33.152274546560136,
            56.479035517479815,
            40.45086928687397,
            28.732901477641548,
            53.78938007033933,
            31.332269024459446,
            62.271105949660246,
            0.0,
            28.999849065360316,
            8.075002927908553,
            32.85085403377958,
            30.4668492693995,
            19.534586768677077,
            43.18052057408523,
            29.850881479383677,
            55.52588285394068,
            25.738172917743988,
            25.354414181816534,
            42.217359848965835,
            12.230483324154088
        ],
        [
            25.87591232445415,
            59.84902663191811,
            35.90353085203333,
            69.41470069029346,
            33.04553222025416,
            57.29250697577244,
            56.31631176723509,
            88.5441549068719,
            28.999849065360316,
            0.0,
            23.11405386865613,
            61.84895049375489,
            32.61401734692336,
            17.408422348189422,
            62.558001936292406,
            2.836499470412737,
            33.54775984569385,
            52.02119062507006,
            33.92926633546839,
            67.77982522735189,
            25.87591232445415
        ],
        [
            6.063019135272335,
            36.85083269909465,
            54.33342957058698,
            47.382327952282104,
            22.338674928431626,
            48.33447014356772,
            33.75056293112838,
            70.28938708306832,
            8.075002927908553,
            23.11405386865613,
            0.0,
            39.62989456560048,
            33.34024562675623,
            11.465480032713412,
            42.727356599059604,
            24.534929792292942,
            52.906528357722735,
            33.81203605439229,
            19.801450158452102,
            45.13779230387268,
            6.063019135272335
        ],
        [
            40.03964482273398,
            18.322042422406284,
            85.69702896452915,
            7.817375056449416,
            50.8161165018049,
            67.35746252580688,
            23.53579305314421,
            37.28721532204665,
            32.85085403377958,
            61.84895049375489,
            39.62989456560048,
            0.0,
            52.71499191543118,
            50.13599911842151,
            40.16238188428542,
            62.61208957925112,
            85.46941658627635,
            19.083996155467577,
            46.079007700983965,
            25.57439335379606,
            40.03964482273398
        ],
        [
            39.4012446664972,
            60.66293185778928,
            35.233799646026526,
            58.30149197489936,
            54.95056185354538,
            81.27294468120503,
            60.40499566315883,
            66.06916548348786,
            30.4668492693995,
            32.61401734692336,
            33.34024562675623,
            52.71499191543118,
            0.0,
            39.51805342428846,
            73.57083549524472,
            30.707021104388243,
            36.09133771931413,
            35.26358009867733,
            53.02145131159686,
            70.2629759815265,
            39.4012446664972
        ],
        [
            10.331848766847918,
            44.54678035612445,
            52.7063441430694,
            57.94847575429385,
            16.656832739200084,
            42.58018983481625,
            40.26725374500345,
            81.73610477359597,
            19.534586768677077,
            17.408422348189422,
            11.465480032713412,
            50.13599911842151,
            39.51805342428846,
            0.0,
            45.20144782325455,
            19.81788367454485,
            50.61391241812282,
            45.272202628958894,
            16.699628213974698,
            51.66713871740454,
            10.331848766847918
        ],
        [
            37.677453982905135,
            21.888650027844054,
            96.75537805465025,
            44.93553328897323,
            32.59381125757847,
            32.49636933953814,
            17.003034245839707,
            76.61923904472192,
            43.18052057408523,
            62.558001936292406,
            42.727356599059604,
            40.16238188428542,
            73.57083549524472,
            45.20144782325455,
            0.0,
            64.81697709221484,
            95.05780958073325,
            53.071154916918644,
            29.629542228074577,
            18.333596622239902,
            37.677453982905135
        ],
        [
            27.774844908512843,
            61.38130132430103,
            33.183027284464316,
            70.0893575864037,
            35.71636644532655,
            60.10930006753883,
            58.05587834863077,
            88.29691702168354,
            29.850881479383677,
            2.836499470412737,
            24.534929792292942,
            62.61208957925112,
            30.707021104388243,
            19.81788367454485,
            64.81697709221484,
            0.0,
            30.901588454440617,
            51.987826450991705,
            36.44751435048321,
            69.50436624793485,
            27.774844908512843
        ],
        [
            57.426824800592776,
            88.66891629363549,
            3.569905129621905,
            92.03139608221576,
            66.59310361270995,
            90.27137092831592,
            86.38788429585503,
            102.14306854416033,
            55.52588285394068,
            33.54775984569385,
            52.906528357722735,
            85.46941658627635,
            36.09133771931413,
            50.61391241812282,
            95.05780958073325,
            30.901588454440617,
            0.0,
            70.06564121067647,
            67.30154806657657,
            97.57701896781009,
            57.426824800592776
        ],
        [
            37.069298892059074,
            33.37052085309878,
            69.78991818894109,
            23.326467481447214,
            52.16566817891352,
            74.17299868254057,
            36.329802090334184,
            36.78194709314304,
            25.738172917743988,
            52.02119062507006,
            33.81203605439229,
            19.083996155467577,
            35.26358009867733,
            45.272202628958894,
            53.071154916918644,
            51.987826450991705,
            70.06564121067647,
            0.0,
            47.91863951959728,
            42.41891212392621,
            37.069298892059074
        ],
        [
            13.792205707890451,
            34.8469358247826,
            69.40501292077327,
            53.59587885252674,
            4.750653844500703,
            28.598927441976556,
            29.226120579655415,
            81.76329533273014,
            25.354414181816534,
            33.92926633546839,
            19.801450158452102,
            46.079007700983965,
            53.02145131159686,
            16.699628213974698,
            29.629542228074577,
            36.44751435048321,
            67.30154806657657,
            47.91863951959728,
            0.0,
            39.716469669923015,
            13.792205707890451
        ],
        [
            41.97058612668144,
            9.642951424053027,
            98.65809455856937,
            28.420193422756952,
            43.92781392151918,
            50.380751330405964,
            11.465502719507517,
            59.76906731619888,
            42.217359848965835,
            67.77982522735189,
            45.13779230387268,
            25.57439335379606,
            70.2629759815265,
            51.66713871740454,
            18.333596622239902,
            69.50436624793485,
            97.57701896781009,
            42.41891212392621,
            39.716469669923015,
            0.0,
            41.97058612668144
        ],
        [
            0.0,
            34.4328557110889,
            59.07897986341905,
            47.85663160695706,
            16.648877297505596,
            42.37580865006012,
            30.50758974054681,
            72.8446500778497,
            12.230483324154088,
            25.87591232445415,
            6.063019135272335,
            40.03964482273398,
            39.4012446664972,
            10.331848766847918,
            37.677453982905135,
            27.774844908512843,
            57.426824800592776,
            37.069298892059074,
            13.792205707890451,
            41.97058612668144,
            0.0
        ]
    ],
    "scores_ave": [
        0,
        19.961921697394718,
        12.270945986034066,
        13.47345330250912,
        15.977761755311239,
        12.60301062002651,
        11.385933781819297,
        11.802159454391814,
        18.477153668844274,
        16.639882256504617,
        14.237130399887988,
        17.281453841619285,
        15.211365374419442,
        14.692443083307971,
        13.23138046116436,
        17.791149913271113,
        18.269562758431896,
        10.305279716465064,
        12.31518449558941,
        18.64870379913232,
        0
    ],
    "scores_var": [
        0,
        17.98660901148799,
        21.92918189286275,
        23.504204838942478,
        282.0046873562802,
        325.43305523750627,
        17.57414444389682,
        23.076904261599196,
        19.50117577437247,
        267.87215187399136,
        269.540100898341,
        371.5158848348718,
        234.85931191406476,
        24.216603727949874,
        297.4633058718266,
        18.1262621465737,
        17.5516757389381,
        285.987212438237,
        22.448232924514844,
        17.094656812844498,
        0
    ],
    "vertex_number": 21,
    "minimum_distances": {
        "cost": 365.0523975361575,
        "path": [
            0,
            18,
            4,
            5,
            14,
            19,
            6,
            1,
            11,
            3,
            7,
            17,
            12,
            2,
            16,
            15,
            9,
            13,
            10,
            8,
            20
        ]
    }
}