{
    "vertices": [
        [
            19.841078446385584,
            95.03306908509529
        ],
        [
            36.073471632412435,
            39.31305524428591
        ],
        [
            87.21480697393618,
            4.098156796452878
        ],
        [
            83.81299877236704,
            32.85092412513573
        ],
        [
            93.53348947421145,
            27.61176508105988
        ],
        [
            68.1825704919556,
            64.21098390784739
        ],
        [
            2.3444311159012465,
            67.14611802657305
        ],
        [
            41.95396842445158,
            76.13950298213086
        ],
        [
            67.2706388619565,
            56.37339652129004
        ],
        [
            80.63291701508885,
            43.80992165019133
        ],
        [
            42.064725210833465,
            50.698001405010686
        ],
        [
            99.46361798872184,
            29.24305267059554
        ],
        [
            47.80285418947966,
            54.926426507719874
        ],
        [
            94.97573383546117,
            31.92106250221245
        ],
        [
            19.841078446385584,
            95.03306908509529
        ]
    ],
    "distances": [
        [
            0.0,
            58.03628632989675,
            113.17410290630615,
            89.21337199105942,
            99.88094751602327,
            57.33149908964037,
            32.921341211253214,
            29.085163628027573,
            61.189324918280704,
            79.49502166614704,
            49.59323241843223,
            103.28637404319626,
            48.89175473979664,
            98.12411434175084,
            0.0
        ],
        [
            58.03628632989675,
            0.0,
            62.09287602620271,
            48.17490622873646,
            58.63935403689123,
            40.63128205345867,
            43.73016759637665,
            37.29299526063049,
            35.55725646947454,
            44.78577877277879,
            12.865151321439813,
            64.18501076504121,
            19.528332683049474,
            59.36428260608874,
            58.03628632989675
        ],
        [
            113.17410290630615,
            62.09287602620271,
            0.0,
            28.95330599599353,
            24.347803250010543,
            63.053770774081705,
            105.72618461648399,
            85.0793692174972,
            55.95060794994189,
            40.25351591139576,
            64.88509382559752,
            27.969611363002727,
            64.31807696227813,
            28.88504920649312,
            113.17410290630615
        ],
        [
            89.21337199105942,
            48.17490622873646,
            28.95330599599353,
            0.0,
            11.042496410403103,
            35.039458297815266,
            88.39280423616692,
            60.216936829483394,
            28.756849254280265,
            11.411071235302508,
            45.40304519305365,
            16.061090196117448,
            42.23811452141219,
            11.20139708815899,
            89.21337199105942
        ],
        [
            99.88094751602327,
            58.63935403689123,
            24.347803250010543,
            11.042496410403103,
            0.0,
            44.52158927953917,
            99.3901877807649,
            70.81940650356837,
            38.94828321486399,
            20.707608408774995,
            56.4092900363449,
            6.150408392812808,
            53.267079255373325,
            4.544239547108934,
            99.88094751602327
        ],
        [
            57.33149908964037,
            40.63128205345867,
            63.053770774081705,
            35.039458297815266,
            44.52158927953917,
            0.0,
            65.90353259724145,
            28.81369698114112,
            7.890462302027412,
            23.900093510002318,
            29.40650503291074,
            46.917588892739566,
            22.394995929574677,
            41.95846310738577,
            57.33149908964037
        ],
        [
            32.921341211253214,
            43.73016759637665,
            105.72618461648399,
            88.39280423616692,
            99.3901877807649,
            65.90353259724145,
            0.0,
            40.61768603399626,
            65.81385857791892,
            81.6925032405321,
            42.99118867145247,
            104.25343554155589,
            47.07216894463626,
            99.10278896285935,
            32.921341211253214
        ],
        [
            29.085163628027573,
            37.29299526063049,
            85.0793692174972,
            60.216936829483394,
            70.81940650356837,
            28.81369698114112,
            40.61768603399626,
            0.0,
            32.1190405626091,
            50.41094021316855,
            25.44174265973811,
            74.20671697917562,
            22.00463765213045,
            69.04040907885917,
            29.085163628027573
        ],
        [
            61.189324918280704,
            35.55725646947454,
            55.95060794994189,
            28.756849254280265,
            38.94828321486399,
            7.890462302027412,
            65.81385857791892,
            32.1190405626091,
            0.0,
            18.340975390594878,
            25.836954013849194,
            42.1003974151464,
            19.521484632939558,
            36.95252259956623,
            61.189324918280704
        ],
        [
            79.49502166614704,
            44.78577877277879,
            40.25351591139576,
            11.411071235302508,
            20.707608408774995,
            23.900093510002318,
            81.6925032405321,
            50.41094021316855,
            18.340975390594878,
            0.0,
            39.17845149771217,
            23.80733019528003,
            34.661069016706655,
            18.629583092040363,
            79.49502166614704
        ],
        [
            49.59323241843223,
            12.865151321439813,
            64.88509382559752,
            45.40304519305365,
            56.4092900363449,
            29.40650503291074,
            42.99118867145247,
            25.44174265973811,
            25.836954013849194,
            39.17845149771217,
            0.0,
            61.27762819597302,
            7.1278119380915514,
            56.14399583423721,
            49.59323241843223
        ],
        [
            103.28637404319626,
            64.18501076504121,
            27.969611363002727,
            16.061090196117448,
            6.150408392812808,
            46.917588892739566,
            104.25343554155589,
            74.20671697917562,
            42.1003974151464,
            23.80733019528003,
            61.27762819597302,
            0.0,
            57.69289564563885,
            5.226168848336709,
            103.28637404319626
        ],
        [
            48.89175473979664,
            19.528332683049474,
            64.31807696227813,
            42.23811452141219,
            53.267079255373325,
            22.394995929574677,
            47.07216894463626,
            22.00463765213045,
            19.521484632939558,
            34.661069016706655,
            7.1278119380915514,
            57.69289564563885,
            0.0,
            52.483591217828774,
            48.89175473979664
        ],
        [
            98.12411434175084,
            59.36428260608874,
            28.88504920649312,
            11.20139708815899,
            4.544239547108934,
            41.95846310738577,
            99.10278896285935,
            69.04040907885917,
            36.95252259956623,
            18.629583092040363,
            56.14399583423721,
            5.226168848336709,
            52.483591217828774,
            0.0,
            98.12411434175084
        ],
        [
            0.0,
            58.03628632989675,
            113.17410290630615,
            89.21337199105942,
            99.88094751602327,
            57.33149908964037,
            32.921341211253214,
            29.085163628027573,
            61.189324918280704,
            79.49502166614704,
            49.59323241843223,
            103.28637404319626,
            48.89175473979664,
            98.12411434175084,
            0.0
        ]
    ],
    "scores_ave": [
        0,
        18.591852377936398,
        11.268767015125894,
        15.350501459631387,
        14.386993023658643,
        17.717213632094662,
        11.169357526532814,
        19.747206298805438,
        16.93126350302261,
        17.163909796610834,
        16.427852676984685,
        18.903635514524343,
        18.442777388564593,
        19.44625119584435,
        0
    ],
    "scores_var": [
        0,
        23.980775118519272,
        17.67835859284886,
        314.58582070868533,
        390.9384375095543,
        343.99319097998455,
        398.1021802561608,
        19.632063200323223,
        18.402603626954562,
        24.972823393569513,
        24.588256651841412,
        255.47085990247933,
        19.764257308457786,
        350.8054767485905,
        0
    ],
    "vertex_number": 15,
    "minimum_distances": {
        "cost": 306.32015446955836,
        "path": [
            0,
            6,
            1,
            10,
            12,
            3,
            2,
            4,
            11,
            13,
            9,
            8,
            5,
            7,
            14
        ]
    }
}