{
    "vertices": [
        [
            10.90561258277999,
            39.99914146980622
        ],
        [
            35.51071818158636,
            38.67400375036056
        ],
        [
            34.50538365582083,
            85.6674428178504
        ],
        [
            22.8608270730843,
            61.63083192053425
        ],
        [
            94.17263662375527,
            25.28633888981281
        ],
        [
            33.311586860669095,
            20.070343090837838
        ],
        [
            75.15819550677055,
            54.119835882571635
        ],
        [
            30.210945242341403,
            25.015036256322354
        ],
        [
            42.60062493523131,
            13.845727961965103
        ],
        [
            35.335804534576674,
            50.06951757776551
        ],
        [
            93.18567931874043,
            67.56700159409328
        ],
        [
            80.96147742737794,
            88.19785634821326
        ],
        [
            64.81301894103956,
            96.81954316466778
        ],
        [
            59.0123659750745,
            14.218969181518482
        ],
        [
            79.5137001653565,
            28.694673171728013
        ],
        [
            53.404298953048034,
            71.95361907252229
        ],
        [
            66.43882740923841,
            50.11763648692424
        ],
        [
            54.286791953902004,
            13.453685460046804
        ],
        [
            68.92421896351487,
            67.06186033821851
        ],
        [
            70.15421592298003,
            38.483556168941156
        ],
        [
            44.103318502249444,
            91.32978079457203
        ],
        [
            96.98335551426516,
            70.24941539828995
        ],
        [
            81.99431750006642,
            9.064675986914672
        ],
        [
            10.90561258277999,
            39.99914146980622
        ]
    ],
    "distances": [
        [
            0.0,
            24.640763208632773,
            51.40567033621592,
            24.715525186920477,
            84.55686756496017,
            29.986408390652606,
            65.78592876218278,
            24.438070262299416,
            41.092272340844914,
            26.424359098327983,
            86.77555124518864,
            85.0349358502407,
            78.3234735506537,
            54.579089449722765,
            69.5331624855417,
            53.171674621558516,
            56.447514474713806,
            50.85850920343158,
            64.01991439320557,
            59.2679845833192,
            61.130370617269875,
            91.23846174134648,
            77.52770550925153,
            0.0
        ],
        [
            24.640763208632773,
            0.0,
            47.00419143968521,
            26.21136594479272,
            60.17017737828285,
            18.733188957070624,
            42.54992583433535,
            14.651108702441109,
            25.820729199617976,
            11.396856153101503,
            64.5074140434274,
            67.21892212876334,
            65.1116624237026,
            33.91719570914475,
            45.120388542893,
            37.78509003318484,
            32.97733571116575,
            31.442096001510045,
            43.84441168674438,
            34.644021216354446,
            53.3522598996553,
            69.10782706301255,
            55.112950349297826,
            24.640763208632773
        ],
        [
            51.40567033621592,
            47.00419143968521,
            0.0,
            26.708694491448476,
            84.88850798728858,
            65.60796173776279,
            51.45777506588841,
            60.80424839591439,
            72.27649449310589,
            35.607609864108355,
            61.40849348080725,
            46.52495718586263,
            32.29430443170002,
            75.53460509831126,
            72.60609503459517,
            23.350331071093912,
            47.786332356847,
            74.87410010135099,
            39.125745019674085,
            59.136777062240775,
            11.143716825140196,
            64.35225355071009,
            90.12870088832881,
            51.40567033621592
        ],
        [
            24.715525186920477,
            26.21136594479272,
            26.708694491448476,
            0.0,
            80.0393425450967,
            42.85431847435121,
            52.833983444096035,
            37.34622777772023,
            51.7017966802865,
            17.008499404622764,
            70.5749456518859,
            63.88655851220016,
            54.75611200175503,
            59.62229862530782,
            65.53120312290676,
            32.24071353223102,
            45.07322689125271,
            57.520680713684584,
            46.38245511101238,
            52.6541641622743,
            36.51398370954428,
            74.62190833580115,
            79.11997497292067,
            24.715525186920477
        ],
        [
            84.55686756496017,
            60.17017737828285,
            84.88850798728858,
            80.0393425450967,
            0.0,
            61.084154986704824,
            34.53866702440485,
            63.96226676322667,
            52.82575099327638,
            63.84339242372063,
            42.29218040530726,
            64.28369743745804,
            77.3239061629931,
            36.860972645177895,
            15.04995550387612,
            61.96686530787494,
            37.22576411443466,
            41.60399370513142,
            48.81267034932778,
            27.405311107009027,
            82.87745674053866,
            45.05084227612885,
            20.284324095558798,
            84.55686756496017
        ],
        [
            29.986408390652606,
            18.733188957070624,
            65.60796173776279,
            42.85431847435121,
            61.084154986704824,
            0.0,
            53.949111341655154,
            5.83643460908242,
            11.181773645234363,
            30.067389761808258,
            76.42538528952629,
            83.137657734947,
            82.9625212676602,
            26.358463986243972,
            47.00015258659614,
            55.63803919818585,
            44.72419822415235,
            21.994076177604935,
            58.96153202303614,
            41.18768908402939,
            72.07197051334354,
            81.068078928229,
            49.911250945157555,
            29.986408390652606
        ],
        [
            65.78592876218278,
            42.54992583433535,
            51.45777506588841,
            52.833983444096035,
            34.53866702440485,
            53.949111341655154,
            0.0,
            53.54759254735311,
            51.78802149456397,
            40.027839076229384,
            22.49036323103652,
            34.56862102986953,
            43.935039321171026,
            43.04377974529886,
            25.795529064235858,
            28.129625630929162,
            9.59400750587478,
            45.70942218464493,
            14.365182231786124,
            16.41746189147045,
            48.46633250123263,
            27.13855089548117,
            45.57082396808773,
            65.78592876218278
        ],
        [
            24.438070262299416,
            14.651108702441109,
            60.80424839591439,
            37.34622777772023,
            63.96226676322667,
            5.83643460908242,
            53.54759254735311,
            0.0,
            16.68105544223165,
            25.573251984285342,
            76.00320313052623,
            81.04125660321836,
            79.70690507478486,
            30.758363098636643,
            49.439876322945075,
            52.356109606646754,
            44.07493601397498,
            26.707886983307098,
            57.15464091029199,
            42.15288722381155,
            67.75428678663751,
            80.6517441217571,
            54.18423788433333,
            24.438070262299416
        ],
        [
            41.092272340844914,
            25.820729199617976,
            72.27649449310589,
            51.7017966802865,
            52.82575099327638,
            11.181773645234363,
            51.78802149456397,
            16.68105544223165,
            0.0,
            36.94510183479722,
            73.78904368292467,
            83.66477155583084,
            85.89554387022366,
            16.41598467856397,
            39.7877656671925,
            59.103691776399366,
            43.40404641545258,
            11.69274120604647,
            59.370770145356985,
            36.96245331517664,
            77.49862277048915,
            78.35086050354784,
            39.682760386355156,
            41.092272340844914
        ],
        [
            26.424359098327983,
            11.396856153101503,
            35.607609864108355,
            17.008499404622764,
            63.84339242372063,
            30.067389761808258,
            40.027839076229384,
            25.573251984285342,
            36.94510183479722,
            0.0,
            60.43814986782,
            59.45983723754153,
            55.267269351222694,
            42.963256184294494,
            49.077188547698896,
            28.379295071991244,
            31.103060096574904,
            41.229347385574606,
            37.642015040893114,
            36.69545303411396,
            42.18149620264192,
            64.8663920519717,
            62.11613209176458,
            26.424359098327983
        ],
        [
            86.77555124518864,
            64.5074140434274,
            61.40849348080725,
            70.5749456518859,
            42.29218040530726,
            76.42538528952629,
            22.49036323103652,
            76.00320313052623,
            73.78904368292467,
            60.43814986782,
            0.0,
            23.98047705460392,
            40.751920755303615,
            63.35477809271774,
            41.206564173039126,
            40.02250162973268,
            31.93547290572225,
            66.64363751511198,
            24.266718489663326,
            37.09845150337212,
            54.53208063746435,
            4.649482584438836,
            59.56314868108318,
            86.77555124518864
        ],
        [
            85.0349358502407,
            67.21892212876334,
            46.52495718586263,
            63.88655851220016,
            64.28369743745804,
            83.137657734947,
            34.56862102986953,
            81.04125660321836,
            83.66477155583084,
            59.45983723754153,
            23.98047705460392,
            0.0,
            18.3059060154372,
            77.16630896944726,
            59.52079356943071,
            31.98864376829721,
            40.75549666282426,
            79.36138813597138,
            24.323361582239354,
            50.875421802076644,
            36.99098309166342,
            24.059241674748616,
            79.13992034813761,
            85.0349358502407
        ],
        [
            78.3234735506537,
            65.1116624237026,
            32.29430443170002,
            54.75611200175503,
            77.3239061629931,
            82.9625212676602,
            43.935039321171026,
            79.70690507478486,
            85.89554387022366,
            55.267269351222694,
            40.751920755303615,
            18.3059060154372,
            0.0,
            82.80399988634173,
            69.69295473728984,
            27.35823592121281,
            46.730197308720335,
            84.02777924836438,
            30.040333766860094,
            58.57999457123119,
            21.424966351071426,
            41.72412065887379,
            89.42099157110431,
            78.3234735506537
        ],
        [
            54.579089449722765,
            33.91719570914475,
            75.53460509831126,
            59.62229862530782,
            36.860972645177895,
            26.358463986243972,
            43.04377974529886,
            30.758363098636643,
            16.41598467856397,
            42.963256184294494,
            63.35477809271774,
            77.16630896944726,
            82.80399988634173,
            0.0,
            25.096826683742183,
            58.006380802118024,
            36.65878671938465,
            4.78713996076258,
            53.764448992464345,
            26.700393291707222,
            78.53888822851255,
            67.68461383383854,
            23.552851934171734,
            54.579089449722765
        ],
        [
            69.5331624855417,
            45.120388542893,
            72.60609503459517,
            65.53120312290676,
            15.04995550387612,
            47.00015258659614,
            25.795529064235858,
            49.439876322945075,
            39.7877656671925,
            49.077188547698896,
            41.206564173039126,
            59.52079356943071,
            69.69295473728984,
            25.096826683742183,
            0.0,
            50.527588821485836,
            25.09772210366754,
            29.473455927949267,
            39.8017356806543,
            13.543344329094714,
            71.95173268554525,
            45.07754939574314,
            19.786112600433746,
            69.5331624855417
        ],
        [
            53.171674621558516,
            37.78509003318484,
            23.350331071093912,
            32.24071353223102,
            61.96686530787494,
            55.63803919818585,
            28.129625630929162,
            52.356109606646754,
            59.103691776399366,
            28.379295071991244,
            40.02250162973268,
            31.98864376829721,
            27.35823592121281,
            58.006380802118024,
            50.527588821485836,
            0.0,
            25.430475173574283,
            58.50658959946815,
            16.27259108580826,
            37.427327305984505,
            21.492879761101424,
            43.61236614687431,
            69.08261954315029,
            53.171674621558516
        ],
        [
            56.447514474713806,
            32.97733571116575,
            47.786332356847,
            45.07322689125271,
            37.22576411443466,
            44.72419822415235,
            9.59400750587478,
            44.07493601397498,
            43.40404641545258,
            31.103060096574904,
            31.93547290572225,
            40.75549666282426,
            46.730197308720335,
            36.65878671938465,
            25.09772210366754,
            25.430475173574283,
            0.0,
            38.625344925437496,
            17.125533366900967,
            12.212941359612127,
            46.87553516034318,
            36.58219128612826,
            43.90123959276314,
            56.447514474713806
        ],
        [
            50.85850920343158,
            31.442096001510045,
            74.87410010135099,
            57.520680713684584,
            41.60399370513142,
            21.994076177604935,
            45.70942218464493,
            26.707886983307098,
            11.69274120604647,
            41.229347385574606,
            66.64363751511198,
            79.36138813597138,
            84.02777924836438,
            4.78713996076258,
            29.473455927949267,
            58.50658959946815,
            38.625344925437496,
            0.0,
            55.5705918920285,
            29.635613223256225,
            78.53909444405744,
            71.05456691221177,
            28.05299228329479,
            50.85850920343158
        ],
        [
            64.01991439320557,
            43.84441168674438,
            39.125745019674085,
            46.38245511101238,
            48.81267034932778,
            58.96153202303614,
            14.365182231786124,
            57.15464091029199,
            59.370770145356985,
            37.642015040893114,
            24.266718489663326,
            24.323361582239354,
            30.040333766860094,
            53.764448992464345,
            39.8017356806543,
            16.27259108580826,
            17.125533366900967,
            55.5705918920285,
            0.0,
            28.604761172085126,
            34.71324045640148,
            28.23961138604137,
            59.45166834020967,
            64.01991439320557
        ],
        [
            59.2679845833192,
            34.644021216354446,
            59.136777062240775,
            52.6541641622743,
            27.405311107009027,
            41.18768908402939,
            16.41746189147045,
            42.15288722381155,
            36.96245331517664,
            36.69545303411396,
            37.09845150337212,
            50.875421802076644,
            58.57999457123119,
            26.700393291707222,
            13.543344329094714,
            37.427327305984505,
            12.212941359612127,
            29.635613223256225,
            28.604761172085126,
            0.0,
            58.9183563383099,
            41.57971312776782,
            31.712119394959306,
            59.2679845833192
        ],
        [
            61.130370617269875,
            53.3522598996553,
            11.143716825140196,
            36.51398370954428,
            82.87745674053866,
            72.07197051334354,
            48.46633250123263,
            67.75428678663751,
            77.49862277048915,
            42.18149620264192,
            54.53208063746435,
            36.99098309166342,
            21.424966351071426,
            78.53888822851255,
            71.95173268554525,
            21.492879761101424,
            46.87553516034318,
            78.53909444405744,
            34.71324045640148,
            58.9183563383099,
            0.0,
            56.92697181154921,
            90.57193425155178,
            61.130370617269875
        ],
        [
            91.23846174134648,
            69.10782706301255,
            64.35225355071009,
            74.62190833580115,
            45.05084227612885,
            81.068078928229,
            27.13855089548117,
            80.6517441217571,
            78.35086050354784,
            64.8663920519717,
            4.649482584438836,
            24.059241674748616,
            41.72412065887379,
            67.68461383383854,
            45.07754939574314,
            43.61236614687431,
            36.58219128612826,
            71.05456691221177,
            28.23961138604137,
            41.57971312776782,
            56.92697181154921,
            0.0,
            62.99399651894611,
            91.23846174134648
        ],
        [
            77.52770550925153,
            55.112950349297826,
            90.12870088832881,
            79.11997497292067,
            20.284324095558798,
            49.911250945157555,
            45.57082396808773,
            54.18423788433333,
            39.682760386355156,
            62.11613209176458,
            59.56314868108318,
            79.13992034813761,
            89.42099157110431,
            23.552851934171734,
            19.786112600433746,
            69.08261954315029,
            43.90123959276314,
            28.05299228329479,
            59.45166834020967,
            31.712119394959306,
            90.57193425155178,
            62.99399651894611,
            0.0,
            77.52770550925153
        ],
        [
            0.0,
            24.640763208632773,
            51.40567033621592,
            24.715525186920477,
            84.55686756496017,
            29.986408390652606,
            65.78592876218278,
            24.438070262299416,
            41.092272340844914,
            26.424359098327983,
            86.77555124518864,
            85.0349358502407,
            78.3234735506537,
            54.579089449722765,
            69.5331624855417,
            53.171674621558516,
            56.447514474713806,
            50.85850920343158,
            64.01991439320557,
            59.2679845833192,
            61.130370617269875,
            91.23846174134648,
            77.52770550925153,
            0.0
        ]
    ],
    "scores_ave": [
        0,
        14.847279013753102,
        13.07829678325868,
        15.063699200959434,
        10.679818785547189,
        13.901363069236073,
        16.237657751995002,
        16.06373465020216,
        10.585867033488249,
        10.906674841867565,
        10.402065072631537,
        10.858634343178277,
        15.95961882216852,
        13.170587518560598,
        12.211705032387101,
        19.228484291073478,
        12.65009051472942,
        13.18307271423262,
        16.13885799947674,
        11.877708411091616,
        10.580054056747125,
        16.462291343452968,
        11.567852735116203,
        0
    ],
    "scores_var": [
        0,
        231.03343659655525,
        389.31152430985003,
        19.953940732012857,
        383.1432968867214,
        21.85240915203648,
        377.13236759645224,
        20.97045249504837,
        230.69054222667722,
        361.0565271735335,
        238.9192195189453,
        24.8936121621748,
        235.48758359247572,
        19.914911697895427,
        289.45585279128227,
        22.133052726031682,
        369.2764263934142,
        16.719776027041135,
        252.92831891068224,
        394.4710136427484,
        21.726344798701675,
        20.43295974042418,
        255.14042909526736,
        0
    ],
    "vertex_number": 24,
    "minimum_distances": {
        "cost": 401.2768363063995,
        "path": [
            0,
            7,
            5,
            8,
            17,
            13,
            22,
            4,
            14,
            19,
            1,
            9,
            15,
            18,
            16,
            6,
            10,
            21,
            11,
            12,
            20,
            2,
            3,
            23
        ]
    }
}