{
    "vertices": [
        [
            10.3086526813975,
            8.122599464405877
        ],
        [
            0.4113997557271043,
            44.923320896697305
        ],
        [
            41.67494203949609,
            70.22743725662572
        ],
        [
            13.359046523179419,
            85.14810307709068
        ],
        [
            7.305787124232522,
            37.43131029574997
        ],
        [
            33.90734628105313,
            49.75354273974778
        ],
        [
            12.518326800440194,
            70.75643786193069
        ],
        [
            96.83206037155834,
            13.875104792826932
        ],
        [
            16.127319849146204,
            36.00642505618011
        ],
        [
            58.724948308832104,
            8.925516119988453
        ],
        [
            33.32175188936469,
            43.06272576535319
        ],
        [
            22.369148931453676,
            16.734967480725558
        ],
        [
            4.815927275856168,
            51.523786534105895
        ],
        [
            10.3086526813975,
            8.122599464405877
        ]
    ],
    "distances": [
        [
            0.0,
            38.10838114394004,
            69.57625302712059,
            77.08588138808365,
            29.462140657965676,
            47.854297378659346,
            62.67280408693727,
            86.71442438182528,
            28.484462733945335,
            48.422952795538556,
            41.837963156467005,
            14.81986682282082,
            43.74737788073446,
            0.0
        ],
        [
            38.10838114394004,
            0.0,
            48.40432032950352,
            42.25724385563747,
            10.18149301584568,
            33.842421259132486,
            28.529416653787965,
            101.29627592772572,
            18.06934353576153,
            68.52964244469233,
            32.96290478405697,
            35.731303043239926,
            7.935112431855384,
            38.10838114394004
        ],
        [
            69.57625302712059,
            48.40432032950352,
            0.0,
            32.00650258020944,
            47.5060496486844,
            21.897851505451982,
            29.16141378326434,
            78.85361803245065,
            42.7054876521028,
            63.628831898966155,
            28.420016468825736,
            56.86965772937384,
            41.33295924194446,
            69.57625302712059
        ],
        [
            77.08588138808365,
            42.25724385563747,
            32.00650258020944,
            0.0,
            48.099212703414885,
            40.92685578459748,
            14.416200515997575,
            109.76148835251972,
            49.219588132349344,
            88.70145324208896,
            46.57991615501719,
            69.00390617591319,
            34.69264402516512,
            77.08588138808365
        ],
        [
            29.462140657965676,
            10.18149301584568,
            47.5060496486844,
            48.099212703414885,
            0.0,
            29.316895503749002,
            33.73032311108594,
            92.57347578680833,
            8.935868036327923,
            58.79209503427065,
            26.618475967866473,
            25.597724017034434,
            14.310740323029524,
            29.462140657965676
        ],
        [
            47.854297378659346,
            33.842421259132486,
            21.897851505451982,
            40.92685578459748,
            29.316895503749002,
            0.0,
            29.976853701738854,
            72.43467369211291,
            22.47470988745278,
            47.77908672288531,
            6.716394313649525,
            34.97651083533088,
            29.14522984687886,
            47.854297378659346
        ],
        [
            62.67280408693727,
            28.529416653787965,
            29.16141378326434,
            14.416200515997575,
            33.73032311108594,
            29.976853701738854,
            0.0,
            101.70689121401662,
            34.93691773504694,
            77.18882532256838,
            34.63703487769437,
            54.91227511954216,
            20.71766964535329,
            62.67280408693727
        ],
        [
            86.71442438182528,
            101.29627592772572,
            78.85361803245065,
            109.76148835251972,
            92.57347578680833,
            72.43467369211291,
            101.70689121401662,
            0.0,
            83.68423076893865,
            38.427209341708206,
            69.89618374088283,
            74.51780991635827,
            99.42027955473716,
            86.71442438182528
        ],
        [
            28.484462733945335,
            18.06934353576153,
            42.7054876521028,
            49.219588132349344,
            8.935868036327923,
            22.47470988745278,
            34.93691773504694,
            83.68423076893865,
            0.0,
            50.47705993022719,
            18.586012829113418,
            20.25708536229445,
            19.202502680215826,
            28.484462733945335
        ],
        [
            48.422952795538556,
            68.52964244469233,
            63.628831898966155,
            88.70145324208896,
            58.79209503427065,
            47.77908672288531,
            77.18882532256838,
            38.427209341708206,
            50.47705993022719,
            0.0,
            42.551985508288865,
            37.18510022742858,
            68.70804313184968,
            48.422952795538556
        ],
        [
            41.837963156467005,
            32.96290478405697,
            28.420016468825736,
            46.57991615501719,
            26.618475967866473,
            6.716394313649525,
            34.63703487769437,
            69.89618374088283,
            18.586012829113418,
            42.551985508288865,
            0.0,
            28.515090177788675,
            29.735022889324206,
            41.837963156467005
        ],
        [
            14.81986682282082,
            35.731303043239926,
            56.86965772937384,
            69.00390617591319,
            25.597724017034434,
            34.97651083533088,
            54.91227511954216,
            74.51780991635827,
            20.25708536229445,
            37.18510022742858,
            28.515090177788675,
            0.0,
            38.966363977402054,
            14.81986682282082
        ],
        [
            43.74737788073446,
            7.935112431855384,
            41.33295924194446,
            34.69264402516512,
            14.310740323029524,
            29.14522984687886,
            20.71766964535329,
            99.42027955473716,
            19.202502680215826,
            68.70804313184968,
            29.735022889324206,
            38.966363977402054,
            0.0,
            43.74737788073446
        ],
        [
            0.0,
            38.10838114394004,
            69.57625302712059,
            77.08588138808365,
            29.462140657965676,
            47.854297378659346,
            62.67280408693727,
            86.71442438182528,
            28.484462733945335,
            48.422952795538556,
            41.837963156467005,
            14.81986682282082,
            43.74737788073446,
            0.0
        ]
    ],
    "scores_ave": [
        0,
        19.92572821340777,
        16.150868839168595,
        10.328384827045138,
        12.801944804537392,
        19.31628868508311,
        11.930992714029278,
        19.333832969597193,
        12.386490882735107,
        11.884675518064322,
        17.64059419086533,
        18.12400662171683,
        12.802906893423918,
        0
    ],
    "scores_var": [
        0,
        251.77170375592078,
        16.095645456150745,
        271.8560763949309,
        18.20860689774601,
        315.2698505820173,
        239.96801651721597,
        22.86546079772296,
        398.4836782877003,
        22.736610399407404,
        24.17993427450557,
        265.13248109440826,
        19.655650958997114,
        0
    ],
    "vertex_number": 14,
    "minimum_distances": {
        "cost": 311.61991491147654,
        "path": [
            0,
            8,
            4,
            1,
            12,
            6,
            3,
            2,
            5,
            10,
            7,
            9,
            11,
            13
        ]
    }
}