{
    "vertices": [
        [
            88.55254196433759,
            53.52312745609337
        ],
        [
            19.255952156804824,
            33.689682686933466
        ],
        [
            32.757781315521996,
            6.797422992335955
        ],
        [
            73.56512286224734,
            38.27050062364958
        ],
        [
            27.258041030140678,
            66.68188139976928
        ],
        [
            53.406628219654706,
            12.533121937402392
        ],
        [
            78.65780128663322,
            93.94243735681526
        ],
        [
            50.5555480819053,
            80.51283019805847
        ],
        [
            40.096603724061495,
            66.9970733099769
        ],
        [
            41.32392466187842,
            98.03186435877691
        ],
        [
            2.6547557054421245,
            34.64206661915451
        ],
        [
            92.3118315197733,
            11.863952785148523
        ],
        [
            67.60411809514414,
            6.4213474572019535
        ],
        [
            5.595963827648742,
            15.673936794853882
        ],
        [
            74.87714976446121,
            80.6707479610423
        ],
        [
            64.84110113444969,
            57.973204382911035
        ],
        [
            88.18308006681875,
            14.783886032129834
        ],
        [
            85.69519326227466,
            51.11400029738314
        ],
        [
            7.903277600143377,
            0.8236346871103417
        ],
        [
            14.302612155209804,
            92.39364458718794
        ],
        [
            75.01667425143499,
            24.13304476833065
        ],
        [
            94.44050715762819,
            49.61465740874071
        ],
        [
            7.279421185499557,
            37.92264780248891
        ],
        [
            97.22729954630755,
            40.9651390110372
        ],
        [
            88.55254196433759,
            53.52312745609337
        ]
    ],
    "distances": [
        [
            0.0,
            72.07900450453496,
            72.77600410501404,
            21.38376385558642,
            62.691057178217,
            53.9945905195234,
            41.612816606540974,
            46.607033784625635,
            50.29438505060815,
            64.89660971864747,
            87.94841750996477,
            41.82844836024761,
            51.55011291614559,
            91.18308554693365,
            30.397527052396274,
            24.12541421165386,
            38.74100319039054,
            3.7374236142048383,
            96.34075140143854,
            83.80912348127214,
            32.357327997452586,
            7.0671261647472,
            82.75684338200752,
            15.262846814801932,
            0.0
        ],
        [
            72.07900450453496,
            0.0,
            30.09141110205467,
            54.50201753772272,
            33.948764369915004,
            40.1729851803212,
            84.61072110171297,
            56.32114920634289,
            39.29013906648588,
            68.02140657746789,
            16.62849237817699,
            76.24646873949163,
            55.507722487976494,
            22.608900486327567,
            72.80754162585106,
            51.64973604262746,
            71.4729187110489,
            68.68609468342613,
            34.77154484224343,
            58.91256843796517,
            56.57373469041843,
            76.85260002473588,
            12.702570124826849,
            78.31004583358673,
            72.07900450453496
        ],
        [
            72.77600410501404,
            30.09141110205467,
            0.0,
            51.53439375502336,
            60.13647397344027,
            21.430658432692805,
            98.49398642523164,
            75.8335134447565,
            60.64533133482188,
            91.63570321265004,
            41.006296218820495,
            59.76917784169314,
            34.84836609895755,
            28.57545846580293,
            85.03710566846445,
            60.40115902480291,
            55.997744004169405,
            69.03860230084626,
            25.56232582636838,
            87.56315675014659,
            45.676447043627405,
            75.08711094709791,
            40.22345651976814,
            72.9640431914529,
            72.77600410501404
        ],
        [
            21.38376385558642,
            54.50201753772272,
            51.53439375502336,
            0.0,
            54.32819144248303,
            32.69216370775613,
            55.90438187795128,
            48.10254608069236,
            44.10620989844807,
            67.90372196630803,
            71.00313868863753,
            32.384330381176696,
            32.40219337102456,
            71.62688934149935,
            42.420542062357136,
            21.547739801016274,
            27.66415980660301,
            17.666184980884047,
            75.58932260374891,
            80.25808300601028,
            14.211778899790984,
            23.758610284369805,
            66.28661439811202,
            23.81511455917157,
            21.38376385558642
        ],
        [
            62.691057178217,
            33.948764369915004,
            60.13647397344027,
            54.32819144248303,
            0.0,
            60.131828205376266,
            58.181382464772575,
            27.093707378059563,
            12.842431155587157,
            34.36088639531374,
            40.39642781168438,
            85.07056456064386,
            72.51991371739564,
            55.41710928535373,
            49.63131979224554,
            38.57884734136129,
            80.0328826470737,
            60.47528158693958,
            68.64339391009607,
            28.79128172796914,
            63.96319680765629,
            69.31647632223488,
            35.01769221407413,
            74.54561004103863,
            62.691057178217
        ],
        [
            53.9945905195234,
            40.1729851803212,
            21.430658432692805,
            32.69216370775613,
            60.131828205376266,
            0.0,
            85.23554644815715,
            68.03946937738257,
            56.066734800480866,
            86.34828707566611,
            55.35845011052659,
            38.91095772629976,
            15.457118297452938,
            47.913717739013066,
            71.4403203768251,
            46.856677896472796,
            34.849211498802,
            50.309398799221704,
            46.985817107579756,
            88.92034160002576,
            24.526563134266357,
            55.30659538977594,
            52.65308397829808,
            52.23629801578588,
            53.9945905195234
        ],
        [
            41.612816606540974,
            84.61072110171297,
            98.49398642523164,
            55.90438187795128,
            58.181382464772575,
            85.23554644815715,
            0.0,
            31.146283624554187,
            47.042731649813206,
            37.5571798333792,
            96.40019142740653,
            83.20643106869106,
            88.21635386544835,
            107.07002509152977,
            13.799676276999186,
            38.531635364027146,
            79.72958788093106,
            43.40276381490654,
            116.95004930628073,
            64.37382330718386,
            69.90428527393455,
            47.053648952395385,
            90.73637620917492,
            56.137513354562,
            41.612816606540974
        ],
        [
            46.607033784625635,
            56.32114920634289,
            75.8335134447565,
            48.10254608069236,
            27.093707378059563,
            68.03946937738257,
            31.146283624554187,
            0.0,
            17.08991519400249,
            19.802510671468116,
            66.32203903382897,
            80.35082810149692,
            76.02763677923276,
            78.90149754008297,
            24.322114349389366,
            26.685422198344938,
            75.737211887179,
            45.81578181075923,
            90.38575141266179,
            38.15008668213003,
            61.457521090455636,
            53.67109757398678,
            60.71858690419018,
            61.17411432116474,
            46.607033784625635
        ],
        [
            50.29438505060815,
            39.29013906648588,
            60.64533133482188,
            44.10620989844807,
            12.842431155587157,
            56.066734800480866,
            47.042731649813206,
            17.08991519400249,
            0.0,
            31.059049762139882,
            49.48472937192395,
            75.93478117808286,
            66.52880511076285,
            61.84139790635316,
            37.3718578790452,
            26.338571762826714,
            70.98257626188332,
            48.2856435827237,
            73.58895451149742,
            36.19828495512533,
            55.2877587577558,
            57.05618479148751,
            43.84392418978669,
            62.78198793028392,
            50.29438505060815
        ],
        [
            64.89660971864747,
            68.02140657746789,
            91.63570321265004,
            67.90372196630803,
            34.36088639531374,
            86.34828707566611,
            37.5571798333792,
            19.802510671468116,
            31.059049762139882,
            0.0,
            74.25342473752745,
            100.12330213646574,
            95.30548448994743,
            89.77369000991683,
            37.77866166714064,
            46.45162890905009,
            95.53013315566064,
            64.5762761801262,
            102.79289647599457,
            27.60327610584988,
            81.21722053706276,
            71.8720896097395,
            69.08072185468171,
            79.88615941064747,
            64.89660971864747
        ],
        [
            87.94841750996477,
            16.62849237817699,
            41.006296218820495,
            71.00313868863753,
            40.39642781168438,
            55.35845011052659,
            96.40019142740653,
            66.32203903382897,
            49.48472937192395,
            74.25342473752745,
            0.0,
            92.50531721696686,
            70.81545498580543,
            19.194808002417147,
            85.64294314004677,
            66.41899989586742,
            87.80342592571051,
            84.65836561575097,
            34.223286230598355,
            58.91449157611596,
            73.1210420871995,
            92.99893894338192,
            5.670074400118799,
            94.78368685066751,
            87.94841750996477
        ],
        [
            41.82844836024761,
            76.24646873949163,
            59.76917784169314,
            32.384330381176696,
            85.07056456064386,
            38.91095772629976,
            83.20643106869106,
            80.35082810149692,
            75.93478117808286,
            100.12330213646574,
            92.50531721696686,
            0.0,
            25.30006038390803,
            86.79952584981247,
            70.98128760656861,
            53.67219122421691,
            5.056935705256812,
            39.80384568786375,
            85.12750788381474,
            112.11810544064701,
            21.205024947600027,
            37.81067256144621,
            88.93574305791269,
            29.513401458892083,
            41.82844836024761
        ],
        [
            51.55011291614559,
            55.507722487976494,
            34.84836609895755,
            32.40219337102456,
            72.51991371739564,
            15.457118297452938,
            88.21635386544835,
            76.02763677923276,
            66.52880511076285,
            95.30548448994743,
            70.81545498580543,
            25.30006038390803,
            0.0,
            62.694669670656516,
            74.604761676736,
            51.62584832439913,
            22.2131881378785,
            48.21535251966662,
            59.96269460311111,
            101.15476463949413,
            19.20026589428409,
            50.85129106013642,
            68.0543972178467,
            45.50611403101094,
            51.55011291614559
        ],
        [
            91.18308554693365,
            22.608900486327567,
            28.57545846580293,
            71.62688934149935,
            55.41710928535373,
            47.913717739013066,
            107.07002509152977,
            78.90149754008297,
            61.84139790635316,
            89.77369000991683,
            19.194808002417147,
            86.79952584981247,
            62.694669670656516,
            0.0,
            94.99720094078738,
            72.79570270962263,
            82.59191218916294,
            87.58929533387142,
            15.02847861681267,
            77.21217060050147,
            69.93419437907413,
            95.1069156018768,
            22.312309835087945,
            95.05759619896473,
            91.18308554693365
        ],
        [
            30.397527052396274,
            72.80754162585106,
            85.03710566846445,
            42.420542062357136,
            49.63131979224554,
            71.4403203768251,
            13.799676276999186,
            24.322114349389366,
            37.3718578790452,
            37.77866166714064,
            85.64294314004677,
            70.98128760656861,
            74.604761676736,
            94.99720094078738,
            0.0,
            24.817347895879685,
            67.21700942507611,
            31.47429741191699,
            104.216414498209,
            61.698467662348875,
            56.53787535263084,
            36.704301013444415,
            79.98032868274974,
            45.5638516519586,
            30.397527052396274
        ],
        [
            24.12541421165386,
            51.64973604262746,
            60.40115902480291,
            21.547739801016274,
            38.57884734136129,
            46.856677896472796,
            38.531635364027146,
            26.685422198344938,
            26.338571762826714,
            46.45162890905009,
            66.41899989586742,
            53.67219122421691,
            51.62584832439913,
            72.79570270962263,
            24.817347895879685,
            0.0,
            49.09343337030205,
            21.953173783367497,
            80.67210834755087,
            61.14659084659547,
            35.336930978784665,
            30.756952782165982,
            60.95384990080672,
            36.580597798097266,
            24.12541421165386
        ],
        [
            38.74100319039054,
            71.4729187110489,
            55.997744004169405,
            27.66415980660301,
            80.0328826470737,
            34.849211498802,
            79.72958788093106,
            75.737211887179,
            70.98257626188332,
            95.53013315566064,
            87.80342592571051,
            5.056935705256812,
            22.2131881378785,
            82.59191218916294,
            67.21700942507611,
            49.09343337030205,
            0.0,
            36.41519989343168,
            81.4845709426302,
            107.15221958416303,
            16.148096208843047,
            35.38838832846915,
            84.14751521376188,
            27.699384714081837,
            38.74100319039054
        ],
        [
            3.7374236142048383,
            68.68609468342613,
            69.03860230084626,
            17.666184980884047,
            60.47528158693958,
            50.309398799221704,
            43.40276381490654,
            45.81578181075923,
            48.2856435827237,
            64.5762761801262,
            84.65836561575097,
            39.80384568786375,
            48.21535251966662,
            87.58929533387142,
            31.47429741191699,
            21.953173783367497,
            36.41519989343168,
            0.0,
            92.63208415877867,
            82.4676280113697,
            29.017283289887295,
            8.872910696382908,
            79.517577245797,
            15.361928939938574,
            3.7374236142048383
        ],
        [
            96.34075140143854,
            34.77154484224343,
            25.56232582636838,
            75.58932260374891,
            68.64339391009607,
            46.985817107579756,
            116.95004930628073,
            90.38575141266179,
            73.58895451149742,
            102.79289647599457,
            34.223286230598355,
            85.12750788381474,
            59.96269460311111,
            15.02847861681267,
            104.216414498209,
            80.67210834755087,
            81.4845709426302,
            92.63208415877867,
            0.0,
            91.79334505206778,
            71.04601754080305,
            99.34412915571546,
            37.10425812438679,
            97.92916453246528,
            96.34075140143854
        ],
        [
            83.80912348127214,
            58.91256843796517,
            87.56315675014659,
            80.25808300601028,
            28.79128172796914,
            88.92034160002576,
            64.37382330718386,
            38.15008668213003,
            36.19828495512533,
            27.60327610584988,
            58.91449157611596,
            112.11810544064701,
            101.15476463949413,
            77.21217060050147,
            61.698467662348875,
            61.14659084659547,
            107.15221958416303,
            82.4676280113697,
            91.79334505206778,
            0.0,
            91.3548401774885,
            90.84120188236386,
            54.92189638127685,
            97.57763557653696,
            83.80912348127214
        ],
        [
            32.357327997452586,
            56.57373469041843,
            45.676447043627405,
            14.211778899790984,
            63.96319680765629,
            24.526563134266357,
            69.90428527393455,
            61.457521090455636,
            55.2877587577558,
            81.21722053706276,
            73.1210420871995,
            21.205024947600027,
            19.20026589428409,
            69.93419437907413,
            56.53787535263084,
            35.336930978784665,
            16.148096208843047,
            29.017283289887295,
            71.04601754080305,
            91.3548401774885,
            0.0,
            32.04056596759207,
            69.12661285466145,
            27.868104933500373,
            32.357327997452586
        ],
        [
            7.0671261647472,
            76.85260002473588,
            75.08711094709791,
            23.758610284369805,
            69.31647632223488,
            55.30659538977594,
            47.053648952395385,
            53.67109757398678,
            57.05618479148751,
            71.8720896097395,
            92.99893894338192,
            37.81067256144621,
            50.85129106013642,
            95.1069156018768,
            36.704301013444415,
            30.756952782165982,
            35.38838832846915,
            8.872910696382908,
            99.34412915571546,
            90.84120188236386,
            32.04056596759207,
            0.0,
            87.9417875442243,
            9.087374776568462,
            7.0671261647472
        ],
        [
            82.75684338200752,
            12.702570124826849,
            40.22345651976814,
            66.28661439811202,
            35.01769221407413,
            52.65308397829808,
            90.73637620917492,
            60.71858690419018,
            43.84392418978669,
            69.08072185468171,
            5.670074400118799,
            88.93574305791269,
            68.0543972178467,
            22.312309835087945,
            79.98032868274974,
            60.95384990080672,
            84.14751521376188,
            79.517577245797,
            37.10425812438679,
            54.92189638127685,
            69.12661285466145,
            87.9417875442243,
            0.0,
            89.99931985501226,
            82.75684338200752
        ],
        [
            15.262846814801932,
            78.31004583358673,
            72.9640431914529,
            23.81511455917157,
            74.54561004103863,
            52.23629801578588,
            56.137513354562,
            61.17411432116474,
            62.78198793028392,
            79.88615941064747,
            94.78368685066751,
            29.513401458892083,
            45.50611403101094,
            95.05759619896473,
            45.5638516519586,
            36.580597798097266,
            27.699384714081837,
            15.361928939938574,
            97.92916453246528,
            97.57763557653696,
            27.868104933500373,
            9.087374776568462,
            89.99931985501226,
            0.0,
            15.262846814801932
        ],
        [
            0.0,
            72.07900450453496,
            72.77600410501404,
            21.38376385558642,
            62.691057178217,
            53.9945905195234,
            41.612816606540974,
            46.607033784625635,
            50.29438505060815,
            64.89660971864747,
            87.94841750996477,
            41.82844836024761,
            51.55011291614559,
            91.18308554693365,
            30.397527052396274,
            24.12541421165386,
            38.74100319039054,
            3.7374236142048383,
            96.34075140143854,
            83.80912348127214,
            32.357327997452586,
            7.0671261647472,
            82.75684338200752,
            15.262846814801932,
            0.0
        ]
    ],
    "scores_ave": [
        0,
        10.109694201542169,
        17.676954308278773,
        19.14956686544953,
        15.098369254732592,
        13.434611665455185,
        18.033450673237112,
        18.183037616481556,
        11.88298157351692,
        18.07577663245206,
        15.17997460830469,
        11.599705836842439,
        18.65021436843952,
        12.932712771243498,
        15.028280705516506,
        13.25960410108788,
        15.835657895075073,
        14.634935278464733,
        12.26939654267059,
        17.184439297399337,
        16.866761589154947,
        18.29986506167087,
        18.11298200197755,
        17.982863633492517,
        0
    ],
    "scores_var": [
        0,
        17.617972143559726,
        24.775057263286975,
        20.382413636765023,
        17.71149857298185,
        19.15123439136106,
        24.249132826487404,
        293.0950850462391,
        18.077410306376713,
        348.37555596155954,
        21.809735553721758,
        23.483136305767726,
        21.846364426680616,
        23.518756594618168,
        262.05461026097566,
        227.49076537976563,
        20.02860414867409,
        24.31756451346543,
        17.668451664189355,
        255.24836842591375,
        19.661322312217944,
        23.90628751300413,
        19.005878369465684,
        20.974373914639862,
        0
    ],
    "vertex_number": 25,
    "minimum_distances": {
        "cost": 461.0328361792088,
        "path": [
            0,
            17,
            3,
            15,
            14,
            6,
            9,
            7,
            8,
            4,
            19,
            22,
            10,
            1,
            13,
            18,
            2,
            5,
            12,
            20,
            16,
            11,
            23,
            21,
            24
        ]
    }
}