{
    "vertices": [
        [
            4.827561833582994,
            99.82337062669528
        ],
        [
            71.02946774552494,
            59.820407749860436
        ],
        [
            1.476783032972151,
            15.038474357788079
        ],
        [
            5.45962153083106,
            71.28535278235776
        ],
        [
            96.41906717371245,
            92.97019181916735
        ],
        [
            65.32735669398255,
            4.0351538695498235
        ],
        [
            61.98192711637982,
            61.67072257144864
        ],
        [
            36.23937469155478,
            99.00314904636886
        ],
        [
            88.87105040549612,
            8.52803047912648
        ],
        [
            4.827561833582994,
            99.82337062669528
        ]
    ],
    "distances": [
        [
            0.0,
            77.34939809267452,
            84.85108339850457,
            28.545016411706822,
            91.84753622301969,
            113.2943407574461,
            68.71860028046909,
            31.422519798149143,
            124.08927070459227,
            0.0
        ],
        [
            77.34939809267452,
            0.0,
            82.72241237449364,
            66.5646279732471,
            41.75571748833319,
            56.07591836907205,
            9.234806786014563,
            52.39883386310243,
            54.30681391773863,
            77.34939809267452
        ],
        [
            84.85108339850457,
            82.72241237449364,
            0.0,
            56.38771439780433,
            122.83073680614847,
            64.79173418428464,
            76.39004538560225,
            90.87631360470427,
            87.63642991973948,
            84.85108339850457
        ],
        [
            28.545016411706822,
            66.5646279732471,
            56.38771439780433,
            0.0,
            93.50857177666995,
            90.03740871092127,
            57.3342144168618,
            41.420640197470505,
            104.38365757907202,
            28.545016411706822
        ],
        [
            91.84753622301969,
            41.75571748833319,
            122.83073680614847,
            93.50857177666995,
            0.0,
            94.21324448109861,
            46.53572166107702,
            60.48133563465929,
            84.778836798524,
            91.84753622301969
        ],
        [
            113.2943407574461,
            56.07591836907205,
            64.79173418428464,
            90.03740871092127,
            94.21324448109861,
            0.0,
            57.73257900570524,
            99.32286144125071,
            23.96855134985101,
            113.2943407574461
        ],
        [
            68.71860028046909,
            9.234806786014563,
            76.39004538560225,
            57.3342144168618,
            46.53572166107702,
            57.73257900570524,
            0.0,
            45.34742629797407,
            59.55812853067713,
            68.71860028046909
        ],
        [
            31.422519798149143,
            52.39883386310243,
            90.87631360470427,
            41.420640197470505,
            60.48133563465929,
            99.32286144125071,
            45.34742629797407,
            0.0,
            104.67015032096805,
            31.422519798149143
        ],
        [
            124.08927070459227,
            54.30681391773863,
            87.63642991973948,
            104.38365757907202,
            84.778836798524,
            23.96855134985101,
            59.55812853067713,
            104.67015032096805,
            0.0,
            124.08927070459227
        ],
        [
            0.0,
            77.34939809267452,
            84.85108339850457,
            28.545016411706822,
            91.84753622301969,
            113.2943407574461,
            68.71860028046909,
            31.422519798149143,
            124.08927070459227,
            0.0
        ]
    ],
    "scores_ave": [
        0,
        17.537144562855083,
        11.973014044363293,
        11.199960126008037,
        16.995962944985564,
        12.500213233068564,
        15.83812683900753,
        17.9012117617336,
        13.69168704700538,
        0
    ],
    "scores_var": [
        0,
        21.019724150035863,
        298.24177041033397,
        263.44815097202826,
        17.039435555080562,
        16.661684152761804,
        350.9558197678894,
        314.9321136055874,
        24.684468433720845,
        0
    ],
    "vertex_number": 10,
    "minimum_distances": {
        "cost": 375.67421414128535,
        "path": [
            0,
            7,
            4,
            6,
            1,
            8,
            5,
            2,
            3,
            9
        ]
    }
}