{
    "vertices": [
        [
            24.321944222485502,
            93.37463960701707
        ],
        [
            0.3259572105334674,
            31.317719903934105
        ],
        [
            80.83321752269563,
            20.638375851919566
        ],
        [
            58.57731685613673,
            25.293824933062425
        ],
        [
            34.79782488657065,
            74.12031404070139
        ],
        [
            42.85291991328053,
            97.47848588952408
        ],
        [
            24.798290749314845,
            50.21524934366123
        ],
        [
            26.736360190226595,
            13.874187971188567
        ],
        [
            24.720801958363957,
            94.624464984333
        ],
        [
            91.31145084038643,
            5.11885169474775
        ],
        [
            39.82946874924096,
            79.9623208721553
        ],
        [
            85.64512567097006,
            43.42464827527088
        ],
        [
            16.237776434070494,
            58.807437905933824
        ],
        [
            66.48005183404659,
            30.895566106642413
        ],
        [
            77.69924313847041,
            65.47310200637577
        ],
        [
            24.321944222485502,
            93.37463960701707
        ]
    ],
    "distances": [
        [
            0.0,
            66.53471782244709,
            92.10910962039615,
            76.21304272196237,
            21.919697276692283,
            18.97995295998604,
            43.16201888139939,
            79.53710589885699,
            1.3119264336284224,
            110.80017191739938,
            20.503014675736008,
            79.0919352210153,
            35.49993242633878,
            75.37201511737088,
            60.22982517031246,
            0.0
        ],
        [
            66.53471782244709,
            0.0,
            81.21248273727099,
            58.56200313498088,
            54.9579086748308,
            78.64979028910909,
            30.919439318311014,
            31.651006174188158,
            67.84432491332907,
            94.68231485610356,
            62.66438084946074,
            86.1738836386584,
            31.7627232275822,
            66.15544156972497,
            84.57668415024365,
            66.53471782244709
        ],
        [
            92.10910962039615,
            81.21248273727099,
            0.0,
            22.73759707240083,
            70.56610438157169,
            85.7140917066203,
            63.361695558473166,
            54.51810901833755,
            92.8576575494648,
            18.725624249274173,
            72.11544818026536,
            23.288809994901207,
            75.0296495228202,
            17.64152253087566,
            44.94412603206407,
            92.10910962039615
        ],
        [
            76.21304272196237,
            58.56200313498088,
            22.73759707240083,
            0.0,
            54.30920987189046,
            73.87747922483432,
            41.97737485096638,
            33.826832984205936,
            77.1556948704498,
            38.4519579848091,
            57.79382542176846,
            32.57902744255482,
            53.99813827945548,
            9.68672928840593,
            44.49744229594648,
            76.21304272196237
        ],
        [
            21.919697276692283,
            54.9579086748308,
            70.56610438157169,
            54.30920987189046,
            0.0,
            24.708070503551244,
            25.912213358411126,
            60.78308086494164,
            22.846588301425506,
            89.19076030804905,
            7.710154588560594,
            59.39420757819913,
            24.061578794374395,
            53.592372016120976,
            43.764208709755316,
            21.919697276692283
        ],
        [
            18.97995295998604,
            78.64979028910909,
            85.7140917066203,
            73.87747922483432,
            24.708070503551244,
            0.0,
            50.59429970894455,
            85.1435383791663,
            18.355357170544945,
            104.3001977380972,
            17.775187589925064,
            68.9419337880545,
            46.94481669543589,
            70.65073651148259,
            47.313960305834655,
            18.97995295998604
        ],
        [
            43.16201888139939,
            30.919439318311014,
            63.361695558473166,
            41.97737485096638,
            25.912213358411126,
            50.59429970894455,
            0.0,
            36.392703318599736,
            44.409283244974915,
            80.35972589680384,
            33.32903503833865,
            61.224583157855676,
            12.128813199614852,
            45.941477637352975,
            55.05735946771157,
            43.16201888139939
        ],
        [
            79.53710589885699,
            31.651006174188158,
            54.51810901833755,
            33.826832984205936,
            60.78308086494164,
            85.1435383791663,
            36.392703318599736,
            0.0,
            80.77542765399384,
            65.16592856539313,
            67.37262650419663,
            65.90502526096458,
            46.14344168550184,
            43.235267307016315,
            72.52353664850494,
            79.53710589885699
        ],
        [
            1.3119264336284224,
            67.84432491332907,
            92.8576575494648,
            77.1556948704498,
            22.846588301425506,
            18.355357170544945,
            44.409283244974915,
            80.77542765399384,
            0.0,
            111.55971194330675,
            21.05350997254417,
            79.58136999876274,
            36.807895223451645,
            76.19191231582663,
            60.469142488930785,
            1.3119264336284224
        ],
        [
            110.80017191739938,
            94.68231485610356,
            18.725624249274173,
            38.4519579848091,
            89.19076030804905,
            104.3001977380972,
            80.35972589680384,
            65.16592856539313,
            111.55971194330675,
            0.0,
            90.84018581301217,
            38.72261990870426,
            92.29583348245735,
            35.79158256468178,
            61.870249144469696,
            110.80017191739938
        ],
        [
            20.503014675736008,
            62.66438084946074,
            72.11544818026536,
            57.79382542176846,
            7.710154588560594,
            17.775187589925064,
            33.32903503833865,
            67.37262650419663,
            21.05350997254417,
            90.84018581301217,
            0.0,
            58.60098922344829,
            31.68748995436844,
            55.837263560986855,
            40.54697615891474,
            20.503014675736008
        ],
        [
            79.0919352210153,
            86.1738836386584,
            23.288809994901207,
            32.57902744255482,
            59.39420757819913,
            68.9419337880545,
            61.224583157855676,
            65.90502526096458,
            79.58136999876274,
            38.72261990870426,
            58.60098922344829,
            0.0,
            71.09156310642054,
            22.8971167434455,
            23.436539018228697,
            79.0919352210153
        ],
        [
            35.49993242633878,
            31.7627232275822,
            75.0296495228202,
            53.99813827945548,
            24.061578794374395,
            46.94481669543589,
            12.128813199614852,
            46.14344168550184,
            36.807895223451645,
            92.29583348245735,
            31.68748995436844,
            71.09156310642054,
            0.0,
            57.47485384676609,
            61.82186480005257,
            35.49993242633878
        ],
        [
            75.37201511737088,
            66.15544156972497,
            17.64152253087566,
            9.68672928840593,
            53.592372016120976,
            70.65073651148259,
            45.941477637352975,
            43.235267307016315,
            76.19191231582663,
            35.79158256468178,
            55.837263560986855,
            22.8971167434455,
            57.47485384676609,
            0.0,
            36.35211468983074,
            75.37201511737088
        ],
        [
            60.22982517031246,
            84.57668415024365,
            44.94412603206407,
            44.49744229594648,
            43.764208709755316,
            47.313960305834655,
            55.05735946771157,
            72.52353664850494,
            60.469142488930785,
            61.870249144469696,
            40.54697615891474,
            23.436539018228697,
            61.82186480005257,
            36.35211468983074,
            0.0,
            60.22982517031246
        ],
        [
            0.0,
            66.53471782244709,
            92.10910962039615,
            76.21304272196237,
            21.919697276692283,
            18.97995295998604,
            43.16201888139939,
            79.53710589885699,
            1.3119264336284224,
            110.80017191739938,
            20.503014675736008,
            79.0919352210153,
            35.49993242633878,
            75.37201511737088,
            60.22982517031246,
            0.0
        ]
    ],
    "scores_ave": [
        0,
        13.954857994149883,
        10.767807289088264,
        12.77465777361427,
        17.118154420805517,
        18.992232695213374,
        19.960384094370333,
        16.467736911105874,
        17.030111116549755,
        19.654852561953472,
        15.580429033707826,
        17.891644438564036,
        18.055014505495812,
        16.283569520685788,
        10.150953184364377,
        0
    ],
    "scores_var": [
        0,
        390.5717000194197,
        16.692506972962644,
        279.8368371730276,
        16.18498491916566,
        239.46484455417874,
        17.06042804785587,
        335.47055228483214,
        234.29432949455224,
        242.27380736400335,
        18.154392091993035,
        276.6435836623635,
        21.949485512822516,
        394.70703091926316,
        366.35126495667964,
        0
    ],
    "vertex_number": 16,
    "minimum_distances": {
        "cost": 340.7098500958885,
        "path": [
            0,
            4,
            12,
            6,
            1,
            7,
            3,
            13,
            2,
            9,
            11,
            14,
            10,
            5,
            8,
            15
        ]
    }
}