{
    "vertices": [
        [
            14.164538056905783,
            61.63162921533507
        ],
        [
            0.8970400907680309,
            15.857883592140043
        ],
        [
            73.83201685380723,
            45.264637916768656
        ],
        [
            93.09953108680229,
            22.890388841137842
        ],
        [
            74.61149509819793,
            95.206028465438
        ],
        [
            30.505068255425215,
            14.677492656186175
        ],
        [
            3.5953771738493345,
            59.662059707600115
        ],
        [
            7.788596689854854,
            68.10000331184305
        ],
        [
            34.52446484934352,
            54.143246163656734
        ],
        [
            62.219302415934955,
            60.98408288674887
        ],
        [
            16.682151913521125,
            44.193366610290475
        ],
        [
            99.71075238423812,
            53.44309423824705
        ],
        [
            16.669488911608333,
            9.738727717250672
        ],
        [
            97.79278112314549,
            34.56587269340915
        ],
        [
            94.12783734254961,
            16.89933104293416
        ],
        [
            39.00514196344059,
            82.46411569272817
        ],
        [
            25.578862569357554,
            12.853509970773402
        ],
        [
            14.164538056905783,
            61.63162921533507
        ]
    ],
    "distances": [
        [
            0.0,
            47.657762123902074,
            61.87153166154877,
            87.92961293194199,
            69.14531727136068,
            49.71623343721775,
            10.75110998072896,
            9.082537738344211,
            21.69337455819373,
            48.05912706083503,
            17.619063034495284,
            85.93722645517991,
            51.95332525136735,
            87.89902282989411,
            91.62482050421724,
            32.41987191942805,
            50.09582538607618,
            0.0
        ],
        [
            47.657762123902074,
            0.0,
            78.64011721337992,
            92.47029510037783,
            108.30488895648381,
            29.631548298406805,
            43.88720620144525,
            52.694711548372666,
            50.95657644628559,
            76.13667788558509,
            32.43561858711363,
            105.72037550315889,
            16.917866603896005,
            98.68522425584673,
            93.23661388636745,
            76.73732848474337,
            24.864002528180592,
            47.657762123902074
        ],
        [
            61.87153166154877,
            78.64011721337992,
            0.0,
            29.527006729721748,
            49.94747317200539,
            53.03581742595102,
            71.69708018988881,
            69.87980580739269,
            40.29780799231304,
            19.543696855503146,
            57.15990452148277,
            27.140303986070528,
            67.30263662180617,
            26.24084224401655,
            34.87851721845493,
            50.957946989977486,
            58.12786004258697,
            61.87153166154877
        ],
        [
            87.92961293194199,
            92.47029510037783,
            29.527006729721748,
            0.0,
            74.64153809366191,
            63.13096261655955,
            96.76336778959795,
            96.5498045998544,
            66.39110991348468,
            49.037924597251035,
            79.3311584533217,
            31.259815324569903,
            77.55332060730535,
            12.583462126469149,
            6.078666572285917,
            80.46882542710293,
            68.2625784343151,
            87.92961293194199
        ],
        [
            69.14531727136068,
            108.30488895648381,
            49.94747317200539,
            74.64153809366191,
            0.0,
            91.81624022153605,
            79.41449943242823,
            72.111277559887,
            57.385730670054635,
            36.39653827859309,
            77.18873280055635,
            48.724894987834695,
            103.25664907456512,
            64.91995466592958,
            80.70208470552811,
            37.81757163891396,
            95.84433397505754,
            69.14531727136068
        ],
        [
            49.71623343721775,
            29.631548298406805,
            53.03581742595102,
            63.13096261655955,
            91.81624022153605,
            0.0,
            52.41891592649548,
            58.05172456648587,
            39.669903565444,
            56.12568883469394,
            32.592327800724085,
            79.3233797928209,
            14.690631535135275,
            70.16540432060359,
            63.661552856731184,
            68.3174759175128,
            5.253038672818899,
            49.71623343721775
        ],
        [
            10.75110998072896,
            43.88720620144525,
            71.69708018988881,
            96.76336778959795,
            79.41449943242823,
            52.41891592649548,
            0.0,
            9.42241912556398,
            31.41760282661965,
            58.63882976386765,
            20.261888836573615,
            96.3163583372151,
            51.60689367468318,
            97.4831755403881,
            100.12380989078045,
            42.1163293700091,
            51.71376952610884,
            10.75110998072896
        ],
        [
            9.082537738344211,
            52.694711548372666,
            69.87980580739269,
            96.5498045998544,
            72.111277559887,
            58.05172456648587,
            9.42241912556398,
            0.0,
            30.15953773410676,
            54.893879889614304,
            25.507304892842413,
            93.08333734398492,
            59.033115585088055,
            96.04837912133647,
            100.37914782100988,
            34.362776711268914,
            58.04023248185909,
            9.082537738344211
        ],
        [
            21.69337455819373,
            50.95657644628559,
            40.29780799231304,
            66.39110991348468,
            57.385730670054635,
            39.669903565444,
            31.41760282661965,
            30.15953773410676,
            0.0,
            28.52719886199643,
            20.42910262410738,
            65.19004751724461,
            47.85981011448247,
            66.2280408597098,
            70.28279466614475,
            28.673125366507925,
            42.24767585358501,
            21.69337455819373
        ],
        [
            48.05912706083503,
            76.13667788558509,
            19.543696855503146,
            49.037924597251035,
            36.39653827859309,
            56.12568883469394,
            58.63882976386765,
            54.893879889614304,
            28.52719886199643,
            0.0,
            48.53411407408209,
            38.24232381174832,
            68.56290496126131,
            44.310204435906634,
            54.42076760110714,
            31.62734663009371,
            60.49027923039113,
            48.05912706083503
        ],
        [
            17.619063034495284,
            32.43561858711363,
            57.15990452148277,
            79.3311584533217,
            77.18873280055635,
            32.592327800724085,
            20.261888836573615,
            25.507304892842413,
            20.42910262410738,
            48.53411407408209,
            0.0,
            83.54224055720154,
            34.454641220035775,
            81.68000250918676,
            82.11454541750899,
            44.305373490127685,
            32.57818402979448,
            17.619063034495284
        ],
        [
            85.93722645517991,
            105.72037550315889,
            27.140303986070528,
            31.259815324569903,
            48.724894987834695,
            79.3233797928209,
            96.3163583372151,
            93.08333734398492,
            65.19004751724461,
            38.24232381174832,
            83.54224055720154,
            0.0,
            93.83988007309209,
            18.974406631335526,
            36.967763914494704,
            67.28588873473467,
            84.51657493374857,
            85.93722645517991
        ],
        [
            51.95332525136735,
            16.917866603896005,
            67.30263662180617,
            77.55332060730535,
            103.25664907456512,
            14.690631535135275,
            51.60689367468318,
            59.033115585088055,
            47.85981011448247,
            68.56290496126131,
            34.454641220035775,
            93.83988007309209,
            0.0,
            84.83734830194561,
            77.78862372890326,
            76.07800900020683,
            9.438156994893435,
            51.95332525136735
        ],
        [
            87.89902282989411,
            98.68522425584673,
            26.24084224401655,
            12.583462126469149,
            64.91995466592958,
            70.16540432060359,
            97.4831755403881,
            96.04837912133647,
            66.2280408597098,
            44.310204435906634,
            81.68000250918676,
            18.974406631335526,
            84.83734830194561,
            0.0,
            18.042685687083726,
            75.83025913442128,
            75.40740499375654,
            87.89902282989411
        ],
        [
            91.62482050421724,
            93.23661388636745,
            34.87851721845493,
            6.078666572285917,
            80.70208470552811,
            63.661552856731184,
            100.12380989078045,
            100.37914782100988,
            70.28279466614475,
            54.42076760110714,
            82.11454541750899,
            36.967763914494704,
            77.78862372890326,
            18.042685687083726,
            0.0,
            85.657763991549,
            68.66826494534183,
            91.62482050421724
        ],
        [
            32.41987191942805,
            76.73732848474337,
            50.957946989977486,
            80.46882542710293,
            37.81757163891396,
            68.3174759175128,
            42.1163293700091,
            34.362776711268914,
            28.673125366507925,
            31.62734663009371,
            44.305373490127685,
            67.28588873473467,
            76.07800900020683,
            75.83025913442128,
            85.657763991549,
            0.0,
            70.89359214587324,
            32.41987191942805
        ],
        [
            50.09582538607618,
            24.864002528180592,
            58.12786004258697,
            68.2625784343151,
            95.84433397505754,
            5.253038672818899,
            51.71376952610884,
            58.04023248185909,
            42.24767585358501,
            60.49027923039113,
            32.57818402979448,
            84.51657493374857,
            9.438156994893435,
            75.40740499375654,
            68.66826494534183,
            70.89359214587324,
            0.0,
            50.09582538607618
        ],
        [
            0.0,
            47.657762123902074,
            61.87153166154877,
            87.92961293194199,
            69.14531727136068,
            49.71623343721775,
            10.75110998072896,
            9.082537738344211,
            21.69337455819373,
            48.05912706083503,
            17.619063034495284,
            85.93722645517991,
            51.95332525136735,
            87.89902282989411,
            91.62482050421724,
            32.41987191942805,
            50.09582538607618,
            0.0
        ]
    ],
    "scores_ave": [
        0,
        11.91610957477481,
        18.986576394163844,
        19.31428464393126,
        11.08827600570062,
        19.904272820638546,
        10.673187338324233,
        14.60262378514208,
        18.296255935427347,
        13.821029168853379,
        16.139668385826276,
        12.793736407593686,
        15.275252746997591,
        18.21741768158741,
        11.415377968900005,
        11.439106772261422,
        19.433430086009547,
        0
    ],
    "scores_var": [
        0,
        261.5748749587159,
        293.5219665829202,
        20.632114399377336,
        20.03786801089698,
        322.5830183187869,
        24.96412719314126,
        24.4370553931329,
        240.8471287775258,
        277.59441634699255,
        20.90614640463716,
        313.9822240918175,
        18.171983908498333,
        361.30762780146273,
        242.3577205480633,
        228.39436120416354,
        17.869547525910804,
        0
    ],
    "vertex_number": 18,
    "minimum_distances": {
        "cost": 391.1853301876573,
        "path": [
            0,
            7,
            6,
            10,
            1,
            12,
            16,
            5,
            2,
            14,
            3,
            13,
            11,
            9,
            4,
            15,
            8,
            17
        ]
    }
}