{
    "vertices": [
        [
            20.25229377609392,
            72.05962680286987
        ],
        [
            86.1106112185804,
            55.40274234597619
        ],
        [
            13.644284394551198,
            4.676797918131315
        ],
        [
            5.0874332510496,
            1.8296676647203913
        ],
        [
            62.89153512002821,
            29.065843648812272
        ],
        [
            89.93114974075343,
            40.83609285739692
        ],
        [
            9.48196935160286,
            12.671711851499168
        ],
        [
            55.1065804645498,
            84.96952423542628
        ],
        [
            32.710702164626994,
            47.001978232962685
        ],
        [
            34.7893699460928,
            95.44658096715544
        ],
        [
            62.40172490641827,
            94.75965759711188
        ],
        [
            74.25079487374398,
            53.26720308422818
        ],
        [
            86.00054463488968,
            40.93190992762909
        ],
        [
            74.55424768305248,
            43.858212842018
        ],
        [
            79.33219671803208,
            16.42158885588596
        ],
        [
            7.6679423201326475,
            90.56810319656861
        ],
        [
            32.71961474427949,
            44.25273175487037
        ],
        [
            12.178226966839512,
            26.434932680458566
        ],
        [
            57.10228246070721,
            63.68539056064454
        ],
        [
            17.087902775828802,
            41.361178995421845
        ],
        [
            84.4127139425208,
            42.98872399738794
        ],
        [
            11.075893206353305,
            63.543509191855684
        ],
        [
            20.25229377609392,
            72.05962680286987
        ]
    ],
    "distances": [
        [
            0.0,
            67.93209680383512,
            67.70606631976572,
            71.84859188105355,
            60.55221129144998,
            76.35477745752303,
            60.356642803257614,
            37.16835686817752,
            27.98388270823838,
            27.536815514048524,
            47.873436712539146,
            57.1751109313649,
            72.74453415107067,
            61.1884135070095,
            81.15433567110789,
            22.381456609954107,
            30.47388233117367,
            46.33360841337416,
            37.789542186916314,
            30.861109315596053,
            70.43917167214713,
            12.519208704265694,
            0.0
        ],
        [
            67.93209680383512,
            0.0,
            88.45614710953572,
            97.13305152604637,
            35.11064977830847,
            15.059342346946458,
            87.73761862221603,
            42.84208811782158,
            54.0566658669677,
            65.09515202584545,
            45.946469595041854,
            12.050550679189575,
            14.471251000958098,
            16.334800263028644,
            39.566112148645814,
            85.96426529473675,
            54.542838583086095,
            79.40485777309043,
            30.16762169566573,
            70.43649467499588,
            12.529593238375154,
            75.47503555489993,
            67.93209680383512
        ],
        [
            67.70606631976572,
            88.45614710953572,
            0.0,
            9.018084728584688,
            54.95559348848162,
            84.42262987407103,
            9.013518476084323,
            90.36616565319264,
            46.421430129478466,
            93.20015106076234,
            102.43148741090876,
            77.67996258154324,
            80.9312148851654,
            72.42380066831858,
            66.7296181585724,
            86.09897204394589,
            43.933162497152566,
            21.80747011271464,
            73.28445675290283,
            36.84565540982742,
            80.47343847872018,
            58.92271488551457,
            67.70606631976572
        ],
        [
            71.84859188105355,
            97.13305152604637,
            9.018084728584688,
            0.0,
            63.89932296288967,
            93.38071232378296,
            11.698797788111792,
            97.02654708152482,
            52.948868047820866,
            98.21573957218871,
            109.18292474920722,
            86.19391301585462,
            89.86610564501454,
            81.19135986698628,
            75.66511128860752,
            88.77594813740714,
            50.62858699264447,
            25.60660895188183,
            80.8187787168352,
            41.31285098978927,
            89.36760081246666,
            62.003708668696945,
            71.84859188105355
        ],
        [
            60.55221129144998,
            35.11064977830847,
            54.95559348848162,
            63.89932296288967,
            0.0,
            29.490329351662464,
            55.86903679999706,
            56.44313086743167,
            35.10822698033309,
            72.0842144605185,
            65.6956399247253,
            26.73459520311803,
            25.977487362930844,
            18.837012785360262,
            20.7406010773198,
            82.65696057325277,
            33.778489449743745,
            50.781505652783466,
            35.10026317186255,
            47.42518325961616,
            25.632162123208765,
            62.23801224512353,
            60.55221129144998
        ],
        [
            76.35477745752303,
            15.059342346946458,
            84.42262987407103,
            93.38071232378296,
            29.490329351662464,
            0.0,
            85.23674666909491,
            56.21841682644872,
            57.551696441346095,
            77.60748218122347,
            60.54436444416226,
            20.01014818103493,
            3.931772807422886,
            15.671066526997251,
            26.615893951127184,
            96.1275618514459,
            57.313464020319785,
            79.0753464382424,
            39.997811595417645,
            72.84513946616717,
            5.923424219492849,
            82.05960175197353,
            76.35477745752303
        ],
        [
            60.356642803257614,
            87.73761862221603,
            9.013518476084323,
            11.698797788111792,
            55.86903679999706,
            85.23674666909491,
            0.0,
            85.49022642799096,
            41.45046704104923,
            86.55716886523044,
            97.66745294475572,
            76.43948369752466,
            81.57040614515861,
            72.15954026514638,
            69.950810150347,
            77.91751073189592,
            39.20904208894822,
            14.024836994219342,
            69.78602751302762,
            29.680561791448223,
            80.83153908223785,
            50.8967617623464,
            60.356642803257614
        ],
        [
            37.16835686817752,
            42.84208811782158,
            90.36616565319264,
            97.02654708152482,
            56.44313086743167,
            56.21841682644872,
            85.49022642799096,
            0.0,
            44.08072043733113,
            22.85952232683726,
            12.209252379540443,
            37.03428292432433,
            53.793572999760364,
            45.47913460838283,
            72.70281925522985,
            47.76786027635209,
            46.46540028951878,
            72.5888554981498,
            21.37749219958797,
            57.85419282792103,
            51.198018009047296,
            48.96708630372467,
            37.16835686817752
        ],
        [
            27.98388270823838,
            54.0566658669677,
            46.421430129478466,
            52.948868047820866,
            35.10822698033309,
            57.551696441346095,
            41.45046704104923,
            44.08072043733113,
            0.0,
            48.48917811037283,
            56.234800343759105,
            42.00990769710104,
            53.6344389337376,
            41.961477123498014,
            55.755932140417194,
            50.25084143547794,
            2.749260924572106,
            29.06176010682315,
            29.551403287078863,
            16.60995113722116,
            51.8575378459181,
            27.23393480797468,
            27.98388270823838
        ],
        [
            27.536815514048524,
            65.09515202584545,
            93.20015106076234,
            98.21573957218871,
            72.0842144605185,
            77.60748218122347,
            86.55716886523044,
            22.85952232683726,
            48.48917811037283,
            0.0,
            27.620898069601626,
            57.7607477090751,
            74.79594756104265,
            65.1352840421384,
            90.71390629347408,
            27.556693956792138,
            51.235671985108326,
            72.62142511735077,
            38.815451574385634,
            56.90845847871772,
            72.21013105685664,
            39.75091153402767,
            27.536815514048524
        ],
        [
            47.873436712539146,
            45.946469595041854,
            102.43148741090876,
            109.18292474920722,
            65.6956399247253,
            60.54436444416226,
            97.66745294475572,
            12.209252379540443,
            56.234800343759105,
            27.620898069601626,
            0.0,
            43.15117890155845,
            58.77355452706941,
            52.33202545279982,
            80.14670230189692,
            54.894044162326914,
            58.583079653693744,
            84.79780527951898,
            31.52291487297907,
            70.03384890935132,
            56.255783739402744,
            60.0731963604599,
            47.873436712539146
        ],
        [
            57.1751109313649,
            12.050550679189575,
            77.67996258154324,
            86.19391301585462,
            26.73459520311803,
            20.01014818103493,
            76.43948369752466,
            37.03428292432433,
            42.00990769710104,
            57.7607477090751,
            43.15117890155845,
            0.0,
            17.03572941522562,
            9.413882354559334,
            37.1943535038176,
            76.31928592018367,
            42.49823074310083,
            67.62377112804549,
            20.065146604842816,
            58.38963643148612,
            14.453779142458966,
            64.00523937852388,
            57.1751109313649
        ],
        [
            72.74453415107067,
            14.471251000958098,
            80.9312148851654,
            89.86610564501454,
            25.977487362930844,
            3.931772807422886,
            81.57040614515861,
            53.793572999760364,
            53.6344389337376,
            74.79594756104265,
            58.77355452706941,
            17.03572941522562,
            0.0,
            11.814438736410567,
            25.4012342806446,
            92.73482769506501,
            53.384317431399275,
            75.23228652106415,
            36.780843350918346,
            68.91397884266843,
            2.59840151346681,
            78.2623013523986,
            72.74453415107067
        ],
        [
            61.1884135070095,
            16.334800263028644,
            72.42380066831858,
            81.19135986698628,
            18.837012785360262,
            15.671066526997251,
            72.15954026514638,
            45.47913460838283,
            41.961477123498014,
            65.1352840421384,
            52.33202545279982,
            9.413882354559334,
            11.814438736410567,
            0.0,
            27.849544569656043,
            81.58180987227422,
            41.83649314049241,
            64.76371400697786,
            26.413785537252128,
            57.520570016534435,
            9.89673521116996,
            66.46060772706196,
            61.1884135070095
        ],
        [
            81.15433567110789,
            39.566112148645814,
            66.7296181585724,
            75.66511128860752,
            20.7406010773198,
            26.615893951127184,
            69.950810150347,
            72.70281925522985,
            55.755932140417194,
            90.71390629347408,
            80.14670230189692,
            37.1943535038176,
            25.4012342806446,
            27.849544569656043,
            0.0,
            103.11872258363128,
            54.28909018691965,
            67.89641159806011,
            52.23060443336604,
            67.05471858632649,
            27.048554950221575,
            82.94213853782581,
            81.15433567110789
        ],
        [
            22.381456609954107,
            85.96426529473675,
            86.09897204394589,
            88.77594813740714,
            82.65696057325277,
            96.1275618514459,
            77.91751073189592,
            47.76786027635209,
            50.25084143547794,
            27.556693956792138,
            54.894044162326914,
            76.31928592018367,
            92.73482769506501,
            81.58180987227422,
            103.11872258363128,
            0.0,
            52.65643287414404,
            64.29157198298054,
            56.27107804014149,
            50.100469502034436,
            90.29705031922106,
            27.23862717470281,
            22.381456609954107
        ],
        [
            30.47388233117367,
            54.542838583086095,
            43.933162497152566,
            50.62858699264447,
            33.778489449743745,
            57.313464020319785,
            39.20904208894822,
            46.46540028951878,
            2.749260924572106,
            51.235671985108326,
            58.583079653693744,
            42.49823074310083,
            53.384317431399275,
            41.83649314049241,
            54.28909018691965,
            52.65643287414404,
            0.0,
            27.19232567617692,
            31.179203216749446,
            15.896902101518988,
            51.7085507467594,
            28.99284008396886,
            30.47388233117367
        ],
        [
            46.33360841337416,
            79.40485777309043,
            21.80747011271464,
            25.60660895188183,
            50.781505652783466,
            79.0753464382424,
            14.024836994219342,
            72.5888554981498,
            29.06176010682315,
            72.62142511735077,
            84.79780527951898,
            67.62377112804549,
            75.23228652106415,
            64.76371400697786,
            67.89641159806011,
            64.29157198298054,
            27.19232567617692,
            0.0,
            58.3589528204509,
            15.712980163047668,
            74.10701124458005,
            37.12494566220564,
            46.33360841337416
        ],
        [
            37.789542186916314,
            30.16762169566573,
            73.28445675290283,
            80.8187787168352,
            35.10026317186255,
            39.997811595417645,
            69.78602751302762,
            21.37749219958797,
            29.551403287078863,
            38.815451574385634,
            31.52291487297907,
            20.065146604842816,
            36.780843350918346,
            26.413785537252128,
            52.23060443336604,
            56.27107804014149,
            31.179203216749446,
            58.3589528204509,
            0.0,
            45.82053037203337,
            34.26677216420389,
            46.026607936237426,
            37.789542186916314
        ],
        [
            30.861109315596053,
            70.43649467499588,
            36.84565540982742,
            41.31285098978927,
            47.42518325961616,
            72.84513946616717,
            29.680561791448223,
            57.85419282792103,
            16.60995113722116,
            56.90845847871772,
            70.03384890935132,
            58.38963643148612,
            68.91397884266843,
            57.520570016534435,
            67.05471858632649,
            50.100469502034436,
            15.896902101518988,
            15.712980163047668,
            45.82053037203337,
            0.0,
            67.34448085303028,
            22.9826028118463,
            30.861109315596053
        ],
        [
            70.43917167214713,
            12.529593238375154,
            80.47343847872018,
            89.36760081246666,
            25.632162123208765,
            5.923424219492849,
            80.83153908223785,
            51.198018009047296,
            51.8575378459181,
            72.21013105685664,
            56.255783739402744,
            14.453779142458966,
            2.59840151346681,
            9.89673521116996,
            27.048554950221575,
            90.29705031922106,
            51.7085507467594,
            74.10701124458005,
            34.26677216420389,
            67.34448085303028,
            0.0,
            76.16290744239926,
            70.43917167214713
        ],
        [
            12.519208704265694,
            75.47503555489993,
            58.92271488551457,
            62.003708668696945,
            62.23801224512353,
            82.05960175197353,
            50.8967617623464,
            48.96708630372467,
            27.23393480797468,
            39.75091153402767,
            60.0731963604599,
            64.00523937852388,
            78.2623013523986,
            66.46060772706196,
            82.94213853782581,
            27.23862717470281,
            28.99284008396886,
            37.12494566220564,
            46.026607936237426,
            22.9826028118463,
            76.16290744239926,
            0.0,
            12.519208704265694
        ],
        [
            0.0,
            67.93209680383512,
            67.70606631976572,
            71.84859188105355,
            60.55221129144998,
            76.35477745752303,
            60.356642803257614,
            37.16835686817752,
            27.98388270823838,
            27.536815514048524,
            47.873436712539146,
            57.1751109313649,
            72.74453415107067,
            61.1884135070095,
            81.15433567110789,
            22.381456609954107,
            30.47388233117367,
            46.33360841337416,
            37.789542186916314,
            30.861109315596053,
            70.43917167214713,
            12.519208704265694,
            0.0
        ]
    ],
    "scores_ave": [
        0,
        12.699148838348414,
        16.94342888515579,
        19.412676658053513,
        13.627396374194944,
        11.03541917150074,
        15.458116722252154,
        11.038849560462602,
        13.948781423075056,
        15.565038598829762,
        19.899549222750604,
        18.282884438167937,
        14.58284388461777,
        13.775210055093398,
        10.709584978122278,
        17.741630452130693,
        16.751803314428944,
        15.082397241435931,
        10.914856521894636,
        12.165084237245239,
        17.90985164036906,
        19.103465571701754,
        0
    ],
    "scores_var": [
        0,
        335.83375904134385,
        280.27860464550275,
        22.54546513129622,
        19.605801022502092,
        21.220139416589415,
        264.15387307737876,
        379.8160253590157,
        265.3369184148933,
        359.31938748815026,
        21.208680449495983,
        23.35752466544008,
        24.348561483409505,
        20.10993021671963,
        391.7506832107347,
        333.04376755109354,
        24.144162379263733,
        334.82050695832834,
        16.48985568172137,
        369.37810410861164,
        286.58881784364445,
        271.37889598347004,
        0
    ],
    "vertex_number": 23,
    "minimum_distances": {
        "cost": 387.1474877262672,
        "path": [
            0,
            21,
            8,
            16,
            19,
            17,
            6,
            3,
            2,
            4,
            14,
            13,
            20,
            12,
            5,
            1,
            11,
            18,
            7,
            10,
            9,
            15,
            22
        ]
    }
}