{
    "vertices": [
        [
            68.63641873761554,
            79.7835326305619
        ],
        [
            9.961396358349683,
            0.2662055715656586
        ],
        [
            48.680052517528814,
            70.13262843665547
        ],
        [
            9.476390546537083,
            98.34810004231119
        ],
        [
            72.46728829246574,
            1.1711167060630578
        ],
        [
            15.925383086290667,
            19.856294540357954
        ],
        [
            33.89683607870899,
            74.59567511082975
        ],
        [
            47.297181715897295,
            83.00783558755595
        ],
        [
            66.92902073231541,
            27.22361408847992
        ],
        [
            19.65346788802037,
            34.51997226597674
        ],
        [
            15.481320660482146,
            69.03340395598507
        ],
        [
            93.52657380414855,
            24.518796207063854
        ],
        [
            12.19900514551866,
            56.941924574523064
        ],
        [
            97.13829424511901,
            72.67679588104669
        ],
        [
            63.561192013642966,
            92.79292875425375
        ],
        [
            93.04241439417554,
            22.156407032420066
        ],
        [
            28.136963883781483,
            18.20600701313988
        ],
        [
            83.22229593840187,
            55.827794745285786
        ],
        [
            79.9968294783373,
            61.4656767938684
        ],
        [
            46.16989777847069,
            0.9384897170720996
        ],
        [
            36.08215464547343,
            83.0607286957453
        ],
        [
            4.624945237190681,
            0.5241691885512934
        ],
        [
            41.93039055587685,
            60.899417629114026
        ],
        [
            24.9373300768326,
            53.038327649905305
        ],
        [
            68.63641873761554,
            79.7835326305619
        ]
    ],
    "distances": [
        [
            0.0,
            98.82187791078817,
            22.16746499873586,
            62.00445224945207,
            78.70570182034257,
            79.81057038109195,
            35.124812724910605,
            21.58145421948093,
            52.587643464019145,
            66.69422291932263,
            54.23126144678574,
            60.61114510710691,
            60.884486624682154,
            29.374523224592703,
            13.964322890955156,
            62.58225170679015,
            73.70208616193986,
            28.046839239822933,
            21.554646242789335,
            81.98344562189212,
            32.71880383862752,
            101.87990691460371,
            32.70812958014765,
            51.23393737787783,
            0.0
        ],
        [
            98.82187791078817,
            0.0,
            79.87772767634469,
            98.08309361764623,
            62.5124418867215,
            20.477810515195557,
            78.08825338420205,
            90.77520700041335,
            63.02390102779306,
            35.598550297609016,
            68.98838407980989,
            87.01337273132737,
            56.719873215537106,
            113.3274243690719,
            106.93050358627788,
            85.91645056603544,
            25.537966454567982,
            91.946993418968,
            93.00718880921904,
            36.21474204054482,
            86.8172049357422,
            5.342682453244576,
            68.54489765414458,
            54.85595190488974,
            98.82187791078817
        ],
        [
            22.16746499873586,
            79.87772767634469,
            0.0,
            48.301552251095906,
            72.94876754257794,
            60.004817469947206,
            15.442223735357892,
            12.949258312065746,
            46.628407148821054,
            45.943485879774045,
            33.21692477299773,
            63.96743047974155,
            38.792544202943475,
            48.524983042909604,
            27.109731152974454,
            65.34322437332561,
            55.842568915434995,
            37.387094664932086,
            32.49394666690144,
            69.23965417272794,
            18.05111650574047,
            82.37833499395991,
            11.437225118579747,
            29.256315357266487,
            22.16746499873586
        ],
        [
            62.00445224945207,
            98.08309361764623,
            48.301552251095906,
            0.0,
            115.80681883711117,
            78.75628886466308,
            34.0666383741548,
            40.81342865060693,
            91.43028610619432,
            64.63437783909279,
            29.923412110035652,
            111.8713520542026,
            41.495590092488705,
            91.34344649398561,
            54.36934501882395,
            113.08604876560845,
            82.28591661014067,
            85.12599441191932,
            79.58294699124328,
            104.09152538364921,
            30.685019243534036,
            97.94415740242384,
            49.55467617784146,
            47.8750052262251,
            62.00445224945207
        ],
        [
            78.70570182034257,
            62.5124418867215,
            72.94876754257794,
            115.80681883711117,
            0.0,
            59.54933177663133,
            82.93880612179493,
            85.61999078699033,
            26.634658387684475,
            62.46155451851159,
            88.61540801544847,
            31.442131676208383,
            82.11363445726455,
            75.64205635089213,
            92.05365280053607,
            29.389083418554463,
            47.49068487559773,
            55.70478115698325,
            60.76288313314062,
            26.298419404244882,
            89.60907600422068,
            67.84542764490502,
            67.0818310314307,
            70.35129351385703,
            78.70570182034257
        ],
        [
            79.81057038109195,
            20.477810515195557,
            60.004817469947206,
            78.75628886466308,
            59.54933177663133,
            0.0,
            57.613999235408464,
            70.51458633426506,
            51.532984101943214,
            15.130170545294474,
            49.17911428558445,
            77.74113275880015,
            37.27237378526409,
            96.87900856621854,
            87.11442419378581,
            77.15132555709873,
            12.322587167317502,
            76.30742628616021,
            76.39693013654185,
            35.67371593060402,
            66.34075622565494,
            22.392654291069142,
            48.5880475669893,
            34.38404440788538,
            79.81057038109195
        ],
        [
            35.124812724910605,
            78.08825338420205,
            15.442223735357892,
            34.0666383741548,
            82.93880612179493,
            57.613999235408464,
            0.0,
            15.821937526178832,
            57.7515141662553,
            42.531582335065785,
            19.237205319873464,
            77.86783303744328,
            27.972321591234785,
            63.27056289074945,
            34.80106396645885,
            79.04477383654344,
            56.6830732747398,
            52.7753192674904,
            47.933352138664176,
            74.67267909762273,
            8.742582537999684,
            79.6456626755776,
            15.878459199276152,
            23.345063232912533,
            35.124812724910605
        ],
        [
            21.58145421948093,
            90.77520700041335,
            12.949258312065746,
            40.81342865060693,
            85.61999078699033,
            70.51458633426506,
            15.821937526178832,
            0.0,
            59.13787679165132,
            55.814404983746805,
            34.74958638779649,
            74.5528297283344,
            43.71857403329647,
            50.90055873532248,
            18.98067646966602,
            76.12833027192059,
            67.57507627788618,
            45.048512207258014,
            39.15777788996839,
            82.07708754996538,
            11.21515179884936,
            92.86805149628664,
            22.7504855328503,
            37.39163504509918,
            21.58145421948093
        ],
        [
            52.587643464019145,
            63.02390102779306,
            46.628407148821054,
            91.43028610619432,
            26.634658387684475,
            51.532984101943214,
            57.7515141662553,
            59.13787679165132,
            0.0,
            47.83528759595846,
            66.29422577756111,
            26.73473151502758,
            62.278026496316315,
            54.57647791163791,
            65.65574838517628,
            26.6004871362962,
            39.826384620061994,
            32.91914288052559,
            36.65087289195665,
            33.49401362979987,
            63.79116329903735,
            67.78390798166278,
            41.940329693574526,
            49.292002600464535,
            52.587643464019145
        ],
        [
            66.69422291932263,
            35.598550297609016,
            45.943485879774045,
            64.63437783909279,
            62.46155451851159,
            15.130170545294474,
            42.531582335065785,
            55.814404983746805,
            47.83528759595846,
            0.0,
            34.764691563555196,
            74.54702744078307,
            23.62864702233439,
            86.37037399468227,
            72.96318041160491,
            74.42308253873738,
            18.387908162182647,
            67.04490434409402,
            66.0862488005196,
            42.788281390090376,
            51.24555379102299,
            37.169491790251726,
            34.52732861396032,
            19.257431961604734,
            66.69422291932263
        ],
        [
            54.23126144678574,
            68.98838407980989,
            33.21692477299773,
            29.923412110035652,
            88.61540801544847,
            49.17911428558445,
            19.237205319873464,
            34.74958638779649,
            66.29422577756111,
            34.764691563555196,
            0.0,
            89.84771472496831,
            12.529064960007618,
            81.73821407225441,
            53.630113257162144,
            90.62657503038884,
            52.379285842601846,
            69.0161419251282,
            64.95784304013631,
            74.69073644523557,
            24.92308568841068,
            69.36408390334873,
            27.671556369261186,
            18.581135060039323,
            54.23126144678574
        ],
        [
            60.61114510710691,
            87.01337273132737,
            63.96743047974155,
            111.8713520542026,
            31.442131676208383,
            77.74113275880015,
            77.86783303744328,
            74.5528297283344,
            26.73473151502758,
            74.54702744078307,
            89.84771472496831,
            0.0,
            87.55245671628465,
            48.29324442552037,
            74.56058798669723,
            2.411491850854897,
            65.69362520781365,
            32.96106084155818,
            39.34623192400279,
            52.90260502435546,
            82.01840739728428,
            92.08279800057595,
            63.13252522150346,
            74.28221879295458,
            60.61114510710691
        ],
        [
            60.884486624682154,
            56.719873215537106,
            38.792544202943475,
            41.495590092488705,
            82.11363445726455,
            37.27237378526409,
            27.972321591234785,
            43.71857403329647,
            62.278026496316315,
            23.62864702233439,
            12.529064960007618,
            87.55245671628465,
            0.0,
            86.38442572465449,
            62.63680021018944,
            88.00959634959007,
            41.886630779579804,
            71.03202883437054,
            67.94857848701301,
            65.50119282969058,
            35.39204372115243,
            56.92389222713331,
            29.99361648245165,
            13.323024844442026,
            60.884486624682154
        ],
        [
            29.374523224592703,
            113.3274243690719,
            48.524983042909604,
            91.34344649398561,
            75.64205635089213,
            96.87900856621854,
            63.27056289074945,
            50.90055873532248,
            54.57647791163791,
            86.37037399468227,
            81.73821407225441,
            48.29324442552037,
            86.38442572465449,
            0.0,
            39.1418011342799,
            50.68615117731669,
            87.91046827043137,
            21.852776669005394,
            20.482163106901382,
            88.00092050460383,
            61.93285269960996,
            117.32314896596216,
            56.4501485228315,
            74.82411817920561,
            29.374523224592703
        ],
        [
            13.964322890955156,
            106.93050358627788,
            27.109731152974454,
            54.36934501882395,
            92.05365280053607,
            87.11442419378581,
            34.80106396645885,
            18.98067646966602,
            65.65574838517628,
            72.96318041160491,
            53.630113257162144,
            74.56058798669723,
            62.63680021018944,
            39.1418011342799,
            0.0,
            76.5418883619257,
            82.57169511044032,
            41.86860565914669,
            35.37692601485228,
            93.4863363599711,
            29.151555921770104,
            109.48518244898847,
            38.53683463382415,
            55.42770985598856,
            13.964322890955156
        ],
        [
            62.58225170679015,
            85.91645056603544,
            65.34322437332561,
            113.08604876560845,
            29.389083418554463,
            77.15132555709873,
            79.04477383654344,
            76.12833027192059,
            26.6004871362962,
            74.42308253873738,
            90.62657503038884,
            2.411491850854897,
            88.00959634959007,
            50.68615117731669,
            76.5418883619257,
            0.0,
            65.02555779283665,
            35.074165378459845,
            41.41745978418597,
            51.4512665450567,
            83.38949327049183,
            91.02528531270899,
            64.13626003239006,
            74.77964650155182,
            62.58225170679015
        ],
        [
            73.70208616193986,
            25.537966454567982,
            55.842568915434995,
            82.28591661014067,
            47.49068487559773,
            12.322587167317502,
            56.6830732747398,
            67.57507627788618,
            39.826384620061994,
            18.387908162182647,
            52.379285842601846,
            65.69362520781365,
            41.886630779579804,
            87.91046827043137,
            82.57169511044032,
            65.02555779283665,
            0.0,
            66.70676667123384,
            67.53402615736064,
            24.96705546155235,
            65.33958203698494,
            29.418742489995815,
            44.86631174258305,
            34.97896821578654,
            73.70208616193986
        ],
        [
            28.046839239822933,
            91.946993418968,
            37.387094664932086,
            85.12599441191932,
            55.70478115698325,
            76.30742628616021,
            52.7753192674904,
            45.048512207258014,
            32.91914288052559,
            67.04490434409402,
            69.0161419251282,
            32.96106084155818,
            71.03202883437054,
            21.852776669005394,
            41.86860565914669,
            35.074165378459845,
            66.70676667123384,
            0.0,
            6.495332776596709,
            66.22473869999304,
            54.44102876202237,
            96.10428989888369,
            41.60219716307264,
            58.35167840054394,
            28.046839239822933
        ],
        [
            21.554646242789335,
            93.00718880921904,
            32.49394666690144,
            79.58294699124328,
            60.76288313314062,
            76.39693013654185,
            47.933352138664176,
            39.15777788996839,
            36.65087289195665,
            66.0862488005196,
            64.95784304013631,
            39.34623192400279,
            67.94857848701301,
            20.482163106901382,
            35.37692601485228,
            41.41745978418597,
            67.53402615736064,
            6.495332776596709,
            0.0,
            69.33831324496535,
            48.93715288327392,
            96.9267160450086,
            38.0706503973741,
            55.700706350445444,
            21.554646242789335
        ],
        [
            81.98344562189212,
            36.21474204054482,
            69.23965417272794,
            104.09152538364921,
            26.298419404244882,
            35.67371593060402,
            74.67267909762273,
            82.07708754996538,
            33.49401362979987,
            42.788281390090376,
            74.69073644523557,
            52.90260502435546,
            65.50119282969058,
            88.00092050460383,
            93.4863363599711,
            51.4512665450567,
            24.96705546155235,
            66.22473869999304,
            69.33831324496535,
            0.0,
            82.73949900976947,
            41.54701846291214,
            60.11061717836137,
            56.260243901285484,
            81.98344562189212
        ],
        [
            32.71880383862752,
            86.8172049357422,
            18.05111650574047,
            30.685019243534036,
            89.60907600422068,
            66.34075622565494,
            8.742582537999684,
            11.21515179884936,
            63.79116329903735,
            51.24555379102299,
            24.92308568841068,
            82.01840739728428,
            35.39204372115243,
            61.93285269960996,
            29.151555921770104,
            83.38949327049183,
            65.33958203698494,
            54.44102876202237,
            48.93715288327392,
            82.73949900976947,
            0.0,
            88.32802318087465,
            22.919981925292298,
            32.02423581013347,
            32.71880383862752
        ],
        [
            101.87990691460371,
            5.342682453244576,
            82.37833499395991,
            97.94415740242384,
            67.84542764490502,
            22.392654291069142,
            79.6456626755776,
            92.86805149628664,
            67.78390798166278,
            37.169491790251726,
            69.36408390334873,
            92.08279800057595,
            56.92389222713331,
            117.32314896596216,
            109.48518244898847,
            91.02528531270899,
            29.418742489995815,
            96.10428989888369,
            96.9267160450086,
            41.54701846291214,
            88.32802318087465,
            0.0,
            70.97088751512945,
            56.30568192267912,
            101.87990691460371
        ],
        [
            32.70812958014765,
            68.54489765414458,
            11.437225118579747,
            49.55467617784146,
            67.0818310314307,
            48.5880475669893,
            15.878459199276152,
            22.7504855328503,
            41.940329693574526,
            34.52732861396032,
            27.671556369261186,
            63.13252522150346,
            29.99361648245165,
            56.4501485228315,
            38.53683463382415,
            64.13626003239006,
            44.86631174258305,
            41.60219716307264,
            38.0706503973741,
            60.11061717836137,
            22.919981925292298,
            70.97088751512945,
            0.0,
            18.723270016363898,
            32.70812958014765
        ],
        [
            51.23393737787783,
            54.85595190488974,
            29.256315357266487,
            47.8750052262251,
            70.35129351385703,
            34.38404440788538,
            23.345063232912533,
            37.39163504509918,
            49.292002600464535,
            19.257431961604734,
            18.581135060039323,
            74.28221879295458,
            13.323024844442026,
            74.82411817920561,
            55.42770985598856,
            74.77964650155182,
            34.97896821578654,
            58.35167840054394,
            55.700706350445444,
            56.260243901285484,
            32.02423581013347,
            56.30568192267912,
            18.723270016363898,
            0.0,
            51.23393737787783
        ],
        [
            0.0,
            98.82187791078817,
            22.16746499873586,
            62.00445224945207,
            78.70570182034257,
            79.81057038109195,
            35.124812724910605,
            21.58145421948093,
            52.587643464019145,
            66.69422291932263,
            54.23126144678574,
            60.61114510710691,
            60.884486624682154,
            29.374523224592703,
            13.964322890955156,
            62.58225170679015,
            73.70208616193986,
            28.046839239822933,
            21.554646242789335,
            81.98344562189212,
            32.71880383862752,
            101.87990691460371,
            32.70812958014765,
            51.23393737787783,
            0.0
        ]
    ],
    "scores_ave": [
        0,
        14.17571180904776,
        19.6458211374836,
        17.19410782247284,
        16.701364557780778,
        14.51321288527586,
        18.40720436772351,
        19.570320208083313,
        15.965406792860833,
        15.038721035078773,
        13.631021688652062,
        17.204918344193842,
        17.95090101029939,
        15.292442846082519,
        10.390790662999708,
        11.622355144388617,
        14.422452077440973,
        13.51780896891107,
        12.253692532057224,
        15.309722763569422,
        15.391925060487393,
        10.089460036663557,
        19.73162707864657,
        18.009620111976727,
        0
    ],
    "scores_var": [
        0,
        333.1898329612804,
        296.9827098139273,
        20.469453908889072,
        16.139652152804103,
        281.13693516652773,
        24.07192462662754,
        301.9988325517061,
        19.30363841263207,
        20.304228706708294,
        362.55643954421504,
        353.6716572292378,
        18.093140379365448,
        392.3242643844558,
        23.417464807972337,
        21.329010758801047,
        21.434140244827514,
        23.389484009550365,
        24.69474557864089,
        396.47667462964614,
        310.86634335723187,
        19.53303187022846,
        354.04994385266514,
        23.43744109347587,
        0
    ],
    "vertex_number": 25,
    "minimum_distances": {
        "cost": 452.2991435826244,
        "path": [
            0,
            14,
            7,
            2,
            22,
            6,
            20,
            3,
            10,
            12,
            23,
            9,
            5,
            21,
            1,
            16,
            19,
            4,
            8,
            15,
            11,
            17,
            18,
            13,
            24
        ]
    }
}