{
    "vertices": [
        [
            5.816485786922565,
            13.014058028037855
        ],
        [
            58.19879011950352,
            36.1288426101624
        ],
        [
            8.561202044236783,
            36.98870544364022
        ],
        [
            9.953829460555607,
            37.03417096406688
        ],
        [
            8.609466446333302,
            59.000636608887845
        ],
        [
            47.87042868569553,
            43.13555414895285
        ],
        [
            44.35523785479869,
            16.502920811758248
        ],
        [
            23.171282076414336,
            94.74411650748343
        ],
        [
            89.08820120804891,
            77.18975218955363
        ],
        [
            88.40423558965297,
            20.73835212169346
        ],
        [
            87.94488690181515,
            87.0442203973961
        ],
        [
            62.099248149821484,
            26.010279715629547
        ],
        [
            77.12311027473167,
            61.85735305043695
        ],
        [
            47.1717141296111,
            53.39465228289235
        ],
        [
            50.64792092175009,
            24.700034934413306
        ],
        [
            81.90146092599994,
            79.38547441136463
        ],
        [
            58.1946622280733,
            40.259686075091764
        ],
        [
            35.025490144466765,
            3.3284114549448796
        ],
        [
            28.19553691967639,
            40.04048914399774
        ],
        [
            19.54174549935319,
            10.226082822571348
        ],
        [
            1.101207919502989,
            19.586529035580547
        ],
        [
            98.19257684265725,
            30.22848795736911
        ],
        [
            5.816485786922565,
            13.014058028037855
        ]
    ],
    "distances": [
        [
            0.0,
            57.25555932369496,
            24.13124916028207,
            24.3738269078399,
            46.071315919306386,
            51.728508985815104,
            38.69635091934194,
            83.55232739608964,
            105.13181397792708,
            82.948183444387,
            110.56916030305301,
            57.76375262525436,
            86.43090977474745,
            57.800063180338284,
            46.32946829507747,
            100.96577813617324,
            59.04064375477903,
            30.773002536280142,
            35.0891708147704,
            14.005554609510016,
            8.088956701081182,
            93.96637056164955,
            0.0
        ],
        [
            57.25555932369496,
            0.0,
            49.645035139702124,
            48.253454264040165,
            54.60970594209947,
            12.480747433354763,
            24.01709278290546,
            68.28379495727108,
            51.38242902864844,
            33.90038544804211,
            58.967838429090996,
            10.844302093583016,
            31.938787434918236,
            20.486692962550034,
            13.697929424947514,
            49.32497134460311,
            4.1308455273996,
            40.16055422552337,
            30.25716743481787,
            46.53299972468933,
            59.445622475381754,
            40.42668872769382,
            57.25555932369496
        ],
        [
            24.13124916028207,
            49.645035139702124,
            0.0,
            1.393369381833299,
            22.01198407859022,
            39.78692056638179,
            41.24173094805357,
            59.57467537217585,
            90.00400965399105,
            81.4799606579591,
            93.84734412253229,
            54.65206503206589,
            72.93274226297706,
            41.95148072699226,
            43.84407974583545,
            84.71292458501618,
            49.74112668719735,
            42.81791606392555,
            19.87009033081309,
            28.927673672928613,
            18.93375969210266,
            89.88594933979732,
            24.13124916028207
        ],
        [
            24.3738269078399,
            48.253454264040165,
            1.393369381833299,
            0.0,
            22.00756517289245,
            38.404366595072105,
            40.062315613605904,
            59.204213264569056,
            88.73961626819856,
            80.12502688650886,
            92.64777431287747,
            53.29794431810868,
            71.60937546150451,
            40.65508932744772,
            42.52222938005556,
            83.48709227882169,
            48.34854593299635,
            42.00793250727706,
            18.487775421156694,
            28.471068188061107,
            19.564997240321375,
            88.50081276886672,
            24.3738269078399
        ],
        [
            46.071315919306386,
            54.60970594209947,
            22.01198407859022,
            22.00756517289245,
            0.0,
            42.34529486756662,
            55.53211702753516,
            38.595891357834695,
            82.50860969894833,
            88.49411052050118,
            84.14601315897963,
            62.84520979861054,
            68.5731741971454,
            38.96760201307967,
            54.25645519118122,
            76.07403017482886,
            53.00863012400601,
            61.6214488762774,
            27.25988533499619,
            49.98471588743281,
            40.12288401780161,
            94.09022375520772,
            46.071315919306386
        ],
        [
            51.728508985815104,
            12.480747433354763,
            39.78692056638179,
            38.404366595072105,
            42.34529486756662,
            0.0,
            26.86361340272508,
            57.21443482147758,
            53.46581315095589,
            46.3100870305507,
            59.446893720636886,
            22.265092134534864,
            34.73075199671244,
            10.28286421930608,
            18.643573472674174,
            49.720899774358976,
            10.717295153900151,
            41.828232757182754,
            19.916846974093705,
            43.42289251137102,
            52.363313444310364,
            51.95104380861976,
            51.728508985815104
        ],
        [
            38.69635091934194,
            24.01709278290546,
            41.24173094805357,
            40.062315613605904,
            55.53211702753516,
            26.86361340272508,
            0.0,
            81.05827956672475,
            75.39183983058246,
            44.25215339196927,
            82.92244841581063,
            20.130568165774555,
            55.95317673396125,
            36.999086333919756,
            10.33395084761525,
            73.23888594264507,
            27.49388227880372,
            16.143478222836823,
            28.550885403213606,
            25.595079566515356,
            43.363806859194,
            55.55943000753579,
            38.69635091934194
        ],
        [
            83.55232739608964,
            68.28379495727108,
            59.57467537217585,
            59.204213264569056,
            38.595891357834695,
            57.21443482147758,
            81.05827956672475,
            0.0,
            68.21433818789903,
            98.65186965478867,
            65.22965799529632,
            78.99194175826761,
            63.184958468139214,
            47.81002960050173,
            75.24054123710113,
            60.70520401696205,
            64.77028884287722,
            92.18109013877738,
            54.933869183347554,
            84.59593107075634,
            78.33103553437996,
            98.94675838863964,
            83.55232739608964
        ],
        [
            105.13181397792708,
            51.38242902864844,
            90.00400965399105,
            88.73961626819856,
            82.50860969894833,
            53.46581315095589,
            75.39183983058246,
            68.21433818789903,
            0.0,
            56.45554338228223,
            9.920570107721472,
            57.85967498948085,
            19.44854401757973,
            48.19957124876565,
            65.06016881328998,
            7.514681094828973,
            48.14811038790409,
            91.53291420389903,
            71.33010801172492,
            96.54451054685657,
            105.16578486221195,
            47.83565609439368,
            105.13181397792708
        ],
        [
            82.948183444387,
            33.90038544804211,
            81.4799606579591,
            80.12502688650886,
            88.49411052050118,
            46.3100870305507,
            44.25215339196927,
            98.65186965478867,
            56.45554338228223,
            0.0,
            66.30745937684424,
            26.82807456313995,
            42.63843366903815,
            52.598049071910765,
            37.963590820815384,
            59.00653380080796,
            35.968052518989204,
            56.14620645530464,
            63.22705029621301,
            69.66024940562517,
            87.3106255664033,
            13.633572630269754,
            82.948183444387
        ],
        [
            110.56916030305301,
            58.967838429090996,
            93.84734412253229,
            92.64777431287747,
            84.14601315897963,
            59.446893720636886,
            82.92244841581063,
            65.22965799529632,
            9.920570107721472,
            66.30745937684424,
            0.0,
            66.2807585777649,
            27.413302174670743,
            52.86534831252538,
            72.64888940899871,
            9.755992394611186,
            55.442479380823066,
            99.0393821671493,
            76.021941405293,
            102.85920481021574,
            109.96528862804323,
            57.73250905530065,
            110.56916030305301
        ],
        [
            57.76375262525436,
            10.844302093583016,
            54.65206503206589,
            53.29794431810868,
            62.84520979861054,
            22.265092134534864,
            20.130568165774555,
            78.99194175826761,
            57.85967498948085,
            26.82807456313995,
            66.2807585777649,
            0.0,
            38.86809874201941,
            31.188702006130267,
            11.526041674012532,
            56.93012418430747,
            14.774686894056211,
            35.319336351743125,
            36.692075599248106,
            45.39032830244174,
            61.33535265031891,
            36.33898260683368,
            57.76375262525436
        ],
        [
            86.43090977474745,
            31.938787434918236,
            72.93274226297706,
            71.60937546150451,
            68.5731741971454,
            34.73075199671244,
            55.95317673396125,
            63.184958468139214,
            19.44854401757973,
            42.63843366903815,
            27.413302174670743,
            38.86809874201941,
            0.0,
            31.124000953009617,
            45.624576062157644,
            18.167764677854155,
            28.718380250859575,
            72.09609299345288,
            53.57128881337844,
            77.33952181606813,
            86.98363179703918,
            38.00404621263923,
            86.43090977474745
        ],
        [
            57.800063180338284,
            20.486692962550034,
            41.95148072699226,
            40.65508932744772,
            38.96760201307967,
            10.28286421930608,
            36.999086333919756,
            47.81002960050173,
            48.19957124876565,
            52.598049071910765,
            52.86534831252538,
            31.188702006130267,
            31.124000953009617,
            0.0,
            28.904412784856014,
            43.37831425326675,
            17.147382367622612,
            51.51853285701496,
            23.20407237195784,
            51.2536882161625,
            57.1443850256614,
            56.03391474402488,
            57.800063180338284
        ],
        [
            46.32946829507747,
            13.697929424947514,
            43.84407974583545,
            42.52222938005556,
            54.25645519118122,
            18.643573472674174,
            10.33395084761525,
            75.24054123710113,
            65.06016881328998,
            37.963590820815384,
            72.64888940899871,
            11.526041674012532,
            45.624576062157644,
            28.904412784856014,
            0.0,
            62.98635609070072,
            17.293237058578168,
            26.472752662675173,
            27.192629198606962,
            34.30873706717902,
            49.80988568451487,
            47.864998688650154,
            46.32946829507747
        ],
        [
            100.96577813617324,
            49.32497134460311,
            84.71292458501618,
            83.48709227882169,
            76.07403017482886,
            49.720899774358976,
            73.23888594264507,
            60.70520401696205,
            7.514681094828973,
            59.00653380080796,
            9.755992394611186,
            56.93012418430747,
            18.167764677854155,
            43.37831425326675,
            62.98635609070072,
            0.0,
            45.74756406016436,
            89.34222664713448,
            66.57592762449741,
            93.12226131824987,
            100.52161336732479,
            51.7861928997321,
            100.96577813617324
        ],
        [
            59.04064375477903,
            4.1308455273996,
            49.74112668719735,
            48.34854593299635,
            53.00863012400601,
            10.717295153900151,
            27.49388227880372,
            64.77028884287722,
            48.14811038790409,
            35.968052518989204,
            55.442479380823066,
            14.774686894056211,
            28.718380250859575,
            17.147382367622612,
            17.293237058578168,
            45.74756406016436,
            0.0,
            43.597357489972694,
            29.999926109300684,
            48.94961997776056,
            60.72101734049832,
            41.23661127193347,
            59.04064375477903
        ],
        [
            30.773002536280142,
            40.16055422552337,
            42.81791606392555,
            42.00793250727706,
            61.6214488762774,
            41.828232757182754,
            16.143478222836823,
            92.18109013877738,
            91.53291420389903,
            56.14620645530464,
            99.0393821671493,
            35.319336351743125,
            72.09609299345288,
            51.51853285701496,
            26.472752662675173,
            89.34222664713448,
            43.597357489972694,
            0.0,
            37.34199926757909,
            16.950640652519812,
            37.618922256555514,
            68.65635409612857,
            30.773002536280142
        ],
        [
            35.0891708147704,
            30.25716743481787,
            19.87009033081309,
            18.487775421156694,
            27.25988533499619,
            19.916846974093705,
            28.550885403213606,
            54.933869183347554,
            71.33010801172492,
            63.22705029621301,
            76.021941405293,
            36.692075599248106,
            53.57128881337844,
            23.20407237195784,
            27.192629198606962,
            66.57592762449741,
            29.999926109300684,
            37.34199926757909,
            0.0,
            31.04491794554415,
            33.948006540684524,
            70.68140466392684,
            35.0891708147704
        ],
        [
            14.005554609510016,
            46.53299972468933,
            28.927673672928613,
            28.471068188061107,
            49.98471588743281,
            43.42289251137102,
            25.595079566515356,
            84.59593107075634,
            96.54451054685657,
            69.66024940562517,
            102.85920481021574,
            45.39032830244174,
            77.33952181606813,
            51.2536882161625,
            34.30873706717902,
            93.12226131824987,
            48.94961997776056,
            16.950640652519812,
            31.04491794554415,
            0.0,
            20.68021710573914,
            81.15447912573552,
            14.005554609510016
        ],
        [
            8.088956701081182,
            59.445622475381754,
            18.93375969210266,
            19.564997240321375,
            40.12288401780161,
            52.363313444310364,
            43.363806859194,
            78.33103553437996,
            105.16578486221195,
            87.3106255664033,
            109.96528862804323,
            61.33535265031891,
            86.98363179703918,
            57.1443850256614,
            49.80988568451487,
            100.52161336732479,
            60.72101734049832,
            37.618922256555514,
            33.948006540684524,
            20.68021710573914,
            0.0,
            97.67284785990977,
            8.088956701081182
        ],
        [
            93.96637056164955,
            40.42668872769382,
            89.88594933979732,
            88.50081276886672,
            94.09022375520772,
            51.95104380861976,
            55.55943000753579,
            98.94675838863964,
            47.83565609439368,
            13.633572630269754,
            57.73250905530065,
            36.33898260683368,
            38.00404621263923,
            56.03391474402488,
            47.864998688650154,
            51.7861928997321,
            41.23661127193347,
            68.65635409612857,
            70.68140466392684,
            81.15447912573552,
            97.67284785990977,
            0.0,
            93.96637056164955
        ],
        [
            0.0,
            57.25555932369496,
            24.13124916028207,
            24.3738269078399,
            46.071315919306386,
            51.728508985815104,
            38.69635091934194,
            83.55232739608964,
            105.13181397792708,
            82.948183444387,
            110.56916030305301,
            57.76375262525436,
            86.43090977474745,
            57.800063180338284,
            46.32946829507747,
            100.96577813617324,
            59.04064375477903,
            30.773002536280142,
            35.0891708147704,
            14.005554609510016,
            8.088956701081182,
            93.96637056164955,
            0.0
        ]
    ],
    "scores_ave": [
        0,
        13.11004800727613,
        13.924560138254773,
        17.562498811841657,
        19.134339989701054,
        12.386129049990238,
        15.17727671486621,
        19.743830951988073,
        18.68716348213559,
        17.26376717336981,
        16.913855475881466,
        11.270561274226687,
        10.544385509196808,
        13.245918048638208,
        12.170070522772644,
        14.86635443986438,
        15.224519728970963,
        17.836239787748873,
        16.739186424816133,
        19.82302016599253,
        11.069754566838375,
        14.558034227257806,
        0
    ],
    "scores_var": [
        0,
        317.14288765007177,
        265.1632981650135,
        19.94885052594746,
        17.163614095564334,
        22.876930408374623,
        330.48843247948525,
        22.898795498969598,
        273.91302706210104,
        284.34721636755006,
        255.55349612416478,
        23.248678449641666,
        18.181930343818273,
        344.1005053579096,
        24.221451986769267,
        362.36647289362764,
        16.087788481854137,
        233.3961166553406,
        231.20860944551492,
        20.327329578685294,
        362.3807878607454,
        395.8089123344489,
        0
    ],
    "vertex_number": 23,
    "minimum_distances": {
        "cost": 409.5382338449955,
        "path": [
            0,
            19,
            17,
            6,
            14,
            5,
            13,
            16,
            1,
            11,
            9,
            21,
            12,
            8,
            10,
            15,
            7,
            4,
            18,
            3,
            2,
            20,
            22
        ]
    }
}