{
    "vertices": [
        [
            66.15467729847441,
            17.618027060315043
        ],
        [
            43.31474911385171,
            57.57007662651055
        ],
        [
            78.38408321600177,
            9.205787808067278
        ],
        [
            39.740572610034654,
            11.748799124611098
        ],
        [
            71.53675201986314,
            22.56877519971223
        ],
        [
            32.66538461533509,
            69.22884430265105
        ],
        [
            8.503965722607775,
            37.660261844808474
        ],
        [
            50.40991405342379,
            81.17587615885805
        ],
        [
            56.21471421100992,
            90.07545321228375
        ],
        [
            90.00349814858204,
            38.28228237413105
        ],
        [
            73.55355826750085,
            94.59749456385266
        ],
        [
            96.61366542574233,
            47.09500639526814
        ],
        [
            46.376847368472966,
            26.75539515324028
        ],
        [
            94.38875442256003,
            73.53562129110449
        ],
        [
            2.5422785186628993,
            40.73899511072876
        ],
        [
            33.23739900355639,
            3.566897537160507
        ],
        [
            39.38716700906231,
            64.20104256666728
        ],
        [
            72.82275771289095,
            43.08166552081762
        ],
        [
            80.95989796034696,
            73.51249007498052
        ],
        [
            73.207122155873,
            74.86685218698454
        ],
        [
            66.15467729847441,
            17.618027060315043
        ]
    ],
    "distances": [
        [
            0.0,
            46.019871621055884,
            14.843319653389912,
            27.05832151211717,
            7.312772076740552,
            61.52405367690572,
            61.03520066617723,
            65.47898710025882,
            73.13604768339724,
            31.555945614338693,
            77.33422176967986,
            42.38681715404331,
            21.786556689979008,
            62.64136377512891,
            67.6839452315689,
            35.79080120955029,
            53.72594290246413,
            26.32223736805653,
            57.82201617502234,
            57.68158247526357,
            0.0
        ],
        [
            46.019871621055884,
            0.0,
            59.74079533519805,
            45.96046354842948,
            44.96190108966159,
            15.790371368289119,
            40.10226134463975,
            24.649039272984055,
            34.97153995023429,
            50.51592118877133,
            47.80601696583202,
            54.31851964451332,
            30.96645023279324,
            53.511238396351,
            44.10985902750572,
            54.93538328802196,
            7.706854772822739,
            32.87303800759126,
            40.88175361009773,
            34.535958230122574,
            46.019871621055884
        ],
        [
            14.843319653389912,
            59.74079533519805,
            0.0,
            38.72709411393479,
            15.015171545436143,
            75.45175089214695,
            75.45122870833933,
            77.21559271000358,
            83.85334641306464,
            31.312191549391834,
            85.52822665029441,
            42.04652842614212,
            36.50276516332815,
            66.29085137773788,
            82.13600003982368,
            45.49747442293464,
            67.41837672040445,
            34.32933777632138,
            64.3582689173863,
            65.86483356989835,
            14.843319653389912
        ],
        [
            27.05832151211717,
            45.96046354842948,
            38.72709411393479,
            0.0,
            33.58673707474071,
            57.91384876547107,
            40.58484335487601,
            70.24210896858722,
            80.04037782306447,
            56.83649722709973,
            89.48309524740537,
            66.96195229265906,
            16.408475463490035,
            82.48657568870651,
            47.160837000860106,
            10.451544409450788,
            52.45343399267129,
            45.56511261680558,
            74.25487392856878,
            71.44157445695498,
            27.05832151211717
        ],
        [
            7.312772076740552,
            44.96190108966159,
            15.015171545436143,
            33.58673707474071,
            0.0,
            60.73010170079441,
            64.81423545452482,
            62.298760543815746,
            69.22366949901553,
            24.24737141017694,
            72.05694914911822,
            35.07688131267977,
            25.50585400848841,
            55.85546897409895,
            71.3469989931078,
            42.75408514013915,
            52.60077473270085,
            20.553162286329545,
            51.80789288041242,
            52.324745512596,
            7.312772076740552
        ],
        [
            61.52405367690572,
            15.790371368289119,
            75.45175089214695,
            57.91384876547107,
            60.73010170079441,
            0.0,
            39.75361067006929,
            21.39158468072015,
            31.450787389776163,
            65.15634242916985,
            48.11871944144842,
            67.67044701431341,
            44.6318058505173,
            61.873441058241774,
            41.4617055593453,
            65.66443827136912,
            8.394113940433655,
            47.9196157366215,
            48.48411740286014,
            40.93188996014803,
            61.52405367690572
        ],
        [
            61.03520066617723,
            40.10226134463975,
            75.45122870833933,
            40.58484335487601,
            64.81423545452482,
            39.75361067006929,
            0.0,
            60.41288930877365,
            70.87783720890911,
            81.501906083179,
            86.44823861686949,
            88.61339394532284,
            39.41156279218811,
            93.07651876513424,
            6.709717791410028,
            42.12006898946322,
            40.72081977349497,
            64.54687150364114,
            80.84085839170808,
            74.63798508345533,
            61.03520066617723
        ],
        [
            65.47898710025882,
            24.649039272984055,
            77.21559271000358,
            70.24210896858722,
            62.298760543815746,
            21.39158468072015,
            60.41288930877365,
            0.0,
            10.625355363439533,
            58.373900754271496,
            26.753842866344876,
            57.41334622470461,
            54.569720356330066,
            44.6375614775068,
            62.661406627917806,
            79.4861549946972,
            20.239711655222454,
            44.19846654624015,
            31.496491915510727,
            23.654100717297418,
            65.47898710025882
        ],
        [
            73.13604768339724,
            34.97153995023429,
            83.85334641306464,
            80.04037782306447,
            69.22366949901553,
            31.450787389776163,
            70.87783720890911,
            10.625355363439533,
            0.0,
            61.840233387738785,
            17.91882728307324,
            58.9863888353969,
            64.07974232635556,
            41.60316557732001,
            72.90278767753409,
            89.50802879707815,
            30.865052585274587,
            49.84218284295909,
            29.776767230109446,
            22.804461688699817,
            73.13604768339724
        ],
        [
            31.555945614338693,
            50.51592118877133,
            31.312191549391834,
            56.83649722709973,
            24.24737141017694,
            65.15634242916985,
            81.501906083179,
            58.373900754271496,
            61.840233387738785,
            0.0,
            58.668591648892985,
            11.016279594525884,
            45.12376078401186,
            35.5250387386623,
            87.49571633299036,
            66.53982233611573,
            56.86646734186779,
            17.83849546647054,
            36.37243790302815,
            40.25604296102641,
            31.555945614338693
        ],
        [
            77.33422176967986,
            47.80601696583202,
            85.52822665029441,
            89.48309524740537,
            72.05694914911822,
            48.11871944144842,
            86.44823861686949,
            26.753842866344876,
            17.91882728307324,
            58.668591648892985,
            0.0,
            52.803929061728844,
            73.0829943812427,
            29.626135498527255,
            89.12541621170624,
            99.55883834613455,
            45.730586981165025,
            51.521012329357724,
            22.3479592343817,
            19.733683553338537,
            77.33422176967986
        ],
        [
            42.38681715404331,
            54.31851964451332,
            42.04652842614212,
            66.96195229265906,
            35.07688131267977,
            67.67044701431341,
            88.61339394532284,
            57.41334622470461,
            58.9863888353969,
            11.016279594525884,
            52.803929061728844,
            0.0,
            54.19813349180958,
            26.53406009343471,
            94.28586699007772,
            76.88463699842225,
            59.728457158472594,
            24.127042810422218,
            30.707065633637807,
            36.31999017790535,
            42.38681715404331
        ],
        [
            21.786556689979008,
            30.96645023279324,
            36.50276516332815,
            16.408475463490035,
            25.50585400848841,
            44.6318058505173,
            39.41156279218811,
            54.569720356330066,
            64.07974232635556,
            45.12376078401186,
            73.0829943812427,
            54.19813349180958,
            0.0,
            67.03381815531627,
            46.01098231965724,
            26.652420622248293,
            38.092415803377754,
            31.079467145693283,
            58.15679937686344,
            55.08698524222591,
            21.786556689979008
        ],
        [
            62.64136377512891,
            53.511238396351,
            66.29085137773788,
            82.48657568870651,
            55.85546897409895,
            61.873441058241774,
            93.07651876513424,
            44.6375614775068,
            41.60316557732001,
            35.5250387386623,
            29.626135498527255,
            26.53406009343471,
            67.03381815531627,
            0.0,
            97.5263750212242,
            92.92529565913163,
            55.78807200439307,
            37.316693799693006,
            13.428876383967532,
            21.223423879744352,
            62.64136377512891
        ],
        [
            67.6839452315689,
            44.10985902750572,
            82.13600003982368,
            47.160837000860106,
            71.3469989931078,
            41.4617055593453,
            6.709717791410028,
            62.661406627917806,
            72.90278767753409,
            87.49571633299036,
            89.12541621170624,
            94.28586699007772,
            46.01098231965724,
            97.5263750212242,
            0.0,
            48.20741913441339,
            43.680813622169154,
            70.31951265772985,
            84.99073485429234,
            78.47439553694373,
            67.6839452315689
        ],
        [
            35.79080120955029,
            54.93538328802196,
            45.49747442293464,
            10.451544409450788,
            42.75408514013915,
            65.66443827136912,
            42.12006898946322,
            79.4861549946972,
            89.50802879707815,
            66.53982233611573,
            99.55883834613455,
            76.88463699842225,
            26.652420622248293,
            92.92529565913163,
            48.20741913441339,
            0.0,
            60.94521466022419,
            55.93225825003799,
            84.67480630121109,
            81.73898887275152,
            35.79080120955029
        ],
        [
            53.72594290246413,
            7.706854772822739,
            67.41837672040445,
            52.45343399267129,
            52.60077473270085,
            8.394113940433655,
            40.72081977349497,
            20.239711655222454,
            30.865052585274587,
            56.86646734186779,
            45.730586981165025,
            59.728457158472594,
            38.092415803377754,
            55.78807200439307,
            43.680813622169154,
            60.94521466022419,
            0.0,
            39.54702027357704,
            42.60275828450517,
            35.46193538132315,
            53.72594290246413
        ],
        [
            26.32223736805653,
            32.87303800759126,
            34.32933777632138,
            45.56511261680558,
            20.553162286329545,
            47.9196157366215,
            64.54687150364114,
            44.19846654624015,
            49.84218284295909,
            17.83849546647054,
            51.521012329357724,
            24.127042810422218,
            31.079467145693283,
            37.316693799693006,
            70.31951265772985,
            55.93225825003799,
            39.54702027357704,
            0.0,
            31.49997038812913,
            31.787510557262966,
            26.32223736805653
        ],
        [
            57.82201617502234,
            40.88175361009773,
            64.3582689173863,
            74.25487392856878,
            51.80789288041242,
            48.48411740286014,
            80.84085839170808,
            31.496491915510727,
            29.776767230109446,
            36.37243790302815,
            22.3479592343817,
            30.707065633637807,
            58.15679937686344,
            13.428876383967532,
            84.99073485429234,
            84.67480630121109,
            42.60275828450517,
            31.49997038812913,
            0.0,
            7.870186109925801,
            57.82201617502234
        ],
        [
            57.68158247526357,
            34.535958230122574,
            65.86483356989835,
            71.44157445695498,
            52.324745512596,
            40.93188996014803,
            74.63798508345533,
            23.654100717297418,
            22.804461688699817,
            40.25604296102641,
            19.733683553338537,
            36.31999017790535,
            55.08698524222591,
            21.223423879744352,
            78.47439553694373,
            81.73898887275152,
            35.46193538132315,
            31.787510557262966,
            7.870186109925801,
            0.0,
            57.68158247526357
        ],
        [
            0.0,
            46.019871621055884,
            14.843319653389912,
            27.05832151211717,
            7.312772076740552,
            61.52405367690572,
            61.03520066617723,
            65.47898710025882,
            73.13604768339724,
            31.555945614338693,
            77.33422176967986,
            42.38681715404331,
            21.786556689979008,
            62.64136377512891,
            67.6839452315689,
            35.79080120955029,
            53.72594290246413,
            26.32223736805653,
            57.82201617502234,
            57.68158247526357,
            0.0
        ]
    ],
    "scores_ave": [
        0,
        17.671614042464938,
        15.435717509814493,
        16.31932373222515,
        11.162777193545475,
        14.516589331634036,
        15.691542645540817,
        16.798999562577116,
        11.566056268674508,
        10.637927191845375,
        13.099818907213207,
        18.574004395219216,
        17.794236717991094,
        18.694086100305007,
        15.174689600588692,
        15.670364687890686,
        12.429558046607115,
        15.186281340534817,
        16.424838974123634,
        12.290250781553915,
        0
    ],
    "scores_var": [
        0,
        293.37151270506405,
        378.3674259280744,
        289.34105120980024,
        17.525982317601393,
        17.66593425994863,
        18.117666542610824,
        23.893286446067318,
        266.84346980554216,
        299.8308031701046,
        20.83401829823621,
        349.03183198203214,
        20.920279613198247,
        17.013950399656956,
        355.3501959924191,
        383.09918027558376,
        365.662116026008,
        18.252351960831824,
        351.2153501563095,
        261.46145902160384,
        0
    ],
    "vertex_number": 21,
    "minimum_distances": {
        "cost": 354.45619309860666,
        "path": [
            0,
            2,
            4,
            17,
            9,
            11,
            13,
            18,
            19,
            10,
            8,
            7,
            5,
            16,
            1,
            14,
            6,
            15,
            3,
            12,
            20
        ]
    }
}