{
    "vertices": [
        [
            25.10763727317612,
            99.89787179050745
        ],
        [
            89.27806942137877,
            57.26346723505645
        ],
        [
            91.61606121915217,
            91.28806692214565
        ],
        [
            33.6676506289657,
            3.3173567301872264
        ],
        [
            6.885978379737301,
            92.06123048067452
        ],
        [
            96.68798719079669,
            88.82127258679708
        ],
        [
            21.394148631661647,
            80.44712466978835
        ],
        [
            79.2431448609638,
            38.65126603815994
        ],
        [
            88.88929235838418,
            35.19591066498086
        ],
        [
            42.068982054856306,
            72.95306842712984
        ],
        [
            71.03809409560856,
            12.245076606457083
        ],
        [
            2.8028747807447574,
            17.596856606785792
        ],
        [
            39.382507976953995,
            38.52699245702668
        ],
        [
            68.96121203982747,
            85.51040684671729
        ],
        [
            60.31961734263626,
            26.272516829354853
        ],
        [
            23.536534458530046,
            45.84033654693588
        ],
        [
            86.56826801313807,
            58.29215602196122
        ],
        [
            44.778096518781396,
            32.43240763000863
        ],
        [
            17.013804515771024,
            17.62476497071389
        ],
        [
            77.91236455851828,
            52.155586519704485
        ],
        [
            25.10763727317612,
            99.89787179050745
        ]
    ],
    "distances": [
        [
            0.0,
            77.04243515027898,
            67.0633968394753,
            96.95911364058583,
            19.83536739886151,
            72.43229627899863,
            19.802059525332695,
            81.74227729865926,
            90.85396688586361,
            31.838807218457717,
            98.95766452122047,
            85.26992160260824,
            63.00917999604687,
            46.15338738730962,
            81.61235466256181,
            54.08036132150165,
            74.21889729420002,
            70.274574501199,
            82.67027418900946,
            71.18753420759907,
            0.0
        ],
        [
            77.04243515027898,
            0.0,
            34.104832348409595,
            77.4771031781076,
            89.43903506362435,
            32.416075641074826,
            71.73359515481981,
            21.145064301793358,
            22.07098096094048,
            49.747980014732875,
            48.57316331755499,
            95.13884215645245,
            53.29749092557842,
            34.794601467571226,
            42.41498501526887,
            66.72658641043571,
            2.8984865520486585,
            50.95909250998627,
            82.42178534555683,
            12.46072599939166,
            77.04243515027898
        ],
        [
            67.0633968394753,
            34.104832348409595,
            0.0,
            105.34165435195315,
            84.73361033180602,
            5.639991786762634,
            71.05380381347719,
            54.07145149251205,
            56.15839440367081,
            52.83072234529103,
            81.67770227536815,
            115.40440443538502,
            74.24335029495491,
            23.379981764003748,
            72.15600566262034,
            81.85547116844438,
            33.379789579678175,
            75.21823959642563,
            104.8416842654914,
            41.46254122233839,
            67.0633968394753
        ],
        [
            96.95911364058583,
            77.4771031781076,
            105.34165435195315,
            0.0,
            92.69699615795282,
            106.21903053210696,
            78.10019176477448,
            57.66810922403241,
            63.762621623219026,
            70.14067802115522,
            38.42205391546232,
            34.007918267466785,
            35.67040849954742,
            89.4501702878239,
            35.17480213000524,
            43.71319397338149,
            76.29353758214016,
            31.162929848936116,
            21.955694498764093,
            65.89967677979638,
            96.95911364058583
        ],
        [
            19.83536739886151,
            89.43903506362435,
            84.73361033180602,
            92.69699615795282,
            0.0,
            89.86043686548429,
            18.584252953650907,
            89.9343307249384,
            99.7908217283617,
            40.03705289688494,
            102.40172054265149,
            74.57623422666492,
            62.62538683820934,
            62.41993210696407,
            84.75440175420253,
            49.128525866007216,
            86.5425772150292,
            70.6499053900242,
            75.12230201383134,
            81.46906132733477,
            19.83536739886151
        ],
        [
            72.43229627899863,
            32.416075641074826,
            5.639991786762634,
            106.21903053210696,
            89.86043686548429,
            0.0,
            75.75809183384328,
            53.116401242959064,
            54.189473907160924,
            56.87737357941876,
            80.75785290988128,
            117.84452369092836,
            76.24586914515417,
            27.923751399502862,
            72.35333559841416,
            84.84395028346854,
            32.162644083843716,
            76.64424858197452,
            106.84997932456679,
            41.19340408366749,
            72.43229627899863
        ],
        [
            19.802059525332695,
            71.73359515481981,
            71.05380381347719,
            78.10019176477448,
            18.584252953650907,
            75.75809183384328,
            0.0,
            71.36806122834557,
            81.26048729610116,
            21.991125847599893,
            84.35662796283574,
            65.54228908873313,
            45.61664780177063,
            47.835785220686766,
            66.70892180985855,
            34.67303853444589,
            68.83682497716715,
            53.40619880873048,
            62.97488620659439,
            63.2037962661456,
            19.802059525332695
        ],
        [
            81.74227729865926,
            21.145064301793358,
            54.07145149251205,
            57.66810922403241,
            89.9343307249384,
            53.116401242959064,
            71.36806122834557,
            0.0,
            10.246347754051056,
            50.581933805133694,
            27.651576779001815,
            79.28684031061375,
            39.86083060752561,
            47.97392228966238,
            22.612680639663047,
            56.168578202663205,
            20.96239462824572,
            35.02161842533272,
            65.68564947488261,
            13.569732785933573,
            81.74227729865926
        ],
        [
            90.85396688586361,
            22.07098096094048,
            56.15839440367081,
            63.762621623219026,
            99.7908217283617,
            54.189473907160924,
            81.26048729610116,
            10.246347754051056,
            0.0,
            60.14768839443828,
            29.075867371392693,
            87.86693345676164,
            49.61872434570159,
            54.11725151192378,
            29.930808342761797,
            66.21394692565443,
            23.21257641023637,
            44.197675814731376,
            73.9921003460693,
            20.20206793921762,
            90.85396688586361
        ],
        [
            31.838807218457717,
            49.747980014732875,
            52.83072234529103,
            70.14067802115522,
            40.03705289688494,
            56.87737357941876,
            21.991125847599893,
            50.581933805133694,
            60.14768839443828,
            0.0,
            67.26566526340557,
            67.86853002357451,
            34.53073775161132,
            29.67960211573985,
            50.12144836175518,
            32.841313066286865,
            46.85220169158499,
            40.611122277203854,
            60.73699930750886,
            41.44011731394478,
            31.838807218457717
        ],
        [
            98.95766452122047,
            48.57316331755499,
            81.67770227536815,
            38.42205391546232,
            102.40172054265149,
            80.75785290988128,
            84.35662796283574,
            27.651576779001815,
            29.075867371392693,
            67.26566526340557,
            0.0,
            68.44477119634107,
            41.14383590882086,
            73.29476143823658,
            17.653748132081688,
            58.181093650972784,
            48.59547123556329,
            33.12273851283156,
            54.29148102145181,
            40.4982023790273,
            98.95766452122047
        ],
        [
            85.26992160260824,
            95.13884215645245,
            115.40440443538502,
            34.007918267466785,
            74.57623422666492,
            117.84452369092836,
            65.54228908873313,
            79.28684031061375,
            87.86693345676164,
            67.86853002357451,
            68.44477119634107,
            0.0,
            42.14427780231561,
            94.81126460014248,
            58.167368474329045,
            35.03682067145762,
            93.12759256991593,
            44.519802494170975,
            14.210957139145515,
            82.67854176188358,
            85.26992160260824
        ],
        [
            63.00917999604687,
            53.29749092557842,
            74.24335029495491,
            35.67040849954742,
            62.62538683820934,
            76.24586914515417,
            45.61664780177063,
            39.86083060752561,
            49.61872434570159,
            34.53073775161132,
            41.14383590882086,
            42.14427780231561,
            0.0,
            55.518834297492546,
            24.25973457191449,
            17.452217008850276,
            51.158162994198314,
            8.139799747316744,
            30.61473515194781,
            40.869162265957556,
            63.00917999604687
        ],
        [
            46.15338738730962,
            34.794601467571226,
            23.379981764003748,
            89.4501702878239,
            62.41993210696407,
            27.923751399502862,
            47.835785220686766,
            47.97392228966238,
            54.11725151192378,
            29.67960211573985,
            73.29476143823658,
            94.81126460014248,
            55.518834297492546,
            0.0,
            59.86488764392406,
            60.30850529530992,
            32.416687030087246,
            58.32749846473089,
            85.48095414410969,
            34.53501368843179,
            46.15338738730962
        ],
        [
            81.61235466256181,
            42.41498501526887,
            72.15600566262034,
            35.17480213000524,
            84.75440175420253,
            72.35333559841416,
            66.70892180985855,
            22.612680639663047,
            29.930808342761797,
            50.12144836175518,
            17.653748132081688,
            58.167368474329045,
            24.25973457191449,
            59.86488764392406,
            0.0,
            41.664070311946006,
            41.40348966025362,
            16.717748777700113,
            44.16080883321901,
            31.295974999948797,
            81.61235466256181
        ],
        [
            54.08036132150165,
            66.72658641043571,
            81.85547116844438,
            43.71319397338149,
            49.128525866007216,
            84.84395028346854,
            34.67303853444589,
            56.168578202663205,
            66.21394692565443,
            32.841313066286865,
            58.181093650972784,
            35.03682067145762,
            17.452217008850276,
            60.30850529530992,
            41.664070311946006,
            0.0,
            64.24988126944453,
            25.119245940132906,
            28.959704509526187,
            54.741330649531534,
            54.08036132150165
        ],
        [
            74.21889729420002,
            2.8984865520486585,
            33.379789579678175,
            76.29353758214016,
            86.5425772150292,
            32.162644083843716,
            68.83682497716715,
            20.96239462824572,
            23.21257641023637,
            46.85220169158499,
            48.59547123556329,
            93.12759256991593,
            51.158162994198314,
            32.416687030087246,
            41.40348966025362,
            64.24988126944453,
            0.0,
            49.144124983794704,
            80.57083893892154,
            10.61047359318736,
            74.21889729420002
        ],
        [
            70.274574501199,
            50.95909250998627,
            75.21823959642563,
            31.162929848936116,
            70.6499053900242,
            76.64424858197452,
            53.40619880873048,
            35.02161842533272,
            44.197675814731376,
            40.611122277203854,
            33.12273851283156,
            44.519802494170975,
            8.139799747316744,
            58.32749846473089,
            16.717748777700113,
            25.119245940132906,
            49.144124983794704,
            0.0,
            31.466207136447046,
            38.56012842359414,
            70.274574501199
        ],
        [
            82.67027418900946,
            82.42178534555683,
            104.8416842654914,
            21.955694498764093,
            75.12230201383134,
            106.84997932456679,
            62.97488620659439,
            65.68564947488261,
            73.9921003460693,
            60.73699930750886,
            54.29148102145181,
            14.210957139145515,
            30.61473515194781,
            85.48095414410969,
            44.16080883321901,
            28.959704509526187,
            80.57083893892154,
            31.466207136447046,
            0.0,
            70.00722999896743,
            82.67027418900946
        ],
        [
            71.18753420759907,
            12.46072599939166,
            41.46254122233839,
            65.89967677979638,
            81.46906132733477,
            41.19340408366749,
            63.2037962661456,
            13.569732785933573,
            20.20206793921762,
            41.44011731394478,
            40.4982023790273,
            82.67854176188358,
            40.869162265957556,
            34.53501368843179,
            31.295974999948797,
            54.741330649531534,
            10.61047359318736,
            38.56012842359414,
            70.00722999896743,
            0.0,
            71.18753420759907
        ],
        [
            0.0,
            77.04243515027898,
            67.0633968394753,
            96.95911364058583,
            19.83536739886151,
            72.43229627899863,
            19.802059525332695,
            81.74227729865926,
            90.85396688586361,
            31.838807218457717,
            98.95766452122047,
            85.26992160260824,
            63.00917999604687,
            46.15338738730962,
            81.61235466256181,
            54.08036132150165,
            74.21889729420002,
            70.274574501199,
            82.67027418900946,
            71.18753420759907,
            0.0
        ]
    ],
    "scores_ave": [
        0,
        15.395213419264884,
        14.90826145728841,
        12.338779372192915,
        11.751513286486222,
        15.840472369603315,
        11.707960408440206,
        14.75607933938347,
        14.610664571577793,
        16.104784546160605,
        17.69435915423156,
        18.24824053302959,
        12.66754729371134,
        15.587719314819223,
        17.81168737497559,
        18.54150981486767,
        16.880678728789043,
        10.066465625441193,
        13.37365656768661,
        17.65297222753637,
        0
    ],
    "scores_var": [
        0,
        18.31833437288409,
        18.623472566879688,
        20.950613326004294,
        16.83822300634593,
        385.2667526797435,
        18.878453933479037,
        327.42429129576595,
        386.96840067922244,
        22.897510897465573,
        16.148987168836697,
        18.529813275184477,
        17.804099325109654,
        23.672905095557322,
        309.0957222012851,
        275.8817684831404,
        20.123492386782516,
        314.2816294546045,
        310.7053225128744,
        20.498723808706373,
        0
    ],
    "vertex_number": 21,
    "minimum_distances": {
        "cost": 423.97007523793513,
        "path": [
            0,
            4,
            6,
            15,
            12,
            17,
            18,
            11,
            3,
            10,
            14,
            7,
            8,
            19,
            16,
            1,
            5,
            2,
            13,
            9,
            20
        ]
    }
}