{
    "vertices": [
        [
            28.621485828213245,
            90.92050965795761
        ],
        [
            50.76295658193739,
            64.31615307119955
        ],
        [
            38.9718451613333,
            95.09124694305142
        ],
        [
            10.0574710140234,
            92.51962903837494
        ],
        [
            12.412368833127353,
            3.9263876008410525
        ],
        [
            17.700689317862206,
            64.5424993705282
        ],
        [
            25.753862981040154,
            0.11692132394364174
        ],
        [
            80.2529593615304,
            97.03320669306439
        ],
        [
            18.6276712444154,
            69.04884800354988
        ],
        [
            77.33558651446985,
            53.119247513382994
        ],
        [
            42.27749269755709,
            33.06896912093234
        ],
        [
            56.625840945701036,
            20.35381129548256
        ],
        [
            49.20353053380783,
            74.2992993597381
        ],
        [
            88.21560849709881,
            67.08910292977642
        ],
        [
            22.802709188273017,
            67.68754467690881
        ],
        [
            41.52286419385168,
            57.254890860740225
        ],
        [
            25.766826765450634,
            73.28139976872392
        ],
        [
            28.621485828213245,
            90.92050965795761
        ]
    ],
    "distances": [
        [
            0.0,
            34.612664106268944,
            11.159076477288659,
            18.632762243271564,
            88.49131452435813,
            28.54931213084173,
            90.84885753341484,
            51.99205828070892,
            24.046744342222713,
            61.66035213484915,
            59.441460834359084,
            75.92037159634366,
            26.45534343078412,
            64.18251633675779,
            23.9505495426755,
            36.0530089275905,
            17.86861147512796,
            0.0
        ],
        [
            34.612664106268944,
            0.0,
            32.95658828450534,
            49.521435883369676,
            71.53804130841213,
            33.06304204528612,
            68.89844787566923,
            44.046178740458096,
            32.481917508771716,
            28.835314383616204,
            32.378844978704215,
            44.35156037241323,
            10.104208005477025,
            37.555164576878454,
            28.16277180381864,
            11.62930485219217,
            26.555266034256363,
            34.612664106268944
        ],
        [
            11.159076477288659,
            32.95658828450534,
            0.0,
            29.028507556853068,
            94.95492278820268,
            37.224831083122154,
            95.88971571405798,
            41.32676611205364,
            33.04681459514598,
            56.86321646490327,
            62.11030713076427,
            76.79419154030447,
            23.173097977364996,
            56.64863896696087,
            31.818294360425753,
            37.92225652162221,
            25.4959201560391,
            11.159076477288659
        ],
        [
            18.632762243271564,
            49.521435883369676,
            29.028507556853068,
            0.0,
            88.6245336921306,
            29.00238904800166,
            93.72639496823106,
            70.34045043635919,
            24.986514250165328,
            77.96624198719815,
            67.62034281121916,
            85.88665978249439,
            43.17863348375814,
            82.19127759673424,
            27.91188832475009,
            47.26174697044442,
            24.837337287973472,
            18.632762243271564
        ],
        [
            88.49131452435813,
            71.53804130841213,
            94.95492278820268,
            88.6245336921306,
            0.0,
            60.84635847464063,
            13.874707182986246,
            115.2008050523713,
            65.41838298954004,
            81.45527398808477,
            41.727876546655196,
            47.166634027589886,
            79.40992563093815,
            98.66944689861,
            64.60220061557311,
            60.75648278239804,
            70.62902561605513,
            88.49131452435813
        ],
        [
            28.54931213084173,
            33.06304204528612,
            37.224831083122154,
            29.00238904800166,
            60.84635847464063,
            0.0,
            64.92694904803291,
            70.4871091046774,
            4.600703586897614,
            60.71912093106861,
            39.93247263489212,
            58.88809372907163,
            32.9791472101164,
            70.56088871706653,
            5.993489529252007,
            24.911950016290543,
            11.892474658075733,
            28.54931213084173
        ],
        [
            90.84885753341484,
            68.89844787566923,
            95.88971571405798,
            93.72639496823106,
            13.874707182986246,
            64.92694904803291,
            0.0,
            111.18865893623689,
            69.29930103853681,
            73.95891281090402,
            36.862823996861515,
            36.9135576607116,
            77.8004634907842,
            91.57916117740716,
            67.6350386191717,
            59.27401590948217,
            73.1644795932864,
            90.84885753341484
        ],
        [
            51.99205828070892,
            44.046178740458096,
            41.32676611205364,
            70.34045043635919,
            115.2008050523713,
            70.4871091046774,
            111.18865893623689,
            0.0,
            67.68161099427851,
            44.010758629720186,
            74.38790060574836,
            80.23696407002396,
            38.48243200693111,
            30.984724162766483,
            64.51123254237433,
            55.518777743693,
            59.43809365591005,
            51.99205828070892
        ],
        [
            24.046744342222713,
            32.481917508771716,
            33.04681459514598,
            24.986514250165328,
            65.41838298954004,
            4.600703586897614,
            69.29930103853681,
            67.68161099427851,
            0.0,
            60.83067883175576,
            43.056541189153926,
            61.76623268945359,
            31.023384901206768,
            69.61552708870043,
            4.391365229603986,
            25.754364392823746,
            8.299520227001421,
            24.046744342222713
        ],
        [
            61.66035213484915,
            28.835314383616204,
            56.86321646490327,
            77.96624198719815,
            81.45527398808477,
            60.71912093106861,
            73.95891281090402,
            44.010758629720186,
            60.83067883175576,
            0.0,
            40.38667609113469,
            38.76167401019261,
            35.21373552909989,
            17.706827459977863,
            56.44528316625604,
            36.05072295960572,
            55.37011256643438,
            61.66035213484915
        ],
        [
            59.441460834359084,
            32.378844978704215,
            62.11030713076427,
            67.62034281121916,
            41.727876546655196,
            39.93247263489212,
            36.862823996861515,
            74.38790060574836,
            43.056541189153926,
            40.38667609113469,
            0.0,
            19.17160233199385,
            41.808015161092705,
            57.16362468899047,
            39.72043512171455,
            24.197691513504267,
            43.47000883511606,
            59.441460834359084
        ],
        [
            75.92037159634366,
            44.35156037241323,
            76.79419154030447,
            85.88665978249439,
            47.166634027589886,
            58.88809372907163,
            36.9135576607116,
            80.23696407002396,
            61.76623268945359,
            38.76167401019261,
            19.17160233199385,
            0.0,
            54.45370854534368,
            56.410113438051525,
            58.17634018829546,
            39.87216547728978,
            61.26669876670104,
            75.92037159634366
        ],
        [
            26.45534343078412,
            10.104208005477025,
            23.173097977364996,
            43.17863348375814,
            79.40992563093815,
            32.9791472101164,
            77.8004634907842,
            38.48243200693111,
            31.023384901206768,
            35.21373552909989,
            41.808015161092705,
            54.45370854534368,
            0.0,
            39.672776050744496,
            27.21614718700576,
            18.695039355573616,
            23.458797989307023,
            26.45534343078412
        ],
        [
            64.18251633675779,
            37.555164576878454,
            56.64863896696087,
            82.19127759673424,
            98.66944689861,
            70.56088871706653,
            91.57916117740716,
            30.984724162766483,
            69.61552708870043,
            17.706827459977863,
            57.16362468899047,
            56.410113438051525,
            39.672776050744496,
            0.0,
            65.4156367278596,
            47.71712583116459,
            62.75503868143716,
            64.18251633675779
        ],
        [
            23.9505495426755,
            28.16277180381864,
            31.818294360425753,
            27.91188832475009,
            64.60220061557311,
            5.993489529252007,
            67.6350386191717,
            64.51123254237433,
            4.391365229603986,
            56.44528316625604,
            39.72043512171455,
            58.17634018829546,
            27.21614718700576,
            65.4156367278596,
            0.0,
            21.43092319712123,
            6.330656190282255,
            23.9505495426755
        ],
        [
            36.0530089275905,
            11.62930485219217,
            37.92225652162221,
            47.26174697044442,
            60.75648278239804,
            24.911950016290543,
            59.27401590948217,
            55.518777743693,
            25.754364392823746,
            36.05072295960572,
            24.197691513504267,
            39.87216547728978,
            18.695039355573616,
            47.71712583116459,
            21.43092319712123,
            0.0,
            22.474467807333173,
            36.0530089275905
        ],
        [
            17.86861147512796,
            26.555266034256363,
            25.4959201560391,
            24.837337287973472,
            70.62902561605513,
            11.892474658075733,
            73.1644795932864,
            59.43809365591005,
            8.299520227001421,
            55.37011256643438,
            43.47000883511606,
            61.26669876670104,
            23.458797989307023,
            62.75503868143716,
            6.330656190282255,
            22.474467807333173,
            0.0,
            17.86861147512796
        ],
        [
            0.0,
            34.612664106268944,
            11.159076477288659,
            18.632762243271564,
            88.49131452435813,
            28.54931213084173,
            90.84885753341484,
            51.99205828070892,
            24.046744342222713,
            61.66035213484915,
            59.441460834359084,
            75.92037159634366,
            26.45534343078412,
            64.18251633675779,
            23.9505495426755,
            36.0530089275905,
            17.86861147512796,
            0.0
        ]
    ],
    "scores_ave": [
        0,
        12.992383654801683,
        17.386088862160335,
        16.796242475123346,
        16.7588544635812,
        12.402448574317177,
        10.367413651924632,
        12.898220465168,
        16.10720035386955,
        11.57511623250914,
        10.500567334688707,
        19.704015884277602,
        11.179232114228677,
        12.933649196858784,
        11.597962789428774,
        18.05212787409887,
        10.39853539948248,
        0
    ],
    "scores_var": [
        0,
        22.07754266535894,
        18.77336092787586,
        334.48919328302276,
        21.223952138441607,
        20.79319965460507,
        291.55702519462955,
        317.3150278112653,
        17.04376512664964,
        349.1708868833614,
        285.1041923319852,
        23.000893480031202,
        18.041087565220472,
        240.14442405598794,
        20.158808129431268,
        386.73387192780126,
        309.1715908457452,
        0
    ],
    "vertex_number": 18,
    "minimum_distances": {
        "cost": 407.7012364663579,
        "path": [
            0,
            2,
            16,
            14,
            1,
            12,
            7,
            13,
            9,
            15,
            10,
            11,
            6,
            4,
            5,
            8,
            3,
            17
        ]
    }
}