{
    "vertices": [
        [
            10.344875137985387,
            17.558078005138388
        ],
        [
            99.7099267415023,
            13.828566513577634
        ],
        [
            78.88160730960175,
            90.61710870278243
        ],
        [
            30.303892320910485,
            69.42974098713101
        ],
        [
            14.687775874994557,
            6.952525392986775
        ],
        [
            45.47064647594896,
            51.282739307653394
        ],
        [
            57.97467433099354,
            73.02132548423405
        ],
        [
            19.408554055886885,
            96.67820869823339
        ],
        [
            17.45022067313229,
            28.821879119577034
        ],
        [
            25.665954748690968,
            85.89269664456386
        ],
        [
            30.182722671743978,
            31.17298557480336
        ],
        [
            0.27065482721965184,
            0.5701455807917477
        ],
        [
            56.608373818031524,
            72.29895607475652
        ],
        [
            88.24722612311236,
            88.52543057098158
        ],
        [
            40.00509440089415,
            89.13150398700544
        ],
        [
            62.2859991874912,
            18.258020362386716
        ],
        [
            74.05570295852905,
            21.11382409204382
        ],
        [
            84.37887296503054,
            94.69633252408505
        ],
        [
            28.609139488162928,
            93.52128939699288
        ],
        [
            41.207084203499534,
            68.65241070253988
        ],
        [
            10.344875137985387,
            17.558078005138388
        ]
    ],
    "distances": [
        [
            0.0,
            89.4428404293207,
            100.17437608112749,
            55.57905889294748,
            11.460302483819119,
            48.69468751369348,
            73.10793111621811,
            79.63758758538111,
            13.317625566123313,
            70.03110441106361,
            24.060463480639193,
            19.750437031215608,
            71.67199621854711,
            105.38093479949114,
            77.47569885780719,
            51.94583993766606,
            63.80997501812318,
            106.9174594932218,
            78.12805409849102,
            59.691764777029796,
            0.0
        ],
        [
            89.4428404293207,
            0.0,
            79.56317679618236,
            88.93080578084796,
            85.29974255212767,
            65.91444897299627,
            72.42661118903123,
            115.37926011775076,
            83.61494283533207,
            103.32351445826815,
            71.65794427925789,
            100.31926297812187,
            72.63972962402028,
            75.57125780002028,
            96.09994483321573,
            37.685148466824444,
            26.66859906128309,
            82.30818178909827,
            106.80005631373723,
            80.1762837544991,
            89.4428404293207
        ],
        [
            100.17437608112749,
            79.56317679618236,
            0.0,
            52.9971597752252,
            105.45430524476703,
            51.60896162044286,
            27.326021182129026,
            59.78110902679926,
            87.13475577127913,
            53.424954345131745,
            76.84520244898647,
            119.53299719190716,
            28.838371068312064,
            9.596349991899928,
            38.90488757614456,
            74.23780623372335,
            69.67062454497616,
            6.845436192868916,
            50.35628348440964,
            43.609834321103406,
            100.17437608112749
        ],
        [
            55.57905889294748,
            88.93080578084796,
            52.9971597752252,
            0.0,
            64.39926677571404,
            23.650456688071383,
            27.902896915004487,
            29.345994420231808,
            42.593606565812685,
            17.103782444313467,
            38.25694730062162,
            75.12415878981392,
            26.46050154572738,
            61.00881323871305,
            21.960710077315365,
            60.34401504144608,
            65.18165968647166,
            59.686716944034,
            24.15108469507786,
            10.930866187082259,
            55.57905889294748
        ],
        [
            11.460302483819119,
            85.29974255212767,
            105.45430524476703,
            64.39926677571404,
            0.0,
            53.969926701406635,
            78.98634010661061,
            89.84978570495647,
            22.04313348146051,
            79.69988110788617,
            28.75280973492952,
            15.76667851430062,
            77.63692764882633,
            109.84139283523061,
            85.99041307086529,
            48.922439422103906,
            61.03354116418106,
            112.052776420186,
            87.68098577246582,
            67.15764708083749,
            11.460302483819119
        ],
        [
            48.69468751369348,
            65.91444897299627,
            51.60896162044286,
            23.650456688071383,
            53.969926701406635,
            0.0,
            25.078214481026247,
            52.34483071424477,
            35.91148148655897,
            39.875744021578875,
            25.261092799779135,
            67.93236642095523,
            23.78508645240626,
            56.71731498269021,
            38.24135519614993,
            37.05925185736251,
            41.560424677798146,
            58.29742845518548,
            45.47972659931893,
            17.885285785175256,
            48.69468751369348
        ],
        [
            73.10793111621811,
            72.42661118903123,
            27.326021182129026,
            27.902896915004487,
            78.98634010661061,
            25.078214481026247,
            0.0,
            45.243715104694886,
            59.96517658783585,
            34.77823394876214,
            50.236203381677974,
            92.6224990825279,
            1.5455078956346957,
            34.01183127306477,
            24.133869442246265,
            54.932750794829175,
            54.34140394303268,
            34.161200735385044,
            35.81317016168651,
            17.327420323098885,
            73.10793111621811
        ],
        [
            79.63758758538111,
            115.37926011775076,
            59.78110902679926,
            29.345994420231808,
            89.84978570495647,
            52.34483071424477,
            45.243715104694886,
            0.0,
            67.88458244347714,
            12.469255538730284,
            66.38536710611211,
            97.99499468377336,
            44.47667421036954,
            69.31977036294339,
            21.935592679068012,
            89.37673768740612,
            93.25388519573694,
            65.00053978487784,
            9.727122481554089,
            35.505228768334895,
            79.63758758538111
        ],
        [
            13.317625566123313,
            83.61494283533207,
            87.13475577127913,
            42.593606565812685,
            22.04313348146051,
            35.91148148655897,
            59.96517658783585,
            67.88458244347714,
            0.0,
            57.65914064023708,
            12.947753037050774,
            33.065056035043604,
            58.51168411766987,
            92.61063673571745,
            64.3892318677993,
            46.06345782537948,
            57.12788055818145,
            93.90893519230487,
            65.65466593750843,
            46.377363130970416,
            13.317625566123313
        ],
        [
            70.03110441106361,
            103.32351445826815,
            53.424954345131745,
            17.103782444313467,
            79.69988110788617,
            39.875744021578875,
            34.77823394876214,
            12.469255538730284,
            57.65914064023708,
            0.0,
            54.90581000248325,
            89.02167701257643,
            33.7967909799424,
            62.63662518659738,
            14.70036730720832,
            76.9121387720729,
            80.85709654066959,
            59.36927463071932,
            8.176659696543163,
            23.211078477612105,
            70.03110441106361
        ],
        [
            24.060463480639193,
            71.65794427925789,
            76.84520244898647,
            38.25694730062162,
            28.75280973492952,
            25.261092799779135,
            50.236203381677974,
            66.38536710611211,
            12.947753037050774,
            54.90581000248325,
            0.0,
            42.79328940890736,
            48.884153752195665,
            81.6136600581889,
            58.784937211186815,
            34.60370918679758,
            45.011388880825095,
            83.50112762263346,
            62.368158170172876,
            39.06717106585092,
            24.060463480639193
        ],
        [
            19.750437031215608,
            100.31926297812187,
            119.53299719190716,
            75.12415878981392,
            15.76667851430062,
            67.93236642095523,
            92.6224990825279,
            97.99499468377336,
            33.065056035043604,
            89.02167701257643,
            42.79328940890736,
            0.0,
            91.20833753537444,
            124.40260951719141,
            97.06667755202002,
            64.48847843151866,
            76.59161869626026,
            126.2296772823308,
            97.1750217371657,
            79.44171494993769,
            19.750437031215608
        ],
        [
            71.67199621854711,
            72.63972962402028,
            28.838371068312064,
            26.46050154572738,
            77.63692764882633,
            23.78508645240626,
            1.5455078956346957,
            44.47667421036954,
            58.51168411766987,
            33.7967909799424,
            48.884153752195665,
            91.20833753537444,
            0.0,
            35.55721375135236,
            23.643256049488894,
            54.338367315410004,
            54.07704716628463,
            35.67692664294963,
            35.13324002563663,
            15.827097489505949,
            71.67199621854711
        ],
        [
            105.38093479949114,
            75.57125780002028,
            9.596349991899928,
            61.00881323871305,
            109.84139283523061,
            56.71731498269021,
            34.01183127306477,
            69.31977036294339,
            92.61063673571745,
            62.63662518659738,
            81.6136600581889,
            124.40260951719141,
            35.55721375135236,
            0.0,
            48.24593866937882,
            74.90990749844617,
            68.88921554062048,
            7.28314403746471,
            59.84697137606187,
            51.06576025585827,
            105.38093479949114
        ],
        [
            77.47569885780719,
            96.09994483321573,
            38.90488757614456,
            21.960710077315365,
            85.99041307086529,
            38.24135519614993,
            24.133869442246265,
            21.935592679068012,
            64.3892318677993,
            14.70036730720832,
            58.784937211186815,
            97.06667755202002,
            23.643256049488894,
            48.24593866937882,
            0.0,
            74.29326617667648,
            76.0647666231794,
            44.72135441493365,
            12.21220718456502,
            20.514337455531187,
            77.47569885780719
        ],
        [
            51.94583993766606,
            37.685148466824444,
            74.23780623372335,
            60.34401504144608,
            48.922439422103906,
            37.05925185736251,
            54.932750794829175,
            89.37673768740612,
            46.06345782537948,
            76.9121387720729,
            34.60370918679758,
            64.48847843151866,
            54.338367315410004,
            74.90990749844617,
            74.29326617667648,
            0.0,
            12.111215537686798,
            79.56701978759494,
            82.45417239281313,
            54.62522525956365,
            51.94583993766606
        ],
        [
            63.80997501812318,
            26.66859906128309,
            69.67062454497616,
            65.18165968647166,
            61.03354116418106,
            41.560424677798146,
            54.34140394303268,
            93.25388519573694,
            57.12788055818145,
            80.85709654066959,
            45.011388880825095,
            76.59161869626026,
            54.07704716628463,
            68.88921554062048,
            76.0647666231794,
            12.111215537686798,
            0.0,
            74.30311828001939,
            85.48819312135109,
            57.783639302460976,
            63.80997501812318
        ],
        [
            106.9174594932218,
            82.30818178909827,
            6.845436192868916,
            59.686716944034,
            112.052776420186,
            58.29742845518548,
            34.161200735385044,
            65.00053978487784,
            93.90893519230487,
            59.36927463071932,
            83.50112762263346,
            126.2296772823308,
            35.67692664294963,
            7.28314403746471,
            44.72135441493365,
            79.56701978759494,
            74.30311828001939,
            0.0,
            55.78211091767122,
            50.41913534281415,
            106.9174594932218
        ],
        [
            78.12805409849102,
            106.80005631373723,
            50.35628348440964,
            24.15108469507786,
            87.68098577246582,
            45.47972659931893,
            35.81317016168651,
            9.727122481554089,
            65.65466593750843,
            8.176659696543163,
            62.368158170172876,
            97.1750217371657,
            35.13324002563663,
            59.84697137606187,
            12.21220718456502,
            82.45417239281313,
            85.48819312135109,
            55.78211091767122,
            0.0,
            27.877757057735042,
            78.12805409849102
        ],
        [
            59.691764777029796,
            80.1762837544991,
            43.609834321103406,
            10.930866187082259,
            67.15764708083749,
            17.885285785175256,
            17.327420323098885,
            35.505228768334895,
            46.377363130970416,
            23.211078477612105,
            39.06717106585092,
            79.44171494993769,
            15.827097489505949,
            51.06576025585827,
            20.514337455531187,
            54.62522525956365,
            57.783639302460976,
            50.41913534281415,
            27.877757057735042,
            0.0,
            59.691764777029796
        ],
        [
            0.0,
            89.4428404293207,
            100.17437608112749,
            55.57905889294748,
            11.460302483819119,
            48.69468751369348,
            73.10793111621811,
            79.63758758538111,
            13.317625566123313,
            70.03110441106361,
            24.060463480639193,
            19.750437031215608,
            71.67199621854711,
            105.38093479949114,
            77.47569885780719,
            51.94583993766606,
            63.80997501812318,
            106.9174594932218,
            78.12805409849102,
            59.691764777029796,
            0.0
        ]
    ],
    "scores_ave": [
        0,
        16.986176608847618,
        19.244750978150492,
        19.92784247101247,
        17.30848746046269,
        16.76387801230691,
        17.332032729015047,
        15.727987617958458,
        13.60639426052134,
        10.372860649183234,
        10.826572753508358,
        10.850712161003939,
        15.961122753657174,
        11.90384422217894,
        13.133799094175242,
        19.153515357787988,
        11.169529830516453,
        10.482124578876746,
        12.477080343662974,
        13.739602617729723,
        0
    ],
    "scores_var": [
        0,
        353.6550787521811,
        22.464721022580335,
        22.952907866043695,
        24.45720017323827,
        282.92755927655986,
        278.92946387380255,
        19.775551039157335,
        24.902409724472854,
        231.84761381475928,
        20.818351552011386,
        22.141287272438642,
        18.769874099709412,
        243.16034034847513,
        290.0146884998928,
        349.7853301912602,
        23.67700325376363,
        283.9070067552392,
        302.67495565506755,
        19.66019009215717,
        0
    ],
    "vertex_number": 21,
    "minimum_distances": {
        "cost": 409.42569889792236,
        "path": [
            0,
            8,
            5,
            19,
            3,
            9,
            7,
            18,
            14,
            12,
            6,
            2,
            17,
            13,
            1,
            16,
            15,
            10,
            4,
            11,
            20
        ]
    }
}