{
    "vertices": [
        [
            59.688328374287444,
            62.93874709508558
        ],
        [
            36.39527048474696,
            25.512477105229614
        ],
        [
            40.97611962652109,
            66.19354511104149
        ],
        [
            8.316914918559615,
            67.97873113808375
        ],
        [
            60.84670647255845,
            22.35932846288734
        ],
        [
            16.524435146257066,
            42.141660108809056
        ],
        [
            8.10950798996436,
            89.27146459102022
        ],
        [
            15.36680454568733,
            94.8102040183616
        ],
        [
            76.40506168578327,
            71.76342467229702
        ],
        [
            88.71379355021406,
            3.8894347320059808
        ],
        [
            55.44749586433757,
            39.04984006253998
        ],
        [
            40.04554446245982,
            37.43874433481291
        ],
        [
            10.6632592957702,
            8.654218188667995
        ],
        [
            31.22903520466691,
            68.34806242867596
        ],
        [
            85.65983835604702,
            44.57937199542743
        ],
        [
            41.292123216393364,
            25.25274205220128
        ],
        [
            59.688328374287444,
            62.93874709508558
        ]
    ],
    "distances": [
        [
            0.0,
            44.08278837822169,
            18.993168938980514,
            51.618054589387725,
            40.59594876765109,
            47.91284280561485,
            57.911887578967445,
            54.59109122284887,
            18.903018461330785,
            65.79740814980082,
            24.2624100119311,
            32.18833795927755,
            73.1455226021735,
            28.96881185158663,
            31.805439547074098,
            41.936324830671914,
            0.0
        ],
        [
            44.08278837822169,
            0.0,
            40.938166458125394,
            50.90949599911733,
            24.653905739796038,
            25.91099813623385,
            69.7516511999856,
            72.4180318365337,
            61.15499605757604,
            56.610810073925265,
            23.371938040151385,
            12.4723834989067,
            30.76259568904182,
            43.146000474799465,
            52.825601068987204,
            4.903736225900052,
            44.08278837822169
        ],
        [
            18.993168938980514,
            40.938166458125394,
            0.0,
            32.70795837877503,
            48.12773390430124,
            34.29836797987622,
            40.15973764845368,
            38.4024762994175,
            35.86409755961313,
            78.49004829765285,
            30.760387740997118,
            28.769854671453647,
            65.035710529765,
            9.982364429269213,
            49.63675250226509,
            40.94202258525525,
            18.993168938980514
        ],
        [
            51.618054589387725,
            50.90949599911733,
            32.70795837877503,
            0.0,
            69.57376589741484,
            27.10936420611609,
            21.293743577206648,
            27.742185939103088,
            68.19325212470002,
            102.8158353928959,
            55.30074501439564,
            44.03858225099911,
            59.37089496227814,
            22.915096805539793,
            80.80506057261545,
            53.971052478643315,
            51.618054589387725
        ],
        [
            40.59594876765109,
            24.653905739796038,
            48.12773390430124,
            69.57376589741484,
            0.0,
            48.53662926977433,
            85.19651439479382,
            85.54268436302799,
            51.79601470392763,
            33.43219281805624,
            17.542082335061142,
            25.69196613746895,
            52.02123045617058,
            54.70073219902059,
            33.3079847552411,
            19.76748766336073,
            40.59594876765109
        ],
        [
            47.91284280561485,
            25.91099813623385,
            34.29836797987622,
            27.10936420611609,
            48.53662926977433,
            0.0,
            47.875144590665876,
            52.681264470016664,
            66.80672399258118,
            81.6978348125132,
            39.04566566037635,
            23.98666296594968,
            33.99650200689993,
            30.049971471342733,
            69.17836667790297,
            29.977890610621422,
            47.91284280561485
        ],
        [
            57.911887578967445,
            69.7516511999856,
            40.15973764845368,
            21.293743577206648,
            85.19651439479382,
            47.875144590665876,
            0.0,
            9.129402375933182,
            70.50400071211625,
            117.41866066994581,
            69.01519156152473,
            60.8813708348523,
            80.65768446483867,
            31.18174620957852,
            89.50663037150713,
            72.10743920544898,
            57.911887578967445
        ],
        [
            54.59109122284887,
            72.4180318365337,
            38.4024762994175,
            27.742185939103088,
            85.54268436302799,
            52.681264470016664,
            9.129402375933182,
            0.0,
            65.24433211342317,
            116.8176659741705,
            68.67080897343948,
            62.454179924971825,
            86.28428148976141,
            30.852152258655185,
            86.39587425323387,
            74.23181705543452,
            54.59109122284887
        ],
        [
            18.903018461330785,
            61.15499605757604,
            35.86409755961313,
            68.19325212470002,
            51.79601470392763,
            66.80672399258118,
            70.50400071211625,
            65.24433211342317,
            0.0,
            68.9810364558636,
            38.850974031289894,
            50.00198169056525,
            91.13043687199601,
            45.304945291631,
            28.716260396424865,
            58.27659946961934,
            18.903018461330785
        ],
        [
            65.79740814980082,
            56.610810073925265,
            78.49004829765285,
            102.8158353928959,
            33.43219281805624,
            81.6978348125132,
            117.41866066994581,
            116.8176659741705,
            68.9810364558636,
            0.0,
            48.40351913583139,
            59.11137491289375,
            78.19583786105878,
            86.36788828368945,
            40.80438256890004,
            52.011592139701705,
            65.79740814980082
        ],
        [
            24.2624100119311,
            23.371938040151385,
            30.760387740997118,
            55.30074501439564,
            17.542082335061142,
            39.04566566037635,
            69.01519156152473,
            68.67080897343948,
            38.850974031289894,
            48.40351913583139,
            0.0,
            15.48598516174235,
            54.12505588106872,
            38.01209900202258,
            30.71418828869118,
            19.767005041458834,
            24.2624100119311
        ],
        [
            32.18833795927755,
            12.4723834989067,
            28.769854671453647,
            44.03858225099911,
            25.69196613746895,
            23.98666296594968,
            60.8813708348523,
            62.454179924971825,
            50.00198169056525,
            59.11137491289375,
            15.48598516174235,
            0.0,
            41.13231852296645,
            32.142134038056,
            46.169820995950154,
            12.249596328923428,
            32.18833795927755
        ],
        [
            73.1455226021735,
            30.76259568904182,
            65.035710529765,
            59.37089496227814,
            52.02123045617058,
            33.99650200689993,
            80.65768446483867,
            86.28428148976141,
            91.13043687199601,
            78.19583786105878,
            54.12505588106872,
            41.13231852296645,
            0.0,
            63.13720122784417,
            83.15710160162915,
            34.83731188706062,
            73.1455226021735
        ],
        [
            28.96881185158663,
            43.146000474799465,
            9.982364429269213,
            22.915096805539793,
            54.70073219902059,
            30.049971471342733,
            31.18174620957852,
            30.852152258655185,
            45.304945291631,
            86.36788828368945,
            38.01209900202258,
            32.142134038056,
            63.13720122784417,
            0.0,
            59.3941325100038,
            44.254631155199405,
            28.96881185158663
        ],
        [
            31.805439547074098,
            52.825601068987204,
            49.63675250226509,
            80.80506057261545,
            33.3079847552411,
            69.17836667790297,
            89.50663037150713,
            86.39587425323387,
            28.716260396424865,
            40.80438256890004,
            30.71418828869118,
            46.169820995950154,
            83.15710160162915,
            59.3941325100038,
            0.0,
            48.39434648464485,
            31.805439547074098
        ],
        [
            41.936324830671914,
            4.903736225900052,
            40.94202258525525,
            53.971052478643315,
            19.76748766336073,
            29.977890610621422,
            72.10743920544898,
            74.23181705543452,
            58.27659946961934,
            52.011592139701705,
            19.767005041458834,
            12.249596328923428,
            34.83731188706062,
            44.254631155199405,
            48.39434648464485,
            0.0,
            41.936324830671914
        ],
        [
            0.0,
            44.08278837822169,
            18.993168938980514,
            51.618054589387725,
            40.59594876765109,
            47.91284280561485,
            57.911887578967445,
            54.59109122284887,
            18.903018461330785,
            65.79740814980082,
            24.2624100119311,
            32.18833795927755,
            73.1455226021735,
            28.96881185158663,
            31.805439547074098,
            41.936324830671914,
            0.0
        ]
    ],
    "scores_ave": [
        0,
        12.352762574910573,
        14.128671392708167,
        19.783486750245636,
        11.222380024338287,
        10.811626120420977,
        14.11231952905871,
        12.685439107981285,
        15.675702598297779,
        19.854963506467797,
        17.2308710067648,
        11.844467187876718,
        19.654912665695466,
        18.71777594695093,
        17.06365170268705,
        11.953872081268504,
        0
    ],
    "scores_var": [
        0,
        323.98062082134305,
        292.8406571499238,
        305.015390684649,
        21.07426418199705,
        262.28190615352435,
        22.030673675439786,
        302.75269022487606,
        16.970603485993983,
        368.0199182896693,
        352.9583637488097,
        300.42258251026124,
        362.4802981334418,
        371.23485700658347,
        19.516802110484573,
        20.625034628657474,
        0
    ],
    "vertex_number": 17,
    "minimum_distances": {
        "cost": 354.15654777844145,
        "path": [
            0,
            2,
            13,
            7,
            6,
            3,
            5,
            12,
            1,
            15,
            11,
            10,
            4,
            9,
            14,
            8,
            16
        ]
    }
}