{
    "vertices": [
        [
            83.09943935938581,
            48.79904377989165
        ],
        [
            69.61160923021423,
            64.57291490642464
        ],
        [
            53.62057379502597,
            16.420769923638147
        ],
        [
            67.53870398982353,
            49.61429940781957
        ],
        [
            23.001210619976064,
            94.98966769483171
        ],
        [
            16.29827668679341,
            82.07917888941692
        ],
        [
            30.673501012026016,
            9.003758894907621
        ],
        [
            37.269140817553414,
            87.59408587222869
        ],
        [
            34.88693291406707,
            67.65296559890149
        ],
        [
            50.46991365659643,
            85.72217777798075
        ],
        [
            68.93406755055169,
            93.24187573444559
        ],
        [
            37.54488808073162,
            60.933769646368454
        ],
        [
            47.44637094865357,
            89.60994878773124
        ],
        [
            87.81154015131072,
            3.2790959460707536
        ],
        [
            85.73570266275684,
            83.87654278532219
        ],
        [
            91.33126570607793,
            7.897883343799217
        ],
        [
            92.11985970011547,
            23.836741088365354
        ],
        [
            39.99773980360746,
            79.49409163639378
        ],
        [
            66.88853637426534,
            55.27852572262751
        ],
        [
            84.59017857754088,
            48.28374321923422
        ],
        [
            44.322826795387435,
            94.18112382549245
        ],
        [
            83.09943935938581,
            48.79904377989165
        ]
    ],
    "distances": [
        [
            0.0,
            20.754194079989233,
            43.787625339496884,
            15.58207710738253,
            75.79822448623615,
            74.63218291942431,
            65.81902240749409,
            60.04557898280012,
            51.767906522257945,
            49.274778252467414,
            46.64571867409948,
            47.14306644729505,
            54.191062497973405,
            45.76318984366185,
            35.17642421680579,
            41.72131218000061,
            26.542127623587945,
            52.9144825875633,
            17.457865328820358,
            1.577288205864563,
            59.69220109196641,
            0.0
        ],
        [
            20.754194079989233,
            0.0,
            50.73797671106661,
            15.101559978053494,
            55.6570580321702,
            56.11399741176515,
            67.85357301899182,
            39.69898708607994,
            34.86100769526634,
            28.52535415105728,
            28.676965977702018,
            32.27255774651995,
            33.43876274104735,
            63.93879673779701,
            25.151867491466994,
            60.69433812188841,
            46.540919592880286,
            33.16056057160505,
            9.685081108524114,
            22.12904548206813,
            38.9380090969116,
            20.754194079989233
        ],
        [
            43.787625339496884,
            50.73797671106661,
            0.0,
            35.99339866887479,
            84.3244750842,
            75.52470145159558,
            24.11597399875459,
            73.02746239281953,
            54.54985952653963,
            69.37299034856309,
            78.3325308476357,
            47.32689315284235,
            73.44914351841255,
            36.6295751450828,
            74.71052666497586,
            38.66181423657041,
            39.207035637980695,
            64.52771123973419,
            41.06049216385488,
            44.433832691104186,
            78.31424352064518,
            43.787625339496884
        ],
        [
            15.58207710738253,
            15.101559978053494,
            35.99339866887479,
            0.0,
            63.580754657767265,
            60.65929269247833,
            54.847599686267706,
            48.56655880873346,
            37.30323889874562,
            39.93898451180275,
            43.649884943745114,
            32.05868679889882,
            44.758840650290736,
            50.576071079831436,
            38.79474296811307,
            48.02442464255277,
            35.61903604768778,
            40.636273105800434,
            5.701418917575112,
            17.103308609346712,
            50.25115712680476,
            15.58207710738253
        ],
        [
            75.79822448623615,
            55.6570580321702,
            84.3244750842,
            63.580754657767265,
            0.0,
            14.546822488342668,
            86.32751908869388,
            16.070733107663628,
            29.808818761129864,
            28.989929559641418,
            45.96609753439506,
            37.03137515634293,
            25.030126628008958,
            112.29963394617464,
            63.71120809653577,
            110.69767535732836,
            99.19741234189853,
            22.99988873174974,
            59.18675661496971,
            77.29582365948475,
            21.336941194093637,
            75.79822448623615
        ],
        [
            74.63218291942431,
            56.11399741176515,
            75.52470145159558,
            60.65929269247833,
            14.546822488342668,
            0.0,
            74.47592954622782,
            21.683895900411034,
            23.529848495882923,
            34.36527628432639,
            53.80643345091098,
            29.97577067868355,
            32.0455343442278,
            106.41240493111555,
            69.4606841539997,
            105.51215119593739,
            95.60906866848693,
            23.840034147017747,
            57.250758819533445,
            76.19655724501557,
            30.525931272033315,
            74.63218291942431
        ],
        [
            65.81902240749409,
            67.85357301899182,
            24.11597399875459,
            54.847599686267706,
            86.32751908869388,
            74.47592954622782,
            0.0,
            78.86660864298969,
            58.80036101420583,
            79.23139371179064,
            92.5198966737458,
            52.38264957879481,
            82.33278214022022,
            57.4241001893823,
            92.93965686469079,
            60.667844682446976,
            63.21133092078335,
            71.10434894609378,
            58.76123578727808,
            66.70776032983747,
            86.26405735216932,
            65.81902240749409
        ],
        [
            60.04557898280012,
            39.69898708607994,
            73.02746239281953,
            48.56655880873346,
            16.070733107663628,
            21.683895900411034,
            78.86660864298969,
            0.0,
            20.082907963010086,
            13.33283328708969,
            32.16465630678974,
            26.661742212691518,
            10.374956213665262,
            98.30336543914001,
            48.60892658450642,
            96.30263778793844,
            84.10469889264377,
            8.54723107487179,
            43.836104080169555,
            61.51896987253603,
            9.651090864333915,
            60.04557898280012
        ],
        [
            51.767906522257945,
            34.86100769526634,
            54.54985952653963,
            37.30323889874562,
            29.808818761129864,
            23.529848495882923,
            58.80036101420583,
            20.082907963010086,
            0.0,
            23.860547302914643,
            42.59107534307935,
            7.225809291458992,
            25.295228690390815,
            83.33672146956674,
            53.37416829964677,
            82.19873818769551,
            72.07960487443646,
            12.897000151118528,
            34.310776532676925,
            53.343972528080734,
            28.156336271514178,
            51.767906522257945
        ],
        [
            49.274778252467414,
            28.52535415105728,
            69.37299034856309,
            39.93898451180275,
            28.989929559641418,
            34.36527628432639,
            79.23139371179064,
            13.33283328708969,
            23.860547302914643,
            0.0,
            19.936670644220527,
            27.955705389707877,
            4.925096337231468,
            90.5055733710016,
            35.31405163321181,
            87.89920873073797,
            74.59574572113641,
            12.184230882343522,
            34.58882944553873,
            50.65401129708267,
            10.456598161637565,
            49.274778252467414
        ],
        [
            46.64571867409948,
            28.676965977702018,
            78.3325308476357,
            43.649884943745114,
            45.96609753439506,
            53.80643345091098,
            92.5198966737458,
            32.16465630678974,
            42.59107534307935,
            19.936670644220527,
            0.0,
            45.04546932586029,
            21.79247573364471,
            91.9220360906134,
            19.235498529843753,
            88.23395900894741,
            73.17549912944428,
            32.036114481709866,
            38.01841845622943,
            47.60617073179399,
            24.62915667425893,
            46.64571867409948
        ],
        [
            47.14306644729505,
            32.27255774651995,
            47.32689315284235,
            32.05868679889882,
            37.03137515634293,
            29.97577067868355,
            52.38264957879481,
            26.661742212691518,
            7.225809291458992,
            27.955705389707877,
            45.04546932586029,
            0.0,
            30.337478687776315,
            76.49050731870233,
            53.37345266501532,
            75.5366113481099,
            65.98952231293882,
            18.721699547525926,
            29.883632292805597,
            48.716347631327686,
            33.931210015732475,
            47.14306644729505
        ],
        [
            54.191062497973405,
            33.43876274104735,
            73.44914351841255,
            44.758840650290736,
            25.030126628008958,
            32.0455343442278,
            82.33278214022022,
            10.374956213665262,
            25.295228690390815,
            4.925096337231468,
            21.79247573364471,
            30.337478687776315,
            0.0,
            95.30143250301948,
            38.71620936379353,
            92.75098720220524,
            79.50997074764219,
            12.562351365935292,
            39.454333172821336,
            55.56543630586789,
            5.536440129113134,
            54.191062497973405
        ],
        [
            45.76318984366185,
            63.93879673779701,
            36.6295751450828,
            50.576071079831436,
            112.29963394617464,
            106.41240493111555,
            57.4241001893823,
            98.30336543914001,
            83.33672146956674,
            90.5055733710016,
            91.9220360906134,
            76.49050731870233,
            95.30143250301948,
            0.0,
            80.62417465180556,
            5.8070358192710145,
            21.00424697843562,
            89.97157924459249,
            56.05098379280522,
            45.119789965943106,
            100.76927538662179,
            45.76318984366185
        ],
        [
            35.17642421680579,
            25.151867491466994,
            74.71052666497586,
            38.79474296811307,
            63.71120809653577,
            69.4606841539997,
            92.93965686469079,
            48.60892658450642,
            53.37416829964677,
            35.31405163321181,
            19.235498529843753,
            53.37345266501532,
            38.71620936379353,
            80.62417465180556,
            0.0,
            76.18442764963656,
            60.378268018282505,
            45.947438716186035,
            34.24999645290822,
            35.61122865588215,
            42.67564502171682,
            35.17642421680579
        ],
        [
            41.72131218000061,
            60.69433812188841,
            38.66181423657041,
            48.02442464255277,
            110.69767535732836,
            105.51215119593739,
            60.667844682446976,
            96.30263778793844,
            82.19873818769551,
            87.89920873073797,
            88.23395900894741,
            75.5366113481099,
            92.75098720220524,
            5.8070358192710145,
            76.18442764963656,
            0.0,
            15.958354134714144,
            88.09737750612211,
            53.31390334067345,
            40.944595901691336,
            98.25777789489149,
            41.72131218000061
        ],
        [
            26.542127623587945,
            46.540919592880286,
            39.207035637980695,
            35.61903604768778,
            99.19741234189853,
            95.60906866848693,
            63.21133092078335,
            84.10469889264377,
            72.07960487443646,
            74.59574572113641,
            73.17549912944428,
            65.98952231293882,
            79.50997074764219,
            21.00424697843562,
            60.378268018282505,
            15.958354134714144,
            0.0,
            76.25258062867168,
            40.31383754693806,
            25.580305138804793,
            85.04639050049731,
            26.542127623587945
        ],
        [
            52.9144825875633,
            33.16056057160505,
            64.52771123973419,
            40.636273105800434,
            22.99988873174974,
            23.840034147017747,
            71.10434894609378,
            8.54723107487179,
            12.897000151118528,
            12.184230882343522,
            32.036114481709866,
            18.721699547525926,
            12.562351365935292,
            89.97157924459249,
            45.947438716186035,
            88.09737750612211,
            76.25258062867168,
            0.0,
            36.187132695593114,
            54.42950894622783,
            15.31062676738235,
            52.9144825875633
        ],
        [
            17.457865328820358,
            9.685081108524114,
            41.06049216385488,
            5.701418917575112,
            59.18675661496971,
            57.250758819533445,
            58.76123578727808,
            43.836104080169555,
            34.310776532676925,
            34.58882944553873,
            38.01841845622943,
            29.883632292805597,
            39.454333172821336,
            56.05098379280522,
            34.24999645290822,
            53.31390334067345,
            40.31383754693806,
            36.187132695593114,
            0.0,
            19.033526183094995,
            44.97358544691865,
            17.457865328820358
        ],
        [
            1.577288205864563,
            22.12904548206813,
            44.433832691104186,
            17.103308609346712,
            77.29582365948475,
            76.19655724501557,
            66.70776032983747,
            61.51896987253603,
            53.343972528080734,
            50.65401129708267,
            47.60617073179399,
            48.716347631327686,
            55.56543630586789,
            45.119789965943106,
            35.61122865588215,
            40.944595901691336,
            25.580305138804793,
            54.42950894622783,
            19.033526183094995,
            0.0,
            61.057588930970944,
            1.577288205864563
        ],
        [
            59.69220109196641,
            38.9380090969116,
            78.31424352064518,
            50.25115712680476,
            21.336941194093637,
            30.525931272033315,
            86.26405735216932,
            9.651090864333915,
            28.156336271514178,
            10.456598161637565,
            24.62915667425893,
            33.931210015732475,
            5.536440129113134,
            100.76927538662179,
            42.67564502171682,
            98.25777789489149,
            85.04639050049731,
            15.31062676738235,
            44.97358544691865,
            61.057588930970944,
            0.0,
            59.69220109196641
        ],
        [
            0.0,
            20.754194079989233,
            43.787625339496884,
            15.58207710738253,
            75.79822448623615,
            74.63218291942431,
            65.81902240749409,
            60.04557898280012,
            51.767906522257945,
            49.274778252467414,
            46.64571867409948,
            47.14306644729505,
            54.191062497973405,
            45.76318984366185,
            35.17642421680579,
            41.72131218000061,
            26.542127623587945,
            52.9144825875633,
            17.457865328820358,
            1.577288205864563,
            59.69220109196641,
            0.0
        ]
    ],
    "scores_ave": [
        0,
        18.06838080734486,
        13.152183450715597,
        12.673668412780728,
        19.477622774970424,
        19.5568743132528,
        11.940526743624398,
        14.744821273763401,
        16.817886836227295,
        17.29515096794885,
        18.040812593662835,
        13.878058329440261,
        16.355761334445916,
        19.99764085062489,
        15.158632709278479,
        16.62271897034377,
        14.232523664983834,
        16.800869507070654,
        13.11713552504027,
        14.15692714513246,
        15.41894056524836,
        0
    ],
    "scores_var": [
        0,
        378.2289805761029,
        23.98320155895356,
        380.3327048928369,
        16.804402673656607,
        20.495255414183728,
        22.654116839660908,
        18.735398488117454,
        16.931560539244543,
        342.3316558797542,
        21.012643564486,
        242.42917924615833,
        281.1758501890219,
        23.49851624601586,
        23.854499335750837,
        24.788152908531167,
        16.53222393673475,
        310.3659409858841,
        17.722555815714948,
        21.714994880800358,
        226.9830329895479,
        0
    ],
    "vertex_number": 22,
    "minimum_distances": {
        "cost": 407.1507003815101,
        "path": [
            0,
            19,
            16,
            15,
            13,
            2,
            6,
            5,
            4,
            20,
            12,
            10,
            14,
            9,
            7,
            17,
            8,
            11,
            1,
            18,
            3,
            21
        ]
    }
}