{
    "vertices": [
        [
            19.779855455531848,
            22.154909927699517
        ],
        [
            39.138392551038514,
            5.04448122525597
        ],
        [
            29.602681843535304,
            20.704261925620003
        ],
        [
            11.356444112974096,
            77.06573686115048
        ],
        [
            48.92815950609604,
            73.65976131072165
        ],
        [
            42.94583247002698,
            96.97982761881086
        ],
        [
            27.068583292105476,
            45.03715539817795
        ],
        [
            60.64155285288145,
            37.72798192633581
        ],
        [
            73.8590108021657,
            16.365346018401517
        ],
        [
            85.00898896698517,
            87.44124234949659
        ],
        [
            70.67629873991447,
            65.85437328318673
        ],
        [
            16.41666974767987,
            82.15579259611624
        ],
        [
            19.611499242679955,
            50.8464696687564
        ],
        [
            82.0980892054646,
            95.78147766343439
        ],
        [
            96.7487528802539,
            5.679451359836129
        ],
        [
            93.84844012256029,
            54.5038766472015
        ],
        [
            16.527197608345922,
            69.45908212654044
        ],
        [
            55.208508387507685,
            83.14013917177836
        ],
        [
            31.33147229204052,
            56.11591972690434
        ],
        [
            13.055640432079517,
            56.67890388600855
        ],
        [
            19.927391377417237,
            21.56988363069531
        ],
        [
            86.24226274248271,
            42.24444934989163
        ],
        [
            66.85011826558677,
            27.79908063000279
        ],
        [
            19.779855455531848,
            22.154909927699517
        ]
    ],
    "distances": [
        [
            0.0,
            25.836403171871886,
            9.929365431627255,
            55.553152684265676,
            59.180852858093665,
            78.32899079215629,
            24.015051764401303,
            43.72869636368408,
            54.38817972009362,
            92.28837987387358,
            67.08271786800195,
            60.09506584649533,
            28.69205367674196,
            96.4594927119981,
            78.71246347179567,
            80.8245685568207,
            47.41586749695142,
            70.5293388209988,
            35.871855794190466,
            35.17273413476667,
            0.6033428680551617,
            69.43227762771686,
            47.40744987788711,
            0.0
        ],
        [
            25.836403171871886,
            0.0,
            18.334625992386243,
            77.19389821991203,
            69.31014498788211,
            92.01415388536502,
            41.77432564444968,
            39.12284653555056,
            36.519629124693864,
            94.30449543537058,
            68.5016970510624,
            80.38924697051488,
            49.790779343715485,
            100.39291837207598,
            57.61385948132483,
            73.75243115167487,
            68.26790568054805,
            79.73192844211009,
            51.66468653304697,
            57.84828054150183,
            25.34070817389637,
            60.0217645149352,
            35.85681993915327,
            25.836403171871886
        ],
        [
            9.929365431627255,
            18.334625992386243,
            0.0,
            59.24137952671752,
            56.37161521556425,
            77.43385300020604,
            24.46449182417677,
            35.40082705527655,
            44.46851520058232,
            86.73916892128341,
            61.037484880614144,
            62.850310554037726,
            31.754943196202166,
            91.6098036076774,
            68.80653884774144,
            72.59429324798373,
            50.477725590687676,
            67.48256901228164,
            35.453832298499194,
            39.597720182487535,
            9.7139356874571,
            60.59720949582709,
            37.91711978068516,
            9.929365431627255
        ],
        [
            55.553152684265676,
            77.19389821991203,
            59.24137952671752,
            0.0,
            37.72577987307718,
            37.34247537961353,
            35.674940057618365,
            63.05934432592865,
            87.12696649831972,
            74.37975852078853,
            60.37002423586255,
            7.177363782001805,
            27.488104832829706,
            73.17553760766066,
            111.30071048417263,
            85.5217337403736,
            9.197711017501334,
            44.2707793535328,
            28.946443455334045,
            20.45752250120224,
            56.15381432089976,
            82.5857608535116,
            74.20748808007475,
            55.553152684265676
        ],
        [
            59.180852858093665,
            69.31014498788211,
            56.37161521556425,
            37.72577987307718,
            0.0,
            24.07516831467976,
            36.015200144939406,
            37.79280822358524,
            62.483576802513355,
            38.62325043555862,
            23.10639829990685,
            33.60326641732918,
            37.147178150458764,
            39.86997078818758,
            83.11517124854534,
            48.834204487264664,
            32.6721293690489,
            11.371910413851436,
            24.84813430475983,
            39.68862738359836,
            59.61878821959986,
            48.77770111364405,
            49.23818272718589,
            59.180852858093665
        ],
        [
            78.32899079215629,
            92.01415388536502,
            77.43385300020604,
            37.34247537961353,
            24.07516831467976,
            0.0,
            54.315082977732054,
            61.83785036555722,
            86.33839955835032,
            43.13112267756979,
            41.68660057073964,
            30.389940590643608,
            51.698915103827126,
            39.170591648495325,
            105.97411452661244,
            66.29692207614396,
            38.14886237366918,
            18.490813853589195,
            42.48237670543184,
            50.17557208226456,
            78.84483675311066,
            69.7892721596901,
            73.19419808513021,
            78.32899079215629
        ],
        [
            24.015051764401303,
            41.77432564444968,
            24.46449182417677,
            35.674940057618365,
            36.015200144939406,
            54.315082977732054,
            0.0,
            34.359399033892764,
            54.87637706412876,
            71.79970194885647,
            48.321728104953046,
            38.61679025488895,
            9.452842684322157,
            74.8547444269809,
            80.02721350267566,
            67.44752100339016,
            26.599836790087206,
            47.367634064053725,
            11.870604099085583,
            18.217927309446,
            24.52976694082715,
            59.23954377582707,
            43.355757940088104,
            24.015051764401303
        ],
        [
            43.72869636368408,
            39.12284653555056,
            35.40082705527655,
            63.05934432592865,
            37.79280822358524,
            61.83785036555722,
            34.359399033892764,
            0.0,
            25.120975450329567,
            55.3640696180829,
            29.862853443300832,
            62.687085165754844,
            43.07621176361785,
            61.891771016404476,
            48.27875521685029,
            37.20387084466787,
            54.34095194746321,
            45.73600329988978,
            34.6005358201367,
            51.220664814524206,
            43.803277105506105,
            25.996054024400866,
            11.710224824321871,
            43.72869636368408
        ],
        [
            54.38817972009362,
            36.519629124693864,
            44.46851520058232,
            87.12696649831972,
            62.483576802513355,
            86.33839955835032,
            54.87637706412876,
            25.120975450329567,
            0.0,
            71.94515308444707,
            49.591264106552615,
            87.33845319625831,
            64.2786154065845,
            79.84237207396143,
            25.261208147184053,
            43.05954949925702,
            78.1401408880976,
            69.33047123015555,
            58.212538528098015,
            72.95363456543323,
            54.18216298315975,
            28.689247425809338,
            13.410997791284611,
            54.38817972009362
        ],
        [
            92.28837987387358,
            94.30449543537058,
            86.73916892128341,
            74.37975852078853,
            38.62325043555862,
            43.13112267756979,
            71.79970194885647,
            55.3640696180829,
            71.94515308444707,
            0.0,
            25.911752646842967,
            68.79565564029888,
            74.94003636105106,
            8.833621143872744,
            82.60031793265816,
            34.10287313612334,
            70.80334620603932,
            30.109269856859576,
            62.14942987508777,
            78.2534717001604,
            92.5994073645801,
            45.21361588785473,
            62.34526477387322,
            92.28837987387358
        ],
        [
            67.08271786800195,
            68.5016970510624,
            61.037484880614144,
            60.37002423586255,
            23.10639829990685,
            41.68660057073964,
            48.321728104953046,
            29.862853443300832,
            49.591264106552615,
            25.911752646842967,
            0.0,
            56.65548172940459,
            53.22453305189998,
            32.0326220285691,
            65.58043986877065,
            25.80275004996248,
            54.26895133685735,
            23.195910000282513,
            40.5321211618784,
            58.346632314871634,
            67.35404681434477,
            28.279457976864247,
            38.247156181101914,
            67.08271786800195
        ],
        [
            60.09506584649533,
            80.38924697051488,
            62.850310554037726,
            7.177363782001805,
            33.60326641732918,
            30.389940590643608,
            38.61679025488895,
            62.687085165754844,
            87.33845319625831,
            68.79565564029888,
            56.65548172940459,
            0.0,
            31.471902352285973,
            67.07986400957591,
            110.91381496146792,
            82.22108925959357,
            12.697191546015963,
            38.80432557382561,
            30.008770617637524,
            25.69763367330809,
            60.68754016705388,
            80.4271642966095,
            74.14974622461891,
            60.09506584649533
        ],
        [
            28.69205367674196,
            49.790779343715485,
            31.754943196202166,
            27.488104832829706,
            37.147178150458764,
            51.698915103827126,
            9.452842684322157,
            43.07621176361785,
            64.2786154065845,
            74.94003636105106,
            53.22453305189998,
            31.471902352285973,
            0.0,
            76.96576426346297,
            89.38800502117583,
            74.32698041094382,
            18.8664320706172,
            48.06275221028608,
            12.850092302900135,
            8.774769150416498,
            29.278290214505056,
            67.1837286709573,
            52.561100337559466,
            28.69205367674196
        ],
        [
            96.4594927119981,
            100.39291837207598,
            91.6098036076774,
            73.17553760766066,
            39.86997078818758,
            39.170591648495325,
            74.8547444269809,
            61.891771016404476,
            79.84237207396143,
            8.833621143872744,
            32.0326220285691,
            67.07986400957591,
            76.96576426346297,
            0.0,
            91.28536076571152,
            42.91749168264848,
            70.6569906777934,
            29.71284226434861,
            64.42519599699001,
            79.3465248681033,
            96.81196391617333,
            53.69718405046954,
            69.67142114378383,
            96.4594927119981
        ],
        [
            78.71246347179567,
            57.61385948132483,
            68.80653884774144,
            111.30071048417263,
            83.11517124854534,
            105.97411452661244,
            80.02721350267566,
            48.27875521685029,
            25.261208147184053,
            82.60031793265816,
            65.58043986877065,
            110.91381496146792,
            89.38800502117583,
            91.28536076571152,
            0.0,
            48.9104929308013,
            102.48580014314629,
            87.89624604507469,
            82.6030141150994,
            98.00755700063172,
            78.44760940209892,
            38.04451883028417,
            37.19148223546603,
            78.71246347179567
        ],
        [
            80.8245685568207,
            73.75243115167487,
            72.59429324798373,
            85.5217337403736,
            48.834204487264664,
            66.29692207614396,
            67.44752100339016,
            37.20387084466787,
            43.05954949925702,
            34.10287313612334,
            25.80275004996248,
            82.22108925959357,
            74.32698041094382,
            42.91749168264848,
            48.9104929308013,
            0.0,
            78.75425521755126,
            48.094488830488785,
            62.53774819749319,
            80.8220713995608,
            80.92570261414537,
            14.427317560628872,
            37.97440603107475,
            80.8245685568207
        ],
        [
            47.41586749695142,
            68.26790568054805,
            50.477725590687676,
            9.197711017501334,
            32.6721293690489,
            38.14886237366918,
            26.599836790087206,
            54.34095194746321,
            78.1401408880976,
            70.80334620603932,
            54.26895133685735,
            12.697191546015963,
            18.8664320706172,
            70.6569906777934,
            102.48580014314629,
            78.75425521755126,
            0.0,
            41.029442178381494,
            19.930040936569682,
            13.243287548333742,
            48.00975578194173,
            74.83867010994237,
            65.32956503885876,
            47.41586749695142
        ],
        [
            70.5293388209988,
            79.73192844211009,
            67.48256901228164,
            44.2707793535328,
            11.371910413851436,
            18.490813853589195,
            47.367634064053725,
            45.73600329988978,
            69.33047123015555,
            30.109269856859576,
            23.195910000282513,
            38.80432557382561,
            48.06275221028608,
            29.71284226434861,
            87.89624604507469,
            48.094488830488785,
            41.029442178381494,
            0.0,
            36.06135451295401,
            49.77008388295756,
            70.96233920097309,
            51.33762124770586,
            56.55227529531963,
            70.5293388209988
        ],
        [
            35.871855794190466,
            51.66468653304697,
            35.453832298499194,
            28.946443455334045,
            24.84813430475983,
            42.48237670543184,
            11.870604099085583,
            34.6005358201367,
            58.212538528098015,
            62.14942987508777,
            40.5321211618784,
            30.008770617637524,
            12.850092302900135,
            64.42519599699001,
            82.6030141150994,
            62.53774819749319,
            19.930040936569682,
            36.06135451295401,
            0.0,
            18.284501123546356,
            36.37968762191138,
            56.635789023485096,
            45.42485650207302,
            35.871855794190466
        ],
        [
            35.17273413476667,
            57.84828054150183,
            39.597720182487535,
            20.45752250120224,
            39.68862738359836,
            50.17557208226456,
            18.217927309446,
            51.220664814524206,
            72.95363456543323,
            78.2534717001604,
            58.346632314871634,
            25.69763367330809,
            8.774769150416498,
            79.3465248681033,
            98.00755700063172,
            80.8220713995608,
            13.243287548333742,
            49.77008388295756,
            18.284501123546356,
            0.0,
            35.77519062622511,
            74.59648224253495,
            61.056449591159776,
            35.17273413476667
        ],
        [
            0.6033428680551617,
            25.34070817389637,
            9.7139356874571,
            56.15381432089976,
            59.61878821959986,
            78.84483675311066,
            24.52976694082715,
            43.803277105506105,
            54.18216298315975,
            92.5994073645801,
            67.35404681434477,
            60.68754016705388,
            29.278290214505056,
            96.81196391617333,
            78.44760940209892,
            80.92570261414537,
            48.00975578194173,
            70.96233920097309,
            36.37968762191138,
            35.77519062622511,
            0.0,
            69.4629385488589,
            47.33439757594819,
            0.6033428680551617
        ],
        [
            69.43227762771686,
            60.0217645149352,
            60.59720949582709,
            82.5857608535116,
            48.77770111364405,
            69.7892721596901,
            59.23954377582707,
            25.996054024400866,
            28.689247425809338,
            45.21361588785473,
            28.279457976864247,
            80.4271642966095,
            67.1837286709573,
            53.69718405046954,
            38.04451883028417,
            14.427317560628872,
            74.83867010994237,
            51.33762124770586,
            56.635789023485096,
            74.59648224253495,
            69.4629385488589,
            0.0,
            24.181065833960847,
            69.43227762771686
        ],
        [
            47.40744987788711,
            35.85681993915327,
            37.91711978068516,
            74.20748808007475,
            49.23818272718589,
            73.19419808513021,
            43.355757940088104,
            11.710224824321871,
            13.410997791284611,
            62.34526477387322,
            38.247156181101914,
            74.14974622461891,
            52.561100337559466,
            69.67142114378383,
            37.19148223546603,
            37.97440603107475,
            65.32956503885876,
            56.55227529531963,
            45.42485650207302,
            61.056449591159776,
            47.33439757594819,
            24.181065833960847,
            0.0,
            47.40744987788711
        ],
        [
            0.0,
            25.836403171871886,
            9.929365431627255,
            55.553152684265676,
            59.180852858093665,
            78.32899079215629,
            24.015051764401303,
            43.72869636368408,
            54.38817972009362,
            92.28837987387358,
            67.08271786800195,
            60.09506584649533,
            28.69205367674196,
            96.4594927119981,
            78.71246347179567,
            80.8245685568207,
            47.41586749695142,
            70.5293388209988,
            35.871855794190466,
            35.17273413476667,
            0.6033428680551617,
            69.43227762771686,
            47.40744987788711,
            0.0
        ]
    ],
    "scores_ave": [
        0,
        16.85678016570921,
        10.68349144236662,
        15.582806651706832,
        15.360082849519916,
        12.115758995835677,
        14.571281125578533,
        10.77783992260515,
        19.929256506634154,
        10.347555112870827,
        15.663513116879622,
        17.262688669535464,
        19.133667607934328,
        14.68893882203556,
        13.919483884100968,
        10.492913537141114,
        13.27607520449948,
        12.64661577360156,
        17.021707278886765,
        10.348769660467175,
        17.397103362672276,
        18.2997898683448,
        14.126456883602486,
        0
    ],
    "scores_var": [
        0,
        18.130373226628855,
        297.1429481545064,
        16.4898035411531,
        24.34586556600878,
        345.5812760269544,
        17.19319463660054,
        287.6491139734931,
        290.80020301157333,
        17.911917989754677,
        19.61829462528276,
        300.00248898735344,
        393.2210764941374,
        21.354865771877424,
        24.95664382794562,
        21.838379942955875,
        24.20000643486783,
        356.15892714478434,
        381.6190197945473,
        20.927578984935558,
        367.3782183794158,
        232.17853985869044,
        21.194229384281833,
        0
    ],
    "vertex_number": 24,
    "minimum_distances": {
        "cost": 466.24706299549615,
        "path": [
            0,
            12,
            19,
            16,
            3,
            11,
            5,
            17,
            4,
            18,
            6,
            7,
            22,
            10,
            13,
            9,
            15,
            21,
            14,
            8,
            1,
            2,
            20,
            23
        ]
    }
}