{
    "vertices": [
        [
            96.91336201913586,
            27.163619936709072
        ],
        [
            98.94084158030158,
            31.86618962962666
        ],
        [
            83.32436065919482,
            3.8104108037649964
        ],
        [
            41.81678249166261,
            58.67576791969113
        ],
        [
            36.34277320217672,
            77.64259920849568
        ],
        [
            21.5772508320377,
            83.70320500818642
        ],
        [
            77.40528595228292,
            59.7140240430737
        ],
        [
            63.210281486319765,
            25.042517633988382
        ],
        [
            54.492748593058415,
            3.7202323529155312
        ],
        [
            48.39156394492361,
            8.152629550566903
        ],
        [
            52.40540878484181,
            93.67498094166443
        ],
        [
            87.80569111879608,
            70.6275891352756
        ],
        [
            31.606363569988748,
            71.07287830728983
        ],
        [
            0.4238186833756208,
            69.07804611906238
        ],
        [
            83.77850610325586,
            45.82005132855491
        ],
        [
            44.489887561347416,
            71.59529241914261
        ],
        [
            0.7594472417903342,
            49.50310327222473
        ],
        [
            72.9234363115827,
            20.51077297355164
        ],
        [
            29.629255506054953,
            32.7992086632167
        ],
        [
            85.81013320723476,
            78.71306802796904
        ],
        [
            40.3148960170065,
            80.92120918755505
        ],
        [
            20.893897528533824,
            28.872525165221518
        ],
        [
            44.99898380307501,
            16.61157567772219
        ],
        [
            75.95647881058683,
            26.989265900248494
        ],
        [
            96.91336201913586,
            27.163619936709072
        ]
    ],
    "distances": [
        [
            0.0,
            5.12101895013988,
            27.019129052719332,
            63.471635760617865,
            78.84747033326178,
            94.19264477043652,
            37.94856834345347,
            33.76976032458765,
            48.46752381593955,
            52.11317150027062,
            80.02948858912946,
            44.40795297829924,
            78.69578779764086,
            105.2000527344901,
            22.81637289775872,
            68.7196783593509,
            98.71488156659464,
            24.89531900115186,
            67.51970711990653,
            52.73165357319015,
            78.05936686815275,
            76.03867002070683,
            52.97592192311364,
            20.957608478707545,
            0.0
        ],
        [
            5.12101895013988,
            0.0,
            32.109207431591315,
            63.10238992980704,
            77.54996994586631,
            93.12465482793426,
            35.20343786800163,
            36.376303057536006,
            52.6101499829174,
            55.83513590098711,
            77.36842501250615,
            40.329116869042494,
            77.91724049264388,
            105.31061705195631,
            20.605986349391188,
            67.40406517439571,
            99.75292936596253,
            28.387512472032956,
            69.31786558056113,
            48.65229201227426,
            76.44211167294618,
            78.1043372851035,
            56.05735694161987,
            23.496070245724525,
            5.12101895013988
        ],
        [
            27.019129052719332,
            32.109207431591315,
            0.0,
            68.79743059731159,
            87.51263682813521,
            100.97308620517171,
            56.21609572530109,
            29.246855239883566,
            28.831753094204664,
            35.20163561435286,
            95.03484914008126,
            66.96728785663221,
            84.84686651598786,
            105.51001885856725,
            42.012095223952265,
            78.12110135167188,
            94.36517934408187,
            19.674382427074843,
            61.02060896732267,
            74.94389317621014,
            88.29433320543944,
            67.27311723843,
            40.406736236596,
            24.321698265516456,
            27.019129052719332
        ],
        [
            63.471635760617865,
            63.10238992980704,
            68.79743059731159,
            0.0,
            19.740959116500722,
            32.18712862340393,
            35.60364523955835,
            39.86072407790808,
            56.39850180665152,
            50.94914387724113,
            36.565884632182375,
            47.516583916398346,
            16.060541725557798,
            42.680028638360476,
            43.886851077826925,
            13.193165048823635,
            42.06949672334201,
            49.23607164580865,
            28.603009159505355,
            48.34157944060709,
            22.296083068214873,
            36.414288320138375,
            42.18438898639726,
            46.578463639073696,
            63.471635760617865
        ],
        [
            78.84747033326178,
            77.54996994586631,
            87.51263682813521,
            19.740959116500722,
            0.0,
            15.96093961902998,
            44.80584516349201,
            59.06463902406683,
            76.11792120270093,
            70.52679803750037,
            22.69461446906604,
            51.93883216650217,
            8.099062224950744,
            36.92591046061591,
            57.121128397762284,
            10.14620085480083,
            45.365232479846476,
            67.83944636023865,
            45.34314717189971,
            49.478941069544724,
            5.150441054014586,
            51.15845855541506,
            61.64183494333156,
            64.30401112890367,
            78.84747033326178
        ],
        [
            94.19264477043652,
            93.12465482793426,
            100.97308620517171,
            32.18712862340393,
            15.96093961902998,
            0.0,
            60.76388984227607,
            71.93320154611351,
            86.49107415005071,
            80.16792899715787,
            32.40079687338771,
            67.50687397052715,
            16.127871988638592,
            25.71697813119135,
            72.82945482447211,
            25.915062592115,
            40.03783092366825,
            81.42305711376707,
            51.536895746242664,
            64.42642815884824,
            18.94304220086612,
            54.83493798463829,
            71.06239724061513,
            78.57207725828502,
            94.19264477043652
        ],
        [
            37.94856834345347,
            35.20343786800163,
            56.21609572530109,
            35.60364523955835,
            44.80584516349201,
            60.76388984227607,
            0.0,
            37.46480359569443,
            60.500322941937135,
            59.1639541167782,
            42.170374101436195,
            15.075620406781319,
            47.1864902442967,
            77.54889562278402,
            15.285954758684856,
            34.99411364012775,
            77.32300753736496,
            39.458609588045896,
            54.83572167967418,
            20.77510841654164,
            42.72518844081516,
            64.37961691880747,
            53.92577745451196,
            32.756813606335925,
            37.94856834345347
        ],
        [
            33.76976032458765,
            36.376303057536006,
            29.246855239883566,
            39.86072407790808,
            59.06463902406683,
            71.93320154611351,
            37.46480359569443,
            0.0,
            23.035521034970092,
            22.469150162882997,
            69.47776834192821,
            51.79703581062121,
            55.835488100099965,
            76.68942352283821,
            29.236240700910635,
            50.175830724597205,
            67.07031345985483,
            10.718306131424203,
            34.46522249471388,
            58.234708528506964,
            60.387306990186964,
            42.48935524283778,
            20.0681874013994,
            12.894005391705855,
            33.76976032458765
        ],
        [
            48.46752381593955,
            52.6101499829174,
            28.831753094204664,
            56.39850180665152,
            76.11792120270093,
            86.49107415005071,
            60.500322941937135,
            23.035521034970092,
            0.0,
            7.541259777277505,
            89.97896299213494,
            74.74186598771217,
            71.134840524735,
            84.82389405037077,
            51.28401652296446,
            68.60817012436388,
            70.59276835285833,
            24.932158031566246,
            38.25937991842687,
            81.26932989546442,
            78.49205264159428,
            41.97047327076602,
            16.00994386640896,
            31.656589157357892,
            48.46752381593955
        ],
        [
            52.11317150027062,
            55.83513590098711,
            35.20163561435286,
            50.94914387724113,
            70.52679803750037,
            80.16792899715787,
            59.1639541167782,
            22.469150162882997,
            7.541259777277505,
            0.0,
            85.61649103917597,
            73.86876197682737,
            65.1206622757678,
            77.54231728238112,
            51.68239873223764,
            63.5625247331941,
            63.0767803444851,
            27.468827253399677,
            30.975443175382456,
            79.8681714061467,
            73.21542697548469,
            34.43015731345464,
            9.113910774249488,
            33.38627563118424,
            52.11317150027062
        ],
        [
            80.02948858912946,
            77.36842501250615,
            95.03484914008126,
            36.565884632182375,
            22.69461446906604,
            32.40079687338771,
            42.170374101436195,
            69.47776834192821,
            89.97896299213494,
            85.61649103917597,
            0.0,
            42.241712304319215,
            30.71571788749704,
            57.50734659279787,
            57.22207199696936,
            23.455662887481395,
            67.95925338429123,
            75.98678030545416,
            64.99702153696136,
            36.60238314335585,
            17.573821239135984,
            72.0578490958082,
            77.4184962517688,
            70.7222559732258,
            80.02948858912946
        ],
        [
            44.40795297829924,
            40.329116869042494,
            66.96728785663221,
            47.516583916398346,
            51.93883216650217,
            67.50687397052715,
            15.075620406781319,
            51.79703581062121,
            74.74186598771217,
            73.86876197682737,
            42.241712304319215,
            0.0,
            56.20109162093605,
            87.39561038106656,
            25.13229299489539,
            43.32661177005524,
            89.57283335963754,
            52.27979313592262,
            69.39368868810953,
            8.328098240449988,
            48.59356164329644,
            78.87124627270174,
            68.92128772056134,
            45.2184374684677,
            44.40795297829924
        ],
        [
            78.69578779764086,
            77.91724049264388,
            84.84686651598786,
            16.060541725557798,
            8.099062224950744,
            16.127871988638592,
            47.1864902442967,
            55.835488100099965,
            71.134840524735,
            65.1206622757678,
            30.71571788749704,
            56.20109162093605,
            0.0,
            31.24628715647398,
            57.96238199840878,
            12.894111328051164,
            37.64023700805019,
            65.29645469483165,
            38.324701490293656,
            54.73957564555652,
            13.146412381632736,
            43.538795734432064,
            56.08382797934733,
            62.53237245386248,
            78.69578779764086
        ],
        [
            105.2000527344901,
            105.31061705195631,
            105.51001885856725,
            42.680028638360476,
            36.92591046061591,
            25.71697813119135,
            77.54889562278402,
            76.68942352283821,
            84.82389405037077,
            77.54231728238112,
            57.50734659279787,
            87.39561038106656,
            31.24628715647398,
            0.0,
            86.53865169125999,
            44.13790837016885,
            19.577819949784605,
            87.263821696204,
            46.57372206675331,
            85.92820465454001,
            41.6120002199441,
            45.11660495977872,
            68.84530387775544,
            86.46761339484524,
            105.2000527344901
        ],
        [
            22.81637289775872,
            20.605986349391188,
            42.012095223952265,
            43.886851077826925,
            57.121128397762284,
            72.82945482447211,
            15.285954758684856,
            29.236240700910635,
            51.28401652296446,
            51.68239873223764,
            57.22207199696936,
            25.13229299489539,
            57.96238199840878,
            86.53865169125999,
            0.0,
            46.98891997279266,
            83.10071603700685,
            27.538919932218334,
            55.6927615041125,
            32.95569838855731,
            55.86749220049138,
            65.12827833324687,
            48.54880430737211,
            20.39074767668357,
            22.81637289775872
        ],
        [
            68.7196783593509,
            67.40406517439571,
            78.12110135167188,
            13.193165048823635,
            10.14620085480083,
            25.915062592115,
            34.99411364012775,
            50.175830724597205,
            68.60817012436388,
            63.5625247331941,
            23.455662887481395,
            43.32661177005524,
            12.894111328051164,
            44.13790837016885,
            46.98891997279266,
            0.0,
            48.994042819974965,
            58.46447486738394,
            41.544849258116265,
            41.92881383790956,
            10.217792225655918,
            48.8057946094657,
            54.986073561258195,
            54.58794708221766,
            68.7196783593509
        ],
        [
            98.71488156659464,
            99.75292936596253,
            94.36517934408187,
            42.06949672334201,
            45.365232479846476,
            40.03783092366825,
            77.32300753736496,
            67.07031345985483,
            70.59276835285833,
            63.0767803444851,
            67.95925338429123,
            89.57283335963754,
            37.64023700805019,
            19.577819949784605,
            83.10071603700685,
            48.994042819974965,
            0.0,
            77.7701519518412,
            33.35394915634802,
            89.92686597577205,
            50.51466031871999,
            28.827362719792895,
            55.127027696558834,
            78.49500894942537,
            98.71488156659464
        ],
        [
            24.89531900115186,
            28.387512472032956,
            19.674382427074843,
            49.23607164580865,
            67.83944636023865,
            81.42305711376707,
            39.458609588045896,
            10.718306131424203,
            24.932158031566246,
            27.468827253399677,
            75.98678030545416,
            52.27979313592262,
            65.29645469483165,
            87.263821696204,
            27.538919932218334,
            58.46447486738394,
            77.7701519518412,
            0.0,
            45.00435249307296,
            59.61186212895777,
            68.64938239859974,
            52.69717075604423,
            28.19536819145488,
            7.153336102968067,
            24.89531900115186
        ],
        [
            67.51970711990653,
            69.31786558056113,
            61.02060896732267,
            28.603009159505355,
            45.34314717189971,
            51.536895746242664,
            54.83572167967418,
            34.46522249471388,
            38.25937991842687,
            30.975443175382456,
            64.99702153696136,
            69.39368868810953,
            38.324701490293656,
            46.57372206675331,
            55.6927615041125,
            41.544849258116265,
            33.35394915634802,
            45.00435249307296,
            0.0,
            72.55600251558225,
            49.29411575019587,
            9.577333777668487,
            22.321917695334534,
            46.69011730566682,
            67.51970711990653
        ],
        [
            52.73165357319015,
            48.65229201227426,
            74.94389317621014,
            48.34157944060709,
            49.478941069544724,
            64.42642815884824,
            20.77510841654164,
            58.234708528506964,
            81.26932989546442,
            79.8681714061467,
            36.60238314335585,
            8.328098240449988,
            54.73957564555652,
            85.92820465454001,
            32.95569838855731,
            41.92881383790956,
            89.92686597577205,
            59.61186212895777,
            72.55600251558225,
            0.0,
            45.54879245793226,
            81.8425156477122,
            74.31113824869337,
            52.6540236973032,
            52.73165357319015
        ],
        [
            78.05936686815275,
            76.44211167294618,
            88.29433320543944,
            22.296083068214873,
            5.150441054014586,
            18.94304220086612,
            42.72518844081516,
            60.387306990186964,
            78.49205264159428,
            73.21542697548469,
            17.573821239135984,
            48.59356164329644,
            13.146412381632736,
            41.6120002199441,
            55.86749220049138,
            10.217792225655918,
            50.51466031871999,
            68.64938239859974,
            49.29411575019587,
            45.54879245793226,
            0.0,
            55.55394397111672,
            64.47999411101566,
            64.64500700577649,
            78.05936686815275
        ],
        [
            76.03867002070683,
            78.1043372851035,
            67.27311723843,
            36.414288320138375,
            51.15845855541506,
            54.83493798463829,
            64.37961691880747,
            42.48935524283778,
            41.97047327076602,
            34.43015731345464,
            72.0578490958082,
            78.87124627270174,
            43.538795734432064,
            45.11660495977872,
            65.12827833324687,
            48.8057946094657,
            28.827362719792895,
            52.69717075604423,
            9.577333777668487,
            81.8425156477122,
            55.55394397111672,
            0.0,
            27.044150321984304,
            55.09477763728428,
            76.03867002070683
        ],
        [
            52.97592192311364,
            56.05735694161987,
            40.406736236596,
            42.18438898639726,
            61.64183494333156,
            71.06239724061513,
            53.92577745451196,
            20.0681874013994,
            16.00994386640896,
            9.113910774249488,
            77.4184962517688,
            68.92128772056134,
            56.08382797934733,
            68.84530387775544,
            48.54880430737211,
            54.986073561258195,
            55.127027696558834,
            28.19536819145488,
            22.321917695334534,
            74.31113824869337,
            64.47999411101566,
            27.044150321984304,
            0.0,
            32.650619465713625,
            52.97592192311364
        ],
        [
            20.957608478707545,
            23.496070245724525,
            24.321698265516456,
            46.578463639073696,
            64.30401112890367,
            78.57207725828502,
            32.756813606335925,
            12.894005391705855,
            31.656589157357892,
            33.38627563118424,
            70.7222559732258,
            45.2184374684677,
            62.53237245386248,
            86.46761339484524,
            20.39074767668357,
            54.58794708221766,
            78.49500894942537,
            7.153336102968067,
            46.69011730566682,
            52.6540236973032,
            64.64500700577649,
            55.09477763728428,
            32.650619465713625,
            0.0,
            20.957608478707545
        ],
        [
            0.0,
            5.12101895013988,
            27.019129052719332,
            63.471635760617865,
            78.84747033326178,
            94.19264477043652,
            37.94856834345347,
            33.76976032458765,
            48.46752381593955,
            52.11317150027062,
            80.02948858912946,
            44.40795297829924,
            78.69578779764086,
            105.2000527344901,
            22.81637289775872,
            68.7196783593509,
            98.71488156659464,
            24.89531900115186,
            67.51970711990653,
            52.73165357319015,
            78.05936686815275,
            76.03867002070683,
            52.97592192311364,
            20.957608478707545,
            0.0
        ]
    ],
    "scores_ave": [
        0,
        17.74555685948441,
        11.645281844855344,
        19.12235997684855,
        14.440000913534123,
        15.501745706699904,
        16.042753230104243,
        16.8719587596935,
        16.608435629790726,
        10.96914294424467,
        18.32540824430447,
        15.274781847025837,
        13.251555202749906,
        14.34690684498285,
        18.721549267071687,
        16.238844937840327,
        19.286317916172464,
        11.511892910667312,
        17.891936241942613,
        15.20512199301698,
        11.2393295624847,
        17.766818459275324,
        19.9412831989012,
        14.9838744052838,
        0
    ],
    "scores_var": [
        0,
        22.743899197303172,
        18.821795768502255,
        308.02583765954347,
        19.17394326868549,
        320.29439132192806,
        24.792322793414584,
        320.1046316448279,
        322.2175710992997,
        23.660066689461427,
        249.86152675087354,
        21.30925110122877,
        17.2669692765967,
        345.8160135197053,
        367.45566548435215,
        350.3139900227218,
        369.0057772212564,
        18.38329169283972,
        22.901895519591573,
        248.9245868953409,
        19.169127234191166,
        19.40789890411962,
        379.2822955441054,
        287.58144393376716,
        0
    ],
    "vertex_number": 25,
    "minimum_distances": {
        "cost": 397.87702228037307,
        "path": [
            0,
            1,
            14,
            6,
            11,
            19,
            10,
            20,
            15,
            3,
            12,
            4,
            5,
            13,
            16,
            21,
            18,
            22,
            9,
            8,
            2,
            17,
            7,
            23,
            24
        ]
    }
}