{
    "vertices": [
        [
            68.96282358619933,
            72.5814675917004
        ],
        [
            37.78354657906379,
            73.79194094213194
        ],
        [
            23.86742582366437,
            2.2694735321729165
        ],
        [
            12.934040545674852,
            73.30839842657664
        ],
        [
            53.09898465194798,
            6.93518395969236
        ],
        [
            6.1492390953710725,
            30.94698647374492
        ],
        [
            72.63629088385328,
            17.008782280437728
        ],
        [
            96.67249082036093,
            89.25135732488027
        ],
        [
            45.97223613042196,
            61.17855228657216
        ],
        [
            17.84289681620439,
            49.878530898625726
        ],
        [
            60.3684141157418,
            34.6708764729667
        ],
        [
            72.29063497921881,
            46.468275143733266
        ],
        [
            67.67268913897986,
            12.36144865278569
        ],
        [
            63.72483731896242,
            18.158156755764445
        ],
        [
            67.1633893898731,
            63.24340453140944
        ],
        [
            86.2797552738548,
            99.91686190588958
        ],
        [
            7.93150698898859,
            9.302910073139037
        ],
        [
            49.959988301509654,
            68.46600696749871
        ],
        [
            84.50480059049312,
            0.03894615060433537
        ],
        [
            21.372900188208366,
            37.436069250049584
        ],
        [
            72.6241338810643,
            82.74283219195226
        ],
        [
            80.40613869228741,
            52.28835919889635
        ],
        [
            55.282813817430984,
            98.50607235346851
        ],
        [
            68.96282358619933,
            72.5814675917004
        ]
    ],
    "distances": [
        [
            0.0,
            31.202765268799435,
            83.53066148420156,
            56.03349852936953,
            67.53588631554277,
            75.35898363531592,
            55.693964795941426,
            32.33745323837894,
            25.663078323102155,
            55.93451749554476,
            38.87257121824721,
            26.324383155015774,
            60.23383706767442,
            54.674795495554136,
            9.509857262066497,
            32.35892311847123,
            87.91471689779165,
            19.443373292883148,
            74.18874891945462,
            59.16079642482816,
            10.800857540701838,
            23.29720388500126,
            29.312587728269353,
            0.0
        ],
        [
            31.202765268799435,
            0.0,
            72.86372047382368,
            24.854210175899425,
            68.58854567326337,
            53.25804665373087,
            66.62612770658501,
            60.88432728338051,
            15.038357953737062,
            31.13648491519055,
            45.17226944542278,
            44.015018601821524,
            68.31592951778096,
            61.38459503936851,
            31.216130189314022,
            55.085331560509886,
            71.06320686620705,
            13.290271092881174,
            87.30624157023139,
            39.888077434953566,
            35.9720026925723,
            47.739809239650796,
            30.282216650975275,
            31.202765268799435
        ],
        [
            83.53066148420156,
            72.86372047382368,
            0.0,
            71.87536270370879,
            29.601568967283967,
            33.70955190228281,
            50.947516344131934,
            113.43026755368807,
            62.919807679217755,
            47.988720477669766,
            48.807510270757035,
            65.56173616386803,
            44.95274247428284,
            42.90761594035674,
            74.78208824729442,
            115.88922004917698,
            17.41903380446722,
            71.15337557357674,
            60.67838553400022,
            35.25495869421107,
            94.09132815823152,
            75.48850890156297,
            101.23442870629484,
            83.53066148420156
        ],
        [
            56.03349852936953,
            24.854210175899425,
            71.87536270370879,
            0.0,
            77.57980622383032,
            42.90131412156927,
            82.0609863068018,
            85.24263013797189,
            35.19453842396835,
            23.938578952436714,
            61.179064218900535,
            65.1429007688977,
            81.91977988587573,
            74.97502379602416,
            55.15547459840681,
            78.02310041082374,
            64.20068443052465,
            37.341258177259625,
            102.4245396875863,
            36.85157191512318,
            60.43108291980843,
            70.6705460389216,
            49.27820379182436,
            56.03349852936953
        ],
        [
            67.53588631554277,
            68.58854567326337,
            29.601568967283967,
            77.57980622383032,
            0.0,
            52.733720405459486,
            21.981440306016562,
            93.13754794547899,
            54.70953803437405,
            55.56188239971055,
            28.67251722329199,
            43.94524707917714,
            15.551116069107211,
            15.455221230460339,
            58.03811837564441,
            98.72464724046338,
            45.22949441882181,
            61.61083896609473,
            32.154056830908154,
            44.00964029500662,
            78.28174105706464,
            52.93950477725281,
            91.596925227048,
            67.53588631554277
        ],
        [
            75.35898363531592,
            53.25804665373087,
            33.70955190228281,
            42.90131412156927,
            52.733720405459486,
            0.0,
            67.93233097471807,
            107.67478239222312,
            49.998186610605956,
            22.251853972270272,
            54.34690696457248,
            67.93816785460864,
            64.269410463787,
            58.97884092079053,
            69.03466633160126,
            105.72484731677693,
            21.71733229657557,
            57.68066092559871,
            84.23123514369676,
            16.54895925269326,
            84.27171097369106,
            77.26280688365102,
            83.53644863095458,
            75.35898363531592
        ],
        [
            55.693964795941426,
            66.62612770658501,
            50.947516344131934,
            82.0609863068018,
            21.981440306016562,
            67.93233097471807,
            0.0,
            76.13624994993964,
            51.59399575811895,
            63.89629416230281,
            21.50465930126155,
            29.461520628897777,
            6.799636176180007,
            8.985269407410025,
            46.557415579613725,
            84.02317411132184,
            65.16202517844546,
            56.232203151758895,
            20.708376588472667,
            55.183414886659634,
            65.73405103568622,
            36.12504785480107,
            83.32437491840287,
            55.693964795941426
        ],
        [
            32.33745323837894,
            60.88432728338051,
            113.43026755368807,
            85.24263013797189,
            93.13754794547899,
            107.67478239222312,
            76.13624994993964,
            0.0,
            57.95341412154711,
            88.11540360034743,
            65.55161992964761,
            49.24293873416792,
            82.17692226630587,
            78.35681871036336,
            39.33447185030233,
            14.891673516000225,
            119.44336075866394,
            51.128159374778875,
            90.0383640070059,
            91.40488185894368,
            24.91353790383398,
            40.383876015261,
            42.4117331957472,
            32.33745323837894
        ],
        [
            25.663078323102155,
            15.038357953737062,
            62.919807679217755,
            35.19453842396835,
            54.70953803437405,
            49.998186610605956,
            51.59399575811895,
            57.95341412154711,
            0.0,
            30.314191620797562,
            30.164661735617255,
            30.150462211771806,
            53.42302189102071,
            46.539330469899426,
            21.29151453651328,
            55.90485427635336,
            64.32868200630278,
            8.307175398688347,
            72.26901107895979,
            34.188197225613465,
            34.283258619160954,
            35.563031068459324,
            38.47116597154783,
            25.663078323102155
        ],
        [
            55.93451749554476,
            31.13648491519055,
            47.988720477669766,
            23.938578952436714,
            55.56188239971055,
            22.251853972270272,
            63.89629416230281,
            88.11540360034743,
            30.314191620797562,
            0.0,
            45.16295356510159,
            54.55443185830051,
            62.374190681499506,
            55.779338469201384,
            51.09922538482935,
            84.77876010856127,
            41.7686084719219,
            37.10797531645177,
            83.23336844479945,
            12.933513663449988,
            63.88306687890716,
            62.609635891626574,
            61.37088212663387,
            55.93451749554476
        ],
        [
            38.87257121824721,
            45.17226944542278,
            48.807510270757035,
            61.179064218900535,
            28.67251722329199,
            54.34690696457248,
            21.50465930126155,
            65.55161992964761,
            30.164661735617255,
            45.16295356510159,
            0.0,
            16.77253605494802,
            23.47473116521179,
            16.850385431140673,
            29.369389653626673,
            70.20282199260444,
            58.250862210636214,
            35.3616483364792,
            42.21298082239064,
            39.09343164224504,
            49.60963206489467,
            26.681193822689604,
            64.03745438020015,
            38.87257121824721
        ],
        [
            26.324383155015774,
            44.015018601821524,
            65.56173616386803,
            65.1429007688977,
            43.94524707917714,
            67.93816785460864,
            29.461520628897777,
            49.24293873416792,
            30.150462211771806,
            54.55443185830051,
            16.77253605494802,
            0.0,
            34.4180336025605,
            29.577621484785826,
            17.541197601838416,
            55.24895395832891,
            74.31932263209468,
            31.34578099896358,
            48.009045317854834,
            51.71263346179123,
            36.276090067178224,
            9.98673014184292,
            54.746674046127104,
            26.324383155015774
        ],
        [
            60.23383706767442,
            68.31592951778096,
            44.95274247428284,
            81.91977988587573,
            15.551116069107211,
            64.269410463787,
            6.799636176180007,
            82.17692226630587,
            53.42302189102071,
            62.374190681499506,
            23.47473116521179,
            34.4180336025605,
            0.0,
            7.013370004780482,
            50.88450471674706,
            89.51074404823932,
            59.81942412729851,
            58.83418423541497,
            20.860585893795733,
            52.65365186748886,
            70.55533965562906,
            41.908220235220575,
            87.0310588411733,
            60.23383706767442
        ],
        [
            54.674795495554136,
            61.38459503936851,
            42.90761594035674,
            74.97502379602416,
            15.455221230460339,
            58.97884092079053,
            8.985269407410025,
            78.35681871036336,
            46.539330469899426,
            55.779338469201384,
            16.850385431140673,
            29.577621484785826,
            7.013370004780482,
            0.0,
            45.2161830248382,
            84.81279497680185,
            56.49169056701814,
            52.15698286327117,
            27.570140850570773,
            46.53304727679737,
            65.19492143179528,
            37.98863691048761,
            80.79019310347131,
            54.674795495554136
        ],
        [
            9.509857262066497,
            31.216130189314022,
            74.78208824729442,
            55.15547459840681,
            58.03811837564441,
            69.03466633160126,
            46.557415579613725,
            39.33447185030233,
            21.29151453651328,
            51.09922538482935,
            29.369389653626673,
            17.541197601838416,
            50.88450471674706,
            45.2161830248382,
            0.0,
            41.356715541832756,
            80.1123762920244,
            17.978670284883428,
            65.540278467824,
            52.56222460714821,
            20.249627391308152,
            17.186722413654426,
            37.21026495285123,
            9.509857262066497
        ],
        [
            32.35892311847123,
            55.085331560509886,
            115.88922004917698,
            78.02310041082374,
            98.72464724046338,
            105.72484731677693,
            84.02317411132184,
            14.891673516000225,
            55.90485427635336,
            84.77876010856127,
            70.20282199260444,
            55.24895395832891,
            89.51074404823932,
            84.81279497680185,
            41.356715541832756,
            0.0,
            119.78871514485444,
            48.04458085238291,
            99.89368608549714,
            90.09300354639741,
            21.941360309662652,
            47.98930757843172,
            31.029030065636697,
            32.35892311847123
        ],
        [
            87.91471689779165,
            71.06320686620705,
            17.41903380446722,
            64.20068443052465,
            45.22949441882181,
            21.71733229657557,
            65.16202517844546,
            119.44336075866394,
            64.32868200630278,
            41.7686084719219,
            58.250862210636214,
            74.31932263209468,
            59.81942412729851,
            56.49169056701814,
            80.1123762920244,
            119.78871514485444,
            0.0,
            72.57179393930072,
            77.13164279684597,
            31.179251055941315,
            97.87010848576122,
            84.26340295212316,
            100.99183342811483,
            87.91471689779165
        ],
        [
            19.443373292883148,
            13.290271092881174,
            71.15337557357674,
            37.341258177259625,
            61.61083896609473,
            57.68066092559871,
            56.232203151758895,
            51.128159374778875,
            8.307175398688347,
            37.10797531645177,
            35.3616483364792,
            31.34578099896358,
            58.83418423541497,
            52.15698286327117,
            17.978670284883428,
            48.04458085238291,
            72.57179393930072,
            0.0,
            76.65250620899532,
            42.19097820087162,
            26.786026830062706,
            34.47730211230023,
            30.507998948903285,
            19.443373292883148
        ],
        [
            74.18874891945462,
            87.30624157023139,
            60.67838553400022,
            102.4245396875863,
            32.154056830908154,
            84.23123514369676,
            20.708376588472667,
            90.0383640070059,
            72.26901107895979,
            83.23336844479945,
            42.21298082239064,
            48.009045317854834,
            20.860585893795733,
            27.570140850570773,
            65.540278467824,
            99.89368608549714,
            77.13164279684597,
            76.65250620899532,
            0.0,
            73.3769832067186,
            83.55287552083887,
            52.40992456822306,
            102.71172987354366,
            74.18874891945462
        ],
        [
            59.16079642482816,
            39.888077434953566,
            35.25495869421107,
            36.85157191512318,
            44.00964029500662,
            16.54895925269326,
            55.183414886659634,
            91.40488185894368,
            34.188197225613465,
            12.933513663449988,
            39.09343164224504,
            51.71263346179123,
            52.65365186748886,
            46.53304727679737,
            52.56222460714821,
            90.09300354639741,
            31.179251055941315,
            42.19097820087162,
            73.3769832067186,
            0.0,
            68.40607957859811,
            60.87293129958583,
            69.85289916240367,
            59.16079642482816
        ],
        [
            10.800857540701838,
            35.9720026925723,
            94.09132815823152,
            60.43108291980843,
            78.28174105706464,
            84.27171097369106,
            65.73405103568622,
            24.91353790383398,
            34.283258619160954,
            63.88306687890716,
            49.60963206489467,
            36.276090067178224,
            70.55533965562906,
            65.19492143179528,
            20.249627391308152,
            21.941360309662652,
            97.87010848576122,
            26.786026830062706,
            83.55287552083887,
            68.40607957859811,
            0.0,
            31.43301646623613,
            23.43504047231432,
            10.800857540701838
        ],
        [
            23.29720388500126,
            47.739809239650796,
            75.48850890156297,
            70.6705460389216,
            52.93950477725281,
            77.26280688365102,
            36.12504785480107,
            40.383876015261,
            35.563031068459324,
            62.609635891626574,
            26.681193822689604,
            9.98673014184292,
            41.908220235220575,
            37.98863691048761,
            17.186722413654426,
            47.98930757843172,
            84.26340295212316,
            34.47730211230023,
            52.40992456822306,
            60.87293129958583,
            31.43301646623613,
            0.0,
            52.60473801860334,
            23.29720388500126
        ],
        [
            29.312587728269353,
            30.282216650975275,
            101.23442870629484,
            49.27820379182436,
            91.596925227048,
            83.53644863095458,
            83.32437491840287,
            42.4117331957472,
            38.47116597154783,
            61.37088212663387,
            64.03745438020015,
            54.746674046127104,
            87.0310588411733,
            80.79019310347131,
            37.21026495285123,
            31.029030065636697,
            100.99183342811483,
            30.507998948903285,
            102.71172987354366,
            69.85289916240367,
            23.43504047231432,
            52.60473801860334,
            0.0,
            29.312587728269353
        ],
        [
            0.0,
            31.202765268799435,
            83.53066148420156,
            56.03349852936953,
            67.53588631554277,
            75.35898363531592,
            55.693964795941426,
            32.33745323837894,
            25.663078323102155,
            55.93451749554476,
            38.87257121824721,
            26.324383155015774,
            60.23383706767442,
            54.674795495554136,
            9.509857262066497,
            32.35892311847123,
            87.91471689779165,
            19.443373292883148,
            74.18874891945462,
            59.16079642482816,
            10.800857540701838,
            23.29720388500126,
            29.312587728269353,
            0.0
        ]
    ],
    "scores_ave": [
        0,
        14.2634423338872,
        13.213472325357117,
        13.894951459688972,
        13.243658717559168,
        16.144315736467526,
        12.857673571930313,
        10.289611530070573,
        13.480076000324907,
        16.096734093033618,
        10.256572196576531,
        15.320849742439801,
        15.5679367852306,
        10.12536342822617,
        19.815170916583526,
        11.08836561786212,
        13.240882557049947,
        12.669602712460392,
        19.81017030141134,
        16.70423737180976,
        19.45840699837258,
        10.623505029182999,
        15.37690322245255,
        0
    ],
    "scores_var": [
        0,
        24.7140983011573,
        316.465242245662,
        17.05564464085055,
        19.487405040595473,
        270.0670648907598,
        283.1944735884771,
        377.22809740973526,
        23.361028283941287,
        349.5551084878125,
        317.5223211625952,
        250.23588778948954,
        394.55015087304383,
        372.5421738350691,
        318.73674085611106,
        17.753900698476023,
        17.781395916864735,
        20.766132469754993,
        21.04420557350622,
        353.83763111499434,
        23.54112916262999,
        382.78738543604175,
        17.523480249685818,
        0
    ],
    "vertex_number": 24,
    "minimum_distances": {
        "cost": 421.4998873315902,
        "path": [
            0,
            14,
            21,
            11,
            10,
            6,
            18,
            12,
            13,
            4,
            2,
            16,
            5,
            19,
            9,
            3,
            1,
            8,
            17,
            22,
            15,
            7,
            20,
            23
        ]
    }
}