{
    "vertices": [
        [
            59.58211989163621,
            67.37750907971595
        ],
        [
            67.95445165434282,
            81.86160242765447
        ],
        [
            95.17941768586617,
            75.24559218891508
        ],
        [
            36.18201896525425,
            14.809240567949033
        ],
        [
            53.21684594048924,
            35.36325208365996
        ],
        [
            65.5278281489683,
            6.111589986404131
        ],
        [
            55.20288899660425,
            28.638962023138824
        ],
        [
            8.823301514450254,
            99.21083069889927
        ],
        [
            62.23163861784522,
            7.595750938849788
        ],
        [
            10.564096182272875,
            80.14882366509427
        ],
        [
            44.39099126605769,
            64.9219140539426
        ],
        [
            37.70066002483261,
            46.04138119585676
        ],
        [
            37.056539045158175,
            13.134312222518464
        ],
        [
            58.35349380928425,
            86.61911790671716
        ],
        [
            94.98202358253991,
            66.15749569486184
        ],
        [
            18.408503528047294,
            27.853326836909876
        ],
        [
            86.10914814926011,
            67.55770091456179
        ],
        [
            52.26640810872372,
            46.398383395176964
        ],
        [
            45.998539854624575,
            74.16419662476437
        ],
        [
            14.28633282604328,
            79.05595999627543
        ],
        [
            33.96329734513889,
            78.99852445112354
        ],
        [
            1.1640095998359357,
            70.73514593628609
        ],
        [
            20.275556567627596,
            96.95121310532814
        ],
        [
            5.232392744819414,
            67.7696389307647
        ],
        [
            59.58211989163621,
            67.37750907971595
        ]
    ],
    "distances": [
        [
            0.0,
            16.729760884621843,
            36.45647188174349,
            57.54118158058702,
            32.64091548168755,
            61.553751218179514,
            38.98528813907424,
            59.91508998873753,
            59.84044247742115,
            50.654448221359615,
            15.388318161822427,
            30.561882124288918,
            58.73436981665758,
            19.28079438979542,
            35.4209205694104,
            57.07387902025361,
            26.527640250842552,
            22.218086177218957,
            15.184622960614346,
            46.77707282100949,
            28.13133603175311,
            58.51452243097896,
            49.18953028987784,
            54.35114172447087,
            0.0
        ],
        [
            16.729760884621843,
            0.0,
            28.017322621847807,
            74.19910181361729,
            48.778003309789796,
            75.7888704658304,
            54.728893665436125,
            61.6237668312663,
            74.4860207448881,
            57.41590818144415,
            29.020504951994745,
            46.886886834772405,
            75.35331062764128,
            10.71505226660667,
            31.258736580495547,
            73.29184680453473,
            23.112650287641554,
            38.778275031707075,
            23.266115254837302,
            53.74140496880626,
            34.111519854322076,
            67.71086459269853,
            50.009732923639575,
            64.28561354648019,
            16.729760884621843
        ],
        [
            36.45647188174349,
            28.017322621847807,
            0.0,
            84.45854399083557,
            57.891782489029886,
            75.22451078339733,
            61.40277535627219,
            89.61981620741872,
            75.24664222856828,
            84.75726701625915,
            51.827044951789496,
            64.47242450833451,
            85.06515221021222,
            38.54225936056826,
            9.090239948276992,
            90.22084058476771,
            11.890057262812547,
            51.707715537987575,
            49.1927653280203,
            80.98277644638937,
            61.33105159815156,
            94.12354159816051,
            77.98539856785628,
            90.25717241783799,
            36.45647188174349
        ],
        [
            57.54118158058702,
            74.19910181361729,
            84.45854399083557,
            0.0,
            26.695556174467896,
            30.607607588402004,
            23.5171148799687,
            88.72501246652966,
            27.02993001607248,
            70.18218496900438,
            50.78057965550571,
            31.269040261402996,
            1.8894894369860735,
            75.15472560104507,
            78.06461328650352,
            22.04645181403862,
            72.63000962064227,
            35.448293593310865,
            60.16124076910253,
            67.87534183198585,
            64.22761782179326,
            65.98460328883334,
            83.66791020659387,
            61.340713705766056,
            57.54118158058702
        ],
        [
            32.64091548168755,
            48.778003309789796,
            57.891782489029886,
            26.695556174467896,
            0.0,
            31.73672979986314,
            7.011450908247591,
            77.76438826182498,
            29.19418789490033,
            61.84662063373231,
            30.84817998209325,
            18.83545769834028,
            27.482381379740914,
            51.5126094524364,
            51.89041822011166,
            35.609263945124994,
            46.02592834608194,
            11.075985515270151,
            39.46665985399691,
            58.520403075262394,
            47.694193861478034,
            62.93384340582011,
            69.84415142553546,
            57.90234586760395,
            32.64091548168755
        ],
        [
            61.553751218179514,
            75.7888704658304,
            75.22451078339733,
            30.607607588402004,
            31.73672979986314,
            0.0,
            24.780776004424805,
            109.00858664384141,
            3.6149134371170994,
            92.20913079787546,
            62.493360370071834,
            48.66969808658559,
            29.32461305521953,
            80.82656200196537,
            66.88094213591809,
            51.89348585331662,
            64.80135246389436,
            42.41333498612132,
            70.7993670279543,
            89.14354692890764,
            79.42811102204432,
            91.20803211249083,
            101.48697064973203,
            86.23951837876331,
            61.553751218179514
        ],
        [
            38.98528813907424,
            54.728893665436125,
            61.40277535627219,
            23.5171148799687,
            7.011450908247591,
            24.780776004424805,
            0.0,
            84.44794126207904,
            22.186032857995137,
            68.1607487509798,
            37.859605658345224,
            24.681414303951534,
            23.868057776036657,
            58.06569371814761,
            54.68107458053651,
            36.802771969711685,
            49.69773728963807,
            18.00055464352398,
            46.44638875801332,
            64.93102689378885,
            54.655336257853975,
            68.50028603230784,
            76.72341362661282,
            63.46857782319253,
            38.98528813907424
        ],
        [
            59.91508998873753,
            61.6237668312663,
            89.61981620741872,
            88.72501246652966,
            77.76438826182498,
            109.00858664384141,
            84.44794126207904,
            0.0,
            106.04609050592155,
            19.141329061283887,
            49.40435566780916,
            60.505307163865716,
            90.58853533687417,
            51.105686374453825,
            92.28135425585954,
            71.99839897563902,
            83.51660143470556,
            68.38463351345719,
            44.82557555784847,
            20.882134089956672,
            32.257661325968996,
            29.487783493050085,
            11.673046623405657,
            31.645586826482216,
            59.91508998873753
        ],
        [
            59.84044247742115,
            74.4860207448881,
            75.24664222856828,
            27.02993001607248,
            29.19418789490033,
            3.6149134371170994,
            22.186032857995137,
            106.04609050592155,
            0.0,
            89.07010330830087,
            60.0381351761451,
            45.60521238399546,
            25.77714684730762,
            79.11847151009934,
            67.0974341104338,
            48.27873807758798,
            64.54123415548077,
            40.06182852343039,
            68.51913204715187,
            86.05413311399037,
            76.79489034796036,
            87.83984582479351,
            98.71530499365099,
            82.8843219563095,
            59.84044247742115
        ],
        [
            50.654448221359615,
            57.41590818144415,
            84.75726701625915,
            70.18218496900438,
            61.84662063373231,
            92.20913079787546,
            68.1607487509798,
            19.141329061283887,
            89.07010330830087,
            0.0,
            37.09605918848481,
            43.585671142861464,
            72.06104545959882,
            48.22542102590478,
            85.5695256789902,
            52.88056084340524,
            76.58714806554542,
            53.64862568998632,
            35.93627080236502,
            3.8793551823532906,
            23.427458320140747,
            13.30334379542114,
            19.407028461812402,
            13.478548743526186,
            50.654448221359615
        ],
        [
            15.388318161822427,
            29.020504951994745,
            51.827044951789496,
            50.78057965550571,
            30.84817998209325,
            62.493360370071834,
            37.859605658345224,
            49.40435566780916,
            60.0381351761451,
            37.09605918848481,
            0.0,
            20.03085253109741,
            52.304396496191245,
            25.801552904785858,
            50.606118334038676,
            45.2677570387867,
            41.80133952526045,
            20.128173750044446,
            9.381044695742542,
            33.25750613756098,
            17.518212259885125,
            43.61611638935506,
            40.09276977732185,
            39.26200931080319,
            15.388318161822427
        ],
        [
            30.561882124288918,
            46.886886834772405,
            64.47242450833451,
            31.269040261402996,
            18.83545769834028,
            48.66969808658559,
            24.681414303951534,
            60.505307163865716,
            45.60521238399546,
            43.585671142861464,
            20.03085253109741,
            0.0,
            32.913372362194984,
            45.531222912459704,
            60.710894191794935,
            26.514008064803452,
            52.97484060127386,
            14.570122436468987,
            29.321452169326005,
            40.47459859641625,
            33.168376073418855,
            44.09885306143551,
            53.80934134093195,
            39.06796084211412,
            30.561882124288918
        ],
        [
            58.73436981665758,
            75.35331062764128,
            85.06515221021222,
            1.8894894369860735,
            27.482381379740914,
            29.32461305521953,
            23.868057776036657,
            90.58853533687417,
            25.77714684730762,
            72.06104545959882,
            52.304396496191245,
            32.913372362194984,
            0.0,
            76.50867237555279,
            78.52910125827391,
            23.757075153858835,
            73.26707102542761,
            36.57647533470794,
            61.68148967581763,
            69.74342934261476,
            65.93680760174449,
            67.86847364207061,
            85.48025647194754,
            63.228120423290854,
            58.73436981665758
        ],
        [
            19.28079438979542,
            10.71505226660667,
            38.54225936056826,
            75.15472560104507,
            51.5126094524364,
            80.82656200196537,
            58.06569371814761,
            51.105686374453825,
            79.11847151009934,
            48.22542102590478,
            25.801552904785858,
            45.531222912459704,
            76.50867237555279,
            0.0,
            41.95625313217289,
            71.0564595841107,
            33.670669218015995,
            40.67874256873938,
            17.54337343162373,
            44.711475425232315,
            25.552986678176097,
            59.354339939891325,
            39.454803202813,
            56.36625085958761,
            19.28079438979542
        ],
        [
            35.4209205694104,
            31.258736580495547,
            9.090239948276992,
            78.06461328650352,
            51.89041822011166,
            66.88094213591809,
            54.68107458053651,
            92.28135425585954,
            67.0974341104338,
            85.5695256789902,
            50.606118334038676,
            60.710894191794935,
            78.52910125827391,
            41.95625313217289,
            0.0,
            85.61958494079659,
            8.982677391055255,
            47.06427864292072,
            49.63354649734239,
            81.72003969653329,
            62.35524814443473,
            93.92962594086943,
            80.80414126643409,
            89.76410887052897,
            35.4209205694104
        ],
        [
            57.07387902025361,
            73.29184680453473,
            90.22084058476771,
            22.04645181403862,
            35.609263945124994,
            51.89348585331662,
            36.802771969711685,
            71.99839897563902,
            48.27873807758798,
            52.88056084340524,
            45.2677570387867,
            26.514008064803452,
            23.757075153858835,
            71.0564595841107,
            85.61958494079659,
            0.0,
            78.48448638441783,
            38.60410373708363,
            53.906463109811504,
            51.36829697146891,
            53.458234629373976,
            46.219292293497375,
            69.12310593293586,
            42.03476973347083,
            57.07387902025361
        ],
        [
            26.527640250842552,
            23.112650287641554,
            11.890057262812547,
            72.63000962064227,
            46.02592834608194,
            64.80135246389436,
            49.69773728963807,
            83.51660143470556,
            64.54123415548077,
            76.58714806554542,
            41.80133952526045,
            52.97484060127386,
            73.26707102542761,
            33.670669218015995,
            8.982677391055255,
            78.48448638441783,
            0.0,
            39.91300253473135,
            40.65103545218264,
            72.73738215569159,
            53.38616112140313,
            85.00454529051343,
            72.09743642769779,
            80.87703309637688,
            26.527640250842552
        ],
        [
            22.218086177218957,
            38.778275031707075,
            51.707715537987575,
            35.448293593310865,
            11.075985515270151,
            42.41333498612132,
            18.00055464352398,
            68.38463351345719,
            40.06182852343039,
            53.64862568998632,
            20.128173750044446,
            14.570122436468987,
            36.57647533470794,
            40.67874256873938,
            47.06427864292072,
            38.60410373708363,
            39.91300253473135,
            0.0,
            28.464478859643208,
            50.08995336327124,
            37.3868032932968,
            56.60152952300413,
            59.82477057229718,
            51.66167984511707,
            22.218086177218957
        ],
        [
            15.184622960614346,
            23.266115254837302,
            49.1927653280203,
            60.16124076910253,
            39.46665985399691,
            70.7993670279543,
            46.44638875801332,
            44.82557555784847,
            68.51913204715187,
            35.93627080236502,
            9.381044695742542,
            29.321452169326005,
            61.68148967581763,
            17.54337343162373,
            49.63354649734239,
            53.906463109811504,
            40.65103545218264,
            28.464478859643208,
            0.0,
            32.08727821904591,
            12.96988002237653,
            44.96546999411561,
            34.36451642710269,
            41.264623084188784,
            15.184622960614346
        ],
        [
            46.77707282100949,
            53.74140496880626,
            80.98277644638937,
            67.87534183198585,
            58.520403075262394,
            89.14354692890764,
            64.93102689378885,
            20.882134089956672,
            86.05413311399037,
            3.8793551823532906,
            33.25750613756098,
            40.47459859641625,
            69.74342934261476,
            44.711475425232315,
            81.72003969653329,
            51.36829697146891,
            72.73738215569159,
            50.08995336327124,
            32.08727821904591,
            0.0,
            19.677048343885183,
            15.538060158011268,
            18.870900478350727,
            14.46910066964023,
            46.77707282100949
        ],
        [
            28.13133603175311,
            34.111519854322076,
            61.33105159815156,
            64.22761782179326,
            47.694193861478034,
            79.42811102204432,
            54.655336257853975,
            32.257661325968996,
            76.79489034796036,
            23.427458320140747,
            17.518212259885125,
            33.168376073418855,
            65.93680760174449,
            25.552986678176097,
            62.35524814443473,
            53.458234629373976,
            53.38616112140313,
            37.3868032932968,
            12.96988002237653,
            19.677048343885183,
            0.0,
            33.8242028890358,
            22.575501711083895,
            30.84724864849349,
            28.13133603175311
        ],
        [
            58.51452243097896,
            67.71086459269853,
            94.12354159816051,
            65.98460328883334,
            62.93384340582011,
            91.20803211249083,
            68.50028603230784,
            29.487783493050085,
            87.83984582479351,
            13.30334379542114,
            43.61611638935506,
            44.09885306143551,
            67.86847364207061,
            59.354339939891325,
            93.92962594086943,
            46.219292293497375,
            85.00454529051343,
            56.60152952300413,
            44.96546999411561,
            15.538060158011268,
            33.8242028890358,
            0.0,
            32.442771233571136,
            5.034478445100554,
            58.51452243097896
        ],
        [
            49.18953028987784,
            50.009732923639575,
            77.98539856785628,
            83.66791020659387,
            69.84415142553546,
            101.48697064973203,
            76.72341362661282,
            11.673046623405657,
            98.71530499365099,
            19.407028461812402,
            40.09276977732185,
            53.80934134093195,
            85.48025647194754,
            39.454803202813,
            80.80414126643409,
            69.12310593293586,
            72.09743642769779,
            59.82477057229718,
            34.36451642710269,
            18.870900478350727,
            22.575501711083895,
            32.442771233571136,
            0.0,
            32.83079421983867,
            49.18953028987784
        ],
        [
            54.35114172447087,
            64.28561354648019,
            90.25717241783799,
            61.340713705766056,
            57.90234586760395,
            86.23951837876331,
            63.46857782319253,
            31.645586826482216,
            82.8843219563095,
            13.478548743526186,
            39.26200931080319,
            39.06796084211412,
            63.228120423290854,
            56.36625085958761,
            89.76410887052897,
            42.03476973347083,
            80.87703309637688,
            51.66167984511707,
            41.264623084188784,
            14.46910066964023,
            30.84724864849349,
            5.034478445100554,
            32.83079421983867,
            0.0,
            54.35114172447087
        ],
        [
            0.0,
            16.729760884621843,
            36.45647188174349,
            57.54118158058702,
            32.64091548168755,
            61.553751218179514,
            38.98528813907424,
            59.91508998873753,
            59.84044247742115,
            50.654448221359615,
            15.388318161822427,
            30.561882124288918,
            58.73436981665758,
            19.28079438979542,
            35.4209205694104,
            57.07387902025361,
            26.527640250842552,
            22.218086177218957,
            15.184622960614346,
            46.77707282100949,
            28.13133603175311,
            58.51452243097896,
            49.18953028987784,
            54.35114172447087,
            0.0
        ]
    ],
    "scores_ave": [
        0,
        13.609463803300464,
        17.544611053558125,
        11.847196618941613,
        19.122449884519966,
        14.426560911670276,
        14.071766182452677,
        10.310531958121226,
        15.431163015616907,
        12.226487173492954,
        18.73630291309089,
        13.562902948107663,
        16.33632076456368,
        18.327872408462902,
        15.050881710982239,
        11.26972942529793,
        18.65125334742689,
        19.33535803013728,
        11.854851020259074,
        13.568447801240657,
        18.393210078921648,
        14.350361148843831,
        19.04341956326087,
        15.642626738780239,
        0
    ],
    "scores_var": [
        0,
        21.529169560823576,
        21.972009012368652,
        317.3082244832205,
        24.086808694595426,
        16.248203902169813,
        372.9740950121343,
        19.05122741390892,
        392.67423227918096,
        21.42320143493973,
        17.12937001449397,
        24.53522061294536,
        23.878163903197716,
        24.0555691875018,
        19.532446886193362,
        337.8839141024581,
        227.10203717546491,
        243.1537280415941,
        396.5221518388579,
        372.6096553118487,
        331.0661840690269,
        16.519765387622865,
        259.7239528880675,
        19.081708053707104,
        0
    ],
    "vertex_number": 25,
    "minimum_distances": {
        "cost": 389.11969176073035,
        "path": [
            0,
            17,
            4,
            6,
            5,
            8,
            12,
            3,
            15,
            11,
            23,
            21,
            9,
            19,
            7,
            22,
            20,
            10,
            18,
            13,
            1,
            2,
            14,
            16,
            24
        ]
    }
}