{
    "vertices": [
        [
            73.61116175303238,
            72.53622913657948
        ],
        [
            33.104057500580744,
            23.58229154218484
        ],
        [
            92.58106962455135,
            63.373666942242124
        ],
        [
            77.87096642459154,
            52.57308908031355
        ],
        [
            95.01726736617893,
            35.807669148623155
        ],
        [
            49.639528656909434,
            85.6761084415947
        ],
        [
            78.17771799554684,
            2.72646115802041
        ],
        [
            49.20914970104183,
            66.52440104436184
        ],
        [
            96.06467515656765,
            50.92030646138743
        ],
        [
            81.62472589626879,
            88.04920247213744
        ],
        [
            29.337171974165553,
            21.3438977659654
        ],
        [
            56.521751603480055,
            59.03743240581656
        ],
        [
            30.765379719261265,
            38.948921087249
        ],
        [
            4.589049280344415,
            10.957479889637945
        ],
        [
            14.667985585937293,
            54.61705547729242
        ],
        [
            87.33703529907775,
            50.258228498083035
        ],
        [
            98.03744509644443,
            13.588161422128685
        ],
        [
            13.917248304410258,
            29.2245047193724
        ],
        [
            73.61116175303238,
            72.53622913657948
        ]
    ],
    "distances": [
        [
            0.0,
            63.53985757707417,
            21.066797350784423,
            20.412567127775148,
            42.51127469636838,
            27.336708314014405,
            69.95896755339017,
            25.131658703632535,
            31.16742493794795,
            17.46051408142087,
            67.68191015402832,
            21.777636520937655,
            54.44142081252145,
            92.49861820054443,
            61.60677561191539,
            26.166943211825036,
            63.80844775764511,
            73.75139845998638,
            0.0
        ],
        [
            63.53985757707417,
            0.0,
            71.5602440425075,
            53.334252376005495,
            63.10867938312136,
            64.25779255078108,
            49.66488227539157,
            45.86282550478451,
            68.63968557143828,
            80.68604505374374,
            4.381761434233289,
            42.490650862947874,
            15.543574792822792,
            31.184796986070463,
            36.09771904358721,
            60.43857620235047,
            65.69800195996281,
            19.99920540089234,
            63.53985757707417
        ],
        [
            21.066797350784423,
            71.5602440425075,
            0.0,
            18.24937309348048,
            27.673440223328164,
            48.387755036865606,
            62.33410067998481,
            43.486211185082354,
            12.93142276661033,
            26.99858369580528,
            75.93610529269705,
            36.319104423149625,
            66.46613971450415,
            102.42095639755038,
            78.40361540615474,
            14.1249644809915,
            50.083616015454815,
            85.75641121928412,
            21.066797350784423
        ],
        [
            20.412567127775148,
            53.334252376005495,
            18.24937309348048,
            0.0,
            23.980720203225797,
            43.50659684764901,
            49.84757177385692,
            31.876932779245728,
            18.268626872576046,
            35.67415495230059,
            57.713010612030615,
            22.3064275066166,
            49.03625446908271,
            84.27394798303534,
            63.23602284713417,
            9.745000741492083,
            43.89204308910904,
            68.0825561583552,
            20.412567127775148
        ],
        [
            42.51127469636838,
            63.10867938312136,
            27.673440223328164,
            23.980720203225797,
            0.0,
            67.42403434891392,
            37.12057037713017,
            55.15343382218133,
            15.148890046023903,
            53.93086288031294,
            67.25381486067363,
            44.96139049030234,
            64.32862916255912,
            93.78056585661355,
            82.52151293245781,
            16.364737398345,
            22.423826549680122,
            81.36676929632756,
            42.51127469636838
        ],
        [
            27.336708314014405,
            64.25779255078108,
            48.387755036865606,
            43.50659684764901,
            67.42403434891392,
            0.0,
            87.72156083425159,
            19.1565425449082,
            57.99362032846464,
            32.073110508937525,
            67.45975850302837,
            27.513343192448353,
            50.39507452290006,
            87.24917847603837,
            46.772573115065995,
            51.72550847240973,
            86.8275902070854,
            66.80467705477942,
            27.336708314014405
        ],
        [
            69.95896755339017,
            49.66488227539157,
            62.33410067998481,
            49.84757177385692,
            37.12057037713017,
            87.72156083425159,
            0.0,
            70.06679015606919,
            51.406127665921936,
            85.39234186285894,
            52.26861277590514,
            60.3316365039475,
            59.66570559500244,
            74.04756466377574,
            82.0129251371238,
            48.406218608114855,
            22.635929253058197,
            69.5093826580613,
            69.95896755339017
        ],
        [
            25.131658703632535,
            45.86282550478451,
            43.486211185082354,
            31.876932779245728,
            55.15343382218133,
            19.1565425449082,
            70.06679015606919,
            0.0,
            49.38550428483887,
            38.91126644782633,
            49.35760706584809,
            10.465602991615135,
            33.174986752159555,
            71.26455001028508,
            36.535967167712876,
            41.45267216335069,
            72.01699727538758,
            51.349786465422866,
            25.131658703632535
        ],
        [
            31.16742493794795,
            68.63968557143828,
            12.93142276661033,
            18.268626872576046,
            15.148890046023903,
            57.99362032846464,
            51.406127665921936,
            49.38550428483887,
            0.0,
            39.83801016136591,
            72.9885171261625,
            40.367444020188515,
            66.38758959613429,
            99.82393318764036,
            81.48059294300796,
            8.752716419006129,
            37.38423296615744,
            84.96415451035438,
            31.16742493794795
        ],
        [
            17.46051408142087,
            80.68604505374374,
            26.99858369580528,
            35.67415495230059,
            53.93086288031294,
            32.073110508937525,
            85.39234186285894,
            38.91126644782633,
            39.83801016136591,
            0.0,
            84.75603796249626,
            38.36459462480327,
            70.6930740994329,
            108.98453634534737,
            74.83925123670129,
            38.22025892927829,
            76.24843595638472,
            89.69195943648562,
            17.46051408142087
        ],
        [
            67.68191015402832,
            4.381761434233289,
            75.93610529269705,
            57.713010612030615,
            67.25381486067363,
            67.45975850302837,
            52.26861277590514,
            49.35760706584809,
            72.9885171261625,
            84.75603796249626,
            0.0,
            46.47369065684584,
            17.662860003580697,
            26.839285630771162,
            36.36327891397339,
            64.8075818665901,
            69.13666880397712,
            17.31698622552915,
            67.68191015402832
        ],
        [
            21.777636520937655,
            42.490650862947874,
            36.319104423149625,
            22.3064275066166,
            44.96139049030234,
            27.513343192448353,
            60.3316365039475,
            10.465602991615135,
            40.367444020188515,
            38.36459462480327,
            46.47369065684584,
            0.0,
            32.66403189495126,
            70.77208068540453,
            42.086547281066494,
            32.041475161011746,
            61.55638910097356,
            51.9995611385096,
            21.777636520937655
        ],
        [
            54.44142081252145,
            15.543574792822792,
            66.46613971450415,
            49.03625446908271,
            64.32862916255912,
            50.39507452290006,
            59.66570559500244,
            33.174986752159555,
            66.38758959613429,
            70.6930740994329,
            17.662860003580697,
            32.66403189495126,
            0.0,
            38.32389666470102,
            22.46367140847716,
            57.69101012423104,
            71.8936639134771,
            19.453118152828758,
            54.44142081252145
        ],
        [
            92.49861820054443,
            31.184796986070463,
            102.42095639755038,
            84.27394798303534,
            93.78056585661355,
            87.24917847603837,
            74.04756466377574,
            71.26455001028508,
            99.82393318764036,
            108.98453634534737,
            26.839285630771162,
            70.77208068540453,
            38.32389666470102,
            0.0,
            44.80785084721552,
            91.6066484014162,
            93.48541686235285,
            20.510960317906086,
            92.49861820054443
        ],
        [
            61.60677561191539,
            36.09771904358721,
            78.40361540615474,
            63.23602284713417,
            82.52151293245781,
            46.772573115065995,
            82.0129251371238,
            36.535967167712876,
            81.48059294300796,
            74.83925123670129,
            36.36327891397339,
            42.086547281066494,
            22.46367140847716,
            44.80785084721552,
            0.0,
            72.79965768357407,
            92.91844233769709,
            25.403646204027858,
            61.60677561191539
        ],
        [
            26.166943211825036,
            60.43857620235047,
            14.1249644809915,
            9.745000741492083,
            16.364737398345,
            51.72550847240973,
            48.406218608114855,
            41.45267216335069,
            8.752716419006129,
            38.22025892927829,
            64.8075818665901,
            32.041475161011746,
            57.69101012423104,
            91.6066484014162,
            72.79965768357407,
            0.0,
            38.19937943457422,
            76.37331116523262,
            26.166943211825036
        ],
        [
            63.80844775764511,
            65.69800195996281,
            50.083616015454815,
            43.89204308910904,
            22.423826549680122,
            86.8275902070854,
            22.635929253058197,
            72.01699727538758,
            37.38423296615744,
            76.24843595638472,
            69.13666880397712,
            61.55638910097356,
            71.8936639134771,
            93.48541686235285,
            92.91844233769709,
            38.19937943457422,
            0.0,
            85.56110529931117,
            63.80844775764511
        ],
        [
            73.75139845998638,
            19.99920540089234,
            85.75641121928412,
            68.0825561583552,
            81.36676929632756,
            66.80467705477942,
            69.5093826580613,
            51.349786465422866,
            84.96415451035438,
            89.69195943648562,
            17.31698622552915,
            51.9995611385096,
            19.453118152828758,
            20.510960317906086,
            25.403646204027858,
            76.37331116523262,
            85.56110529931117,
            0.0,
            73.75139845998638
        ],
        [
            0.0,
            63.53985757707417,
            21.066797350784423,
            20.412567127775148,
            42.51127469636838,
            27.336708314014405,
            69.95896755339017,
            25.131658703632535,
            31.16742493794795,
            17.46051408142087,
            67.68191015402832,
            21.777636520937655,
            54.44142081252145,
            92.49861820054443,
            61.60677561191539,
            26.166943211825036,
            63.80844775764511,
            73.75139845998638,
            0.0
        ]
    ],
    "scores_ave": [
        0,
        19.351819359625136,
        13.622905715140341,
        13.255123296298297,
        16.15845733901852,
        12.329021112556006,
        19.055272559127665,
        10.37798152558137,
        15.433047939345908,
        17.466911163259503,
        19.969694194695716,
        14.8016506359723,
        18.7258992847613,
        13.677600790235362,
        17.639086584083667,
        18.75949145616714,
        16.87674651732479,
        17.808382377544277,
        0
    ],
    "scores_var": [
        0,
        18.83320693303107,
        23.12372140458955,
        16.845771932598662,
        368.22522463116195,
        330.06130349863594,
        22.221212798800373,
        19.398079241213175,
        18.112864304990143,
        354.5548333900954,
        396.3120864192879,
        16.521432678785338,
        298.1822286923364,
        379.74496181826476,
        23.51250567849324,
        17.135180232201563,
        17.024694124204746,
        16.385865848212497,
        0
    ],
    "vertex_number": 19,
    "minimum_distances": {
        "cost": 379.1065427461655,
        "path": [
            0,
            9,
            5,
            7,
            11,
            12,
            14,
            17,
            13,
            10,
            1,
            6,
            16,
            4,
            8,
            15,
            3,
            2,
            18
        ]
    }
}