{
    "vertices": [
        [
            56.77196445957271,
            88.66628312603473
        ],
        [
            31.371449326716096,
            8.822763435013059
        ],
        [
            59.534674982533,
            20.780065149486006
        ],
        [
            85.83998820263844,
            26.14435851849233
        ],
        [
            80.43029510627476,
            88.80973120573003
        ],
        [
            5.988375543489921,
            20.242058997367717
        ],
        [
            48.84864567817646,
            69.29172290207445
        ],
        [
            50.69118911521422,
            65.2353290144495
        ],
        [
            31.56343666433935,
            73.27997415760511
        ],
        [
            9.552897135482198,
            59.12098557223058
        ],
        [
            30.712523810248605,
            62.388505935256966
        ],
        [
            15.066690259870052,
            44.75138899387072
        ],
        [
            18.85882250387192,
            75.37860503105216
        ],
        [
            5.676172764469268,
            50.883946101001
        ],
        [
            30.642475379225242,
            78.60629672048553
        ],
        [
            72.72304812394546,
            3.622321918187399
        ],
        [
            63.99784674286045,
            56.99567598634251
        ],
        [
            10.23154368936191,
            18.38889298483086
        ],
        [
            56.074815991303296,
            1.2583138568149521
        ],
        [
            59.94908195860301,
            32.03899119721466
        ],
        [
            89.83559562696377,
            70.23280311014902
        ],
        [
            43.555099816937485,
            13.33362898254954
        ],
        [
            8.247910099399036,
            23.39659354234086
        ],
        [
            56.77196445957271,
            88.66628312603473
        ]
    ],
    "distances": [
        [
            0.0,
            83.78647746304318,
            67.94241061806066,
            68.94882929360476,
            23.658765528662933,
            85.210605858706,
            20.932094123223553,
            24.207136124865546,
            29.5331741821808,
            55.70067258570418,
            37.00832367243625,
            60.56275937167623,
            40.174229577043526,
            63.54750128858441,
            27.9991700962695,
            86.52694613812312,
            32.484469079371685,
            84.29070132895589,
            87.41074938333202,
            56.716349201922846,
            37.85494540306895,
            76.48329419738468,
            81.33090574868108,
            0.0
        ],
        [
            83.78647746304318,
            0.0,
            30.596476000209584,
            57.15644656129243,
            93.83328493864124,
            27.833446531558334,
            62.944002504898066,
            59.62910280013859,
            64.45749664138721,
            54.82663923574448,
            53.569795150240104,
            39.455180937064505,
            67.72182720928909,
            49.288845846417985,
            69.78734069170973,
            41.677323751135276,
            58.18170942860158,
            23.203586897722012,
            25.83558054285097,
            36.819482863689274,
            84.78944141529968,
            12.991891596523713,
            27.333031123432416,
            83.78647746304318
        ],
        [
            67.94241061806066,
            30.596476000209584,
            0.0,
            26.846697133104087,
            71.16644155836234,
            53.549002177775286,
            49.674663161392864,
            45.32634694732189,
            59.48639019905284,
            62.99368456928972,
            50.61599295500408,
            50.51758141624906,
            68.08469381634002,
            61.700744805197964,
            64.64234104377903,
            21.640733326491105,
            36.48959263199334,
            49.361082439840075,
            19.825977851599074,
            11.266549999446962,
            57.99757825725219,
            17.629413888759217,
            51.35346602721649,
            67.94241061806066
        ],
        [
            68.94882929360476,
            57.15644656129243,
            26.846697133104087,
            0.0,
            62.89843967402723,
            80.06945225180297,
            56.83356820587355,
            52.569402237460416,
            71.88678813640105,
            83.10943505601473,
            65.97480998307138,
            73.17842089583188,
            83.12934252130908,
            83.89448432023089,
            76.15129927847993,
            26.06331233081277,
            37.80056789323449,
            76.00515855756782,
            38.79794705488216,
            26.55345025706629,
            44.26912948320654,
            44.18287651380639,
            77.64071610143333,
            68.94882929360476
        ],
        [
            23.658765528662933,
            93.83328493864124,
            71.16644155836234,
            62.89843967402723,
            0.0,
            101.20832505414536,
            37.12617982961443,
            37.949530482257416,
            51.275171457128636,
            76.84417453783169,
            56.30220179919295,
            78.8260005136265,
            63.01937312246576,
            83.8244831949694,
            50.82260391270657,
            85.53535150550286,
            35.8072544146925,
            99.4331894099127,
            90.87595965228493,
            60.3522742994397,
            20.822150113589615,
            84.00251207214433,
            97.41239800071826,
            23.658765528662933
        ],
        [
            85.210605858706,
            27.833446531558334,
            53.549002177775286,
            80.06945225180297,
            101.20832505414536,
            0.0,
            65.13733403496795,
            63.42504149039533,
            58.88212119038956,
            39.041986960109455,
            48.863140474236616,
            26.136622868441247,
            56.618787637008,
            30.643477541673303,
            63.357784712780266,
            68.77304839107894,
            68.67260815349054,
            4.630194400256267,
            53.563365244295625,
            55.23518304618726,
            97.6188035814621,
            38.196664486665256,
            3.8802815110216304,
            85.210605858706
        ],
        [
            20.932094123223553,
            62.944002504898066,
            49.674663161392864,
            56.83356820587355,
            37.12617982961443,
            65.13733403496795,
            0.0,
            4.45525506440787,
            17.739351699802267,
            40.59063625226067,
            19.405497182481252,
            41.75462250111448,
            30.60130108472713,
            46.93302317391156,
            20.45057266613927,
            69.87458277317359,
            19.511306021179198,
            63.89349465789404,
            68.41609667113372,
            38.87139957719655,
            40.99775235378673,
            56.20791672790775,
            61.27628112479154,
            20.932094123223553
        ],
        [
            24.207136124865546,
            59.62910280013859,
            45.32634694732189,
            52.569402237460416,
            37.949530482257416,
            63.42504149039533,
            4.45525506440787,
            0.0,
            20.750595878221105,
            41.5901943099463,
            20.180472467513248,
            41.093755212453964,
            33.40936414282509,
            47.247369118145166,
            24.098416957623822,
            65.43367217896804,
            15.651166705488391,
            61.89968882525052,
            64.20313003912777,
            34.46310236144804,
            39.46212498705927,
            52.3899822167779,
            59.597917073664746,
            24.207136124865546
        ],
        [
            29.5331741821808,
            64.45749664138721,
            59.48639019905284,
            71.88678813640105,
            51.275171457128636,
            58.88212119038956,
            17.739351699802267,
            20.750595878221105,
            0.0,
            26.17137382928434,
            10.924657098677116,
            32.9548602390879,
            12.876780362704594,
            34.23057850714351,
            5.405356762742684,
            80.90922154497221,
            36.292827446649255,
            58.89041051149146,
            76.07842840774728,
            50.0655923195858,
            58.351775993176275,
            61.13398633339959,
            55.06328577743757,
            29.5331741821808
        ],
        [
            55.70067258570418,
            54.82663923574448,
            62.99368456928972,
            83.10943505601473,
            76.84417453783169,
            39.041986960109455,
            40.59063625226067,
            41.5901943099463,
            26.17137382928434,
            0.0,
            21.4104294758017,
            15.391140972759564,
            18.73260359453254,
            9.103725122135426,
            28.71319663575041,
            84.08667934512494,
            54.4864155417277,
            40.737745736522974,
            74.24538849028647,
            57.21197308304046,
            81.04803616417938,
            57.031849090322964,
            35.74821921536223,
            55.70067258570418
        ],
        [
            37.00832367243625,
            53.569795150240104,
            50.61599295500408,
            65.97480998307138,
            56.30220179919295,
            48.863140474236616,
            19.405497182481252,
            20.180472467513248,
            10.924657098677116,
            21.4104294758017,
            0.0,
            23.57668342855468,
            17.585588110136534,
            27.55310818523877,
            16.217942062300427,
            72.23813769083334,
            33.7193614646862,
            48.53283925858305,
            66.1826733233435,
            42.14106521193734,
            59.64118224190796,
            50.708112874892585,
            45.00031223485605,
            37.00832367243625
        ],
        [
            60.56275937167623,
            39.455180937064505,
            50.51758141624906,
            73.17842089583188,
            78.8260005136265,
            26.136622868441247,
            41.75462250111448,
            41.093755212453964,
            32.9548602390879,
            15.391140972759564,
            23.57668342855468,
            0.0,
            30.861086000725617,
            11.215617482048964,
            37.266068470686974,
            70.82270653304906,
            50.43987151764869,
            26.802235693780084,
            59.777202685326586,
            46.64798111750303,
            78.99171902901394,
            42.41067227974798,
            22.417025932391514,
            60.56275937167623
        ],
        [
            40.174229577043526,
            67.72182720928909,
            68.08469381634002,
            83.12934252130908,
            63.01937312246576,
            56.618787637008,
            30.60130108472713,
            33.40936414282509,
            12.876780362704594,
            18.73260359453254,
            17.585588110136534,
            30.861086000725617,
            0.0,
            27.816731839871267,
            12.217711272118844,
            89.72356974521125,
            48.7387278199875,
            57.63902513796113,
            82.93881922845442,
            59.722119430938456,
            71.16306345553164,
            66.77937680139806,
            53.0539440613788,
            40.174229577043526
        ],
        [
            63.54750128858441,
            49.288845846417985,
            61.700744805197964,
            83.89448432023089,
            83.8244831949694,
            30.643477541673303,
            46.93302317391156,
            47.247369118145166,
            34.23057850714351,
            9.103725122135426,
            27.55310818523877,
            11.215617482048964,
            27.816731839871267,
            0.0,
            37.30743880409382,
            82.03014455592924,
            58.64103424934734,
            32.81280057060165,
            70.72995556863373,
            57.45155348396097,
            86.35500404787564,
            53.33703619758486,
            27.607397262399655,
            63.54750128858441
        ],
        [
            27.9991700962695,
            69.78734069170973,
            64.64234104377903,
            76.15129927847993,
            50.82260391270657,
            63.357784712780266,
            20.45057266613927,
            24.098416957623822,
            5.405356762742684,
            28.71319663575041,
            16.217942062300427,
            37.266068470686974,
            12.217711272118844,
            37.30743880409382,
            0.0,
            85.98471422104845,
            39.744178533729794,
            63.582559284060785,
            81.42183000944792,
            55.021733277824694,
            59.782446252270226,
            66.53763614298597,
            59.57875358792961,
            27.9991700962695
        ],
        [
            86.52694613812312,
            41.677323751135276,
            21.640733326491105,
            26.06331233081277,
            85.53535150550286,
            68.77304839107894,
            69.87458277317359,
            65.43367217896804,
            80.90922154497221,
            84.08667934512494,
            72.23813769083334,
            70.82270653304906,
            89.72356974521125,
            82.03014455592924,
            85.98471422104845,
            0.0,
            54.081827480449824,
            64.21245788446201,
            16.815236164162933,
            31.15575876955857,
            68.77350861100321,
            30.742132218481842,
            67.43934490748047,
            86.52694613812312
        ],
        [
            32.484469079371685,
            58.18170942860158,
            36.48959263199334,
            37.80056789323449,
            35.8072544146925,
            68.67260815349054,
            19.511306021179198,
            15.651166705488391,
            36.292827446649255,
            54.4864155417277,
            33.7193614646862,
            50.43987151764869,
            48.7387278199875,
            58.64103424934734,
            39.744178533729794,
            54.081827480449824,
            0.0,
            66.19138189950756,
            56.29767271786831,
            25.2829707894885,
            29.03120393455628,
            48.21078977198734,
            65.09188718134375,
            32.484469079371685
        ],
        [
            84.29070132895589,
            23.203586897722012,
            49.361082439840075,
            76.00515855756782,
            99.4331894099127,
            4.630194400256267,
            63.89349465789404,
            61.89968882525052,
            58.89041051149146,
            40.737745736522974,
            48.53283925858305,
            26.802235693780084,
            57.63902513796113,
            32.81280057060165,
            63.582559284060785,
            64.21245788446201,
            66.19138189950756,
            0.0,
            48.9393742972993,
            51.557335004450884,
            94.99787419709179,
            33.704822905935,
            5.386266526353385,
            84.29070132895589
        ],
        [
            87.41074938333202,
            25.83558054285097,
            19.825977851599074,
            38.79794705488216,
            90.87595965228493,
            53.563365244295625,
            68.41609667113372,
            64.20313003912777,
            76.07842840774728,
            74.24538849028647,
            66.1826733233435,
            59.777202685326586,
            82.93881922845442,
            70.72995556863373,
            81.42183000944792,
            16.815236164162933,
            56.29767271786831,
            48.9393742972993,
            0.0,
            31.02354000302308,
            76.79368730153492,
            17.394152134337318,
            52.70214753335613,
            87.41074938333202
        ],
        [
            56.716349201922846,
            36.819482863689274,
            11.266549999446962,
            26.55345025706629,
            60.3522742994397,
            55.23518304618726,
            38.87139957719655,
            34.46310236144804,
            50.0655923195858,
            57.21197308304046,
            42.14106521193734,
            46.64798111750303,
            59.722119430938456,
            57.45155348396097,
            55.021733277824694,
            31.15575876955857,
            25.2829707894885,
            51.557335004450884,
            31.02354000302308,
            0.0,
            48.49712329293069,
            24.872740621874982,
            52.418529251018796,
            56.716349201922846
        ],
        [
            37.85494540306895,
            84.78944141529968,
            57.99757825725219,
            44.26912948320654,
            20.822150113589615,
            97.6188035814621,
            40.99775235378673,
            39.46212498705927,
            58.351775993176275,
            81.04803616417938,
            59.64118224190796,
            78.99171902901394,
            71.16306345553164,
            86.35500404787564,
            59.782446252270226,
            68.77350861100321,
            29.03120393455628,
            94.99787419709179,
            76.79368730153492,
            48.49712329293069,
            0.0,
            73.3443952107095,
            94.07540037876235,
            37.85494540306895
        ],
        [
            76.48329419738468,
            12.991891596523713,
            17.629413888759217,
            44.18287651380639,
            84.00251207214433,
            38.196664486665256,
            56.20791672790775,
            52.3899822167779,
            61.13398633339959,
            57.031849090322964,
            50.708112874892585,
            42.41067227974798,
            66.77937680139806,
            53.33703619758486,
            66.53763614298597,
            30.742132218481842,
            48.21078977198734,
            33.704822905935,
            17.394152134337318,
            24.872740621874982,
            73.3443952107095,
            0.0,
            36.71322515772577,
            76.48329419738468
        ],
        [
            81.33090574868108,
            27.333031123432416,
            51.35346602721649,
            77.64071610143333,
            97.41239800071826,
            3.8802815110216304,
            61.27628112479154,
            59.597917073664746,
            55.06328577743757,
            35.74821921536223,
            45.00031223485605,
            22.417025932391514,
            53.0539440613788,
            27.607397262399655,
            59.57875358792961,
            67.43934490748047,
            65.09188718134375,
            5.386266526353385,
            52.70214753335613,
            52.418529251018796,
            94.07540037876235,
            36.71322515772577,
            0.0,
            81.33090574868108
        ],
        [
            0.0,
            83.78647746304318,
            67.94241061806066,
            68.94882929360476,
            23.658765528662933,
            85.210605858706,
            20.932094123223553,
            24.207136124865546,
            29.5331741821808,
            55.70067258570418,
            37.00832367243625,
            60.56275937167623,
            40.174229577043526,
            63.54750128858441,
            27.9991700962695,
            86.52694613812312,
            32.484469079371685,
            84.29070132895589,
            87.41074938333202,
            56.716349201922846,
            37.85494540306895,
            76.48329419738468,
            81.33090574868108,
            0.0
        ]
    ],
    "scores_ave": [
        0,
        19.597627811548072,
        12.914941946510588,
        11.749835145455474,
        11.826090405883129,
        15.697897152681405,
        13.281706030832057,
        19.997458653247815,
        15.712934914862295,
        10.359417528277246,
        14.759665287867314,
        12.644998298844907,
        12.79299214787197,
        16.335637201049902,
        10.553663905167463,
        13.923022813327867,
        17.76116087791763,
        13.203754005286857,
        14.567251612407514,
        18.276544653403924,
        16.739183891911537,
        19.47446079613909,
        12.036970202255207,
        0
    ],
    "scores_var": [
        0,
        24.909762593600348,
        299.97346447354977,
        399.0175300136483,
        22.039456897479745,
        310.9076731954215,
        21.888292348511136,
        377.9323814929654,
        19.64711801017596,
        373.7500451287762,
        317.7213585462853,
        20.009054478949224,
        326.0037416894909,
        299.99657877015056,
        19.570123859763147,
        301.0607041522501,
        17.31498313790158,
        295.66002287522235,
        242.36508540005883,
        16.463080518681913,
        19.253377805755285,
        20.94386197358523,
        21.767167603382543,
        0
    ],
    "vertex_number": 24,
    "minimum_distances": {
        "cost": 400.35585806669184,
        "path": [
            0,
            6,
            7,
            8,
            14,
            12,
            10,
            9,
            13,
            11,
            22,
            5,
            17,
            1,
            21,
            19,
            2,
            18,
            15,
            3,
            16,
            20,
            4,
            23
        ]
    }
}