{
    "vertices": [
        [
            63.21080764828031,
            32.765001800401436
        ],
        [
            56.53077331131245,
            78.24336530338914
        ],
        [
            3.048023514948417,
            50.342998575718944
        ],
        [
            18.04990385968075,
            91.68065807294136
        ],
        [
            32.96302883057559,
            36.72422094079
        ],
        [
            93.39606645790975,
            1.4824518331161718
        ],
        [
            53.69876219177853,
            32.33123572766018
        ],
        [
            12.441213427113818,
            52.838826250755844
        ],
        [
            92.22793480945876,
            13.35671458499913
        ],
        [
            90.54182831080826,
            80.78046738908174
        ],
        [
            89.21548020489051,
            25.78336010543478
        ],
        [
            33.73681875024752,
            49.5654132978821
        ],
        [
            37.118701424642296,
            22.986818620964645
        ],
        [
            7.411179756413722,
            98.74015351008661
        ],
        [
            89.69869514632775,
            10.306928319294073
        ],
        [
            25.813727349324722,
            78.14908620011582
        ],
        [
            21.04418201583529,
            47.63760751037148
        ],
        [
            31.146431481537117,
            8.666675116104372
        ],
        [
            63.21080764828031,
            32.765001800401436
        ]
    ],
    "distances": [
        [
            0.0,
            45.96633992013018,
            62.67811871225048,
            74.23315825847111,
            30.505795180693216,
            43.47122935758789,
            9.521930569607067,
            54.59404844344802,
            34.90952994990836,
            55.24915950630626,
            26.92556992030833,
            33.92594653132084,
            27.86415032754866,
            86.40786489658653,
            34.72712554462341,
            58.80694458724182,
            44.71262369656922,
            40.110516924436574,
            0.0
        ],
        [
            45.96633992013018,
            0.0,
            60.322756811330855,
            40.75951607573601,
            47.74178388489114,
            85.15449298525174,
            45.99939053030692,
            50.88496728169439,
            74.05784752796345,
            34.10555305477327,
            61.80891691405462,
            36.63317206797765,
            58.567179257671334,
            53.22455070537149,
            75.60073087575017,
            30.717190645958834,
            46.86161085427065,
            74.06268039673078,
            45.96633992013018
        ],
        [
            62.67811871225048,
            60.322756811330855,
            0.0,
            43.97565811430192,
            32.869113880718515,
            102.71378627822682,
            53.757984796709444,
            9.719113771815099,
            96.54554252754971,
            92.63695475036116,
            89.59914304391593,
            30.698644788629114,
            43.69406910489115,
            48.593433076174264,
            95.45274126889451,
            35.936830411851474,
            18.198375246309894,
            50.26366945784276,
            62.67811871225048
        ],
        [
            74.23315825847111,
            40.75951607573601,
            43.97565811430192,
            0.0,
            56.943931008120884,
            117.52770153100418,
            69.2329042659669,
            39.24468508819138,
            107.8750221278707,
            73.30684325199441,
            96.98965478835474,
            44.941886267123245,
            71.29139232212705,
            12.767886527241288,
            108.42155314722771,
            15.600653592968172,
            44.144716609505046,
            84.04070681585245,
            74.23315825847111
        ],
        [
            30.505795180693216,
            47.74178388489114,
            32.869113880718515,
            56.943931008120884,
            0.0,
            69.95808978742473,
            21.195965585688278,
            26.092631368831707,
            63.70533285348871,
            72.5001448322516,
            57.30655042347493,
            12.864484909689411,
            14.352206701612827,
            67.07363776886035,
            62.584416444847655,
            42.03726886255951,
            16.160473873323348,
            28.116292494439367,
            30.505795180693216
        ],
        [
            43.47122935758789,
            85.15449298525174,
            102.71378627822682,
            117.52770153100418,
            69.95808978742473,
            0.0,
            50.27448093983744,
            95.87056598645157,
            11.93158193404663,
            79.34936639012643,
            24.657888074175705,
            76.62373666342805,
            60.24599244791271,
            129.81702999435663,
            9.567755215870454,
            102.20149404265572,
            85.82012338554968,
            62.662828845109324,
            43.47122935758789
        ],
        [
            9.521930569607067,
            45.99939053030692,
            53.757984796709444,
            69.2329042659669,
            21.195965585688278,
            50.27448093983744,
            0.0,
            46.073274239320675,
            42.94798709132119,
            60.866571857081695,
            36.115259013151864,
            26.372259335992112,
            19.031987444978895,
            80.94865439736331,
            42.20266922305092,
            53.63628053921306,
            36.06392412949104,
            32.68973920670057,
            9.521930569607067
        ],
        [
            54.59404844344802,
            50.88496728169439,
            9.719113771815099,
            39.24468508819138,
            26.092631368831707,
            95.87056598645157,
            46.073274239320675,
            0.0,
            89.02111013984953,
            82.94842587243075,
            81.40200419894978,
            21.54571972431467,
            38.73139260854526,
            46.17610943871905,
            88.19116068658444,
            28.625746930061055,
            10.053046549372674,
            47.96940815067468,
            54.59404844344802
        ],
        [
            34.90952994990836,
            74.05784752796345,
            96.54554252754971,
            107.8750221278707,
            63.70533285348871,
            11.93158193404663,
            42.94798709132119,
            89.02111013984953,
            0.0,
            67.44483225059449,
            12.78657114456991,
            68.79157303283921,
            55.94431613672374,
            120.35037839742087,
            3.9621016569540783,
            92.78414935790005,
            79.00826717214181,
            61.261297072610965,
            34.90952994990836
        ],
        [
            55.24915950630626,
            34.10555305477327,
            92.63695475036116,
            73.30684325199441,
            72.5001448322516,
            79.34936639012643,
            60.866571857081695,
            82.94842587243075,
            67.44483225059449,
            0.0,
            55.01309852087087,
            64.81657745586321,
            78.70283555392317,
            85.04854528232258,
            70.47858243859574,
            64.78156544142516,
            76.99592197955026,
            93.42490139409685,
            55.24915950630626
        ],
        [
            26.92556992030833,
            61.80891691405462,
            89.59914304391593,
            96.98965478835474,
            57.30655042347493,
            24.657888074175705,
            36.115259013151864,
            81.40200419894978,
            12.78657114456991,
            55.01309852087087,
            0.0,
            60.3611458708935,
            52.17178359566101,
            109.61130085786642,
            15.483973569813875,
            82.2310861814521,
            71.58864453540984,
            60.539204856515575,
            26.92556992030833
        ],
        [
            33.92594653132084,
            36.63317206797765,
            30.698644788629114,
            44.941886267123245,
            12.864484909689411,
            76.62373666342805,
            26.372259335992112,
            21.54571972431467,
            68.79157303283921,
            64.81657745586321,
            60.3611458708935,
            0.0,
            26.79288759024,
            55.77808120912251,
            68.3590539181474,
            29.661451986193576,
            12.83820323978828,
            40.98068924583261,
            33.92594653132084
        ],
        [
            27.86415032754866,
            58.567179257671334,
            43.69406910489115,
            71.29139232212705,
            14.352206701612827,
            60.24599244791271,
            19.031987444978895,
            38.73139260854526,
            55.94431613672374,
            78.70283555392317,
            52.17178359566101,
            26.79288759024,
            0.0,
            81.37017015154714,
            54.087293866812026,
            56.30877554446976,
            29.428754086678843,
            15.515621749485561,
            27.86415032754866
        ],
        [
            86.40786489658653,
            53.22455070537149,
            48.593433076174264,
            12.767886527241288,
            67.07363776886035,
            129.81702999435663,
            80.94865439736331,
            46.17610943871905,
            120.35037839742087,
            85.04854528232258,
            109.61130085786642,
            55.77808120912251,
            81.37017015154714,
            0.0,
            120.79598712991572,
            27.616042635995157,
            52.88978122717464,
            93.14823500446028,
            86.40786489658653
        ],
        [
            34.72712554462341,
            75.60073087575017,
            95.45274126889451,
            108.42155314722771,
            62.584416444847655,
            9.567755215870454,
            42.20266922305092,
            88.19116068658444,
            3.9621016569540783,
            70.47858243859574,
            15.483973569813875,
            68.3590539181474,
            54.087293866812026,
            120.79598712991572,
            0.0,
            93.18716379604253,
            78.14743618348653,
            58.57523376685521,
            34.72712554462341
        ],
        [
            58.80694458724182,
            30.717190645958834,
            35.936830411851474,
            15.600653592968172,
            42.03726886255951,
            102.20149404265572,
            53.63628053921306,
            28.625746930061055,
            92.78414935790005,
            64.78156544142516,
            82.2310861814521,
            29.661451986193576,
            56.30877554446976,
            27.616042635995157,
            93.18716379604253,
            0.0,
            30.88201571340403,
            69.68675041504856,
            58.80694458724182
        ],
        [
            44.71262369656922,
            46.86161085427065,
            18.198375246309894,
            44.144716609505046,
            16.160473873323348,
            85.82012338554968,
            36.06392412949104,
            10.053046549372674,
            79.00826717214181,
            76.99592197955026,
            71.58864453540984,
            12.83820323978828,
            29.428754086678843,
            52.88978122717464,
            78.14743618348653,
            30.88201571340403,
            0.0,
            40.25902403121331,
            44.71262369656922
        ],
        [
            40.110516924436574,
            74.06268039673078,
            50.26366945784276,
            84.04070681585245,
            28.116292494439367,
            62.662828845109324,
            32.68973920670057,
            47.96940815067468,
            61.261297072610965,
            93.42490139409685,
            60.539204856515575,
            40.98068924583261,
            15.515621749485561,
            93.14823500446028,
            58.57523376685521,
            69.68675041504856,
            40.25902403121331,
            0.0,
            40.110516924436574
        ],
        [
            0.0,
            45.96633992013018,
            62.67811871225048,
            74.23315825847111,
            30.505795180693216,
            43.47122935758789,
            9.521930569607067,
            54.59404844344802,
            34.90952994990836,
            55.24915950630626,
            26.92556992030833,
            33.92594653132084,
            27.86415032754866,
            86.40786489658653,
            34.72712554462341,
            58.80694458724182,
            44.71262369656922,
            40.110516924436574,
            0.0
        ]
    ],
    "scores_ave": [
        0,
        18.279489349748598,
        14.919838681994392,
        17.907318143788146,
        18.33333989885221,
        18.04029193063426,
        17.616918855035273,
        18.792112934145116,
        18.291920463833456,
        17.918653554713863,
        17.6892515964257,
        17.844130685794358,
        12.480438492657393,
        14.109338151096154,
        13.52398880423973,
        19.30394939718452,
        10.519152598706583,
        11.68649788353749,
        0
    ],
    "scores_var": [
        0,
        20.7237381268966,
        357.3627334357135,
        340.41566318762375,
        282.7184779238398,
        16.95823795081948,
        24.96822954913886,
        22.925665166659176,
        24.358410344750382,
        294.7897896622833,
        360.61809767997437,
        23.31764186925902,
        22.669033368650766,
        358.2462494347218,
        24.26934133356264,
        18.74443178765554,
        20.539614938472397,
        21.082786189815092,
        0
    ],
    "vertex_number": 19,
    "minimum_distances": {
        "cost": 383.36519595516853,
        "path": [
            0,
            6,
            17,
            12,
            4,
            11,
            16,
            7,
            2,
            13,
            3,
            15,
            1,
            9,
            10,
            8,
            5,
            14,
            18
        ]
    }
}