{
    "vertices": [
        [
            48.30829518827648,
            41.84529519157797
        ],
        [
            99.97674777053942,
            57.75635608153795
        ],
        [
            25.817157660409407,
            73.41892828273838
        ],
        [
            38.912667177945636,
            27.194032860241634
        ],
        [
            89.41542202992431,
            58.95521615325142
        ],
        [
            24.541758946309223,
            41.56557212228661
        ],
        [
            98.02217974180425,
            43.696480997234346
        ],
        [
            84.10399630433822,
            30.171820993831734
        ],
        [
            14.803203547243704,
            44.920097932343076
        ],
        [
            26.426471374485228,
            96.49033475929755
        ],
        [
            68.71019123723244,
            52.924567001131216
        ],
        [
            29.785270384072447,
            62.59848000973044
        ],
        [
            52.61706270610858,
            47.51695770359746
        ],
        [
            5.392243061493163,
            3.8758962220156734
        ],
        [
            48.30829518827648,
            41.84529519157797
        ]
    ],
    "distances": [
        [
            0.0,
            54.06284168344805,
            38.76526246361103,
            17.405094472887775,
            44.52578210980731,
            23.768182301897575,
            49.748338728931955,
            37.651058660227214,
            33.64588500498421,
            58.86335500780975,
            23.216107042791776,
            27.817209205697687,
            7.122726526616914,
            57.301507731111066,
            0.0
        ],
        [
            54.06284168344805,
            0.0,
            75.79552079945299,
            68.2852659019629,
            10.629151747478629,
            77.1529586219925,
            14.19508448601751,
            31.825317203646023,
            86.13537112493614,
            83.12619480130857,
            31.637694972422047,
            70.358294904232,
            48.453947708563895,
            108.85463924761858,
            54.06284168344805
        ],
        [
            38.76526246361103,
            75.79552079945299,
            0.0,
            48.04407691219223,
            65.22222166853393,
            31.87887922378262,
            78.08321898086864,
            72.57870106278837,
            30.55307703894212,
            23.07945103352282,
            47.537681619568986,
            11.52510387877424,
            37.27126225849043,
            72.48041421357723,
            38.76526246361103
        ],
        [
            17.405094472887775,
            68.2852659019629,
            48.04407691219223,
            0.0,
            59.65987773882226,
            20.323979535578545,
            61.36990524720642,
            45.289330425371595,
            29.92456548557579,
            70.41223290400222,
            39.36944027084028,
            36.56206025641542,
            24.511869185784708,
            40.83325028975558,
            17.405094472887775
        ],
        [
            44.52578210980731,
            10.629151747478629,
            65.22222166853393,
            59.65987773882226,
            0.0,
            67.16391800222851,
            17.51871219218114,
            29.269353941310737,
            75.92079879968426,
            73.32457318964285,
            21.565604822833144,
            59.74134545551528,
            38.5350879755806,
            100.4670398093247,
            44.52578210980731
        ],
        [
            23.768182301897575,
            77.1529586219925,
            31.87887922378262,
            20.323979535578545,
            67.16391800222851,
            0.0,
            73.51131214252912,
            60.64221041379801,
            10.300111876625571,
            54.957089548746254,
            45.60567043357094,
            21.67666086830835,
            28.699158028458577,
            42.275473126746746,
            23.768182301897575
        ],
        [
            49.748338728931955,
            14.19508448601751,
            78.08321898086864,
            61.36990524720642,
            17.51871219218114,
            73.51131214252912,
            0.0,
            19.407015700683914,
            83.22797148359871,
            88.95581179253163,
            30.730282156001554,
            70.80650651856587,
            45.565564797213746,
            100.82650515235972,
            49.748338728931955
        ],
        [
            37.651058660227214,
            31.825317203646023,
            72.57870106278837,
            45.289330425371595,
            29.269353941310737,
            60.64221041379801,
            19.407015700683914,
            0.0,
            70.85274553196078,
            87.89108117490701,
            27.471015367414697,
            63.26145904525375,
            35.948306704207724,
            82.98804587509902,
            37.651058660227214
        ],
        [
            33.64588500498421,
            86.13537112493614,
            30.55307703894212,
            29.92456548557579,
            75.92079879968426,
            10.300111876625571,
            83.22797148359871,
            70.85274553196078,
            0.0,
            52.863878796130344,
            54.49802608243516,
            23.172991165952105,
            37.90292370197882,
            42.10929435768784,
            33.64588500498421
        ],
        [
            58.86335500780975,
            83.12619480130857,
            23.07945103352282,
            70.41223290400222,
            73.32457318964285,
            54.957089548746254,
            88.95581179253163,
            87.89108117490701,
            52.863878796130344,
            0.0,
            60.711523500812994,
            34.0578823351153,
            55.536823230536655,
            94.97301188389805,
            58.86335500780975
        ],
        [
            23.216107042791776,
            31.637694972422047,
            47.537681619568986,
            39.36944027084028,
            21.565604822833144,
            45.60567043357094,
            30.730282156001554,
            27.471015367414697,
            54.49802608243516,
            60.711523500812994,
            0.0,
            40.1090271176292,
            16.977368000784054,
            80.0932872741759,
            23.216107042791776
        ],
        [
            27.817209205697687,
            70.358294904232,
            11.52510387877424,
            36.56206025641542,
            59.74134545551528,
            21.67666086830835,
            70.80650651856587,
            63.26145904525375,
            23.172991165952105,
            34.0578823351153,
            40.1090271176292,
            0.0,
            27.3631696940792,
            63.58743294602543,
            27.817209205697687
        ],
        [
            7.122726526616914,
            48.453947708563895,
            37.27126225849043,
            24.511869185784708,
            38.5350879755806,
            28.699158028458577,
            45.565564797213746,
            35.948306704207724,
            37.90292370197882,
            55.536823230536655,
            16.977368000784054,
            27.3631696940792,
            0.0,
            64.30183385958487,
            7.122726526616914
        ],
        [
            57.301507731111066,
            108.85463924761858,
            72.48041421357723,
            40.83325028975558,
            100.4670398093247,
            42.275473126746746,
            100.82650515235972,
            82.98804587509902,
            42.10929435768784,
            94.97301188389805,
            80.0932872741759,
            63.58743294602543,
            64.30183385958487,
            0.0,
            57.301507731111066
        ],
        [
            0.0,
            54.06284168344805,
            38.76526246361103,
            17.405094472887775,
            44.52578210980731,
            23.768182301897575,
            49.748338728931955,
            37.651058660227214,
            33.64588500498421,
            58.86335500780975,
            23.216107042791776,
            27.817209205697687,
            7.122726526616914,
            57.301507731111066,
            0.0
        ]
    ],
    "scores_ave": [
        0,
        18.847403603340418,
        14.569253218302558,
        11.06349063910452,
        18.340104729973653,
        17.06475650713719,
        19.872524481681605,
        18.311967748489103,
        12.690674645080717,
        16.70170753332218,
        11.05479663403354,
        18.634541511854913,
        10.506527562768262,
        11.312069158619778,
        0
    ],
    "scores_var": [
        0,
        17.37797129307775,
        22.16429818453593,
        22.892281234063,
        16.234382980656058,
        376.98388356159023,
        16.603047860616453,
        257.04214949707017,
        322.95818153987,
        20.06508729578108,
        248.20519713311714,
        313.3180677964754,
        341.43114640149946,
        265.7249356795754,
        0
    ],
    "vertex_number": 15,
    "minimum_distances": {
        "cost": 342.8910734261233,
        "path": [
            0,
            3,
            13,
            8,
            5,
            11,
            2,
            9,
            12,
            10,
            4,
            1,
            6,
            7,
            14
        ]
    }
}