{
    "vertices": [
        [
            92.97227900907706,
            36.78444827503336
        ],
        [
            32.398885220317005,
            41.174665209098634
        ],
        [
            73.49287273562656,
            19.2931083206051
        ],
        [
            15.336875609936806,
            19.70047476891229
        ],
        [
            99.97464439169958,
            14.443864913393224
        ],
        [
            72.16937315795539,
            81.63636508646562
        ],
        [
            32.32192747093673,
            12.445563972447859
        ],
        [
            81.01457664490201,
            70.2259419089146
        ],
        [
            19.794105062424872,
            55.022990095447845
        ],
        [
            76.138555112992,
            49.01825282020171
        ],
        [
            90.85946845625253,
            51.20075093097384
        ],
        [
            32.025545818557724,
            74.30259422844803
        ],
        [
            70.96274464956191,
            5.728329878505267
        ],
        [
            59.79793968066798,
            73.29793938044047
        ],
        [
            25.62003982269082,
            54.80156155030842
        ],
        [
            23.137989744665322,
            57.628968393045795
        ],
        [
            6.704661603814177,
            62.292051993409515
        ],
        [
            8.87148903227014,
            57.00224757494263
        ],
        [
            68.99048796063416,
            15.703475750319429
        ],
        [
            49.8816529887243,
            47.452591054272894
        ],
        [
            61.83990816234595,
            85.89127181997982
        ],
        [
            11.606497256525861,
            31.5523736932687
        ],
        [
            92.97227900907706,
            36.78444827503336
        ]
    ],
    "distances": [
        [
            0.0,
            60.732281694469116,
            26.18003518270212,
            79.49288025795192,
            23.41227852837358,
            49.44143336828203,
            65.35171329655134,
            35.51506922835879,
            75.41677233813107,
            20.80961878216434,
            14.57030372709516,
            71.56895669477149,
            38.06444656870566,
            49.333272976573056,
            69.7204453097818,
            72.87881705966252,
            89.95965573652742,
            86.49683394930936,
            31.930137871279538,
            44.391568131618676,
            58.14382712905043,
            81.53382760936066,
            0.0
        ],
        [
            60.732281694469116,
            0.0,
            46.55661437188916,
            27.427231486354888,
            72.67061931783422,
            56.734829406317594,
            28.72920431130871,
            56.63446062760497,
            18.725826683665268,
            44.437378286001845,
            59.31409771030944,
            33.13003265045113,
            52.37951834875377,
            42.2210010398673,
            15.219889908241596,
            18.881426807320455,
            33.25864025863113,
            28.355788385035215,
            44.583930777245406,
            18.57577782386428,
            53.538292265119715,
            22.91095570360214,
            60.732281694469116
        ],
        [
            26.18003518270212,
            46.55661437188916,
            0.0,
            58.15742385204525,
            26.922098574717023,
            62.357303624404004,
            41.73650198073703,
            51.485236398731224,
            64.49947365106735,
            29.84265153708364,
            36.32762452837624,
            68.88819014527985,
            13.798723213223372,
            55.71420796512462,
            59.60418090936148,
            63.28706351638659,
            79.43282887550056,
            74.81913134379093,
            5.758205506209304,
            36.74841718719654,
            67.60996202362179,
            63.08892975330637,
            26.18003518270212
        ],
        [
            79.49288025795192,
            27.427231486354888,
            58.15742385204525,
            0.0,
            84.80084817693911,
            84.05942711542552,
            18.46958898799627,
            82.86364246733137,
            35.60262607428652,
            67.5009358472674,
            81.82865896809334,
            57.095561673439406,
            57.35379794967418,
            69.63816791879061,
            36.57635519651414,
            38.7224484032066,
            43.45753754088939,
            37.857938111727336,
            53.80228730670784,
            44.31164183898138,
            80.89347100246123,
            12.425104859628249,
            79.49288025795192
        ],
        [
            23.41227852837358,
            72.67061931783422,
            26.922098574717023,
            84.80084817693911,
            0.0,
            72.71839648871814,
            67.68222302356399,
            58.916248038189174,
            89.86425478283469,
            41.99461216909835,
            37.87024032196741,
            90.55466565625181,
            30.292752888970117,
            71.25987428286814,
            84.60112823391266,
            88.14093634569531,
            104.82718490972023,
            100.55347259648077,
            31.009749583078467,
            59.99069752171706,
            80.98759201851685,
            90.00905788183091,
            23.41227852837358
        ],
        [
            49.44143336828203,
            56.734829406317594,
            62.357303624404004,
            84.05942711542552,
            72.71839648871814,
            0.0,
            79.84476117178548,
            14.43729136009542,
            58.748961152442746,
            32.85872263504447,
            35.71619060428198,
            40.80822304944531,
            75.91762484094333,
            14.919172548698828,
            53.730318394568705,
            54.593329770369216,
            68.26295413992199,
            67.92246962795302,
            66.00947816268697,
            40.80775511377664,
            11.17148505823757,
            78.58923673968195,
            49.44143336828203
        ],
        [
            65.35171329655134,
            28.72920431130871,
            41.73650198073703,
            18.46958898799627,
            67.68222302356399,
            79.84476117178548,
            0.0,
            75.56153888096638,
            44.382243629166986,
            57.07414850417955,
            70.20404704002348,
            61.85774029315642,
            39.220326185598715,
            66.76782787948522,
            42.882931672933005,
            46.1073177185069,
            56.04388172254592,
            50.35097930148447,
            36.81300473391154,
            39.16421715504692,
            79.15543686521745,
            28.18154053056327,
            65.35171329655134
        ],
        [
            35.51506922835879,
            56.63446062760497,
            51.485236398731224,
            82.86364246733137,
            58.916248038189174,
            14.43729136009542,
            75.56153888096638,
            0.0,
            63.079916650416415,
            21.76101244113339,
            21.421479559645626,
            49.158358754527875,
            65.27619232222224,
            21.437883583440858,
            57.5018801361683,
            59.23160518659063,
            74.73225597160202,
            73.3450147053104,
            55.83258927098308,
            38.573105196885564,
            24.760259946907727,
            79.45518461946548,
            35.51506922835879
        ],
        [
            75.41677233813107,
            18.725826683665268,
            64.49947365106735,
            35.60262607428652,
            89.86425478283469,
            58.748961152442746,
            44.382243629166986,
            63.079916650416415,
            0.0,
            56.6635149037331,
            71.16807842373727,
            22.832242082108046,
            71.0506383018629,
            43.98045651801261,
            5.830141201675789,
            4.239420674534886,
            14.972400974211332,
            11.1004955345394,
            62.9786336673318,
            31.025336128074223,
            52.16033334769255,
            24.857730304302912,
            75.41677233813107
        ],
        [
            20.80961878216434,
            44.437378286001845,
            29.84265153708364,
            67.5009358472674,
            41.99461216909835,
            32.85872263504447,
            57.07414850417955,
            21.76101244113339,
            56.6635149037331,
            0.0,
            14.881820710629125,
            50.84540794860047,
            43.59823898108006,
            29.26634401783975,
            50.848471432326484,
            53.69547794776287,
            70.69129587392283,
            67.73922313808988,
            34.072998623992156,
            26.303539798450412,
            39.54833542359548,
            66.85389610835652,
            20.80961878216434
        ],
        [
            14.57030372709516,
            59.31409771030944,
            36.32762452837624,
            81.82865896809334,
            37.87024032196741,
            35.71619060428198,
            70.20404704002348,
            21.421479559645626,
            71.16807842373727,
            14.881820710629125,
            0.0,
            63.20700607273936,
            49.63487377452184,
            38.11960528714468,
            65.33872424183001,
            68.02588227008633,
            84.88255695741495,
            82.19298104666444,
            41.693031230276844,
            41.14887681276497,
            45.22794621914906,
            81.65226372893697,
            14.57030372709516
        ],
        [
            71.56895669477149,
            33.13003265045113,
            68.88819014527985,
            57.095561673439406,
            90.55466565625181,
            40.80822304944531,
            61.85774029315642,
            49.158358754527875,
            22.832242082108046,
            50.84540794860047,
            63.20700607273936,
            0.0,
            78.85768944079572,
            27.790559407752202,
            20.52610003329799,
            18.89440264908035,
            28.02499424078608,
            28.90350047994335,
            69.28393489100348,
            32.24535987899172,
            31.987398304444337,
            47.37635380635665,
            71.56895669477149
        ],
        [
            38.06444656870566,
            52.37951834875377,
            13.798723213223372,
            57.35379794967418,
            30.292752888970117,
            75.91762484094333,
            39.220326185598715,
            65.27619232222224,
            71.0506383018629,
            43.59823898108006,
            49.63487377452184,
            78.85768944079572,
            0.0,
            68.48580143531542,
            66.81424210249806,
            70.57537431661584,
            85.60698509003994,
            80.52539139968772,
            10.168251157942127,
            46.747474758283005,
            80.6803780747506,
            64.73055957992423,
            38.06444656870566
        ],
        [
            49.333272976573056,
            42.2210010398673,
            55.71420796512462,
            69.63816791879061,
            71.25987428286814,
            14.919172548698828,
            66.76782787948522,
            21.437883583440858,
            43.98045651801261,
            29.26634401783975,
            38.11960528714468,
            27.790559407752202,
            68.48580143531542,
            0.0,
            38.861868605831546,
            39.86813992543466,
            54.222004150733234,
            53.47011265242921,
            58.32345312754419,
            27.682391006879307,
            12.75780769618826,
            63.75819459066715,
            49.333272976573056
        ],
        [
            69.7204453097818,
            15.219889908241596,
            59.60418090936148,
            36.57635519651414,
            84.60112823391266,
            53.730318394568705,
            42.882931672933005,
            57.5018801361683,
            5.830141201675789,
            50.848471432326484,
            65.33872424183001,
            20.52610003329799,
            66.81424210249806,
            38.861868605831546,
            0.0,
            3.7622868104630873,
            20.344507372785948,
            16.89251232227822,
            58.39226048809323,
            25.350211848618734,
            47.73310116883318,
            27.145977810085242,
            69.7204453097818
        ],
        [
            72.87881705966252,
            18.881426807320455,
            63.28706351638659,
            38.7224484032066,
            88.14093634569531,
            54.593329770369216,
            46.1073177185069,
            59.23160518659063,
            4.239420674534886,
            53.69547794776287,
            68.02588227008633,
            18.89440264908035,
            70.57537431661584,
            39.86813992543466,
            3.7622868104630873,
            0.0,
            17.082114109467575,
            14.280259856200662,
            62.13049594185394,
            28.61437015649168,
            47.922815904377885,
            28.51252549565646,
            72.87881705966252
        ],
        [
            89.95965573652742,
            33.25864025863113,
            79.43282887550056,
            43.45753754088939,
            104.82718490972023,
            68.26295413992199,
            56.04388172254592,
            74.73225597160202,
            14.972400974211332,
            70.69129587392283,
            84.88255695741495,
            28.02499424078608,
            85.60698509003994,
            54.222004150733234,
            20.344507372785948,
            17.082114109467575,
            0.0,
            5.716395008249594,
            77.78187193241205,
            45.65591074567196,
            59.97348238590851,
            31.12805510728776,
            89.95965573652742
        ],
        [
            86.49683394930936,
            28.355788385035215,
            74.81913134379093,
            37.857938111727336,
            100.55347259648077,
            67.92246962795302,
            50.35097930148447,
            73.3450147053104,
            11.1004955345394,
            67.73922313808988,
            82.19298104666444,
            28.90350047994335,
            80.52539139968772,
            53.47011265242921,
            16.89251232227822,
            14.280259856200662,
            5.716395008249594,
            0.0,
            72.93752522790257,
            42.10735668975222,
            60.334311523126935,
            25.59641284594104,
            86.49683394930936
        ],
        [
            31.930137871279538,
            44.583930777245406,
            5.758205506209304,
            53.80228730670784,
            31.009749583078467,
            66.00947816268697,
            36.81300473391154,
            55.83258927098308,
            62.9786336673318,
            34.072998623992156,
            41.693031230276844,
            69.28393489100348,
            10.168251157942127,
            58.32345312754419,
            58.39226048809323,
            62.13049594185394,
            77.78187193241205,
            72.93752522790257,
            0.0,
            37.056091220842724,
            70.55109856386308,
            59.532427761138784,
            31.930137871279538
        ],
        [
            44.391568131618676,
            18.57577782386428,
            36.74841718719654,
            44.31164183898138,
            59.99069752171706,
            40.80775511377664,
            39.16421715504692,
            38.573105196885564,
            31.025336128074223,
            26.303539798450412,
            41.14887681276497,
            32.24535987899172,
            46.747474758283005,
            27.682391006879307,
            25.350211848618734,
            28.61437015649168,
            45.65591074567196,
            42.10735668975222,
            37.056091220842724,
            0.0,
            40.25583244457102,
            41.4464046504787,
            44.391568131618676
        ],
        [
            58.14382712905043,
            53.538292265119715,
            67.60996202362179,
            80.89347100246123,
            80.98759201851685,
            11.17148505823757,
            79.15543686521745,
            24.760259946907727,
            52.16033334769255,
            39.54833542359548,
            45.22794621914906,
            31.987398304444337,
            80.6803780747506,
            12.75780769618826,
            47.73310116883318,
            47.922815904377885,
            59.97348238590851,
            60.334311523126935,
            70.55109856386308,
            40.25583244457102,
            0.0,
            74.00075283980598,
            58.14382712905043
        ],
        [
            81.53382760936066,
            22.91095570360214,
            63.08892975330637,
            12.425104859628249,
            90.00905788183091,
            78.58923673968195,
            28.18154053056327,
            79.45518461946548,
            24.857730304302912,
            66.85389610835652,
            81.65226372893697,
            47.37635380635665,
            64.73055957992423,
            63.75819459066715,
            27.145977810085242,
            28.51252549565646,
            31.12805510728776,
            25.59641284594104,
            59.532427761138784,
            41.4464046504787,
            74.00075283980598,
            0.0,
            81.53382760936066
        ],
        [
            0.0,
            60.732281694469116,
            26.18003518270212,
            79.49288025795192,
            23.41227852837358,
            49.44143336828203,
            65.35171329655134,
            35.51506922835879,
            75.41677233813107,
            20.80961878216434,
            14.57030372709516,
            71.56895669477149,
            38.06444656870566,
            49.333272976573056,
            69.7204453097818,
            72.87881705966252,
            89.95965573652742,
            86.49683394930936,
            31.930137871279538,
            44.391568131618676,
            58.14382712905043,
            81.53382760936066,
            0.0
        ]
    ],
    "scores_ave": [
        0,
        16.392715229137746,
        12.672272060065477,
        16.805266021626835,
        17.641929301168407,
        19.796518872233264,
        11.662845058864116,
        18.514680306805833,
        18.250015517847793,
        16.550476159063734,
        13.707684910064732,
        13.844546050503991,
        11.193597702877478,
        15.364836573758154,
        19.515183482179438,
        18.013224012350953,
        12.510861392362369,
        17.282798929165818,
        17.84138743649698,
        15.52776350577027,
        18.01325163447489,
        19.155341689717424,
        0
    ],
    "scores_var": [
        0,
        239.3245397340274,
        18.06858430798194,
        393.9005498979144,
        321.40098310535853,
        293.40255641050703,
        319.07279057068155,
        354.27504353008885,
        24.811838694027564,
        399.0688626280187,
        16.627932630492566,
        19.593689273433856,
        379.01392274530906,
        252.45462165405442,
        326.0460536291239,
        242.2587327327468,
        323.8676522017265,
        323.6211155894467,
        23.800744258741624,
        23.74750911791309,
        356.52796551134384,
        24.30014748894837,
        0
    ],
    "vertex_number": 23,
    "minimum_distances": {
        "cost": 373.42667184625464,
        "path": [
            0,
            10,
            9,
            7,
            5,
            20,
            13,
            11,
            16,
            17,
            8,
            15,
            14,
            19,
            1,
            21,
            3,
            6,
            12,
            18,
            2,
            4,
            22
        ]
    }
}