{
    "vertices": [
        [
            85.69126013993706,
            50.05769949522889
        ],
        [
            78.64701557563171,
            35.5100740075507
        ],
        [
            91.36238339380871,
            65.31744027722691
        ],
        [
            27.598189337778646,
            42.55524321043143
        ],
        [
            64.34138860493242,
            9.812130731548418
        ],
        [
            1.882912777357626,
            79.01632335333812
        ],
        [
            89.9922061087424,
            84.13855541533513
        ],
        [
            52.03129899760198,
            19.376251937202195
        ],
        [
            64.02630078546434,
            66.09731238684205
        ],
        [
            99.98804267016492,
            21.194890585433235
        ],
        [
            54.53010165516249,
            1.841352419893083
        ],
        [
            71.54187901737204,
            21.034270376328035
        ],
        [
            18.64711915657584,
            34.18996649753784
        ],
        [
            85.04686544923962,
            42.708273846746536
        ],
        [
            50.654074458976815,
            54.506323377260415
        ],
        [
            85.69126013993706,
            50.05769949522889
        ]
    ],
    "distances": [
        [
            0.0,
            16.163378013629746,
            16.27947565784529,
            58.57552155576497,
            45.55790622574016,
            88.67040646913844,
            34.35116994330213,
            45.54496907847726,
            26.956254293646914,
            32.20962168172746,
            57.40935397130403,
            32.288766219406114,
            68.89631188012046,
            7.377621695368318,
            35.31847441334162,
            0.0
        ],
        [
            16.163378013629746,
            0.0,
            32.406167047124875,
            51.532679625260464,
            29.411481629483237,
            88.23560058480828,
            49.93438246599051,
            31.123890880795596,
            33.901983019390066,
            25.69754684514588,
            41.415073951334726,
            16.125503287688026,
            60.014417052366895,
            9.631830528498625,
            33.82990160311888,
            16.163378013629746
        ],
        [
            16.27947565784529,
            32.406167047124875,
            0.0,
            67.7051701048206,
            61.73308308469671,
            90.52201422490167,
            18.870923687897164,
            60.47749156401213,
            27.34720484578969,
            44.95777340190005,
            73.38821913459253,
            48.516507811344184,
            79.09759337044224,
            23.474670894164518,
            42.119433340899256,
            16.27947565784529
        ],
        [
            58.57552155576497,
            51.532679625260464,
            67.7051701048206,
            0.0,
            49.215588050845774,
            44.617102256493574,
            74.9812322034374,
            33.678516655182264,
            43.37322128631804,
            75.47552934394473,
            48.81545661340406,
            48.93056441921163,
            12.251510595518326,
            57.44887993107609,
            25.96925404927643,
            58.57552155576497
        ],
        [
            45.55790622574016,
            29.411481629483237,
            61.73308308469671,
            49.215588050845774,
            0.0,
            93.22167923362846,
            78.6281237528175,
            15.588801126993094,
            56.28606358863071,
            37.41993008996099,
            12.640991199438467,
            13.333547179448134,
            51.79039618551461,
            38.86994987398026,
            46.743057503570434,
            45.55790622574016
        ],
        [
            88.67040646913844,
            88.23560058480828,
            90.52201422490167,
            44.617102256493574,
            93.22167923362846,
            0.0,
            88.25805817404411,
            77.92174766402886,
            63.47205304288296,
            113.87683960585636,
            93.42217421636765,
            90.63272060937082,
            47.858550798039985,
            90.74424214783069,
            54.58357180143096,
            88.67040646913844
        ],
        [
            34.35116994330213,
            49.93438246599051,
            18.870923687897164,
            74.9812322034374,
            78.6281237528175,
            88.25805817404411,
            0.0,
            75.06787875312862,
            31.618265121138286,
            63.73242260248468,
            89.61244597236261,
            65.74621935946439,
            87.09180769217797,
            41.724388852217636,
            49.24995205330245,
            34.35116994330213
        ],
        [
            45.54496907847726,
            31.123890880795596,
            60.47749156401213,
            33.678516655182264,
            15.588801126993094,
            77.92174766402886,
            75.06787875312862,
            0.0,
            48.236268071128,
            47.99121492740879,
            17.71205001696751,
            19.580902886545655,
            36.523274808443404,
            40.4278477600522,
            35.157057140969364,
            45.54496907847726
        ],
        [
            26.956254293646914,
            33.901983019390066,
            27.34720484578969,
            43.37322128631804,
            56.28606358863071,
            63.47205304288296,
            31.618265121138286,
            48.236268071128,
            0.0,
            57.528031106700155,
            64.95387739924765,
            45.685464552757644,
            55.47385732944257,
            31.44695951302814,
            17.696538168439847,
            26.956254293646914
        ],
        [
            32.20962168172746,
            25.69754684514588,
            44.95777340190005,
            75.47552934394473,
            37.41993008996099,
            113.87683960585636,
            63.73242260248468,
            47.99121492740879,
            57.528031106700155,
            0.0,
            49.40631377514881,
            28.446617117208287,
            82.37243371422814,
            26.192831769307652,
            59.5272372457091,
            32.20962168172746
        ],
        [
            57.40935397130403,
            41.415073951334726,
            73.38821913459253,
            48.81545661340406,
            12.640991199438467,
            93.42217421636765,
            89.61244597236261,
            17.71205001696751,
            64.95387739924765,
            49.40631377514881,
            0.0,
            25.647001163953426,
            48.3117094060878,
            51.00370711401388,
            52.807411911264076,
            57.40935397130403
        ],
        [
            32.288766219406114,
            16.125503287688026,
            48.516507811344184,
            48.93056441921163,
            13.333547179448134,
            90.63272060937082,
            65.74621935946439,
            19.580902886545655,
            45.685464552757644,
            28.446617117208287,
            25.647001163953426,
            0.0,
            54.50621947232179,
            25.53717065300384,
            39.45476791677962,
            32.288766219406114
        ],
        [
            68.89631188012046,
            60.014417052366895,
            79.09759337044224,
            12.251510595518326,
            51.79039618551461,
            47.858550798039985,
            87.09180769217797,
            36.523274808443404,
            55.47385732944257,
            82.37243371422814,
            48.3117094060878,
            54.50621947232179,
            0.0,
            66.94391583875043,
            37.91041472463925,
            68.89631188012046
        ],
        [
            7.377621695368318,
            9.631830528498625,
            23.474670894164518,
            57.44887993107609,
            38.86994987398026,
            90.74424214783069,
            41.724388852217636,
            40.4278477600522,
            31.44695951302814,
            26.192831769307652,
            51.00370711401388,
            25.53717065300384,
            66.94391583875043,
            0.0,
            36.36011612776231,
            7.377621695368318
        ],
        [
            35.31847441334162,
            33.82990160311888,
            42.119433340899256,
            25.96925404927643,
            46.743057503570434,
            54.58357180143096,
            49.24995205330245,
            35.157057140969364,
            17.696538168439847,
            59.5272372457091,
            52.807411911264076,
            39.45476791677962,
            37.91041472463925,
            36.36011612776231,
            0.0,
            35.31847441334162
        ],
        [
            0.0,
            16.163378013629746,
            16.27947565784529,
            58.57552155576497,
            45.55790622574016,
            88.67040646913844,
            34.35116994330213,
            45.54496907847726,
            26.956254293646914,
            32.20962168172746,
            57.40935397130403,
            32.288766219406114,
            68.89631188012046,
            7.377621695368318,
            35.31847441334162,
            0.0
        ]
    ],
    "scores_ave": [
        0,
        16.264789389932176,
        12.816512165310819,
        15.62942189629959,
        15.519875815126877,
        17.820837203089788,
        15.48908597972139,
        16.702553211149596,
        17.756554615533258,
        14.721665496329537,
        16.71724362863393,
        12.580191072547999,
        13.747996764211866,
        15.701686759271535,
        19.4632798102679,
        0
    ],
    "scores_var": [
        0,
        24.305244577560593,
        21.59216187943566,
        16.838651633358673,
        368.5415577408978,
        23.687422342869066,
        16.89567340384789,
        16.03137205522901,
        371.9196761371702,
        315.3491030025589,
        21.284257861749467,
        383.2189629146145,
        388.3611207638206,
        18.93615489764111,
        320.66144471923536,
        0
    ],
    "vertex_number": 16,
    "minimum_distances": {
        "cost": 347.28086667928204,
        "path": [
            0,
            2,
            6,
            8,
            14,
            5,
            3,
            12,
            7,
            10,
            4,
            11,
            9,
            1,
            13,
            15
        ]
    }
}