{
    "vertices": [
        [
            25.063016164165862,
            13.072882286499077
        ],
        [
            48.47775143165841,
            75.61510048267596
        ],
        [
            57.98310465188421,
            15.889357610390986
        ],
        [
            82.27544221467242,
            64.33934529165042
        ],
        [
            81.43434703579418,
            71.7669642052025
        ],
        [
            58.05142574962313,
            75.50704993151402
        ],
        [
            83.2570551484328,
            52.07146287318133
        ],
        [
            85.81489551823329,
            89.7707652588362
        ],
        [
            51.67160844141792,
            83.47229196019488
        ],
        [
            57.25190831337956,
            38.382386745443085
        ],
        [
            60.04481697144237,
            6.2010783769193445
        ],
        [
            96.74687224378678,
            94.25948627266656
        ],
        [
            5.934938940492273,
            36.26357961186149
        ],
        [
            95.20655976309452,
            6.808127117449969
        ],
        [
            72.47197338280407,
            48.6762167656574
        ],
        [
            66.93579602885579,
            3.8360248494967553
        ],
        [
            65.41100071963855,
            41.57201302053735
        ],
        [
            33.21837077935649,
            6.546508891519764
        ],
        [
            29.630622710517894,
            15.04928109279675
        ],
        [
            8.689480872929956,
            64.4817167199128
        ],
        [
            22.613628996864243,
            41.85148924486316
        ],
        [
            86.69084236962824,
            9.526571291499774
        ],
        [
            13.884760191814394,
            50.99698547247332
        ],
        [
            24.396500571252677,
            97.1615494269094
        ],
        [
            25.063016164165862,
            13.072882286499077
        ]
    ],
    "distances": [
        [
            0.0,
            66.78157593636854,
            33.040350471647514,
            76.82129863288718,
            81.38010934201344,
            70.6134580409692,
            70.05309030355713,
            97.843528643899,
            75.26017582614256,
            40.947476036393475,
            35.65035871757376,
            108.3043853648161,
            30.06146670925076,
            70.42275105349785,
            59.289178191247444,
            42.87947328160978,
            49.39797880768471,
            10.44525531474482,
            4.976864655966928,
            53.95332163764796,
            28.882654240206932,
            61.72977631973025,
            39.53721043578863,
            84.09130861442411,
            0.0
        ],
        [
            66.78157593636854,
            0.0,
            60.47740157684981,
            35.629012860198216,
            33.18049647947643,
            9.57428403944982,
            41.99884330443931,
            39.93050430180762,
            8.481519941212541,
            38.2525920850311,
            70.3711835206722,
            51.74476925701619,
            57.95198952153988,
            83.17440178179228,
            36.075284378087545,
            74.11433808046718,
            38.02192440426574,
            70.73414339820465,
            63.430534755736595,
            41.31656699271535,
            42.531567960048,
            76.34090652911122,
            42.458528349149,
            32.31340441841823,
            66.78157593636854
        ],
        [
            33.040350471647514,
            60.47740157684981,
            0.0,
            54.19888348092275,
            60.59923834598433,
            59.61773146865359,
            44.1352162671673,
            78.94980037304674,
            67.8770064141358,
            22.5049107475623,
            9.905221461145418,
            87.43286993151182,
            55.89383218286003,
            38.31519747674819,
            35.84557783561459,
            15.014443497384358,
            26.735228237471258,
            26.46848816915759,
            28.364924833161755,
            69.21761848756292,
            43.875187602068564,
            29.404408761453656,
            56.366741241812356,
            87.93878061657472,
            33.040350471647514
        ],
        [
            76.82129863288718,
            35.629012860198216,
            54.19888348092275,
            0.0,
            7.475089552967832,
            26.67434348999447,
            12.307091572955349,
            25.676542820938025,
            36.09244089615386,
            36.0546938120223,
            62.2435440712806,
            33.23608164948803,
            81.3395417903342,
            58.966557179969065,
            18.47813833586031,
            62.417597916228466,
            28.33303382418986,
            75.8063862546023,
            72.11787191363959,
            73.58609906913127,
            63.759200324483814,
            54.990325986667635,
            69.68001114448869,
            66.53772591589677,
            76.82129863288718
        ],
        [
            81.38010934201344,
            33.18049647947643,
            60.59923834598433,
            7.475089552967832,
            0.0,
            23.68014461770515,
            19.779662221168646,
            18.529059808469015,
            31.981796486266507,
            41.22281352273294,
            68.96663962251077,
            27.210052870231014,
            83.43051564220146,
            66.4027436119863,
            24.76906858993026,
            69.4609278879095,
            34.18307628361978,
            81.1078797508938,
            76.81485163435843,
            73.10875723177728,
            65.99100327103679,
            62.461966453568486,
            70.67063533993725,
            62.43557389737956,
            81.38010934201344
        ],
        [
            70.6134580409692,
            9.57428403944982,
            59.61773146865359,
            26.67434348999447,
            23.68014461770515,
            0.0,
            34.417299344353395,
            31.21319958817769,
            10.20525107292999,
            37.13327139924609,
            69.3346327724429,
            42.99990055932294,
            65.23939116864717,
            78.10279111127686,
            30.460561426455552,
            72.21958094288321,
            34.72391213398379,
            73.29554447362415,
            66.80481912514536,
            50.57825199071763,
            48.87263246258265,
            71.92801780877602,
            50.5117571094261,
            40.01963689437714,
            70.6134580409692
        ],
        [
            70.05309030355713,
            41.99884330443931,
            44.1352162671673,
            12.307091572955349,
            19.779662221168646,
            34.417299344353395,
            0.0,
            37.785975542817795,
            44.53821405302993,
            29.388066747298854,
            51.40914485789706,
            44.292262119038554,
            78.92147254124048,
            46.81410283527701,
            11.306886610466815,
            50.921910614047974,
            20.705557367133892,
            67.64903080178196,
            65.16468521981896,
            75.59323735542053,
            61.49856092921417,
            42.68323669050278,
            69.38061551494549,
            74.1463471153899,
            70.05309030355713
        ],
        [
            97.843528643899,
            39.93050430180762,
            78.94980037304674,
            25.676542820938025,
            18.529059808469015,
            31.21319958817769,
            37.785975542817795,
            0.0,
            34.71937237773063,
            58.792939068398354,
            87.45278448311066,
            11.817644920543415,
            96.14481982260723,
            83.49253071183553,
            43.206428768996304,
            87.98408950912871,
            52.339646925452605,
            98.45136496006589,
            93.48782116889596,
            81.16566737367464,
            79.31366278018218,
            80.24897474955041,
            81.71505593829266,
            61.861481783758904,
            97.843528643899
        ],
        [
            75.26017582614256,
            8.481519941212541,
            67.8770064141358,
            36.09244089615386,
            31.981796486266507,
            10.20525107292999,
            44.53821405302993,
            34.71937237773063,
            0.0,
            45.43390032713806,
            77.72355543668509,
            46.348063260379774,
            65.73055194218733,
            88.16283886999281,
            40.53914195735712,
            81.08594491051426,
            44.09539970785997,
            79.1081416855521,
            71.88541902326105,
            46.99048029410413,
            50.7607859283982,
            81.81880193532167,
            49.824606692978676,
            30.5176552067676,
            75.26017582614256
        ],
        [
            40.947476036393475,
            38.2525920850311,
            22.5049107475623,
            36.0546938120223,
            41.22281352273294,
            37.13327139924609,
            29.388066747298854,
            58.792939068398354,
            45.43390032713806,
            0.0,
            32.30227464254334,
            68.42589003761226,
            51.360692063942906,
            49.37093717689857,
            18.374256915657337,
            35.87797097846594,
            8.760394093226905,
            39.88902161158156,
            36.15756128049027,
            55.13151897077738,
            34.811565120810286,
            41.22267487536674,
            45.164561740835765,
            67.33845694278786,
            40.947476036393475
        ],
        [
            35.65035871757376,
            70.3711835206722,
            9.905221461145418,
            62.2435440712806,
            68.96663962251077,
            69.3346327724429,
            51.40914485789706,
            87.45278448311066,
            77.72355543668509,
            32.30227464254334,
            0.0,
            95.4008598616806,
            61.900184822221604,
            35.166982587644355,
            44.25575214155667,
            7.285538453490198,
            35.77567533370266,
            26.828670066503413,
            31.675130683905817,
            77.67884751628317,
            51.69183328381195,
            26.852738643305845,
            64.32281192867723,
            97.69651864730962,
            35.65035871757376
        ],
        [
            108.3043853648161,
            51.74476925701619,
            87.43286993151182,
            33.23608164948803,
            27.210052870231014,
            42.99990055932294,
            44.292262119038554,
            11.817644920543415,
            46.348063260379774,
            68.42589003761226,
            95.4008598616806,
            0.0,
            107.75125252028779,
            87.46492314426888,
            51.64402360060234,
            95.21083258138174,
            61.30176736336201,
            108.30252489846066,
            103.8212288313382,
            92.95600967434629,
            90.78731137539891,
            85.32754899817296,
            93.47605890922205,
            72.40855095708683,
            108.3043853648161
        ],
        [
            30.06146670925076,
            57.95198952153988,
            55.89383218286003,
            81.3395417903342,
            83.43051564220146,
            65.23939116864717,
            78.92147254124048,
            96.14481982260723,
            65.73055194218733,
            51.360692063942906,
            61.900184822221604,
            107.75125252028779,
            0.0,
            94.00556348400346,
            67.68493564663544,
            69.08437503069065,
            59.712489397203754,
            40.34216088788181,
            31.804589149760258,
            28.352262045670003,
            17.589867425967544,
            85.06693571875635,
            16.74135317653516,
            63.63483311395459,
            30.06146670925076
        ],
        [
            70.42275105349785,
            83.17440178179228,
            38.31519747674819,
            58.966557179969065,
            66.4027436119863,
            78.10279111127686,
            46.81410283527701,
            83.49253071183553,
            88.16283886999281,
            49.37093717689857,
            35.166982587644355,
            87.46492314426888,
            94.00556348400346,
            0.0,
            47.64240074422386,
            28.42656282437819,
            45.7854027152208,
            61.988741054967065,
            66.09175545534302,
            103.97811249162136,
            80.60875154983928,
            8.93909287639464,
            92.55209499644928,
            114.79462272155288,
            70.42275105349785
        ],
        [
            59.289178191247444,
            36.075284378087545,
            35.84557783561459,
            18.47813833586031,
            24.76906858993026,
            30.460561426455552,
            11.306886610466815,
            43.206428768996304,
            40.53914195735712,
            18.374256915657337,
            44.25575214155667,
            51.64402360060234,
            67.68493564663544,
            47.64240074422386,
            0.0,
            45.180660362288734,
            10.016338942056048,
            57.58261545735449,
            54.46239188809562,
            65.71164417039125,
            50.32326907743637,
            41.65178238703238,
            58.633160556778876,
            68.27941541435813,
            59.289178191247444
        ],
        [
            42.87947328160978,
            74.11433808046718,
            15.014443497384358,
            62.417597916228466,
            69.4609278879095,
            72.21958094288321,
            50.921910614047974,
            87.98408950912871,
            81.08594491051426,
            35.87797097846594,
            7.285538453490198,
            95.21083258138174,
            69.08437503069065,
            28.42656282437819,
            45.180660362288734,
            0.0,
            37.76678175301579,
            33.82619531070017,
            38.95398659815367,
            84.08646247574507,
            58.39203733050534,
            20.558311573051427,
            70.98287547194039,
            102.5633716083793,
            42.87947328160978
        ],
        [
            49.39797880768471,
            38.02192440426574,
            26.735228237471258,
            28.33303382418986,
            34.18307628361978,
            34.72391213398379,
            20.705557367133892,
            52.339646925452605,
            44.09539970785997,
            8.760394093226905,
            35.77567533370266,
            61.30176736336201,
            59.712489397203754,
            45.7854027152208,
            10.016338942056048,
            37.76678175301579,
            0.0,
            47.57259044832195,
            44.53864343899975,
            61.173403839525996,
            42.79828423356812,
            38.46741473322296,
            52.3811375272716,
            69.08245638580978,
            49.39797880768471
        ],
        [
            10.44525531474482,
            70.73414339820465,
            26.46848816915759,
            75.8063862546023,
            81.1078797508938,
            73.29554447362415,
            67.64903080178196,
            98.45136496006589,
            79.1081416855521,
            39.88902161158156,
            26.828670066503413,
            108.30252489846066,
            40.34216088788181,
            61.988741054967065,
            57.58261545735449,
            33.82619531070017,
            47.57259044832195,
            0.0,
            9.228709081570607,
            62.913867677648675,
            36.86329049370525,
            53.5554478076712,
            48.47301689212897,
            91.04345646557438,
            10.44525531474482
        ],
        [
            4.976864655966928,
            63.430534755736595,
            28.364924833161755,
            72.11787191363959,
            76.81485163435843,
            66.80481912514536,
            65.16468521981896,
            93.48782116889596,
            71.88541902326105,
            36.15756128049027,
            31.675130683905817,
            103.8212288313382,
            31.804589149760258,
            66.09175545534302,
            54.46239188809562,
            38.95398659815367,
            44.53864343899975,
            9.228709081570607,
            0.0,
            53.68516660578551,
            27.70553306839899,
            57.3268609911206,
            39.24499505193661,
            82.2789198126839,
            4.976864655966928
        ],
        [
            53.95332163764796,
            41.31656699271535,
            69.21761848756292,
            73.58609906913127,
            73.10875723177728,
            50.57825199071763,
            75.59323735542053,
            81.16566737367464,
            46.99048029410413,
            55.13151897077738,
            77.67884751628317,
            92.95600967434629,
            28.352262045670003,
            103.97811249162136,
            65.71164417039125,
            84.08646247574507,
            61.173403839525996,
            62.913867677648675,
            53.68516660578551,
            0.0,
            26.570831687204564,
            95.4163529191754,
            14.450913604921281,
            36.25854290454573,
            53.95332163764796
        ],
        [
            28.882654240206932,
            42.531567960048,
            43.875187602068564,
            63.759200324483814,
            65.99100327103679,
            48.87263246258265,
            61.49856092921417,
            79.31366278018218,
            50.7607859283982,
            34.811565120810286,
            51.69183328381195,
            90.78731137539891,
            17.589867425967544,
            80.60875154983928,
            50.32326907743637,
            58.39203733050534,
            42.79828423356812,
            36.86329049370525,
            27.70553306839899,
            26.570831687204564,
            0.0,
            71.76900162542599,
            12.642517623677811,
            55.338787377320976,
            28.882654240206932
        ],
        [
            61.72977631973025,
            76.34090652911122,
            29.404408761453656,
            54.990325986667635,
            62.461966453568486,
            71.92801780877602,
            42.68323669050278,
            80.24897474955041,
            81.81880193532167,
            41.22267487536674,
            26.852738643305845,
            85.32754899817296,
            85.06693571875635,
            8.93909287639464,
            41.65178238703238,
            20.558311573051427,
            38.46741473322296,
            53.5554478076712,
            57.3268609911206,
            95.4163529191754,
            71.76900162542599,
            0.0,
            83.78854846829653,
            107.51964663672665,
            61.72977631973025
        ],
        [
            39.53721043578863,
            42.458528349149,
            56.366741241812356,
            69.68001114448869,
            70.67063533993725,
            50.5117571094261,
            69.38061551494549,
            81.71505593829266,
            49.824606692978676,
            45.164561740835765,
            64.32281192867723,
            93.47605890922205,
            16.74135317653516,
            92.55209499644928,
            58.633160556778876,
            70.98287547194039,
            52.3811375272716,
            48.47301689212897,
            39.24499505193661,
            14.450913604921281,
            12.642517623677811,
            83.78854846829653,
            0.0,
            47.34621052320801,
            39.53721043578863
        ],
        [
            84.09130861442411,
            32.31340441841823,
            87.93878061657472,
            66.53772591589677,
            62.43557389737956,
            40.01963689437714,
            74.1463471153899,
            61.861481783758904,
            30.5176552067676,
            67.33845694278786,
            97.69651864730962,
            72.40855095708683,
            63.63483311395459,
            114.79462272155288,
            68.27941541435813,
            102.5633716083793,
            69.08245638580978,
            91.04345646557438,
            82.2789198126839,
            36.25854290454573,
            55.338787377320976,
            107.51964663672665,
            47.34621052320801,
            0.0,
            84.09130861442411
        ],
        [
            0.0,
            66.78157593636854,
            33.040350471647514,
            76.82129863288718,
            81.38010934201344,
            70.6134580409692,
            70.05309030355713,
            97.843528643899,
            75.26017582614256,
            40.947476036393475,
            35.65035871757376,
            108.3043853648161,
            30.06146670925076,
            70.42275105349785,
            59.289178191247444,
            42.87947328160978,
            49.39797880768471,
            10.44525531474482,
            4.976864655966928,
            53.95332163764796,
            28.882654240206932,
            61.72977631973025,
            39.53721043578863,
            84.09130861442411,
            0.0
        ]
    ],
    "scores_ave": [
        0,
        17.120528087505328,
        10.377526590974778,
        10.711032473898669,
        18.62961137455453,
        14.255269304447742,
        10.818054301886358,
        15.217975714053065,
        16.210174596020284,
        13.745373007647068,
        12.957765342052046,
        10.69984728325821,
        10.410691567004376,
        12.819644815627834,
        12.73429949991012,
        18.582261660270884,
        17.236661808735064,
        12.157963752558805,
        19.133270215394113,
        17.253525926126265,
        12.897260547697991,
        18.589469819379605,
        10.215728461631855,
        17.18927365403767,
        0
    ],
    "scores_var": [
        0,
        18.75322074139844,
        24.14018198445237,
        392.24041094232143,
        18.960261407186273,
        252.7672609283369,
        22.100895886129948,
        346.8403922944298,
        232.3430284353507,
        239.17696333807305,
        17.565234815316728,
        247.16129537493356,
        295.0480105664825,
        22.83082116093969,
        320.5229072289415,
        22.277630610474688,
        19.46466146663726,
        23.73471802874814,
        20.940334111238506,
        290.364227190565,
        283.75426902701196,
        18.619062464443687,
        364.1476654535197,
        335.274534538087,
        0
    ],
    "vertex_number": 25,
    "minimum_distances": {
        "cost": 416.1366180038884,
        "path": [
            0,
            18,
            17,
            2,
            10,
            15,
            13,
            21,
            9,
            16,
            14,
            6,
            3,
            4,
            11,
            7,
            5,
            1,
            8,
            23,
            19,
            22,
            20,
            12,
            24
        ]
    }
}