{
    "vertices": [
        [
            83.92714299697045,
            26.74811510989804
        ],
        [
            25.77032439334913,
            23.822090912751616
        ],
        [
            86.55898105856468,
            42.01870578122136
        ],
        [
            41.28457686498586,
            61.374441125183175
        ],
        [
            80.16376506485578,
            73.09059688342379
        ],
        [
            55.575247070027714,
            54.309535912682186
        ],
        [
            88.29061406103716,
            74.51038108529399
        ],
        [
            28.339337550234745,
            59.303050525103004
        ],
        [
            57.72284521017268,
            45.65746270667813
        ],
        [
            24.81834331544449,
            72.36417358808997
        ],
        [
            17.0755666010165,
            65.2154137428864
        ],
        [
            24.645351452964647,
            44.35176743610597
        ],
        [
            34.68323600863318,
            26.09472844396018
        ],
        [
            13.360306140465273,
            64.27639999134058
        ],
        [
            90.75777264612663,
            56.159404387091286
        ],
        [
            35.04418006932749,
            34.9524928728937
        ],
        [
            82.9619968340259,
            94.65777781951026
        ],
        [
            16.657823797131933,
            93.31588887598996
        ],
        [
            54.3109397205954,
            48.676753669041
        ],
        [
            97.2424676320839,
            98.03453540023051
        ],
        [
            83.92714299697045,
            26.74811510989804
        ]
    ],
    "distances": [
        [
            0.0,
            58.23038010949955,
            15.495725572994727,
            54.93060075802458,
            46.49503877178181,
            39.540636303938435,
            47.961171074437004,
            64.4191581307324,
            32.314526904088,
            74.66374616155144,
            77.12889426630966,
            61.84027315503194,
            49.24824148750123,
            79.92528154517396,
            30.194062965269744,
            49.56668113827325,
            67.91652079169798,
            94.63841614156145,
            36.85084375648812,
            72.51931872231278,
            0.0
        ],
        [
            58.23038010949955,
            0.0,
            63.45374356043046,
            40.63091232338741,
            73.38959101035292,
            42.63587360881187,
            80.48657888584577,
            35.573843250533976,
            38.70073704632179,
            48.55141664701528,
            42.29664275077972,
            20.56047621700831,
            9.198090824194066,
            42.31500532982261,
            72.58836182987699,
            14.487589409325858,
            91.04164945844295,
            70.08869825065555,
            37.8460167519215,
            103.03278204506252,
            58.23038010949955
        ],
        [
            15.495725572994727,
            63.45374356043046,
            0.0,
            49.23836071386862,
            31.723196627599126,
            33.3325108144113,
            32.537785986765215,
            60.731173736906925,
            29.06481175974615,
            68.79501264877344,
            73.25320569734944,
            61.95757183448143,
            54.26477659332157,
            76.5078490177104,
            14.75090532332957,
            51.997173825377565,
            52.76182522016983,
            86.70393751119823,
            32.92819114090349,
            57.025521069714294,
            15.495725572994727
        ],
        [
            54.93060075802458,
            40.63091232338741,
            49.23836071386862,
            0.0,
            40.60615200720525,
            15.94164798792442,
            48.80697134131757,
            13.10991532902781,
            22.742912671778086,
            19.796743846256867,
            24.511818549649057,
            23.804101365875034,
            35.89200228423315,
            28.074655131580638,
            49.74729850935358,
            27.148883984685742,
            53.336552539357825,
            40.33277886635847,
            18.191135093222584,
            66.89729479850314,
            54.93060075802458
        ],
        [
            46.49503877178181,
            73.38959101035292,
            31.723196627599126,
            40.60615200720525,
            0.0,
            30.94064427850036,
            8.249937077736686,
            53.62711741088695,
            35.44251309774239,
            55.350188793031336,
            63.5778207782382,
            62.51571456828307,
            65.39946615694413,
            67.38243236270965,
            19.972437907774054,
            59.07869267076509,
            21.74795150270215,
            66.64883354181191,
            35.55846339167788,
            30.230483788885657,
            46.49503877178181
        ],
        [
            39.540636303938435,
            42.63587360881187,
            33.3325108144113,
            15.94164798792442,
            30.94064427850036,
            0.0,
            38.449569347968826,
            27.689889049160335,
            8.914625540851807,
            35.66450714868986,
            40.01454194993744,
            32.49331617295336,
            35.10771263820078,
            43.37556474847213,
            35.23112429777776,
            28.217367478761474,
            48.76489195730645,
            55.10046647443086,
            5.772928968739181,
            60.39894742090411,
            39.540636303938435
        ],
        [
            47.961171074437004,
            80.48657888584577,
            32.537785986765215,
            48.80697134131757,
            8.249937077736686,
            38.449569347968826,
            0.0,
            61.84996732449911,
            42.034264493184004,
            63.50854556847349,
            71.81907408641118,
            70.42912344826891,
            72.23452361814022,
            75.62595727726766,
            18.516079964775457,
            66.3325655516071,
            20.84014771343787,
            74.06013613448576,
            42.684828379229245,
            25.16985336847255,
            47.961171074437004
        ],
        [
            64.4191581307324,
            35.573843250533976,
            60.731173736906925,
            13.10991532902781,
            53.62711741088695,
            27.689889049160335,
            61.84996732449911,
            0.0,
            32.39741639871884,
            13.527392064545044,
            12.721186061663074,
            15.40085709608895,
            33.808840605607706,
            15.7830791320384,
            62.49754835880447,
            25.25677277839358,
            65.06605604533782,
            35.96291056418399,
            28.06140239133881,
            79.04283177941221,
            64.4191581307324
        ],
        [
            32.314526904088,
            38.70073704632179,
            29.06481175974615,
            22.742912671778086,
            35.44251309774239,
            8.914625540851807,
            42.034264493184004,
            32.39741639871884,
            0.0,
            42.37870516006231,
            45.10781204032274,
            33.103254120973226,
            30.224562263056555,
            48.11132609190387,
            34.66406222238735,
            25.078242197427265,
            55.11846928071113,
            62.90994808922704,
            4.556008887745245,
            65.61370512565266,
            32.314526904088
        ],
        [
            74.66374616155144,
            48.55141664701528,
            68.79501264877344,
            19.796743846256867,
            55.350188793031336,
            35.66450714868986,
            63.50854556847349,
            13.527392064545044,
            42.37870516006231,
            0.0,
            10.538280627022763,
            28.01294030636904,
            47.30938238651783,
            14.024931288797184,
            67.90142034827886,
            38.78403784100945,
            62.271094691807406,
            22.484849394958868,
            37.82733277854095,
            76.83893061852334,
            74.66374616155144
        ],
        [
            77.12889426630966,
            42.29664275077972,
            73.25320569734944,
            24.511818549649057,
            63.5778207782382,
            40.01454194993744,
            71.81907408641118,
            12.721186061663074,
            45.10781204032274,
            10.538280627022763,
            0.0,
            22.194444798625085,
            42.90055990573482,
            3.832089131965418,
            74.23664050269457,
            35.195389606552254,
            72.16560462761804,
            28.103580052305947,
            40.74310111408392,
            86.62463141211343,
            77.12889426630966
        ],
        [
            61.84027315503194,
            20.56047621700831,
            61.95757183448143,
            23.804101365875034,
            62.51571456828307,
            32.49331617295336,
            70.42912344826891,
            15.40085709608895,
            33.103254120973226,
            28.01294030636904,
            22.194444798625085,
            0.0,
            20.834553009691877,
            22.898542096960647,
            67.15856256940232,
            14.017203676451876,
            77.01639961200233,
            49.61134735554356,
            29.979203344646585,
            90.28942825056859,
            61.84027315503194
        ],
        [
            49.24824148750123,
            9.198090824194066,
            54.26477659332157,
            35.89200228423315,
            65.39946615694413,
            35.10771263820078,
            72.23452361814022,
            33.808840605607706,
            30.224562263056555,
            47.30938238651783,
            42.90055990573482,
            20.834553009691877,
            0.0,
            43.73222359216194,
            63.62576835430029,
            8.865115413429793,
            83.85541417529099,
            69.5959761424698,
            29.919803078743048,
            95.33621183066798,
            49.24824148750123
        ],
        [
            79.92528154517396,
            42.31500532982261,
            76.5078490177104,
            28.074655131580638,
            67.38243236270965,
            43.37556474847213,
            75.62595727726766,
            15.7830791320384,
            48.11132609190387,
            14.024931288797184,
            3.832089131965418,
            22.898542096960647,
            43.73222359216194,
            0.0,
            77.82193417754645,
            36.47028814328302,
            75.94355447396497,
            29.226110541392654,
            43.82126602455612,
            90.42028933149317,
            79.92528154517396
        ],
        [
            30.194062965269744,
            72.58836182987699,
            14.75090532332957,
            49.74729850935358,
            19.972437907774054,
            35.23112429777776,
            18.516079964775457,
            62.49754835880447,
            34.66406222238735,
            67.90142034827886,
            74.23664050269457,
            67.15856256940232,
            63.62576835430029,
            77.82193417754645,
            0.0,
            59.61323253929931,
            39.279751494307064,
            82.89394886840293,
            37.20701132945141,
            42.37425947941125,
            30.194062965269744
        ],
        [
            49.56668113827325,
            14.487589409325858,
            51.997173825377565,
            27.148883984685742,
            59.07869267076509,
            28.217367478761474,
            66.3325655516071,
            25.25677277839358,
            25.078242197427265,
            38.78403784100945,
            35.195389606552254,
            14.017203676451876,
            8.865115413429793,
            36.47028814328302,
            59.61323253929931,
            0.0,
            76.55611153952302,
            61.191045831741896,
            23.655091668822397,
            88.58877505169642,
            49.56668113827325
        ],
        [
            67.91652079169798,
            91.04164945844295,
            52.76182522016983,
            53.336552539357825,
            21.74795150270215,
            48.76489195730645,
            20.84014771343787,
            65.06605604533782,
            55.11846928071113,
            62.271094691807406,
            72.16560462761804,
            77.01639961200233,
            83.85541417529099,
            75.94355447396497,
            39.279751494307064,
            76.55611153952302,
            0.0,
            66.31775047483983,
            54.17691072443217,
            14.67427470007084,
            67.91652079169798
        ],
        [
            94.63841614156145,
            70.08869825065555,
            86.70393751119823,
            40.33277886635847,
            66.64883354181191,
            55.10046647443086,
            74.06013613448576,
            35.96291056418399,
            62.90994808922704,
            22.484849394958868,
            28.103580052305947,
            49.61134735554356,
            69.5959761424698,
            29.226110541392654,
            82.89394886840293,
            61.191045831741896,
            66.31775047483983,
            0.0,
            58.39871172183551,
            80.72267616368272,
            94.63841614156145
        ],
        [
            36.85084375648812,
            37.8460167519215,
            32.92819114090349,
            18.191135093222584,
            35.55846339167788,
            5.772928968739181,
            42.684828379229245,
            28.06140239133881,
            4.556008887745245,
            37.82733277854095,
            40.74310111408392,
            29.979203344646585,
            29.919803078743048,
            43.82126602455612,
            37.20701132945141,
            23.655091668822397,
            54.17691072443217,
            58.39871172183551,
            0.0,
            65.4164100684122,
            36.85084375648812
        ],
        [
            72.51931872231278,
            103.03278204506252,
            57.025521069714294,
            66.89729479850314,
            30.230483788885657,
            60.39894742090411,
            25.16985336847255,
            79.04283177941221,
            65.61370512565266,
            76.83893061852334,
            86.62463141211343,
            90.28942825056859,
            95.33621183066798,
            90.42028933149317,
            42.37425947941125,
            88.58877505169642,
            14.67427470007084,
            80.72267616368272,
            65.4164100684122,
            0.0,
            72.51931872231278
        ],
        [
            0.0,
            58.23038010949955,
            15.495725572994727,
            54.93060075802458,
            46.49503877178181,
            39.540636303938435,
            47.961171074437004,
            64.4191581307324,
            32.314526904088,
            74.66374616155144,
            77.12889426630966,
            61.84027315503194,
            49.24824148750123,
            79.92528154517396,
            30.194062965269744,
            49.56668113827325,
            67.91652079169798,
            94.63841614156145,
            36.85084375648812,
            72.51931872231278,
            0.0
        ]
    ],
    "scores_ave": [
        0,
        15.819661755757052,
        10.002018051257526,
        16.451454887187136,
        15.038556438623267,
        19.553606253777144,
        15.605202896397135,
        10.015722503474327,
        17.144118927108305,
        15.92639952896289,
        13.869680739546757,
        15.48457907065532,
        17.48312118097323,
        16.681607588156,
        19.015494376330565,
        14.631876718593716,
        14.570437261337414,
        12.51962256243716,
        13.52524368160934,
        18.1840227211105,
        0
    ],
    "scores_var": [
        0,
        24.601846857115373,
        373.20898836572854,
        277.579541103604,
        17.647285563440704,
        22.804103904582878,
        234.48837048089618,
        335.17451595622634,
        24.251661890428405,
        24.75497593884375,
        382.52929784546257,
        326.1512493430857,
        16.070014415633963,
        356.8705526955432,
        266.059123877683,
        359.33565296312145,
        18.005609198292824,
        325.44683595133137,
        286.9649696909479,
        227.28429552672546,
        0
    ],
    "vertex_number": 21,
    "minimum_distances": {
        "cost": 357.0277189951074,
        "path": [
            0,
            2,
            14,
            4,
            6,
            19,
            16,
            17,
            9,
            10,
            13,
            7,
            11,
            1,
            12,
            15,
            3,
            5,
            18,
            8,
            20
        ]
    }
}