{
    "vertices": [
        [
            26.76259174512855,
            66.52479161604997
        ],
        [
            52.31824461601376,
            98.5578729389473
        ],
        [
            45.669774170048015,
            41.46696186588789
        ],
        [
            86.57425348886446,
            81.67331756118372
        ],
        [
            63.0086861883319,
            48.15862405208497
        ],
        [
            93.1204195685409,
            83.97620072161827
        ],
        [
            83.58743096267894,
            52.36644831865333
        ],
        [
            87.00399271056699,
            89.21459914520182
        ],
        [
            8.116518903931347,
            19.856975328203585
        ],
        [
            65.69844439470442,
            62.03672853040386
        ],
        [
            51.63356363931615,
            32.293336693476746
        ],
        [
            61.559707372427496,
            0.06489582335542643
        ],
        [
            13.438404706810847,
            40.10549404566531
        ],
        [
            31.300366300150483,
            76.18462471134077
        ],
        [
            79.46831795268578,
            32.21447489471058
        ],
        [
            37.61642792383426,
            27.102215338929327
        ],
        [
            39.7362275064276,
            82.10116098204682
        ],
        [
            10.840469694884469,
            61.381137822930555
        ],
        [
            82.34779637217925,
            14.802808858976457
        ],
        [
            26.76259174512855,
            66.52479161604997
        ]
    ],
    "distances": [
        [
            0.0,
            40.97816116782862,
            31.390705296907413,
            61.70018410716026,
            40.63367413086413,
            68.6142331678461,
            58.56211264142875,
            64.37277185261392,
            50.25496104341751,
            39.19366443457698,
            42.31261926515105,
            75.0183777800842,
            29.589073056528928,
            10.672571074538697,
            62.88951747775305,
            40.88942748583766,
            20.27161827513588,
            16.73233829822779,
            75.92679680951981,
            0.0
        ],
        [
            40.97816116782862,
            0.0,
            57.47672821606026,
            38.191129260622695,
            51.520576756971984,
            43.32946625000426,
            55.780011861192456,
            35.92210859712573,
            90.26418913756957,
            38.895034837718775,
            66.26807339788242,
            98.92558402643215,
            70.20201243304244,
            30.697124379240055,
            71.6838402029544,
            72.95241200331525,
            20.71546579197074,
            55.700228422281484,
            88.97575365073477,
            40.97816116782862
        ],
        [
            31.390705296907413,
            57.47672821606026,
            0.0,
            57.35614584889861,
            18.58537631558665,
            63.707135682174965,
            39.45310509424787,
            63.153420240809695,
            43.327110441858636,
            28.70997965169378,
            10.94176327826776,
            44.34660133275493,
            32.26011116070742,
            37.57387384848697,
            35.04211861430024,
            16.468221778479098,
            41.06513258009783,
            40.12050416273085,
            45.34594103374651,
            31.390705296907413
        ],
        [
            61.70018410716026,
            38.191129260622695,
            57.35614584889861,
            0.0,
            40.97036298600191,
            6.939420811084987,
            29.45867773002894,
            7.553515984501519,
            99.88431450064986,
            28.6599901273458,
            60.49160534865507,
            85.35608950713825,
            84.12333997701647,
            55.54573209663003,
            49.96670329080428,
            73.31353136909765,
            46.839980016266075,
            78.40522027443632,
            67.00393924129503,
            61.70018410716026
        ],
        [
            40.63367413086413,
            51.520576756971984,
            18.58537631558665,
            40.97036298600191,
            0.0,
            46.79332522527854,
            21.004535737455306,
            47.55384133740038,
            61.75867023883036,
            14.136356783835195,
            19.521802067850714,
            48.11555085986064,
            50.2201723320174,
            42.318722370646405,
            22.915832303687548,
            32.98695390099555,
            41.15462484755227,
            53.81781937729735,
            38.5566024164448,
            40.63367413086413
        ],
        [
            68.6142331678461,
            43.32946625000426,
            63.707135682174965,
            6.939420811084987,
            46.79332522527854,
            0.0,
            33.015970661730385,
            8.053042627053896,
            106.47505901970808,
            35.11844476145796,
            66.27426083362693,
            89.65035216916401,
            90.96077394499494,
            62.30912969084514,
            53.531823610910145,
            79.46913427114944,
            53.417110892948635,
            85.32600435158713,
            70.00719643231965,
            68.6142331678461
        ],
        [
            58.56211264142875,
            55.780011861192456,
            39.45310509424787,
            29.45867773002894,
            21.004535737455306,
            33.015970661730385,
            0.0,
            37.006203716582405,
            82.17496213017682,
            20.33544097881692,
            37.73565220366373,
            56.75097355981589,
            71.21247702706862,
            57.45644139429977,
            20.568644215611055,
            52.45583464640745,
            52.98189484848689,
            73.30337646081873,
            37.584088433465524,
            58.56211264142875
        ],
        [
            64.37277185261392,
            35.92210859712573,
            63.153420240809695,
            7.553515984501519,
            47.55384133740038,
            8.053042627053896,
            37.006203716582405,
            0.0,
            105.04148468644597,
            34.53350605128666,
            67.01565020040134,
            92.70966108632848,
            88.4511161151498,
            57.207291746929634,
            57.49609168133089,
            79.3541415280981,
            47.80002750935066,
            81.08997353149631,
            74.55732491139149,
            64.37277185261392
        ],
        [
            50.25496104341751,
            90.26418913756957,
            43.327110441858636,
            99.88431450064986,
            61.75867023883036,
            106.47505901970808,
            82.17496213017682,
            105.04148468644597,
            0.0,
            71.37793583050343,
            45.25921195192356,
            56.99035712123087,
            20.93621213950337,
            60.91218979088514,
            72.41399742473864,
            30.376605060400845,
            69.81507444540097,
            41.61341104499875,
            74.40313940464252,
            50.25496104341751
        ],
        [
            39.19366443457698,
            38.895034837718775,
            28.70997965169378,
            28.6599901273458,
            14.136356783835195,
            35.11844476145796,
            20.33544097881692,
            34.53350605128666,
            71.37793583050343,
            0.0,
            32.90121925747242,
            62.10987999674419,
            56.67531027003555,
            37.19396110856708,
            32.84777358839432,
            44.8220912162243,
            32.81185998020334,
            54.86189194096219,
            50.0823730347984,
            39.19366443457698
        ],
        [
            42.31261926515105,
            66.26807339788242,
            10.94176327826776,
            60.49160534865507,
            19.521802067850714,
            66.27426083362693,
            37.73565220366373,
            67.01565020040134,
            45.25921195192356,
            32.90121925747242,
            0.0,
            33.722406947448036,
            38.985894479602415,
            48.372348277714906,
            27.83486602929775,
            14.94750262030003,
            51.20904185219644,
            50.10166352633296,
            35.34519283152814,
            42.31261926515105
        ],
        [
            75.0183777800842,
            98.92558402643215,
            44.34660133275493,
            85.35608950713825,
            48.11555085986064,
            89.65035216916401,
            56.75097355981589,
            92.70966108632848,
            56.99035712123087,
            62.10987999674419,
            33.722406947448036,
            0.0,
            62.601192290852815,
            81.91361820911577,
            36.80100226054524,
            36.11505610324675,
            84.88941674112755,
            79.57463542826672,
            25.4823610544064,
            75.0183777800842
        ],
        [
            29.589073056528928,
            70.20201243304244,
            32.26011116070742,
            84.12333997701647,
            50.2201723320174,
            90.96077394499494,
            71.21247702706862,
            88.4511161151498,
            20.93621213950337,
            56.67531027003555,
            38.985894479602415,
            62.601192290852815,
            0.0,
            40.258580967947985,
            66.49975658976884,
            27.452906290736806,
            49.550091073897434,
            21.433671744786945,
            73.40797053009862,
            29.589073056528928
        ],
        [
            10.672571074538697,
            30.697124379240055,
            37.57387384848697,
            55.54573209663003,
            42.318722370646405,
            62.30912969084514,
            57.45644139429977,
            57.207291746929634,
            60.91218979088514,
            37.19396110856708,
            48.372348277714906,
            81.91361820911577,
            40.258580967947985,
            0.0,
            65.2190588808048,
            49.487125035054866,
            10.303841794891433,
            25.253724342233347,
            79.8346255348657,
            10.672571074538697
        ],
        [
            62.88951747775305,
            71.6838402029544,
            35.04211861430024,
            49.96670329080428,
            22.915832303687548,
            53.531823610910145,
            20.568644215611055,
            57.49609168133089,
            72.41399742473864,
            32.84777358839432,
            27.83486602929775,
            36.80100226054524,
            66.49975658976884,
            65.2190588808048,
            0.0,
            42.162968310506294,
            63.77554750847748,
            74.56859783356667,
            17.648158830548464,
            62.88951747775305
        ],
        [
            40.88942748583766,
            72.95241200331525,
            16.468221778479098,
            73.31353136909765,
            32.98695390099555,
            79.46913427114944,
            52.45583464640745,
            79.3541415280981,
            30.376605060400845,
            44.8220912162243,
            14.94750262030003,
            36.11505610324675,
            27.452906290736806,
            49.487125035054866,
            42.162968310506294,
            0.0,
            55.03978172308604,
            43.497085715512355,
            46.391494080496045,
            40.88942748583766
        ],
        [
            20.27161827513588,
            20.71546579197074,
            41.06513258009783,
            46.839980016266075,
            41.15462484755227,
            53.417110892948635,
            52.98189484848689,
            47.80002750935066,
            69.81507444540097,
            32.81185998020334,
            51.20904185219644,
            84.88941674112755,
            49.550091073897434,
            10.303841794891433,
            63.77554750847748,
            55.03978172308604,
            0.0,
            35.55677402714805,
            79.65434074600996,
            20.27161827513588
        ],
        [
            16.73233829822779,
            55.700228422281484,
            40.12050416273085,
            78.40522027443632,
            53.81781937729735,
            85.32600435158713,
            73.30337646081873,
            81.08997353149631,
            41.61341104499875,
            54.86189194096219,
            50.10166352633296,
            79.57463542826672,
            21.433671744786945,
            25.253724342233347,
            74.56859783356667,
            43.497085715512355,
            35.55677402714805,
            0.0,
            85.33954826226629,
            16.73233829822779
        ],
        [
            75.92679680951981,
            88.97575365073477,
            45.34594103374651,
            67.00393924129503,
            38.5566024164448,
            70.00719643231965,
            37.584088433465524,
            74.55732491139149,
            74.40313940464252,
            50.0823730347984,
            35.34519283152814,
            25.4823610544064,
            73.40797053009862,
            79.8346255348657,
            17.648158830548464,
            46.391494080496045,
            79.65434074600996,
            85.33954826226629,
            0.0,
            75.92679680951981
        ],
        [
            0.0,
            40.97816116782862,
            31.390705296907413,
            61.70018410716026,
            40.63367413086413,
            68.6142331678461,
            58.56211264142875,
            64.37277185261392,
            50.25496104341751,
            39.19366443457698,
            42.31261926515105,
            75.0183777800842,
            29.589073056528928,
            10.672571074538697,
            62.88951747775305,
            40.88942748583766,
            20.27161827513588,
            16.73233829822779,
            75.92679680951981,
            0.0
        ]
    ],
    "scores_ave": [
        0,
        14.21888278291211,
        18.69124907258412,
        13.026990663938095,
        13.40845481052095,
        14.775254526112727,
        19.9687289548872,
        12.233407132701316,
        13.112202253281344,
        14.268151958069552,
        16.46343178908584,
        15.306016626937094,
        13.055936966973029,
        11.781176725584691,
        10.522720350305471,
        18.870239477684663,
        16.069053455241765,
        14.623206746202762,
        16.16648572181831,
        0
    ],
    "scores_var": [
        0,
        19.315894805481605,
        23.343886676212193,
        20.360652099390787,
        390.90018203245165,
        335.44116898336694,
        24.253372364490787,
        320.08353159866545,
        19.732106099228655,
        317.886496044164,
        22.97890375485866,
        21.60587366861231,
        321.9728510532595,
        398.9162526300415,
        354.57158009170314,
        19.487006928067167,
        17.07499147254601,
        19.640684891991707,
        19.072146746052766,
        0
    ],
    "vertex_number": 20,
    "minimum_distances": {
        "cost": 418.53992830245977,
        "path": [
            0,
            13,
            16,
            1,
            7,
            5,
            3,
            6,
            14,
            18,
            11,
            15,
            8,
            12,
            17,
            2,
            10,
            4,
            9,
            19
        ]
    }
}