{
    "vertices": [
        [
            33.54982974954903,
            11.03955567774012
        ],
        [
            78.44118397912958,
            42.125293496565874
        ],
        [
            45.53944374037204,
            70.32460056378808
        ],
        [
            96.3112371668852,
            18.262480838785567
        ],
        [
            34.5190983777083,
            44.49739124325409
        ],
        [
            45.11632720013504,
            56.16107795362035
        ],
        [
            73.76519702501432,
            32.019411603953294
        ],
        [
            9.200476264273883,
            5.659992507022205
        ],
        [
            32.098206648811875,
            92.59219607268759
        ],
        [
            33.22413349727522,
            47.4866519488615
        ],
        [
            19.972361920456684,
            69.85152028374915
        ],
        [
            17.365441294086224,
            4.554196817504308
        ],
        [
            66.02131105962455,
            40.089675592806664
        ],
        [
            34.58794541550175,
            95.68163154460764
        ],
        [
            92.32091141181814,
            60.3912589376181
        ],
        [
            86.13192327160115,
            47.71730197274895
        ],
        [
            58.31477617226933,
            88.06517915021267
        ],
        [
            45.357193341442596,
            79.26985168345571
        ],
        [
            97.82611321939262,
            74.39260127222069
        ],
        [
            36.05024685009573,
            16.28304935255094
        ],
        [
            90.24075532468004,
            53.41149674228431
        ],
        [
            31.569672045085294,
            94.99453773001096
        ],
        [
            25.999529284662504,
            68.23165721581172
        ],
        [
            39.115157793719014,
            81.05374255020689
        ],
        [
            33.54982974954903,
            11.03955567774012
        ]
    ],
    "distances": [
        [
            0.0,
            54.603633398396234,
            60.48526589831329,
            63.175667063252476,
            33.471872406582,
            46.580421163479926,
            45.35890342353115,
            24.936533741854056,
            81.56555869369258,
            36.44855147526628,
            60.358883467709184,
            17.43543257918647,
            43.569560079834744,
            84.64844175286662,
            76.74392910454974,
            64.1103239146619,
            80.90889470659775,
            69.24440142003353,
            90.24992522319353,
            5.809157563234744,
            70.77600180952756,
            83.97833075223433,
            57.688330842997686,
            70.23502858013174,
            0.0
        ],
        [
            54.603633398396234,
            0.0,
            43.33272931411273,
            29.812289896509714,
            43.98609383996743,
            36.16005150252679,
            11.13524597045305,
            78.25595045178412,
            68.51700375429519,
            45.53378766073131,
            64.70971182738394,
            71.70658024335715,
            12.585586342588861,
            69.2198517596981,
            22.941062030765746,
            9.508839553934516,
            50.15521294021378,
            49.74202086178048,
            37.64245784667679,
            49.64688442467034,
            16.32814342301049,
            70.65476358179201,
            58.580452146900306,
            55.3349842437632,
            54.603633398396234
        ],
        [
            60.48526589831329,
            43.33272931411273,
            0.0,
            72.72028133887424,
            28.080113126536048,
            14.169841224775762,
            47.581305674961705,
            74.17568396964109,
            26.009857060343375,
            25.946844958910756,
            25.5714582638067,
            71.5508240539024,
            36.519276784793256,
            27.62090396279383,
            47.824439289517635,
            46.46331180703388,
            21.86177594173432,
            8.947107510353554,
            52.44467975850506,
            54.86833435542942,
            47.79393620779056,
            28.35066702925735,
            19.651683612206998,
            12.50543632541858,
            60.48526589831329
        ],
        [
            63.175667063252476,
            29.812289896509714,
            72.72028133887424,
            0.0,
            67.13076001410523,
            63.69633011230882,
            26.411684349099584,
            88.01765378140995,
            98.22535240490606,
            69.52722363571779,
            92.13605626867142,
            80.12712235440482,
            37.33505128446025,
            99.01257314420826,
            42.31733266325068,
            31.164160816753895,
            79.47419543267786,
            79.48719317943133,
            56.150558940462844,
            60.2934913814824,
            35.669371578161424,
            100.39561150358371,
            86.25923053861173,
            84.93605855567901,
            63.175667063252476
        ],
        [
            33.471872406582,
            43.98609383996743,
            28.080113126536048,
            67.13076001410523,
            0.0,
            15.758897372355921,
            41.18198920539026,
            46.36136501786759,
            48.15569507695158,
            3.2577006626827405,
            29.230795421247237,
            43.470757208447,
            31.80907670951617,
            51.184286603813455,
            59.94718192138925,
            51.71316581523086,
            49.642586806171686,
            36.42235999366748,
            70.01072568429258,
            28.255857870006018,
            56.430172157843394,
            50.5832078757027,
            25.21702676342491,
            36.84413905946033,
            33.471872406582
        ],
        [
            46.580421163479926,
            36.16005150252679,
            14.169841224775762,
            63.69633011230882,
            15.758897372355921,
            0.0,
            37.46435367628174,
            61.97021849026842,
            38.68717914366737,
            14.719712550806669,
            28.629481329221687,
            58.59506676476911,
            26.368699702652854,
            40.89891171096239,
            47.39374644143737,
            41.87572654787983,
            34.52637728509084,
            23.110028987319712,
            55.77373920325399,
            40.895610742732266,
            45.20812106696052,
            41.12845078646147,
            22.608645387679896,
            25.605834978821854,
            46.580421163479926
        ],
        [
            45.35890342353115,
            11.13524597045305,
            47.581305674961705,
            26.411684349099584,
            41.18198920539026,
            37.46435367628174,
            0.0,
            69.73824017022541,
            73.52006736467456,
            43.391397256222724,
            65.76425743324418,
            62.73173415245375,
            11.184673919911303,
            74.75115578669873,
            33.90097723561109,
            19.983985590686036,
            58.13642201216272,
            55.132737651893116,
            48.727968260290304,
            40.866252135520725,
            27.001209747922157,
            75.80454365619968,
            59.9406852391199,
            60.041575846050435,
            45.35890342353115
        ],
        [
            24.936533741854056,
            78.25595045178412,
            74.17568396964109,
            88.01765378140995,
            46.36136501786759,
            61.97021849026842,
            69.73824017022541,
            0.0,
            89.89724174603623,
            48.2348996776436,
            65.08906020907187,
            8.239504720856393,
            66.43801881624772,
            93.53298394105617,
            99.52144625262429,
            87.67704841141216,
            95.9313777715695,
            82.0104844381058,
            112.15469242689022,
            28.874894237981188,
            94.06238880083133,
            92.09257239364364,
            64.78750965125148,
            81.11168668313054,
            24.936533741854056
        ],
        [
            81.56555869369258,
            68.51700375429519,
            26.009857060343375,
            98.22535240490606,
            48.15569507695158,
            38.68717914366737,
            73.52006736467456,
            89.89724174603623,
            0.0,
            45.119594656584766,
            25.7715821344711,
            89.26221870339688,
            62.508332801373086,
            3.967796701132294,
            68.29110133354796,
            70.23815667109012,
            26.604555996946324,
            18.79589285297872,
            68.20104803485188,
            76.41141599857907,
            70.11193312514756,
            2.4597955739954567,
            25.11234196544294,
            13.504573782998882,
            81.56555869369258
        ],
        [
            36.44855147526628,
            45.53378766073131,
            25.946844958910756,
            69.52722363571779,
            3.2577006626827405,
            14.719712550806669,
            43.391397256222724,
            48.2348996776436,
            45.119594656584766,
            0.0,
            25.996091736279052,
            45.767825183216715,
            33.62097730983299,
            48.21427217310953,
            60.489321713961004,
            52.908292528088516,
            47.70908948696289,
            34.02033107644981,
            69.98103952506023,
            31.331321894734504,
            57.32363343713869,
            47.53668535028,
            21.967024139712095,
            34.08010766855382,
            36.44855147526628
        ],
        [
            60.358883467709184,
            64.70971182738394,
            25.5714582638067,
            92.13605626867142,
            29.230795421247237,
            28.629481329221687,
            65.76425743324418,
            65.08906020907187,
            25.7715821344711,
            25.996091736279052,
            0.0,
            65.3493419018708,
            54.829491300115585,
            29.678442153336857,
            72.96443762711449,
            69.7639676223684,
            42.448534721018476,
            27.075720352865446,
            77.98607573060994,
            55.929236198229475,
            72.16593022787568,
            27.68878705234014,
            6.241049815136504,
            22.179639707454918,
            60.358883467709184
        ],
        [
            17.43543257918647,
            71.70658024335715,
            71.5508240539024,
            80.12712235440482,
            43.470757208447,
            58.59506676476911,
            62.73173415245375,
            8.239504720856393,
            89.26221870339688,
            45.767825183216715,
            65.3493419018708,
            0.0,
            60.25084160765716,
            92.74062760276455,
            93.46710654971432,
            81.1904100876858,
            93.01038757654713,
            79.78701187993349,
            106.5425852110429,
            22.061004973816434,
            87.73737602069924,
            91.54897834273221,
            64.26014657785198,
            79.53131876892432,
            17.43543257918647
        ],
        [
            43.569560079834744,
            12.585586342588861,
            36.519276784793256,
            37.33505128446025,
            31.80907670951617,
            26.368699702652854,
            11.184673919911303,
            66.43801881624772,
            62.508332801373086,
            33.62097730983299,
            54.829491300115585,
            60.25084160765716,
            0.0,
            63.86330747983618,
            33.22383579587743,
            21.50854266872802,
            48.5905301633631,
            44.29550721647906,
            46.77858645351942,
            38.27558154744264,
            27.64149777502657,
            64.81866488206568,
            48.92559806596378,
            49.01016083689961,
            43.569560079834744
        ],
        [
            84.64844175286662,
            69.2198517596981,
            27.62090396279383,
            99.01257314420826,
            51.184286603813455,
            40.89891171096239,
            74.75115578669873,
            93.53298394105617,
            3.967796701132294,
            48.21427217310953,
            29.678442153336857,
            92.74062760276455,
            63.86330747983618,
            0.0,
            67.66465666411071,
            70.40851201742545,
            24.91932673320804,
            19.629651527760068,
            66.72547247589685,
            79.41204681655294,
            69.88561759756952,
            3.0954922142725745,
            28.762162336792667,
            15.312439007225276,
            84.64844175286662
        ],
        [
            76.74392910454974,
            22.941062030765746,
            47.824439289517635,
            42.31733266325068,
            59.94718192138925,
            47.39374644143737,
            33.90097723561109,
            99.52144625262429,
            68.29110133354796,
            60.489321713961004,
            72.96443762711449,
            93.46710654971432,
            33.22383579587743,
            67.66465666411071,
            0.0,
            14.104352496555869,
            43.843620902744036,
            50.616124694181316,
            15.04476101880173,
            71.49770515910348,
            7.283140095471767,
            69.91494824269083,
            66.78321325315892,
            57.07705709924408,
            76.74392910454974
        ],
        [
            64.1103239146619,
            9.508839553934516,
            46.46331180703388,
            31.164160816753895,
            51.71316581523086,
            41.87572654787983,
            19.983985590686036,
            87.67704841141216,
            70.23815667109012,
            52.908292528088516,
            69.7639676223684,
            81.1904100876858,
            21.50854266872802,
            70.40851201742545,
            14.104352496555869,
            0.0,
            49.007600078697614,
            51.55717209199889,
            29.126030818692488,
            59.12940512958673,
            7.02184839723931,
            72.19540345308117,
            63.53537264893465,
            57.63587863801986,
            64.1103239146619
        ],
        [
            80.90889470659775,
            50.15521294021378,
            21.86177594173432,
            79.47419543267786,
            49.642586806171686,
            34.52637728509084,
            58.13642201216272,
            95.9313777715695,
            26.604555996946324,
            47.70908948696289,
            42.448534721018476,
            93.01038757654713,
            48.5905301633631,
            24.91932673320804,
            43.843620902744036,
            49.007600078697614,
            0.0,
            15.660674891754352,
            41.81010812089743,
            75.1557278204814,
            47.118423671317004,
            27.62818497660208,
            37.916273204645876,
            20.43980403716894,
            80.90889470659775
        ],
        [
            69.24440142003353,
            49.74202086178048,
            8.947107510353554,
            79.48719317943133,
            36.42235999366748,
            23.110028987319712,
            55.132737651893116,
            82.0104844381058,
            18.79589285297872,
            34.02033107644981,
            27.075720352865446,
            79.78701187993349,
            44.29550721647906,
            19.629651527760068,
            50.616124694181316,
            51.55717209199889,
            15.660674891754352,
            0.0,
            52.69511480898995,
            63.670688082235024,
            51.79950440464388,
            20.913189492763543,
            22.283646354236605,
            6.491939186677823,
            69.24440142003353
        ],
        [
            90.24992522319353,
            37.64245784667679,
            52.44467975850506,
            56.150558940462844,
            70.01072568429258,
            55.77373920325399,
            48.727968260290304,
            112.15469242689022,
            68.20104803485188,
            69.98103952506023,
            77.98607573060994,
            106.5425852110429,
            46.77858645351942,
            66.72547247589685,
            15.04476101880173,
            29.126030818692488,
            41.81010812089743,
            52.69511480898995,
            0.0,
            84.81142428931388,
            22.310186052272076,
            69.3855588930094,
            72.09032800174398,
            59.08762213967258,
            90.24992522319353
        ],
        [
            5.809157563234744,
            49.64688442467034,
            54.86833435542942,
            60.2934913814824,
            28.255857870006018,
            40.895610742732266,
            40.866252135520725,
            28.874894237981188,
            76.41141599857907,
            31.331321894734504,
            55.929236198229475,
            22.061004973816434,
            38.27558154744264,
            79.41204681655294,
            71.49770515910348,
            59.12940512958673,
            75.1557278204814,
            63.670688082235024,
            84.81142428931388,
            0.0,
            65.68967052974304,
            78.83891141548264,
            52.91195311563303,
            64.84316753827821,
            5.809157563234744
        ],
        [
            70.77600180952756,
            16.32814342301049,
            47.79393620779056,
            35.669371578161424,
            56.430172157843394,
            45.20812106696052,
            27.001209747922157,
            94.06238880083133,
            70.11193312514756,
            57.32363343713869,
            72.16593022787568,
            87.73737602069924,
            27.64149777502657,
            69.88561759756952,
            7.283140095471767,
            7.02184839723931,
            47.118423671317004,
            51.79950440464388,
            22.310186052272076,
            65.68967052974304,
            0.0,
            71.91276180893135,
            65.92853918892585,
            58.11988021497826,
            70.77600180952756
        ],
        [
            83.97833075223433,
            70.65476358179201,
            28.35066702925735,
            100.39561150358371,
            50.5832078757027,
            41.12845078646147,
            75.80454365619968,
            92.09257239364364,
            2.4597955739954567,
            47.53668535028,
            27.68878705234014,
            91.54897834273221,
            64.81866488206568,
            3.0954922142725745,
            69.91494824269083,
            72.19540345308117,
            27.62818497660208,
            20.913189492763543,
            69.3855588930094,
            78.83891141548264,
            71.91276180893135,
            0.0,
            27.336390833260996,
            15.851817732616123,
            83.97833075223433
        ],
        [
            57.688330842997686,
            58.580452146900306,
            19.651683612206998,
            86.25923053861173,
            25.21702676342491,
            22.608645387679896,
            59.9406852391199,
            64.78750965125148,
            25.11234196544294,
            21.967024139712095,
            6.241049815136504,
            64.26014657785198,
            48.92559806596378,
            28.762162336792667,
            66.78321325315892,
            63.53537264893465,
            37.916273204645876,
            22.283646354236605,
            72.09032800174398,
            52.91195311563303,
            65.92853918892585,
            27.336390833260996,
            0.0,
            18.341907848151664,
            57.688330842997686
        ],
        [
            70.23502858013174,
            55.3349842437632,
            12.50543632541858,
            84.93605855567901,
            36.84413905946033,
            25.605834978821854,
            60.041575846050435,
            81.11168668313054,
            13.504573782998882,
            34.08010766855382,
            22.179639707454918,
            79.53131876892432,
            49.01016083689961,
            15.312439007225276,
            57.07705709924408,
            57.63587863801986,
            20.43980403716894,
            6.491939186677823,
            59.08762213967258,
            64.84316753827821,
            58.11988021497826,
            15.851817732616123,
            18.341907848151664,
            0.0,
            70.23502858013174
        ],
        [
            0.0,
            54.603633398396234,
            60.48526589831329,
            63.175667063252476,
            33.471872406582,
            46.580421163479926,
            45.35890342353115,
            24.936533741854056,
            81.56555869369258,
            36.44855147526628,
            60.358883467709184,
            17.43543257918647,
            43.569560079834744,
            84.64844175286662,
            76.74392910454974,
            64.1103239146619,
            80.90889470659775,
            69.24440142003353,
            90.24992522319353,
            5.809157563234744,
            70.77600180952756,
            83.97833075223433,
            57.688330842997686,
            70.23502858013174,
            0.0
        ]
    ],
    "scores_ave": [
        0,
        13.743180686903791,
        16.942111236982655,
        12.607730684744103,
        10.08224951460895,
        12.049387798601849,
        16.862588739704396,
        13.800300039157598,
        12.618028722448887,
        11.801238955918585,
        10.422723492260376,
        10.272917494915495,
        15.435843262828062,
        12.34307413945723,
        13.882227007169448,
        17.651836676641615,
        11.435101257989722,
        12.833740462138902,
        16.651566340418615,
        12.204514048979297,
        11.84001687690691,
        19.29036905085971,
        18.643843449112094,
        16.58832016687678,
        0
    ],
    "scores_var": [
        0,
        19.060280641005946,
        22.66831473731457,
        290.3260193851425,
        20.94909740289762,
        352.85554371816903,
        341.2587530661888,
        298.7681825177125,
        23.357047100449023,
        18.99510565588976,
        19.138956172570218,
        20.630851158629568,
        20.51525225392138,
        356.4831122972014,
        19.284844569273886,
        21.214161622863973,
        322.759783667305,
        294.4262296816948,
        348.64144389281876,
        350.9460746170886,
        22.50711237307054,
        22.141217974652108,
        298.173827939473,
        18.552535289612372,
        0
    ],
    "vertex_number": 25,
    "minimum_distances": {
        "cost": 392.61384223498504,
        "path": [
            0,
            19,
            12,
            6,
            3,
            1,
            15,
            20,
            14,
            18,
            16,
            13,
            21,
            8,
            10,
            22,
            23,
            17,
            2,
            5,
            9,
            4,
            7,
            11,
            24
        ]
    }
}