{
    "vertices": [
        [
            26.84487067294742,
            14.104477392207182
        ],
        [
            81.70873502138102,
            94.30748003443674
        ],
        [
            66.57778541103319,
            92.21518514890266
        ],
        [
            9.22145017440158,
            34.30574184218109
        ],
        [
            26.298736499267495,
            23.98866646975901
        ],
        [
            18.58519272685435,
            99.26446001689611
        ],
        [
            31.676084703175544,
            35.800579943830954
        ],
        [
            64.6718378456568,
            26.711752218976958
        ],
        [
            18.297500964845913,
            64.46245990268034
        ],
        [
            47.20881751662432,
            99.25037613742474
        ],
        [
            43.046262083230026,
            8.812887532355973
        ],
        [
            26.84487067294742,
            14.104477392207182
        ]
    ],
    "distances": [
        [
            0.0,
            97.17286269361834,
            87.63553605607648,
            26.808133755380016,
            9.899265440246358,
            85.55959864568379,
            22.227494121840383,
            39.87258235984892,
            51.078213863173524,
            87.54721242953963,
            17.04365004551722,
            0.0
        ],
        [
            97.17286269361834,
            0.0,
            15.274925007963773,
            94.09896413127576,
            89.52655180092958,
            63.31787458810822,
            76.98261788271397,
            69.70967138265624,
            70.08359174041826,
            34.85220982548957,
            93.8302305272139,
            97.17286269361834
        ],
        [
            87.63553605607648,
            15.274925007963773,
            0.0,
            81.50615201241725,
            79.22915897768921,
            48.50753785458525,
            66.33804634404736,
            65.53115565688766,
            55.68841553498411,
            20.607057760379664,
            86.65838584837577,
            87.63553605607648
        ],
        [
            26.808133755380016,
            94.09896413127576,
            81.50615201241725,
            0.0,
            19.95183581682875,
            65.63013592467004,
            22.504336310385877,
            55.96797451480466,
            31.49289351792189,
            75.23859117059482,
            42.35567874004136,
            26.808133755380016
        ],
        [
            9.899265440246358,
            89.52655180092958,
            79.22915897768921,
            19.95183581682875,
            0.0,
            75.66996664252034,
            12.97833477858525,
            38.469599724169974,
            41.25709302566137,
            78.11246014722897,
            22.60052830228544,
            9.899265440246358
        ],
        [
            85.55959864568379,
            63.31787458810822,
            48.50753785458525,
            65.63013592467004,
            75.66996664252034,
            0.0,
            64.79996548351015,
            85.9527443838571,
            34.8031892001265,
            28.623628254663927,
            93.70075175249897,
            85.55959864568379
        ],
        [
            22.227494121840383,
            76.98261788271397,
            66.33804634404736,
            22.504336310385877,
            12.97833477858525,
            64.79996548351015,
            0.0,
            34.22464776811641,
            31.630521108875048,
            65.32336814389302,
            29.28508964217605,
            22.227494121840383
        ],
        [
            39.87258235984892,
            69.70967138265624,
            65.53115565688766,
            55.96797451480466,
            38.469599724169974,
            85.9527443838571,
            34.22464776811641,
            0.0,
            59.79711574779639,
            74.61105172153925,
            28.071959036134757,
            39.87258235984892
        ],
        [
            51.078213863173524,
            70.08359174041826,
            55.68841553498411,
            31.49289351792189,
            41.25709302566137,
            34.8031892001265,
            31.630521108875048,
            59.79711574779639,
            0.0,
            45.23343167075354,
            60.90464745727382,
            51.078213863173524
        ],
        [
            87.54721242953963,
            34.85220982548957,
            20.607057760379664,
            75.23859117059482,
            78.11246014722897,
            28.623628254663927,
            65.32336814389302,
            74.61105172153925,
            45.23343167075354,
            0.0,
            90.53323264375366,
            87.54721242953963
        ],
        [
            17.04365004551722,
            93.8302305272139,
            86.65838584837577,
            42.35567874004136,
            22.60052830228544,
            93.70075175249897,
            29.28508964217605,
            28.071959036134757,
            60.90464745727382,
            90.53323264375366,
            0.0,
            17.04365004551722
        ],
        [
            0.0,
            97.17286269361834,
            87.63553605607648,
            26.808133755380016,
            9.899265440246358,
            85.55959864568379,
            22.227494121840383,
            39.87258235984892,
            51.078213863173524,
            87.54721242953963,
            17.04365004551722,
            0.0
        ]
    ],
    "scores_ave": [
        0,
        10.81124360820181,
        10.31323216637097,
        16.730073863514487,
        18.514800796092004,
        11.32414557945702,
        13.696673637733365,
        17.43858672030699,
        14.211495248324916,
        14.495211093331282,
        14.306173288974513,
        0
    ],
    "scores_var": [
        0,
        16.61300584446841,
        332.7422069072895,
        337.2813797079883,
        246.12558345172923,
        260.6464680179149,
        326.3476538450938,
        306.5307721452791,
        24.87070378582149,
        235.68273523738193,
        243.27422730133753,
        0
    ],
    "vertex_number": 12,
    "minimum_distances": {
        "cost": 291.00891073458143,
        "path": [
            0,
            4,
            6,
            3,
            8,
            5,
            9,
            2,
            1,
            7,
            10,
            11
        ]
    }
}