{
    "vertices": [
        [
            72.23597988142856,
            11.684926940953865
        ],
        [
            4.0613408111566995,
            67.82410550697749
        ],
        [
            0.055386383532307626,
            54.036965904923264
        ],
        [
            65.21908873359907,
            14.592905302882485
        ],
        [
            56.44730230209814,
            75.63692181313583
        ],
        [
            37.26039745269898,
            53.08235453186304
        ],
        [
            33.094696725650216,
            81.59214145243698
        ],
        [
            74.6022363846407,
            6.246998608113619
        ],
        [
            14.697475875334042,
            42.94737546300007
        ],
        [
            13.839119546121703,
            64.88629049753828
        ],
        [
            65.78016476748299,
            67.04327305070764
        ],
        [
            30.563011812622122,
            7.784346996314029
        ],
        [
            84.92730411852187,
            10.798403719884874
        ],
        [
            44.3821395962493,
            56.481453173841025
        ],
        [
            69.99052774804304,
            65.5686064382226
        ],
        [
            34.79386564059311,
            40.84425360872592
        ],
        [
            31.288060209795386,
            49.78455141958703
        ],
        [
            1.4860304926061718,
            2.2333567843592195
        ],
        [
            30.205641051689447,
            77.14168854108561
        ],
        [
            29.220830614171668,
            73.01071198781507
        ],
        [
            8.450487265707363,
            40.365720806381674
        ],
        [
            23.404143915594677,
            68.44687102543978
        ],
        [
            72.23597988142856,
            11.684926940953865
        ]
    ],
    "distances": [
        [
            0.0,
            88.31414825739829,
            83.68831030743856,
            7.595597378345762,
            65.87214880232494,
            54.19444969158212,
            80.11902825069293,
            5.930449763053428,
            65.48297588574411,
            78.99733148215327,
            55.73350906584601,
            41.85511667130182,
            12.722249577512882,
            52.75002541388983,
            53.930445681893865,
            47.45712012482021,
            55.93132852746649,
            71.37848076938847,
            77.78905463700634,
            74.90764298853767,
            69.93695021218315,
            74.87634139061826,
            0.0
        ],
        [
            88.31414825739829,
            0.0,
            14.357328765572493,
            81.07916382223887,
            52.965357168286644,
            36.32487554969212,
            32.132453523705905,
            93.63630728698823,
            27.055111657214642,
            10.209589316893217,
            61.72376308907907,
            65.62858499075459,
            98.95066794084084,
            41.88582787314024,
            65.96775701968393,
            40.8949934691707,
            32.66067606287558,
            65.64128686452212,
            27.755031771998034,
            25.688534678628137,
            27.806968496501177,
            19.352825861564536,
            88.31414825739829
        ],
        [
            83.68831030743856,
            14.357328765572493,
            0.0,
            76.17179281561883,
            60.38713667829702,
            37.21725583019778,
            43.0218982302859,
            88.55006391481538,
            18.36762915717554,
            17.541355250190552,
            66.9993322294328,
            55.40776087541062,
            95.25132901878203,
            44.39410510855036,
            70.8794944328988,
            37.15924647814431,
            31.520833480300553,
            51.82336018132184,
            37.985076867748,
            34.79405376768546,
            16.04308765064549,
            27.437380412009585,
            83.68831030743856
        ],
        [
            7.595597378345762,
            81.07916382223887,
            76.17179281561883,
            0.0,
            61.6710320077745,
            47.5723251490922,
            74.30258546311923,
            12.557771235336151,
            57.934526353992126,
            71.89802381181381,
            52.4533686544334,
            35.31855226034347,
            20.070176778540826,
            46.784921631761726,
            51.198522796151785,
            40.18491617676827,
            48.88523962390432,
            64.92042168941545,
            71.68187918263264,
            68.61861792189548,
            62.345105113374565,
            68.18166347471384,
            7.595597378345762
        ],
        [
            65.87214880232494,
            52.965357168286644,
            60.38713667829702,
            61.6710320077745,
            0.0,
            29.61158258089827,
            24.099975687984927,
            71.72560961009914,
            53.025036041879346,
            43.94352411278133,
            12.686730108651831,
            72.62209308065954,
            70.81768092780455,
            22.638465714566706,
            16.87572013184633,
            40.98049633711098,
            36.07398671652936,
            91.69964426239991,
            26.28476950796308,
            27.352837853138254,
            59.56300759780656,
            33.816373940521814,
            65.87214880232494
        ],
        [
            54.19444969158212,
            36.32487554969212,
            37.21725583019778,
            47.5723251490922,
            29.61158258089827,
            0.0,
            28.812514864271453,
            59.89961184618285,
            24.73465647290479,
            26.227641202725163,
            31.753493879874704,
            45.790440717496516,
            63.71865101646503,
            7.891329592477893,
            35.03095653588789,
            12.484185731757593,
            6.822339592127516,
            62.17254943559118,
            25.072318218404117,
            21.488928913357853,
            31.491644896552696,
            20.689710707641787,
            54.19444969158212
        ],
        [
            80.11902825069293,
            32.132453523705905,
            43.0218982302859,
            74.30258546311923,
            24.099975687984927,
            28.812514864271453,
            0.0,
            86.02189488016501,
            42.80041674322398,
            25.492404920761576,
            35.77721890930749,
            73.85120141863737,
            87.74036979229655,
            27.530946812302954,
            40.225067074956115,
            40.783299752780714,
            31.858856212963378,
            85.42203746707469,
            5.305956445675061,
            9.415294488540596,
            48.030769504464864,
            16.33110370928317,
            80.11902825069293
        ],
        [
            5.930449763053428,
            93.63630728698823,
            88.55006391481538,
            12.557771235336151,
            71.72560961009914,
            59.89961184618285,
            86.02189488016501,
            0.0,
            70.25309952570116,
            84.44360793585656,
            61.433019897425446,
            44.066049754560346,
            11.283718899400656,
            58.62384050380762,
            59.50059673732791,
            52.74160060969839,
            61.41364964336001,
            73.22628547684073,
            83.64875813692676,
            80.7271045804994,
            74.43212422023764,
            80.56096325889257,
            5.930449763053428
        ],
        [
            65.48297588574411,
            27.055111657214642,
            18.36762915717554,
            57.934526353992126,
            53.025036041879346,
            24.73465647290479,
            42.80041674322398,
            70.25309952570116,
            0.0,
            21.955700136424383,
            56.48055758408701,
            38.57659655187783,
            77.23849531941492,
            32.624385353702905,
            59.74145693094917,
            20.206137758887397,
            17.94420417907144,
            42.803897089698715,
            37.546694049133734,
            33.38760302678815,
            6.759423603743513,
            26.94495021895899,
            65.48297588574411
        ],
        [
            78.99733148215327,
            10.209589316893217,
            17.541355250190552,
            71.89802381181381,
            43.94352411278133,
            26.227641202725163,
            25.492404920761576,
            84.44360793585656,
            21.955700136424383,
            0.0,
            51.98581299183629,
            59.50059263703614,
            89.32541341562259,
            31.678342194949394,
            56.15555358200746,
            31.89233327379449,
            23.07656936078075,
            63.85913334858292,
            20.4464619775157,
            17.395495391987033,
            25.105690506982505,
            10.20624440645447,
            78.99733148215327
        ],
        [
            55.73350906584601,
            61.72376308907907,
            66.9993322294328,
            52.4533686544334,
            12.686730108651831,
            31.753493879874704,
            35.77721890930749,
            61.433019897425446,
            56.48055758408701,
            51.98581299183629,
            0.0,
            68.93379562570274,
            59.41463011219904,
            23.862680493610206,
            4.461143132208223,
            40.577572047898975,
            38.5690128102725,
            91.29107814352389,
            36.98005858597121,
            37.04315376964523,
            63.23277406698475,
            42.39925978733998,
            55.73350906584601
        ],
        [
            41.85511667130182,
            65.62858499075459,
            55.40776087541062,
            35.31855226034347,
            72.62209308065954,
            45.790440717496516,
            73.85120141863737,
            44.066049754560346,
            38.57659655187783,
            59.50059263703614,
            68.93379562570274,
            0.0,
            54.44778063295338,
            50.61992140220641,
            69.95391091345552,
            33.329529689676875,
            42.00646220255837,
            29.60210017917267,
            69.3582622332687,
            65.24017274941865,
            39.37651154164459,
            61.083477398977124,
            41.85511667130182
        ],
        [
            12.722249577512882,
            98.95066794084084,
            95.25132901878203,
            20.070176778540826,
            70.81768092780455,
            63.71865101646503,
            87.74036979229655,
            11.283718899400656,
            77.23849531941492,
            89.32541341562259,
            59.41463011219904,
            54.44778063295338,
            0.0,
            61.080695588301495,
            56.770435916500624,
            58.44753843544686,
            66.31054365304844,
            83.8797125252745,
            85.99937121669493,
            83.50797860273501,
            81.99347386001143,
            84.31159483745209,
            12.722249577512882
        ],
        [
            52.75002541388983,
            41.88582787314024,
            44.39410510855036,
            46.784921631761726,
            22.638465714566706,
            7.891329592477893,
            27.530946812302954,
            58.62384050380762,
            32.624385353702905,
            31.678342194949394,
            23.862680493610206,
            50.61992140220641,
            61.080695588301495,
            0.0,
            27.17288902901733,
            18.342764450538823,
            14.707256987109718,
            69.15874592641313,
            25.05630532249022,
            22.42948253949178,
            39.380204023627364,
            24.15051815470886,
            52.75002541388983
        ],
        [
            53.930445681893865,
            65.96775701968393,
            70.8794944328988,
            51.198522796151785,
            16.87572013184633,
            35.03095653588789,
            40.225067074956115,
            59.50059673732791,
            59.74145693094917,
            56.15555358200746,
            4.461143132208223,
            69.95391091345552,
            56.770435916500624,
            27.17288902901733,
            0.0,
            43.012773060376404,
            41.79733707283788,
            93.29640932499684,
            41.43396479702734,
            41.4433726836858,
            66.50084230097517,
            46.6752136108474,
            53.930445681893865
        ],
        [
            47.45712012482021,
            40.8949934691707,
            37.15924647814431,
            40.18491617676827,
            40.98049633711098,
            12.484185731757593,
            40.783299752780714,
            52.74160060969839,
            20.206137758887397,
            31.89233327379449,
            40.577572047898975,
            33.329529689676875,
            58.44753843544686,
            18.342764450538823,
            43.012773060376404,
            0.0,
            9.603103491345847,
            50.99228604237474,
            36.58627594532007,
            32.64566991285973,
            26.347724339026275,
            29.860178318730387,
            47.45712012482021
        ],
        [
            55.93132852746649,
            32.66067606287558,
            31.520833480300553,
            48.88523962390432,
            36.07398671652936,
            6.822339592127516,
            31.858856212963378,
            61.41364964336001,
            17.94420417907144,
            23.07656936078075,
            38.5690128102725,
            42.00646220255837,
            66.31054365304844,
            14.707256987109718,
            41.79733707283788,
            9.603103491345847,
            0.0,
            56.118420206751615,
            27.378542377531907,
            23.317975318241796,
            24.703625403911786,
            20.25927711457048,
            55.93132852746649
        ],
        [
            71.37848076938847,
            65.64128686452212,
            51.82336018132184,
            64.92042168941545,
            91.69964426239991,
            62.17254943559118,
            85.42203746707469,
            73.22628547684073,
            42.803897089698715,
            63.85913334858292,
            91.29107814352389,
            29.60210017917267,
            83.8797125252745,
            69.15874592641313,
            93.29640932499684,
            50.99228604237474,
            56.118420206751615,
            0.0,
            80.22514691317923,
            76.01745291299459,
            38.76313769617248,
            69.7469222559445,
            71.37848076938847
        ],
        [
            77.78905463700634,
            27.755031771998034,
            37.985076867748,
            71.68187918263264,
            26.28476950796308,
            25.072318218404117,
            5.305956445675061,
            83.64875813692676,
            37.546694049133734,
            20.4464619775157,
            36.98005858597121,
            69.3582622332687,
            85.99937121669493,
            25.05630532249022,
            41.43396479702734,
            36.58627594532007,
            27.378542377531907,
            80.22514691317923,
            0.0,
            4.246742149167399,
            42.72889559859599,
            11.039031430460147,
            77.78905463700634
        ],
        [
            74.90764298853767,
            25.688534678628137,
            34.79405376768546,
            68.61861792189548,
            27.352837853138254,
            21.488928913357853,
            9.415294488540596,
            80.7271045804994,
            33.38760302678815,
            17.395495391987033,
            37.04315376964523,
            65.24017274941865,
            83.50797860273501,
            22.42948253949178,
            41.4433726836858,
            32.64566991285973,
            23.317975318241796,
            76.01745291299459,
            4.246742149167399,
            0.0,
            38.6924102641456,
            7.393408448020247,
            74.90764298853767
        ],
        [
            69.93695021218315,
            27.806968496501177,
            16.04308765064549,
            62.345105113374565,
            59.56300759780656,
            31.491644896552696,
            48.030769504464864,
            74.43212422023764,
            6.759423603743513,
            25.105690506982505,
            63.23277406698475,
            39.37651154164459,
            81.99347386001143,
            39.380204023627364,
            66.50084230097517,
            26.347724339026275,
            24.703625403911786,
            38.76313769617248,
            42.72889559859599,
            38.6924102641456,
            0.0,
            31.814506829872848,
            69.93695021218315
        ],
        [
            74.87634139061826,
            19.352825861564536,
            27.437380412009585,
            68.18166347471384,
            33.816373940521814,
            20.689710707641787,
            16.33110370928317,
            80.56096325889257,
            26.94495021895899,
            10.20624440645447,
            42.39925978733998,
            61.083477398977124,
            84.31159483745209,
            24.15051815470886,
            46.6752136108474,
            29.860178318730387,
            20.25927711457048,
            69.7469222559445,
            11.039031430460147,
            7.393408448020247,
            31.814506829872848,
            0.0,
            74.87634139061826
        ],
        [
            0.0,
            88.31414825739829,
            83.68831030743856,
            7.595597378345762,
            65.87214880232494,
            54.19444969158212,
            80.11902825069293,
            5.930449763053428,
            65.48297588574411,
            78.99733148215327,
            55.73350906584601,
            41.85511667130182,
            12.722249577512882,
            52.75002541388983,
            53.930445681893865,
            47.45712012482021,
            55.93132852746649,
            71.37848076938847,
            77.78905463700634,
            74.90764298853767,
            69.93695021218315,
            74.87634139061826,
            0.0
        ]
    ],
    "scores_ave": [
        0,
        14.474757123646715,
        15.637437215317117,
        17.94731532698427,
        15.354883174927199,
        14.158793006290225,
        12.381887809288898,
        16.743598563289048,
        14.692870099213849,
        12.722684007227569,
        18.255682800214487,
        15.580646824438379,
        16.20883630668553,
        18.686751384150185,
        18.233403211807882,
        16.40219961462762,
        13.703675429110215,
        11.328134006556995,
        11.172689071510769,
        12.750350381382166,
        12.60468269615045,
        13.212547458306874,
        0
    ],
    "scores_var": [
        0,
        302.18812096429383,
        22.867571426298774,
        233.13131282467927,
        325.7034020251967,
        226.74797414753974,
        23.904964367061133,
        20.79517411464288,
        21.899908939102275,
        24.749425664224326,
        18.980814975847018,
        16.73227407143458,
        336.9891939434651,
        17.312886982727722,
        343.47924432902926,
        358.3496710013714,
        20.107252311465814,
        23.58780370632453,
        396.5827839949154,
        19.82624787476096,
        280.2930447490674,
        16.00434787295983,
        0
    ],
    "vertex_number": 23,
    "minimum_distances": {
        "cost": 364.2634079684239,
        "path": [
            0,
            7,
            12,
            14,
            10,
            4,
            6,
            18,
            19,
            21,
            9,
            1,
            2,
            20,
            8,
            16,
            5,
            13,
            15,
            17,
            11,
            3,
            22
        ]
    }
}