{
    "vertices": [
        [
            15.530296409743594,
            17.64768432523567
        ],
        [
            59.98853909733326,
            21.142318549287864
        ],
        [
            12.852291900681633,
            0.2587304032680593
        ],
        [
            16.515872513326222,
            83.01356649925692
        ],
        [
            75.78024968972358,
            54.94448017584411
        ],
        [
            60.01555246628043,
            78.40589799467497
        ],
        [
            70.87711755577831,
            94.88671825584676
        ],
        [
            54.275564391288775,
            6.440174837692192
        ],
        [
            4.141625294477103,
            29.567365596309493
        ],
        [
            3.421458945592948,
            24.053705255053536
        ],
        [
            27.91076130229947,
            58.62610673535018
        ],
        [
            13.36562527925661,
            86.49099083595708
        ],
        [
            26.85578780775516,
            18.44796506348001
        ],
        [
            94.68727660465585,
            99.97724995904697
        ],
        [
            12.499658582935913,
            67.99396576117562
        ],
        [
            69.5144880364127,
            66.74728477011578
        ],
        [
            9.332817037078955,
            90.12500659482913
        ],
        [
            93.93968156712414,
            27.576897528080146
        ],
        [
            15.530296409743594,
            17.64768432523567
        ]
    ],
    "distances": [
        [
            0.0,
            44.595378810237015,
            17.59395994797274,
            65.37331192959388,
            70.85977597312692,
            75.30271266506199,
            95.02178157404357,
            40.33365914314157,
            16.48577057269976,
            13.698943349269053,
            42.80779151249902,
            68.8773304682484,
            11.353730869914035,
            114.21026613676099,
            50.43741488284415,
            72.97303412516025,
            72.74181049400072,
            79.03556766156608,
            0.0
        ],
        [
            44.595378810237015,
            0.0,
            51.55531062496304,
            75.616956185837,
            37.309037163422545,
            57.26358581699423,
            74.5439308658085,
            15.773113507114449,
            56.47883850654308,
            56.64195202713199,
            49.33577003600073,
            80.27543249661313,
            33.24212310794128,
            86.13331988831905,
            66.71034866479036,
            46.58923316811304,
            85.58395543227829,
            34.555518830403244,
            44.595378810237015
        ],
        [
            17.59395994797274,
            51.55531062496304,
            0.0,
            82.83589029025599,
            83.36941345414543,
            91.27624526533728,
            111.00151565331055,
            41.88195027845484,
            30.575673493861647,
            25.595730863249248,
            60.278587579756376,
            86.23378833432209,
            22.955307777149944,
            128.9990227245771,
            67.73615326579976,
            87.357497289685,
            89.93516720312175,
            85.56545458289023,
            17.59395994797274
        ],
        [
            65.37331192959388,
            75.616956185837,
            82.83589029025599,
            0.0,
            65.57545279399515,
            43.743031045614146,
            55.64275959368419,
            85.37727239303246,
            54.85998892810145,
            60.396431224192,
            26.91824073466241,
            4.6921783484046875,
            65.38830734205897,
            79.99084306427768,
            15.547294962984196,
            55.43866131731298,
            10.10786160410588,
            95.22431661618158,
            65.37331192959388
        ],
        [
            70.85977597312692,
            37.309037163422545,
            83.36941345414543,
            65.57545279399515,
            0.0,
            28.265947792646013,
            40.24205620445531,
            53.05769620065869,
            76.00059506099956,
            78.6767727678241,
            48.01085598692646,
            69.93402373042953,
            61.037681687521534,
            48.84082330498659,
            64.61209085663633,
            13.362857680401355,
            75.1859743918016,
            32.844322889841145,
            70.85977597312692
        ],
        [
            75.30271266506199,
            57.26358581699423,
            91.27624526533728,
            43.743031045614146,
            28.265947792646013,
            0.0,
            19.73806050944341,
            72.19427105116121,
            74.20982404254963,
            78.46688650018731,
            37.70885516619792,
            47.34537393248442,
            68.51659443952579,
            40.83444232873054,
            48.64327810055815,
            15.038385527887975,
            52.01996902121955,
            61.11001410312231,
            75.30271266506199
        ],
        [
            95.02178157404357,
            74.5439308658085,
            111.00151565331055,
            55.64275959368419,
            40.24205620445531,
            19.73806050944341,
            0.0,
            89.99112517405743,
            93.38224541752672,
            97.81401540323563,
            56.22223508133796,
            58.12108036488571,
            88.20861898016398,
            24.348248129057072,
            64.27400604338848,
            28.172406288865783,
            61.72823360731011,
            71.151203961574,
            95.02178157404357
        ],
        [
            40.33365914314157,
            15.773113507114449,
            41.88195027845484,
            85.37727239303246,
            53.05769620065869,
            72.19427105116121,
            89.99112517405743,
            0.0,
            55.211219890057635,
            53.81799415107612,
            58.46772041005342,
            89.8985887549868,
            29.93377981474147,
            101.89352730313132,
            74.39150141756974,
            62.20267118270196,
            94.98948155435237,
            44.94444612439627,
            40.33365914314157
        ],
        [
            16.48577057269976,
            56.47883850654308,
            30.575673493861647,
            54.85998892810145,
            76.00059506099956,
            74.20982404254963,
            93.38224541752672,
            55.211219890057635,
            0.0,
            5.560493676716473,
            37.54174027857704,
            57.66611904873655,
            25.289805196740737,
            114.69989881058542,
            39.32505970346993,
            75.20610063583086,
            60.77973638486798,
            89.82011396940065,
            16.48577057269976
        ],
        [
            13.698943349269053,
            56.64195202713199,
            25.595730863249248,
            60.396431224192,
            78.6767727678241,
            78.46688650018731,
            97.81401540323563,
            53.81799415107612,
            5.560493676716473,
            0.0,
            42.36716740629481,
            63.22421272568663,
            24.09547866956354,
            118.71745496512553,
            44.86825383276383,
            78.6831000038057,
            66.33521700588014,
            90.58676233508844,
            13.698943349269053
        ],
        [
            42.80779151249902,
            49.33577003600073,
            60.278587579756376,
            26.91824073466241,
            48.01085598692646,
            37.70885516619792,
            56.22223508133796,
            58.46772041005342,
            37.54174027857704,
            42.36716740629481,
            0.0,
            31.432670072220628,
            40.191989715353245,
            78.54310944845844,
            18.03493470336153,
            42.388956236726656,
            36.569395749439494,
            72.96486622844859,
            42.80779151249902
        ],
        [
            68.8773304682484,
            80.27543249661313,
            86.23378833432209,
            4.6921783484046875,
            69.93402373042953,
            47.34537393248442,
            58.12108036488571,
            89.8985887549868,
            57.66611904873655,
            63.22421272568663,
            31.432670072220628,
            0.0,
            69.36741195488905,
            82.43233685529565,
            18.517284761439264,
            59.51897779814677,
            5.4285921613164545,
            99.81507369615912,
            68.8773304682484
        ],
        [
            11.353730869914035,
            33.24212310794128,
            22.955307777149944,
            65.38830734205897,
            61.037681687521534,
            68.51659443952579,
            88.20861898016398,
            29.93377981474147,
            25.289805196740737,
            24.09547866956354,
            40.191989715353245,
            69.36741195488905,
            0.0,
            106.05722591123428,
            51.583957113193264,
            64.44058495484256,
            73.78789051949323,
            67.70218762980657,
            11.353730869914035
        ],
        [
            114.21026613676099,
            86.13331988831905,
            128.9990227245771,
            79.99084306427768,
            48.84082330498659,
            40.83444232873054,
            24.348248129057072,
            101.89352730313132,
            114.69989881058542,
            118.71745496512553,
            78.54310944845844,
            82.43233685529565,
            106.05722591123428,
            0.0,
            88.19146797829114,
            41.68812625627412,
            85.92118753474543,
            72.40421210446492,
            114.21026613676099
        ],
        [
            50.43741488284415,
            66.71034866479036,
            67.73615326579976,
            15.547294962984196,
            64.61209085663633,
            48.64327810055815,
            64.27400604338848,
            74.39150141756974,
            39.32505970346993,
            44.86825383276383,
            18.03493470336153,
            18.517284761439264,
            51.583957113193264,
            88.19146797829114,
            0.0,
            57.028457730351725,
            22.35647230126893,
            90.91763716806439,
            50.43741488284415
        ],
        [
            72.97303412516025,
            46.58923316811304,
            87.357497289685,
            55.43866131731298,
            13.362857680401355,
            15.038385527887975,
            28.172406288865783,
            62.20267118270196,
            75.20610063583086,
            78.6831000038057,
            42.388956236726656,
            59.51897779814677,
            64.44058495484256,
            41.68812625627412,
            57.028457730351725,
            0.0,
            64.56277102158586,
            46.161773316281256,
            72.97303412516025
        ],
        [
            72.74181049400072,
            85.58395543227829,
            89.93516720312175,
            10.10786160410588,
            75.1859743918016,
            52.01996902121955,
            61.72823360731011,
            94.98948155435237,
            60.77973638486798,
            66.33521700588014,
            36.569395749439494,
            5.4285921613164545,
            73.78789051949323,
            85.92118753474543,
            22.35647230126893,
            64.56277102158586,
            0.0,
            105.21685926424217,
            72.74181049400072
        ],
        [
            79.03556766156608,
            34.555518830403244,
            85.56545458289023,
            95.22431661618158,
            32.844322889841145,
            61.11001410312231,
            71.151203961574,
            44.94444612439627,
            89.82011396940065,
            90.58676233508844,
            72.96486622844859,
            99.81507369615912,
            67.70218762980657,
            72.40421210446492,
            90.91763716806439,
            46.161773316281256,
            105.21685926424217,
            0.0,
            79.03556766156608
        ],
        [
            0.0,
            44.595378810237015,
            17.59395994797274,
            65.37331192959388,
            70.85977597312692,
            75.30271266506199,
            95.02178157404357,
            40.33365914314157,
            16.48577057269976,
            13.698943349269053,
            42.80779151249902,
            68.8773304682484,
            11.353730869914035,
            114.21026613676099,
            50.43741488284415,
            72.97303412516025,
            72.74181049400072,
            79.03556766156608,
            0.0
        ]
    ],
    "scores_ave": [
        0,
        10.993556373139926,
        17.070891622907503,
        13.19665068069801,
        11.202534744576752,
        17.649076467710785,
        18.181271177089585,
        19.3057573890528,
        15.844057954960547,
        11.165276166029026,
        15.92742539704676,
        17.789866466182588,
        11.523246336414083,
        14.246745071663717,
        13.896503205814824,
        16.091206180570392,
        15.28352497746026,
        10.358795676486153,
        0
    ],
    "scores_var": [
        0,
        19.564536985935256,
        244.15517408496717,
        17.15344654752294,
        24.672813246544592,
        362.0562515351351,
        272.03272142903074,
        291.17080604819466,
        364.7430817171419,
        276.33684681756046,
        19.776997594215278,
        342.78182260732035,
        23.854941361509834,
        380.85588005481804,
        18.68671843060236,
        321.7762354402331,
        22.797110173618734,
        338.9170275086846,
        0
    ],
    "vertex_number": 19,
    "minimum_distances": {
        "cost": 408.48213078370475,
        "path": [
            0,
            9,
            8,
            14,
            16,
            11,
            3,
            10,
            5,
            6,
            13,
            15,
            4,
            17,
            1,
            7,
            12,
            2,
            18
        ]
    }
}