{
    "vertices": [
        [
            71.34432850950276,
            3.7652618545897076
        ],
        [
            8.27389722111338,
            83.65204983071402
        ],
        [
            13.426404916113555,
            80.05864350039035
        ],
        [
            70.48766667872016,
            81.90994411573533
        ],
        [
            90.37880501140553,
            2.2213690204757497
        ],
        [
            47.19358576535604,
            86.18180013758162
        ],
        [
            63.61690662358177,
            28.252815087664096
        ],
        [
            74.09643424772554,
            88.29373266546354
        ],
        [
            68.66897304442585,
            45.61001048109657
        ],
        [
            0.06345731904702223,
            97.78076141507263
        ],
        [
            74.5433017335469,
            99.01825099010276
        ],
        [
            63.095800643326506,
            6.128954104523077
        ],
        [
            82.8101281461405,
            53.87371293679794
        ],
        [
            82.13550584561314,
            6.449964758232585
        ],
        [
            78.04167744752756,
            6.131416477642371
        ],
        [
            68.58181096207119,
            97.9469194578675
        ],
        [
            64.70032824950333,
            98.50337264172812
        ],
        [
            58.73471963100074,
            32.226089289824756
        ],
        [
            71.77776984713871,
            62.134204762783995
        ],
        [
            71.34432850950276,
            3.7652618545897076
        ]
    ],
    "distances": [
        [
            0.0,
            101.78299561344068,
            95.78708658436929,
            78.14937770185843,
            19.0969866938404,
            85.88215273062167,
            25.677875931347256,
            84.57326092577433,
            41.93018619658235,
            117.98252733043783,
            95.30669110266244,
            8.580515894250254,
            51.40351574713132,
            11.120123109939511,
            7.103039525291651,
            94.22216369889263,
            94.97079748517953,
            31.129101085110456,
            58.37055222981204,
            0.0
        ],
        [
            101.78299561344068,
            0.0,
            6.28179151212823,
            62.23815584066102,
            115.63810643758951,
            39.001817816557605,
            78.306601891777,
            65.98599548508864,
            71.37760111954944,
            16.341108114795418,
            68.02759816797402,
            94.94878338244587,
            80.26455674004893,
            106.84427531757346,
            104.2928173614204,
            61.97892994755655,
            58.34812685801144,
            72.04806739833685,
            67.05042501632552,
            101.78299561344068
        ],
        [
            95.78708658436929,
            6.28179151212823,
            0.0,
            57.09128574405281,
            109.45461698296448,
            34.31786050599641,
            72.13134075543172,
            61.22637628224754,
            65.10337664291464,
            22.19553630493864,
            63.99016950092219,
            89.06541329874291,
            74.16031039498915,
            100.693486068893,
            98.18537742241368,
            57.98369799198146,
            54.490579434390746,
            65.88472223975721,
            61.04234016952394,
            95.78708658436929
        ],
        [
            78.14937770185843,
            62.23815584066102,
            57.09128574405281,
            0.0,
            82.13358865216381,
            23.68254546010076,
            54.095238600734255,
            7.333209366624274,
            36.34546503230631,
            72.1903879036816,
            17.5824440794068,
            76.14064703274235,
            30.62471739191857,
            76.35365506570427,
            76.1541090795006,
            16.149825514129823,
            17.573706391695556,
            51.055040835050306,
            19.817775686010567,
            78.14937770185843
        ],
        [
            19.0969866938404,
            115.63810643758951,
            109.45461698296448,
            82.13358865216381,
            0.0,
            94.41566159647267,
            37.33410491319083,
            87.59890057027518,
            48.516914698203934,
            131.48558667632034,
            98.08363534813019,
            27.56141412441837,
            52.20392228119286,
            9.264610248150154,
            12.941915918622433,
            98.17581146152217,
            99.64742038876072,
            43.60769860935373,
            62.733933368370096,
            19.0969866938404
        ],
        [
            85.88215273062167,
            39.001817816557605,
            34.31786050599641,
            23.68254546010076,
            94.41566159647267,
            0.0,
            60.21206504452243,
            26.98561682577696,
            45.904927564653676,
            48.53642869105969,
            30.212272904068385,
            81.61702393506958,
            48.08690663512945,
            87.0523023926116,
            85.7885113784773,
            24.410534809503144,
            21.40811017771505,
            55.17623133190122,
            34.38995420579918,
            85.88215273062167
        ],
        [
            25.677875931347256,
            78.306601891777,
            72.13134075543172,
            54.095238600734255,
            37.33410491319083,
            60.21206504452243,
            0.0,
            60.94860361656613,
            18.0774889585477,
            94.19753839146259,
            71.60400148428316,
            22.12999720388612,
            32.01265623171191,
            28.60599237281959,
            26.408905501493788,
            69.87072676776131,
            70.25891145667129,
            6.2946531053015775,
            34.85036950838435,
            25.677875931347256
        ],
        [
            84.57326092577433,
            65.98599548508864,
            61.22637628224754,
            7.333209366624274,
            87.59890057027518,
            26.98561682577696,
            60.94860361656613,
            0.0,
            43.02740376348012,
            74.63836404569808,
            10.733824287988263,
            82.89791780054922,
            35.505861762207694,
            82.23763747462989,
            82.25698234954334,
            11.11733264914401,
            13.875285812363192,
            58.134008202286445,
            26.262084926631744,
            84.57326092577433
        ],
        [
            41.93018619658235,
            71.37760111954944,
            65.10337664291464,
            36.34546503230631,
            48.516914698203934,
            45.904927564653676,
            18.0774889585477,
            43.02740376348012,
            0.0,
            86.18876980767371,
            53.730325625438745,
            39.87247249948955,
            16.37867656091648,
            41.41082813349971,
            40.57594080631394,
            52.336981556748235,
            53.04203900835633,
            16.667895408128864,
            16.81408975292772,
            41.93018619658235
        ],
        [
            117.98252733043783,
            16.341108114795418,
            22.19553630493864,
            72.1903879036816,
            131.48558667632034,
            48.53642869105969,
            94.19753839146259,
            74.63836404569808,
            86.18876980767371,
            0.0,
            74.49012420755128,
            111.23457236057477,
            93.67411829871112,
            122.78898797253804,
            120.33372445771735,
            68.51855511061007,
            64.64091003896338,
            87.9757469915819,
            80.08507740235775,
            117.98252733043783
        ],
        [
            95.30669110266244,
            68.02759816797402,
            63.99016950092219,
            17.5824440794068,
            98.08363534813019,
            30.212272904068385,
            71.60400148428316,
            10.733824287988263,
            53.730325625438745,
            74.49012420755128,
            0.0,
            93.59202293522648,
            45.895203834194284,
            92.8791105641345,
            92.95269043110787,
            6.056989637629538,
            9.856430729285819,
            68.6374834379075,
            36.98757943842403,
            95.30669110266244
        ],
        [
            8.580515894250254,
            94.94878338244587,
            89.06541329874291,
            76.14064703274235,
            27.56141412441837,
            81.61702393506958,
            22.12999720388612,
            82.89791780054922,
            39.87247249948955,
            111.23457236057477,
            93.59202293522648,
            0.0,
            51.654783949217105,
            19.04241114013075,
            14.945877007042329,
            91.98171052358903,
            92.38835266918505,
            26.45901533458831,
            56.67419774951013,
            8.580515894250254
        ],
        [
            51.40351574713132,
            80.26455674004893,
            74.16031039498915,
            30.62471739191857,
            52.20392228119286,
            48.08690663512945,
            32.01265623171191,
            35.505861762207694,
            16.37867656091648,
            93.67411829871112,
            45.895203834194284,
            51.654783949217105,
            0.0,
            47.428546325523726,
            47.979839445948556,
            46.312984604097046,
            48.164005000353825,
            32.376610457734095,
            13.782186141709737,
            51.40351574713132
        ],
        [
            11.120123109939511,
            106.84427531757346,
            100.693486068893,
            76.35365506570427,
            9.264610248150154,
            87.0523023926116,
            28.60599237281959,
            82.23763747462989,
            41.41082813349971,
            122.78898797253804,
            92.8791105641345,
            19.04241114013075,
            47.428546325523726,
            0.0,
            4.106203107499543,
            92.4953802322213,
            93.68999584146158,
            34.81386780192832,
            56.63936157742756,
            11.120123109939511
        ],
        [
            7.103039525291651,
            104.2928173614204,
            98.18537742241368,
            76.1541090795006,
            12.941915918622433,
            85.7885113784773,
            26.408905501493788,
            82.25698234954334,
            40.57594080631394,
            120.33372445771735,
            92.95269043110787,
            14.945877007042329,
            47.979839445948556,
            4.106203107499543,
            0.0,
            92.30154744875293,
            93.33043385736188,
            32.460600260993274,
            56.35200825291505,
            7.103039525291651
        ],
        [
            94.22216369889263,
            61.97892994755655,
            57.98369799198146,
            16.149825514129823,
            98.17581146152217,
            24.410534809503144,
            69.87072676776131,
            11.11733264914401,
            52.336981556748235,
            68.51855511061007,
            6.056989637629538,
            91.98171052358903,
            46.312984604097046,
            92.4953802322213,
            92.30154744875293,
            0.0,
            3.921166687835621,
            66.45444097770411,
            35.955037018844685,
            94.22216369889263
        ],
        [
            94.97079748517953,
            58.34812685801144,
            54.490579434390746,
            17.573706391695556,
            99.64742038876072,
            21.40811017771505,
            70.25891145667129,
            13.875285812363192,
            53.04203900835633,
            64.64091003896338,
            9.856430729285819,
            92.38835266918505,
            48.164005000353825,
            93.68999584146158,
            93.33043385736188,
            3.921166687835621,
            0.0,
            66.54522353030035,
            37.05140418087769,
            94.97079748517953
        ],
        [
            31.129101085110456,
            72.04806739833685,
            65.88472223975721,
            51.055040835050306,
            43.60769860935373,
            55.17623133190122,
            6.2946531053015775,
            58.134008202286445,
            16.667895408128864,
            87.9757469915819,
            68.6374834379075,
            26.45901533458831,
            32.376610457734095,
            34.81386780192832,
            32.460600260993274,
            66.45444097770411,
            66.54522353030035,
            0.0,
            32.62846196320876,
            31.129101085110456
        ],
        [
            58.37055222981204,
            67.05042501632552,
            61.04234016952394,
            19.817775686010567,
            62.733933368370096,
            34.38995420579918,
            34.85036950838435,
            26.262084926631744,
            16.81408975292772,
            80.08507740235775,
            36.98757943842403,
            56.67419774951013,
            13.782186141709737,
            56.63936157742756,
            56.35200825291505,
            35.955037018844685,
            37.05140418087769,
            32.62846196320876,
            0.0,
            58.37055222981204
        ],
        [
            0.0,
            101.78299561344068,
            95.78708658436929,
            78.14937770185843,
            19.0969866938404,
            85.88215273062167,
            25.677875931347256,
            84.57326092577433,
            41.93018619658235,
            117.98252733043783,
            95.30669110266244,
            8.580515894250254,
            51.40351574713132,
            11.120123109939511,
            7.103039525291651,
            94.22216369889263,
            94.97079748517953,
            31.129101085110456,
            58.37055222981204,
            0.0
        ]
    ],
    "scores_ave": [
        0,
        13.332578596907187,
        19.330337603342244,
        17.040229906837574,
        18.39756437909884,
        13.093005728079032,
        11.48653339740809,
        18.848167847272286,
        12.692369225143889,
        15.673839686503413,
        17.073287367797676,
        18.720844900943746,
        17.611060041120776,
        19.30653182042865,
        16.086607803844664,
        18.03888547822215,
        16.02480639384834,
        12.766320938928489,
        10.417851144999426,
        0
    ],
    "scores_var": [
        0,
        24.428406630551194,
        19.505831778738774,
        382.99181586312517,
        18.740444453242002,
        336.69835128179017,
        232.50575699635516,
        18.076138833141442,
        24.689483868789864,
        20.435936451533482,
        20.772187624303555,
        23.226893709971566,
        19.895120047769737,
        357.0926339173184,
        259.3151247306258,
        266.07905708808494,
        24.119234613770168,
        281.29531799910984,
        17.776333349147993,
        0
    ],
    "vertex_number": 20,
    "minimum_distances": {
        "cost": 345.666803720112,
        "path": [
            0,
            14,
            13,
            4,
            12,
            18,
            3,
            7,
            10,
            15,
            16,
            5,
            9,
            1,
            2,
            8,
            17,
            6,
            11,
            19
        ]
    }
}