{
    "vertices": [
        [
            15.977356930811592,
            91.3447605160814
        ],
        [
            7.90055572003836,
            0.32932273415176017
        ],
        [
            44.003867591191515,
            25.330932832166177
        ],
        [
            76.23954802479085,
            45.67626579857853
        ],
        [
            5.425003501947168,
            49.101215905920256
        ],
        [
            64.8749478883334,
            9.75474389470169
        ],
        [
            29.948069539057098,
            43.22861662656033
        ],
        [
            27.448271499288822,
            33.84371555665086
        ],
        [
            8.901843665855447,
            1.4090027265908134
        ],
        [
            20.38732402698702,
            65.68407284000305
        ],
        [
            36.37724421093008,
            22.520164358328564
        ],
        [
            72.68670443591942,
            57.79800415319109
        ],
        [
            0.13411196479181653,
            31.12986362896155
        ],
        [
            87.11838678886191,
            90.56388576580063
        ],
        [
            68.62832636565169,
            0.11422149899782408
        ],
        [
            49.283581392226296,
            98.56082037190832
        ],
        [
            26.344491719691344,
            4.734137588498044
        ],
        [
            35.745267418867265,
            1.1764610745350068
        ],
        [
            24.70822988346304,
            13.940749421541476
        ],
        [
            55.42308085847974,
            87.19920854262506
        ],
        [
            42.01884863135671,
            63.517762121890996
        ],
        [
            58.07097104742793,
            12.608868068271395
        ],
        [
            15.977356930811592,
            91.3447605160814
        ]
    ],
    "distances": [
        [
            0.0,
            91.37310672421428,
            71.71687908211038,
            75.61179197195275,
            43.54158040446328,
            95.12047736279573,
            50.10333435590175,
            58.63405198742242,
            90.21365427213603,
            26.036871966474557,
            71.78426315926986,
            65.88880752393536,
            62.26429328419127,
            71.1453153386759,
            105.33345067819658,
            34.07896870090138,
            87.22887989441816,
            92.30976388900663,
            77.89485911174755,
            39.66296430352174,
            38.11169282018099,
            89.28165046050451,
            0.0
        ],
        [
            91.37310672421428,
            0.0,
            43.915027445726196,
            82.01562725796458,
            48.834679504865136,
            57.74876558854242,
            48.23320725461936,
            38.798553045792005,
            1.4725102500532194,
            66.53692767290723,
            36.10201156994694,
            86.60193074914262,
            31.76461817834835,
            120.07389859899311,
            60.7281515948541,
            106.59259796975368,
            18.9626255845641,
            27.85759524723278,
            21.627964473108385,
            99.01902572693282,
            71.81111880092463,
            51.65130983562242,
            91.37310672421428
        ],
        [
            71.71687908211038,
            43.915027445726196,
            0.0,
            38.11917714918994,
            45.31396155516296,
            26.042650682780643,
            22.757252560151123,
            18.615993974873017,
            42.478357120195916,
            46.75593051594689,
            8.128087327155741,
            43.32223274054327,
            44.25136220621971,
            78.19334955153194,
            35.24551745109483,
            73.41996872039732,
            27.130822517581596,
            25.52729877398931,
            22.40664884974063,
            62.91328930384397,
            38.23838688377805,
            18.966663689357485,
            71.71687908211038
        ],
        [
            75.61179197195275,
            82.01562725796458,
            38.11917714918994,
            0.0,
            70.8973201130733,
            37.676383480268804,
            46.356142709078284,
            50.20555656713456,
            80.58509172431309,
            59.327761360999716,
            46.09998155378899,
            12.631675989537968,
            77.48312857624451,
            46.18709299335056,
            46.19340403024553,
            59.35823657686801,
            64.54281142048058,
            60.16659689785757,
            60.51958153440857,
            46.4486822139388,
            38.592424878861344,
            37.72996133097254,
            75.61179197195275
        ],
        [
            43.54158040446328,
            48.834679504865136,
            45.31396155516296,
            70.8973201130733,
            0.0,
            71.29123892368557,
            25.216426990285388,
            26.792081856225526,
            47.81877889980014,
            22.33522284621953,
            40.79943022007226,
            67.82160819642212,
            18.734007470920123,
            91.61310967744842,
            79.96490256379685,
            66.10466949081334,
            49.051632243143686,
            56.71067385986584,
            40.10113742875522,
            62.85908671223461,
            39.33123829925052,
            64.05692272895857,
            43.54158040446328
        ],
        [
            95.12047736279573,
            57.74876558854242,
            26.042650682780643,
            37.676383480268804,
            71.29123892368557,
            0.0,
            48.37754630914857,
            44.50881554546758,
            56.59187036974021,
            71.4649460441996,
            31.226192122932154,
            48.6742066871531,
            68.17823391473908,
            83.81460483749203,
            10.345410676046841,
            90.16434954288421,
            38.856177632977975,
            30.36651478843042,
            40.38425284134287,
            78.01911877837051,
            58.41971758012751,
            7.378355213035818,
            95.12047736279573
        ],
        [
            50.10333435590175,
            48.23320725461936,
            22.757252560151123,
            46.356142709078284,
            25.216426990285388,
            48.37754630914857,
            0.0,
            9.712124295519354,
            46.816917137380436,
            24.406051882687038,
            21.68350253780709,
            45.15371486099944,
            32.175330461970326,
            74.22312900253966,
            57.92247694450664,
            58.613264624492196,
            38.662781709443024,
            42.44986796009394,
            29.752900447437977,
            50.81721317795584,
            23.608327616029776,
            41.57483122061188,
            50.10333435590175
        ],
        [
            58.63405198742242,
            38.798553045792005,
            18.615993974873017,
            50.20555656713456,
            26.792081856225526,
            44.50881554546758,
            9.712124295519354,
            0.0,
            37.36282352485173,
            32.61388249102098,
            14.420449557009672,
            51.189098026126246,
            27.448648479686145,
            82.32679009426923,
            53.230401916404006,
            68.30142321935638,
            29.130497065546543,
            33.70444565170624,
            20.09069160162905,
            60.24449012531701,
            33.0582933243321,
            37.26484235134149,
            58.63405198742242
        ],
        [
            90.21365427213603,
            1.4725102500532194,
            42.478357120195916,
            80.58509172431309,
            47.81877889980014,
            56.59187036974021,
            46.816917137380436,
            37.36282352485173,
            0.0,
            65.29319181361866,
            34.64936912201496,
            85.13652533046891,
            30.987137524461755,
            118.60194259727922,
            59.74051551599122,
            105.21007752867797,
            17.756759078724247,
            26.844430975599018,
            20.171428320438345,
            97.5919306289712,
            70.3863197752825,
            50.42856404000692,
            90.21365427213603
        ],
        [
            26.036871966474557,
            66.53692767290723,
            46.75593051594689,
            59.327761360999716,
            22.33522284621953,
            71.4649460441996,
            24.406051882687038,
            32.61388249102098,
            65.29319181361866,
            0.0,
            46.03043061826861,
            52.890597184105786,
            40.05229048427412,
            71.21825488280354,
            81.40392933710618,
            43.77070045126973,
            61.24036621446392,
            66.31062057402681,
            51.92342193854372,
            41.114539047126975,
            21.73972766243539,
            65.09250812745222,
            26.036871966474557
        ],
        [
            71.78426315926986,
            36.10201156994694,
            8.128087327155741,
            46.09998155378899,
            40.79943022007226,
            31.226192122932154,
            21.68350253780709,
            14.420449557009672,
            34.64936912201496,
            46.03043061826861,
            0.0,
            50.62512106081396,
            37.25173226229628,
            84.87998334761666,
            39.27032690933699,
            77.12817193745015,
            20.420550208248184,
            21.353057498455016,
            14.483516701139832,
            67.42494086166722,
            41.383942813843106,
            23.850609598202897,
            71.78426315926986
        ],
        [
            65.88880752393536,
            86.60193074914262,
            43.32223274054327,
            12.631675989537968,
            67.82160819642212,
            48.6742066871531,
            45.15371486099944,
            51.189098026126246,
            85.13652533046891,
            52.890597184105786,
            50.62512106081396,
            0.0,
            77.29856656692655,
            35.80330226931276,
            57.82637126655483,
            47.003333437950516,
            70.45122152405648,
            67.60672236910276,
            65.00302156805871,
            34.09491924866229,
            31.196682690150837,
            47.49397522407296,
            65.88880752393536
        ],
        [
            62.26429328419127,
            31.76461817834835,
            44.25136220621971,
            77.48312857624451,
            18.734007470920123,
            68.17823391473908,
            32.175330461970326,
            27.448648479686145,
            30.987137524461755,
            40.05229048427412,
            37.25173226229628,
            77.29856656692655,
            0.0,
            105.35021145698586,
            75.18927758081561,
            83.44222116091754,
            37.19836501916785,
            46.53343655224547,
            29.98921337275269,
            78.74415229319925,
            52.94626648231004,
            60.82521612719793,
            62.26429328419127
        ],
        [
            71.1453153386759,
            120.07389859899311,
            78.19334955153194,
            46.18709299335056,
            91.61310967744842,
            83.81460483749203,
            74.22312900253966,
            82.32679009426923,
            118.60194259727922,
            71.21825488280354,
            84.87998334761666,
            35.80330226931276,
            105.35021145698586,
            0.0,
            92.32022584694705,
            38.670705482259436,
            105.16754249319384,
            103.0985406625157,
            98.82374566968932,
            31.873397541471405,
            52.58765203145997,
            83.19096793208867,
            71.1453153386759
        ],
        [
            105.33345067819658,
            60.7281515948541,
            35.24551745109483,
            46.19340403024553,
            79.96490256379685,
            10.345410676046841,
            57.92247694450664,
            53.230401916404006,
            59.74051551599122,
            81.40392933710618,
            39.27032690933699,
            57.82637126655483,
            75.18927758081561,
            92.32022584694705,
            0.0,
            100.32921801614229,
            42.53547104524574,
            32.9002115284011,
            46.045062160861924,
            88.08049430659099,
            68.76098653168674,
            16.35768761794549,
            105.33345067819658
        ],
        [
            34.07896870090138,
            106.59259796975368,
            73.41996872039732,
            59.35823657686801,
            66.10466949081334,
            90.16434954288421,
            58.613264624492196,
            68.30142321935638,
            105.21007752867797,
            43.77070045126973,
            77.12817193745015,
            47.003333437950516,
            83.44222116091754,
            38.670705482259436,
            100.32921801614229,
            0.0,
            96.59010424025486,
            98.32090002131362,
            88.11642474263462,
            12.914320619197733,
            35.788158287357554,
            86.39997871388061,
            34.07896870090138
        ],
        [
            87.22887989441816,
            18.9626255845641,
            27.130822517581596,
            64.54281142048058,
            49.051632243143686,
            38.856177632977975,
            38.662781709443024,
            29.130497065546543,
            17.756759078724247,
            61.24036621446392,
            20.420550208248184,
            70.45122152405648,
            37.19836501916785,
            105.16754249319384,
            42.53547104524574,
            96.59010424025486,
            0.0,
            10.051449941387595,
            9.35088521162743,
            87.44170786170444,
            60.83748826075243,
            32.689155245468925,
            87.22887989441816
        ],
        [
            92.30976388900663,
            27.85759524723278,
            25.52729877398931,
            60.16659689785757,
            56.71067385986584,
            30.36651478843042,
            42.44986796009394,
            33.70444565170624,
            26.844430975599018,
            66.31062057402681,
            21.353057498455016,
            67.60672236910276,
            46.53343655224547,
            103.0985406625157,
            32.9002115284011,
            98.32090002131362,
            10.051449941387595,
            0.0,
            16.874337159232265,
            88.24471329050249,
            62.656169987534106,
            25.082602978573806,
            92.30976388900663
        ],
        [
            77.89485911174755,
            21.627964473108385,
            22.40664884974063,
            60.51958153440857,
            40.10113742875522,
            40.38425284134287,
            29.752900447437977,
            20.09069160162905,
            20.171428320438345,
            51.92342193854372,
            14.483516701139832,
            65.00302156805871,
            29.98921337275269,
            98.82374566968932,
            46.045062160861924,
            88.11642474263462,
            9.35088521162743,
            16.874337159232265,
            0.0,
            79.43679187387264,
            52.51226247007022,
            33.389315744904174,
            77.89485911174755
        ],
        [
            39.66296430352174,
            99.01902572693282,
            62.91328930384397,
            46.4486822139388,
            62.85908671223461,
            78.01911877837051,
            50.81721317795584,
            60.24449012531701,
            97.5919306289712,
            41.114539047126975,
            67.42494086166722,
            34.09491924866229,
            78.74415229319925,
            31.873397541471405,
            88.08049430659099,
            12.914320619197733,
            87.44170786170444,
            88.24471329050249,
            79.43679187387264,
            0.0,
            27.211842021016174,
            74.63732454029103,
            39.66296430352174
        ],
        [
            38.11169282018099,
            71.81111880092463,
            38.23838688377805,
            38.592424878861344,
            39.33123829925052,
            58.41971758012751,
            23.608327616029776,
            33.0582933243321,
            70.3863197752825,
            21.73972766243539,
            41.383942813843106,
            31.196682690150837,
            52.94626648231004,
            52.58765203145997,
            68.76098653168674,
            35.788158287357554,
            60.83748826075243,
            62.656169987534106,
            52.51226247007022,
            27.211842021016174,
            0.0,
            53.37964151081573,
            38.11169282018099
        ],
        [
            89.28165046050451,
            51.65130983562242,
            18.966663689357485,
            37.72996133097254,
            64.05692272895857,
            7.378355213035818,
            41.57483122061188,
            37.26484235134149,
            50.42856404000692,
            65.09250812745222,
            23.850609598202897,
            47.49397522407296,
            60.82521612719793,
            83.19096793208867,
            16.35768761794549,
            86.39997871388061,
            32.689155245468925,
            25.082602978573806,
            33.389315744904174,
            74.63732454029103,
            53.37964151081573,
            0.0,
            89.28165046050451
        ],
        [
            0.0,
            91.37310672421428,
            71.71687908211038,
            75.61179197195275,
            43.54158040446328,
            95.12047736279573,
            50.10333435590175,
            58.63405198742242,
            90.21365427213603,
            26.036871966474557,
            71.78426315926986,
            65.88880752393536,
            62.26429328419127,
            71.1453153386759,
            105.33345067819658,
            34.07896870090138,
            87.22887989441816,
            92.30976388900663,
            77.89485911174755,
            39.66296430352174,
            38.11169282018099,
            89.28165046050451,
            0.0
        ]
    ],
    "scores_ave": [
        0,
        15.294247025859523,
        11.567054760412134,
        12.951667172584614,
        15.288056970581774,
        12.515028083546932,
        11.396384808157373,
        14.815367261087093,
        15.316469769503716,
        17.184164524662705,
        12.819080144905842,
        12.718689303282353,
        11.066062307170476,
        16.279167007834552,
        16.72431689115585,
        16.956967721633415,
        13.414917202720895,
        19.107108746435962,
        10.792556756014873,
        13.789279171355421,
        15.613738717302319,
        12.562025706396192,
        0
    ],
    "scores_var": [
        0,
        23.223679692586373,
        20.84134947940981,
        24.78370980074556,
        283.5578516780997,
        20.189695368776775,
        356.37860015102234,
        304.2532438717556,
        338.04647233616265,
        381.0785280966087,
        22.97453054619682,
        17.167125603981642,
        21.551430855298314,
        24.02747818743625,
        227.25695043803682,
        239.44693712785633,
        254.16883700204932,
        17.965052893448355,
        386.190529738825,
        243.8961478501021,
        21.584275640556918,
        271.2093592759218,
        0
    ],
    "vertex_number": 23,
    "minimum_distances": {
        "cost": 449.24065281763643,
        "path": [
            0,
            20,
            9,
            4,
            12,
            1,
            8,
            18,
            16,
            17,
            14,
            5,
            21,
            2,
            10,
            7,
            6,
            3,
            11,
            13,
            19,
            15,
            22
        ]
    }
}