{
    "vertices": [
        [
            65.43232642521372,
            94.6388887422454
        ],
        [
            56.521618721415315,
            40.68460358867292
        ],
        [
            36.325797557508025,
            40.141720800259925
        ],
        [
            66.10261911601012,
            55.284139531665744
        ],
        [
            25.23574185972337,
            68.44500798443039
        ],
        [
            49.38295611817421,
            41.4633509272766
        ],
        [
            4.209564240801599,
            10.052050574923765
        ],
        [
            47.46411380818842,
            58.62538442758159
        ],
        [
            18.185943079156697,
            38.303774235901976
        ],
        [
            5.854095140470883,
            51.63338261728113
        ],
        [
            58.829977147430846,
            11.198860358338347
        ],
        [
            7.05698111736065,
            87.3523159617894
        ],
        [
            25.039210621880002,
            84.6336972149447
        ],
        [
            14.482181124050896,
            25.56085752478626
        ],
        [
            56.627326330720194,
            4.643229930123649
        ],
        [
            93.23005861258882,
            41.63321491960495
        ],
        [
            65.43232642521372,
            94.6388887422454
        ]
    ],
    "distances": [
        [
            0.0,
            54.68514970460942,
            61.78293725959906,
            39.36045703137801,
            47.977961606192146,
            55.54475771090966,
            104.4181966930752,
            40.24710123316878,
            73.52459361142637,
            73.47815457727997,
            83.70083244922391,
            58.828352711052226,
            41.61379172581486,
            85.83525909024719,
            90.42536497958888,
            59.85244666806179,
            0.0
        ],
        [
            54.68514970460942,
            0.0,
            20.20311644787706,
            17.46258910677237,
            41.82638094816407,
            7.181013241896678,
            60.620989336391155,
            20.097512591434832,
            38.4095349536476,
            51.836991695533904,
            29.57596274795088,
            68.00460095787922,
            54.061676355034436,
            44.67708594467218,
            36.04152867587381,
            36.72069474698254,
            54.68514970460942
        ],
        [
            61.78293725959906,
            20.20311644787706,
            0.0,
            33.40586695722931,
            30.39844405244443,
            13.123875032589126,
            44.00955233494889,
            21.580266680190604,
            18.232727938221366,
            32.56659238405594,
            36.662341299704906,
            55.54731236804236,
            45.90123102859395,
            26.262999690630448,
            40.893702749772004,
            56.92380416778929,
            61.78293725959906
        ],
        [
            39.36045703137801,
            17.46258910677237,
            33.40586695722931,
            0.0,
            42.93378757006401,
            21.692425599928104,
            76.65958591837156,
            18.935622449874238,
            50.836410652192406,
            60.359031364652076,
            44.68112757074685,
            67.19192887706897,
            50.47375608531543,
            59.56629174073364,
            51.519733099449624,
            30.36849875125053,
            39.36045703137801
        ],
        [
            47.977961606192146,
            41.82638094816407,
            30.39844405244443,
            42.93378757006401,
            0.0,
            36.20908413635159,
            62.06317442969624,
            24.300730982370222,
            30.954702950115795,
            25.656947929075415,
            66.37540254186165,
            26.228870297417913,
            16.189882134519028,
            44.21186977657915,
            71.10624767550841,
            73.08966656128635,
            47.977961606192146
        ],
        [
            55.54475771090966,
            7.181013241896678,
            13.123875032589126,
            21.692425599928104,
            36.20908413635159,
            0.0,
            55.02095167781447,
            17.268970718493392,
            31.356602931843657,
            44.701132900542014,
            31.704662050313193,
            62.42824097880888,
            49.561040580132335,
            38.35301020267733,
            37.52602043944185,
            43.847431520347804,
            55.54475771090966
        ],
        [
            104.4181966930752,
            60.620989336391155,
            44.00955233494889,
            76.65958591837156,
            62.06317442969624,
            55.02095167781447,
            0.0,
            65.04094725508907,
            31.51982003834248,
            41.61383972065954,
            54.63245078495021,
            77.35269104400163,
            77.43575520325038,
            18.602412495107234,
            52.69608261799849,
            94.45643630564919,
            104.4181966930752
        ],
        [
            40.24710123316878,
            20.097512591434832,
            21.580266680190604,
            18.935622449874238,
            24.300730982370222,
            17.268970718493392,
            65.04094725508907,
            0.0,
            35.63957241635914,
            42.193385060256155,
            48.76943750687354,
            49.57794840113118,
            34.341063130902356,
            46.70193596508238,
            54.754337434768594,
            48.81859818170975,
            40.24710123316878
        ],
        [
            73.52459361142637,
            38.4095349536476,
            18.232727938221366,
            50.836410652192406,
            30.954702950115795,
            31.356602931843657,
            31.51982003834248,
            35.63957241635914,
            0.0,
            18.15910056098052,
            48.85298211627588,
            50.29526060955667,
            46.83405853923164,
            13.270259188370108,
            51.095715957943604,
            75.11793694891657,
            73.52459361142637
        ],
        [
            73.47815457727997,
            51.836991695533904,
            32.56659238405594,
            60.359031364652076,
            25.656947929075415,
            44.701132900542014,
            41.61383972065954,
            42.193385060256155,
            18.15910056098052,
            0.0,
            66.64378939349325,
            35.73918205475362,
            38.1718406627159,
            27.463073980143307,
            69.18088937749268,
            87.94636062204356,
            73.47815457727997
        ],
        [
            83.70083244922391,
            29.57596274795088,
            36.662341299704906,
            44.68112757074685,
            66.37540254186165,
            31.704662050313193,
            54.63245078495021,
            48.76943750687354,
            48.85298211627588,
            66.64378939349325,
            0.0,
            92.08578564727813,
            80.83619960476048,
            46.61538345589761,
            6.9157762349349134,
            45.930551296173164,
            83.70083244922391
        ],
        [
            58.828352711052226,
            68.00460095787922,
            55.54731236804236,
            67.19192887706897,
            26.228870297417913,
            62.42824097880888,
            77.35269104400163,
            49.57794840113118,
            50.29526060955667,
            35.73918205475362,
            92.08578564727813,
            0.0,
            18.186573779684334,
            62.23598581938941,
            96.42619994983274,
            97.55016906753197,
            58.828352711052226
        ],
        [
            41.61379172581486,
            54.061676355034436,
            45.90123102859395,
            50.47375608531543,
            16.189882134519028,
            49.561040580132335,
            77.43575520325038,
            34.341063130902356,
            46.83405853923164,
            38.1718406627159,
            80.83619960476048,
            18.186573779684334,
            0.0,
            60.008759867849236,
            86.00165062647986,
            80.61658159041342,
            41.61379172581486
        ],
        [
            85.83525909024719,
            44.67708594467218,
            26.262999690630448,
            59.56629174073364,
            44.21186977657915,
            38.35301020267733,
            18.602412495107234,
            46.70193596508238,
            13.270259188370108,
            27.463073980143307,
            46.61538345589761,
            62.23598581938941,
            60.008759867849236,
            0.0,
            47.05061539108953,
            80.37131877216251,
            85.83525909024719
        ],
        [
            90.42536497958888,
            36.04152867587381,
            40.893702749772004,
            51.519733099449624,
            71.10624767550841,
            37.52602043944185,
            52.69608261799849,
            54.754337434768594,
            51.095715957943604,
            69.18088937749268,
            6.9157762349349134,
            96.42619994983274,
            86.00165062647986,
            47.05061539108953,
            0.0,
            52.038629882234595,
            90.42536497958888
        ],
        [
            59.85244666806179,
            36.72069474698254,
            56.92380416778929,
            30.36849875125053,
            73.08966656128635,
            43.847431520347804,
            94.45643630564919,
            48.81859818170975,
            75.11793694891657,
            87.94636062204356,
            45.930551296173164,
            97.55016906753197,
            80.61658159041342,
            80.37131877216251,
            52.038629882234595,
            0.0,
            59.85244666806179
        ],
        [
            0.0,
            54.68514970460942,
            61.78293725959906,
            39.36045703137801,
            47.977961606192146,
            55.54475771090966,
            104.4181966930752,
            40.24710123316878,
            73.52459361142637,
            73.47815457727997,
            83.70083244922391,
            58.828352711052226,
            41.61379172581486,
            85.83525909024719,
            90.42536497958888,
            59.85244666806179,
            0.0
        ]
    ],
    "scores_ave": [
        0,
        16.19107291767764,
        13.786867272715567,
        13.324204867098093,
        17.465376301438255,
        17.12280561658684,
        14.33529289038503,
        15.759661053614503,
        19.579152983043514,
        16.922578612030648,
        10.393264764109707,
        15.740314322520343,
        16.659652625169954,
        11.054262353841347,
        17.21013168956322,
        13.077020051735717,
        0
    ],
    "scores_var": [
        0,
        391.33979293916605,
        18.965436268570777,
        24.82235176503871,
        297.5440217143853,
        308.77086948136656,
        399.39493653226015,
        335.28566019107893,
        350.8168004348909,
        286.8319734069208,
        24.064184336941594,
        18.02929673257339,
        232.11229984733907,
        18.59196754625032,
        18.398413913364216,
        250.85942889037258,
        0
    ],
    "vertex_number": 17,
    "minimum_distances": {
        "cost": 401.7919026482505,
        "path": [
            0,
            12,
            11,
            4,
            9,
            6,
            13,
            8,
            2,
            5,
            1,
            10,
            14,
            15,
            3,
            7,
            16
        ]
    }
}