{
    "vertices": [
        [
            63.9702174050833,
            39.7004687244618
        ],
        [
            94.38139955139492,
            55.78425194974306
        ],
        [
            72.25977294405381,
            89.84915572618519
        ],
        [
            59.634811866963545,
            9.445246048326528
        ],
        [
            78.94967124435675,
            16.146866728962117
        ],
        [
            31.66850930445577,
            61.467381336207836
        ],
        [
            13.236006845351145,
            40.92612374195625
        ],
        [
            57.13782327559436,
            13.9368376910749
        ],
        [
            47.60166876558765,
            88.80879485120187
        ],
        [
            37.11758788201185,
            69.24627281896849
        ],
        [
            93.39031853481472,
            75.09070429993314
        ],
        [
            37.16664952614318,
            31.517942091182327
        ],
        [
            70.3569136829791,
            27.65424197236036
        ],
        [
            63.9702174050833,
            39.7004687244618
        ]
    ],
    "distances": [
        [
            0.0,
            34.40244297101562,
            50.82919966938784,
            30.56426410634631,
            27.913369633301727,
            38.95123657684739,
            50.749013304114065,
            26.654198422859604,
            51.7644383678003,
            39.925158132364324,
            46.021854858001774,
            28.02472110735945,
            13.634568871406696,
            0.0
        ],
        [
            34.40244297101562,
            0.0,
            40.617533566833956,
            57.919157656542225,
            42.535403438580744,
            62.96987027736309,
            82.4944769742623,
            56.02044317878928,
            57.26223577754276,
            58.82491081837723,
            19.33187378221743,
            62.14806042511484,
            36.992882863726116,
            34.40244297101562
        ],
        [
            50.82919966938784,
            40.617533566833956,
            0.0,
            81.38905536792585,
            74.0052845592704,
            49.52954473223964,
            76.66334210693041,
            77.40383318182086,
            24.68004158072442,
            40.73637140226516,
            25.774247718687484,
            68.07391420622918,
            62.224016024467325,
            50.82919966938784
        ],
        [
            30.56426410634631,
            57.919157656542225,
            81.38905536792585,
            0.0,
            20.444449430483495,
            59.06281942921752,
            56.07044469053976,
            5.139002579356708,
            80.27060116558594,
            63.8998292549481,
            73.81571932499725,
            31.49638438890662,
            21.131280129572954,
            30.56426410634631
        ],
        [
            27.913369633301727,
            42.535403438580744,
            74.0052845592704,
            20.444449430483495,
            0.0,
            65.49394871782212,
            70.23031586758782,
            21.923524811505764,
            79.13566236438821,
            67.59785592417543,
            60.686969620837274,
            44.520679034531355,
            14.361586524510015,
            27.913369633301727
        ],
        [
            38.95123657684739,
            62.96987027736309,
            49.52954473223964,
            59.06281942921752,
            65.49394871782212,
            0.0,
            27.598920458204454,
            53.92437791354038,
            31.645196529832997,
            9.49755810958516,
            63.207409876080106,
            30.44993361222338,
            51.38210804351175,
            38.95123657684739
        ],
        [
            50.749013304114065,
            82.4944769742623,
            76.66334210693041,
            56.07044469053976,
            70.23031586758782,
            27.598920458204454,
            0.0,
            51.53436763375556,
            58.938518065626475,
            37.04538779058453,
            87.13169484816746,
            25.713606147129667,
            58.64248326647759,
            50.749013304114065
        ],
        [
            26.654198422859604,
            56.02044317878928,
            77.40383318182086,
            5.139002579356708,
            21.923524811505764,
            53.92437791354038,
            51.53436763375556,
            0.0,
            75.47680578711986,
            58.82128389776207,
            71.09176333256772,
            26.607198515782237,
            19.05023704353413,
            26.654198422859604
        ],
        [
            51.7644383678003,
            57.26223577754276,
            24.68004158072442,
            80.27060116558594,
            79.13566236438821,
            31.645196529832997,
            58.938518065626475,
            75.47680578711986,
            0.0,
            22.1947791211126,
            47.799439913682534,
            58.233421988560956,
            65.25090427773006,
            51.7644383678003
        ],
        [
            39.925158132364324,
            58.82491081837723,
            40.73637140226516,
            63.8998292549481,
            67.59785592417543,
            9.49755810958516,
            37.04538779058453,
            58.82128389776207,
            22.1947791211126,
            0.0,
            56.57541510637453,
            37.728362627473494,
            53.2423685578323,
            39.925158132364324
        ],
        [
            46.021854858001774,
            19.33187378221743,
            25.774247718687484,
            73.81571932499725,
            60.686969620837274,
            63.207409876080106,
            87.13169484816746,
            71.09176333256772,
            47.799439913682534,
            56.57541510637453,
            0.0,
            71.13147378830973,
            52.73287112630789,
            46.021854858001774
        ],
        [
            28.02472110735945,
            62.14806042511484,
            68.07391420622918,
            31.49638438890662,
            44.520679034531355,
            30.44993361222338,
            25.713606147129667,
            26.607198515782237,
            58.233421988560956,
            37.728362627473494,
            71.13147378830973,
            0.0,
            33.4143953021558,
            28.02472110735945
        ],
        [
            13.634568871406696,
            36.992882863726116,
            62.224016024467325,
            21.131280129572954,
            14.361586524510015,
            51.38210804351175,
            58.64248326647759,
            19.05023704353413,
            65.25090427773006,
            53.2423685578323,
            52.73287112630789,
            33.4143953021558,
            0.0,
            13.634568871406696
        ],
        [
            0.0,
            34.40244297101562,
            50.82919966938784,
            30.56426410634631,
            27.913369633301727,
            38.95123657684739,
            50.749013304114065,
            26.654198422859604,
            51.7644383678003,
            39.925158132364324,
            46.021854858001774,
            28.02472110735945,
            13.634568871406696,
            0.0
        ]
    ],
    "scores_ave": [
        0,
        16.278834143375136,
        14.748724134857873,
        16.072233680270962,
        17.309769572976744,
        12.581830975083374,
        11.623608258836008,
        12.470352773102942,
        10.030608120434163,
        19.302780312286696,
        12.747520610594705,
        14.185356330371219,
        17.49739434461703,
        0
    ],
    "scores_var": [
        0,
        17.092923347373173,
        247.00649268365777,
        24.783216208025,
        363.50218196997184,
        389.44871410050735,
        325.53470209361,
        18.579702666530785,
        23.225641696516412,
        20.98166512210457,
        322.5224308801115,
        17.51779368987605,
        244.28826670836216,
        0
    ],
    "vertex_number": 14,
    "minimum_distances": {
        "cost": 283.6194093883824,
        "path": [
            0,
            12,
            7,
            3,
            4,
            1,
            10,
            2,
            8,
            9,
            5,
            6,
            11,
            13
        ]
    }
}