{
    "vertices": [
        [
            27.70296789936634,
            34.87667408713834
        ],
        [
            71.28994864797558,
            65.87314906871275
        ],
        [
            69.70298277865496,
            87.80589888124048
        ],
        [
            99.0731525014438,
            61.41823397231009
        ],
        [
            58.36794423987699,
            72.09904837357335
        ],
        [
            15.031686969414991,
            13.653847172332068
        ],
        [
            72.66245720453061,
            77.53983987101594
        ],
        [
            61.68878419315183,
            97.8364883125549
        ],
        [
            28.95654768606405,
            62.47072432608284
        ],
        [
            65.64514531596323,
            58.66298448873264
        ],
        [
            93.09956685059703,
            63.72573460999433
        ],
        [
            77.20335689135773,
            49.19545984308177
        ],
        [
            83.67178482411583,
            46.9602625106274
        ],
        [
            53.931670476645564,
            67.57830378468188
        ],
        [
            51.305728247201664,
            5.494574628681336
        ],
        [
            73.03152636369555,
            61.1116386564717
        ],
        [
            88.24952864833844,
            40.38901390984573
        ],
        [
            27.70296789936634,
            34.87667408713834
        ]
    ],
    "distances": [
        [
            0.0,
            53.48463659840086,
            67.5685140221765,
            76.14563448598201,
            48.22702480439299,
            24.717802140594422,
            61.97984667037992,
            71.54700494398001,
            27.62251022030782,
            44.78166354249815,
            71.47715332495773,
            51.529759711093845,
            57.25837560693112,
            41.9206562897414,
            37.68816876188079,
            52.37319522817266,
            60.7969728592631,
            0.0
        ],
        [
            53.48463659840086,
            0.0,
            21.9900881082665,
            28.138100235792887,
            14.343640405321903,
            76.7583708636312,
            11.747146632879097,
            33.374202829513564,
            42.469910891491544,
            9.156979738292392,
            21.91508236356026,
            17.69501949588153,
            22.60546714960301,
            17.44182827798347,
            63.59985311647444,
            5.070017193833995,
            30.611574585181177,
            53.48463659840086
        ],
        [
            67.5685140221765,
            21.9900881082665,
            0.0,
            39.48310687992295,
            19.369776755187058,
            92.12750598003859,
            10.684121698989788,
            12.839007099751791,
            47.980652793548266,
            29.4240633523425,
            33.57461031144893,
            39.33219564872869,
            43.16819941931354,
            25.649364419373715,
            84.34223778454665,
            26.900980118672024,
            50.914981528885534,
            67.5685140221765
        ],
        [
            76.14563448598201,
            28.138100235792887,
            39.48310687992295,
            0.0,
            42.08317687499079,
            96.66646044595355,
            30.942381983609145,
            52.190806115644406,
            70.12450361165432,
            33.541363480176145,
            6.4037711327713485,
            25.05362583421955,
            21.1242766768255,
            45.5598492039699,
            73.54714470505974,
            26.04343089122374,
            23.651192987861414,
            76.14563448598201
        ],
        [
            48.22702480439299,
            14.343640405321903,
            19.369776755187058,
            42.08317687499079,
            0.0,
            72.7590045126048,
            15.294944034395614,
            25.950795606453944,
            30.947291823504102,
            15.280231288148478,
            35.72671259095666,
            29.653787908556072,
            35.66851416831971,
            6.333850056665936,
            66.97783825685336,
            18.32331337377143,
            43.57103823012254,
            48.22702480439299
        ],
        [
            24.717802140594422,
            76.7583708636312,
            92.12750598003859,
            96.66646044595355,
            72.7590045126048,
            0.0,
            86.03909425946428,
            96.24760667512088,
            50.76405461566747,
            67.73141522044534,
            92.7458235216691,
            71.61370519754298,
            76.2940386674473,
            66.4910199786408,
            37.18036846326491,
            74.94146610731882,
            77.9462730385652,
            24.717802140594422
        ],
        [
            61.97984667037992,
            11.747146632879097,
            10.684121698989788,
            30.942381983609145,
            15.294944034395614,
            86.03909425946428,
            0.0,
            23.07326239004985,
            46.230777304117765,
            20.13897552670113,
            24.667893198405206,
            28.705812114165663,
            32.50101300229501,
            21.214961056878007,
            75.14406241077974,
            16.432346368969945,
            40.28821993823416,
            61.97984667037992
        ],
        [
            71.54700494398001,
            33.374202829513564,
            12.839007099751791,
            52.190806115644406,
            25.950795606453944,
            96.24760667512088,
            23.07326239004985,
            0.0,
            48.18855226195092,
            39.372784955716696,
            46.3700418946329,
            51.055377939801915,
            55.42240222680426,
            31.236685869881015,
            92.92382296040499,
            38.43660211581333,
            63.2904847608521,
            71.54700494398001
        ],
        [
            27.62251022030782,
            42.469910891491544,
            47.980652793548266,
            70.12450361165432,
            30.947291823504102,
            50.76405461566747,
            46.230777304117765,
            48.18855226195092,
            0.0,
            36.88566223775287,
            64.15529563765074,
            50.03985657039437,
            56.87118427465655,
            25.492040450511745,
            61.202675644901646,
            44.09592792187294,
            63.2713167738683,
            27.62251022030782
        ],
        [
            44.78166354249815,
            9.156979738292392,
            29.4240633523425,
            33.541363480176145,
            15.280231288148478,
            67.73141522044534,
            20.13897552670113,
            39.372784955716696,
            36.88566223775287,
            0.0,
            27.917319007950947,
            14.940758941151213,
            21.4921714504076,
            14.720340042269843,
            55.06812770485566,
            7.781679267066009,
            29.06709731904764,
            44.78166354249815
        ],
        [
            71.47715332495773,
            21.91508236356026,
            33.57461031144893,
            6.4037711327713485,
            35.72671259095666,
            92.7458235216691,
            24.667893198405206,
            46.3700418946329,
            64.15529563765074,
            27.917319007950947,
            0.0,
            21.536442971628222,
            19.234451607818013,
            39.35691039203094,
            71.67700424805663,
            20.237582529495473,
            23.83538133951526,
            71.47715332495773
        ],
        [
            51.529759711093845,
            17.69501949588153,
            39.33219564872869,
            25.05362583421955,
            29.653787908556072,
            71.61370519754298,
            28.705812114165663,
            51.055377939801915,
            50.03985657039437,
            14.940758941151213,
            21.536442971628222,
            0.0,
            6.843731952399685,
            29.656370984426307,
            50.79817455295825,
            12.625350983803067,
            14.126974214591318,
            51.529759711093845
        ],
        [
            57.25837560693112,
            22.60546714960301,
            43.16819941931354,
            21.1242766768255,
            35.66851416831971,
            76.2940386674473,
            32.50101300229501,
            55.42240222680426,
            56.87118427465655,
            21.4921714504076,
            19.234451607818013,
            6.843731952399685,
            0.0,
            36.18809234236064,
            52.601947586215644,
            17.705268902948532,
            8.008560837846169,
            57.25837560693112
        ],
        [
            41.9206562897414,
            17.44182827798347,
            25.649364419373715,
            45.5598492039699,
            6.333850056665936,
            66.4910199786408,
            21.214961056878007,
            31.236685869881015,
            25.492040450511745,
            14.720340042269843,
            39.35691039203094,
            29.656370984426307,
            36.18809234236064,
            0.0,
            62.13923879891038,
            20.16487671141303,
            43.78324877610494,
            41.9206562897414
        ],
        [
            37.68816876188079,
            63.59985311647444,
            84.34223778454665,
            73.54714470505974,
            66.97783825685336,
            37.18036846326491,
            75.14406241077974,
            92.92382296040499,
            61.202675644901646,
            55.06812770485566,
            71.67700424805663,
            50.79817455295825,
            52.601947586215644,
            62.13923879891038,
            0.0,
            59.709866143460594,
            50.81797202590736,
            37.68816876188079
        ],
        [
            52.37319522817266,
            5.070017193833995,
            26.900980118672024,
            26.04343089122374,
            18.32331337377143,
            74.94146610731882,
            16.432346368969945,
            38.43660211581333,
            44.09592792187294,
            7.781679267066009,
            20.237582529495473,
            12.625350983803067,
            17.705268902948532,
            20.16487671141303,
            59.709866143460594,
            0.0,
            25.71020750450823,
            52.37319522817266
        ],
        [
            60.7969728592631,
            30.611574585181177,
            50.914981528885534,
            23.651192987861414,
            43.57103823012254,
            77.9462730385652,
            40.28821993823416,
            63.2904847608521,
            63.2713167738683,
            29.06709731904764,
            23.83538133951526,
            14.126974214591318,
            8.008560837846169,
            43.78324877610494,
            50.81797202590736,
            25.71020750450823,
            0.0,
            60.7969728592631
        ],
        [
            0.0,
            53.48463659840086,
            67.5685140221765,
            76.14563448598201,
            48.22702480439299,
            24.717802140594422,
            61.97984667037992,
            71.54700494398001,
            27.62251022030782,
            44.78166354249815,
            71.47715332495773,
            51.529759711093845,
            57.25837560693112,
            41.9206562897414,
            37.68816876188079,
            52.37319522817266,
            60.7969728592631,
            0.0
        ]
    ],
    "scores_ave": [
        0,
        10.487062658674702,
        19.829894335671256,
        15.57589946156782,
        18.74304056264569,
        11.438961961340437,
        15.83042168776041,
        13.459774537324305,
        11.635796387539898,
        13.947886754357324,
        12.204466885174707,
        18.513981836734803,
        19.628859760228014,
        19.63026305732003,
        13.762531825319375,
        14.955626310045297,
        12.505232549534817,
        0
    ],
    "scores_var": [
        0,
        380.0246606492709,
        24.50465629129983,
        231.30255759321813,
        381.247589356503,
        335.4875728092457,
        17.336963773111748,
        379.41488311875673,
        20.742132289195983,
        20.242135455446917,
        255.7606121103168,
        344.29598543139895,
        396.6605653359893,
        23.578878024643508,
        21.402599253167494,
        381.4762967960031,
        17.586427905938173,
        0
    ],
    "vertex_number": 18,
    "minimum_distances": {
        "cost": 318.2511214164493,
        "path": [
            0,
            8,
            13,
            4,
            7,
            2,
            6,
            1,
            15,
            9,
            11,
            10,
            3,
            12,
            16,
            14,
            5,
            17
        ]
    }
}