{
    "vertices": [
        [
            86.22029142554204,
            52.574759274552406
        ],
        [
            69.26428897386357,
            4.911424951461552
        ],
        [
            53.156955982376054,
            56.193734661638636
        ],
        [
            88.80295758438498,
            32.226454376861355
        ],
        [
            11.383567609769418,
            72.59382263443398
        ],
        [
            63.58553665429294,
            10.421987232353791
        ],
        [
            9.07855781199548,
            84.78448204701807
        ],
        [
            67.54149338827393,
            30.64445354340294
        ],
        [
            78.45477685718772,
            48.611657037996316
        ],
        [
            7.168486720374279,
            2.6334633962132425
        ],
        [
            7.285811892409089,
            74.51423912618523
        ],
        [
            78.94574886179896,
            95.61202714551419
        ],
        [
            84.03702439590262,
            65.73733447867771
        ],
        [
            46.431656465175244,
            47.80888616012173
        ],
        [
            38.074464762483665,
            55.610477817924256
        ],
        [
            29.58237834111569,
            50.57583597481866
        ],
        [
            45.200463427430215,
            54.02755695106733
        ],
        [
            3.773354985014399,
            37.89739645412518
        ],
        [
            4.610645812328729,
            70.28252826293276
        ],
        [
            29.221745136174505,
            71.91967578846743
        ],
        [
            15.275051868752765,
            48.17101998388018
        ],
        [
            89.42232655537588,
            0.7577393936246568
        ],
        [
            75.40702371655435,
            57.8806830725277
        ],
        [
            33.16444700649138,
            74.62705983772963
        ],
        [
            86.22029142554204,
            52.574759274552406
        ]
    ],
    "distances": [
        [
            0.0,
            50.58951924990053,
            33.26080476295864,
            20.511549836553797,
            77.46804585947152,
            47.845462840233296,
            83.59613212333734,
            28.806870805048195,
            8.718336759309029,
            93.50572635486984,
            81.9267528669774,
            43.64774215590801,
            13.342415108478855,
            40.07304603536118,
            48.24143667163982,
            56.67317613225195,
            41.04554677530275,
            83.74319260567312,
            83.5086782296314,
            60.191860529738705,
            71.08178342944434,
            51.91586056604621,
            12.04489874993379,
            57.45630154427986,
            0.0
        ],
        [
            50.58951924990053,
            0.0,
            53.752408925639656,
            33.58378185348148,
            89.0566385046277,
            7.912934004439891,
            100.01013691260847,
            25.790633670838723,
            44.65619052214968,
            62.13757129427924,
            93.19808668839448,
            91.21584239552627,
            62.59412897119547,
            48.595486265962144,
            59.52477715954223,
            60.49704509788464,
            54.694260416719025,
            73.32896256395789,
            91.94277960894004,
            78.06094412206625,
            69.18258657755383,
            20.581534997444802,
            53.32424866807963,
            78.50775972898911,
            50.58951924990053
        ],
        [
            33.26080476295864,
            53.752408925639656,
            0.0,
            42.95425420676626,
            44.877375832863194,
            46.944735142089385,
            52.53890007719224,
            29.32031176574203,
            26.40961268373686,
            70.5949145695923,
            49.39435943463568,
            47.1048152583378,
            32.321183807092666,
            10.748736576428495,
            15.093764604758837,
            24.23471676375003,
            8.246096024828022,
            52.66399186607806,
            50.549365339896276,
            28.639126079135334,
            38.72212042327319,
            66.24444636459927,
            22.313926349177617,
            27.19352665981997,
            33.26080476295864
        ],
        [
            20.511549836553797,
            33.58378185348148,
            42.95425420676626,
            0.0,
            87.31143318079305,
            33.336963056363636,
            95.48992717373251,
            21.320238891709803,
            19.379363008344754,
            86.83278153109995,
            91.83301030006571,
            64.14745044825095,
            33.848090113851164,
            45.14575659809798,
            55.858683624606414,
            61.99820006206465,
            48.74900583764068,
            85.21850093876664,
            92.39377750230395,
            71.59240674002778,
            75.23683998762459,
            31.47480962005032,
            28.941155715707737,
            69.95323582776275,
            20.511549836553797
        ],
        [
            77.46804585947152,
            89.0566385046277,
            44.877375832863194,
            87.31143318079305,
            0.0,
            81.18117201290423,
            12.406661399484516,
            70.09609257925561,
            71.22984891606839,
            70.08722259902329,
            4.525439362200036,
            71.3756686444758,
            72.97627157374204,
            42.92623450120119,
            31.636023643518115,
            28.56551152313507,
            38.57834449750121,
            35.521223597725324,
            7.156434261975753,
            17.850911781572115,
            24.7308903811774,
            106.06823630640305,
            65.69230858803448,
            21.875574525470473,
            77.46804585947152
        ],
        [
            47.845462840233296,
            7.912934004439891,
            46.944735142089385,
            33.336963056363636,
            81.18117201290423,
            0.0,
            92.19973632053204,
            20.605769516876755,
            40.982254502105995,
            56.952125744281055,
            85.30812248013795,
            86.56372808206379,
            58.975003110017774,
            41.13436297036506,
            51.892335373070765,
            52.61697771730854,
            47.322897502696215,
            65.82093274895593,
            84.03167332794952,
            70.44739786000231,
            61.309806832918014,
            27.585093776912956,
            48.908847535117346,
            71.04740701546513,
            47.845462840233296
        ],
        [
            83.59613212333734,
            100.01013691260847,
            52.53890007719224,
            95.48992717373251,
            12.406661399484516,
            92.19973632053204,
            0.0,
            79.68097340374517,
            78.24022647040208,
            82.17322092348535,
            10.425537280404821,
            70.70120308771065,
            77.34058147635598,
            52.559001799741644,
            41.13253143973214,
            39.882804845990655,
            47.44239145161529,
            47.1862688971132,
            15.17461370818093,
            23.900862654871062,
            37.13411023364188,
            116.25667575167196,
            71.57708982986118,
            26.140070470970052,
            83.59613212333734
        ],
        [
            28.806870805048195,
            25.790633670838723,
            29.32031176574203,
            21.320238891709803,
            70.09609257925561,
            20.605769516876755,
            79.68097340374517,
            0.0,
            21.02189709538593,
            66.55460542402918,
            74.53392006067038,
            65.96091769109319,
            38.77644691769749,
            27.207406380868072,
            38.621343116327935,
            42.87370313829613,
            32.34024033127835,
            64.17928525843412,
            74.3738431446021,
            56.32092930238051,
            55.126776073936966,
            37.04033669875459,
            28.349228672192595,
            55.82339092510392,
            28.806870805048195
        ],
        [
            8.718336759309029,
            44.65619052214968,
            26.40961268373686,
            19.379363008344754,
            71.22984891606839,
            40.982254502105995,
            78.24022647040208,
            21.02189709538593,
            0.0,
            84.8276455645873,
            75.73615604843735,
            47.002934416406084,
            18.0125044173694,
            32.03318093358337,
            40.982351044995625,
            48.91185271086771,
            33.692452174826236,
            75.44607446851442,
            76.95831566125968,
            54.471599485554,
            63.18126154666218,
            49.094649202296296,
            9.757235409431363,
            52.23040456302486,
            8.718336759309029
        ],
        [
            93.50572635486984,
            62.13757129427924,
            70.5949145695923,
            86.83278153109995,
            70.08722259902329,
            56.952125744281055,
            82.17322092348535,
            66.55460542402918,
            84.8276455645873,
            0.0,
            71.88087148009909,
            117.46058350528324,
            99.45285631879266,
            59.85328161685802,
            61.33305418595689,
            52.92309161464548,
            63.93578109768535,
            35.42699386362526,
            67.69740414116701,
            72.71124695959092,
            46.25349131124993,
            82.27522414515795,
            87.7995057693492,
            76.5432418949008,
            93.50572635486984
        ],
        [
            81.9267528669774,
            93.19808668839448,
            49.39435943463568,
            91.83301030006571,
            4.525439362200036,
            85.30812248013795,
            10.425537280404821,
            74.53392006067038,
            75.73615604843735,
            71.88087148009909,
            0.0,
            74.70115946734342,
            77.25142507389661,
            47.387477505741984,
            36.12884356236241,
            32.713667187262054,
            43.095532802906305,
            36.78492246555241,
            5.006384961844376,
            22.088841666967557,
            27.528042977645818,
            110.3921568490215,
            70.12256903009356,
            25.87888103996705,
            81.9267528669774
        ],
        [
            43.64774215590801,
            91.21584239552627,
            47.1048152583378,
            64.14745044825095,
            71.3756686444758,
            86.56372808206379,
            70.70120308771065,
            65.96091769109319,
            47.002934416406084,
            117.46058350528324,
            74.70115946734342,
            0.0,
            30.305417807746785,
            57.81268452896382,
            57.18903577203024,
            66.82066195665602,
            53.553827598033166,
            94.77271441195435,
            78.53210209218936,
            55.07997875209894,
            79.4015542422849,
            95.43109862664168,
            37.89692469327398,
            50.36165657000945,
            43.64774215590801
        ],
        [
            13.342415108478855,
            62.59412897119547,
            32.321183807092666,
            33.848090113851164,
            72.97627157374204,
            58.975003110017774,
            77.34058147635598,
            38.77644691769749,
            18.0125044173694,
            99.45285631879266,
            77.25142507389661,
            30.305417807746785,
            0.0,
            41.660448345121196,
            47.064956325094364,
            56.52591895612704,
            40.563497847251824,
            84.95480431683237,
            79.55632219652713,
            55.16281523266114,
            70.97030555630042,
            65.20237155783735,
            11.67064192935892,
            51.6434540595515,
            13.342415108478855
        ],
        [
            40.07304603536118,
            48.595486265962144,
            10.748736576428495,
            45.14575659809798,
            42.92623450120119,
            41.13436297036506,
            52.559001799741644,
            27.207406380868072,
            32.03318093358337,
            59.85328161685802,
            47.387477505741984,
            57.81268452896382,
            41.660448345121196,
            0.0,
            11.43273744781323,
            17.074957820708175,
            6.339377154133664,
            43.79461511834952,
            47.47695779418414,
            29.622815944038987,
            31.158709069602423,
            63.7338852326368,
            30.675935200039838,
            29.920449298480328,
            40.07304603536118
        ],
        [
            48.24143667163982,
            59.52477715954223,
            15.093764604758837,
            55.858683624606414,
            31.636023643518115,
            51.892335373070765,
            41.13253143973214,
            38.621343116327935,
            40.982351044995625,
            61.33305418595689,
            36.12884356236241,
            57.18903577203024,
            47.064956325094364,
            11.43273744781323,
            0.0,
            9.872342694433376,
            7.299691462216132,
            38.60465494427535,
            36.538968827672505,
            18.556955117270963,
            23.982467787184508,
            75.13604876054232,
            37.40152122517468,
            19.64023080516481,
            48.24143667163982
        ],
        [
            56.67317613225195,
            60.49704509788464,
            24.23471676375003,
            61.99820006206465,
            28.56551152313507,
            52.61697771730854,
            39.882804845990655,
            42.87370313829613,
            48.91185271086771,
            52.92309161464548,
            32.713667187262054,
            66.82066195665602,
            56.52591895612704,
            17.074957820708175,
            9.872342694433376,
            0.0,
            15.994966691470017,
            28.75497374847809,
            31.81102240462718,
            21.346886290492215,
            14.508022978236916,
            77.86309876480973,
            46.40322095399866,
            24.316508491708355,
            56.67317613225195
        ],
        [
            41.04554677530275,
            54.694260416719025,
            8.246096024828022,
            48.74900583764068,
            38.57834449750121,
            47.322897502696215,
            47.44239145161529,
            32.34024033127835,
            33.692452174826236,
            63.93578109768535,
            43.095532802906305,
            53.553827598033166,
            40.563497847251824,
            6.339377154133664,
            7.299691462216132,
            15.994966691470017,
            0.0,
            44.456578720778694,
            43.7236479079316,
            23.988483793748976,
            30.49310220696241,
            69.23327697798211,
            30.451319600443778,
            23.858021931055344,
            41.04554677530275
        ],
        [
            83.74319260567312,
            73.32896256395789,
            52.66399186607806,
            85.21850093876664,
            35.521223597725324,
            65.82093274895593,
            47.1862688971132,
            64.17928525843412,
            75.44607446851442,
            35.42699386362526,
            36.78492246555241,
            94.77271441195435,
            84.95480431683237,
            43.79461511834952,
            38.60465494427535,
            28.75497374847809,
            44.456578720778694,
            0.0,
            32.3959537319608,
            42.4868927128082,
            15.42194448299346,
            93.35470238628676,
            74.36877194100512,
            47.04151849683237,
            83.74319260567312
        ],
        [
            83.5086782296314,
            91.94277960894004,
            50.549365339896276,
            92.39377750230395,
            7.156434261975753,
            84.03167332794952,
            15.17461370818093,
            74.3738431446021,
            76.95831566125968,
            67.69740414116701,
            5.006384961844376,
            78.53210209218936,
            79.55632219652713,
            47.47695779418414,
            36.538968827672505,
            31.81102240462718,
            43.7236479079316,
            32.3959537319608,
            0.0,
            24.66549131780201,
            24.548897223926463,
            109.66639165114545,
            71.87442443932821,
            28.882425750621632,
            83.5086782296314
        ],
        [
            60.191860529738705,
            78.06094412206625,
            28.639126079135334,
            71.59240674002778,
            17.850911781572115,
            70.44739786000231,
            23.900862654871062,
            56.32092930238051,
            54.471599485554,
            72.71124695959092,
            22.088841666967557,
            55.07997875209894,
            55.16281523266114,
            29.622815944038987,
            18.556955117270963,
            21.346886290492215,
            23.988483793748976,
            42.4868927128082,
            24.66549131780201,
            0.0,
            27.54104038739827,
            93.21014534198271,
            48.27186835026693,
            4.782763471927039,
            60.191860529738705
        ],
        [
            71.08178342944434,
            69.18258657755383,
            38.72212042327319,
            75.23683998762459,
            24.7308903811774,
            61.309806832918014,
            37.13411023364188,
            55.126776073936966,
            63.18126154666218,
            46.25349131124993,
            27.528042977645818,
            79.4015542422849,
            70.97030555630042,
            31.158709069602423,
            23.982467787184508,
            14.508022978236916,
            30.49310220696241,
            15.42194448299346,
            24.548897223926463,
            27.54104038739827,
            0.0,
            88.01043983405515,
            60.91084957213982,
            31.936695244539887,
            71.08178342944434
        ],
        [
            51.91586056604621,
            20.581534997444802,
            66.24444636459927,
            31.47480962005032,
            106.06823630640305,
            27.585093776912956,
            116.25667575167196,
            37.04033669875459,
            49.094649202296296,
            82.27522414515795,
            110.3921568490215,
            95.43109862664168,
            65.20237155783735,
            63.7338852326368,
            75.13604876054232,
            77.86309876480973,
            69.23327697798211,
            93.35470238628676,
            109.66639165114545,
            93.21014534198271,
            88.01043983405515,
            0.0,
            58.81716933181168,
            92.85270870691204,
            51.91586056604621
        ],
        [
            12.04489874993379,
            53.32424866807963,
            22.313926349177617,
            28.941155715707737,
            65.69230858803448,
            48.908847535117346,
            71.57708982986118,
            28.349228672192595,
            9.757235409431363,
            87.7995057693492,
            70.12256903009356,
            37.89692469327398,
            11.67064192935892,
            30.675935200039838,
            37.40152122517468,
            46.40322095399866,
            30.451319600443778,
            74.36877194100512,
            71.87442443932821,
            48.27186835026693,
            60.91084957213982,
            58.81716933181168,
            0.0,
            45.440911323031905,
            12.04489874993379
        ],
        [
            57.45630154427986,
            78.50775972898911,
            27.19352665981997,
            69.95323582776275,
            21.875574525470473,
            71.04740701546513,
            26.140070470970052,
            55.82339092510392,
            52.23040456302486,
            76.5432418949008,
            25.87888103996705,
            50.36165657000945,
            51.6434540595515,
            29.920449298480328,
            19.64023080516481,
            24.316508491708355,
            23.858021931055344,
            47.04151849683237,
            28.882425750621632,
            4.782763471927039,
            31.936695244539887,
            92.85270870691204,
            45.440911323031905,
            0.0,
            57.45630154427986
        ],
        [
            0.0,
            50.58951924990053,
            33.26080476295864,
            20.511549836553797,
            77.46804585947152,
            47.845462840233296,
            83.59613212333734,
            28.806870805048195,
            8.718336759309029,
            93.50572635486984,
            81.9267528669774,
            43.64774215590801,
            13.342415108478855,
            40.07304603536118,
            48.24143667163982,
            56.67317613225195,
            41.04554677530275,
            83.74319260567312,
            83.5086782296314,
            60.191860529738705,
            71.08178342944434,
            51.91586056604621,
            12.04489874993379,
            57.45630154427986,
            0.0
        ]
    ],
    "scores_ave": [
        0,
        15.805066454413474,
        13.304562161390884,
        15.224809889491263,
        15.510246535838391,
        13.357671069720233,
        13.410585096015442,
        16.73520392078498,
        14.892030093880496,
        15.259723504222242,
        17.0869439306606,
        16.68866462833691,
        17.084796224654674,
        10.242583381470167,
        18.3881630737823,
        15.8935834111682,
        13.860097321801241,
        11.261708996220715,
        16.881267913107635,
        13.182059682477783,
        11.447632880269774,
        11.973649113579274,
        12.567383206411128,
        10.286175811536106,
        0
    ],
    "scores_var": [
        0,
        292.1407536986144,
        342.60043972936455,
        19.69362370577068,
        19.651533722439037,
        302.1772339332765,
        20.043723429271232,
        17.88855544821135,
        312.26984283369893,
        16.48364028504031,
        19.735359743264148,
        22.488679520073713,
        16.450367902990706,
        311.3502477490077,
        318.01849707094686,
        246.55084419424912,
        18.81749462961806,
        17.980270628579394,
        281.51994972784706,
        349.2346305041609,
        18.217989925561398,
        334.27824165698087,
        358.31764481716414,
        226.2956839015771,
        0
    ],
    "vertex_number": 25,
    "minimum_distances": {
        "cost": 470.0889413588278,
        "path": [
            0,
            3,
            21,
            1,
            5,
            7,
            9,
            17,
            20,
            15,
            13,
            2,
            16,
            14,
            4,
            18,
            10,
            6,
            19,
            23,
            11,
            12,
            22,
            8,
            24
        ]
    }
}