{
    "vertices": [
        [
            63.62088577907233,
            21.57577005357738
        ],
        [
            57.133441801237296,
            64.13211118516709
        ],
        [
            66.41421801715096,
            22.394699974269926
        ],
        [
            29.57515201694443,
            55.466201812490965
        ],
        [
            24.959425895978494,
            73.67660123161521
        ],
        [
            70.86544865180599,
            30.925308497941483
        ],
        [
            37.77621025083864,
            11.597117842468485
        ],
        [
            58.52843712667995,
            61.3577602275156
        ],
        [
            83.22818722128805,
            63.025295953438274
        ],
        [
            67.93958458985563,
            58.704243996287694
        ],
        [
            53.920149979602904,
            26.52170547026853
        ],
        [
            37.69913576902477,
            58.42210710510983
        ],
        [
            21.316867709283795,
            64.4292476466304
        ],
        [
            96.21530117762802,
            84.46126344879407
        ],
        [
            78.10847572713534,
            72.54299143981257
        ],
        [
            63.62088577907233,
            21.57577005357738
        ]
    ],
    "distances": [
        [
            0.0,
            43.0479860141422,
            2.9109021294600153,
            48.03824884617751,
            64.87838692303065,
            11.827829908298197,
            27.70416490547856,
            40.1066051352713,
            45.85312930617881,
            37.378800632615004,
            10.888826943118694,
            45.05096755563118,
            60.21669607897209,
            70.83065151989953,
            52.986299345554656,
            0.0
        ],
        [
            43.0479860141422,
            0.0,
            42.75680415743666,
            28.888705770430363,
            33.5598657583518,
            35.93410297826285,
            55.98774811343225,
            3.1053236859027433,
            26.11820779637161,
            12.092744278621023,
            37.74742193011672,
            20.255774424789657,
            35.8178066017606,
            44.05299268010869,
            22.598560902202582,
            43.0479860141422
        ],
        [
            2.9109021294600153,
            42.75680415743666,
            0.0,
            49.505969514827505,
            65.94189249921277,
            9.62209623455457,
            30.60593518774361,
            39.75305780126317,
            43.972205880761564,
            36.3415702779609,
            13.158035966316652,
            46.070923727313584,
            61.649608294055135,
            68.85029309360131,
            51.49375496407838,
            2.9109021294600153
        ],
        [
            48.03824884617751,
            28.888705770430363,
            49.505969514827505,
            0.0,
            18.786260261899063,
            48.032739260539365,
            44.62906994913301,
            29.546627205203645,
            54.182913274114746,
            38.500839001578875,
            37.821459441787454,
            8.645026784400244,
            12.187512064857133,
            72.67477608807043,
            51.44997817622451,
            48.03824884617751
        ],
        [
            64.87838692303065,
            33.5598657583518,
            65.94189249921277,
            18.786260261899063,
            0.0,
            62.72986494213753,
            63.388738897869956,
            35.75796916340812,
            59.23427091232583,
            45.513355430391265,
            55.33812188456791,
            19.874601850225325,
            9.938902276870818,
            72.06738999917117,
            53.16113777107168,
            64.87838692303065
        ],
        [
            11.827829908298197,
            35.93410297826285,
            9.62209623455457,
            48.032739260539365,
            62.72986494213753,
            0.0,
            38.32070787407725,
            32.838026305549356,
            34.398350245039516,
            27.932596333500612,
            17.508137157204878,
            43.08222654276024,
            59.81283985815021,
            59.234394532067626,
            42.24325951751428,
            11.827829908298197
        ],
        [
            27.70416490547856,
            55.98774811343225,
            30.60593518774361,
            44.62906994913301,
            63.388738897869956,
            38.32070787407725,
            0.0,
            53.914529126005895,
            68.63482872664501,
            55.93666495231465,
            21.985679562521042,
            46.82505269534914,
            55.33664153654476,
            93.40402059488325,
            73.08276915247477,
            27.70416490547856
        ],
        [
            40.1066051352713,
            3.1053236859027433,
            39.75305780126317,
            29.546627205203645,
            35.75796916340812,
            32.838026305549356,
            53.914529126005895,
            0.0,
            24.755975644949274,
            9.778079819833135,
            35.139536443724346,
            21.035157577330065,
            37.33811636212347,
            44.20488189205201,
            22.54966316528621,
            40.1066051352713
        ],
        [
            45.85312930617881,
            26.11820779637161,
            43.972205880761564,
            54.182913274114746,
            59.23427091232583,
            34.398350245039516,
            68.63482872664501,
            24.755975644949274,
            0.0,
            15.887506426064391,
            46.81317298713007,
            45.761161192830464,
            61.92723604420187,
            25.06323665006,
            10.807311097340957,
            45.85312930617881
        ],
        [
            37.378800632615004,
            12.092744278621023,
            36.3415702779609,
            38.500839001578875,
            45.513355430391265,
            27.932596333500612,
            55.93666495231465,
            9.778079819833135,
            15.887506426064391,
            0.0,
            35.103565812747,
            30.24176493048403,
            46.97290065689359,
            38.24840126892651,
            17.173155731184416,
            37.378800632615004
        ],
        [
            10.888826943118694,
            37.74742193011672,
            13.158035966316652,
            37.821459441787454,
            55.33812188456791,
            17.508137157204878,
            21.985679562521042,
            35.139536443724346,
            46.81317298713007,
            35.103565812747,
            0.0,
            35.78766444578304,
            49.99955768455116,
            71.73473491698934,
            51.990709408117254,
            10.888826943118694
        ],
        [
            45.05096755563118,
            20.255774424789657,
            46.070923727313584,
            8.645026784400244,
            19.874601850225325,
            43.08222654276024,
            46.82505269534914,
            21.035157577330065,
            45.761161192830464,
            30.24176493048403,
            35.78766444578304,
            0.0,
            17.448909543773485,
            64.04825740968951,
            42.80553854636342,
            45.05096755563118
        ],
        [
            60.21669607897209,
            35.8178066017606,
            61.649608294055135,
            12.187512064857133,
            9.938902276870818,
            59.81283985815021,
            55.33664153654476,
            37.33811636212347,
            61.92723604420187,
            46.97290065689359,
            49.99955768455116,
            17.448909543773485,
            0.0,
            77.53100665611224,
            57.36828025655556,
            60.21669607897209
        ],
        [
            70.83065151989953,
            44.05299268010869,
            68.85029309360131,
            72.67477608807043,
            72.06738999917117,
            59.234394532067626,
            93.40402059488325,
            44.20488189205201,
            25.06323665006,
            38.24840126892651,
            71.73473491698934,
            64.04825740968951,
            77.53100665611224,
            0.0,
            21.67723080964636,
            70.83065151989953
        ],
        [
            52.986299345554656,
            22.598560902202582,
            51.49375496407838,
            51.44997817622451,
            53.16113777107168,
            42.24325951751428,
            73.08276915247477,
            22.54966316528621,
            10.807311097340957,
            17.173155731184416,
            51.990709408117254,
            42.80553854636342,
            57.36828025655556,
            21.67723080964636,
            0.0,
            52.986299345554656
        ],
        [
            0.0,
            43.0479860141422,
            2.9109021294600153,
            48.03824884617751,
            64.87838692303065,
            11.827829908298197,
            27.70416490547856,
            40.1066051352713,
            45.85312930617881,
            37.378800632615004,
            10.888826943118694,
            45.05096755563118,
            60.21669607897209,
            70.83065151989953,
            52.986299345554656,
            0.0
        ]
    ],
    "scores_ave": [
        0,
        16.735790393121178,
        13.744030571560293,
        14.572017746409399,
        15.229905296104926,
        10.229530406905509,
        12.932935258789534,
        11.770421785839654,
        13.117916527428047,
        16.65990759161062,
        19.848943753609888,
        19.58403760611121,
        14.939497802843157,
        19.203807114609745,
        16.493502209602774,
        0
    ],
    "scores_var": [
        0,
        20.255465438861716,
        280.8431701322543,
        374.9340358732468,
        394.0483532999339,
        22.055507567886657,
        389.2599702074616,
        23.454805250664585,
        382.3781989080469,
        24.79404180519832,
        21.23973303024475,
        19.132743786646614,
        24.954614203852778,
        18.147452565518872,
        24.47461177318326,
        0
    ],
    "vertex_number": 16,
    "minimum_distances": {
        "cost": 272.77942151994375,
        "path": [
            0,
            10,
            6,
            11,
            3,
            12,
            4,
            1,
            7,
            14,
            13,
            8,
            9,
            5,
            2,
            15
        ]
    }
}