{
    "vertices": [
        [
            92.62658574727797,
            69.10015531033972
        ],
        [
            23.004579862302453,
            27.784465536450554
        ],
        [
            77.68151047389533,
            25.570450042348213
        ],
        [
            18.67205846487702,
            99.02526717855503
        ],
        [
            93.19602740122393,
            49.230318774596704
        ],
        [
            84.18896413480176,
            77.03751245388763
        ],
        [
            58.154191887069906,
            23.3305844436571
        ],
        [
            49.16839520835086,
            62.74342572414381
        ],
        [
            32.817621077108186,
            18.67793483053406
        ],
        [
            76.43944178671319,
            15.666822022707805
        ],
        [
            67.58425856048052,
            98.35634885532495
        ],
        [
            58.63305288219415,
            21.868175100447907
        ],
        [
            21.967765546879658,
            46.81566562841375
        ],
        [
            35.25736484481234,
            25.38579817102412
        ],
        [
            80.97870262923993,
            35.593485525166265
        ],
        [
            92.62658574727797,
            69.10015531033972
        ]
    ],
    "distances": [
        [
            0.0,
            80.95807510643898,
            46.02380379374656,
            79.77959905820904,
            19.87799456067932,
            11.584260740312983,
            57.2992107779295,
            43.92063678898238,
            78.22731347190539,
            55.83139561059889,
            38.51029747576939,
            58.192956886526616,
            74.08959004135521,
            72.12608770104984,
            35.473512671063894,
            0.0
        ],
        [
            80.95807510643898,
            0.0,
            54.72173796319949,
            71.37242156651843,
            73.39457697079035,
            78.54547415004966,
            35.430668668265625,
            43.665479853848396,
            13.387482189765032,
            54.79162119527941,
            83.4729804667691,
            36.11634785318537,
            19.059421839735997,
            12.485365231245,
            58.49768973027995,
            80.95807510643898
        ],
        [
            46.02380379374656,
            54.72173796319949,
            0.0,
            94.22168320996084,
            28.29292533329835,
            51.876829764569635,
            19.65535980570128,
            46.84898999109364,
            45.39025597804268,
            9.981211478326914,
            73.48293381606267,
            19.404911140437136,
            59.627011991973625,
            42.424547477506756,
            10.551431959648685,
            46.02380379374656
        ],
        [
            79.77959905820904,
            71.37242156651843,
            94.22168320996084,
            0.0,
            89.62900664728171,
            69.10807685353392,
            85.37285197241975,
            47.39618733710956,
            81.58302983500852,
            101.418444844379,
            48.91677391156849,
            86.89129952285414,
            52.313518130545155,
            75.48406310889357,
            88.91405305545196,
            79.77959905820904
        ],
        [
            19.87799456067932,
            73.39457697079035,
            28.29292533329835,
            89.62900664728171,
            0.0,
            29.22956053386586,
            43.5743786486311,
            46.05471154986004,
            67.66830953190302,
            37.51388377215141,
            55.40153007493829,
            44.0827189956321,
            71.26917872830727,
            62.653409976153156,
            18.309184734905738,
            19.87799456067932
        ],
        [
            11.584260740312983,
            78.54547415004966,
            51.876829764569635,
            69.10807685353392,
            29.22956053386586,
            0.0,
            59.68453302395314,
            37.82540367755164,
            77.7486667919616,
            61.85803699296665,
            27.022380219387486,
            60.80098999168349,
            69.17252040557757,
            71.14914614691212,
            41.56817468933022,
            11.584260740312983
        ],
        [
            57.2992107779295,
            35.430668668265625,
            19.65535980570128,
            85.37285197241975,
            43.5743786486311,
            59.68453302395314,
            0.0,
            40.42420809059982,
            25.760220667352566,
            19.826336483000567,
            75.61607952691053,
            1.5388141342465373,
            43.139384436134755,
            22.988879748004585,
            25.910172395302848,
            57.2992107779295
        ],
        [
            43.92063678898238,
            43.665479853848396,
            46.84898999109364,
            47.39618733710956,
            46.05471154986004,
            37.82540367755164,
            40.42420809059982,
            0.0,
            47.0012266051187,
            54.40511554570274,
            40.09269655375813,
            41.95671410433607,
            31.520910450804525,
            39.86363132195684,
            41.8212256039864,
            43.92063678898238
        ],
        [
            78.22731347190539,
            13.387482189765032,
            45.39025597804268,
            81.58302983500852,
            67.66830953190302,
            77.7486667919616,
            25.760220667352566,
            47.0012266051187,
            0.0,
            43.725622263866974,
            86.93312799736488,
            26.011807939142255,
            30.15710960090137,
            7.1377713781503065,
            51.04532918469384,
            78.22731347190539
        ],
        [
            55.83139561059889,
            54.79162119527941,
            9.981211478326914,
            101.418444844379,
            37.51388377215141,
            61.85803699296665,
            19.826336483000567,
            54.40511554570274,
            43.725622263866974,
            0.0,
            83.16232390795885,
            18.855351118814397,
            62.748816485651524,
            42.31337801003583,
            20.437142836920884,
            55.83139561059889
        ],
        [
            38.51029747576939,
            83.4729804667691,
            73.48293381606267,
            48.91677391156849,
            55.40153007493829,
            27.022380219387486,
            75.61607952691053,
            40.09269655375813,
            86.93312799736488,
            83.16232390795885,
            0.0,
            77.01016041699464,
            68.82809355457046,
            79.81058403792208,
            64.1762272598764,
            38.51029747576939
        ],
        [
            58.192956886526616,
            36.11634785318537,
            19.404911140437136,
            86.89129952285414,
            44.0827189956321,
            60.80098999168349,
            1.5388141342465373,
            41.95671410433607,
            26.011807939142255,
            18.855351118814397,
            77.01016041699464,
            0.0,
            44.34772349314132,
            23.638876100348874,
            26.224267556454837,
            58.192956886526616
        ],
        [
            74.08959004135521,
            19.059421839735997,
            59.627011991973625,
            52.313518130545155,
            71.26917872830727,
            69.17252040557757,
            43.139384436134755,
            31.520910450804525,
            30.15710960090137,
            62.748816485651524,
            68.82809355457046,
            44.34772349314132,
            0.0,
            25.21611922443459,
            60.068527713004634,
            74.08959004135521
        ],
        [
            72.12608770104984,
            12.485365231245,
            42.424547477506756,
            75.48406310889357,
            62.653409976153156,
            71.14914614691212,
            22.988879748004585,
            39.86363132195684,
            7.1377713781503065,
            42.31337801003583,
            79.81058403792208,
            23.638876100348874,
            25.21611922443459,
            0.0,
            46.846959452216744,
            72.12608770104984
        ],
        [
            35.473512671063894,
            58.49768973027995,
            10.551431959648685,
            88.91405305545196,
            18.309184734905738,
            41.56817468933022,
            25.910172395302848,
            41.8212256039864,
            51.04532918469384,
            20.437142836920884,
            64.1762272598764,
            26.224267556454837,
            60.068527713004634,
            46.846959452216744,
            0.0,
            35.473512671063894
        ],
        [
            0.0,
            80.95807510643898,
            46.02380379374656,
            79.77959905820904,
            19.87799456067932,
            11.584260740312983,
            57.2992107779295,
            43.92063678898238,
            78.22731347190539,
            55.83139561059889,
            38.51029747576939,
            58.192956886526616,
            74.08959004135521,
            72.12608770104984,
            35.473512671063894,
            0.0
        ]
    ],
    "scores_ave": [
        0,
        16.968820625916134,
        19.228531855676113,
        13.376759196745702,
        12.246220439003412,
        18.68425103400982,
        16.496575266792057,
        16.64071785642037,
        11.053304158901682,
        11.688008084632619,
        10.362373830577924,
        11.893449936245121,
        11.692524296510905,
        14.671500547508321,
        17.890147881142894,
        0
    ],
    "scores_var": [
        0,
        328.37842147346885,
        336.63063844293714,
        330.30817090438956,
        311.9898033522654,
        20.497135187659516,
        16.530621642704542,
        17.93315156104378,
        19.305528681894636,
        314.94077973546837,
        24.040572037234256,
        228.98396059841505,
        20.781906003162717,
        16.59300940766778,
        21.877498565020463,
        0
    ],
    "vertex_number": 16,
    "minimum_distances": {
        "cost": 308.1280558014605,
        "path": [
            0,
            4,
            14,
            2,
            9,
            11,
            6,
            13,
            8,
            1,
            12,
            7,
            3,
            10,
            5,
            15
        ]
    }
}