{
    "vertices": [
        [
            91.01691603330127,
            69.54939023215188
        ],
        [
            18.35890394653603,
            32.70783334926789
        ],
        [
            55.92821572355351,
            63.42926671058545
        ],
        [
            26.307448493955164,
            16.17504470901516
        ],
        [
            26.067120906010068,
            86.46332460573659
        ],
        [
            9.740976777497323,
            8.032393203537803
        ],
        [
            9.503587325156793,
            50.02845045121711
        ],
        [
            93.82066093456399,
            21.788842358269545
        ],
        [
            66.70979558446957,
            40.61794677547708
        ],
        [
            36.26330372501633,
            67.40261754115029
        ],
        [
            72.78827512894416,
            39.53643731673115
        ],
        [
            67.55684186973653,
            48.649636339606495
        ],
        [
            28.886614912200248,
            32.446059612539756
        ],
        [
            41.13521974577649,
            94.25707480379427
        ],
        [
            40.142528003838116,
            42.17117361180327
        ],
        [
            91.01691603330127,
            69.54939023215188
        ]
    ],
    "distances": [
        [
            0.0,
            81.46463670793175,
            35.618433448799,
            83.8816782691481,
            67.11599707276224,
            101.93193427641627,
            83.8181952025507,
            47.84277289920352,
            37.78709468854126,
            54.7956813425365,
            35.11496393168107,
            31.41933787540603,
            72.3659551202562,
            55.66554860425467,
            57.773437691408986,
            0.0
        ],
        [
            81.46463670793175,
            0.0,
            48.53101745453746,
            18.344275964059634,
            54.30533536328274,
            26.13706209726647,
            19.45303085015832,
            76.24763033682876,
            48.993658942751836,
            39.042228183710755,
            54.856050527328485,
            51.71632410059573,
            10.530964992146123,
            65.62826894726327,
            23.75039128086932,
            81.46463670793175
        ],
        [
            35.618433448799,
            48.53101745453746,
            0.0,
            55.77052400904744,
            37.71276715940497,
            72.125409085952,
            48.320057929876015,
            56.300642485768975,
            25.23090924796773,
            20.06230995506155,
            29.242587087963507,
            18.805914493862165,
            41.12429083304623,
            34.19336897455759,
            26.47818836289341,
            35.618433448799
        ],
        [
            83.8816782691481,
            18.344275964059634,
            55.77052400904744,
            0.0,
            70.28869075597711,
            18.459435491689614,
            37.7944814824387,
            67.7462071122624,
            47.22081227438857,
            52.18604479794917,
            52.021360124892446,
            52.498681463858006,
            16.474162358181452,
            79.47745733236769,
            29.448397969586704,
            83.8816782691481
        ],
        [
            67.11599707276224,
            54.30533536328274,
            37.71276715940497,
            70.28869075597711,
            0.0,
            80.11213380457035,
            40.02312705598759,
            93.66606023730681,
            61.266839917024804,
            21.616491340653976,
            66.21932499322394,
            56.13619123111175,
            54.09079832833114,
            16.964378703468462,
            46.474850453110406,
            67.11599707276224
        ],
        [
            101.93193427641627,
            26.13706209726647,
            72.125409085952,
            18.459435491689614,
            80.11213380457035,
            0.0,
            41.99672818330543,
            85.19761253285685,
            65.62975405904977,
            65.02505182319754,
            70.48025698663693,
            70.65716309291311,
            31.025514775987542,
            91.76216109386783,
            45.71335302438002,
            101.93193427641627
        ],
        [
            83.8181952025507,
            19.45303085015832,
            48.320057929876015,
            37.7944814824387,
            40.02312705598759,
            41.99672818330543,
            0.0,
            88.92043841152304,
            57.975062249548145,
            31.905236308007947,
            64.14853116040194,
            58.06962623930125,
            26.169490366533562,
            54.37583453809771,
            31.63038863566084,
            83.8181952025507
        ],
        [
            47.84277289920352,
            76.24763033682876,
            56.300642485768975,
            67.7462071122624,
            93.66606023730681,
            85.19761253285685,
            88.92043841152304,
            0.0,
            33.008092843802025,
            73.4402196033063,
            27.51978160316775,
            37.56714582155293,
            65.80278574983865,
            89.59576121131953,
            57.4176051595454,
            47.84277289920352
        ],
        [
            37.78709468854126,
            48.993658942751836,
            25.23090924796773,
            47.22081227438857,
            61.266839917024804,
            65.62975405904977,
            57.975062249548145,
            33.008092843802025,
            0.0,
            40.55129411712112,
            6.173943333231438,
            8.076232083337496,
            38.695900764433794,
            59.42402700059351,
            26.61263272030701,
            37.78709468854126
        ],
        [
            54.7956813425365,
            39.042228183710755,
            20.06230995506155,
            52.18604479794917,
            21.616491340653976,
            65.02505182319754,
            31.905236308007947,
            73.4402196033063,
            40.55129411712112,
            0.0,
            45.941240039397655,
            36.482322206248234,
            35.726411519454764,
            27.292809320121506,
            25.52790911463732,
            54.7956813425365
        ],
        [
            35.11496393168107,
            54.856050527328485,
            29.242587087963507,
            52.021360124892446,
            66.21932499322394,
            70.48025698663693,
            64.14853116040194,
            27.51978160316775,
            6.173943333231438,
            45.941240039397655,
            0.0,
            10.508010771600869,
            44.47054334921634,
            63.216011279425544,
            32.751895223039234,
            35.11496393168107
        ],
        [
            31.41933787540603,
            51.71632410059573,
            18.805914493862165,
            52.498681463858006,
            56.13619123111175,
            70.65716309291311,
            58.06962623930125,
            37.56714582155293,
            8.076232083337496,
            36.482322206248234,
            10.508010771600869,
            0.0,
            41.92782312137496,
            52.70806920127134,
            28.169399781563072,
            31.41933787540603
        ],
        [
            72.3659551202562,
            10.530964992146123,
            41.12429083304623,
            16.474162358181452,
            54.09079832833114,
            31.025514775987542,
            26.169490366533562,
            65.80278574983865,
            38.695900764433794,
            35.726411519454764,
            44.47054334921634,
            41.92782312137496,
            0.0,
            63.012934540002206,
            14.875262075848477,
            72.3659551202562
        ],
        [
            55.66554860425467,
            65.62826894726327,
            34.19336897455759,
            79.47745733236769,
            16.964378703468462,
            91.76216109386783,
            54.37583453809771,
            89.59576121131953,
            59.42402700059351,
            27.292809320121506,
            63.216011279425544,
            52.70806920127134,
            63.012934540002206,
            0.0,
            52.09536006091485,
            55.66554860425467
        ],
        [
            57.773437691408986,
            23.75039128086932,
            26.47818836289341,
            29.448397969586704,
            46.474850453110406,
            45.71335302438002,
            31.63038863566084,
            57.4176051595454,
            26.61263272030701,
            25.52790911463732,
            32.751895223039234,
            28.169399781563072,
            14.875262075848477,
            52.09536006091485,
            0.0,
            57.773437691408986
        ],
        [
            0.0,
            81.46463670793175,
            35.618433448799,
            83.8816782691481,
            67.11599707276224,
            101.93193427641627,
            83.8181952025507,
            47.84277289920352,
            37.78709468854126,
            54.7956813425365,
            35.11496393168107,
            31.41933787540603,
            72.3659551202562,
            55.66554860425467,
            57.773437691408986,
            0.0
        ]
    ],
    "scores_ave": [
        0,
        18.289884657958133,
        15.55663940514781,
        11.525177980683013,
        13.692938716771138,
        19.28679341404334,
        15.787589400096387,
        13.192444161558825,
        19.654307701928058,
        11.272045431849087,
        13.312469419698928,
        12.325963697222429,
        11.398447342735418,
        17.137963716619794,
        15.757351814517577,
        0
    ],
    "scores_var": [
        0,
        227.71005194583753,
        228.71550713805541,
        376.74753650142725,
        24.140118823838186,
        366.66481074055196,
        329.4906733439862,
        17.876594799527837,
        22.34628889098416,
        341.6540852921815,
        23.723036631422577,
        22.796073410241625,
        264.5235234168165,
        20.817508677104172,
        23.625172380527417,
        0
    ],
    "vertex_number": 16,
    "minimum_distances": {
        "cost": 358.1159608329613,
        "path": [
            0,
            11,
            2,
            9,
            13,
            4,
            6,
            1,
            5,
            3,
            12,
            14,
            8,
            10,
            7,
            15
        ]
    }
}