{
    "vertices": [
        [
            98.75824494435757,
            37.34558521078466
        ],
        [
            21.812619392860366,
            43.584125920841274
        ],
        [
            12.65560750036271,
            35.464858133459664
        ],
        [
            21.763492231243788,
            45.59640193716141
        ],
        [
            87.66182569141004,
            63.378061205834804
        ],
        [
            18.37976002912447,
            67.49925255124018
        ],
        [
            87.42005469827245,
            78.53482426293935
        ],
        [
            90.24863830757623,
            70.3102036402364
        ],
        [
            85.17786189273093,
            2.8339088149082814
        ],
        [
            88.79535035198025,
            30.811187654591
        ],
        [
            35.59227770417446,
            23.161972998923307
        ],
        [
            53.57915252764729,
            4.3280069270015815
        ],
        [
            57.762096537750416,
            97.69473407200351
        ],
        [
            29.895757574840687,
            24.951942907262893
        ],
        [
            19.529994930404882,
            81.59874499351683
        ],
        [
            42.63626128167118,
            84.08331593303305
        ],
        [
            34.99246431723124,
            44.56197609698167
        ],
        [
            7.315896168888236,
            83.06851368199686
        ],
        [
            41.330102017049576,
            35.59653349442764
        ],
        [
            56.19721482287141,
            45.46966166208439
        ],
        [
            32.94638730349985,
            88.28860830191348
        ],
        [
            67.18598173724911,
            31.6762272864765
        ],
        [
            76.77818589336317,
            44.786537957512664
        ],
        [
            98.75824494435757,
            37.34558521078466
        ]
    ],
    "distances": [
        [
            0.0,
            77.19811320040311,
            86.12317521521956,
            77.4355727169742,
            28.29876899566563,
            85.84838083124927,
            42.72128242166853,
            34.04525625270137,
            37.0874993964624,
            11.914596933224852,
            64.73881581218758,
            55.95811708164771,
            72.9568636418131,
            69.96888262838357,
            90.74942286885035,
            73.03487196743922,
            64.172821945191,
            102.23643840411385,
            57.45477162069141,
            43.329457683989254,
            83.2249494310679,
            32.077241516265865,
            23.205403975458815,
            0.0
        ],
        [
            77.19811320040311,
            0.0,
            12.238193338992327,
            2.012875615597183,
            68.7598563423126,
            24.160252588894924,
            74.33630931082179,
            73.46953052224096,
            75.33746844199158,
            68.18969275994193,
            24.636219538370128,
            50.49906440580872,
            64.96401174096006,
            20.30998194781243,
            38.083088604749854,
            45.539087091827504,
            13.216069884706362,
            42.06152471208986,
            21.08871169028654,
            34.436254847428486,
            46.07007198656826,
            46.909914307334866,
            54.978716749548894,
            77.19811320040311
        ],
        [
            86.12317521521956,
            12.238193338992327,
            0.0,
            13.623573103901338,
            80.0317416596856,
            32.541793863990605,
            86.28293311659938,
            85.05807741382256,
            79.52519245862435,
            76.28182673767283,
            26.02790469231093,
            51.422174600587425,
            76.85800421951207,
            20.192675928259803,
            46.643249451071455,
            57.11912149152492,
            24.118306899521798,
            47.90219763943251,
            28.674796846502527,
            44.67625389257614,
            56.58678579738049,
            54.66182797994956,
            64.79659539288038,
            86.12317521521956
        ],
        [
            77.4355727169742,
            2.012875615597183,
            13.623573103901338,
            0.0,
            68.25523979281346,
            22.162682794244695,
            73.45559107582038,
            72.80787888488102,
            76.48537832549752,
            68.6430809659653,
            26.354106121080896,
            52.10870049052011,
            63.32563243465287,
            22.18845258813299,
            36.071556879906886,
            43.782588282993274,
            13.269353385552241,
            40.16082905765799,
            21.973838703830825,
            34.433955837436,
            44.13254611381114,
            47.50761849670781,
            55.02065428911557,
            77.4355727169742
        ],
        [
            28.29876899566563,
            68.7598563423126,
            80.0317416596856,
            68.25523979281346,
            0.0,
            69.40453040356007,
            15.158691222606652,
            7.399067390015295,
            60.59508614474347,
            32.58659434581687,
            65.79188079285403,
            68.18018422035118,
            45.51513858120003,
            69.37928504347659,
            70.52616309240811,
            49.5581378154356,
            55.92947958266234,
            82.72352935866577,
            54.02260545935358,
            36.20403998626617,
            60.119169610093174,
            37.73945494420561,
            21.54294204482137,
            28.29876899566563
        ],
        [
            85.84838083124927,
            24.160252588894924,
            32.541793863990605,
            22.162682794244695,
            69.40453040356007,
            0.0,
            69.91670852526481,
            71.92382853427398,
            92.97092606357486,
            79.40005961192348,
            47.561172428927826,
            72.31599757994734,
            49.62595624418145,
            44.07824585227303,
            14.146332650476593,
            29.383822271211137,
            28.32138052608246,
            19.100025541227225,
            39.30014860761506,
            43.76600006649761,
            25.384718684252345,
            60.54202190662708,
            62.65974423533108,
            85.84838083124927
        ],
        [
            42.72128242166853,
            74.33630931082179,
            86.28293311659938,
            73.45559107582038,
            15.158691222606652,
            69.91670852526481,
            0.0,
            8.697428908718528,
            75.73411403223234,
            47.74344907168726,
            75.84372831854192,
            81.55892592997444,
            35.30859139278638,
            78.61405684686015,
            67.95916292545026,
            45.12619984658489,
            62.472447092053784,
            80.2323535330305,
            62.99190862546254,
            45.47714489395647,
            55.3400103226884,
            51.04062910265301,
            35.38638439024185,
            42.72128242166853
        ],
        [
            34.04525625270137,
            73.46953052224096,
            85.05807741382256,
            72.80787888488102,
            7.399067390015295,
            71.92382853427398,
            8.697428908718528,
            0.0,
            67.66655848204454,
            39.52574236767921,
            72.18222362199397,
            75.48709472796278,
            42.48867970567004,
            75.49729816000178,
            71.61394896940304,
            49.56447385261864,
            60.960774155767574,
            83.90836784113849,
            59.98384855775417,
            42.14916330252641,
            60.05639852932563,
            44.99411358148676,
            28.860190542112285,
            34.04525625270137
        ],
        [
            37.0874993964624,
            75.33746844199158,
            79.52519245862435,
            76.48537832549752,
            60.59508614474347,
            92.97092606357486,
            75.73411403223234,
            67.66655848204454,
            0.0,
            28.210181743940616,
            53.59067412143513,
            31.634012750638917,
            98.74310283992753,
            59.54257711860195,
            102.535563854432,
            91.71288862312484,
            65.2671872299413,
            111.80374557481825,
            54.73587143735325,
            51.55274314169172,
            100.1530458956684,
            33.993927198024444,
            42.785250365882554,
            37.0874993964624
        ],
        [
            11.914596933224852,
            68.18969275994193,
            76.28182673767283,
            68.6430809659653,
            32.58659434581687,
            79.40005961192348,
            47.74344907168726,
            39.52574236767921,
            28.210181743940616,
            0.0,
            53.750138827878224,
            44.06290333889401,
            73.73243264445155,
            59.19030983465083,
            85.88984481376038,
            70.48816322699516,
            55.532285460401994,
            96.79736348428702,
            47.705862682729894,
            35.74226210248181,
            80.14212723567914,
            21.626675784596664,
            18.431566881706562,
            11.914596933224852
        ],
        [
            64.73881581218758,
            24.636219538370128,
            26.02790469231093,
            26.354106121080896,
            65.79188079285403,
            47.561172428927826,
            75.84372831854192,
            72.18222362199397,
            53.59067412143513,
            53.750138827878224,
            0.0,
            26.043155413919788,
            77.76010121064941,
            5.971125007623442,
            60.60406957500994,
            61.3272185047997,
            21.408407430167795,
            66.24460256761922,
            13.694558136784764,
            30.367686891793074,
            65.18036024678806,
            32.72085971674087,
            46.51774761331993,
            64.73881581218758
        ],
        [
            55.95811708164771,
            50.49906440580872,
            51.422174600587425,
            52.10870049052011,
            68.18018422035118,
            72.31599757994734,
            81.55892592997444,
            75.48709472796278,
            31.634012750638917,
            44.06290333889401,
            26.043155413919788,
            0.0,
            93.46038068808033,
            31.40461640919281,
            84.43999108494658,
            80.50252283915594,
            44.31971631003663,
            91.32555115053901,
            33.58213799192963,
            41.22487118867003,
            86.45862353768793,
            30.546210206336102,
            46.637837452549476,
            55.95811708164771
        ],
        [
            72.9568636418131,
            64.96401174096006,
            76.85800421951207,
            63.32563243465287,
            45.51513858120003,
            49.62595624418145,
            35.30859139278638,
            42.48867970567004,
            98.74310283992753,
            73.73243264445155,
            77.76010121064941,
            93.46038068808033,
            0.0,
            77.8976669331813,
            41.48221857289163,
            20.348503530921967,
            57.80610799465704,
            52.523760856896345,
            64.23548052985349,
            52.24851235205514,
            26.538549824766626,
            66.68772638532525,
            56.221782882349736,
            72.9568636418131
        ],
        [
            69.96888262838357,
            20.30998194781243,
            20.192675928259803,
            22.18845258813299,
            69.37928504347659,
            44.07824585227303,
            78.61405684686015,
            75.49729816000178,
            59.54257711860195,
            59.19030983465083,
            5.971125007623442,
            31.40461640919281,
            77.8976669331813,
            0.0,
            57.58740506221829,
            60.48834359293153,
            20.261535512389013,
            62.348904879931,
            15.62214907083624,
            33.35780922470691,
            63.410090088686275,
            37.891645761238784,
            50.90553256620337,
            69.96888262838357
        ],
        [
            90.74942286885035,
            38.083088604749854,
            46.643249451071455,
            36.071556879906886,
            70.52616309240811,
            14.146332650476593,
            67.95916292545026,
            71.61394896940304,
            102.535563854432,
            85.88984481376038,
            60.60406957500994,
            84.43999108494658,
            41.48221857289163,
            57.58740506221829,
            0.0,
            23.239462933750207,
            40.134900147301934,
            12.302212343872087,
            50.90626809928332,
            51.47616610638445,
            14.991792934598335,
            69.01703306245398,
            68.06242689908268,
            90.74942286885035
        ],
        [
            73.03487196743922,
            45.539087091827504,
            57.11912149152492,
            43.782588282993274,
            49.5581378154356,
            29.383822271211137,
            45.12619984658489,
            49.56447385261864,
            91.71288862312484,
            70.48816322699516,
            61.3272185047997,
            80.50252283915594,
            20.348503530921967,
            60.48834359293153,
            23.239462933750207,
            0.0,
            40.253744353416906,
            35.3349404316606,
            48.504372207804224,
            40.925710221118244,
            10.5630555058944,
            57.87220157256036,
            52.05677453941805,
            73.03487196743922
        ],
        [
            64.172821945191,
            13.216069884706362,
            24.118306899521798,
            13.269353385552241,
            55.92947958266234,
            28.32138052608246,
            62.472447092053784,
            60.960774155767574,
            65.2671872299413,
            55.532285460401994,
            21.408407430167795,
            44.31971631003663,
            57.80610799465704,
            20.261535512389013,
            40.134900147301934,
            40.253744353416906,
            0.0,
            47.42094327674284,
            10.979290171675462,
            21.224168702013817,
            43.774476526070536,
            34.67657835312517,
            41.78632498398517,
            64.172821945191
        ],
        [
            102.23643840411385,
            42.06152471208986,
            47.90219763943251,
            40.16082905765799,
            82.72352935866577,
            19.100025541227225,
            80.2323535330305,
            83.90836784113849,
            111.80374557481825,
            96.79736348428702,
            66.24460256761922,
            91.32555115053901,
            52.523760856896345,
            62.348904879931,
            12.302212343872087,
            35.3349404316606,
            47.42094327674284,
            0.0,
            58.39995806856421,
            61.66893048016577,
            26.15667149394752,
            78.90243498728059,
            79.31279442269636,
            102.23643840411385
        ],
        [
            57.45477162069141,
            21.08871169028654,
            28.674796846502527,
            21.973838703830825,
            54.02260545935358,
            39.30014860761506,
            62.99190862546254,
            59.98384855775417,
            54.73587143735325,
            47.705862682729894,
            13.694558136784764,
            33.58213799192963,
            64.23548052985349,
            15.62214907083624,
            50.90626809928332,
            48.504372207804224,
            10.979290171675462,
            58.39995806856421,
            0.0,
            17.846840140372432,
            53.35486313276302,
            26.151392254897743,
            36.61997859821448,
            57.45477162069141
        ],
        [
            43.329457683989254,
            34.436254847428486,
            44.67625389257614,
            34.433955837436,
            36.20403998626617,
            43.76600006649761,
            45.47714489395647,
            42.14916330252641,
            51.55274314169172,
            35.74226210248181,
            30.367686891793074,
            41.22487118867003,
            52.24851235205514,
            33.35780922470691,
            51.47616610638445,
            40.925710221118244,
            21.224168702013817,
            61.66893048016577,
            17.846840140372432,
            0.0,
            48.724359120260345,
            17.635527499134337,
            20.592305072530532,
            43.329457683989254
        ],
        [
            83.2249494310679,
            46.07007198656826,
            56.58678579738049,
            44.13254611381114,
            60.119169610093174,
            25.384718684252345,
            55.3400103226884,
            60.05639852932563,
            100.1530458956684,
            80.14212723567914,
            65.18036024678806,
            86.45862353768793,
            26.538549824766626,
            63.410090088686275,
            14.991792934598335,
            10.5630555058944,
            43.774476526070536,
            26.15667149394752,
            53.35486313276302,
            48.724359120260345,
            0.0,
            66.16125385166642,
            61.75481108279372,
            83.2249494310679
        ],
        [
            32.077241516265865,
            46.909914307334866,
            54.66182797994956,
            47.50761849670781,
            37.73945494420561,
            60.54202190662708,
            51.04062910265301,
            44.99411358148676,
            33.993927198024444,
            21.626675784596664,
            32.72085971674087,
            30.546210206336102,
            66.68772638532525,
            37.891645761238784,
            69.01703306245398,
            57.87220157256036,
            34.67657835312517,
            78.90243498728059,
            26.151392254897743,
            17.635527499134337,
            66.16125385166642,
            0.0,
            16.24471072268314,
            32.077241516265865
        ],
        [
            23.205403975458815,
            54.978716749548894,
            64.79659539288038,
            55.02065428911557,
            21.54294204482137,
            62.65974423533108,
            35.38638439024185,
            28.860190542112285,
            42.785250365882554,
            18.431566881706562,
            46.51774761331993,
            46.637837452549476,
            56.221782882349736,
            50.90553256620337,
            68.06242689908268,
            52.05677453941805,
            41.78632498398517,
            79.31279442269636,
            36.61997859821448,
            20.592305072530532,
            61.75481108279372,
            16.24471072268314,
            0.0,
            23.205403975458815
        ],
        [
            0.0,
            77.19811320040311,
            86.12317521521956,
            77.4355727169742,
            28.29876899566563,
            85.84838083124927,
            42.72128242166853,
            34.04525625270137,
            37.0874993964624,
            11.914596933224852,
            64.73881581218758,
            55.95811708164771,
            72.9568636418131,
            69.96888262838357,
            90.74942286885035,
            73.03487196743922,
            64.172821945191,
            102.23643840411385,
            57.45477162069141,
            43.329457683989254,
            83.2249494310679,
            32.077241516265865,
            23.205403975458815,
            0.0
        ]
    ],
    "scores_ave": [
        0,
        16.890476188488798,
        17.964304893659744,
        15.14783470151649,
        15.30231269744098,
        16.650508697231793,
        18.454459916422167,
        18.985544325356248,
        19.208779576471475,
        18.682421770238925,
        19.888282349851572,
        14.574264070902128,
        17.958633735615308,
        14.471605574581416,
        16.00101847807395,
        13.665051582890722,
        19.875729298895315,
        14.984360563155109,
        16.429990356683728,
        15.435255993042219,
        17.673974140767385,
        18.066513440738753,
        19.92407766225073,
        0
    ],
    "scores_var": [
        0,
        298.9638820236943,
        353.1567975775755,
        22.137186488865492,
        380.32359035650234,
        258.70652243363406,
        296.42455287815824,
        16.766580140659737,
        17.8322868556085,
        24.047222868237597,
        24.756772226161644,
        17.308086924611395,
        268.8507785601379,
        19.434731084497493,
        392.1692616566605,
        364.86679934585294,
        24.748899691890735,
        21.2121549900023,
        361.6150527987802,
        293.2340439310482,
        388.42986018876184,
        385.82876815796953,
        17.674194385871026,
        0
    ],
    "vertex_number": 24,
    "minimum_distances": {
        "cost": 418.46155606432296,
        "path": [
            0,
            9,
            21,
            22,
            4,
            7,
            6,
            12,
            15,
            20,
            14,
            17,
            5,
            3,
            1,
            2,
            13,
            10,
            18,
            16,
            19,
            11,
            8,
            23
        ]
    }
}