{
    "vertices": [
        [
            44.66944753772197,
            96.99449975365252
        ],
        [
            70.71129302000733,
            25.894262460680494
        ],
        [
            17.485960792326427,
            76.27374512096196
        ],
        [
            50.39938097364476,
            66.19751776537109
        ],
        [
            4.325880279941218,
            4.718812638502179
        ],
        [
            75.9283071408316,
            19.97364348246844
        ],
        [
            53.57734290515296,
            68.0565852568277
        ],
        [
            94.16888899579146,
            69.35675957030682
        ],
        [
            90.36840988732794,
            62.71873013065466
        ],
        [
            33.26507218874924,
            18.308894973455303
        ],
        [
            56.400940492105356,
            86.4052270922176
        ],
        [
            23.211224048214085,
            94.86347667814185
        ],
        [
            78.82764215468276,
            95.3975048082146
        ],
        [
            62.25268576480555,
            64.97423502646679
        ],
        [
            29.07996549169335,
            10.769692389012542
        ],
        [
            14.489634458878475,
            53.0173977107232
        ],
        [
            44.66944753772197,
            96.99449975365252
        ]
    ],
    "distances": [
        [
            0.0,
            75.71935987077649,
            34.180281218639244,
            31.32548861177806,
            100.70951222032704,
            83.12237126329659,
            30.277937434750115,
            56.69249850820627,
            57.124631666904655,
            79.5077617388746,
            15.803816704738129,
            21.56378015733853,
            34.1955063180226,
            36.5303657215395,
            87.62276733550887,
            53.33672863579235,
            0.0
        ],
        [
            75.71935987077649,
            0.0,
            73.28729947176802,
            45.13231834433325,
            69.680863225426,
            7.891195436817202,
            45.51080871732377,
            49.388738230161344,
            41.742588117083415,
            38.206769746467714,
            62.18008547848712,
            83.74371058234277,
            69.97553729765858,
            39.98490080568366,
            44.29356670694456,
            62.422266517295434,
            75.71935987077649
        ],
        [
            34.180281218639244,
            73.28729947176802,
            0.0,
            34.42126647515414,
            72.7550416236692,
            81.14930246911146,
            37.014991274438984,
            76.99426061055296,
            74.13224546358313,
            60.07415591653055,
            40.21221918730778,
            19.451394775625403,
            64.2535606557072,
            46.17075473865664,
            66.52219080336239,
            23.448574932439556,
            34.180281218639244
        ],
        [
            31.32548861177806,
            45.13231834433325,
            34.42126647515414,
            0.0,
            76.82706977523742,
            52.80504355619136,
            3.681789507278508,
            43.88337545452512,
            40.120135041027694,
            50.86162335634347,
            21.080090912800745,
            39.50864560308927,
            40.75297875100103,
            11.916260115130775,
            59.386541425176176,
            38.25213012904903,
            31.32548861177806
        ],
        [
            100.70951222032704,
            69.680863225426,
            72.7550416236692,
            76.82706977523742,
            0.0,
            73.20940784111822,
            80.23328493196159,
            110.67895192255452,
            103.76563655822922,
            31.971349145846574,
            96.87353716265702,
            92.10166482787024,
            117.35901216374548,
            83.58367496606819,
            25.482893878557476,
            49.356410110424726,
            100.70951222032704
        ],
        [
            83.12237126329659,
            7.891195436817202,
            81.14930246911146,
            52.80504355619136,
            73.20940784111822,
            0.0,
            53.02390868222569,
            52.64419228131829,
            45.118277891452365,
            42.695702408730135,
            69.24213564826609,
            91.58372107459779,
            75.47956677676372,
            47.03271052501861,
            47.74389836413769,
            69.76102202818906,
            83.12237126329659
        ],
        [
            30.277937434750115,
            45.51080871732377,
            37.014991274438984,
            3.681789507278508,
            80.23328493196159,
            53.02390868222569,
            0.0,
            40.612363478057524,
            37.17627344200731,
            53.73472834384498,
            18.56462659297148,
            40.5056860466264,
            37.21697857304131,
            9.206652848626971,
            62.30497247079091,
            41.88109494303919,
            30.277937434750115
        ],
        [
            56.69249850820627,
            49.388738230161344,
            76.99426061055296,
            43.88337545452512,
            110.67895192255452,
            52.64419228131829,
            40.612363478057524,
            0.0,
            7.648991848312849,
            79.46797708237102,
            41.43752139091735,
            75.40280387645923,
            30.22373681703579,
            32.215687949490636,
            87.5728976557692,
            81.33731216075796,
            56.69249850820627
        ],
        [
            57.124631666904655,
            41.742588117083415,
            74.13224546358313,
            40.120135041027694,
            103.76563655822922,
            45.118277891452365,
            37.17627344200731,
            7.648991848312849,
            0.0,
            72.33964773903409,
            41.4106159749588,
            74.45382690252707,
            34.65676895334585,
            28.206049799091332,
            80.34286488991633,
            76.4964339772978,
            57.124631666904655
        ],
        [
            79.5077617388746,
            38.206769746467714,
            60.07415591653055,
            50.86162335634347,
            31.971349145846574,
            42.695702408730135,
            53.73472834384498,
            79.46797708237102,
            72.33964773903409,
            0.0,
            71.9192522915736,
            77.21194106103323,
            89.5466445387896,
            54.935741581396364,
            8.622916773053676,
            39.461338347947446,
            79.5077617388746
        ],
        [
            15.803816704738129,
            62.18008547848712,
            40.21221918730778,
            21.080090912800745,
            96.87353716265702,
            69.24213564826609,
            18.56462659297148,
            41.43752139091735,
            41.4106159749588,
            71.9192522915736,
            0.0,
            34.250536691907385,
            24.16232617079466,
            22.215542839616667,
            80.41871538897443,
            53.584556769824836,
            15.803816704738129
        ],
        [
            21.56378015733853,
            83.74371058234277,
            19.451394775625403,
            39.50864560308927,
            92.10166482787024,
            91.58372107459779,
            40.5056860466264,
            75.40280387645923,
            74.45382690252707,
            77.21194106103323,
            34.250536691907385,
            0.0,
            55.618981912987635,
            49.16912140236293,
            84.29831956923591,
            42.745297401143965,
            21.56378015733853
        ],
        [
            34.1955063180226,
            69.97553729765858,
            64.2535606557072,
            40.75297875100103,
            117.35901216374548,
            75.47956677676372,
            37.21697857304131,
            30.22373681703579,
            34.65676895334585,
            89.5466445387896,
            24.16232617079466,
            55.618981912987635,
            0.0,
            34.64541129124233,
            98.16668461461349,
            77.04188933210435,
            34.1955063180226
        ],
        [
            36.5303657215395,
            39.98490080568366,
            46.17075473865664,
            11.916260115130775,
            83.58367496606819,
            47.03271052501861,
            9.206652848626971,
            32.215687949490636,
            28.206049799091332,
            54.935741581396364,
            22.215542839616667,
            49.16912140236293,
            34.64541129124233,
            0.0,
            63.54967988002571,
            49.23692748992142,
            36.5303657215395
        ],
        [
            87.62276733550887,
            44.29356670694456,
            66.52219080336239,
            59.386541425176176,
            25.482893878557476,
            47.74389836413769,
            62.30497247079091,
            87.5728976557692,
            80.34286488991633,
            8.622916773053676,
            80.41871538897443,
            84.29831956923591,
            98.16668461461349,
            63.54967988002571,
            0.0,
            44.696156038268214,
            87.62276733550887
        ],
        [
            53.33672863579235,
            62.422266517295434,
            23.448574932439556,
            38.25213012904903,
            49.356410110424726,
            69.76102202818906,
            41.88109494303919,
            81.33731216075796,
            76.4964339772978,
            39.461338347947446,
            53.584556769824836,
            42.745297401143965,
            77.04188933210435,
            49.23692748992142,
            44.696156038268214,
            0.0,
            53.33672863579235
        ],
        [
            0.0,
            75.71935987077649,
            34.180281218639244,
            31.32548861177806,
            100.70951222032704,
            83.12237126329659,
            30.277937434750115,
            56.69249850820627,
            57.124631666904655,
            79.5077617388746,
            15.803816704738129,
            21.56378015733853,
            34.1955063180226,
            36.5303657215395,
            87.62276733550887,
            53.33672863579235,
            0.0
        ]
    ],
    "scores_ave": [
        0,
        17.114619741065457,
        16.45611328846772,
        18.51599303266449,
        14.001295732293869,
        17.723279979418315,
        16.139985545646386,
        11.217264505901333,
        14.942374614912556,
        16.017768738065232,
        17.939815428931162,
        10.795487065999936,
        16.981724255008437,
        18.779894595370294,
        12.02679307744518,
        15.077956117749647,
        0
    ],
    "scores_var": [
        0,
        20.292853853163578,
        17.903750012327208,
        365.26313013962016,
        307.0814701343142,
        309.3438742155454,
        23.494096790745495,
        20.485441159689366,
        19.491140844888474,
        23.867203167399975,
        284.11874706638554,
        23.01187867881006,
        347.844258501458,
        385.22382610637527,
        311.85996626980466,
        395.65244485918606,
        0
    ],
    "vertex_number": 17,
    "minimum_distances": {
        "cost": 367.60674234562003,
        "path": [
            0,
            11,
            2,
            15,
            4,
            14,
            9,
            1,
            5,
            8,
            7,
            12,
            10,
            13,
            6,
            3,
            16
        ]
    }
}