{
    "vertices": [
        [
            46.18880181767842,
            82.44928665561841
        ],
        [
            78.77237489117354,
            56.370329873469316
        ],
        [
            5.961159563134455,
            86.33542757348427
        ],
        [
            39.766354203839704,
            53.136301056570076
        ],
        [
            95.61458915793357,
            78.58833867490308
        ],
        [
            76.1882562190023,
            95.44079667492792
        ],
        [
            66.16611189327625,
            42.44594297568497
        ],
        [
            73.43604161039677,
            28.09060772340153
        ],
        [
            71.57361559428956,
            19.88703377002188
        ],
        [
            43.689039146690774,
            85.8149510075331
        ],
        [
            67.120113519675,
            77.1807838084433
        ],
        [
            74.19361829094947,
            8.192525564500686
        ],
        [
            66.80473453180721,
            54.94291653515793
        ],
        [
            28.864298161398803,
            71.77833631111152
        ],
        [
            37.470272021974424,
            84.08610140413398
        ],
        [
            42.01800897616443,
            21.852678093895893
        ],
        [
            26.3656831388018,
            97.76366711044993
        ],
        [
            44.61534964544804,
            88.42548009795794
        ],
        [
            95.6770527857541,
            34.21797653888683
        ],
        [
            31.08769307339777,
            15.036410853832605
        ],
        [
            1.2933909909725205,
            11.09446467670624
        ],
        [
            56.19262866267842,
            23.477115861051058
        ],
        [
            69.04125302353239,
            55.26550757301011
        ],
        [
            46.18880181767842,
            82.44928665561841
        ]
    ],
    "distances": [
        [
            0.0,
            41.734892129739556,
            40.41491423463722,
            30.008314815772604,
            49.57635901832562,
            32.69169002910266,
            44.71420829480774,
            60.8052469082869,
            67.51610368345139,
            4.192434846364651,
            21.584182444948695,
            79.36205839974748,
            34.3746575092356,
            20.347176909620103,
            8.87084687724551,
            60.739974334119104,
            25.04967630274197,
            6.179857587239253,
            69.10388020549625,
            69.08356757705546,
            84.30366856158129,
            59.814659405269246,
            35.51327035529098,
            0.0
        ],
        [
            41.734892129739556,
            0.0,
            78.73614263930838,
            39.1398593795283,
            27.88010216100442,
            39.15583028612397,
            18.7831418365337,
            28.778796669919338,
            37.186731907849826,
            45.80203227683961,
            23.850580455187895,
            48.394894772458926,
            12.052465499204844,
            52.232392107269085,
            49.73959884194793,
            50.42173834954793,
            66.78225593705648,
            46.84266249426545,
            27.86565794987996,
            63.10563953866881,
            89.73793465153446,
            39.897474454030146,
            9.793639013077609,
            41.734892129739556
        ],
        [
            40.41491423463722,
            78.73614263930838,
            0.0,
            47.3811480040537,
            89.98752593838837,
            70.81491969342427,
            74.50451760353266,
            89.13651746989308,
            93.38299323485128,
            37.73146954104796,
            61.84031978833106,
            103.73997088118249,
            68.4648111387152,
            27.137845597474303,
            31.589296227677313,
            73.87909968347797,
            23.386945958466438,
            38.71065396599093,
            103.75533817147024,
            75.59690781660022,
            75.38561242755537,
            80.46345654541481,
            70.31669872660692,
            40.41491423463722
        ],
        [
            30.008314815772604,
            39.1398593795283,
            47.3811480040537,
            0.0,
            61.374518869093464,
            55.82316092739432,
            28.482116528771343,
            41.9634913298976,
            46.01321171416669,
            32.91324383555115,
            36.41929844895114,
            56.61430444688988,
            27.098669160076728,
            21.595839978664596,
            31.034853551127743,
            31.364550289849337,
            46.59592027098866,
            35.620765210869166,
            59.024649244820246,
            39.075833867976435,
            56.98846290759099,
            33.904125988722846,
            29.35222685407182,
            30.008314815772604
        ],
        [
            49.57635901832562,
            27.88010216100442,
            89.98752593838837,
            61.374518869093464,
            0.0,
            25.717460063093462,
            46.620656152459915,
            55.15350217863403,
            63.433521165261354,
            52.426011385343784,
            28.529219277810693,
            73.5828002753285,
            37.270815818080564,
            67.09677697413576,
            58.40365579511194,
            78.04824526370892,
            71.85474379230389,
            51.939308642193595,
            44.37040610346073,
            90.56802884064018,
            115.98237560481165,
            67.75941151845625,
            35.35670578432467,
            49.57635901832562
        ],
        [
            32.69169002910266,
            39.15583028612397,
            70.81491969342427,
            55.82316092739432,
            25.717460063093462,
            0.0,
            53.93419968340911,
            67.40639908093392,
            75.69455724942189,
            33.894778582043116,
            20.38772380378808,
            87.27106847187468,
            41.57076827614854,
            52.91000885188923,
            40.34862333430833,
            81.13456102631419,
            49.876693108025336,
            32.34289869782075,
            64.24987857599635,
            92.18962010616062,
            112.79869041384735,
            74.6900025281347,
            40.80604745743862,
            32.69169002910266
        ],
        [
            44.71420829480774,
            18.7831418365337,
            74.50451760353266,
            28.482116528771343,
            46.620656152459915,
            53.93419968340911,
            0.0,
            16.09122519565629,
            23.197962859394003,
            48.84761669643467,
            34.747939317033264,
            35.18149319328996,
            12.513280426035788,
            47.45328867920385,
            50.570287915590605,
            31.73662604920302,
            68.14781531707348,
            50.77945635235667,
            30.636498886857126,
            44.51716430818187,
            72.05126722549389,
            21.430976875912283,
            13.138023937559355,
            44.71420829480774
        ],
        [
            60.8052469082869,
            28.778796669919338,
            89.13651746989308,
            41.9634913298976,
            55.15350217863403,
            67.40639908093392,
            16.09122519565629,
            0.0,
            8.41232763710746,
            64.93830890283482,
            49.49481119983765,
            19.91249848786649,
            27.65900797375933,
            62.41200159614098,
            66.55097215395455,
            32.031305634774746,
            84.08301761352067,
            66.86500661625983,
            23.069616960481838,
            44.31472305815087,
            74.11768288917322,
            17.84991869027741,
            27.5279739276157,
            60.8052469082869
        ],
        [
            67.51610368345139,
            37.186731907849826,
            93.38299323485128,
            46.01321171416669,
            63.433521165261354,
            75.69455724942189,
            23.197962859394003,
            8.41232763710746,
            0.0,
            71.58239919797401,
            57.466577018243484,
            11.984403877519638,
            35.37876683875606,
            67.20709095768335,
            72.69496769309875,
            29.620898706375204,
            90.04736074610634,
            73.64962137048528,
            28.041961505703526,
            40.77546400769357,
            70.82809641345318,
            15.794411936210892,
            35.468990242442715,
            67.51610368345139
        ],
        [
            4.192434846364651,
            45.80203227683961,
            37.73146954104796,
            32.91324383555115,
            52.426011385343784,
            33.894778582043116,
            48.84761669643467,
            64.93830890283482,
            71.58239919797401,
            0.0,
            24.971265276196085,
            83.40126066449757,
            38.56705699947838,
            20.4156679395212,
            6.4546096320866795,
            63.98409722821302,
            21.044488111716262,
            2.770002395678083,
            73.24616943194756,
            71.8915549223126,
            85.91008124812093,
            63.579441972498365,
            39.69890732269895,
            4.192434846364651
        ],
        [
            21.584182444948695,
            23.850580455187895,
            61.84031978833106,
            36.41929844895114,
            28.529219277810693,
            20.38772380378808,
            34.747939317033264,
            49.49481119983765,
            57.466577018243484,
            24.971265276196085,
            0.0,
            69.34994048506573,
            22.240103524269955,
            38.63539630556347,
            30.443332799418048,
            60.75619256070502,
            45.6571865174965,
            25.157654733264295,
            51.58780465117297,
            71.8349386659378,
            93.27678690463443,
            54.80414105068753,
            21.999320659252728,
            21.584182444948695
        ],
        [
            79.36205839974748,
            48.394894772458926,
            103.73997088118249,
            56.61430444688988,
            73.5828002753285,
            87.27106847187468,
            35.18149319328996,
            19.91249848786649,
            11.984403877519638,
            83.40126066449757,
            69.34994048506573,
            0.0,
            47.33069468236682,
            78.08906832400486,
            84.31155920107999,
            34.95525142098143,
            101.54063609591245,
            85.51140841568026,
            33.74703033027852,
            43.645842353134775,
            72.95796317743014,
            23.61470575998193,
            47.35411812104981,
            79.36205839974748
        ],
        [
            34.3746575092356,
            12.052465499204844,
            68.4648111387152,
            27.098669160076728,
            37.270815818080564,
            41.57076827614854,
            12.513280426035788,
            27.65900797375933,
            35.37876683875606,
            38.56705699947838,
            22.240103524269955,
            47.33069468236682,
            0.0,
            41.50792780914964,
            41.350162213080864,
            41.344233502029404,
            58.897653241852545,
            40.167783911636555,
            35.54059508795867,
            53.55591700489675,
            78.8316108100565,
            33.20712879850081,
            2.259663678853828,
            34.3746575092356
        ],
        [
            20.347176909620103,
            52.232392107269085,
            27.137845597474303,
            21.595839978664596,
            67.09677697413576,
            52.91000885188923,
            47.45328867920385,
            62.41200159614098,
            67.20709095768335,
            20.4156679395212,
            38.63539630556347,
            78.08906832400486,
            41.50792780914964,
            0.0,
            15.018117980423952,
            51.62936622331048,
            26.105181358921698,
            22.91774463408451,
            76.64675339969244,
            56.78546988036728,
            66.65348602092197,
            55.49635614121443,
            43.43801578027923,
            20.347176909620103
        ],
        [
            8.87084687724551,
            49.73959884194793,
            31.589296227677313,
            31.034853551127743,
            58.40365579511194,
            40.34862333430833,
            50.570287915590605,
            66.55097215395455,
            72.69496769309875,
            6.4546096320866795,
            30.443332799418048,
            84.31155920107999,
            41.350162213080864,
            15.018117980423952,
            0.0,
            62.39936608905408,
            17.61782330240802,
            8.359565879510535,
            76.64763012943449,
            69.34404862082393,
            81.46499710476914,
            63.434815099780565,
            42.74755513686542,
            8.87084687724551
        ],
        [
            60.739974334119104,
            50.42173834954793,
            73.87909968347797,
            31.364550289849337,
            78.04824526370892,
            81.13456102631419,
            31.73662604920302,
            32.031305634774746,
            29.620898706375204,
            63.98409722821302,
            60.75619256070502,
            34.95525142098143,
            41.344233502029404,
            51.62936622331048,
            62.39936608905408,
            0.0,
            77.50789351795312,
            66.62345041518311,
            55.0653574236394,
            12.881510191830529,
            42.121653172324756,
            14.267397846722789,
            42.97293209270194,
            60.739974334119104
        ],
        [
            25.04967630274197,
            66.78225593705648,
            23.386945958466438,
            46.59592027098866,
            71.85474379230389,
            49.876693108025336,
            68.14781531707348,
            84.08301761352067,
            90.04736074610634,
            21.044488111716262,
            45.6571865174965,
            101.54063609591245,
            58.897653241852545,
            26.105181358921698,
            17.61782330240802,
            77.50789351795312,
            0.0,
            20.500050348330358,
            94.03255155824128,
            82.86191106636663,
            90.22289334779363,
            80.05084868890441,
            60.227052302567586,
            25.04967630274197
        ],
        [
            6.179857587239253,
            46.84266249426545,
            38.71065396599093,
            35.620765210869166,
            51.939308642193595,
            32.34289869782075,
            50.77945635235667,
            66.86500661625983,
            73.64962137048528,
            2.770002395678083,
            25.157654733264295,
            85.51140841568026,
            40.167783911636555,
            22.91774463408451,
            8.359565879510535,
            66.62345041518311,
            20.500050348330358,
            0.0,
            74.46979904428002,
            74.62541776667221,
            88.6390323037315,
            65.9721411392167,
            41.1850523089483,
            6.179857587239253
        ],
        [
            69.10388020549625,
            27.86565794987996,
            103.75533817147024,
            59.024649244820246,
            44.37040610346073,
            64.24987857599635,
            30.636498886857126,
            23.069616960481838,
            28.041961505703526,
            73.24616943194756,
            51.58780465117297,
            33.74703033027852,
            35.54059508795867,
            76.64675339969244,
            76.64763012943449,
            55.0653574236394,
            94.03255155824128,
            74.46979904428002,
            0.0,
            67.37742834349058,
            97.17495775472258,
            40.91925996925652,
            33.94796594209368,
            69.10388020549625
        ],
        [
            69.08356757705546,
            63.10563953866881,
            75.59690781660022,
            39.075833867976435,
            90.56802884064018,
            92.18962010616062,
            44.51716430818187,
            44.31472305815087,
            40.77546400769357,
            71.8915549223126,
            71.8349386659378,
            43.645842353134775,
            53.55591700489675,
            56.78546988036728,
            69.34404862082393,
            12.881510191830529,
            82.86191106636663,
            74.62541776667221,
            67.37742834349058,
            0.0,
            30.05394110998041,
            26.485907421887834,
            55.30689772288264,
            69.08356757705546
        ],
        [
            84.30366856158129,
            89.73793465153446,
            75.38561242755537,
            56.98846290759099,
            115.98237560481165,
            112.79869041384735,
            72.05126722549389,
            74.11768288917322,
            70.82809641345318,
            85.91008124812093,
            93.27678690463443,
            72.95796317743014,
            78.8316108100565,
            66.65348602092197,
            81.46499710476914,
            42.121653172324756,
            90.22289334779363,
            88.6390323037315,
            97.17495775472258,
            30.05394110998041,
            0.0,
            56.2783825930313,
            80.87554538010784,
            84.30366856158129
        ],
        [
            59.814659405269246,
            39.897474454030146,
            80.46345654541481,
            33.904125988722846,
            67.75941151845625,
            74.6900025281347,
            21.430976875912283,
            17.84991869027741,
            15.794411936210892,
            63.579441972498365,
            54.80414105068753,
            23.61470575998193,
            33.20712879850081,
            55.49635614121443,
            63.434815099780565,
            14.267397846722789,
            80.05084868890441,
            65.9721411392167,
            40.91925996925652,
            26.485907421887834,
            56.2783825930313,
            0.0,
            34.28686330942621,
            59.814659405269246
        ],
        [
            35.51327035529098,
            9.793639013077609,
            70.31669872660692,
            29.35222685407182,
            35.35670578432467,
            40.80604745743862,
            13.138023937559355,
            27.5279739276157,
            35.468990242442715,
            39.69890732269895,
            21.999320659252728,
            47.35411812104981,
            2.259663678853828,
            43.43801578027923,
            42.74755513686542,
            42.97293209270194,
            60.227052302567586,
            41.1850523089483,
            33.94796594209368,
            55.30689772288264,
            80.87554538010784,
            34.28686330942621,
            0.0,
            35.51327035529098
        ],
        [
            0.0,
            41.734892129739556,
            40.41491423463722,
            30.008314815772604,
            49.57635901832562,
            32.69169002910266,
            44.71420829480774,
            60.8052469082869,
            67.51610368345139,
            4.192434846364651,
            21.584182444948695,
            79.36205839974748,
            34.3746575092356,
            20.347176909620103,
            8.87084687724551,
            60.739974334119104,
            25.04967630274197,
            6.179857587239253,
            69.10388020549625,
            69.08356757705546,
            84.30366856158129,
            59.814659405269246,
            35.51327035529098,
            0.0
        ]
    ],
    "scores_ave": [
        0,
        19.783815634801478,
        11.699822291888074,
        16.623429711825583,
        19.90004122607053,
        18.40695980449339,
        18.071715234245758,
        13.536222547782652,
        16.224305468455384,
        13.154250819831097,
        13.668203316788144,
        15.019064900944036,
        19.328854016241333,
        11.163687043122907,
        15.67303790787733,
        12.79831439747921,
        11.611182268330904,
        18.725328573242244,
        13.647620576866332,
        11.168603443936547,
        18.21884531665544,
        12.61169810505401,
        11.025229830532606,
        0
    ],
    "scores_var": [
        0,
        263.8069275809346,
        19.669165123285605,
        302.0823751593151,
        16.944962380224833,
        280.4557318582628,
        309.1968941234691,
        22.43241049210072,
        343.742375312883,
        390.67086077528415,
        17.4693859903257,
        17.188058922319286,
        22.75483933163988,
        19.83817361957514,
        240.09862442503967,
        16.768583507790197,
        16.322383771641952,
        16.099620797391523,
        19.056555135373586,
        258.36679208086696,
        318.4817128026982,
        342.76369831296586,
        18.843604137039524,
        0
    ],
    "vertex_number": 24,
    "minimum_distances": {
        "cost": 462.3167082361092,
        "path": [
            0,
            3,
            20,
            19,
            15,
            21,
            11,
            8,
            7,
            18,
            6,
            12,
            22,
            1,
            4,
            5,
            10,
            17,
            16,
            2,
            13,
            14,
            9,
            23
        ]
    }
}