{
    "vertices": [
        [
            30.397605098660986,
            90.63672124711627
        ],
        [
            16.24510012849344,
            99.21625626373172
        ],
        [
            5.427834466014858,
            39.105503157662255
        ],
        [
            78.94619116761203,
            55.90166537102594
        ],
        [
            25.26597891017779,
            60.65967353369176
        ],
        [
            32.13164472868133,
            29.048377880856748
        ],
        [
            9.243352665059357,
            72.65524270524139
        ],
        [
            83.92577982589867,
            83.70927278817686
        ],
        [
            38.9937559944559,
            29.500488735329633
        ],
        [
            21.105773022731476,
            53.117207896151086
        ],
        [
            70.14575174674748,
            37.489719304057026
        ],
        [
            40.02197768360109,
            90.17552742435421
        ],
        [
            26.875716932045336,
            90.15429604734341
        ],
        [
            15.011851846788494,
            56.7037014362446
        ],
        [
            37.19215597188883,
            13.43320764673679
        ],
        [
            24.5282659233203,
            44.88699697077505
        ],
        [
            30.975212580277912,
            87.84042229380246
        ],
        [
            13.531093663391836,
            75.8541651805804
        ],
        [
            84.45793287148514,
            49.35687465635259
        ],
        [
            30.397605098660986,
            90.63672124711627
        ]
    ],
    "distances": [
        [
            0.0,
            16.549979396722758,
            57.26216799274919,
            59.694968933817734,
            30.413105348702164,
            61.612749752293674,
            27.763932836981994,
            53.97457764337716,
            61.73761200401675,
            38.65296916694146,
            66.36655014006176,
            9.635416306309784,
            3.554775707625339,
            37.2581700652691,
            77.50192535552172,
            46.12468334543267,
            2.855331546269846,
            22.427732204936405,
            68.0187089958503,
            0.0
        ],
        [
            16.549979396722758,
            0.0,
            61.0763119006991,
            76.20748389560114,
            39.597807083375955,
            71.94382152824308,
            27.468380163308005,
            69.43443627490535,
            73.33341384241015,
            46.35459417772223,
            81.94782248422759,
            25.4376627113761,
            13.968863110051743,
            42.53043873844269,
            88.30351396480233,
            54.9570673426622,
            18.611443021797434,
            23.51920770072989,
            84.49229837738834,
            16.549979396722758
        ],
        [
            57.26216799274919,
            61.0763119006991,
            0.0,
            75.41259733758613,
            29.29392830581758,
            28.53487780555318,
            33.76600661667938,
            90.28523517705052,
            34.91314065085923,
            21.026783564463013,
            64.73808442190209,
            61.6838886870743,
            55.37139078775446,
            20.038711830037123,
            40.84163167074513,
            19.956255975665496,
            55.02509310959184,
            37.63146250273221,
            79.6922020751245,
            57.26216799274919
        ],
        [
            59.694968933817734,
            76.20748389560114,
            75.41259733758613,
            0.0,
            53.89066551527442,
            53.969443274064595,
            71.68799096645459,
            28.249943955203236,
            47.887568366064265,
            57.90740172554812,
            20.407045155369232,
            51.863204831551194,
            62.32637479723186,
            63.93936976730466,
            59.55643841437655,
            55.521468891419005,
            57.63071212815848,
            68.39032994610353,
            8.55649356390155,
            59.694968933817734
        ],
        [
            30.413105348702164,
            39.597807083375955,
            29.29392830581758,
            53.89066551527442,
            0.0,
            32.34828248890988,
            20.015449821080463,
            63.0258381083851,
            34.04918003379982,
            8.613715860151459,
            50.507828985865814,
            32.99886559711112,
            29.538517459782113,
            10.990761441679702,
            48.709062601111555,
            15.789919138784727,
            27.77388075620806,
            19.198440253380046,
            60.261436061706235,
            30.413105348702164
        ],
        [
            61.612749752293674,
            71.94382152824308,
            28.53487780555318,
            53.969443274064595,
            32.34828248890988,
            0.0,
            49.24868093057737,
            75.3023629279845,
            6.876988821323073,
            26.474108581427235,
            38.940063911144556,
            61.634290500115235,
            61.331541738104185,
            32.525439724500245,
            16.414698153885606,
            17.569098552098165,
            58.803416750794696,
            50.36628063178195,
            56.12909648376728,
            61.612749752293674
        ],
        [
            27.763932836981994,
            27.468380163308005,
            33.76600661667938,
            71.68799096645459,
            20.015449821080463,
            49.24868093057737,
            0.0,
            75.49606948516268,
            52.41583051393333,
            22.857205011622447,
            70.32578652233086,
            35.415874049228,
            24.84184247420903,
            16.96252492013254,
            65.48576213769364,
            31.69706681196652,
            26.511571332373624,
            5.3495633347040785,
            78.74037737635209,
            27.763932836981994
        ],
        [
            53.97457764337716,
            69.43443627490535,
            90.28523517705052,
            28.249943955203236,
            63.0258381083851,
            75.3023629279845,
            75.49606948516268,
            0.0,
            70.4093675165284,
            69.87293960545735,
            48.23003522840938,
            44.377429979325065,
            57.41296021808856,
            74.01641948618084,
            84.39642723653654,
            70.95938103908047,
            53.111476799942565,
            70.83159291901285,
            34.35651967634805,
            53.97457764337716
        ],
        [
            61.73761200401675,
            73.33341384241015,
            34.91314065085923,
            47.887568366064265,
            34.04918003379982,
            6.876988821323073,
            52.41583051393333,
            70.4093675165284,
            0.0,
            29.626497577638403,
            32.160140615847446,
            60.68375037649419,
            61.852495601721714,
            36.264948749434744,
            16.167970937046086,
            21.11859461890285,
            58.88841045649035,
            52.886770491085805,
            49.61116246320377,
            61.73761200401675
        ],
        [
            38.65296916694146,
            46.35459417772223,
            21.026783564463013,
            57.90740172554812,
            8.613715860151459,
            26.474108581427235,
            22.857205011622447,
            69.87293960545735,
            29.626497577638403,
            0.0,
            51.469776694172396,
            41.60699274192148,
            37.48383853657225,
            7.070983751341734,
            42.8204576363034,
            8.913463385842787,
            36.0985796851528,
            23.965495904545122,
            63.463660968907,
            38.65296916694146
        ],
        [
            66.36655014006176,
            81.94782248422759,
            64.73808442190209,
            20.407045155369232,
            50.507828985865814,
            38.940063911144556,
            70.32578652233086,
            48.23003522840938,
            32.160140615847446,
            51.469776694172396,
            0.0,
            60.68967079410025,
            68.16049850474273,
            58.3859917065277,
            40.800186612460074,
            46.213360943877525,
            63.79282428418957,
            68.38896268629871,
            18.59214631780888,
            66.36655014006176
        ],
        [
            9.635416306309784,
            25.4376627113761,
            61.6838886870743,
            51.863204831551194,
            32.99886559711112,
            61.634290500115235,
            35.415874049228,
            44.377429979325065,
            60.68375037649419,
            41.60699274192148,
            60.68967079410025,
            0.0,
            13.146277896015471,
            41.78360359460982,
            76.79447594567053,
            47.86550004706344,
            9.343268957138882,
            30.114254974838214,
            60.338350385590815,
            9.635416306309784
        ],
        [
            3.554775707625339,
            13.968863110051743,
            55.37139078775446,
            62.32637479723186,
            29.538517459782113,
            61.331541738104185,
            24.84184247420903,
            57.41296021808856,
            61.852495601721714,
            37.48383853657225,
            68.16049850474273,
            13.146277896015471,
            0.0,
            35.49216215726014,
            77.41159034560977,
            45.32812473427342,
            4.707427781411362,
            19.559466071159424,
            70.57011537931868,
            3.554775707625339
        ],
        [
            37.2581700652691,
            42.53043873844269,
            20.038711830037123,
            63.93936976730466,
            10.990761441679702,
            32.525439724500245,
            16.96252492013254,
            74.01641948618084,
            36.264948749434744,
            7.070983751341734,
            58.3859917065277,
            41.78360359460982,
            35.49216215726014,
            0.0,
            48.624083784373525,
            15.17223257468263,
            34.99034540654022,
            19.20762625679748,
            69.83361678606136,
            37.2581700652691
        ],
        [
            77.50192535552172,
            88.30351396480233,
            40.84163167074513,
            59.55643841437655,
            48.709062601111555,
            16.414698153885606,
            65.48576213769364,
            84.39642723653654,
            16.167970937046086,
            42.8204576363034,
            40.800186612460074,
            76.79447594567053,
            77.41159034560977,
            48.624083784373525,
            0.0,
            33.90744717614725,
            74.66648496259215,
            66.75493846157364,
            59.36803447428734,
            77.50192535552172
        ],
        [
            46.12468334543267,
            54.9570673426622,
            19.956255975665496,
            55.521468891419005,
            15.789919138784727,
            17.569098552098165,
            31.69706681196652,
            70.95938103908047,
            21.11859461890285,
            8.913463385842787,
            46.213360943877525,
            47.86550004706344,
            45.32812473427342,
            15.17223257468263,
            33.90744717614725,
            0.0,
            43.43454694340151,
            32.861882244462485,
            60.09612955126133,
            46.12468334543267
        ],
        [
            2.855331546269846,
            18.611443021797434,
            55.02509310959184,
            57.63071212815848,
            27.77388075620806,
            58.803416750794696,
            26.511571332373624,
            53.111476799942565,
            58.88841045649035,
            36.0985796851528,
            63.79282428418957,
            9.343268957138882,
            4.707427781411362,
            34.99034540654022,
            74.66648496259215,
            43.43454694340151,
            0.0,
            21.165246144817907,
            65.88918582370997,
            2.855331546269846
        ],
        [
            22.427732204936405,
            23.51920770072989,
            37.63146250273221,
            68.39032994610353,
            19.198440253380046,
            50.36628063178195,
            5.3495633347040785,
            70.83159291901285,
            52.886770491085805,
            23.965495904545122,
            68.38896268629871,
            30.114254974838214,
            19.559466071159424,
            19.20762625679748,
            66.75493846157364,
            32.861882244462485,
            21.165246144817907,
            0.0,
            75.71474707859792,
            22.427732204936405
        ],
        [
            68.0187089958503,
            84.49229837738834,
            79.6922020751245,
            8.55649356390155,
            60.261436061706235,
            56.12909648376728,
            78.74037737635209,
            34.35651967634805,
            49.61116246320377,
            63.463660968907,
            18.59214631780888,
            60.338350385590815,
            70.57011537931868,
            69.83361678606136,
            59.36803447428734,
            60.09612955126133,
            65.88918582370997,
            75.71474707859792,
            0.0,
            68.0187089958503
        ],
        [
            0.0,
            16.549979396722758,
            57.26216799274919,
            59.694968933817734,
            30.413105348702164,
            61.612749752293674,
            27.763932836981994,
            53.97457764337716,
            61.73761200401675,
            38.65296916694146,
            66.36655014006176,
            9.635416306309784,
            3.554775707625339,
            37.2581700652691,
            77.50192535552172,
            46.12468334543267,
            2.855331546269846,
            22.427732204936405,
            68.0187089958503,
            0.0
        ]
    ],
    "scores_ave": [
        0,
        12.444466401748382,
        12.484572111287688,
        12.983337594888265,
        10.606387459951012,
        12.170146131614722,
        10.491670476241772,
        16.09423356386635,
        18.084170703962805,
        16.276849355590024,
        14.479178289185402,
        14.973688283165748,
        18.555080390632632,
        16.564354575853343,
        17.859078334436973,
        16.57263122507534,
        13.869285892341882,
        16.427181785748942,
        17.0843039439518,
        0
    ],
    "scores_var": [
        0,
        398.3243594906453,
        18.006825288197067,
        20.660506813625155,
        311.8779215375632,
        291.83940311549185,
        24.80434341925728,
        19.06825433431043,
        354.0777340934725,
        332.0215682587703,
        24.116140025350003,
        22.330578399143462,
        302.1423469153982,
        277.9375783314098,
        302.55563435634554,
        17.243693452197544,
        397.0752345880818,
        350.6701043676631,
        264.6403296511594,
        0
    ],
    "vertex_number": 20,
    "minimum_distances": {
        "cost": 316.1837699326129,
        "path": [
            0,
            12,
            1,
            17,
            6,
            13,
            4,
            9,
            15,
            2,
            5,
            8,
            14,
            10,
            18,
            3,
            7,
            11,
            16,
            19
        ]
    }
}