{
    "vertices": [
        [
            31.877551104236336,
            44.70866910234896
        ],
        [
            80.08694079500266,
            1.506615951582846
        ],
        [
            32.40271301151687,
            96.91648124484654
        ],
        [
            50.669196835360154,
            65.53228951016962
        ],
        [
            65.79483120159011,
            57.70070997847324
        ],
        [
            14.586996744111246,
            9.010640886999266
        ],
        [
            53.55851708312234,
            68.57778695352144
        ],
        [
            10.397480168134454,
            34.54182461699894
        ],
        [
            24.653296761609454,
            44.84397645636623
        ],
        [
            37.191973270436954,
            0.7456165912889223
        ],
        [
            8.324154456693833,
            7.57202146210143
        ],
        [
            21.490086244923212,
            49.52355081111496
        ],
        [
            0.8845144160366414,
            46.45161799748059
        ],
        [
            34.61107209808987,
            4.880531818840894
        ],
        [
            21.770942029349673,
            27.319256723057094
        ],
        [
            83.28087943773252,
            25.419229123327902
        ],
        [
            91.6159387827299,
            52.872200201851925
        ],
        [
            76.44080598982555,
            70.49864938583957
        ],
        [
            50.03927716629645,
            7.61740793947493
        ],
        [
            31.877551104236336,
            44.70866910234896
        ]
    ],
    "distances": [
        [
            0.0,
            64.73455530702121,
            52.21045339522705,
            28.04904840049068,
            36.32044899680117,
            39.66500332212697,
            32.245915598270315,
            23.764641259847814,
            7.225521357453351,
            44.28310139376901,
            43.97605134152416,
            11.449127131483621,
            31.042006926214242,
            39.921831827933495,
            20.11306067931111,
            54.903412083999555,
            60.2936000122612,
            51.48792838152284,
            41.2990308385783,
            0.0
        ],
        [
            64.73455530702121,
            0.0,
            106.66221437128559,
            70.46056013335262,
            57.98310616147702,
            65.9283934348567,
            72.12696613755735,
            77.12292742130188,
            70.36345433776336,
            42.901717436017805,
            72.01865485445276,
            75.75762269546027,
            91.06633600415296,
            45.60085461938393,
            63.77341245090164,
            24.1249728031979,
            52.64352799701507,
            69.08831287859851,
            30.66274397804541,
            64.73455530702121
        ],
        [
            52.21045339522705,
            106.66221437128559,
            0.0,
            36.31297181622142,
            51.506410020854005,
            89.6930126327577,
            35.364525163691084,
            66.14248303422974,
            52.64597997151002,
            96.29004217488207,
            92.53220777625809,
            48.633067742468164,
            59.498733308193025,
            92.0624398796899,
            70.40460365170465,
            87.75217877535407,
            73.797728954399,
            51.35421573052132,
            91.0240236881659,
            52.21045339522705
        ],
        [
            28.04904840049068,
            70.46056013335262,
            36.31297181622142,
            0.0,
            17.032863908989658,
            67.05685592470063,
            4.198002640731782,
            50.81554956526741,
            33.239033584921714,
            66.17362422383219,
            71.78088384977549,
            33.282130484444046,
            53.31591346838242,
            62.7415259706471,
            47.90975898104732,
            51.69699658351814,
            42.85922931410537,
            26.245772399096754,
            57.91830717603083,
            28.04904840049068
        ],
        [
            36.32044899680117,
            57.98310616147702,
            51.506410020854005,
            17.032863908989658,
            0.0,
            70.66091662267813,
            16.37187181500446,
            60.04332163288287,
            43.1036129916575,
            63.73386968145444,
            76.26115720265324,
            45.0530393838597,
            65.87785132802783,
            61.33838971346115,
            53.48958328273596,
            36.71315689392311,
            26.26869055319892,
            16.647042748379203,
            52.50309158600654,
            36.32044899680117
        ],
        [
            39.66500332212697,
            65.9283934348567,
            89.6930126327577,
            67.05685592470063,
            70.66091662267813,
            0.0,
            71.18303370919466,
            25.87263789789097,
            37.2204021212714,
            24.068560205471755,
            6.4259489078856795,
            41.09681879629775,
            39.86959730093576,
            20.445571517976653,
            19.667599845778003,
            70.62642060471693,
            88.64138027535,
            87.21621929067247,
            35.47964606896923,
            39.66500332212697
        ],
        [
            32.245915598270315,
            72.12696613755735,
            35.364525163691084,
            4.198002640731782,
            16.37187181500446,
            71.18303370919466,
            0.0,
            54.966552008927444,
            37.40060858529011,
            69.77870085078602,
            75.94636913910608,
            37.30212019972792,
            57.13245933480736,
            66.45559406967497,
            52.08374261300133,
            52.403052753832085,
            41.17077606307631,
            22.962771132720977,
            61.0618772977738,
            32.245915598270315
        ],
        [
            23.764641259847814,
            77.12292742130188,
            66.14248303422974,
            50.81554956526741,
            60.04332163288287,
            25.87263789789097,
            54.966552008927444,
            0.0,
            17.588707720244145,
            43.12920747621503,
            27.049380061650954,
            18.641299024753426,
            15.242693192685815,
            38.28955895029955,
            13.472977461983549,
            73.45210437851864,
            83.2612796491414,
            75.19716838450209,
            47.92072915418147,
            23.764641259847814
        ],
        [
            7.225521357453351,
            70.36345433776336,
            52.64597997151002,
            33.239033584921714,
            43.1036129916575,
            37.2204021212714,
            37.40060858529011,
            17.588707720244145,
            0.0,
            45.84630575502113,
            40.6920080299398,
            5.6483906481843515,
            23.823088076820152,
            41.185363868106954,
            17.760173719128282,
            61.76175401814642,
            67.44218118474747,
            57.79367054601066,
            45.05846651462913,
            7.225521357453351
        ],
        [
            44.28310139376901,
            42.901717436017805,
            96.29004217488207,
            66.17362422383219,
            63.73386968145444,
            24.068560205471755,
            69.77870085078602,
            43.12920747621503,
            45.84630575502113,
            0.0,
            29.663964106696092,
            51.24291290428046,
            58.371826534782734,
            4.874276848976033,
            30.724038705731868,
            52.27785790446053,
            75.36012699692236,
            80.03721917878086,
            14.569651118869343,
            44.28310139376901
        ],
        [
            43.97605134152416,
            72.01865485445276,
            92.53220777625809,
            71.78088384977549,
            76.26115720265324,
            6.4259489078856795,
            75.94636913910608,
            27.049380061650954,
            40.6920080299398,
            29.663964106696092,
            0.0,
            43.96899560569302,
            39.5849879460436,
            26.424347779752615,
            23.890780574850673,
            77.05214754428334,
            94.81364632830154,
            92.73423703216993,
            41.71514740006959,
            43.97605134152416
        ],
        [
            11.449127131483621,
            75.75762269546027,
            48.633067742468164,
            33.282130484444046,
            45.0530393838597,
            41.09681879629775,
            37.30212019972792,
            18.641299024753426,
            5.6483906481843515,
            51.24291290428046,
            43.96899560569302,
            0.0,
            20.833299345204242,
            46.5312735104418,
            22.206070249384677,
            66.32586559876057,
            70.20575935702348,
            58.81782349511255,
            50.70681524847845,
            11.449127131483621
        ],
        [
            31.042006926214242,
            91.06633600415296,
            59.498733308193025,
            53.31591346838242,
            65.87785132802783,
            39.86959730093576,
            57.13245933480736,
            15.242693192685815,
            23.823088076820152,
            58.371826534782734,
            39.5849879460436,
            20.833299345204242,
            0.0,
            53.53163456455213,
            28.324726060126775,
            85.03835811292531,
            90.95831596644734,
            79.29068618051005,
            62.644126395565905,
            31.042006926214242
        ],
        [
            39.921831827933495,
            45.60085461938393,
            92.0624398796899,
            62.7415259706471,
            61.33838971346115,
            20.445571517976653,
            66.45559406967497,
            38.28955895029955,
            41.185363868106954,
            4.874276848976033,
            26.424347779752615,
            46.5312735104418,
            53.53163456455213,
            0.0,
            25.852762241378745,
            52.82601852726813,
            74.51681058605826,
            77.81686186482902,
            15.669077909255924,
            39.921831827933495
        ],
        [
            20.11306067931111,
            63.77341245090164,
            70.40460365170465,
            47.90975898104732,
            53.48958328273596,
            19.667599845778003,
            52.08374261300133,
            13.472977461983549,
            17.760173719128282,
            30.724038705731868,
            23.890780574850673,
            22.206070249384677,
            28.324726060126775,
            25.852762241378745,
            0.0,
            61.53927611585067,
            74.37255200616809,
            69.66529965616807,
            34.456662881159545,
            20.11306067931111
        ],
        [
            54.903412083999555,
            24.1249728031979,
            87.75217877535407,
            51.69699658351814,
            36.71315689392311,
            70.62642060471693,
            52.403052753832085,
            73.45210437851864,
            61.76175401814642,
            52.27785790446053,
            77.05214754428334,
            66.32586559876057,
            85.03835811292531,
            52.82601852726813,
            61.53927611585067,
            0.0,
            28.690396221085976,
            45.5954025750065,
            37.70820811221637,
            54.903412083999555
        ],
        [
            60.2936000122612,
            52.64352799701507,
            73.797728954399,
            42.85922931410537,
            26.26869055319892,
            88.64138027535,
            41.17077606307631,
            83.2612796491414,
            67.44218118474747,
            75.36012699692236,
            94.81364632830154,
            70.20575935702348,
            90.95831596644734,
            74.51681058605826,
            74.37255200616809,
            28.690396221085976,
            0.0,
            23.258898643701507,
            61.454170028390315,
            60.2936000122612
        ],
        [
            51.48792838152284,
            69.08831287859851,
            51.35421573052132,
            26.245772399096754,
            16.647042748379203,
            87.21621929067247,
            22.962771132720977,
            75.19716838450209,
            57.79367054601066,
            80.03721917878086,
            92.73423703216993,
            58.81782349511255,
            79.29068618051005,
            77.81686186482902,
            69.66529965616807,
            45.5954025750065,
            23.258898643701507,
            0.0,
            68.19890944916673,
            51.48792838152284
        ],
        [
            41.2990308385783,
            30.66274397804541,
            91.0240236881659,
            57.91830717603083,
            52.50309158600654,
            35.47964606896923,
            61.0618772977738,
            47.92072915418147,
            45.05846651462913,
            14.569651118869343,
            41.71514740006959,
            50.70681524847845,
            62.644126395565905,
            15.669077909255924,
            34.456662881159545,
            37.70820811221637,
            61.454170028390315,
            68.19890944916673,
            0.0,
            41.2990308385783
        ],
        [
            0.0,
            64.73455530702121,
            52.21045339522705,
            28.04904840049068,
            36.32044899680117,
            39.66500332212697,
            32.245915598270315,
            23.764641259847814,
            7.225521357453351,
            44.28310139376901,
            43.97605134152416,
            11.449127131483621,
            31.042006926214242,
            39.921831827933495,
            20.11306067931111,
            54.903412083999555,
            60.2936000122612,
            51.48792838152284,
            41.2990308385783,
            0.0
        ]
    ],
    "scores_ave": [
        0,
        16.263869788599372,
        11.90909265654646,
        15.99978384418715,
        19.387447828196137,
        16.06517899688472,
        15.533253564524594,
        15.888618932884892,
        11.015138874885478,
        19.446695686395095,
        17.760101304002454,
        10.112220105005388,
        11.749110733794064,
        13.432399599427713,
        15.360670039952957,
        13.723939515541733,
        15.38985421397609,
        19.43261521677653,
        14.413914638062046,
        0
    ],
    "scores_var": [
        0,
        271.98372005428354,
        24.374991976469524,
        23.792420161545078,
        313.5951792627333,
        313.9326364751562,
        294.49003972385145,
        23.137814588937076,
        254.9556973233385,
        362.4472245760551,
        19.936301786488727,
        243.39584533536112,
        21.710819924793913,
        369.27021669413784,
        356.0878905340791,
        23.28769953910503,
        394.10751011493085,
        17.807027673938723,
        316.60456435505716,
        0
    ],
    "vertex_number": 20,
    "minimum_distances": {
        "cost": 364.81901047711926,
        "path": [
            0,
            8,
            11,
            12,
            7,
            14,
            10,
            5,
            13,
            9,
            18,
            1,
            15,
            16,
            17,
            4,
            3,
            6,
            2,
            19
        ]
    }
}