{
    "vertices": [
        [
            31.257123675556297,
            17.659018410230377
        ],
        [
            83.70225756700017,
            43.37282070235777
        ],
        [
            30.521394701848802,
            58.342866581053265
        ],
        [
            14.784655932417968,
            5.120923667248878
        ],
        [
            80.49188091628207,
            78.03805737839782
        ],
        [
            55.93121075008357,
            56.45382095610556
        ],
        [
            99.4744820121159,
            8.621436564831352
        ],
        [
            82.90071270624249,
            24.131375882074558
        ],
        [
            45.126654501463115,
            29.729316098919668
        ],
        [
            68.28137286627047,
            1.085578541429788
        ],
        [
            69.001298695828,
            30.145425374153945
        ],
        [
            35.48991379478883,
            69.76248339681517
        ],
        [
            42.55311165667239,
            29.927460062361366
        ],
        [
            83.79268832985477,
            91.35632053001233
        ],
        [
            31.257123675556297,
            17.659018410230377
        ]
    ],
    "distances": [
        [
            0.0,
            58.40968838480557,
            40.69050010886228,
            20.701352934837693,
            77.9082130925404,
            45.976594888429894,
            68.8134134019732,
            52.047590714784754,
            18.386298475341835,
            40.56444178367118,
            39.75591914205507,
            52.2751143069218,
            16.676750434100217,
            90.50567879023058,
            0.0
        ],
        [
            58.40968838480557,
            0.0,
            55.24768274500102,
            78.8215924848486,
            34.81357712222845,
            30.697615688289595,
            38.163094258996196,
            19.25813264404965,
            40.917262490713,
            45.01127119433714,
            19.775797806927645,
            54.96220873597715,
            43.29006735833302,
            47.98358504148471,
            58.40968838480557
        ],
        [
            40.69050010886228,
            55.24768274500102,
            0.0,
            55.49973112202941,
            53.71173086999404,
            25.479938088195258,
            85.0102867450485,
            62.56212153093681,
            32.12551766132085,
            68.58726546983785,
            47.70533200809318,
            12.453667339211439,
            30.857698237287686,
            62.671515590747205,
            40.69050010886228
        ],
        [
            20.701352934837693,
            78.8215924848486,
            55.49973112202941,
            0.0,
            98.1547136093306,
            65.78833724476908,
            84.76213914216433,
            70.71912389040928,
            39.06673591733829,
            53.648697402501895,
            59.71323168456147,
            67.87664508075189,
            37.23508266718255,
            110.44750883312851,
            20.701352934837693
        ],
        [
            77.9082130925404,
            34.81357712222845,
            53.71173086999404,
            98.1547136093306,
            0.0,
            32.697183073564624,
            71.96531379448032,
            53.96047424308246,
            59.87014049907487,
            77.91521357214785,
            49.2517784456454,
            45.756553295988176,
            61.269729777759906,
            13.721204865358914,
            77.9082130925404
        ],
        [
            45.976594888429894,
            30.697615688289595,
            25.479938088195258,
            65.78833724476908,
            32.697183073564624,
            0.0,
            64.68348683206203,
            42.0962526993438,
            28.825988198002086,
            56.72890596853071,
            29.376161713299865,
            24.391947793796557,
            29.70894406770948,
            44.65922535641046,
            45.976594888429894
        ],
        [
            68.8134134019732,
            38.163094258996196,
            85.0102867450485,
            84.76213914216433,
            71.96531379448032,
            64.68348683206203,
            0.0,
            22.69907589812586,
            58.30290673331178,
            32.090484794304544,
            37.308135784194995,
            88.50001456309835,
            60.77819543568946,
            84.20795495572234,
            68.8134134019732
        ],
        [
            52.047590714784754,
            19.25813264404965,
            62.56212153093681,
            70.71912389040928,
            53.96047424308246,
            42.0962526993438,
            22.69907589812586,
            0.0,
            38.18659984771401,
            27.291644736487804,
            15.144718588540591,
            65.80259741411514,
            40.761789733526676,
            67.23086198637807,
            52.047590714784754
        ],
        [
            18.386298475341835,
            40.917262490713,
            32.12551766132085,
            39.06673591733829,
            59.87014049907487,
            28.825988198002086,
            58.30290673331178,
            38.18659984771401,
            0.0,
            36.83211484310809,
            23.878270086764175,
            41.17670767981533,
            2.581159391479323,
            72.75266213114296,
            18.386298475341835
        ],
        [
            40.56444178367118,
            45.01127119433714,
            68.58726546983785,
            53.648697402501895,
            77.91521357214785,
            56.72890596853071,
            32.090484794304544,
            27.291644736487804,
            36.83211484310809,
            0.0,
            29.068763151215297,
            76.10385698867248,
            38.64967728890843,
            91.59371030032612,
            40.56444178367118
        ],
        [
            39.75591914205507,
            19.775797806927645,
            47.70533200809318,
            59.71323168456147,
            49.2517784456454,
            29.376161713299865,
            37.308135784194995,
            15.144718588540591,
            23.878270086764175,
            29.068763151215297,
            0.0,
            51.889538486640085,
            26.449085173882732,
            62.97268370561224,
            39.75591914205507
        ],
        [
            52.2751143069218,
            54.96220873597715,
            12.453667339211439,
            67.87664508075189,
            45.756553295988176,
            24.391947793796557,
            88.50001456309835,
            65.80259741411514,
            41.17670767981533,
            76.10385698867248,
            51.889538486640085,
            0.0,
            40.45636968503966,
            52.909846247371185,
            52.2751143069218
        ],
        [
            16.676750434100217,
            43.29006735833302,
            30.857698237287686,
            37.23508266718255,
            61.269729777759906,
            29.70894406770948,
            60.77819543568946,
            40.761789733526676,
            2.581159391479323,
            38.64967728890843,
            26.449085173882732,
            40.45636968503966,
            0.0,
            73.98788807999198,
            16.676750434100217
        ],
        [
            90.50567879023058,
            47.98358504148471,
            62.671515590747205,
            110.44750883312851,
            13.721204865358914,
            44.65922535641046,
            84.20795495572234,
            67.23086198637807,
            72.75266213114296,
            91.59371030032612,
            62.97268370561224,
            52.909846247371185,
            73.98788807999198,
            0.0,
            90.50567879023058
        ],
        [
            0.0,
            58.40968838480557,
            40.69050010886228,
            20.701352934837693,
            77.9082130925404,
            45.976594888429894,
            68.8134134019732,
            52.047590714784754,
            18.386298475341835,
            40.56444178367118,
            39.75591914205507,
            52.2751143069218,
            16.676750434100217,
            90.50567879023058,
            0.0
        ]
    ],
    "scores_ave": [
        0,
        10.78401560533743,
        19.062581870371453,
        19.819317363745007,
        18.20578490147079,
        17.29364169129939,
        16.539241127957204,
        17.629761998316148,
        16.246476866952698,
        19.122622685598973,
        15.460908928199757,
        18.874631516366662,
        13.538575789170123,
        17.159170472246835,
        0
    ],
    "scores_var": [
        0,
        19.612830045177464,
        20.771827754349538,
        302.1235229936078,
        367.8923814924273,
        381.92448722198657,
        395.64335994063435,
        337.51870320914946,
        16.66656312633031,
        399.7486701621159,
        333.3508203789431,
        22.47956739364318,
        23.900797338511715,
        344.896104318627,
        0
    ],
    "vertex_number": 15,
    "minimum_distances": {
        "cost": 352.49334293391195,
        "path": [
            0,
            12,
            8,
            10,
            9,
            6,
            7,
            1,
            4,
            13,
            5,
            11,
            2,
            3,
            14
        ]
    }
}