{
    "vertices": [
        [
            25.221281930981,
            13.447661142328027
        ],
        [
            18.666502173819133,
            63.01283435411603
        ],
        [
            85.44696520960426,
            87.78507112160892
        ],
        [
            48.73186071937572,
            38.78308775016311
        ],
        [
            32.858343701995096,
            24.292724949610324
        ],
        [
            32.75616265700635,
            8.196513998586664
        ],
        [
            44.35790081562764,
            92.69327099450018
        ],
        [
            40.30808255243479,
            15.153340303813067
        ],
        [
            97.93803711427536,
            57.431662080503486
        ],
        [
            11.838235787679618,
            3.1466338081037604
        ],
        [
            16.120434669090688,
            68.93309759433266
        ],
        [
            79.82148413834923,
            47.415318771496885
        ],
        [
            68.91656920215608,
            58.37518252431022
        ],
        [
            94.70305031973567,
            25.66174048609827
        ],
        [
            9.209428618210458,
            90.89306833919525
        ],
        [
            63.549781029453555,
            79.33556522648972
        ],
        [
            92.12760718264205,
            50.20964515463919
        ],
        [
            23.003823357702537,
            8.447586462680645
        ],
        [
            56.685091553634194,
            40.75462994937903
        ],
        [
            98.03456384976431,
            17.570738495583637
        ],
        [
            25.221281930981,
            13.447661142328027
        ]
    ],
    "distances": [
        [
            0.0,
            49.99671522389693,
            95.67227105491294,
            34.56343669785043,
            13.264242212742852,
            9.184169743675874,
            81.52347430758148,
            15.18291455529612,
            84.98422690662419,
            16.888371390224975,
            56.22685371914119,
            64.30384005561356,
            62.6718462089556,
            70.54714645288257,
            79.08331393156368,
            76.22525662630007,
            76.34068264826088,
            5.469722966134302,
            41.66103528958228,
            72.92992383545416,
            0.0
        ],
        [
            49.99671522389693,
            0.0,
            71.22705916811805,
            38.613552089449634,
            41.23900142168517,
            56.59812284741881,
            39.25527077140314,
            52.52512895781472,
            79.46776538800947,
            60.25435411366919,
            6.444530748789588,
            63.11271117161779,
            50.46362106356278,
            84.71517495162101,
            29.440510989093912,
            47.75919036127582,
            74.56846252132941,
            54.73736048172178,
            44.054974767374915,
            91.45640103466069,
            49.99671522389693
        ],
        [
            95.67227105491294,
            71.22705916811805,
            0.0,
            61.23065630926923,
            82.44295685196813,
            95.44977264803428,
            41.38117493214284,
            85.51541994942474,
            32.82310646091142,
            112.16911392171312,
            71.84403066823218,
            40.75982019210125,
            33.737153695422776,
            62.80910221309466,
            76.300862591642,
            23.47085053616712,
            38.16469066782983,
            100.96327271014148,
            55.12810329638197,
            71.33372376123286,
            95.67227105491294
        ],
        [
            34.56343669785043,
            38.613552089449634,
            61.23065630926923,
            0.0,
            21.492769867858264,
            34.507411123418365,
            54.08733107371445,
            25.086350930020036,
            52.62145113886739,
            51.294214197755146,
            44.41315348674005,
            32.26577283654095,
            28.129568680909205,
            47.807112727045386,
            65.40239075278919,
            43.174925498300446,
            44.87490418064288,
            39.77655772998088,
            8.193952608252559,
            53.672342010214976,
            34.56343669785043
        ],
        [
            13.264242212742852,
            41.23900142168517,
            82.44295685196813,
            21.492769867858264,
            0.0,
            16.096535277686595,
            69.36046794139148,
            11.790969453085069,
            73.03119640812196,
            29.816138369922598,
            47.67515567518849,
            52.34683280482849,
            49.61662564656809,
            61.85985725956333,
            70.67444321854036,
            63.02125507296223,
            64.68796137189813,
            18.65958158389561,
            28.960459758211684,
            65.52194116964634,
            13.264242212742852
        ],
        [
            9.184169743675874,
            56.59812284741881,
            95.44977264803428,
            34.507411123418365,
            16.096535277686595,
            0.0,
            85.28952028899957,
            10.267858897942547,
            81.68706485369306,
            21.518851141469725,
            62.973645539788805,
            61.263848507564404,
            61.85041452185221,
            64.36187557365682,
            85.98353786454136,
            77.51781435305135,
            72.73287849794141,
            9.755570674797646,
            40.40574900190704,
            65.94805339964753,
            9.184169743675874
        ],
        [
            81.52347430758148,
            39.25527077140314,
            41.38117493214284,
            54.08733107371445,
            69.36046794139148,
            85.28952028899957,
            0.0,
            77.64561725868016,
            64.14212398249155,
            95.26871913131853,
            36.90393386053645,
            57.513117630643066,
            42.20022972884457,
            83.83233362426341,
            35.194542579962246,
            23.38282638020012,
            63.928110490550885,
            86.90990729665934,
            53.38147679771644,
            92.32864692786863,
            81.52347430758148
        ],
        [
            15.18291455529612,
            52.52512895781472,
            85.51541994942474,
            25.086350930020036,
            11.790969453085069,
            10.267858897942547,
            77.64561725868016,
            0.0,
            71.47494774431937,
            30.89810958105283,
            58.96867477191459,
            51.01121601705884,
            51.83216330928926,
            55.400712926791414,
            81.87571483287523,
            68.26078335414641,
            62.56362875261242,
            18.558138938383287,
            30.391322040041782,
            57.77707553163721,
            15.18291455529612
        ],
        [
            84.98422690662419,
            79.46776538800947,
            32.82310646091142,
            52.62145113886739,
            73.03119640812196,
            81.68706485369306,
            64.14212398249155,
            71.47494774431937,
            0.0,
            101.78428210197532,
            82.62204965236012,
            20.701126177418924,
            29.036801314918453,
            31.93419887323778,
            94.82843283771581,
            40.77171972806678,
            9.269229982468373,
            89.52416464535335,
            44.496392192309045,
            39.86104045874221,
            84.98422690662419
        ],
        [
            16.888371390224975,
            60.25435411366919,
            112.16911392171312,
            51.294214197755146,
            29.816138369922598,
            21.518851141469725,
            95.26871913131853,
            30.89810958105283,
            101.78428210197532,
            0.0,
            65.92568577388305,
            81.12606563057875,
            79.42372906551626,
            85.8691301700065,
            87.78580409185405,
            92.08060155085626,
            93.0661603162091,
            12.360034175920227,
            58.528641243877416,
            87.39486121862032,
            16.888371390224975
        ],
        [
            56.22685371914119,
            6.444530748789588,
            71.84403066823218,
            44.41315348674005,
            47.67515567518849,
            62.973645539788805,
            36.90393386053645,
            58.96867477191459,
            82.62204965236012,
            65.92568577388305,
            0.0,
            67.23718100094177,
            53.84144678831864,
            89.7086273916023,
            23.021779248149432,
            48.556711472353044,
            78.27935835688884,
            60.875923785152615,
            49.391471196740454,
            96.6851410073799,
            56.22685371914119
        ],
        [
            64.30384005561356,
            63.11271117161779,
            40.75982019210125,
            32.26577283654095,
            52.34683280482849,
            61.263848507564404,
            57.513117630643066,
            51.01121601705884,
            20.701126177418924,
            81.12606563057875,
            67.23718100094177,
            0.0,
            15.460782103303831,
            26.35676725681567,
            82.92392352180798,
            35.82834709851304,
            12.619386843931835,
            68.89652195776067,
            24.07607603865594,
            34.96305542168461,
            64.30384005561356
        ],
        [
            62.6718462089556,
            50.46362106356278,
            33.737153695422776,
            28.129568680909205,
            49.61662564656809,
            61.85041452185221,
            42.20022972884457,
            51.83216330928926,
            29.036801314918453,
            79.42372906551626,
            53.84144678831864,
            15.460782103303831,
            0.0,
            41.65467438853341,
            67.98790726725561,
            21.63654450952105,
            24.605452336160297,
            67.82879240758038,
            21.449776654133366,
            50.12843768552558,
            62.6718462089556
        ],
        [
            70.54714645288257,
            84.71517495162101,
            62.80910221309466,
            47.807112727045386,
            61.85985725956333,
            64.36187557365682,
            83.83233362426341,
            55.400712926791414,
            31.93419887323778,
            85.8691301700065,
            89.7086273916023,
            26.35676725681567,
            41.65467438853341,
            0.0,
            107.5373678547217,
            62.05969424461494,
            24.682636224037655,
            73.7367360661908,
            40.90428462999693,
            8.750045463383358,
            70.54714645288257
        ],
        [
            79.08331393156368,
            29.440510989093912,
            76.300862591642,
            65.40239075278919,
            70.67444321854036,
            85.98353786454136,
            35.194542579962246,
            81.87571483287523,
            94.82843283771581,
            87.78580409185405,
            23.021779248149432,
            82.92392352180798,
            67.98790726725561,
            107.5373678547217,
            0.0,
            55.5558257825252,
            92.36105921034383,
            83.59152354204117,
            69.04926918749658,
            115.17842116733155,
            79.08331393156368
        ],
        [
            76.22525662630007,
            47.75919036127582,
            23.47085053616712,
            43.174925498300446,
            63.02125507296223,
            77.51781435305135,
            23.38282638020012,
            68.26078335414641,
            40.77171972806678,
            92.08060155085626,
            48.556711472353044,
            35.82834709851304,
            21.63654450952105,
            62.05969424461494,
            55.5558257825252,
            0.0,
            40.80455082063384,
            81.66443667066878,
            39.18689230413697,
            70.73962162227652,
            76.22525662630007
        ],
        [
            76.34068264826088,
            74.56846252132941,
            38.16469066782983,
            44.87490418064288,
            64.68796137189813,
            72.73287849794141,
            63.928110490550885,
            62.56362875261242,
            9.269229982468373,
            93.0661603162091,
            78.27935835688884,
            12.619386843931835,
            24.605452336160297,
            24.682636224037655,
            92.36105921034383,
            40.80455082063384,
            0.0,
            80.75993459920309,
            36.68200139910808,
            33.16911763924089,
            76.34068264826088
        ],
        [
            5.469722966134302,
            54.73736048172178,
            100.96327271014148,
            39.77655772998088,
            18.65958158389561,
            9.755570674797646,
            86.90990729665934,
            18.558138938383287,
            89.52416464535335,
            12.360034175920227,
            60.875923785152615,
            68.89652195776067,
            67.82879240758038,
            73.7367360661908,
            83.59152354204117,
            81.66443667066878,
            80.75993459920309,
            0.0,
            46.67089977853114,
            75.583357439337,
            5.469722966134302
        ],
        [
            41.66103528958228,
            44.054974767374915,
            55.12810329638197,
            8.193952608252559,
            28.960459758211684,
            40.40574900190704,
            53.38147679771644,
            30.391322040041782,
            44.496392192309045,
            58.528641243877416,
            49.391471196740454,
            24.07607603865594,
            21.449776654133366,
            40.90428462999693,
            69.04926918749658,
            39.18689230413697,
            36.68200139910808,
            46.67089977853114,
            0.0,
            47.40539718333556,
            41.66103528958228
        ],
        [
            72.92992383545416,
            91.45640103466069,
            71.33372376123286,
            53.672342010214976,
            65.52194116964634,
            65.94805339964753,
            92.32864692786863,
            57.77707553163721,
            39.86104045874221,
            87.39486121862032,
            96.6851410073799,
            34.96305542168461,
            50.12843768552558,
            8.750045463383358,
            115.17842116733155,
            70.73962162227652,
            33.16911763924089,
            75.583357439337,
            47.40539718333556,
            0.0,
            72.92992383545416
        ],
        [
            0.0,
            49.99671522389693,
            95.67227105491294,
            34.56343669785043,
            13.264242212742852,
            9.184169743675874,
            81.52347430758148,
            15.18291455529612,
            84.98422690662419,
            16.888371390224975,
            56.22685371914119,
            64.30384005561356,
            62.6718462089556,
            70.54714645288257,
            79.08331393156368,
            76.22525662630007,
            76.34068264826088,
            5.469722966134302,
            41.66103528958228,
            72.92992383545416,
            0.0
        ]
    ],
    "scores_ave": [
        0,
        19.22583305182613,
        17.20398977031628,
        18.320844401638134,
        15.134662659212331,
        12.026340015669273,
        17.140141467601502,
        17.139779268111916,
        19.811206804258532,
        18.968382785622254,
        15.785298390785861,
        15.236695722967038,
        19.718874111339378,
        11.295767122431725,
        12.221695849045165,
        15.756626631006897,
        12.219863405801096,
        12.508732501942635,
        12.973156956994476,
        15.90755560890035,
        0
    ],
    "scores_var": [
        0,
        23.20552666941731,
        392.63112003268895,
        17.182884672275403,
        17.937232866005875,
        247.99173560285652,
        17.146330449928158,
        16.567145737469527,
        17.550105425871614,
        24.608611121281385,
        327.0385230098307,
        16.252055971951584,
        17.031875141055362,
        240.315468272926,
        22.175705180466714,
        17.478518275242084,
        353.7401569758317,
        20.4090591297048,
        21.468296000659294,
        291.27545980553384,
        0
    ],
    "vertex_number": 21,
    "minimum_distances": {
        "cost": 436.7059504008612,
        "path": [
            0,
            4,
            3,
            18,
            12,
            15,
            1,
            10,
            14,
            6,
            2,
            8,
            16,
            11,
            13,
            19,
            7,
            5,
            17,
            9,
            20
        ]
    }
}