{
    "vertices": [
        [
            44.21186757738551,
            93.20068673381184
        ],
        [
            43.93970338434766,
            62.89814793698749
        ],
        [
            96.09087331913229,
            90.33376491601543
        ],
        [
            7.8966165817461516,
            87.1836381236775
        ],
        [
            5.023404382658669,
            30.91297860838643
        ],
        [
            95.45881870563096,
            85.99769617060612
        ],
        [
            91.28593596007757,
            96.8821326394482
        ],
        [
            23.277924455565092,
            65.37578658245087
        ],
        [
            77.258527643556,
            42.96072251154608
        ],
        [
            72.47812812568696,
            7.2517674262363
        ],
        [
            56.455643304406365,
            0.1913254074688675
        ],
        [
            40.403621476509386,
            42.98944938144449
        ],
        [
            57.74469216514356,
            83.27205968067682
        ],
        [
            44.21186757738551,
            93.20068673381184
        ]
    ],
    "distances": [
        [
            0.0,
            30.303761002242222,
            51.95816083601836,
            36.810356271747835,
            73.59004165702481,
            51.75068186018816,
            47.21780340141306,
            34.82032514295092,
            60.13431421895131,
            90.47761168114792,
            93.81178677750364,
            50.35544751881973,
            16.784367026589752,
            0.0
        ],
        [
            30.303761002242222,
            0.0,
            58.92756235062426,
            43.46135225539679,
            50.37389586847677,
            56.46067987621971,
            58.28015919137654,
            20.809800617963088,
            38.82840432738703,
            62.53767944738913,
            63.94368103128771,
            20.220290636744597,
            24.610444835019596,
            30.303761002242222
        ],
        [
            51.95816083601836,
            58.92756235062426,
            0.0,
            88.25049699728486,
            108.7387407684699,
            4.381892878581556,
            8.122102121109773,
            76.97159349206126,
            50.979038734562735,
            86.37233377918093,
            98.47137075755677,
            73.09277824259195,
            38.99098985567472,
            51.95816083601836
        ],
        [
            36.810356271747835,
            43.46135225539679,
            88.25049699728486,
            0.0,
            56.343965698438396,
            87.570232951044,
            83.95141084135389,
            26.68645762841867,
            82.26020284064535,
            102.76125527888719,
            99.62751401077246,
            54.8619329390815,
            50.00131083565559,
            36.810356271747835
        ],
        [
            73.59004165702481,
            50.37389586847677,
            108.7387407684699,
            56.343965698438396,
            0.0,
            105.89093574370365,
            108.5962874030192,
            38.998879939677536,
            73.23292405518949,
            71.4842127315855,
            59.90905754475852,
            37.38450090532883,
            74.30348279978718,
            73.59004165702481
        ],
        [
            51.75068186018816,
            56.46067987621971,
            4.381892878581556,
            87.570232951044,
            105.89093574370365,
            0.0,
            11.656925308690827,
            75.06893265393641,
            46.72720510018627,
            82.03068592511278,
            94.25487231395344,
            69.8626082666179,
            37.812490462638536,
            51.75068186018816
        ],
        [
            47.21780340141306,
            58.28015919137654,
            8.122102121109773,
            83.95141084135389,
            108.5962874030192,
            11.656925308690827,
            0.0,
            74.95158084164183,
            55.71612562140196,
            91.58240007659283,
            102.77286358592667,
            74.1176850417783,
            36.19736345722267,
            47.21780340141306
        ],
        [
            34.82032514295092,
            20.809800617963088,
            76.97159349206126,
            26.68645762841867,
            38.998879939677536,
            75.06893265393641,
            74.95158084164183,
            0.0,
            58.44947063782614,
            76.15157020084007,
            73.14215615283359,
            28.185769312373623,
            38.83599705366565,
            34.82032514295092
        ],
        [
            60.13431421895131,
            38.82840432738703,
            50.979038734562735,
            82.26020284064535,
            73.23292405518949,
            46.72720510018627,
            55.71612562140196,
            58.44947063782614,
            0.0,
            36.02751299819506,
            47.560291478020666,
            36.85491736274638,
            44.786088012259896,
            60.13431421895131
        ],
        [
            90.47761168114792,
            62.53767944738913,
            86.37233377918093,
            102.76125527888719,
            71.4842127315855,
            82.03068592511278,
            91.58240007659283,
            76.15157020084007,
            36.02751299819506,
            0.0,
            17.50913651064906,
            48.02036951461067,
            77.43486921054354,
            90.47761168114792
        ],
        [
            93.81178677750364,
            63.94368103128771,
            98.47137075755677,
            99.62751401077246,
            59.90905754475852,
            94.25487231395344,
            102.77286358592667,
            73.14215615283359,
            47.560291478020666,
            17.50913651064906,
            0.0,
            45.7093734419437,
            83.09073386570104,
            93.81178677750364
        ],
        [
            50.35544751881973,
            20.220290636744597,
            73.09277824259195,
            54.8619329390815,
            37.38450090532883,
            69.8626082666179,
            74.1176850417783,
            28.185769312373623,
            36.85491736274638,
            48.02036951461067,
            45.7093734419437,
            0.0,
            43.856600702152306,
            50.35544751881973
        ],
        [
            16.784367026589752,
            24.610444835019596,
            38.99098985567472,
            50.00131083565559,
            74.30348279978718,
            37.812490462638536,
            36.19736345722267,
            38.83599705366565,
            44.786088012259896,
            77.43486921054354,
            83.09073386570104,
            43.856600702152306,
            0.0,
            16.784367026589752
        ],
        [
            0.0,
            30.303761002242222,
            51.95816083601836,
            36.810356271747835,
            73.59004165702481,
            51.75068186018816,
            47.21780340141306,
            34.82032514295092,
            60.13431421895131,
            90.47761168114792,
            93.81178677750364,
            50.35544751881973,
            16.784367026589752,
            0.0
        ]
    ],
    "scores_ave": [
        0,
        18.261740197176024,
        18.78018361323003,
        12.861888659367137,
        12.026469331544714,
        17.823450435161696,
        18.491022922269053,
        18.184432908022785,
        11.301541211256222,
        11.868554472261314,
        15.688535402241968,
        15.552497207988239,
        11.349779830233084,
        0
    ],
    "scores_var": [
        0,
        18.472833280536094,
        20.979802439103622,
        298.6538240017424,
        24.699340987938648,
        24.538065535244755,
        384.6161559563801,
        24.13219411370143,
        278.9991051030573,
        249.21706613530574,
        349.3362741767073,
        22.845507843072827,
        19.707465760225894,
        0
    ],
    "vertex_number": 14,
    "minimum_distances": {
        "cost": 367.5700436974956,
        "path": [
            0,
            3,
            7,
            1,
            11,
            4,
            10,
            9,
            8,
            5,
            2,
            6,
            12,
            13
        ]
    }
}