{
    "vertices": [
        [
            42.07449846918645,
            44.616742571195104
        ],
        [
            50.84765951599026,
            77.62731536504506
        ],
        [
            22.419370583128206,
            99.40543461129874
        ],
        [
            30.907813845206277,
            32.7150187089697
        ],
        [
            69.6288771553457,
            81.77094550636876
        ],
        [
            69.75787526946102,
            34.144740338177435
        ],
        [
            37.37352809828811,
            57.14539052508292
        ],
        [
            79.23103727198666,
            56.044529368410345
        ],
        [
            62.22427944484822,
            11.035089363750306
        ],
        [
            5.34032712880067,
            86.41969363227592
        ],
        [
            87.85131335907538,
            54.284713570695786
        ],
        [
            66.76967314497247,
            16.631704089231736
        ],
        [
            14.963688477872573,
            56.48865094793951
        ],
        [
            50.06467796623296,
            12.758809844060703
        ],
        [
            12.156436048586983,
            1.6714031107265215
        ],
        [
            38.24451128027507,
            59.19032183509449
        ],
        [
            42.07449846918645,
            44.616742571195104
        ]
    ],
    "distances": [
        [
            0.0,
            34.15649676022444,
            58.207601116027966,
            16.320106506518297,
            46.25665985053757,
            29.59784083061309,
            13.381559773827615,
            38.87419049815192,
            39.16300684973294,
            55.649672608919616,
            46.78660539845077,
            37.3231031816026,
            29.59625359553027,
            32.844647144422844,
            52.33920748710059,
            15.068444326750635,
            0.0
        ],
        [
            34.15649676022444,
            0.0,
            35.81136816088338,
            49.139717503237655,
            19.23288347505185,
            47.41656451926886,
            24.516554868320437,
            35.65715614313799,
            67.55702809340569,
            46.34892896920304,
            43.750970918008505,
            63.0394726573091,
            41.64735898953826,
            64.87323075532186,
            85.24266173571938,
            22.332981795426473,
            34.15649676022444
        ],
        [
            58.207601116027966,
            35.81136816088338,
            0.0,
            67.22845559909243,
            50.39556247115554,
            80.62190919934707,
            44.827872503132674,
            71.46840963284895,
            96.9213531099352,
            21.455143767616214,
            79.48093232127272,
            93.90654823742004,
            43.55958580682565,
            90.94998957592516,
            98.2714034631394,
            43.216783472249766,
            58.207601116027966
        ],
        [
            16.320106506518297,
            49.139717503237655,
            67.22845559909243,
            0.0,
            62.49643748102447,
            38.876360125472026,
            25.27149635213642,
            53.6600409053468,
            38.088585613898324,
            59.48015203083776,
            60.891821070764365,
            39.303256373915175,
            28.625176393570726,
            27.66289419441415,
            36.26734397061679,
            27.473055979885782,
            16.320106506518297
        ],
        [
            46.25665985053757,
            19.23288347505185,
            50.39556247115554,
            62.49643748102447,
            0.0,
            47.62637986700332,
            40.581097828040065,
            27.459970251422664,
            71.12235521608882,
            64.45640793322033,
            32.97802491388177,
            65.20196178009519,
            60.2285419986481,
            71.73167193495556,
            98.58508091370183,
            38.6634580290487,
            46.25665985053757
        ],
        [
            29.59784083061309,
            47.41656451926886,
            80.62190919934707,
            38.876360125472026,
            47.62637986700332,
            0.0,
            39.721226702148186,
            23.86087923557733,
            24.306604744564062,
            82.95957600153505,
            27.073806967422648,
            17.766141691253168,
            59.174768672877164,
            29.071980378416963,
            66.12445410741624,
            40.253860217793225,
            29.59784083061309
        ],
        [
            13.381559773827615,
            24.516554868320437,
            44.827872503132674,
            25.27149635213642,
            40.581097828040065,
            39.721226702148186,
            0.0,
            41.87198310938388,
            52.38052802022285,
            43.394824423695745,
            50.55878041914691,
            50.05489119185235,
            22.419460713517008,
            46.16528814513704,
            60.936565468454745,
            2.2226911089869783,
            13.381559773827615
        ],
        [
            38.87419049815192,
            35.65715614313799,
            71.46840963284895,
            53.6600409053468,
            27.459970251422664,
            23.86087923557733,
            41.87198310938388,
            0.0,
            48.115273056733514,
            79.89047283325557,
            8.798074304046267,
            41.33589714029558,
            64.26888333401882,
            52.19511500028513,
            86.34488397300744,
            41.10707144899399,
            38.87419049815192
        ],
        [
            39.16300684973294,
            67.55702809340569,
            96.9213531099352,
            38.088585613898324,
            71.12235521608882,
            24.306604744564062,
            52.38052802022285,
            48.115273056733514,
            0.0,
            94.43845928336921,
            50.2720087253628,
            7.209902931011263,
            65.5712568068926,
            12.281169342248477,
            50.935916234005326,
            53.795498841407515,
            39.16300684973294
        ],
        [
            55.649672608919616,
            46.34892896920304,
            21.455143767616214,
            59.48015203083776,
            64.45640793322033,
            82.95957600153505,
            43.394824423695745,
            79.89047283325557,
            94.43845928336921,
            0.0,
            88.54783900384433,
            92.97272737977846,
            31.44004452646941,
            86.1753639869927,
            85.0219506194214,
            42.70976496239798,
            55.649672608919616
        ],
        [
            46.78660539845077,
            43.750970918008505,
            79.48093232127272,
            60.891821070764365,
            32.97802491388177,
            27.073806967422648,
            50.55878041914691,
            8.798074304046267,
            50.2720087253628,
            88.54783900384433,
            0.0,
            43.153037866737755,
            72.92093801361682,
            56.144728110708456,
            92.18391881780141,
            49.84876934217136,
            46.78660539845077
        ],
        [
            37.3231031816026,
            63.0394726573091,
            93.90654823742004,
            39.303256373915175,
            65.20196178009519,
            17.766141691253168,
            50.05489119185235,
            41.33589714029558,
            7.209902931011263,
            92.97272737977846,
            43.153037866737755,
            0.0,
            65.36387580480249,
            17.14806618123423,
            56.62522645882734,
            51.23398094864043,
            37.3231031816026
        ],
        [
            29.59625359553027,
            41.64735898953826,
            43.55958580682565,
            28.625176393570726,
            60.2285419986481,
            59.174768672877164,
            22.419460713517008,
            64.26888333401882,
            65.5712568068926,
            31.44004452646941,
            72.92093801361682,
            65.36387580480249,
            0.0,
            56.074757833025686,
            54.889082035029176,
            23.437059029224738,
            29.59625359553027
        ],
        [
            32.844647144422844,
            64.87323075532186,
            90.94998957592516,
            27.66289419441415,
            71.73167193495556,
            29.071980378416963,
            46.16528814513704,
            52.19511500028513,
            12.281169342248477,
            86.1753639869927,
            56.144728110708456,
            17.14806618123423,
            56.074757833025686,
            0.0,
            39.4963972199637,
            47.912437281538324,
            32.844647144422844
        ],
        [
            52.33920748710059,
            85.24266173571938,
            98.2714034631394,
            36.26734397061679,
            98.58508091370183,
            66.12445410741624,
            60.936565468454745,
            86.34488397300744,
            50.935916234005326,
            85.0219506194214,
            92.18391881780141,
            56.62522645882734,
            54.889082035029176,
            39.4963972199637,
            0.0,
            63.15863900144354,
            52.33920748710059
        ],
        [
            15.068444326750635,
            22.332981795426473,
            43.216783472249766,
            27.473055979885782,
            38.6634580290487,
            40.253860217793225,
            2.2226911089869783,
            41.10707144899399,
            53.795498841407515,
            42.70976496239798,
            49.84876934217136,
            51.23398094864043,
            23.437059029224738,
            47.912437281538324,
            63.15863900144354,
            0.0,
            15.068444326750635
        ],
        [
            0.0,
            34.15649676022444,
            58.207601116027966,
            16.320106506518297,
            46.25665985053757,
            29.59784083061309,
            13.381559773827615,
            38.87419049815192,
            39.16300684973294,
            55.649672608919616,
            46.78660539845077,
            37.3231031816026,
            29.59625359553027,
            32.844647144422844,
            52.33920748710059,
            15.068444326750635,
            0.0
        ]
    ],
    "scores_ave": [
        0,
        18.048901428888087,
        16.00025142628114,
        15.651563739069875,
        18.702964220149383,
        10.587460611520221,
        13.073380581420817,
        16.060275789855872,
        17.57264938137075,
        11.525908133623021,
        11.006940962151795,
        13.645782488880682,
        10.642946311678346,
        19.667716577519656,
        14.309913452195701,
        11.213404341996853,
        0
    ],
    "scores_var": [
        0,
        367.6704714216829,
        251.56723019965344,
        20.024419613123158,
        23.676230025924156,
        18.28723167926036,
        351.0555122881582,
        23.460144397059203,
        20.62569463013363,
        279.8959760313681,
        17.36327552331704,
        17.640746919884936,
        244.67280432914788,
        20.649127404016827,
        328.978750517695,
        385.6782014158935,
        0
    ],
    "vertex_number": 17,
    "minimum_distances": {
        "cost": 339.65366302656344,
        "path": [
            0,
            6,
            15,
            12,
            9,
            2,
            1,
            4,
            7,
            10,
            5,
            11,
            8,
            13,
            14,
            3,
            16
        ]
    }
}