{
    "vertices": [
        [
            40.268972715908134,
            28.77874624954586
        ],
        [
            65.10976899672212,
            50.91952856285389
        ],
        [
            50.55819730538042,
            81.79529583419104
        ],
        [
            82.01451123783137,
            51.74249947806212
        ],
        [
            11.771001343295474,
            87.52321509541927
        ],
        [
            52.16399538456661,
            97.71211676335133
        ],
        [
            91.30944948262724,
            60.606851526185565
        ],
        [
            41.45433693254357,
            56.264004948218506
        ],
        [
            87.47751266334663,
            90.60884762298653
        ],
        [
            14.254596082133252,
            59.76918480216822
        ],
        [
            30.01382264809187,
            6.694830696503907
        ],
        [
            89.08310275422554,
            51.99210167661457
        ],
        [
            21.28966444932152,
            72.54428170298715
        ],
        [
            42.65116275772647,
            74.20118615845156
        ],
        [
            29.02171029070474,
            84.52561052536683
        ],
        [
            80.14652221278416,
            75.5734504450816
        ],
        [
            62.72943296731144,
            80.71523281602408
        ],
        [
            50.965134859559825,
            94.49960623456994
        ],
        [
            40.268972715908134,
            28.77874624954586
        ]
    ],
    "distances": [
        [
            0.0,
            33.27580804894445,
            54.00576517848573,
            47.6447683258673,
            65.29201323544896,
            69.95213459703345,
            60.15113094593362,
            27.510807586456636,
            77.79207980134511,
            40.46177298794202,
            24.348869153768113,
            54.05255925098442,
            47.70362916806801,
            45.48486425915205,
            56.870148484492255,
            61.48140608853613,
            56.585076756816726,
            66.58557893248677,
            0.0
        ],
        [
            33.27580804894445,
            0.0,
            34.13299347086381,
            16.92476266792601,
            64.69044753717925,
            48.550379657820535,
            27.93326840452815,
            24.251657551117756,
            45.55829237573363,
            51.619424906974395,
            56.458386015505916,
            23.99731536095267,
            48.86544291129287,
            32.348486434405324,
            49.31243987109231,
            28.877669771914398,
            29.89063384331779,
            45.81805151626355,
            33.27580804894445
        ],
        [
            54.00576517848573,
            34.13299347086381,
            0.0,
            43.5048302495236,
            39.20785163285956,
            15.997617821478086,
            45.93054241141741,
            27.105849700613575,
            37.95674566707135,
            42.462937121347956,
            77.85981758234475,
            48.70727586138088,
            30.695737130779793,
            10.963197394234632,
            21.70886665042983,
            30.235415176115428,
            12.219063534554248,
            12.710826130593441,
            54.00576517848573
        ],
        [
            47.6447683258673,
            16.92476266792601,
            43.5048302495236,
            0.0,
            78.83153107985375,
            54.81112122609764,
            12.844166543907754,
            40.81141692458108,
            39.24840637143947,
            68.2336704215714,
            68.79944822787489,
            7.072997050979293,
            64.18894890260474,
            45.319596324041534,
            62.31347624841433,
            23.90405001229255,
            34.80421699985122,
            52.841593008415,
            47.6447683258673
        ],
        [
            65.29201323544896,
            64.69044753717925,
            39.20785163285956,
            78.83153107985375,
            0.0,
            41.658224695934344,
            83.96937156013696,
            43.10729208301981,
            75.76936705785667,
            27.86493208937499,
            82.8615004311264,
            85.08596268100807,
            17.74748976337047,
            33.631247731517746,
            17.509214498275625,
            69.41187743731143,
            51.41118921301149,
            39.810176279654634,
            65.29201323544896
        ],
        [
            69.95213459703345,
            48.550379657820535,
            15.997617821478086,
            54.81112122609764,
            41.658224695934344,
            0.0,
            53.93669701477645,
            42.80937697746537,
            36.020840288354655,
            53.635703046406555,
            93.67377709492666,
            58.765127997000405,
            39.83270305069352,
            25.362528314320066,
            26.63548959809047,
            35.681120414633924,
            20.013059117331053,
            3.428919721421144,
            69.95213459703345
        ],
        [
            60.15113094593362,
            27.93326840452815,
            45.93054241141741,
            12.844166543907754,
            83.96937156013696,
            53.93669701477645,
            0.0,
            50.04390636012811,
            30.245718863657693,
            77.05940642200761,
            81.63124315468092,
            8.897782573526312,
            71.03008190433373,
            50.52162706303788,
            66.72233123701444,
            18.671101425221448,
            34.9451619271288,
            52.69138965834705,
            60.15113094593362
        ],
        [
            27.510807586456636,
            24.251657551117756,
            27.105849700613575,
            40.81141692458108,
            43.10729208301981,
            42.80937697746537,
            50.04390636012811,
            0.0,
            57.42561207948024,
            27.4246638655429,
            50.87227538738158,
            47.81995913066594,
            25.916431613311904,
            17.97706488347201,
            30.875371334020613,
            43.242801564616435,
            32.411298269769254,
            39.40071678202538,
            27.510807586456636
        ],
        [
            77.79207980134511,
            45.55829237573363,
            37.95674566707135,
            39.24840637143947,
            75.76936705785667,
            36.020840288354655,
            30.245718863657693,
            57.42561207948024,
            0.0,
            79.45237765832498,
            101.7036769586395,
            38.650109793201935,
            68.60874429022026,
            47.73481958273099,
            58.77147781547799,
            16.727420281788508,
            26.65241194694874,
            36.719092247223024,
            77.79207980134511
        ],
        [
            40.46177298794202,
            51.619424906974395,
            42.462937121347956,
            68.2336704215714,
            27.86493208937499,
            53.635703046406555,
            77.05940642200761,
            27.4246638655429,
            79.45237765832498,
            0.0,
            55.364612214759184,
            75.23156540121396,
            14.584076513661277,
            31.85353453086761,
            28.82617346505158,
            67.76076107688674,
            52.8066921747934,
            50.53578761829253,
            40.46177298794202
        ],
        [
            24.348869153768113,
            56.458386015505916,
            77.85981758234475,
            68.79944822787489,
            82.8615004311264,
            93.67377709492666,
            81.63124315468092,
            50.87227538738158,
            101.7036769586395,
            55.364612214759184,
            0.0,
            74.43804545057893,
            66.42485328649516,
            68.67903896241859,
            77.83710282184592,
            85.1912661257764,
            80.92793762659774,
            90.26979611516005,
            24.348869153768113
        ],
        [
            54.05255925098442,
            23.99731536095267,
            48.70727586138088,
            7.072997050979293,
            85.08596268100807,
            58.765127997000405,
            8.897782573526312,
            47.81995913066594,
            38.650109793201935,
            75.23156540121396,
            74.43804545057893,
            0.0,
            70.84025960594198,
            51.470073687142346,
            68.30666192011519,
            25.217900021884265,
            38.981202825072316,
            57.09524866539564,
            54.05255925098442
        ],
        [
            47.70362916806801,
            48.86544291129287,
            30.695737130779793,
            64.18894890260474,
            17.74748976337047,
            39.83270305069352,
            71.03008190433373,
            25.916431613311904,
            68.60874429022026,
            14.584076513661277,
            66.42485328649516,
            70.84025960594198,
            0.0,
            21.425660838222125,
            14.25962037514455,
            58.93475688468185,
            42.23764738851145,
            36.91435790252961,
            47.70362916806801
        ],
        [
            45.48486425915205,
            32.348486434405324,
            10.963197394234632,
            45.319596324041534,
            33.631247731517746,
            25.362528314320066,
            50.52162706303788,
            17.97706488347201,
            47.73481958273099,
            31.85353453086761,
            68.67903896241859,
            51.470073687142346,
            21.425660838222125,
            0.0,
            17.098412588862114,
            37.52046228308421,
            21.108522886884792,
            21.935085814662976,
            45.48486425915205
        ],
        [
            56.870148484492255,
            49.31243987109231,
            21.70886665042983,
            62.31347624841433,
            17.509214498275625,
            26.63548959809047,
            66.72233123701444,
            30.875371334020613,
            58.77147781547799,
            28.82617346505158,
            77.83710282184592,
            68.30666192011519,
            14.25962037514455,
            17.098412588862114,
            0.0,
            51.90267395973975,
            33.92240478401968,
            24.103826920558383,
            56.870148484492255
        ],
        [
            61.48140608853613,
            28.877669771914398,
            30.235415176115428,
            23.90405001229255,
            69.41187743731143,
            35.681120414633924,
            18.671101425221448,
            43.242801564616435,
            16.727420281788508,
            67.76076107688674,
            85.1912661257764,
            25.217900021884265,
            58.93475688468185,
            37.52046228308421,
            51.90267395973975,
            0.0,
            18.160201643563777,
            34.781499979542346,
            61.48140608853613
        ],
        [
            56.585076756816726,
            29.89063384331779,
            12.219063534554248,
            34.80421699985122,
            51.41118921301149,
            20.013059117331053,
            34.9451619271288,
            32.411298269769254,
            26.65241194694874,
            52.8066921747934,
            80.92793762659774,
            38.981202825072316,
            42.23764738851145,
            21.108522886884792,
            33.92240478401968,
            18.160201643563777,
            0.0,
            18.122021424497923,
            56.585076756816726
        ],
        [
            66.58557893248677,
            45.81805151626355,
            12.710826130593441,
            52.841593008415,
            39.810176279654634,
            3.428919721421144,
            52.69138965834705,
            39.40071678202538,
            36.719092247223024,
            50.53578761829253,
            90.26979611516005,
            57.09524866539564,
            36.91435790252961,
            21.935085814662976,
            24.103826920558383,
            34.781499979542346,
            18.122021424497923,
            0.0,
            66.58557893248677
        ],
        [
            0.0,
            33.27580804894445,
            54.00576517848573,
            47.6447683258673,
            65.29201323544896,
            69.95213459703345,
            60.15113094593362,
            27.510807586456636,
            77.79207980134511,
            40.46177298794202,
            24.348869153768113,
            54.05255925098442,
            47.70362916806801,
            45.48486425915205,
            56.870148484492255,
            61.48140608853613,
            56.585076756816726,
            66.58557893248677,
            0.0
        ]
    ],
    "scores_ave": [
        0,
        13.986081238509556,
        12.487196108789444,
        13.600045040522879,
        13.999539898402682,
        12.88160132654188,
        13.65255394354201,
        18.44946951052202,
        19.06397389631663,
        12.079357819036527,
        18.357670912302016,
        10.068114309838487,
        19.114420577984173,
        19.529060049836836,
        10.504046144478842,
        19.014915980341463,
        19.271094458375735,
        14.523970359137337,
        0
    ],
    "scores_var": [
        0,
        277.59606811480955,
        228.49825702681215,
        357.2105298248355,
        388.85658761254354,
        252.05212212204668,
        23.886777595504093,
        20.30896189048702,
        279.47856858917146,
        20.033668756880676,
        326.57122127628753,
        371.0487115674344,
        19.288261657775976,
        24.339357779420634,
        381.3389342861984,
        23.655086199468855,
        17.176964106693703,
        17.03798610719787,
        0
    ],
    "vertex_number": 19,
    "minimum_distances": {
        "cost": 340.47761818024173,
        "path": [
            0,
            10,
            9,
            12,
            4,
            14,
            13,
            2,
            17,
            5,
            16,
            8,
            15,
            6,
            11,
            3,
            1,
            7,
            18
        ]
    }
}