{
    "vertices": [
        [
            68.40885208734522,
            90.40282577876262
        ],
        [
            11.865823878116021,
            58.32072518515681
        ],
        [
            96.62207690354668,
            39.684941690858345
        ],
        [
            74.94114871955624,
            8.663401083654144
        ],
        [
            36.16874793316314,
            75.23190283262736
        ],
        [
            70.37891132207461,
            20.886515621841106
        ],
        [
            70.29404102355925,
            35.14165054739264
        ],
        [
            88.30809212211213,
            37.51573783824818
        ],
        [
            58.94368623235688,
            70.30440062324237
        ],
        [
            37.298467828391345,
            55.45838016035268
        ],
        [
            49.93642776316929,
            32.04257390737166
        ],
        [
            94.99043145623472,
            56.07340328851288
        ],
        [
            89.0236022034953,
            9.698004565051743
        ],
        [
            51.10358839672157,
            80.11386469870675
        ],
        [
            79.32615756308311,
            81.48469657281375
        ],
        [
            1.8368515227379145,
            38.88521338926133
        ],
        [
            72.01701105512646,
            57.51603508702341
        ],
        [
            93.89663076968456,
            50.44187689995062
        ],
        [
            50.53186918753083,
            8.455705341364094
        ],
        [
            68.40885208734522,
            90.40282577876262
        ]
    ],
    "distances": [
        [
            0.0,
            65.01057773599564,
            58.036969432281865,
            82.00002712669372,
            35.63118323758113,
            69.54421982610526,
            55.29332170594748,
            56.50684759203063,
            22.21567145945596,
            46.78643273768342,
            61.2139645743077,
            43.41761866176721,
            83.2960748744402,
            20.13293002791501,
            14.096828983305954,
            84.17776217914665,
            33.084132346776826,
            47.3973026390209,
            83.87441246042654,
            0.0
        ],
        [
            65.01057773599564,
            0.0,
            86.7808438156555,
            80.27668678249547,
            29.607770045204273,
            69.46295018104675,
            62.85798326273369,
            79.22289992667577,
            48.579147798723525,
            25.593209985120996,
            46.259184112463494,
            83.15498085336418,
            91.20028353360071,
            44.88366177435384,
            71.32647608942486,
            21.870514517800686,
            60.15656942477504,
            82.40830983331175,
            63.0997881445854,
            65.01057773599564
        ],
        [
            58.036969432281865,
            86.7808438156555,
            0.0,
            37.84704253391235,
            70.12981840854752,
            32.281334582214335,
            26.717166161705844,
            8.592309834968953,
            48.55113169518044,
            61.38478602107184,
            47.30703563949548,
            16.469485128671487,
            30.93466043056557,
            60.880461656598044,
            45.23680287137207,
            94.78859908157253,
            30.38679247811221,
            11.09683340963507,
            55.67380398605847,
            58.036969432281865
        ],
        [
            82.00002712669372,
            80.27668678249547,
            37.84704253391235,
            0.0,
            77.03677360743858,
            13.046782710102033,
            26.882955652274596,
            31.798309894200827,
            63.683056068854505,
            60.05615281936335,
            34.23188268307819,
            51.47506238286636,
            14.120407235311148,
            75.32196248738303,
            72.95319992486489,
            79.10496955107239,
            48.94006978078074,
            45.877569042895104,
            24.4101631455818,
            82.00002712669372
        ],
        [
            35.63118323758113,
            29.607770045204273,
            70.12981840854752,
            77.03677360743858,
            0.0,
            64.21648067424988,
            52.64754464169439,
            64.35076001366978,
            23.301890321507734,
            19.805768500935148,
            45.33064240572249,
            61.86306294769299,
            84.19220535229493,
            15.71251129940073,
            43.608020311887856,
            49.99760938913643,
            39.986872081237436,
            62.82558270744435,
            68.3034391781253,
            35.63118323758113
        ],
        [
            69.54421982610526,
            69.46295018104675,
            32.281334582214335,
            13.046782710102033,
            64.21648067424988,
            0.0,
            14.255387567977566,
            24.45376363022838,
            50.72368017863284,
            47.84902882408342,
            23.288468617027384,
            42.94000450606807,
            21.74413202985186,
            62.28496570240316,
            61.255144680786316,
            70.86583861677491,
            36.66612969738685,
            37.7703919531697,
            23.418585049476608,
            69.54421982610526
        ],
        [
            55.29332170594748,
            62.85798326273369,
            26.717166161705844,
            26.882955652274596,
            52.64754464169439,
            14.255387567977566,
            0.0,
            18.169819136300617,
            36.949283440722375,
            38.74890130886048,
            20.59215126402117,
            32.37359994221432,
            31.593916864922903,
            48.895536787058155,
            47.21500867412649,
            68.55947095115584,
            22.440626311601623,
            28.12790730152902,
            33.20667263090165,
            55.29332170594748
        ],
        [
            56.50684759203063,
            79.22289992667577,
            8.592309834968953,
            31.798309894200827,
            64.35076001366978,
            24.45376363022838,
            18.169819136300617,
            0.0,
            44.01550568250189,
            54.07328530878741,
            38.760032882978976,
            19.72411229790355,
            27.82693369983946,
            56.55771838990963,
            44.87699277608304,
            86.48208435323288,
            25.795565750152974,
            14.082501029926481,
            47.6605550526129,
            56.50684759203063
        ],
        [
            22.21567145945596,
            48.579147798723525,
            48.55113169518044,
            63.683056068854505,
            23.301890321507734,
            50.72368017863284,
            36.949283440722375,
            44.01550568250189,
            0.0,
            26.247281827646606,
            39.3077357369522,
            38.75421430472094,
            67.66045069309702,
            12.557576180145581,
            23.247454808384486,
            65.17941313785894,
            18.28808669625109,
            40.202340485198526,
            62.418104537595966,
            22.21567145945596
        ],
        [
            46.78643273768342,
            25.593209985120996,
            61.38478602107184,
            60.05615281936335,
            19.805768500935148,
            47.84902882408342,
            38.74890130886048,
            54.07328530878741,
            26.247281827646606,
            0.0,
            26.608607888993323,
            57.695241750811434,
            69.061577601048,
            28.257287055326994,
            49.43375213795789,
            39.14327640645059,
            34.77946502728193,
            56.82004358754753,
            48.83005582294227,
            46.78643273768342
        ],
        [
            61.2139645743077,
            46.259184112463494,
            47.30703563949548,
            34.23188268307819,
            45.33064240572249,
            23.288468617027384,
            20.59215126402117,
            38.760032882978976,
            39.3077357369522,
            26.608607888993323,
            0.0,
            51.062158292812825,
            45.023182748693124,
            48.08545790870263,
            57.51764695618697,
            48.58385482429514,
            33.71126492708754,
            47.65536485000151,
            23.594383213806662,
            61.2139645743077
        ],
        [
            43.41761866176721,
            83.15498085336418,
            16.469485128671487,
            51.47506238286636,
            61.86306294769299,
            42.94000450606807,
            32.37359994221432,
            19.72411229790355,
            38.75421430472094,
            57.695241750811434,
            51.062158292812825,
            0.0,
            46.7576802043402,
            50.03997180799924,
            29.85135345307521,
            94.72604354895812,
            23.018671365483517,
            5.7367664591623955,
            65.14605833652654,
            43.41761866176721
        ],
        [
            83.2960748744402,
            91.20028353360071,
            30.93466043056557,
            14.120407235311148,
            84.19220535229493,
            21.74413202985186,
            31.593916864922903,
            27.82693369983946,
            67.66045069309702,
            69.061577601048,
            45.023182748693124,
            46.7576802043402,
            0.0,
            79.97700172842424,
            72.43872984785929,
            91.94249644868562,
            50.75222345363788,
            41.034248381680335,
            38.51177505560428,
            83.2960748744402
        ],
        [
            20.13293002791501,
            44.88366177435384,
            60.880461656598044,
            75.32196248738303,
            15.71251129940073,
            62.28496570240316,
            48.895536787058155,
            56.55771838990963,
            12.557576180145581,
            28.257287055326994,
            48.08545790870263,
            50.03997180799924,
            79.97700172842424,
            0.0,
            28.255841703568645,
            64.24183256263925,
            30.79014697022012,
            52.073710598187056,
            71.66044003030174,
            20.13293002791501
        ],
        [
            14.096828983305954,
            71.32647608942486,
            45.23680287137207,
            72.95319992486489,
            43.608020311887856,
            61.255144680786316,
            47.21500867412649,
            44.87699277608304,
            23.247454808384486,
            49.43375213795789,
            57.51764695618697,
            29.85135345307521,
            72.43872984785929,
            28.255841703568645,
            0.0,
            88.42685405531537,
            25.058339053001575,
            34.292205276216755,
            78.50060256671674,
            14.096828983305954
        ],
        [
            84.17776217914665,
            21.870514517800686,
            94.78859908157253,
            79.10496955107239,
            49.99760938913643,
            70.86583861677491,
            68.55947095115584,
            86.48208435323288,
            65.17941313785894,
            39.14327640645059,
            48.58385482429514,
            94.72604354895812,
            91.94249644868562,
            64.24183256263925,
            88.42685405531537,
            0.0,
            72.61103434826768,
            92.78232281256946,
            57.420899552441156,
            84.17776217914665
        ],
        [
            33.084132346776826,
            60.15656942477504,
            30.38679247811221,
            48.94006978078074,
            39.986872081237436,
            36.66612969738685,
            22.440626311601623,
            25.795565750152974,
            18.28808669625109,
            34.77946502728193,
            33.71126492708754,
            23.018671365483517,
            50.75222345363788,
            30.79014697022012,
            25.058339053001575,
            72.61103434826768,
            0.0,
            22.994814043810152,
            53.55863399885713,
            33.084132346776826
        ],
        [
            47.3973026390209,
            82.40830983331175,
            11.09683340963507,
            45.877569042895104,
            62.82558270744435,
            37.7703919531697,
            28.12790730152902,
            14.082501029926481,
            40.202340485198526,
            56.82004358754753,
            47.65536485000151,
            5.7367664591623955,
            41.034248381680335,
            52.073710598187056,
            34.292205276216755,
            92.78232281256946,
            22.994814043810152,
            0.0,
            60.36009566944122,
            47.3973026390209
        ],
        [
            83.87441246042654,
            63.0997881445854,
            55.67380398605847,
            24.4101631455818,
            68.3034391781253,
            23.418585049476608,
            33.20667263090165,
            47.6605550526129,
            62.418104537595966,
            48.83005582294227,
            23.594383213806662,
            65.14605833652654,
            38.51177505560428,
            71.66044003030174,
            78.50060256671674,
            57.420899552441156,
            53.55863399885713,
            60.36009566944122,
            0.0,
            83.87441246042654
        ],
        [
            0.0,
            65.01057773599564,
            58.036969432281865,
            82.00002712669372,
            35.63118323758113,
            69.54421982610526,
            55.29332170594748,
            56.50684759203063,
            22.21567145945596,
            46.78643273768342,
            61.2139645743077,
            43.41761866176721,
            83.2960748744402,
            20.13293002791501,
            14.096828983305954,
            84.17776217914665,
            33.084132346776826,
            47.3973026390209,
            83.87441246042654,
            0.0
        ]
    ],
    "scores_ave": [
        0,
        19.370590304008747,
        19.318189554702666,
        12.01577015357053,
        10.260237722219754,
        11.409198935614947,
        15.251382281099103,
        18.0629588796115,
        15.176677751376072,
        15.346121055719452,
        10.017832831297572,
        15.43183211698997,
        17.050442799290344,
        14.243290449175127,
        17.45118877181472,
        14.58629006737052,
        18.83270364607495,
        12.941549560050206,
        18.807833649275796,
        0
    ],
    "scores_var": [
        0,
        23.837052170408445,
        16.76533605465403,
        22.739738801852457,
        20.275188388620602,
        226.0279276465854,
        18.928367238683848,
        333.50441859671923,
        19.524075370412138,
        24.982863556171896,
        20.3372512175606,
        23.817729563047532,
        17.96361684999653,
        19.153594421815875,
        312.921910652935,
        16.740223916552303,
        23.297923103495123,
        17.65785773926903,
        19.65127123964489,
        0
    ],
    "vertex_number": 20,
    "minimum_distances": {
        "cost": 373.44685407178565,
        "path": [
            0,
            13,
            4,
            1,
            15,
            9,
            10,
            18,
            3,
            12,
            5,
            6,
            7,
            2,
            17,
            11,
            16,
            8,
            14,
            19
        ]
    }
}