{
    "vertices": [
        [
            71.78132072233575,
            50.57929281482287
        ],
        [
            96.55116014660298,
            84.32054691899167
        ],
        [
            0.7615624442568025,
            52.93321237543417
        ],
        [
            92.8400957725114,
            47.95929302168255
        ],
        [
            41.88413695920392,
            89.94612301870538
        ],
        [
            10.277864506540501,
            67.92023670092364
        ],
        [
            56.464953120174954,
            64.82798659193679
        ],
        [
            65.65803610874748,
            68.00136578529697
        ],
        [
            0.14315653036274245,
            49.580487780950335
        ],
        [
            61.811869708496104,
            11.613265727687683
        ],
        [
            52.66451002481817,
            33.337026228440955
        ],
        [
            39.32125291140001,
            71.09383225973099
        ],
        [
            9.371883277701043,
            49.363466110169576
        ],
        [
            28.468511493741943,
            49.890454667461114
        ],
        [
            50.99365788370831,
            20.95105508311589
        ],
        [
            36.132111889462195,
            32.929450244839806
        ],
        [
            15.2361419415578,
            90.75688475874352
        ],
        [
            18.541411532986494,
            10.777271927397836
        ],
        [
            39.99577540802074,
            0.9233621422999105
        ],
        [
            49.218779601052255,
            98.802543925219
        ],
        [
            4.141641146004716,
            28.316692400828437
        ],
        [
            16.843222731105268,
            78.96414107777082
        ],
        [
            71.78132072233575,
            50.57929281482287
        ]
    ],
    "distances": [
        [
            0.0,
            41.85710421930871,
            71.05875739959566,
            21.221131108636882,
            49.43267054557936,
            63.90135727313731,
            20.91928275248666,
            18.466814588540466,
            71.64512670301987,
            40.22115389285471,
            25.743896524818943,
            38.399249093273134,
            62.421279358336776,
            43.31828645348084,
            36.19336123350521,
            39.779178387128816,
            69.36566973483596,
            66.47321864640807,
            58.95788617210406,
            53.24049407646336,
            71.20919624867226,
            61.83764405121383,
            0.0
        ],
        [
            41.85710421930871,
            0.0,
            100.80085216766038,
            36.55014068062159,
            54.95571426726521,
            87.8182880489394,
            44.57425155703146,
            34.93852867097672,
            102.47621611956406,
            80.5801901113077,
            67.27077702030628,
            58.73847344651918,
            93.9266938311957,
            76.29336996120846,
            78.04600251115224,
            79.319015435586,
            81.56934859660367,
            107.2106999102647,
            100.76508309730472,
            49.49830790438403,
            108.05531418127256,
            79.88771101094814,
            41.85710421930871
        ],
        [
            71.05875739959566,
            100.80085216766038,
            0.0,
            92.21277662894724,
            55.32650078420067,
            17.753053345085124,
            56.959225648313904,
            66.62283048076758,
            3.409279701167964,
            73.71891214627794,
            55.479063429893166,
            42.622269337798194,
            9.320982418887745,
            27.873525074884142,
            59.54932239168429,
            40.63528352839587,
            40.498686943944314,
            45.75200923103146,
            65.14866067816773,
            66.72403968139906,
            24.847494595837478,
            30.597860165177128,
            71.05875739959566
        ],
        [
            21.221131108636882,
            36.55014068062159,
            92.21277662894724,
            0.0,
            66.02578005432714,
            84.94092832187259,
            40.09618218415518,
            33.772015756043295,
            92.711114853129,
            47.788958062877434,
            42.75381124932592,
            58.30500361846431,
            83.48002275479594,
            64.40054540033684,
            49.8053137780266,
            58.66593227740253,
            88.62283852759924,
            83.08307392231261,
            70.74532485242388,
            66.99145756714331,
            90.84738638112185,
            82.07816588504352,
            21.221131108636882
        ],
        [
            49.43267054557936,
            54.95571426726521,
            55.32650078420067,
            66.02578005432714,
            0.0,
            38.523968207284085,
            29.04343260487288,
            32.35383517924728,
            58.066289319263326,
            80.82791017898555,
            57.62643736032401,
            19.025699501027525,
            51.99998731929005,
            42.24258010224309,
            69.59384147257998,
            57.30607966529381,
            26.660325824333096,
            82.53841416844284,
            89.04278670058376,
            11.499268409640303,
            72.26813065586425,
            27.34321328465267,
            49.43267054557936
        ],
        [
            63.90135727313731,
            87.8182880489394,
            17.753053345085124,
            84.94092832187259,
            38.523968207284085,
            0.0,
            46.29048676931634,
            55.380231027129376,
            20.953727501570288,
            76.32973648805572,
            54.70490073911262,
            29.216264627881664,
            18.578873398160727,
            25.61196357148645,
            62.1601146409724,
            43.50628971255274,
            23.368718613551117,
            57.73737639143898,
            73.29212392182588,
            49.70021899241228,
            40.076102084159686,
            12.848025237436472,
            63.90135727313731
        ],
        [
            20.91928275248666,
            44.57425155703146,
            56.959225648313904,
            40.09618218415518,
            29.04343260487288,
            46.29048676931634,
            0.0,
            9.725384842752131,
            58.34921585672952,
            53.48267040511733,
            31.719456999392516,
            18.252870425797838,
            49.56721316474352,
            31.732169855479487,
            44.21674106256977,
            37.82778150513773,
            48.70444159773008,
            66.02783323919253,
            65.99268778102348,
            34.73870430315032,
            63.802849305152584,
            42.067949589580586,
            20.91928275248666
        ],
        [
            18.466814588540466,
            34.93852867097672,
            66.62283048076758,
            33.772015756043295,
            32.35383517924728,
            55.380231027129376,
            9.725384842752131,
            0.0,
            68.05533184564803,
            56.5191191021709,
            37.01956451670878,
            26.517720454058313,
            59.291671462525244,
            41.365031640363256,
            49.28261078614625,
            45.84560459498749,
            55.31890323531516,
            74.12538856067368,
            71.81928847462909,
            34.91363242822222,
            73.20614831313084,
            50.030675062478544,
            18.466814588540466
        ],
        [
            71.64512670301987,
            102.47621611956406,
            3.409279701167964,
            92.711114853129,
            58.066289319263326,
            20.953727501570288,
            58.34921585672952,
            68.05533184564803,
            0.0,
            72.41919728558604,
            54.975836656638485,
            44.69616568235498,
            9.231278122915906,
            28.32705091025474,
            58.35595860309752,
            39.65428046085586,
            43.85537454742991,
            42.94397917891352,
            62.894730358141096,
            69.5070326718522,
            21.636470904221394,
            33.797800108541566,
            71.64512670301987
        ],
        [
            40.22115389285471,
            80.5801901113077,
            73.71891214627794,
            47.788958062877434,
            80.82791017898555,
            76.32973648805572,
            53.48267040511733,
            56.5191191021709,
            72.41919728558604,
            0.0,
            23.571083120566705,
            63.59060967538093,
            64.61447056023523,
            50.76339951351296,
            14.290836824074606,
            33.37408701393207,
            91.83142626766096,
            43.278533204726905,
            24.294361674926137,
            88.09401881547186,
            60.040484050971706,
            80.98345276289247,
            40.22115389285471
        ],
        [
            25.743896524818943,
            67.27077702030628,
            55.479063429893166,
            42.75381124932592,
            57.62643736032401,
            54.70490073911262,
            31.719456999392516,
            37.01956451670878,
            54.975836656638485,
            23.571083120566705,
            0.0,
            40.045210850727756,
            46.16382031361641,
            29.31658810301097,
            12.498160988332504,
            16.5374213917506,
            68.5413954557097,
            40.90633648723237,
            34.801472041855234,
            65.55613674905216,
            48.78188758106019,
            58.00860481732563,
            25.743896524818943
        ],
        [
            38.399249093273134,
            58.73847344651918,
            42.622269337798194,
            58.30500361846431,
            19.025699501027525,
            29.216264627881664,
            18.252870425797838,
            26.517720454058313,
            44.69616568235498,
            63.59060967538093,
            40.045210850727756,
            0.0,
            37.002345256077135,
            23.81942941379837,
            51.48342588465961,
            38.29739775802471,
            31.09225311888054,
            63.79568369440061,
            70.17371200884085,
            29.423353594271504,
            55.38491471937145,
            23.816036649231894,
            38.399249093273134
        ],
        [
            62.421279358336776,
            93.9266938311957,
            9.320982418887745,
            83.48002275479594,
            51.99998731929005,
            18.578873398160727,
            49.56721316474352,
            59.291671462525244,
            9.231278122915906,
            64.61447056023523,
            46.16382031361641,
            37.002345256077135,
            0.0,
            19.10389819280886,
            50.39481344070551,
            31.40360986917954,
            41.80675348664051,
            39.66074419290498,
            57.308519799655265,
            63.49801226657738,
            21.686911175369918,
            30.529016881740056,
            62.421279358336776
        ],
        [
            43.31828645348084,
            76.29336996120846,
            27.873525074884142,
            64.40054540033684,
            42.24258010224309,
            25.61196357148645,
            31.732169855479487,
            41.365031640363256,
            28.32705091025474,
            50.76339951351296,
            29.31658810301097,
            23.81942941379837,
            19.10389819280886,
            0.0,
            36.67248380177999,
            18.611997261160962,
            42.95533392224117,
            40.35329450848363,
            50.30560568880105,
            53.13159231647526,
            32.51497869064042,
            31.311764247638838,
            43.31828645348084
        ],
        [
            36.19336123350521,
            78.04600251115224,
            59.54932239168429,
            49.8053137780266,
            69.59384147257998,
            62.1601146409724,
            44.21674106256977,
            49.28261078614625,
            58.35595860309752,
            14.290836824074606,
            12.498160988332504,
            51.48342588465961,
            50.39481344070551,
            36.67248380177999,
            0.0,
            19.087888830080285,
            78.43120426881053,
            34.00961859397294,
            22.84867399830121,
            77.87171827981163,
            47.42746130129819,
            67.31842517272202,
            36.19336123350521
        ],
        [
            39.779178387128816,
            79.319015435586,
            40.63528352839587,
            58.66593227740253,
            57.30607966529381,
            43.50628971255274,
            37.82778150513773,
            45.84560459498749,
            39.65428046085586,
            33.37408701393207,
            16.5374213917506,
            38.29739775802471,
            31.40360986917954,
            18.611997261160962,
            19.087888830080285,
            0.0,
            61.487020927375774,
            28.286953587105497,
            32.238448650829746,
            67.16044477828885,
            32.32132041417085,
            49.91246342394775,
            39.779178387128816
        ],
        [
            69.36566973483596,
            81.56934859660367,
            40.498686943944314,
            88.62283852759924,
            26.660325824333096,
            23.368718613551117,
            48.70444159773008,
            55.31890323531516,
            43.85537454742991,
            91.83142626766096,
            68.5413954557097,
            31.09225311888054,
            41.80675348664051,
            42.95533392224117,
            78.43120426881053,
            61.487020927375774,
            0.0,
            80.04788114449988,
            93.18315961091187,
            34.92208890830533,
            63.41818011892146,
            11.901744081824905,
            69.36566973483596
        ],
        [
            66.47321864640807,
            107.2106999102647,
            45.75200923103146,
            83.08307392231261,
            82.53841416844284,
            57.73737639143898,
            66.02783323919253,
            74.12538856067368,
            42.94397917891352,
            43.278533204726905,
            40.90633648723237,
            63.79568369440061,
            39.66074419290498,
            40.35329450848363,
            34.00961859397294,
            28.286953587105497,
            80.04788114449988,
            0.0,
            23.609092895222027,
            93.21775271842795,
            22.69327340296225,
            68.20801250393477,
            66.47321864640807
        ],
        [
            58.95788617210406,
            100.76508309730472,
            65.14866067816773,
            70.74532485242388,
            89.04278670058376,
            73.29212392182588,
            65.99268778102348,
            71.81928847462909,
            62.894730358141096,
            24.294361674926137,
            34.801472041855234,
            70.17371200884085,
            57.308519799655265,
            50.30560568880105,
            22.84867399830121,
            32.238448650829746,
            93.18315961091187,
            23.609092895222027,
            0.0,
            98.31275620609158,
            45.12109801779524,
            81.40272644274506,
            58.95788617210406
        ],
        [
            53.24049407646336,
            49.49830790438403,
            66.72403968139906,
            66.99145756714331,
            11.499268409640303,
            49.70021899241228,
            34.73870430315032,
            34.91363242822222,
            69.5070326718522,
            88.09401881547186,
            65.55613674905216,
            29.423353594271504,
            63.49801226657738,
            53.13159231647526,
            77.87171827981163,
            67.16044477828885,
            34.92208890830533,
            93.21775271842795,
            98.31275620609158,
            0.0,
            83.66721984393862,
            37.970237162504155,
            53.24049407646336
        ],
        [
            71.20919624867226,
            108.05531418127256,
            24.847494595837478,
            90.84738638112185,
            72.26813065586425,
            40.076102084159686,
            63.802849305152584,
            73.20614831313084,
            21.636470904221394,
            60.040484050971706,
            48.78188758106019,
            55.38491471937145,
            21.686911175369918,
            32.51497869064042,
            47.42746130129819,
            32.32132041417085,
            63.41818011892146,
            22.69327340296225,
            45.12109801779524,
            83.66721984393862,
            0.0,
            52.215842732320986,
            71.20919624867226
        ],
        [
            61.83764405121383,
            79.88771101094814,
            30.597860165177128,
            82.07816588504352,
            27.34321328465267,
            12.848025237436472,
            42.067949589580586,
            50.030675062478544,
            33.797800108541566,
            80.98345276289247,
            58.00860481732563,
            23.816036649231894,
            30.529016881740056,
            31.311764247638838,
            67.31842517272202,
            49.91246342394775,
            11.901744081824905,
            68.20801250393477,
            81.40272644274506,
            37.970237162504155,
            52.215842732320986,
            0.0,
            61.83764405121383
        ],
        [
            0.0,
            41.85710421930871,
            71.05875739959566,
            21.221131108636882,
            49.43267054557936,
            63.90135727313731,
            20.91928275248666,
            18.466814588540466,
            71.64512670301987,
            40.22115389285471,
            25.743896524818943,
            38.399249093273134,
            62.421279358336776,
            43.31828645348084,
            36.19336123350521,
            39.779178387128816,
            69.36566973483596,
            66.47321864640807,
            58.95788617210406,
            53.24049407646336,
            71.20919624867226,
            61.83764405121383,
            0.0
        ]
    ],
    "scores_ave": [
        0,
        15.701725819335842,
        15.260314791080214,
        12.613749658424961,
        13.673085452345363,
        14.918066152428759,
        19.622029281828418,
        11.026240805667392,
        11.326444017824345,
        12.902049372697626,
        15.915661329977937,
        18.72229902348616,
        15.16659600281616,
        11.301007839748742,
        17.557596141499815,
        19.27377805372953,
        11.613759817046693,
        17.355144519611617,
        15.071296680903755,
        17.033633413191893,
        13.542995712272482,
        18.48572330903282,
        0
    ],
    "scores_var": [
        0,
        17.19489911141549,
        16.04123341945105,
        316.29918680949606,
        20.79356923656609,
        17.255582681849283,
        264.8239143627751,
        24.684078360445568,
        321.7781518158926,
        252.90349088744415,
        228.10451223848384,
        399.2216996753026,
        362.12438966560126,
        229.13302379211007,
        309.54675267735297,
        306.65138237029623,
        377.9446088143312,
        297.90328899404335,
        23.084489281874816,
        19.517098690878306,
        262.4714300999717,
        23.3423181458095,
        0
    ],
    "vertex_number": 23,
    "minimum_distances": {
        "cost": 460.7538382235061,
        "path": [
            0,
            6,
            11,
            13,
            12,
            15,
            10,
            14,
            9,
            18,
            17,
            20,
            8,
            2,
            5,
            21,
            16,
            4,
            19,
            7,
            1,
            3,
            22
        ]
    }
}