{
    "vertices": [
        [
            87.50628230208096,
            70.82248103283531
        ],
        [
            49.3042103811362,
            26.25444089599347
        ],
        [
            86.47101377637375,
            35.33853918040223
        ],
        [
            41.8574841480016,
            86.89174668725518
        ],
        [
            12.510761842510455,
            88.61449912421503
        ],
        [
            56.298876314322065,
            86.01180878504483
        ],
        [
            72.45454785926766,
            52.07323923282391
        ],
        [
            6.744773054717346,
            41.65559111935393
        ],
        [
            18.712633863303008,
            95.5756283816084
        ],
        [
            62.34884773939382,
            56.09784832762489
        ],
        [
            25.552049013213395,
            69.39212553364142
        ],
        [
            3.8104640288158076,
            72.40135901952075
        ],
        [
            73.92932583060437,
            73.28211554341664
        ],
        [
            20.450675356598712,
            68.59365794512715
        ],
        [
            63.40196392190026,
            78.63272853905431
        ],
        [
            86.3056651590265,
            46.37050025886722
        ],
        [
            11.650662178066973,
            59.88809163542776
        ],
        [
            24.84137120936434,
            41.09579628418759
        ],
        [
            79.0849358392654,
            7.876334783713757
        ],
        [
            21.341618340945757,
            64.83765025891412
        ],
        [
            70.60163555116812,
            86.1068003306285
        ],
        [
            82.3535951419911,
            85.28903214775349
        ],
        [
            54.9312235005075,
            35.12275922796453
        ],
        [
            83.92799854385854,
            77.70132750801173
        ],
        [
            87.50628230208096,
            70.82248103283531
        ]
    ],
    "distances": [
        [
            0.0,
            58.70015758660433,
            35.49904097728799,
            48.39456655022542,
            77.07713017987788,
            34.707605305593354,
            24.04347682454156,
            85.86692519903774,
            73.11145169662717,
            29.14980826831007,
            61.970742607019815,
            83.71070930369821,
            13.797954520653152,
            67.09263801031608,
            25.338076696575005,
            24.481438791351735,
            76.63965015507871,
            69.3582501826824,
            63.506979174438584,
            66.4347872464601,
            22.789855159040425,
            15.356799345250797,
            48.32809320541351,
            7.753879253857737,
            0.0
        ],
        [
            58.70015758660433,
            0.0,
            38.26084312010178,
            61.09285216139639,
            72.40535006193731,
            60.16534192161047,
            34.67778068027561,
            45.26037045522154,
            75.77117913997525,
            32.56979476353518,
            49.24454290116837,
            64.80138123118053,
            53.084823571747165,
            51.236078926337285,
            54.24234205226896,
            42.116071753796334,
            50.48774261484768,
            28.612870008138902,
            34.994948108072364,
            47.65050470193459,
            63.528617557490215,
            67.65607731263621,
            10.502873258435079,
            62.01281197306678,
            58.70015758660433
        ],
        [
            35.49904097728799,
            38.26084312010178,
            0.0,
            68.17697727346291,
            91.15068169824775,
            58.97574188981211,
            21.829143424557888,
            79.97611271377798,
            90.6625885571226,
            31.824955782932214,
            69.79088057427484,
            90.5892879925406,
            39.96259405675466,
            73.9228517382655,
            49.05678233854119,
            11.033200143295916,
            78.74493976781174,
            61.89797131002296,
            28.438122610653018,
            71.49850141231445,
            53.19072762683553,
            50.119905066671556,
            31.540528398134068,
            42.43904760197444,
            35.49904097728799
        ],
        [
            48.39456655022542,
            61.09285216139639,
            68.17697727346291,
            0.0,
            29.39724453132747,
            14.468175365719354,
            46.352009331910956,
            57.26440649202444,
            24.72031342808249,
            36.98864904288714,
            23.918694685429468,
            40.712984104717236,
            34.83999266339298,
            28.161525424708028,
            23.073274355848145,
            60.14658932390912,
            40.51727384315743,
            48.855062919422025,
            87.34597001414373,
            30.12115401314646,
            28.7548670779564,
            40.52781390024197,
            53.39429485644935,
            43.062651871688196,
            48.39456655022542
        ],
        [
            77.07713017987788,
            72.40535006193731,
            91.15068169824775,
            29.39724453132747,
            0.0,
            43.865395997278846,
            70.20342695675879,
            47.3115806934197,
            9.323118421452525,
            59.50770861739268,
            23.22874980545279,
            18.400029730992983,
            63.303412140486735,
            21.53778791170213,
            51.86087343171217,
            85.03083673367831,
            28.739280760739803,
            49.09247444320541,
            104.64593553704795,
            25.363804297843767,
            58.14497537599073,
            69.92195716590447,
            68.27050464443423,
            72.24623874487229,
            77.07713017987788
        ],
        [
            34.707605305593354,
            60.16534192161047,
            58.97574188981211,
            14.468175365719354,
            43.865395997278846,
            0.0,
            37.58766055927267,
            66.50626433254025,
            38.78391763169885,
            30.5196196649347,
            34.95112674093899,
            54.22432818461782,
            21.745754532141063,
            39.8558087433619,
            10.24229851340501,
            49.717609741803564,
            51.7292144080121,
            54.8363274336056,
            81.390151775795,
            40.869975217840484,
            14.30307467577924,
            26.06474207154763,
            50.90742420356887,
            28.851906249511213,
            34.707605305593354
        ],
        [
            24.04347682454156,
            34.67778068027561,
            21.829143424557888,
            46.352009331910956,
            70.20342695675879,
            37.58766055927267,
            0.0,
            66.5304584162833,
            69.14225322913583,
            10.877621673820661,
            49.997882162195296,
            71.59080037954875,
            21.260089473536123,
            54.564887883176915,
            28.05986008787017,
            14.979141572759211,
            61.30403275484416,
            48.86224354637704,
            44.69148025797614,
            52.682651345465864,
            34.08396345819401,
            34.65948695628774,
            24.38002602495442,
            28.079155600775433,
            24.04347682454156
        ],
        [
            85.86692519903774,
            45.26037045522154,
            79.97611271377798,
            57.26440649202444,
            47.3115806934197,
            66.50626433254025,
            66.5304584162833,
            0.0,
            55.23223796567174,
            57.44903754467027,
            33.51162440548022,
            30.885472527232217,
            74.2563208006011,
            30.22434783777047,
            67.65608596952532,
            79.70047628858556,
            18.88099105341753,
            18.105254348620786,
            79.83819455801714,
            27.39481261589783,
            77.80494128418273,
            87.29588279755143,
            48.62727525870378,
            85.18535912178938,
            85.86692519903774
        ],
        [
            73.11145169662717,
            75.77117913997525,
            90.6625885571226,
            24.72031342808249,
            9.323118421452525,
            38.78391763169885,
            69.14225322913583,
            55.23223796567174,
            0.0,
            58.84398252523904,
            27.062029136454615,
            27.552158286466312,
            59.54732392373702,
            27.03789039232842,
            47.79328484380481,
            83.60599567806145,
            36.379550891855004,
            54.823476055611145,
            106.47056374156433,
            30.85020029845703,
            52.74587378006256,
            64.46693737532313,
            70.4722330014865,
            67.62051776005347,
            73.11145169662717
        ],
        [
            29.14980826831007,
            32.56979476353518,
            31.824955782932214,
            36.98864904288714,
            59.50770861739268,
            30.5196196649347,
            10.877621673820661,
            57.44903754467027,
            58.84398252523904,
            0.0,
            39.12470067521851,
            60.76632972565998,
            20.722126159367495,
            43.72187218104089,
            22.559474281049425,
            25.8563416075898,
            50.83966919191227,
            40.39643995656936,
            51.043226909672036,
            41.92823631796489,
            31.123073546562605,
            35.38806481657707,
            22.24804512958396,
            30.534735337632092,
            29.14980826831007
        ],
        [
            61.970742607019815,
            49.24454290116837,
            69.79088057427484,
            23.918694685429468,
            23.22874980545279,
            34.95112674093899,
            49.997882162195296,
            33.51162440548022,
            27.062029136454615,
            39.12470067521851,
            0.0,
            21.948849714878456,
            48.533420799925345,
            5.163483676192853,
            38.96158110881131,
            64.96920120399301,
            16.839691691915757,
            28.305252373621045,
            81.54730212287699,
            6.202497196619632,
            48.05044849748759,
            58.98412737777394,
            45.13895613045937,
            58.964347881201135,
            61.970742607019815
        ],
        [
            83.71070930369821,
            64.80138123118053,
            90.5892879925406,
            40.712984104717236,
            18.400029730992983,
            54.22432818461782,
            71.59080037954875,
            30.885472527232217,
            27.552158286466312,
            60.76632972565998,
            21.948849714878456,
            0.0,
            70.12439313414919,
            17.070302296831557,
            59.91641532665699,
            86.50470401851572,
            14.766535397490058,
            37.71388756164933,
            99.14496890399256,
            19.093220308030546,
            68.18284032555776,
            79.5934392002357,
            63.26947171726323,
            80.29264600664285,
            83.71070930369821
        ],
        [
            13.797954520653152,
            53.084823571747165,
            39.96259405675466,
            34.83999266339298,
            63.303412140486735,
            21.745754532141063,
            21.260089473536123,
            74.2563208006011,
            59.54732392373702,
            20.722126159367495,
            48.533420799925345,
            70.12439313414919,
            0.0,
            53.68377493406946,
            11.809081597902564,
            29.621087292600222,
            63.70268301095064,
            58.699117849878625,
            65.60866155735631,
            53.2613928935309,
            13.249379701978429,
            14.667459213315444,
            42.62703797537974,
            10.931737758233767,
            13.797954520653152
        ],
        [
            67.09263801031608,
            51.236078926337285,
            73.9228517382655,
            28.161525424708028,
            21.53778791170213,
            39.8558087433619,
            54.564887883176915,
            30.22434783777047,
            27.03789039232842,
            43.72187218104089,
            5.163483676192853,
            17.070302296831557,
            53.68377493406946,
            0.0,
            44.10891211319609,
            69.5035856587719,
            12.378494121455374,
            27.84619553898993,
            84.40716696013861,
            3.860229674546391,
            53.12089009657245,
            64.11479546658825,
            48.05423250077948,
            64.12737484012992,
            67.09263801031608
        ],
        [
            25.338076696575005,
            54.24234205226896,
            49.05678233854119,
            23.073274355848145,
            51.86087343171217,
            10.24229851340501,
            28.05986008787017,
            67.65608596952532,
            47.79328484380481,
            22.559474281049425,
            38.96158110881131,
            59.91641532665699,
            11.809081597902564,
            44.10891211319609,
            0.0,
            39.56552671155083,
            55.04142662422623,
            53.81394422868976,
            72.47360116222775,
            44.26484897912241,
            10.37771750988094,
            20.08658018761539,
            44.3268640074909,
            20.547155647010047,
            25.338076696575005
        ],
        [
            24.481438791351735,
            42.116071753796334,
            11.033200143295916,
            60.14658932390912,
            85.03083673367831,
            49.717609741803564,
            14.979141572759211,
            79.70047628858556,
            83.60599567806145,
            25.8563416075898,
            64.96920120399301,
            86.50470401851572,
            29.621087292600222,
            69.5035856587719,
            39.56552671155083,
            0.0,
            75.86893136660579,
            61.690209375159185,
            39.16554234959289,
            67.53786351452065,
            42.726924641466404,
            39.1186781704828,
            33.3296754811994,
            31.42091715161447,
            24.481438791351735
        ],
        [
            76.63965015507871,
            50.48774261484768,
            78.74493976781174,
            40.51727384315743,
            28.739280760739803,
            51.7292144080121,
            61.30403275484416,
            18.88099105341753,
            36.379550891855004,
            50.83966919191227,
            16.839691691915757,
            14.766535397490058,
            63.70268301095064,
            12.378494121455374,
            55.04142662422623,
            75.86893136660579,
            0.0,
            22.959642186162068,
            85.16222234662045,
            10.881762812989745,
            64.51850856366624,
            75.12730867408908,
            49.86510480925197,
            74.44007472044939,
            76.63965015507871
        ],
        [
            69.3582501826824,
            28.612870008138902,
            61.89797131002296,
            48.855062919422025,
            49.09247444320541,
            54.8363274336056,
            48.86224354637704,
            18.105254348620786,
            54.823476055611145,
            40.39643995656936,
            28.305252373621045,
            37.71388756164933,
            58.699117849878625,
            27.84619553898993,
            53.81394422868976,
            61.690209375159185,
            22.959642186162068,
            0.0,
            63.60736534505824,
            23.998414537157284,
            64.18716599056604,
            72.53066935972238,
            30.676968275529234,
            69.50679424303614,
            69.3582501826824
        ],
        [
            63.506979174438584,
            34.994948108072364,
            28.438122610653018,
            87.34597001414373,
            104.64593553704795,
            81.390151775795,
            44.69148025797614,
            79.83819455801714,
            106.47056374156433,
            51.043226909672036,
            81.54730212287699,
            99.14496890399256,
            65.60866155735631,
            84.40716696013861,
            72.47360116222775,
            39.16554234959289,
            85.16222234662045,
            63.60736534505824,
            0.0,
            81.11030869363677,
            78.68908516093605,
            77.48167426439429,
            36.41111732341829,
            69.99274866233563,
            63.506979174438584
        ],
        [
            66.4347872464601,
            47.65050470193459,
            71.49850141231445,
            30.12115401314646,
            25.363804297843767,
            40.869975217840484,
            52.682651345465864,
            27.39481261589783,
            30.85020029845703,
            41.92823631796489,
            6.202497196619632,
            19.093220308030546,
            53.2613928935309,
            3.860229674546391,
            44.26484897912241,
            67.53786351452065,
            10.881762812989745,
            23.998414537157284,
            81.11030869363677,
            0.0,
            53.65562449850445,
            64.3484291520348,
            44.84680951591167,
            63.89467254218073,
            66.4347872464601
        ],
        [
            22.789855159040425,
            63.528617557490215,
            53.19072762683553,
            28.7548670779564,
            58.14497537599073,
            14.30307467577924,
            34.08396345819401,
            77.80494128418273,
            52.74587378006256,
            31.123073546562605,
            48.05044849748759,
            68.18284032555776,
            13.249379701978429,
            53.12089009657245,
            10.37771750988094,
            42.726924641466404,
            64.51850856366624,
            64.18716599056604,
            78.68908516093605,
            53.65562449850445,
            0.0,
            11.780377711485267,
            53.33792516582942,
            15.755758438891412,
            22.789855159040425
        ],
        [
            15.356799345250797,
            67.65607731263621,
            50.119905066671556,
            40.52781390024197,
            69.92195716590447,
            26.06474207154763,
            34.65948695628774,
            87.29588279755143,
            64.46693737532313,
            35.38806481657707,
            58.98412737777394,
            79.5934392002357,
            14.667459213315444,
            64.11479546658825,
            20.08658018761539,
            39.1186781704828,
            75.12730867408908,
            72.53066935972238,
            77.48167426439429,
            64.3484291520348,
            11.780377711485267,
            0.0,
            57.17203341762819,
            7.749323052484675,
            15.356799345250797
        ],
        [
            48.32809320541351,
            10.502873258435079,
            31.540528398134068,
            53.39429485644935,
            68.27050464443423,
            50.90742420356887,
            24.38002602495442,
            48.62727525870378,
            70.4722330014865,
            22.24804512958396,
            45.13895613045937,
            63.26947171726323,
            42.62703797537974,
            48.05423250077948,
            44.3268640074909,
            33.3296754811994,
            49.86510480925197,
            30.676968275529234,
            36.41111732341829,
            44.84680951591167,
            53.33792516582942,
            57.17203341762819,
            0.0,
            51.514536197983446,
            48.32809320541351
        ],
        [
            7.753879253857737,
            62.01281197306678,
            42.43904760197444,
            43.062651871688196,
            72.24623874487229,
            28.851906249511213,
            28.079155600775433,
            85.18535912178938,
            67.62051776005347,
            30.534735337632092,
            58.964347881201135,
            80.29264600664285,
            10.931737758233767,
            64.12737484012992,
            20.547155647010047,
            31.42091715161447,
            74.44007472044939,
            69.50679424303614,
            69.99274866233563,
            63.89467254218073,
            15.755758438891412,
            7.749323052484675,
            51.514536197983446,
            0.0,
            7.753879253857737
        ],
        [
            0.0,
            58.70015758660433,
            35.49904097728799,
            48.39456655022542,
            77.07713017987788,
            34.707605305593354,
            24.04347682454156,
            85.86692519903774,
            73.11145169662717,
            29.14980826831007,
            61.970742607019815,
            83.71070930369821,
            13.797954520653152,
            67.09263801031608,
            25.338076696575005,
            24.481438791351735,
            76.63965015507871,
            69.3582501826824,
            63.506979174438584,
            66.4347872464601,
            22.789855159040425,
            15.356799345250797,
            48.32809320541351,
            7.753879253857737,
            0.0
        ]
    ],
    "scores_ave": [
        0,
        16.904814651731357,
        15.187162294779512,
        19.838843876270122,
        14.383796390743813,
        17.446120437332013,
        15.284439806612534,
        12.32390934871622,
        18.97768787021383,
        12.039010767351693,
        15.191382062138798,
        14.626102622449,
        17.052853299460736,
        10.35017975743165,
        14.381715363132525,
        18.603097771094177,
        13.398139858013128,
        16.235729437948,
        16.66438121449045,
        19.702725039497828,
        13.26067710080189,
        17.154181654143976,
        16.90838061838669,
        18.01445347367348,
        0
    ],
    "scores_var": [
        0,
        16.579850153527453,
        21.337280117680546,
        19.35011227698152,
        225.75819746701475,
        327.72953380296923,
        382.17723479467924,
        22.306839734011024,
        21.693536370052197,
        23.639427325204043,
        390.60801688165077,
        292.5956450877429,
        358.8018669812932,
        21.390086968324766,
        23.31497275261365,
        16.020686194143064,
        18.271982750600234,
        21.763819402909988,
        398.22030666379317,
        21.887279008595304,
        377.7059540827812,
        23.255603745989443,
        16.61205791428861,
        17.06193357477931,
        0
    ],
    "vertex_number": 25,
    "minimum_distances": {
        "cost": 392.24418959993653,
        "path": [
            0,
            15,
            2,
            18,
            22,
            1,
            17,
            7,
            16,
            19,
            10,
            13,
            11,
            4,
            8,
            3,
            5,
            20,
            14,
            9,
            6,
            12,
            21,
            23,
            24
        ]
    }
}