{
    "vertices": [
        [
            88.21345597967002,
            22.591049892644712
        ],
        [
            69.99656668395382,
            99.45859832020389
        ],
        [
            30.962898064794906,
            99.20282483024259
        ],
        [
            98.92658897441846,
            82.22477414298781
        ],
        [
            23.689788938903444,
            0.32886618865343165
        ],
        [
            78.41996986293579,
            69.25725103471748
        ],
        [
            18.282562885170293,
            0.31903299072082447
        ],
        [
            24.544767923555067,
            53.97323099796223
        ],
        [
            46.63458880139484,
            33.319533499009765
        ],
        [
            88.21345597967002,
            22.591049892644712
        ]
    ],
    "distances": [
        [
            0.0,
            78.9966775052947,
            95.63989983607061,
            60.588384089106775,
            68.25619702018243,
            47.68277151499334,
            73.39191062967316,
            70.98269598792245,
            42.94068649102727,
            0.0
        ],
        [
            78.9966775052947,
            0.0,
            39.034506605674906,
            33.67418722846891,
            109.41216320685027,
            31.35402843295006,
            111.81677692823844,
            64.30229117998078,
            70.14383726320719,
            78.9966775052947
        ],
        [
            95.63989983607061,
            39.034506605674906,
            0.0,
            70.0522482665463,
            99.14110052756025,
            56.11515885745258,
            99.69350625205986,
            45.682694236909285,
            67.72156205507763,
            95.63989983607061
        ],
        [
            60.588384089106775,
            33.67418722846891,
            70.0522482665463,
            0.0,
            111.20933332795805,
            24.262689112028607,
            114.94350515616574,
            79.56635591076109,
            71.59731729988845,
            60.588384089106775
        ],
        [
            68.25619702018243,
            109.41216320685027,
            99.14110052756025,
            111.20933332795805,
            0.0,
            88.01428828016748,
            5.407234994704056,
            53.65117766515852,
            40.185171025048525,
            68.25619702018243
        ],
        [
            47.68277151499334,
            31.35402843295006,
            56.11515885745258,
            24.262689112028607,
            88.01428828016748,
            0.0,
            91.4821601466156,
            56.001237955004065,
            47.9773904136488,
            47.68277151499334
        ],
        [
            73.39191062967316,
            111.81677692823844,
            99.69350625205986,
            114.94350515616574,
            5.407234994704056,
            91.4821601466156,
            0.0,
            54.018405897833,
            43.50713053456694,
            73.39191062967316
        ],
        [
            70.98269598792245,
            64.30229117998078,
            45.682694236909285,
            79.56635591076109,
            53.65117766515852,
            56.001237955004065,
            54.018405897833,
            0.0,
            30.241286460620046,
            70.98269598792245
        ],
        [
            42.94068649102727,
            70.14383726320719,
            67.72156205507763,
            71.59731729988845,
            40.185171025048525,
            47.9773904136488,
            43.50713053456694,
            30.241286460620046,
            0.0,
            42.94068649102727
        ],
        [
            0.0,
            78.9966775052947,
            95.63989983607061,
            60.588384089106775,
            68.25619702018243,
            47.68277151499334,
            73.39191062967316,
            70.98269598792245,
            42.94068649102727,
            0.0
        ]
    ],
    "scores_ave": [
        0,
        13.71306824413152,
        17.088781948199838,
        10.333876705281096,
        15.173585989229359,
        11.47434795201368,
        13.288812839082864,
        12.688516752875634,
        16.691721678422763,
        0
    ],
    "scores_var": [
        0,
        370.57526401740245,
        22.243568031987447,
        336.5533871429709,
        239.845044396126,
        231.18155811565802,
        232.74443366335288,
        226.5125910505893,
        399.0946476627455,
        0
    ],
    "vertex_number": 10,
    "minimum_distances": {
        "cost": 332.8883471066879,
        "path": [
            0,
            8,
            4,
            6,
            7,
            2,
            1,
            3,
            5,
            9
        ]
    }
}