{
    "vertices": [
        [
            80.36499919658908,
            79.3034483198756
        ],
        [
            79.97175672835833,
            26.090093252906943
        ],
        [
            58.282825956293514,
            56.83986691291045
        ],
        [
            0.9366789406830556,
            4.9455091217186276
        ],
        [
            78.02372989425648,
            1.860651543886238
        ],
        [
            16.767431894290564,
            61.051193039883614
        ],
        [
            74.41147799410969,
            51.445349721874564
        ],
        [
            94.96404737294782,
            45.09037236918954
        ],
        [
            56.57232540016138,
            87.97520154968097
        ],
        [
            49.10662287012162,
            12.262948357149494
        ],
        [
            79.68561177071113,
            38.63938921118187
        ],
        [
            42.031609053812815,
            55.35368396939096
        ],
        [
            24.983857349726325,
            35.11666420391624
        ],
        [
            27.86459898088367,
            12.594239619241964
        ],
        [
            6.646855455688961,
            38.32044371610762
        ],
        [
            16.125146289072532,
            94.50532639463468
        ],
        [
            99.603630776782,
            61.65826932387037
        ],
        [
            44.129110955801885,
            47.63552932581321
        ],
        [
            50.357874490043365,
            12.7279410194034
        ],
        [
            76.60526005110118,
            91.50320743960538
        ],
        [
            80.36499919658908,
            79.3034483198756
        ]
    ],
    "distances": [
        [
            0.0,
            53.21480806243784,
            31.499759755302513,
            108.80239510448095,
            77.47817960195782,
            66.16491056123618,
            28.487156267418463,
            37.19767161615168,
            25.323716758443208,
            73.96968788510156,
            40.66973408408,
            45.20000013586329,
            70.84873155373165,
            84.89057985591766,
            84.34436189192778,
            66.01405758305728,
            26.105119936124797,
            48.123764295962104,
            73.02551407192841,
            12.76596103008089,
            0.0
        ],
        [
            53.21480806243784,
            0.0,
            37.629221333650605,
            81.81465002665955,
            24.307625430658852,
            72.22925429523202,
            25.9577682054845,
            24.202879689584254,
            66.16116697418853,
            33.82079869037899,
            12.552557826401852,
            47.91463813061944,
            55.72385540509705,
            53.82651719943913,
            74.33789490629542,
            93.57902430792319,
            40.62641539279864,
            41.81986455679465,
            32.488907853852375,
            65.4996855525279,
            53.21480806243784
        ],
        [
            31.499759755302513,
            37.629221333650605,
            0.0,
            77.34083622573678,
            58.41590032586531,
            41.728446075442555,
            17.00688778940267,
            38.517043326955225,
            31.182284635610177,
            45.51158501970257,
            28.095135329607427,
            16.31903154458262,
            39.75825506982419,
            53.69305417777772,
            54.856562825988135,
            56.53279395973126,
            41.60079221369286,
            16.88334915626615,
            44.818153261559964,
            39.207891649873005,
            31.499759755302513
        ],
        [
            108.80239510448095,
            81.81465002665955,
            77.34083622573678,
            0.0,
            77.14875093606076,
            58.29631641024319,
            86.95275310064272,
            102.23872094003818,
            99.94626046854425,
            48.72256576915339,
            85.65437512089737,
            65.03673863653162,
            38.58193085409769,
            27.993141229865245,
            33.85989331070415,
            90.83859537856806,
            113.80467720781003,
            60.729103471125484,
            50.03019903788323,
            114.96942769864614,
            108.80239510448095
        ],
        [
            77.47817960195782,
            24.307625430658852,
            58.41590032586531,
            77.14875093606076,
            0.0,
            85.18130221621419,
            49.716100583134164,
            46.430411573800605,
            88.74614626827356,
            30.731203322299248,
            36.816265369684615,
            64.47431489104167,
            62.603438065205964,
            51.29472026394423,
            80.14970149576733,
            111.42024246306794,
            63.5723777615774,
            56.95774424021194,
            29.72368644350014,
            89.65377785800814,
            77.47817960195782
        ],
        [
            66.16491056123618,
            72.22925429523202,
            41.728446075442555,
            58.29631641024319,
            85.18130221621419,
            0.0,
            58.43892775032933,
            79.80888715424514,
            48.05550729364282,
            58.53303419602991,
            66.79061543224336,
            25.898653578054436,
            27.204952365485887,
            49.7114016313964,
            24.881982080813433,
            33.460298404469405,
            82.8384233729388,
            30.47361996800138,
            58.85112165127704,
            67.14082855852212,
            66.16491056123618
        ],
        [
            28.487156267418463,
            25.9577682054845,
            17.00688778940267,
            86.95275310064272,
            49.716100583134164,
            58.43892775032933,
            0.0,
            21.512643845541028,
            40.65298807998822,
            46.643287507983764,
            13.849516659252368,
            32.614889072034444,
            52.05492919320374,
            60.630196289297814,
            69.02396124125922,
            72.46694456570019,
            27.183603304608724,
            30.521082629766525,
            45.58084661527275,
            40.117884349097274,
            28.487156267418463
        ],
        [
            37.19767161615168,
            24.202879689584254,
            38.517043326955225,
            102.23872094003818,
            46.430411573800605,
            79.80888715424514,
            21.512643845541028,
            0.0,
            57.558951431342656,
            56.39630439398195,
            16.584504157694678,
            53.91825842339365,
            70.68735283098546,
            74.55423943828745,
            88.57628532580124,
            93.0452040969868,
            17.20525918613422,
            50.898610830445264,
            55.10932427574467,
            49.91188567067386,
            37.19767161615168
        ],
        [
            25.323716758443208,
            66.16116697418853,
            31.182284635610177,
            99.94626046854425,
            88.74614626827356,
            48.05550729364282,
            40.65298807998822,
            57.558951431342656,
            0.0,
            76.07944530395207,
            54.48161511874112,
            35.71548461250581,
            61.57805034350277,
            80.66240126429656,
            70.41411452746696,
            40.9709266252935,
            50.440798607812376,
            42.21519561529243,
            75.50344109658668,
            20.34122160265125,
            25.323716758443208
        ],
        [
            73.96968788510156,
            33.82079869037899,
            45.51158501970257,
            48.72256576915339,
            30.731203322299248,
            58.53303419602991,
            46.643287507983764,
            56.39630439398195,
            76.07944530395207,
            0.0,
            40.38305578220456,
            43.667691902653324,
            33.22950713382203,
            21.244607146551207,
            49.81791759266782,
            88.60917865958874,
            70.63883875695223,
            35.721073741446595,
            1.3348590908057554,
            83.87606158055993,
            73.96968788510156
        ],
        [
            40.66973408408,
            12.552557826401852,
            28.095135329607427,
            85.65437512089737,
            36.816265369684615,
            66.79061543224336,
            13.849516659252368,
            16.584504157694678,
            54.48161511874112,
            40.38305578220456,
            0.0,
            41.19698496089831,
            54.815066616857685,
            57.997992929324624,
            73.03945269697753,
            84.62231212646029,
            30.440044723497472,
            36.67690400187455,
            39.13463071755105,
            52.953487556574636,
            40.66973408408
        ],
        [
            45.20000013586329,
            47.91463813061944,
            16.31903154458262,
            65.03673863653162,
            64.47431489104167,
            25.898653578054436,
            32.614889072034444,
            53.91825842339365,
            35.71548461250581,
            43.667691902653324,
            41.19698496089831,
            0.0,
            26.4605896977448,
            45.04524675856449,
            39.27100789037647,
            46.94673489791403,
            57.916193605605265,
            7.998088854909559,
            43.43133267760709,
            50.021249388693626,
            45.20000013586329
        ],
        [
            70.84873155373165,
            55.72385540509705,
            39.75825506982419,
            38.58193085409769,
            62.603438065205964,
            27.204952365485887,
            52.05492919320374,
            70.68735283098546,
            61.57805034350277,
            33.22950713382203,
            54.815066616857685,
            26.4605896977448,
            0.0,
            22.705908515578564,
            18.61477482068121,
            60.04573222519166,
            79.19954159367781,
            22.874936493489937,
            33.83926228022481,
            76.4474425663001,
            70.84873155373165
        ],
        [
            84.89057985591766,
            53.82651719943913,
            53.69305417777772,
            27.993141229865245,
            51.29472026394423,
            49.7114016313964,
            60.630196289297814,
            74.55423943828745,
            80.66240126429656,
            21.244607146551207,
            57.997992929324624,
            45.04524675856449,
            22.705908515578564,
            0.0,
            33.3471170798096,
            82.74805669155734,
            86.91241392269329,
            38.63193412297803,
            22.4936728702844,
            92.74846221925712,
            84.89057985591766
        ],
        [
            84.34436189192778,
            74.33789490629542,
            54.856562825988135,
            33.85989331070415,
            80.14970149576733,
            24.881982080813433,
            69.02396124125922,
            88.57628532580124,
            70.41411452746696,
            49.81791759266782,
            73.03945269697753,
            39.27100789037647,
            18.61477482068121,
            33.3471170798096,
            0.0,
            56.97875954004311,
            95.84162030242663,
            38.62240667400065,
            50.65204220268425,
            87.87823809570139,
            84.34436189192778
        ],
        [
            66.01405758305728,
            93.57902430792319,
            56.53279395973126,
            90.83859537856806,
            111.42024246306794,
            33.460298404469405,
            72.46694456570019,
            93.0452040969868,
            40.9709266252935,
            88.60917865958874,
            84.62231212646029,
            46.94673489791403,
            60.04573222519166,
            82.74805669155734,
            56.97875954004311,
            0.0,
            89.70834147711571,
            54.598533994310976,
            88.65337240562614,
            60.5545776873068,
            66.01405758305728
        ],
        [
            26.105119936124797,
            40.62641539279864,
            41.60079221369286,
            113.80467720781003,
            63.5723777615774,
            82.8384233729388,
            27.183603304608724,
            17.20525918613422,
            50.440798607812376,
            70.63883875695223,
            30.440044723497472,
            57.916193605605265,
            79.19954159367781,
            86.91241392269329,
            95.84162030242663,
            89.70834147711571,
            0.0,
            57.2193986897925,
            69.42133346627519,
            37.67818184530544,
            26.105119936124797
        ],
        [
            48.123764295962104,
            41.81986455679465,
            16.88334915626615,
            60.729103471125484,
            56.95774424021194,
            30.47361996800138,
            30.521082629766525,
            50.898610830445264,
            42.21519561529243,
            35.721073741446595,
            36.67690400187455,
            7.998088854909559,
            22.874936493489937,
            38.63193412297803,
            38.62240667400065,
            54.598533994310976,
            57.2193986897925,
            0.0,
            35.45895114826855,
            54.580888991985006,
            48.123764295962104
        ],
        [
            73.02551407192841,
            32.488907853852375,
            44.818153261559964,
            50.03019903788323,
            29.72368644350014,
            58.85112165127704,
            45.58084661527275,
            55.10932427574467,
            75.50344109658668,
            1.3348590908057554,
            39.13463071755105,
            43.43133267760709,
            33.83926228022481,
            22.4936728702844,
            50.65204220268425,
            88.65337240562614,
            69.42133346627519,
            35.45895114826855,
            0.0,
            83.03293231221349,
            73.02551407192841
        ],
        [
            12.76596103008089,
            65.4996855525279,
            39.207891649873005,
            114.96942769864614,
            89.65377785800814,
            67.14082855852212,
            40.117884349097274,
            49.91188567067386,
            20.34122160265125,
            83.87606158055993,
            52.953487556574636,
            50.021249388693626,
            76.4474425663001,
            92.74846221925712,
            87.87823809570139,
            60.5545776873068,
            37.67818184530544,
            54.580888991985006,
            83.03293231221349,
            0.0,
            12.76596103008089
        ],
        [
            0.0,
            53.21480806243784,
            31.499759755302513,
            108.80239510448095,
            77.47817960195782,
            66.16491056123618,
            28.487156267418463,
            37.19767161615168,
            25.323716758443208,
            73.96968788510156,
            40.66973408408,
            45.20000013586329,
            70.84873155373165,
            84.89057985591766,
            84.34436189192778,
            66.01405758305728,
            26.105119936124797,
            48.123764295962104,
            73.02551407192841,
            12.76596103008089,
            0.0
        ]
    ],
    "scores_ave": [
        0,
        14.019323592047666,
        16.122551937335107,
        11.746488505965315,
        17.006558303925004,
        10.892288810030013,
        17.14637370836484,
        14.63197036822768,
        11.878731054968139,
        15.85496382877308,
        12.366174590411383,
        12.172797541483533,
        18.548630392406118,
        12.59137114667437,
        17.704328859154366,
        11.458561673358126,
        13.140560619621255,
        19.689887606142236,
        18.711198085740406,
        15.91096761236251,
        0
    ],
    "scores_var": [
        0,
        18.87178509579183,
        18.090740304654062,
        22.51427158852717,
        355.5210287480828,
        16.434136176010785,
        20.135824347405876,
        313.3484734389792,
        21.501778767535274,
        356.25956879759144,
        227.78713210623403,
        23.826348491857217,
        16.00535314173749,
        20.26005665669798,
        314.6503887621865,
        378.35106925073796,
        19.360917745426388,
        316.8189780520676,
        16.427618074053093,
        21.001196899500428,
        0
    ],
    "vertex_number": 21,
    "minimum_distances": {
        "cost": 447.19844048571883,
        "path": [
            0,
            16,
            7,
            6,
            2,
            11,
            17,
            10,
            1,
            4,
            18,
            9,
            13,
            3,
            14,
            12,
            5,
            15,
            8,
            19,
            20
        ]
    }
}