{
    "vertices": [
        [
            31.815559539168504,
            66.18782392039523
        ],
        [
            7.9783219682137085,
            20.58728759144848
        ],
        [
            3.744473986039487,
            54.22406097038345
        ],
        [
            25.70586421277431,
            99.26565005715243
        ],
        [
            18.470120600043273,
            86.41875697193628
        ],
        [
            73.45935848887623,
            84.05019825342127
        ],
        [
            3.4212593250765977,
            15.175252196928767
        ],
        [
            24.87412151243562,
            19.485089311934832
        ],
        [
            0.9375375196802094,
            1.1607317955840801
        ],
        [
            11.019796213582334,
            5.093240161568735
        ],
        [
            1.6430738164224135,
            69.65173839065655
        ],
        [
            95.86728990340234,
            15.608340169719048
        ],
        [
            90.36278838018976,
            5.961812954926904
        ],
        [
            41.00541579832743,
            36.09982861255292
        ],
        [
            40.27481879948442,
            55.21304591536686
        ],
        [
            16.06945013574801,
            95.94732703937994
        ],
        [
            26.2586288951264,
            28.113236631214512
        ],
        [
            98.71050571985386,
            53.99890904469669
        ],
        [
            88.40820211670986,
            75.79657199629379
        ],
        [
            65.482936923526,
            37.116911486331716
        ],
        [
            31.815559539168504,
            66.18782392039523
        ]
    ],
    "distances": [
        [
            0.0,
            51.45505619957801,
            30.514217474075316,
            33.63734470666346,
            24.23615878421859,
            45.31302691033591,
            58.38252100149316,
            47.215770477534925,
            71.98593580724418,
            64.5369036827617,
            30.37067003124235,
            81.6143880644671,
            83.9937521591673,
            31.460148119624986,
            13.85658036792971,
            33.66850141056694,
            38.477963504116694,
            67.99634894877677,
            57.402571662735035,
            44.481572023588996,
            0.0
        ],
        [
            51.45505619957801,
            0.0,
            33.90218270380226,
            80.65079338926165,
            66.66228468425727,
            91.18830612260477,
            7.075093430125848,
            16.93171235539667,
            20.663100341927006,
            15.789745765673485,
            49.471766709636356,
            88.02988471048319,
            83.67260492138121,
            36.48873601256398,
            47.34983471015166,
            75.79315206941358,
            19.768903113002686,
            96.68849784993327,
            97.55527000217134,
            59.833178147788715,
            51.45505619957801
        ],
        [
            30.514217474075316,
            33.90218270380226,
            0.0,
            50.11035230521005,
            35.40258632971499,
            75.82719555984177,
            39.050146406164636,
            40.66027737825007,
            53.13751777641944,
            49.66656689225097,
            15.570135299889692,
            99.88887378231466,
            99.15632593026679,
            41.43507672611864,
            36.54372974137406,
            43.50558548686776,
            34.47698245121373,
            94.96629863618715,
            87.36887370767172,
            64.06475137978049,
            30.514217474075316
        ],
        [
            33.63734470666346,
            80.65079338926165,
            50.11035230521005,
            0.0,
            14.744444634239452,
            50.118920470909636,
            86.99309528515185,
            79.7848962444705,
            101.18322486600654,
            95.31066770733862,
            38.15758962316391,
            109.1841158435767,
            113.517064183274,
            64.99228629222108,
            46.39920656026872,
            10.191748815300999,
            71.15456053641007,
            85.89968290666704,
            66.95058478942502,
            73.78808318001386,
            33.63734470666346
        ],
        [
            24.23615878421859,
            66.66228468425727,
            35.40258632971499,
            14.744444634239452,
            0.0,
            55.04022487233964,
            72.8155560186126,
            67.23932699027739,
            87.04207216307145,
            81.66607017566639,
            23.754629350152882,
            104.90203498443944,
            107.89752323896361,
            55.134690358344834,
            38.06890156170533,
            9.826335339704372,
            58.82341849692942,
            86.54227836035322,
            70.74013047689878,
            68.12398158469564,
            24.23615878421859
        ],
        [
            45.31302691033591,
            91.18830612260477,
            75.82719555984177,
            50.118920470909636,
            55.04022487233964,
            0.0,
            98.22979959647166,
            80.80333250976041,
            110.13663407946075,
            100.66230758456147,
            73.24543938413211,
            72.01668784544137,
            79.8969452520975,
            57.900745632999715,
            43.963564793644494,
            58.61009515544351,
            73.19052226693374,
            39.25175689809203,
            17.07601452920927,
            47.60626752592612,
            45.31302691033591
        ],
        [
            58.38252100149316,
            7.075093430125848,
            39.050146406164636,
            86.99309528515185,
            72.8155560186126,
            98.22979959647166,
            0.0,
            21.881498851488725,
            14.232907506420041,
            12.624766513766778,
            54.5054996465366,
            92.44704503055203,
            87.42835316478943,
            43.01635405260535,
            54.41699892289096,
            81.75637470642694,
            26.247607321446598,
            102.89468795578227,
            104.39216857257651,
            65.82619720678173,
            58.38252100149316
        ],
        [
            47.215770477534925,
            16.93171235539667,
            40.66027737825007,
            79.7848962444705,
            67.23932699027739,
            80.80333250976041,
            21.881498851488725,
            0.0,
            30.145350083043898,
            19.976677688077658,
            55.284484775043815,
            71.0989391067112,
            66.87035585028457,
            23.157465693930085,
            38.90589107042833,
            76.96749987065834,
            8.738523150734247,
            81.50469548051242,
            84.89736438984002,
            44.27140208172275,
            47.215770477534925
        ],
        [
            71.98593580724418,
            20.663100341927006,
            53.13751777641944,
            101.18322486600654,
            87.04207216307145,
            110.13663407946075,
            14.232907506420041,
            30.145350083043898,
            0.0,
            10.822040584811363,
            68.49464041713249,
            96.022868502077,
            89.55403883557491,
            53.161784734318424,
            66.85113581824997,
            95.98683981323427,
            36.98101114569986,
            111.136970831856,
            114.98532866201641,
            73.88474431271526,
            71.98593580724418
        ],
        [
            64.5369036827617,
            15.789745765673485,
            49.66656689225097,
            95.31066770733862,
            81.66607017566639,
            100.66230758456147,
            12.624766513766778,
            19.976677688077658,
            10.822040584811363,
            0.0,
            65.23589975242571,
            85.49657603451408,
            79.3477461850536,
            43.13404582519189,
            58.03319115213377,
            90.99430810294955,
            27.60692411259537,
            100.40629951661124,
            104.82331086527685,
            63.18029139777348,
            64.5369036827617
        ],
        [
            30.37067003124235,
            49.471766709636356,
            15.570135299889692,
            38.15758962316391,
            23.754629350152882,
            73.24543938413211,
            54.5054996465366,
            55.284484775043815,
            68.49464041713249,
            65.23589975242571,
            0.0,
            108.62270383521447,
            109.2135264254623,
            51.72160685882108,
            41.241818107745004,
            29.99297111140657,
            48.28429020138826,
            98.3213984993147,
            86.98244920101014,
            71.65223711251522,
            30.37067003124235
        ],
        [
            81.6143880644671,
            88.02988471048319,
            99.88887378231466,
            109.1841158435767,
            104.90203498443944,
            72.01668784544137,
            92.44704503055203,
            71.0989391067112,
            96.022868502077,
            85.49657603451408,
            108.62270383521447,
            0.0,
            11.106530706065469,
            58.56386538578104,
            68.2572747818084,
            113.23448256970039,
            70.72296743546467,
            38.49570956253855,
            60.64867056266847,
            37.2267047438735,
            81.6143880644671
        ],
        [
            83.9937521591673,
            83.67260492138121,
            99.15632593026679,
            113.517064183274,
            107.89752323896361,
            79.8969452520975,
            87.42835316478943,
            66.87035585028457,
            89.55403883557491,
            79.3477461850536,
            109.2135264254623,
            11.106530706065469,
            0.0,
            57.83122180936597,
            70.24591550290444,
            116.69144292768998,
            67.8235123992619,
            48.757019858895234,
            69.8621068808203,
            39.87037964463338,
            83.9937521591673
        ],
        [
            31.460148119624986,
            36.48873601256398,
            41.43507672611864,
            64.99228629222108,
            55.134690358344834,
            57.900745632999715,
            43.01635405260535,
            23.157465693930085,
            53.161784734318424,
            43.13404582519189,
            51.72160685882108,
            58.56386538578104,
            57.83122180936597,
            0.0,
            19.12717563152764,
            64.83460072734621,
            16.770610467266845,
            60.417335948946004,
            61.829245394237184,
            24.498642778869943,
            31.460148119624986
        ],
        [
            13.85658036792971,
            47.34983471015166,
            36.54372974137406,
            46.39920656026872,
            38.06890156170533,
            43.963564793644494,
            54.41699892289096,
            38.90589107042833,
            66.85113581824997,
            58.03319115213377,
            41.241818107745004,
            68.2572747818084,
            70.24591550290444,
            19.12717563152764,
            0.0,
            47.383346555910556,
            30.509887621432785,
            58.44829881353397,
            52.349824598437344,
            31.030941020686832,
            13.85658036792971
        ],
        [
            33.66850141056694,
            75.79315206941358,
            43.50558548686776,
            10.191748815300999,
            9.826335339704372,
            58.61009515544351,
            81.75637470642694,
            76.96749987065834,
            95.98683981323427,
            90.99430810294955,
            29.99297111140657,
            113.23448256970039,
            116.69144292768998,
            64.83460072734621,
            47.383346555910556,
            0.0,
            68.59506677082345,
            92.67801163335312,
            75.09292887462556,
            76.8290991140092,
            33.66850141056694
        ],
        [
            38.477963504116694,
            19.768903113002686,
            34.47698245121373,
            71.15456053641007,
            58.82341849692942,
            73.19052226693374,
            26.247607321446598,
            8.738523150734247,
            36.98101114569986,
            27.60692411259537,
            48.28429020138826,
            70.72296743546467,
            67.8235123992619,
            16.770610467266845,
            30.509887621432785,
            68.59506677082345,
            0.0,
            76.93726334958629,
            78.33434702072638,
            40.24440956460217,
            38.477963504116694
        ],
        [
            67.99634894877677,
            96.68849784993327,
            94.96629863618715,
            85.89968290666704,
            86.54227836035322,
            39.25175689809203,
            102.89468795578227,
            81.50469548051242,
            111.136970831856,
            100.40629951661124,
            98.3213984993147,
            38.49570956253855,
            48.757019858895234,
            60.417335948946004,
            58.44829881353397,
            92.67801163335312,
            76.93726334958629,
            0.0,
            24.10965718716844,
            37.270271929184275,
            67.99634894877677
        ],
        [
            57.402571662735035,
            97.55527000217134,
            87.36887370767172,
            66.95058478942502,
            70.74013047689878,
            17.07601452920927,
            104.39216857257651,
            84.89736438984002,
            114.98532866201641,
            104.82331086527685,
            86.98244920101014,
            60.64867056266847,
            69.8621068808203,
            61.829245394237184,
            52.349824598437344,
            75.09292887462556,
            78.33434702072638,
            24.10965718716844,
            0.0,
            44.96313958503929,
            57.402571662735035
        ],
        [
            44.481572023588996,
            59.833178147788715,
            64.06475137978049,
            73.78808318001386,
            68.12398158469564,
            47.60626752592612,
            65.82619720678173,
            44.27140208172275,
            73.88474431271526,
            63.18029139777348,
            71.65223711251522,
            37.2267047438735,
            39.87037964463338,
            24.498642778869943,
            31.030941020686832,
            76.8290991140092,
            40.24440956460217,
            37.270271929184275,
            44.96313958503929,
            0.0,
            44.481572023588996
        ],
        [
            0.0,
            51.45505619957801,
            30.514217474075316,
            33.63734470666346,
            24.23615878421859,
            45.31302691033591,
            58.38252100149316,
            47.215770477534925,
            71.98593580724418,
            64.5369036827617,
            30.37067003124235,
            81.6143880644671,
            83.9937521591673,
            31.460148119624986,
            13.85658036792971,
            33.66850141056694,
            38.477963504116694,
            67.99634894877677,
            57.402571662735035,
            44.481572023588996,
            0.0
        ]
    ],
    "scores_ave": [
        0,
        13.671691008798998,
        17.355687270163834,
        14.063179522172806,
        19.745034819481805,
        12.941861452495981,
        16.62057033281006,
        10.029850112611063,
        11.06326200550616,
        19.30168084024224,
        13.622106185988642,
        19.244336368956784,
        14.828072948601637,
        15.179781704836525,
        14.258002976900805,
        11.704170969846569,
        12.919397277470509,
        15.573501460435534,
        11.587623702697563,
        15.089314466923295,
        0
    ],
    "scores_var": [
        0,
        377.3098233444881,
        256.0083170044169,
        18.280725553885908,
        368.48229792287344,
        251.8936999014143,
        22.369086331207235,
        16.41862277895059,
        16.254502113541957,
        341.57192883391843,
        17.007013981991438,
        17.79908434136568,
        334.1077744100477,
        299.53379061213366,
        362.5543243803853,
        20.24911665749352,
        252.66115385463664,
        24.055080892290427,
        293.84089542770494,
        24.47037205224057,
        0
    ],
    "vertex_number": 21,
    "minimum_distances": {
        "cost": 427.98576594505244,
        "path": [
            0,
            14,
            19,
            12,
            11,
            17,
            18,
            5,
            3,
            15,
            4,
            10,
            2,
            1,
            6,
            8,
            9,
            7,
            16,
            13,
            20
        ]
    }
}