{
    "vertices": [
        [
            75.15167398655065,
            77.75090278263075
        ],
        [
            75.31091506845493,
            68.69171086782977
        ],
        [
            50.10277545784948,
            25.546493907476474
        ],
        [
            5.121249840765296,
            41.452104869733496
        ],
        [
            53.21038588196868,
            36.83737799493314
        ],
        [
            18.02928984351373,
            72.2921224696477
        ],
        [
            61.79989280050312,
            93.66281104903281
        ],
        [
            27.254144790698298,
            25.36224332372973
        ],
        [
            37.22989408684819,
            56.409211114628086
        ],
        [
            34.164649737605366,
            5.880726943862335
        ],
        [
            11.896634468038902,
            76.44425138901357
        ],
        [
            55.81791983581721,
            44.88829591571797
        ],
        [
            31.199125233085645,
            63.11078245823495
        ],
        [
            39.51490908856482,
            37.639452107684825
        ],
        [
            90.67788359800743,
            0.7664458324578516
        ],
        [
            40.631614180289034,
            37.93149139598746
        ],
        [
            75.15167398655065,
            77.75090278263075
        ]
    ],
    "distances": [
        [
            0.0,
            9.06059136432945,
            57.902915500909394,
            78.87878698331986,
            46.425603218933155,
            57.38261977890245,
            20.771588420688655,
            70.9841175402514,
            43.51470089537065,
            82.7360763626069,
            63.268533745875004,
            38.12800781119131,
            46.326662571768594,
            53.65545161158309,
            78.53451341169638,
            52.69933635451794,
            0.0
        ],
        [
            9.06059136432945,
            0.0,
            49.969591244913474,
            75.29000756877811,
            38.77024520299083,
            57.39466484014978,
            28.391963070291006,
            64.70622788560844,
            40.012797442680416,
            75.0881805091425,
            63.886405976552616,
            30.76653094715192,
            44.46343176580966,
            47.38772856150975,
            69.64183621871106,
            46.35563624898111,
            9.06059136432945
        ],
        [
            57.902915500909394,
            49.969591244913474,
            0.0,
            47.710859423438094,
            11.710734649221479,
            56.690936393090915,
            69.11335048351289,
            22.84937355030751,
            33.439772550071034,
            25.313360933338824,
            63.641895996133314,
            20.168494742717684,
            42.05263090633995,
            16.07303805401504,
            47.543560901406465,
            15.591377704872134,
            57.902915500909394
        ],
        [
            78.87878698331986,
            75.29000756877811,
            47.710859423438094,
            0.0,
            48.31004770561059,
            33.43238224051004,
            77.06118612828745,
            27.36327252786736,
            35.42146330323716,
            45.922129797222205,
            35.64205598551044,
            50.81298807875503,
            33.89917255420908,
            34.604336686862,
            94.73785110064674,
            35.68446012982741,
            78.87878698331986
        ],
        [
            46.425603218933155,
            38.77024520299083,
            11.710734649221479,
            48.31004770561059,
            0.0,
            49.94745663429013,
            57.47094457975712,
            28.37966115566583,
            25.267227186201126,
            36.34631081111906,
            57.23225031349634,
            8.462653997871305,
            34.27517144297479,
            13.71894338063286,
            52.00889858640791,
            12.626265546761772,
            46.425603218933155
        ],
        [
            57.38261977890245,
            57.39466484014978,
            56.690936393090915,
            33.43238224051004,
            49.94745663429013,
            0.0,
            48.70905473908799,
            47.82793645399163,
            24.918468580965484,
            68.34342173606883,
            7.406054044994187,
            46.67922735535671,
            16.05433177038488,
            40.77302291415452,
            101.94969638460582,
            41.128068678275795,
            57.38261977890245
        ],
        [
            20.771588420688655,
            28.391963070291006,
            69.11335048351289,
            77.06118612828745,
            57.47094457975712,
            48.70905473908799,
            0.0,
            76.5400304230123,
            44.626399640366294,
            92.02934830255325,
            52.79028309227278,
            49.13997687260538,
            43.24157058581521,
            60.29292865761681,
            97.28141149753134,
            59.61607174255053,
            20.771588420688655
        ],
        [
            70.9841175402514,
            64.70622788560844,
            22.84937355030751,
            27.36327252786736,
            28.37966115566583,
            47.82793645399163,
            76.5400304230123,
            0.0,
            32.61027112780136,
            20.670862562560583,
            53.340647458503106,
            34.59994183020036,
            37.954118056939365,
            17.350971059069362,
            68.02590608385474,
            18.35599859368571,
            70.9841175402514
        ],
        [
            43.51470089537065,
            40.012797442680416,
            33.439772550071034,
            35.42146330323716,
            25.267227186201126,
            24.918468580965484,
            44.626399640366294,
            32.61027112780136,
            0.0,
            50.62137330728879,
            32.29824889541601,
            21.868840578887884,
            9.015610430856311,
            18.908335377203297,
            77.154422498206,
            18.788236362010135,
            43.51470089537065
        ],
        [
            82.7360763626069,
            75.0881805091425,
            25.313360933338824,
            45.922129797222205,
            36.34631081111906,
            68.34342173606883,
            92.02934830255325,
            20.670862562560583,
            50.62137330728879,
            0.0,
            73.99375302123215,
            44.61451045388921,
            57.30683719910809,
            32.20624006545534,
            56.74417567157851,
            32.696683793139364,
            82.7360763626069
        ],
        [
            63.268533745875004,
            63.886405976552616,
            63.641895996133314,
            35.64205598551044,
            57.23225031349634,
            7.406054044994187,
            52.79028309227278,
            53.340647458503106,
            32.29824889541601,
            73.99375302123215,
            0.0,
            54.081952943569185,
            23.45991354337764,
            47.62962880685717,
            109.24108873649156,
            48.05134484427943,
            63.268533745875004
        ],
        [
            38.12800781119131,
            30.76653094715192,
            20.168494742717684,
            50.81298807875503,
            8.462653997871305,
            46.67922735535671,
            49.13997687260538,
            34.59994183020036,
            21.868840578887884,
            44.61451045388921,
            54.081952943569185,
            0.0,
            30.62913749167118,
            17.841914022275954,
            56.231261130005755,
            16.70392195231018,
            38.12800781119131
        ],
        [
            46.326662571768594,
            44.46343176580966,
            42.05263090633995,
            33.89917255420908,
            34.27517144297479,
            16.05433177038488,
            43.24157058581521,
            37.954118056939365,
            9.015610430856311,
            57.30683719910809,
            23.45991354337764,
            30.62913749167118,
            0.0,
            26.79441977274194,
            86.16576469770905,
            26.888074422250668,
            46.326662571768594
        ],
        [
            53.65545161158309,
            47.38772856150975,
            16.07303805401504,
            34.604336686862,
            13.71894338063286,
            40.77302291415452,
            60.29292865761681,
            17.350971059069362,
            18.908335377203297,
            32.20624006545534,
            47.62962880685717,
            17.841914022275954,
            26.79441977274194,
            0.0,
            63.0655892894596,
            1.1542604592530632,
            53.65545161158309
        ],
        [
            78.53451341169638,
            69.64183621871106,
            47.543560901406465,
            94.73785110064674,
            52.00889858640791,
            101.94969638460582,
            97.28141149753134,
            68.02590608385474,
            77.154422498206,
            56.74417567157851,
            109.24108873649156,
            56.231261130005755,
            86.16576469770905,
            63.0655892894596,
            0.0,
            62.33674433566519,
            78.53451341169638
        ],
        [
            52.69933635451794,
            46.35563624898111,
            15.591377704872134,
            35.68446012982741,
            12.626265546761772,
            41.128068678275795,
            59.61607174255053,
            18.35599859368571,
            18.788236362010135,
            32.696683793139364,
            48.05134484427943,
            16.70392195231018,
            26.888074422250668,
            1.1542604592530632,
            62.33674433566519,
            0.0,
            52.69933635451794
        ],
        [
            0.0,
            9.06059136432945,
            57.902915500909394,
            78.87878698331986,
            46.425603218933155,
            57.38261977890245,
            20.771588420688655,
            70.9841175402514,
            43.51470089537065,
            82.7360763626069,
            63.268533745875004,
            38.12800781119131,
            46.326662571768594,
            53.65545161158309,
            78.53451341169638,
            52.69933635451794,
            0.0
        ]
    ],
    "scores_ave": [
        0,
        12.972504188345642,
        17.519862608302397,
        19.338149940885245,
        19.460505240874742,
        12.170107437869403,
        19.389628418316473,
        16.226050236514872,
        12.85262884233044,
        13.552657403384256,
        13.402991194768381,
        10.646698773924268,
        19.07367080984021,
        10.747287249073956,
        17.09764434836058,
        16.08434532422433,
        0
    ],
    "scores_var": [
        0,
        350.18539579726615,
        18.163121218921983,
        19.499421353524802,
        239.8511847832131,
        358.8136408368921,
        18.134046847221974,
        17.90889474716796,
        21.218378712645844,
        229.71926336630273,
        371.1602251323951,
        16.719887335622243,
        229.56413705678594,
        22.394700946119926,
        23.010160134664304,
        17.68426920221657,
        0
    ],
    "vertex_number": 17,
    "minimum_distances": {
        "cost": 385.1187874058059,
        "path": [
            0,
            6,
            8,
            12,
            5,
            10,
            3,
            13,
            15,
            11,
            4,
            2,
            7,
            9,
            14,
            1,
            16
        ]
    }
}