{
    "vertices": [
        [
            53.62752438448244,
            62.046960513573026
        ],
        [
            79.16672482339976,
            69.40128597296915
        ],
        [
            16.8221341448062,
            58.74273732804649
        ],
        [
            25.029182932613104,
            98.82668599404954
        ],
        [
            29.563132176143437,
            0.9082654135510904
        ],
        [
            15.140894030429342,
            88.30859168040645
        ],
        [
            44.68711815067057,
            72.73255379219256
        ],
        [
            60.21298602357656,
            94.81481360150353
        ],
        [
            39.202121856374895,
            6.553144388646837
        ],
        [
            9.860726443229906,
            29.839498503382178
        ],
        [
            72.8292018154812,
            48.12586745237427
        ],
        [
            88.63808404191275,
            21.27081732647178
        ],
        [
            96.31195022984305,
            27.598408658961027
        ],
        [
            32.15201070046424,
            59.49832110084125
        ],
        [
            15.961051001341598,
            78.02274477141434
        ],
        [
            43.06548221458685,
            27.516120629966412
        ],
        [
            27.650901370027192,
            20.073083713699702
        ],
        [
            32.137063177346946,
            76.55298151853815
        ],
        [
            54.61681174242384,
            10.419778523086586
        ],
        [
            20.012374983314118,
            70.27280168831311
        ],
        [
            98.5433435795412,
            51.48450837245711
        ],
        [
            74.6865991462789,
            44.66230205065703
        ],
        [
            53.62752438448244,
            62.046960513573026
        ]
    ],
    "distances": [
        [
            0.0,
            26.576998739923898,
            36.95341177150801,
            46.58984159896792,
            65.70414759275256,
            46.59285339569061,
            13.93243580073711,
            33.42305343609672,
            57.33808390768783,
            54.34016204584151,
            23.717108765249677,
            53.74414517639545,
            54.8512801548695,
            21.626216748395517,
            40.91440943941325,
            36.11004898731003,
            49.361840290309985,
            25.928065263183154,
            51.636659552641376,
            34.6069751971321,
            46.14104690182672,
            27.307709162344047,
            0.0
        ],
        [
            26.576998739923898,
            0.0,
            63.24913158374238,
            61.617591711923296,
            84.56837629319725,
            66.75921822373725,
            34.64015908724301,
            31.703179667317343,
            74.47857672455184,
            79.80260922589484,
            22.199270958803325,
            49.053528492633205,
            45.182289737990956,
            48.04635321561827,
            63.79096139041719,
            55.29617340929702,
            71.32427079340137,
            47.57032503272101,
            63.886747086888256,
            59.16076947306662,
            26.39060958005825,
            25.14137728111201,
            26.576998739923898
        ],
        [
            36.95341177150801,
            63.24913158374238,
            0.0,
            40.91550550175582,
            59.221272972328926,
            29.613617001426093,
            31.17967764983419,
            56.42659579882072,
            56.78571529134946,
            29.729756335078633,
            57.00446960567675,
            81.00416932620278,
            85.37329834017778,
            15.348485985576062,
            19.29922669943743,
            40.78988732909755,
            40.15724480428885,
            23.489398659750773,
            61.347746514225875,
            11.963278010627949,
            82.04290316077056,
            59.55295935138246,
            36.95341177150801
        ],
        [
            46.58984159896792,
            61.617591711923296,
            40.91550550175582,
            0.0,
            98.02333285867346,
            14.436362609873086,
            32.67014160369271,
            35.41179351625335,
            93.35565691558635,
            70.63507705200584,
            69.68080658257645,
            100.30456153692728,
            100.77053341962282,
            39.968174346394775,
            22.69438228103612,
            73.55613383215638,
            78.79722888335985,
            23.38033089235253,
            93.22665427422861,
            28.99125162778473,
            87.43919943353073,
            73.4822391669203,
            46.58984159896792
        ],
        [
            65.70414759275256,
            84.56837629319725,
            59.221272972328926,
            98.02333285867346,
            0.0,
            88.5822667619454,
            73.39934163775548,
            98.7818471858329,
            11.170263233204782,
            35.00287187878276,
            64.04260085546731,
            62.48586606865068,
            71.88719258690242,
            58.64722429453462,
            78.30491388744524,
            29.837751520152672,
            19.25998149359368,
            75.68849447176925,
            26.7984279658849,
            70.01896782707638,
            85.53493974450286,
            62.853345125348056,
            65.70414759275256
        ],
        [
            46.59285339569061,
            66.75921822373725,
            29.613617001426093,
            14.436362609873086,
            88.5822667619454,
            0.0,
            33.40048376982883,
            45.5392621846829,
            85.22262520227677,
            58.70702706399344,
            70.30357161260699,
            99.47813895481339,
            101.36304399052831,
            33.45758181981028,
            10.318493305330898,
            66.89923139822594,
            69.37279604507297,
            20.6655301395453,
            87.32133355749924,
            18.68210500219966,
            91.17007021091375,
            73.8287856881561,
            46.59285339569061
        ],
        [
            13.93243580073711,
            34.64015908724301,
            31.17967764983419,
            32.67014160369271,
            73.39934163775548,
            33.40048376982883,
            0.0,
            26.994050668487027,
            66.40632058283724,
            55.25116968326586,
            37.382695002145056,
            67.67568043869548,
            68.57269386651194,
            18.228379898308297,
            29.209126218776156,
            45.245502881759016,
            55.34665727164342,
            13.11867172566168,
            63.09897603419735,
            24.797042783113138,
            57.89622139314856,
            41.08415622644627,
            13.93243580073711
        ],
        [
            33.42305343609672,
            31.703179667317343,
            56.42659579882072,
            35.41179351625335,
            98.7818471858329,
            45.5392621846829,
            26.994050668487027,
            0.0,
            90.7280478423973,
            82.20183463248718,
            48.36348409103913,
            78.84608795275709,
            76.29665988865543,
            45.107349496879706,
            47.33082852440424,
            69.44890900911646,
            81.52677807693827,
            33.49256566305218,
            84.58037072791926,
            47.09988828816531,
            57.850943480728326,
            52.199232673320516,
            33.42305343609672
        ],
        [
            57.33808390768783,
            74.47857672455184,
            56.78571529134946,
            93.35565691558635,
            11.170263233204782,
            85.22262520227677,
            66.40632058283724,
            90.7280478423973,
            0.0,
            37.45893448494467,
            53.47028903521566,
            51.580270006221504,
            60.86407515977181,
            53.41250606736394,
            75.15351723879034,
            21.31600164551346,
            17.782560391499583,
            70.35547066397478,
            15.892247286418442,
            66.54653342916563,
            74.43257395148731,
            52.071643206698056,
            57.33808390768783
        ],
        [
            54.34016204584151,
            79.80260922589484,
            29.729756335078633,
            70.63507705200584,
            35.00287187878276,
            58.70702706399344,
            55.25116968326586,
            82.20183463248718,
            37.45893448494467,
            0.0,
            65.56996400825976,
            79.24199875913209,
            86.48026698556055,
            37.101847820619014,
            48.567882192248575,
            33.28594133531663,
            20.294658946879974,
            51.75311269575037,
            48.78762850786883,
            41.68822345130505,
            91.28588628248029,
            66.49894192175553,
            54.34016204584151
        ],
        [
            23.717108765249677,
            22.199270958803325,
            57.00446960567675,
            69.68080658257645,
            64.04260085546731,
            70.30357161260699,
            37.382695002145056,
            48.36348409103913,
            53.47028903521566,
            65.56996400825976,
            0.0,
            31.162709678619397,
            31.189998999799485,
            42.237028529409415,
            64.24803382555343,
            36.20277155915571,
            53.179295845550214,
            49.638200622865355,
            41.874100521880464,
            57.272191268277176,
            25.932557827800746,
            3.9301666804891506,
            23.717108765249677
        ],
        [
            53.74414517639545,
            49.053528492633205,
            81.00416932620278,
            100.30456153692728,
            62.48586606865068,
            99.47813895481339,
            67.67568043869548,
            78.84608795275709,
            51.580270006221504,
            79.24199875913209,
            31.162709678619397,
            0.0,
            9.946186924709036,
            68.20570743240577,
            92.21026190341449,
            45.99854183193886,
            60.998942745437006,
            79.047346802386,
            35.709830747128194,
            84.32486237874076,
            31.795932021723054,
            27.2361063368994,
            53.74414517639545
        ],
        [
            54.8512801548695,
            45.182289737990956,
            85.37329834017778,
            100.77053341962282,
            71.88719258690242,
            101.36304399052831,
            68.57269386651194,
            76.29665988865543,
            60.86407515977181,
            86.48026698556055,
            31.189998999799485,
            9.946186924709036,
            0.0,
            71.65265001528674,
            94.86243028307074,
            53.24653159990252,
            69.07220965092829,
            80.7153413674518,
            45.09534240728459,
            87.42270301943509,
            23.99009953718731,
            27.546910301712167,
            54.8512801548695
        ],
        [
            21.626216748395517,
            48.04635321561827,
            15.348485985576062,
            39.968174346394775,
            58.64722429453462,
            33.45758181981028,
            18.228379898308297,
            45.107349496879706,
            53.41250606736394,
            37.101847820619014,
            42.237028529409415,
            68.20570743240577,
            71.65265001528674,
            0.0,
            24.60287479758213,
            33.79297275246427,
            39.68134735914358,
            17.054666968059053,
            53.97564846679757,
            16.23145672066789,
            66.87324035745553,
            45.04773774022685,
            21.626216748395517
        ],
        [
            40.91440943941325,
            63.79096139041719,
            19.29922669943743,
            22.69438228103612,
            78.30491388744524,
            10.318493305330898,
            29.209126218776156,
            47.33082852440424,
            75.15351723879034,
            48.567882192248575,
            64.24803382555343,
            92.21026190341449,
            94.86243028307074,
            24.60287479758213,
            0.0,
            57.31988549848154,
            59.11696726276025,
            16.242646765160487,
            77.87444307373464,
            8.74498963968593,
            86.74164535353418,
            67.53968569254877,
            40.91440943941325
        ],
        [
            36.11004898731003,
            55.29617340929702,
            40.78988732909755,
            73.55613383215638,
            29.837751520152672,
            66.89923139822594,
            45.245502881759016,
            69.44890900911646,
            21.31600164551346,
            33.28594133531663,
            36.20277155915571,
            45.99854183193886,
            53.24653159990252,
            33.79297275246427,
            57.31988549848154,
            0.0,
            17.117479404117145,
            50.23986533081716,
            20.632937922073793,
            48.57550337507315,
            60.434069138222625,
            35.970634875116914,
            36.11004898731003
        ],
        [
            49.361840290309985,
            71.32427079340137,
            40.15724480428885,
            78.79722888335985,
            19.25998149359368,
            69.37279604507297,
            55.34665727164342,
            81.52677807693827,
            17.782560391499583,
            20.294658946879974,
            53.179295845550214,
            60.998942745437006,
            69.07220965092829,
            39.68134735914358,
            59.11696726276025,
            17.117479404117145,
            0.0,
            56.65778414133798,
            28.64169379270799,
            50.7775419855199,
            77.53977019260552,
            53.075291084660556,
            49.361840290309985
        ],
        [
            25.928065263183154,
            47.57032503272101,
            23.489398659750773,
            23.38033089235253,
            75.68849447176925,
            20.6655301395453,
            13.11867172566168,
            33.49256566305218,
            70.35547066397478,
            51.75311269575037,
            49.638200622865355,
            79.047346802386,
            80.7153413674518,
            17.054666968059053,
            16.242646765160487,
            50.23986533081716,
            56.65778414133798,
            0.0,
            69.84940682630511,
            13.654622752111624,
            70.98043690151981,
            53.174039230573484,
            25.928065263183154
        ],
        [
            51.636659552641376,
            63.886747086888256,
            61.347746514225875,
            93.22665427422861,
            26.7984279658849,
            87.32133355749924,
            63.09897603419735,
            84.58037072791926,
            15.892247286418442,
            48.78762850786883,
            41.874100521880464,
            35.709830747128194,
            45.09534240728459,
            53.97564846679757,
            77.87444307373464,
            20.632937922073793,
            28.64169379270799,
            69.84940682630511,
            0.0,
            69.13646957599417,
            60.13195686853262,
            39.690638492875806,
            51.636659552641376
        ],
        [
            34.6069751971321,
            59.16076947306662,
            11.963278010627949,
            28.99125162778473,
            70.01896782707638,
            18.68210500219966,
            24.797042783113138,
            47.09988828816531,
            66.54653342916563,
            41.68822345130505,
            57.272191268277176,
            84.32486237874076,
            87.42270301943509,
            16.23145672066789,
            8.74498963968593,
            48.57550337507315,
            50.7775419855199,
            13.654622752111624,
            69.13646957599417,
            0.0,
            80.747216635524,
            60.37523067875189,
            34.6069751971321
        ],
        [
            46.14104690182672,
            26.39060958005825,
            82.04290316077056,
            87.43919943353073,
            85.53493974450286,
            91.17007021091375,
            57.89622139314856,
            57.850943480728326,
            74.43257395148731,
            91.28588628248029,
            25.932557827800746,
            31.795932021723054,
            23.99009953718731,
            66.87324035745553,
            86.74164535353418,
            60.434069138222625,
            77.53977019260552,
            70.98043690151981,
            60.13195686853262,
            80.747216635524,
            0.0,
            24.81303597005415,
            46.14104690182672
        ],
        [
            27.307709162344047,
            25.14137728111201,
            59.55295935138246,
            73.4822391669203,
            62.853345125348056,
            73.8287856881561,
            41.08415622644627,
            52.199232673320516,
            52.071643206698056,
            66.49894192175553,
            3.9301666804891506,
            27.2361063368994,
            27.546910301712167,
            45.04773774022685,
            67.53968569254877,
            35.970634875116914,
            53.075291084660556,
            53.174039230573484,
            39.690638492875806,
            60.37523067875189,
            24.81303597005415,
            0.0,
            27.307709162344047
        ],
        [
            0.0,
            26.576998739923898,
            36.95341177150801,
            46.58984159896792,
            65.70414759275256,
            46.59285339569061,
            13.93243580073711,
            33.42305343609672,
            57.33808390768783,
            54.34016204584151,
            23.717108765249677,
            53.74414517639545,
            54.8512801548695,
            21.626216748395517,
            40.91440943941325,
            36.11004898731003,
            49.361840290309985,
            25.928065263183154,
            51.636659552641376,
            34.6069751971321,
            46.14104690182672,
            27.307709162344047,
            0.0
        ]
    ],
    "scores_ave": [
        0,
        14.872459426909545,
        17.871606540915067,
        10.446371832852194,
        14.197858827982161,
        14.325910458272794,
        15.905568267774282,
        11.114164154835072,
        12.21047976943844,
        13.414817988787156,
        18.538184826222412,
        16.814684171681826,
        13.334855141406775,
        16.485733458397682,
        14.36904357944184,
        12.721831125066274,
        11.487885699501973,
        10.274518834679663,
        10.67090555085391,
        19.730950861251486,
        17.865751095952987,
        13.283730265827314,
        0
    ],
    "scores_var": [
        0,
        310.68226173194836,
        24.014513551986113,
        17.788962258796758,
        17.83377611716736,
        351.72133557163016,
        328.93862744014336,
        21.428290925013613,
        21.211295278950082,
        244.06244460603014,
        244.45363047457124,
        276.7484188226208,
        24.05339819428562,
        18.402608886303952,
        281.12092172796287,
        390.3838541828351,
        238.4009970808722,
        19.971225348283713,
        322.5968305389019,
        19.92994023427866,
        19.013203355576643,
        246.6647472626184,
        0
    ],
    "vertex_number": 23,
    "minimum_distances": {
        "cost": 437.7246620279456,
        "path": [
            0,
            15,
            16,
            9,
            4,
            8,
            18,
            11,
            12,
            20,
            21,
            10,
            1,
            7,
            17,
            3,
            5,
            14,
            19,
            2,
            13,
            6,
            22
        ]
    }
}