{
    "vertices": [
        [
            10.716718359836829,
            80.32617660927646
        ],
        [
            1.130449882114648,
            2.0223391291953496
        ],
        [
            90.27601731193361,
            68.95349082302396
        ],
        [
            93.62981701496757,
            46.852205210550935
        ],
        [
            37.0170735953434,
            22.88642127561602
        ],
        [
            13.04670311210472,
            34.73720337381473
        ],
        [
            86.1131284068794,
            65.27868209732503
        ],
        [
            98.99074691989313,
            88.5878375673197
        ],
        [
            61.02915173521877,
            31.283261045592493
        ],
        [
            87.47830396908807,
            79.45997813190274
        ],
        [
            1.454627743432324,
            15.774813051553904
        ],
        [
            32.393612756609926,
            36.77348500528581
        ],
        [
            21.2309781943265,
            77.62969838854227
        ],
        [
            1.0199674083111288,
            87.43123716179362
        ],
        [
            79.31063096514134,
            38.865727444872064
        ],
        [
            29.32523011744412,
            39.89246922649205
        ],
        [
            10.716718359836829,
            80.32617660927646
        ]
    ],
    "distances": [
        [
            0.0,
            78.88844977202889,
            80.368028666516,
            89.41525982626308,
            63.17463239548459,
            45.648475435762876,
            76.88332549434233,
            88.6597944956297,
            70.26057585259946,
            76.76647266254072,
            65.21245939042446,
            48.64899481634919,
            10.854522313858709,
            12.02118398789612,
            80.15044411242094,
            44.51023930007166,
            0.0
        ],
        [
            78.88844977202889,
            0.0,
            111.47515983144719,
            102.79031964562903,
            41.51095861754414,
            34.81751618919885,
            105.94064647218819,
            130.65306447291294,
            66.66375353281984,
            115.9850845571916,
            13.756294205596236,
            46.74427764570268,
            78.23365012960845,
            85.40896949103055,
            86.42670870023102,
            47.21326493798859,
            78.88844977202889
        ],
        [
            80.368028666516,
            111.47515983144719,
            0.0,
            22.35430155858549,
            70.41796633312158,
            84.46964720290245,
            5.552824795209772,
            21.48148235609179,
            47.69093580070443,
            10.872602058401982,
            103.52396347899995,
            66.22632053448098,
            69.58803061210925,
            91.14861246424908,
            32.02363506590213,
            67.52437660476429,
            80.368028666516
        ],
        [
            89.41525982626308,
            102.79031964562903,
            22.35430155858549,
            0.0,
            61.47651191400001,
            81.48872017516221,
            19.900644665180636,
            42.07852870128528,
            36.127488137065555,
            33.18294694031966,
            97.27317112466024,
            62.06007825444082,
            78.66921856036494,
            101.11004934361124,
            16.39582008413184,
            64.68011921007064,
            89.41525982626308
        ],
        [
            63.17463239548459,
            41.51095861754414,
            70.41796633312158,
            61.47651191400001,
            0.0,
            26.739852233000597,
            64.86544824198128,
            90.31839396310008,
            25.43790114608788,
            75.80833137725456,
            36.26654831249667,
            14.636493062178943,
            56.973916813508986,
            73.904160313348,
            45.2115385785887,
            18.664675807417506,
            63.17463239548459
        ],
        [
            45.648475435762876,
            34.81751618919885,
            84.46964720290245,
            81.48872017516221,
            26.739852233000597,
            0.0,
            79.19270438604507,
            101.42124762138226,
            48.1066013502977,
            86.8342662098089,
            22.224951250492143,
            19.453774843852674,
            43.66633127719689,
            54.04908480758545,
            66.39241557224547,
            17.075339161356208,
            45.648475435762876
        ],
        [
            76.88332549434233,
            105.94064647218819,
            5.552824795209772,
            19.900644665180636,
            64.86544824198128,
            79.19270438604507,
            0.0,
            26.629866452746175,
            42.248012239027226,
            14.24685444355986,
            98.06984646201771,
            60.81391800365725,
            66.04726352870489,
            87.9294134212925,
            27.274862876234405,
            62.203900167549726,
            76.88332549434233
        ],
        [
            88.6597944956297,
            130.65306447291294,
            21.48148235609179,
            42.07852870128528,
            90.31839396310008,
            101.42124762138226,
            26.629866452746175,
            0.0,
            68.73788765520497,
            14.69197606070304,
            121.71701229958889,
            84.37953193864665,
            78.5280997256082,
            97.97760643435355,
            53.47518301998867,
            84.99719483136596,
            88.6597944956297
        ],
        [
            70.26057585259946,
            66.66375353281984,
            47.69093580070443,
            36.127488137065555,
            25.43790114608788,
            48.1066013502977,
            42.248012239027226,
            68.73788765520497,
            0.0,
            54.95956443700015,
            61.56001842130765,
            29.15710293775801,
            61.089171475597425,
            82.18088236035355,
            19.79157092123549,
            32.85204881659691,
            70.26057585259946
        ],
        [
            76.76647266254072,
            115.9850845571916,
            10.872602058401982,
            33.18294694031966,
            75.80833137725456,
            86.8342662098089,
            14.24685444355986,
            14.69197606070304,
            54.95956443700015,
            0.0,
            107.03211257696324,
            69.68830534187771,
            66.27260441725785,
            86.82502479917986,
            41.40777790634135,
            70.33752739025243,
            76.76647266254072
        ],
        [
            65.21245939042446,
            13.756294205596236,
            103.52396347899995,
            97.27317112466024,
            36.26654831249667,
            22.224951250492143,
            98.06984646201771,
            121.71701229958889,
            61.56001842130765,
            107.03211257696324,
            0.0,
            37.39204484199915,
            64.93944007464617,
            71.6577424000608,
            81.2080511105784,
            36.85691001783524,
            65.21245939042446
        ],
        [
            48.64899481634919,
            46.74427764570268,
            66.22632053448098,
            62.06007825444082,
            14.636493062178943,
            19.453774843852674,
            60.81391800365725,
            84.37953193864665,
            29.15710293775801,
            69.68830534187771,
            37.39204484199915,
            0.0,
            42.3536844015874,
            59.58618527805754,
            46.96364632357324,
            4.375275373329953,
            48.64899481634919
        ],
        [
            10.854522313858709,
            78.23365012960845,
            69.58803061210925,
            78.66921856036494,
            56.973916813508986,
            43.66633127719689,
            66.04726352870489,
            78.5280997256082,
            61.089171475597425,
            66.27260441725785,
            64.93944007464617,
            42.3536844015874,
            0.0,
            22.462304407962673,
            69.82758415769608,
            38.59553573956432,
            10.854522313858709
        ],
        [
            12.02118398789612,
            85.40896949103055,
            91.14861246424908,
            101.11004934361124,
            73.904160313348,
            54.04908480758545,
            87.9294134212925,
            97.97760643435355,
            82.18088236035355,
            86.82502479917986,
            71.6577424000608,
            59.58618527805754,
            22.462304407962673,
            0.0,
            92.13054181015752,
            55.32741051088051,
            12.02118398789612
        ],
        [
            80.15044411242094,
            86.42670870023102,
            32.02363506590213,
            16.39582008413184,
            45.2115385785887,
            66.39241557224547,
            27.274862876234405,
            53.47518301998867,
            19.79157092123549,
            41.40777790634135,
            81.2080511105784,
            46.96364632357324,
            69.82758415769608,
            92.13054181015752,
            0.0,
            49.99594480146459,
            80.15044411242094
        ],
        [
            44.51023930007166,
            47.21326493798859,
            67.52437660476429,
            64.68011921007064,
            18.664675807417506,
            17.075339161356208,
            62.203900167549726,
            84.99719483136596,
            32.85204881659691,
            70.33752739025243,
            36.85691001783524,
            4.375275373329953,
            38.59553573956432,
            55.32741051088051,
            49.99594480146459,
            0.0,
            44.51023930007166
        ],
        [
            0.0,
            78.88844977202889,
            80.368028666516,
            89.41525982626308,
            63.17463239548459,
            45.648475435762876,
            76.88332549434233,
            88.6597944956297,
            70.26057585259946,
            76.76647266254072,
            65.21245939042446,
            48.64899481634919,
            10.854522313858709,
            12.02118398789612,
            80.15044411242094,
            44.51023930007166,
            0.0
        ]
    ],
    "scores_ave": [
        0,
        14.602687753556193,
        16.834196277728886,
        10.669380634184552,
        13.45800685436773,
        17.07730917206746,
        14.882661849220886,
        12.222099074008792,
        12.183872437662714,
        19.938882009078302,
        13.218645549739609,
        12.364853363943183,
        10.42703998171196,
        11.891004675203215,
        17.06754301638861,
        10.560024827100449,
        0
    ],
    "scores_var": [
        0,
        19.57562975419696,
        235.28895977240376,
        262.46269363156085,
        252.54168464023837,
        21.06865926274961,
        237.30795518311922,
        254.95982718386517,
        18.70570913648704,
        329.157894821965,
        392.53041420966076,
        21.96674592461432,
        18.32577398542815,
        267.22826760083376,
        382.28837031763726,
        20.8031843869601,
        0
    ],
    "vertex_number": 17,
    "minimum_distances": {
        "cost": 368.6558943848244,
        "path": [
            0,
            13,
            5,
            10,
            1,
            15,
            11,
            4,
            8,
            14,
            3,
            6,
            2,
            7,
            9,
            12,
            16
        ]
    }
}