{
    "vertices": [
        [
            79.85492772933942,
            69.2948912840664
        ],
        [
            15.048477965502826,
            46.20670760609964
        ],
        [
            79.38534928840478,
            48.316359336586736
        ],
        [
            39.88130565658161,
            64.56086256688079
        ],
        [
            6.933643670824163,
            77.69098064263056
        ],
        [
            22.57198629128263,
            93.40974883230979
        ],
        [
            28.311751189754876,
            34.883784102234294
        ],
        [
            37.67708287210768,
            73.00783484907237
        ],
        [
            51.40676432003131,
            21.02961241221938
        ],
        [
            64.0671811709129,
            97.98448503137686
        ],
        [
            67.35794369724893,
            24.591059309037977
        ],
        [
            91.85660636800812,
            45.81436626654904
        ],
        [
            48.763148441744164,
            96.46373673317387
        ],
        [
            96.04194452938191,
            1.4890800153407158
        ],
        [
            28.047897447028834,
            15.490197624968117
        ],
        [
            79.58864213660439,
            34.834864459994265
        ],
        [
            47.55303379517576,
            74.09343647379076
        ],
        [
            9.827164643276232,
            81.83159212212043
        ],
        [
            91.36013041960067,
            98.51900338519752
        ],
        [
            79.85492772933942,
            69.2948912840664
        ]
    ],
    "distances": [
        [
            0.0,
            68.79636732081285,
            20.983786755102507,
            40.25296870431805,
            73.40305160727084,
            62.15192462319985,
            61.974376521836156,
            42.34095590226594,
            56.02530808429222,
            32.7466903790112,
            46.41774664015799,
            26.36997052035013,
            41.289767525453875,
            69.71117238072318,
            74.69212439355074,
            34.461055653195956,
            32.65636825600462,
            71.14110254094084,
            31.407298786165505,
            0.0
        ],
        [
            68.79636732081285,
            0.0,
            64.37145051995948,
            30.879513199841355,
            32.513227835281455,
            47.79885227211395,
            17.43912306555429,
            35.07640491146771,
            44.22455323730926,
            71.30057151974049,
            56.59961533829523,
            76.80913044959213,
            60.51816241427963,
            92.51814872434491,
            33.353993648102026,
            65.53435440875546,
            42.82774564023236,
            36.005478882923896,
            92.52050902343133,
            68.79636732081285
        ],
        [
            20.983786755102507,
            64.37145051995948,
            0.0,
            42.71362017511537,
            78.1800359667994,
            72.53393682446689,
            52.810477181795605,
            48.4690463124301,
            39.08155286765056,
            51.976619594864154,
            26.599780951191537,
            12.719757170169284,
            57.06039900721526,
            49.701471342926425,
            60.93513645084362,
            13.483027556514084,
            40.960395693863056,
            77.21147505257433,
            51.611053589435286,
            20.983786755102507
        ],
        [
            40.25296870431805,
            30.879513199841355,
            42.71362017511537,
            0.0,
            35.467568721451116,
            33.64328723007864,
            31.852528577142113,
            8.72983040039764,
            45.03116628992188,
            41.2564554105645,
            48.50310103991814,
            55.25271945869782,
            33.11616691784656,
            84.45156666888923,
            50.47731874510935,
            49.60148721347344,
            12.236232178379018,
            34.66308542841898,
            61.670290471330304,
            40.25296870431805
        ],
        [
            73.40305160727084,
            32.513227835281455,
            78.1800359667994,
            35.467568721451116,
            0.0,
            22.172898622320883,
            47.84850631669787,
            31.09808528586186,
            72.0303346515979,
            60.63058162058246,
            80.44064693497386,
            90.70847886139809,
            45.84892409441524,
            117.2476820287318,
            65.68674996174113,
            84.35280372531874,
            40.778391068322264,
            5.051448014391833,
            86.95768048945544,
            73.40305160727084
        ],
        [
            62.15192462319985,
            47.79885227211395,
            72.53393682446689,
            33.64328723007864,
            22.172898622320883,
            0.0,
            58.80674662550017,
            25.38507508154095,
            77.91231335391156,
            41.746609555621994,
            82.10842836438601,
            84.05759347469635,
            26.36861423909859,
            117.67431376161478,
            78.11172807804962,
            81.7429882192595,
            31.5780407486538,
            17.21871631815785,
            68.97762865382123,
            62.15192462319985
        ],
        [
            61.974376521836156,
            17.43912306555429,
            52.810477181795605,
            31.852528577142113,
            47.84850631669787,
            58.80674662550017,
            0.0,
            39.25751753318039,
            26.931723017736008,
            72.52688626217582,
            40.380011552756685,
            64.47810671907182,
            64.8872114949274,
            75.51546431608857,
            19.39538128650097,
            51.27691428222349,
            43.676352817056234,
            50.45568964612756,
            89.5797926806111,
            61.974376521836156
        ],
        [
            42.34095590226594,
            35.07640491146771,
            48.4690463124301,
            8.72983040039764,
            31.09808528586186,
            25.38507508154095,
            39.25751753318039,
            0.0,
            53.76095014372817,
            36.33552452559084,
            56.790295412292735,
            60.620998835317046,
            25.94378891008166,
            92.31137183056144,
            58.31809156508993,
            56.68998560863156,
            9.935438466541896,
            29.214322476591285,
            59.43643086579959,
            42.34095590226594
        ],
        [
            56.02530808429222,
            44.22455323730926,
            39.08155286765056,
            45.03116628992188,
            72.0303346515979,
            77.91231335391156,
            26.931723017736008,
            53.76095014372817,
            0.0,
            77.989349110432,
            16.343929378305315,
            47.439158353895586,
            75.48043333858881,
            48.72506253125457,
            24.006702767682825,
            31.381574552129262,
            53.203577539443764,
            73.65964869535036,
            87.18300967533344,
            56.02530808429222
        ],
        [
            32.7466903790112,
            71.30057151974049,
            51.976619594864154,
            41.2564554105645,
            60.63058162058246,
            41.746609555621994,
            72.52688626217582,
            36.33552452559084,
            77.989349110432,
            0.0,
            73.46716312248087,
            59.109842198412196,
            15.379404837702767,
            101.65504749415518,
            90.01497794629974,
            65.02914983927649,
            29.043058804618067,
            56.59412816058046,
            27.29818288022148,
            32.7466903790112
        ],
        [
            46.41774664015799,
            56.59961533829523,
            26.599780951191537,
            48.50310103991814,
            80.44064693497386,
            82.10842836438601,
            40.380011552756685,
            56.790295412292735,
            16.343929378305315,
            73.46716312248087,
            0.0,
            32.41316446859805,
            74.23912829975872,
            36.83033194290031,
            40.34978834624804,
            15.953856219899023,
            53.317162351260535,
            81.15583241691624,
            77.72673853174602,
            46.41774664015799
        ],
        [
            26.36997052035013,
            76.80913044959213,
            12.719757170169284,
            55.25271945869782,
            90.70847886139809,
            84.05759347469635,
            64.47810671907182,
            60.620998835317046,
            47.439158353895586,
            59.109842198412196,
            32.41316446859805,
            0.0,
            66.50116423573417,
            44.52244441600898,
            70.6477638567938,
            16.463669284310246,
            52.55960763269005,
            89.5883355577188,
            52.70697546032941,
            26.36997052035013
        ],
        [
            41.289767525453875,
            60.51816241427963,
            57.06039900721526,
            33.11616691784656,
            45.84892409441524,
            26.36861423909859,
            64.8872114949274,
            25.94378891008166,
            75.48043333858881,
            15.379404837702767,
            74.23912829975872,
            66.50116423573417,
            0.0,
            106.09179976872238,
            83.58131166404475,
            68.90811968988673,
            22.403006743577873,
            41.59459688797738,
            42.64653555252468,
            41.289767525453875
        ],
        [
            69.71117238072318,
            92.51814872434491,
            49.701471342926425,
            84.45156666888923,
            117.2476820287318,
            117.67431376161478,
            75.51546431608857,
            92.31137183056144,
            48.72506253125457,
            101.65504749415518,
            36.83033194290031,
            44.52244441600898,
            106.09179976872238,
            0.0,
            69.42061461090549,
            37.18403555099254,
            87.307313788339,
            117.84696653897245,
            97.1428093711461,
            69.71117238072318
        ],
        [
            74.69212439355074,
            33.353993648102026,
            60.93513645084362,
            50.47731874510935,
            65.68674996174113,
            78.11172807804962,
            19.39538128650097,
            58.31809156508993,
            24.006702767682825,
            90.01497794629974,
            40.34978834624804,
            70.6477638567938,
            83.58131166404475,
            69.42061461090549,
            0.0,
            55.05147135285461,
            61.76398584557151,
            68.79807938985316,
            104.41370326706698,
            74.69212439355074
        ],
        [
            34.461055653195956,
            65.53435440875546,
            13.483027556514084,
            49.60148721347344,
            84.35280372531874,
            81.7429882192595,
            51.27691428222349,
            56.68998560863156,
            31.381574552129262,
            65.02914983927649,
            15.953856219899023,
            16.463669284310246,
            68.90811968988673,
            37.18403555099254,
            55.05147135285461,
            0.0,
            50.67065894941428,
            84.1151362894942,
            64.76293297127074,
            34.461055653195956
        ],
        [
            32.65636825600462,
            42.82774564023236,
            40.960395693863056,
            12.236232178379018,
            40.778391068322264,
            31.5780407486538,
            43.676352817056234,
            9.935438466541896,
            53.203577539443764,
            29.043058804618067,
            53.317162351260535,
            52.55960763269005,
            22.403006743577873,
            87.307313788339,
            61.76398584557151,
            50.67065894941428,
            0.0,
            38.511300368904976,
            50.15645555265353,
            32.65636825600462
        ],
        [
            71.14110254094084,
            36.005478882923896,
            77.21147505257433,
            34.66308542841898,
            5.051448014391833,
            17.21871631815785,
            50.45568964612756,
            29.214322476591285,
            73.65964869535036,
            56.59412816058046,
            81.15583241691624,
            89.5883355577188,
            41.59459688797738,
            117.84696653897245,
            68.79807938985316,
            84.1151362894942,
            38.511300368904976,
            0.0,
            83.22315905411403,
            71.14110254094084
        ],
        [
            31.407298786165505,
            92.52050902343133,
            51.611053589435286,
            61.670290471330304,
            86.95768048945544,
            68.97762865382123,
            89.5797926806111,
            59.43643086579959,
            87.18300967533344,
            27.29818288022148,
            77.72673853174602,
            52.70697546032941,
            42.64653555252468,
            97.1428093711461,
            104.41370326706698,
            64.76293297127074,
            50.15645555265353,
            83.22315905411403,
            0.0,
            31.407298786165505
        ],
        [
            0.0,
            68.79636732081285,
            20.983786755102507,
            40.25296870431805,
            73.40305160727084,
            62.15192462319985,
            61.974376521836156,
            42.34095590226594,
            56.02530808429222,
            32.7466903790112,
            46.41774664015799,
            26.36997052035013,
            41.289767525453875,
            69.71117238072318,
            74.69212439355074,
            34.461055653195956,
            32.65636825600462,
            71.14110254094084,
            31.407298786165505,
            0.0
        ]
    ],
    "scores_ave": [
        0,
        16.65860651383047,
        14.868212910795963,
        12.866550770432731,
        15.837932869603996,
        17.913252807362028,
        10.607200241286067,
        17.469110211900134,
        17.124043769135962,
        11.157570813999056,
        14.825213616666396,
        15.836889921498516,
        10.7077518393343,
        18.860523037842512,
        10.27217343084633,
        16.144620305168317,
        12.976324372532845,
        16.449884694364766,
        15.358838920270673,
        0
    ],
    "scores_var": [
        0,
        21.635020059940636,
        16.823978570284318,
        317.4579636789351,
        17.67304118708314,
        377.6128924386143,
        20.234847774559448,
        329.10618138726136,
        16.944250272236328,
        255.40939853283237,
        244.51267164892818,
        18.52004318310862,
        318.7801562366556,
        268.63184388872804,
        382.0115960140797,
        283.9070202900061,
        20.03590599060182,
        263.31143125545697,
        231.11556831102777,
        0
    ],
    "vertex_number": 20,
    "minimum_distances": {
        "cost": 408.23965140788044,
        "path": [
            0,
            18,
            9,
            12,
            5,
            17,
            4,
            7,
            16,
            3,
            1,
            6,
            14,
            8,
            10,
            13,
            15,
            11,
            2,
            19
        ]
    }
}