{
    "vertices": [
        [
            4.624223797125215,
            62.79158416756755
        ],
        [
            60.439068955639875,
            98.86547167616213
        ],
        [
            67.0251346162976,
            87.31124546205773
        ],
        [
            28.595060686440952,
            53.288839777598504
        ],
        [
            24.009110596594653,
            50.459102703208714
        ],
        [
            48.50919868591449,
            41.0692535796654
        ],
        [
            64.63990727999017,
            29.14046567658184
        ],
        [
            14.469806294384435,
            65.63730215383721
        ],
        [
            41.59893170538558,
            50.688536726259436
        ],
        [
            86.9642601899106,
            92.1447449248142
        ],
        [
            68.6102200514374,
            77.65705370792679
        ],
        [
            35.54021330261665,
            31.078211154633493
        ],
        [
            60.66502876460319,
            84.54111201381882
        ],
        [
            28.917167114656284,
            14.882185582675266
        ],
        [
            76.61126843774473,
            26.927938142161413
        ],
        [
            28.193862782171042,
            25.502560367783133
        ],
        [
            13.569666695958604,
            48.47908663927186
        ],
        [
            12.572572558375672,
            26.400363938655737
        ],
        [
            28.783157075051847,
            70.1684247293843
        ],
        [
            48.21922838512429,
            63.224942231943174
        ],
        [
            94.03465915755196,
            21.26806820509102
        ],
        [
            80.08526667213812,
            42.698367082989385
        ],
        [
            4.624223797125215,
            62.79158416756755
        ]
    ],
    "distances": [
        [
            0.0,
            66.45767299606347,
            67.04541342298387,
            25.7857164359509,
            22.97528966731429,
            48.96683231698549,
            68.80610466818906,
            10.248590418575413,
            38.90517680550657,
            87.41561439242984,
            65.69010504872251,
            44.2892361072208,
            60.11334113936575,
            53.7164552795031,
            80.42596410566787,
            44.113480681377666,
            16.878048884683288,
            37.249122912890606,
            25.26008380433002,
            43.59715844226111,
            98.58208929225984,
            78.09037305963213,
            0.0
        ],
        [
            66.45767299606347,
            0.0,
            13.299488873381273,
            55.5991927807048,
            60.58315296505685,
            59.01461370635492,
            69.85143881316145,
            56.72111035076673,
            51.729757710389244,
            27.363368544112333,
            22.728059814813065,
            72.2154118027702,
            14.326141754549091,
            89.70408373498427,
            73.73295577314443,
            80.13657140663429,
            68.81517757926355,
            86.84695341091543,
            42.727242603017636,
            37.67720587614024,
            84.55779506625638,
            59.50392191356926,
            66.45767299606347
        ],
        [
            67.04541342298387,
            13.299488873381273,
            0.0,
            51.32635454434857,
            56.643258631387454,
            49.81126074121484,
            58.219661028695434,
            56.849119197680146,
            44.583792902959566,
            20.51661389451912,
            9.783451040518475,
            64.44729953650992,
            6.937188606763514,
            81.84244560200607,
            61.139494310402476,
            72.99439173894822,
            66.0713524110144,
            81.7020012155746,
            41.9085331279648,
            30.558339491351788,
            71.35275522458643,
            46.48522309919074,
            67.04541342298387
        ],
        [
            25.7857164359509,
            55.5991927807048,
            51.32635454434857,
            0.0,
            5.388724351526748,
            23.364314222993862,
            43.386345060112504,
            18.761858508625814,
            13.261306023018673,
            70.11950381659346,
            46.85107073654036,
            23.271166036304344,
            44.77931857968779,
            38.4080048817888,
            54.776394020139314,
            27.78917564805981,
            15.776444143750075,
            31.300323620617757,
            16.88063293825092,
            21.99622899156309,
            72.85376352776112,
            52.568045658411016,
            25.7857164359509
        ],
        [
            22.97528966731429,
            60.58315296505685,
            56.643258631387454,
            5.388724351526748,
            0.0,
            26.237827329017527,
            45.88404868579592,
            17.926964749595108,
            17.59131736426241,
            75.5052556299526,
            52.23971193888715,
            22.551835553552227,
            50.05236952820768,
            35.91386989153067,
            57.62553874059968,
            25.30496307435709,
            10.625556576856347,
            26.638643231978495,
            20.27927253404223,
            27.369626636252793,
            75.86628992071041,
            56.61063767151587,
            22.97528966731429
        ],
        [
            48.96683231698549,
            59.01461370635492,
            49.81126074121484,
            23.364314222993862,
            26.237827329017527,
            0.0,
            20.062296493266658,
            41.979390718868466,
            11.844087047828388,
            63.93354026975586,
            41.74587618152017,
            16.37117926757204,
            45.139413826732714,
            32.70489613755352,
            31.45954746400082,
            25.593647853223054,
            35.71661408432199,
            38.81516998198805,
            35.15506335130286,
            22.157586114737555,
            49.64528671881032,
            31.618065726374365,
            48.96683231698549
        ],
        [
            68.80610466818906,
            69.85143881316145,
            58.219661028695434,
            43.386345060112504,
            45.88404868579592,
            20.062296493266658,
            0.0,
            62.04077776554221,
            31.5468844958021,
            66.8424710527365,
            48.67877050323232,
            29.16413974583338,
            55.543057836202124,
            38.46313450768478,
            12.174102269159853,
            36.62715542562373,
            54.609081058460035,
            52.139385329583895,
            54.48853052980765,
            37.833718260584305,
            30.430676625611817,
            20.55178379845605,
            68.80610466818906
        ],
        [
            10.248590418575413,
            56.72111035076673,
            56.849119197680146,
            18.761858508625814,
            17.926964749595108,
            41.979390718868466,
            62.04077776554221,
            0.0,
            30.97507116012121,
            77.18866735387513,
            55.45862267679327,
            40.47583009876146,
            49.91345115592932,
            52.771280947342596,
            73.21185818911512,
            42.416355627436836,
            17.18181046749513,
            39.282780150480924,
            15.013430066612521,
            33.83552824845032,
            91.0999162037818,
            69.50959201987258,
            10.248590418575413
        ],
        [
            38.90517680550657,
            51.729757710389244,
            44.583792902959566,
            13.261306023018673,
            17.59131736426241,
            11.844087047828388,
            31.5468844958021,
            30.97507116012121,
            0.0,
            61.454293802067056,
            38.16949837637423,
            20.52493453605193,
            38.852450510506834,
            37.9858122902792,
            42.31347029652314,
            28.53119832684669,
            28.116211811970278,
            37.847653331371795,
            23.317592414093564,
            14.177086835125788,
            60.12544786895925,
            39.30700688301404,
            38.90517680550657
        ],
        [
            87.41561439242984,
            27.363368544112333,
            20.51661389451912,
            70.11950381659346,
            75.5052556299526,
            63.93354026975586,
            66.8424710527365,
            77.18866735387513,
            61.454293802067056,
            0.0,
            23.38298497199539,
            79.83454230451396,
            27.37635488897397,
            96.63833654707008,
            66.0334485328934,
            88.85460243564782,
            85.40173339957576,
            99.27963950337966,
            62.19324247049584,
            48.348034886109836,
            71.22846231945327,
            49.92258840939701,
            87.41561439242984
        ],
        [
            65.69010504872251,
            22.728059814813065,
            9.783451040518475,
            46.85107073654036,
            52.23971193888715,
            41.74587618152017,
            48.67877050323232,
            55.45862267679327,
            38.16949837637423,
            23.38298497199539,
            0.0,
            57.124547437783136,
            10.512674414406026,
            74.27127654473719,
            51.356206454184395,
            65.98161191183547,
            62.29619792520904,
            75.94383571205725,
            40.52498623446092,
            24.98156085577658,
            61.85563668655873,
            36.793837330289875,
            65.69010504872251
        ],
        [
            44.2892361072208,
            72.2154118027702,
            64.44729953650992,
            23.271166036304344,
            22.551835553552227,
            16.37117926757204,
            29.16413974583338,
            40.47583009876146,
            20.52493453605193,
            79.83454230451396,
            57.124547437783136,
            0.0,
            59.072312636953335,
            17.497885161795445,
            41.28021724737873,
            9.222621518101917,
            28.02669059712941,
            23.439171826934267,
            39.669920672747814,
            34.5567611679585,
            59.31137412475297,
            46.035744845639464,
            44.2892361072208
        ],
        [
            60.11334113936575,
            14.326141754549091,
            6.937188606763514,
            44.77931857968779,
            50.05236952820768,
            45.139413826732714,
            55.543057836202124,
            49.91345115592932,
            38.852450510506834,
            27.37635488897397,
            10.512674414406026,
            59.072312636953335,
            0.0,
            76.55254895092416,
            59.77926365621361,
            67.37898189139015,
            59.31646316572825,
            75.45350177882729,
            34.971815540591564,
            24.68353785938283,
            71.53328110315643,
            46.12982705074569,
            60.11334113936575
        ],
        [
            53.7164552795031,
            89.70408373498427,
            81.84244560200607,
            38.4080048817888,
            35.91386989153067,
            32.70489613755352,
            38.46313450768478,
            52.771280947342596,
            37.9858122902792,
            96.63833654707008,
            74.27127654473719,
            17.497885161795445,
            76.55254895092416,
            0.0,
            49.191741743319014,
            10.64497673710689,
            36.93639843986778,
            19.99535455673079,
            55.28640156202805,
            52.05373847995202,
            65.42986525145726,
            58.24014393511395,
            53.7164552795031
        ],
        [
            80.42596410566787,
            73.73295577314443,
            61.139494310402476,
            54.776394020139314,
            57.62553874059968,
            31.45954746400082,
            12.174102269159853,
            73.21185818911512,
            42.31347029652314,
            66.0334485328934,
            51.356206454184395,
            41.28021724737873,
            59.77926365621361,
            49.191741743319014,
            0.0,
            48.43838222129297,
            66.62353601929634,
            64.04086901714034,
            64.47687893207886,
            46.08232247015375,
            18.319625320393918,
            16.148532215352358,
            80.42596410566787
        ],
        [
            44.113480681377666,
            80.13657140663429,
            72.99439173894822,
            27.78917564805981,
            25.30496307435709,
            25.593647853223054,
            36.62715542562373,
            42.416355627436836,
            28.53119832684669,
            88.85460243564782,
            65.98161191183547,
            9.222621518101917,
            67.37898189139015,
            10.64497673710689,
            48.43838222129297,
            0.0,
            27.235782909114306,
            15.647068719345372,
            44.66975158798821,
            42.70823528357796,
            65.97682465245106,
            54.666384243504005,
            44.113480681377666
        ],
        [
            16.878048884683288,
            68.81517757926355,
            66.0713524110144,
            15.776444143750075,
            10.625556576856347,
            35.71661408432199,
            54.609081058460035,
            17.18181046749513,
            28.116211811970278,
            85.40173339957576,
            62.29619792520904,
            28.02669059712941,
            59.31646316572825,
            36.93639843986778,
            66.62353601929634,
            27.235782909114306,
            0.0,
            22.10122604766315,
            26.492974093181097,
            37.65677073795912,
            84.94147712436843,
            66.76632204022863,
            16.878048884683288
        ],
        [
            37.249122912890606,
            86.84695341091543,
            81.7020012155746,
            31.300323620617757,
            26.638643231978495,
            38.81516998198805,
            52.139385329583895,
            39.282780150480924,
            37.847653331371795,
            99.27963950337966,
            75.94383571205725,
            23.439171826934267,
            75.45350177882729,
            19.99535455673079,
            64.04086901714034,
            15.647068719345372,
            22.10122604766315,
            0.0,
            46.673613485064685,
            51.251669612892876,
            81.62359960568061,
            69.45206097007608,
            37.249122912890606
        ],
        [
            25.26008380433002,
            42.727242603017636,
            41.9085331279648,
            16.88063293825092,
            20.27927253404223,
            35.15506335130286,
            54.48853052980765,
            15.013430066612521,
            23.317592414093564,
            62.19324247049584,
            40.52498623446092,
            39.669920672747814,
            34.971815540591564,
            55.28640156202805,
            64.47687893207886,
            44.66975158798821,
            26.492974093181097,
            46.673613485064685,
            0.0,
            20.639108923654923,
            81.5414213282152,
            58.19373261965339,
            25.26008380433002
        ],
        [
            43.59715844226111,
            37.67720587614024,
            30.558339491351788,
            21.99622899156309,
            27.369626636252793,
            22.157586114737555,
            37.833718260584305,
            33.83552824845032,
            14.177086835125788,
            48.348034886109836,
            24.98156085577658,
            34.5567611679585,
            24.68353785938283,
            52.05373847995202,
            46.08232247015375,
            42.70823528357796,
            37.65677073795912,
            51.251669612892876,
            20.639108923654923,
            0.0,
            62.12433480503637,
            37.904942731193756,
            43.59715844226111
        ],
        [
            98.58208929225984,
            84.55779506625638,
            71.35275522458643,
            72.85376352776112,
            75.86628992071041,
            49.64528671881032,
            30.430676625611817,
            91.0999162037818,
            60.12544786895925,
            71.22846231945327,
            61.85563668655873,
            59.31137412475297,
            71.53328110315643,
            65.42986525145726,
            18.319625320393918,
            65.97682465245106,
            84.94147712436843,
            81.62359960568061,
            81.5414213282152,
            62.12433480503637,
            0.0,
            25.570359025797273,
            98.58208929225984
        ],
        [
            78.09037305963213,
            59.50392191356926,
            46.48522309919074,
            52.568045658411016,
            56.61063767151587,
            31.618065726374365,
            20.55178379845605,
            69.50959201987258,
            39.30700688301404,
            49.92258840939701,
            36.793837330289875,
            46.035744845639464,
            46.12982705074569,
            58.24014393511395,
            16.148532215352358,
            54.666384243504005,
            66.76632204022863,
            69.45206097007608,
            58.19373261965339,
            37.904942731193756,
            25.570359025797273,
            0.0,
            78.09037305963213
        ],
        [
            0.0,
            66.45767299606347,
            67.04541342298387,
            25.7857164359509,
            22.97528966731429,
            48.96683231698549,
            68.80610466818906,
            10.248590418575413,
            38.90517680550657,
            87.41561439242984,
            65.69010504872251,
            44.2892361072208,
            60.11334113936575,
            53.7164552795031,
            80.42596410566787,
            44.113480681377666,
            16.878048884683288,
            37.249122912890606,
            25.26008380433002,
            43.59715844226111,
            98.58208929225984,
            78.09037305963213,
            0.0
        ]
    ],
    "scores_ave": [
        0,
        10.198887205167651,
        19.969380504161343,
        16.605709610975307,
        14.711294382497401,
        18.94639815803937,
        13.342840398761346,
        18.644997705238126,
        13.305065223648278,
        16.311046157560867,
        13.594165796932433,
        10.665385567475635,
        17.723534857108795,
        14.803842791900223,
        16.086917086145075,
        14.186153388868536,
        16.16915434213363,
        19.557341706220985,
        12.468993512298713,
        15.153850245352322,
        17.534934549381944,
        13.15378772727114,
        0
    ],
    "scores_var": [
        0,
        324.04145095235987,
        20.67633088076657,
        23.36723567472539,
        293.7280559039856,
        328.2983755147912,
        22.391411561817215,
        349.4339370169266,
        352.7191594727858,
        20.064049067934594,
        22.65593362116154,
        18.07420034071221,
        19.124124665450367,
        17.574141763203073,
        22.903165600586807,
        19.97790535313717,
        382.89602671439764,
        227.4721389879284,
        19.301733266287677,
        18.511374646280075,
        19.45732706927994,
        357.0291341018398,
        0
    ],
    "vertex_number": 23,
    "minimum_distances": {
        "cost": 382.16860653530233,
        "path": [
            0,
            7,
            18,
            4,
            3,
            8,
            19,
            12,
            2,
            1,
            9,
            10,
            21,
            20,
            14,
            6,
            5,
            11,
            15,
            13,
            17,
            16,
            22
        ]
    }
}