{
    "vertices": [
        [
            47.44900689656654,
            27.679115699433677
        ],
        [
            70.43243361944658,
            86.57503107875596
        ],
        [
            91.33115927307097,
            12.786263700192158
        ],
        [
            24.51412010742029,
            55.1916673778709
        ],
        [
            42.5913827821233,
            17.631339119107103
        ],
        [
            80.51855658752686,
            21.64078751857709
        ],
        [
            40.573894384550954,
            97.43120305289888
        ],
        [
            47.80121975951683,
            21.191551824357504
        ],
        [
            73.18975864444047,
            16.60255763125471
        ],
        [
            58.33008637169521,
            91.8046583532821
        ],
        [
            55.64222852251227,
            63.254679644508
        ],
        [
            16.39691328886913,
            74.38336559565506
        ],
        [
            95.63862175655913,
            87.09516796612465
        ],
        [
            29.902327593529286,
            67.22044708429526
        ],
        [
            54.177676026727205,
            2.4041254540377532
        ],
        [
            75.49868099612536,
            34.57007284339898
        ],
        [
            52.98830405334829,
            4.541934627245626
        ],
        [
            38.5381094984804,
            1.8654657869319524
        ],
        [
            47.44900689656654,
            27.679115699433677
        ]
    ],
    "distances": [
        [
            0.0,
            63.221568726932794,
            46.340482710758046,
            35.818284882021274,
            11.160390953966605,
            33.6163133609654,
            70.09009104158956,
            6.497117740507788,
            28.022784286780208,
            65.04216410294632,
            36.50684361351905,
            56.08493091544196,
            76.50167480070337,
            43.259713848465005,
            26.155307686357585,
            28.883723919388018,
            23.79102690003833,
            27.30839823652091,
            0.0
        ],
        [
            63.221568726932794,
            0.0,
            76.69119196617861,
            55.6184055234485,
            74.35292040500742,
            65.71290484569882,
            31.77088030215669,
            69.18938647064468,
            70.02677974642789,
            13.183922418446755,
            27.615013268622782,
            55.39380980441843,
            25.211554152513383,
            44.914245135265624,
            85.7260666196886,
            52.251148729410026,
            83.86731526489697,
            90.51496209502073,
            63.221568726932794
        ],
        [
            46.340482710758046,
            76.69119196617861,
            0.0,
            79.13744362772269,
            48.98000171705294,
            13.975513188637535,
            98.69683732008228,
            44.33401067469439,
            18.53846045756604,
            85.63280624966923,
            61.81230286962821,
            97.0017741236773,
            74.43364485399178,
            82.0766817202525,
            38.576807953725364,
            26.929569420575884,
            39.21917271263694,
            53.91075895927143,
            46.340482710758046
        ],
        [
            35.818284882021274,
            55.6184055234485,
            79.13744362772269,
            0.0,
            41.68411789538434,
            65.2852084685885,
            45.18954219589251,
            41.21039756977526,
            62.116319739848024,
            49.84005098865892,
            32.155424119635875,
            20.837714054512634,
            77.95208839167209,
            13.180452235756082,
            60.551227338001084,
            54.99705092237434,
            58.104858480993705,
            55.13942377789259,
            35.818284882021274
        ],
        [
            11.160390953966605,
            74.35292040500742,
            48.98000171705294,
            41.68411789538434,
            0.0,
            38.13851320297243,
            79.8253627820508,
            6.310112188990256,
            30.615665871598843,
            75.82471943169482,
            47.453279920740115,
            62.50554168414049,
            87.40270637056183,
            51.186831806259235,
            19.134007085595766,
            37.01095751163061,
            16.71611443702196,
            16.278568310453007,
            11.160390953966605
        ],
        [
            33.6163133609654,
            65.71290484569882,
            13.975513188637535,
            65.2852084685885,
            38.13851320297243,
            0.0,
            85.67241752965198,
            32.72042086872389,
            8.89353921046597,
            73.58870144952971,
            48.482447502852494,
            83.02628909891713,
            67.17806405731025,
            68.11393399077434,
            32.617344406061015,
            13.869591557209006,
            32.40810970721742,
            46.40497050302161,
            33.6163133609654
        ],
        [
            70.09009104158956,
            31.77088030215669,
            98.69683732008228,
            45.18954219589251,
            79.8253627820508,
            85.67241752965198,
            0.0,
            76.58145109310254,
            87.16114112445648,
            18.62633509687592,
            37.350896187073474,
            33.40253323262305,
            56.02640289960274,
            32.04016407526272,
            95.99587674451432,
            71.91149011861532,
            93.71517356371801,
            95.58741841524005,
            70.09009104158956
        ],
        [
            6.497117740507788,
            69.18938647064468,
            44.33401067469439,
            41.21039756977526,
            6.310112188990256,
            32.72042086872389,
            76.58145109310254,
            0.0,
            25.7999374885989,
            71.3937521482258,
            42.78771015648874,
            61.77053923338185,
            81.43527276547931,
            49.38653196591122,
            19.840024802097208,
            30.75929426385408,
            17.438910409818515,
            21.43135117611797,
            6.497117740507788
        ],
        [
            28.022784286780208,
            70.02677974642789,
            18.53846045756604,
            62.116319739848024,
            30.615665871598843,
            8.89353921046597,
            87.16114112445648,
            25.7999374885989,
            0.0,
            76.65615313240905,
            49.84311689410535,
            81.0188191261805,
            73.98080539471339,
            66.60309617178186,
            23.728774973727255,
            18.115262220700693,
            23.527800467548868,
            37.65526078203044,
            28.022784286780208
        ],
        [
            65.04216410294632,
            13.183922418446755,
            85.63280624966923,
            49.84005098865892,
            75.82471943169482,
            73.58870144952971,
            18.62633509687592,
            71.3937521482258,
            76.65615313240905,
            0.0,
            28.676224718202853,
            45.4080658709573,
            37.60460227512547,
            37.583519165556716,
            89.49691499902032,
            59.75414981293043,
            87.42606928384217,
            92.09115434197186,
            65.04216410294632
        ],
        [
            36.50684361351905,
            27.615013268622782,
            61.81230286962821,
            32.155424119635875,
            47.453279920740115,
            48.482447502852494,
            37.350896187073474,
            42.78771015648874,
            49.84311689410535,
            28.676224718202853,
            0.0,
            40.79267604346742,
            46.562649786558,
            26.043613635982545,
            60.868176079953855,
            34.88675066799838,
            58.77269555286788,
            63.727438875569575,
            36.50684361351905
        ],
        [
            56.08493091544196,
            55.39380980441843,
            97.0017741236773,
            20.837714054512634,
            62.50554168414049,
            83.02628909891713,
            33.40253323262305,
            61.77053923338185,
            81.0188191261805,
            45.4080658709573,
            40.79267604346742,
            0.0,
            80.25483337708857,
            15.287367894470918,
            81.29204785474984,
            71.2609095219765,
            78.84640358186232,
            75.82267709768963,
            56.08493091544196
        ],
        [
            76.50167480070337,
            25.211554152513383,
            74.43364485399178,
            77.95208839167209,
            87.40270637056183,
            67.17806405731025,
            56.02640289960274,
            81.43527276547931,
            73.98080539471339,
            37.60460227512547,
            46.562649786558,
            80.25483337708857,
            0.0,
            68.67506753123011,
            94.29518918055246,
            56.25391392147893,
            92.91978225807586,
            102.58933001871532,
            76.50167480070337
        ],
        [
            43.259713848465005,
            44.914245135265624,
            82.0766817202525,
            13.180452235756082,
            51.186831806259235,
            68.11393399077434,
            32.04016407526272,
            49.38653196591122,
            66.60309617178186,
            37.583519165556716,
            26.043613635982545,
            15.287367894470918,
            68.67506753123011,
            0.0,
            69.21306301002832,
            56.08096273857126,
            66.79489675814945,
            65.92306356267576,
            43.259713848465005
        ],
        [
            26.155307686357585,
            85.7260666196886,
            38.576807953725364,
            60.551227338001084,
            19.134007085595766,
            32.617344406061015,
            95.99587674451432,
            19.840024802097208,
            23.728774973727255,
            89.49691499902032,
            60.868176079953855,
            81.29204785474984,
            94.29518918055246,
            69.21306301002832,
            0.0,
            38.59058725078248,
            2.4463919866021038,
            15.648840066548841,
            26.155307686357585
        ],
        [
            28.883723919388018,
            52.251148729410026,
            26.929569420575884,
            54.99705092237434,
            37.01095751163061,
            13.869591557209006,
            71.91149011861532,
            30.75929426385408,
            18.115262220700693,
            59.75414981293043,
            34.88675066799838,
            71.2609095219765,
            56.25391392147893,
            56.08096273857126,
            38.59058725078248,
            0.0,
            37.52873771970381,
            49.35255989460362,
            28.883723919388018
        ],
        [
            23.79102690003833,
            83.86731526489697,
            39.21917271263694,
            58.104858480993705,
            16.71611443702196,
            32.40810970721742,
            93.71517356371801,
            17.438910409818515,
            23.527800467548868,
            87.42606928384217,
            58.77269555286788,
            78.84640358186232,
            92.91978225807586,
            66.79489675814945,
            2.4463919866021038,
            37.52873771970381,
            0.0,
            14.695972513811514,
            23.79102690003833
        ],
        [
            27.30839823652091,
            90.51496209502073,
            53.91075895927143,
            55.13942377789259,
            16.278568310453007,
            46.40497050302161,
            95.58741841524005,
            21.43135117611797,
            37.65526078203044,
            92.09115434197186,
            63.727438875569575,
            75.82267709768963,
            102.58933001871532,
            65.92306356267576,
            15.648840066548841,
            49.35255989460362,
            14.695972513811514,
            0.0,
            27.30839823652091
        ],
        [
            0.0,
            63.221568726932794,
            46.340482710758046,
            35.818284882021274,
            11.160390953966605,
            33.6163133609654,
            70.09009104158956,
            6.497117740507788,
            28.022784286780208,
            65.04216410294632,
            36.50684361351905,
            56.08493091544196,
            76.50167480070337,
            43.259713848465005,
            26.155307686357585,
            28.883723919388018,
            23.79102690003833,
            27.30839823652091,
            0.0
        ]
    ],
    "scores_ave": [
        0,
        10.721128515900075,
        17.150857300475337,
        17.415390518537528,
        14.607539298369419,
        12.83561320298771,
        11.719269767013653,
        12.787327134565002,
        17.49538086213768,
        15.226908956930618,
        12.595888268422865,
        18.444284307170904,
        10.146016331760178,
        19.240084869344592,
        15.739787401004671,
        14.586754449818427,
        19.156499592128178,
        17.100284356290548,
        0
    ],
    "scores_var": [
        0,
        21.00830043946526,
        18.001594430702724,
        397.23887329405704,
        373.9957213292919,
        22.231865206905645,
        24.32242065880401,
        20.749757229598565,
        19.761738173994495,
        20.39135586616408,
        230.1787205696698,
        385.66342233524654,
        373.5857848876825,
        288.5154628231049,
        23.606336376284077,
        360.8143078821504,
        23.993597959506058,
        366.22349195337665,
        0
    ],
    "vertex_number": 19,
    "minimum_distances": {
        "cost": 352.5003532847682,
        "path": [
            0,
            7,
            4,
            17,
            16,
            14,
            8,
            2,
            5,
            15,
            10,
            12,
            1,
            9,
            6,
            11,
            13,
            3,
            18
        ]
    }
}