{
    "vertices": [
        [
            63.328940294475046,
            20.607006052690124
        ],
        [
            19.23436564998051,
            21.888880131737764
        ],
        [
            38.752457910337625,
            75.1221254012829
        ],
        [
            81.97709344351904,
            85.9514911310564
        ],
        [
            51.64127733744884,
            66.36660479600506
        ],
        [
            89.74573840587283,
            59.50754897904803
        ],
        [
            35.712310098025135,
            77.65143733526475
        ],
        [
            27.429107949885157,
            68.28881107317973
        ],
        [
            69.41073948211722,
            93.11509796439009
        ],
        [
            72.07713486579021,
            9.251332574380445
        ],
        [
            57.440146488808196,
            34.68943654945509
        ],
        [
            76.4806392164827,
            47.252434183420114
        ],
        [
            80.52056696262572,
            65.27042033643121
        ],
        [
            67.97061873622476,
            85.40523066896743
        ],
        [
            18.77652421140885,
            91.07300688074577
        ],
        [
            60.0503688578202,
            81.79857033171679
        ],
        [
            75.37351263686874,
            85.29530294821083
        ],
        [
            63.328940294475046,
            20.607006052690124
        ]
    ],
    "distances": [
        [
            0.0,
            44.113203400268205,
            59.79884383471918,
            67.95333211864619,
            47.22861783438335,
            47.02232940235696,
            63.37779898166114,
            59.685446235926314,
            72.76270798997474,
            14.334651317823326,
            15.264099750128606,
            29.714407697361803,
            47.857837424795505,
            64.96426011414377,
            83.36890938196441,
            61.27933231995516,
            65.80005682485532,
            0.0
        ],
        [
            44.113203400268205,
            0.0,
            56.698627209231105,
            89.66977204735213,
            55.0315901681002,
            79.91882089823389,
            58.14624183134679,
            47.118015585680496,
            87.12544173596352,
            54.332916971756575,
            40.29312514694904,
            62.61346270079159,
            75.0863269967676,
            80.05965994466057,
            69.18564166650243,
            72.49218645978229,
            84.68753319584175,
            44.113203400268205
        ],
        [
            59.79884383471918,
            56.698627209231105,
            0.0,
            44.56056865756497,
            15.58142507263454,
            53.33038207759385,
            3.9547335662584655,
            13.22544664778997,
            35.54823892390801,
            73.82069792294013,
            44.54247447318818,
            46.905600446517816,
            42.91422871832436,
            30.974879757533962,
            25.563030867169676,
            22.319855009296422,
            38.007830649550435,
            59.79884383471918
        ],
        [
            67.95333211864619,
            89.66977204735213,
            44.56056865756497,
            0.0,
            36.108579473280145,
            27.561457165575806,
            47.00341552502888,
            57.336314742409165,
            14.464802616898172,
            77.33643062916713,
            56.83185731423324,
            39.08744066457027,
            20.732297475239985,
            14.017122893750908,
            63.40774301957978,
            22.316541000403205,
            6.636102952883295,
            67.95333211864619
        ],
        [
            47.22861783438335,
            55.0315901681002,
            15.58142507263454,
            36.108579473280145,
            0.0,
            38.716877456933055,
            19.52125617765844,
            24.288351599564873,
            32.11285835440288,
            60.66117863896935,
            32.20356923626357,
            31.342390093364077,
            28.900086325550316,
            25.08219818214523,
            41.11566978669367,
            17.574367143467104,
            30.356459049835667,
            47.22861783438335
        ],
        [
            47.02232940235696,
            79.91882089823389,
            53.33038207759385,
            27.561457165575806,
            38.716877456933055,
            0.0,
            56.99835137424742,
            62.932288972783795,
            39.280778124055885,
            53.27163258592137,
            40.738065414055036,
            18.059642719566103,
            10.87724571934685,
            33.83556935445125,
            77.672437169974,
            37.130911725145474,
            29.522349641065105,
            47.02232940235696
        ],
        [
            63.37779898166114,
            58.14624183134679,
            3.9547335662584655,
            47.00341552502888,
            19.52125617765844,
            56.99835137424742,
            0.0,
            12.500808307882926,
            37.077067616080456,
            77.46595905099355,
            48.14387173612594,
            50.854262866909544,
            46.48730434397579,
            33.177097330223404,
            21.609242760020418,
            24.68886016578122,
            40.391084020312626,
            63.37779898166114
        ],
        [
            59.685446235926314,
            47.118015585680496,
            13.22544664778997,
            57.336314742409165,
            24.288351599564873,
            62.932288972783795,
            12.500808307882926,
            0.0,
            48.77296286789213,
            74.01939053369442,
            45.0508646151241,
            53.37210762417022,
            53.17719156500464,
            44.006657639702155,
            24.371844081826357,
            35.30807639120544,
            50.87127585076624,
            59.685446235926314
        ],
        [
            72.76270798997474,
            87.12544173596352,
            35.54823892390801,
            14.464802616898172,
            32.11285835440288,
            39.280778124055885,
            37.077067616080456,
            48.77296286789213,
            0.0,
            83.90614286053585,
            59.63935788038033,
            46.40439000073459,
            29.97923179221935,
            7.843213721159056,
            50.675377572094476,
            14.68605923606673,
            9.833811966378414,
            72.76270798997474
        ],
        [
            14.334651317823326,
            54.332916971756575,
            73.82069792294013,
            77.33643062916713,
            60.66117863896935,
            53.27163258592137,
            77.46595905099355,
            74.01939053369442,
            83.90614286053585,
            0.0,
            29.348570026401884,
            38.255386209880626,
            56.65182909020872,
            76.2645374320406,
            97.65112125534901,
            73.5373701381138,
            76.11538304853792,
            14.334651317823326
        ],
        [
            15.264099750128606,
            40.29312514694904,
            44.54247447318818,
            56.83185731423324,
            32.20356923626357,
            40.738065414055036,
            48.14387173612594,
            45.0508646151241,
            59.63935788038033,
            29.348570026401884,
            0.0,
            22.81160390817876,
            38.313214151615,
            51.797515567123234,
            68.36653195031187,
            47.18139195202619,
            53.68947136421739,
            15.264099750128606
        ],
        [
            29.714407697361803,
            62.61346270079159,
            46.905600446517816,
            39.08744066457027,
            31.342390093364077,
            18.059642719566103,
            50.854262866909544,
            53.37210762417022,
            46.40439000073459,
            38.255386209880626,
            22.81160390817876,
            0.0,
            18.46534162164773,
            39.090361065638696,
            72.45693534811137,
            38.25427174624284,
            38.05897519795268,
            29.714407697361803
        ],
        [
            47.857837424795505,
            75.0863269967676,
            42.91422871832436,
            20.732297475239985,
            28.900086325550316,
            10.87724571934685,
            46.48730434397579,
            53.17719156500464,
            29.97923179221935,
            56.65182909020872,
            38.313214151615,
            18.46534162164773,
            0.0,
            23.725762108150537,
            66.9186094269818,
            26.309860370527282,
            20.675785156744286,
            47.857837424795505
        ],
        [
            64.96426011414377,
            80.05965994466057,
            30.974879757533962,
            14.017122893750908,
            25.08219818214523,
            33.83556935445125,
            33.177097330223404,
            44.006657639702155,
            7.843213721159056,
            76.2645374320406,
            51.797515567123234,
            39.090361065638696,
            23.725762108150537,
            0.0,
            49.51951759966289,
            8.702778689859027,
            7.403710029977032,
            64.96426011414377
        ],
        [
            83.36890938196441,
            69.18564166650243,
            25.563030867169676,
            63.40774301957978,
            41.11566978669367,
            77.672437169974,
            21.609242760020418,
            24.371844081826357,
            50.675377572094476,
            97.65112125534901,
            68.36653195031187,
            72.45693534811137,
            66.9186094269818,
            49.51951759966289,
            0.0,
            42.30301910263691,
            56.8911325389438,
            83.36890938196441
        ],
        [
            61.27933231995516,
            72.49218645978229,
            22.319855009296422,
            22.316541000403205,
            17.574367143467104,
            37.130911725145474,
            24.68886016578122,
            35.30807639120544,
            14.68605923606673,
            73.5373701381138,
            47.18139195202619,
            38.25427174624284,
            26.309860370527282,
            8.702778689859027,
            42.30301910263691,
            0.0,
            15.717056793962637,
            61.27933231995516
        ],
        [
            65.80005682485532,
            84.68753319584175,
            38.007830649550435,
            6.636102952883295,
            30.356459049835667,
            29.522349641065105,
            40.391084020312626,
            50.87127585076624,
            9.833811966378414,
            76.11538304853792,
            53.68947136421739,
            38.05897519795268,
            20.675785156744286,
            7.403710029977032,
            56.8911325389438,
            15.717056793962637,
            0.0,
            65.80005682485532
        ],
        [
            0.0,
            44.113203400268205,
            59.79884383471918,
            67.95333211864619,
            47.22861783438335,
            47.02232940235696,
            63.37779898166114,
            59.685446235926314,
            72.76270798997474,
            14.334651317823326,
            15.264099750128606,
            29.714407697361803,
            47.857837424795505,
            64.96426011414377,
            83.36890938196441,
            61.27933231995516,
            65.80005682485532,
            0.0
        ]
    ],
    "scores_ave": [
        0,
        15.377794772895967,
        13.236005692218836,
        12.456078410346997,
        15.595136634721369,
        15.307030569632566,
        14.591193117336214,
        14.186069978623593,
        13.084672447909757,
        12.431068989258021,
        18.128346397917504,
        11.702599701459214,
        19.017135668146814,
        19.50180695037904,
        11.02996058752747,
        15.139460615118269,
        15.820647356951731,
        0
    ],
    "scores_var": [
        0,
        286.51377632017017,
        268.4822659332718,
        349.62749912927114,
        21.771702961640024,
        296.6083545548418,
        346.1912278944021,
        20.545895395830627,
        361.04732412392616,
        343.6649227064819,
        16.978125218320912,
        22.105967364626363,
        358.15966440146946,
        368.82003332797433,
        271.3886434218795,
        24.324981571463347,
        293.19320606471524,
        0
    ],
    "vertex_number": 18,
    "minimum_distances": {
        "cost": 319.63799340220737,
        "path": [
            0,
            10,
            11,
            5,
            12,
            3,
            16,
            8,
            13,
            15,
            4,
            2,
            6,
            14,
            7,
            1,
            9,
            17
        ]
    }
}