{
    "vertices": [
        [
            98.37581055564296,
            26.33730723733373
        ],
        [
            6.832918782694342,
            69.49067249834994
        ],
        [
            42.34536518931126,
            21.067684517470077
        ],
        [
            65.98037552936013,
            20.768544761763387
        ],
        [
            2.325799641860893,
            86.88746995024667
        ],
        [
            64.2384427907276,
            61.29309016761805
        ],
        [
            67.96475316415179,
            83.17950148805672
        ],
        [
            98.37581055564296,
            26.33730723733373
        ]
    ],
    "distances": [
        [
            0.0,
            101.20431792914997,
            56.27770190367748,
            32.870584510340436,
            113.54262107727602,
            48.859662690057924,
            64.46601786139341,
            0.0
        ],
        [
            101.20431792914997,
            0.0,
            60.04930986097404,
            76.63072080294532,
            17.971162581535673,
            57.987882723082855,
            62.64571185605108,
            101.20431792914997
        ],
        [
            56.27770190367748,
            60.04930986097404,
            0.0,
            23.636903315951972,
            77.03122601272439,
            45.79727182464688,
            67.18802607305157,
            56.27770190367748
        ],
        [
            32.870584510340436,
            76.63072080294532,
            23.636903315951972,
            0.0,
            91.78026639478472,
            40.56196629870273,
            62.4424957387893,
            32.870584510340436
        ],
        [
            113.54262107727602,
            17.971162581535673,
            77.03122601272439,
            91.78026639478472,
            0.0,
            66.99438527321779,
            65.74360234743803,
            113.54262107727602
        ],
        [
            48.859662690057924,
            57.987882723082855,
            45.79727182464688,
            40.56196629870273,
            66.99438527321779,
            0.0,
            22.20136008190747,
            48.859662690057924
        ],
        [
            64.46601786139341,
            62.64571185605108,
            67.18802607305157,
            62.4424957387893,
            65.74360234743803,
            22.20136008190747,
            0.0,
            64.46601786139341
        ],
        [
            0.0,
            101.20431792914997,
            56.27770190367748,
            32.870584510340436,
            113.54262107727602,
            48.859662690057924,
            64.46601786139341,
            0.0
        ]
    ],
    "scores_ave": [
        0,
        19.111708903896954,
        15.520905577972687,
        16.177116358518617,
        14.090246174203676,
        15.983603403990333,
        17.68342389645406,
        0
    ],
    "scores_var": [
        0,
        264.312292695816,
        254.21847935875684,
        399.3744077200714,
        19.905886517857198,
        371.6955384185145,
        328.8779621585786,
        0
    ],
    "vertex_number": 8,
    "minimum_distances": {
        "cost": 271.33258538820553,
        "path": [
            0,
            5,
            6,
            4,
            1,
            2,
            3,
            7
        ]
    }
}