{
    "vertices": [
        [
            34.40574289218855,
            35.460167485294136
        ],
        [
            9.990706441433616,
            84.9186173473472
        ],
        [
            74.417143675346,
            8.396427733566902
        ],
        [
            18.965727591717783,
            53.842567956420964
        ],
        [
            8.074876338525694,
            18.381880557370366
        ],
        [
            55.56438054756655,
            10.773273385733706
        ],
        [
            3.7443480739710266,
            6.73851646108411
        ],
        [
            95.06129529198738,
            66.26403511350907
        ],
        [
            15.03262883268539,
            47.829139940105904
        ],
        [
            50.024368583992896,
            53.40971954285385
        ],
        [
            9.694821815215903,
            97.93162829274277
        ],
        [
            86.52385973993519,
            55.29009089233288
        ],
        [
            54.35552596953139,
            93.60353240663714
        ],
        [
            76.79181016763425,
            0.6613811545504222
        ],
        [
            91.56624954183974,
            89.56482589836659
        ],
        [
            67.03184031837957,
            43.78348658656596
        ],
        [
            62.310603943814336,
            10.991951474943129
        ],
        [
            55.31639967818207,
            79.17862083632664
        ],
        [
            11.886511848413473,
            86.07823900450278
        ],
        [
            29.60829191036153,
            7.675395602986413
        ],
        [
            85.13041554605341,
            10.014168606249708
        ],
        [
            34.40574289218855,
            35.460167485294136
        ]
    ],
    "distances": [
        [
            0.0,
            55.156434508123425,
            48.304846568224114,
            24.006389140386258,
            31.384429544907984,
            32.51354621868386,
            42.01255014582097,
            68.02921650130428,
            22.984973960185624,
            23.793442112643916,
            67.18119555269139,
            55.76310577868126,
            61.47068186712667,
            54.84099041019741,
            78.70601998856294,
            33.67105395031324,
            37.113001293882704,
            48.46193073566119,
            55.40130802721759,
            28.195905455844308,
            56.7493724616764,
            0.0
        ],
        [
            55.156434508123425,
            0.0,
            100.0320514532347,
            32.34612574011507,
            66.56431286839717,
            87.03155636157489,
            78.42923668786433,
            87.0918970151586,
            37.43060667076701,
            50.94609646870494,
            13.016374363739587,
            82.06810058547367,
            45.20691276063614,
            107.52520313808925,
            81.70775046484748,
            70.32631041562071,
            90.56778456862956,
            45.68770105114015,
            2.2223412269222567,
            79.6954513449744,
            106.09737190682237,
            55.156434508123425
        ],
        [
            48.304846568224114,
            100.0320514532347,
            0.0,
            71.69526627912735,
            67.08953497742057,
            19.002001810503664,
            70.69223937534552,
            61.43973453596633,
            71.28435589287392,
            51.19769444189216,
            110.4786453851518,
            48.43127314366604,
            87.53695900442167,
            8.091352577236464,
            82.96023561116294,
            36.14950400683305,
            12.381641561731723,
            73.31410015598338,
            99.72233310050805,
            44.81465255727954,
            10.834725640589118,
            48.304846568224114
        ],
        [
            24.006389140386258,
            32.34612574011507,
            71.69526627912735,
            0.0,
            37.09543087541027,
            56.51924922536824,
            49.502344002063445,
            77.10271246824544,
            7.185442391092217,
            31.061657039445908,
            45.05324555741352,
            67.57363792194407,
            53.22942910865805,
            78.56267851678786,
            80.91301193195713,
            49.1073956818881,
            60.95041951308652,
            44.308993857579644,
            33.003844979947225,
            47.37796933584428,
            79.36431516552447,
            24.006389140386258
        ],
        [
            31.384429544907984,
            66.56431286839717,
            67.08953497742057,
            37.09543087541027,
            0.0,
            48.09515477792738,
            12.422616573363065,
            99.2941982559158,
            30.25807999401303,
            54.65079508703848,
            79.56624025369577,
            86.69751430603104,
            88.31871510161483,
            70.96501316817623,
            109.71700463827074,
            64.19630200084933,
            54.73687240533909,
            76.99353970300471,
            67.80358037937874,
            24.04821835953408,
            77.50854614724604,
            31.384429544907984
        ],
        [
            32.51354621868386,
            87.03155636157489,
            19.002001810503664,
            56.51924922536824,
            48.09515477792738,
            0.0,
            51.976870134758045,
            68.11189992546667,
            54.9177579947708,
            42.99486333814244,
            98.49159988748643,
            54.223946672835986,
            82.8390797803838,
            23.51285037527336,
            86.62703572460387,
            34.94534030682224,
            6.749766678840187,
            68.40579693525925,
            87.05512081976826,
            26.14030191293289,
            29.575778359968577,
            32.51354621868386
        ],
        [
            42.01255014582097,
            78.42923668786433,
            70.69223937534552,
            49.502344002063445,
            12.422616573363065,
            51.976870134758045,
            0.0,
            109.00491832967067,
            42.61296305565124,
            65.72702256688521,
            91.38704384805673,
            95.96719716345052,
            100.53368750422537,
            73.299817816002,
            120.71820041912699,
            73.33236997522931,
            58.720507797779455,
            88.92269242754314,
            79.75641920370109,
            25.880906732541153,
            81.45196053838406,
            42.01255014582097
        ],
        [
            68.02921650130428,
            87.0918970151586,
            61.43973453596633,
            77.10271246824544,
            99.2941982559158,
            68.11189992546667,
            109.00491832967067,
            0.0,
            82.12449582985926,
            46.83543739617744,
            91.05092669284468,
            13.903785728172414,
            49.03476081693431,
            68.09906235160534,
            23.561455727423265,
            35.930842018936204,
            64.24648639055621,
            41.790468431740315,
            85.50232322410477,
            87.84488790686173,
            57.11978514151379,
            68.02921650130428
        ],
        [
            22.984973960185624,
            37.43060667076701,
            71.28435589287392,
            7.185442391092217,
            30.25807999401303,
            54.9177579947708,
            42.61296305565124,
            82.12449582985926,
            0.0,
            35.43394868661748,
            50.386025075231515,
            71.87949558633008,
            60.34554867523373,
            77.71096414287653,
            87.173749381676,
            52.15635441814313,
            59.93484282640983,
            51.04480527923481,
            38.37827030126253,
            42.717363430397796,
            79.6471704399673,
            22.984973960185624
        ],
        [
            23.793442112643916,
            50.94609646870494,
            51.19769444189216,
            31.061657039445908,
            54.65079508703848,
            42.99486333814244,
            65.72702256688521,
            46.83543739617744,
            35.43394868661748,
            0.0,
            60.072229035623494,
            36.54789530266622,
            40.426495233041614,
            59.15135781755663,
            55.07194920369494,
            19.542734090313072,
            44.16127972760745,
            26.30668863567988,
            50.21681272442244,
            50.084374539174654,
            55.81763497671504,
            23.793442112643916
        ],
        [
            67.18119555269139,
            13.016374363739587,
            110.4786453851518,
            45.05324555741352,
            79.56624025369577,
            98.49159988748643,
            91.38704384805673,
            91.05092669284468,
            50.386025075231515,
            60.072229035623494,
            0.0,
            87.86923113529849,
            44.86993324664766,
            118.16728322293604,
            82.29783751899153,
            78.86415498224994,
            101.62149346564232,
            49.32548687410073,
            12.054308060613858,
            92.42691074885985,
            115.84476043071652,
            67.18119555269139
        ],
        [
            55.76310577868126,
            82.06810058547367,
            48.43127314366604,
            67.57363792194407,
            86.69751430603104,
            54.223946672835986,
            95.96719716345052,
            13.903785728172414,
            71.87949558633008,
            36.54789530266622,
            87.86923113529849,
            0.0,
            50.02720757981715,
            55.48881613886361,
            34.64365966014826,
            22.634945632357844,
            50.483729181696546,
            39.30098505624258,
            80.73811841043208,
            74.20607164417284,
            45.297360028779885,
            55.76310577868126
        ],
        [
            61.47068186712667,
            45.20691276063614,
            87.53695900442167,
            53.22942910865805,
            88.31871510161483,
            82.8390797803838,
            100.53368750422537,
            49.03476081693431,
            60.34554867523373,
            40.426495233041614,
            44.86993324664766,
            50.02720757981715,
            0.0,
            95.61187336300762,
            37.429254588285495,
            51.407449956059935,
            82.99371403673143,
            14.456879057917508,
            43.13058313085879,
            89.4207486444072,
            89.07455062474716,
            61.47068186712667
        ],
        [
            54.84099041019741,
            107.52520313808925,
            8.091352577236464,
            78.56267851678786,
            70.96501316817623,
            23.51285037527336,
            73.299817816002,
            68.09906235160534,
            77.71096414287653,
            59.15135781755663,
            118.16728322293604,
            55.48881613886361,
            95.61187336300762,
            0.0,
            90.1227304631792,
            44.21281475260565,
            17.78836745857751,
            81.40116819146988,
            107.2787833397919,
            47.70199989326713,
            12.530242327012855,
            54.84099041019741
        ],
        [
            78.70601998856294,
            81.70775046484748,
            82.96023561116294,
            80.91301193195713,
            109.71700463827074,
            86.62703572460387,
            120.71820041912699,
            23.561455727423265,
            87.173749381676,
            55.07194920369494,
            82.29783751899153,
            34.64365966014826,
            37.429254588285495,
            90.1227304631792,
            0.0,
            51.94100754824101,
            83.84264663353808,
            37.70841909611786,
            79.75598339348389,
            102.6872305010023,
            79.81056969367621,
            78.70601998856294
        ],
        [
            33.67105395031324,
            70.32631041562071,
            36.14950400683305,
            49.1073956818881,
            64.19630200084933,
            34.94534030682224,
            73.33236997522931,
            35.930842018936204,
            52.15635441814313,
            19.542734090313072,
            78.86415498224994,
            22.634945632357844,
            51.407449956059935,
            44.21281475260565,
            51.94100754824101,
            0.0,
            33.129667186395196,
            37.283603339170064,
            69.49714623029513,
            52.003040391170664,
            38.313512787624674,
            33.67105395031324
        ],
        [
            37.113001293882704,
            90.56778456862956,
            12.381641561731723,
            60.95041951308652,
            54.73687240533909,
            6.749766678840187,
            58.720507797779455,
            64.24648639055621,
            59.93484282640983,
            44.16127972760745,
            101.62149346564232,
            50.483729181696546,
            82.99371403673143,
            17.78836745857751,
            83.84264663353808,
            33.129667186395196,
            0.0,
            68.54444377123521,
            90.4463356837477,
            32.870058642861025,
            22.840750007388014,
            37.113001293882704
        ],
        [
            48.46193073566119,
            45.68770105114015,
            73.31410015598338,
            44.308993857579644,
            76.99353970300471,
            68.40579693525925,
            88.92269242754314,
            41.790468431740315,
            51.04480527923481,
            26.30668863567988,
            49.32548687410073,
            39.30098505624258,
            14.456879057917508,
            81.40116819146988,
            37.70841909611786,
            37.283603339170064,
            68.54444377123521,
            0.0,
            43.97453681135151,
            75.9843274877896,
            75.31664486988436,
            48.46193073566119
        ],
        [
            55.40130802721759,
            2.2223412269222567,
            99.72233310050805,
            33.003844979947225,
            67.80358037937874,
            87.05512081976826,
            79.75641920370109,
            85.50232322410477,
            38.37827030126253,
            50.21681272442244,
            12.054308060613858,
            80.73811841043208,
            43.13058313085879,
            107.2787833397919,
            79.75598339348389,
            69.49714623029513,
            90.4463356837477,
            43.97453681135151,
            0.0,
            80.3807647513182,
            105.59551237822349,
            55.40130802721759
        ],
        [
            28.195905455844308,
            79.6954513449744,
            44.81465255727954,
            47.37796933584428,
            24.04821835953408,
            26.14030191293289,
            25.880906732541153,
            87.84488790686173,
            42.717363430397796,
            50.084374539174654,
            92.42691074885985,
            74.20607164417284,
            89.4207486444072,
            47.70199989326713,
            102.6872305010023,
            52.003040391170664,
            32.870058642861025,
            75.9843274877896,
            80.3807647513182,
            0.0,
            55.57136017930323,
            28.195905455844308
        ],
        [
            56.7493724616764,
            106.09737190682237,
            10.834725640589118,
            79.36431516552447,
            77.50854614724604,
            29.575778359968577,
            81.45196053838406,
            57.11978514151379,
            79.6471704399673,
            55.81763497671504,
            115.84476043071652,
            45.297360028779885,
            89.07455062474716,
            12.530242327012855,
            79.81056969367621,
            38.313512787624674,
            22.840750007388014,
            75.31664486988436,
            105.59551237822349,
            55.57136017930323,
            0.0,
            56.7493724616764
        ],
        [
            0.0,
            55.156434508123425,
            48.304846568224114,
            24.006389140386258,
            31.384429544907984,
            32.51354621868386,
            42.01255014582097,
            68.02921650130428,
            22.984973960185624,
            23.793442112643916,
            67.18119555269139,
            55.76310577868126,
            61.47068186712667,
            54.84099041019741,
            78.70601998856294,
            33.67105395031324,
            37.113001293882704,
            48.46193073566119,
            55.40130802721759,
            28.195905455844308,
            56.7493724616764,
            0.0
        ]
    ],
    "scores_ave": [
        0,
        11.769253931611363,
        16.28553979674825,
        15.330980675260738,
        14.550511076303849,
        14.251115884787884,
        13.177947079966952,
        12.373428655135552,
        15.028068197857685,
        11.408413846111463,
        17.482774144392927,
        14.410619490490689,
        11.793268797819179,
        15.591442471526616,
        12.785055093024011,
        15.365065411535312,
        12.629064100214256,
        18.557724567953592,
        15.708401705473904,
        17.326866570426823,
        10.571526936874937,
        0
    ],
    "scores_var": [
        0,
        23.448258005123122,
        23.17664963232275,
        19.923698655760298,
        254.33056155930456,
        22.109762118679825,
        17.84924527196386,
        232.193526615038,
        346.4891263748832,
        277.2147291728015,
        386.8266270358185,
        19.32446477056532,
        20.338284913463298,
        399.17356774538564,
        22.18416358349218,
        22.003228564912483,
        18.831092375393176,
        259.08519782134323,
        328.3197081926584,
        16.566947751752444,
        17.83134054836191,
        0
    ],
    "vertex_number": 22,
    "minimum_distances": {
        "cost": 454.36639584323035,
        "path": [
            0,
            9,
            17,
            12,
            14,
            7,
            11,
            15,
            20,
            13,
            2,
            16,
            5,
            19,
            6,
            4,
            8,
            1,
            10,
            18,
            3,
            21
        ]
    }
}