{
    "vertices": [
        [
            62.47955600784033,
            41.7263713980217
        ],
        [
            19.44557016687911,
            42.75651125207916
        ],
        [
            53.332568965534556,
            23.878943955598718
        ],
        [
            13.376927231273827,
            81.49158183156906
        ],
        [
            27.450622971278527,
            0.9134586503947051
        ],
        [
            66.3342332564082,
            25.930777763706438
        ],
        [
            44.670098077752726,
            95.33846944293009
        ],
        [
            62.47955600784033,
            41.7263713980217
        ]
    ],
    "distances": [
        [
            0.0,
            43.046313726949585,
            20.054875673129033,
            63.184967465320426,
            53.7840124630484,
            16.259130202782913,
            56.49277695900982,
            0.0
        ],
        [
            43.046313726949585,
            0.0,
            38.79034976141905,
            39.20757732732203,
            42.601900443859954,
            49.816182448528856,
            58.31928613684188,
            43.046313726949585
        ],
        [
            20.054875673129033,
            38.79034976141905,
            0.0,
            70.11183458892152,
            34.60185896383498,
            13.16257179690476,
            71.98265197084802,
            20.054875673129033
        ],
        [
            63.184967465320426,
            39.20757732732203,
            70.11183458892152,
            0.0,
            81.79793913774806,
            76.75597182048543,
            34.21986028826799,
            63.184967465320426
        ],
        [
            53.7840124630484,
            42.601900443859954,
            34.60185896383498,
            81.79793913774806,
            0.0,
            46.23636452429099,
            95.98225349570049,
            53.7840124630484
        ],
        [
            16.259130202782913,
            49.816182448528856,
            13.16257179690476,
            76.75597182048543,
            46.23636452429099,
            0.0,
            72.71012596108764,
            16.259130202782913
        ],
        [
            56.49277695900982,
            58.31928613684188,
            71.98265197084802,
            34.21986028826799,
            95.98225349570049,
            72.71012596108764,
            0.0,
            56.49277695900982
        ],
        [
            0.0,
            43.046313726949585,
            20.054875673129033,
            63.184967465320426,
            53.7840124630484,
            16.259130202782913,
            56.49277695900982,
            0.0
        ]
    ],
    "scores_ave": [
        0,
        14.03622666568174,
        11.790093674876923,
        11.350611442008196,
        17.128076157123058,
        10.018200382118023,
        18.565974306471887,
        0
    ],
    "scores_var": [
        0,
        17.727622689975746,
        260.218865190299,
        373.53208253164274,
        383.1768091486548,
        16.47772410313757,
        386.66103697478695,
        0
    ],
    "vertex_number": 8,
    "minimum_distances": {
        "cost": 236.5456759819824,
        "path": [
            0,
            6,
            3,
            1,
            4,
            2,
            5,
            7
        ]
    }
}