{
    "vertices": [
        [
            10.967433028492458,
            12.551391285528545
        ],
        [
            28.63766170208759,
            17.004126746381687
        ],
        [
            60.94057924191259,
            27.96588375570176
        ],
        [
            31.259795647324896,
            5.8266674704443355
        ],
        [
            27.687854886280284,
            38.88750031901511
        ],
        [
            76.64305249097183,
            13.324304778858952
        ],
        [
            35.948903422249,
            28.32143850305777
        ],
        [
            54.87497756653534,
            88.46151992755486
        ],
        [
            30.202391329275436,
            94.00404654519066
        ],
        [
            80.79242168555443,
            67.50974455689435
        ],
        [
            5.765390632631274,
            12.64543769575841
        ],
        [
            87.76877907938349,
            91.62133494975124
        ],
        [
            72.59324634395568,
            64.08376760562989
        ],
        [
            70.02283258721992,
            33.906706724233416
        ],
        [
            52.74230129228648,
            80.61658122355531
        ],
        [
            10.967433028492458,
            12.551391285528545
        ]
    ],
    "distances": [
        [
            0.0,
            18.22261875970308,
            52.29648095790857,
            21.377602556024584,
            31.195562923692876,
            65.68016737987634,
            29.54265140906002,
            87.69390000341645,
            83.69300251324613,
            88.8591561700823,
            5.202892447054263,
            110.2293189051446,
            80.33260033130303,
            62.79800724965351,
            79.86244236032984,
            0.0
        ],
        [
            18.22261875970308,
            0.0,
            34.112147371810394,
            11.480905116409756,
            21.90397616659553,
            48.146221393855555,
            13.473522215383307,
            76.12197963807547,
            77.01581673805202,
            72.60121499916244,
            23.283877557544226,
            95.20618048400296,
            64.40951796624644,
            44.703798262555715,
            68.02630384185129,
            18.22261875970308
        ],
        [
            52.29648095790857,
            34.112147371810394,
            0.0,
            37.02828395313714,
            35.00036264708842,
            21.46959480457296,
            24.994204917410855,
            60.79895985558931,
            72.84143834908554,
            44.24717590390686,
            57.262706062020854,
            69.0779905124439,
            37.951102545089995,
            10.852681851587633,
            53.28515464170829,
            52.29648095790857
        ],
        [
            21.377602556024584,
            11.480905116409756,
            37.02828395313714,
            0.0,
            33.25323186461052,
            45.99841917876045,
            22.978304017802497,
            85.94297910641583,
            88.18371893032942,
            79.10931071053538,
            26.390534561445797,
            102.73261495946414,
            71.43069272134944,
            47.865035645009215,
            77.81406844513134,
            21.377602556024584
        ],
        [
            31.195562923692876,
            21.90397616659553,
            35.00036264708842,
            33.25323186461052,
            0.0,
            55.22760486150614,
            13.41218047940985,
            56.53957074279148,
            55.17387571509996,
            60.326842119834026,
            34.19415578246442,
            79.94107058802278,
            51.49122320498515,
            42.62697082567415,
            48.67280018500167,
            31.195562923692876
        ],
        [
            65.68016737987634,
            48.146221393855555,
            21.46959480457296,
            45.99841917876045,
            55.22760486150614,
            0.0,
            43.369664379251724,
            78.226914717489,
            93.09111526143333,
            54.344081082046564,
            70.8809128822547,
            79.08354269822331,
            50.92076193745288,
            21.62088299341605,
            71.41075813188722,
            65.68016737987634
        ],
        [
            29.54265140906002,
            13.473522215383307,
            24.994204917410855,
            22.978304017802497,
            13.41218047940985,
            43.369664379251724,
            0.0,
            63.047804690252015,
            65.93350741808867,
            59.55387864447262,
            34.01148990608126,
            81.80572353621106,
            51.20304728240607,
            34.528652881946186,
            54.92540545301952,
            29.54265140906002
        ],
        [
            87.69390000341645,
            76.12197963807547,
            60.79895985558931,
            85.94297910641583,
            56.53957074279148,
            78.226914717489,
            63.047804690252015,
            0.0,
            25.287469484751306,
            33.32702808300034,
            90.3317765451184,
            33.04522066715774,
            30.1365534980035,
            56.6187703449746,
            8.129659978145094,
            87.69390000341645
        ],
        [
            83.69300251324613,
            77.01581673805202,
            72.84143834908554,
            88.18371893032942,
            55.17387571509996,
            93.09111526143333,
            65.93350741808867,
            25.287469484751306,
            0.0,
            57.10778589033436,
            84.94933923794052,
            57.61567766799964,
            51.886488421329545,
            72.09270278976244,
            26.215868646272877,
            83.69300251324613
        ],
        [
            88.8591561700823,
            72.60121499916244,
            44.24717590390686,
            79.10931071053538,
            60.326842119834026,
            54.344081082046564,
            59.55387864447262,
            33.32702808300034,
            57.10778589033436,
            0.0,
            92.94701477707169,
            25.10056480956838,
            8.886157457128263,
            35.28665754828881,
            30.96124063217356,
            88.8591561700823
        ],
        [
            5.202892447054263,
            23.283877557544226,
            57.262706062020854,
            26.390534561445797,
            34.19415578246442,
            70.8809128822547,
            34.01148990608126,
            90.3317765451184,
            84.94933923794052,
            92.94701477707169,
            0.0,
            113.84967309492885,
            84.3318687264214,
            67.68353128530246,
            82.62509599148187,
            5.202892447054263
        ],
        [
            110.2293189051446,
            95.20618048400296,
            69.0779905124439,
            102.73261495946414,
            79.94107058802278,
            79.08354269822331,
            81.80572353621106,
            33.04522066715774,
            57.61567766799964,
            25.10056480956838,
            113.84967309492885,
            0.0,
            31.44223924971089,
            60.38126305496161,
            36.714557749538855,
            110.2293189051446
        ],
        [
            80.33260033130303,
            64.40951796624644,
            37.951102545089995,
            71.43069272134944,
            51.49122320498515,
            50.92076193745288,
            51.20304728240607,
            30.1365534980035,
            51.886488421329545,
            8.886157457128263,
            84.3318687264214,
            31.44223924971089,
            0.0,
            30.28633405218145,
            25.833968831162018,
            80.33260033130303
        ],
        [
            62.79800724965351,
            44.703798262555715,
            10.852681851587633,
            47.865035645009215,
            42.62697082567415,
            21.62088299341605,
            34.528652881946186,
            56.6187703449746,
            72.09270278976244,
            35.28665754828881,
            67.68353128530246,
            60.38126305496161,
            30.28633405218145,
            0.0,
            49.80390685054313,
            62.79800724965351
        ],
        [
            79.86244236032984,
            68.02630384185129,
            53.28515464170829,
            77.81406844513134,
            48.67280018500167,
            71.41075813188722,
            54.92540545301952,
            8.129659978145094,
            26.215868646272877,
            30.96124063217356,
            82.62509599148187,
            36.714557749538855,
            25.833968831162018,
            49.80390685054313,
            0.0,
            79.86244236032984
        ],
        [
            0.0,
            18.22261875970308,
            52.29648095790857,
            21.377602556024584,
            31.195562923692876,
            65.68016737987634,
            29.54265140906002,
            87.69390000341645,
            83.69300251324613,
            88.8591561700823,
            5.202892447054263,
            110.2293189051446,
            80.33260033130303,
            62.79800724965351,
            79.86244236032984,
            0.0
        ]
    ],
    "scores_ave": [
        0,
        15.729963369959728,
        14.802195466705662,
        13.362393046235189,
        15.987168689479361,
        17.126476330573325,
        11.233826800154338,
        10.162502233671411,
        11.09783730570179,
        13.520504167548923,
        17.345889866637965,
        18.922431441826447,
        16.02866081423373,
        16.83250070416646,
        12.426635605877427,
        0
    ],
    "scores_var": [
        0,
        354.46649898590056,
        378.55545035963985,
        278.24055489089966,
        241.1965958824947,
        297.6221502420913,
        306.62806690320747,
        372.23395882485477,
        316.7982828999357,
        21.290448651758357,
        19.113338765855794,
        22.961836938732226,
        231.25055151893412,
        20.005580101545107,
        16.704589615949786,
        0
    ],
    "vertex_number": 16,
    "minimum_distances": {
        "cost": 384.4715661059406,
        "path": [
            0,
            1,
            3,
            5,
            9,
            11,
            7,
            8,
            14,
            12,
            13,
            2,
            6,
            4,
            10,
            15
        ]
    }
}