{
    "vertices": [
        [
            90.26492343215516,
            94.05211661732474
        ],
        [
            14.926327566456632,
            18.33496162674677
        ],
        [
            58.823906626202685,
            12.338890883439957
        ],
        [
            85.35674381510998,
            42.23602608306454
        ],
        [
            5.123492892190851,
            19.60590945202485
        ],
        [
            6.55381433526685,
            27.243564552578558
        ],
        [
            15.407719448963586,
            68.62819074227242
        ],
        [
            13.160696938521955,
            80.09336771704054
        ],
        [
            34.512860988678916,
            72.11638304258801
        ],
        [
            34.060447201108566,
            21.5823290995946
        ],
        [
            7.343442168400216,
            52.14771649224147
        ],
        [
            29.150246845866633,
            20.865521021107714
        ],
        [
            20.47528410178242,
            57.52609099875632
        ],
        [
            31.855176085765592,
            82.65466749726531
        ],
        [
            14.34113943821954,
            99.54171571324763
        ],
        [
            64.4533791875381,
            4.003364853793667
        ],
        [
            95.82368673446855,
            73.00614182911323
        ],
        [
            64.40941699438876,
            59.34839808189854
        ],
        [
            59.20340334087619,
            27.444600754118888
        ],
        [
            90.26492343215516,
            94.05211661732474
        ]
    ],
    "distances": [
        [
            0.0,
            106.81288118425722,
            87.55334829479108,
            52.04803037010937,
            113.09863374811526,
            107.10243888548494,
            79.05679600819468,
            78.35756768840311,
            59.912176343069916,
            91.71048604860425,
            92.90829244377673,
            95.3482116728513,
            78.77019934817879,
            59.511347081992746,
            76.12198548508671,
            93.67504208945873,
            21.767703237530153,
            43.27649816400888,
            73.49407595070603,
            0.0
        ],
        [
            106.81288118425722,
            0.0,
            44.305195086641874,
            74.37542883979648,
            9.884881184190663,
            12.225472747365911,
            50.295532932968314,
            61.78364002167511,
            57.2369948635333,
            19.407728607358532,
            34.65259791926274,
            14.447270002168574,
            39.58201030878199,
            66.51022835218448,
            81.20886253612257,
            51.55893238169103,
            97.63872523275765,
            64.2703517120725,
            45.20447947012155,
            106.81288118425722
        ],
        [
            87.55334829479108,
            44.305195086641874,
            0.0,
            39.972867578367364,
            54.18988830104934,
            54.353581715342955,
            71.08762612161568,
            81.70555580850066,
            64.53197276410175,
            26.43236789911473,
            65.07673022780904,
            30.874415075653136,
            59.266347143907225,
            75.31016443859416,
            97.89304998312409,
            10.058427089249053,
            71.05982736656009,
            47.34016997344901,
            15.11047611604528,
            87.55334829479108
        ],
        [
            52.04803037010937,
            74.37542883979648,
            39.972867578367364,
            0.0,
            83.36364154950623,
            80.21642972202285,
            74.76237265613287,
            81.519614205405,
            58.97402947820672,
            55.29814866156559,
            78.64042752037847,
            60.132094493345924,
            66.65875711156198,
            67.05284724206251,
            91.2532636622159,
            43.573926119015425,
            32.50164483687471,
            27.048544810406796,
            30.046355539781693,
            52.04803037010937
        ],
        [
            113.09863374811526,
            9.884881184190663,
            54.18988830104934,
            83.36364154950623,
            0.0,
            7.770430803085315,
            50.08941383936517,
            61.01908927740872,
            60.175450092343326,
            29.00437138259837,
            32.61743981724554,
            24.05974910208837,
            40.90987242561344,
            68.4815944426597,
            80.46550894935828,
            61.34716624065554,
            105.25260082750349,
            71.37426846663446,
            54.64505279956595,
            113.09863374811526
        ],
        [
            107.10243888548494,
            12.225472747365911,
            54.353581715342955,
            80.21642972202285,
            7.770430803085315,
            0.0,
            42.3211403511654,
            53.26117340291678,
            52.870389907820865,
            28.083170021746586,
            24.91666703130005,
            23.479314331884307,
            33.3292473425888,
            60.91427776782938,
            72.71633305874293,
            62.389634492612366,
            100.31611833180429,
            66.16638946622025,
            52.649972820637906,
            107.10243888548494
        ],
        [
            79.05679600819468,
            50.295532932968314,
            71.08762612161568,
            74.76237265613287,
            50.08941383936517,
            42.3211403511654,
            0.0,
            11.683295477954168,
            19.420965958894456,
            50.60866872678656,
            18.34771374214629,
            49.700399174933146,
            12.203967806638923,
            21.61621798506478,
            30.93191909743762,
            81.1285699387597,
            80.53504982417391,
            49.87264695354415,
            60.11780112306731,
            79.05679600819468
        ],
        [
            78.35756768840311,
            61.78364002167511,
            81.70555580850066,
            81.519614205405,
            61.01908927740872,
            53.26117340291678,
            11.683295477954168,
            0.0,
            22.79357791399292,
            62.13164412061489,
            28.544699603229628,
            61.34821538134901,
            23.723093471310772,
            18.869123115579765,
            19.48413930038134,
            91.76397870639357,
            82.96625008273713,
            55.28820012016641,
            69.94157186944987,
            78.35756768840311
        ],
        [
            59.912176343069916,
            57.2369948635333,
            64.53197276410175,
            58.97402947820672,
            60.175450092343326,
            52.870389907820865,
            19.420965958894456,
            22.79357791399292,
            0.0,
            50.53607905396452,
            33.71831791223642,
            51.53065581175444,
            20.24673274332995,
            10.868244029780826,
            34.04478260182633,
            74.40307706542282,
            61.317281612354435,
            32.50885265522206,
            51.04107183900071,
            59.912176343069916
        ],
        [
            91.71048604860425,
            19.407728607358532,
            26.43236789911473,
            55.29814866156559,
            29.00437138259837,
            28.083170021746586,
            50.60866872678656,
            62.13164412061489,
            50.53607905396452,
            0.0,
            40.59607449471365,
            4.962245595494248,
            38.42539103117784,
            61.11214067639727,
            80.41465699625012,
            35.110543981642884,
            80.36856520615385,
            48.449313038365915,
            25.81732891678993,
            91.71048604860425
        ],
        [
            92.90829244377673,
            34.65259791926274,
            65.07673022780904,
            78.64042752037847,
            32.61743981724554,
            24.91666703130005,
            18.34771374214629,
            28.544699603229628,
            33.71831791223642,
            40.59607449471365,
            0.0,
            38.13282685214135,
            14.190566757380203,
            39.13437311697538,
            47.90781699514985,
            74.69553869553661,
            90.90559711043716,
            57.51847788490221,
            57.44301088889575,
            92.90829244377673
        ],
        [
            95.3482116728513,
            14.447270002168574,
            30.874415075653136,
            60.132094493345924,
            24.05974910208837,
            23.479314331884307,
            49.700399174933146,
            61.34821538134901,
            51.53065581175444,
            4.962245595494248,
            38.13282685214135,
            0.0,
            37.67296603265157,
            61.84832466967007,
            80.05781207007054,
            39.1234388026469,
            84.64036817513988,
            52.19330327195602,
            30.764858287449556,
            95.3482116728513
        ],
        [
            78.77019934817879,
            39.58201030878199,
            59.266347143907225,
            66.65875711156198,
            40.90987242561344,
            33.3292473425888,
            12.203967806638923,
            23.723093471310772,
            20.24673274332995,
            38.42539103117784,
            14.190566757380203,
            37.67296603265157,
            0.0,
            27.585273216130066,
            42.46104627658732,
            69.27304714938153,
            76.92212785023446,
            43.971909625697,
            49.038385731339915,
            78.77019934817879
        ],
        [
            59.511347081992746,
            66.51022835218448,
            75.31016443859416,
            67.05284724206251,
            68.4815944426597,
            60.91427776782938,
            21.61621798506478,
            18.869123115579765,
            10.868244029780826,
            61.11214067639727,
            39.13437311697538,
            61.84832466967007,
            27.585273216130066,
            0.0,
            24.329280242960284,
            85.13912292817785,
            64.69207371990956,
            40.036992834107,
            61.612312111946075,
            59.511347081992746
        ],
        [
            76.12198548508671,
            81.20886253612257,
            97.89304998312409,
            91.2532636622159,
            80.46550894935828,
            72.71633305874293,
            30.93191909743762,
            19.48413930038134,
            34.04478260182633,
            80.41465699625012,
            47.90781699514985,
            80.05781207007054,
            42.46104627658732,
            24.329280242960284,
            0.0,
            107.8833307681836,
            85.69447003888764,
            64.20541409924958,
            84.91535024894753,
            76.12198548508671
        ],
        [
            93.67504208945873,
            51.55893238169103,
            10.058427089249053,
            43.573926119015425,
            61.34716624065554,
            62.389634492612366,
            81.1285699387597,
            91.76397870639357,
            74.40307706542282,
            35.110543981642884,
            74.69553869553661,
            39.1234388026469,
            69.27304714938153,
            85.13912292817785,
            107.8833307681836,
            0.0,
            75.79894079665424,
            55.345050688335796,
            24.02194386233615,
            93.67504208945873
        ],
        [
            21.767703237530153,
            97.63872523275765,
            71.05982736656009,
            32.50164483687471,
            105.25260082750349,
            100.31611833180429,
            80.53504982417391,
            82.96625008273713,
            61.317281612354435,
            80.36856520615385,
            90.90559711043716,
            84.64036817513988,
            76.92212785023446,
            64.69207371990956,
            85.69447003888764,
            75.79894079665424,
            0.0,
            34.25478517765182,
            58.45424861338492,
            21.767703237530153
        ],
        [
            43.27649816400888,
            64.2703517120725,
            47.34016997344901,
            27.048544810406796,
            71.37426846663446,
            66.16638946622025,
            49.87264695354415,
            55.28820012016641,
            32.50885265522206,
            48.449313038365915,
            57.51847788490221,
            52.19330327195602,
            43.971909625697,
            40.036992834107,
            64.20541409924958,
            55.345050688335796,
            34.25478517765182,
            0.0,
            32.32576158565485,
            43.27649816400888
        ],
        [
            73.49407595070603,
            45.20447947012155,
            15.11047611604528,
            30.046355539781693,
            54.64505279956595,
            52.649972820637906,
            60.11780112306731,
            69.94157186944987,
            51.04107183900071,
            25.81732891678993,
            57.44301088889575,
            30.764858287449556,
            49.038385731339915,
            61.612312111946075,
            84.91535024894753,
            24.02194386233615,
            58.45424861338492,
            32.32576158565485,
            0.0,
            73.49407595070603
        ],
        [
            0.0,
            106.81288118425722,
            87.55334829479108,
            52.04803037010937,
            113.09863374811526,
            107.10243888548494,
            79.05679600819468,
            78.35756768840311,
            59.912176343069916,
            91.71048604860425,
            92.90829244377673,
            95.3482116728513,
            78.77019934817879,
            59.511347081992746,
            76.12198548508671,
            93.67504208945873,
            21.767703237530153,
            43.27649816400888,
            73.49407595070603,
            0.0
        ]
    ],
    "scores_ave": [
        0,
        16.91359230250742,
        12.489128664826627,
        15.050023333885411,
        13.96989406044327,
        11.68364391474271,
        13.145898791930021,
        16.60362341347559,
        17.872691682936072,
        17.929301639142544,
        12.95630442635018,
        10.402697151973111,
        17.50817627684521,
        10.183818092601793,
        17.387564434368947,
        16.878837130744046,
        14.218310183172614,
        11.747942264862685,
        16.844828583124123,
        0
    ],
    "scores_var": [
        0,
        376.40343060291116,
        21.52126898544994,
        17.33784800955295,
        24.732664533901925,
        16.78289896640452,
        16.547319367846335,
        314.8332260737837,
        238.9833791520634,
        366.07098519693966,
        389.6243727609535,
        17.998305988858007,
        18.321068615344306,
        290.0273322305196,
        19.050118448980534,
        373.5698029165943,
        21.9335284446501,
        230.27224101879347,
        242.33959046200326,
        0
    ],
    "vertex_number": 20,
    "minimum_distances": {
        "cost": 375.1214898516893,
        "path": [
            0,
            17,
            8,
            13,
            14,
            7,
            6,
            12,
            10,
            5,
            4,
            1,
            11,
            9,
            15,
            2,
            18,
            3,
            16,
            19
        ]
    }
}