{
    "vertices": [
        [
            9.722936090842694,
            84.10985647320238
        ],
        [
            55.046469477891556,
            25.699687783875056
        ],
        [
            90.9546722558669,
            35.29250252947374
        ],
        [
            51.33787877105285,
            99.5317547226362
        ],
        [
            15.880240347525199,
            18.27318139305364
        ],
        [
            2.9322687486019405,
            30.351031984248557
        ],
        [
            82.05613776849484,
            21.072577598509422
        ],
        [
            41.68460541333818,
            91.38872082073458
        ],
        [
            26.951562115938888,
            20.805290528151644
        ],
        [
            55.201919205153516,
            66.35149757259047
        ],
        [
            21.408960057610383,
            25.83363648864283
        ],
        [
            41.55766334201274,
            80.64968357152739
        ],
        [
            37.18111516002086,
            9.698556223873645
        ],
        [
            50.40665689082148,
            50.04238026192166
        ],
        [
            8.308532983155004,
            65.8278553806427
        ],
        [
            43.2040522149125,
            41.0535122695275
        ],
        [
            38.33964674591749,
            69.27026481374912
        ],
        [
            58.55491009202377,
            3.6728558692932567
        ],
        [
            22.40636671653614,
            50.78493978019206
        ],
        [
            70.2779124760493,
            27.48923613077916
        ],
        [
            52.38725621690333,
            29.73779657113822
        ],
        [
            9.722936090842694,
            84.10985647320238
        ]
    ],
    "distances": [
        [
            0.0,
            73.93220194883017,
            94.77198429098854,
            44.38060837677945,
            66.12397584324796,
            54.186016400794,
            95.94681126992032,
            32.78002702973755,
            65.60711565222098,
            48.8231217350418,
            59.43636068805565,
            32.022221279384645,
            79.3157815481308,
            53.06371711006311,
            18.336632736121157,
            54.542038035801106,
            32.235533334126586,
            94.09927072515123,
            35.656969655774965,
            82.90235107024263,
            69.11269861474544,
            0.0
        ],
        [
            73.93220194883017,
            0.0,
            37.16747397238036,
            73.9251496683,
            39.86410040958243,
            52.321361990328946,
            27.40314452459671,
            67.03423358700556,
            28.518045938905686,
            40.65210700216662,
            33.63777611934258,
            56.58135671786539,
            23.98347548007866,
            24.780930933358427,
            61.60117322308318,
            19.390275216373926,
            46.66383083838912,
            22.30449460839971,
            41.166080405967335,
            15.336210062855674,
            4.835053024030615,
            73.93220194883017
        ],
        [
            94.77198429098854,
            37.16747397238036,
            0.0,
            75.47298754094165,
            76.97939736257247,
            88.16099846499641,
            16.77468870248299,
            74.66140363834606,
            65.62223265902347,
            47.35948187843322,
            70.18601165432545,
            67.0621977101632,
            59.55371970107455,
            43.14742684293146,
            88.10670865734279,
            48.09689124590684,
            62.632493477901335,
            45.27191892540301,
            70.27720686169086,
            22.100211797204086,
            38.96537357970628,
            94.77198429098854
        ],
        [
            44.38060837677945,
            73.9251496683,
            75.47298754094165,
            0.0,
            88.65776819959304,
            84.4338526910342,
            84.25825722639308,
            12.629120620466134,
            82.41691940717601,
            33.40449480263884,
            79.54340203051107,
            21.264647300013458,
            90.94183585378468,
            49.498134901257096,
            54.65782130482069,
            59.0412057367559,
            32.93496329563658,
            96.13019312611053,
            56.685839120485284,
            74.49059915052682,
            69.80184659073791,
            44.38060837677945
        ],
        [
            66.12397584324796,
            39.86410040958243,
            76.97939736257247,
            88.65776819959304,
            0.0,
            17.706621457233187,
            66.23508147942309,
            77.53545874147206,
            11.357189017173113,
            62.11053787274722,
            9.366281166242286,
            67.4548595407253,
            22.961956897650232,
            46.918604370663964,
            48.15368906405342,
            35.574347074907834,
            55.72367049275845,
            45.10318107630315,
            33.16028888305959,
            55.17284112614793,
            38.264861281188445,
            66.12397584324796
        ],
        [
            54.186016400794,
            52.321361990328946,
            88.16099846499641,
            84.4338526910342,
            17.706621457233187,
            0.0,
            79.66603017890002,
            72.30036691107972,
            25.846617453988905,
            63.46770739066815,
            19.02090912107271,
            63.41825808862268,
            39.99385247192168,
            51.39617423963319,
            35.881878649517134,
            41.66964876038901,
            52.615483469047966,
            61.68957214018841,
            28.227381732598218,
            67.4064210930324,
            49.45878934185247,
            54.186016400794
        ],
        [
            95.94681126992032,
            27.40314452459671,
            16.77468870248299,
            84.25825722639308,
            66.23508147942309,
            79.66603017890002,
            0.0,
            81.08156771025052,
            55.10522389235201,
            52.64341980406422,
            60.833772249063415,
            72.0385867920286,
            46.29401706853405,
            42.90616629557176,
            86.26554411194884,
            43.68892653968936,
            65.07033610044722,
            29.241375113962867,
            66.64022548706279,
            13.41268421157204,
            30.908389676040596,
            95.94681126992032
        ],
        [
            32.78002702973755,
            67.03423358700556,
            74.66140363834606,
            12.629120620466134,
            77.53545874147206,
            72.30036691107972,
            81.08156771025052,
            0.0,
            72.10466834173052,
            28.453124962362367,
            68.61902707251764,
            10.73978748995211,
            81.8142066900606,
            42.256290177690786,
            42.039505859504544,
            50.35813676533638,
            22.369954059400833,
            89.32345797231079,
            44.947942356009975,
            70.00515232769894,
            62.57302290166683,
            32.78002702973755
        ],
        [
            65.60711565222098,
            28.518045938905686,
            65.62223265902347,
            82.41691940717601,
            11.357189017173113,
            25.846617453988905,
            55.10522389235201,
            72.10466834173052,
            0.0,
            53.59607869800764,
            7.483628844041868,
            61.60105170982355,
            15.099778223123424,
            37.48264781201089,
            48.729804854345474,
            25.964089009729598,
            49.78495961676759,
            35.94846200656657,
            30.32223887667465,
            43.83888415945282,
            26.95856447598479,
            65.60711565222098
        ],
        [
            48.8231217350418,
            40.65210700216662,
            47.35948187843322,
            33.40449480263884,
            62.11053787274722,
            63.46770739066815,
            52.64341980406422,
            28.453124962362367,
            53.59607869800764,
            0.0,
            52.76041276151654,
            19.76370008169136,
            59.45002221945942,
            16.99946611268749,
            46.89630979630175,
            27.99887270426267,
            17.1130194500436,
            62.768261674653246,
            36.3024239485153,
            41.68406095230873,
            36.72172965372371,
            48.8231217350418
        ],
        [
            59.43636068805565,
            33.63777611934258,
            70.18601165432545,
            79.54340203051107,
            9.366281166242286,
            19.02090912107271,
            60.833772249063415,
            68.61902707251764,
            7.483628844041868,
            52.76041276151654,
            0.0,
            58.40179159782603,
            22.563281936035743,
            37.7747229865566,
            42.08513673869105,
            26.583277843991553,
            46.61961853116181,
            43.254153576484136,
            24.971230566196468,
            48.8969888709999,
            31.22334541465111,
            59.43636068805565
        ],
        [
            32.022221279384645,
            56.58135671786539,
            67.0621977101632,
            21.264647300013458,
            67.4548595407253,
            63.41825808862268,
            72.0385867920286,
            10.73978748995211,
            61.60105170982355,
            19.76370008169136,
            58.40179159782603,
            0.0,
            71.08598065647175,
            31.86081767175885,
            36.4031765171725,
            39.630384531292755,
            11.825684000412844,
            78.83107509212468,
            35.477811152311716,
            60.42256103825526,
            52.05093966275995,
            32.022221279384645
        ],
        [
            79.3157815481308,
            23.98347548007866,
            59.55371970107455,
            90.94183585378468,
            22.961956897650232,
            39.99385247192168,
            46.29401706853405,
            81.8142066900606,
            15.099778223123424,
            59.45002221945942,
            22.563281936035743,
            71.08598065647175,
            0.0,
            42.45631981326372,
            63.11991940259388,
            31.92818565769236,
            59.58297290126235,
            22.2069397837366,
            43.662158733910154,
            37.5753414372809,
            25.15547414654002,
            79.3157815481308
        ],
        [
            53.06371711006311,
            24.780930933358427,
            43.14742684293146,
            49.498134901257096,
            46.918604370663964,
            51.39617423963319,
            42.90616629557176,
            42.256290177690786,
            37.48264781201089,
            16.99946611268749,
            37.7747229865566,
            31.86081767175885,
            42.45631981326372,
            0.0,
            44.96035210348114,
            11.51856162470445,
            22.70075501333868,
            47.08000448841805,
            28.010134674477275,
            30.058461516410564,
            20.40095322641824,
            53.06371711006311
        ],
        [
            18.336632736121157,
            61.60117322308318,
            88.10670865734279,
            54.65782130482069,
            48.15368906405342,
            35.881878649517134,
            86.26554411194884,
            42.039505859504544,
            48.729804854345474,
            46.89630979630175,
            42.08513673869105,
            36.4031765171725,
            63.11991940259388,
            44.96035210348114,
            0.0,
            42.79562289581983,
            30.227768302293217,
            79.92460432696868,
            20.61645521752807,
            72.87011541585723,
            56.9686421357476,
            18.336632736121157
        ],
        [
            54.542038035801106,
            19.390275216373926,
            48.09689124590684,
            59.0412057367559,
            35.574347074907834,
            41.66964876038901,
            43.68892653968936,
            50.35813676533638,
            25.964089009729598,
            27.99887270426267,
            26.583277843991553,
            39.630384531292755,
            31.92818565769236,
            11.51856162470445,
            42.79562289581983,
            0.0,
            28.632980367202883,
            40.40992836513871,
            22.961803140970733,
            30.281735363214896,
            14.573148510495393,
            54.542038035801106
        ],
        [
            32.235533334126586,
            46.66383083838912,
            62.632493477901335,
            32.93496329563658,
            55.72367049275845,
            52.615483469047966,
            65.07033610044722,
            22.369954059400833,
            49.78495961676759,
            17.1130194500436,
            46.61961853116181,
            11.825684000412844,
            59.58297290126235,
            22.70075501333868,
            30.227768302293217,
            28.632980367202883,
            0.0,
            68.64165595597623,
            24.40443922918398,
            52.589991211785446,
            41.95415804425553,
            32.235533334126586
        ],
        [
            94.09927072515123,
            22.30449460839971,
            45.27191892540301,
            96.13019312611053,
            45.10318107630315,
            61.68957214018841,
            29.241375113962867,
            89.32345797231079,
            35.94846200656657,
            62.768261674653246,
            43.254153576484136,
            78.83107509212468,
            22.2069397837366,
            47.08000448841805,
            79.92460432696868,
            40.40992836513871,
            68.64165595597623,
            0.0,
            59.38236807838738,
            26.545220919321117,
            26.784717435768894,
            94.09927072515123
        ],
        [
            35.656969655774965,
            41.166080405967335,
            70.27720686169086,
            56.685839120485284,
            33.16028888305959,
            28.227381732598218,
            66.64022548706279,
            44.947942356009975,
            30.32223887667465,
            36.3024239485153,
            24.971230566196468,
            35.477811152311716,
            43.662158733910154,
            28.010134674477275,
            20.61645521752807,
            22.961803140970733,
            24.40443922918398,
            59.38236807838738,
            0.0,
            53.238845798217966,
            36.631079324743475,
            35.656969655774965
        ],
        [
            82.90235107024263,
            15.336210062855674,
            22.100211797204086,
            74.49059915052682,
            55.17284112614793,
            67.4064210930324,
            13.41268421157204,
            70.00515232769894,
            43.83888415945282,
            41.68406095230873,
            48.8969888709999,
            60.42256103825526,
            37.5753414372809,
            30.058461516410564,
            72.87011541585723,
            30.281735363214896,
            52.589991211785446,
            26.545220919321117,
            53.238845798217966,
            0.0,
            18.03140608596197,
            82.90235107024263
        ],
        [
            69.11269861474544,
            4.835053024030615,
            38.96537357970628,
            69.80184659073791,
            38.264861281188445,
            49.45878934185247,
            30.908389676040596,
            62.57302290166683,
            26.95856447598479,
            36.72172965372371,
            31.22334541465111,
            52.05093966275995,
            25.15547414654002,
            20.40095322641824,
            56.9686421357476,
            14.573148510495393,
            41.95415804425553,
            26.784717435768894,
            36.631079324743475,
            18.03140608596197,
            0.0,
            69.11269861474544
        ],
        [
            0.0,
            73.93220194883017,
            94.77198429098854,
            44.38060837677945,
            66.12397584324796,
            54.186016400794,
            95.94681126992032,
            32.78002702973755,
            65.60711565222098,
            48.8231217350418,
            59.43636068805565,
            32.022221279384645,
            79.3157815481308,
            53.06371711006311,
            18.336632736121157,
            54.542038035801106,
            32.235533334126586,
            94.09927072515123,
            35.656969655774965,
            82.90235107024263,
            69.11269861474544,
            0.0
        ]
    ],
    "scores_ave": [
        0,
        10.525184325928619,
        13.380271562520988,
        15.341353514134948,
        11.544342788544409,
        14.21866532720377,
        15.762389814629854,
        16.993584548416706,
        18.682817645709605,
        18.931074925739132,
        14.323928737844021,
        19.482106864030314,
        16.5534548209564,
        13.969564493404507,
        17.22252805961869,
        16.07401246176226,
        14.227904495672181,
        18.885869916791457,
        10.51263906160986,
        13.073386441274394,
        11.780197317477615,
        0
    ],
    "scores_var": [
        0,
        24.491033133937044,
        240.55087850011424,
        300.4770278044366,
        23.461155622849006,
        399.8014208260581,
        298.7037540253276,
        22.507557035607867,
        317.80076607866744,
        328.00629297097066,
        351.5674011153628,
        306.268978764821,
        289.4746737522663,
        19.319878264766416,
        398.71969979995333,
        335.2464605481296,
        261.156894671668,
        331.91168495718784,
        24.562093718524366,
        242.7359925495386,
        17.219234146208706,
        0
    ],
    "vertex_number": 22,
    "minimum_distances": {
        "cost": 395.49279163782745,
        "path": [
            0,
            14,
            18,
            5,
            4,
            10,
            8,
            12,
            17,
            1,
            20,
            15,
            13,
            19,
            6,
            2,
            9,
            16,
            11,
            3,
            7,
            21
        ]
    }
}