{
    "vertices": [
        [
            3.9483837807336664,
            97.54976163405601
        ],
        [
            99.45172200746096,
            95.3686204400511
        ],
        [
            54.61087642501325,
            58.79599035290373
        ],
        [
            90.38069443578743,
            69.89562634412087
        ],
        [
            66.7321481790476,
            47.50470128780467
        ],
        [
            43.172100180424835,
            34.601563061519634
        ],
        [
            30.318534788766904,
            67.98036246131352
        ],
        [
            18.664872381577858,
            92.78540299732555
        ],
        [
            91.19064780198536,
            91.40692275222852
        ],
        [
            21.888285624722503,
            27.647733626763028
        ],
        [
            89.93034597629072,
            44.71564944160647
        ],
        [
            19.30044948198303,
            36.25928792053925
        ],
        [
            60.02554389167476,
            80.93820088486312
        ],
        [
            25.64933153137421,
            76.13040086959388
        ],
        [
            34.73719898741281,
            67.80390309237798
        ],
        [
            3.9483837807336664,
            97.54976163405601
        ]
    ],
    "distances": [
        [
            0.0,
            95.52824184165044,
            63.78513109999498,
            90.74852904485978,
            80.28891042406124,
            74.16856228706926,
            39.61987167600951,
            15.46848893583873,
            87.4582591930681,
            72.16739982640587,
            100.9174971655686,
            63.18392271237016,
            58.485825946397036,
            30.491312678108997,
            42.810830898413506,
            0.0
        ],
        [
            95.52824184165044,
            0.0,
            57.86414005271518,
            27.039914375185397,
            57.97866217951027,
            82.82530468063452,
            74.360703668839,
            80.82813918946451,
            9.161899126167729,
            102.96701012594903,
            51.54008219333974,
            99.58985730663368,
            41.98405089264792,
            76.26861695498287,
            70.34048003937316,
            95.52824184165044
        ],
        [
            63.78513109999498,
            57.86414005271518,
            0.0,
            37.45239377745337,
            16.56557990795301,
            26.762210557646984,
            25.970570906274734,
            49.471157037241966,
            49.005638307697616,
            45.177227070293306,
            38.02263706743613,
            41.88948803010151,
            22.79465092990318,
            33.75282018716966,
            21.819842960382903,
            63.78513109999498
        ],
        [
            90.74852904485978,
            27.039914375185397,
            37.45239377745337,
            0.0,
            32.566965853986645,
            58.9433819403308,
            60.09268888313259,
            75.28015016021585,
            21.52653937847142,
            80.47418532547827,
            25.184003862494336,
            78.63716987047886,
            32.30129435554546,
            65.03092923253007,
            55.682797090979264,
            90.74852904485978
        ],
        [
            80.28891042406124,
            57.97866217951027,
            16.56557990795301,
            32.566965853986645,
            0.0,
            26.861996161566747,
            41.77563812354238,
            66.03639110291103,
            50.2555793252507,
            49.043564037321495,
            23.36525607051627,
            48.74654206289702,
            34.0995225241339,
            50.072232826719414,
            37.89108559645769,
            80.28891042406124
        ],
        [
            74.16856228706926,
            82.82530468063452,
            26.762210557646984,
            58.9433819403308,
            26.861996161566747,
            0.0,
            35.768119780739205,
            63.134486962832455,
            74.38164965416463,
            22.39099162273109,
            47.83961008631308,
            23.92914036852617,
            49.30641509682057,
            45.0742919058912,
            34.2570130288765,
            74.16856228706926
        ],
        [
            39.61987167600951,
            74.360703668839,
            25.970570906274734,
            60.09268888313259,
            41.77563812354238,
            35.768119780739205,
            0.0,
            27.406165063611713,
            65.2243656140703,
            41.204247956654726,
            63.99074077510211,
            33.5801246848329,
            32.41005964898967,
            9.39279431880054,
            4.422186247692447,
            39.61987167600951
        ],
        [
            15.46848893583873,
            80.82813918946451,
            49.471157037241966,
            75.28015016021585,
            66.03639110291103,
            63.134486962832455,
            27.406165063611713,
            0.0,
            72.5388744613363,
            65.21737777590263,
            85.9620202972585,
            56.52968816404922,
            43.023962458840025,
            18.06022606419754,
            29.70513457342898,
            15.46848893583873
        ],
        [
            87.4582591930681,
            9.161899126167729,
            49.005638307697616,
            21.52653937847142,
            50.2555793252507,
            74.38164965416463,
            65.2243656140703,
            72.5388744613363,
            0.0,
            94.17033291480598,
            46.7082793951892,
            90.60608280915037,
            32.87640246859002,
            67.29811482734783,
            61.18900571281458,
            87.4582591930681
        ],
        [
            72.16739982640587,
            102.96701012594903,
            45.177227070293306,
            80.47418532547827,
            49.043564037321495,
            22.39099162273109,
            41.204247956654726,
            65.21737777590263,
            94.17033291480598,
            0.0,
            70.15009427754916,
            8.99198327713772,
            65.53109467044524,
            48.628330110039826,
            42.16174238279424,
            72.16739982640587
        ],
        [
            100.9174971655686,
            51.54008219333974,
            38.02263706743613,
            25.184003862494336,
            23.36525607051627,
            47.83961008631308,
            63.99074077510211,
            85.9620202972585,
            46.7082793951892,
            70.15009427754916,
            0.0,
            71.13432595429302,
            46.972017422923464,
            71.54673595175257,
            59.8276769662524,
            100.9174971655686
        ],
        [
            63.18392271237016,
            99.58985730663368,
            41.88948803010151,
            78.63716987047886,
            48.74654206289702,
            23.92914036852617,
            33.5801246848329,
            56.52968816404922,
            90.60608280915037,
            8.99198327713772,
            71.13432595429302,
            0.0,
            60.45443390150909,
            40.373431252165744,
            35.119168293579854,
            63.18392271237016
        ],
        [
            58.485825946397036,
            41.98405089264792,
            22.79465092990318,
            32.30129435554546,
            34.0995225241339,
            49.30641509682057,
            32.41005964898967,
            43.023962458840025,
            32.87640246859002,
            65.53109467044524,
            46.972017422923464,
            60.45443390150909,
            0.0,
            34.71078963704662,
            28.495792084070786,
            58.485825946397036
        ],
        [
            30.491312678108997,
            76.26861695498287,
            33.75282018716966,
            65.03092923253007,
            50.072232826719414,
            45.0742919058912,
            9.39279431880054,
            18.06022606419754,
            67.29811482734783,
            48.628330110039826,
            71.54673595175257,
            40.373431252165744,
            34.71078963704662,
            0.0,
            12.3255790992759,
            30.491312678108997
        ],
        [
            42.810830898413506,
            70.34048003937316,
            21.819842960382903,
            55.682797090979264,
            37.89108559645769,
            34.2570130288765,
            4.422186247692447,
            29.70513457342898,
            61.18900571281458,
            42.16174238279424,
            59.8276769662524,
            35.119168293579854,
            28.495792084070786,
            12.3255790992759,
            0.0,
            42.810830898413506
        ],
        [
            0.0,
            95.52824184165044,
            63.78513109999498,
            90.74852904485978,
            80.28891042406124,
            74.16856228706926,
            39.61987167600951,
            15.46848893583873,
            87.4582591930681,
            72.16739982640587,
            100.9174971655686,
            63.18392271237016,
            58.485825946397036,
            30.491312678108997,
            42.810830898413506,
            0.0
        ]
    ],
    "scores_ave": [
        0,
        16.800122083156285,
        13.111777636599562,
        10.484360390993329,
        12.188150820690655,
        18.94855423890283,
        10.035219935237631,
        19.41303132818821,
        13.985779640516434,
        10.983948203605136,
        14.227025658017652,
        11.399562736717307,
        12.697391773021899,
        10.894652687874741,
        16.12747280573573,
        0
    ],
    "scores_var": [
        0,
        21.294824022163755,
        16.441242736621795,
        348.2613120618556,
        237.93692557776708,
        16.641909282271985,
        281.73334473719683,
        336.6397590890565,
        244.01456607800012,
        20.52116643083388,
        353.2185695731757,
        370.249957869342,
        19.556213296542516,
        17.497993538822374,
        17.248606167502093,
        0
    ],
    "vertex_number": 16,
    "minimum_distances": {
        "cost": 331.0145591335747,
        "path": [
            0,
            7,
            13,
            6,
            14,
            2,
            12,
            8,
            1,
            3,
            10,
            4,
            5,
            9,
            11,
            15
        ]
    }
}