{
    "vertices": [
        [
            91.78590331190163,
            96.11303968965224
        ],
        [
            88.24471896072215,
            4.245503101797954
        ],
        [
            99.3490397241484,
            93.32176168594414
        ],
        [
            49.34873073870414,
            29.094611076925357
        ],
        [
            92.89554321721546,
            57.43427995510763
        ],
        [
            47.725273698301365,
            51.74928965781591
        ],
        [
            98.63244790854544,
            52.03881659853622
        ],
        [
            0.02994678231239556,
            78.29989028683492
        ],
        [
            44.830025452784824,
            54.23305010219299
        ],
        [
            52.69271836906798,
            61.28923352978863
        ],
        [
            4.722847603341307,
            73.34027308127101
        ],
        [
            27.667264461932085,
            49.466688461191765
        ],
        [
            56.75796031135745,
            69.27552768418529
        ],
        [
            26.810004575268298,
            44.06578677678874
        ],
        [
            18.197388600505025,
            56.53860684417362
        ],
        [
            91.78590331190163,
            96.11303968965224
        ]
    ],
    "distances": [
        [
            0.0,
            91.93576162369997,
            8.061778047319184,
            79.32454468653769,
            38.69467347480909,
            62.52584584661072,
            44.60282854258569,
            93.46905290151902,
            62.91890012838743,
            52.354317724848165,
            89.99208058663652,
            79.29112138759119,
            44.12718936770112,
            83.25133003387279,
            83.55480376657425,
            0.0
        ],
        [
            91.93576162369997,
            0.0,
            89.76572721794625,
            46.1559970851774,
            53.3917236040939,
            62.43745015240474,
            48.90915791230667,
            115.17768139635433,
            66.20868876140683,
            67.21556313243421,
            108.39737189413388,
            75.59486489743622,
            72.2517824515717,
            73.21119534319207,
            87.41394162034028,
            91.93576162369997
        ],
        [
            8.061778047319184,
            89.76572721794625,
            0.0,
            81.39507217266583,
            36.46311783358796,
            66.28185007391467,
            41.2891639406773,
            100.44868761273308,
            67.08390485354013,
            56.594126748837,
            96.71285396545062,
            84.032995616551,
            48.91034057552665,
            87.68159832360385,
            89.09877081198817,
            8.061778047319184
        ],
        [
            79.32454468653769,
            46.1559970851774,
            81.39507217266583,
            0.0,
            51.95634426288711,
            22.71277337459022,
            54.36286733695004,
            69.66707940672124,
            25.541335401425155,
            32.367823036998246,
            62.84224734853025,
            29.750756576284623,
            40.85832525030679,
            27.05790603329325,
            41.516009209507125,
            79.32454468653769
        ],
        [
            38.69467347480909,
            53.3917236040939,
            36.46311783358796,
            51.95634426288711,
            0.0,
            45.52661159247019,
            7.875474605984628,
            95.18084206249578,
            48.172002974071866,
            40.38722313843538,
            89.59589761337547,
            65.71309506933055,
            38.02814807559196,
            67.42414276396141,
            74.70352423723817,
            38.69467347480909
        ],
        [
            62.52584584661072,
            62.43745015240474,
            66.28185007391467,
            22.71277337459022,
            45.52661159247019,
            0.0,
            50.907997524176324,
            54.5873483820631,
            3.814646556133196,
            10.755744308857365,
            48.11838749630348,
            20.18747143029818,
            19.716958355858008,
            22.281936608195732,
            29.91376869370031,
            62.52584584661072
        ],
        [
            44.60282854258569,
            48.90915791230667,
            41.2891639406773,
            54.36286733695004,
            7.875474605984628,
            50.907997524176324,
            0.0,
            102.03968453308273,
            53.84714776825886,
            46.86180708810043,
            96.29519758414249,
            71.01178145044952,
            45.28329626448574,
            72.26363242254213,
            80.56082719375908,
            44.60282854258569
        ],
        [
            93.46905290151902,
            115.17768139635433,
            100.44868761273308,
            69.66707940672124,
            95.18084206249578,
            54.5873483820631,
            102.03968453308273,
            0.0,
            50.85528335732301,
            55.34193667107103,
            6.827966091138668,
            39.939640159151296,
            57.44133215147104,
            43.464299586334235,
            28.34800520829039,
            93.46905290151902
        ],
        [
            62.91890012838743,
            66.20868876140683,
            67.08390485354013,
            25.541335401425155,
            48.172002974071866,
            3.814646556133196,
            53.84714776825886,
            50.85528335732301,
            0.0,
            10.564642183228202,
            44.42602486177555,
            17.812315069129685,
            19.197701992558716,
            20.690442140134216,
            26.732245277864415,
            62.91890012838743
        ],
        [
            52.354317724848165,
            67.21556313243421,
            56.594126748837,
            32.367823036998246,
            40.38722313843538,
            10.755744308857365,
            46.86180708810043,
            55.34193667107103,
            10.564642183228202,
            0.0,
            49.460449407096085,
            27.67753448479809,
            8.961422117604979,
            31.08958010950246,
            34.8209165552543,
            52.354317724848165
        ],
        [
            89.99208058663652,
            108.39737189413388,
            96.71285396545062,
            62.84224734853025,
            89.59589761337547,
            48.11838749630348,
            96.29519758414249,
            6.827966091138668,
            44.42602486177555,
            49.460449407096085,
            0.0,
            33.111845427171055,
            52.193630930210944,
            36.67203364273466,
            21.537391750791553,
            89.99208058663652
        ],
        [
            79.29112138759119,
            75.59486489743622,
            84.032995616551,
            29.750756576284623,
            65.71309506933055,
            20.18747143029818,
            71.01178145044952,
            39.939640159151296,
            17.812315069129685,
            27.67753448479809,
            33.111845427171055,
            0.0,
            35.19458333843691,
            5.468512916494778,
            11.819076886389883,
            79.29112138759119
        ],
        [
            44.12718936770112,
            72.2517824515717,
            48.91034057552665,
            40.85832525030679,
            38.02814807559196,
            19.716958355858008,
            45.28329626448574,
            57.44133215147104,
            19.197701992558716,
            8.961422117604979,
            52.193630930210944,
            35.19458333843691,
            0.0,
            39.14602265095163,
            40.60968903048281,
            44.12718936770112
        ],
        [
            83.25133003387279,
            73.21119534319207,
            87.68159832360385,
            27.05790603329325,
            67.42414276396141,
            22.281936608195732,
            72.26363242254213,
            43.464299586334235,
            20.690442140134216,
            31.08958010950246,
            36.67203364273466,
            5.468512916494778,
            39.14602265095163,
            0.0,
            15.157453426024652,
            83.25133003387279
        ],
        [
            83.55480376657425,
            87.41394162034028,
            89.09877081198817,
            41.516009209507125,
            74.70352423723817,
            29.91376869370031,
            80.56082719375908,
            28.34800520829039,
            26.732245277864415,
            34.8209165552543,
            21.537391750791553,
            11.819076886389883,
            40.60968903048281,
            15.157453426024652,
            0.0,
            83.55480376657425
        ],
        [
            0.0,
            91.93576162369997,
            8.061778047319184,
            79.32454468653769,
            38.69467347480909,
            62.52584584661072,
            44.60282854258569,
            93.46905290151902,
            62.91890012838743,
            52.354317724848165,
            89.99208058663652,
            79.29112138759119,
            44.12718936770112,
            83.25133003387279,
            83.55480376657425,
            0.0
        ]
    ],
    "scores_ave": [
        0,
        11.67072740548908,
        13.858578291183086,
        11.4579906952776,
        16.587955096290273,
        17.42709610378487,
        18.86891854240409,
        11.915453957679198,
        19.158326381361665,
        10.126058284938287,
        14.987161364608951,
        10.590056867748906,
        16.936903872869244,
        17.80119383195671,
        17.80519702517842,
        0
    ],
    "scores_var": [
        0,
        358.5355039001301,
        18.864696795180343,
        392.2226016295343,
        22.33763442621199,
        228.64961642810667,
        399.5945541519321,
        18.565341990596032,
        336.02500221511093,
        294.1711547742547,
        358.1726947360735,
        259.4444890251061,
        332.8368834048565,
        21.619244299845565,
        23.30109592347473,
        0
    ],
    "vertex_number": 16,
    "minimum_distances": {
        "cost": 338.6906648701036,
        "path": [
            0,
            12,
            9,
            5,
            8,
            7,
            10,
            14,
            11,
            13,
            3,
            1,
            6,
            4,
            2,
            15
        ]
    }
}