{
    "vertices": [
        [
            94.50484310851215,
            35.630412148267595
        ],
        [
            96.89667516412723,
            19.84427085391015
        ],
        [
            56.39049404109963,
            35.04930286018602
        ],
        [
            25.24897054130194,
            68.1633273643707
        ],
        [
            56.63852460281752,
            27.58665387755809
        ],
        [
            37.84569872424094,
            39.138983424833164
        ],
        [
            5.085627814227289,
            88.2988613346949
        ],
        [
            46.76728154513422,
            10.024813404078436
        ],
        [
            15.44700511268391,
            22.200950480311697
        ],
        [
            4.230672512359335,
            5.796552464484861
        ],
        [
            82.73191266401145,
            60.109857398832474
        ],
        [
            5.558499953031526,
            35.03097893449851
        ],
        [
            4.626120720489735,
            96.29886724498863
        ],
        [
            48.11831538688468,
            34.130294641532025
        ],
        [
            52.89814726455258,
            15.06712761077128
        ],
        [
            37.79549303463914,
            93.40302802697623
        ],
        [
            69.85713628292473,
            41.74316953431727
        ],
        [
            78.97517216700399,
            32.22719891113465
        ],
        [
            96.95147006010481,
            12.860336868786915
        ],
        [
            97.56117397751304,
            24.713394173994963
        ],
        [
            50.71590349893332,
            83.97119791423458
        ],
        [
            19.054647547415303,
            77.77996254419577
        ],
        [
            54.84221581640886,
            95.34986123348627
        ],
        [
            94.50484310851215,
            35.630412148267595
        ]
    ],
    "distances": [
        [
            0.0,
            15.966311958235229,
            38.11877874273078,
            76.51644566695327,
            38.71124028357034,
            56.767673149076955,
            103.77746192477893,
            54.171223643791905,
            80.19034972654578,
            95.07620659478867,
            27.16330486200924,
            88.94836300298215,
            108.43821366071121,
            46.41077791422298,
            46.41083720449134,
            80.95446578954059,
            25.394394157388625,
            15.898192975584356,
            22.901142147794218,
            11.336773784079817,
            65.22501667767098,
            86.42520817901827,
            71.6905614621222,
            0.0
        ],
        [
            15.966311958235229,
            0.0,
            43.26596477005212,
            86.4183128727974,
            40.995892251565316,
            62.12329475887882,
            114.52204754272216,
            51.08206974288525,
            81.48375721792951,
            93.72473760649348,
            42.684399450985794,
            92.59210740240134,
            119.82971470657428,
            50.827343607733546,
            44.257107394125036,
            94.3601636600373,
            34.79509198612354,
            21.78341518096497,
            6.984148938072877,
            4.914256869475272,
            79.02484701530872,
            97.03569258325915,
            86.42726265245958,
            15.966311958235229
        ],
        [
            38.11877874273078,
            43.26596477005212,
            0.0,
            45.45693681664214,
            7.4667696494175955,
            18.99039021360637,
            73.94392994889715,
            26.811029284258083,
            42.91211302777716,
            59.8027623745194,
            36.3579665115083,
            50.831997390773886,
            80.19388681566413,
            8.323071295693856,
            20.285063808279762,
            61.244847156896,
            15.038560580067266,
            22.760315392145916,
            46.23356991820748,
            42.44827316624168,
            49.249901456760135,
            56.74393985643415,
            60.3204319082087,
            38.11877874273078
        ],
        [
            76.51644566695327,
            86.4183128727974,
            45.45693681664214,
            0.0,
            51.300784939766864,
            31.64000793355493,
            28.495615771545527,
            61.99293922672765,
            46.99594253865013,
            65.81324686904972,
            58.044353847455284,
            38.541758450620755,
            34.88424485502898,
            41.00310049227973,
            59.86387392866983,
            28.18612630734749,
            51.84508839414803,
            64.63675478652274,
            90.5520247978948,
            84.36202617320245,
            29.974213010348496,
            11.438938304512435,
            40.18541762541738,
            76.51644566695327
        ],
        [
            38.71124028357034,
            40.995892251565316,
            7.4667696494175955,
            51.300784939766864,
            0.0,
            22.059615193183728,
            79.64718012342594,
            20.145959404302612,
            41.54211211516776,
            56.7573033214877,
            41.696806446037236,
            51.6196367071305,
            86.1780623097879,
            10.743053547814432,
            13.066329269437947,
            68.4606087093561,
            19.368495818971965,
            22.813603016957437,
            42.918503982373885,
            41.023393974272615,
            56.6947462024841,
            62.70499222087468,
            67.78701200391302,
            38.71124028357034
        ],
        [
            56.767673149076955,
            62.12329475887882,
            18.99039021360637,
            31.64000793355493,
            22.059615193183728,
            0.0,
            59.07550966467945,
            30.450443938101646,
            28.08199486386429,
            47.34646438300415,
            49.543412852570114,
            32.54748692885821,
            66.11197078503243,
            11.428631432747865,
            28.39067539513132,
            54.264067827565604,
            32.11719041053157,
            41.7061907975633,
            64.68430621120574,
            61.43318004106617,
            46.64300190774827,
            42.967765494997494,
            58.72430823163169,
            56.767673149076955
        ],
        [
            103.77746192477893,
            114.52204754272216,
            73.94392994889715,
            28.495615771545527,
            79.64718012342594,
            59.07550966467945,
            0.0,
            88.68025054761443,
            66.90509665813929,
            82.50673861863484,
            82.60487572698048,
            53.269981260188274,
            8.013191707049671,
            69.18125336619435,
            87.45812621134407,
            33.105706462181146,
            79.76704048867735,
            92.75611080464,
            118.87095501062424,
            112.22672708513976,
            45.8350382321545,
            17.48658754791684,
            50.25370284060266,
            103.77746192477893
        ],
        [
            54.171223643791905,
            51.08206974288525,
            26.811029284258083,
            61.99293922672765,
            20.145959404302612,
            30.450443938101646,
            88.68025054761443,
            0.0,
            33.603839511346386,
            42.74624309317064,
            61.660086956420685,
            48.20240652540484,
            96.01609136906596,
            24.143312078726524,
            7.938037983567204,
            83.85952338750238,
            39.23258221704157,
            39.11897417512717,
            50.26423151929231,
            52.87507837787507,
            74.05173460127646,
            73.20348569631824,
            85.70629119601512,
            54.171223643791905
        ],
        [
            80.19034972654578,
            81.48375721792951,
            42.91211302777716,
            46.99594253865013,
            41.54211211516776,
            28.08199486386429,
            66.90509665813929,
            33.603839511346386,
            0.0,
            19.872352434041805,
            77.22916552668276,
            16.19852352616482,
            74.88386213259986,
            34.78108346716557,
            38.124525927720754,
            74.62701092338489,
            57.813153343487066,
            64.31449033365793,
            82.03794773764861,
            82.15259643903899,
            71.12987179397727,
            55.69597531181446,
            83.08276458307573,
            80.19034972654578
        ],
        [
            95.07620659478867,
            93.72473760649348,
            59.8027623745194,
            65.81324686904972,
            56.7573033214877,
            47.34646438300415,
            82.50673861863484,
            42.74624309317064,
            19.872352434041805,
            0.0,
            95.45878586195607,
            29.264565890216737,
            90.5031787282342,
            52.23912463697355,
            49.54257423972144,
            93.81626584539725,
            74.82641262144337,
            79.28000567741513,
            92.9894797705658,
            95.2283014864789,
            90.95137102358167,
            73.49395595927456,
            102.86555996587869,
            95.07620659478867
        ],
        [
            27.16330486200924,
            42.684399450985794,
            36.3579665115083,
            58.044353847455284,
            41.696806446037236,
            49.543412852570114,
            82.60487572698048,
            61.660086956420685,
            77.22916552668276,
            95.45878586195607,
            0.0,
            81.1460767658429,
            86.08228138687942,
            43.27861824877996,
            54.02685503219898,
            55.925995919444574,
            22.429781318049415,
            28.134600468168077,
            49.342811055512335,
            38.377292764490164,
            39.929793563833215,
            66.08348287263215,
            44.94099532183937,
            27.16330486200924
        ],
        [
            88.94836300298215,
            92.59210740240134,
            50.831997390773886,
            38.541758450620755,
            51.6196367071305,
            32.54748692885821,
            53.269981260188274,
            48.20240652540484,
            16.19852352616482,
            29.264565890216737,
            81.1460767658429,
            0.0,
            61.27498240766754,
            42.56934486175752,
            51.37701399706962,
            66.68223030311933,
            64.64803273520515,
            73.47019083542175,
            94.04367259203721,
            92.57939610380475,
            66.5908111438203,
            44.82880323577193,
            77.89256839456026,
            88.94836300298215
        ],
        [
            108.43821366071121,
            119.82971470657428,
            80.19388681566413,
            34.88424485502898,
            86.1780623097879,
            66.11197078503243,
            8.013191707049671,
            96.01609136906596,
            74.88386213259986,
            90.5031787282342,
            86.08228138687942,
            61.27498240766754,
            0.0,
            75.87161799020005,
            94.49224344184016,
            33.295542411728924,
            85.03769484178642,
            98.14764456715102,
            124.44259110940392,
            117.30901107197057,
            47.70995187267043,
            23.47620535163975,
            50.22506166339928,
            108.43821366071121
        ],
        [
            46.41077791422298,
            50.827343607733546,
            8.323071295693856,
            41.00310049227973,
            10.743053547814432,
            11.428631432747865,
            69.18125336619435,
            24.143312078726524,
            34.78108346716557,
            52.23912463697355,
            43.27861824877996,
            42.56934486175752,
            75.87161799020005,
            0.0,
            19.653272755992923,
            60.16491988108994,
            23.033284570015354,
            30.915487764352864,
            53.26432294691261,
            50.33164292995384,
            49.908547394597136,
            52.44034988723702,
            61.58771119868699,
            46.41077791422298
        ],
        [
            46.41083720449134,
            44.257107394125036,
            20.285063808279762,
            59.86387392866983,
            13.066329269437947,
            28.39067539513132,
            87.45812621134407,
            7.938037983567204,
            38.124525927720754,
            49.54257423972144,
            54.02685503219898,
            51.37701399706962,
            94.49224344184016,
            19.653272755992923,
            0.0,
            79.77846488123159,
            31.610417922451614,
            31.216650601828277,
            44.10856124051237,
            45.69284860644373,
            68.93861829364727,
            71.26206661675494,
            80.30626825142684,
            46.41083720449134
        ],
        [
            80.95446578954059,
            94.3601636600373,
            61.244847156896,
            28.18612630734749,
            68.4606087093561,
            54.264067827565604,
            33.105706462181146,
            83.85952338750238,
            74.62701092338489,
            93.81626584539725,
            55.925995919444574,
            66.68223030311933,
            33.295542411728924,
            60.16491988108994,
            79.77846488123159,
            0.0,
            60.80041074912147,
            73.74447804042805,
            99.93275097204564,
            91.0505486936901,
            15.996762980098907,
            24.39875949008974,
            17.157532373056362,
            80.95446578954059
        ],
        [
            25.394394157388625,
            34.79509198612354,
            15.038560580067266,
            51.84508839414803,
            19.368495818971965,
            32.11719041053157,
            79.76704048867735,
            39.23258221704157,
            57.813153343487066,
            74.82641262144337,
            22.429781318049415,
            64.64803273520515,
            85.03769484178642,
            23.033284570015354,
            31.610417922451614,
            60.80041074912147,
            0.0,
            13.179236521310013,
            39.60203208945557,
            32.519639503017416,
            46.36370534530269,
            62.28598006099278,
            55.66978742141514,
            25.394394157388625
        ],
        [
            15.898192975584356,
            21.78341518096497,
            22.760315392145916,
            64.63675478652274,
            22.813603016957437,
            41.7061907975633,
            92.75611080464,
            39.11897417512717,
            64.31449033365793,
            79.28000567741513,
            28.134600468168077,
            73.47019083542175,
            98.14764456715102,
            30.915487764352864,
            31.216650601828277,
            73.74447804042805,
            13.179236521310013,
            0.0,
            26.42390265098686,
            20.047362044122124,
            58.95784679317086,
            75.26967214819173,
            67.57862147810769,
            15.898192975584356
        ],
        [
            22.901142147794218,
            6.984148938072877,
            46.23356991820748,
            90.5520247978948,
            42.918503982373885,
            64.68430621120574,
            118.87095501062424,
            50.26423151929231,
            82.03794773764861,
            92.9894797705658,
            49.342811055512335,
            94.04367259203721,
            124.44259110940392,
            53.26432294691261,
            44.10856124051237,
            99.93275097204564,
            39.60203208945557,
            26.42390265098686,
            0.0,
            11.868728084653757,
            84.82029340822564,
            101.40252834820568,
            92.61593233820277,
            22.901142147794218
        ],
        [
            11.336773784079817,
            4.914256869475272,
            42.44827316624168,
            84.36202617320245,
            41.023393974272615,
            61.43318004106617,
            112.22672708513976,
            52.87507837787507,
            82.15259643903899,
            95.2283014864789,
            38.377292764490164,
            92.57939610380475,
            117.30901107197057,
            50.33164292995384,
            45.69284860644373,
            91.0505486936901,
            32.519639503017416,
            20.047362044122124,
            11.868728084653757,
            0.0,
            75.53784925670077,
            94.75935505642084,
            82.54949948374473,
            11.336773784079817
        ],
        [
            65.22501667767098,
            79.02484701530872,
            49.249901456760135,
            29.974213010348496,
            56.6947462024841,
            46.64300190774827,
            45.8350382321545,
            74.05173460127646,
            71.12987179397727,
            90.95137102358167,
            39.929793563833215,
            66.5908111438203,
            47.70995187267043,
            49.908547394597136,
            68.93861829364727,
            15.996762980098907,
            46.36370534530269,
            58.95784679317086,
            84.82029340822564,
            75.53784925670077,
            0.0,
            32.26091325171615,
            12.10373629398105,
            65.22501667767098
        ],
        [
            86.42520817901827,
            97.03569258325915,
            56.74393985643415,
            11.438938304512435,
            62.70499222087468,
            42.967765494997494,
            17.48658754791684,
            73.20348569631824,
            55.69597531181446,
            73.49395595927456,
            66.08348287263215,
            44.82880323577193,
            23.47620535163975,
            52.44034988723702,
            71.26206661675494,
            24.39875949008974,
            62.28598006099278,
            75.26967214819173,
            101.40252834820568,
            94.75935505642084,
            32.26091325171615,
            0.0,
            39.86792423189106,
            86.42520817901827
        ],
        [
            71.6905614621222,
            86.42726265245958,
            60.3204319082087,
            40.18541762541738,
            67.78701200391302,
            58.72430823163169,
            50.25370284060266,
            85.70629119601512,
            83.08276458307573,
            102.86555996587869,
            44.94099532183937,
            77.89256839456026,
            50.22506166339928,
            61.58771119868699,
            80.30626825142684,
            17.157532373056362,
            55.66978742141514,
            67.57862147810769,
            92.61593233820277,
            82.54949948374473,
            12.10373629398105,
            39.86792423189106,
            0.0,
            71.6905614621222
        ],
        [
            0.0,
            15.966311958235229,
            38.11877874273078,
            76.51644566695327,
            38.71124028357034,
            56.767673149076955,
            103.77746192477893,
            54.171223643791905,
            80.19034972654578,
            95.07620659478867,
            27.16330486200924,
            88.94836300298215,
            108.43821366071121,
            46.41077791422298,
            46.41083720449134,
            80.95446578954059,
            25.394394157388625,
            15.898192975584356,
            22.901142147794218,
            11.336773784079817,
            65.22501667767098,
            86.42520817901827,
            71.6905614621222,
            0.0
        ]
    ],
    "scores_ave": [
        0,
        18.03813373207331,
        15.30155392605672,
        18.91971805908406,
        19.966380806817025,
        13.365158262628404,
        17.88300849137771,
        15.296502928647229,
        16.68585497658754,
        16.927820950285728,
        11.269600469433014,
        13.362756162756952,
        17.870182470217486,
        16.289962576168595,
        12.179383248556139,
        15.408207220908194,
        14.471726987815234,
        15.37764281123851,
        12.114801158580027,
        16.454773605202416,
        15.750134364393775,
        17.541457028426613,
        16.728537989325883,
        0
    ],
    "scores_var": [
        0,
        20.16830756065734,
        392.5142127176374,
        24.532833275075262,
        393.02040839075653,
        243.58342992579793,
        260.2919070971149,
        17.139066544964283,
        18.895727913654742,
        336.1864805144278,
        369.3036667358556,
        19.088399379389465,
        16.24514722938239,
        299.05870913063654,
        352.1498250019117,
        18.58915736594231,
        19.86576553752346,
        17.873021711495653,
        361.93941631888015,
        252.73318022287964,
        327.5033577843588,
        318.6200740436939,
        22.250356160049883,
        0
    ],
    "vertex_number": 24,
    "minimum_distances": {
        "cost": 424.2692584607205,
        "path": [
            0,
            19,
            1,
            18,
            17,
            16,
            2,
            4,
            14,
            7,
            13,
            5,
            8,
            9,
            11,
            3,
            21,
            6,
            12,
            15,
            22,
            20,
            10,
            23
        ]
    }
}