{
    "vertices": [
        [
            95.96991683871896,
            87.34989444274306
        ],
        [
            4.339709817809833,
            72.0600154525848
        ],
        [
            29.266673845355328,
            6.254649851384242
        ],
        [
            10.439051025823787,
            65.73548270274682
        ],
        [
            9.204978353212978,
            93.84318297853123
        ],
        [
            81.68255844054138,
            75.00080646315513
        ],
        [
            18.79652255333624,
            18.41350210142716
        ],
        [
            46.09064797037842,
            37.19256661874133
        ],
        [
            68.93511839719464,
            60.52972418167912
        ],
        [
            94.31510868297595,
            5.094236878248037
        ],
        [
            61.376860336632575,
            41.89151204373061
        ],
        [
            87.18332351573312,
            42.23523044656602
        ],
        [
            62.105025702851556,
            69.48084473678713
        ],
        [
            97.03022759914683,
            67.56715924416503
        ],
        [
            81.39301237085711,
            6.945006105704743
        ],
        [
            70.20346435843675,
            64.20369241692828
        ],
        [
            14.104032514796039,
            28.453802883765867
        ],
        [
            5.908484746566122,
            76.01578293139103
        ],
        [
            95.96991683871896,
            87.34989444274306
        ]
    ],
    "distances": [
        [
            0.0,
            92.89712179733206,
            105.00362527629238,
            88.2196792193758,
            87.00757062694392,
            18.884612358361462,
            103.4792683321784,
            70.73682914355565,
            38.08151598356221,
            82.2723014835478,
            57.12393621321439,
            45.962344693362766,
            38.290126521573086,
            19.811129973975174,
            81.71555673405628,
            34.636061289333604,
            100.85024847297777,
            90.77182180743769,
            0.0
        ],
        [
            92.89712179733206,
            0.0,
            70.36831444292393,
            8.786448524605966,
            22.319884080904874,
            77.39873697190814,
            55.56030803735716,
            54.39558644596361,
            65.616418877668,
            112.16054520647104,
            64.52422132220495,
            88.04874860658717,
            57.82286607285981,
            92.79934182677097,
            100.88198985238009,
            66.33065636512683,
            44.686057918862154,
            4.2554848282510935,
            92.89712179733206
        ],
        [
            105.00362527629238,
            70.36831444292393,
            0.0,
            62.3894931677304,
            89.85667900264716,
            86.44917007575026,
            16.04561485628216,
            35.216484765850225,
            67.22625370137312,
            65.05878444216737,
            47.96926123488759,
            68.18313933083196,
            71.24541439562039,
            91.38447912738148,
            52.130909831242064,
            70.95006942755691,
            26.883230599656045,
            73.5677965320507,
            105.00362527629238
        ],
        [
            88.2196792193758,
            8.786448524605966,
            62.3894931677304,
            0.0,
            28.134778302922804,
            71.84346576506529,
            48.05431487769705,
            45.66984150701157,
            58.72724937961616,
            103.50146734830963,
            56.242291508902305,
            80.2617294612419,
            51.80155090432434,
            86.61054727517192,
            92.14545441344264,
            59.78404036589643,
            37.46138998274785,
            11.234349273625455,
            88.2196792193758
        ],
        [
            87.00757062694392,
            22.319884080904874,
            89.85667900264716,
            28.134778302922804,
            0.0,
            74.88681304517037,
            76.03705989426918,
            67.60062837763253,
            68.39207678293755,
            122.96385533424125,
            73.62663500805718,
            93.50937428315251,
            58.240351425786834,
            91.67171771271323,
            112.97081658177736,
            67.81824751260409,
            65.57264491276693,
            18.12961837820747,
            87.00757062694392
        ],
        [
            18.884612358361462,
            77.39873697190814,
            86.44917007575026,
            71.84346576506529,
            74.88681304517037,
            0.0,
            84.59773356617595,
            51.925399286368666,
            19.28495398117322,
            71.0387907889562,
            38.8400148357235,
            33.22410853749621,
            20.340839843917077,
            17.05315394812373,
            68.05641629721339,
            15.759037809239462,
            82.05778883516368,
            75.78087107846588,
            18.884612358361462
        ],
        [
            103.4792683321784,
            55.56030803735716,
            16.04561485628216,
            48.05431487769705,
            76.03705989426918,
            84.59773356617595,
            0.0,
            33.13038705518962,
            65.48018750360201,
            76.6841553197608,
            48.62408987930276,
            72.417051080668,
            66.95894211297572,
            92.39369359269448,
            63.63840772582934,
            68.84341068601121,
            11.082738946741923,
            59.02647097127491,
            103.4792683321784
        ],
        [
            70.73682914355565,
            54.39558644596361,
            35.216484765850225,
            45.66984150701157,
            67.60062837763253,
            51.925399286368666,
            33.13038705518962,
            0.0,
            32.65720061791986,
            57.930142267651114,
            15.992134836013893,
            41.400923201738436,
            36.04154821850203,
            59.30814994514734,
            46.48840553572466,
            36.20813211213324,
            33.1588534168331,
            55.873503256945355,
            70.73682914355565
        ],
        [
            38.08151598356221,
            65.616418877668,
            67.22625370137312,
            58.72724937961616,
            68.39207678293755,
            19.28495398117322,
            65.48018750360201,
            32.65720061791986,
            0.0,
            60.969149243492176,
            20.112439350044607,
            25.839610892433083,
            11.2593394746493,
            28.96309122535653,
            55.01382674874264,
            3.886739516743945,
            63.52411121891354,
            64.90126782220875,
            38.08151598356221
        ],
        [
            82.2723014835478,
            112.16054520647104,
            65.05878444216737,
            103.50146734830963,
            122.96385533424125,
            71.0387907889562,
            76.6841553197608,
            57.930142267651114,
            60.969149243492176,
            0.0,
            49.38590551695526,
            37.81951563562842,
            71.99392139004367,
            62.531895058976424,
            13.05396184432052,
            63.83806956755741,
            83.54331848821727,
            113.3384173632307,
            82.2723014835478
        ],
        [
            57.12393621321439,
            64.52422132220495,
            47.96926123488759,
            56.242291508902305,
            73.62663500805718,
            38.8400148357235,
            48.62408987930276,
            15.992134836013893,
            20.112439350044607,
            49.38590551695526,
            0.0,
            25.808752084413538,
            27.598940255899656,
            43.93633412469569,
            40.27287697115352,
            23.994631307103614,
            49.145623179900795,
            65.12454647991883,
            57.12393621321439
        ],
        [
            45.962344693362766,
            88.04874860658717,
            68.18313933083196,
            80.2617294612419,
            93.50937428315251,
            33.22410853749621,
            72.417051080668,
            41.400923201738436,
            25.839610892433083,
            37.81951563562842,
            25.808752084413538,
            0.0,
            37.03031891900313,
            27.178449857094044,
            35.762097773799475,
            27.765607112845096,
            74.36740225978282,
            88.01548240584783,
            45.962344693362766
        ],
        [
            38.290126521573086,
            57.82286607285981,
            71.24541439562039,
            51.80155090432434,
            58.240351425786834,
            20.340839843917077,
            66.95894211297572,
            36.04154821850203,
            11.2593394746493,
            71.99392139004367,
            27.598940255899656,
            37.03031891900313,
            0.0,
            34.977591678982975,
            65.44278067898657,
            9.666077035968014,
            63.145178044323465,
            56.57522985069313,
            38.290126521573086
        ],
        [
            19.811129973975174,
            92.79934182677097,
            91.38447912738148,
            86.61054727517192,
            91.67171771271323,
            17.05315394812373,
            92.39369359269448,
            59.30814994514734,
            28.96309122535653,
            62.531895058976424,
            43.93633412469569,
            27.178449857094044,
            34.977591678982975,
            0.0,
            62.60645295206226,
            27.036792248176106,
            91.68755900853387,
            91.51257434200068,
            19.811129973975174
        ],
        [
            81.71555673405628,
            100.88198985238009,
            52.130909831242064,
            92.14545441344264,
            112.97081658177736,
            68.05641629721339,
            63.63840772582934,
            46.48840553572466,
            55.01382674874264,
            13.05396184432052,
            40.27287697115352,
            35.762097773799475,
            65.44278067898657,
            62.60645295206226,
            0.0,
            58.34177870796671,
            70.64301203168878,
            102.31659749017318,
            81.71555673405628
        ],
        [
            34.636061289333604,
            66.33065636512683,
            70.95006942755691,
            59.78404036589643,
            67.81824751260409,
            15.759037809239462,
            68.84341068601121,
            36.20813211213324,
            3.886739516743945,
            63.83806956755741,
            23.994631307103614,
            27.765607112845096,
            9.666077035968014,
            27.036792248176106,
            58.34177870796671,
            0.0,
            66.52218317833987,
            65.3710171682583,
            34.636061289333604
        ],
        [
            100.85024847297777,
            44.686057918862154,
            26.883230599656045,
            37.46138998274785,
            65.57264491276693,
            82.05778883516368,
            11.082738946741923,
            33.1588534168331,
            63.52411121891354,
            83.54331848821727,
            49.145623179900795,
            74.36740225978282,
            63.145178044323465,
            91.68755900853387,
            70.64301203168878,
            66.52218317833987,
            0.0,
            48.26291484434019,
            100.85024847297777
        ],
        [
            90.77182180743769,
            4.2554848282510935,
            73.5677965320507,
            11.234349273625455,
            18.12961837820747,
            75.78087107846588,
            59.02647097127491,
            55.873503256945355,
            64.90126782220875,
            113.3384173632307,
            65.12454647991883,
            88.01548240584783,
            56.57522985069313,
            91.51257434200068,
            102.31659749017318,
            65.3710171682583,
            48.26291484434019,
            0.0,
            90.77182180743769
        ],
        [
            0.0,
            92.89712179733206,
            105.00362527629238,
            88.2196792193758,
            87.00757062694392,
            18.884612358361462,
            103.4792683321784,
            70.73682914355565,
            38.08151598356221,
            82.2723014835478,
            57.12393621321439,
            45.962344693362766,
            38.290126521573086,
            19.811129973975174,
            81.71555673405628,
            34.636061289333604,
            100.85024847297777,
            90.77182180743769,
            0.0
        ]
    ],
    "scores_ave": [
        0,
        10.823930020271945,
        12.872211825968819,
        18.06893474266555,
        13.045175305512522,
        17.423401223412114,
        16.034254166056446,
        18.7086846994332,
        13.831592879445761,
        13.977076667182002,
        19.029134746353357,
        18.463998419228325,
        15.128633703468797,
        10.866147118442653,
        12.26508047853687,
        15.489043794174318,
        16.564403643053964,
        19.469329213559384,
        0
    ],
    "scores_var": [
        0,
        17.521964198675093,
        302.1137782431986,
        20.475590484334482,
        21.06911575228922,
        20.525076886677244,
        395.9037735181289,
        295.19487460667847,
        23.315541927686162,
        23.582157668466827,
        283.63424269282035,
        315.33393727050736,
        285.6090677977875,
        252.9618049921109,
        16.89425837046185,
        271.8590315738536,
        16.086249803347176,
        392.47061679429225,
        0
    ],
    "vertex_number": 19,
    "minimum_distances": {
        "cost": 402.2387339777782,
        "path": [
            0,
            13,
            11,
            9,
            14,
            2,
            6,
            16,
            3,
            1,
            17,
            4,
            7,
            10,
            8,
            15,
            12,
            5,
            18
        ]
    }
}