{
    "vertices": [
        [
            99.67829001557169,
            27.641951698685354
        ],
        [
            4.090730322348679,
            27.595057198649354
        ],
        [
            51.673421456733415,
            41.54949040687435
        ],
        [
            73.11413163841974,
            64.78008264367995
        ],
        [
            66.53774865382607,
            89.7770138604088
        ],
        [
            34.937107505879915,
            72.18875371903732
        ],
        [
            2.499062258481266,
            72.85785795635027
        ],
        [
            46.38260532495801,
            71.35856055476518
        ],
        [
            96.09838337397508,
            66.58840032294783
        ],
        [
            77.00571748244373,
            62.779247405210256
        ],
        [
            59.619569369819736,
            45.15286926177453
        ],
        [
            13.291828481714463,
            36.304691451148294
        ],
        [
            97.46650307027366,
            95.69016505621481
        ],
        [
            36.42711101140546,
            78.90639345990952
        ],
        [
            31.69403517696522,
            36.64902872630742
        ],
        [
            88.2513966888316,
            23.236468199554118
        ],
        [
            22.29279365470962,
            13.505341738899402
        ],
        [
            4.837571127699746,
            95.42033085006958
        ],
        [
            91.50549396667294,
            63.75898739727208
        ],
        [
            48.844470807726694,
            83.22723685398788
        ],
        [
            23.167286449856984,
            57.458642283087244
        ],
        [
            60.43026389051678,
            81.71445440340173
        ],
        [
            99.67829001557169,
            27.641951698685354
        ]
    ],
    "distances": [
        [
            0.0,
            95.58757119625756,
            49.97886591621617,
            45.66065352548053,
            70.42060374344152,
            78.5865019134562,
            107.18339650415263,
            68.93164655306582,
            39.11063272314658,
            41.81716268277562,
            43.718798401553755,
            86.81972008915658,
            68.08414898229427,
            81.41716424997264,
            68.57832268685277,
            12.246721028986277,
            78.66612223932306,
            116.57045354444301,
            37.03018853462514,
            75.32463807448507,
            82.11558137186127,
            66.8149916071577,
            0.0
        ],
        [
            95.58757119625756,
            0.0,
            49.58667867233163,
            78.40252576662931,
            88.12619266016661,
            54.222659052292315,
            45.29077764464711,
            60.859238552886055,
            99.92942023287102,
            80.96000613295607,
            58.23855020863733,
            12.669567322943085,
            115.56806933753631,
            60.650595586389066,
            29.050246803091706,
            84.27345407252206,
            23.018149171729586,
            67.82938535088296,
            94.6000568202997,
            71.39913655385774,
            35.43654480591238,
            78.12203400119904,
            95.58757119625756
        ],
        [
            49.97886591621617,
            49.58667867233163,
            0.0,
            31.61272637353191,
            50.466248537844024,
            34.91229956582049,
            58.29520976179606,
            30.274963227428223,
            50.9953355821257,
            33.051895621017124,
            8.724998901351672,
            38.738283330395646,
            70.90993565890534,
            40.34833562749751,
            20.57159208225981,
            40.90617379376605,
            40.616444508998256,
            71.38392204201057,
            45.60543560808915,
            41.77364612628876,
            32.64507384661083,
            41.108473849711935,
            49.97886591621617
        ],
        [
            45.66065352548053,
            78.40252576662931,
            31.61272637353191,
            0.0,
            25.84754114831673,
            38.889247597753354,
            71.07558285048044,
            27.52909135213026,
            23.055277935269654,
            4.375817870171243,
            23.81870516967641,
            66.25372335605343,
            39.350618662286266,
            39.312722365205076,
            50.06975719312325,
            44.21548025622475,
            72.19354160385035,
            74.83657879221344,
            18.41968631088293,
            30.484650814725722,
            50.48059858246502,
            21.157822381869916,
            45.66065352548053
        ],
        [
            70.42060374344152,
            88.12619266016661,
            50.466248537844024,
            25.84754114831673,
            0.0,
            36.16555565398967,
            66.23602638856863,
            27.303282307799357,
            37.57050602331299,
            28.956135186974706,
            45.157230714089124,
            75.46136282108074,
            31.488937848352208,
            32.012823791801125,
            63.534771371799806,
            69.99376206371814,
            88.17586977787559,
            61.957718917026774,
            36.06003337552074,
            18.866681207173436,
            54.08765231728714,
            10.114654474169116,
            70.42060374344152
        ],
        [
            78.5865019134562,
            54.222659052292315,
            34.91229956582049,
            38.889247597753354,
            36.16555565398967,
            0.0,
            32.4449453683108,
            11.475567132674776,
            61.417144381469996,
            43.10808224022725,
            36.60823639635358,
            41.90684942679077,
            66.80001230903807,
            6.880900677572955,
            35.68738671701029,
            72.37913849075854,
            60.030171700549815,
            38.02220753949581,
            57.19303547650885,
            17.75564315732163,
            18.85483679606663,
            27.214701835214946,
            78.5865019134562
        ],
        [
            107.18339650415263,
            45.29077764464711,
            58.29520976179606,
            71.07558285048044,
            66.23602638856863,
            32.4449453683108,
            0.0,
            43.90914762057809,
            93.80905613158228,
            75.18523833375781,
            63.4847913379499,
            38.11322322116542,
            97.67358425820063,
            34.46298411221259,
            46.51264084011374,
            99.07444262598969,
            62.566068950580586,
            22.68333764707548,
            89.4702985961031,
            47.49127195937421,
            25.774237807870055,
            58.60429526201538,
            107.18339650415263
        ],
        [
            68.93164655306582,
            60.859238552886055,
            30.274963227428223,
            27.52909135213026,
            27.303282307799357,
            11.475567132674776,
            43.90914762057809,
            0.0,
            49.94409890724168,
            31.80219508663004,
            29.35907820876684,
            48.205531334306954,
            56.58260851594622,
            12.493264128767825,
            37.68959661157475,
            63.78660880557171,
            62.6682850703965,
            48.009984963498496,
            45.758371819249604,
            12.121314233653813,
            27.05843229812008,
            17.452256260402123,
            68.93164655306582
        ],
        [
            39.11063272314658,
            99.92942023287102,
            50.9953355821257,
            23.055277935269654,
            37.57050602331299,
            61.417144381469996,
            93.80905613158228,
            49.94409890724168,
            0.0,
            19.468937741858273,
            42.31058807230509,
            88.17045171800405,
            29.133905712997382,
            60.92941572254079,
            71.02313734469497,
            44.056386811314376,
            90.91246439540654,
            95.70692801344472,
            5.394461104845341,
            50.09773581635521,
            73.50032231508585,
            38.74289947243332,
            39.11063272314658
        ],
        [
            41.81716268277562,
            80.96000613295607,
            33.051895621017124,
            4.375817870171243,
            28.956135186974706,
            43.10808224022725,
            75.18523833375781,
            31.80219508663004,
            19.468937741858273,
            0.0,
            24.758177490467414,
            68.99537495051395,
            38.752706324879455,
            43.66586931461449,
            52.30618397053925,
            41.110785544918215,
            73.63030499320192,
            79.20657596900662,
            14.532838970574602,
            34.80195521478042,
            54.10069773040049,
            25.165208638961918,
            41.81716268277562
        ],
        [
            43.718798401553755,
            58.23855020863733,
            8.724998901351672,
            23.81870516967641,
            45.157230714089124,
            36.60823639635358,
            63.4847913379499,
            29.35907820876684,
            42.31058807230509,
            24.758177490467414,
            0.0,
            47.165133587893926,
            63.13801277155709,
            40.95351658283895,
            29.191621465909364,
            36.05704052117714,
            48.93724740519509,
            74.34974798834462,
            36.91747309159037,
            39.569688103013966,
            38.47338014431636,
            36.57057196263606,
            43.718798401553755
        ],
        [
            86.81972008915658,
            12.669567322943085,
            38.738283330395646,
            66.25372335605343,
            75.46136282108074,
            41.90684942679077,
            38.11322322116542,
            48.205531334306954,
            88.17045171800405,
            68.99537495051395,
            47.165133587893926,
            0.0,
            103.01461215472243,
            48.47830764137622,
            18.405427987791963,
            76.09017889814002,
            24.511787396003893,
            59.717110520781276,
            82.89219405040703,
            58.87032905838814,
            23.345541456146186,
            65.45287361277332,
            86.81972008915658
        ],
        [
            68.08414898229427,
            115.56806933753631,
            70.90993565890534,
            39.350618662286266,
            31.488937848352208,
            66.80001230903807,
            97.67358425820063,
            56.58260851594622,
            29.133905712997382,
            38.752706324879455,
            63.13801277155709,
            103.01461215472243,
            0.0,
            63.30483687612793,
            88.3848024939978,
            73.0373628618817,
            111.3796739580163,
            92.62932496418613,
            32.48282217142122,
            50.193890073534064,
            83.558500010231,
            39.58539504452762,
            68.08414898229427
        ],
        [
            81.41716424997264,
            60.650595586389066,
            40.34833562749751,
            39.312722365205076,
            32.012823791801125,
            6.880900677572955,
            34.46298411221259,
            12.493264128767825,
            60.92941572254079,
            43.66586931461449,
            40.95351658283895,
            48.47830764137622,
            63.30483687612793,
            0.0,
            42.52160487426646,
            76.05851145315056,
            66.91095944129059,
            35.64560503330474,
            57.123306796731626,
            13.147642828562294,
            25.215649465082706,
            24.166848251279195,
            81.41716424997264
        ],
        [
            68.57832268685277,
            29.050246803091706,
            20.57159208225981,
            50.06975719312325,
            63.534771371799806,
            35.68738671701029,
            46.51264084011374,
            37.68959661157475,
            71.02313734469497,
            52.30618397053925,
            29.191621465909364,
            18.405427987791963,
            88.3848024939978,
            42.52160487426646,
            0.0,
            58.12600038767304,
            24.980264000424455,
            64.61683692778546,
            65.66856524772197,
            49.63533937337802,
            22.488785210361108,
            53.447763584038356,
            68.57832268685277
        ],
        [
            12.246721028986277,
            84.27345407252206,
            40.90617379376605,
            44.21548025622475,
            69.99376206371814,
            72.37913849075854,
            99.07444262598969,
            63.78660880557171,
            44.056386811314376,
            41.110785544918215,
            36.05704052117714,
            76.09017889814002,
            73.0373628618817,
            76.05851145315056,
            58.12600038767304,
            0.0,
            66.67257409464659,
            110.31036361961381,
            40.6529668194472,
            71.77602755202247,
            73.5329763072504,
            64.75870829964771,
            12.246721028986277
        ],
        [
            78.66612223932306,
            23.018149171729586,
            40.616444508998256,
            72.19354160385035,
            88.17586977787559,
            60.030171700549815,
            62.566068950580586,
            62.6682850703965,
            90.91246439540654,
            73.63030499320192,
            48.93724740519509,
            24.511787396003893,
            111.3796739580163,
            66.91095944129059,
            24.980264000424455,
            66.67257409464659,
            0.0,
            83.75410577727256,
            85.5326065686702,
            74.60652932604121,
            43.96199911715194,
            78.14697490284476,
            78.66612223932306
        ],
        [
            116.57045354444301,
            67.82938535088296,
            71.38392204201057,
            74.83657879221344,
            61.957718917026774,
            38.02220753949581,
            22.68333764707548,
            48.009984963498496,
            95.70692801344472,
            79.20657596900662,
            74.34974798834462,
            59.717110520781276,
            92.62932496418613,
            35.64560503330474,
            64.61683692778546,
            110.31036361961381,
            83.75410577727256,
            0.0,
            92.27009005337653,
            45.6648525744389,
            42.15528748149967,
            57.25730117454274,
            116.57045354444301
        ],
        [
            37.03018853462514,
            94.6000568202997,
            45.60543560808915,
            18.41968631088293,
            36.06003337552074,
            57.19303547650885,
            89.4702985961031,
            45.758371819249604,
            5.394461104845341,
            14.532838970574602,
            36.91747309159037,
            82.89219405040703,
            32.48282217142122,
            57.123306796731626,
            65.66856524772197,
            40.6529668194472,
            85.5326065686702,
            92.27009005337653,
            0.0,
            46.89323654725768,
            68.628018732652,
            35.88967427679236,
            37.03018853462514
        ],
        [
            75.32463807448507,
            71.39913655385774,
            41.77364612628876,
            30.484650814725722,
            18.866681207173436,
            17.75564315732163,
            47.49127195937421,
            12.121314233653813,
            50.09773581635521,
            34.80195521478042,
            39.569688103013966,
            58.87032905838814,
            50.193890073534064,
            13.147642828562294,
            49.63533937337802,
            71.77602755202247,
            74.60652932604121,
            45.6648525744389,
            46.89323654725768,
            0.0,
            36.377716568078846,
            11.684139339293585,
            75.32463807448507
        ],
        [
            82.11558137186127,
            35.43654480591238,
            32.64507384661083,
            50.48059858246502,
            54.08765231728714,
            18.85483679606663,
            25.774237807870055,
            27.05843229812008,
            73.50032231508585,
            54.10069773040049,
            38.47338014431636,
            23.345541456146186,
            83.558500010231,
            25.215649465082706,
            22.488785210361108,
            73.5329763072504,
            43.96199911715194,
            42.15528748149967,
            68.628018732652,
            36.377716568078846,
            0.0,
            44.46205021542659,
            82.11558137186127
        ],
        [
            66.8149916071577,
            78.12203400119904,
            41.108473849711935,
            21.157822381869916,
            10.114654474169116,
            27.214701835214946,
            58.60429526201538,
            17.452256260402123,
            38.74289947243332,
            25.165208638961918,
            36.57057196263606,
            65.45287361277332,
            39.58539504452762,
            24.166848251279195,
            53.447763584038356,
            64.75870829964771,
            78.14697490284476,
            57.25730117454274,
            35.88967427679236,
            11.684139339293585,
            44.46205021542659,
            0.0,
            66.8149916071577
        ],
        [
            0.0,
            95.58757119625756,
            49.97886591621617,
            45.66065352548053,
            70.42060374344152,
            78.5865019134562,
            107.18339650415263,
            68.93164655306582,
            39.11063272314658,
            41.81716268277562,
            43.718798401553755,
            86.81972008915658,
            68.08414898229427,
            81.41716424997264,
            68.57832268685277,
            12.246721028986277,
            78.66612223932306,
            116.57045354444301,
            37.03018853462514,
            75.32463807448507,
            82.11558137186127,
            66.8149916071577,
            0.0
        ]
    ],
    "scores_ave": [
        0,
        11.594669309342834,
        11.77776681324728,
        19.37114935408705,
        15.054464503259865,
        19.435822325575906,
        10.93143641393754,
        15.252610970793214,
        19.358438612999475,
        11.282577388842894,
        18.376367305772863,
        17.229010891627166,
        11.51904014666368,
        14.276142623658853,
        19.372137167370305,
        12.253399738545307,
        18.35013361310635,
        16.116908416069315,
        13.330406307100995,
        19.537947532677425,
        19.340951062681228,
        16.452899389521733,
        0
    ],
    "scores_var": [
        0,
        18.649497582767548,
        360.24913776284484,
        21.330345341158946,
        23.083596490474196,
        24.047346070468798,
        16.102584670484298,
        23.74709436591797,
        20.945297902288875,
        19.638108701398412,
        17.55120830225046,
        17.453123667225388,
        21.59508225988559,
        18.300781961095485,
        241.61378215791777,
        366.70700680033497,
        16.006260686783847,
        16.52465834239026,
        334.35051937350767,
        23.918005118547626,
        239.48106507030585,
        251.23455983488392,
        0
    ],
    "vertex_number": 23,
    "minimum_distances": {
        "cost": 428.580245863054,
        "path": [
            0,
            3,
            9,
            18,
            8,
            12,
            4,
            21,
            19,
            7,
            5,
            13,
            17,
            6,
            20,
            11,
            1,
            16,
            14,
            2,
            10,
            15,
            22
        ]
    }
}