{
    "vertices": [
        [
            12.611298475087496,
            8.262125317082681
        ],
        [
            48.756272113365284,
            86.93344566549939
        ],
        [
            31.25495125966632,
            23.859381759867983
        ],
        [
            5.6460136619158385,
            13.443422984419328
        ],
        [
            26.33763108116668,
            16.745957409892753
        ],
        [
            41.97129712319465,
            31.546760604067302
        ],
        [
            84.75913242343016,
            34.698868121359496
        ],
        [
            47.499416720559125,
            23.60369172983523
        ],
        [
            56.405102485839755,
            27.853696267585505
        ],
        [
            37.90704618123368,
            44.27691250704582
        ],
        [
            19.619923913196015,
            93.95132509055875
        ],
        [
            33.29859748851951,
            46.27015863427114
        ],
        [
            28.921224701871928,
            12.489220664788824
        ],
        [
            39.17749891345406,
            36.741060042671926
        ],
        [
            63.28369298394462,
            98.97861306036852
        ],
        [
            63.125485570247854,
            63.91810258952702
        ],
        [
            1.5764307099659813,
            41.434572153801675
        ],
        [
            28.016318890476544,
            37.31740986562894
        ],
        [
            88.2975396874771,
            65.37424377993231
        ],
        [
            87.42563973575002,
            94.63581414519177
        ],
        [
            54.6205958999047,
            51.80947809523471
        ],
        [
            98.5856783043787,
            15.771359749707736
        ],
        [
            9.828356083468059,
            71.38508738304856
        ],
        [
            82.43606716389746,
            86.56570196486393
        ],
        [
            12.611298475087496,
            8.262125317082681
        ]
    ],
    "distances": [
        [
            0.0,
            86.57733978746981,
            24.307616043000625,
            8.681073553780541,
            16.1365304136827,
            37.4724400201634,
            76.83886590480827,
            38.11226121219925,
            47.976316261680275,
            44.01067766294145,
            85.97534407230015,
            43.273258914850096,
            16.848799025501776,
            38.94628003848173,
            103.90944477639644,
            75.16163186118105,
            34.9596844340544,
            32.886535454430955,
            94.81667144640014,
            114.2698550801649,
            60.5074623836728,
            86.30169516756526,
            63.184278965075166,
            104.91400496731012,
            0.0
        ],
        [
            86.57733978746981,
            0.0,
            65.45711396934479,
            85.20139563068454,
            73.6809267949413,
            55.8007237203202,
            63.440184754781484,
            63.3422246138403,
            59.57282429923223,
            44.01460580789843,
            29.969608240118497,
            43.50221393207082,
            77.04136383640031,
            51.09822375118293,
            18.87146032296818,
            27.13264292829146,
            65.54452628315639,
            53.776357892494346,
            45.03677416634261,
            39.42900547201383,
            35.61015854149455,
            86.87354138767176,
            41.91818330641473,
            33.681802654775005,
            86.57733978746981
        ],
        [
            24.307616043000625,
            65.45711396934479,
            0.0,
            27.64615492428059,
            8.647591787353301,
            13.188474595684069,
            54.59113358949255,
            16.246477633677937,
            25.465361868348854,
            21.473842894495963,
            71.05106882535884,
            22.503764352280914,
            11.607189279692415,
            15.122975788785762,
            81.66234877603402,
            51.19015600435804,
            34.49205559838387,
            13.842227426184545,
            70.55027046786986,
            90.35734405720186,
            36.43022419105023,
            67.81476907286789,
            52.132443601138625,
            80.94188791258718,
            24.307616043000625
        ],
        [
            8.681073553780541,
            85.20139563068454,
            27.64615492428059,
            0.0,
            20.953514384371946,
            40.58641461761827,
            81.91873722258505,
            43.06899590852249,
            52.76496066833113,
            44.62598229007851,
            81.71164218911869,
            42.921555956332654,
            23.29476230875263,
            40.83063060585998,
            103.14247824712076,
            76.49564021628294,
            28.285436839925506,
            32.7169345389072,
            97.61190963632313,
            115.23936663822836,
            62.21305240985735,
            92.96881495123321,
            58.09241311405899,
            106.03574868944516,
            8.681073553780541
        ],
        [
            16.1365304136827,
            73.6809267949413,
            8.647591787353301,
            20.953514384371946,
            0.0,
            21.528476237447602,
            61.117745558045506,
            22.24521727137124,
            32.0536222477512,
            29.863101887096672,
            77.49707341765514,
            30.333702564340555,
            4.97943407568238,
            23.76270892061721,
            90.1511017428718,
            59.82104578455898,
            34.96633726594632,
            20.639831610256415,
            78.76382741962782,
            98.98774966442997,
            45.048602439913445,
            72.25462039320885,
            57.07881117519048,
            89.56467641123737,
            16.1365304136827
        ],
        [
            37.4724400201634,
            55.8007237203202,
            13.188474595684069,
            40.58641461761827,
            21.528476237447602,
            0.0,
            42.903783416857884,
            9.677419564303259,
            14.898773823376079,
            13.36319210339125,
            66.28660161089354,
            17.087836858687076,
            23.097493776142947,
            5.897970421648286,
            70.71967861220587,
            38.67044699499898,
            41.58742658287058,
            15.101053286959756,
            57.362177156539005,
            77.75812458550192,
            23.886868352074533,
            58.77117855415302,
            51.18848443968853,
            68.29700961908756,
            37.4724400201634
        ],
        [
            76.83886590480827,
            63.440184754781484,
            54.59113358949255,
            81.91873722258505,
            61.117745558045506,
            42.903783416857884,
            0.0,
            38.8765913297168,
            29.168602836088542,
            47.82109283046963,
            88.05663031383025,
            52.74543980214174,
            60.09276477968382,
            45.627358692798005,
            67.77226651472611,
            36.35626959788303,
            83.45496733666496,
            56.803201040980305,
            30.878779084685682,
            59.99623121422244,
            34.656952512561695,
            23.43979402974614,
            83.42961061053893,
            51.9188317005472,
            76.83886590480827
        ],
        [
            38.11226121219925,
            63.3422246138403,
            16.246477633677937,
            43.06899590852249,
            22.24521727137124,
            9.677419564303259,
            38.8765913297168,
            0.0,
            9.867815235441935,
            22.790252957503792,
            75.67070528712279,
            26.747560426905377,
            21.64903429114025,
            15.551358853017895,
            77.00988340948814,
            43.23685639196318,
            49.26318037665578,
            23.825556995893418,
            58.38891895037644,
            81.48414385074531,
            29.0908504068702,
            51.68318437226336,
            60.8454647454706,
            72.00544616232769,
            38.11226121219925
        ],
        [
            47.976316261680275,
            59.57282429923223,
            25.465361868348854,
            52.76496066833113,
            32.0536222477512,
            14.898773823376079,
            29.168602836088542,
            9.867815235441935,
            0.0,
            24.73661494013378,
            75.64420598195763,
            29.547870638926483,
            31.486991736160107,
            19.384931253888798,
            71.45676172358306,
            36.685214353405286,
            56.48560381675409,
            29.9246538675079,
            49.24346694016025,
            73.63507995168858,
            24.022155330635375,
            43.87691684832419,
            63.752453426344786,
            64.22391092940029,
            47.976316261680275
        ],
        [
            44.01067766294145,
            44.01460580789843,
            21.473842894495963,
            44.62598229007851,
            29.863101887096672,
            13.36319210339125,
            47.82109283046963,
            22.790252957503792,
            24.73661494013378,
            0.0,
            52.93360092005103,
            5.021038685080774,
            33.03335193887007,
            7.642193566615305,
            60.30132872810452,
            31.964762365353806,
            36.441631675938936,
            12.093848161607479,
            54.62873989614509,
            70.62655365949726,
            18.332547246328193,
            67.04075577092901,
            39.02904024843946,
            61.40989678775058,
            44.01067766294145
        ],
        [
            85.97534407230015,
            29.969608240118497,
            71.05106882535884,
            81.71164218911869,
            77.49707341765514,
            66.28660161089354,
            88.05663031383025,
            75.67070528712279,
            75.64420598195763,
            52.93360092005103,
            0.0,
            49.604432719389706,
            81.99139377908187,
            60.46083994405122,
            43.952228086810976,
            52.865190332505364,
            55.529964757735904,
            57.2529457959941,
            74.38591590263533,
            67.80917064435211,
            54.78122221800529,
            111.12019324706583,
            24.598981378016823,
            63.2488362094311,
            85.97534407230015
        ],
        [
            43.273258914850096,
            43.50221393207082,
            22.503764352280914,
            42.921555956332654,
            30.333702564340555,
            17.087836858687076,
            52.74543980214174,
            26.747560426905377,
            29.547870638926483,
            5.021038685080774,
            49.604432719389706,
            0.0,
            34.063369807041916,
            11.19666030263112,
            60.64063917751648,
            34.65679123184662,
            32.08860797442706,
            10.394911144486384,
            58.22241589162158,
            72.58769410467951,
            22.0297906559668,
            72.05955630488974,
            34.374581854439455,
            63.547004165470845,
            43.273258914850096
        ],
        [
            16.848799025501776,
            77.04136383640031,
            11.607189279692415,
            23.29476230875263,
            4.97943407568238,
            23.097493776142947,
            60.09276477968382,
            21.64903429114025,
            31.486991736160107,
            33.03335193887007,
            81.99139377908187,
            34.063369807041916,
            0.0,
            26.331404708328915,
            93.06553724872066,
            61.76456393095135,
            39.819230671652534,
            24.844674147998216,
            79.51334762892996,
            100.85052998815048,
            46.97382594989268,
            69.74172734244952,
            61.91333255910754,
            91.38470028147921,
            16.848799025501776
        ],
        [
            38.94628003848173,
            51.09822375118293,
            15.122975788785762,
            40.83063060585998,
            23.76270892061721,
            5.897970421648286,
            45.627358692798005,
            15.551358853017895,
            19.384931253888798,
            7.642193566615305,
            60.46083994405122,
            11.19666030263112,
            26.331404708328915,
            0.0,
            66.74295167427604,
            36.22288926228201,
            37.892867217732196,
            11.176051119413106,
            56.856289155847996,
            75.36368917057698,
            21.57652583572529,
            63.000477053122594,
            45.40463429227993,
            65.98332114824869,
            38.94628003848173
        ],
        [
            103.90944477639644,
            18.87146032296818,
            81.66234877603402,
            103.14247824712076,
            90.1511017428718,
            70.71967861220587,
            67.77226651472611,
            77.00988340948814,
            71.45676172358306,
            60.30132872810452,
            43.952228086810976,
            60.64063917751648,
            93.06553724872066,
            66.74295167427604,
            0.0,
            35.0608674174176,
            84.37477621425865,
            71.03443992086927,
            41.89207755225022,
            24.52944139976832,
            47.95807069145411,
            90.3862664959042,
            60.15709187160203,
            22.823097918420828,
            103.90944477639644
        ],
        [
            75.16163186118105,
            27.13264292829146,
            51.19015600435804,
            76.49564021628294,
            59.82104578455898,
            38.67044699499898,
            36.35626959788303,
            43.23685639196318,
            36.685214353405286,
            31.964762365353806,
            52.865190332505364,
            34.65679123184662,
            61.76456393095135,
            36.22288926228201,
            35.0608674174176,
            0.0,
            65.52705773226945,
            44.04827395414272,
            25.214136028171037,
            39.1672732735404,
            14.797024547133972,
            59.795770041244516,
            53.81765391985472,
            29.762599331220386,
            75.16163186118105
        ],
        [
            34.9596844340544,
            65.54452628315639,
            34.49205559838387,
            28.285436839925506,
            34.96633726594632,
            41.58742658287058,
            83.45496733666496,
            49.26318037665578,
            56.48560381675409,
            36.441631675938936,
            55.529964757735904,
            32.08860797442706,
            39.819230671652534,
            37.892867217732196,
            84.37477621425865,
            65.52705773226945,
            0.0,
            26.758525974071404,
            89.96476321236177,
            100.99732095347485,
            54.04925655354649,
            100.34637307711581,
            31.066503421968765,
            92.6018341367217,
            34.9596844340544
        ],
        [
            32.886535454430955,
            53.776357892494346,
            13.842227426184545,
            32.7169345389072,
            20.639831610256415,
            15.101053286959756,
            56.803201040980305,
            23.825556995893418,
            29.9246538675079,
            12.093848161607479,
            57.2529457959941,
            10.394911144486384,
            24.844674147998216,
            11.176051119413106,
            71.03443992086927,
            44.04827395414272,
            26.758525974071404,
            0.0,
            66.4906873935857,
            82.5522069508263,
            30.295339522209296,
            73.78527470766976,
            38.61876024032908,
            73.39552627261467,
            32.886535454430955
        ],
        [
            94.81667144640014,
            45.03677416634261,
            70.55027046786986,
            97.61190963632313,
            78.76382741962782,
            57.362177156539005,
            30.878779084685682,
            58.38891895037644,
            49.24346694016025,
            54.62873989614509,
            74.38591590263533,
            58.22241589162158,
            79.51334762892996,
            56.856289155847996,
            41.89207755225022,
            25.214136028171037,
            89.96476321236177,
            66.4906873935857,
            0.0,
            29.27455737952074,
            36.30618970577966,
            50.658581704549235,
            78.69906617172025,
            21.98714988688585,
            94.81667144640014
        ],
        [
            114.2698550801649,
            39.42900547201383,
            90.35734405720186,
            115.23936663822836,
            98.98774966442997,
            77.75812458550192,
            59.99623121422244,
            81.48414385074531,
            73.63507995168858,
            70.62655365949726,
            67.80917064435211,
            72.58769410467951,
            100.85052998815048,
            75.36368917057698,
            24.52944139976832,
            39.1672732735404,
            100.99732095347485,
            82.5522069508263,
            29.27455737952074,
            0.0,
            53.94688091572659,
            79.65016401709829,
            81.00576970303133,
            9.488021134718196,
            114.2698550801649
        ],
        [
            60.5074623836728,
            35.61015854149455,
            36.43022419105023,
            62.21305240985735,
            45.048602439913445,
            23.886868352074533,
            34.656952512561695,
            29.0908504068702,
            24.022155330635375,
            18.332547246328193,
            54.78122221800529,
            22.0297906559668,
            46.97382594989268,
            21.57652583572529,
            47.95807069145411,
            14.797024547133972,
            54.04925655354649,
            30.295339522209296,
            36.30618970577966,
            53.94688091572659,
            0.0,
            56.84781829339097,
            48.883015729006694,
            44.516239051763925,
            60.5074623836728
        ],
        [
            86.30169516756526,
            86.87354138767176,
            67.81476907286789,
            92.96881495123321,
            72.25462039320885,
            58.77117855415302,
            23.43979402974614,
            51.68318437226336,
            43.87691684832419,
            67.04075577092901,
            111.12019324706583,
            72.05955630488974,
            69.74172734244952,
            63.000477053122594,
            90.3862664959042,
            59.795770041244516,
            100.34637307711581,
            73.78527470766976,
            50.658581704549235,
            79.65016401709829,
            56.84781829339097,
            0.0,
            104.7413430747476,
            72.61300730354998,
            86.30169516756526
        ],
        [
            63.184278965075166,
            41.91818330641473,
            52.132443601138625,
            58.09241311405899,
            57.07881117519048,
            51.18848443968853,
            83.42961061053893,
            60.8454647454706,
            63.752453426344786,
            39.02904024843946,
            24.598981378016823,
            34.374581854439455,
            61.91333255910754,
            45.40463429227993,
            60.15709187160203,
            53.81765391985472,
            31.066503421968765,
            38.61876024032908,
            78.69906617172025,
            81.00576970303133,
            48.883015729006694,
            104.7413430747476,
            0.0,
            74.17769723724736,
            63.184278965075166
        ],
        [
            104.91400496731012,
            33.681802654775005,
            80.94188791258718,
            106.03574868944516,
            89.56467641123737,
            68.29700961908756,
            51.9188317005472,
            72.00544616232769,
            64.22391092940029,
            61.40989678775058,
            63.2488362094311,
            63.547004165470845,
            91.38470028147921,
            65.98332114824869,
            22.823097918420828,
            29.762599331220386,
            92.6018341367217,
            73.39552627261467,
            21.98714988688585,
            9.488021134718196,
            44.516239051763925,
            72.61300730354998,
            74.17769723724736,
            0.0,
            104.91400496731012
        ],
        [
            0.0,
            86.57733978746981,
            24.307616043000625,
            8.681073553780541,
            16.1365304136827,
            37.4724400201634,
            76.83886590480827,
            38.11226121219925,
            47.976316261680275,
            44.01067766294145,
            85.97534407230015,
            43.273258914850096,
            16.848799025501776,
            38.94628003848173,
            103.90944477639644,
            75.16163186118105,
            34.9596844340544,
            32.886535454430955,
            94.81667144640014,
            114.2698550801649,
            60.5074623836728,
            86.30169516756526,
            63.184278965075166,
            104.91400496731012,
            0.0
        ]
    ],
    "scores_ave": [
        0,
        10.859245178524024,
        12.691228001173782,
        19.30289794977157,
        10.842356720072532,
        13.959922496414672,
        12.634180871674673,
        19.451407317710167,
        15.129491922438001,
        19.857617606092564,
        10.907301268640108,
        11.716349107083945,
        17.011593884196422,
        11.668773538752388,
        17.082565786890438,
        13.941419364201492,
        18.457253966902908,
        12.581087466049894,
        14.761466675737093,
        14.8205141089731,
        15.264116751672509,
        12.489822443738708,
        17.991943147845397,
        12.484196755270656,
        0
    ],
    "scores_var": [
        0,
        277.2114862239214,
        334.3504971804391,
        18.121344455906552,
        261.97210875627513,
        21.61808933745531,
        267.3873127903624,
        307.79617791965234,
        19.36872083828144,
        248.67602064237462,
        343.1923481996099,
        396.03645974752624,
        22.29308118068355,
        22.650811700269113,
        392.39754710829027,
        243.58087758818485,
        19.846566665256805,
        24.02636225109484,
        23.329517422327903,
        24.1565765485853,
        23.030757947996264,
        18.95989653369109,
        355.4299329503399,
        19.854272685533306,
        0
    ],
    "vertex_number": 25,
    "minimum_distances": {
        "cost": 455.23384852651685,
        "path": [
            0,
            3,
            16,
            22,
            10,
            20,
            15,
            1,
            14,
            19,
            23,
            18,
            6,
            21,
            8,
            7,
            5,
            13,
            9,
            11,
            17,
            2,
            4,
            12,
            24
        ]
    }
}