{
    "vertices": [
        [
            85.51555412814812,
            40.77059897974979
        ],
        [
            49.25914118860286,
            20.441996792616557
        ],
        [
            92.81498134303922,
            32.44257288352017
        ],
        [
            37.58732104383405,
            54.39443639153778
        ],
        [
            13.519450746108742,
            7.423154801002818
        ],
        [
            75.67933704823193,
            49.23258587382041
        ],
        [
            59.73505248046731,
            48.610973802412694
        ],
        [
            49.31043915316351,
            17.220150135635294
        ],
        [
            58.71733849436905,
            36.43528600719592
        ],
        [
            2.9221725928089026,
            12.254094007254878
        ],
        [
            92.7142155706228,
            75.51170194132816
        ],
        [
            86.34559757048366,
            63.590993093420565
        ],
        [
            24.83161014723394,
            42.75217476641936
        ],
        [
            11.764915307040402,
            87.1936653249665
        ],
        [
            40.060592787522495,
            46.14261803228885
        ],
        [
            72.1411849287564,
            3.2318725412085136
        ],
        [
            6.565354065079132,
            73.60230456057444
        ],
        [
            18.019891063979898,
            64.63966850997966
        ],
        [
            95.89320315959277,
            85.4664528722422
        ],
        [
            66.20694117044447,
            7.951844233501159
        ],
        [
            70.07692374033898,
            95.57655796374748
        ],
        [
            86.13271906753776,
            20.683468142555384
        ],
        [
            4.771351772137078,
            32.698198820181865
        ],
        [
            85.51555412814812,
            40.77059897974979
        ]
    ],
    "distances": [
        [
            0.0,
            41.56656764907999,
            11.074188743423798,
            49.82694524458801,
            79.34412981091889,
            12.97522210363499,
            26.94634933652274,
            43.19067018594536,
            27.146625936283776,
            87.37767294502893,
            35.479077800167815,
            22.835484659175155,
            60.716288586153276,
            87.14503896042433,
            45.77130213549329,
            39.850090766637855,
            85.50470736365672,
            71.59187811973275,
            45.884800910528895,
            38.077463117240605,
            56.93895369961605,
            20.0966096104039,
            81.14671810026978,
            0.0
        ],
        [
            41.56656764907999,
            0.0,
            45.17881182670011,
            35.90263973874658,
            38.03703090053049,
            39.075884748830646,
            30.05388466028038,
            3.2222550119860793,
            18.580710324849893,
            47.05482345806994,
            70.14995306279911,
            56.896758508125444,
            33.082447219028374,
            76.56110126108653,
            27.297165142045664,
            28.631735931920076,
            68.1819461509626,
            54.1232383878178,
            80.01822057734908,
            21.05307187026367,
            77.96526375732837,
            36.874368523497715,
            46.14518279630389,
            41.56656764907999
        ],
        [
            11.074188743423798,
            45.17881182670011,
            0.0,
            59.430453250829565,
            83.14897746717354,
            23.99030724298071,
            36.8198164284786,
            46.090859673757436,
            34.33061324712159,
            92.13192576052502,
            43.06924693489556,
            31.81315778053377,
            68.76064754007577,
            97.80999605342785,
            54.504281932199916,
            35.78646214237361,
            95.56736742902433,
            81.43069750795465,
            53.113155607723996,
            36.163290663810976,
            67.10379524031467,
            13.525131179680677,
            88.04400066238317,
            11.074188743423798
        ],
        [
            49.82694524458801,
            35.90263973874658,
            59.430453250829565,
            0.0,
            52.77843948929768,
            38.44016628536566,
            22.890400767768188,
            38.97895658994823,
            27.731006472670984,
            54.56629887940176,
            59.03315512886004,
            49.618002630297156,
            17.26992808975613,
            41.744293701811046,
            8.614498206637771,
            61.73797412546641,
            36.48704749400878,
            22.087306245381036,
            66.06849549879216,
            54.55269949827605,
            52.4551372180552,
            59.10232693865543,
            39.339732637546945,
            49.82694524458801
        ],
        [
            79.34412981091889,
            38.03703090053049,
            83.14897746717354,
            52.77843948929768,
            0.0,
            74.91248221575339,
            61.90572088072109,
            37.10762682711924,
            53.70803304934657,
            11.646470618728634,
            104.44070579659251,
            91.9699609640485,
            37.09588389610451,
            79.78980350809711,
            46.942827500922995,
            58.77137539280723,
            66.54351451155037,
            57.393234828368534,
            113.47330725996436,
            52.690142908617204,
            104.73667094512065,
            73.81410872073174,
            26.74616020721185,
            79.34412981091889
        ],
        [
            12.97522210363499,
            39.075884748830646,
            23.99030724298071,
            38.44016628536566,
            74.91248221575339,
            0.0,
            15.95639721068565,
            41.47426693857259,
            21.248065295869964,
            81.61503440126167,
            31.317391774574034,
            17.886670215901326,
            51.259019295333786,
            74.33772164659824,
            35.75252220433575,
            46.13658144606823,
            73.28455384777247,
            59.68240868604683,
            41.49088455103533,
            42.35358206858438,
            46.68137512910684,
            30.402718938857717,
            72.81022133707886,
            12.97522210363499
        ],
        [
            26.94634933652274,
            30.05388466028038,
            36.8198164284786,
            22.890400767768188,
            61.90572088072109,
            15.95639721068565,
            0.0,
            33.07652299596365,
            12.218146956232387,
            67.4501744220803,
            42.559069215983946,
            30.537224627440544,
            35.39174780727145,
            61.56101157032704,
            19.828694975141804,
            47.044393434277744,
            58.75017823502473,
            44.68863106016994,
            51.63078730758405,
            41.17098687810375,
            48.0907516760882,
            38.428926261652144,
            57.22084238448445,
            26.94634933652274
        ],
        [
            43.19067018594536,
            3.2222550119860793,
            46.090859673757436,
            38.97895658994823,
            37.10762682711924,
            41.47426693857259,
            33.07652299596365,
            0.0,
            21.39418616769774,
            46.65332772637701,
            72.67594388250193,
            59.3452444228818,
            35.37085454507005,
            79.41006982008871,
            30.365585899516542,
            26.775265875962745,
            70.75372525023158,
            56.812930945131626,
            82.62875855109576,
            19.27156648317707,
            81.06154162014707,
            36.98479241133559,
            47.15188538983252,
            43.19067018594536
        ],
        [
            27.146625936283776,
            18.580710324849893,
            34.33061324712159,
            27.731006472670984,
            53.70803304934657,
            21.248065295869964,
            12.218146956232387,
            21.39418616769774,
            0.0,
            60.80979020289934,
            51.7953080229784,
            38.73955506881488,
            34.469488960706094,
            69.14436429766837,
            21.031083077562418,
            35.81433119419275,
            64.04074287561069,
            49.515345295298324,
            61.53129478367119,
            29.451665547485355,
            60.22233992132197,
            31.61839429845363,
            54.07527442444072,
            27.146625936283776
        ],
        [
            87.37767294502893,
            47.05482345806994,
            92.13192576052502,
            54.56629887940176,
            11.646470618728634,
            81.61503440126167,
            67.4501744220803,
            46.65332772637701,
            60.80979020289934,
            0.0,
            109.8368605872842,
            97.95379034416631,
            37.55204899794109,
            75.45948216090858,
            50.27618039543592,
            69.80452814070473,
            61.456291047656975,
            54.517790848632764,
            118.33706948892028,
            63.43083861215027,
            107.0158567758428,
            83.63641188463242,
            20.52756403568639,
            87.37767294502893
        ],
        [
            35.479077800167815,
            70.14995306279911,
            43.06924693489556,
            59.03315512886004,
            104.44070579659251,
            31.317391774574034,
            42.559069215983946,
            72.67594388250193,
            51.7953080229784,
            109.8368605872842,
            0.0,
            13.515272644984952,
            75.37396592850274,
            81.78788101950245,
            60.29052232184766,
            75.15067084132765,
            86.17001878297911,
            75.48140979364412,
            10.45002527209189,
            72.57389316846782,
            30.249717826945943,
            55.22183732648715,
            97.81075269408477,
            35.479077800167815
        ],
        [
            22.835484659175155,
            56.896758508125444,
            31.81315778053377,
            49.618002630297156,
            91.9699609640485,
            17.886670215901326,
            30.537224627440544,
            59.3452444228818,
            38.73955506881488,
            97.95379034416631,
            13.515272644984952,
            0.0,
            64.94787908756904,
            78.22636578130465,
            49.46460815606105,
            62.007973457716936,
            80.4059301984251,
            68.33375366348747,
            23.868232297764127,
            59.17161792156025,
            35.885179507221714,
            42.90805302814536,
            87.2279904364288,
            22.835484659175155
        ],
        [
            60.716288586153276,
            33.082447219028374,
            68.76064754007577,
            17.26992808975613,
            37.09588389610451,
            51.259019295333786,
            35.39174780727145,
            35.37085454507005,
            34.469488960706094,
            37.55204899794109,
            75.37396592850274,
            64.94787908756904,
            0.0,
            46.32261431646723,
            15.601827386472715,
            61.64454683084686,
            35.85228890287303,
            22.922955726597703,
            82.91115459065627,
            54.06460045612661,
            69.55252592333781,
            65.15254229045196,
            22.438725418418173,
            60.716288586153276
        ],
        [
            87.14503896042433,
            76.56110126108653,
            97.80999605342785,
            41.744293701811046,
            79.78980350809711,
            74.33772164659824,
            61.56101157032704,
            79.41006982008871,
            69.14436429766837,
            75.45948216090858,
            81.78788101950245,
            78.22636578130465,
            46.32261431646723,
            0.0,
            49.85813722859207,
            103.4160363816795,
            14.551993833724707,
            23.40528773696956,
            84.14601642299388,
            96.1415643205547,
            58.91148628678802,
            99.770619750521,
            54.94238619218166,
            87.14503896042433
        ],
        [
            45.77130213549329,
            27.297165142045664,
            54.504281932199916,
            8.614498206637771,
            46.942827500922995,
            35.75252220433575,
            19.828694975141804,
            30.365585899516542,
            21.031083077562418,
            50.27618039543592,
            60.29052232184766,
            49.46460815606105,
            15.601827386472715,
            49.85813722859207,
            0.0,
            53.57701438800477,
            43.31241624875225,
            28.773832015225487,
            68.29088055867591,
            46.28354715351119,
            57.83333416824651,
            52.63847578596467,
            37.76351333486904,
            45.77130213549329
        ],
        [
            39.850090766637855,
            28.631735931920076,
            35.78646214237361,
            61.73797412546641,
            58.77137539280723,
            46.13658144606823,
            47.044393434277744,
            26.775265875962745,
            35.81433119419275,
            69.80452814070473,
            75.15067084132765,
            62.007973457716936,
            61.64454683084686,
            103.4160363816795,
            53.57701438800477,
            0.0,
            96.1882908469311,
            81.85372230595088,
            85.59605465358328,
            7.5824390376123745,
            92.36775465519169,
            22.367861243078956,
            73.53202570261233,
            39.850090766637855
        ],
        [
            85.50470736365672,
            68.1819461509626,
            95.56736742902433,
            36.48704749400878,
            66.54351451155037,
            73.28455384777247,
            58.75017823502473,
            70.75372525023158,
            64.04074287561069,
            61.456291047656975,
            86.17001878297911,
            80.4059301984251,
            35.85228890287303,
            14.551993833724707,
            43.31241624875225,
            96.1882908469311,
            0.0,
            14.544251882947014,
            90.11227795929615,
            88.69668456939922,
            67.2055600024451,
            95.55819599213632,
            40.94342817410748,
            85.50470736365672
        ],
        [
            71.59187811973275,
            54.1232383878178,
            81.43069750795465,
            22.087306245381036,
            57.393234828368534,
            59.68240868604683,
            44.68863106016994,
            56.812930945131626,
            49.515345295298324,
            54.517790848632764,
            75.48140979364412,
            68.33375366348747,
            22.922955726597703,
            23.40528773696956,
            28.773832015225487,
            81.85372230595088,
            14.544251882947014,
            0.0,
            80.61022071432946,
            74.40094904746734,
            60.55597229127915,
            81.06481906094287,
            34.58007055099475,
            71.59187811973275
        ],
        [
            45.884800910528895,
            80.01822057734908,
            53.113155607723996,
            66.06849549879216,
            113.47330725996436,
            41.49088455103533,
            51.63078730758405,
            82.62875855109576,
            61.53129478367119,
            118.33706948892028,
            10.45002527209189,
            23.868232297764127,
            82.91115459065627,
            84.14601642299388,
            68.29088055867591,
            85.59605465358328,
            90.11227795929615,
            80.61022071432946,
            0.0,
            83.00475108875116,
            27.72534053919388,
            65.51413710183546,
            105.29805523360982,
            45.884800910528895
        ],
        [
            38.077463117240605,
            21.05307187026367,
            36.163290663810976,
            54.55269949827605,
            52.690142908617204,
            42.35358206858438,
            41.17098687810375,
            19.27156648317707,
            29.451665547485355,
            63.43083861215027,
            72.57389316846782,
            59.17161792156025,
            54.06460045612661,
            96.1415643205547,
            46.28354715351119,
            7.5824390376123745,
            88.69668456939922,
            74.40094904746734,
            83.00475108875116,
            0.0,
            87.71013180584615,
            23.645948324520482,
            66.23227091114386,
            38.077463117240605
        ],
        [
            56.93895369961605,
            77.96526375732837,
            67.10379524031467,
            52.4551372180552,
            104.73667094512065,
            46.68137512910684,
            48.0907516760882,
            81.06154162014707,
            60.22233992132197,
            107.0158567758428,
            30.249717826945943,
            35.885179507221714,
            69.55252592333781,
            58.91148628678802,
            57.83333416824651,
            92.36775465519169,
            67.2055600024451,
            60.55597229127915,
            27.72534053919388,
            87.71013180584615,
            0.0,
            76.5948005190564,
            90.65597486476675,
            56.93895369961605
        ],
        [
            20.0966096104039,
            36.874368523497715,
            13.525131179680677,
            59.10232693865543,
            73.81410872073174,
            30.402718938857717,
            38.428926261652144,
            36.98479241133559,
            31.61839429845363,
            83.63641188463242,
            55.22183732648715,
            42.90805302814536,
            65.15254229045196,
            99.770619750521,
            52.63847578596467,
            22.367861243078956,
            95.55819599213632,
            81.06481906094287,
            65.51413710183546,
            23.645948324520482,
            76.5948005190564,
            0.0,
            82.24369788277394,
            20.0966096104039
        ],
        [
            81.14671810026978,
            46.14518279630389,
            88.04400066238317,
            39.339732637546945,
            26.74616020721185,
            72.81022133707886,
            57.22084238448445,
            47.15188538983252,
            54.07527442444072,
            20.52756403568639,
            97.81075269408477,
            87.2279904364288,
            22.438725418418173,
            54.94238619218166,
            37.76351333486904,
            73.53202570261233,
            40.94342817410748,
            34.58007055099475,
            105.29805523360982,
            66.23227091114386,
            90.65597486476675,
            82.24369788277394,
            0.0,
            81.14671810026978
        ],
        [
            0.0,
            41.56656764907999,
            11.074188743423798,
            49.82694524458801,
            79.34412981091889,
            12.97522210363499,
            26.94634933652274,
            43.19067018594536,
            27.146625936283776,
            87.37767294502893,
            35.479077800167815,
            22.835484659175155,
            60.716288586153276,
            87.14503896042433,
            45.77130213549329,
            39.850090766637855,
            85.50470736365672,
            71.59187811973275,
            45.884800910528895,
            38.077463117240605,
            56.93895369961605,
            20.0966096104039,
            81.14671810026978,
            0.0
        ]
    ],
    "scores_ave": [
        0,
        16.716255699317223,
        13.859838796304315,
        16.51985252391586,
        12.653787251397539,
        16.443687211064066,
        15.328094757022239,
        14.368328716496233,
        11.28212973550174,
        18.411174539090343,
        19.692111023590435,
        11.229760242369974,
        15.60263139198237,
        19.659393183853393,
        14.354178617155226,
        18.41683212526829,
        11.656539377163295,
        12.070795045315748,
        13.372470766122554,
        12.519958761583116,
        16.27014297047566,
        17.42872144060536,
        17.99703975213839,
        0
    ],
    "scores_var": [
        0,
        23.42788779972154,
        251.8795127389103,
        18.19906281908234,
        235.38144321878988,
        291.61278980979625,
        20.63706201018323,
        317.2170299707435,
        384.11783403512754,
        231.39952927178942,
        245.91943805440002,
        243.99118923413724,
        335.3384706858934,
        294.88413859402215,
        16.33855669491236,
        372.72573266060647,
        20.967096724612766,
        249.66881174549047,
        225.21835571309896,
        358.04688531374006,
        20.787530868561095,
        303.59877551302986,
        21.123489943644383,
        0
    ],
    "vertex_number": 24,
    "minimum_distances": {
        "cost": 456.89522177016795,
        "path": [
            0,
            11,
            10,
            18,
            20,
            5,
            6,
            14,
            3,
            13,
            16,
            17,
            12,
            22,
            9,
            4,
            7,
            1,
            8,
            19,
            15,
            21,
            2,
            23
        ]
    }
}