{
    "vertices": [
        [
            48.59187114120475,
            70.24387206106229
        ],
        [
            51.06779198036089,
            58.13475676871283
        ],
        [
            79.0918199250401,
            89.10227485688382
        ],
        [
            32.536258009540894,
            9.235461604098527
        ],
        [
            27.342313260747673,
            6.658100532820244
        ],
        [
            14.40797377775792,
            59.9233249946088
        ],
        [
            61.63369441077948,
            39.961370305659706
        ],
        [
            4.209639399314435,
            68.34018650465914
        ],
        [
            92.10231007666819,
            52.10251524509996
        ],
        [
            21.962629328105432,
            36.249334674350884
        ],
        [
            33.977269482058915,
            50.44419927333056
        ],
        [
            80.32912232778999,
            14.939440781621293
        ],
        [
            15.28677773734719,
            83.26474702225299
        ],
        [
            22.491788328928507,
            26.76082067774439
        ],
        [
            89.61985472148241,
            3.429577175575249
        ],
        [
            55.924929648688135,
            64.36528039498958
        ],
        [
            9.544673666526881,
            87.90005685358298
        ],
        [
            48.59187114120475,
            70.24387206106229
        ]
    ],
    "distances": [
        [
            0.0,
            12.359646320391985,
            35.859255873846976,
            63.085726274007676,
            67.04247945114122,
            35.70787771214567,
            32.97148869494342,
            44.42304034044174,
            47.14092832646336,
            43.18269435407009,
            24.6092182760191,
            63.76388658184833,
            35.759927731954924,
            50.71479153473809,
            78.40564672080929,
            9.398488551389205,
            42.85352368305468,
            0.0
        ],
        [
            12.359646320391985,
            0.0,
            41.765216613653024,
            52.29300927378083,
            56.68107689258452,
            36.703422823308784,
            21.021661915857372,
            47.95661851511184,
            41.4755302943238,
            36.415411480067505,
            18.741148146651696,
            52.17337229781166,
            43.72410536994179,
            42.43715177208349,
            66.92472051426743,
            7.900076644354549,
            51.089553175253236,
            12.359646320391985
        ],
        [
            35.859255873846976,
            41.765216613653024,
            0.0,
            92.44527140110065,
            97.3398855555842,
            70.96063040496773,
            52.14992470353334,
            77.70717645773105,
            39.2205949128185,
            77.82787228364458,
            59.41186303673712,
            74.17315468085992,
            64.07152362628315,
            84.2022593868512,
            86.31715150923364,
            33.89135140540013,
            69.55753647758445,
            35.859255873846976
        ],
        [
            63.085726274007676,
            52.29300927378083,
            92.44527140110065,
            0.0,
            5.798262855826512,
            53.83209251258345,
            42.31716283803532,
            65.54209202840705,
            73.38732074905184,
            29.00949778518374,
            41.23392504183311,
            48.13203983003609,
            76.01236523871215,
            20.199742122734214,
            57.37809083238086,
            59.885948944308595,
            81.95566787213157,
            63.085726274007676
        ],
        [
            67.04247945114122,
            56.68107689258452,
            97.3398855555842,
            5.798262855826512,
            0.0,
            54.81314874029721,
            47.801742632871445,
            65.87716091193337,
            79.11417076693466,
            30.07627199694167,
            44.28594683387085,
            53.6300525025252,
            77.54943083680814,
            20.679626431329424,
            62.36117007771592,
            64.39786151127167,
            83.16857244146071,
            67.04247945114122
        ],
        [
            35.70787771214567,
            36.703422823308784,
            70.96063040496773,
            53.83209251258345,
            54.81314874029721,
            0.0,
            51.27132068039457,
            13.223070058572226,
            78.08697047565732,
            24.85016374529677,
            21.74422127375851,
            79.80693995538773,
            23.357959642742415,
            34.13355753893473,
            94.06577793083702,
            41.75390511757839,
            28.396288727241117,
            35.70787771214567
        ],
        [
            32.97148869494342,
            21.021661915857372,
            52.14992470353334,
            42.31716283803532,
            47.801742632871445,
            51.27132068039457,
            0.0,
            64.05372200595652,
            32.79853565383879,
            39.844354848859915,
            29.57646941410343,
            31.23485204232735,
            63.4288508503289,
            41.30790871249109,
            46.01952931349526,
            25.06273773467281,
            70.79112762228907,
            32.97148869494342
        ],
        [
            44.42304034044174,
            47.95661851511184,
            77.70717645773105,
            65.54209202840705,
            65.87716091193337,
            13.223070058572226,
            64.05372200595652,
            0.0,
            89.37999511485371,
            36.67412470130069,
            34.732954952422205,
            92.98287651538334,
            18.586164219742496,
            45.4211474101326,
            107.27670802579678,
            51.86782359187298,
            20.274395643250156,
            44.42304034044174
        ],
        [
            47.14092832646336,
            41.4755302943238,
            39.2205949128185,
            73.38732074905184,
            79.11417076693466,
            78.08697047565732,
            32.79853565383879,
            89.37999511485371,
            0.0,
            71.90895736776525,
            58.1486917822508,
            38.983356106784804,
            82.89578214786489,
            74.07986380614963,
            48.73620302106308,
            38.19919192538164,
            89.98459487512385,
            47.14092832646336
        ],
        [
            43.18269435407009,
            36.415411480067505,
            77.82787228364458,
            29.00949778518374,
            30.07627199694167,
            24.85016374529677,
            39.844354848859915,
            36.67412470130069,
            71.90895736776525,
            0.0,
            18.59692875214501,
            62.13500690272449,
            47.48700867295281,
            9.503257710487988,
            75.19731797217673,
            44.09018311179205,
            53.12252558424862,
            43.18269435407009
        ],
        [
            24.6092182760191,
            18.741148146651696,
            59.41186303673712,
            41.23392504183311,
            44.28594683387085,
            21.74422127375851,
            29.57646941410343,
            34.732954952422205,
            58.1486917822508,
            18.59692875214501,
            0.0,
            58.38734569910598,
            37.76933724859935,
            26.32144940957437,
            72.84553509393182,
            25.99031139454959,
            44.72016329752505,
            24.6092182760191
        ],
        [
            63.76388658184833,
            52.17337229781166,
            74.17315468085992,
            48.13203983003609,
            53.6300525025252,
            79.80693995538773,
            31.23485204232735,
            92.98287651538334,
            38.983356106784804,
            62.13500690272449,
            58.38734569910598,
            0.0,
            94.33373766949981,
            59.033060455513585,
            14.791709456347126,
            55.122393288074264,
            101.6547572417503,
            63.76388658184833
        ],
        [
            35.759927731954924,
            43.72410536994179,
            64.07152362628315,
            76.01236523871215,
            77.54943083680814,
            23.357959642742415,
            63.4288508503289,
            18.586164219742496,
            82.89578214786489,
            47.48700867295281,
            37.76933724859935,
            94.33373766949981,
            0.0,
            56.96144195831468,
            109.0828156877941,
            44.81795655275089,
            7.379556652845456,
            35.759927731954924
        ],
        [
            50.71479153473809,
            42.43715177208349,
            84.2022593868512,
            20.199742122734214,
            20.679626431329424,
            34.13355753893473,
            41.30790871249109,
            45.4211474101326,
            74.07986380614963,
            9.503257710487988,
            26.32144940957437,
            59.033060455513585,
            56.96144195831468,
            0.0,
            71.06704032785265,
            50.317693996574754,
            62.495071631660245,
            50.71479153473809
        ],
        [
            78.40564672080929,
            66.92472051426743,
            86.31715150923364,
            57.37809083238086,
            62.36117007771592,
            94.06577793083702,
            46.01952931349526,
            107.27670802579678,
            48.73620302106308,
            75.19731797217673,
            72.84553509393182,
            14.791709456347126,
            109.0828156877941,
            71.06704032785265,
            0.0,
            69.6312279261666,
            116.39285441132813,
            78.40564672080929
        ],
        [
            9.398488551389205,
            7.900076644354549,
            33.89135140540013,
            59.885948944308595,
            64.39786151127167,
            41.75390511757839,
            25.06273773467281,
            51.86782359187298,
            38.19919192538164,
            44.09018311179205,
            25.99031139454959,
            55.122393288074264,
            44.81795655275089,
            50.317693996574754,
            69.6312279261666,
            0.0,
            52.00974762414029,
            9.398488551389205
        ],
        [
            42.85352368305468,
            51.089553175253236,
            69.55753647758445,
            81.95566787213157,
            83.16857244146071,
            28.396288727241117,
            70.79112762228907,
            20.274395643250156,
            89.98459487512385,
            53.12252558424862,
            44.72016329752505,
            101.6547572417503,
            7.379556652845456,
            62.495071631660245,
            116.39285441132813,
            52.00974762414029,
            0.0,
            42.85352368305468
        ],
        [
            0.0,
            12.359646320391985,
            35.859255873846976,
            63.085726274007676,
            67.04247945114122,
            35.70787771214567,
            32.97148869494342,
            44.42304034044174,
            47.14092832646336,
            43.18269435407009,
            24.6092182760191,
            63.76388658184833,
            35.759927731954924,
            50.71479153473809,
            78.40564672080929,
            9.398488551389205,
            42.85352368305468,
            0.0
        ]
    ],
    "scores_ave": [
        0,
        18.423432845829925,
        16.946672573028913,
        11.022640512350247,
        19.98733457987914,
        19.21853472463897,
        18.824618411462108,
        16.929860972485056,
        10.974415589375543,
        12.585216802665059,
        18.195990229669093,
        15.13520829252834,
        19.595581218240433,
        19.953404438434365,
        12.71060647266862,
        18.826120429954873,
        11.1676640515979,
        0
    ],
    "scores_var": [
        0,
        251.10432186757401,
        23.134047877820322,
        18.028570810227592,
        16.04625131955982,
        241.19626898322875,
        24.509443619369506,
        363.7719608488476,
        307.2815258772191,
        289.9125275188013,
        387.41033119750074,
        269.55539741508755,
        21.132666887188833,
        228.53587660851642,
        18.263557707490275,
        20.478890991833232,
        298.1181262594602,
        0
    ],
    "vertex_number": 18,
    "minimum_distances": {
        "cost": 386.8004224601629,
        "path": [
            0,
            15,
            1,
            10,
            12,
            16,
            7,
            5,
            9,
            13,
            4,
            3,
            14,
            11,
            6,
            8,
            2,
            17
        ]
    }
}