{
    "vertices": [
        [
            52.50163506090971,
            52.57015305255388
        ],
        [
            35.19412872029173,
            31.852993856698298
        ],
        [
            36.77282700193722,
            85.36048679050579
        ],
        [
            72.15065214935008,
            4.686856351488955
        ],
        [
            84.2295850077873,
            68.80255703122508
        ],
        [
            60.30363177942356,
            67.73605053279154
        ],
        [
            86.40675132759343,
            41.93376182166365
        ],
        [
            34.106685229677595,
            95.21775871416564
        ],
        [
            3.8167677638196285,
            57.85646810301682
        ],
        [
            75.28208495584943,
            96.55659899772658
        ],
        [
            8.989868545474877,
            97.00036538331787
        ],
        [
            42.56861843155806,
            30.59851145004463
        ],
        [
            75.73476959578387,
            20.618564712182142
        ],
        [
            92.56297982273969,
            61.50689818964834
        ],
        [
            61.254854289609895,
            22.07609196520295
        ],
        [
            8.400678113383908,
            30.42192661626517
        ],
        [
            74.79652520092304,
            68.13525805664045
        ],
        [
            52.50163506090971,
            52.57015305255388
        ]
    ],
    "distances": [
        [
            0.0,
            26.995378509607068,
            36.36758707423776,
            51.75803295628647,
            35.639216416166484,
            17.0550754667571,
            35.534345744278156,
            46.445585882426826,
            48.97102643960021,
            49.535404755623624,
            62.18776079784903,
            24.112607782404865,
            39.50547478246707,
            41.046032180608925,
            31.725488309319633,
            49.35016046539912,
            27.190708342069804,
            0.0
        ],
        [
            26.995378509607068,
            0.0,
            53.53077701963543,
            45.86702138698872,
            61.398258868727176,
            43.79590049646508,
            52.195350339674704,
            63.374095329143806,
            40.75192576396471,
            76.11570635151519,
            70.21996345866961,
            7.480429440224439,
            42.0684675356588,
            64.57971135738065,
            27.83431744798566,
            26.831640815862343,
            53.70989203567182,
            26.995378509607068
        ],
        [
            36.36758707423776,
            53.53077701963543,
            0.0,
            88.08986979427306,
            50.26240064241948,
            29.399311673547846,
            65.95003324854676,
            10.211470106050378,
            42.925201041673155,
            40.10381374280542,
            30.12274147963491,
            55.06782310464926,
            75.5615606315932,
            60.67565278517777,
            67.85487667455573,
            61.832226440367606,
            41.74338426219821,
            36.36758707423776
        ],
        [
            51.75803295628647,
            45.86702138698872,
            88.08986979427306,
            0.0,
            65.24357204086967,
            64.15257421613768,
            39.881929879132485,
            98.19973371443344,
            86.58248881282665,
            91.92309549459021,
            111.85288791633906,
            39.32569883456733,
            16.329887604022638,
            60.375328367935275,
            20.52081689966503,
            68.74847657308001,
            63.50354575252717,
            51.75803295628647
        ],
        [
            35.639216416166484,
            61.398258868727176,
            50.26240064241948,
            65.24357204086967,
            0.0,
            23.94971135519279,
            26.956858296126594,
            56.65746166319893,
            81.15440862908181,
            29.160668762182993,
            80.35005494205043,
            56.52596956120792,
            48.92707844011943,
            11.075744086721764,
            52.06919232270606,
            84.98879874342174,
            9.45663287017952,
            35.639216416166484
        ],
        [
            17.0550754667571,
            43.79590049646508,
            29.399311673547846,
            64.15257421613768,
            23.94971135519279,
            0.0,
            36.70328258995979,
            37.96741093485901,
            57.34432801336192,
            32.48042600364182,
            59.072010469430275,
            41.15492081843339,
            49.580010935485205,
            32.85525643019532,
            45.66986578322506,
            63.923864424148704,
            14.498390475292094,
            17.0550754667571
        ],
        [
            35.534345744278156,
            52.195350339674704,
            65.95003324854676,
            39.881929879132485,
            26.956858296126594,
            36.70328258995979,
            0.0,
            74.66244865182581,
            84.11086707665467,
            55.744170484861414,
            95.00370817771626,
            45.27990499987547,
            23.837550669062576,
            20.518450637515876,
            32.04598222457088,
            78.85093409780805,
            28.65860700843506,
            35.534345744278156
        ],
        [
            46.445585882426826,
            63.374095329143806,
            10.211470106050378,
            98.19973371443344,
            56.65746166319893,
            37.96741093485901,
            74.66244865182581,
            0.0,
            48.097246659442,
            41.19716053218859,
            25.179995371023203,
            65.17094007680646,
            85.42796470557656,
            67.48007479881984,
            78.01747559440116,
            69.70866989924747,
            48.87867550118779,
            46.445585882426826
        ],
        [
            48.97102643960021,
            40.75192576396471,
            42.925201041673155,
            86.58248881282665,
            81.15440862908181,
            57.34432801336192,
            84.11086707665467,
            48.097246659442,
            0.0,
            81.27109998409705,
            39.48424579484737,
            47.37828754893966,
            80.98679174067553,
            88.82125756047475,
            67.67103590390508,
            27.814857552774562,
            71.72014702118751,
            48.97102643960021
        ],
        [
            49.535404755623624,
            76.11570635151519,
            40.10381374280542,
            91.92309549459021,
            29.160668762182993,
            32.48042600364182,
            55.744170484861414,
            41.19716053218859,
            81.27109998409705,
            0.0,
            66.29370170087739,
            73.62499714759662,
            75.93938355383031,
            39.078265751390695,
            75.78990122691606,
            94.05805373401381,
            28.425488371619277,
            49.535404755623624
        ],
        [
            62.18776079784903,
            70.21996345866961,
            30.12274147963491,
            111.85288791633906,
            80.35005494205043,
            59.072010469430275,
            95.00370817771626,
            25.179995371023203,
            39.48424579484737,
            66.29370170087739,
            0.0,
            74.409264542044,
            101.43501017883642,
            90.79785868615065,
            91.35247934274733,
            66.58104575645724,
            71.85896242744288,
            62.18776079784903
        ],
        [
            24.112607782404865,
            7.480429440224439,
            55.06782310464926,
            39.32569883456733,
            56.52596956120792,
            41.15492081843339,
            45.27990499987547,
            65.17094007680646,
            47.37828754893966,
            73.62499714759662,
            74.409264542044,
            0.0,
            34.6351399584129,
            58.77724510179924,
            20.537941581822444,
            34.16839662304673,
            49.47368311074753,
            24.112607782404865
        ],
        [
            39.50547478246707,
            42.0684675356588,
            75.5615606315932,
            16.329887604022638,
            48.92707844011943,
            49.580010935485205,
            23.837550669062576,
            85.42796470557656,
            80.98679174067553,
            75.93938355383031,
            101.43501017883642,
            34.6351399584129,
            0.0,
            44.21588486061433,
            14.553086716132418,
            68.04399885649457,
            47.525955528908376,
            39.50547478246707
        ],
        [
            41.046032180608925,
            64.57971135738065,
            60.67565278517777,
            60.375328367935275,
            11.075744086721764,
            32.85525643019532,
            20.518450637515876,
            67.48007479881984,
            88.82125756047475,
            39.078265751390695,
            90.79785868615065,
            58.77724510179924,
            44.21588486061433,
            0.0,
            50.34865642604553,
            89.71938746299304,
            18.962649191382038,
            41.046032180608925
        ],
        [
            31.725488309319633,
            27.83431744798566,
            67.85487667455573,
            20.52081689966503,
            52.06919232270606,
            45.66986578322506,
            32.04598222457088,
            78.01747559440116,
            67.67103590390508,
            75.78990122691606,
            91.35247934274733,
            20.537941581822444,
            14.553086716132418,
            50.34865642604553,
            0.0,
            53.50903564156624,
            48.00857873452339,
            31.725488309319633
        ],
        [
            49.35016046539912,
            26.831640815862343,
            61.832226440367606,
            68.74847657308001,
            84.98879874342174,
            63.923864424148704,
            78.85093409780805,
            69.70866989924747,
            27.814857552774562,
            94.05805373401381,
            66.58104575645724,
            34.16839662304673,
            68.04399885649457,
            89.71938746299304,
            53.50903564156624,
            0.0,
            76.35904582171963,
            49.35016046539912
        ],
        [
            27.190708342069804,
            53.70989203567182,
            41.74338426219821,
            63.50354575252717,
            9.45663287017952,
            14.498390475292094,
            28.65860700843506,
            48.87867550118779,
            71.72014702118751,
            28.425488371619277,
            71.85896242744288,
            49.47368311074753,
            47.525955528908376,
            18.962649191382038,
            48.00857873452339,
            76.35904582171963,
            0.0,
            27.190708342069804
        ],
        [
            0.0,
            26.995378509607068,
            36.36758707423776,
            51.75803295628647,
            35.639216416166484,
            17.0550754667571,
            35.534345744278156,
            46.445585882426826,
            48.97102643960021,
            49.535404755623624,
            62.18776079784903,
            24.112607782404865,
            39.50547478246707,
            41.046032180608925,
            31.725488309319633,
            49.35016046539912,
            27.190708342069804,
            0.0
        ]
    ],
    "scores_ave": [
        0,
        19.565961563250703,
        15.598300962723211,
        10.365616739125699,
        17.99230486280822,
        19.794562201661577,
        18.042839210707996,
        11.414444019702852,
        16.854782587695077,
        15.976200493957336,
        16.589092723883383,
        12.686431879936187,
        17.27964958770562,
        16.36759347988839,
        17.77424585219033,
        17.02996336372559,
        13.138730290665869,
        0
    ],
    "scores_var": [
        0,
        395.69930820490686,
        18.62349899767126,
        234.44271856879269,
        375.3135111251586,
        307.61976273386045,
        366.8355770081031,
        16.888160484575362,
        327.48395325200045,
        335.72665837055604,
        312.69009799317223,
        17.701140448771255,
        18.289193499062026,
        368.5332023895875,
        23.52634352879551,
        19.249717260367664,
        312.90958705183135,
        0
    ],
    "vertex_number": 18,
    "minimum_distances": {
        "cost": 373.60824034602814,
        "path": [
            0,
            2,
            7,
            10,
            8,
            15,
            1,
            11,
            14,
            3,
            12,
            6,
            13,
            4,
            16,
            9,
            5,
            17
        ]
    }
}