{
    "vertices": [
        [
            91.10832795256381,
            5.4774992591492655
        ],
        [
            46.810122136879265,
            1.3545655250524868
        ],
        [
            49.652220639298925,
            33.889643715601615
        ],
        [
            75.05578855315656,
            0.20050544098859646
        ],
        [
            29.730176777644456,
            57.21500085965808
        ],
        [
            37.91495059711881,
            5.35324717022565
        ],
        [
            71.71664787490303,
            0.2954273224534787
        ],
        [
            43.99887256168555,
            94.86297024961834
        ],
        [
            95.81589661489066,
            9.486467948242383
        ],
        [
            35.49762696204727,
            35.086161726759116
        ],
        [
            59.868734228488854,
            81.5002673454737
        ],
        [
            65.62812270213375,
            46.59784110790398
        ],
        [
            87.1231588514875,
            35.767255436566344
        ],
        [
            68.87989753321094,
            47.788672535629736
        ],
        [
            44.16316405802093,
            43.13849058457364
        ],
        [
            4.326235772448605,
            45.39040877038637
        ],
        [
            4.386385266850301,
            14.56214535880892
        ],
        [
            47.43679841054581,
            92.55063859700124
        ],
        [
            61.34752070916429,
            9.497591241286951
        ],
        [
            76.64917971707966,
            44.04634810847352
        ],
        [
            2.8738085440050853,
            4.818749594578831
        ],
        [
            91.10832795256381,
            5.4774992591492655
        ]
    ],
    "distances": [
        [
            0.0,
            44.48965746175735,
            50.25792262104802,
            16.897653237252445,
            80.27481867630662,
            53.19352247276327,
            20.072148011397186,
            101.03990900338904,
            6.183286558186576,
            63.00176948132081,
            82.1910790995734,
            48.37482168817258,
            30.550792167332578,
            47.79475392697788,
            60.184704707252514,
            95.52053113760525,
            87.19648007769717,
            97.41115996993535,
            30.031097004998486,
            41.190084598817286,
            88.23697845223339,
            0.0
        ],
        [
            44.48965746175735,
            0.0,
            32.658977889128764,
            28.269232850879497,
            58.41329274442676,
            9.752616655093602,
            24.92903524148187,
            93.55065407738866,
            49.67588720103542,
            35.57798658434154,
            81.20259152297419,
            49.00072581849951,
            53.00352965698944,
            51.41207328939639,
            41.867681813672384,
            61.18852907983224,
            44.43212368413763,
            91.19822622669912,
            16.662677607897553,
            52.086060106564084,
            44.07266980112438,
            44.48965746175735
        ],
        [
            50.25792262104802,
            32.658977889128764,
            0.0,
            42.193593120756766,
            30.67507322767903,
            30.85594652312588,
            40.19216744970257,
            61.23485031508188,
            52.21685520128586,
            14.205075766046331,
            48.694441493289936,
            20.413910151732587,
            37.51795085390936,
            23.725230470464354,
            10.755041169524404,
            46.76229785837414,
            49.21938687852019,
            58.702814379953246,
            27.050919903654165,
            28.84431388630264,
            55.07573624703396,
            50.25792262104802
        ],
        [
            16.897653237252445,
            28.269232850879497,
            42.193593120756766,
            0.0,
            72.8358687095165,
            37.496567728325154,
            3.3404895797993843,
            99.62687526238265,
            22.742277511740117,
            52.74331391709507,
            82.7060935166592,
            47.34547117082013,
            37.55815665291588,
            47.98724077624937,
            52.896359197852014,
            83.93328898285394,
            72.11394637635445,
            96.39167863685587,
            16.56358692013121,
            43.87478563620694,
            72.32956806938441,
            16.897653237252445
        ],
        [
            80.27481867630662,
            58.41329274442676,
            30.67507322767903,
            72.8358687095165,
            0.0,
            52.50363814269742,
            70.72977878417387,
            40.26121307865545,
            81.51892553440022,
            22.86807825330517,
            38.70538481277415,
            37.435098541232996,
            61.269569731329284,
            40.26855225745285,
            20.160834887475943,
            28.0210848589618,
            49.614250478253936,
            39.52381236616073,
            57.24165981146452,
            48.73198387211432,
            58.878108506762956,
            80.27481867630662
        ],
        [
            53.19352247276327,
            9.752616655093602,
            30.85594652312588,
            37.496567728325154,
            52.50363814269742,
            0.0,
            34.1780087259554,
            89.71624508538297,
            58.04828217744914,
            29.831018446958783,
            79.24857915005572,
            49.69040588691292,
            57.848592536295634,
            52.531830966546195,
            38.298365387239784,
            52.260655110421304,
            34.770224315551594,
            87.71573779782271,
            23.79623772438131,
            54.74939785728297,
            35.045218276462016,
            53.19352247276327
        ],
        [
            20.072148011397186,
            24.92903524148187,
            40.19216744970257,
            3.3404895797993843,
            70.72977878417387,
            34.1780087259554,
            0.0,
            98.54590424566197,
            25.792421709034954,
            50.221635539643856,
            82.06460321562028,
            46.70100278514929,
            38.67313240776839,
            47.57788870242121,
            50.93841909727091,
            81.08652782755004,
            68.82516622862755,
            95.39672477251665,
            13.86357165265653,
            44.028092622764014,
            68.99128185153059,
            20.072148011397186
        ],
        [
            101.03990900338904,
            93.55065407738866,
            61.23485031508188,
            99.62687526238265,
            40.26121307865545,
            89.71624508538297,
            98.54590424566197,
            0.0,
            99.87067200608641,
            60.37829091589082,
            20.746429529630117,
            52.88995323031061,
            73.15741642014413,
            53.245233673061314,
            51.724740582388534,
            63.414922921400006,
            89.53977679125586,
            4.1432127406104176,
            87.11040997367124,
            60.401751987649085,
            98.99107315223813,
            101.03990900338904
        ],
        [
            6.183286558186576,
            49.67588720103542,
            52.21685520128586,
            22.742277511740117,
            81.51892553440022,
            58.04828217744914,
            25.792421709034954,
            99.87067200608641,
            0.0,
            65.52585730432648,
            80.48717778167536,
            47.83885148708503,
            27.681103316698568,
            46.82528080836598,
            61.647898651192165,
            98.28250611184623,
            91.57029019566104,
            96.12592568413464,
            34.46837770052583,
            39.51896194651843,
            93.05922484958371,
            6.183286558186576
        ],
        [
            63.00176948132081,
            35.57798658434154,
            14.205075766046331,
            52.74331391709507,
            22.86807825330517,
            29.831018446958783,
            50.221635539643856,
            60.37829091589082,
            65.52585730432648,
            0.0,
            52.42346869272954,
            32.254697886007946,
            51.63002451586818,
            35.71735949557099,
            11.82926596184599,
            32.830369108968156,
            37.271230294811176,
            58.691651168179234,
            36.37295624811402,
            42.115736181922244,
            44.50201978958531,
            63.00176948132081
        ],
        [
            82.1910790995734,
            81.20259152297419,
            48.694441493289936,
            82.7060935166592,
            38.70538481277415,
            79.24857915005572,
            82.06460321562028,
            20.746429529630117,
            80.48717778167536,
            52.42346869272954,
            0.0,
            35.37442455870271,
            53.2382572948343,
            34.89516712565607,
            41.45227195984104,
            66.24870580661967,
            86.94252826668114,
            16.633211745722516,
            72.01786011552866,
            41.04119171036947,
            95.54306211526105,
            82.1910790995734
        ],
        [
            48.37482168817258,
            49.00072581849951,
            20.413910151732587,
            47.34547117082013,
            37.435098541232996,
            49.69040588691292,
            46.70100278514929,
            52.88995323031061,
            47.83885148708503,
            32.254697886007946,
            35.37442455870271,
            0.0,
            24.069444635184432,
            3.462963909902385,
            21.741930816667125,
            61.31377686939197,
            69.11465985028637,
            49.42250374632694,
            37.346379926140514,
            11.312551182329788,
            75.38963080647036,
            48.37482168817258
        ],
        [
            30.550792167332578,
            53.00352965698944,
            37.51795085390936,
            37.55815665291588,
            61.269569731329284,
            57.848592536295634,
            38.67313240776839,
            73.15741642014413,
            27.681103316698568,
            51.63002451586818,
            53.2382572948343,
            24.069444635184432,
            0.0,
            21.847907281856077,
            43.58779944275569,
            83.35427734341228,
            85.4109500977792,
            69.2774119622919,
            36.80324413114598,
            13.350940580275159,
            89.75390265099576,
            30.550792167332578
        ],
        [
            47.79475392697788,
            51.41207328939639,
            23.725230470464354,
            47.98724077624937,
            40.26855225745285,
            52.531830966546195,
            47.57788870242121,
            53.245233673061314,
            46.82528080836598,
            35.71735949557099,
            34.89516712565607,
            3.462963909902385,
            21.847907281856077,
            0.0,
            25.150369895122935,
            64.59819591761514,
            72.5493985687216,
            49.633054567131126,
            39.02491008714053,
            8.623615121900446,
            78.76051079831069,
            47.79475392697788
        ],
        [
            60.184704707252514,
            41.867681813672384,
            10.755041169524404,
            52.896359197852014,
            20.160834887475943,
            38.298365387239784,
            50.93841909727091,
            51.724740582388534,
            61.647898651192165,
            11.82926596184599,
            41.45227195984104,
            21.741930816667125,
            43.58779944275569,
            25.150369895122935,
            0.0,
            39.90052619634767,
            48.97754217459067,
            49.52047105062798,
            37.775815307400606,
            32.498698722938286,
            56.33128285689115,
            60.184704707252514
        ],
        [
            95.52053113760525,
            61.18852907983224,
            46.76229785837414,
            83.93328898285394,
            28.0210848589618,
            52.260655110421304,
            81.08652782755004,
            63.414922921400006,
            98.28250611184623,
            32.830369108968156,
            66.24870580661967,
            61.31377686939197,
            83.35427734341228,
            64.59819591761514,
            39.90052619634767,
            0.0,
            30.82832209081905,
            63.89528846693187,
            67.37745384037116,
            72.3354319810226,
            40.597648615798086,
            95.52053113760525
        ],
        [
            87.19648007769717,
            44.43212368413763,
            49.21938687852019,
            72.11394637635445,
            49.614250478253936,
            34.770224315551594,
            68.82516622862755,
            89.53977679125586,
            91.57029019566104,
            37.271230294811176,
            86.94252826668114,
            69.11465985028637,
            85.4109500977792,
            72.5493985687216,
            48.97754217459067,
            30.82832209081905,
            0.0,
            89.08166561872561,
            57.185843171950765,
            78.04633030155505,
            9.860103922419379,
            87.19648007769717
        ],
        [
            97.41115996993535,
            91.19822622669912,
            58.702814379953246,
            96.39167863685587,
            39.52381236616073,
            87.71573779782271,
            95.39672477251665,
            4.1432127406104176,
            96.12592568413464,
            58.691651168179234,
            16.633211745722516,
            49.42250374632694,
            69.2774119622919,
            49.633054567131126,
            49.52047105062798,
            63.89528846693187,
            89.08166561872561,
            0.0,
            84.20995707123832,
            56.6218104390332,
            98.40093705742225,
            97.41115996993535
        ],
        [
            30.031097004998486,
            16.662677607897553,
            27.050919903654165,
            16.56358692013121,
            57.24165981146452,
            23.79623772438131,
            13.86357165265653,
            87.11040997367124,
            34.46837770052583,
            36.37295624811402,
            72.01786011552866,
            37.346379926140514,
            36.80324413114598,
            39.02491008714053,
            37.775815307400606,
            67.37745384037116,
            57.185843171950765,
            84.20995707123832,
            0.0,
            37.78567677655766,
            58.66060495365572,
            30.031097004998486
        ],
        [
            41.190084598817286,
            52.086060106564084,
            28.84431388630264,
            43.87478563620694,
            48.73198387211432,
            54.74939785728297,
            44.028092622764014,
            60.401751987649085,
            39.51896194651843,
            42.115736181922244,
            41.04119171036947,
            11.312551182329788,
            13.350940580275159,
            8.623615121900446,
            32.498698722938286,
            72.3354319810226,
            78.04633030155505,
            56.6218104390332,
            37.78567677655766,
            0.0,
            83.55602836954516,
            41.190084598817286
        ],
        [
            88.23697845223339,
            44.07266980112438,
            55.07573624703396,
            72.32956806938441,
            58.878108506762956,
            35.045218276462016,
            68.99128185153059,
            98.99107315223813,
            93.05922484958371,
            44.50201978958531,
            95.54306211526105,
            75.38963080647036,
            89.75390265099576,
            78.76051079831069,
            56.33128285689115,
            40.597648615798086,
            9.860103922419379,
            98.40093705742225,
            58.66060495365572,
            83.55602836954516,
            0.0,
            88.23697845223339
        ],
        [
            0.0,
            44.48965746175735,
            50.25792262104802,
            16.897653237252445,
            80.27481867630662,
            53.19352247276327,
            20.072148011397186,
            101.03990900338904,
            6.183286558186576,
            63.00176948132081,
            82.1910790995734,
            48.37482168817258,
            30.550792167332578,
            47.79475392697788,
            60.184704707252514,
            95.52053113760525,
            87.19648007769717,
            97.41115996993535,
            30.031097004998486,
            41.190084598817286,
            88.23697845223339,
            0.0
        ]
    ],
    "scores_ave": [
        0,
        10.5667429231076,
        15.534327530683576,
        12.483439375046071,
        15.771022541697057,
        17.932624209678284,
        10.537288169759856,
        16.390447248896294,
        19.61208133640525,
        14.767983625713942,
        12.561468588212305,
        10.947545468111468,
        14.356759080509796,
        16.841204636155762,
        15.269487365971642,
        19.264880568825134,
        15.832402455782294,
        10.28854848528799,
        15.553153944890866,
        11.271827645897893,
        18.267316717501622,
        0
    ],
    "scores_var": [
        0,
        16.766979574306486,
        18.522863626875207,
        328.19016815797136,
        23.993354753568006,
        366.5203894610386,
        232.2666498535447,
        17.690447322853217,
        19.841841977568386,
        23.457568426257467,
        20.977875896889497,
        253.53977308560698,
        287.67641698508714,
        18.68503401881547,
        23.37232322322387,
        239.43836672618016,
        340.84906371247166,
        255.30097967835238,
        305.21796399265,
        18.25977576078867,
        237.37752091396322,
        0
    ],
    "vertex_number": 22,
    "minimum_distances": {
        "cost": 382.8827646596355,
        "path": [
            0,
            8,
            12,
            19,
            13,
            11,
            10,
            17,
            7,
            4,
            15,
            16,
            20,
            9,
            14,
            2,
            5,
            1,
            18,
            6,
            3,
            21
        ]
    }
}