{
    "vertices": [
        [
            85.77033728422177,
            69.27325577474215
        ],
        [
            19.279352187572208,
            15.484112096633474
        ],
        [
            70.39110384703143,
            89.10920735001321
        ],
        [
            5.724745050112712,
            3.38200098886855
        ],
        [
            22.583838256604018,
            81.01579315691403
        ],
        [
            20.99769865193869,
            66.99671119457768
        ],
        [
            78.17559347127722,
            1.9847511284631913
        ],
        [
            34.411657624659455,
            10.413702558730265
        ],
        [
            13.040437186397725,
            75.63917255761648
        ],
        [
            16.353909653920716,
            17.511742274168096
        ],
        [
            88.4306046789142,
            16.083941201476616
        ],
        [
            84.09293638359105,
            73.80513122898255
        ],
        [
            1.8928634490259055,
            48.42297435576823
        ],
        [
            22.36766589430822,
            73.85722912616781
        ],
        [
            82.26292951420662,
            96.0354606841695
        ],
        [
            62.09836973444818,
            76.86339183384668
        ],
        [
            68.64212827916873,
            0.9381118428828383
        ],
        [
            64.54492612611361,
            40.54347918807786
        ],
        [
            86.50901894509913,
            53.969377431466484
        ],
        [
            2.91136702072895,
            70.4208682735185
        ],
        [
            6.930472963749013,
            89.48412108101655
        ],
        [
            94.1659568331249,
            47.45130668357243
        ],
        [
            62.79165964315918,
            44.69354431913213
        ],
        [
            29.36776520004877,
            70.98137417610883
        ],
        [
            85.77033728422177,
            69.27325577474215
        ]
    ],
    "distances": [
        [
            0.0,
            85.52381584533686,
            25.099517844215484,
            103.67716379881429,
            64.26835024752731,
            64.81263280112763,
            67.71575142547385,
            78.11632979833394,
            73.0079671318545,
            86.59038459796177,
            53.2557997535016,
            4.832346108691232,
            86.43011542410652,
            63.568164603549334,
            26.99106372263493,
            24.85904690597072,
            70.44904144066625,
            35.71999638228406,
            15.321695171941602,
            82.8669172080978,
            81.38920863664248,
            23.381272201219662,
            33.647909910912986,
            56.42843083219149,
            0.0
        ],
        [
            85.52381584533686,
            0.0,
            89.62737198405112,
            18.171088792792663,
            65.61494380677895,
            51.541251249820505,
            60.42350522683502,
            15.959189225125446,
            60.477726143237234,
            3.5594238514886563,
            69.15385394955473,
            87.1902630399189,
            37.245921086500864,
            58.45475577996135,
            102.25189862359953,
            74.83905561094917,
            51.46134264524398,
            51.739192717023755,
            77.465758501551,
            57.32327727599422,
            75.02330403130316,
            81.42422910349556,
            52.40717346766826,
            56.40675646966664,
            85.52381584533686
        ],
        [
            25.099517844215484,
            89.62737198405112,
            0.0,
            107.38199043851863,
            48.487503508994195,
            54.11719655516872,
            87.47153337292525,
            86.53035897777956,
            58.911296062194225,
            89.70069877961274,
            75.22042997968107,
            20.54154231741679,
            79.670436755957,
            50.38723481735936,
            13.744570925303949,
            14.789504275599873,
            88.18844027685537,
            48.91633414150692,
            38.65999009069855,
            70.0197750609432,
            63.46173833429016,
            47.96482380292254,
            45.06109935055451,
            44.85011314730354,
            25.099517844215484
        ],
        [
            103.67716379881429,
            18.171088792792663,
            107.38199043851863,
            0.0,
            79.44327982992922,
            65.42243091081134,
            72.46432049028651,
            29.53614362145613,
            72.62656672697929,
            17.681310159723555,
            83.67555498533417,
            105.36123900987842,
            45.20367903658412,
            72.41370447111882,
            120.1780232595312,
            92.61479558128254,
            62.964829123485806,
            69.57578000830348,
            95.31621878822772,
            67.0978749495476,
            86.11056186185525,
            98.81270994189397,
            70.45052415346748,
            71.6147167635121,
            103.67716379881429
        ],
        [
            64.26835024752731,
            65.61494380677895,
            48.487503508994195,
            79.44327982992922,
            0.0,
            14.108525717175134,
            96.62478383909021,
            71.5859798273202,
            10.953746074088325,
            63.808906031312866,
            92.4767108337938,
            61.93030597239319,
            38.60580624585057,
            7.161827243973015,
            61.540103558269635,
            39.73211087598227,
            92.37857502924705,
            58.298722912125235,
            69.41136311621091,
            22.34409447283836,
            17.79720266844462,
            79.0605745749563,
            54.184634918829815,
            12.112441085773721,
            64.26835024752731
        ],
        [
            64.81263280112763,
            51.541251249820505,
            54.11719655516872,
            65.42243091081134,
            14.108525717175134,
            0.0,
            86.57867293744694,
            58.151278245677624,
            11.747772062931826,
            49.702383497293326,
            84.49441971877978,
            63.4615128072016,
            26.645420399907426,
            6.9959643034277414,
            67.79880149771274,
            42.26838712643241,
            81.4477146567773,
            50.952276733010095,
            66.79404547958262,
            18.40761373930251,
            26.524902298843102,
            75.7338553275056,
            47.372633745756964,
            9.270143100091607,
            64.81263280112763
        ],
        [
            67.71575142547385,
            60.42350522683502,
            87.47153337292525,
            72.46432049028651,
            96.62478383909021,
            86.57867293744694,
            0.0,
            44.568254430711974,
            98.32376305003278,
            63.74172922075458,
            17.4342311440373,
            72.06373529678424,
            89.30601030253617,
            90.99548271187287,
            94.13948312934194,
            76.58516799596363,
            9.590746183862045,
            40.89707326753132,
            52.64833664979974,
            101.72613190862583,
            112.83619516017906,
            48.196466618308804,
            45.39500452507131,
            84.51472115869893,
            67.71575142547385
        ],
        [
            78.11632979833394,
            15.959189225125446,
            86.53035897777956,
            29.53614362145613,
            71.5859798273202,
            58.151278245677624,
            44.568254430711974,
            0.0,
            68.63738776786586,
            19.402691297256982,
            54.31572743797206,
            80.54006883519749,
            50.02176243574715,
            64.57661186616964,
            98.08582816053797,
            71.98691014489955,
            35.51776936469229,
            42.6124079384762,
            67.90605179342964,
            67.77262164955793,
            83.70989544645587,
            70.30192311169971,
            44.50316916454647,
            60.77732879899914,
            78.11632979833394
        ],
        [
            73.0079671318545,
            60.477726143237234,
            58.911296062194225,
            72.62656672697929,
            10.953746074088325,
            11.747772062931826,
            98.32376305003278,
            68.63738776786586,
            0.0,
            58.22179360986902,
            96.07550643339347,
            71.07616583470366,
            29.410709695490677,
            9.495921111853908,
            72.16482531964536,
            49.07320509937538,
            93.12248130436738,
            62.32511591669921,
            76.5977318622706,
            11.394242494456426,
            15.133217186627741,
            85.88309333323186,
            58.59023846185169,
            16.978713903830567,
            73.0079671318545
        ],
        [
            86.59038459796177,
            3.5594238514886563,
            89.70069877961274,
            17.681310159723555,
            63.808906031312866,
            49.702383497293326,
            63.74172922075458,
            19.402691297256982,
            58.22179360986902,
            0.0,
            72.09083562859497,
            88.07679252959328,
            34.126619025954625,
            56.66550231585062,
            102.5181605954611,
            74.93446425720187,
            54.85201028836188,
            53.41193662370538,
            79.06262404524571,
            54.59008670500821,
            72.5866686807582,
            83.37321034507167,
            53.80813123009038,
            55.03055489366363,
            86.59038459796177
        ],
        [
            53.2557997535016,
            69.15385394955473,
            75.22042997968107,
            83.67555498533417,
            92.4767108337938,
            84.49441971877978,
            17.4342311440373,
            54.31572743797206,
            96.07550643339347,
            72.09083562859497,
            0.0,
            57.88394548086456,
            92.3828648750702,
            87.761407682921,
            80.18906212525975,
            66.2384194885662,
            24.919469199461783,
            34.187638678997814,
            37.934137265384464,
            101.32147676218288,
            109.68070876839779,
            31.887393772777752,
            38.4169870382391,
            80.63589247047781,
            53.2557997535016
        ],
        [
            4.832346108691232,
            87.1902630399189,
            20.54154231741679,
            105.36123900987842,
            61.93030597239319,
            63.4615128072016,
            72.06373529678424,
            80.54006883519749,
            71.07616583470366,
            88.07679252959328,
            57.88394548086456,
            0.0,
            86.029680215518,
            61.72529247533803,
            22.305525612012524,
            22.20616851261946,
            74.48711288064476,
            38.580593586888504,
            19.982356809438077,
            81.25207960396409,
            78.7392944075488,
            28.21329135614963,
            36.072550272779964,
            54.79797409541397,
            4.832346108691232
        ],
        [
            86.43011542410652,
            37.245921086500864,
            79.670436755957,
            45.20367903658412,
            38.60580624585057,
            26.645420399907426,
            89.30601030253617,
            50.02176243574715,
            29.410709695490677,
            34.126619025954625,
            92.3828648750702,
            86.029680215518,
            0.0,
            32.651475478130116,
            93.41464753288805,
            66.58498579568378,
            81.91627752304281,
            63.14560477017686,
            84.79773792981601,
            22.02145967782712,
            41.36901352480138,
            92.27820924105453,
            61.01288410075978,
            35.54928450310501,
            86.43011542410652
        ],
        [
            63.568164603549334,
            58.45475577996135,
            50.38723481735936,
            72.41370447111882,
            7.161827243973015,
            6.9959643034277414,
            90.99548271187287,
            64.57661186616964,
            9.495921111853908,
            56.66550231585062,
            87.761407682921,
            61.72529247533803,
            32.651475478130116,
            0.0,
            63.86952762575802,
            39.8442698748258,
            86.36274390257259,
            53.746880984844324,
            67.15385183454958,
            19.757432570242084,
            21.966034638592,
            76.5001132141602,
            49.84596053975954,
            7.567822142730895,
            63.568164603549334
        ],
        [
            26.99106372263493,
            102.25189862359953,
            13.744570925303949,
            120.1780232595312,
            61.540103558269635,
            67.79880149771274,
            94.13948312934194,
            98.08582816053797,
            72.16482531964536,
            102.5181605954611,
            80.18906212525975,
            22.305525612012524,
            93.41464753288805,
            63.86952762575802,
            0.0,
            27.824048862682982,
            96.06785093321166,
            58.251932623931474,
            42.279837223888144,
            83.3833185626482,
            75.61679086368598,
            50.02101637620577,
            54.91013318528422,
            58.528673815277465,
            26.99106372263493
        ],
        [
            24.85904690597072,
            74.83905561094917,
            14.789504275599873,
            92.61479558128254,
            39.73211087598227,
            42.26838712643241,
            76.58516799596363,
            71.98691014489955,
            49.07320509937538,
            74.93446425720187,
            66.2384194885662,
            22.20616851261946,
            66.58498579568378,
            39.8442698748258,
            27.824048862682982,
            0.0,
            76.20675112874093,
            36.40222098682821,
            33.46663547986032,
            59.536605547001,
            56.59310594792345,
            43.513226669809264,
            32.17731716625092,
            33.25493354245632,
            24.85904690597072
        ],
        [
            70.44904144066625,
            51.46134264524398,
            88.18844027685537,
            62.964829123485806,
            92.37857502924705,
            81.4477146567773,
            9.590746183862045,
            35.51776936469229,
            93.12248130436738,
            54.85201028836188,
            24.919469199461783,
            74.48711288064476,
            81.91627752304281,
            86.36274390257259,
            96.06785093321166,
            76.20675112874093,
            0.0,
            39.816732513239195,
            55.96017255151387,
            95.64719764223649,
            107.92925531925454,
            53.056037529575285,
            44.144828173236135,
            80.30276579017473,
            70.44904144066625
        ],
        [
            35.71999638228406,
            51.739192717023755,
            48.91633414150692,
            69.57578000830348,
            58.298722912125235,
            50.952276733010095,
            40.89707326753132,
            42.6124079384762,
            62.32511591669921,
            53.41193662370538,
            34.187638678997814,
            38.580593586888504,
            63.14560477017686,
            53.746880984844324,
            58.251932623931474,
            36.40222098682821,
            39.816732513239195,
            0.0,
            25.74249632422693,
            68.49345944365601,
            75.59505038090238,
            30.415843582797706,
            4.505217414536604,
            46.517718152556284,
            35.71999638228406
        ],
        [
            15.321695171941602,
            77.465758501551,
            38.65999009069855,
            95.31621878822772,
            69.41136311621091,
            66.79404547958262,
            52.64833664979974,
            67.90605179342964,
            76.5977318622706,
            79.06262404524571,
            37.934137265384464,
            19.982356809438077,
            84.79773792981601,
            67.15385183454958,
            42.279837223888144,
            33.46663547986032,
            55.96017255151387,
            25.74249632422693,
            0.0,
            85.20105021767205,
            87.14380068024984,
            10.05554295379601,
            25.466727551556282,
            59.61988689016404,
            15.321695171941602
        ],
        [
            82.8669172080978,
            57.32327727599422,
            70.0197750609432,
            67.0978749495476,
            22.34409447283836,
            18.40761373930251,
            101.72613190862583,
            67.77262164955793,
            11.394242494456426,
            54.59008670500821,
            101.32147676218288,
            81.25207960396409,
            22.02145967782712,
            19.757432570242084,
            83.3833185626482,
            59.536605547001,
            95.64719764223649,
            68.49345944365601,
            85.20105021767205,
            0.0,
            19.482320708370494,
            94.10101445501512,
            65.17318959819147,
            26.46233495913684,
            82.8669172080978
        ],
        [
            81.38920863664248,
            75.02330403130316,
            63.46173833429016,
            86.11056186185525,
            17.79720266844462,
            26.524902298843102,
            112.83619516017906,
            83.70989544645587,
            15.133217186627741,
            72.5866686807582,
            109.68070876839779,
            78.7392944075488,
            41.36901352480138,
            21.966034638592,
            75.61679086368598,
            56.59310594792345,
            107.92925531925454,
            75.59505038090238,
            87.14380068024984,
            19.482320708370494,
            0.0,
            96.83381192586671,
            71.60075379417574,
            29.082361078911553,
            81.38920863664248
        ],
        [
            23.381272201219662,
            81.42422910349556,
            47.96482380292254,
            98.81270994189397,
            79.0605745749563,
            75.7338553275056,
            48.196466618308804,
            70.30192311169971,
            85.88309333323186,
            83.37321034507167,
            31.887393772777752,
            28.21329135614963,
            92.27820924105453,
            76.5001132141602,
            50.02101637620577,
            43.513226669809264,
            53.056037529575285,
            30.415843582797706,
            10.05554295379601,
            94.10101445501512,
            96.83381192586671,
            0.0,
            31.495265952568396,
            68.9381586287317,
            23.381272201219662
        ],
        [
            33.647909910912986,
            52.40717346766826,
            45.06109935055451,
            70.45052415346748,
            54.184634918829815,
            47.372633745756964,
            45.39500452507131,
            44.50316916454647,
            58.59023846185169,
            53.80813123009038,
            38.4169870382391,
            36.072550272779964,
            61.01288410075978,
            49.84596053975954,
            54.91013318528422,
            32.17731716625092,
            44.144828173236135,
            4.505217414536604,
            25.466727551556282,
            65.17318959819147,
            71.60075379417574,
            31.495265952568396,
            0.0,
            42.52301398458889,
            33.647909910912986
        ],
        [
            56.42843083219149,
            56.40675646966664,
            44.85011314730354,
            71.6147167635121,
            12.112441085773721,
            9.270143100091607,
            84.51472115869893,
            60.77732879899914,
            16.978713903830567,
            55.03055489366363,
            80.63589247047781,
            54.79797409541397,
            35.54928450310501,
            7.567822142730895,
            58.528673815277465,
            33.25493354245632,
            80.30276579017473,
            46.517718152556284,
            59.61988689016404,
            26.46233495913684,
            29.082361078911553,
            68.9381586287317,
            42.52301398458889,
            0.0,
            56.42843083219149
        ],
        [
            0.0,
            85.52381584533686,
            25.099517844215484,
            103.67716379881429,
            64.26835024752731,
            64.81263280112763,
            67.71575142547385,
            78.11632979833394,
            73.0079671318545,
            86.59038459796177,
            53.2557997535016,
            4.832346108691232,
            86.43011542410652,
            63.568164603549334,
            26.99106372263493,
            24.85904690597072,
            70.44904144066625,
            35.71999638228406,
            15.321695171941602,
            82.8669172080978,
            81.38920863664248,
            23.381272201219662,
            33.647909910912986,
            56.42843083219149,
            0.0
        ]
    ],
    "scores_ave": [
        0,
        16.05299798571364,
        12.347506367143938,
        12.1152146956363,
        10.537734416797628,
        13.335953184546876,
        14.52957694273202,
        10.440118257081927,
        14.252831725904013,
        18.45526295718065,
        17.45748055800199,
        14.586367684767888,
        17.10763884907393,
        15.668561575088262,
        11.809458196975859,
        12.044458267456525,
        15.524999401351291,
        10.27648802705006,
        12.933604239509759,
        17.182861503270296,
        10.349377955143556,
        15.933456548956888,
        14.430006406222475,
        10.34368447117705,
        0
    ],
    "scores_var": [
        0,
        20.732364681989246,
        23.610761532814095,
        20.113415443354334,
        23.805686878992883,
        318.5511442678628,
        21.872263238572653,
        384.1288836655445,
        272.72606824046136,
        20.61090156899634,
        16.34860167872724,
        21.576905548464573,
        23.22781138405338,
        21.60429689697496,
        298.381363263298,
        314.93267682538476,
        20.809548937164806,
        21.02366609428324,
        314.1912683793604,
        331.3265124826395,
        22.125914255404716,
        16.78611102143959,
        245.88643681961193,
        383.2533294941228,
        0
    ],
    "vertex_number": 25,
    "minimum_distances": {
        "cost": 422.2023192950363,
        "path": [
            0,
            11,
            14,
            2,
            15,
            23,
            5,
            13,
            4,
            20,
            8,
            19,
            12,
            9,
            1,
            3,
            7,
            16,
            6,
            10,
            17,
            22,
            21,
            18,
            24
        ]
    }
}