{
    "vertices": [
        [
            52.16933784687091,
            49.54370529192097
        ],
        [
            11.411834661961773,
            42.91205789245074
        ],
        [
            85.46525482803075,
            15.605591983397005
        ],
        [
            90.85555099333821,
            22.95097036558058
        ],
        [
            41.55002010995298,
            23.509270532212213
        ],
        [
            68.7666631387295,
            65.81061139997014
        ],
        [
            36.108366295661476,
            18.715853896984214
        ],
        [
            55.588369233754776,
            39.85476091489525
        ],
        [
            73.38504946460543,
            28.687235726747506
        ],
        [
            87.86861113090539,
            91.54575837430164
        ],
        [
            54.31047662141077,
            42.725639134014614
        ],
        [
            99.67151810614202,
            34.472099151403846
        ],
        [
            20.606340497309773,
            52.44443293748914
        ],
        [
            12.063114632006256,
            72.16944115850926
        ],
        [
            65.26373492712031,
            25.632900460911333
        ],
        [
            89.02169571981568,
            65.69944571156356
        ],
        [
            78.1642977374638,
            11.941314373739708
        ],
        [
            4.236329808638006,
            43.80175484129721
        ],
        [
            52.16933784687091,
            49.54370529192097
        ]
    ],
    "distances": [
        [
            0.0,
            41.29349601449094,
            47.543807404944964,
            46.9446124542157,
            28.11692910783735,
            23.23969537605552,
            34.7607714068181,
            10.27450333425394,
            29.750609105863404,
            55.12359364322415,
            7.146362808130163,
            49.83583490861931,
            31.696009568432537,
            46.04816026797562,
            27.26150807570773,
            40.23809425535046,
            45.71299314721421,
            48.27570045655183,
            0.0
        ],
        [
            41.29349601449094,
            0.0,
            78.92751179870467,
            81.91305805422954,
            35.84380531478404,
            61.75694375805991,
            34.57419503798405,
            44.28220039227716,
            63.58478527620025,
            90.6138813349279,
            42.89904700478199,
            88.66230667661132,
            13.244059481726865,
            29.26463123253772,
            56.55613533218571,
            80.88606540707762,
            73.58721547081423,
            7.230451615276853,
            41.29349601449094
        ],
        [
            47.543807404944964,
            78.92751179870467,
            0.0,
            9.11097559689291,
            44.62080204284617,
            52.90923302245541,
            49.454789199508646,
            38.4792214926679,
            17.806200174390693,
            75.97818761326734,
            41.30517113577192,
            23.61700677578482,
            74.59074319914436,
            92.66791903815302,
            22.553233063357265,
            50.219940792037036,
            8.168898630717342,
            85.9834976010825,
            47.543807404944964
        ],
        [
            46.9446124542157,
            81.91305805422954,
            9.11097559689291,
            0.0,
            49.308691675692586,
            48.21688289645246,
            54.910749802057026,
            39.108979073846896,
            18.38812562386874,
            68.65978991886861,
            41.55213575438678,
            14.507159771421962,
            76.18934249483902,
            92.90159253182325,
            25.73196064436928,
            42.78779229605497,
            16.801203357599736,
            89.09346043283314,
            46.9446124542157
        ],
        [
            28.11692910783735,
            35.84380531478404,
            44.62080204284617,
            49.308691675692586,
            0.0,
            50.30058744156072,
            7.251788694761714,
            21.54646843387868,
            32.25337838998268,
            82.30659482722533,
            23.067251085058718,
            59.14636202383688,
            35.71948122715107,
            56.8971862225691,
            23.808613451942303,
            63.51039967495392,
            38.39821526931663,
            42.474656011990355,
            28.11692910783735
        ],
        [
            23.23969537605552,
            61.75694375805991,
            52.90923302245541,
            48.21688289645246,
            50.30058744156072,
            0.0,
            57.31038768805352,
            29.10968231790681,
            37.40955110169402,
            32.049683413198274,
            27.23779126771192,
            44.01377523583204,
            49.980710315245986,
            57.05897939108619,
            40.33012475009535,
            20.255337634093927,
            54.682873901721436,
            68.18030277663013,
            23.23969537605552
        ],
        [
            34.7607714068181,
            34.57419503798405,
            49.454789199508646,
            54.910749802057026,
            7.251788694761714,
            57.31038768805352,
            0.0,
            28.74585021146552,
            38.587297957653924,
            89.34941483624598,
            30.12949729814741,
            65.48689588459371,
            37.120477474627805,
            58.61279824998962,
            29.96466340881856,
            70.76212497196555,
            42.59807220038929,
            40.560191518507885,
            34.7607714068181
        ],
        [
            10.27450333425394,
            44.28220039227716,
            38.4792214926679,
            39.108979073846896,
            21.54646843387868,
            29.10968231790681,
            28.74585021146552,
            0.0,
            21.0103652054662,
            60.94237635083584,
            3.1424435202080154,
            44.41055124815733,
            37.17851767020771,
            54.209651791853894,
            17.20098881090696,
            42.257958447642494,
            35.900320968071156,
            51.50350196029199,
            10.27450333425394
        ],
        [
            29.750609105863404,
            63.58478527620025,
            17.806200174390693,
            18.38812562386874,
            32.25337838998268,
            37.40955110169402,
            38.587297957653924,
            21.0103652054662,
            0.0,
            64.5055612174221,
            23.683667354856762,
            26.9154802759381,
            57.8791546203343,
            75.1736781115802,
            8.6766764220465,
            40.17970126905747,
            17.414565628081057,
            70.78131192711578,
            29.750609105863404
        ],
        [
            55.12359364322415,
            90.6138813349279,
            75.97818761326734,
            68.65978991886861,
            82.30659482722533,
            32.049683413198274,
            89.34941483624598,
            60.94237635083584,
            64.5055612174221,
            0.0,
            59.24147562639858,
            58.281310813652404,
            77.80184253411085,
            78.24266718544058,
            69.68131217549816,
            25.87202122620491,
            80.19377284475853,
            96.3008221799088,
            55.12359364322415
        ],
        [
            7.146362808130163,
            42.89904700478199,
            41.30517113577192,
            41.55213575438678,
            23.067251085058718,
            27.23779126771192,
            30.12949729814741,
            3.1424435202080154,
            23.683667354856762,
            59.24147562639858,
            0.0,
            46.10580231190065,
            35.07739649498498,
            51.49540826832443,
            20.30112269946161,
            41.625287025558166,
            38.94456871994774,
            50.08570858081755,
            7.146362808130163
        ],
        [
            49.83583490861931,
            88.66230667661132,
            23.61700677578482,
            14.507159771421962,
            59.14636202383688,
            44.01377523583204,
            65.48689588459371,
            44.41055124815733,
            26.9154802759381,
            58.281310813652404,
            46.10580231190065,
            0.0,
            81.08210093500692,
            95.37463999244052,
            35.52501902581579,
            32.99342192087108,
            31.147982128611627,
            95.89013317683944,
            49.83583490861931
        ],
        [
            31.696009568432537,
            13.244059481726865,
            74.59074319914436,
            76.18934249483902,
            35.71948122715107,
            49.980710315245986,
            37.120477474627805,
            37.17851767020771,
            57.8791546203343,
            77.80184253411085,
            35.07739649498498,
            81.08210093500692,
            0.0,
            21.49564275626347,
            52.08782152290744,
            69.68756125638593,
            70.38054457766395,
            18.511432538342994,
            31.696009568432537
        ],
        [
            46.04816026797562,
            29.26463123253772,
            92.66791903815302,
            92.90159253182325,
            56.8971862225691,
            57.05897939108619,
            58.61279824998962,
            54.209651791853894,
            75.1736781115802,
            78.24266718544058,
            51.49540826832443,
            95.37463999244052,
            21.49564275626347,
            0.0,
            70.68207424718159,
            77.23007214895267,
            89.42479334023368,
            29.427609275356488,
            46.04816026797562
        ],
        [
            27.26150807570773,
            56.55613533218571,
            22.553233063357265,
            25.73196064436928,
            23.808613451942303,
            40.33012475009535,
            29.96466340881856,
            17.20098881090696,
            8.6766764220465,
            69.68131217549816,
            20.30112269946161,
            35.52501902581579,
            52.08782152290744,
            70.68207424718159,
            0.0,
            46.58077660741406,
            18.811806144175765,
            63.67457455681214,
            27.26150807570773
        ],
        [
            40.23809425535046,
            80.88606540707762,
            50.219940792037036,
            42.78779229605497,
            63.51039967495392,
            20.255337634093927,
            70.76212497196555,
            42.257958447642494,
            40.17970126905747,
            25.87202122620491,
            41.625287025558166,
            32.99342192087108,
            69.68756125638593,
            77.23007214895267,
            46.58077660741406,
            0.0,
            54.84359375425627,
            87.56750046759377,
            40.23809425535046
        ],
        [
            45.71299314721421,
            73.58721547081423,
            8.168898630717342,
            16.801203357599736,
            38.39821526931663,
            54.682873901721436,
            42.59807220038929,
            35.900320968071156,
            17.414565628081057,
            80.19377284475853,
            38.94456871994774,
            31.147982128611627,
            70.38054457766395,
            89.42479334023368,
            18.811806144175765,
            54.84359375425627,
            0.0,
            80.50113110306134,
            45.71299314721421
        ],
        [
            48.27570045655183,
            7.230451615276853,
            85.9834976010825,
            89.09346043283314,
            42.474656011990355,
            68.18030277663013,
            40.560191518507885,
            51.50350196029199,
            70.78131192711578,
            96.3008221799088,
            50.08570858081755,
            95.89013317683944,
            18.511432538342994,
            29.427609275356488,
            63.67457455681214,
            87.56750046759377,
            80.50113110306134,
            0.0,
            48.27570045655183
        ],
        [
            0.0,
            41.29349601449094,
            47.543807404944964,
            46.9446124542157,
            28.11692910783735,
            23.23969537605552,
            34.7607714068181,
            10.27450333425394,
            29.750609105863404,
            55.12359364322415,
            7.146362808130163,
            49.83583490861931,
            31.696009568432537,
            46.04816026797562,
            27.26150807570773,
            40.23809425535046,
            45.71299314721421,
            48.27570045655183,
            0.0
        ]
    ],
    "scores_ave": [
        0,
        16.843887918483254,
        12.736158818079218,
        12.438029775831666,
        17.36897623876173,
        15.053957259446191,
        15.387020789237512,
        12.067812888912226,
        13.72554033738774,
        13.557996925930219,
        19.839690026789615,
        10.107054746383767,
        19.900032308211593,
        19.902284600716264,
        15.504726355877382,
        11.650264955787605,
        10.644827875033823,
        18.17160460910639,
        0
    ],
    "scores_var": [
        0,
        323.8290596818265,
        16.5536497473939,
        16.045252496332637,
        21.807800047067104,
        20.37160551096564,
        22.890697557356233,
        305.1260619563329,
        331.3334718518439,
        304.5271991303406,
        358.8753380026833,
        399.7738289594475,
        253.1698047911914,
        24.013533986989728,
        248.22491943652489,
        263.9646872888884,
        19.469414895132378,
        19.60554951581001,
        0
    ],
    "vertex_number": 19,
    "minimum_distances": {
        "cost": 343.2887228156203,
        "path": [
            0,
            5,
            9,
            15,
            11,
            3,
            2,
            16,
            8,
            14,
            4,
            6,
            1,
            17,
            13,
            12,
            7,
            10,
            18
        ]
    }
}