{
    "vertices": [
        [
            25.837431491010232,
            20.42363063564896
        ],
        [
            3.975534644634793,
            33.96986262974882
        ],
        [
            10.855301055410504,
            94.33115438282564
        ],
        [
            91.79577881461844,
            76.7127270727567
        ],
        [
            62.3854721090222,
            90.39992398296174
        ],
        [
            96.79157381300826,
            50.62733015763802
        ],
        [
            10.900874484411982,
            16.8556102292017
        ],
        [
            0.2336879064077868,
            71.58060969259853
        ],
        [
            33.63829037020001,
            2.34788741708295
        ],
        [
            47.912707775397514,
            65.88109158802575
        ],
        [
            6.842089859834866,
            61.43474954598097
        ],
        [
            19.425944410025608,
            82.11304370540596
        ],
        [
            15.864784340955772,
            55.14267274539931
        ],
        [
            42.460863294115235,
            17.359865668854326
        ],
        [
            65.450294937804,
            93.16294366368088
        ],
        [
            68.23413495927431,
            30.694165730924727
        ],
        [
            73.10378466019456,
            84.75163284573267
        ],
        [
            23.960302402560384,
            34.43380182027076
        ],
        [
            60.43729628602473,
            7.4313307515178835
        ],
        [
            81.52958240780859,
            2.2622642146821526
        ],
        [
            25.837431491010232,
            20.42363063564896
        ]
    ],
    "distances": [
        [
            0.0,
            25.718532908382137,
            75.41078370384973,
            86.711971257536,
            78.94580991822824,
            77.11519809651631,
            15.356806465935009,
            57.206539764079835,
            19.687201227106126,
            50.53413281405838,
            45.19662463019176,
            62.021696618850555,
            36.12292314027351,
            16.903406185862096,
            82.82624348746201,
            43.62297967951303,
            79.8260609716814,
            14.135363816934872,
            36.95876756755392,
            58.578587419090816,
            0.0
        ],
        [
            25.718532908382137,
            0.0,
            60.75209237521699,
            97.66958455357991,
            81.21620908981791,
            94.29893080702304,
            18.46233915640263,
            37.796424588022056,
            43.35698782878034,
            54.30287024044116,
            27.614075253812334,
            50.56165588666965,
            24.282548188665462,
            41.91673317780674,
            85.34030112082017,
            64.34203839302542,
            85.77588901598587,
            19.9901521232512,
            62.38769271179222,
            83.78545292414299,
            25.718532908382137
        ],
        [
            75.41078370384973,
            60.75209237521699,
            0.0,
            82.83580096050872,
            51.67991003544119,
            96.41092898304804,
            77.47555755744881,
            25.107886203125275,
            94.76278807532472,
            46.718919784586156,
            33.140297453249744,
            14.924414763657737,
            39.507366602129515,
            83.20751679213944,
            54.60749099988855,
            85.68545328612878,
            62.98127455025578,
            61.31422269189915,
            100.04975561290016,
            116.06694008834555,
            75.41078370384973
        ],
        [
            86.711971257536,
            97.66958455357991,
            82.83580096050872,
            0.0,
            32.43925861939457,
            26.559478531876714,
            100.63230089497235,
            91.70580745125771,
            94.40562927694901,
            45.20009127321972,
            86.31654455742989,
            72.57104347796755,
            78.93531000410742,
            77.17963491910307,
            31.059525859095253,
            51.69970066777978,
            20.347349987057353,
            79.93221741298173,
            76.04778959783566,
            75.15494799708623,
            86.711971257536
        ],
        [
            78.94580991822824,
            81.21620908981791,
            51.67991003544119,
            32.43925861939457,
            0.0,
            52.58934354086586,
            89.7743275000126,
            64.9385160742669,
            92.62592294451768,
            28.47163587621198,
            62.64222730590016,
            43.75149602991192,
            58.37163827787022,
            75.70891727501642,
            4.12642905280866,
            59.991536282934156,
            12.115503155689382,
            67.88741044479191,
            82.99146252381689,
            90.19281583674561,
            78.94580991822824
        ],
        [
            77.11519809651631,
            94.29893080702304,
            96.41092898304804,
            26.559478531876714,
            52.58934354086586,
            0.0,
            92.29161011749699,
            98.8051883962693,
            79.49365887255546,
            51.20371844795924,
            90.59641260711004,
            83.52718581714429,
            81.05265925889636,
            63.70675238151947,
            52.83516043193945,
            34.826116033045395,
            41.54009375166192,
            74.60981473824631,
            56.458195677886046,
            50.71595395256662,
            77.11519809651631
        ],
        [
            15.356806465935009,
            18.46233915640263,
            77.47555755744881,
            100.63230089497235,
            89.7743275000126,
            92.29161011749699,
            0.0,
            55.75494987674848,
            26.971542454160026,
            61.42779196767624,
            44.763527506816516,
            65.81192476396528,
            38.607506487509866,
            31.564016968963468,
            93.80004481705606,
            58.97972850948603,
            92.08187618354093,
            21.898435495752768,
            50.424935583308255,
            72.12059435991885,
            15.356806465935009
        ],
        [
            57.206539764079835,
            37.796424588022056,
            25.107886203125275,
            91.70580745125771,
            64.9385160742669,
            98.8051883962693,
            55.75494987674848,
            0.0,
            76.87026277724479,
            48.01846980373146,
            12.108239116105253,
            21.892347428606264,
            22.68340686110082,
            68.72425644350471,
            68.69499961661616,
            79.34583857532037,
            74.05083964282001,
            44.07763118127687,
            87.9750217424631,
            106.83658307236647,
            57.206539764079835
        ],
        [
            19.687201227106126,
            43.35698782878034,
            94.76278807532472,
            94.40562927694901,
            92.62592294451768,
            79.49365887255546,
            26.971542454160026,
            76.87026277724479,
            0.0,
            65.11702561146747,
            64.87906933696796,
            81.02142269420034,
            55.706255254096824,
            17.4125610990876,
            96.22566225119994,
            44.725652114610455,
            91.3668566835004,
            33.51371889525948,
            27.27687874759169,
            47.89136857894437,
            19.687201227106126
        ],
        [
            50.53413281405838,
            54.30287024044116,
            46.718919784586156,
            45.20009127321972,
            28.47163587621198,
            51.20371844795924,
            61.42779196767624,
            48.01846980373146,
            65.11702561146747,
            0.0,
            41.3105992878461,
            32.78676496050836,
            33.79915732232854,
            48.82654987757543,
            32.4324901319176,
            40.633485625315636,
            31.475191531976023,
            39.530364998085524,
            59.77658286658334,
            71.95449573453028,
            50.53413281405838
        ],
        [
            45.19662463019176,
            27.614075253812334,
            33.140297453249744,
            86.31654455742989,
            62.64222730590016,
            90.59641260711004,
            44.763527506816516,
            12.108239116105253,
            64.87906933696796,
            41.3105992878461,
            0.0,
            24.20630588677392,
            10.999965734676977,
            56.66826633791434,
            66.64532995215595,
            68.65833303235745,
            70.24449618746122,
            31.970054406341895,
            76.08426508389282,
            95.28695904155197,
            45.19662463019176
        ],
        [
            62.021696618850555,
            50.56165588666965,
            14.924414763657737,
            72.57104347796755,
            43.75149602991192,
            83.52718581714429,
            65.81192476396528,
            21.892347428606264,
            81.02142269420034,
            32.78676496050836,
            24.20630588677392,
            0.0,
            27.204462331718805,
            68.72831697219088,
            47.33224197723682,
            70.89527824084169,
            53.74265239615653,
            47.894368240386,
            85.20146261904165,
            101.15833548371519,
            62.021696618850555
        ],
        [
            36.12292314027351,
            24.282548188665462,
            39.507366602129515,
            78.93531000410742,
            58.37163827787022,
            81.05265925889636,
            38.607506487509866,
            22.68340686110082,
            55.706255254096824,
            33.79915732232854,
            10.999965734676977,
            27.204462331718805,
            0.0,
            46.20489071804098,
            62.48410887457447,
            57.79514148629791,
            64.44372487503304,
            22.23498926645572,
            65.29227347818751,
            84.31016137771356,
            36.12292314027351
        ],
        [
            16.903406185862096,
            41.91673317780674,
            83.20751679213944,
            77.17963491910307,
            75.70891727501642,
            63.70675238151947,
            31.564016968963468,
            68.72425644350471,
            17.4125610990876,
            48.82654987757543,
            56.66826633791434,
            68.72831697219088,
            46.20489071804098,
            0.0,
            79.21250280599394,
            29.018357818309127,
            74.03133737188799,
            25.175187169210357,
            20.536015892022025,
            41.884393070136404,
            16.903406185862096
        ],
        [
            82.82624348746201,
            85.34030112082017,
            54.60749099988855,
            31.059525859095253,
            4.12642905280866,
            52.83516043193945,
            93.80004481705606,
            68.69499961661616,
            96.22566225119994,
            32.4324901319176,
            66.64532995215595,
            47.33224197723682,
            62.48410887457447,
            79.21250280599394,
            0.0,
            62.53077627598383,
            11.372161386775623,
            71.9064084921362,
            85.87805079299189,
            92.31184653029462,
            82.82624348746201
        ],
        [
            43.62297967951303,
            64.34203839302542,
            85.68545328612878,
            51.69970066777978,
            59.991536282934156,
            34.826116033045395,
            58.97972850948603,
            79.34583857532037,
            44.725652114610455,
            40.633485625315636,
            68.65833303235745,
            70.89527824084169,
            57.79514148629791,
            29.018357818309127,
            62.53077627598383,
            0.0,
            54.27635985471221,
            44.43148801627829,
            24.534673109210054,
            31.386970970229882,
            43.62297967951303
        ],
        [
            79.8260609716814,
            85.77588901598587,
            62.98127455025578,
            20.347349987057353,
            12.115503155689382,
            41.54009375166192,
            92.08187618354093,
            74.05083964282001,
            91.3668566835004,
            31.475191531976023,
            70.24449618746122,
            53.74265239615653,
            64.44372487503304,
            74.03133737188799,
            11.372161386775623,
            54.27635985471221,
            0.0,
            70.33467116233176,
            78.35093518059382,
            82.91857454655766,
            79.8260609716814
        ],
        [
            14.135363816934872,
            19.9901521232512,
            61.31422269189915,
            79.93221741298173,
            67.88741044479191,
            74.60981473824631,
            21.898435495752768,
            44.07763118127687,
            33.51371889525948,
            39.530364998085524,
            31.970054406341895,
            47.894368240386,
            22.23498926645572,
            25.175187169210357,
            71.9064084921362,
            44.43148801627829,
            70.33467116233176,
            0.0,
            45.3839677264244,
            65.94869090611634,
            14.135363816934872
        ],
        [
            36.95876756755392,
            62.38769271179222,
            100.04975561290016,
            76.04778959783566,
            82.99146252381689,
            56.458195677886046,
            50.424935583308255,
            87.9750217424631,
            27.27687874759169,
            59.77658286658334,
            76.08426508389282,
            85.20146261904165,
            65.29227347818751,
            20.536015892022025,
            85.87805079299189,
            24.534673109210054,
            78.35093518059382,
            45.3839677264244,
            0.0,
            21.71644037832699,
            36.95876756755392
        ],
        [
            58.578587419090816,
            83.78545292414299,
            116.06694008834555,
            75.15494799708623,
            90.19281583674561,
            50.71595395256662,
            72.12059435991885,
            106.83658307236647,
            47.89136857894437,
            71.95449573453028,
            95.28695904155197,
            101.15833548371519,
            84.31016137771356,
            41.884393070136404,
            92.31184653029462,
            31.386970970229882,
            82.91857454655766,
            65.94869090611634,
            21.71644037832699,
            0.0,
            58.578587419090816
        ],
        [
            0.0,
            25.718532908382137,
            75.41078370384973,
            86.711971257536,
            78.94580991822824,
            77.11519809651631,
            15.356806465935009,
            57.206539764079835,
            19.687201227106126,
            50.53413281405838,
            45.19662463019176,
            62.021696618850555,
            36.12292314027351,
            16.903406185862096,
            82.82624348746201,
            43.62297967951303,
            79.8260609716814,
            14.135363816934872,
            36.95876756755392,
            58.578587419090816,
            0.0
        ]
    ],
    "scores_ave": [
        0,
        17.320280295799378,
        15.522257763104275,
        18.153610550753655,
        16.968876360559236,
        17.30006313579949,
        17.967871007339127,
        17.934634287014283,
        11.277808922789724,
        17.52605205568189,
        14.292477935506486,
        15.51564255019995,
        12.69899890654509,
        18.05632808393497,
        18.878761166025775,
        14.454880417985436,
        19.248731642606835,
        13.26786910410414,
        15.430291694619246,
        13.868297274947645,
        0
    ],
    "scores_var": [
        0,
        288.8743389828961,
        342.4457684420911,
        19.298422716621097,
        16.44269170247488,
        24.282747035310035,
        247.20910517293487,
        19.913792177981996,
        352.8203500768931,
        20.119203178378513,
        344.3460658222154,
        19.88418479279042,
        268.9678036985086,
        22.181876877225776,
        22.843178102921087,
        298.0596524681702,
        21.326825729848508,
        21.314274485376743,
        21.245956722048078,
        23.24942901273031,
        0
    ],
    "vertex_number": 21,
    "minimum_distances": {
        "cost": 420.2051975878512,
        "path": [
            0,
            17,
            12,
            10,
            7,
            2,
            11,
            9,
            4,
            14,
            16,
            3,
            5,
            15,
            19,
            18,
            13,
            8,
            6,
            1,
            20
        ]
    }
}