{
    "vertices": [
        [
            50.104673353834485,
            68.74890883422258
        ],
        [
            25.340223399874297,
            95.01032404158288
        ],
        [
            53.72890866946193,
            94.40790771670719
        ],
        [
            58.64682434358146,
            97.7853023870376
        ],
        [
            83.83310877256338,
            80.057414277959
        ],
        [
            37.59703087749314,
            4.445357508233028
        ],
        [
            88.9640736782598,
            71.35632686869731
        ],
        [
            10.526681793939808,
            62.04332054033952
        ],
        [
            90.28175412509513,
            46.514141171762944
        ],
        [
            37.844471902168166,
            89.82514696446185
        ],
        [
            81.96963651415327,
            21.57217214811411
        ],
        [
            71.93485580529982,
            44.96837278714874
        ],
        [
            59.56708447190094,
            80.91023057801793
        ],
        [
            23.316965245568266,
            83.4526063059308
        ],
        [
            10.694603184852125,
            70.49733184610547
        ],
        [
            4.883521347577879,
            38.986478582982706
        ],
        [
            21.79095861210909,
            60.046967146568
        ],
        [
            10.440871754944325,
            64.16690201859477
        ],
        [
            93.11779329053721,
            13.667064911381367
        ],
        [
            59.67427859137342,
            50.48159183511621
        ],
        [
            96.43212532854454,
            65.27371934082844
        ],
        [
            99.09919761225618,
            5.3342436726219855
        ],
        [
            63.53819237048107,
            45.58422490028568
        ],
        [
            50.104673353834485,
            68.74890883422258
        ]
    ],
    "distances": [
        [
            0.0,
            36.096258950417194,
            25.913689534189988,
            30.266821671354812,
            35.573721356731596,
            65.50868517570895,
            38.9467793582531,
            40.142026982729156,
            45.91930653117447,
            24.38278805547046,
            56.9299601401484,
            32.28112080691194,
            15.408925034648503,
            30.557814467549715,
            39.448835391587856,
            54.136446533115596,
            29.620773649773877,
            39.927583745257884,
            69.8866082781917,
            20.622129248653568,
            46.45761238466807,
            80.13665306753828,
            26.778013647950054,
            0.0
        ],
        [
            36.096258950417194,
            0.0,
            28.395076276780426,
            33.42200130514475,
            60.3738946037244,
            91.3906039630453,
            67.87861155401819,
            36.14227904769902,
            81.05110835687455,
            13.536701663559695,
            92.73646846411536,
            68.37584847259954,
            37.01743716851667,
            11.733474030140112,
            28.55487660379926,
            59.641830277294,
            35.143044915059,
            34.2535744343189,
            105.87976570717753,
            56.228421085854166,
            77.06052283085418,
            116.11281439704727,
            62.46618373011734,
            36.096258950417194
        ],
        [
            25.913689534189988,
            28.395076276780426,
            0.0,
            5.965960889657829,
            33.34965555718871,
            91.39747218116729,
            42.10572684077012,
            53.980541958198124,
            60.248845505661144,
            16.532302547633048,
            78.1190315161161,
            52.685141407838636,
            14.706175058133876,
            32.324989277942045,
            49.23075346779205,
            73.87426256721156,
            46.9116924735252,
            52.805042993504955,
            89.83633968838399,
            44.32683894028178,
            51.694928623161275,
            99.9628968417342,
            49.79933785187924,
            25.913689534189988
        ],
        [
            30.266821671354812,
            33.42200130514475,
            5.965960889657829,
            0.0,
            30.799787988646738,
            95.68405883397322,
            40.21972593355261,
            59.941950129500526,
            60.2453380324485,
            22.273345986814277,
            79.70191207467289,
            54.462829824452136,
            16.900145776393323,
            38.1264359839579,
            55.172899600242765,
            79.67304707227143,
            52.74975626046427,
            58.770832121987596,
            90.90723610446467,
            47.3148675810391,
            49.84708620064775,
            100.91378875299705,
            52.42974319937543,
            30.266821671354812
        ],
        [
            35.573721356731596,
            60.3738946037244,
            33.34965555718871,
            30.799787988646738,
            0.0,
            88.62820108784373,
            10.101273333946592,
            75.48734867221135,
            34.15752036608607,
            47.01450119943899,
            58.514921822082684,
            37.051440679369,
            24.28100555994307,
            60.61131046501697,
            73.76066821624858,
            88.99359029411222,
            65.18931193785184,
            75.09280148133627,
            67.03643677593952,
            38.18872017879281,
            19.424027753584664,
            76.26667485721201,
            40.00355506247461,
            35.573721356731596
        ],
        [
            65.50868517570895,
            91.3906039630453,
            91.39747218116729,
            95.68405883397322,
            88.62820108784373,
            0.0,
            84.35431765388647,
            63.64219626123334,
            67.42004614805077,
            85.38014801258343,
            47.563178097089,
            53.11497894255384,
            79.55853234266873,
            80.28739401072498,
            71.32043136218917,
            47.57376115953386,
            57.804592506411865,
            65.60579133729209,
            56.281390764221236,
            51.05624092723366,
            84.6265794080163,
            61.508589901605085,
            48.63486681287585,
            65.50868517570895
        ],
        [
            38.9467793582531,
            67.87861155401819,
            42.10572684077012,
            40.21972593355261,
            10.101273333946592,
            84.35431765388647,
            0.0,
            78.98833162237585,
            24.877107387333893,
            54.35357395310732,
            50.27309630891658,
            31.405706200858713,
            30.910516826571328,
            66.7522495635705,
            78.27418401853353,
            90.09631711825251,
            68.11849238653805,
            78.85163961494426,
            57.83860589430937,
            35.96729985631408,
            9.631713751425956,
            66.7954804362313,
            36.20326891521618,
            38.9467793582531
        ],
        [
            40.142026982729156,
            36.14227904769902,
            53.980541958198124,
            59.941950129500526,
            75.48734867221135,
            63.64219626123334,
            78.98833162237585,
            0.0,
            81.25285825378234,
            38.96269415552883,
            82.10974139126246,
            63.73788258315196,
            52.544470586222744,
            24.938902697708055,
            8.455678846286936,
            23.737380244456496,
            11.439814644878165,
            2.1253144843954614,
            95.7160060121696,
            50.48920519889664,
            85.9661602334742,
            105.17133619753339,
            55.5078560466461,
            40.142026982729156
        ],
        [
            45.91930653117447,
            81.05110835687455,
            60.248845505661144,
            60.2453380324485,
            34.15752036608607,
            67.42004614805077,
            24.877107387333893,
            81.25285825378234,
            0.0,
            68.01111519231317,
            26.29055187619286,
            18.41190044117611,
            46.11379292953394,
            76.4770106381502,
            83.12224750153771,
            85.72936408007202,
            69.81494430898034,
            81.76910457599311,
            32.96928171803633,
            30.86354197614907,
            19.74205761873616,
            42.11331461294675,
            26.75972420625471,
            45.91930653117447
        ],
        [
            24.38278805547046,
            13.536701663559695,
            16.532302547633048,
            22.273345986814277,
            47.01450119943899,
            85.38014801258343,
            54.35357395310732,
            38.96269415552883,
            68.01111519231317,
            0.0,
            81.27421930302242,
            56.340788637162,
            23.48079281097635,
            15.863723525773695,
            33.326863167974,
            60.588732155939304,
            33.82979873160531,
            37.540682395649654,
            94.10203780633911,
            44.99395281928373,
            63.52389890716486,
            104.35925527182125,
            51.16079022642546,
            24.38278805547046
        ],
        [
            56.9299601401484,
            92.73646846411536,
            78.1190315161161,
            79.70191207467289,
            58.514921822082684,
            47.563178097089,
            50.27309630891658,
            82.10974139126246,
            26.29055187619286,
            81.27421930302242,
            0.0,
            25.45739633616803,
            63.42617374740892,
            85.26033062626828,
            86.45115168444516,
            79.02864809726931,
            71.42676756098537,
            83.25067687843426,
            13.666459670854028,
            36.50804749016423,
            46.03247559868392,
            23.602800354806178,
            30.270394952731927,
            56.9299601401484
        ],
        [
            32.28112080691194,
            68.37584847259954,
            52.685141407838636,
            54.462829824452136,
            37.051440679369,
            53.11497894255384,
            31.405706200858713,
            63.73788258315196,
            18.41190044117611,
            56.340788637162,
            25.45739633616803,
            0.0,
            38.01024742374492,
            62.005931264728076,
            66.34829531834363,
            67.31763892792976,
            52.36195597547127,
            64.42122009893994,
            37.79535309051963,
            13.443114887909072,
            31.8186001068483,
            48.049616611083735,
            8.419217936535283,
            32.28112080691194
        ],
        [
            15.408925034648503,
            37.01743716851667,
            14.706175058133876,
            16.900145776393323,
            24.28100555994307,
            79.55853234266873,
            30.910516826571328,
            52.544470586222744,
            46.11379292953394,
            23.48079281097635,
            63.42617374740892,
            38.01024742374492,
            0.0,
            36.339163697933586,
            49.96946955045651,
            68.90495669625695,
            43.15450667062375,
            51.90109658919034,
            75.14847564058535,
            30.42882755423332,
            40.04412217832669,
            85.29078359392899,
            35.54850735383044,
            15.408925034648503
        ],
        [
            30.557814467549715,
            11.733474030140112,
            32.324989277942045,
            38.1264359839579,
            60.61131046501697,
            80.28739401072498,
            66.7522495635705,
            24.938902697708055,
            76.4770106381502,
            15.863723525773695,
            85.26033062626828,
            62.005931264728076,
            36.339163697933586,
            0.0,
            18.087652150602874,
            48.13552086156222,
            23.45533288409394,
            23.189052879276023,
            98.70246898377818,
            49.08097420548747,
            75.34121425388109,
            108.836691069638,
            55.24274994709469,
            30.557814467549715
        ],
        [
            39.448835391587856,
            28.55487660379926,
            49.23075346779205,
            55.172899600242765,
            73.76066821624858,
            71.32043136218917,
            78.27418401853353,
            8.455678846286936,
            83.12224750153771,
            33.326863167974,
            86.45115168444516,
            66.34829531834363,
            49.96946955045651,
            18.087652150602874,
            0.0,
            32.042199448376714,
            15.242677787100071,
            6.335512721126854,
            100.11623997668859,
            52.911609795164075,
            85.89650069092124,
            109.82531755555722,
            58.42180941834457,
            39.448835391587856
        ],
        [
            54.136446533115596,
            59.641830277294,
            73.87426256721156,
            79.67304707227143,
            88.99359029411222,
            47.57376115953386,
            90.09631711825251,
            23.737380244456496,
            85.72936408007202,
            60.588732155939304,
            79.02864809726931,
            67.31763892792976,
            68.90495669625695,
            48.13552086156222,
            32.042199448376714,
            0.0,
            27.007510314558164,
            25.786389199478418,
            91.79520387241249,
            55.98361106634609,
            95.24791817947944,
            100.0453225716863,
            59.02457699359211,
            54.136446533115596
        ],
        [
            29.620773649773877,
            35.143044915059,
            46.9116924735252,
            52.74975626046427,
            65.18931193785184,
            57.804592506411865,
            68.11849238653805,
            11.439814644878165,
            69.81494430898034,
            33.82979873160531,
            71.42676756098537,
            52.36195597547127,
            43.15450667062375,
            23.45533288409394,
            15.242677787100071,
            27.007510314558164,
            0.0,
            12.074698133490815,
            85.08003688638884,
            39.07227069803161,
            74.82394474558875,
            94.71032640235354,
            44.1814716794105,
            29.620773649773877
        ],
        [
            39.927583745257884,
            34.2535744343189,
            52.805042993504955,
            58.770832121987596,
            75.09280148133627,
            65.60579133729209,
            78.85163961494426,
            2.1253144843954614,
            81.76910457599311,
            37.540682395649654,
            83.25067687843426,
            64.42122009893994,
            51.90109658919034,
            23.189052879276023,
            6.335512721126854,
            25.786389199478418,
            12.074698133490815,
            0.0,
            96.8798580844216,
            51.10005933009633,
            85.99837635527783,
            106.40291552337865,
            56.25514505742947,
            39.927583745257884
        ],
        [
            69.8866082781917,
            105.87976570717753,
            89.83633968838399,
            90.90723610446467,
            67.03643677593952,
            56.281390764221236,
            57.83860589430937,
            95.7160060121696,
            32.96928171803633,
            94.10203780633911,
            13.666459670854028,
            37.79535309051963,
            75.14847564058535,
            98.70246898377818,
            100.11623997668859,
            91.79520387241249,
            85.08003688638884,
            96.8798580844216,
            0.0,
            49.73708946100065,
            51.71297301701509,
            10.257344074223004,
            43.51617966167412,
            69.8866082781917
        ],
        [
            20.622129248653568,
            56.228421085854166,
            44.32683894028178,
            47.3148675810391,
            38.18872017879281,
            51.05624092723366,
            35.96729985631408,
            50.48920519889664,
            30.86354197614907,
            44.99395281928373,
            36.50804749016423,
            13.443114887909072,
            30.42882755423332,
            49.08097420548747,
            52.911609795164075,
            55.98361106634609,
            39.07227069803161,
            51.10005933009633,
            49.73708946100065,
            0.0,
            39.62254828880406,
            59.93836238927982,
            6.238111299644254,
            20.622129248653568
        ],
        [
            46.45761238466807,
            77.06052283085418,
            51.694928623161275,
            49.84708620064775,
            19.424027753584664,
            84.6265794080163,
            9.631713751425956,
            85.9661602334742,
            19.74205761873616,
            63.52389890716486,
            46.03247559868392,
            31.8186001068483,
            40.04412217832669,
            75.34121425388109,
            85.89650069092124,
            95.24791817947944,
            74.82394474558875,
            85.99837635527783,
            51.71297301701509,
            39.62254828880406,
            0.0,
            59.99878347055093,
            38.33649718967212,
            46.45761238466807
        ],
        [
            80.13665306753828,
            116.11281439704727,
            99.9628968417342,
            100.91378875299705,
            76.26667485721201,
            61.508589901605085,
            66.7954804362313,
            105.17133619753339,
            42.11331461294675,
            104.35925527182125,
            23.602800354806178,
            48.049616611083735,
            85.29078359392899,
            108.836691069638,
            109.82531755555722,
            100.0453225716863,
            94.71032640235354,
            106.40291552337865,
            10.257344074223004,
            59.93836238927982,
            59.99878347055093,
            0.0,
            53.70890133518686,
            80.13665306753828
        ],
        [
            26.778013647950054,
            62.46618373011734,
            49.79933785187924,
            52.42974319937543,
            40.00355506247461,
            48.63486681287585,
            36.20326891521618,
            55.5078560466461,
            26.75972420625471,
            51.16079022642546,
            30.270394952731927,
            8.419217936535283,
            35.54850735383044,
            55.24274994709469,
            58.42180941834457,
            59.02457699359211,
            44.1814716794105,
            56.25514505742947,
            43.51617966167412,
            6.238111299644254,
            38.33649718967212,
            53.70890133518686,
            0.0,
            26.778013647950054
        ],
        [
            0.0,
            36.096258950417194,
            25.913689534189988,
            30.266821671354812,
            35.573721356731596,
            65.50868517570895,
            38.9467793582531,
            40.142026982729156,
            45.91930653117447,
            24.38278805547046,
            56.9299601401484,
            32.28112080691194,
            15.408925034648503,
            30.557814467549715,
            39.448835391587856,
            54.136446533115596,
            29.620773649773877,
            39.927583745257884,
            69.8866082781917,
            20.622129248653568,
            46.45761238466807,
            80.13665306753828,
            26.778013647950054,
            0.0
        ]
    ],
    "scores_ave": [
        0,
        19.59241598967395,
        11.655866464873878,
        18.068749624297197,
        19.44985480040193,
        10.590484302795108,
        11.612616402566646,
        17.648466498873724,
        19.891899439103977,
        10.956674019251958,
        18.794900066409667,
        19.949482859775763,
        13.63900034613507,
        14.966479046860957,
        12.51721752451682,
        17.981407687558622,
        12.37484479630326,
        18.66420669077167,
        18.778184710732816,
        11.578966632827184,
        17.908152796250764,
        13.743738316903913,
        14.970503231220444,
        0
    ],
    "scores_var": [
        0,
        20.188104260807556,
        18.5384409292409,
        268.7551334146191,
        21.983986810889785,
        21.627032021586736,
        20.330589883805306,
        359.63331516276605,
        23.14876319205937,
        18.790427388062263,
        21.551198867299405,
        18.595641355570944,
        24.24130791291069,
        20.829195477692252,
        388.8751296733641,
        346.0519496941142,
        16.23914429519263,
        227.56496108681552,
        23.536265768927514,
        22.866734982688094,
        392.63960767498645,
        247.33481974115446,
        374.9520546334194,
        0
    ],
    "vertex_number": 24,
    "minimum_distances": {
        "cost": 416.17596480831367,
        "path": [
            0,
            19,
            22,
            11,
            4,
            6,
            20,
            8,
            10,
            18,
            21,
            5,
            15,
            16,
            7,
            17,
            14,
            13,
            1,
            9,
            2,
            3,
            12,
            23
        ]
    }
}