{
    "vertices": [
        [
            83.42611239941246,
            4.657182006298999
        ],
        [
            64.4594229424832,
            93.00700382881445
        ],
        [
            69.5739338676124,
            77.7198849732426
        ],
        [
            81.96222959926756,
            37.017993391398754
        ],
        [
            40.53832926872338,
            85.90290883645758
        ],
        [
            94.01283042149309,
            66.16934040585184
        ],
        [
            74.54411926005345,
            83.58422266771211
        ],
        [
            51.93126753238945,
            8.971157528863994
        ],
        [
            76.88366200033936,
            34.69501491200474
        ],
        [
            16.304485054294137,
            85.40111199199772
        ],
        [
            7.921047041027318,
            1.546981336250608
        ],
        [
            24.164340255863692,
            88.54941623854235
        ],
        [
            47.31460128454974,
            29.59325358312683
        ],
        [
            48.179497183365115,
            44.83056865219967
        ],
        [
            98.30286320530395,
            43.681868439000404
        ],
        [
            40.30975892907911,
            14.184009618155645
        ],
        [
            97.3034833741831,
            18.85190797585369
        ],
        [
            0.6141326302181449,
            45.393425364390716
        ],
        [
            61.01592888577628,
            55.78355933541744
        ],
        [
            4.273854903402208,
            81.89019727236908
        ],
        [
            78.02094925307415,
            28.317075625453636
        ],
        [
            30.64840464943873,
            11.961478743922104
        ],
        [
            39.189385798451845,
            83.34739835401248
        ],
        [
            91.81681023129761,
            24.57699746863128
        ],
        [
            83.42611239941246,
            4.657182006298999
        ]
    ],
    "distances": [
        [
            0.0,
            90.36274854731799,
            74.3642482306699,
            32.39390477164743,
            91.87072477141872,
            62.416538108507154,
            79.42523244974471,
            31.788923196722717,
            30.74207317172071,
            104.99950041306079,
            75.56909581953447,
            102.71253381195245,
            43.88449499177967,
            53.443660791427185,
            41.764145695934715,
            44.156317565267614,
            19.85123851355771,
            92.28903248069685,
            55.822242734543075,
            110.58941411276093,
            24.269453119265957,
            53.28075812310565,
            90.27202295959746,
            21.614875853434235,
            0.0
        ],
        [
            90.36274854731799,
            0.0,
            16.11999456909481,
            58.661039290365615,
            24.95369488090335,
            39.920722333452616,
            13.801808020242856,
            84.96456991786845,
            59.620883653304716,
            48.75189876967565,
            107.52452587161038,
            40.540890170868856,
            65.69055205967439,
            50.85277661100682,
            59.819289782198204,
            82.43949713756056,
            81.10308592527754,
            79.64467307513567,
            37.382381829835076,
            61.20364358598493,
            66.0961557643773,
            87.81550030773897,
            27.05333168372333,
            73.69594568037576,
            90.36274854731799
        ],
        [
            74.3642482306699,
            16.11999456909481,
            0.0,
            42.54543276868995,
            30.166673896354084,
            27.030995996717582,
            7.687210120063742,
            70.97641298796006,
            43.64139742447281,
            53.82039971412687,
            97.99688618799158,
            46.6830797978269,
            53.02499916080595,
            39.235558478271805,
            44.54141837071895,
            69.95140736232707,
            65.07201112308168,
            76.16071282192449,
            23.546588537574547,
            65.43310948903721,
            50.1197529959617,
            76.41573669562591,
            30.90128910284929,
            57.60999949017498,
            74.3642482306699
        ],
        [
            32.39390477164743,
            58.661039290365615,
            42.54543276868995,
            0.0,
            64.0755372717655,
            31.5439061140767,
            47.153388743747136,
            41.09116309575865,
            5.584628713944295,
            81.5589699803315,
            82.09926559256863,
            77.43438224202134,
            35.434233575108884,
            34.674332606268635,
            17.647196301304458,
            47.50072765640163,
            23.777315380657242,
            81.77811896357167,
            28.122837317371076,
            89.71620948312818,
            9.551945390182558,
            57.10461940387036,
            63.05497546584914,
            15.871078696279554,
            32.39390477164743
        ],
        [
            91.87072477141872,
            24.95369488090335,
            30.166673896354084,
            64.0755372717655,
            0.0,
            56.999438563401384,
            34.08474817984689,
            77.7707747263272,
            62.7951559560918,
            24.239038872907802,
            90.44229986207424,
            16.586485993800473,
            56.715916083419046,
            41.7770819386797,
            71.54968646440093,
            71.7192634477315,
            87.85282828130973,
            56.87670637795135,
            36.421247925381856,
            36.48580484365949,
            68.71007922784558,
            74.59990410921749,
            2.8896855039735736,
            79.93966484120118,
            91.87072477141872
        ],
        [
            62.416538108507154,
            39.920722333452616,
            27.030995996717582,
            31.5439061140767,
            56.999438563401384,
            0.0,
            26.121042063478633,
            71.01049260228329,
            35.83352586744547,
            80.05278245039057,
            107.64685066154752,
            73.34629760727535,
            59.31723806609663,
            50.55727065093359,
            22.89302899893549,
            74.74285587817421,
            47.431717327359,
            95.68153110666613,
            34.592773225065145,
            91.10559295484573,
            41.091777916150164,
            83.38790511447748,
            57.45168191799119,
            41.65027605770588,
            62.416538108507154
        ],
        [
            79.42523244974471,
            13.801808020242856,
            7.687210120063742,
            47.153388743747136,
            34.08474817984689,
            26.121042063478633,
            0.0,
            77.96441850402854,
            48.94515395025684,
            58.26796786603557,
            105.68227248303296,
            50.62386077440966,
            60.46876376999056,
            46.871515836386656,
            46.44002354488599,
            77.38463024783938,
            68.61677069234112,
            83.21165736692791,
            30.917451649809024,
            70.29068056857692,
            55.376401914452586,
            84.0038761507428,
            35.355526638652286,
            61.48331870583386,
            79.42523244974471
        ],
        [
            31.788923196722717,
            84.96456991786845,
            70.97641298796006,
            41.09116309575865,
            77.7707747263272,
            71.01049260228329,
            77.96441850402854,
            0.0,
            35.83767331108901,
            84.32559260970666,
            44.63202773611433,
            84.28345928854824,
            21.13254487550388,
            36.05514036672481,
            57.92372861910157,
            12.737083226612306,
            46.43562425326054,
            62.92876869008715,
            47.68576343945779,
            87.11151092481651,
            32.47977892915197,
            21.491911814999334,
            75.45979558282767,
            42.829881585314496,
            31.788923196722717
        ],
        [
            30.74207317172071,
            59.620883653304716,
            43.64139742447281,
            5.584628713944295,
            62.7951559560918,
            35.83352586744547,
            48.94515395025684,
            35.83767331108901,
            0.0,
            78.99965164825684,
            76.51558267415632,
            75.36327638470424,
            30.00595474686461,
            30.44106646391354,
            23.228123397606428,
            41.932704706830506,
            25.845176384192147,
            77.0162132057108,
            26.39150734788092,
            86.60005383764187,
            6.478543959730845,
            51.52196317115189,
            61.546022397652415,
            18.038103921204723,
            30.74207317172071
        ],
        [
            104.99950041306079,
            48.75189876967565,
            53.82039971412687,
            81.5589699803315,
            24.239038872907802,
            80.05278245039057,
            58.26796786603557,
            84.32559260970666,
            78.99965164825684,
            0.0,
            84.27216183861307,
            8.466944160584202,
            63.84468943301818,
            51.59443172586412,
            92.0012461982462,
            75.15403411879988,
            104.83145655769425,
            42.97443598797443,
            53.63126546018738,
            12.532461210634366,
            84.06847899835124,
            74.82731961632615,
            22.97686710099522,
            96.9622821574921,
            104.99950041306079
        ],
        [
            75.56909581953447,
            107.52452587161038,
            97.99688618799158,
            82.09926559256863,
            90.44229986207424,
            107.64685066154752,
            105.68227248303296,
            44.63202773611433,
            76.51558267415632,
            84.27216183861307,
            0.0,
            88.50575265704857,
            48.35747618397018,
            59.111857852722615,
            99.7207170266769,
            34.766695867811414,
            91.04219027930232,
            44.45111530793928,
            75.8990966426318,
            80.42595574468801,
            75.03755218816342,
            24.999890802061767,
            87.572925227657,
            86.99931450497542,
            75.56909581953447
        ],
        [
            102.71253381195245,
            40.540890170868856,
            46.6830797978269,
            77.43438224202134,
            16.586485993800473,
            73.34629760727535,
            50.62386077440966,
            84.28345928854824,
            75.36327638470424,
            8.466944160584202,
            88.50575265704857,
            0.0,
            63.33848514724765,
            49.880511189545565,
            86.65804885103785,
            76.09788594927502,
            101.03007925419817,
            49.163521309410626,
            49.31167167258033,
            20.975619294693697,
            80.79894299067003,
            76.86192334790931,
            15.900093824497285,
            93.10922111719042,
            102.71253381195245
        ],
        [
            43.88449499177967,
            65.69055205967439,
            53.02499916080595,
            35.434233575108884,
            56.715916083419046,
            59.31723806609663,
            60.46876376999056,
            21.13254487550388,
            30.00595474686461,
            63.84468943301818,
            48.35747618397018,
            63.33848514724765,
            0.0,
            15.26184180988592,
            52.898883941502724,
            16.9266835498569,
            51.129882045885395,
            49.30090466565148,
            29.55771461792334,
            67.7309099915396,
            30.732855964647253,
            24.26193714979491,
            54.36476070714244,
            44.78403093231135,
            43.88449499177967
        ],
        [
            53.443660791427185,
            50.85277661100682,
            39.235558478271805,
            34.674332606268635,
            41.7770819386797,
            50.55727065093359,
            46.871515836386656,
            36.05514036672481,
            30.44106646391354,
            51.59443172586412,
            59.111857852722615,
            49.880511189545565,
            15.26184180988592,
            0.0,
            50.136526939438646,
            31.64086536139804,
            55.570287292872635,
            47.5686946715193,
            16.874299504196365,
            57.45538701880743,
            34.105831078763224,
            37.25206406135805,
            39.55209568394065,
            48.108442457962944,
            53.443660791427185
        ],
        [
            41.764145695934715,
            59.819289782198204,
            44.54141837071895,
            17.647196301304458,
            71.54968646440093,
            22.89302899893549,
            46.44002354488599,
            57.92372861910157,
            23.228123397606428,
            92.0012461982462,
            99.7207170266769,
            86.65804885103785,
            52.898883941502724,
            50.136526939438646,
            0.0,
            65.06399786831099,
            24.85006431879564,
            97.7037231044987,
            39.20161212885502,
            101.49547179297181,
            25.444702626850884,
            74.72154230805808,
            71.18818353188352,
            20.17585135690857,
            41.764145695934715
        ],
        [
            44.156317565267614,
            82.43949713756056,
            69.95140736232707,
            47.50072765640163,
            71.7192634477315,
            74.74285587817421,
            77.38463024783938,
            12.737083226612306,
            41.932704706830506,
            75.15403411879988,
            34.766695867811414,
            76.09788594927502,
            16.9266835498569,
            31.64086536139804,
            65.06399786831099,
            0.0,
            57.18455998958324,
            50.49525104878842,
            46.467924538917856,
            76.69885413495668,
            40.272539408624574,
            9.913698099278934,
            69.17246256552589,
            52.54512851168511,
            44.156317565267614
        ],
        [
            19.85123851355771,
            81.10308592527754,
            65.07201112308168,
            23.777315380657242,
            87.85282828130973,
            47.431717327359,
            68.61677069234112,
            46.43562425326054,
            25.845176384192147,
            104.83145655769425,
            91.04219027930232,
            101.03007925419817,
            51.129882045885395,
            55.570287292872635,
            24.85006431879564,
            57.18455998958324,
            0.0,
            100.2660595245245,
            51.775800166617046,
            112.37587681901616,
            21.48035197027191,
            67.0102793219229,
            86.81541692672326,
            7.929705661446291,
            19.85123851355771
        ],
        [
            92.28903248069685,
            79.64467307513567,
            76.16071282192449,
            81.77811896357167,
            56.87670637795135,
            95.68153110666613,
            83.21165736692791,
            62.92876869008715,
            77.0162132057108,
            42.97443598797443,
            44.45111530793928,
            49.163521309410626,
            49.30090466565148,
            47.5686946715193,
            97.7037231044987,
            50.49525104878842,
            100.2660595245245,
            0.0,
            61.2889213058432,
            36.679802709663505,
            79.2680072922926,
            44.94165718527076,
            54.116117956577995,
            93.54812703601175,
            92.28903248069685
        ],
        [
            55.822242734543075,
            37.382381829835076,
            23.546588537574547,
            28.122837317371076,
            36.421247925381856,
            34.592773225065145,
            30.917451649809024,
            47.68576343945779,
            26.39150734788092,
            53.63126546018738,
            75.8990966426318,
            49.31167167258033,
            29.55771461792334,
            16.874299504196365,
            39.20161212885502,
            46.467924538917856,
            51.775800166617046,
            61.2889213058432,
            0.0,
            62.459743068574134,
            32.30446478556675,
            53.31567570248042,
            35.15911268200397,
            43.84682195104265,
            55.822242734543075
        ],
        [
            110.58941411276093,
            61.20364358598493,
            65.43310948903721,
            89.71620948312818,
            36.48580484365949,
            91.10559295484573,
            70.29068056857692,
            87.11151092481651,
            86.60005383764187,
            12.532461210634366,
            80.42595574468801,
            20.975619294693697,
            67.7309099915396,
            57.45538701880743,
            101.49547179297181,
            76.69885413495668,
            112.37587681901616,
            36.679802709663505,
            62.459743068574134,
            0.0,
            91.15214362819239,
            74.73715641725285,
            34.94592583800733,
            104.63542373061362,
            110.58941411276093
        ],
        [
            24.269453119265957,
            66.0961557643773,
            50.1197529959617,
            9.551945390182558,
            68.71007922784558,
            41.091777916150164,
            55.376401914452586,
            32.47977892915197,
            6.478543959730845,
            84.06847899835124,
            75.03755218816342,
            80.79894299067003,
            30.732855964647253,
            34.105831078763224,
            25.444702626850884,
            40.272539408624574,
            21.48035197027191,
            79.2680072922926,
            32.30446478556675,
            91.15214362819239,
            0.0,
            50.116499594191446,
            67.35151624083677,
            14.293843596094383,
            24.269453119265957
        ],
        [
            53.28075812310565,
            87.81550030773897,
            76.41573669562591,
            57.10461940387036,
            74.59990410921749,
            83.38790511447748,
            84.0038761507428,
            21.491911814999334,
            51.52196317115189,
            74.82731961632615,
            24.999890802061767,
            76.86192334790931,
            24.26193714979491,
            37.25206406135805,
            74.72154230805808,
            9.913698099278934,
            67.0102793219229,
            44.94165718527076,
            53.31567570248042,
            74.73715641725285,
            50.116499594191446,
            0.0,
            71.89504765674813,
            62.45578559365235,
            53.28075812310565
        ],
        [
            90.27202295959746,
            27.05333168372333,
            30.90128910284929,
            63.05497546584914,
            2.8896855039735736,
            57.45168191799119,
            35.355526638652286,
            75.45979558282767,
            61.546022397652415,
            22.97686710099522,
            87.572925227657,
            15.900093824497285,
            54.36476070714244,
            39.55209568394065,
            71.18818353188352,
            69.17246256552589,
            86.81541692672326,
            54.116117956577995,
            35.15911268200397,
            34.94592583800733,
            67.35151624083677,
            71.89504765674813,
            0.0,
            78.88983345566973,
            90.27202295959746
        ],
        [
            21.614875853434235,
            73.69594568037576,
            57.60999949017498,
            15.871078696279554,
            79.93966484120118,
            41.65027605770588,
            61.48331870583386,
            42.829881585314496,
            18.038103921204723,
            96.9622821574921,
            86.99931450497542,
            93.10922111719042,
            44.78403093231135,
            48.108442457962944,
            20.17585135690857,
            52.54512851168511,
            7.929705661446291,
            93.54812703601175,
            43.84682195104265,
            104.63542373061362,
            14.293843596094383,
            62.45578559365235,
            78.88983345566973,
            0.0,
            21.614875853434235
        ],
        [
            0.0,
            90.36274854731799,
            74.3642482306699,
            32.39390477164743,
            91.87072477141872,
            62.416538108507154,
            79.42523244974471,
            31.788923196722717,
            30.74207317172071,
            104.99950041306079,
            75.56909581953447,
            102.71253381195245,
            43.88449499177967,
            53.443660791427185,
            41.764145695934715,
            44.156317565267614,
            19.85123851355771,
            92.28903248069685,
            55.822242734543075,
            110.58941411276093,
            24.269453119265957,
            53.28075812310565,
            90.27202295959746,
            21.614875853434235,
            0.0
        ]
    ],
    "scores_ave": [
        0,
        19.80770373912624,
        12.375470502670234,
        12.23122894277874,
        18.787910724331184,
        17.154633467809596,
        12.552632281178775,
        15.623322764614867,
        13.334536276774404,
        11.097402678677359,
        17.05824748767617,
        11.098996211009938,
        16.067556377427096,
        13.229467314351421,
        18.770236663146495,
        18.513405374682122,
        10.699583513335014,
        19.467475833073614,
        14.618773081899988,
        13.76517222167017,
        18.335616814489498,
        11.286618987038084,
        16.131032321596344,
        12.733731622205756,
        0
    ],
    "scores_var": [
        0,
        21.902490804952613,
        231.85678142195528,
        311.578312051127,
        339.02192407309474,
        16.294670303783967,
        310.57531360847855,
        293.1627669935435,
        19.56095552642053,
        298.6368599456597,
        16.719200378395122,
        246.0840549789537,
        23.956333340110127,
        267.60541794226725,
        23.05486721833455,
        336.9671406750485,
        17.401133518221304,
        20.34039021024178,
        363.88530305028667,
        309.1859212268471,
        381.4832372136997,
        339.27810217598335,
        229.33163806535526,
        16.75161585531541,
        0
    ],
    "vertex_number": 25,
    "minimum_distances": {
        "cost": 436.64492265116013,
        "path": [
            0,
            20,
            8,
            18,
            13,
            12,
            7,
            15,
            21,
            10,
            17,
            19,
            9,
            11,
            22,
            4,
            1,
            6,
            2,
            5,
            14,
            3,
            23,
            16,
            24
        ]
    }
}