{
    "vertices": [
        [
            28.63705526426219,
            64.4049162315691
        ],
        [
            48.361167980437244,
            16.063633082886852
        ],
        [
            68.23067772837686,
            62.162446126253315
        ],
        [
            58.97842601808709,
            62.387044787793045
        ],
        [
            91.81256460789626,
            90.6984623790435
        ],
        [
            36.573170106388645,
            96.20136496626344
        ],
        [
            95.24377365963743,
            98.87498166324026
        ],
        [
            46.61106892949876,
            37.94815587364864
        ],
        [
            20.99484034029837,
            99.4658902996075
        ],
        [
            20.027592547153606,
            39.0927266154296
        ],
        [
            17.37094710516407,
            7.983865980015537
        ],
        [
            51.09947119419432,
            43.42275527723479
        ],
        [
            64.0396345449451,
            52.17546968358986
        ],
        [
            50.76643595667478,
            66.58857107180717
        ],
        [
            86.46538819815713,
            51.18861297074792
        ],
        [
            75.71974471116816,
            14.334393525795319
        ],
        [
            38.64785444965454,
            58.33953350041657
        ],
        [
            74.66198388211524,
            14.692201667856509
        ],
        [
            43.41987966182705,
            39.36499545843228
        ],
        [
            29.729318294510023,
            79.55721285731639
        ],
        [
            96.43675420589328,
            80.58990509650297
        ],
        [
            32.18173712772258,
            47.665195879573595
        ],
        [
            34.249684569091784,
            72.83638521301144
        ],
        [
            28.63705526426219,
            64.4049162315691
        ]
    ],
    "distances": [
        [
            0.0,
            52.210346473677504,
            39.657075182167446,
            30.408396609894904,
            68.4287625917418,
            32.7718792705799,
            74.99760227010267,
            31.984767247465513,
            35.88419361701912,
            26.736301005200463,
            57.534859907197394,
            30.737781437879672,
            37.455333166251776,
            22.236857653252592,
            59.31936245270503,
            68.730174520244,
            11.70491213147777,
            67.74694121192212,
            29.07799046519907,
            15.191613856397177,
            69.70475623035954,
            17.110903160738115,
            10.128735207243606,
            0.0
        ],
        [
            52.210346473677504,
            0.0,
            50.198585454479904,
            47.52456880625305,
            86.36192223974174,
            81.00008003261803,
            95.16143215067844,
            21.954388729078016,
            87.77728861927474,
            36.51206164768262,
            32.02618344940369,
            27.495815531381034,
            39.36850335598579,
            50.58215765288939,
            51.823699313375315,
            27.413171837222727,
            43.37741596568629,
            26.33654763290151,
            23.81952599872881,
            66.1708432414975,
            80.46677432888954,
            35.502573905432705,
            58.500250841318994,
            52.210346473677504
        ],
        [
            39.657075182167446,
            50.198585454479904,
            0.0,
            9.254977378109867,
            37.01904391496295,
            46.48489845781142,
            45.579793959012314,
            32.461351436037184,
            60.18946154392433,
            53.43921200107975,
            74.31036768666993,
            25.39004234800736,
            10.830722110353705,
            18.01639039025625,
            21.28214462974969,
            48.41083287679434,
            29.82881315246883,
            47.90392267636405,
            33.69420510489668,
            42.24846255053438,
            33.692046455443155,
            38.854811582921826,
            35.61798522824111,
            39.657075182167446
        ],
        [
            30.408396609894904,
            47.52456880625305,
            9.254977378109867,
            0.0,
            43.35455019903864,
            40.56357653857471,
            51.44458160962261,
            27.389976500803108,
            53.08100946130282,
            45.384938990767566,
            68.49005888360986,
            20.535876065004214,
            11.39702144690105,
            9.22440263019758,
            29.680599135624085,
            50.88545022784487,
            20.7295559026381,
            50.20729078042029,
            27.78638371655104,
            33.916441059773575,
            41.64697436841965,
            30.574423473933685,
            26.84584453827746,
            30.408396609894904
        ],
        [
            68.4287625917418,
            86.36192223974174,
            37.01904391496295,
            43.35455019903864,
            0.0,
            55.51281511306756,
            8.867280482853351,
            69.4677626527391,
            71.35837626224274,
            88.40946882243747,
            111.28009199258048,
            62.39029137044342,
            47.490594968852,
            47.603272325538455,
            39.870045094319444,
            78.04133433029037,
            62.23814493043544,
            77.91722586519916,
            70.54769154535818,
            63.07501021572625,
            11.1160271577856,
            73.537049244477,
            60.270548023450715,
            68.4287625917418
        ],
        [
            32.7718792705799,
            81.00008003261803,
            46.48489845781142,
            40.56357653857471,
            55.51281511306756,
            0.0,
            58.731490254758924,
            59.11172288447441,
            15.916704556945804,
            59.45715020966774,
            90.28317947202241,
            54.74116425506872,
            51.89109869905846,
            32.83848896847182,
            67.19658673122004,
            90.74500160406627,
            37.91863126580896,
            89.96944723876183,
            57.24727356448734,
            17.996280367029208,
            61.86571247875196,
            48.73442718672153,
            23.48022282500538,
            32.7718792705799
        ],
        [
            74.99760227010267,
            95.16143215067844,
            45.579793959012314,
            51.44458160962261,
            8.867280482853351,
            58.731490254758924,
            0.0,
            77.95651396877685,
            74.25128464933243,
            96.08013280458897,
            119.68864618552769,
            70.87784457307747,
            56.165315961245895,
            54.960402818956716,
            48.487625332518014,
            86.765769454352,
            69.61480179519207,
            86.66227851953408,
            78.91232126349296,
            68.30314819558757,
            18.32395229297408,
            81.23584560747547,
            66.31958541097259,
            74.99760227010267
        ],
        [
            31.984767247465513,
            21.954388729078016,
            32.461351436037184,
            27.389976500803108,
            69.4677626527391,
            59.11172288447441,
            77.95651396877685,
            0.0,
            66.63799828954176,
            26.608105132715547,
            41.866972581399004,
            7.079335669359813,
            22.498252324535407,
            28.940291253777175,
            41.99614825800434,
            37.48232620827104,
            21.89111843578241,
            36.43752510394776,
            3.491578919502315,
            44.90330864838417,
            65.58138219073395,
            17.396162873533218,
            37.01340797254002,
            31.984767247465513
        ],
        [
            35.88419361701912,
            87.77728861927474,
            60.18946154392433,
            53.08100946130282,
            71.35837626224274,
            15.916704556945804,
            74.25128464933243,
            66.63799828954176,
            0.0,
            60.38091140029173,
            91.55377313792188,
            63.61699287128591,
            63.94715154062966,
            44.3538727187574,
            81.34548631052489,
            101.20369015678449,
            44.7549564933258,
            100.33314796302886,
            64.14826536456079,
            21.740435658785685,
            77.76750725779799,
            52.99489222680062,
            29.745948239829627,
            35.88419361701912
        ],
        [
            26.736301005200463,
            36.51206164768262,
            53.43921200107975,
            45.384938990767566,
            88.40946882243747,
            59.45715020966774,
            96.08013280458897,
            26.608105132715547,
            60.38091140029173,
            0.0,
            31.222091138135802,
            31.372133986525036,
            45.91533520516711,
            41.24194414093948,
            67.52992786672647,
            60.94744350698421,
            26.77972607376165,
            59.83562763319917,
            23.39387156453988,
            41.61127406481041,
            86.95042154746274,
            14.873145590965875,
            36.618334165150614,
            26.736301005200463
        ],
        [
            57.534859907197394,
            32.02618344940369,
            74.31036768666993,
            68.49005888360986,
            111.28009199258048,
            90.28317947202241,
            119.68864618552769,
            41.866972581399004,
            91.55377313792188,
            31.222091138135802,
            0.0,
            48.923697855383494,
            64.27179961107157,
            67.45198391839371,
            81.49044086570085,
            58.69336744621266,
            54.66626050473184,
            57.68244674663803,
            40.783846982386706,
            72.63245363934834,
            107.34541801434575,
            42.3552528464874,
            67.01299149599502,
            57.534859907197394
        ],
        [
            30.737781437879672,
            27.495815531381034,
            25.39004234800736,
            20.535876065004214,
            62.39029137044342,
            54.74116425506872,
            70.87784457307747,
            7.079335669359813,
            63.61699287128591,
            31.372133986525036,
            48.923697855383494,
            0.0,
            15.62235056012152,
            23.168209553124484,
            36.2085160044855,
            38.10893146538236,
            19.430723921472758,
            37.156920147797415,
            8.68570900106003,
            41.9807391497887,
            58.624792166546854,
            19.387598213139203,
            33.898037337142405,
            30.737781437879672
        ],
        [
            37.455333166251776,
            39.36850335598579,
            10.830722110353705,
            11.39702144690105,
            47.490594968852,
            51.89109869905846,
            56.165315961245895,
            22.498252324535407,
            63.94715154062966,
            45.91533520516711,
            64.27179961107157,
            15.62235056012152,
            0.0,
            19.59375646451422,
            22.447456717548956,
            39.60267690794542,
            26.12925906231377,
            38.95933375431589,
            24.27514245711644,
            43.89712587900019,
            43.09238334277191,
            32.17558387401026,
            36.253476386103124,
            37.455333166251776
        ],
        [
            22.236857653252592,
            50.58215765288939,
            18.01639039025625,
            9.22440263019758,
            47.603272325538455,
            32.83848896847182,
            54.960402818956716,
            28.940291253777175,
            44.3538727187574,
            41.24194414093948,
            67.45198391839371,
            23.168209553124484,
            19.59375646451422,
            0.0,
            38.878964758002724,
            57.90653407696928,
            14.659694355494139,
            57.13344351575816,
            28.19742822617883,
            24.7132755678526,
            47.768350646175804,
            26.52329465260488,
            17.658942718697997,
            22.236857653252592
        ],
        [
            59.31936245270503,
            51.823699313375315,
            21.28214462974969,
            29.680599135624085,
            39.870045094319444,
            67.19658673122004,
            48.487625332518014,
            41.99614825800434,
            81.34548631052489,
            67.52992786672647,
            81.49044086570085,
            36.2085160044855,
            22.447456717548956,
            38.878964758002724,
            0.0,
            38.38883099087794,
            48.349272985338885,
            38.35763798043065,
            44.639822314037076,
            63.43310718887845,
            31.046161094799178,
            54.3978790168796,
            56.52526646139143,
            59.31936245270503
        ],
        [
            68.730174520244,
            27.413171837222727,
            48.41083287679434,
            50.88545022784487,
            78.04133433029037,
            90.74500160406627,
            86.765769454352,
            37.48232620827104,
            101.20369015678449,
            60.94744350698421,
            58.69336744621266,
            38.10893146538236,
            39.60267690794542,
            57.90653407696928,
            38.38883099087794,
            0.0,
            57.53935515582111,
            1.116639887342383,
            40.86333705555356,
            79.80686363677177,
            69.41892606415563,
            54.83156472218166,
            71.70947580033294,
            68.730174520244
        ],
        [
            11.70491213147777,
            43.37741596568629,
            29.82881315246883,
            20.7295559026381,
            62.23814493043544,
            37.91863126580896,
            69.61480179519207,
            21.89111843578241,
            44.7549564933258,
            26.77972607376165,
            54.66626050473184,
            19.430723921472758,
            26.12925906231377,
            14.659694355494139,
            48.349272985338885,
            57.53935515582111,
            0.0,
            56.587163693541335,
            19.565411279406295,
            23.01586853548726,
            61.92443759292884,
            12.480070387010333,
            15.149343480007778,
            11.70491213147777
        ],
        [
            67.74694121192212,
            26.33654763290151,
            47.90392267636405,
            50.20729078042029,
            77.91722586519916,
            89.96944723876183,
            86.66227851953408,
            36.43752510394776,
            100.33314796302886,
            59.83562763319917,
            57.68244674663803,
            37.156920147797415,
            38.95933375431589,
            57.13344351575816,
            38.35763798043065,
            1.116639887342383,
            56.587163693541335,
            0.0,
            39.80974540917868,
            78.90763026106104,
            69.40207446339863,
            53.77536342601523,
            70.80889785823574,
            67.74694121192212
        ],
        [
            29.07799046519907,
            23.81952599872881,
            33.69420510489668,
            27.78638371655104,
            70.54769154535818,
            57.24727356448734,
            78.91232126349296,
            3.491578919502315,
            64.14826536456079,
            23.39387156453988,
            40.783846982386706,
            8.68570900106003,
            24.27514245711644,
            28.19742822617883,
            44.639822314037076,
            40.86333705555356,
            19.565411279406295,
            39.80974540917868,
            0.0,
            42.45993181802623,
            67.15863430035152,
            13.971011940727937,
            34.70484706985139,
            29.07799046519907
        ],
        [
            15.191613856397177,
            66.1708432414975,
            42.24846255053438,
            33.916441059773575,
            63.07501021572625,
            17.996280367029208,
            68.30314819558757,
            44.90330864838417,
            21.740435658785685,
            41.61127406481041,
            72.63245363934834,
            41.9807391497887,
            43.89712587900019,
            24.7132755678526,
            63.43310718887845,
            79.80686363677177,
            23.01586853548726,
            78.90763026106104,
            42.45993181802623,
            0.0,
            66.71542894362729,
            31.986170527934885,
            8.099582426324814,
            15.191613856397177
        ],
        [
            69.70475623035954,
            80.46677432888954,
            33.692046455443155,
            41.64697436841965,
            11.1160271577856,
            61.86571247875196,
            18.32395229297408,
            65.58138219073395,
            77.76750725779799,
            86.95042154746274,
            107.34541801434575,
            58.624792166546854,
            43.09238334277191,
            47.768350646175804,
            31.046161094799178,
            69.41892606415563,
            61.92443759292884,
            69.40207446339863,
            67.15863430035152,
            66.71542894362729,
            0.0,
            72.19933307680455,
            62.668562298780216,
            69.70475623035954
        ],
        [
            17.110903160738115,
            35.502573905432705,
            38.854811582921826,
            30.574423473933685,
            73.537049244477,
            48.73442718672153,
            81.23584560747547,
            17.396162873533218,
            52.99489222680062,
            14.873145590965875,
            42.3552528464874,
            19.387598213139203,
            32.17558387401026,
            26.52329465260488,
            54.3978790168796,
            54.83156472218166,
            12.480070387010333,
            53.77536342601523,
            13.971011940727937,
            31.986170527934885,
            72.19933307680455,
            0.0,
            25.2559929339561,
            17.110903160738115
        ],
        [
            10.128735207243606,
            58.500250841318994,
            35.61798522824111,
            26.84584453827746,
            60.270548023450715,
            23.48022282500538,
            66.31958541097259,
            37.01340797254002,
            29.745948239829627,
            36.618334165150614,
            67.01299149599502,
            33.898037337142405,
            36.253476386103124,
            17.658942718697997,
            56.52526646139143,
            71.70947580033294,
            15.149343480007778,
            70.80889785823574,
            34.70484706985139,
            8.099582426324814,
            62.668562298780216,
            25.2559929339561,
            0.0,
            10.128735207243606
        ],
        [
            0.0,
            52.210346473677504,
            39.657075182167446,
            30.408396609894904,
            68.4287625917418,
            32.7718792705799,
            74.99760227010267,
            31.984767247465513,
            35.88419361701912,
            26.736301005200463,
            57.534859907197394,
            30.737781437879672,
            37.455333166251776,
            22.236857653252592,
            59.31936245270503,
            68.730174520244,
            11.70491213147777,
            67.74694121192212,
            29.07799046519907,
            15.191613856397177,
            69.70475623035954,
            17.110903160738115,
            10.128735207243606,
            0.0
        ]
    ],
    "scores_ave": [
        0,
        19.177453057966105,
        13.327461744692537,
        16.971831809106956,
        11.564179279625977,
        13.574113808635104,
        16.859323467317616,
        15.82549189789996,
        10.450503076517744,
        19.468577253572043,
        16.262023393267143,
        17.120925965276673,
        12.25618787399934,
        13.149752232528762,
        14.535203579087717,
        13.96218018560535,
        12.168354507619199,
        15.740221860815762,
        11.529823677271079,
        19.788577929272428,
        15.837582169961555,
        13.206857642676118,
        19.48253795485681,
        0
    ],
    "scores_var": [
        0,
        17.023277356869237,
        240.73262599788305,
        18.866094344288054,
        18.457827954850494,
        19.355976541989207,
        232.81269951956298,
        281.22017272916116,
        323.62170457258526,
        18.883919764386363,
        229.70640219978088,
        18.78398749645182,
        338.4917471146942,
        18.926479367171986,
        16.104181908285746,
        328.4668930267367,
        337.6581213708115,
        315.7561450091779,
        225.3591273130033,
        17.05729747995878,
        20.41333391546099,
        253.94433688213667,
        250.41832672888856,
        0
    ],
    "vertex_number": 24,
    "minimum_distances": {
        "cost": 428.5330011634652,
        "path": [
            0,
            16,
            21,
            9,
            10,
            1,
            7,
            18,
            11,
            17,
            15,
            14,
            20,
            6,
            4,
            2,
            12,
            3,
            13,
            5,
            8,
            19,
            22,
            23
        ]
    }
}