{
    "vertices": [
        [
            89.07298083119184,
            92.45674749412154
        ],
        [
            51.884607418555795,
            2.6845864229771754
        ],
        [
            28.504580650304746,
            61.70076766847783
        ],
        [
            61.58525158343486,
            43.677114088993996
        ],
        [
            12.278728864151866,
            38.900253058081816
        ],
        [
            7.166576865588825,
            52.31167188617071
        ],
        [
            61.52222523374806,
            45.594725835153646
        ],
        [
            70.91549162930781,
            57.49844804365467
        ],
        [
            49.0053992868294,
            5.279416939743841
        ],
        [
            86.85268206181775,
            69.6961733999802
        ],
        [
            92.20459572333743,
            69.12988870653635
        ],
        [
            17.509414871571018,
            53.00939709684859
        ],
        [
            97.75279868767012,
            85.05041185366939
        ],
        [
            81.18095904704789,
            72.28852223699467
        ],
        [
            54.05089974731311,
            83.41863262018883
        ],
        [
            22.86304377532752,
            3.8389676477149304
        ],
        [
            92.24833080458755,
            72.6916357204629
        ],
        [
            85.08919028030648,
            37.43782622645886
        ],
        [
            89.07298083119184,
            92.45674749412154
        ]
    ],
    "distances": [
        [
            0.0,
            97.17003663918803,
            67.92982699453523,
            55.991319812419405,
            93.62507800506644,
            91.21560231750179,
            54.360769015491826,
            39.392602282472374,
            95.9442445037813,
            22.868612981993078,
            23.536128669104627,
            81.71558863657675,
            11.410216721897575,
            21.657361747535482,
            36.169513183345174,
            110.6203718573017,
            20.01855366600604,
            55.16296116608126,
            0.0
        ],
        [
            97.17003663918803,
            0.0,
            63.47862081430187,
            42.12469372782141,
            53.6674959905083,
            66.80231933179567,
            43.97912847617756,
            58.02356400303097,
            3.875949545149285,
            75.58650033857354,
            77.72180937453324,
            60.94456851929694,
            94.27629696365528,
            75.51810444881491,
            80.76310443406159,
            29.044513290981076,
            80.80975879759005,
            48.06591307632854,
            97.17003663918803
        ],
        [
            67.92982699453523,
            63.47862081430187,
            0.0,
            37.67204371598759,
            27.984669601142027,
            23.312347053136637,
            36.73648645931416,
            42.618597587181306,
            60.03042880758464,
            58.89335659596544,
            64.1317687242658,
            14.015476906449532,
            73.07887235669106,
            53.729892869798434,
            33.53028597353341,
            58.13617496838337,
            64.68434790788089,
            61.567104645244825,
            67.92982699453523
        ],
        [
            55.991319812419405,
            42.12469372782141,
            37.67204371598759,
            0.0,
            49.537375626650004,
            55.09943508239917,
            1.9186472134721138,
            16.675810373108327,
            40.40588855810429,
            36.268919068653396,
            39.81693071156031,
            45.052978680544264,
            54.95308209246839,
            34.67858744543928,
            40.44940979490027,
            55.55616337915214,
            42.21453414199502,
            24.317973749839386,
            55.991319812419405
        ],
        [
            93.62507800506644,
            53.6674959905083,
            27.984669601142027,
            49.537375626650004,
            0.0,
            14.35270890942993,
            49.6964576249192,
            61.515549288765726,
            49.7916553413533,
            80.68248388115113,
            85.45159486300165,
            15.047525431607632,
            97.13729339987614,
            76.5656178904104,
            61.04752557743722,
            36.62405571159673,
            86.81586707939515,
            72.82514664503732,
            93.62507800506644
        ],
        [
            91.21560231750179,
            66.80231933179567,
            23.312347053136637,
            55.09943508239917,
            14.35270890942993,
            0.0,
            54.76909597368981,
            63.959571453065195,
            62.94855095188291,
            81.56038409809082,
            86.68516060011447,
            10.366345474061976,
            96.32075933389861,
            76.66292010902207,
            56.26528892830393,
            50.95078144285258,
            87.48855799030741,
            79.32947098076771,
            91.21560231750179
        ],
        [
            54.360769015491826,
            43.97912847617756,
            36.73648645931416,
            1.9186472134721138,
            49.6964576249192,
            54.76909597368981,
            0.0,
            15.163510675140914,
            42.21368336354653,
            34.96443647248996,
            38.66926105116228,
            44.63300153357338,
            53.56683313386876,
            33.15153965482024,
            38.554748462508265,
            56.90409170563169,
            40.96750039827844,
            24.93866180716262,
            54.360769015491826
        ],
        [
            39.392602282472374,
            58.02356400303097,
            42.618597587181306,
            16.675810373108327,
            61.515549288765726,
            63.959571453065195,
            15.163510675140914,
            0.0,
            56.6293153400881,
            20.069343356234477,
            24.25935623672991,
            53.59440841222426,
            38.462342101504746,
            18.003502879972693,
            30.923622488768046,
            72.03039345388679,
            26.190131329588013,
            24.56261959038315,
            39.392602282472374
        ],
        [
            95.9442445037813,
            3.875949545149285,
            60.03042880758464,
            40.40588855810429,
            49.7916553413533,
            62.94855095188291,
            42.21368336354653,
            56.6293153400881,
            0.0,
            74.71235056071608,
            77.09120129821545,
            57.18520822803578,
            93.48647270007903,
            74.33361849541188,
            78.30194187918869,
            26.182009965865102,
            80.08968951862065,
            48.334286591536824,
            95.9442445037813
        ],
        [
            22.868612981993078,
            75.58650033857354,
            58.89335659596544,
            36.268919068653396,
            80.68248388115113,
            81.56038409809082,
            34.96443647248996,
            20.069343356234477,
            74.71235056071608,
            0.0,
            5.381789497406032,
            71.32276780950599,
            18.829901246420047,
            6.236081658304379,
            35.556473532374355,
            91.8250802206677,
            6.171370987777758,
            32.30651429094277,
            22.868612981993078
        ],
        [
            23.536128669104627,
            77.72180937453324,
            64.1317687242658,
            39.81693071156031,
            85.45159486300165,
            86.68516060011447,
            38.66926105116228,
            24.25935623672991,
            77.09120129821545,
            5.381789497406032,
            0.0,
            76.41492192115429,
            16.859585208771563,
            11.467237302444364,
            40.74153555354579,
            95.24261230808303,
            3.562015517729624,
            32.48100704811736,
            23.536128669104627
        ],
        [
            81.71558863657675,
            60.94456851929694,
            14.015476906449532,
            45.052978680544264,
            15.047525431607632,
            10.366345474061976,
            44.63300153357338,
            53.59440841222426,
            57.18520822803578,
            71.32276780950599,
            76.41492192115429,
            0.0,
            86.40386144672358,
            66.52631211677914,
            47.539475407686886,
            49.4610197494084,
            77.28710158932995,
            69.35055777473384,
            81.71558863657675
        ],
        [
            11.410216721897575,
            94.27629696365528,
            73.07887235669106,
            54.95308209246839,
            97.13729339987614,
            96.32075933389861,
            53.56683313386876,
            38.462342101504746,
            93.48647270007903,
            18.829901246420047,
            16.859585208771563,
            86.40386144672358,
            0.0,
            20.91630215077915,
            43.73235272038306,
            110.47069322153997,
            13.529172708876247,
            49.26789307453187,
            11.410216721897575
        ],
        [
            21.657361747535482,
            75.51810444881491,
            53.729892869798434,
            34.67858744543928,
            76.5656178904104,
            76.66292010902207,
            33.15153965482024,
            18.003502879972693,
            74.33361849541188,
            6.236081658304379,
            11.467237302444364,
            66.52631211677914,
            20.91630215077915,
            0.0,
            29.324383620959747,
            89.92397213819207,
            11.074710745664666,
            35.06915002949735,
            21.657361747535482
        ],
        [
            36.169513183345174,
            80.76310443406159,
            33.53028597353341,
            40.44940979490027,
            61.04752557743722,
            56.26528892830393,
            38.554748462508265,
            30.923622488768046,
            78.30194187918869,
            35.556473532374355,
            40.74153555354579,
            47.539475407686886,
            43.73235272038306,
            29.324383620959747,
            0.0,
            85.47283449880733,
            39.67508288412217,
            55.476211440834575,
            36.169513183345174
        ],
        [
            110.6203718573017,
            29.044513290981076,
            58.13617496838337,
            55.55616337915214,
            36.62405571159673,
            50.95078144285258,
            56.90409170563169,
            72.03039345388679,
            26.182009965865102,
            91.8250802206677,
            95.24261230808303,
            49.4610197494084,
            110.47069322153997,
            89.92397213819207,
            85.47283449880733,
            0.0,
            97.74972100660344,
            70.7175834333551,
            110.6203718573017
        ],
        [
            20.01855366600604,
            80.80975879759005,
            64.68434790788089,
            42.21453414199502,
            86.81586707939515,
            87.48855799030741,
            40.96750039827844,
            26.190131329588013,
            80.08968951862065,
            6.171370987777758,
            3.562015517729624,
            77.28710158932995,
            13.529172708876247,
            11.074710745664666,
            39.67508288412217,
            97.74972100660344,
            0.0,
            35.97338428457813,
            20.01855366600604
        ],
        [
            55.16296116608126,
            48.06591307632854,
            61.567104645244825,
            24.317973749839386,
            72.82514664503732,
            79.32947098076771,
            24.93866180716262,
            24.56261959038315,
            48.334286591536824,
            32.30651429094277,
            32.48100704811736,
            69.35055777473384,
            49.26789307453187,
            35.06915002949735,
            55.476211440834575,
            70.7175834333551,
            35.97338428457813,
            0.0,
            55.16296116608126
        ],
        [
            0.0,
            97.17003663918803,
            67.92982699453523,
            55.991319812419405,
            93.62507800506644,
            91.21560231750179,
            54.360769015491826,
            39.392602282472374,
            95.9442445037813,
            22.868612981993078,
            23.536128669104627,
            81.71558863657675,
            11.410216721897575,
            21.657361747535482,
            36.169513183345174,
            110.6203718573017,
            20.01855366600604,
            55.16296116608126,
            0.0
        ]
    ],
    "scores_ave": [
        0,
        13.760229565017355,
        12.568189161506366,
        16.261489702764376,
        17.58079494710234,
        15.763414576732394,
        12.979475430614425,
        19.087204265149435,
        19.49258902522415,
        14.497073777465738,
        13.891606818691042,
        18.71005511560058,
        17.482541410527872,
        14.016289544792048,
        10.891235398909267,
        10.901166518493971,
        16.960302586112714,
        13.864395581763151,
        0
    ],
    "scores_var": [
        0,
        23.67270098338294,
        16.352724110967888,
        286.88645710683153,
        24.29668520120693,
        295.16599156359825,
        21.131326436694227,
        325.4559204449208,
        388.57447041556554,
        18.16844757363451,
        332.23993887545726,
        245.6436039048467,
        365.89054114986084,
        254.32454104787817,
        398.71032677536357,
        381.6762242478635,
        255.09822851829756,
        234.48158204001484,
        0
    ],
    "vertex_number": 19,
    "minimum_distances": {
        "cost": 333.3471603715061,
        "path": [
            0,
            12,
            16,
            10,
            9,
            7,
            6,
            3,
            17,
            1,
            8,
            15,
            4,
            5,
            11,
            2,
            14,
            13,
            18
        ]
    }
}