{
    "vertices": [
        [
            96.44114181532375,
            46.46369232713104
        ],
        [
            53.09865834168771,
            83.73707746550178
        ],
        [
            72.88909742403743,
            19.471379554077373
        ],
        [
            64.0353293610465,
            14.298045232284274
        ],
        [
            82.15718840717675,
            32.37659019493433
        ],
        [
            13.254874279595874,
            21.966097524593607
        ],
        [
            85.6554389356947,
            41.37963145680976
        ],
        [
            36.354398580284034,
            69.15772518315686
        ],
        [
            54.26184934528507,
            96.05289370298087
        ],
        [
            26.459087552492665,
            65.00989234639589
        ],
        [
            83.49824753005102,
            75.518647239109
        ],
        [
            30.057547609496773,
            92.04170568603904
        ],
        [
            10.009834914922855,
            88.96238607556975
        ],
        [
            70.16720675267163,
            6.8010857254998
        ],
        [
            87.4063424726605,
            97.0450005374882
        ],
        [
            88.87994592312157,
            33.0878595374567
        ],
        [
            13.5174298449383,
            66.1909719345914
        ],
        [
            85.91982714436558,
            60.43697966252854
        ],
        [
            77.18240600036312,
            37.06619687921835
        ],
        [
            67.49591879556861,
            22.137211236877008
        ],
        [
            96.44114181532375,
            46.46369232713104
        ]
    ],
    "distances": [
        [
            0.0,
            57.165340140121,
            35.82294996015093,
            45.65923273393909,
            20.061848654823798,
            86.71843666507718,
            11.923886176107612,
            64.22955581244486,
            65.10131800791476,
            72.39785531354097,
            31.807372060841768,
            80.52413850162385,
            96.31463950425642,
            47.575645304212344,
            51.38186780794693,
            15.365044293381725,
            85.23794675881375,
            17.491449950272838,
            21.42922830817729,
            37.81009941666181,
            0.0
        ],
        [
            57.165340140121,
            0.0,
            67.24389494307015,
            70.29502095078644,
            59.01099746858252,
            73.50633368116439,
            53.423751225700826,
            22.201976216771303,
            12.370624192263026,
            32.563387328682424,
            31.49091326410433,
            24.492032044206297,
            43.404499241131326,
            78.80661247557691,
            36.798342448003154,
            62.01325517748505,
            43.29595210425256,
            40.250759982912044,
            52.518549065886056,
            63.2599765093329,
            57.165340140121
        ],
        [
            35.82294996015093,
            67.24389494307015,
            0.0,
            10.25439402979429,
            15.888422582391115,
            59.68638192915923,
            25.35647800909742,
            61.672661379059214,
            78.81435580099662,
            65.0346212721186,
            57.04253045692765,
            84.26739520368929,
            93.71660280366675,
            12.959360884293606,
            78.92032106041921,
            21.002756077677788,
            75.54942238908538,
            42.98814149611236,
            18.1110489822272,
            6.016064683793811,
            35.82294996015093
        ],
        [
            45.65923273393909,
            70.29502095078644,
            10.25439402979429,
            0.0,
            25.59756947943247,
            51.35614514580329,
            34.653159314212665,
            61.44768842846356,
            82.3369671537946,
            63.116284635424634,
            64.23991978303988,
            84.84436571455205,
            92.16028343983348,
            9.685263145226857,
            85.98408495846571,
            31.149832964871536,
            72.42191666374637,
            51.06596237795267,
            26.29133609343298,
            8.569025783710103,
            45.65923273393909
        ],
        [
            20.061848654823798,
            59.01099746858252,
            15.888422582391115,
            25.59756947943247,
            0.0,
            69.68434006127235,
            9.658804725394738,
            58.74306296873149,
            69.5184980406421,
            64.55393751063637,
            43.162895240864756,
            79.21047012746574,
            91.6907460509575,
            28.246523484164115,
            64.88109828475557,
            6.760279039788578,
            76.51685348939566,
            28.31153311531656,
            6.8367295433140995,
            17.88288869481022,
            20.061848654823798
        ],
        [
            86.71843666507718,
            73.50633368116439,
            59.68638192915923,
            51.35614514580329,
            69.68434006127235,
            0.0,
            74.9581687493715,
            52.54177142029525,
            84.67836424976544,
            45.02354407215803,
            88.32897070909634,
            72.06192260984854,
            67.07483104774796,
            58.898142333969815,
            105.52384523323015,
            76.43850503090154,
            44.225653777021435,
            82.22046063669362,
            65.68669813919132,
            54.24131442070949,
            86.71843666507718
        ],
        [
            11.923886176107612,
            53.423751225700826,
            25.35647800909742,
            34.653159314212665,
            9.658804725394738,
            74.9581687493715,
            0.0,
            56.58811775625299,
            63.045404844521975,
            63.738506781955834,
            34.207102673928105,
            75.21815794824845,
            89.36652586274427,
            37.888799942034666,
            55.692898812002156,
            8.896680666098824,
            76.28561444913753,
            19.05918208525479,
            9.507786544636717,
            26.45824838571371,
            11.923886176107612
        ],
        [
            64.22955581244486,
            22.201976216771303,
            61.672661379059214,
            61.44768842846356,
            58.74306296873149,
            52.54177142029525,
            56.58811775625299,
            0.0,
            32.311404838085714,
            10.729477973249306,
            47.571039753197994,
            23.734508543565767,
            32.95846822565844,
            70.93417005192148,
            58.17216775983727,
            63.7178807821127,
            23.0288680976081,
            50.32676336877457,
            51.930649704933586,
            56.39789901309512,
            64.22955581244486
        ],
        [
            65.10131800791476,
            12.370624192263026,
            78.81435580099662,
            82.3369671537946,
            69.5184980406421,
            84.67836424976544,
            63.045404844521975,
            32.311404838085714,
            0.0,
            41.673270768343755,
            35.72705216859096,
            24.53442177481145,
            44.81647107436462,
            90.65795950442443,
            33.15933806097029,
            71.85407530640165,
            50.515760828890336,
            47.65208170965843,
            63.283349465377675,
            75.0910694333542,
            65.10131800791476
        ],
        [
            72.39785531354097,
            32.563387328682424,
            65.0346212721186,
            63.116284635424634,
            64.55393751063637,
            45.02354407215803,
            63.738506781955834,
            10.729477973249306,
            41.673270768343755,
            0.0,
            57.99913534131881,
            27.270274058233507,
            29.056838578563752,
            72.7919284828059,
            68.85358406879712,
            70.10976920787218,
            12.995439708342053,
            59.63632352205155,
            57.91118329585775,
            59.347184465576724,
            72.39785531354097
        ],
        [
            31.807372060841768,
            31.49091326410433,
            57.04253045692765,
            64.23991978303988,
            43.162895240864756,
            88.32897070909634,
            34.207102673928105,
            47.571039753197994,
            35.72705216859096,
            57.99913534131881,
            0.0,
            55.93674881899548,
            74.70797081031108,
            69.9987136209289,
            21.878233301779446,
            42.77071921977308,
            70.59971933700227,
            15.274840251830529,
            38.96768908862809,
            55.72837907733215,
            31.807372060841768
        ],
        [
            80.52413850162385,
            24.492032044206297,
            84.26739520368929,
            84.84436571455205,
            79.21047012746574,
            72.06192260984854,
            75.21815794824845,
            23.734508543565767,
            24.53442177481145,
            27.270274058233507,
            55.93674881899548,
            0.0,
            20.282825087930945,
            94.20588117436591,
            57.5666329710864,
            83.28043299045368,
            30.689345564115516,
            64.18296488830183,
            72.40896938175564,
            79.29861273224783,
            80.52413850162385
        ],
        [
            96.31463950425642,
            43.404499241131326,
            93.71660280366675,
            92.16028343983348,
            91.6907460509575,
            67.07483104774796,
            89.36652586274427,
            32.95846822565844,
            44.81647107436462,
            29.056838578563752,
            74.70797081031108,
            20.282825087930945,
            0.0,
            101.83019523520306,
            77.81740190134178,
            96.6563868883163,
            23.039976653048477,
            81.09269838464638,
            84.88444356495498,
            88.14904328553143,
            96.31463950425642
        ],
        [
            47.575645304212344,
            78.80661247557691,
            12.959360884293606,
            9.685263145226857,
            28.246523484164115,
            58.898142333969815,
            37.888799942034666,
            70.93417005192148,
            90.65795950442443,
            72.7919284828059,
            69.9987136209289,
            94.20588117436591,
            101.83019523520306,
            0.0,
            91.87574196144277,
            32.267027825665544,
            82.07530571143067,
            55.90128949880323,
            31.067506717336528,
            15.567033277104487,
            47.575645304212344
        ],
        [
            51.38186780794693,
            36.798342448003154,
            78.92032106041921,
            85.98408495846571,
            64.88109828475557,
            105.52384523323015,
            55.692898812002156,
            58.17216775983727,
            33.15933806097029,
            68.85358406879712,
            21.878233301779446,
            57.5666329710864,
            77.81740190134178,
            91.87574196144277,
            0.0,
            63.97411501558362,
            80.07210806726358,
            36.63818936850917,
            60.843946003418104,
            77.5087212441675,
            51.38186780794693
        ],
        [
            15.365044293381725,
            62.01325517748505,
            21.002756077677788,
            31.149832964871536,
            6.760279039788578,
            76.43850503090154,
            8.896680666098824,
            63.7178807821127,
            71.85407530640165,
            70.10976920787218,
            42.77071921977308,
            83.28043299045368,
            96.6563868883163,
            32.267027825665544,
            63.97411501558362,
            0.0,
            82.31236164763932,
            27.50884720957884,
            12.355549694343145,
            24.024847853730723,
            15.365044293381725
        ],
        [
            85.23794675881375,
            43.29595210425256,
            75.54942238908538,
            72.42191666374637,
            76.51685348939566,
            44.225653777021435,
            76.28561444913753,
            23.0288680976081,
            50.515760828890336,
            12.995439708342053,
            70.59971933700227,
            30.689345564115516,
            23.039976653048477,
            82.07530571143067,
            80.07210806726358,
            82.31236164763932,
            0.0,
            72.63067920494116,
            70.01058284928709,
            69.6736040477655,
            85.23794675881375
        ],
        [
            17.491449950272838,
            40.250759982912044,
            42.98814149611236,
            51.06596237795267,
            28.31153311531656,
            82.22046063669362,
            19.05918208525479,
            50.32676336877457,
            47.65208170965843,
            59.63632352205155,
            15.274840251830529,
            64.18296488830183,
            81.09269838464638,
            55.90128949880323,
            36.63818936850917,
            27.50884720957884,
            72.63067920494116,
            0.0,
            24.950671657338795,
            42.500737173646826,
            17.491449950272838
        ],
        [
            21.42922830817729,
            52.518549065886056,
            18.1110489822272,
            26.29133609343298,
            6.8367295433140995,
            65.68669813919132,
            9.507786544636717,
            51.930649704933586,
            63.283349465377675,
            57.91118329585775,
            38.96768908862809,
            72.40896938175564,
            84.88444356495498,
            31.067506717336528,
            60.843946003418104,
            12.355549694343145,
            70.01058284928709,
            24.950671657338795,
            0.0,
            17.796141342377613,
            21.42922830817729
        ],
        [
            37.81009941666181,
            63.2599765093329,
            6.016064683793811,
            8.569025783710103,
            17.88288869481022,
            54.24131442070949,
            26.45824838571371,
            56.39789901309512,
            75.0910694333542,
            59.347184465576724,
            55.72837907733215,
            79.29861273224783,
            88.14904328553143,
            15.567033277104487,
            77.5087212441675,
            24.024847853730723,
            69.6736040477655,
            42.500737173646826,
            17.796141342377613,
            0.0,
            37.81009941666181
        ],
        [
            0.0,
            57.165340140121,
            35.82294996015093,
            45.65923273393909,
            20.061848654823798,
            86.71843666507718,
            11.923886176107612,
            64.22955581244486,
            65.10131800791476,
            72.39785531354097,
            31.807372060841768,
            80.52413850162385,
            96.31463950425642,
            47.575645304212344,
            51.38186780794693,
            15.365044293381725,
            85.23794675881375,
            17.491449950272838,
            21.42922830817729,
            37.81009941666181,
            0.0
        ]
    ],
    "scores_ave": [
        0,
        16.152813051334217,
        19.063405475376747,
        15.806211843361881,
        18.178850212770946,
        11.318008363074114,
        10.780073445569936,
        19.19904053949804,
        15.906567243932853,
        10.555701279213277,
        11.526028478832536,
        11.289229729985202,
        14.419786197624571,
        14.705626364403344,
        11.435040954797204,
        19.749402890488085,
        11.368110593870858,
        13.409827927142533,
        18.26999603797283,
        14.53017273872355,
        0
    ],
    "scores_var": [
        0,
        372.0700272124586,
        247.27962964142714,
        17.010716286142408,
        281.1975570226143,
        23.605464850280637,
        226.5771707732403,
        319.8681866873871,
        371.0643302363967,
        16.60298556526357,
        21.960895658827052,
        23.353527686805933,
        17.114790019085756,
        20.111052810516664,
        310.76420603706157,
        21.595056132049656,
        16.37275481309427,
        22.25684594843491,
        349.2162242609635,
        22.907484633950357,
        0
    ],
    "vertex_number": 21,
    "minimum_distances": {
        "cost": 380.1552201501754,
        "path": [
            0,
            17,
            10,
            14,
            8,
            1,
            7,
            9,
            11,
            12,
            16,
            5,
            3,
            13,
            2,
            19,
            18,
            4,
            15,
            6,
            20
        ]
    }
}