{
    "vertices": [
        [
            78.1607040599573,
            78.33371137756596
        ],
        [
            40.27717476166088,
            27.139869686684438
        ],
        [
            17.723087152047867,
            65.95297131095974
        ],
        [
            96.61172891655696,
            60.09080623726446
        ],
        [
            32.672733949508626,
            31.08238029535072
        ],
        [
            36.443796498548465,
            35.29204121216911
        ],
        [
            35.072780623629285,
            72.73625980685851
        ],
        [
            68.88316717222578,
            89.66114603000726
        ],
        [
            30.555471254590692,
            44.71143790400836
        ],
        [
            10.822149846676943,
            42.27463168042526
        ],
        [
            78.05744310815011,
            22.74681503674516
        ],
        [
            97.51753314086915,
            21.48840808608662
        ],
        [
            32.562969504215886,
            23.83026339682107
        ],
        [
            48.45424668044448,
            54.0633430771566
        ],
        [
            70.17542849739512,
            88.27654999841876
        ],
        [
            84.11292646708782,
            84.59306723415881
        ],
        [
            14.29204275123741,
            0.17399034391362145
        ],
        [
            32.07642990377014,
            28.896449551706226
        ],
        [
            30.026946635011154,
            39.32682442678453
        ],
        [
            89.87819550371755,
            60.06002254861009
        ],
        [
            10.086314839101906,
            90.75021763741276
        ],
        [
            78.1607040599573,
            78.33371137756596
        ]
    ],
    "distances": [
        [
            0.0,
            63.686507355686594,
            61.69269212884204,
            25.946944063162764,
            65.58844192241642,
            59.94068524061051,
            43.4499782524834,
            14.641839587584165,
            58.28134747913647,
            76.38545746501518,
            55.586992252048724,
            60.050606477935816,
            71.06179872762594,
            38.36045343160489,
            12.752437635619893,
            8.637620466506377,
            100.9363556377301,
            67.58552493945155,
            61.954788623919946,
            21.707770708944327,
            69.19748619345451,
            0.0
        ],
        [
            63.686507355686594,
            0.0,
            44.89035225522764,
            65.2636668552363,
            8.565682107396528,
            9.008478755540573,
            45.89244502459077,
            68.75472927291209,
            20.08162166498137,
            33.11584988112952,
            38.034820960405334,
            57.5186721474273,
            8.394191834113345,
            28.137837951278737,
            68.05585394354809,
            72.2664724198501,
            37.44844101331868,
            8.386762727442656,
            15.924479347394984,
            59.53148514111241,
            70.4113938881791,
            63.686507355686594
        ],
        [
            61.69269212884204,
            44.89035225522764,
            0.0,
            79.1061488052623,
            37.940085096724566,
            35.92433148938307,
            18.628603446754337,
            56.38644638722936,
            24.816785110763746,
            24.66346900481763,
            74.20920730360554,
            91.34687183172534,
            44.66032501276752,
            32.95098519768127,
            57.00517764224579,
            68.95697165843993,
            65.86840215720547,
            39.739202974423726,
            29.331495974023873,
            72.39534865139383,
            25.94655500706338,
            61.69269212884204
        ],
        [
            25.946944063162764,
            65.2636668552363,
            79.1061488052623,
            0.0,
            70.21170737863967,
            65.0780979917816,
            62.824753505130325,
            40.53736710576372,
            67.82296179491159,
            87.62002027406156,
            41.69934292821063,
            38.61302402447703,
            73.60075101073072,
            48.533219628085114,
            38.64342287144896,
            27.506014917301012,
            101.81628335956093,
            71.67909533256984,
            69.74723056944123,
            6.733603779352619,
            91.79676894465622,
            25.946944063162764
        ],
        [
            65.58844192241642,
            8.565682107396528,
            37.940085096724566,
            70.21170737863967,
            0.0,
            5.651739359114068,
            41.72296612654914,
            68.8670259933782,
            13.792534669863983,
            24.55024473812071,
            46.14383462170161,
            65.55068485469853,
            7.252947521069605,
            27.87796252338821,
            68.3931659332672,
            74.22591880811405,
            35.9607894562439,
            2.265804874867705,
            8.658582421498867,
            64.12619263754833,
            63.79966411596318,
            65.58844192241642
        ],
        [
            59.94068524061051,
            9.008478755540573,
            35.92433148938307,
            65.0780979917816,
            5.651739359114068,
            0.0,
            37.469309984254636,
            63.31123382463263,
            11.108438603911111,
            26.556079281413904,
            43.46352820401667,
            62.61422837450787,
            12.100957352554587,
            22.284808441588382,
            62.8106771864926,
            68.57796379871891,
            41.52081033490182,
            7.744513132571215,
            7.57993652744673,
            58.895567715456345,
            61.402981782984384,
            59.94068524061051
        ],
        [
            43.4499782524834,
            45.89244502459077,
            18.628603446754337,
            62.824753505130325,
            41.72296612654914,
            37.469309984254636,
            0.0,
            37.80997239131557,
            28.386558907730844,
            38.93589450870723,
            65.92894506461016,
            80.78173941512746,
            48.970354672125126,
            22.972623990830446,
            38.38875495490184,
            50.45314446806825,
            75.47928203244972,
            43.94208780706893,
            33.7883236200915,
            56.25229320841956,
            30.803021753106368,
            43.4499782524834
        ],
        [
            14.641839587584165,
            68.75472927291209,
            56.38644638722936,
            40.53736710576372,
            68.8670259933782,
            63.31123382463263,
            37.80997239131557,
            0.0,
            59.07189293536472,
            74.94373539583428,
            67.54032152147573,
            73.94220116548247,
            75.18551633730826,
            41.0432012339377,
            1.893949709791427,
            16.050887541203608,
            104.82433829190144,
            71.04283388526369,
            63.58733997969497,
            36.2907388461721,
            58.80693769657821,
            14.641839587584165
        ],
        [
            58.28134747913647,
            20.08162166498137,
            24.816785110763746,
            67.82296179491159,
            13.792534669863983,
            11.108438603911111,
            28.386558907730844,
            59.07189293536472,
            0.0,
            19.88320895527984,
            52.33432895984674,
            70.87472642618008,
            20.97745213370434,
            20.194659990024693,
            58.88684066682635,
            66.77533501874889,
            47.41395724733249,
            15.88795681627962,
            5.41048986438402,
            61.276134529932996,
            50.38408085598737,
            58.28134747913647
        ],
        [
            76.38545746501518,
            33.11584988112952,
            24.66346900481763,
            87.62002027406156,
            24.55024473812071,
            26.556079281413904,
            38.93589450870723,
            74.94373539583428,
            19.88320895527984,
            0.0,
            70.01371496232356,
            89.1524344919461,
            28.510663983198565,
            39.43537027214883,
            75.09319659945996,
            84.63089226363186,
            42.24339188221882,
            25.11414298387518,
            19.429714029954965,
            81.03195964100956,
            48.4811704379304,
            76.38545746501518
        ],
        [
            55.586992252048724,
            38.034820960405334,
            74.20920730360554,
            41.69934292821063,
            46.14383462170161,
            43.46352820401667,
            65.92894506461016,
            67.54032152147573,
            52.33432895984674,
            70.01371496232356,
            0.0,
            19.500735681891506,
            45.5073729064645,
            43.093783394396915,
            66.00206298648052,
            62.14199698735521,
            67.64287617547518,
            46.39042552045589,
            50.81166502713729,
            39.14084365494447,
            96.14851555503022,
            55.586992252048724
        ],
        [
            60.050606477935816,
            57.5186721474273,
            91.34687183172534,
            38.61302402447703,
            65.55068485469853,
            62.61422837450787,
            80.78173941512746,
            73.94220116548247,
            70.87472642618008,
            89.1524344919461,
            19.500735681891506,
            0.0,
            64.99676625436418,
            58.892550190751,
            72.16818264606988,
            64.51264594072354,
            85.9115047841821,
            65.85906977208978,
            69.80822562169003,
            39.32084589349459,
            111.54109644456366,
            60.050606477935816
        ],
        [
            71.06179872762594,
            8.394191834113345,
            44.66032501276752,
            73.60075101073072,
            7.252947521069605,
            12.100957352554587,
            48.970354672125126,
            75.18551633730826,
            20.97745213370434,
            28.510663983198565,
            45.5073729064645,
            64.99676625436418,
            0.0,
            34.15511377889467,
            74.61917265856584,
            79.6838527748799,
            29.890567394521295,
            5.089495352070964,
            15.702700906166164,
            67.80582998216741,
            70.59376941697954,
            71.06179872762594
        ],
        [
            38.36045343160489,
            28.137837951278737,
            32.95098519768127,
            48.533219628085114,
            27.87796252338821,
            22.284808441588382,
            22.972623990830446,
            41.0432012339377,
            20.194659990024693,
            39.43537027214883,
            43.093783394396915,
            58.892550190751,
            34.15511377889467,
            0.0,
            40.52595794502738,
            46.942576636024256,
            63.805317296512314,
            30.026744946658326,
            23.59513443270012,
            41.85574871862285,
            53.085072843332135,
            38.36045343160489
        ],
        [
            12.752437635619893,
            68.05585394354809,
            57.00517764224579,
            38.64342287144896,
            68.3931659332672,
            62.8106771864926,
            38.38875495490184,
            1.893949709791427,
            58.88684066682635,
            75.09319659945996,
            66.00206298648052,
            72.16818264606988,
            74.61917265856584,
            40.52595794502738,
            0.0,
            14.416029097146975,
            104.33126961812312,
            70.55161247553954,
            63.30857942958818,
            34.4146981540044,
            60.14000841226651,
            12.752437635619893
        ],
        [
            8.637620466506377,
            72.2664724198501,
            68.95697165843993,
            27.506014917301012,
            74.22591880811405,
            68.57796379871891,
            50.45314446806825,
            16.050887541203608,
            66.77533501874889,
            84.63089226363186,
            62.14199698735521,
            64.51264594072354,
            79.6838527748799,
            46.942576636024256,
            14.416029097146975,
            0.0,
            109.55152370397883,
            76.22276691284213,
            70.52890153895754,
            25.201361245136177,
            74.28223024525414,
            8.637620466506377
        ],
        [
            100.9363556377301,
            37.44844101331868,
            65.86840215720547,
            101.81628335956093,
            35.9607894562439,
            41.52081033490182,
            75.47928203244972,
            104.82433829190144,
            47.41395724733249,
            42.24339188221882,
            67.64287617547518,
            85.9115047841821,
            29.890567394521295,
            63.805317296512314,
            104.33126961812312,
            109.55152370397883,
            0.0,
            33.7826003933161,
            42.19634601422754,
            96.4344510076311,
            90.67381704767112,
            100.9363556377301
        ],
        [
            67.58552493945155,
            8.386762727442656,
            39.739202974423726,
            71.67909533256984,
            2.265804874867705,
            7.744513132571215,
            43.94208780706893,
            71.04283388526369,
            15.88795681627962,
            25.11414298387518,
            46.39042552045589,
            65.85906977208978,
            5.089495352070964,
            30.026744946658326,
            70.55161247553954,
            76.22276691284213,
            33.7826003933161,
            0.0,
            10.62982133921299,
            65.66743780904368,
            65.64643011586934,
            67.58552493945155
        ],
        [
            61.954788623919946,
            15.924479347394984,
            29.331495974023873,
            69.74723056944123,
            8.658582421498867,
            7.57993652744673,
            33.7883236200915,
            63.58733997969497,
            5.41048986438402,
            19.429714029954965,
            50.81166502713729,
            69.80822562169003,
            15.702700906166164,
            23.59513443270012,
            63.30857942958818,
            70.52890153895754,
            42.19634601422754,
            10.62982133921299,
            0.0,
            63.34064647209325,
            55.15427604197985,
            61.954788623919946
        ],
        [
            21.707770708944327,
            59.53148514111241,
            72.39534865139383,
            6.733603779352619,
            64.12619263754833,
            58.895567715456345,
            56.25229320841956,
            36.2907388461721,
            61.276134529932996,
            81.03195964100956,
            39.14084365494447,
            39.32084589349459,
            67.80582998216741,
            41.85574871862285,
            34.4146981540044,
            25.201361245136177,
            96.4344510076311,
            65.66743780904368,
            63.34064647209325,
            0.0,
            85.4905392109854,
            21.707770708944327
        ],
        [
            69.19748619345451,
            70.4113938881791,
            25.94655500706338,
            91.79676894465622,
            63.79966411596318,
            61.402981782984384,
            30.803021753106368,
            58.80693769657821,
            50.38408085598737,
            48.4811704379304,
            96.14851555503022,
            111.54109644456366,
            70.59376941697954,
            53.085072843332135,
            60.14000841226651,
            74.28223024525414,
            90.67381704767112,
            65.64643011586934,
            55.15427604197985,
            85.4905392109854,
            0.0,
            69.19748619345451
        ],
        [
            0.0,
            63.686507355686594,
            61.69269212884204,
            25.946944063162764,
            65.58844192241642,
            59.94068524061051,
            43.4499782524834,
            14.641839587584165,
            58.28134747913647,
            76.38545746501518,
            55.586992252048724,
            60.050606477935816,
            71.06179872762594,
            38.36045343160489,
            12.752437635619893,
            8.637620466506377,
            100.9363556377301,
            67.58552493945155,
            61.954788623919946,
            21.707770708944327,
            69.19748619345451,
            0.0
        ]
    ],
    "scores_ave": [
        0,
        10.320792903600454,
        12.137021352655074,
        18.572109933772,
        10.25040910105322,
        18.075607410165414,
        14.936940818246619,
        13.673871731099503,
        14.245292174952333,
        16.04008098895671,
        16.097605941435752,
        12.673601978008081,
        14.464964175910747,
        12.16951530188606,
        19.239630971216947,
        18.09696029600601,
        14.584401706336465,
        12.973605102225871,
        18.044716755754358,
        17.71322975814734,
        18.710448488816738,
        0
    ],
    "scores_var": [
        0,
        291.05330071055465,
        382.5677660299716,
        22.322791461103343,
        20.528620602172275,
        18.524657752281513,
        24.997417631598758,
        17.15879223539143,
        347.8499450452516,
        368.5941492775306,
        20.459698156904633,
        20.949823681334856,
        391.7191398306468,
        16.66594695222743,
        21.252782092307775,
        296.4929422339136,
        18.75369889987206,
        332.3307681004265,
        23.28252547082655,
        256.3422548773512,
        244.70957994314588,
        0
    ],
    "vertex_number": 22,
    "minimum_distances": {
        "cost": 407.82496462131417,
        "path": [
            0,
            19,
            3,
            11,
            10,
            1,
            12,
            16,
            17,
            4,
            5,
            18,
            8,
            9,
            2,
            20,
            6,
            13,
            7,
            14,
            15,
            21
        ]
    }
}