{
    "vertices": [
        [
            49.64794894179525,
            86.22037620219778
        ],
        [
            14.85705448256136,
            0.4288290058087396
        ],
        [
            75.57415586641557,
            19.880027418075407
        ],
        [
            50.42475872250104,
            3.5219584203380783
        ],
        [
            45.77050597785052,
            33.904539382183415
        ],
        [
            14.975723984825306,
            80.81983287189996
        ],
        [
            5.458815755208857,
            10.496854424425994
        ],
        [
            91.46312207970975,
            57.27016091858711
        ],
        [
            11.277068617477681,
            26.371413633617724
        ],
        [
            39.80172667762727,
            14.658480221029013
        ],
        [
            39.11953497133449,
            11.142174275378757
        ],
        [
            91.13375706025548,
            91.54358426398225
        ],
        [
            44.85210109188016,
            61.720208127265394
        ],
        [
            37.909880694005814,
            10.98515947746076
        ],
        [
            14.945046455197764,
            88.18003471794972
        ],
        [
            2.8510184845615294,
            60.10958179895315
        ],
        [
            69.9320999678179,
            38.32310868017347
        ],
        [
            49.64794894179525,
            86.22037620219778
        ]
    ],
    "distances": [
        [
            0.0,
            92.57751296953165,
            71.22647037651969,
            82.70206609909096,
            52.45933040095933,
            35.09029854146518,
            87.67400551024545,
            50.858860285314805,
            71.09305716733807,
            72.23609242819698,
            75.81282150993725,
            41.82593476912079,
            24.965143546542475,
            76.14538779077766,
            34.75818899903522,
            53.58849022493244,
            52.01533445939631,
            0.0
        ],
        [
            92.57751296953165,
            0.0,
            63.756690002936914,
            35.70194720844859,
            45.566047322041385,
            80.39109145327399,
            13.772872866843414,
            95.39091469483614,
            26.188432483927514,
            28.71793245737085,
            26.522513574944494,
            118.82774920818314,
            68.23735029809804,
            25.35485967939459,
            87.75124982882998,
            60.87640884892671,
            66.8523527427573,
            92.57751296953165
        ],
        [
            71.22647037651969,
            63.756690002936914,
            0.0,
            30.001309938685534,
            32.93849545002886,
            85.94085079435577,
            70.74040468034477,
            40.626116360209615,
            64.62393924620244,
            36.151504051669214,
            37.48719064090314,
            73.33325691061229,
            51.908047269640456,
            38.70033979106613,
            91.32787036365353,
            83.1087946991413,
            19.286784107342864,
            71.22647037651969
        ],
        [
            82.70206609909096,
            35.70194720844859,
            30.001309938685534,
            0.0,
            30.73700204174398,
            85.03878796503608,
            45.5036833806409,
            67.6240825359655,
            45.328128619022166,
            15.390611672174677,
            13.633626580677412,
            96.9795296019824,
            58.46444032074525,
            14.57125739554242,
            91.79215579221825,
            73.92847813844762,
            39.895568950309276,
            82.70206609909096
        ],
        [
            52.45933040095933,
            45.566047322041385,
            32.93849545002886,
            30.73700204174398,
            0.0,
            56.11918888601465,
            46.61493412724989,
            51.32024392005886,
            35.30644706675635,
            20.150362765206705,
            23.714145158217175,
            73.34905618787018,
            27.83082634904513,
            24.229886608690997,
            62.41825332965906,
            50.28704261289673,
            24.56229587756748,
            52.45933040095933
        ],
        [
            35.09029854146518,
            80.39109145327399,
            85.94085079435577,
            85.03878796503608,
            56.11918888601465,
            0.0,
            70.9640249702258,
            80.03067609631935,
            54.573898606148276,
            70.66579791027566,
            73.74211630029103,
            76.9093287308991,
            35.459745831418594,
            73.50413017014245,
            7.360265778178012,
            23.998395424957504,
            69.47067603105441,
            35.09029854146518
        ],
        [
            87.67400551024545,
            13.772872866843414,
            70.74040468034477,
            45.5036833806409,
            46.61493412724989,
            70.9640249702258,
            0.0,
            97.90037235248556,
            16.90720841698692,
            34.59414198814761,
            33.666904459080925,
            117.93543990382705,
            64.61936934219176,
            32.45473859834395,
            78.26023941574371,
            49.68121701552763,
            70.22182568877975,
            87.67400551024545
        ],
        [
            50.858860285314805,
            95.39091469483614,
            40.626116360209615,
            67.6240825359655,
            51.32024392005886,
            80.03067609631935,
            97.90037235248556,
            0.0,
            85.93332155589205,
            66.96756757387082,
            69.76849047477003,
            34.27500589538559,
            46.822966562226235,
            70.78312667098382,
            82.52536698234707,
            88.65758407769263,
            28.680580567832845,
            50.858860285314805
        ],
        [
            71.09305716733807,
            26.188432483927514,
            64.62393924620244,
            45.328128619022166,
            35.30644706675635,
            54.573898606148276,
            16.90720841698692,
            85.93332155589205,
            0.0,
            30.83583834722504,
            31.735353536650308,
            103.07522744927721,
            48.75264175212782,
            30.757820079802798,
            61.917361876654084,
            34.77444912568521,
            59.86030167978825,
            71.09305716733807
        ],
        [
            72.23609242819698,
            28.71793245737085,
            36.151504051669214,
            15.390611672174677,
            20.150362765206705,
            70.66579791027566,
            34.59414198814761,
            66.96756757387082,
            30.83583834722504,
            0.0,
            3.581870046156058,
            92.44618200282157,
            47.331939694510396,
            4.13187203466824,
            77.60975149634098,
            58.57608275239881,
            38.31258324252729,
            72.23609242819698
        ],
        [
            75.81282150993725,
            26.522513574944494,
            37.48719064090314,
            13.633626580677412,
            23.714145158217175,
            73.74211630029103,
            33.666904459080925,
            69.76849047477003,
            31.735353536650308,
            3.581870046156058,
            0.0,
            95.75941743594258,
            50.90186462841041,
            1.2198020812512111,
            80.7417973331401,
            60.93613285835533,
            41.08792227382966,
            75.81282150993725
        ],
        [
            41.82593476912079,
            118.82774920818314,
            73.33325691061229,
            96.9795296019824,
            73.34905618787018,
            76.9093287308991,
            117.93543990382705,
            34.27500589538559,
            103.07522744927721,
            92.44618200282157,
            95.75941743594258,
            0.0,
            55.05838213539464,
            96.55278773570171,
            76.26292080172283,
            93.71199731835713,
            57.28812516422662,
            41.82593476912079
        ],
        [
            24.965143546542475,
            68.23735029809804,
            51.908047269640456,
            58.46444032074525,
            27.83082634904513,
            35.459745831418594,
            64.61936934219176,
            46.822966562226235,
            48.75264175212782,
            47.331939694510396,
            50.90186462841041,
            55.05838213539464,
            0.0,
            51.20780785730537,
            39.93187123402297,
            42.031952813975415,
            34.29913418957027,
            24.965143546542475
        ],
        [
            76.14538779077766,
            25.35485967939459,
            38.70033979106613,
            14.57125739554242,
            24.229886608690997,
            73.50413017014245,
            32.45473859834395,
            70.78312667098382,
            30.757820079802798,
            4.13187203466824,
            1.2198020812512111,
            96.55278773570171,
            51.20780785730537,
            0.0,
            80.53839069046877,
            60.35174138201101,
            42.10446524812069,
            76.14538779077766
        ],
        [
            34.75818899903522,
            87.75124982882998,
            91.32787036365353,
            91.79215579221825,
            62.41825332965906,
            7.360265778178012,
            78.26023941574371,
            82.52536698234707,
            61.917361876654084,
            77.60975149634098,
            80.7417973331401,
            76.26292080172283,
            39.93187123402297,
            80.53839069046877,
            0.0,
            30.564944620138522,
            74.2245857377193,
            34.75818899903522
        ],
        [
            53.58849022493244,
            60.87640884892671,
            83.1087946991413,
            73.92847813844762,
            50.28704261289673,
            23.998395424957504,
            49.68121701552763,
            88.65758407769263,
            34.77444912568521,
            58.57608275239881,
            60.93613285835533,
            93.71199731835713,
            42.031952813975415,
            60.35174138201101,
            30.564944620138522,
            0.0,
            70.53029068363882,
            53.58849022493244
        ],
        [
            52.01533445939631,
            66.8523527427573,
            19.286784107342864,
            39.895568950309276,
            24.56229587756748,
            69.47067603105441,
            70.22182568877975,
            28.680580567832845,
            59.86030167978825,
            38.31258324252729,
            41.08792227382966,
            57.28812516422662,
            34.29913418957027,
            42.10446524812069,
            74.2245857377193,
            70.53029068363882,
            0.0,
            52.01533445939631
        ],
        [
            0.0,
            92.57751296953165,
            71.22647037651969,
            82.70206609909096,
            52.45933040095933,
            35.09029854146518,
            87.67400551024545,
            50.858860285314805,
            71.09305716733807,
            72.23609242819698,
            75.81282150993725,
            41.82593476912079,
            24.965143546542475,
            76.14538779077766,
            34.75818899903522,
            53.58849022493244,
            52.01533445939631,
            0.0
        ]
    ],
    "scores_ave": [
        0,
        14.758737455003404,
        15.44143974887975,
        11.872396346256677,
        10.57054861264523,
        19.840401496576696,
        15.430286841402463,
        10.020364426035258,
        11.462506470068279,
        14.465973942032726,
        10.804691441880863,
        19.23140565813436,
        16.381894885015967,
        17.7704745400286,
        17.37063548635308,
        17.998670520743232,
        12.169140260295563,
        0
    ],
    "scores_var": [
        0,
        21.675103579346683,
        366.1904181810494,
        287.2025907449004,
        21.371659687403053,
        20.432629082179012,
        19.556342628116827,
        396.7735074024039,
        247.31510181946155,
        345.87136315466427,
        19.876816425864316,
        311.776576988434,
        355.0112938236716,
        378.20950470326454,
        342.84797137609803,
        392.2787783724465,
        298.19357252283066,
        0
    ],
    "vertex_number": 18,
    "minimum_distances": {
        "cost": 404.5527929526126,
        "path": [
            0,
            14,
            5,
            15,
            8,
            6,
            1,
            3,
            10,
            13,
            9,
            4,
            12,
            16,
            2,
            7,
            11,
            17
        ]
    }
}