{
    "vertices": [
        [
            60.896518391081344,
            66.15202209062679
        ],
        [
            18.32388715488207,
            93.55371273335389
        ],
        [
            69.86919078047333,
            28.806491239557484
        ],
        [
            40.30778213778419,
            76.03364860229705
        ],
        [
            39.85431883091233,
            43.562801438601305
        ],
        [
            61.077888488738054,
            74.21715851328415
        ],
        [
            18.86821956655249,
            73.27273561463747
        ],
        [
            75.49068844623498,
            87.84969738176959
        ],
        [
            70.1090980817037,
            62.242428285779475
        ],
        [
            72.39453470550768,
            99.84799281265893
        ],
        [
            43.160094434642204,
            40.07576484233205
        ],
        [
            11.510311552596209,
            10.374863280588064
        ],
        [
            1.9210665404348792,
            57.96933642055363
        ],
        [
            76.62006115340013,
            73.35478373099217
        ],
        [
            34.70655550313687,
            60.69745858536334
        ],
        [
            60.896518391081344,
            66.15202209062679
        ]
    ],
    "distances": [
        [
            0.0,
            50.62886114118239,
            38.40830020133052,
            22.837307262984776,
            30.87146015328513,
            8.067175504995436,
            42.62725024177518,
            26.14916657636744,
            10.007824352723627,
            35.603691129809306,
            31.536517354359088,
            74.49891858821789,
            59.5404086798465,
            17.294784538883,
            26.751942342657305,
            0.0
        ],
        [
            50.62886114118239,
            0.0,
            82.75941648550406,
            28.111283958147723,
            54.4302370033057,
            46.923415893997486,
            20.288280623657933,
            57.45066545320549,
            60.5153253688049,
            54.43576846394944,
            58.963786366532275,
            83.45744909098256,
            39.18290905076745,
            61.6963583666649,
            36.71410163474323,
            50.62886114118239
        ],
        [
            38.40830020133052,
            82.75941648550406,
            0.0,
            55.71607733415035,
            33.44609437346831,
            46.25381820163368,
            67.66347577229176,
            59.310213518060415,
            33.436797718563064,
            71.0863721658426,
            28.98917651719485,
            61.200356975689374,
            73.94199839597555,
            45.05690418453621,
            47.47046153028473,
            38.40830020133052
        ],
        [
            22.837307262984776,
            28.111283958147723,
            55.71607733415035,
            0.0,
            32.474013372214515,
            20.849387378851596,
            21.616602040357463,
            37.11409307888449,
            32.83772510098772,
            39.9585119907124,
            36.07083433931023,
            71.69637649161243,
            42.42474877888217,
            36.41095884904232,
            16.3270470094313,
            22.837307262984776
        ],
        [
            30.87146015328513,
            54.4302370033057,
            33.44609437346831,
            32.474013372214515,
            0.0,
            37.28444067815339,
            36.37439416784788,
            56.84434881007,
            35.55671704001842,
            65.01452466318244,
            4.8049533364994,
            43.644266379140205,
            40.5768392006971,
            47.32105258163328,
            17.891225302250074,
            30.87146015328513
        ],
        [
            8.067175504995436,
            46.923415893997486,
            46.25381820163368,
            20.849387378851596,
            37.28444067815339,
            0.0,
            42.22023312503149,
            19.838722706252785,
            14.99856362234694,
            28.017961176315687,
            38.557516848987056,
            80.82563543764483,
            61.347545230271976,
            15.566079191732971,
            29.63493697611788,
            8.067175504995436
        ],
        [
            42.62725024177518,
            20.288280623657933,
            67.66347577229176,
            21.616602040357463,
            36.37439416784788,
            42.22023312503149,
            0.0,
            58.468724942408684,
            52.41464786463364,
            59.760444338171844,
            41.13555704088896,
            63.326780705261015,
            22.83418539348696,
            57.75189986975097,
            20.223512988674585,
            42.62725024177518
        ],
        [
            26.14916657636744,
            57.45066545320549,
            59.310213518060415,
            37.11409307888449,
            56.84434881007,
            19.838722706252785,
            58.468724942408684,
            0.0,
            26.166653309242015,
            12.391338153448954,
            57.68549158519122,
            100.4780500729272,
            79.40607809566558,
            14.538844674016678,
            48.99581177587906,
            26.14916657636744
        ],
        [
            10.007824352723627,
            60.5153253688049,
            33.436797718563064,
            32.83772510098772,
            35.55671704001842,
            14.99856362234694,
            52.41464786463364,
            26.166653309242015,
            0.0,
            37.67494796209703,
            34.89426551432775,
            78.25638684638888,
            68.3217897859953,
            12.879327764357217,
            35.43623784210792,
            10.007824352723627
        ],
        [
            35.603691129809306,
            54.43576846394944,
            71.0863721658426,
            39.9585119907124,
            65.01452466318244,
            28.017961176315687,
            59.760444338171844,
            12.391338153448954,
            37.67494796209703,
            0.0,
            66.53849813820213,
            108.22351656269655,
            81.97762851181749,
            26.828067414682497,
            54.3428753990896,
            35.603691129809306
        ],
        [
            31.536517354359088,
            58.963786366532275,
            28.98917651719485,
            36.07083433931023,
            4.8049533364994,
            38.557516848987056,
            41.13555704088896,
            57.68549158519122,
            34.89426551432775,
            66.53849813820213,
            0.0,
            43.40336749678598,
            44.95372426711884,
            47.19176274533708,
            22.28713919052538,
            31.536517354359088
        ],
        [
            74.49891858821789,
            83.45744909098256,
            61.200356975689374,
            71.69637649161243,
            43.644266379140205,
            80.82563543764483,
            63.326780705261015,
            100.4780500729272,
            78.25638684638888,
            108.22351656269655,
            43.40336749678598,
            0.0,
            48.55087531007206,
            90.58559418041378,
            55.41145487731923,
            74.49891858821789
        ],
        [
            59.5404086798465,
            39.18290905076745,
            73.94199839597555,
            42.42474877888217,
            40.5768392006971,
            61.347545230271976,
            22.83418539348696,
            79.40607809566558,
            68.3217897859953,
            81.97762851181749,
            44.95372426711884,
            48.55087531007206,
            0.0,
            76.26697702892184,
            32.89879841376551,
            59.5404086798465
        ],
        [
            17.294784538883,
            61.6963583666649,
            45.05690418453621,
            36.41095884904232,
            47.32105258163328,
            15.566079191732971,
            57.75189986975097,
            14.538844674016678,
            12.879327764357217,
            26.828067414682497,
            47.19176274533708,
            90.58559418041378,
            76.26697702892184,
            0.0,
            43.78298568778536,
            17.294784538883
        ],
        [
            26.751942342657305,
            36.71410163474323,
            47.47046153028473,
            16.3270470094313,
            17.891225302250074,
            29.63493697611788,
            20.223512988674585,
            48.99581177587906,
            35.43623784210792,
            54.3428753990896,
            22.28713919052538,
            55.41145487731923,
            32.89879841376551,
            43.78298568778536,
            0.0,
            26.751942342657305
        ],
        [
            0.0,
            50.62886114118239,
            38.40830020133052,
            22.837307262984776,
            30.87146015328513,
            8.067175504995436,
            42.62725024177518,
            26.14916657636744,
            10.007824352723627,
            35.603691129809306,
            31.536517354359088,
            74.49891858821789,
            59.5404086798465,
            17.294784538883,
            26.751942342657305,
            0.0
        ]
    ],
    "scores_ave": [
        0,
        15.115836682996573,
        12.39031836450966,
        19.949004157829307,
        17.56906595273428,
        12.780292759520584,
        13.408446442441662,
        11.074035882795425,
        14.67640775266688,
        19.286944349988367,
        17.232956351315394,
        13.454982914728088,
        18.04062007553803,
        12.901946135281182,
        17.07844640365331,
        0
    ],
    "scores_var": [
        0,
        229.95783715076132,
        330.75638413220355,
        24.80029715300251,
        22.789904054666387,
        253.37362026008253,
        310.8089085623095,
        296.80530935811396,
        247.25734719549678,
        18.863028147846247,
        24.714058817592015,
        20.18908376388081,
        21.937351376628442,
        354.35538666718355,
        24.404557419941213,
        0
    ],
    "vertex_number": 16,
    "minimum_distances": {
        "cost": 349.63345586198477,
        "path": [
            0,
            14,
            3,
            1,
            6,
            12,
            11,
            4,
            10,
            2,
            8,
            13,
            7,
            9,
            5,
            15
        ]
    }
}