{
    "vertices": [
        [
            57.32441047473714,
            63.149338029480184
        ],
        [
            79.6945300649114,
            95.31526875735405
        ],
        [
            92.45187050399927,
            67.61437029710656
        ],
        [
            88.84475723426505,
            22.565093813182656
        ],
        [
            77.35343278147467,
            60.32318990347836
        ],
        [
            51.42240888932449,
            33.00191473809584
        ],
        [
            78.92139108482189,
            71.27190460499556
        ],
        [
            74.77578997219732,
            98.73785931865355
        ],
        [
            68.655026001991,
            47.30062626158483
        ],
        [
            38.6875104662163,
            14.938811573805799
        ],
        [
            10.346778590722138,
            25.18402891340248
        ],
        [
            46.0900448125939,
            22.27082862225641
        ],
        [
            14.637450605754687,
            9.820949786260002
        ],
        [
            29.056252297847863,
            45.7718286508479
        ],
        [
            8.635452689783952,
            98.99500684189671
        ],
        [
            54.580972646373205,
            49.066469502768115
        ],
        [
            97.63061938632094,
            40.963305703023714
        ],
        [
            71.39949427803136,
            45.082765701991946
        ],
        [
            57.32441047473714,
            63.149338029480184
        ]
    ],
    "distances": [
        [
            0.0,
            39.17996107794236,
            35.41009688292809,
            51.38689656370543,
            20.227428106259406,
            30.71971278876345,
            23.073917293040125,
            39.63702175888495,
            19.482415479818485,
            51.68741532579167,
            60.40084927970265,
            42.39414468045352,
            68.30881008680903,
            33.182323591305135,
            60.460950892244526,
            14.347600393750712,
            46.00880901756542,
            22.90216190087999,
            0.0
        ],
        [
            39.17996107794236,
            0.0,
            30.49736891247716,
            73.32335652204092,
            35.07030537372563,
            68.42709203887355,
            24.05579147825844,
            5.992339296966539,
            49.26739838830302,
            90.23275749829732,
            98.62809658801987,
            80.40367941657325,
            107.4323143383135,
            70.84340218256915,
            71.1542897496362,
            52.62739019469998,
            57.23494726130942,
            50.912787999800045,
            39.17996107794236
        ],
        [
            35.41009688292809,
            30.49736891247716,
            0.0,
            45.193457246217754,
            16.766756788162176,
            53.679035015679666,
            14.016113246052479,
            35.79267232047789,
            31.287984994138817,
            75.26832598832168,
            92.4206686192291,
            64.84948460133764,
            96.92865107100098,
            67.05297184546454,
            89.49824716251895,
            42.169058898905575,
            27.14956139579651,
            30.83627328959012,
            35.41009688292809
        ],
        [
            51.38689656370543,
            73.32335652204092,
            45.193457246217754,
            0.0,
            39.468016900311845,
            38.85047472900146,
            49.70741004362806,
            77.46112602184782,
            31.929168682216247,
            50.73371250111282,
            78.54165437639624,
            42.75572507001129,
            75.29367545841222,
            64.13437350093699,
            110.792888495093,
            43.31662322626275,
            20.38836860806713,
            28.484780969918155,
            51.38689656370543
        ],
        [
            20.227428106259406,
            35.07030537372563,
            16.766756788162176,
            39.468016900311845,
            0.0,
            37.66789185444031,
            11.060418023576428,
            38.501052826246394,
            15.660442021492704,
            59.62210449875488,
            75.6614323213985,
            49.248163685252244,
            80.52186459044776,
            50.44164704857065,
            78.8522048721565,
            25.40273006557664,
            28.03514602891825,
            16.362148805827356,
            20.227428106259406
        ],
        [
            30.71971278876345,
            68.42709203887355,
            53.679035015679666,
            38.85047472900146,
            37.66789185444031,
            0.0,
            47.12521773107144,
            69.76098349292417,
            22.392325555505032,
            22.10098038030594,
            41.81299729982773,
            11.982917669431291,
            43.479768766889876,
            25.7549152981242,
            78.64993214391316,
            16.372124015975945,
            46.889044172718734,
            23.345896869461985,
            30.71971278876345
        ],
        [
            23.073917293040125,
            24.05579147825844,
            14.016113246052479,
            49.70741004362806,
            11.060418023576428,
            47.12521773107144,
            0.0,
            27.77705306395381,
            26.077201487721823,
            69.22559151132539,
            82.62305830989118,
            58.9830716859771,
            88.9305619663484,
            56.00701688102556,
            75.55583057387922,
            32.947493346808756,
            35.61806270753958,
            27.247934381395275,
            23.073917293040125
        ],
        [
            39.63702175888495,
            5.992339296966539,
            35.79267232047789,
            77.46112602184782,
            38.501052826246394,
            69.76098349292417,
            27.77705306395381,
            0.0,
            51.800122549528574,
            91.23948882279582,
            97.78171339713113,
            81.67055013213424,
            107.34447662802815,
            69.96911125531885,
            66.14083716343565,
            53.61975021449702,
            62.130847998671136,
            53.76121690984277,
            39.63702175888495
        ],
        [
            19.482415479818485,
            49.26739838830302,
            31.287984994138817,
            31.929168682216247,
            15.660442021492704,
            22.392325555505032,
            26.077201487721823,
            51.800122549528574,
            0.0,
            44.10599774716641,
            62.36181198806982,
            33.69969059121427,
            65.74666988055816,
            39.62827400993555,
            79.21273991070832,
            14.184399183934769,
            29.660523323703956,
            3.528599095957143,
            19.482415479818485
        ],
        [
            51.68741532579167,
            90.23275749829732,
            75.26832598832168,
            50.73371250111282,
            59.62210449875488,
            22.10098038030594,
            69.22559151132539,
            91.23948882279582,
            44.10599774716641,
            0.0,
            30.135719031976382,
            10.419020527289042,
            24.588572316590657,
            32.302261158917865,
            89.26684793105142,
            37.6470340901955,
            64.43263446305,
            44.48293892479049,
            51.68741532579167
        ],
        [
            60.40084927970265,
            98.62809658801987,
            92.4206686192291,
            78.54165437639624,
            75.6614323213985,
            41.81299729982773,
            82.62305830989118,
            97.78171339713113,
            62.36181198806982,
            30.135719031976382,
            0.0,
            35.861787687508446,
            15.950989518127844,
            27.819092444340928,
            73.8308140216528,
            50.26962196254887,
            88.69867214358351,
            64.21365757046532,
            60.40084927970265
        ],
        [
            42.39414468045352,
            80.40367941657325,
            64.84948460133764,
            42.75572507001129,
            49.248163685252244,
            11.982917669431291,
            58.9830716859771,
            81.67055013213424,
            33.69969059121427,
            10.419020527289042,
            35.861787687508446,
            0.0,
            33.82698871272888,
            29.024939100354292,
            85.37825246844294,
            28.108757099448532,
            54.82553717753188,
            34.0727560607202,
            42.39414468045352
        ],
        [
            68.30881008680903,
            107.4323143383135,
            96.92865107100098,
            75.29367545841222,
            80.52186459044776,
            43.479768766889876,
            88.9305619663484,
            107.34447662802815,
            65.74666988055816,
            24.588572316590657,
            15.950989518127844,
            33.82698871272888,
            0.0,
            38.73457800689433,
            89.37581569275476,
            55.99728360222667,
            88.64373861861844,
            66.82308929949595,
            68.30881008680903
        ],
        [
            33.182323591305135,
            70.84340218256915,
            67.05297184546454,
            64.13437350093699,
            50.44164704857065,
            25.7549152981242,
            56.00701688102556,
            69.96911125531885,
            39.62827400993555,
            32.302261158917865,
            27.819092444340928,
            29.024939100354292,
            38.73457800689433,
            0.0,
            57.00627819274678,
            25.736472314860194,
            68.74275026884226,
            42.34884826225927,
            33.182323591305135
        ],
        [
            60.460950892244526,
            71.1542897496362,
            89.49824716251895,
            110.792888495093,
            78.8522048721565,
            78.64993214391316,
            75.55583057387922,
            66.14083716343565,
            79.21273991070832,
            89.26684793105142,
            73.8308140216528,
            85.37825246844294,
            89.37581569275476,
            57.00627819274678,
            0.0,
            67.85167385485857,
            106.24414352055308,
            82.73968008893006,
            60.460950892244526
        ],
        [
            14.347600393750712,
            52.62739019469998,
            42.169058898905575,
            43.31662322626275,
            25.40273006557664,
            16.372124015975945,
            32.947493346808756,
            53.61975021449702,
            14.184399183934769,
            37.6470340901955,
            50.26962196254887,
            28.108757099448532,
            55.99728360222667,
            25.736472314860194,
            67.85167385485857,
            0.0,
            43.805631464456496,
            17.283881677646132,
            14.347600393750712
        ],
        [
            46.00880901756542,
            57.23494726130942,
            27.14956139579651,
            20.38836860806713,
            28.03514602891825,
            46.889044172718734,
            35.61806270753958,
            62.130847998671136,
            29.660523323703956,
            64.43263446305,
            88.69867214358351,
            54.82553717753188,
            88.64373861861844,
            68.74275026884226,
            106.24414352055308,
            43.805631464456496,
            0.0,
            26.552624637309204,
            46.00880901756542
        ],
        [
            22.90216190087999,
            50.912787999800045,
            30.83627328959012,
            28.484780969918155,
            16.362148805827356,
            23.345896869461985,
            27.247934381395275,
            53.76121690984277,
            3.528599095957143,
            44.48293892479049,
            64.21365757046532,
            34.0727560607202,
            66.82308929949595,
            42.34884826225927,
            82.73968008893006,
            17.283881677646132,
            26.552624637309204,
            0.0,
            22.90216190087999
        ],
        [
            0.0,
            39.17996107794236,
            35.41009688292809,
            51.38689656370543,
            20.227428106259406,
            30.71971278876345,
            23.073917293040125,
            39.63702175888495,
            19.482415479818485,
            51.68741532579167,
            60.40084927970265,
            42.39414468045352,
            68.30881008680903,
            33.182323591305135,
            60.460950892244526,
            14.347600393750712,
            46.00880901756542,
            22.90216190087999,
            0.0
        ]
    ],
    "scores_ave": [
        0,
        11.115636812813921,
        19.23765406139065,
        10.53345810398708,
        17.82459432979719,
        12.601399966967074,
        19.632897259354646,
        19.680791459889825,
        11.215893530860917,
        14.769136645649448,
        11.477441838469982,
        15.39602776371535,
        11.741294579301496,
        10.073859279065184,
        12.01704101468297,
        13.310834088411402,
        11.523392413192111,
        19.548185809946766,
        0
    ],
    "scores_var": [
        0,
        371.0410124428484,
        245.226027525446,
        16.605707565378964,
        336.28802861085205,
        290.6961885635748,
        287.15638012438944,
        20.474789569808305,
        293.1188455720825,
        19.330589087396397,
        24.099575574182396,
        387.5433642040308,
        329.2937401203592,
        284.1677371310964,
        18.614936946574232,
        16.717133219927632,
        17.369261085037543,
        16.60547685170472,
        0
    ],
    "vertex_number": 19,
    "minimum_distances": {
        "cost": 401.5364633782099,
        "path": [
            0,
            15,
            5,
            11,
            9,
            12,
            10,
            13,
            14,
            7,
            1,
            6,
            4,
            2,
            16,
            3,
            17,
            8,
            18
        ]
    }
}