{
    "vertices": [
        [
            29.693589842256664,
            28.636439693329617
        ],
        [
            14.414254123506065,
            73.12686261478633
        ],
        [
            42.10538880639236,
            15.354680472910054
        ],
        [
            40.8107611061271,
            79.26707572592905
        ],
        [
            35.74137118652515,
            8.204014406249893
        ],
        [
            68.83848916073634,
            54.97073721042369
        ],
        [
            81.12929737158595,
            67.45153833931701
        ],
        [
            23.533388238463626,
            65.57305372387376
        ],
        [
            68.11873671010072,
            7.854271604599328
        ],
        [
            29.693589842256664,
            28.636439693329617
        ]
    ],
    "distances": [
        [
            0.0,
            47.041001602180714,
            18.178500529893,
            51.83679004313232,
            21.308675751913277,
            47.17857955018081,
            64.43790725916254,
            37.446782770229596,
            43.685128159175925,
            0.0
        ],
        [
            47.041001602180714,
            0.0,
            64.06577845823678,
            27.10125085551975,
            68.33609691611295,
            57.372835463193084,
            66.95600272735,
            11.841395009331153,
            84.52622425659975,
            47.041001602180714
        ],
        [
            18.178500529893,
            64.06577845823678,
            0.0,
            63.92550608216112,
            9.572499436556026,
            47.79216050761177,
            65.09184310846635,
            53.54254585904794,
            27.07305676038822,
            18.178500529893
        ],
        [
            51.83679004313232,
            27.10125085551975,
            63.92550608216112,
            0.0,
            71.2436481258606,
            37.09266241675244,
            42.01417963406577,
            22.04617544611873,
            76.45596199158457,
            51.83679004313232
        ],
        [
            21.308675751913277,
            68.33609691611295,
            9.572499436556026,
            71.2436481258606,
            0.0,
            57.293503820601536,
            74.63466309684722,
            58.65357209827235,
            32.37925444284544,
            21.308675751913277
        ],
        [
            47.17857955018081,
            57.372835463193084,
            47.79216050761177,
            37.09266241675244,
            57.293503820601536,
            0.0,
            17.516688137170018,
            46.52914446912485,
            47.121962764458644,
            47.17857955018081
        ],
        [
            64.43790725916254,
            66.95600272735,
            65.09184310846635,
            42.01417963406577,
            74.63466309684722,
            17.516688137170018,
            0.0,
            57.626534281712104,
            61.000892542447886,
            64.43790725916254
        ],
        [
            37.446782770229596,
            11.841395009331153,
            53.54254585904794,
            22.04617544611873,
            58.65357209827235,
            46.52914446912485,
            57.626534281712104,
            0.0,
            72.93360753225899,
            37.446782770229596
        ],
        [
            43.685128159175925,
            84.52622425659975,
            27.07305676038822,
            76.45596199158457,
            32.37925444284544,
            47.121962764458644,
            61.000892542447886,
            72.93360753225899,
            0.0,
            43.685128159175925
        ],
        [
            0.0,
            47.041001602180714,
            18.178500529893,
            51.83679004313232,
            21.308675751913277,
            47.17857955018081,
            64.43790725916254,
            37.446782770229596,
            43.685128159175925,
            0.0
        ]
    ],
    "scores_ave": [
        0,
        12.605899537799226,
        17.754541256902723,
        15.741517414804282,
        10.035861599569808,
        15.426218409376332,
        12.631801074233518,
        10.85280038471687,
        19.633886201945607,
        0
    ],
    "scores_var": [
        0,
        17.38225425526821,
        18.47076529033358,
        16.67119813634135,
        16.728420979939052,
        16.033174995300875,
        241.20321318156957,
        234.04366766693863,
        20.033725716155594,
        0
    ],
    "vertex_number": 10,
    "minimum_distances": {
        "cost": 240.99649111963245,
        "path": [
            0,
            7,
            1,
            3,
            6,
            5,
            8,
            2,
            4,
            9
        ]
    }
}