{
    "vertices": [
        [
            47.353012147277,
            75.44000557277255
        ],
        [
            94.47409792346537,
            31.929902452027125
        ],
        [
            55.89021700444204,
            18.00927984350783
        ],
        [
            86.41822772991887,
            93.01204695740132
        ],
        [
            38.79947332077249,
            53.114671057403505
        ],
        [
            50.16313158455442,
            88.41505594287212
        ],
        [
            39.741391218390255,
            36.10959501013322
        ],
        [
            36.39890677327705,
            32.496892295120404
        ],
        [
            97.75693094581018,
            73.95451433727403
        ],
        [
            41.39583615889673,
            65.59670837901389
        ],
        [
            9.446398144136781,
            69.67327014278185
        ],
        [
            12.189644797371157,
            43.05238192144556
        ],
        [
            90.78669089885922,
            70.30461673653332
        ],
        [
            43.072614565487164,
            73.71568538608358
        ],
        [
            57.57432402155068,
            27.07140382240053
        ],
        [
            73.5474415827537,
            85.98478462710976
        ],
        [
            64.30394723801282,
            64.88940697568215
        ],
        [
            29.098004303674173,
            21.89708381761718
        ],
        [
            71.41276648526102,
            91.70796901608364
        ],
        [
            47.353012147277,
            75.44000557277255
        ]
    ],
    "distances": [
        [
            0.0,
            64.13677414950648,
            58.06179574008396,
            42.835355805005186,
            23.90781436433804,
            13.275869212913529,
            40.06017933298399,
            44.31820621958834,
            50.42580405367742,
            11.505583227337567,
            38.34275189266644,
            47.80607251348326,
            43.736216896240755,
            4.614659636897975,
            49.43679653575118,
            28.237218325376126,
            19.966204727169984,
            56.56933605274761,
            29.04338846273015,
            0.0
        ],
        [
            64.13677414950648,
            0.0,
            41.01828373520997,
            61.61108197354341,
            59.568936917777165,
            71.791603288772,
            54.89206694180919,
            58.077958853708715,
            42.15263926207034,
            62.85503713524844,
            93.02833726560495,
            83.03276928904653,
            38.55146776690349,
            66.24321962897481,
            37.21825255095284,
            57.96425823353832,
            44.68296018425534,
            66.14144741941067,
            64.07216439171916,
            64.13677414950648
        ],
        [
            58.06179574008396,
            41.01828373520997,
            0.0,
            80.97761736181037,
            39.04461565877623,
            70.63832398606655,
            24.25708109809217,
            24.285841329376193,
            69.87625489972139,
            49.74585842778882,
            69.47082987824695,
            50.367618296991424,
            62.86943733658488,
            57.16200268322495,
            9.21728308417923,
            70.23138066700969,
            47.629163087042905,
            27.072821817170954,
            75.31564464399423,
            58.06179574008396
        ],
        [
            42.835355805005186,
            61.61108197354341,
            80.97761736181037,
            0.0,
            62.123637813511245,
            36.54537348143103,
            73.59766371519632,
            78.51125023054549,
            22.17556628781506,
            52.712584191462895,
            80.43233835333459,
            89.47541927635217,
            23.123815811711918,
            47.44672539271371,
            71.97318388257632,
            14.664226945352198,
            35.776029422171575,
            91.33972846471282,
            15.062021326567033,
            42.835355805005186
        ],
        [
            23.90781436433804,
            59.568936917777165,
            39.04461565877623,
            62.123637813511245,
            0.0,
            37.0843619629385,
            17.03114267156782,
            20.75705954222337,
            62.532238705628316,
            12.749210002398858,
            33.70148699976783,
            28.44877214750121,
            54.75550222546373,
            21.03952298574669,
            32.105245476561784,
            47.83163873861151,
            28.09132598757833,
            32.69030826045219,
            50.52790850965769,
            23.90781436433804
        ],
        [
            13.275869212913529,
            71.791603288772,
            70.63832398606655,
            36.54537348143103,
            37.0843619629385,
            0.0,
            53.333609625132354,
            57.587280803942505,
            49.742104912907564,
            24.44468152023652,
            44.82306233441095,
            59.158751619270916,
            44.47765258654433,
            16.320138674762056,
            61.78971944276515,
            23.510256756575426,
            27.44847585336098,
            69.7737787640592,
            21.503261611231334,
            13.275869212913529
        ],
        [
            40.06017933298399,
            54.89206694180919,
            24.25708109809217,
            73.59766371519632,
            17.03114267156782,
            53.333609625132354,
            0.0,
            4.921770329148315,
            69.2678913259357,
            29.533490191482425,
            45.21401213981172,
            28.413043148244938,
            61.440394939631204,
            37.75334531339428,
            19.992558423274495,
            60.2526645101048,
            37.836447177152486,
            17.756045714452956,
            63.98636732461451,
            40.06017933298399
        ],
        [
            44.31820621958834,
            58.077958853708715,
            24.285841329376193,
            78.51125023054549,
            20.75705954222337,
            57.587280803942505,
            4.921770329148315,
            0.0,
            74.05093892549387,
            33.4748730852328,
            45.91863228882121,
            26.410352641899742,
            66.23786748928998,
            41.75556585141003,
            21.85941949837874,
            65.12271696274185,
            42.75472243704722,
            12.87086308801405,
            68.78896698153191,
            44.31820621958834
        ],
        [
            50.42580405367742,
            42.15263926207034,
            69.87625489972139,
            22.17556628781506,
            62.532238705628316,
            49.742104912907564,
            69.2678913259357,
            74.05093892549387,
            0.0,
            56.97741592960646,
            88.41424803485187,
            90.97638290597314,
            7.868036528131513,
            54.68483791007514,
            61.74680518682234,
            27.033808064467145,
            34.65946177353801,
            86.16277781013744,
            31.76791076160043,
            50.42580405367742
        ],
        [
            11.505583227337567,
            62.85503713524844,
            49.74585842778882,
            52.712584191462895,
            12.749210002398858,
            24.44468152023652,
            29.533490191482425,
            33.4748730852328,
            56.97741592960646,
            0.0,
            32.20846077155509,
            36.89509817403209,
            49.61472496191908,
            8.290318055788585,
            41.78447750902069,
            38.0709782436643,
            22.919027651457572,
            45.39706879465186,
            39.78459548964644,
            11.505583227337567
        ],
        [
            38.34275189266644,
            93.02833726560495,
            69.47082987824695,
            80.43233835333459,
            33.70148699976783,
            44.82306233441095,
            45.21401213981172,
            45.91863228882121,
            88.41424803485187,
            32.20846077155509,
            0.0,
            26.761858902052424,
            81.34274290891224,
            33.86832667574193,
            64.2745382188117,
            66.14385288665828,
            55.065742884197554,
            51.65994197079996,
            65.76745973370852,
            38.34275189266644
        ],
        [
            47.80607251348326,
            83.03276928904653,
            50.367618296991424,
            89.47541927635217,
            28.44877214750121,
            59.158751619270916,
            28.413043148244938,
            26.410352641899742,
            90.97638290597314,
            36.89509817403209,
            26.761858902052424,
            0.0,
            83.18761902047757,
            43.52006435039876,
            48.116117562453326,
            74.88638346480369,
            56.50447930999831,
            27.08208372810763,
            76.6468805495861,
            47.80607251348326
        ],
        [
            43.736216896240755,
            38.55146776690349,
            62.86943733658488,
            23.123815811711918,
            54.75550222546373,
            44.47765258654433,
            61.440394939631204,
            66.23786748928998,
            7.868036528131513,
            49.61472496191908,
            81.34274290891224,
            83.18761902047757,
            0.0,
            47.83584921038614,
            54.51763029031691,
            23.303634524672518,
            27.030727118598158,
            78.41417790894012,
            28.86957630424022,
            43.736216896240755
        ],
        [
            4.614659636897975,
            66.24321962897481,
            57.16200268322495,
            47.44672539271371,
            21.03952298574669,
            16.320138674762056,
            37.75334531339428,
            41.75556585141003,
            54.68483791007514,
            8.290318055788585,
            33.86832667574193,
            43.52006435039876,
            47.83584921038614,
            0.0,
            48.84658206814704,
            32.85187784462964,
            22.992883195227474,
            53.66989100492973,
            33.56912988235217,
            4.614659636897975
        ],
        [
            49.43679653575118,
            37.21825255095284,
            9.21728308417923,
            71.97318388257632,
            32.105245476561784,
            61.78971944276515,
            19.992558423274495,
            21.85941949837874,
            61.74680518682234,
            41.78447750902069,
            64.2745382188117,
            48.116117562453326,
            54.51763029031691,
            48.84658206814704,
            0.0,
            61.04037125103922,
            38.41209693751651,
            28.9426047927035,
            66.10134680820558,
            49.43679653575118
        ],
        [
            28.237218325376126,
            57.96425823353832,
            70.23138066700969,
            14.664226945352198,
            47.83163873861151,
            23.510256756575426,
            60.2526645101048,
            65.12271696274185,
            27.033808064467145,
            38.0709782436643,
            66.14385288665828,
            74.88638346480369,
            23.303634524672518,
            32.85187784462964,
            61.04037125103922,
            0.0,
            23.031655302162026,
            77.99349889236834,
            6.108328521129959,
            28.237218325376126
        ],
        [
            19.966204727169984,
            44.68296018425534,
            47.629163087042905,
            35.776029422171575,
            28.09132598757833,
            27.44847585336098,
            37.836447177152486,
            42.75472243704722,
            34.65946177353801,
            22.919027651457572,
            55.065742884197554,
            56.50447930999831,
            27.030727118598158,
            22.992883195227474,
            38.41209693751651,
            23.031655302162026,
            0.0,
            55.56796080857565,
            27.74473969971443,
            19.966204727169984
        ],
        [
            56.56933605274761,
            66.14144741941067,
            27.072821817170954,
            91.33972846471282,
            32.69030826045219,
            69.7737787640592,
            17.756045714452956,
            12.87086308801405,
            86.16277781013744,
            45.39706879465186,
            51.65994197079996,
            27.08208372810763,
            78.41417790894012,
            53.66989100492973,
            28.9426047927035,
            77.99349889236834,
            55.56796080857565,
            0.0,
            81.63393161350074,
            56.56933605274761
        ],
        [
            29.04338846273015,
            64.07216439171916,
            75.31564464399423,
            15.062021326567033,
            50.52790850965769,
            21.503261611231334,
            63.98636732461451,
            68.78896698153191,
            31.76791076160043,
            39.78459548964644,
            65.76745973370852,
            76.6468805495861,
            28.86957630424022,
            33.56912988235217,
            66.10134680820558,
            6.108328521129959,
            27.74473969971443,
            81.63393161350074,
            0.0,
            29.04338846273015
        ],
        [
            0.0,
            64.13677414950648,
            58.06179574008396,
            42.835355805005186,
            23.90781436433804,
            13.275869212913529,
            40.06017933298399,
            44.31820621958834,
            50.42580405367742,
            11.505583227337567,
            38.34275189266644,
            47.80607251348326,
            43.736216896240755,
            4.614659636897975,
            49.43679653575118,
            28.237218325376126,
            19.966204727169984,
            56.56933605274761,
            29.04338846273015,
            0.0
        ]
    ],
    "scores_ave": [
        0,
        13.73571788850269,
        17.099342981799726,
        15.002870078406795,
        17.96612658910535,
        10.505746160672622,
        19.201292579055607,
        17.313916949435544,
        13.696954900531209,
        10.61602447956028,
        17.392374092154185,
        17.1922194074331,
        19.952548963140014,
        18.676972033272715,
        11.205491287020964,
        17.171880625914916,
        15.451259144594745,
        18.83187698186547,
        12.777964006733832,
        0
    ],
    "scores_var": [
        0,
        20.25619706283228,
        354.2252887530781,
        305.5410678774843,
        285.2535433655563,
        390.32543461045,
        19.79789347246501,
        271.65464766557346,
        16.963314950485263,
        21.140946464394368,
        310.5985824671852,
        18.977439293742865,
        303.91813122157123,
        227.79610375565804,
        16.431017413750908,
        307.27591090534884,
        22.44723812099747,
        280.85766504159966,
        370.9368476622525,
        0
    ],
    "vertex_number": 20,
    "minimum_distances": {
        "cost": 403.336901992578,
        "path": [
            0,
            13,
            10,
            11,
            17,
            2,
            1,
            14,
            7,
            6,
            4,
            9,
            16,
            15,
            12,
            8,
            3,
            18,
            5,
            19
        ]
    }
}