{
    "vertices": [
        [
            88.23082953019536,
            71.42005465892784
        ],
        [
            20.583715119060507,
            21.92929671044215
        ],
        [
            69.9345703880504,
            95.753646213818
        ],
        [
            34.98044417120045,
            34.66709162687698
        ],
        [
            2.122782009860291,
            95.30002406661798
        ],
        [
            28.356478610684977,
            2.906478514962929
        ],
        [
            17.209194865234767,
            47.11843638699796
        ],
        [
            88.23082953019536,
            71.42005465892784
        ]
    ],
    "distances": [
        [
            0.0,
            83.81806016884886,
            30.44465103358462,
            64.70227069057744,
            89.35798110228599,
            90.98927417046228,
            75.06424742257614,
            0.0
        ],
        [
            83.81806016884886,
            0.0,
            88.80057148114183,
            19.22283087200955,
            75.65758180140742,
            20.549536841373953,
            25.414172120856474,
            83.81806016884886
        ],
        [
            30.44465103358462,
            88.80057148114183,
            0.0,
            70.38009726397657,
            67.8133055978019,
            101.73167778792572,
            71.73108711654062,
            30.44465103358462
        ],
        [
            64.70227069057744,
            19.22283087200955,
            70.38009726397657,
            0.0,
            68.96360242150175,
            32.44400507014481,
            21.699154090198498,
            64.70227069057744
        ],
        [
            89.35798110228599,
            75.65758180140742,
            67.8133055978019,
            68.96360242150175,
            0.0,
            96.04568754998778,
            50.48826838159256,
            89.35798110228599
        ],
        [
            90.98927417046228,
            20.549536841373953,
            101.73167778792572,
            32.44400507014481,
            96.04568754998778,
            0.0,
            45.59560454451919,
            90.98927417046228
        ],
        [
            75.06424742257614,
            25.414172120856474,
            71.73108711654062,
            21.699154090198498,
            50.48826838159256,
            45.59560454451919,
            0.0,
            75.06424742257614
        ],
        [
            0.0,
            83.81806016884886,
            30.44465103358462,
            64.70227069057744,
            89.35798110228599,
            90.98927417046228,
            75.06424742257614,
            0.0
        ]
    ],
    "scores_ave": [
        0,
        14.915073056546078,
        14.081508637534768,
        19.515849596972714,
        16.683731401434038,
        13.209318968869681,
        10.956329289417692,
        0
    ],
    "scores_var": [
        0,
        375.6946380748385,
        372.5145359285042,
        270.01713330417977,
        244.5139025135177,
        325.1272426394297,
        22.948995790525853,
        0
    ],
    "vertex_number": 8,
    "minimum_distances": {
        "cost": 291.85620973593177,
        "path": [
            0,
            3,
            5,
            1,
            6,
            4,
            2,
            7
        ]
    }
}