{
    "vertices": [
        [
            32.637661560957454,
            23.824605879100858
        ],
        [
            58.617481337634615,
            77.97967622383625
        ],
        [
            22.26606864356022,
            37.3898590842122
        ],
        [
            23.13987905273952,
            49.53167552451186
        ],
        [
            91.5462328704558,
            66.60012779746354
        ],
        [
            61.5768627530918,
            83.57439655203993
        ],
        [
            35.80383467708407,
            85.13626674822056
        ],
        [
            40.84856408692268,
            8.81344499994523
        ],
        [
            11.37835953299422,
            3.2219578017602557
        ],
        [
            46.860312702149386,
            35.232451663968604
        ],
        [
            49.993586142044386,
            3.0896732628777124
        ],
        [
            12.30547856078853,
            47.562937631960466
        ],
        [
            92.06911644607622,
            12.405802639792086
        ],
        [
            4.625428013993227,
            44.42560646907358
        ],
        [
            64.16183075978002,
            28.750348748627243
        ],
        [
            76.79266691736427,
            98.95008789080374
        ],
        [
            32.637661560957454,
            23.824605879100858
        ]
    ],
    "distances": [
        [
            0.0,
            60.064321187139576,
            17.075890435435216,
            27.405497666114776,
            72.80085884874283,
            66.38911696278892,
            61.39335803432834,
            17.11005176002675,
            29.604510306960123,
            18.232464203594997,
            27.04007301513241,
            31.25549647599892,
            60.51848392995281,
            34.77192047612159,
            31.906679339797854,
            87.14070544536008,
            0.0
        ],
        [
            60.064321187139576,
            0.0,
            54.48814972343098,
            45.47470734016828,
            34.83958667806544,
            6.329204840496858,
            23.909815178837256,
            71.41219757141916,
            88.43218357898924,
            44.33459396334864,
            75.38490639270506,
            55.40739650776876,
            73.61348238090987,
            63.568997311664546,
            49.54055403582213,
            27.750595242979912,
            60.064321187139576
        ],
        [
            17.075890435435216,
            54.48814972343098,
            0.0,
            12.173218600728458,
            75.18630828552477,
            60.64940259095028,
            49.628525607719894,
            34.08695613894086,
            35.86067048625392,
            24.68868663153977,
            44.105758966452676,
            14.237446468228274,
            74.13952089768523,
            18.991944162857937,
            42.77728394998399,
            82.23631612634843,
            17.075890435435216
        ],
        [
            27.405497666114776,
            45.47470734016828,
            12.173218600728458,
            0.0,
            70.50362618779701,
            51.34499557833508,
            37.789716699953736,
            44.40238532659763,
            47.77994659869645,
            27.697053553220883,
            53.64681871749539,
            11.011819237054137,
            78.29157173718853,
            19.20564600488716,
            45.985476668409795,
            72.94382171542217,
            27.405497666114776
        ],
        [
            72.80085884874283,
            34.83958667806544,
            75.18630828552477,
            70.50362618779701,
            0.0,
            34.442545564811816,
            58.743539249437326,
            76.87362570365617,
            102.19432639562504,
            54.596360385139974,
            75.89598332801185,
            81.4954707512177,
            54.19684757003007,
            89.70471399563385,
            46.71735494444127,
            35.55541627337423,
            72.80085884874283
        ],
        [
            66.38911696278892,
            6.329204840496858,
            60.64940259095028,
            51.34499557833508,
            34.442545564811816,
            0.0,
            25.82031012045363,
            77.58132663578627,
            94.74388707803578,
            50.53237062481057,
            81.31397776508692,
            61.028636505972536,
            77.42574697556209,
            69.10928797059023,
            54.884954925247776,
            21.631749363156647,
            66.38911696278892
        ],
        [
            61.39335803432834,
            23.909815178837256,
            49.628525607719894,
            37.789716699953736,
            58.743539249437326,
            25.82031012045363,
            0.0,
            76.4893614461351,
            85.47840573028195,
            51.11395569002624,
            83.26459361088871,
            44.31622503155072,
            91.95380547846557,
            51.27817179281242,
            63.115352256666206,
            43.253971181628074,
            61.39335803432834
        ],
        [
            17.11005176002675,
            71.41219757141916,
            34.08695613894086,
            44.40238532659763,
            76.87362570365617,
            77.58132663578627,
            76.4893614461351,
            0.0,
            29.995961153759552,
            27.094372746502025,
            10.788558350711895,
            48.12723668143447,
            51.34637297209371,
            50.797063216895054,
            30.675536410044597,
            97.0391308695596,
            17.11005176002675
        ],
        [
            29.604510306960123,
            88.43218357898924,
            35.86067048625392,
            47.77994659869645,
            102.19432639562504,
            94.74388707803578,
            85.47840573028195,
            29.995961153759552,
            0.0,
            47.78745356263083,
            38.61545319256947,
            44.350671268808554,
            81.21170640501981,
            41.753356123786126,
            58.63270059518838,
            115.94354876801764,
            29.604510306960123
        ],
        [
            18.232464203594997,
            44.33459396334864,
            24.68868663153977,
            27.697053553220883,
            54.596360385139974,
            50.53237062481057,
            51.11395569002624,
            27.094372746502025,
            47.78745356263083,
            0.0,
            32.295132849870534,
            36.68892812203434,
            50.64476124565928,
            43.22383115704197,
            18.4759353025387,
            70.39803260887612,
            18.232464203594997
        ],
        [
            27.04007301513241,
            75.38490639270506,
            44.105758966452676,
            53.64681871749539,
            75.89598332801185,
            81.31397776508692,
            83.26459361088871,
            10.788558350711895,
            38.61545319256947,
            32.295132849870534,
            0.0,
            58.29463694628041,
            43.09455321653664,
            61.37531381556383,
            29.312274253850408,
            99.53597250763171,
            27.04007301513241
        ],
        [
            31.25549647599892,
            55.40739650776876,
            14.237446468228274,
            11.011819237054137,
            81.4954707512177,
            61.028636505972536,
            44.31622503155072,
            48.12723668143447,
            44.350671268808554,
            36.68892812203434,
            58.29463694628041,
            0.0,
            87.16801058618266,
            8.296145082322994,
            55.16334619907644,
            82.45748403790535,
            31.25549647599892
        ],
        [
            60.51848392995281,
            73.61348238090987,
            74.13952089768523,
            78.29157173718853,
            54.19684757003007,
            77.42574697556209,
            91.95380547846557,
            51.34637297209371,
            81.21170640501981,
            50.64476124565928,
            43.09455321653664,
            87.16801058618266,
            0.0,
            93.12178307932507,
            32.34131694721771,
            87.8822121922961,
            60.51848392995281
        ],
        [
            34.77192047612159,
            63.568997311664546,
            18.991944162857937,
            19.20564600488716,
            89.70471399563385,
            69.10928797059023,
            51.27817179281242,
            50.797063216895054,
            41.753356123786126,
            43.22383115704197,
            61.37531381556383,
            8.296145082322994,
            93.12178307932507,
            0.0,
            61.565387650131306,
            90.44904336279532,
            34.77192047612159
        ],
        [
            31.906679339797854,
            49.54055403582213,
            42.77728394998399,
            45.985476668409795,
            46.71735494444127,
            54.884954925247776,
            63.115352256666206,
            30.675536410044597,
            58.63270059518838,
            18.4759353025387,
            29.312274253850408,
            55.16334619907644,
            32.34131694721771,
            61.565387650131306,
            0.0,
            71.32700328535725,
            31.906679339797854
        ],
        [
            87.14070544536008,
            27.750595242979912,
            82.23631612634843,
            72.94382171542217,
            35.55541627337423,
            21.631749363156647,
            43.253971181628074,
            97.0391308695596,
            115.94354876801764,
            70.39803260887612,
            99.53597250763171,
            82.45748403790535,
            87.8822121922961,
            90.44904336279532,
            71.32700328535725,
            0.0,
            87.14070544536008
        ],
        [
            0.0,
            60.064321187139576,
            17.075890435435216,
            27.405497666114776,
            72.80085884874283,
            66.38911696278892,
            61.39335803432834,
            17.11005176002675,
            29.604510306960123,
            18.232464203594997,
            27.04007301513241,
            31.25549647599892,
            60.51848392995281,
            34.77192047612159,
            31.906679339797854,
            87.14070544536008,
            0.0
        ]
    ],
    "scores_ave": [
        0,
        15.260515640166098,
        12.046621559076053,
        19.18497166529665,
        12.788803005275199,
        15.387266330116223,
        17.30062858435077,
        19.815303863741306,
        13.90339158601397,
        14.9698434263368,
        13.051872802792307,
        18.557626718285743,
        17.0850545044666,
        19.275566877209414,
        15.309954994998662,
        13.916309700730759,
        0
    ],
    "scores_var": [
        0,
        19.378776975244303,
        21.86898019278327,
        379.0188744053826,
        21.582837748266364,
        21.79409885173538,
        21.12886082386864,
        257.0315733358696,
        240.26566529557766,
        23.245388397956106,
        385.7770020976342,
        281.8433057580762,
        337.8151207862933,
        24.333652527473625,
        303.38875769825484,
        20.652900529759926,
        0
    ],
    "vertex_number": 17,
    "minimum_distances": {
        "cost": 388.28996375457746,
        "path": [
            0,
            2,
            13,
            11,
            3,
            6,
            1,
            5,
            15,
            4,
            12,
            14,
            9,
            10,
            7,
            8,
            16
        ]
    }
}