{
    "vertices": [
        [
            55.93470719992793,
            88.6075052576215
        ],
        [
            64.46479234523383,
            72.94086523216501
        ],
        [
            40.20057632625381,
            79.46116718265938
        ],
        [
            93.72150267838501,
            2.007451361998569
        ],
        [
            57.065053004065525,
            44.351963690100106
        ],
        [
            46.61096219989942,
            91.85712185845938
        ],
        [
            23.308618003027792,
            73.10345154462945
        ],
        [
            59.94186260640322,
            41.48589926037919
        ],
        [
            83.60490065931027,
            51.49094144203331
        ],
        [
            55.63748992419774,
            3.8474264901441457
        ],
        [
            43.12159877577558,
            7.0197044094971295
        ],
        [
            55.93470719992793,
            88.6075052576215
        ]
    ],
    "distances": [
        [
            0.0,
            17.8383284607444,
            18.199405884022884,
            94.48497895038946,
            44.26997448690868,
            9.873815315165551,
            36.12253282674716,
            47.291680517940854,
            46.295560430307745,
            84.76059987268825,
            82.58780173077794,
            0.0
        ],
        [
            17.8383284607444,
            0.0,
            25.125017742110103,
            76.73007430463127,
            29.531024934788753,
            26.01122864476566,
            41.15649548728681,
            31.778479789137208,
            28.747921261841455,
            69.65503962549889,
            69.29019667998791,
            17.8383284607444
        ],
        [
            18.199405884022884,
            25.125017742110103,
            0.0,
            94.14652225131812,
            38.949540992139966,
            13.955383884849711,
            18.048789547436556,
            42.79999249723974,
            51.63592643490323,
            77.17341564907777,
            72.5003303500478,
            18.199405884022884
        ],
        [
            94.48497895038946,
            76.73007430463127,
            94.14652225131812,
            0.0,
            56.00672305206456,
            101.45130020111921,
            100.06305796983123,
            51.957789905439505,
            50.507043339649606,
            38.12843474276505,
            50.84754620987592,
            94.48497895038946
        ],
        [
            44.26997448690868,
            29.531024934788753,
            38.949540992139966,
            56.00672305206456,
            0.0,
            48.6418345371819,
            44.34123315637978,
            4.060832279645865,
            27.483240655101017,
            40.52968628215148,
            39.851191937137635,
            44.26997448690868
        ],
        [
            9.873815315165551,
            26.01122864476566,
            13.955383884849711,
            101.45130020111921,
            48.6418345371819,
            0.0,
            29.91152612805476,
            52.10540251906195,
            54.7538126905345,
            88.47137775337951,
            84.90914589439173,
            9.873815315165551
        ],
        [
            36.12253282674716,
            41.15649548728681,
            18.048789547436556,
            100.06305796983123,
            44.34123315637978,
            29.91152612805476,
            0.0,
            48.390745216601424,
            64.05265252197704,
            76.43005276750048,
            68.98996914422693,
            36.12253282674716
        ],
        [
            47.291680517940854,
            31.778479789137208,
            42.79999249723974,
            51.957789905439505,
            4.060832279645865,
            52.10540251906195,
            48.390745216601424,
            0.0,
            25.691248294896173,
            37.88379939582409,
            38.35153012372374,
            47.291680517940854
        ],
        [
            46.295560430307745,
            28.747921261841455,
            51.63592643490323,
            50.507043339649606,
            27.483240655101017,
            54.7538126905345,
            64.05265252197704,
            25.691248294896173,
            0.0,
            55.24563856267185,
            60.13807990447833,
            46.295560430307745
        ],
        [
            84.76059987268825,
            69.65503962549889,
            77.17341564907777,
            38.12843474276505,
            40.52968628215148,
            88.47137775337951,
            76.43005276750048,
            37.88379939582409,
            55.24563856267185,
            0.0,
            12.911656688309465,
            84.76059987268825
        ],
        [
            82.58780173077794,
            69.29019667998791,
            72.5003303500478,
            50.84754620987592,
            39.851191937137635,
            84.90914589439173,
            68.98996914422693,
            38.35153012372374,
            60.13807990447833,
            12.911656688309465,
            0.0,
            82.58780173077794
        ],
        [
            0.0,
            17.8383284607444,
            18.199405884022884,
            94.48497895038946,
            44.26997448690868,
            9.873815315165551,
            36.12253282674716,
            47.291680517940854,
            46.295560430307745,
            84.76059987268825,
            82.58780173077794,
            0.0
        ]
    ],
    "scores_ave": [
        0,
        19.829478839791697,
        14.265586471683081,
        14.511591809367019,
        18.350678605502686,
        10.190437846510624,
        19.15965363083355,
        13.772605072789535,
        14.716758532181984,
        13.254278503539219,
        18.94326774967688,
        0
    ],
    "scores_var": [
        0,
        341.5082292980896,
        389.054905157039,
        347.9579667304039,
        334.03952988589725,
        16.91859105279958,
        17.53611641330309,
        395.09072780266786,
        265.75464597504316,
        338.1135052924685,
        16.318711244623778,
        0
    ],
    "vertex_number": 12,
    "minimum_distances": {
        "cost": 276.76496880051116,
        "path": [
            0,
            1,
            8,
            3,
            9,
            10,
            7,
            4,
            6,
            2,
            5,
            11
        ]
    }
}