{
    "vertices": [
        [
            99.90233398167106,
            35.02365358865486
        ],
        [
            83.38636499861211,
            12.214441496491279
        ],
        [
            0.9359744664869885,
            99.57826677763617
        ],
        [
            87.58480454530991,
            20.747228557019902
        ],
        [
            19.918144050342523,
            78.20226714413306
        ],
        [
            29.229826225948386,
            65.3639126022243
        ],
        [
            14.110860336201924,
            4.962557900489218
        ],
        [
            27.879707636318752,
            70.4838090040744
        ],
        [
            14.193947255609807,
            76.86978374603241
        ],
        [
            98.01185592847719,
            71.00151957093074
        ],
        [
            73.37014106717132,
            63.19770039544955
        ],
        [
            20.20685284370668,
            12.513334037474122
        ],
        [
            50.658326525703465,
            37.31599025630351
        ],
        [
            74.7930110421886,
            76.75183678116399
        ],
        [
            16.817479315247297,
            37.46361595398948
        ],
        [
            69.15098061974214,
            47.693213427042515
        ],
        [
            63.1936196556899,
            86.11225233285468
        ],
        [
            19.645117992515427,
            98.43456267025955
        ],
        [
            10.972719729229585,
            90.93526365922362
        ],
        [
            0.34136353700191524,
            44.86866582168615
        ],
        [
            99.90233398167106,
            35.02365358865486
        ]
    ],
    "distances": [
        [
            0.0,
            28.16091951117127,
            118.15937711272714,
            18.855711153375168,
            90.894792521597,
            76.90991268681277,
            90.90570072462056,
            80.27877258508593,
            95.37833173384958,
            36.02749988423026,
            38.7005707234879,
            82.81355082417312,
            49.297333373330034,
            48.70030154964979,
            83.12067427111626,
            33.25903606673985,
            62.909257101895186,
            102.28472079878556,
            105.04563023644235,
            100.04654467672944,
            0.0
        ],
        [
            28.16091951117127,
            0.0,
            120.12703636839777,
            9.50975024107367,
            91.55658471154294,
            75.88014872583065,
            69.65404052832527,
            80.47551305377816,
            94.6990177062436,
            60.579084950746875,
            51.95784281321709,
            63.180219158237314,
            41.24575435636278,
            65.10699749144078,
            71.19647008040548,
            38.22812349716168,
            76.60700627808826,
            107.22339234099765,
            106.961225980149,
            89.23435792361028,
            28.16091951117127
        ],
        [
            118.15937711272714,
            120.12703636839777,
            0.0,
            117.14244466020415,
            28.587691799824892,
            44.397793627914666,
            95.52858202655915,
            39.65415779290567,
            26.295418689835632,
            101.1946502663966,
            81.05710395409142,
            89.17213279090355,
            79.68000609889259,
            77.30399574490552,
            64.11280716989977,
            85.7049930032235,
            63.69731493188503,
            18.744068676857808,
            13.245291932383937,
            54.71283212297414,
            118.15937711272714
        ],
        [
            18.855711153375168,
            9.50975024107367,
            117.14244466020415,
            0.0,
            88.76856651759023,
            73.45714389930193,
            75.15035798569593,
            77.70731002600945,
            92.39025454376063,
            51.324625335778634,
            44.76716673078648,
            67.87919706701445,
            40.473307786492136,
            57.44689829195623,
            72.71486730939567,
            32.64800093626442,
            69.76758727041572,
            103.20427748167269,
            103.9027035806791,
            90.5166378887514,
            18.855711153375168
        ],
        [
            90.894792521597,
            91.55658471154294,
            28.587691799824892,
            88.76856651759023,
            0.0,
            15.859721696273398,
            73.46958251024714,
            11.088782205155823,
            5.877239228672094,
            78.42498709287807,
            55.51804218812812,
            65.68956755420511,
            51.153166630881735,
            54.89403224040497,
            40.85647834299537,
            57.919552444589286,
            43.992438606592515,
            20.234137626416665,
            15.561163726986079,
            38.65720259397137,
            90.894792521597
        ],
        [
            76.90991268681277,
            75.88014872583065,
            44.397793627914666,
            73.45714389930193,
            15.859721696273398,
            0.0,
            62.26481172685044,
            5.294918259212421,
            18.933111925634044,
            69.0126816051453,
            44.193436951736004,
            53.615274906368555,
            35.296835170017815,
            46.96475942346709,
            30.536746861627126,
            43.65721220454747,
            39.79991037321325,
            34.43159200273025,
            31.41999256067436,
            35.42031079939604,
            76.90991268681277
        ],
        [
            90.90570072462056,
            69.65404052832527,
            95.52858202655915,
            75.15035798569593,
            73.46958251024714,
            62.26481172685044,
            0.0,
            66.95233754061913,
            71.90727384790868,
            106.77322473300616,
            83.08425948493598,
            9.704398225671431,
            48.810468857356916,
            94.00012753454845,
            32.613564063050866,
            69.68015329027007,
            94.83875879028083,
            93.63569663053953,
            86.02996025773261,
            42.214884715244644,
            90.90570072462056
        ],
        [
            80.27877258508593,
            80.47551305377816,
            39.65415779290567,
            77.70731002600945,
            11.088782205155823,
            5.294918259212421,
            66.95233754061913,
            0.0,
            15.102341229197158,
            70.1340591175524,
            46.07023890087293,
            58.476052094184155,
            40.23642229364853,
            47.330182850540155,
            34.82392919376548,
            47.14582930045964,
            38.61762062831917,
            29.138515698463358,
            26.53503792350944,
            37.60978537543959,
            80.27877258508593
        ],
        [
            95.37833173384958,
            94.6990177062436,
            26.295418689835632,
            92.39025454376063,
            5.877239228672094,
            18.933111925634044,
            71.90727384790868,
            15.102341229197158,
            0.0,
            84.02308217818435,
            60.735062173087265,
            64.63673609257786,
            53.79733761982424,
            60.5991785694853,
            39.49340426606178,
            62.22176284681523,
            49.863725501546384,
            22.243087745492694,
            14.429623417300089,
            34.870698646413096,
            95.37833173384958
        ],
        [
            36.02749988423026,
            60.579084950746875,
            101.1946502663966,
            51.324625335778634,
            78.42498709287807,
            69.0126816051453,
            106.77322473300616,
            70.1340591175524,
            84.02308217818435,
            0.0,
            25.847895562879206,
            97.33697320143662,
            58.11257722822114,
            23.920303214462702,
            87.84826562107105,
            37.09753709996891,
            37.95581407044146,
            83.02961801919446,
            89.2925830273082,
            101.10613793965545,
            36.02749988423026
        ],
        [
            38.7005707234879,
            51.95784281321709,
            81.05710395409142,
            44.76716673078648,
            55.51804218812812,
            44.193436951736004,
            83.08425948493598,
            46.07023890087293,
            60.735062173087265,
            25.847895562879206,
            0.0,
            73.45229886014899,
            34.433841486142754,
            13.628615928565662,
            62.13249273341387,
            16.06830516995039,
            25.072659981150323,
            64.24962698215637,
            68.28477579546188,
            75.29379692881207,
            38.7005707234879
        ],
        [
            82.81355082417312,
            63.180219158237314,
            89.17213279090355,
            67.87919706701445,
            65.68956755420511,
            53.615274906368555,
            9.704398225671431,
            58.476052094184155,
            64.63673609257786,
            97.33697320143662,
            73.45229886014899,
            0.0,
            39.2742155225891,
            84.2984810160939,
            25.179444406678524,
            60.27562988158203,
            85.23299182357688,
            85.9230648650898,
            78.96371483139907,
            37.96715897010523,
            82.81355082417312
        ],
        [
            49.297333373330034,
            41.24575435636278,
            79.68000609889259,
            40.473307786492136,
            51.153166630881735,
            35.296835170017815,
            48.810468857356916,
            40.23642229364853,
            53.79733761982424,
            58.11257722822114,
            34.433841486142754,
            39.2742155225891,
            0.0,
            46.23493254934647,
            33.84116920657524,
            21.20530632122743,
            50.38063880597537,
            68.53684408727175,
            66.70812444568824,
            50.88064143269313,
            49.297333373330034
        ],
        [
            48.70030154964979,
            65.10699749144078,
            77.30399574490552,
            57.44689829195623,
            54.89403224040497,
            46.96475942346709,
            94.00012753454845,
            47.330182850540155,
            60.5991785694853,
            23.920303214462702,
            13.628615928565662,
            84.2984810160939,
            46.23493254934647,
            0.0,
            70.03375311081369,
            29.601285420138517,
            14.90514206029292,
            59.25732621203766,
            65.37735985244599,
            80.99126129816638,
            48.70030154964979
        ],
        [
            83.12067427111626,
            71.19647008040548,
            64.11280716989977,
            72.71486730939567,
            40.85647834299537,
            30.536746861627126,
            32.613564063050866,
            34.82392919376548,
            39.49340426606178,
            87.84826562107105,
            62.13249273341387,
            25.179444406678524,
            33.84116920657524,
            70.03375311081369,
            0.0,
            53.32391605319565,
            67.21187554591431,
            61.03647994410741,
            53.79013220778526,
            18.06369714873511,
            83.12067427111626
        ],
        [
            33.25903606673985,
            38.22812349716168,
            85.7049930032235,
            32.64800093626442,
            57.919552444589286,
            43.65721220454747,
            69.68015329027007,
            47.14582930045964,
            62.22176284681523,
            37.09753709996891,
            16.06830516995039,
            60.27562988158203,
            21.20530632122743,
            29.601285420138517,
            53.32391605319565,
            0.0,
            38.87817768494715,
            70.89086653080187,
            72.48851597685676,
            68.86756473295873,
            33.25903606673985
        ],
        [
            62.909257101895186,
            76.60700627808826,
            63.69731493188503,
            69.76758727041572,
            43.992438606592515,
            39.79991037321325,
            94.83875879028083,
            38.61762062831917,
            49.863725501546384,
            37.95581407044146,
            25.072659981150323,
            85.23299182357688,
            50.38063880597537,
            14.90514206029292,
            67.21187554591431,
            38.87817768494715,
            0.0,
            45.25827359896558,
            52.44314852660609,
            75.17605687659731,
            62.909257101895186
        ],
        [
            102.28472079878556,
            107.22339234099765,
            18.744068676857808,
            103.20427748167269,
            20.234137626416665,
            34.43159200273025,
            93.63569663053953,
            29.138515698463358,
            22.243087745492694,
            83.02961801919446,
            64.24962698215637,
            85.9230648650898,
            68.53684408727175,
            59.25732621203766,
            61.03647994410741,
            70.89086653080187,
            45.25827359896558,
            0.0,
            11.465163640086773,
            56.93803861453926,
            102.28472079878556
        ],
        [
            105.04563023644235,
            106.961225980149,
            13.245291932383937,
            103.9027035806791,
            15.561163726986079,
            31.41999256067436,
            86.02996025773261,
            26.53503792350944,
            14.429623417300089,
            89.2925830273082,
            68.28477579546188,
            78.96371483139907,
            66.70812444568824,
            65.37735985244599,
            53.79013220778526,
            72.48851597685676,
            52.44314852660609,
            11.465163640086773,
            0.0,
            47.2774488610736,
            105.04563023644235
        ],
        [
            100.04654467672944,
            89.23435792361028,
            54.71283212297414,
            90.5166378887514,
            38.65720259397137,
            35.42031079939604,
            42.214884715244644,
            37.60978537543959,
            34.870698646413096,
            101.10613793965545,
            75.29379692881207,
            37.96715897010523,
            50.88064143269313,
            80.99126129816638,
            18.06369714873511,
            68.86756473295873,
            75.17605687659731,
            56.93803861453926,
            47.2774488610736,
            0.0,
            100.04654467672944
        ],
        [
            0.0,
            28.16091951117127,
            118.15937711272714,
            18.855711153375168,
            90.894792521597,
            76.90991268681277,
            90.90570072462056,
            80.27877258508593,
            95.37833173384958,
            36.02749988423026,
            38.7005707234879,
            82.81355082417312,
            49.297333373330034,
            48.70030154964979,
            83.12067427111626,
            33.25903606673985,
            62.909257101895186,
            102.28472079878556,
            105.04563023644235,
            100.04654467672944,
            0.0
        ]
    ],
    "scores_ave": [
        0,
        19.790113948472573,
        16.480107658342096,
        14.804146141237046,
        10.341446176411681,
        18.361899484469934,
        14.788171253180629,
        18.561114635935027,
        16.52523323143619,
        15.785634210305812,
        15.677541758181817,
        10.870971954610809,
        14.140852957334731,
        17.450279209720968,
        14.997665196112711,
        18.169513163975097,
        14.171007920950336,
        17.497787905131265,
        14.481264524660427,
        19.53728126133742,
        0
    ],
    "scores_var": [
        0,
        368.5953470257613,
        21.07387610019028,
        391.7231537834942,
        18.56296640920454,
        22.000597668134684,
        17.452367941234666,
        394.14220566767216,
        23.48894570612259,
        397.27523886733906,
        307.03252364619084,
        18.032019210343922,
        16.174670745400903,
        19.356305327052176,
        21.04192339250519,
        18.456904173155674,
        16.452406187922872,
        20.17825223601946,
        345.25745473884825,
        297.44098528017577,
        0
    ],
    "vertex_number": 21,
    "minimum_distances": {
        "cost": 427.2224277267963,
        "path": [
            0,
            3,
            1,
            15,
            12,
            11,
            6,
            14,
            19,
            5,
            7,
            4,
            8,
            18,
            2,
            17,
            16,
            13,
            10,
            9,
            20
        ]
    }
}