{
    "vertices": [
        [
            87.33569456058251,
            31.83407053979065
        ],
        [
            40.86999576396801,
            18.50275636495089
        ],
        [
            11.387617192156297,
            72.6145988310793
        ],
        [
            69.24600747358548,
            53.06583130968109
        ],
        [
            74.36396548076088,
            20.460061822243425
        ],
        [
            95.21748741756012,
            98.16680152465098
        ],
        [
            77.73440964741569,
            99.58371863684499
        ],
        [
            74.58614461134478,
            91.8396136605747
        ],
        [
            43.508164843045726,
            95.0490614053003
        ],
        [
            87.33569456058251,
            31.83407053979065
        ]
    ],
    "distances": [
        [
            0.0,
            48.34030515300856,
            86.20418750662319,
            27.89308954374409,
            17.252067401535687,
            66.79935522555704,
            68.42659928170114,
            61.34505871811015,
            76.9219567566247,
            0.0
        ],
        [
            48.34030515300856,
            0.0,
            61.62225362099897,
            44.71917027606152,
            33.551111040360276,
            96.43655914768009,
            89.06799343145912,
            80.71600418192887,
            76.5917538082268,
            48.34030515300856
        ],
        [
            86.20418750662319,
            61.62225362099897,
            0.0,
            61.07165985597454,
            81.76867477447375,
            87.63767571371012,
            71.61864486430197,
            66.05796744638936,
            39.17951878708033,
            86.20418750662319
        ],
        [
            27.89308954374409,
            44.71917027606152,
            61.07165985597454,
            0.0,
            33.00499504667637,
            52.044358818337635,
            47.28601075209667,
            39.13979129280769,
            49.244574853846956,
            27.89308954374409
        ],
        [
            17.252067401535687,
            33.551111040360276,
            81.76867477447375,
            33.00499504667637,
            0.0,
            80.45624135109898,
            79.19540997807499,
            71.37989761975768,
            80.71926221042709,
            17.252067401535687
        ],
        [
            66.79935522555704,
            96.43655914768009,
            87.63767571371012,
            52.044358818337635,
            80.45624135109898,
            0.0,
            17.540400862572856,
            21.57975005079734,
            51.80322716363328,
            66.79935522555704
        ],
        [
            68.42659928170114,
            89.06799343145912,
            71.61864486430197,
            47.28601075209667,
            79.19540997807499,
            17.540400862572856,
            0.0,
            8.359589381114414,
            34.52533779148674,
            68.42659928170114
        ],
        [
            61.34505871811015,
            80.71600418192887,
            66.05796744638936,
            39.13979129280769,
            71.37989761975768,
            21.57975005079734,
            8.359589381114414,
            0.0,
            31.243261374333656,
            61.34505871811015
        ],
        [
            76.9219567566247,
            76.5917538082268,
            39.17951878708033,
            49.244574853846956,
            80.71926221042709,
            51.80322716363328,
            34.52533779148674,
            31.243261374333656,
            0.0,
            76.9219567566247
        ],
        [
            0.0,
            48.34030515300856,
            86.20418750662319,
            27.89308954374409,
            17.252067401535687,
            66.79935522555704,
            68.42659928170114,
            61.34505871811015,
            76.9219567566247,
            0.0
        ]
    ],
    "scores_ave": [
        0,
        18.593032071471193,
        14.511867179395312,
        15.2775976839801,
        13.535200605737947,
        15.085152113173045,
        12.518528941194567,
        12.770167216531743,
        14.759776821076734,
        0
    ],
    "scores_var": [
        0,
        364.57299478047145,
        18.977789287695998,
        385.8252790741638,
        381.359816207681,
        372.15265276915113,
        369.558059417147,
        20.825970175494874,
        369.87607848307346,
        0
    ],
    "vertex_number": 10,
    "minimum_distances": {
        "cost": 288.6856508300779,
        "path": [
            0,
            4,
            1,
            2,
            8,
            7,
            6,
            5,
            3,
            9
        ]
    }
}