{
    "vertices": [
        [
            87.21303682085875,
            37.64350131776438
        ],
        [
            24.30427201164128,
            58.1652885123617
        ],
        [
            90.18768404178729,
            16.01393016293583
        ],
        [
            18.255095156586144,
            64.60836587109048
        ],
        [
            7.627713114097967,
            42.856597161182485
        ],
        [
            61.24802087680822,
            75.9672580689371
        ],
        [
            30.807565813369276,
            41.8903799585136
        ],
        [
            77.52638754548187,
            95.24445623372645
        ],
        [
            52.95127506690599,
            35.33838870857067
        ],
        [
            9.80709719760261,
            88.29640125482094
        ],
        [
            92.39382579899257,
            71.5021817425544
        ],
        [
            42.46792011816929,
            33.980466497917526
        ],
        [
            78.52178722555925,
            80.45505997106845
        ],
        [
            72.19791035019647,
            4.331952213986467
        ],
        [
            18.658580674656598,
            19.43756112315397
        ],
        [
            66.18759367593341,
            68.41085327637607
        ],
        [
            52.40507476849516,
            14.737696129263044
        ],
        [
            87.21303682085875,
            37.64350131776438
        ]
    ],
    "distances": [
        [
            0.0,
            66.17141708836056,
            21.833159973553286,
            74.04256639901432,
            79.75587826475589,
            46.29138564028792,
            56.5651229802074,
            58.40976957166373,
            34.33921755989329,
            92.50619309534166,
            34.252749007109074,
            44.894802514642045,
            43.684864356583375,
            36.53920259972007,
            70.93073886455211,
            37.265254674905606,
            41.668574892505724,
            0.0
        ],
        [
            66.17141708836056,
            0.0,
            78.21356015062672,
            8.83774781685347,
            22.637659939775144,
            41.00915385990987,
            17.52613701611715,
            64.8649231927902,
            36.629470903913706,
            33.437285067534816,
            69.38342781957493,
            30.246053104630395,
            58.62058399276491,
            72.05434539511332,
            39.137075764616014,
            43.11825867272675,
            51.726307579143665,
            66.17141708836056
        ],
        [
            21.833159973553286,
            78.21356015062672,
            0.0,
            86.80850491467606,
            86.81404017300235,
            66.57255914494317,
            64.77336717234915,
            80.2358067848862,
            41.95217338144211,
            108.10085276520587,
            55.53209094582994,
            50.9899234829986,
            65.48856663170662,
            21.449954924763656,
            71.61098992094321,
            57.63195198260181,
            37.8041576656188,
            21.833159973553286
        ],
        [
            74.04256639901432,
            8.83774781685347,
            86.80850491467606,
            0.0,
            24.209103475476592,
            44.46814695877077,
            25.955180668094826,
            66.7207324162255,
            45.39335263520105,
            25.149387464824184,
            74.45855275612695,
            39.04265760208278,
            62.315262069854946,
            80.88926600219779,
            45.17260676714923,
            48.083087720887725,
            60.44257446529081,
            74.04256639901432
        ],
        [
            79.75587826475589,
            22.637659939775144,
            86.81404017300235,
            24.209103475476592,
            0.0,
            63.019467391561435,
            23.199981612980828,
            87.35165977512578,
            45.942885482160904,
            45.492037886334295,
            89.47549036309765,
            35.95310445062975,
            80.24720649211251,
            75.18948489926086,
            25.886894137556613,
            63.892719593216114,
            52.87423485944322,
            79.75587826475589
        ],
        [
            46.29138564028792,
            41.00915385990987,
            66.57255914494317,
            44.46814695877077,
            63.019467391561435,
            0.0,
            45.69305118091706,
            25.230846012061175,
            41.46734880042191,
            52.89779202072504,
            31.464234788902555,
            45.99546554751752,
            17.847223027239206,
            72.46735212778057,
            70.77758863874024,
            9.027659321601405,
            61.86482806246948,
            46.29138564028792
        ],
        [
            56.5651229802074,
            17.52613701611715,
            64.77336717234915,
            25.955180668094826,
            23.199981612980828,
            45.69305118091706,
            0.0,
            70.9175983745794,
            23.09269254211159,
            50.93661251629451,
            68.33539510322674,
            14.090088483312911,
            61.3504805966688,
            55.890930530079075,
            25.52894266424173,
            44.21630781238151,
            34.694677289146064,
            56.5651229802074
        ],
        [
            58.40976957166373,
            64.8649231927902,
            80.2358067848862,
            66.7207324162255,
            87.35165977512578,
            25.230846012061175,
            70.9175983745794,
            0.0,
            64.75085389138262,
            68.07479528584912,
            28.013145454163347,
            70.58592336083193,
            14.822856078941758,
            91.06852396058649,
            95.97970635549018,
            29.13091989774495,
            84.33515742652537,
            58.40976957166373
        ],
        [
            34.33921755989329,
            36.629470903913706,
            41.95217338144211,
            45.39335263520105,
            45.942885482160904,
            41.46734880042191,
            23.09269254211159,
            64.75085389138262,
            0.0,
            68.3079144526232,
            53.5120055207991,
            10.570935801119381,
            51.859089057407544,
            36.49427453479086,
            37.79980431935279,
            35.62285843259114,
            20.60793219886761,
            34.33921755989329
        ],
        [
            92.50619309534166,
            33.437285067534816,
            108.10085276520587,
            25.149387464824184,
            45.492037886334295,
            52.89779202072504,
            50.93661251629451,
            68.07479528584912,
            68.3079144526232,
            0.0,
            84.27700487147034,
            63.379414026675896,
            69.16064819510039,
            104.60708517386749,
            69.42541770866798,
            59.78457494660395,
            85.002769324764,
            92.50619309534166
        ],
        [
            34.252749007109074,
            69.38342781957493,
            55.53209094582994,
            74.45855275612695,
            89.47549036309765,
            31.464234788902555,
            68.33539510322674,
            28.013145454163347,
            53.5120055207991,
            84.27700487147034,
            0.0,
            62.453784296470594,
            16.510223582902285,
            70.14067818131943,
            90.26411852883739,
            26.38793121435369,
            69.43563232174579,
            34.252749007109074
        ],
        [
            44.894802514642045,
            30.246053104630395,
            50.9899234829986,
            39.04265760208278,
            35.95310445062975,
            45.99546554751752,
            14.090088483312911,
            70.58592336083193,
            10.570935801119381,
            63.379414026675896,
            62.453784296470594,
            0.0,
            58.81980254890336,
            41.98698272608899,
            27.899475648759708,
            41.809980236794516,
            21.657129403622726,
            44.894802514642045
        ],
        [
            43.684864356583375,
            58.62058399276491,
            65.48856663170662,
            62.315262069854946,
            80.24720649211251,
            17.847223027239206,
            61.3504805966688,
            14.822856078941758,
            51.859089057407544,
            69.16064819510039,
            16.510223582902285,
            58.81980254890336,
            0.0,
            76.38533205616811,
            85.47946340619646,
            17.239351653241034,
            70.71672065276499,
            43.684864356583375
        ],
        [
            36.53920259972007,
            72.05434539511332,
            21.449954924763656,
            80.88926600219779,
            75.18948489926086,
            72.46735212778057,
            55.890930530079075,
            91.06852396058649,
            36.49427453479086,
            104.60708517386749,
            70.14067818131943,
            41.98698272608899,
            76.38533205616811,
            0.0,
            55.629481775609456,
            64.3601543494765,
            22.361481319326245,
            36.53920259972007
        ],
        [
            70.93073886455211,
            39.137075764616014,
            71.61098992094321,
            45.17260676714923,
            25.886894137556613,
            70.77758863874024,
            25.52894266424173,
            95.97970635549018,
            37.79980431935279,
            69.42541770866798,
            90.26411852883739,
            27.899475648759708,
            85.47946340619646,
            55.629481775609456,
            0.0,
            68.24507616817777,
            34.07219679718762,
            70.93073886455211
        ],
        [
            37.265254674905606,
            43.11825867272675,
            57.63195198260181,
            48.083087720887725,
            63.892719593216114,
            9.027659321601405,
            44.21630781238151,
            29.13091989774495,
            35.62285843259114,
            59.78457494660395,
            26.38793121435369,
            41.809980236794516,
            17.239351653241034,
            64.3601543494765,
            68.24507616817777,
            0.0,
            55.41448931076225,
            37.265254674905606
        ],
        [
            41.668574892505724,
            51.726307579143665,
            37.8041576656188,
            60.44257446529081,
            52.87423485944322,
            61.86482806246948,
            34.694677289146064,
            84.33515742652537,
            20.60793219886761,
            85.002769324764,
            69.43563232174579,
            21.657129403622726,
            70.71672065276499,
            22.361481319326245,
            34.07219679718762,
            55.41448931076225,
            0.0,
            41.668574892505724
        ],
        [
            0.0,
            66.17141708836056,
            21.833159973553286,
            74.04256639901432,
            79.75587826475589,
            46.29138564028792,
            56.5651229802074,
            58.40976957166373,
            34.33921755989329,
            92.50619309534166,
            34.252749007109074,
            44.894802514642045,
            43.684864356583375,
            36.53920259972007,
            70.93073886455211,
            37.265254674905606,
            41.668574892505724,
            0.0
        ]
    ],
    "scores_ave": [
        0,
        10.574871160552465,
        12.183236103624239,
        17.515064807440965,
        14.86689652783959,
        18.724037677224477,
        16.71820437025632,
        14.527158980951201,
        12.584326184307395,
        16.289618672656786,
        14.728169425501916,
        18.90279253683957,
        12.028968794719002,
        18.460613384990932,
        12.080993656008648,
        14.179474843627805,
        15.381103007130822,
        0
    ],
    "scores_var": [
        0,
        285.27069486213094,
        300.54543959466554,
        22.45498341794671,
        20.135714966431703,
        20.779503865147177,
        332.5890153837688,
        24.524323557781138,
        23.97117156179813,
        324.5673398258059,
        393.95115847179363,
        367.6340110142261,
        23.234144100490138,
        272.7019630739143,
        22.32090173038901,
        23.18338903381229,
        387.4998129262413,
        0
    ],
    "vertex_number": 18,
    "minimum_distances": {
        "cost": 375.2077382599759,
        "path": [
            0,
            2,
            13,
            16,
            8,
            11,
            6,
            14,
            4,
            1,
            3,
            9,
            5,
            15,
            12,
            7,
            10,
            17
        ]
    }
}