{
    "vertices": [
        [
            87.98974653102493,
            39.549090576698234
        ],
        [
            73.04206761867557,
            14.41527770111869
        ],
        [
            91.6287360127145,
            36.80475749969906
        ],
        [
            13.257187709304253,
            50.328241152593456
        ],
        [
            77.4467715696179,
            83.15014562727634
        ],
        [
            22.04837543478866,
            11.453443144108544
        ],
        [
            87.75458923618521,
            14.837212774178454
        ],
        [
            23.736257409653973,
            20.73363775397954
        ],
        [
            23.720729850058618,
            56.59364286378483
        ],
        [
            88.21734542509921,
            88.45630211427275
        ],
        [
            11.30798463654844,
            34.90237620637993
        ],
        [
            76.20605160934834,
            33.657166606994814
        ],
        [
            52.20809277268182,
            86.52179656158076
        ],
        [
            75.58731216710484,
            70.9836959758316
        ],
        [
            52.37757479500586,
            14.329566887785827
        ],
        [
            2.3514902793170367,
            50.810122399443635
        ],
        [
            81.93229462819875,
            92.78669304429681
        ],
        [
            8.478303544444143,
            96.36635815913928
        ],
        [
            30.785752456345772,
            71.64155893268422
        ],
        [
            1.92404772367194,
            55.275280164830654
        ],
        [
            60.5205076522203,
            56.56388515135625
        ],
        [
            65.432129262493,
            14.450379822391179
        ],
        [
            87.98974653102493,
            39.549090576698234
        ]
    ],
    "distances": [
        [
            0.0,
            29.242805175484477,
            4.557807420828467,
            75.50592980143854,
            44.85762279212307,
            71.67726157372314,
            24.712996651154754,
            66.95171490853755,
            66.49077580992386,
            48.90774112180653,
            76.82242225861216,
            13.17460565147635,
            59.04880907540954,
            33.79282164529281,
            43.63772623374561,
            86.37546973270867,
            53.58110711858342,
            97.72549033564884,
            65.59133680049439,
            87.49067121790692,
            32.31195319071015,
            33.74598314410085,
            0.0
        ],
        [
            29.242805175484477,
            0.0,
            29.099021420676742,
            69.74218816215127,
            68.87585560791084,
            51.079634948657464,
            14.718570635478377,
            49.70899912617077,
            64.89690938004067,
            75.5801716897455,
            65.04474003951769,
            19.50028418662949,
            75.05600955325079,
            56.625649805668296,
            20.664670575719786,
            79.50938589366052,
            78.87404439467898,
            104.32861170201576,
            71.13679381791376,
            82.02019601976504,
            43.969245774606556,
            7.610019312972633,
            29.242805175484477
        ],
        [
            4.557807420828467,
            29.099021420676742,
            0.0,
            79.52976922878544,
            48.46672173936502,
            74.05481562808826,
            22.306546898026156,
            69.76868596116948,
            70.73257583985074,
            51.76407679861166,
            80.34327698206647,
            15.740601088702698,
            63.448964424477445,
            37.75615333094391,
            45.23038635674459,
            90.36911447898797,
            56.81547397358265,
            102.28185906002598,
            70.1104227780848,
            91.5865236186931,
            36.85301883541075,
            34.43806624311927,
            4.557807420828467
        ],
        [
            75.50592980143854,
            69.74218816215127,
            79.52976922878544,
            0.0,
            72.0942444963913,
            39.85642861352746,
            82.51954877248654,
            31.39508643253014,
            12.195940830208313,
            84.09978761848562,
            15.5485273244015,
            65.11900024425421,
            53.170917411679916,
            65.66347713059173,
            53.1630438797371,
            10.916338487354432,
            80.74026534116469,
            46.28548316016108,
            27.595436160466097,
            12.36580999864282,
            47.67289238241952,
            63.320182088398056,
            75.50592980143854
        ],
        [
            44.85762279212307,
            68.87585560791084,
            48.46672173936502,
            72.0942444963913,
            0.0,
            90.60573624926482,
            69.0862352429126,
            82.34464030175253,
            59.93108874264805,
            12.006688046287854,
            81.8668821384444,
            49.50852813730013,
            25.462893343799447,
            12.307724663427205,
            73.24436282037432,
            81.7629401039748,
            10.629344440253329,
            70.22334266771117,
            48.0593203488781,
            80.5027325105208,
            31.5171010134953,
            69.74245085609068,
            44.85762279212307
        ],
        [
            71.67726157372314,
            51.079634948657464,
            74.05481562808826,
            39.85642861352746,
            90.60573624926482,
            0.0,
            65.79328559225644,
            9.432441760125206,
            45.171167795647435,
            101.52720265602522,
            25.791635393239556,
            58.53254841748132,
            80.90034755618869,
            80.06415395566124,
            30.4652658222564,
            44.010402029919724,
            101.00089760635468,
            85.99040636872785,
            60.81900228872409,
            48.22179969365672,
            59.28791559369245,
            43.487144372061124,
            71.67726157372314
        ],
        [
            24.712996651154754,
            14.718570635478377,
            22.306546898026156,
            82.51954877248654,
            69.0862352429126,
            65.79328559225644,
            0.0,
            64.28930422235322,
            76.4456316718648,
            73.62054372629397,
            79.036030633972,
            22.080746898323127,
            80.01395480541478,
            57.449718947870295,
            35.380656510548015,
            92.67005739905481,
            78.16662068225644,
            113.71776914924347,
            80.44987325374314,
            94.87949805211973,
            49.82780737092883,
            22.325811497226233,
            24.712996651154754
        ],
        [
            66.95171490853755,
            49.70899912617077,
            69.76868596116948,
            31.39508643253014,
            82.34464030175253,
            9.432441760125206,
            64.28930422235322,
            0.0,
            35.860008471560185,
            93.51026670752535,
            18.84715133528793,
            54.03792095716672,
            71.68491646248548,
            72.205264564017,
            29.348546560736043,
            36.903972602520405,
            92.61976854112608,
            77.15642262338204,
            51.39369435203643,
            40.85214256100109,
            51.35063480099308,
            42.16663443770729,
            66.95171490853755
        ],
        [
            66.49077580992386,
            64.89690938004067,
            70.73257583985074,
            12.195940830208313,
            59.93108874264805,
            45.171167795647435,
            76.4456316718648,
            35.860008471560185,
            0.0,
            71.93776807176653,
            24.991744495696285,
            57.278189071010814,
            41.318570038714356,
            53.82579297900272,
            51.06336142777681,
            22.138055668761908,
            68.54577416069253,
            42.59343190736583,
            16.623908157950975,
            21.836516020756108,
            36.79978983377379,
            59.294986809339356,
            66.49077580992386
        ],
        [
            48.90774112180653,
            75.5801716897455,
            51.76407679861166,
            84.09978761848562,
            12.006688046287854,
            101.52720265602522,
            73.62054372629397,
            93.51026670752535,
            71.93776807176653,
            0.0,
            93.71804925974263,
            56.10005732147967,
            36.06117841001628,
            21.559445850186766,
            82.3362741090183,
            93.75595942145576,
            7.632440574708319,
            80.13041736243355,
            59.842488744965706,
            92.45276332158227,
            42.24027796255247,
            77.43411786705329,
            48.90774112180653
        ],
        [
            76.82242225861216,
            65.04474003951769,
            80.34327698206647,
            15.5485273244015,
            81.8668821384444,
            25.791635393239556,
            79.036030633972,
            18.84715133528793,
            24.991744495696285,
            93.71804925974263,
            0.0,
            64.91001189148267,
            65.85881416601977,
            73.71359158314002,
            45.934210769783505,
            18.255825922539106,
            91.31477042400678,
            61.529083956874736,
            41.58306129469917,
            22.430191432199226,
            53.76888869356816,
            57.85937424117939,
            76.82242225861216
        ],
        [
            13.17460565147635,
            19.50028418662949,
            15.740601088702698,
            65.11900024425421,
            49.50852813730013,
            58.53254841748132,
            22.080746898323127,
            54.03792095716672,
            57.278189071010814,
            56.10005732147967,
            64.91001189148267,
            0.0,
            58.056620023573934,
            37.33165725252527,
            30.68146701508297,
            75.82031470304682,
            59.406150824729664,
            92.3010864674229,
            59.209945410379646,
            77.3638089488304,
            27.762457450693876,
            22.022217447961356,
            13.17460565147635
        ],
        [
            59.04880907540954,
            75.05600955325079,
            63.448964424477445,
            53.170917411679916,
            25.462893343799447,
            80.90034755618869,
            80.01395480541478,
            71.68491646248548,
            41.318570038714356,
            36.06117841001628,
            65.85881416601977,
            58.056620023573934,
            0.0,
            28.071702287275418,
            72.19242861567858,
            61.32702898106218,
            30.3772464829626,
            44.8242106343683,
            26.083292286851854,
            59.20160448352079,
            31.08975228580042,
            73.27458121257189,
            59.04880907540954
        ],
        [
            33.79282164529281,
            56.625649805668296,
            37.75615333094391,
            65.66347713059173,
            12.307724663427205,
            80.06415395566124,
            57.449718947870295,
            72.205264564017,
            53.82579297900272,
            21.559445850186766,
            73.71359158314002,
            37.33165725252527,
            28.071702287275418,
            0.0,
            61.22403328437911,
            75.96353518907422,
            22.707476381119328,
            71.74885767612099,
            44.80638945716011,
            75.31952506325587,
            20.85520420670585,
            57.438171759997445,
            33.79282164529281
        ],
        [
            43.63772623374561,
            20.664670575719786,
            45.23038635674459,
            53.1630438797371,
            73.24436282037432,
            30.4652658222564,
            35.380656510548015,
            29.348546560736043,
            51.06336142777681,
            82.3362741090183,
            45.934210769783505,
            30.68146701508297,
            72.19242861567858,
            61.22403328437911,
            0.0,
            61.9147806457391,
            83.83914425348821,
            93.04397421880694,
            61.24435667111507,
            64.97776411745629,
            43.01214938486173,
            13.055113485135108,
            43.63772623374561
        ],
        [
            86.37546973270867,
            79.50938589366052,
            90.36911447898797,
            10.916338487354432,
            81.7629401039748,
            44.010402029919724,
            92.67005739905481,
            36.903972602520405,
            22.138055668761908,
            93.75595942145576,
            18.255825922539106,
            75.82031470304682,
            61.32702898106218,
            75.96353518907422,
            61.9147806457391,
            0.0,
            89.9729787431612,
            45.96638399285624,
            35.24848952211197,
            4.485570310247339,
            58.45289015895125,
            72.8093256032172,
            86.37546973270867
        ],
        [
            53.58110711858342,
            78.87404439467898,
            56.81547397358265,
            80.74026534116469,
            10.629344440253329,
            101.00089760635468,
            78.16662068225644,
            92.61976854112608,
            68.54577416069253,
            7.632440574708319,
            91.31477042400678,
            59.406150824729664,
            30.3772464829626,
            22.707476381119328,
            83.83914425348821,
            89.9729787431612,
            0.0,
            73.5411640407379,
            55.345148592584124,
            88.36529674566539,
            42.07798038349223,
            80.05518987733488,
            53.58110711858342
        ],
        [
            97.72549033564884,
            104.32861170201576,
            102.28185906002598,
            46.28548316016108,
            70.22334266771117,
            85.99040636872785,
            113.71776914924347,
            77.15642262338204,
            42.59343190736583,
            80.13041736243355,
            61.529083956874736,
            92.3010864674229,
            44.8242106343683,
            71.74885767612099,
            93.04397421880694,
            45.96638399285624,
            73.5411640407379,
            0.0,
            33.300720318720046,
            41.610515018423904,
            65.5181491338906,
            99.76956334869101,
            97.72549033564884
        ],
        [
            65.59133680049439,
            71.13679381791376,
            70.1104227780848,
            27.595436160466097,
            48.0593203488781,
            60.81900228872409,
            80.44987325374314,
            51.39369435203643,
            16.623908157950975,
            59.842488744965706,
            41.58306129469917,
            59.209945410379646,
            26.083292286851854,
            44.80638945716011,
            61.24435667111507,
            35.24848952211197,
            55.345148592584124,
            33.300720318720046,
            0.0,
            33.17910608776466,
            33.33904487556193,
            66.86705013546774,
            65.59133680049439
        ],
        [
            87.49067121790692,
            82.02019601976504,
            91.5865236186931,
            12.36580999864282,
            80.5027325105208,
            48.22179969365672,
            94.87949805211973,
            40.85214256100109,
            21.836516020756108,
            92.45276332158227,
            22.430191432199226,
            77.3638089488304,
            59.20160448352079,
            75.31952506325587,
            64.97776411745629,
            4.485570310247339,
            88.36529674566539,
            41.610515018423904,
            33.17910608776466,
            0.0,
            58.61062718457526,
            75.49800599162643,
            87.49067121790692
        ],
        [
            32.31195319071015,
            43.969245774606556,
            36.85301883541075,
            47.67289238241952,
            31.5171010134953,
            59.28791559369245,
            49.82780737092883,
            51.35063480099308,
            36.79978983377379,
            42.24027796255247,
            53.76888869356816,
            27.762457450693876,
            31.08975228580042,
            20.85520420670585,
            43.01214938486173,
            58.45289015895125,
            42.07798038349223,
            65.5181491338906,
            33.33904487556193,
            58.61062718457526,
            0.0,
            42.39895467974733,
            32.31195319071015
        ],
        [
            33.74598314410085,
            7.610019312972633,
            34.43806624311927,
            63.320182088398056,
            69.74245085609068,
            43.487144372061124,
            22.325811497226233,
            42.16663443770729,
            59.294986809339356,
            77.43411786705329,
            57.85937424117939,
            22.022217447961356,
            73.27458121257189,
            57.438171759997445,
            13.055113485135108,
            72.8093256032172,
            80.05518987733488,
            99.76956334869101,
            66.86705013546774,
            75.49800599162643,
            42.39895467974733,
            0.0,
            33.74598314410085
        ],
        [
            0.0,
            29.242805175484477,
            4.557807420828467,
            75.50592980143854,
            44.85762279212307,
            71.67726157372314,
            24.712996651154754,
            66.95171490853755,
            66.49077580992386,
            48.90774112180653,
            76.82242225861216,
            13.17460565147635,
            59.04880907540954,
            33.79282164529281,
            43.63772623374561,
            86.37546973270867,
            53.58110711858342,
            97.72549033564884,
            65.59133680049439,
            87.49067121790692,
            32.31195319071015,
            33.74598314410085,
            0.0
        ]
    ],
    "scores_ave": [
        0,
        17.77199653833203,
        13.21299690132955,
        11.387812664552277,
        12.158327797014223,
        11.207150265643527,
        11.106927896455774,
        18.1258113045507,
        11.555551725379553,
        14.308524294455069,
        10.342211577902962,
        17.180063170891767,
        10.946891680149816,
        17.33830648405339,
        18.080552291228855,
        17.114710796620024,
        10.37519409869102,
        10.870039140233763,
        13.700055722983388,
        13.56700816498332,
        13.782333738164404,
        17.85001054721036,
        0
    ],
    "scores_var": [
        0,
        292.63626369956535,
        310.484548414155,
        329.39318851489253,
        317.5575898193836,
        277.97829587095214,
        250.36546211884632,
        22.92074006100932,
        18.313581629919405,
        337.1500232036334,
        22.543569338076423,
        19.702082461233168,
        226.17080127673697,
        281.95322198254104,
        20.75652959537674,
        322.79879432292836,
        19.707008475987884,
        341.84886998120317,
        240.938782007961,
        16.70271499430874,
        391.7284356442557,
        298.9926490993141,
        0
    ],
    "vertex_number": 23,
    "minimum_distances": {
        "cost": 390.12129436061105,
        "path": [
            0,
            2,
            6,
            1,
            21,
            14,
            5,
            7,
            10,
            15,
            19,
            3,
            8,
            18,
            17,
            12,
            4,
            16,
            9,
            13,
            20,
            11,
            22
        ]
    }
}