{
    "vertices": [
        [
            54.84459355876052,
            21.72301022971226
        ],
        [
            70.57438705232525,
            33.97236638487663
        ],
        [
            47.9769200788766,
            15.489740298402666
        ],
        [
            5.132101250337772,
            90.9973046341048
        ],
        [
            83.1043303500474,
            87.97511215677997
        ],
        [
            23.054879153122076,
            33.410704467681896
        ],
        [
            42.287247851332744,
            64.80794056923975
        ],
        [
            52.62835905755576,
            94.37179044508616
        ],
        [
            68.87894606583819,
            35.86003033318953
        ],
        [
            77.63909883508137,
            27.988421853480794
        ],
        [
            20.997460024080826,
            56.16775489380438
        ],
        [
            16.77165684227022,
            39.79004533575174
        ],
        [
            30.28660170519285,
            86.670862865354
        ],
        [
            0.4217408106715226,
            59.08372102032331
        ],
        [
            54.84459355876052,
            21.72301022971226
        ]
    ],
    "distances": [
        [
            0.0,
            19.936728156000285,
            9.274620912084181,
            85.26581822009007,
            72.02745124789148,
            33.87016590736345,
            44.87759077287674,
            72.68257674399025,
            19.92030089378767,
            23.639899610774005,
            48.291499080986725,
            42.142214793965664,
            69.4357150597654,
            66.01264736412152,
            0.0
        ],
        [
            19.936728156000285,
            0.0,
            29.193372204466378,
            86.80170708757575,
            55.43731622245937,
            47.52282709489893,
            41.84489072103891,
            63.009129081380486,
            2.5372810881769574,
            9.25838780394488,
            54.318569243179766,
            54.11634842107719,
            66.33428359061023,
            74.51156894290834,
            19.936728156000285
        ],
        [
            9.274620912084181,
            29.193372204466378,
            0.0,
            86.81630476103271,
            80.54852007210556,
            30.696401754302954,
            49.64531446180273,
            79.01907187455612,
            29.186356512263647,
            32.18791526614135,
            48.81180324749369,
            39.55089478853937,
            73.34643531933669,
            64.51302372710731,
            9.274620912084181
        ],
        [
            85.26581822009007,
            86.80170708757575,
            86.81630476103271,
            0.0,
            78.0307769931045,
            60.31121360476832,
            45.45753742849993,
            47.615981142660814,
            84.28392041941252,
            96.05927340978813,
            38.27279901093787,
            52.51345217395683,
            25.523851423946503,
            32.25932910873062,
            85.26581822009007
        ],
        [
            72.02745124789148,
            55.43731622245937,
            80.54852007210556,
            78.0307769931045,
            0.0,
            81.13699018027488,
            46.933485520184945,
            31.140043663181697,
            54.021692971554984,
            60.235137329104724,
            69.7780145729369,
            81.98673209267656,
            52.83382936543285,
            87.58494787768407,
            72.02745124789148
        ],
        [
            33.87016590736345,
            47.52282709489893,
            30.696401754302954,
            60.31121360476832,
            81.13699018027488,
            0.0,
            36.819430204185416,
            67.75577257475867,
            45.88947924760673,
            54.85287765502062,
            22.849864716659184,
            8.954042244629665,
            53.74888169641533,
            34.225176846010676,
            33.87016590736345
        ],
        [
            44.87759077287674,
            41.84489072103891,
            49.64531446180273,
            45.45753742849993,
            46.933485520184945,
            36.819430204185416,
            0.0,
            31.320277783906317,
            39.307759042786365,
            51.043416092942806,
            22.976245869057948,
            35.73430377740042,
            24.93998555033246,
            42.25502773890761,
            44.87759077287674
        ],
        [
            72.68257674399025,
            63.009129081380486,
            79.01907187455612,
            47.615981142660814,
            31.140043663181697,
            67.75577257475867,
            31.320277783906317,
            0.0,
            60.72649874236037,
            70.93862650057471,
            49.59901315620592,
            65.30597210773311,
            23.631724591746192,
            63.01411613680532,
            72.68257674399025
        ],
        [
            19.92030089378767,
            2.5372810881769574,
            29.186356512263647,
            84.28392041941252,
            54.021692971554984,
            45.88947924760673,
            39.307759042786365,
            60.72649874236037,
            0.0,
            11.777202409668492,
            52.01000271483174,
            52.25528306447997,
            63.80524857613437,
            72.28920223988976,
            19.92030089378767
        ],
        [
            23.639899610774005,
            9.25838780394488,
            32.18791526614135,
            96.05927340978813,
            60.235137329104724,
            54.85287765502062,
            51.043416092942806,
            70.93862650057471,
            11.777202409668492,
            0.0,
            63.26412931348471,
            62.0009984723272,
            75.40482655339828,
            83.24324603561138,
            23.639899610774005
        ],
        [
            48.291499080986725,
            54.318569243179766,
            48.81180324749369,
            38.27279901093787,
            69.7780145729369,
            22.849864716659184,
            22.976245869057948,
            49.59901315620592,
            52.01000271483174,
            63.26412931348471,
            0.0,
            16.91410012088522,
            31.88616861737682,
            20.78131563689043,
            48.291499080986725
        ],
        [
            42.142214793965664,
            54.11634842107719,
            39.55089478853937,
            52.51345217395683,
            81.98673209267656,
            8.954042244629665,
            35.73430377740042,
            65.30597210773311,
            52.25528306447997,
            62.0009984723272,
            16.91410012088522,
            0.0,
            48.79000703926677,
            25.289635736043262,
            42.142214793965664
        ],
        [
            69.4357150597654,
            66.33428359061023,
            73.34643531933669,
            25.523851423946503,
            52.83382936543285,
            53.74888169641533,
            24.93998555033246,
            23.631724591746192,
            63.80524857613437,
            75.40482655339828,
            31.88616861737682,
            48.79000703926677,
            0.0,
            40.656614608535136,
            69.4357150597654
        ],
        [
            66.01264736412152,
            74.51156894290834,
            64.51302372710731,
            32.25932910873062,
            87.58494787768407,
            34.225176846010676,
            42.25502773890761,
            63.01411613680532,
            72.28920223988976,
            83.24324603561138,
            20.78131563689043,
            25.289635736043262,
            40.656614608535136,
            0.0,
            66.01264736412152
        ],
        [
            0.0,
            19.936728156000285,
            9.274620912084181,
            85.26581822009007,
            72.02745124789148,
            33.87016590736345,
            44.87759077287674,
            72.68257674399025,
            19.92030089378767,
            23.639899610774005,
            48.291499080986725,
            42.142214793965664,
            69.4357150597654,
            66.01264736412152,
            0.0
        ]
    ],
    "scores_ave": [
        0,
        10.479850385801589,
        14.627509112780004,
        18.07860853965539,
        19.7357563376871,
        16.726044732192356,
        12.104185919195277,
        18.263602079603704,
        10.791547781015652,
        18.365824049084196,
        15.488600198750934,
        19.886012773806947,
        17.08399083163758,
        10.052813380219556,
        0
    ],
    "scores_var": [
        0,
        19.508302371892174,
        24.310799903459234,
        23.30258212757334,
        21.553729929528053,
        246.64147239696823,
        353.3272571471124,
        266.935424850564,
        303.0095549314648,
        252.11228496488025,
        309.6133752404499,
        24.246685723243267,
        303.53358422229627,
        251.185335920926,
        0
    ],
    "vertex_number": 15,
    "minimum_distances": {
        "cost": 321.26122967334084,
        "path": [
            0,
            9,
            1,
            8,
            4,
            7,
            6,
            12,
            3,
            13,
            10,
            11,
            5,
            2,
            14
        ]
    }
}