{
    "vertices": [
        [
            67.85944374958288,
            40.7589570780163
        ],
        [
            67.38179600063012,
            53.95148040487877
        ],
        [
            0.36642070779610014,
            19.846045420949153
        ],
        [
            52.58301989424675,
            55.193151269394804
        ],
        [
            25.147296136762144,
            58.76445263059734
        ],
        [
            91.05514793624423,
            84.8587782537053
        ],
        [
            17.184671206536194,
            18.82912328953723
        ],
        [
            98.57862032705911,
            93.98233514416746
        ],
        [
            2.9824890456792708,
            0.003294819144772365
        ],
        [
            80.67217982288295,
            89.81538539695624
        ],
        [
            11.342237772093377,
            5.5891181462925825
        ],
        [
            38.44283643878483,
            4.9623583979784724
        ],
        [
            55.95351143976895,
            25.852396365590067
        ],
        [
            26.03938916472893,
            78.49523279374651
        ],
        [
            67.85944374958288,
            40.7589570780163
        ]
    ],
    "distances": [
        [
            0.0,
            13.201167338606464,
            70.65874350209928,
            21.017019002758396,
            46.35218898599508,
            49.828053548606995,
            55.2163941441293,
            61.452386303304976,
            76.61620753999486,
            50.70206470248857,
            66.56659929713523,
            46.33285295270931,
            19.077651229622596,
            56.32888664241264,
            0.0
        ],
        [
            13.201167338606464,
            0.0,
            75.19468878240298,
            14.850775090299198,
            42.507854337717426,
            38.93184624678774,
            61.26443753868489,
            50.751464798684424,
            84.00998431300162,
            38.247274195994144,
            74.0226328205116,
            56.898132267492585,
            30.334208607626916,
            48.079001490372285,
            13.201167338606464
        ],
        [
            70.65874350209928,
            75.19468878240298,
            0.0,
            63.05546068707817,
            46.138207667419515,
            111.58450016332553,
            16.84896674754054,
            123.05212557277883,
            20.01445889835353,
            106.51161196662277,
            17.992457740502427,
            40.881995723262236,
            55.91065111152589,
            64.02209375582902,
            70.65874350209928
        ],
        [
            21.017019002758396,
            14.850775090299198,
            63.05546068707817,
            0.0,
            27.667185102744597,
            48.58141682219755,
            50.74825731723804,
            60.16806499170347,
            74.2033214584017,
            44.58362929910688,
            64.50862122325006,
            52.18311355836531,
            29.533711442749254,
            35.32069274055275,
            21.017019002758396
        ],
        [
            46.35218898599508,
            42.507854337717426,
            46.138207667419515,
            27.667185102744597,
            0.0,
            70.88553278735571,
            40.72141850867173,
            81.43990803703134,
            62.80248673999582,
            63.61739647312035,
            54.93810912262636,
            55.4205443471851,
            45.08022126039551,
            19.75093708706166,
            46.35218898599508
        ],
        [
            49.828053548606995,
            38.93184624678774,
            111.58450016332553,
            48.58141682219755,
            70.88553278735571,
            0.0,
            99.07957744642141,
            11.825477882472809,
            122.29982139384663,
            11.50538922486342,
            112.41809044981473,
            95.6634372520049,
            68.65768702961655,
            65.3264387476987,
            49.828053548606995
        ],
        [
            55.2163941441293,
            61.26443753868489,
            16.84896674754054,
            50.74825731723804,
            40.72141850867173,
            99.07957744642141,
            0.0,
            110.78348345083398,
            23.58206512854211,
            95.23504165113751,
            14.471757482387547,
            25.38103145262917,
            39.39986469178207,
            60.319571065181115,
            55.2163941441293
        ],
        [
            61.452386303304976,
            50.751464798684424,
            123.05212557277883,
            60.16806499170347,
            81.43990803703134,
            11.825477882472809,
            110.78348345083398,
            0.0,
            134.05476618300094,
            18.38488731881118,
            124.19157480485433,
            107.42843554547956,
            80.36534368511123,
            74.17405474176525,
            61.452386303304976
        ],
        [
            76.61620753999486,
            84.00998431300162,
            20.01445889835353,
            74.2033214584017,
            62.80248673999582,
            122.29982139384663,
            23.58206512854211,
            134.05476618300094,
            0.0,
            118.75141964210171,
            10.054194199978976,
            35.80542624824683,
            58.94154107447133,
            81.80834291261839,
            76.61620753999486
        ],
        [
            50.70206470248857,
            38.247274195994144,
            106.51161196662277,
            44.58362929910688,
            63.61739647312035,
            11.50538922486342,
            95.23504165113751,
            18.38488731881118,
            118.75141964210171,
            0.0,
            109.09035227620296,
            94.78055514472007,
            68.57314731336918,
            55.793258285008214,
            50.70206470248857
        ],
        [
            66.56659929713523,
            74.0226328205116,
            17.992457740502427,
            64.50862122325006,
            54.93810912262636,
            112.41809044981473,
            14.471757482387547,
            124.19157480485433,
            10.054194199978976,
            109.09035227620296,
            0.0,
            27.107845282780875,
            48.99761404849118,
            74.37276256833375,
            66.56659929713523
        ],
        [
            46.33285295270931,
            56.898132267492585,
            40.881995723262236,
            52.18311355836531,
            55.4205443471851,
            95.6634372520049,
            25.38103145262917,
            107.42843554547956,
            35.80542624824683,
            94.78055514472007,
            27.107845282780875,
            0.0,
            27.258345974734862,
            74.57163751175163,
            46.33285295270931
        ],
        [
            19.077651229622596,
            30.334208607626916,
            55.91065111152589,
            29.533711442749254,
            45.08022126039551,
            68.65768702961655,
            39.39986469178207,
            80.36534368511123,
            58.94154107447133,
            68.57314731336918,
            48.99761404849118,
            27.258345974734862,
            0.0,
            60.54851722947211,
            19.077651229622596
        ],
        [
            56.32888664241264,
            48.079001490372285,
            64.02209375582902,
            35.32069274055275,
            19.75093708706166,
            65.3264387476987,
            60.319571065181115,
            74.17405474176525,
            81.80834291261839,
            55.793258285008214,
            74.37276256833375,
            74.57163751175163,
            60.54851722947211,
            0.0,
            56.32888664241264
        ],
        [
            0.0,
            13.201167338606464,
            70.65874350209928,
            21.017019002758396,
            46.35218898599508,
            49.828053548606995,
            55.2163941441293,
            61.452386303304976,
            76.61620753999486,
            50.70206470248857,
            66.56659929713523,
            46.33285295270931,
            19.077651229622596,
            56.32888664241264,
            0.0
        ]
    ],
    "scores_ave": [
        0,
        17.732057491980452,
        16.532703496588162,
        11.013695900167162,
        12.18309436210151,
        12.441035173899344,
        18.89138669081826,
        15.693782324855729,
        14.334622690033626,
        12.33698561255845,
        12.263652506821177,
        16.912104242115092,
        16.671249543272424,
        17.94903371274019,
        0
    ],
    "scores_var": [
        0,
        235.8372904155629,
        268.2509594700883,
        273.70429794196264,
        20.68393130050302,
        297.06050936407314,
        285.7408117055875,
        17.379271604337163,
        358.1146178027914,
        302.72137006328643,
        21.35856622893765,
        260.21749953087505,
        17.080298948468283,
        24.515099014156196,
        0
    ],
    "vertex_number": 15,
    "minimum_distances": {
        "cost": 342.94984781832534,
        "path": [
            0,
            3,
            1,
            5,
            7,
            9,
            13,
            4,
            2,
            8,
            10,
            6,
            11,
            12,
            14
        ]
    }
}