{
    "vertices": [
        [
            54.28631369261785,
            53.26712790235359
        ],
        [
            96.39159091061916,
            58.980350342715624
        ],
        [
            65.25365109964494,
            14.552668470766383
        ],
        [
            72.40821211356344,
            82.13803074156567
        ],
        [
            18.60836015576286,
            60.587025236197164
        ],
        [
            91.22397870268608,
            21.106341871779843
        ],
        [
            80.00559540069203,
            34.04493677713486
        ],
        [
            40.94984881403994,
            86.17212010899847
        ],
        [
            85.14402922189616,
            98.6758764639683
        ],
        [
            23.976901585623867,
            6.545341674133165
        ],
        [
            85.31395125752529,
            70.81460375373068
        ],
        [
            79.09911708188513,
            23.19281768095656
        ],
        [
            28.507119349826894,
            25.531378872176557
        ],
        [
            29.228192834515287,
            21.212307967794853
        ],
        [
            70.02396628842759,
            73.95488056482772
        ],
        [
            88.94076977060405,
            15.871390070254199
        ],
        [
            75.3291693607385,
            66.12036901370976
        ],
        [
            56.023627554489266,
            7.639731541761707
        ],
        [
            94.41235926590291,
            64.1302639973509
        ],
        [
            64.39721159043395,
            12.961039055912483
        ],
        [
            54.28631369261785,
            53.26712790235359
        ]
    ],
    "distances": [
        [
            0.0,
            42.491120016513996,
            40.2379405397392,
            34.08712708824687,
            36.42111016369482,
            48.976599049958196,
            32.10878514104383,
            35.50492652544013,
            54.901302840805236,
            55.691882448226885,
            35.645872153924316,
            38.9889644300443,
            37.866061786623014,
            40.686863997809645,
            25.99339953623039,
            50.98404195499003,
            24.657809751395476,
            45.66045946003177,
            41.57050948891272,
            41.55491612790558,
            0.0
        ],
        [
            42.491120016513996,
            0.0,
            54.25302030474414,
            33.33887550560675,
            77.79982256327175,
            38.224922937634474,
            29.837488140557365,
            61.750944201090064,
            41.258240849370715,
            89.40535422506811,
            16.209986245519122,
            39.74641046854323,
            75.67783804737653,
            77.05418266364912,
            30.323063558779012,
            43.748110718443066,
            22.239727250283934,
            65.31027181375613,
            5.517152214108743,
            56.048348052334084,
            42.491120016513996
        ],
        [
            40.2379405397392,
            54.25302030474414,
            0.0,
            67.96299681868851,
            65.53583119215297,
            26.784483397228925,
            24.44521189085201,
            75.63081817948847,
            86.44270509946828,
            42.04625230470987,
            59.73123976788626,
            16.320205471737175,
            38.35152771035878,
            36.6358354817108,
            59.59344518206828,
            23.723798548905595,
            52.54278073642765,
            11.531783540655137,
            57.51667793016745,
            1.807421596409018,
            40.2379405397392
        ],
        [
            34.08712708824687,
            33.33887550560675,
            67.96299681868851,
            0.0,
            57.95575820376852,
            63.86626745500854,
            48.689484695189705,
            31.71596598732634,
            20.8734611062682,
            89.77664774260198,
            17.169103109971093,
            59.323741891891096,
            71.63531937328412,
            74.67568386325864,
            8.523413340307046,
            68.29782667511526,
            16.281814348156797,
            76.27877289808066,
            28.43346892336313,
            69.63930146159215,
            34.08712708824687
        ],
        [
            36.42111016369482,
            77.79982256327175,
            65.53583119215297,
            57.95575820376852,
            0.0,
            82.65441558606315,
            66.88873563979111,
            33.96673659800375,
            76.66652363273874,
            54.307686374088824,
            67.4851038864714,
            71.11581000157155,
            36.426415903590325,
            40.78172637458248,
            53.124985741894626,
            83.34348127192385,
            56.99007010196941,
            64.8330019672312,
            75.8867631541144,
            66.0670377370671,
            36.42111016369482
        ],
        [
            48.976599049958196,
            38.224922937634474,
            26.784483397228925,
            63.86626745500854,
            82.65441558606315,
            0.0,
            17.12481713874159,
            82.22556557224387,
            77.80744490431283,
            68.80546568074355,
            50.05836317467003,
            12.303074844357065,
            62.87277152743627,
            61.9958764292077,
            56.94215106891635,
            5.711196318796595,
            47.73790531172547,
            37.688384347659586,
            43.14190127570991,
            28.036073042728166,
            48.976599049958196
        ],
        [
            32.10878514104383,
            29.837488140557365,
            24.44521189085201,
            48.689484695189705,
            66.88873563979111,
            17.12481713874159,
            0.0,
            65.13520233755712,
            64.83488156029898,
            62.413478203443304,
            37.15086878489569,
            10.889912388082132,
            52.19744920743358,
            52.373857730034324,
            41.13923349883429,
            20.251299734286327,
            32.41453861572403,
            35.67029079357892,
            33.356884731872334,
            26.23265881086575,
            32.10878514104383
        ],
        [
            35.50492652544013,
            61.750944201090064,
            75.63081817948847,
            31.71596598732634,
            33.96673659800375,
            82.22556557224387,
            65.13520233755712,
            0.0,
            45.92896150476942,
            81.4156298356386,
            46.94706480940401,
            73.63259606787463,
            61.904127602856896,
            66.00889646345249,
            31.53672857152661,
            85.11945217304671,
            39.799628179671004,
            79.96596063070513,
            57.82805067319953,
            76.87419079333034,
            35.50492652544013
        ],
        [
            54.901302840805236,
            41.258240849370715,
            86.44270509946828,
            20.8734611062682,
            76.66652363273874,
            77.80744490431283,
            64.83488156029898,
            45.92896150476942,
            0.0,
            110.5868570126353,
            27.861790870875897,
            75.72471938554845,
            92.50868655327739,
            95.53630306360876,
            28.97833572442309,
            82.89148451874286,
            34.002831344433694,
            95.58021487508863,
            35.76732143309518,
            88.18993022858446,
            54.901302840805236
        ],
        [
            55.691882448226885,
            89.40535422506811,
            42.04625230470987,
            89.77664774260198,
            54.307686374088824,
            68.80546568074355,
            62.413478203443304,
            81.4156298356386,
            110.5868570126353,
            0.0,
            88.8412725635405,
            57.58122175339827,
            19.519028702181572,
            15.57870212951296,
            81.6356423457319,
            65.62986628237385,
            78.65264959401162,
            32.0654071314543,
            90.97899195749204,
            40.92630735577693,
            55.691882448226885
        ],
        [
            35.645872153924316,
            16.209986245519122,
            59.73123976788626,
            17.169103109971093,
            67.4851038864714,
            50.05836317467003,
            37.15086878489569,
            46.94706480940401,
            27.861790870875897,
            88.8412725635405,
            0.0,
            48.02560434384734,
            72.64699998666774,
            74.87322649064687,
            15.609131263640121,
            55.062787274119785,
            11.033209384436622,
            69.63467197903098,
            11.289881587759428,
            61.51865527257166,
            35.645872153924316
        ],
        [
            38.9889644300443,
            39.74641046854323,
            16.320205471737175,
            59.323741891891096,
            71.11581000157155,
            12.303074844357065,
            10.889912388082132,
            73.63259606787463,
            75.72471938554845,
            57.58122175339827,
            48.02560434384734,
            0.0,
            50.64601764172249,
            49.910234461589425,
            51.56690208021113,
            12.266272045903893,
            43.09277397947758,
            27.827624860597986,
            43.70777845068369,
            17.911876476557975,
            38.9889644300443
        ],
        [
            37.866061786623014,
            75.67783804737653,
            38.35152771035878,
            71.63531937328412,
            36.426415903590325,
            62.87277152743627,
            52.19744920743358,
            61.904127602856896,
            92.50868655327739,
            19.519028702181572,
            72.64699998666774,
            50.64601764172249,
            0.0,
            4.378849214964732,
            63.78466975615212,
            61.20082913518382,
            61.96588164412564,
            32.821780390057945,
            76.37653161346059,
            38.027781477962094,
            37.866061786623014
        ],
        [
            40.686863997809645,
            77.05418266364912,
            36.6358354817108,
            74.67568386325864,
            40.78172637458248,
            61.9958764292077,
            52.373857730034324,
            66.00889646345249,
            95.53630306360876,
            15.57870212951296,
            74.87322649064687,
            49.910234461589425,
            4.378849214964732,
            0.0,
            66.67888793206001,
            59.95095702602745,
            64.35863565656908,
            30.036813290908505,
            78.04438803084913,
            36.12399920981003,
            40.686863997809645
        ],
        [
            25.99339953623039,
            30.323063558779012,
            59.59344518206828,
            8.523413340307046,
            53.124985741894626,
            56.94215106891635,
            41.13923349883429,
            31.53672857152661,
            28.97833572442309,
            81.6356423457319,
            15.609131263640121,
            51.56690208021113,
            63.78466975615212,
            66.67888793206001,
            0.0,
            61.0863104305416,
            9.461751998602471,
            67.77690222056823,
            26.292904037433896,
            61.25282908116216,
            25.99339953623039
        ],
        [
            50.98404195499003,
            43.748110718443066,
            23.723798548905595,
            68.29782667511526,
            83.34348127192385,
            5.711196318796595,
            20.251299734286327,
            85.11945217304671,
            82.89148451874286,
            65.62986628237385,
            55.062787274119785,
            12.266272045903893,
            61.20082913518382,
            59.95095702602745,
            61.0863104305416,
            0.0,
            52.05992269085397,
            33.93078917157143,
            48.56806774328662,
            24.715509122210577,
            50.98404195499003
        ],
        [
            24.657809751395476,
            22.239727250283934,
            52.54278073642765,
            16.281814348156797,
            56.99007010196941,
            47.73790531172547,
            32.41453861572403,
            39.799628179671004,
            34.002831344433694,
            78.65264959401162,
            11.033209384436622,
            43.09277397947758,
            61.96588164412564,
            64.35863565656908,
            9.461751998602471,
            52.05992269085397,
            0.0,
            61.584810656185766,
            19.186679101207307,
            54.27174276042447,
            24.657809751395476
        ],
        [
            45.66045946003177,
            65.31027181375613,
            11.531783540655137,
            76.27877289808066,
            64.8330019672312,
            37.688384347659586,
            35.67029079357892,
            79.96596063070513,
            95.58021487508863,
            32.0654071314543,
            69.63467197903098,
            27.827624860597986,
            32.821780390057945,
            30.036813290908505,
            67.77690222056823,
            33.93078917157143,
            61.584810656185766,
            0.0,
            68.29989004037174,
            9.921351887075936,
            45.66045946003177
        ],
        [
            41.57050948891272,
            5.517152214108743,
            57.51667793016745,
            28.43346892336313,
            75.8867631541144,
            43.14190127570991,
            33.356884731872334,
            57.82805067319953,
            35.76732143309518,
            90.97899195749204,
            11.289881587759428,
            43.70777845068369,
            76.37653161346059,
            78.04438803084913,
            26.292904037433896,
            48.56806774328662,
            19.186679101207307,
            68.29989004037174,
            0.0,
            59.32283431434925,
            41.57050948891272
        ],
        [
            41.55491612790558,
            56.048348052334084,
            1.807421596409018,
            69.63930146159215,
            66.0670377370671,
            28.036073042728166,
            26.23265881086575,
            76.87419079333034,
            88.18993022858446,
            40.92630735577693,
            61.51865527257166,
            17.911876476557975,
            38.027781477962094,
            36.12399920981003,
            61.25282908116216,
            24.715509122210577,
            54.27174276042447,
            9.921351887075936,
            59.32283431434925,
            0.0,
            41.55491612790558
        ],
        [
            0.0,
            42.491120016513996,
            40.2379405397392,
            34.08712708824687,
            36.42111016369482,
            48.976599049958196,
            32.10878514104383,
            35.50492652544013,
            54.901302840805236,
            55.691882448226885,
            35.645872153924316,
            38.9889644300443,
            37.866061786623014,
            40.686863997809645,
            25.99339953623039,
            50.98404195499003,
            24.657809751395476,
            45.66045946003177,
            41.57050948891272,
            41.55491612790558,
            0.0
        ]
    ],
    "scores_ave": [
        0,
        19.722159463484587,
        14.349978813894499,
        18.156792423021017,
        16.91283400405961,
        17.955860807618986,
        18.28837665101421,
        12.679478819198357,
        15.822073539310297,
        17.125914811347577,
        15.813557182193229,
        13.155941398161485,
        11.327691955618928,
        17.677918219557405,
        14.778146483221576,
        11.853585985050353,
        19.073346496063667,
        12.148884973250503,
        15.734922510706655,
        10.37101223800853,
        0
    ],
    "scores_var": [
        0,
        314.44434622935734,
        20.005368552676714,
        358.7060614081155,
        19.68079071817634,
        320.8590764604203,
        307.3453791828558,
        318.1416907104579,
        18.365535874717608,
        16.196913314858065,
        17.73934518267684,
        249.36778982750164,
        16.847164392738268,
        398.80333599843937,
        22.11310961670098,
        353.9961167988548,
        293.5743895713988,
        341.8525211195282,
        19.810467968272388,
        233.5671411280976,
        0
    ],
    "vertex_number": 21,
    "minimum_distances": {
        "cost": 377.2936914457355,
        "path": [
            0,
            12,
            13,
            9,
            17,
            19,
            2,
            15,
            5,
            11,
            6,
            1,
            18,
            10,
            8,
            3,
            16,
            14,
            7,
            4,
            20
        ]
    }
}