{
    "vertices": [
        [
            20.764510894431034,
            22.093464258322783
        ],
        [
            90.05959545916376,
            47.25143147685469
        ],
        [
            10.217504219403228,
            90.3591823167893
        ],
        [
            17.2328857398246,
            91.11395611579802
        ],
        [
            68.30937843983236,
            59.882306949195694
        ],
        [
            11.968484624353582,
            3.0290530612347877
        ],
        [
            28.073560015782483,
            70.8010265731229
        ],
        [
            66.47841813663297,
            43.211047555567895
        ],
        [
            5.127738168070827,
            13.208386430097352
        ],
        [
            44.64154113002482,
            66.60912234767518
        ],
        [
            20.90313150695885,
            77.85685197986008
        ],
        [
            6.021444934841269,
            25.197059261825995
        ],
        [
            42.31874466776221,
            19.920351594236063
        ],
        [
            67.69535135153383,
            62.06742331185543
        ],
        [
            21.72702690362097,
            46.9694506647886
        ],
        [
            71.91461158061342,
            61.12541449857684
        ],
        [
            38.19615953564466,
            22.405226030398794
        ],
        [
            95.7943354192531,
            69.86517075207462
        ],
        [
            47.94508058091629,
            48.08311801290147
        ],
        [
            20.764510894431034,
            22.093464258322783
        ]
    ],
    "distances": [
        [
            0.0,
            73.72063523466265,
            69.07566584435595,
            69.11078550038665,
            60.73311338821101,
            20.995757962873043,
            49.25290677420435,
            50.355869962346276,
            17.984806624188803,
            50.514912530851575,
            55.76356001778146,
            15.066197125837181,
            21.66350415344259,
            61.64755622426197,
            24.894600554389687,
            64.3414791543081,
            17.434436318770185,
            88.94723441204206,
            37.60645517414221,
            0.0
        ],
        [
            73.72063523466265,
            0.0,
            90.73608827812741,
            85.01559101862905,
            25.151758498876355,
            89.74319107402462,
            66.3087627631997,
            23.924811935478893,
            91.50054261571418,
            49.37124522325585,
            75.62610839213136,
            86.88386546043928,
            55.01069679468664,
            26.826722285073675,
            68.33315036332168,
            22.84136258719882,
            57.507824779593825,
            23.32956164220558,
            42.12272624040815,
            73.72063523466265
        ],
        [
            69.07566584435595,
            90.73608827812741,
            0.0,
            7.055867158949332,
            65.60111113856223,
            87.34768118370617,
            26.483205710353882,
            73.40461188688508,
            77.31850376467007,
            41.821999781937194,
            16.44660738213976,
            65.2970841198115,
            77.40877541909488,
            64.06345712290144,
            44.890287649458806,
            68.27258774639975,
            73.48840267877453,
            87.9965825939977,
            56.66247109984048,
            69.07566584435595
        ],
        [
            69.11078550038665,
            85.01559101862905,
            7.055867158949332,
            0.0,
            59.86838912313975,
            88.24207650115888,
            23.02466775793081,
            68.70088143229948,
            78.8404235515481,
            36.76576217491057,
            13.755781114217747,
            66.8635453425918,
            75.48396944335236,
            58.22509341807405,
            44.37267927806849,
            62.36508453658184,
            71.83556527366345,
            81.38434895707505,
            52.86673755580981,
            69.11078550038665
        ],
        [
            60.73311338821101,
            25.151758498876355,
            65.60111113856223,
            59.86838912313975,
            0.0,
            80.04116936662031,
            41.69100049745801,
            16.77150277707741,
            78.55173151531027,
            24.60521425081965,
            50.69947255465249,
            71.29413066625034,
            47.67044073286568,
            2.2697494979683714,
            48.33898356466474,
            3.8135314839023566,
            48.07637202374549,
            29.241758323798507,
            23.535621658265615,
            60.73311338821101
        ],
        [
            20.995757962873043,
            89.74319107402462,
            87.34768118370617,
            88.24207650115888,
            80.04116936662031,
            0.0,
            69.65926964202016,
            67.71946199620709,
            12.264364635544068,
            71.48394107693942,
            75.35932195769193,
            22.951857876391728,
            34.734050308501274,
            81.18505303981932,
            45.01097298409186,
            83.47889163923001,
            32.608695315564674,
            107.20932743690052,
            57.655738875594714,
            20.995757962873043
        ],
        [
            49.25290677420435,
            66.3087627631997,
            26.483205710353882,
            23.02466775793081,
            41.69100049745801,
            69.65926964202016,
            0.0,
            47.287842723809895,
            61.99534610687289,
            17.090057321062943,
            10.05980701457581,
            50.65587442807508,
            52.83718739747716,
            40.57292415612957,
            24.662167236852117,
            44.896049618282305,
            49.443103980339345,
            67.72724154551919,
            30.18245680724347,
            49.25290677420435
        ],
        [
            50.355869962346276,
            23.924811935478893,
            73.40461188688508,
            68.70088143229948,
            16.77150277707741,
            67.71946199620709,
            47.287842723809895,
            0.0,
            68.29396464706639,
            32.00498557066974,
            57.24891715642538,
            63.08366970119311,
            33.55810394652321,
            18.89560353923201,
            44.90893687476362,
            18.72102406731928,
            35.11080120006331,
            39.62152558264237,
            19.163028766230063,
            50.355869962346276
        ],
        [
            17.984806624188803,
            91.50054261571418,
            77.31850376467007,
            78.8404235515481,
            78.55173151531027,
            12.264364635544068,
            61.99534610687289,
            68.29396464706639,
            0.0,
            66.43025832446395,
            66.54537649555746,
            12.021937782703741,
            37.79181711461753,
            79.38458102483409,
            37.62108245100226,
            82.19810240594633,
            34.32349560253277,
            106.91315665910881,
            55.222927433010014,
            17.984806624188803
        ],
        [
            50.514912530851575,
            49.37124522325585,
            41.821999781937194,
            36.76576217491057,
            24.60521425081965,
            71.48394107693942,
            17.090057321062943,
            32.00498557066974,
            66.43025832446395,
            0.0,
            26.268298637544103,
            56.625707935102966,
            46.74651535539619,
            23.496918858891252,
            30.17932514228311,
            27.81890406858315,
            44.6713263013949,
            51.2563187793261,
            18.818241403373765,
            50.514912530851575
        ],
        [
            55.76356001778146,
            75.62610839213136,
            16.44660738213976,
            13.755781114217747,
            50.69947255465249,
            75.35932195769193,
            10.05980701457581,
            57.24891715642538,
            66.54537649555746,
            26.268298637544103,
            0.0,
            54.722192612659995,
            61.76784409372393,
            49.38438918975351,
            30.89838771882637,
            53.685306178645824,
            58.085554476477895,
            75.3163952422006,
            40.22116661726425,
            55.76356001778146
        ],
        [
            15.066197125837181,
            86.88386546043928,
            65.2970841198115,
            66.8635453425918,
            71.29413066625034,
            22.951857876391728,
            50.65587442807508,
            63.08366970119311,
            12.021937782703741,
            56.625707935102966,
            54.722192612659995,
            0.0,
            36.678844198130136,
            71.85467610306691,
            26.845899731278482,
            75.05168965869896,
            32.29561258801653,
            100.27169116969895,
            47.76361492750031,
            15.066197125837181
        ],
        [
            21.66350415344259,
            55.01069679468664,
            77.40877541909488,
            75.48396944335236,
            47.67044073286568,
            34.734050308501274,
            52.83718739747716,
            33.55810394652321,
            37.79181711461753,
            46.74651535539619,
            61.76784409372393,
            36.678844198130136,
            0.0,
            49.19703061316803,
            33.99518496797181,
            50.732361932733646,
            4.813554729620483,
            73.1718782520316,
            28.71928042552521,
            21.66350415344259
        ],
        [
            61.64755622426197,
            26.826722285073675,
            64.06345712290144,
            58.22509341807405,
            2.2697494979683714,
            81.18505303981932,
            40.57292415612957,
            18.89560353923201,
            79.38458102483409,
            23.496918858891252,
            49.38438918975351,
            71.85467610306691,
            49.19703061316803,
            0.0,
            48.38424981954522,
            4.3231397716228575,
            49.429669339211735,
            29.16089454696797,
            24.19987583040585,
            61.64755622426197
        ],
        [
            24.894600554389687,
            68.33315036332168,
            44.890287649458806,
            44.37267927806849,
            48.33898356466474,
            45.01097298409186,
            24.662167236852117,
            44.90893687476362,
            37.62108245100226,
            30.17932514228311,
            30.89838771882637,
            26.845899731278482,
            33.99518496797181,
            48.38424981954522,
            0.0,
            52.14580489141776,
            29.574202635742367,
            77.52535191190805,
            26.241695707171658,
            24.894600554389687
        ],
        [
            64.3414791543081,
            22.84136258719882,
            68.27258774639975,
            62.36508453658184,
            3.8135314839023566,
            83.47889163923001,
            44.896049618282305,
            18.72102406731928,
            82.19810240594633,
            27.81890406858315,
            53.685306178645824,
            75.05168965869896,
            50.732361932733646,
            4.3231397716228575,
            52.14580489141776,
            0.0,
            51.34381173345125,
            25.4288133812856,
            27.288091064889496,
            64.3414791543081
        ],
        [
            17.434436318770185,
            57.507824779593825,
            73.48840267877453,
            71.83556527366345,
            48.07637202374549,
            32.608695315564674,
            49.443103980339345,
            35.11080120006331,
            34.32349560253277,
            44.6713263013949,
            58.085554476477895,
            32.29561258801653,
            4.813554729620483,
            49.429669339211735,
            29.574202635742367,
            51.34381173345125,
            0.0,
            74.63240729136116,
            27.46626290946796,
            17.434436318770185
        ],
        [
            88.94723441204206,
            23.32956164220558,
            87.9965825939977,
            81.38434895707505,
            29.241758323798507,
            107.20932743690052,
            67.72724154551919,
            39.62152558264237,
            106.91315665910881,
            51.2563187793261,
            75.3163952422006,
            100.27169116969895,
            73.1718782520316,
            29.16089454696797,
            77.52535191190805,
            25.4288133812856,
            74.63240729136116,
            0.0,
            52.57384340255351,
            88.94723441204206
        ],
        [
            37.60645517414221,
            42.12272624040815,
            56.66247109984048,
            52.86673755580981,
            23.535621658265615,
            57.655738875594714,
            30.18245680724347,
            19.163028766230063,
            55.222927433010014,
            18.818241403373765,
            40.22116661726425,
            47.76361492750031,
            28.71928042552521,
            24.19987583040585,
            26.241695707171658,
            27.288091064889496,
            27.46626290946796,
            52.57384340255351,
            0.0,
            37.60645517414221
        ],
        [
            0.0,
            73.72063523466265,
            69.07566584435595,
            69.11078550038665,
            60.73311338821101,
            20.995757962873043,
            49.25290677420435,
            50.355869962346276,
            17.984806624188803,
            50.514912530851575,
            55.76356001778146,
            15.066197125837181,
            21.66350415344259,
            61.64755622426197,
            24.894600554389687,
            64.3414791543081,
            17.434436318770185,
            88.94723441204206,
            37.60645517414221,
            0.0
        ]
    ],
    "scores_ave": [
        0,
        12.082629785832582,
        12.556089104056674,
        12.46573533703556,
        11.591097021277951,
        19.376339531458875,
        10.64882491816795,
        18.551167334286518,
        10.331453703637782,
        14.047634647729522,
        15.849861022989696,
        12.97527110484842,
        16.404259698667737,
        15.050389688300164,
        16.218308900017497,
        15.902740334081198,
        13.119914229007993,
        18.54762004484958,
        13.351204732189554,
        0
    ],
    "scores_var": [
        0,
        17.20469353793359,
        20.395323820887782,
        359.5104201797,
        368.46933741870447,
        16.150024950149547,
        274.06892038570385,
        366.46185301424094,
        22.731006750723807,
        18.782718453852507,
        21.38094293133351,
        18.604863088142903,
        19.764375096682,
        21.567682648145208,
        380.5739367782136,
        18.23458950943736,
        22.22972738544426,
        22.62918106865199,
        390.4168946363076,
        0
    ],
    "vertex_number": 20,
    "minimum_distances": {
        "cost": 337.3734474105419,
        "path": [
            0,
            5,
            8,
            11,
            14,
            2,
            3,
            10,
            6,
            9,
            13,
            4,
            15,
            17,
            1,
            7,
            18,
            12,
            16,
            19
        ]
    }
}