{
    "vertices": [
        [
            77.27217715479219,
            12.835494468568742
        ],
        [
            68.05580573454813,
            39.077885225284156
        ],
        [
            89.92708071138875,
            11.321935480504742
        ],
        [
            24.36723835005109,
            89.60036371508379
        ],
        [
            36.25563309510197,
            74.3150501208522
        ],
        [
            67.42520540184886,
            81.06097201298148
        ],
        [
            29.032502472367185,
            16.979060470874842
        ],
        [
            69.33508635967863,
            62.45346143575521
        ],
        [
            38.44747742022984,
            44.114857533339205
        ],
        [
            27.573104928737134,
            74.63926500101783
        ],
        [
            90.65492043045505,
            15.299551469216588
        ],
        [
            61.0556605852016,
            4.447179368256792
        ],
        [
            23.90231254626045,
            31.207601803005947
        ],
        [
            30.5946165620967,
            17.56998542967233
        ],
        [
            25.939447749014878,
            12.520516211843525
        ],
        [
            92.47890097581131,
            0.09540735220535668
        ],
        [
            45.70802577615449,
            29.31179205627429
        ],
        [
            30.137176088001596,
            15.182586831848944
        ],
        [
            36.352684707707525,
            92.79777899725453
        ],
        [
            53.26051500149534,
            13.221478356919592
        ],
        [
            94.95712687113115,
            0.3574371689215705
        ],
        [
            97.69169423169699,
            48.35984792604447
        ],
        [
            84.87815205161291,
            15.95623007626985
        ],
        [
            95.54163822807094,
            67.30388604560311
        ],
        [
            77.27217715479219,
            12.835494468568742
        ]
    ],
    "distances": [
        [
            0.0,
            27.813747945647926,
            12.745094932447923,
            93.22970395945678,
            73.90597167890243,
            68.93242081101192,
            48.41730426904893,
            50.24878163942569,
            49.85735515665319,
            79.3076530491116,
            13.607696149045259,
            18.257580340064987,
            56.44357161131009,
            46.91705518833775,
            51.33369575190321,
            19.838202264854516,
            35.60567418898549,
            47.19340174355011,
            89.82411596655723,
            24.01476426963493,
            21.643922020805647,
            40.974826006045156,
            8.221304328647655,
            57.450664825545715,
            0.0
        ],
        [
            27.813747945647926,
            0.0,
            35.33759209888664,
            66.79230309595565,
            47.46481612495758,
            41.98782243702245,
            44.84613977833807,
            23.410555783436124,
            30.033717645349462,
            53.88377117543621,
            32.804407344954406,
            35.331116883957534,
            44.849440597126225,
            43.19641707170018,
            49.790375163094,
            46.00131696254891,
            24.388518709724078,
            44.81972511722116,
            62.37719831568491,
            29.79017294374049,
            47.14821498825848,
            31.05544587658895,
            28.59374533776929,
            39.39769168581632,
            27.813747945647926
        ],
        [
            12.745094932447923,
            35.33759209888664,
            0.0,
            102.10585319813741,
            82.7572158867115,
            73.279380516788,
            61.15678802933481,
            55.122256647322715,
            61.03708128489088,
            88.86564304337612,
            4.043659185726046,
            29.678631567268987,
            68.95440331370288,
            59.66053494726911,
            63.998857551498624,
            11.512893662212594,
            47.738451577130405,
            59.914416660185964,
            97.51168639668353,
            36.715736464045904,
            12.063232883180588,
            37.84304667231776,
            6.853347139306716,
            56.26279450206193,
            12.745094932447923
        ],
        [
            93.22970395945678,
            66.79230309595565,
            102.10585319813741,
            0.0,
            19.36426454291911,
            43.89658001798814,
            72.77099954115185,
            52.5267708695326,
            47.61495988534394,
            15.30072074290496,
            99.57242337107357,
            92.72057555100372,
            58.394612762853725,
            72.29907077781384,
            77.09588013322738,
            112.47371159149215,
            63.95421081231119,
            74.64112604819643,
            12.404611597261678,
            81.66122436145862,
            113.7859055416892,
            84.12642850427822,
            95.31541898564655,
            74.58503948153357,
            93.22970395945678
        ],
        [
            73.90597167890243,
            47.46481612495758,
            82.7572158867115,
            19.36426454291911,
            0.0,
            31.891216658513223,
            57.78918000054509,
            35.14182002141796,
            30.279627043087412,
            8.688579322779963,
            80.26276561205395,
            74.13879367113464,
            44.84257607517901,
            57.02674350682448,
            62.649725467287126,
            93.11074709125448,
            45.98522549497624,
            59.448160028490825,
            18.48298368051288,
            63.416011539083485,
            94.42242257580968,
            66.69379378137664,
            75.95986589424848,
            59.699135892544426,
            73.90597167890243
        ],
        [
            68.93242081101192,
            41.98782243702245,
            73.279380516788,
            43.89658001798814,
            31.891216658513223,
            0.0,
            74.70268418953773,
            18.705269181561338,
            46.95448960556955,
            40.36617684481024,
            69.74370288595348,
            76.8781134301574,
            66.17855184130207,
            73.40025648187354,
            80.11780182616981,
            84.75323193100725,
            56.121417632543285,
            75.69913317987198,
            33.2152702905444,
            69.302491684273,
            85.27055315944139,
            44.55809536589926,
            67.40350710018974,
            31.301616718394875,
            68.93242081101192
        ],
        [
            48.41730426904893,
            44.84613977833807,
            61.15678802933481,
            72.77099954115185,
            57.78918000054509,
            74.70268418953773,
            0.0,
            60.76363559818066,
            28.722695477342146,
            57.67867047399997,
            61.645301081979646,
            34.38794410094544,
            15.125152465945266,
            1.670147519311179,
            5.426380417128265,
            65.65442274279316,
            20.74052424150997,
            2.1089384374119966,
            76.17127507755782,
            24.517667394242615,
            67.98775230370644,
            75.49065130432346,
            55.85501552183149,
            83.40295683066311,
            48.41730426904893
        ],
        [
            50.24878163942569,
            23.410555783436124,
            55.122256647322715,
            52.5267708695326,
            35.14182002141796,
            18.705269181561338,
            60.76363559818066,
            0.0,
            35.92142507036746,
            43.50352746122398,
            51.749652655238854,
            58.59417761560668,
            55.14019115464406,
            59.29039060864732,
            66.15497312493972,
            66.5143823851116,
            40.70145256715468,
            61.40856418680276,
            44.817590597945596,
            51.78976735054989,
            67.17443851434642,
            31.66586729853636,
            49.026313497970584,
            26.651641220130415,
            50.24878163942569
        ],
        [
            49.85735515665319,
            30.033717645349462,
            61.03708128489088,
            47.61495988534394,
            30.279627043087412,
            46.95448960556955,
            28.722695477342146,
            35.92142507036746,
            0.0,
            32.40357122813175,
            59.631694334766095,
            45.65801832131426,
            19.446312547605874,
            27.682081906121716,
            33.98018848969445,
            69.69294602534728,
            16.487762429965787,
            30.1021161411743,
            48.727969368425185,
            34.26115817251397,
            71.4706395522812,
            59.39610398871534,
            54.30207958256645,
            61.62365001924348,
            49.85735515665319
        ],
        [
            79.3076530491116,
            53.88377117543621,
            88.86564304337612,
            15.30072074290496,
            8.688579322779963,
            40.36617684481024,
            57.67867047399997,
            43.50352746122398,
            32.40357122813175,
            0.0,
            86.60552551095694,
            77.76895536629704,
            43.58651264853371,
            57.14920999753995,
            62.14022680127103,
            98.8410293029712,
            48.82064274155505,
            59.511940313032106,
            20.16959721082277,
            66.57317442112861,
            100.29155676930252,
            74.88140174728005,
            82.02174719996036,
            68.36321601038229,
            79.3076530491116
        ],
        [
            13.607696149045259,
            32.804407344954406,
            4.043659185726046,
            99.57242337107357,
            80.26276561205395,
            69.74370288595348,
            61.645301081979646,
            51.749652655238854,
            59.631694334766095,
            86.60552551095694,
            0.0,
            31.526023593287558,
            68.62198426716773,
            60.10320266947787,
            64.77511436766402,
            15.313161115873019,
            47.08042295194871,
            60.517857373051065,
            94.62931931741016,
            37.45210201371163,
            15.549140169838195,
            33.800878499577365,
            5.813972797988635,
            52.233426324206285,
            13.607696149045259
        ],
        [
            18.257580340064987,
            35.331116883957534,
            29.678631567268987,
            92.72057555100372,
            74.13879367113464,
            76.8781134301574,
            34.38794410094544,
            58.59417761560668,
            45.65801832131426,
            77.76895536629704,
            31.526023593287558,
            0.0,
            45.78745984861922,
            33.1675027987194,
            36.03230733309179,
            31.723145435560674,
            29.219836727076267,
            32.72921717690399,
            91.73911636814205,
            11.736806099345094,
            34.147260616234526,
            57.188472800147906,
            26.456933833436853,
            71.69552446496529,
            18.257580340064987
        ],
        [
            56.44357161131009,
            44.849440597126225,
            68.95440331370288,
            58.394612762853725,
            44.84257607517901,
            66.17855184130207,
            15.125152465945266,
            55.14019115464406,
            19.446312547605874,
            43.58651264853371,
            68.62198426716773,
            45.78745984861922,
            0.0,
            15.191165636204325,
            18.797794756984967,
            75.30416405604963,
            21.88796984784516,
            17.195192008522003,
            62.83599043364777,
            34.429706475954994,
            77.4630188973549,
            75.75666569077818,
            62.85425477188945,
            80.21929144705082,
            56.44357161131009
        ],
        [
            46.91705518833775,
            43.19641707170018,
            59.66053494726911,
            72.29907077781384,
            57.02674350682448,
            73.40025648187354,
            1.670147519311179,
            59.29039060864732,
            27.682081906121716,
            57.14920999753995,
            60.10320266947787,
            33.1675027987194,
            15.191165636204325,
            0.0,
            6.867877114515828,
            64.30416422272363,
            19.138577818847477,
            2.430827812130966,
            75.44783809902216,
            23.079264845893906,
            66.6243540374632,
            73.82434194996848,
            54.30751726586478,
            81.80205678194042,
            46.91705518833775
        ],
        [
            51.33369575190321,
            49.790375163094,
            63.998857551498624,
            77.09588013322738,
            62.649725467287126,
            80.11780182616981,
            5.426380417128265,
            66.15497312493972,
            33.98018848969445,
            62.14022680127103,
            64.77511436766402,
            36.03230733309179,
            18.797794756984967,
            6.867877114515828,
            0.0,
            67.68960160833339,
            25.937301742834993,
            4.970668284428989,
            80.94982658582917,
            27.330057880351994,
            70.08124230639588,
            80.20500341644589,
            59.03875841027909,
            88.57585748851253,
            51.33369575190321
        ],
        [
            19.838202264854516,
            46.00131696254891,
            11.512893662212594,
            112.47371159149215,
            93.11074709125448,
            84.75323193100725,
            65.65442274279316,
            66.5143823851116,
            69.69294602534728,
            98.8410293029712,
            15.313161115873019,
            31.723145435560674,
            75.30416405604963,
            64.30416422272363,
            67.68960160833339,
            0.0,
            55.146277318764014,
            64.1413567570747,
            108.36919239890447,
            41.35668674411943,
            2.4920399702015508,
            48.54512784445268,
            17.587981171609883,
            67.27822803669311,
            19.838202264854516
        ],
        [
            35.60567418898549,
            24.388518709724078,
            47.738451577130405,
            63.95421081231119,
            45.98522549497624,
            56.121417632543285,
            20.74052424150997,
            40.70145256715468,
            16.487762429965787,
            48.82064274155505,
            47.08042295194871,
            29.219836727076267,
            21.88796984784516,
            19.138577818847477,
            25.937301742834993,
            55.146277318764014,
            0.0,
            21.02583649429862,
            64.17158985390095,
            17.774652976711838,
            57.129927582712696,
            55.36361818481203,
            41.38441528204909,
            62.664089682223874,
            35.60567418898549
        ],
        [
            47.19340174355011,
            44.81972511722116,
            59.914416660185964,
            74.64112604819643,
            59.448160028490825,
            75.69913317987198,
            2.1089384374119966,
            61.40856418680276,
            30.1021161411743,
            59.511940313032106,
            60.517857373051065,
            32.72921717690399,
            17.195192008522003,
            2.430827812130966,
            4.970668284428989,
            64.1413567570747,
            21.02583649429862,
            0.0,
            77.86366676617838,
            23.20635147882437,
            66.49369204710725,
            75.26183345719987,
            54.74644256313199,
            83.63237112243951,
            47.19340174355011
        ],
        [
            89.82411596655723,
            62.37719831568491,
            97.51168639668353,
            12.404611597261678,
            18.48298368051288,
            33.2152702905444,
            76.17127507755782,
            44.817590597945596,
            48.727969368425185,
            20.16959721082277,
            94.62931931741016,
            91.73911636814205,
            62.83599043364777,
            75.44783809902216,
            80.94982658582917,
            108.36919239890447,
            64.17158985390095,
            77.86366676617838,
            0.0,
            81.35270338989663,
            109.45180418168131,
            75.74433184914687,
            90.88093651322323,
            64.44587493909911,
            89.82411596655723
        ],
        [
            24.01476426963493,
            29.79017294374049,
            36.715736464045904,
            81.66122436145862,
            63.416011539083485,
            69.302491684273,
            24.517667394242615,
            51.78976735054989,
            34.26115817251397,
            66.57317442112861,
            37.45210201371163,
            11.736806099345094,
            34.429706475954994,
            23.079264845893906,
            27.330057880351994,
            41.35668674411943,
            17.774652976711838,
            23.20635147882437,
            81.35270338989663,
            0.0,
            43.635891157320984,
            56.64657715840123,
            31.73568716129299,
            68.64838091831332,
            24.01476426963493
        ],
        [
            21.643922020805647,
            47.14821498825848,
            12.063232883180588,
            113.7859055416892,
            94.42242257580968,
            85.27055315944139,
            67.98775230370644,
            67.17443851434642,
            71.4706395522812,
            100.29155676930252,
            15.549140169838195,
            34.147260616234526,
            77.4630188973549,
            66.6243540374632,
            70.08124230639588,
            2.4920399702015508,
            57.129927582712696,
            66.49369204710725,
            109.45180418168131,
            43.635891157320984,
            0.0,
            48.08023811447922,
            18.57170088007078,
            66.94900052072866,
            21.643922020805647
        ],
        [
            40.974826006045156,
            31.05544587658895,
            37.84304667231776,
            84.12642850427822,
            66.69379378137664,
            44.55809536589926,
            75.49065130432346,
            31.66586729853636,
            59.39610398871534,
            74.88140174728005,
            33.800878499577365,
            57.188472800147906,
            75.75666569077818,
            73.82434194996848,
            80.20500341644589,
            48.54512784445268,
            55.36361818481203,
            75.26183345719987,
            75.74433184914687,
            56.64657715840123,
            48.08023811447922,
            0.0,
            34.845104576611995,
            19.06565816052567,
            40.974826006045156
        ],
        [
            8.221304328647655,
            28.59374533776929,
            6.853347139306716,
            95.31541898564655,
            75.95986589424848,
            67.40350710018974,
            55.85501552183149,
            49.026313497970584,
            54.30207958256645,
            82.02174719996036,
            5.813972797988635,
            26.456933833436853,
            62.85425477188945,
            54.30751726586478,
            59.03875841027909,
            17.587981171609883,
            41.38441528204909,
            54.74644256313199,
            90.88093651322323,
            31.73568716129299,
            18.57170088007078,
            34.845104576611995,
            0.0,
            52.44322368982018,
            8.221304328647655
        ],
        [
            57.450664825545715,
            39.39769168581632,
            56.26279450206193,
            74.58503948153357,
            59.699135892544426,
            31.301616718394875,
            83.40295683066311,
            26.651641220130415,
            61.62365001924348,
            68.36321601038229,
            52.233426324206285,
            71.69552446496529,
            80.21929144705082,
            81.80205678194042,
            88.57585748851253,
            67.27822803669311,
            62.664089682223874,
            83.63237112243951,
            64.44587493909911,
            68.64838091831332,
            66.94900052072866,
            19.06565816052567,
            52.44322368982018,
            0.0,
            57.450664825545715
        ],
        [
            0.0,
            27.813747945647926,
            12.745094932447923,
            93.22970395945678,
            73.90597167890243,
            68.93242081101192,
            48.41730426904893,
            50.24878163942569,
            49.85735515665319,
            79.3076530491116,
            13.607696149045259,
            18.257580340064987,
            56.44357161131009,
            46.91705518833775,
            51.33369575190321,
            19.838202264854516,
            35.60567418898549,
            47.19340174355011,
            89.82411596655723,
            24.01476426963493,
            21.643922020805647,
            40.974826006045156,
            8.221304328647655,
            57.450664825545715,
            0.0
        ]
    ],
    "scores_ave": [
        0,
        10.501509992150714,
        12.136381168818641,
        19.389924730278715,
        10.853895876466858,
        17.495802732537992,
        14.222731133484654,
        12.228875676008137,
        16.41753282782892,
        10.497848182734595,
        16.348648500628183,
        16.611338153046844,
        16.06701301837106,
        19.296256571193133,
        18.469804452114428,
        10.760684981345797,
        14.04184002266927,
        13.128894161223545,
        13.314259653246076,
        14.285295683740046,
        11.648513276517662,
        11.583287126082155,
        10.674720965524767,
        16.883033822244705,
        0
    ],
    "scores_var": [
        0,
        24.83421728966047,
        17.811938665240948,
        22.337307552307735,
        321.7837257593948,
        20.506182952188066,
        354.9532033351313,
        22.894391755321575,
        24.524116647917154,
        16.817064483130554,
        22.52685505500022,
        21.346356855645602,
        17.76142989101129,
        17.397381490379992,
        22.68132442819042,
        18.33692257980208,
        348.26485400554105,
        21.553099884166716,
        20.846708438253867,
        256.39352602977743,
        18.797647101595462,
        19.696515426361817,
        241.46291918216082,
        338.3458168802611,
        0
    ],
    "vertex_number": 25,
    "minimum_distances": {
        "cost": 427.65385957051126,
        "path": [
            0,
            22,
            15,
            20,
            2,
            10,
            21,
            23,
            1,
            16,
            8,
            7,
            5,
            18,
            3,
            9,
            4,
            12,
            6,
            14,
            17,
            13,
            19,
            11,
            24
        ]
    }
}