{
    "vertices": [
        [
            21.904281814743264,
            34.17602795186906
        ],
        [
            87.49840521703364,
            45.865146326714715
        ],
        [
            60.164558065641174,
            99.62217890163146
        ],
        [
            61.43610581288726,
            81.98610663535986
        ],
        [
            8.67211139498696,
            97.07896424872861
        ],
        [
            49.40269897117783,
            78.30575973902911
        ],
        [
            80.33407505913361,
            25.259715753424516
        ],
        [
            47.15692750697544,
            44.09003963900775
        ],
        [
            32.25714580256498,
            97.61063816877643
        ],
        [
            60.65689224295349,
            59.57176789850022
        ],
        [
            89.96196233326471,
            72.29924009030422
        ],
        [
            83.72870267778242,
            62.02898158002878
        ],
        [
            53.05271879183885,
            16.422862181531006
        ],
        [
            81.042584696224,
            13.445648140124877
        ],
        [
            90.7901467375235,
            27.309335588796245
        ],
        [
            48.151910351454106,
            53.56890247392825
        ],
        [
            71.8943079985137,
            66.80019659452088
        ],
        [
            5.946633146229163,
            78.36561945080504
        ],
        [
            26.000392319202202,
            84.91369896015817
        ],
        [
            93.95671721901394,
            19.038803290241447
        ],
        [
            37.99820605364651,
            83.88072331705855
        ],
        [
            58.02931329042197,
            72.16779176046224
        ],
        [
            30.685749472005075,
            99.67147140131796
        ],
        [
            21.904281814743264,
            34.17602795186906
        ]
    ],
    "distances": [
        [
            0.0,
            66.62750568118284,
            75.80928315802826,
            62.036833674372964,
            64.27962141133257,
            51.996116909976834,
            59.10618717023062,
            27.129020295435197,
            64.27387934551099,
            46.33258488836497,
            78.00786615023681,
            67.80889352336172,
            35.852475799938816,
            62.66647839827066,
            69.22726233333661,
            32.63466846820249,
            59.69371070287254,
            46.98261963610123,
            50.902744332797226,
            73.6253286454002,
            52.24529776691724,
            52.42510864468196,
            66.08152001017753,
            0.0
        ],
        [
            66.62750568118284,
            0.0,
            60.307194855641775,
            44.54174697797659,
            94.00233903403056,
            50.036748824616595,
            21.815393549557577,
            40.38051296831015,
            75.69143060924068,
            30.13865115843522,
            26.548642653950775,
            16.59759703483355,
            45.313942765870465,
            33.05603547413404,
            18.845521334767245,
            40.09357201575842,
            26.110614311436507,
            87.78936314370985,
            72.8477525607252,
            27.592797513580614,
            62.4135707288387,
            39.50008273146435,
            78.24831289450914,
            66.62750568118284
        ],
        [
            75.80928315802826,
            60.307194855641775,
            0.0,
            17.681851674942894,
            51.55521316899881,
            23.87901457524669,
            77.04923971863198,
            57.03522546491921,
            27.979813354295818,
            40.053436986878985,
            40.42806310442934,
            44.36797714752004,
            83.50272187508611,
            88.6695350730803,
            78.53072003672183,
            47.59420106306658,
            34.85497892778021,
            58.23593995337858,
            37.195827767894556,
            87.38186565399734,
            27.187140074688642,
            27.537295501688227,
            29.478849805424208,
            75.80928315802826
        ],
        [
            62.036833674372964,
            44.54174697797659,
            17.681851674942894,
            0.0,
            54.88017363191955,
            12.583633556943353,
            59.79144306773495,
            40.49699775148808,
            33.09890773005532,
            22.42787896342977,
            30.12573440902111,
            29.920673713251464,
            66.09705138095953,
            71.28960979651775,
            62.05810995094482,
            31.368891300300167,
            18.43870539717731,
            55.60745907049991,
            35.556442280221894,
            70.85162781934267,
            23.51435130924918,
            10.392571494763045,
            35.47332155291108,
            62.036833674372964
        ],
        [
            64.27962141133257,
            94.00233903403056,
            51.55521316899881,
            54.88017363191955,
            0.0,
            44.848790082506746,
            101.45659904920781,
            65.48974883497607,
            23.591026369446034,
            64.10309834840821,
            84.98278999265096,
            82.83714855105025,
            92.06000822065846,
            110.59844921682537,
            107.7551521360484,
            58.75185104564799,
            70.09885815070373,
            18.910777488258514,
            21.172222352172163,
            115.60160341875125,
            32.159188292291695,
            55.28742979816382,
            22.165769887873708,
            64.27962141133257
        ],
        [
            51.996116909976834,
            50.036748824616595,
            23.87901457524669,
            12.583633556943353,
            44.848790082506746,
            0.0,
            61.40547865799322,
            34.28934224263323,
            25.819533780551758,
            21.854503345523177,
            41.00161122158057,
            37.98957801428101,
            61.990448093258884,
            72.1658953059982,
            65.67766826496236,
            24.768459369230133,
            25.263619295556257,
            43.45610705260384,
            24.31733573776614,
            74.14602260897753,
            12.694198580547601,
            10.587404097270511,
            28.404538957544247,
            51.996116909976834
        ],
        [
            59.10618717023062,
            21.815393549557577,
            77.04923971863198,
            59.79144306773495,
            101.45659904920781,
            61.40547865799322,
            0.0,
            38.14844973696364,
            86.8679866296749,
            39.55386764891353,
            48.014717152174015,
            36.925633455592624,
            28.67686141881901,
            11.835293806131952,
            10.655063416666106,
            42.861425291846714,
            42.38916390478845,
            91.39873369944021,
            80.68919873510197,
            14.97585160485825,
            72.31008458178846,
            51.9410241739707,
            89.45426547799342,
            59.10618717023062
        ],
        [
            27.129020295435197,
            40.38051296831015,
            57.03522546491921,
            40.49699775148808,
            65.48974883497607,
            34.28934224263323,
            38.14844973696364,
            0.0,
            55.55589943312737,
            20.541006737095888,
            51.2643150405939,
            40.734510885824776,
            28.288390964107176,
            45.68715895614518,
            46.74879515925361,
            9.530940746014736,
            33.58108429647827,
            53.601340773662024,
            45.980105932031506,
            53.08281039746082,
            40.831123989260526,
            30.109283233214505,
            57.970641385170445,
            27.129020295435197
        ],
        [
            64.27387934551099,
            75.69143060924068,
            27.979813354295818,
            33.09890773005532,
            23.591026369446034,
            25.819533780551758,
            86.8679866296749,
            55.55589943312737,
            0.0,
            47.471056964399516,
            63.012004598557276,
            62.57296103556482,
            83.80877535024219,
            97.28188214960664,
            91.47887921752094,
            46.82219583786612,
            50.2034653878451,
            32.59775792434621,
            14.154830603681555,
            99.90180353303565,
            14.881879405571448,
            36.2152322977393,
            2.5915863944782322,
            64.27387934551099
        ],
        [
            46.33258488836497,
            30.13865115843522,
            40.053436986878985,
            22.42787896342977,
            64.10309834840821,
            21.854503345523177,
            39.55386764891353,
            20.541006737095888,
            47.471056964399516,
            0.0,
            31.949580300705005,
            23.202291607023916,
            43.813827936469266,
            50.43010391386591,
            44.146093428215764,
            13.87115587873805,
            13.361500450053047,
            57.84826105079372,
            42.93351204943286,
            52.457597765915835,
            33.231632120119336,
            12.867167065166411,
            50.06251711620648,
            46.33258488836497
        ],
        [
            78.00786615023681,
            26.548642653950775,
            40.42806310442934,
            30.12573440902111,
            84.98278999265096,
            41.00161122158057,
            48.014717152174015,
            51.2643150405939,
            63.012004598557276,
            31.949580300705005,
            0.0,
            12.013814373484733,
            66.96612477218856,
            59.52562963018835,
            44.99752655938175,
            45.813818809886754,
            18.885963373060004,
            84.23405782076189,
            65.1936117364505,
            53.410038332982865,
            53.238733272112626,
            31.932919590240783,
            65.29095234499955,
            78.00786615023681
        ],
        [
            67.80889352336172,
            16.59759703483355,
            44.36797714752004,
            29.920673713251464,
            82.83714855105025,
            37.98957801428101,
            36.925633455592624,
            40.734510885824776,
            62.57296103556482,
            23.202291607023916,
            12.013814373484733,
            0.0,
            54.96302497098121,
            48.65753300305859,
            35.43046443338503,
            36.568854107179405,
            12.759991776612509,
            79.47915498753285,
            62.098857529144254,
            44.1901313739091,
            50.683103086057734,
            27.627053530154758,
            65.04238560151484,
            67.80889352336172
        ],
        [
            35.852475799938816,
            45.313942765870465,
            83.50272187508611,
            66.09705138095953,
            92.06000822065846,
            61.990448093258884,
            28.67686141881901,
            28.288390964107176,
            83.80877535024219,
            43.813827936469266,
            66.96612477218856,
            54.96302497098121,
            0.0,
            28.147760067078305,
            39.27631310602911,
            37.46793606236866,
            53.78551204916897,
            77.81958932667094,
            73.63982000398063,
            40.987561957435126,
            69.11730161663223,
            55.96662993752018,
            86.20099914492397,
            35.852475799938816
        ],
        [
            62.66647839827066,
            33.05603547413404,
            88.6695350730803,
            71.28960979651775,
            110.59844921682537,
            72.1658953059982,
            11.835293806131952,
            45.68715895614518,
            97.28188214960664,
            50.43010391386591,
            59.52562963018835,
            48.65753300305859,
            28.147760067078305,
            0.0,
            16.947471652828657,
            51.88132609319827,
            54.13315811321524,
            99.2673391110022,
            90.20712405172853,
            14.073315293471413,
            82.5464617527964,
            63.070601805949444,
            99.85340981093056,
            62.66647839827066
        ],
        [
            69.22726233333661,
            18.845521334767245,
            78.53072003672183,
            62.05810995094482,
            107.7551521360484,
            65.67766826496236,
            10.655063416666106,
            46.74879515925361,
            91.47887921752094,
            44.146093428215764,
            44.99752655938175,
            35.43046443338503,
            39.27631310602911,
            16.947471652828657,
            0.0,
            50.07578312027734,
            43.77877139235552,
            99.02103776629575,
            86.69472277483958,
            8.856007741397063,
            77.37771585328281,
            55.54775691469463,
            94.06815226207591,
            69.22726233333661
        ],
        [
            32.63466846820249,
            40.09357201575842,
            47.59420106306658,
            31.368891300300167,
            58.75185104564799,
            24.768459369230133,
            42.861425291846714,
            9.530940746014736,
            46.82219583786612,
            13.87115587873805,
            45.813818809886754,
            36.568854107179405,
            37.46793606236866,
            51.88132609319827,
            50.07578312027734,
            0.0,
            27.180297830169742,
            48.95061385520319,
            38.382105438554994,
            57.36207877866443,
            31.96723625516202,
            21.059006897560003,
            49.300239731379754,
            32.63466846820249
        ],
        [
            59.69371070287254,
            26.110614311436507,
            34.85497892778021,
            18.43870539717731,
            70.09885815070373,
            25.263619295556257,
            42.38916390478845,
            33.58108429647827,
            50.2034653878451,
            13.361500450053047,
            18.885963373060004,
            12.759991776612509,
            53.78551204916897,
            54.13315811321524,
            43.77877139235552,
            27.180297830169742,
            0.0,
            66.95412477411158,
            49.33913724752086,
            52.61084100239116,
            37.95642396454324,
            14.867721954652254,
            52.713053442735216,
            59.69371070287254
        ],
        [
            46.98261963610123,
            87.78936314370985,
            58.23593995337858,
            55.60745907049991,
            18.910777488258514,
            43.45610705260384,
            91.39873369944021,
            53.601340773662024,
            32.59775792434621,
            57.84826105079372,
            84.23405782076189,
            79.47915498753285,
            77.81958932667094,
            99.2673391110022,
            99.02103776629575,
            48.95061385520319,
            66.95412477411158,
            0.0,
            21.09574843963614,
            106.1388054118189,
            32.5226028554766,
            52.45015385183799,
            32.64909193097792,
            46.98261963610123
        ],
        [
            50.902744332797226,
            72.8477525607252,
            37.195827767894556,
            35.556442280221894,
            21.172222352172163,
            24.31733573776614,
            80.68919873510197,
            45.980105932031506,
            14.154830603681555,
            42.93351204943286,
            65.1936117364505,
            62.098857529144254,
            73.63982000398063,
            90.20712405172853,
            86.69472277483958,
            38.382105438554994,
            49.33913724752086,
            21.09574843963614,
            0.0,
            94.64440804089371,
            12.042199678034642,
            34.471871561084434,
            15.483682348665525,
            50.902744332797226
        ],
        [
            73.6253286454002,
            27.592797513580614,
            87.38186565399734,
            70.85162781934267,
            115.60160341875125,
            74.14602260897753,
            14.97585160485825,
            53.08281039746082,
            99.90180353303565,
            52.457597765915835,
            53.410038332982865,
            44.1901313739091,
            40.987561957435126,
            14.073315293471413,
            8.856007741397063,
            57.36207877866443,
            52.61084100239116,
            106.1388054118189,
            94.64440804089371,
            0.0,
            85.64945746826828,
            64.13632176011545,
            102.49313404494006,
            73.6253286454002
        ],
        [
            52.24529776691724,
            62.4135707288387,
            27.187140074688642,
            23.51435130924918,
            32.159188292291695,
            12.694198580547601,
            72.31008458178846,
            40.831123989260526,
            14.881879405571448,
            33.231632120119336,
            53.238733272112626,
            50.683103086057734,
            69.11730161663223,
            82.5464617527964,
            77.37771585328281,
            31.96723625516202,
            37.95642396454324,
            32.5226028554766,
            12.042199678034642,
            85.64945746826828,
            0.0,
            23.204267339881856,
            17.40171676355334,
            52.24529776691724
        ],
        [
            52.42510864468196,
            39.50008273146435,
            27.537295501688227,
            10.392571494763045,
            55.28742979816382,
            10.587404097270511,
            51.9410241739707,
            30.109283233214505,
            36.2152322977393,
            12.867167065166411,
            31.932919590240783,
            27.627053530154758,
            55.96662993752018,
            63.070601805949444,
            55.54775691469463,
            21.059006897560003,
            14.867721954652254,
            52.45015385183799,
            34.471871561084434,
            64.13632176011545,
            23.204267339881856,
            0.0,
            38.783023039451926,
            52.42510864468196
        ],
        [
            66.08152001017753,
            78.24831289450914,
            29.478849805424208,
            35.47332155291108,
            22.165769887873708,
            28.404538957544247,
            89.45426547799342,
            57.970641385170445,
            2.5915863944782322,
            50.06251711620648,
            65.29095234499955,
            65.04238560151484,
            86.20099914492397,
            99.85340981093056,
            94.06815226207591,
            49.300239731379754,
            52.713053442735216,
            32.64909193097792,
            15.483682348665525,
            102.49313404494006,
            17.40171676355334,
            38.783023039451926,
            0.0,
            66.08152001017753
        ],
        [
            0.0,
            66.62750568118284,
            75.80928315802826,
            62.036833674372964,
            64.27962141133257,
            51.996116909976834,
            59.10618717023062,
            27.129020295435197,
            64.27387934551099,
            46.33258488836497,
            78.00786615023681,
            67.80889352336172,
            35.852475799938816,
            62.66647839827066,
            69.22726233333661,
            32.63466846820249,
            59.69371070287254,
            46.98261963610123,
            50.902744332797226,
            73.6253286454002,
            52.24529776691724,
            52.42510864468196,
            66.08152001017753,
            0.0
        ]
    ],
    "scores_ave": [
        0,
        14.332854720963372,
        15.555289337774902,
        10.227537777582812,
        11.076503995167409,
        18.050200859323283,
        17.01934273632563,
        14.209717024355513,
        19.171038626132074,
        11.538777963772032,
        12.968595838597148,
        17.31777025712296,
        15.162104016611014,
        15.985011855592752,
        19.217943996267756,
        16.16978797332142,
        11.157694845905755,
        18.068597181516093,
        10.59528351774116,
        14.615867155518073,
        12.057051716335824,
        15.461071207022751,
        12.915993083000004,
        0
    ],
    "scores_var": [
        0,
        399.27647335146446,
        20.747211116860232,
        21.946000532241204,
        331.0380787865631,
        22.442994062659647,
        338.62992311158257,
        288.15203877211354,
        24.048354166945632,
        21.787311179279367,
        384.1633524085089,
        24.912271216231765,
        249.81205880981744,
        394.3110022938097,
        254.01814944367476,
        295.9706259701871,
        356.2728890190644,
        371.2434717398155,
        16.10518402123361,
        293.26774209602695,
        322.08834414939435,
        23.22748156916569,
        24.731622254835337,
        0
    ],
    "vertex_number": 24,
    "minimum_distances": {
        "cost": 399.7052498626815,
        "path": [
            0,
            12,
            13,
            19,
            14,
            6,
            1,
            11,
            10,
            16,
            21,
            3,
            2,
            8,
            22,
            4,
            17,
            18,
            20,
            5,
            9,
            15,
            7,
            23
        ]
    }
}