{
    "vertices": [
        [
            76.75725447621248,
            81.8051384026582
        ],
        [
            35.017414923820375,
            33.87068219703633
        ],
        [
            17.894068862309442,
            16.343034494258735
        ],
        [
            52.72332004651656,
            1.1299908762796518
        ],
        [
            62.77586212573323,
            7.097858111187339
        ],
        [
            24.19614800014479,
            66.46243630528032
        ],
        [
            86.97410117125443,
            58.870315602660654
        ],
        [
            31.54125314632631,
            45.68925626371768
        ],
        [
            26.500738285571778,
            97.9631270544341
        ],
        [
            13.784497087528791,
            61.60373724108227
        ],
        [
            98.04132427564956,
            33.653228781820964
        ],
        [
            69.26996121848187,
            2.5339417540652276
        ],
        [
            14.352347407576216,
            46.37651413898902
        ],
        [
            52.907990977424056,
            12.543174947963943
        ],
        [
            76.75725447621248,
            81.8051384026582
        ]
    ],
    "distances": [
        [
            0.0,
            63.56041454858612,
            88.03500252019586,
            84.1790320244529,
            76.00432264421828,
            54.754620093992145,
            25.10756964059399,
            57.86919490487241,
            52.79013181354115,
            66.13368870723103,
            52.646158714198585,
            79.62400503885218,
            71.7604336905887,
            73.25303373263148,
            0.0
        ],
        [
            63.56041454858612,
            0.0,
            24.50362043321245,
            37.221659613388965,
            38.56572961313191,
            34.34126167871056,
            57.65829442699386,
            12.319188028151192,
            64.655821615374,
            34.92791350651784,
            63.02428449395813,
            46.42443569132607,
            24.154520239725187,
            27.837659330285167,
            63.56041454858612
        ],
        [
            88.03500252019586,
            24.50362043321245,
            0.0,
            38.006755112415576,
            45.82410558750508,
            50.514063777864614,
            81.12102379949309,
            32.36427615480042,
            82.0726158233848,
            45.44688980896706,
            81.99527655032531,
            53.19937365890957,
            30.241588755112492,
            35.219507016068235,
            88.03500252019586
        ],
        [
            84.1790320244529,
            37.221659613388965,
            38.006755112415576,
            0.0,
            11.69055351931235,
            71.28904523625383,
            67.13464908050555,
            49.33769441342257,
            100.32088544419072,
            71.92569730510697,
            55.78066431275407,
            16.60609563205669,
            59.326043257756616,
            11.414678007148089,
            84.1790320244529
        ],
        [
            76.00432264421828,
            38.56572961313191,
            45.82410558750508,
            11.69055351931235,
            0.0,
            70.7993466507616,
            57.14842191706258,
            49.6477271329068,
            97.8385492009546,
            73.28741166141234,
            44.14567399079926,
            7.937421214805568,
            62.35101921388239,
            11.270596987405561,
            76.00432264421828
        ],
        [
            54.754620093992145,
            34.34126167871056,
            50.514063777864614,
            71.28904523625383,
            70.7993466507616,
            0.0,
            63.23536748621915,
            22.033510356900432,
            31.584880149487773,
            11.48953573137821,
            80.80565671707517,
            78.2208479475023,
            22.36838571235228,
            61.08728732289994,
            54.754620093992145
        ],
        [
            25.10756964059399,
            57.65829442699386,
            81.12102379949309,
            67.13464908050555,
            57.14842191706258,
            63.23536748621915,
            0.0,
            56.9784254385071,
            72.00885727400046,
            73.24062902369081,
            27.53878891622186,
            59.052718733992805,
            73.6886300234029,
            57.503946168747824,
            25.10756964059399
        ],
        [
            57.86919490487241,
            12.319188028151192,
            32.36427615480042,
            49.33769441342257,
            49.6477271329068,
            22.033510356900432,
            56.9784254385071,
            0.0,
            52.51632467629472,
            23.84477071625017,
            67.58051063546371,
            57.32221718688972,
            17.202639445235093,
            39.436026576386,
            57.86919490487241
        ],
        [
            52.79013181354115,
            64.655821615374,
            82.0726158233848,
            100.32088544419072,
            97.8385492009546,
            31.584880149487773,
            72.00885727400046,
            52.51632467629472,
            0.0,
            38.518930642037276,
            96.19676948649348,
            104.57502492171399,
            52.99775498087188,
            89.40867526478063,
            52.79013181354115
        ],
        [
            66.13368870723103,
            34.92791350651784,
            45.44688980896706,
            71.92569730510697,
            73.28741166141234,
            11.48953573137821,
            73.24062902369081,
            23.84477071625017,
            38.518930642037276,
            0.0,
            88.77186407268964,
            81.04244239104162,
            15.23780749933862,
            62.750191606636676,
            66.13368870723103
        ],
        [
            52.646158714198585,
            63.02428449395813,
            81.99527655032531,
            55.78066431275407,
            44.14567399079926,
            80.80565671707517,
            27.53878891622186,
            67.58051063546371,
            96.19676948649348,
            88.77186407268964,
            0.0,
            42.381615793681114,
            84.6506162972535,
            49.82621947807251,
            52.646158714198585
        ],
        [
            79.62400503885218,
            46.42443569132607,
            53.19937365890957,
            16.60609563205669,
            7.937421214805568,
            78.2208479475023,
            59.052718733992805,
            57.32221718688972,
            104.57502492171399,
            81.04244239104162,
            42.381615793681114,
            0.0,
            70.2717258932144,
            19.180688707632616,
            79.62400503885218
        ],
        [
            71.7604336905887,
            24.154520239725187,
            30.241588755112492,
            59.326043257756616,
            62.35101921388239,
            22.36838571235228,
            73.6886300234029,
            17.202639445235093,
            52.99775498087188,
            15.23780749933862,
            84.6506162972535,
            70.2717258932144,
            0.0,
            51.295540662908536,
            71.7604336905887
        ],
        [
            73.25303373263148,
            27.837659330285167,
            35.219507016068235,
            11.414678007148089,
            11.270596987405561,
            61.08728732289994,
            57.503946168747824,
            39.436026576386,
            89.40867526478063,
            62.750191606636676,
            49.82621947807251,
            19.180688707632616,
            51.295540662908536,
            0.0,
            73.25303373263148
        ],
        [
            0.0,
            63.56041454858612,
            88.03500252019586,
            84.1790320244529,
            76.00432264421828,
            54.754620093992145,
            25.10756964059399,
            57.86919490487241,
            52.79013181354115,
            66.13368870723103,
            52.646158714198585,
            79.62400503885218,
            71.7604336905887,
            73.25303373263148,
            0.0
        ]
    ],
    "scores_ave": [
        0,
        12.855825185541015,
        11.165710967208529,
        15.621592037949124,
        15.717570108736503,
        15.029483372404783,
        14.569698860869998,
        13.973118500171356,
        13.747032216747849,
        16.481182153035327,
        15.32423744845756,
        14.711426679386353,
        19.61508809107358,
        13.144113647859005,
        0
    ],
    "scores_var": [
        0,
        17.533618921492685,
        226.45319915075075,
        342.08152131409645,
        342.10109257331294,
        21.931039004057784,
        237.0324650144102,
        399.17959712652726,
        282.2504132387139,
        390.131067233993,
        364.5574451095316,
        347.26068531619836,
        18.712925887027716,
        384.0464080867347,
        0
    ],
    "vertex_number": 15,
    "minimum_distances": {
        "cost": 326.41793720817566,
        "path": [
            0,
            8,
            5,
            9,
            12,
            7,
            1,
            2,
            13,
            3,
            4,
            11,
            10,
            6,
            14
        ]
    }
}