{
    "vertices": [
        [
            92.17362530263712,
            89.0021425147369
        ],
        [
            83.93789458396986,
            82.16901487855532
        ],
        [
            18.793161649267233,
            96.05779382687075
        ],
        [
            57.05662658071997,
            87.74770598792844
        ],
        [
            60.310461057381616,
            57.720577323268586
        ],
        [
            65.40338424635777,
            59.72065754002348
        ],
        [
            48.29705507350121,
            25.12235881237046
        ],
        [
            61.80330467492264,
            24.776128572152466
        ],
        [
            12.404174448023264,
            34.49337976934608
        ],
        [
            65.23994316536944,
            56.10306846297966
        ],
        [
            93.9564646022824,
            63.67377722896178
        ],
        [
            34.186779409038536,
            62.50696315905638
        ],
        [
            33.27160833621811,
            10.308687811696004
        ],
        [
            76.94577513615992,
            7.081145580421011
        ],
        [
            94.4795951578304,
            90.70708485421315
        ],
        [
            84.36546005647716,
            6.979803770329118
        ],
        [
            41.66949633625787,
            25.9443390334973
        ],
        [
            1.1924476976197473,
            37.87914068029049
        ],
        [
            24.205739859618514,
            77.86848652703866
        ],
        [
            59.35465256172243,
            74.93989323938384
        ],
        [
            21.900979055281233,
            80.9282283748191
        ],
        [
            44.984689877240946,
            36.809997598942935
        ],
        [
            88.67445091916987,
            29.794996317726884
        ],
        [
            99.63191125950046,
            21.790949141546445
        ],
        [
            92.17362530263712,
            89.0021425147369
        ]
    ],
    "distances": [
        [
            0.0,
            10.701350090654357,
            73.71888944783389,
            35.139396839372786,
            44.65196027665763,
            39.674313712220304,
            77.49696884997127,
            71.04461444742473,
            96.61454603567707,
            42.517905721406116,
            25.39103392967718,
            63.7531867891922,
            98.2960193284136,
            83.32428913231047,
            2.867808458387496,
            82.39315200678828,
            80.78956382189038,
            104.36060557011217,
            68.87373771799894,
            35.704787164343514,
            70.73494822324241,
            70.36203249973275,
            59.31045761212799,
            67.62374245827233,
            0.0
        ],
        [
            10.701350090654357,
            0.0,
            66.60881630691915,
            27.454040940385177,
            33.99973108640862,
            29.111111635481485,
            67.26507570310591,
            61.513278802396634,
            85.9653377795632,
            32.078761662383464,
            21.034389958512534,
            53.49551139085908,
            87.92598687700419,
            75.41271676651189,
            13.56562161856807,
            75.19042677968177,
            70.34082501868338,
            93.85308698662986,
            59.88676691988012,
            25.62412901931165,
            62.04932263499339,
            59.789569370388534,
            52.58776270318528,
            62.384396939895126,
            10.701350090654357
        ],
        [
            73.71888944783389,
            66.60881630691915,
            0.0,
            39.155463328269406,
            56.510426643116766,
            59.10076415816671,
            76.82652971392727,
            83.25231651175268,
            61.895042093078835,
            61.26731259087912,
            81.84281667819346,
            36.91370621103088,
            86.96283459540953,
            106.29473358792701,
            75.87533396141484,
            110.61019225603722,
            73.75108969888942,
            60.78273450214141,
            18.977536798301685,
            45.72964323351064,
            15.445461462741683,
            64.77883534598936,
            96.3024035201698,
            109.7746221039274,
            73.71888944783389
        ],
        [
            35.139396839372786,
            27.454040940385177,
            39.155463328269406,
            0.0,
            30.202912022610494,
            29.243525919938165,
            63.23499190993264,
            63.15022181402889,
            69.49722830773871,
            32.68561999427265,
            44.058507599660544,
            34.06060786611598,
            81.00943543186895,
            83.0823218154043,
            37.539798885950454,
            85.25975847044327,
            63.69003017791805,
            74.88444623635253,
            34.304223289838,
            13.012339943728186,
            35.81095960524635,
            52.34865606387741,
            66.01669011708893,
            78.50444980491207,
            35.139396839372786
        ],
        [
            44.65196027665763,
            33.99973108640862,
            56.510426643116766,
            30.202912022610494,
            0.0,
            5.471579980432105,
            34.741412945040025,
            32.97825473825669,
            53.24016343801859,
            5.1880756322633985,
            34.16861342900266,
            26.55854348854634,
            54.58009548850512,
            53.30183600719696,
            47.49357224155196,
            56.1539765074315,
            36.84039746775958,
            62.35881743316094,
            41.34596882468189,
            17.24582298701208,
            44.87631195854007,
            25.925501088183605,
            39.803944470073546,
            53.26457197119407,
            44.65196027665763
        ],
        [
            39.674313712220304,
            29.111111635481485,
            59.10076415816671,
            29.243525919938165,
            5.471579980432105,
            0.0,
            38.59622744023099,
            35.129484449775816,
            58.696948668280804,
            3.6212792929158923,
            28.825432400693664,
            31.340707020933607,
            58.94059531063953,
            53.89011975119483,
            42.49217243994474,
            56.04603443050185,
            41.28119580612327,
            67.82400925336147,
            45.017658756960884,
            16.377188106185876,
            48.39649076246621,
            30.68910912156357,
            37.90894015508917,
            51.09065316359674,
            39.674313712220304
        ],
        [
            77.49696884997127,
            67.26507570310591,
            76.82652971392727,
            63.23499190993264,
            34.741412945040025,
            38.59622744023099,
            0.0,
            13.510686647063427,
            37.096022878078,
            35.310987345993595,
            59.75779062555819,
            39.95883533694864,
            21.099973890295573,
            33.85608565840492,
            80.21336109791329,
            40.37427573925586,
            6.678337090888291,
            48.80142948379319,
            57.98745948588146,
            51.02996373306745,
            61.733685349091864,
            12.147948946171516,
            40.64686502713689,
            51.44283963810789,
            77.49696884997127
        ],
        [
            71.04461444742473,
            61.513278802396634,
            83.25231651175268,
            63.15022181402889,
            32.97825473825669,
            35.129484449775816,
            13.510686647063427,
            0.0,
            50.34579464069988,
            31.51487977190331,
            50.46635279414347,
            46.75776241850673,
            31.990069367248374,
            23.289629338980664,
            73.58417598906959,
            28.736040644344207,
            20.167671008326238,
            62.011006360396046,
            65.05670874898884,
            50.22349233935102,
            68.88580334223101,
            20.6804208725728,
            27.33582875874242,
            37.94620893269415,
            71.04461444742473
        ],
        [
            96.61454603567707,
            85.9653377795632,
            61.895042093078835,
            69.49722830773871,
            53.24016343801859,
            58.696948668280804,
            37.096022878078,
            50.34579464069988,
            0.0,
            57.08412302373272,
            86.61565462031454,
            35.48581030806399,
            31.942904097226457,
            70.12167141915083,
            99.48042683895284,
            77.04169968708605,
            30.488443101037245,
            11.711797200762698,
            44.95193913954535,
            61.96989468271582,
            47.39603847118065,
            32.662772445123174,
            76.41485379194013,
            88.1477725929952,
            96.61454603567707
        ],
        [
            42.517905721406116,
            32.078761662383464,
            61.26731259087912,
            32.68561999427265,
            5.1880756322633985,
            3.6212792929158923,
            35.310987345993595,
            31.51487977190331,
            57.08412302373272,
            0.0,
            29.69771430019489,
            31.70660572429573,
            55.84890089324402,
            50.400153027862004,
            45.30336851763876,
            52.71508826148595,
            38.27681967620482,
            66.58973809469511,
            46.44931931084637,
            19.734807147431923,
            49.945514060663285,
            27.97316337368698,
            35.23195727833975,
            48.581158916971056,
            42.517905721406116
        ],
        [
            25.39103392967718,
            21.034389958512534,
            81.84281667819346,
            44.058507599660544,
            34.16861342900266,
            28.825432400693664,
            59.75779062555819,
            50.46635279414347,
            86.61565462031454,
            29.69771430019489,
            0.0,
            59.78107328555756,
            80.81141347944394,
            59.093904195105175,
            27.038368788438806,
            57.49951299555328,
            64.47819443034699,
            96.28357132432609,
            71.18042830851591,
            36.38970687502894,
            74.09257102948223,
            55.856041532948105,
            34.28806592066753,
            42.26561230313497,
            25.39103392967718
        ],
        [
            63.7531867891922,
            53.49551139085908,
            36.91370621103088,
            34.06060786611598,
            26.55854348854634,
            31.340707020933607,
            39.95883533694864,
            46.75776241850673,
            35.48581030806399,
            31.70660572429573,
            59.78107328555756,
            0.0,
            52.20629739151569,
            70.00252116782761,
            66.56177953254718,
            74.84093412898288,
            37.32045733320815,
            41.17226694182313,
            18.319321785266833,
            28.071330381937692,
            22.142355395979273,
            27.87344452121,
            63.55296311915141,
            77.07696854702066,
            63.7531867891922
        ],
        [
            98.2960193284136,
            87.92598687700419,
            86.96283459540953,
            81.00943543186895,
            54.58009548850512,
            58.94059531063953,
            21.099973890295573,
            31.990069367248374,
            31.942904097226457,
            55.84890089324402,
            80.81141347944394,
            52.20629739151569,
            0.0,
            43.793262889670636,
            101.04612757429597,
            51.20217917796747,
            17.748186160591967,
            42.29896474686335,
            68.16536051171897,
            69.69589594162342,
            71.52909002350783,
            28.97439731256338,
            58.72981513220984,
            67.34635943625145,
            98.2960193284136
        ],
        [
            83.32428913231047,
            75.41271676651189,
            106.29473358792701,
            83.0823218154043,
            53.30183600719696,
            53.89011975119483,
            33.85608565840492,
            23.289629338980664,
            70.12167141915083,
            50.400153027862004,
            59.093904195105175,
            70.00252116782761,
            43.793262889670636,
            0.0,
            85.44432435203818,
            7.420376976896505,
            40.00294880651424,
            81.77458725167783,
            88.27433918905042,
            70.10176336777612,
            92.10494673375695,
            43.649921114098966,
            25.56327152262743,
            27.037734613196324,
            83.32428913231047
        ],
        [
            2.867808458387496,
            13.56562161856807,
            75.87533396141484,
            37.539798885950454,
            47.49357224155196,
            42.49217243994474,
            80.21336109791329,
            73.58417598906959,
            99.48042683895284,
            45.30336851763876,
            27.038368788438806,
            66.56177953254718,
            101.04612757429597,
            85.44432435203818,
            0.0,
            84.33595512323407,
            83.5650631770413,
            107.20673284316698,
            71.43699563587869,
            38.501505474443775,
            73.2344287163203,
            73.17541706978331,
            61.188088951268895,
            69.10846636106334,
            2.867808458387496
        ],
        [
            82.39315200678828,
            75.19042677968177,
            110.61019225603722,
            85.25975847044327,
            56.1539765074315,
            56.04603443050185,
            40.37427573925586,
            28.736040644344207,
            77.04169968708605,
            52.71508826148595,
            57.49951299555328,
            74.84093412898288,
            51.20217917796747,
            7.420376976896505,
            84.33595512323407,
            0.0,
            46.718293159598964,
            88.72721682957237,
            92.97525088509163,
            72.41625682249533,
            96.79969467015228,
            49.40329466505741,
            23.218535983769602,
            21.270509150972945,
            82.39315200678828
        ],
        [
            80.78956382189038,
            70.34082501868338,
            73.75108969888942,
            63.69003017791805,
            36.84039746775958,
            41.28119580612327,
            6.678337090888291,
            20.167671008326238,
            30.488443101037245,
            38.27681967620482,
            64.47819443034699,
            37.32045733320815,
            17.748186160591967,
            40.00294880651424,
            83.5650631770413,
            46.718293159598964,
            0.0,
            42.19989285345371,
            54.78229534444865,
            52.08962548013811,
            58.42963599567426,
            11.36015159560021,
            47.162414239118526,
            58.11103330116145,
            80.78956382189038
        ],
        [
            104.36060557011217,
            93.85308698662986,
            60.78273450214141,
            74.88444623635253,
            62.35881743316094,
            67.82400925336147,
            48.80142948379319,
            62.011006360396046,
            11.711797200762698,
            66.58973809469511,
            96.28357132432609,
            41.17226694182313,
            42.29896474686335,
            81.77458725167783,
            107.20673284316698,
            88.72721682957237,
            42.19989285345371,
            0.0,
            46.13848065752001,
            68.96623416498971,
            47.770987244586685,
            43.80529125627391,
            87.85473395173464,
            99.74546552770285,
            104.36060557011217
        ],
        [
            68.87373771799894,
            59.88676691988012,
            18.977536798301685,
            34.304223289838,
            41.34596882468189,
            45.017658756960884,
            57.98745948588146,
            65.05670874898884,
            44.95193913954535,
            46.44931931084637,
            71.18042830851591,
            18.319321785266833,
            68.16536051171897,
            88.27433918905042,
            71.43699563587869,
            92.97525088509163,
            54.78229534444865,
            46.13848065752001,
            0.0,
            35.27070629835216,
            3.8306582385104937,
            46.01699986845525,
            80.41937059306491,
            93.98828401064489,
            68.87373771799894
        ],
        [
            35.704787164343514,
            25.62412901931165,
            45.72964323351064,
            13.012339943728186,
            17.24582298701208,
            16.377188106185876,
            51.02996373306745,
            50.22349233935102,
            61.96989468271582,
            19.734807147431923,
            36.38970687502894,
            28.071330381937692,
            69.69589594162342,
            70.10176336777612,
            38.501505474443775,
            72.41625682249533,
            52.08962548013811,
            68.96623416498971,
            35.27070629835216,
            0.0,
            37.92937933609492,
            40.74781919445879,
            53.83040306173091,
            66.68633913270978,
            35.704787164343514
        ],
        [
            70.73494822324241,
            62.04932263499339,
            15.445461462741683,
            35.81095960524635,
            44.87631195854007,
            48.39649076246621,
            61.733685349091864,
            68.88580334223101,
            47.39603847118065,
            49.945514060663285,
            74.09257102948223,
            22.142355395979273,
            71.52909002350783,
            92.10494673375695,
            73.2344287163203,
            96.79969467015228,
            58.42963599567426,
            47.770987244586685,
            3.8306582385104937,
            37.92937933609492,
            0.0,
            49.792328647145304,
            84.10293672257806,
            97.66942006816147,
            70.73494822324241
        ],
        [
            70.36203249973275,
            59.789569370388534,
            64.77883534598936,
            52.34865606387741,
            25.925501088183605,
            30.68910912156357,
            12.147948946171516,
            20.6804208725728,
            32.662772445123174,
            27.97316337368698,
            55.856041532948105,
            27.87344452121,
            28.97439731256338,
            43.649921114098966,
            73.17541706978331,
            49.40329466505741,
            11.36015159560021,
            43.80529125627391,
            46.01699986845525,
            40.74781919445879,
            49.792328647145304,
            0.0,
            44.24935550803326,
            56.673544280972095,
            70.36203249973275
        ],
        [
            59.31045761212799,
            52.58776270318528,
            96.3024035201698,
            66.01669011708893,
            39.803944470073546,
            37.90894015508917,
            40.64686502713689,
            27.33582875874242,
            76.41485379194013,
            35.23195727833975,
            34.28806592066753,
            63.55296311915141,
            58.72981513220984,
            25.56327152262743,
            61.188088951268895,
            23.218535983769602,
            47.162414239118526,
            87.85473395173464,
            80.41937059306491,
            53.83040306173091,
            84.10293672257806,
            44.24935550803326,
            0.0,
            13.569477083087605,
            59.31045761212799
        ],
        [
            67.62374245827233,
            62.384396939895126,
            109.7746221039274,
            78.50444980491207,
            53.26457197119407,
            51.09065316359674,
            51.44283963810789,
            37.94620893269415,
            88.1477725929952,
            48.581158916971056,
            42.26561230313497,
            77.07696854702066,
            67.34635943625145,
            27.037734613196324,
            69.10846636106334,
            21.270509150972945,
            58.11103330116145,
            99.74546552770285,
            93.98828401064489,
            66.68633913270978,
            97.66942006816147,
            56.673544280972095,
            13.569477083087605,
            0.0,
            67.62374245827233
        ],
        [
            0.0,
            10.701350090654357,
            73.71888944783389,
            35.139396839372786,
            44.65196027665763,
            39.674313712220304,
            77.49696884997127,
            71.04461444742473,
            96.61454603567707,
            42.517905721406116,
            25.39103392967718,
            63.7531867891922,
            98.2960193284136,
            83.32428913231047,
            2.867808458387496,
            82.39315200678828,
            80.78956382189038,
            104.36060557011217,
            68.87373771799894,
            35.704787164343514,
            70.73494822324241,
            70.36203249973275,
            59.31045761212799,
            67.62374245827233,
            0.0
        ]
    ],
    "scores_ave": [
        0,
        19.843031946294914,
        16.037461489743094,
        16.771278929647117,
        10.950725150790499,
        19.645496332470678,
        15.815430967400982,
        13.373277568621315,
        10.475546721316887,
        10.096119323594355,
        10.216081972526549,
        15.94278687611971,
        17.115961506426128,
        18.196856936209315,
        14.079946314328902,
        16.334486186358433,
        14.466163446225286,
        11.319381957038061,
        14.381494641064764,
        14.61477131919274,
        18.663767959324453,
        12.826922703634075,
        17.94438875615243,
        15.715128251413464,
        0
    ],
    "scores_var": [
        0,
        22.44364395116909,
        254.3511706445997,
        24.989349911861467,
        24.307351332238504,
        382.03532472196963,
        24.577116461692075,
        19.230200874681614,
        332.2273109736427,
        18.601752279391466,
        19.351915502021846,
        23.333872799770724,
        278.1111485108256,
        304.79679537172797,
        18.348823059579026,
        23.29527133884785,
        22.86264131575434,
        22.65259831855153,
        346.58964225644297,
        292.15361262882675,
        340.0765077000766,
        21.750776255332735,
        22.849251995008082,
        22.102560146262057,
        0
    ],
    "vertex_number": 25,
    "minimum_distances": {
        "cost": 429.4569038481874,
        "path": [
            0,
            14,
            10,
            22,
            23,
            15,
            13,
            7,
            6,
            21,
            16,
            12,
            8,
            17,
            2,
            20,
            18,
            11,
            4,
            9,
            5,
            19,
            3,
            1,
            24
        ]
    }
}