{
    "vertices": [
        [
            63.66022622966422,
            76.1344729877419
        ],
        [
            0.0186942099255627,
            95.47004939411302
        ],
        [
            6.661897491130286,
            60.91146514937108
        ],
        [
            48.74440568506084,
            45.64280939492289
        ],
        [
            32.867405652381365,
            9.801633481155292
        ],
        [
            51.141181977689,
            57.09004407958046
        ],
        [
            33.369715224671836,
            46.16818868690782
        ],
        [
            31.255873215329366,
            6.827159669313875
        ],
        [
            19.87675921600229,
            85.75063291384043
        ],
        [
            66.87355546019114,
            15.546930971259364
        ],
        [
            40.4317373671899,
            41.45016536477893
        ],
        [
            79.24545134328353,
            52.81483334509227
        ],
        [
            41.32761275742636,
            1.582032705147829
        ],
        [
            73.2435513918739,
            74.16674712235894
        ],
        [
            53.707910262846326,
            13.10123544421231
        ],
        [
            53.10165305448755,
            78.98436825119478
        ],
        [
            40.24170282597005,
            34.85607827780078
        ],
        [
            29.56265338526498,
            70.97891344286059
        ],
        [
            87.36025211552919,
            50.89644159871308
        ],
        [
            48.78831836848037,
            81.29215319747841
        ],
        [
            7.209686210657096,
            19.94172899664286
        ],
        [
            15.29035895951002,
            70.14367674247953
        ],
        [
            90.79301138189021,
            49.676272715103885
        ],
        [
            50.00602650022885,
            69.58402150538748
        ],
        [
            63.66022622966422,
            76.1344729877419
        ]
    ],
    "distances": [
        [
            0.0,
            66.5139768228155,
            58.99618162756877,
            33.94441413806484,
            73.13168530884073,
            22.790716123477317,
            42.60860537194311,
            76.50846864038245,
            44.82702884935299,
            60.672693465370365,
            41.744028197077725,
            28.048259035191943,
            77.82552265542542,
            9.783254379087678,
            63.81408644118011,
            10.93642402745118,
            47.45875165066045,
            34.48513111617715,
            34.62151723111328,
            15.740880171624765,
            79.65103857255549,
            48.73944705661508,
            37.897551263688236,
            15.144160091401309,
            0.0
        ],
        [
            66.5139768228155,
            0.0,
            35.19130425028795,
            69.69181303923024,
            91.75028789309184,
            63.92600068445288,
            59.52280295751127,
            93.98576089482142,
            22.109043455169278,
            104.19825973223236,
            67.46378234114668,
            89.97970049992792,
            102.57380966577902,
            76.26080511637976,
            98.32168342685434,
            55.58397433109143,
            72.74574844357244,
            38.37526891028715,
            98.05791273158965,
            50.78866981059101,
            75.86987246606846,
            29.57446357777448,
            101.6712675270816,
            56.29227148869615,
            66.5139768228155
        ],
        [
            58.99618162756877,
            35.19130425028795,
            0.0,
            44.76683308477467,
            57.436430522297876,
            44.643140653731585,
            30.5069128057347,
            59.41359895834152,
            28.135685981311003,
            75.38822664435233,
            38.97620138700631,
            73.03374382011707,
            68.71457901404594,
            67.88828423477665,
            67.07566907736751,
            49.832526760262525,
            42.50278239542596,
            25.015957620383627,
            81.31743439020613,
            46.7975189646834,
            40.97339811274392,
            12.636616565016116,
            84.87799404754469,
            44.20324369665263,
            58.99618162756877
        ],
        [
            33.94441413806484,
            69.69181303923024,
            44.76683308477467,
            0.0,
            39.20037016303977,
            11.695457174584138,
            15.383664392894927,
            42.573506216496,
            49.41637906693674,
            35.13442712868737,
            9.310140628714317,
            31.33291741582307,
            44.68065420109283,
            37.60083993532998,
            32.91793451726981,
            33.62506731003848,
            13.734974484981072,
            31.778259700912646,
            38.97158255542385,
            35.64937084825718,
            48.843407492273386,
            41.466441167502,
            42.24161535029972,
            23.974430637650634,
            33.94441413806484
        ],
        [
            73.13168530884073,
            91.75028789309184,
            57.436430522297876,
            39.20037016303977,
            0.0,
            50.69639709202838,
            36.370024091818536,
            3.3829766852582894,
            77.05197862262212,
            34.48806558798271,
            32.53995520403186,
            63.253920705695364,
            11.795632292386717,
            75.98092523009838,
            21.100094917640085,
            72.08103466371215,
            26.11714882739987,
            61.2664750990285,
            68.25139976495058,
            73.2418587354501,
            27.588767714659646,
            62.8499383881552,
            70.32327248619805,
            62.19056393413821,
            73.13168530884073
        ],
        [
            22.790716123477317,
            63.92600068445288,
            44.643140653731585,
            11.695457174584138,
            50.69639709202838,
            0.0,
            20.859337376149963,
            54.053520272172804,
            42.4133644379691,
            44.4222671880184,
            18.95515787533963,
            28.427581384953914,
            56.36883418685389,
            27.930780879387093,
            44.063628757160544,
            21.98192161242276,
            24.761823055935608,
            25.661909289924676,
            36.74481940819404,
            24.316209674169567,
            57.532370312980774,
            38.15335944289438,
            40.33895860014991,
            12.545439405400804,
            22.790716123477317
        ],
        [
            42.60860537194311,
            59.52280295751127,
            30.5069128057347,
            15.383664392894927,
            36.370024091818536,
            20.859337376149963,
            0.0,
            39.39777775717343,
            41.819011858604725,
            45.3890816674601,
            8.493050147595241,
            46.35473060688268,
            45.29076548670438,
            48.72209032002057,
            38.82094246879429,
            38.29165720774223,
            13.235862476628569,
            25.101111185856205,
            54.197181193868595,
            38.35917368565289,
            37.042871188653635,
            30.028106008629774,
            57.53035368488963,
            28.72399831917929,
            42.60860537194311
        ],
        [
            76.50846864038245,
            93.98576089482142,
            59.41359895834152,
            42.573506216496,
            3.3829766852582894,
            54.053520272172804,
            39.39777775717343,
            0.0,
            79.73956900052308,
            36.66952004123007,
            35.818277545432096,
            66.46702745729569,
            11.355672339146716,
            79.35732579291832,
            23.312185534870846,
            75.3916497173927,
            29.43408588953716,
            64.17409528473844,
            71.34285487384184,
            76.50112348323935,
            27.389980615272215,
            65.29838420458233,
            73.35337285956963,
            65.49803016671005,
            76.50846864038245
        ],
        [
            44.82702884935299,
            22.109043455169278,
            28.135685981311003,
            49.41637906693674,
            77.05197862262212,
            42.4133644379691,
            41.819011858604725,
            79.73956900052308,
            0.0,
            84.48229769401732,
            48.836856490372625,
            67.89262476982796,
            86.85903740398206,
            54.60953137660822,
            80.14038765725049,
            33.906871104004615,
            54.817758252577164,
            17.66409471180117,
            75.95285686629568,
            29.25331253052294,
            67.01691259156667,
            16.26690346216921,
            79.56427769422652,
            34.19257333861091,
            44.82702884935299
        ],
        [
            60.672693465370365,
            104.19825973223236,
            75.38822664435233,
            35.13442712868737,
            34.48806558798271,
            44.4222671880184,
            45.3890816674601,
            36.66952004123007,
            84.48229769401732,
            0.0,
            37.01550075453502,
            39.26780303362564,
            29.113803807743608,
            58.96490221952691,
            13.390878988079407,
            64.91512723948067,
            32.89526933217882,
            66.81921949840955,
            40.85697787952876,
            68.18731587500947,
            59.82550913706802,
            75.11079023705668,
            41.67676018428295,
            56.608485994669785,
            60.672693465370365
        ],
        [
            41.744028197077725,
            67.46378234114668,
            38.97620138700631,
            9.310140628714317,
            32.53995520403186,
            18.95515787533963,
            8.493050147595241,
            35.818277545432096,
            48.836856490372625,
            37.01550075453502,
            0.0,
            40.443294511213665,
            39.87819698131769,
            46.3356219499735,
            31.303651454687515,
            39.614935943932295,
            6.596824814826343,
            31.46559946457318,
            47.86979873754315,
            40.708923352160795,
            39.57672950168371,
            38.149790345693724,
            51.02868568288624,
            29.71835920341978,
            41.744028197077725
        ],
        [
            28.048259035191943,
            89.97970049992792,
            73.03374382011707,
            31.33291741582307,
            63.253920705695364,
            28.427581384953914,
            46.35473060688268,
            66.46702745729569,
            67.89262476982796,
            39.26780303362564,
            40.443294511213665,
            0.0,
            63.73823298802227,
            22.17942796779397,
            47.215843343816225,
            36.99111712515546,
            42.939600393678575,
            52.89909468729532,
            8.338478186444727,
            41.696459022559075,
            79.18202098801825,
            66.26117004179882,
            11.966482594034844,
            33.706818845866025,
            28.048259035191943
        ],
        [
            77.82552265542542,
            102.57380966577902,
            68.71457901404594,
            44.68065420109283,
            11.795632292386717,
            56.36883418685389,
            45.29076548670438,
            11.355672339146716,
            86.85903740398206,
            29.113803807743608,
            39.87819698131769,
            63.73823298802227,
            0.0,
            79.29166353372791,
            16.910464158809436,
            78.29271724049221,
            33.29176037926233,
            70.38708209006064,
            67.46046850411659,
            80.05851258371388,
            38.74417839839528,
            73.33919564897676,
            68.99189505450889,
            68.5535217613157,
            77.82552265542542
        ],
        [
            9.783254379087678,
            76.26080511637976,
            67.88828423477665,
            37.60083993532998,
            75.98092523009838,
            27.930780879387093,
            48.72209032002057,
            79.35732579291832,
            54.60953137660822,
            58.96490221952691,
            46.3356219499735,
            22.17942796779397,
            79.29166353372791,
            0.0,
            64.1142573132998,
            20.710034813457273,
            51.326900293835834,
            43.79706764421466,
            27.21742747735489,
            25.472138386162765,
            85.4448590700772,
            58.09266398078213,
            30.12916996257279,
            23.68509947562538,
            9.783254379087678
        ],
        [
            63.81408644118011,
            98.32168342685434,
            67.07566907736751,
            32.91793451726981,
            21.100094917640085,
            44.063628757160544,
            38.82094246879429,
            23.312185534870846,
            80.14038765725049,
            13.390878988079407,
            31.303651454687515,
            47.215843343816225,
            16.910464158809436,
            64.1142573132998,
            0.0,
            65.88592214020517,
            25.585385075216625,
            62.71219211763854,
            50.60590598369961,
            68.36814790850936,
            46.99869351427157,
            68.77316596908084,
            52.08683208236817,
            56.60396686297185,
            63.81408644118011
        ],
        [
            10.93642402745118,
            55.58397433109143,
            49.832526760262525,
            33.62506731003848,
            72.08103466371215,
            21.98192161242276,
            38.29165720774223,
            75.3916497173927,
            33.906871104004615,
            64.91512723948067,
            39.614935943932295,
            36.99111712515546,
            78.29271724049221,
            20.710034813457273,
            65.88592214020517,
            0.0,
            45.96394560800772,
            24.863061197606807,
            44.30105228163768,
            4.891904278683917,
            74.78038426578449,
            38.83106729783708,
            47.745187783873014,
            9.896940067760411,
            10.93642402745118
        ],
        [
            47.45875165066045,
            72.74574844357244,
            42.50278239542596,
            13.734974484981072,
            26.11714882739987,
            24.761823055935608,
            13.235862476628569,
            29.43408588953716,
            54.817758252577164,
            32.89526933217882,
            6.596824814826343,
            42.939600393678575,
            33.29176037926233,
            51.326900293835834,
            25.585385075216625,
            45.96394560800772,
            0.0,
            37.66830653638552,
            49.77399866013864,
            47.21603214139656,
            36.24295705588448,
            43.21786859791596,
            52.67896126420221,
            36.074534752844365,
            47.45875165066045
        ],
        [
            34.48513111617715,
            38.37526891028715,
            25.015957620383627,
            31.778259700912646,
            61.2664750990285,
            25.661909289924676,
            25.101111185856205,
            64.17409528473844,
            17.66409471180117,
            66.81921949840955,
            31.46559946457318,
            52.89909468729532,
            70.38708209006064,
            43.79706764421466,
            62.71219211763854,
            24.863061197606807,
            37.66830653638552,
            0.0,
            61.1871562859038,
            21.817174617329897,
            55.717585533710505,
            14.296713206926254,
            64.83023401446863,
            20.490905978869137,
            34.48513111617715
        ],
        [
            34.62151723111328,
            98.05791273158965,
            81.31743439020613,
            38.97158255542385,
            68.25139976495058,
            36.74481940819404,
            54.197181193868595,
            71.34285487384184,
            75.95285686629568,
            40.85697787952876,
            47.86979873754315,
            8.338478186444727,
            67.46046850411659,
            27.21742747735489,
            50.60590598369961,
            44.30105228163768,
            49.77399866013864,
            61.1871562859038,
            0.0,
            49.108994660673325,
            85.92035525501515,
            74.59574760131746,
            3.643164597615039,
            41.767975939553274,
            34.62151723111328
        ],
        [
            15.740880171624765,
            50.78866981059101,
            46.7975189646834,
            35.64937084825718,
            73.2418587354501,
            24.316209674169567,
            38.35917368565289,
            76.50112348323935,
            29.25331253052294,
            68.18731587500947,
            40.708923352160795,
            41.696459022559075,
            80.05851258371388,
            25.472138386162765,
            68.36814790850936,
            4.891904278683917,
            47.21603214139656,
            21.817174617329897,
            49.108994660673325,
            0.0,
            74.11246320112457,
            35.30441632193754,
            52.573359544797896,
            11.771285435901655,
            15.740880171624765
        ],
        [
            79.65103857255549,
            75.86987246606846,
            40.97339811274392,
            48.843407492273386,
            27.588767714659646,
            57.532370312980774,
            37.042871188653635,
            27.389980615272215,
            67.01691259156667,
            59.82550913706802,
            39.57672950168371,
            79.18202098801825,
            38.74417839839528,
            85.4448590700772,
            46.99869351427157,
            74.78038426578449,
            36.24295705588448,
            55.717585533710505,
            85.92035525501515,
            74.11246320112457,
            0.0,
            50.848134966287304,
            88.71479773310179,
            65.54299312439572,
            79.65103857255549
        ],
        [
            48.73944705661508,
            29.57446357777448,
            12.636616565016116,
            41.466441167502,
            62.8499383881552,
            38.15335944289438,
            30.028106008629774,
            65.29838420458233,
            16.26690346216921,
            75.11079023705668,
            38.149790345693724,
            66.26117004179882,
            73.33919564897676,
            58.09266398078213,
            68.77316596908084,
            38.83106729783708,
            43.21786859791596,
            14.296713206926254,
            74.59574760131746,
            35.30441632193754,
            50.848134966287304,
            0.0,
            78.22764952645954,
            34.72017838062073,
            48.73944705661508
        ],
        [
            37.897551263688236,
            101.6712675270816,
            84.87799404754469,
            42.24161535029972,
            70.32327248619805,
            40.33895860014991,
            57.53035368488963,
            73.35337285956963,
            79.56427769422652,
            41.67676018428295,
            51.02868568288624,
            11.966482594034844,
            68.99189505450889,
            30.12916996257279,
            52.08683208236817,
            47.745187783873014,
            52.67896126420221,
            64.83023401446863,
            3.643164597615039,
            52.573359544797896,
            88.71479773310179,
            78.22764952645954,
            0.0,
            45.386083744182095,
            37.897551263688236
        ],
        [
            15.144160091401309,
            56.29227148869615,
            44.20324369665263,
            23.974430637650634,
            62.19056393413821,
            12.545439405400804,
            28.72399831917929,
            65.49803016671005,
            34.19257333861091,
            56.608485994669785,
            29.71835920341978,
            33.706818845866025,
            68.5535217613157,
            23.68509947562538,
            56.60396686297185,
            9.896940067760411,
            36.074534752844365,
            20.490905978869137,
            41.767975939553274,
            11.771285435901655,
            65.54299312439572,
            34.72017838062073,
            45.386083744182095,
            0.0,
            15.144160091401309
        ],
        [
            0.0,
            66.5139768228155,
            58.99618162756877,
            33.94441413806484,
            73.13168530884073,
            22.790716123477317,
            42.60860537194311,
            76.50846864038245,
            44.82702884935299,
            60.672693465370365,
            41.744028197077725,
            28.048259035191943,
            77.82552265542542,
            9.783254379087678,
            63.81408644118011,
            10.93642402745118,
            47.45875165066045,
            34.48513111617715,
            34.62151723111328,
            15.740880171624765,
            79.65103857255549,
            48.73944705661508,
            37.897551263688236,
            15.144160091401309,
            0.0
        ]
    ],
    "scores_ave": [
        0,
        11.436831851347376,
        18.205271004301157,
        12.369901685815885,
        10.524985508405326,
        14.12499018895123,
        14.54003914654422,
        18.03422837237111,
        18.719497466404135,
        18.963351242168685,
        16.57505216860021,
        14.70093465245063,
        13.287437228623599,
        10.21056537907649,
        12.685850470855495,
        16.653861514877022,
        14.978474656328359,
        13.51662346013531,
        17.026818878556806,
        17.543748041738972,
        10.947476903637277,
        14.810454028862111,
        10.560810768737918,
        17.91320930457129,
        0
    ],
    "scores_var": [
        0,
        312.1282108338339,
        20.700982778538894,
        363.3348522569697,
        23.963114491615148,
        377.06617381790596,
        18.814762207771146,
        335.9215401386347,
        17.9949031425787,
        286.8688032397092,
        23.20234185593769,
        19.002851508495098,
        238.8067732569767,
        17.063502242838194,
        18.55410507204385,
        22.825239369508434,
        18.75281285151314,
        19.444384933824878,
        307.3397474702701,
        24.936585673720867,
        393.1604091055466,
        382.69006240194915,
        292.1800567528991,
        22.86684044081897,
        0
    ],
    "vertex_number": 25,
    "minimum_distances": {
        "cost": 399.0628104021179,
        "path": [
            0,
            15,
            19,
            23,
            17,
            8,
            1,
            21,
            2,
            20,
            4,
            7,
            12,
            14,
            9,
            16,
            10,
            6,
            3,
            5,
            11,
            18,
            22,
            13,
            24
        ]
    }
}