{
    "vertices": [
        [
            77.9480807701634,
            6.71298857810092
        ],
        [
            71.63457422086634,
            99.83176317208606
        ],
        [
            19.222350364781747,
            47.07195149830995
        ],
        [
            99.56347978150849,
            20.21099602801617
        ],
        [
            73.32410268733355,
            62.2683303599762
        ],
        [
            87.1643793497567,
            15.765041922227741
        ],
        [
            8.159185455649165,
            89.57263883236247
        ],
        [
            87.27326269873487,
            5.785332615603456
        ],
        [
            70.8336641983436,
            46.95022350581953
        ],
        [
            81.48180560719521,
            93.76666076948726
        ],
        [
            48.311993908921494,
            69.93388894435067
        ],
        [
            69.4315882284181,
            59.48112202521061
        ],
        [
            5.821770494251222,
            61.83690873956535
        ],
        [
            77.9480807701634,
            6.71298857810092
        ]
    ],
    "distances": [
        [
            0.0,
            93.33255887863265,
            71.25698070814097,
            25.48375324667907,
            55.74744096199814,
            12.918197600792885,
            108.33379689403844,
            9.371209291532923,
            40.861350905052106,
            87.12536400629386,
            69.82248840858047,
            53.45097335601645,
            90.7791342103716,
            0.0
        ],
        [
            93.33255887863265,
            0.0,
            74.36826566078199,
            84.37707227929556,
            37.60140942928728,
            85.4891131609323,
            64.29910272401449,
            95.3378187170397,
            52.88760435432009,
            11.56518193241724,
            37.918671334114556,
            40.410733577192595,
            75.99298716135853,
            93.33255887863265
        ],
        [
            71.25698070814097,
            74.36826566078199,
            0.0,
            84.7125020568531,
            56.19545831184257,
            74.8080335913207,
            43.91699035309176,
            79.59592683202595,
            51.6114573842918,
            77.82438975669426,
            36.99831814166409,
            51.71996790421388,
            19.939395758211134,
            71.25698070814097
        ],
        [
            25.48375324667907,
            84.37707227929556,
            84.7125020568531,
            0.0,
            49.57140588485035,
            13.172099279440783,
            114.74224380639436,
            18.951232171812034,
            39.24778451775818,
            75.74551311137658,
            71.40784889714332,
            49.498219002331055,
            102.56814646451484,
            25.48375324667907
        ],
        [
            55.74744096199814,
            37.60140942928728,
            56.19545831184257,
            49.57140588485035,
            0.0,
            48.519162128141126,
            70.65402818642049,
            58.17996303895778,
            15.519235853056813,
            32.537561917197316,
            26.160397052674767,
            4.7875044766822565,
            67.50371083221867,
            55.74744096199814
        ],
        [
            12.918197600792885,
            85.4891131609323,
            74.8080335913207,
            13.172099279440783,
            48.519162128141126,
            0.0,
            108.11744551132558,
            9.980303273368405,
            35.20238355222819,
            78.2083383478565,
            66.66162195858558,
            47.17570922120239,
            93.483885924015,
            12.918197600792885
        ],
        [
            108.33379689403844,
            64.29910272401449,
            43.91699035309176,
            114.74224380639436,
            70.65402818642049,
            108.11744551132558,
            0.0,
            115.23606163474122,
            75.79419881453184,
            73.44247031450529,
            44.69819374257825,
            68.26277701136634,
            27.83404807932649,
            108.33379689403844
        ],
        [
            9.371209291532923,
            95.3378187170397,
            79.59592683202595,
            18.951232171812034,
            58.17996303895778,
            9.980303273368405,
            115.23606163474122,
            0.0,
            44.32616203617747,
            88.1717362818978,
            75.05343259821326,
            56.58235721694204,
            98.8742877006826,
            9.371209291532923
        ],
        [
            40.861350905052106,
            52.88760435432009,
            51.6114573842918,
            39.24778451775818,
            15.519235853056813,
            35.20238355222819,
            75.79419881453184,
            44.32616203617747,
            0.0,
            48.01209965754296,
            32.17878974753042,
            12.609093334919846,
            66.69452541431592,
            40.861350905052106
        ],
        [
            87.12536400629386,
            11.56518193241724,
            77.82438975669426,
            75.74551311137658,
            32.537561917197316,
            78.2083383478565,
            73.44247031450529,
            88.1717362818978,
            48.01209965754296,
            0.0,
            40.84406224860549,
            36.34151766039879,
            82.12155611034304,
            87.12536400629386
        ],
        [
            69.82248840858047,
            37.918671334114556,
            36.99831814166409,
            71.40784889714332,
            26.160397052674767,
            66.66162195858558,
            44.69819374257825,
            75.05343259821326,
            32.17878974753042,
            40.84406224860549,
            0.0,
            23.564753350841205,
            43.25482833471055,
            69.82248840858047
        ],
        [
            53.45097335601645,
            40.410733577192595,
            51.71996790421388,
            49.498219002331055,
            4.7875044766822565,
            47.17570922120239,
            68.26277701136634,
            56.58235721694204,
            12.609093334919846,
            36.34151766039879,
            23.564753350841205,
            0.0,
            63.65342601319634,
            53.45097335601645
        ],
        [
            90.7791342103716,
            75.99298716135853,
            19.939395758211134,
            102.56814646451484,
            67.50371083221867,
            93.483885924015,
            27.83404807932649,
            98.8742877006826,
            66.69452541431592,
            82.12155611034304,
            43.25482833471055,
            63.65342601319634,
            0.0,
            90.7791342103716
        ],
        [
            0.0,
            93.33255887863265,
            71.25698070814097,
            25.48375324667907,
            55.74744096199814,
            12.918197600792885,
            108.33379689403844,
            9.371209291532923,
            40.861350905052106,
            87.12536400629386,
            69.82248840858047,
            53.45097335601645,
            90.7791342103716,
            0.0
        ]
    ],
    "scores_ave": [
        0,
        13.012355958355837,
        11.744389280089093,
        12.98799591827505,
        10.302063013770567,
        18.358825077713927,
        14.066563766344881,
        16.772085151008625,
        13.787947603471132,
        12.19905304604489,
        19.47559517443779,
        17.864296838259655,
        17.44817661368739,
        0
    ],
    "scores_var": [
        0,
        22.935337941656883,
        22.3579212730216,
        376.3854181751658,
        236.04646152693212,
        17.55825808347409,
        392.9684281267538,
        20.931852837999934,
        17.078091202382737,
        19.02134422119471,
        286.66292959416336,
        286.08135929350385,
        24.664566097117053,
        0
    ],
    "vertex_number": 14,
    "minimum_distances": {
        "cost": 334.9180276456883,
        "path": [
            0,
            2,
            12,
            6,
            10,
            1,
            9,
            4,
            11,
            8,
            3,
            5,
            7,
            13
        ]
    }
}