{
    "vertices": [
        [
            7.6408468048604234,
            20.81407638633562
        ],
        [
            66.04849854769289,
            83.67451590477877
        ],
        [
            84.09248480814799,
            80.07939986614878
        ],
        [
            73.47255401257901,
            55.348630469870685
        ],
        [
            13.412159939726266,
            7.132476121267328
        ],
        [
            32.398671619953404,
            63.70324896443034
        ],
        [
            33.35631749903184,
            42.458000116170815
        ],
        [
            1.463632979970042,
            29.006008746444124
        ],
        [
            7.548711023684707,
            80.29024973252679
        ],
        [
            93.46931607568835,
            6.047755818751355
        ],
        [
            57.00208025249769,
            85.42876061006237
        ],
        [
            25.787227024362757,
            24.13833948464461
        ],
        [
            47.74448283567395,
            73.93860664095311
        ],
        [
            57.474247007104836,
            14.24866630321986
        ],
        [
            26.232827905019672,
            77.73337543923702
        ],
        [
            0.548167835293567,
            7.02088341771645
        ],
        [
            79.23987520567914,
            91.91400686337286
        ],
        [
            70.38436546448891,
            0.9241435898394212
        ],
        [
            29.78140145298731,
            76.17376521196009
        ],
        [
            73.37392849928915,
            92.76797122870049
        ],
        [
            0.8385078618058484,
            63.70955569787764
        ],
        [
            98.9499212497242,
            18.18500257678647
        ],
        [
            28.487990575964282,
            16.93524752570028
        ],
        [
            7.6408468048604234,
            20.81407638633562
        ]
    ],
    "distances": [
        [
            0.0,
            85.80727613998623,
            96.73278410421473,
            74.34009079649684,
            14.849048491866132,
            49.52202554428106,
            33.61167754584278,
            10.259908695062043,
            59.47624471087893,
            87.08943885729265,
            81.31167680477428,
            18.44835603021376,
            66.56213140867511,
            50.26402675151019,
            59.87878059799064,
            15.50994091655095,
            100.90401866021381,
            65.82065451239666,
            59.62297633460329,
            97.45871439759783,
            43.431485819197185,
            91.34691623187797,
            21.204921993329098,
            0.0
        ],
        [
            85.80727613998623,
            0.0,
            18.398649393330672,
            29.28262941091943,
            92.89385338262788,
            39.13006970948909,
            52.60779291579339,
            84.61590001484188,
            58.597597202263785,
            82.32748699770498,
            9.214936703942023,
            71.8715958317655,
            20.73221937900722,
            69.9533157354214,
            40.25648741205729,
            100.82694430009916,
            15.553187113566734,
            82.86388755170282,
            37.03462694064329,
            11.677022467388843,
            68.19781903636377,
            73.28969894708958,
            76.58277680307077,
            85.80727613998623
        ],
        [
            96.73278410421473,
            18.398649393330672,
            0.0,
            26.914566409930504,
            101.57244708752064,
            54.22571936168126,
            63.16271362414908,
            97.13917044585727,
            76.54406419072114,
            74.62311495093512,
            27.6135053797471,
            80.80164182639325,
            36.86307893849327,
            71.00856332208262,
            57.90719927227866,
            110.98288031992423,
            12.790846052264023,
            80.33347454273475,
            54.451333842828966,
            16.609855284401036,
            84.84807879660887,
            63.65264985394478,
            84.13705339272774,
            96.73278410421473
        ],
        [
            74.34009079649684,
            29.28262941091943,
            26.914566409930504,
            0.0,
            77.0197927571524,
            41.91495514721301,
            42.136454323146175,
            76.67606163297681,
            70.48430637998565,
            53.20194295675666,
            34.29417931854319,
            56.99098765029072,
            31.741469098409816,
            44.103887374486455,
            52.274932138270586,
            87.4844971093214,
            37.0174113700954,
            54.51203243929958,
            48.40044471915207,
            37.419470731389204,
            73.11367677049874,
            45.05809005619286,
            59.15402722383571,
            74.34009079649684
        ],
        [
            14.849048491866132,
            92.89385338262788,
            101.57244708752064,
            77.0197927571524,
            0.0,
            59.67193616647738,
            40.56676060846993,
            24.92425978866163,
            73.392369310081,
            80.06450441183348,
            89.61243952501287,
            21.03192036127731,
            75.1116999570966,
            44.63303350030073,
            71.75553296842268,
            12.864476118147703,
            107.3368345541732,
            57.30947212439302,
            70.9552793456842,
            104.54114841097639,
            57.957421095099534,
            86.24886637502043,
            17.982630413265497,
            14.849048491866132
        ],
        [
            49.52202554428106,
            39.13006970948909,
            54.22571936168126,
            41.91495514721301,
            59.67193616647738,
            0.0,
            21.2668212070866,
            46.48521371793297,
            29.877234412122874,
            83.98678172254385,
            32.82263811159072,
            40.113504730753746,
            18.44604208590255,
            55.448536745266914,
            15.325210524363419,
            65.01803715360784,
            54.680391499989774,
            73.37662440099552,
            12.74220854509901,
            50.2367371216196,
            31.56016438829141,
            80.62865236062378,
            46.931219724197156,
            49.52202554428106
        ],
        [
            33.61167754584278,
            52.60779291579339,
            63.16271362414908,
            42.136454323146175,
            40.56676060846993,
            21.2668212070866,
            0.0,
            34.613572448442895,
            45.796415394882665,
            70.28000062375409,
            49.047001474265315,
            19.821732927976235,
            34.612828386636004,
            37.11389278864286,
            35.98744514659506,
            48.292483103047445,
            67.46256347929959,
            55.64294720880689,
            33.90476132832539,
            64.28454233726399,
            38.8463197516218,
            69.94068388677509,
            25.982907974748223,
            33.61167754584278
        ],
        [
            10.259908695062043,
            84.61590001484188,
            97.13917044585727,
            76.67606163297681,
            24.92425978866163,
            46.48521371793297,
            34.613572448442895,
            0.0,
            51.64398850124474,
            94.8268268972534,
            79.17099249918981,
            24.80587493475456,
            64.50469298365695,
            57.92208594036697,
            54.66140578185862,
            22.004177152326797,
            100.03279503158794,
            74.42216415071752,
            55.01539113086113,
            96.10763997344058,
            34.709176775367496,
            98.08501707772383,
            29.597621186919483,
            10.259908695062043
        ],
        [
            59.47624471087893,
            58.597597202263785,
            76.54406419072114,
            70.48430637998565,
            73.392369310081,
            29.877234412122874,
            45.796415394882665,
            51.64398850124474,
            0.0,
            113.55306369728375,
            49.71961405843632,
            59.03965184850944,
            40.694513653860575,
            82.78918942157777,
            18.858256276418356,
            73.60304100447476,
            72.6273691634674,
            101.22893989989461,
            22.610572052322535,
            66.99740882636206,
            17.887041151189283,
            110.50449291798165,
            66.72563025401487,
            59.47624471087893
        ],
        [
            87.08943885729265,
            82.32748699770498,
            74.62311495093512,
            53.20194295675666,
            80.06450441183348,
            83.98678172254385,
            70.28000062375409,
            94.8268268972534,
            113.55306369728375,
            0.0,
            87.35675824034648,
            70.05807873275037,
            81.85308790870127,
            36.91747458895805,
            98.28312877547921,
            92.92624369701645,
            87.03729117987905,
            23.646698437493843,
            94.7301834813216,
            89.0180900861936,
            109.1116391392664,
            13.317274193283788,
            65.88710146432284,
            87.08943885729265
        ],
        [
            81.31167680477428,
            9.214936703942023,
            27.6135053797471,
            34.29417931854319,
            89.61243952501287,
            32.82263811159072,
            49.047001474265315,
            79.17099249918981,
            49.71961405843632,
            87.35675824034648,
            0.0,
            68.78141306912109,
            14.755566683994854,
            71.18166032746882,
            31.716964592314635,
            96.61697279991417,
            23.16415211799949,
            85.55767560674866,
            28.75100509764847,
            17.941611619938133,
            60.216864130424064,
            79.2549327093674,
            74.19174242945822,
            81.31167680477428
        ],
        [
            18.44835603021376,
            71.8715958317655,
            80.80164182639325,
            56.99098765029072,
            21.03192036127731,
            40.113504730753746,
            19.821732927976235,
            24.80587493475456,
            59.03965184850944,
            70.05807873275037,
            68.78141306912109,
            0.0,
            54.425983607125175,
            33.194470488653494,
            53.59688833429507,
            30.496186826430506,
            86.31759198580319,
            50.27726770708774,
            52.18849451736698,
            83.51359476509488,
            46.77947990782466,
            73.40450971603994,
            7.692766571960166,
            18.44835603021376
        ],
        [
            66.56213140867511,
            20.73221937900722,
            36.86307893849327,
            31.741469098409816,
            75.1116999570966,
            18.44604208590255,
            34.612828386636004,
            64.50469298365695,
            40.694513653860575,
            81.85308790870127,
            14.755566683994854,
            54.425983607125175,
            0.0,
            60.47774209040723,
            21.843799305248425,
            81.88695763671305,
            36.26395943215177,
            76.44394089847124,
            18.101608398111182,
            31.802727175550825,
            48.008373972101715,
            75.69981036514524,
            60.168060003383324,
            66.56213140867511
        ],
        [
            50.26402675151019,
            69.9533157354214,
            71.00856332208262,
            44.103887374486455,
            44.63303350030073,
            55.448536745266914,
            37.11389278864286,
            57.92208594036697,
            82.78918942157777,
            36.91747458895805,
            71.18166032746882,
            33.194470488653494,
            60.47774209040723,
            0.0,
            70.75545605532362,
            57.38309276533725,
            80.6575953968572,
            18.553006875519667,
            67.8351794406226,
            80.11292728101698,
            75.19299520729922,
            41.662048643081334,
            29.110492619617787,
            50.26402675151019
        ],
        [
            59.87878059799064,
            40.25648741205729,
            57.90719927227866,
            52.274932138270586,
            71.75553296842268,
            15.325210524363419,
            35.98744514659506,
            54.66140578185862,
            18.858256276418356,
            98.28312877547921,
            31.716964592314635,
            53.59688833429507,
            21.843799305248425,
            70.75545605532362,
            0.0,
            75.23269429437572,
            54.87109777580123,
            88.59467459254951,
            3.8761783094128224,
            49.48052582371762,
            29.00929179754846,
            93.98821402212039,
            60.83993849818717,
            59.87878059799064
        ],
        [
            15.50994091655095,
            100.82694430009916,
            110.98288031992423,
            87.4844971093214,
            12.864476118147703,
            65.01803715360784,
            48.292483103047445,
            22.004177152326797,
            73.60304100447476,
            92.92624369701645,
            96.61697279991417,
            30.496186826430506,
            81.88695763671305,
            57.38309276533725,
            75.23269429437572,
            0.0,
            115.75503106658412,
            70.10181692247963,
            75.07797951593591,
            112.4995754852176,
            56.68941578653383,
            99.03303808140153,
            29.64672512176983,
            15.50994091655095
        ],
        [
            100.90401866021381,
            15.553187113566734,
            12.790846052264023,
            37.0174113700954,
            107.3368345541732,
            54.680391499989774,
            67.46256347929959,
            100.03279503158794,
            72.6273691634674,
            87.03729117987905,
            23.16415211799949,
            86.31759198580319,
            36.26395943215177,
            80.6575953968572,
            54.87109777580123,
            115.75503106658412,
            0.0,
            91.41977505612572,
            51.90275361857573,
            5.927780857914452,
            83.32025844256465,
            76.31809738292648,
            90.5404227143021,
            100.90401866021381
        ],
        [
            65.82065451239666,
            82.86388755170282,
            80.33347454273475,
            54.51203243929958,
            57.30947212439302,
            73.37662440099552,
            55.64294720880689,
            74.42216415071752,
            101.22893989989461,
            23.646698437493843,
            85.55767560674866,
            50.27726770708774,
            76.44394089847124,
            18.553006875519667,
            88.59467459254951,
            70.10181692247963,
            91.41977505612572,
            0.0,
            85.5050071094765,
            91.89247065182144,
            93.69436633687674,
            33.3755633703262,
            44.851551567863694,
            65.82065451239666
        ],
        [
            59.62297633460329,
            37.03462694064329,
            54.451333842828966,
            48.40044471915207,
            70.9552793456842,
            12.74220854509901,
            33.90476132832539,
            55.01539113086113,
            22.610572052322535,
            94.7301834813216,
            28.75100509764847,
            52.18849451736698,
            18.101608398111182,
            67.8351794406226,
            3.8761783094128224,
            75.07797951593591,
            51.90275361857573,
            85.5050071094765,
            0.0,
            46.64414312224613,
            31.512657905060887,
            90.26062664767008,
            59.252636138505416,
            59.62297633460329
        ],
        [
            97.45871439759783,
            11.677022467388843,
            16.609855284401036,
            37.419470731389204,
            104.54114841097639,
            50.2367371216196,
            64.28454233726399,
            96.10763997344058,
            66.99740882636206,
            89.0180900861936,
            17.941611619938133,
            83.51359476509488,
            31.802727175550825,
            80.11292728101698,
            49.48052582371762,
            112.4995754852176,
            5.927780857914452,
            91.89247065182144,
            46.64414312224613,
            0.0,
            78.13948272300378,
            78.84637352537335,
            88.12121996132454,
            97.45871439759783
        ],
        [
            43.431485819197185,
            68.19781903636377,
            84.84807879660887,
            73.11367677049874,
            57.957421095099534,
            31.56016438829141,
            38.8463197516218,
            34.709176775367496,
            17.887041151189283,
            109.1116391392664,
            60.216864130424064,
            46.77947990782466,
            48.008373972101715,
            75.19299520729922,
            29.00929179754846,
            56.68941578653383,
            83.32025844256465,
            93.69436633687674,
            31.512657905060887,
            78.13948272300378,
            0.0,
            108.15883863027587,
            54.33534576448707,
            43.431485819197185
        ],
        [
            91.34691623187797,
            73.28969894708958,
            63.65264985394478,
            45.05809005619286,
            86.24886637502043,
            80.62865236062378,
            69.94068388677509,
            98.08501707772383,
            110.50449291798165,
            13.317274193283788,
            79.2549327093674,
            73.40450971603994,
            75.69981036514524,
            41.662048643081334,
            93.98821402212039,
            99.03303808140153,
            76.31809738292648,
            33.3755633703262,
            90.26062664767008,
            78.84637352537335,
            108.15883863027587,
            0.0,
            70.47301300470602,
            91.34691623187797
        ],
        [
            21.204921993329098,
            76.58277680307077,
            84.13705339272774,
            59.15402722383571,
            17.982630413265497,
            46.931219724197156,
            25.982907974748223,
            29.597621186919483,
            66.72563025401487,
            65.88710146432284,
            74.19174242945822,
            7.692766571960166,
            60.168060003383324,
            29.110492619617787,
            60.83993849818717,
            29.64672512176983,
            90.5404227143021,
            44.851551567863694,
            59.252636138505416,
            88.12121996132454,
            54.33534576448707,
            70.47301300470602,
            0.0,
            21.204921993329098
        ],
        [
            0.0,
            85.80727613998623,
            96.73278410421473,
            74.34009079649684,
            14.849048491866132,
            49.52202554428106,
            33.61167754584278,
            10.259908695062043,
            59.47624471087893,
            87.08943885729265,
            81.31167680477428,
            18.44835603021376,
            66.56213140867511,
            50.26402675151019,
            59.87878059799064,
            15.50994091655095,
            100.90401866021381,
            65.82065451239666,
            59.62297633460329,
            97.45871439759783,
            43.431485819197185,
            91.34691623187797,
            21.204921993329098,
            0.0
        ]
    ],
    "scores_ave": [
        0,
        19.453162584057374,
        13.69502594129277,
        18.318638065188726,
        17.362810098741864,
        15.110707989337172,
        19.228903608308265,
        17.036111821307145,
        10.930768823488936,
        15.665242037706701,
        11.532587281553619,
        16.622446343415113,
        18.09386600200795,
        19.887582540580873,
        13.537503909303254,
        14.945912599036618,
        14.282462667595922,
        16.846099991020985,
        17.18640446157687,
        11.159920566099414,
        18.23311217286888,
        12.612919852354867,
        14.562119353358165,
        0
    ],
    "scores_var": [
        0,
        299.05876253890654,
        21.83293538466173,
        16.27100404619333,
        342.8959277080457,
        263.382094989531,
        330.445592374003,
        17.987376177773466,
        334.59683560560416,
        383.3069746186247,
        274.5502048902244,
        21.754240421894433,
        24.647998602193333,
        23.970191632256196,
        23.3822164234601,
        17.203624150914422,
        245.6336244152317,
        333.9784368949671,
        24.3266855106123,
        316.63925862905757,
        280.88702931221576,
        234.55999690246773,
        17.097590424089567,
        0
    ],
    "vertex_number": 24,
    "minimum_distances": {
        "cost": 409.6200403129198,
        "path": [
            0,
            15,
            4,
            22,
            11,
            6,
            13,
            17,
            9,
            21,
            3,
            2,
            16,
            19,
            1,
            10,
            12,
            5,
            18,
            14,
            8,
            20,
            7,
            23
        ]
    }
}