{
    "vertices": [
        [
            78.26172068267319,
            51.90759688214255
        ],
        [
            89.35599365081947,
            5.2428051976314505
        ],
        [
            57.50749088303668,
            91.71523759961892
        ],
        [
            68.79847242462039,
            96.67331416095686
        ],
        [
            5.852044910391152,
            73.56280068545516
        ],
        [
            13.062493255226792,
            96.96761498585754
        ],
        [
            30.1595191045127,
            13.86217009145777
        ],
        [
            7.0632177466719455,
            37.88521096212958
        ],
        [
            18.62972394171344,
            77.3093367002806
        ],
        [
            29.168935027957566,
            58.95699997621327
        ],
        [
            9.958239707587834,
            2.630226890020426
        ],
        [
            54.75318087713488,
            21.037914804343384
        ],
        [
            76.05413801498125,
            49.4681384586654
        ],
        [
            71.69244006087861,
            79.20011580905512
        ],
        [
            15.19715149365547,
            91.18219366661064
        ],
        [
            91.47460520124392,
            87.76157313618229
        ],
        [
            5.294749758664919,
            82.5195701894916
        ],
        [
            33.927724993155685,
            9.318316260745242
        ],
        [
            11.332993416822656,
            90.70574977404716
        ],
        [
            46.5292824498661,
            41.47437098321007
        ],
        [
            32.6571352813904,
            72.13055218665116
        ],
        [
            23.257832636489397,
            52.33666677405616
        ],
        [
            11.573998217845173,
            97.51905725285215
        ],
        [
            78.26172068267319,
            51.90759688214255
        ]
    ],
    "distances": [
        [
            0.0,
            47.9654633632425,
            44.893054185116455,
            45.75502716729905,
            75.57849560033603,
            79.2549335287274,
            61.329245033273814,
            72.56620513171096,
            64.81684519553704,
            49.5963273572,
            84.22365882965632,
            38.801916387892156,
            3.2900423454064334,
            28.071997386430606,
            74.29423826636192,
            38.21109695528685,
            79.12819823296192,
            61.476418223952216,
            77.36117373237178,
            33.40359020909388,
            49.887334373276026,
            55.005561547622314,
            80.79392083996629,
            0.0
        ],
        [
            47.9654633632425,
            0.0,
            92.15101027154157,
            93.71312420498184,
            107.8912936186249,
            119.30691066865555,
            59.820699175824345,
            88.53037682120406,
            100.97420556650857,
            80.67029655569169,
            79.44072568049309,
            38.037351897032906,
            46.182458416656395,
            76.03739158005956,
            113.5126088173172,
            82.54596039175992,
            114.18402310438826,
            55.577898096381055,
            115.72166375050857,
            56.096823007765565,
            87.68541063177894,
            81.15909491644025,
            120.68531603676504,
            47.9654633632425
        ],
        [
            44.893054185116455,
            92.15101027154157,
            0.0,
            12.33161738623416,
            54.75213296809172,
            44.754276693333985,
            82.51673576208186,
            73.77192189477634,
            41.46095443987515,
            43.31484595543367,
            100.9805447622224,
            70.7309704522438,
            46.1388719591455,
            18.916687252545124,
            42.3136970150227,
            34.19643720909534,
            53.016324229791145,
            85.7044806620175,
            46.1855310885063,
            51.426313680546095,
            31.640165553504687,
            52.18918403528787,
            46.29870485219277,
            44.893054185116455
        ],
        [
            45.75502716729905,
            93.71312420498184,
            12.33161738623416,
            0.0,
            67.05481764873767,
            55.73675615737441,
            91.3819144895356,
            85.24835920923711,
            53.77608155526727,
            54.708505645427635,
            110.93365246688452,
            76.928433303222,
            47.75953618120003,
            17.711231163434455,
            53.881852323650925,
            24.364443884392482,
            65.06190329866146,
            94.05777312149687,
            57.774502181391,
            59.52176198729181,
            43.686879218228,
            63.558541312892544,
            57.23072365101957,
            45.75502716729905
        ],
        [
            75.57849560033603,
            107.8912936186249,
            54.75213296809172,
            67.05481764873767,
            0.0,
            24.490322532989694,
            64.45943371624375,
            35.69814208198084,
            13.31561540214636,
            27.513756179641437,
            71.05132553976259,
            71.76478757483905,
            74.2218742965214,
            66.08129050930452,
            19.944273014501213,
            86.79186580474142,
            8.974090362514454,
            70.11132284521906,
            17.997819311911407,
            51.81027865779912,
            26.843327021063597,
            27.45014038562708,
            24.63012339343097,
            75.57849560033603
        ],
        [
            79.2549335287274,
            119.30691066865555,
            44.754276693333985,
            55.73675615737441,
            24.490322532989694,
            0.0,
            84.84587947559544,
            59.386208599729386,
            20.431396493381072,
            41.28225187643912,
            94.38844835483111,
            86.62235741448134,
            78.89326701244143,
            61.26299608598355,
            6.166673790309318,
            78.95068401459669,
            16.40377509801253,
            90.09859856003003,
            6.496316311720121,
            64.80375073200467,
            31.635892347541244,
            45.780634370698934,
            1.5873581984347038,
            79.2549335287274
        ],
        [
            61.329245033273814,
            59.820699175824345,
            82.51673576208186,
            91.3819144895356,
            64.45943371624375,
            84.84587947559544,
            0.0,
            33.32485002346094,
            64.48627084258968,
            45.10570849845685,
            23.11381053294622,
            25.619123942294426,
            58.08701256136115,
            77.42112550049525,
            78.75441886132248,
            96.02427585468271,
            73.02119790063504,
            5.903048640667345,
            79.11620445840232,
            32.09988769558801,
            58.32188644547135,
            39.088619457358305,
            85.69653643037755,
            61.329245033273814
        ],
        [
            72.56620513171096,
            88.53037682120406,
            73.77192189477634,
            85.24835920923711,
            35.69814208198084,
            59.386208599729386,
            33.32485002346094,
            0.0,
            41.08583400367424,
            30.539859671815584,
            35.373649148467216,
            50.578295455788854,
            69.95649568737858,
            76.70630834194577,
            53.91409132686993,
            98.04557019938814,
            44.66937992251295,
            39.214400702756606,
            52.99283257813931,
            39.62893302643449,
            42.752684247400026,
            21.705071446866143,
            59.80420356366803,
            72.56620513171096
        ],
        [
            64.81684519553704,
            100.97420556650857,
            41.46095443987515,
            53.77608155526727,
            13.31561540214636,
            20.431396493381072,
            64.48627084258968,
            41.08583400367424,
            0.0,
            21.16325196074463,
            75.18087576555348,
            66.86835621694172,
            63.81767506880077,
            53.09639241588161,
            14.291211076022172,
            73.59093675329243,
            14.316705957540181,
            69.69080065962252,
            15.254709423514324,
            45.41508706248897,
            14.952861864242108,
            25.397906081699237,
            21.405982114901654,
            64.81684519553704
        ],
        [
            49.5963273572,
            80.67029655569169,
            43.31484595543367,
            54.708505645427635,
            27.513756179641437,
            41.28225187643912,
            45.10570849845685,
            30.539859671815584,
            21.16325196074463,
            0.0,
            59.51265563723009,
            45.74287546648843,
            47.835768542311676,
            47.09598941424539,
            35.12369347766578,
            68.64182377144675,
            33.54357520193966,
            49.866271195439715,
            36.415709891216885,
            24.637856625858554,
            13.627546325336118,
            8.875243274975874,
            42.38648443500151,
            49.5963273572
        ],
        [
            84.22365882965632,
            79.44072568049309,
            100.9805447622224,
            110.93365246688452,
            71.05132553976259,
            94.38844835483111,
            23.11381053294622,
            35.373649148467216,
            75.18087576555348,
            59.51265563723009,
            0.0,
            48.429636884187886,
            81.00899785316133,
            98.35679631999793,
            88.7068036663735,
            117.86544852915642,
            80.02534168202261,
            24.885071112734558,
            88.08625136226296,
            53.350807843837046,
            73.11316623295617,
            51.45492530380106,
            94.90258586144914,
            84.22365882965632
        ],
        [
            38.801916387892156,
            38.037351897032906,
            70.7309704522438,
            76.928433303222,
            71.76478757483905,
            86.62235741448134,
            25.619123942294426,
            50.578295455788854,
            66.86835621694172,
            45.74287546648843,
            48.429636884187886,
            0.0,
            35.52475745199591,
            60.57871018275758,
            80.52887257185587,
            76.1610765783628,
            78.90583221536012,
            23.89662325096731,
            82.09092464124481,
            22.029099992799804,
            55.665903618366,
            44.40235169066082,
            87.8282811248939,
            38.801916387892156
        ],
        [
            3.2900423454064334,
            46.182458416656395,
            46.1388719591455,
            47.75953618120003,
            74.2218742965214,
            78.89326701244143,
            58.08701256136115,
            69.95649568737858,
            63.81767506880077,
            47.835768542311676,
            81.00899785316133,
            35.52475745199591,
            0.0,
            30.050206092586293,
            73.78099491297425,
            41.28169022271081,
            78.0979395750335,
            58.19487001970222,
            76.74221227651869,
            30.587863844874136,
            48.957990586192246,
            52.874174379513164,
            80.4150435255975,
            3.2900423454064334
        ],
        [
            28.071997386430606,
            76.03739158005956,
            18.916687252545124,
            17.711231163434455,
            66.08129050930452,
            61.26299608598355,
            77.42112550049525,
            76.70630834194577,
            53.09639241588161,
            47.09598941424539,
            98.35679631999793,
            60.57871018275758,
            30.050206092586293,
            0.0,
            57.75195079024029,
            21.55533829947709,
            66.4806141281237,
            79.43323997078592,
            61.44625629046098,
            45.34772677457417,
            39.67031319562214,
            55.385522389977375,
            62.847519165480655,
            28.071997386430606
        ],
        [
            74.29423826636192,
            113.5126088173172,
            42.3136970150227,
            53.881852323650925,
            19.944273014501213,
            6.166673790309318,
            78.75441886132248,
            53.91409132686993,
            14.291211076022172,
            35.12369347766578,
            88.7068036663735,
            80.52887257185587,
            73.78099491297425,
            57.75195079024029,
            0.0,
            76.3541131107322,
            13.156694327507873,
            83.97933559836454,
            3.8934196313155494,
            58.75857440562633,
            25.842137623441285,
            39.673032907084526,
            7.299525996299243,
            74.29423826636192
        ],
        [
            38.21109695528685,
            82.54596039175992,
            34.19643720909534,
            24.364443884392482,
            86.79186580474142,
            78.95068401459669,
            96.02427585468271,
            98.04557019938814,
            73.59093675329243,
            68.64182377144675,
            117.86544852915642,
            76.1610765783628,
            41.28169022271081,
            21.55533829947709,
            76.3541131107322,
            0.0,
            86.33913411076652,
            97.28816973769142,
            80.19567391998048,
            64.51811466848389,
            60.859046851701144,
            76.86645594742123,
            80.49419539695154,
            38.21109695528685
        ],
        [
            79.12819823296192,
            114.18402310438826,
            53.016324229791145,
            65.06190329866146,
            8.974090362514454,
            16.40377509801253,
            73.02119790063504,
            44.66937992251295,
            14.316705957540181,
            33.54357520193966,
            80.02534168202261,
            78.90583221536012,
            78.0979395750335,
            66.4806141281237,
            13.156694327507873,
            86.33913411076652,
            0.0,
            78.60197737665233,
            10.172213262897921,
            58.18071041285997,
            29.26827354931616,
            35.12378118968821,
            16.26079866968526,
            79.12819823296192
        ],
        [
            61.476418223952216,
            55.577898096381055,
            85.7044806620175,
            94.05777312149687,
            70.11132284521906,
            90.09859856003003,
            5.903048640667345,
            39.214400702756606,
            69.69080065962252,
            49.866271195439715,
            24.885071112734558,
            23.89662325096731,
            58.19487001970222,
            79.43323997078592,
            83.97933559836454,
            97.28816973769142,
            78.60197737665233,
            0.0,
            84.46559198211234,
            34.53709752786019,
            62.825085596657246,
            44.32183529355394,
            90.98933900354461,
            61.476418223952216
        ],
        [
            77.36117373237178,
            115.72166375050857,
            46.1855310885063,
            57.774502181391,
            17.997819311911407,
            6.496316311720121,
            79.11620445840232,
            52.99283257813931,
            15.254709423514324,
            36.415709891216885,
            88.08625136226296,
            82.09092464124481,
            76.74221227651869,
            61.44625629046098,
            3.8934196313155494,
            80.19567391998048,
            10.172213262897921,
            84.46559198211234,
            0.0,
            60.51865348257856,
            28.279975100254475,
            40.17945147304901,
            6.81756863660762,
            77.36117373237178
        ],
        [
            33.40359020909388,
            56.096823007765565,
            51.426313680546095,
            59.52176198729181,
            51.81027865779912,
            64.80375073200467,
            32.09988769558801,
            39.62893302643449,
            45.41508706248897,
            24.637856625858554,
            53.350807843837046,
            22.029099992799804,
            30.587863844874136,
            45.34772677457417,
            58.75857440562633,
            64.51811466848389,
            58.18071041285997,
            34.53709752786019,
            60.51865348257856,
            0.0,
            33.64874311236696,
            25.681702557742224,
            66.05209122203459,
            33.40359020909388
        ],
        [
            49.887334373276026,
            87.68541063177894,
            31.640165553504687,
            43.686879218228,
            26.843327021063597,
            31.635892347541244,
            58.32188644547135,
            42.752684247400026,
            14.952861864242108,
            13.627546325336118,
            73.11316623295617,
            55.665903618366,
            48.957990586192246,
            39.67031319562214,
            25.842137623441285,
            60.859046851701144,
            29.26827354931616,
            62.825085596657246,
            28.279975100254475,
            33.64874311236696,
            0.0,
            21.91220641417436,
            33.00113419167208,
            49.887334373276026
        ],
        [
            55.005561547622314,
            81.15909491644025,
            52.18918403528787,
            63.558541312892544,
            27.45014038562708,
            45.780634370698934,
            39.088619457358305,
            21.705071446866143,
            25.397906081699237,
            8.875243274975874,
            51.45492530380106,
            44.40235169066082,
            52.874174379513164,
            55.385522389977375,
            39.673032907084526,
            76.86645594742123,
            35.12378118968821,
            44.32183529355394,
            40.17945147304901,
            25.681702557742224,
            21.91220641417436,
            0.0,
            46.66862325053836,
            55.005561547622314
        ],
        [
            80.79392083996629,
            120.68531603676504,
            46.29870485219277,
            57.23072365101957,
            24.63012339343097,
            1.5873581984347038,
            85.69653643037755,
            59.80420356366803,
            21.405982114901654,
            42.38648443500151,
            94.90258586144914,
            87.8282811248939,
            80.4150435255975,
            62.847519165480655,
            7.299525996299243,
            80.49419539695154,
            16.26079866968526,
            90.98933900354461,
            6.81756863660762,
            66.05209122203459,
            33.00113419167208,
            46.66862325053836,
            0.0,
            80.79392083996629
        ],
        [
            0.0,
            47.9654633632425,
            44.893054185116455,
            45.75502716729905,
            75.57849560033603,
            79.2549335287274,
            61.329245033273814,
            72.56620513171096,
            64.81684519553704,
            49.5963273572,
            84.22365882965632,
            38.801916387892156,
            3.2900423454064334,
            28.071997386430606,
            74.29423826636192,
            38.21109695528685,
            79.12819823296192,
            61.476418223952216,
            77.36117373237178,
            33.40359020909388,
            49.887334373276026,
            55.005561547622314,
            80.79392083996629,
            0.0
        ]
    ],
    "scores_ave": [
        0,
        14.72403264265905,
        12.484979872589848,
        11.164275079029446,
        12.218313717553496,
        18.29769308815404,
        13.257058733670736,
        13.356903445395279,
        11.050057791583143,
        18.231130213402395,
        12.419564927745531,
        16.880836252292006,
        19.35549970210647,
        15.595651484396313,
        16.025865553829046,
        11.61755388635289,
        15.938147930956244,
        16.7339825238173,
        11.714443184803324,
        15.844940211523308,
        19.46026227287187,
        15.158502531434793,
        11.175959067016205,
        0
    ],
    "scores_var": [
        0,
        315.29780263220164,
        254.89322346983633,
        291.72239976550065,
        17.27723454175869,
        287.7895551580726,
        23.299065938530475,
        17.69164378525814,
        367.47411663967125,
        231.96331816317795,
        228.65387403432842,
        354.47336798051583,
        399.6653164485151,
        238.38197456949572,
        250.0741501448507,
        19.52312314914018,
        357.5965979080406,
        377.95757652077623,
        291.8655697439933,
        239.04692662517593,
        19.766571052321446,
        18.18975776785492,
        258.44902897568716,
        0
    ],
    "vertex_number": 24,
    "minimum_distances": {
        "cost": 466.81281574158606,
        "path": [
            0,
            13,
            15,
            3,
            2,
            20,
            9,
            19,
            21,
            8,
            14,
            5,
            22,
            18,
            16,
            4,
            7,
            10,
            6,
            17,
            11,
            1,
            12,
            23
        ]
    }
}