{
    "vertices": [
        [
            62.79750714524142,
            98.84813803814212
        ],
        [
            66.94188076331203,
            76.73810040882124
        ],
        [
            23.339844081489137,
            63.99276615898821
        ],
        [
            5.253968682406995,
            59.73877476080561
        ],
        [
            46.94249827676337,
            98.60916610564198
        ],
        [
            16.07414883466898,
            66.80089389408181
        ],
        [
            55.72146065891233,
            55.29614341108338
        ],
        [
            77.84629406630917,
            82.00592019224871
        ],
        [
            52.89423806927428,
            22.072823645298445
        ],
        [
            95.26137282560698,
            27.32745922312271
        ],
        [
            2.384333601803268,
            69.11835893648698
        ],
        [
            38.215174192086444,
            3.4389156627999684
        ],
        [
            52.73205228762937,
            94.91350736342315
        ],
        [
            68.42388490589175,
            3.9443376008350017
        ],
        [
            72.66332559257201,
            85.09043630759284
        ],
        [
            13.001201558903574,
            40.05776434243538
        ],
        [
            43.70359303952145,
            27.22660817316057
        ],
        [
            62.79750714524142,
            98.84813803814212
        ]
    ],
    "distances": [
        [
            0.0,
            22.49510161471037,
            52.64792610622677,
            69.57586589315567,
            15.856809698171967,
            56.657727355120294,
            44.12308545276547,
            22.5859755105736,
            77.41139217525414,
            78.54368257902085,
            67.33209712330952,
            98.52517854684284,
            10.807159665567333,
            95.07043422720734,
            16.929522454648488,
            77.04531192310658,
            74.12301326900476,
            0.0
        ],
        [
            22.49510161471037,
            0.0,
            45.42665679909756,
            63.98730787733417,
            29.636444026872017,
            51.82927960989687,
            24.20031708908081,
            12.11016741227184,
            56.44137444191006,
            56.95090072200996,
            65.00567171882496,
            78.72734058038955,
            23.070861346592874,
            72.80884726476573,
            10.124052839657374,
            65.23069773485417,
            54.69374625800981,
            22.49510161471037
        ],
        [
            52.64792610622677,
            45.42665679909756,
            0.0,
            18.579433031363905,
            41.89726041554969,
            7.789474231054811,
            33.52909690681549,
            57.405808139714026,
            51.29077679599213,
            80.72825422113497,
            21.573250121040452,
            62.354183947943376,
            42.66138933350317,
            75.08917704543067,
            53.64622553426715,
            26.07243450788978,
            42.02895007806642,
            52.64792610622677
        ],
        [
            69.57586589315567,
            63.98730787733417,
            18.579433031363905,
            0.0,
            56.99860369377706,
            12.92090651541098,
            50.662656066457515,
            75.93070176356443,
            60.731533330627016,
            95.66517744446294,
            9.808741244651323,
            65.23890865968414,
            59.0883257208235,
            84.28201192235501,
            72.01894294020748,
            21.150928781750157,
            50.35290050658444,
            69.57586589315567
        ],
        [
            15.856809698171967,
            29.636444026872017,
            41.89726041554969,
            56.99860369377706,
            0.0,
            44.324047405036914,
            44.193756521103005,
            35.081510358913555,
            76.76740795262494,
            86.11501247606182,
            53.43348899977565,
            95.56957023567831,
            6.868539086565139,
            97.0715186208324,
            29.057133601962693,
            67.67775314921612,
            71.45600103644128,
            15.856809698171967
        ],
        [
            56.657727355120294,
            51.82927960989687,
            7.789474231054811,
            12.92090651541098,
            44.324047405036914,
            0.0,
            41.282788405882165,
            63.61596302223833,
            57.93374870854119,
            88.48032825500516,
            13.884584449409065,
            67.11903820272782,
            46.19654664196403,
            81.80123187197604,
            59.47135686893996,
            26.919100712612572,
            48.265000542734555,
            56.657727355120294
        ],
        [
            44.12308545276547,
            24.20031708908081,
            33.52909690681549,
            50.662656066457515,
            44.193756521103005,
            41.282788405882165,
            0.0,
            34.68314329764161,
            33.343397604787604,
            48.43193109257373,
            55.09902689464582,
            54.73245961580665,
            39.72998979288124,
            52.89952307652414,
            34.27428593907336,
            45.356683456924955,
            30.534045761906395,
            44.12308545276547
        ],
        [
            22.5859755105736,
            12.11016741227184,
            57.405808139714026,
            75.93070176356443,
            35.081510358913555,
            63.61596302223833,
            34.68314329764161,
            0.0,
            64.91980560803634,
            57.38483303229854,
            76.55453423715451,
            87.99659006583965,
            28.23704918541335,
            78.62819132513746,
            6.031368158682652,
            77.23039428550277,
            64.54840864567635,
            22.5859755105736
        ],
        [
            77.41139217525414,
            56.44137444191006,
            51.29077679599213,
            60.731533330627016,
            76.76740795262494,
            57.93374870854119,
            33.343397604787604,
            64.91980560803634,
            0.0,
            42.691747475560085,
            69.02559554359176,
            23.72124455020818,
            72.84086427790136,
            23.87073390439366,
            66.0457139196691,
            43.7597126806987,
            10.537051343831985,
            77.41139217525414
        ],
        [
            78.54368257902085,
            56.95090072200996,
            80.72825422113497,
            95.66517744446294,
            86.11501247606182,
            88.48032825500516,
            48.43193109257373,
            57.38483303229854,
            42.691747475560085,
            0.0,
            101.84607853929597,
            61.846028910258404,
            79.85372257224489,
            35.5952403369265,
            62.02606920003476,
            83.23939238880938,
            51.557878422262185,
            78.54368257902085
        ],
        [
            67.33209712330952,
            65.00567171882496,
            21.573250121040452,
            9.808741244651323,
            53.43348899977565,
            13.884584449409065,
            55.09902689464582,
            76.55453423715451,
            69.02559554359176,
            101.84607853929597,
            0.0,
            74.81736700892216,
            56.57103905033697,
            92.78402552975031,
            72.07110357686449,
            30.939231460692824,
            58.840462120025215,
            67.33209712330952
        ],
        [
            98.52517854684284,
            78.72734058038955,
            62.354183947943376,
            65.23890865968414,
            95.56957023567831,
            67.11903820272782,
            54.73245961580665,
            87.99659006583965,
            23.72124455020818,
            61.846028910258404,
            74.81736700892216,
            0.0,
            92.61933208805046,
            30.212938525172007,
            88.62079867907877,
            44.459920091796505,
            24.41264132396054,
            98.52517854684284
        ],
        [
            10.807159665567333,
            23.070861346592874,
            42.66138933350317,
            59.0883257208235,
            6.868539086565139,
            46.19654664196403,
            39.72998979288124,
            28.23704918541335,
            72.84086427790136,
            79.85372257224489,
            56.57103905033697,
            92.61933208805046,
            0.0,
            92.31263975325452,
            22.22044960220675,
            67.73251096787229,
            68.28637783912333,
            10.807159665567333
        ],
        [
            95.07043422720734,
            72.80884726476573,
            75.08917704543067,
            84.28201192235501,
            97.0715186208324,
            81.80123187197604,
            52.89952307652414,
            78.62819132513746,
            23.87073390439366,
            35.5952403369265,
            92.78402552975031,
            30.212938525172007,
            92.31263975325452,
            0.0,
            81.25676705765967,
            66.15023371388388,
            33.95816474666307,
            95.07043422720734
        ],
        [
            16.929522454648488,
            10.124052839657374,
            53.64622553426715,
            72.01894294020748,
            29.057133601962693,
            59.47135686893996,
            34.27428593907336,
            6.031368158682652,
            66.0457139196691,
            62.02606920003476,
            72.07110357686449,
            88.62079867907877,
            22.22044960220675,
            81.25676705765967,
            0.0,
            74.74965276528256,
            64.70617216244005,
            16.929522454648488
        ],
        [
            77.04531192310658,
            65.23069773485417,
            26.07243450788978,
            21.150928781750157,
            67.67775314921612,
            26.919100712612572,
            45.356683456924955,
            77.23039428550277,
            43.7597126806987,
            83.23939238880938,
            30.939231460692824,
            44.459920091796505,
            67.73251096787229,
            66.15023371388388,
            74.74965276528256,
            0.0,
            33.275748094812776,
            77.04531192310658
        ],
        [
            74.12301326900476,
            54.69374625800981,
            42.02895007806642,
            50.35290050658444,
            71.45600103644128,
            48.265000542734555,
            30.534045761906395,
            64.54840864567635,
            10.537051343831985,
            51.557878422262185,
            58.840462120025215,
            24.41264132396054,
            68.28637783912333,
            33.95816474666307,
            64.70617216244005,
            33.275748094812776,
            0.0,
            74.12301326900476
        ],
        [
            0.0,
            22.49510161471037,
            52.64792610622677,
            69.57586589315567,
            15.856809698171967,
            56.657727355120294,
            44.12308545276547,
            22.5859755105736,
            77.41139217525414,
            78.54368257902085,
            67.33209712330952,
            98.52517854684284,
            10.807159665567333,
            95.07043422720734,
            16.929522454648488,
            77.04531192310658,
            74.12301326900476,
            0.0
        ]
    ],
    "scores_ave": [
        0,
        12.987746512806755,
        18.02897434408371,
        18.281308132182282,
        13.983083257772417,
        19.67534554357256,
        11.408051958143755,
        12.575695834053231,
        18.3476923463034,
        15.481029677697009,
        10.626210384000043,
        17.140146964509235,
        14.934335577508438,
        14.500042675589192,
        19.739061795143996,
        19.937313168850952,
        10.906595631206775,
        0
    ],
    "scores_var": [
        0,
        274.755443757558,
        17.618893205581106,
        19.89697108926152,
        355.3672907125275,
        230.79100074034008,
        379.81501618064783,
        374.9998160940084,
        320.3137213862119,
        363.9429718376004,
        285.13034441457376,
        349.90765374801134,
        18.45022429670751,
        21.16863856610949,
        23.346851127033638,
        373.1851460003481,
        18.25131334416975,
        0
    ],
    "vertex_number": 18,
    "minimum_distances": {
        "cost": 353.2522169327564,
        "path": [
            0,
            12,
            4,
            2,
            5,
            10,
            3,
            15,
            16,
            8,
            11,
            13,
            9,
            6,
            1,
            7,
            14,
            17
        ]
    }
}