{
    "vertices": [
        [
            69.76912534794761,
            20.45072008700146
        ],
        [
            18.620337122188012,
            68.04280082492431
        ],
        [
            60.942506304103674,
            86.88040846912375
        ],
        [
            31.745754452237318,
            46.71109465834069
        ],
        [
            19.124297028979175,
            21.661825139461357
        ],
        [
            77.36130356195603,
            95.72532858435336
        ],
        [
            93.80803874795919,
            54.139008453539105
        ],
        [
            19.45589941697038,
            39.44281569680347
        ],
        [
            91.95565162685794,
            88.62853158087715
        ],
        [
            98.16223961780533,
            65.74777775050062
        ],
        [
            51.62225910086452,
            5.4287973147332025
        ],
        [
            52.848572739122176,
            54.96998862323203
        ],
        [
            75.49036288437925,
            31.35224431027801
        ],
        [
            8.024725186583858,
            35.36694143484106
        ],
        [
            67.98099499027684,
            22.541698447019996
        ],
        [
            67.26359189857388,
            46.21461811072025
        ],
        [
            69.76912534794761,
            20.45072008700146
        ]
    ],
    "distances": [
        [
            0.0,
            69.86561876866597,
            67.01352626366577,
            46.21021539551388,
            50.65930724857853,
            75.65651230702396,
            41.38562710072486,
            53.77843805126195,
            71.69697293762985,
            53.46019426556141,
            23.557735849727052,
            38.44326990338396,
            12.31161197158844,
            63.52058414863926,
            2.7512907294740025,
            25.88544261245134,
            0.0
        ],
        [
            69.86561876866597,
            0.0,
            46.32517097668926,
            25.04632244592847,
            46.38371353312668,
            64.93707324348328,
            76.46244776406641,
            28.612188201484965,
            76.1698146528888,
            79.57500476616026,
            70.77881243607352,
            36.63973979587021,
            67.67862858795789,
            34.35081919213003,
            67.13288957563982,
            53.31637455646308,
            69.86561876866597
        ],
        [
            67.01352626366577,
            46.32517097668926,
            0.0,
            49.65907863350495,
            77.47403589917222,
            18.64965187984091,
            46.39118987263256,
            63.019550609632475,
            31.06237462307287,
            42.8006615490084,
            81.98312001610775,
            32.92091516491324,
            57.4022399034392,
            73.85071999847982,
            64.72256121549688,
            41.15413258187131,
            67.01352626366577
        ],
        [
            46.21021539551388,
            25.04632244592847,
            49.65907863350495,
            0.0,
            28.049368814940838,
            66.95650414959738,
            62.50520806582363,
            14.278249747451566,
            73.36418224129,
            69.09084458088091,
            45.81815700148709,
            22.661382772739188,
            46.362539305948374,
            26.294049550805692,
            43.556312631688485,
            35.52130720886725,
            46.21021539551388
        ],
        [
            50.65930724857853,
            46.38371353312668,
            77.47403589917222,
            28.049368814940838,
            0.0,
            94.21757517816684,
            81.43972441728623,
            17.784082358783962,
            98.93910240229955,
            90.50175460341848,
            36.32669447092725,
            47.40000555733444,
            57.19298561643228,
            17.6360627055581,
            48.86462025554708,
            54.03916499383838,
            50.65930724857853
        ],
        [
            75.65651230702396,
            64.93707324348328,
            18.64965187984091,
            66.95650414959738,
            94.21757517816684,
            0.0,
            44.72043291719213,
            80.75120485869756,
            16.228355528150566,
            36.48742927085651,
            93.89335423285046,
            47.559139055908936,
            64.400267064479,
            91.92766721773451,
            73.78234144412826,
            50.52993402371239,
            75.65651230702396
        ],
        [
            41.38562710072486,
            76.46244776406641,
            46.39118987263256,
            62.50520806582363,
            81.43972441728623,
            44.72043291719213,
            0.0,
            75.79062412091552,
            34.53923194857708,
            12.39849143263184,
            64.43853407411032,
            40.96789454892083,
            29.236516023011163,
            87.81325290480778,
            40.80963353069115,
            27.70205084186372,
            41.38562710072486
        ],
        [
            53.77843805126195,
            28.612188201484965,
            63.019550609632475,
            14.278249747451566,
            17.784082358783962,
            80.75120485869756,
            75.79062412091552,
            0.0,
            87.60963826842291,
            82.98577598875613,
            46.814828225781895,
            36.826128369503685,
            56.61553180392147,
            12.136082369726257,
            51.3841674515551,
            48.284912429750726,
            53.77843805126195
        ],
        [
            71.69697293762985,
            76.1698146528888,
            31.06237462307287,
            73.36418224129,
            98.93910240229955,
            16.228355528150566,
            34.53923194857708,
            87.60963826842291,
            0.0,
            23.707607014113904,
            92.46068534578808,
            51.59710392224772,
            59.595963092120535,
            99.40421217436929,
            70.30116410490115,
            49.07787555996189,
            71.69697293762985
        ],
        [
            53.46019426556141,
            79.57500476616026,
            42.8006615490084,
            69.09084458088091,
            90.50175460341848,
            36.48742927085651,
            12.39849143263184,
            82.98577598875613,
            23.707607014113904,
            0.0,
            76.18627952149733,
            46.577775220207066,
            41.195469596220626,
            95.1197493850649,
            52.7036319056417,
            36.55503735999064,
            53.46019426556141
        ],
        [
            23.557735849727052,
            70.77881243607352,
            81.98312001610775,
            45.81815700148709,
            36.32669447092725,
            93.89335423285046,
            64.43853407411032,
            46.814828225781895,
            92.46068534578808,
            76.18627952149733,
            0.0,
            49.556366709078425,
            35.23792676011816,
            52.88702522134518,
            23.67402849248453,
            43.6821985446139,
            23.557735849727052
        ],
        [
            38.44326990338396,
            36.63973979587021,
            32.92091516491324,
            22.661382772739188,
            47.40000555733444,
            47.559139055908936,
            40.96789454892083,
            36.826128369503685,
            51.59710392224772,
            46.577775220207066,
            49.556366709078425,
            0.0,
            32.71770938519279,
            48.92296769906215,
            35.785251248801515,
            16.86562451196873,
            38.44326990338396
        ],
        [
            12.31161197158844,
            67.67862858795789,
            57.4022399034392,
            46.362539305948374,
            57.19298561643228,
            64.400267064479,
            29.236516023011163,
            56.61553180392147,
            59.595963092120535,
            41.195469596220626,
            35.23792676011816,
            32.71770938519279,
            0.0,
            67.58498400511881,
            11.576541995671633,
            16.98734575609036,
            12.31161197158844
        ],
        [
            63.52058414863926,
            34.35081919213003,
            73.85071999847982,
            26.294049550805692,
            17.6360627055581,
            91.92766721773451,
            87.81325290480778,
            12.136082369726257,
            99.40421217436929,
            95.1197493850649,
            52.88702522134518,
            48.92296769906215,
            67.58498400511881,
            0.0,
            61.31265078652105,
            60.2238774788317,
            63.52058414863926
        ],
        [
            2.7512907294740025,
            67.13288957563982,
            64.72256121549688,
            43.556312631688485,
            48.86462025554708,
            73.78234144412826,
            40.80963353069115,
            51.3841674515551,
            70.30116410490115,
            52.7036319056417,
            23.67402849248453,
            35.785251248801515,
            11.576541995671633,
            61.31265078652105,
            0.0,
            23.683787547602922,
            2.7512907294740025
        ],
        [
            25.88544261245134,
            53.31637455646308,
            41.15413258187131,
            35.52130720886725,
            54.03916499383838,
            50.52993402371239,
            27.70205084186372,
            48.284912429750726,
            49.07787555996189,
            36.55503735999064,
            43.6821985446139,
            16.86562451196873,
            16.98734575609036,
            60.2238774788317,
            23.683787547602922,
            0.0,
            25.88544261245134
        ],
        [
            0.0,
            69.86561876866597,
            67.01352626366577,
            46.21021539551388,
            50.65930724857853,
            75.65651230702396,
            41.38562710072486,
            53.77843805126195,
            71.69697293762985,
            53.46019426556141,
            23.557735849727052,
            38.44326990338396,
            12.31161197158844,
            63.52058414863926,
            2.7512907294740025,
            25.88544261245134,
            0.0
        ]
    ],
    "scores_ave": [
        0,
        16.92795713559196,
        18.60432561034188,
        14.609018658662876,
        19.028357271901605,
        18.506629001853547,
        17.91611126142405,
        13.679746275871949,
        17.340392254524552,
        14.771913113576932,
        10.046219359511726,
        14.442930034099396,
        11.280511530263405,
        14.565528592840305,
        17.179448691643643,
        12.662005100039064,
        0
    ],
    "scores_var": [
        0,
        240.05443541194572,
        225.57515184342245,
        22.873257751881397,
        20.737555873909898,
        376.26469000868883,
        290.7481982015728,
        335.7223790021965,
        288.2960995791924,
        22.64866889542183,
        378.69921107742056,
        20.17600150298839,
        385.9883361421245,
        18.432136154630356,
        388.65712992385346,
        21.95721680287819,
        0
    ],
    "vertex_number": 17,
    "minimum_distances": {
        "cost": 335.43912196287073,
        "path": [
            0,
            14,
            12,
            15,
            11,
            6,
            9,
            8,
            5,
            2,
            1,
            3,
            7,
            13,
            4,
            10,
            16
        ]
    }
}