{
    "vertices": [
        [
            11.4623054615551,
            69.3313189644016
        ],
        [
            52.827968013772875,
            82.4360448049783
        ],
        [
            94.57932013688307,
            1.7834606554068988
        ],
        [
            12.80602833394796,
            61.10338462656778
        ],
        [
            79.74594574797868,
            43.874540030886
        ],
        [
            14.541824057686858,
            6.484471697625638
        ],
        [
            22.023816412127594,
            2.9134776507064752
        ],
        [
            76.14206564423188,
            57.56051677746649
        ],
        [
            92.05548655033495,
            83.8296023612271
        ],
        [
            54.04619253867436,
            20.721239995847405
        ],
        [
            86.47392246494745,
            23.068098879592757
        ],
        [
            4.566921214504649,
            86.65840502028982
        ],
        [
            29.790400870330146,
            41.86944251836609
        ],
        [
            33.77730780450028,
            88.39437146535379
        ],
        [
            54.63134607287935,
            50.98905483992847
        ],
        [
            70.59069219033128,
            80.27943321450593
        ],
        [
            3.6356873588734517,
            41.71928896057887
        ],
        [
            40.07050574177155,
            59.62992738406601
        ],
        [
            70.20796966047993,
            27.156186635146007
        ],
        [
            40.35322383052797,
            80.89638657544495
        ],
        [
            74.4851021973378,
            51.591036519543096
        ],
        [
            56.89797913092926,
            97.53587596984583
        ],
        [
            63.7993577494874,
            41.05073677615915
        ],
        [
            11.4623054615551,
            69.3313189644016
        ]
    ],
    "distances": [
        [
            0.0,
            43.391841142553865,
            107.10346068484768,
            8.336935565631812,
            72.87457117839921,
            62.922250803331785,
            67.25232455707572,
            65.74209580940158,
            81.88687965396853,
            64.62450940568849,
            88.13074502169535,
            18.64870599003125,
            33.0162647682999,
            29.348923323006385,
            46.904207919056645,
            60.13341269860752,
            28.69982842905565,
            30.20837833893079,
            72.317320533625,
            31.119703614441093,
            65.47205915215388,
            53.478009290391626,
            59.48914498541474,
            0.0
        ],
        [
            43.391841142553865,
            0.0,
            90.81858143635384,
            45.35237640987609,
            47.02730245018889,
            85.0556892659608,
            85.28032857994168,
            34.093093772347785,
            39.25226379712257,
            61.72682726029418,
            68.23930871814292,
            48.445401886546506,
            46.65167436404402,
            19.960694151278993,
            31.498656325088074,
            17.893164720771235,
            63.85714276823562,
            26.13181653536501,
            57.94762442513337,
            12.56939894749038,
            37.68880466628654,
            15.638730501587446,
            42.81489359292143,
            43.391841142553865
        ],
        [
            107.10346068484768,
            90.81858143635384,
            0.0,
            101.0233865608963,
            44.62833134629041,
            80.17543441383036,
            72.56430292618177,
            58.7453176250684,
            82.08495053774546,
            44.73895304139206,
            22.775717239083672,
            123.71737202472158,
            76.1872036607553,
            105.82218375650638,
            63.38005309930039,
            82.07966848591016,
            99.32580090430501,
            79.48222794908672,
            35.181500077265085,
            95.91310947026754,
            53.70821359963135,
            102.8999927043524,
            49.89313638681068,
            107.10346068484768
        ],
        [
            8.336935565631812,
            45.35237640987609,
            101.0233865608963,
            0.0,
            69.12152797428169,
            54.64648786824194,
            58.9154724237498,
            63.43504973408527,
            82.44366318956243,
            57.7188768827774,
            82.90742781892459,
            26.850362259180244,
            25.659568185693765,
            34.4179099491355,
            43.03088275872885,
            60.88339852900934,
            21.44384103623557,
            27.30426348699418,
            66.68879305792997,
            33.920656035446214,
            62.40827604696924,
            57.19638581730011,
            54.79441879146285,
            8.336935565631812
        ],
        [
            72.87457117839921,
            47.02730245018889,
            44.62833134629041,
            69.12152797428169,
            0.0,
            75.16378579720599,
            70.77890113852912,
            14.152523142893067,
            41.8082743076812,
            34.59122168313322,
            21.86718235361618,
            86.5005481672586,
            49.995768621529066,
            63.993211087833586,
            26.102862636281557,
            37.53844583111549,
            76.14076791858894,
            42.68925825468142,
            19.24776163896854,
            54.059260646391316,
            9.339207296327512,
            58.32296763100886,
            16.1946760886111,
            72.87457117839921
        ],
        [
            62.922250803331785,
            85.0556892659608,
            80.17543441383036,
            54.64648786824194,
            75.16378579720599,
            0.0,
            8.290489013022196,
            80.02094816058258,
            109.50176761310176,
            41.99143603949371,
            73.81899126771039,
            80.7920681203169,
            38.530705350353195,
            84.1381929621334,
            59.89847824508357,
            92.66699501024304,
            36.88409095052923,
            58.95890983258356,
            59.380464504157096,
            78.76142097510208,
            75.01865624070719,
            100.42112373665132,
            60.17583656982519,
            62.922250803331785
        ],
        [
            67.25232455707572,
            85.28032857994168,
            72.56430292618177,
            58.9154724237498,
            70.77890113852912,
            8.290489013022196,
            0.0,
            76.90958188203727,
            107.0133359003223,
            36.64081020571258,
            67.52795663352771,
            85.5450527504518,
            39.72262620870785,
            86.2851538056321,
            58.09055097564188,
            91.34677062247609,
            42.94198739574764,
            59.5183893105096,
            53.93905415526795,
            80.10805989832588,
            71.56599222861759,
            100.84446186580264,
            56.56541688727646,
            67.25232455707572
        ],
        [
            65.74209580940158,
            34.093093772347785,
            58.7453176250684,
            63.43504973408527,
            14.152523142893067,
            80.02094816058258,
            76.90958188203727,
            0.0,
            30.713219016276003,
            42.957652660377505,
            36.00658492283498,
            77.26375864742893,
            48.93553554132994,
            52.3975123620659,
            22.49211347281263,
            23.38732373098412,
            74.21670560464153,
            36.130871758864195,
            30.97800488326514,
            42.72474713318412,
            6.195177351301597,
            44.366250780195784,
            20.613473115090418,
            65.74209580940158
        ],
        [
            81.88687965396853,
            39.25226379712257,
            82.08495053774546,
            82.44366318956243,
            41.8082743076812,
            109.50176761310176,
            107.0133359003223,
            30.713219016276003,
            0.0,
            73.67069859655825,
            61.017326744031905,
            87.53428579137301,
            75.08392576828135,
            58.45667827464579,
            49.79023852096919,
            21.756403606468975,
            97.93538371681191,
            57.34162971757031,
            60.738703018040454,
            51.785400695503974,
            36.715712356437294,
            37.73476201302831,
            51.26831531809289,
            81.88687965396853
        ],
        [
            64.62450940568849,
            61.72682726029418,
            44.73895304139206,
            57.7188768827774,
            34.59122168313322,
            41.99143603949371,
            36.64081020571258,
            42.957652660377505,
            73.67069859655825,
            0.0,
            32.5125424227562,
            82.43729751897108,
            32.18058264530931,
            70.64333239065334,
            30.27347056573076,
            61.81341964488568,
            54.608947003288705,
            41.34254196005907,
            17.395734476748554,
            61.71341554247606,
            37.02287624495671,
            76.8675548367818,
            22.54800813753,
            64.62450940568849
        ],
        [
            88.13074502169535,
            68.23930871814292,
            22.775717239083672,
            82.90742781892459,
            21.86718235361618,
            73.81899126771039,
            67.52795663352771,
            36.00658492283498,
            61.017326744031905,
            32.5125424227562,
            0.0,
            103.69418445075699,
            59.720282509300716,
            83.93125214495974,
            42.35008208992869,
            59.375194991997276,
            84.91195491169817,
            59.07659762693883,
            16.77181213030569,
            73.96776122312473,
            30.94009991938526,
            80.12606472840581,
            28.939784912030905,
            88.13074502169535
        ],
        [
            18.64870599003125,
            48.445401886546506,
            123.71737202472158,
            26.850362259180244,
            86.5005481672586,
            80.7920681203169,
            85.5450527504518,
            77.26375864742893,
            87.53428579137301,
            82.43729751897108,
            103.69418445075699,
            0.0,
            51.40306496646452,
            29.26192516283549,
            61.47153144903006,
            66.3312114706749,
            44.948763595031664,
            44.62110618997064,
            88.59605653662143,
            36.24721108560395,
            78.2193861233606,
            53.449593047193744,
            74.75654446627027,
            18.64870599003125
        ],
        [
            33.0162647682999,
            46.65167436404402,
            76.1872036607553,
            25.659568185693765,
            49.995768621529066,
            38.530705350353195,
            39.72262620870785,
            48.93553554132994,
            75.08392576828135,
            32.18058264530931,
            59.720282509300716,
            51.40306496646452,
            0.0,
            46.695443465331685,
            26.462046169025648,
            56.0356240000458,
            26.155144521820016,
            20.521095946186428,
            43.0123210904922,
            40.431121568945436,
            45.739760784618674,
            61.91585105901822,
            34.018809901298724,
            33.0162647682999
        ],
        [
            29.348923323006385,
            19.960694151278993,
            105.82218375650638,
            34.4179099491355,
            63.993211087833586,
            84.1381929621334,
            86.2851538056321,
            52.3975123620659,
            58.45667827464579,
            70.64333239065334,
            83.93125214495974,
            29.26192516283549,
            46.695443465331685,
            0.0,
            42.825793909130724,
            37.697181496154585,
            55.561502948676385,
            29.444822695733908,
            71.25523422572843,
            9.973086231988022,
            54.878137609279925,
            24.862271561351818,
            56.060175066469554,
            29.348923323006385
        ],
        [
            46.904207919056645,
            31.498656325088074,
            63.38005309930039,
            43.03088275872885,
            26.102862636281557,
            59.89847824508357,
            58.09055097564188,
            22.49211347281263,
            49.79023852096919,
            30.27347056573076,
            42.35008208992869,
            61.47153144903006,
            26.462046169025648,
            42.825793909130724,
            0.0,
            33.3560638238768,
            51.831320329828756,
            16.931708403821677,
            28.471684341751292,
            33.14080968090189,
            19.862880309563938,
            46.601976167544294,
            13.521190925324037,
            46.904207919056645
        ],
        [
            60.13341269860752,
            17.893164720771235,
            82.07966848591016,
            60.88339852900934,
            37.53844583111549,
            92.66699501024304,
            91.34677062247609,
            23.38732373098412,
            21.756403606468975,
            61.81341964488568,
            59.375194991997276,
            66.3312114706749,
            56.0356240000458,
            37.697181496154585,
            33.3560638238768,
            0.0,
            77.26485227361924,
            36.84947587003405,
            53.124625209655186,
            30.24376174121996,
            28.951520413101395,
            22.028962923738415,
            39.81221982933574,
            60.13341269860752
        ],
        [
            28.69982842905565,
            63.85714276823562,
            99.32580090430501,
            21.44384103623557,
            76.14076791858894,
            36.88409095052923,
            42.94198739574764,
            74.21670560464153,
            97.93538371681191,
            54.608947003288705,
            84.91195491169817,
            44.948763595031664,
            26.155144521820016,
            55.561502948676385,
            51.831320329828756,
            77.26485227361924,
            0.0,
            40.59910047441523,
            68.14655325242661,
            53.69378420331375,
            71.53384501633285,
            77.15155935024691,
            60.16738482677911,
            28.69982842905565
        ],
        [
            30.20837833893079,
            26.13181653536501,
            79.48222794908672,
            27.30426348699418,
            42.68925825468142,
            58.95890983258356,
            59.5183893105096,
            36.130871758864195,
            57.34162971757031,
            41.34254196005907,
            59.07659762693883,
            44.62110618997064,
            20.521095946186428,
            29.444822695733908,
            16.931708403821677,
            36.84947587003405,
            40.59910047441523,
            0.0,
            44.30361802019692,
            21.26833834732502,
            35.341027369492004,
            41.47318168227022,
            30.137099084832553,
            30.20837833893079
        ],
        [
            72.317320533625,
            57.94762442513337,
            35.181500077265085,
            66.68879305792997,
            19.24776163896854,
            59.380464504157096,
            53.93905415526795,
            30.97800488326514,
            60.738703018040454,
            17.395734476748554,
            16.77181213030569,
            88.59605653662143,
            43.0123210904922,
            71.25523422572843,
            28.471684341751292,
            53.124625209655186,
            68.14655325242661,
            44.30361802019692,
            0.0,
            61.47613307775905,
            24.806365143060933,
            71.62720515799559,
            15.301268909696466,
            72.317320533625
        ],
        [
            31.119703614441093,
            12.56939894749038,
            95.91310947026754,
            33.920656035446214,
            54.059260646391316,
            78.76142097510208,
            80.10805989832588,
            42.72474713318412,
            51.785400695503974,
            61.71341554247606,
            73.96776122312473,
            36.24721108560395,
            40.431121568945436,
            9.973086231988022,
            33.14080968090189,
            30.24376174121996,
            53.69378420331375,
            21.26833834732502,
            61.47613307775905,
            0.0,
            44.98653868376236,
            23.464900069178558,
            46.23199112814745,
            31.119703614441093
        ],
        [
            65.47205915215388,
            37.68880466628654,
            53.70821359963135,
            62.40827604696924,
            9.339207296327512,
            75.01865624070719,
            71.56599222861759,
            6.195177351301597,
            36.715712356437294,
            37.02287624495671,
            30.94009991938526,
            78.2193861233606,
            45.739760784618674,
            54.878137609279925,
            19.862880309563938,
            28.951520413101395,
            71.53384501633285,
            35.341027369492004,
            24.806365143060933,
            44.98653868376236,
            0.0,
            49.19588570060604,
            15.009432137331022,
            65.47205915215388
        ],
        [
            53.478009290391626,
            15.638730501587446,
            102.8999927043524,
            57.19638581730011,
            58.32296763100886,
            100.42112373665132,
            100.84446186580264,
            44.366250780195784,
            37.73476201302831,
            76.8675548367818,
            80.12606472840581,
            53.449593047193744,
            61.91585105901822,
            24.862271561351818,
            46.601976167544294,
            22.028962923738415,
            77.15155935024691,
            41.47318168227022,
            71.62720515799559,
            23.464900069178558,
            49.19588570060604,
            0.0,
            56.90518409219718,
            53.478009290391626
        ],
        [
            59.48914498541474,
            42.81489359292143,
            49.89313638681068,
            54.79441879146285,
            16.1946760886111,
            60.17583656982519,
            56.56541688727646,
            20.613473115090418,
            51.26831531809289,
            22.54800813753,
            28.939784912030905,
            74.75654446627027,
            34.018809901298724,
            56.060175066469554,
            13.521190925324037,
            39.81221982933574,
            60.16738482677911,
            30.137099084832553,
            15.301268909696466,
            46.23199112814745,
            15.009432137331022,
            56.90518409219718,
            0.0,
            59.48914498541474
        ],
        [
            0.0,
            43.391841142553865,
            107.10346068484768,
            8.336935565631812,
            72.87457117839921,
            62.922250803331785,
            67.25232455707572,
            65.74209580940158,
            81.88687965396853,
            64.62450940568849,
            88.13074502169535,
            18.64870599003125,
            33.0162647682999,
            29.348923323006385,
            46.904207919056645,
            60.13341269860752,
            28.69982842905565,
            30.20837833893079,
            72.317320533625,
            31.119703614441093,
            65.47205915215388,
            53.478009290391626,
            59.48914498541474,
            0.0
        ]
    ],
    "scores_ave": [
        0,
        14.168083973161725,
        10.648485223860085,
        12.090960810452472,
        18.09362045329523,
        12.439597619742639,
        14.792514900712842,
        17.502000635705137,
        12.96765468029923,
        14.270213702989007,
        17.885547593449107,
        18.442567605089963,
        15.903058186331776,
        10.011338179392297,
        10.326531246054525,
        17.992686410353514,
        19.005591930885075,
        19.162630597941867,
        18.706201512800185,
        18.3049406495498,
        14.925074096699516,
        12.058946983707013,
        19.4075414413916,
        0
    ],
    "scores_var": [
        0,
        236.6482147150725,
        349.5021019928879,
        331.90134991229144,
        22.627420149983703,
        278.06202942478194,
        256.2564511910088,
        394.35226462643436,
        333.12659623110596,
        17.834569290490172,
        19.82485414812637,
        18.698989435163913,
        23.26136525362182,
        316.35981814826425,
        17.03764200525845,
        239.90376853394773,
        23.584894447325105,
        264.55619635082644,
        20.28420015035215,
        18.5814671864127,
        18.44685724905893,
        231.97189115006955,
        267.2052758249621,
        0
    ],
    "vertex_number": 24,
    "minimum_distances": {
        "cost": 482.21534042093043,
        "path": [
            0,
            3,
            17,
            14,
            12,
            16,
            5,
            6,
            9,
            18,
            2,
            10,
            4,
            22,
            20,
            7,
            8,
            15,
            21,
            1,
            19,
            13,
            11,
            23
        ]
    }
}