{
    "vertices": [
        [
            23.776196780486934,
            23.175742678889122
        ],
        [
            28.75566419508184,
            12.410076784293567
        ],
        [
            12.889598843237449,
            88.30386102327243
        ],
        [
            53.03792828612196,
            49.45113657633896
        ],
        [
            2.268990121163661,
            89.31852914528442
        ],
        [
            8.065477285095202,
            53.877603937059384
        ],
        [
            90.90606316949331,
            40.58178633811066
        ],
        [
            40.38214507322917,
            83.4012432222731
        ],
        [
            30.221442250342868,
            32.927790516149344
        ],
        [
            60.186103526271026,
            7.160771328443949
        ],
        [
            12.477600320334869,
            4.600917698056007
        ],
        [
            90.52388122797733,
            41.262279533076175
        ],
        [
            79.04349912954953,
            63.38972351709031
        ],
        [
            70.75950336661427,
            96.36316735070443
        ],
        [
            78.95028345629245,
            28.268284344684226
        ],
        [
            24.971559900444696,
            56.50726256644487
        ],
        [
            84.25991583942192,
            7.732141603321175
        ],
        [
            99.75811542096233,
            54.003536392817466
        ],
        [
            19.53790841459453,
            35.238579936693746
        ],
        [
            74.99142632100994,
            88.95084165160769
        ],
        [
            23.776196780486934,
            23.175742678889122
        ]
    ],
    "distances": [
        [
            0.0,
            11.861477896411998,
            66.03173338423976,
            39.327410989970055,
            69.5516221221763,
            34.48812827305677,
            69.3497607585821,
            62.472941617970676,
            11.689466462884873,
            39.77638264840424,
            21.74126042891586,
            69.15472647968191,
            68.34938890581182,
            86.97028359076839,
            55.408607825203106,
            33.35294756094399,
            62.42423476007903,
            81.99759036432926,
            12.7857393599564,
            83.36284173274915,
            0.0
        ],
        [
            11.861477896411998,
            0.0,
            77.53449887541464,
            44.29072656781438,
            81.3415880596191,
            46.342633098859984,
            68.23721354116942,
            71.9369221598675,
            20.570004426097434,
            31.86577669413342,
            18.0543160807744,
            68.174498449785,
            71.60859392137945,
            93.87461808604041,
            52.64012300333584,
            44.25925032372621,
            55.70103255915107,
            82.28829784537682,
            24.619252178079094,
            89.4216661991873,
            11.861477896411998
        ],
        [
            66.03173338423976,
            77.53449887541464,
            0.0,
            55.86969262492616,
            10.668968133105336,
            34.762613908821166,
            91.45471621642108,
            27.92625573740431,
            58.025011682017706,
            93.92103257766706,
            83.70395727853771,
            90.77440272726837,
            70.68983498897329,
            58.42840292207322,
            89.26524810180145,
            34.01466531384075,
            107.63607257059878,
            93.39513607340083,
            53.480127869650836,
            62.10519752816554,
            66.03173338423976
        ],
        [
            39.327410989970055,
            44.29072656781438,
            55.86969262492616,
            0.0,
            64.55148389188096,
            45.18976612392761,
            38.89294297418963,
            36.23228656877785,
            28.171137713015533,
            42.89022501764529,
            60.47050800284465,
            38.36996283076112,
            29.505489672218868,
            50.147710363570326,
            33.46884191502869,
            28.939764137753308,
            52.108416290817175,
            46.94145534603265,
            36.39021980735835,
            45.19051644981545,
            39.327410989970055
        ],
        [
            69.5516221221763,
            81.3415880596191,
            10.668968133105336,
            64.55148389188096,
            0.0,
            35.91181481151605,
            101.15236437190941,
            38.569766049262256,
            62.93850159618897,
            100.52009348717638,
            85.33047176432454,
            100.49044198861104,
            81.03473449566793,
            68.85185060744925,
            98.01608611733728,
            39.89969785713668,
            115.66698116698801,
            103.68837092377639,
            56.77020737525043,
            72.72336571511056,
            69.5516221221763
        ],
        [
            34.48812827305677,
            46.342633098859984,
            34.762613908821166,
            45.18976612392761,
            35.91181481151605,
            0.0,
            83.9007832817719,
            43.77227768316415,
            30.492318145923644,
            69.99301485686797,
            49.473817685471545,
            83.41783256969251,
            71.6125687561663,
            75.73350648745274,
            75.36904534298291,
            17.109375614093107,
            89.07859541216129,
            91.69272461487056,
            21.886751511069694,
            75.55934527336159,
            34.48812827305677
        ],
        [
            69.3497607585821,
            68.23721354116942,
            91.45471621642108,
            38.89294297418963,
            101.15236437190941,
            83.9007832817719,
            0.0,
            66.22818272950461,
            61.16540581197506,
            45.39471516330478,
            86.28816079262955,
            0.7804703868919678,
            25.708411541012204,
            59.30806302319389,
            17.162837757570916,
            67.83052052310538,
            33.51522689069697,
            16.078003719173594,
            71.56789341434694,
            50.919948722865385,
            69.3497607585821
        ],
        [
            62.472941617970676,
            71.9369221598675,
            27.92625573740431,
            36.23228656877785,
            38.569766049262256,
            43.77227768316415,
            66.22818272950461,
            0.0,
            51.48601081781653,
            78.77059302178422,
            83.595184793078,
            65.49722105106319,
            43.53344941971723,
            33.027191433664214,
            67.284057940444,
            30.99632769996645,
            87.47040475057739,
            66.25504525366735,
            52.47975168235137,
            35.05139642317925,
            62.472941617970676
        ],
        [
            11.689466462884873,
            20.570004426097434,
            58.025011682017706,
            28.171137713015533,
            62.93850159618897,
            30.492318145923644,
            61.16540581197506,
            51.48601081781653,
            0.0,
            39.519870991700955,
            33.425374344792985,
            60.87567538700989,
            57.54583043166817,
            75.2820126803778,
            48.95110788364827,
            24.15683685540059,
            59.623630818460676,
            72.6604154949271,
            10.930582919756821,
            71.71425055185311,
            11.689466462884873
        ],
        [
            39.77638264840424,
            31.86577669413342,
            93.92103257766706,
            42.89022501764529,
            100.52009348717638,
            69.99301485686797,
            45.39471516330478,
            78.77059302178422,
            39.519870991700955,
            0.0,
            47.77712976686472,
            45.643111393820945,
            59.30679921536506,
            89.82685701000544,
            28.242194570836233,
            60.62293526609651,
            24.0805918382383,
            61.320378050609584,
            49.40282483905579,
            83.11927084933124,
            39.77638264840424
        ],
        [
            21.74126042891586,
            18.0543160807744,
            83.70395727853771,
            60.47050800284465,
            85.33047176432454,
            49.473817685471545,
            86.28816079262955,
            83.595184793078,
            33.425374344792985,
            47.77712976686472,
            0.0,
            86.22805468705013,
            88.8095860473785,
            108.70644269780374,
            70.5603418874891,
            53.38883463408372,
            71.85057678562274,
            100.29210861344401,
            31.440647223534015,
            104.98994290984555,
            21.74126042891586
        ],
        [
            69.15472647968191,
            68.174498449785,
            90.77440272726837,
            38.36996283076112,
            100.49044198861104,
            83.41783256969251,
            0.7804703868919678,
            65.49722105106319,
            60.87567538700989,
            45.643111393820945,
            86.22805468705013,
            0.0,
            24.92835635158453,
            58.53835042549108,
            17.400921709400976,
            67.30168154746053,
            34.11022444923831,
            15.73565084439782,
            71.24109272807219,
            50.154322967915874,
            69.15472647968191
        ],
        [
            68.34938890581182,
            71.60859392137945,
            70.68983498897329,
            29.505489672218868,
            81.03473449566793,
            71.6125687561663,
            25.708411541012204,
            43.53344941971723,
            57.54583043166817,
            59.30679921536506,
            88.8095860473785,
            24.92835635158453,
            0.0,
            33.9981261843772,
            35.1215628738637,
            54.50819095083936,
            55.90149754504755,
            22.741940041085538,
            65.82858202346334,
            25.88030243896812,
            68.34938890581182
        ],
        [
            86.97028359076839,
            93.87461808604041,
            58.42840292207322,
            50.147710363570326,
            68.85185060744925,
            75.73350648745274,
            59.30806302319389,
            33.027191433664214,
            75.2820126803778,
            89.82685701000544,
            108.70644269780374,
            58.53835042549108,
            33.9981261843772,
            0.0,
            68.58572716010998,
            60.70443898952617,
            89.65333157205734,
            51.33476245164631,
            79.74877413453957,
            8.535323319091724,
            86.97028359076839
        ],
        [
            55.408607825203106,
            52.64012300333584,
            89.26524810180145,
            33.46884191502869,
            98.01608611733728,
            75.36904534298291,
            17.162837757570916,
            67.284057940444,
            48.95110788364827,
            28.242194570836233,
            70.5603418874891,
            17.400921709400976,
            35.1215628738637,
            68.58572716010998,
            0.0,
            60.91914713559035,
            21.211443956921354,
            33.09484958495632,
            59.81985731122533,
            60.811555736764596,
            55.408607825203106
        ],
        [
            33.35294756094399,
            44.25925032372621,
            34.01466531384075,
            28.939764137753308,
            39.89969785713668,
            17.109375614093107,
            67.83052052310538,
            30.99632769996645,
            24.15683685540059,
            60.62293526609651,
            53.38883463408372,
            67.30168154746053,
            54.50819095083936,
            60.70443898952617,
            60.91914713559035,
            0.0,
            76.77318265458457,
            74.82845402235684,
            21.951797859737113,
            59.62023868273595,
            33.35294756094399
        ],
        [
            62.42423476007903,
            55.70103255915107,
            107.63607257059878,
            52.108416290817175,
            115.66698116698801,
            89.07859541216129,
            33.51522689069697,
            87.47040475057739,
            59.623630818460676,
            24.0805918382383,
            71.85057678562274,
            34.11022444923831,
            55.90149754504755,
            89.65333157205734,
            21.211443956921354,
            76.77318265458457,
            0.0,
            48.79791149254939,
            70.32455044212541,
            81.74583864323888,
            62.42423476007903
        ],
        [
            81.99759036432926,
            82.28829784537682,
            93.39513607340083,
            46.94145534603265,
            103.68837092377639,
            91.69272461487056,
            16.078003719173594,
            66.25504525366735,
            72.6604154949271,
            61.320378050609584,
            100.29210861344401,
            15.73565084439782,
            22.741940041085538,
            51.33476245164631,
            33.09484958495632,
            74.82845402235684,
            48.79791149254939,
            0.0,
            82.3857099438047,
            42.83343359835594,
            81.99759036432926
        ],
        [
            12.7857393599564,
            24.619252178079094,
            53.480127869650836,
            36.39021980735835,
            56.77020737525043,
            21.886751511069694,
            71.56789341434694,
            52.47975168235137,
            10.930582919756821,
            49.40282483905579,
            31.440647223534015,
            71.24109272807219,
            65.82858202346334,
            79.74877413453957,
            59.81985731122533,
            21.951797859737113,
            70.32455044212541,
            82.3857099438047,
            0.0,
            77.20168202007353,
            12.7857393599564
        ],
        [
            83.36284173274915,
            89.4216661991873,
            62.10519752816554,
            45.19051644981545,
            72.72336571511056,
            75.55934527336159,
            50.919948722865385,
            35.05139642317925,
            71.71425055185311,
            83.11927084933124,
            104.98994290984555,
            50.154322967915874,
            25.88030243896812,
            8.535323319091724,
            60.811555736764596,
            59.62023868273595,
            81.74583864323888,
            42.83343359835594,
            77.20168202007353,
            0.0,
            83.36284173274915
        ],
        [
            0.0,
            11.861477896411998,
            66.03173338423976,
            39.327410989970055,
            69.5516221221763,
            34.48812827305677,
            69.3497607585821,
            62.472941617970676,
            11.689466462884873,
            39.77638264840424,
            21.74126042891586,
            69.15472647968191,
            68.34938890581182,
            86.97028359076839,
            55.408607825203106,
            33.35294756094399,
            62.42423476007903,
            81.99759036432926,
            12.7857393599564,
            83.36284173274915,
            0.0
        ]
    ],
    "scores_ave": [
        0,
        13.701862930471478,
        19.533459373016182,
        19.229133991732667,
        19.165408782845493,
        16.418692830842723,
        15.490204308681879,
        10.994860967140546,
        15.52963042755153,
        14.463929058513738,
        19.318111214179325,
        13.668812116473084,
        10.074482038503193,
        18.6541161209245,
        11.916027418641717,
        19.251846455740065,
        13.40457746542429,
        14.32045026827135,
        15.628812664150145,
        16.48710731891908,
        0
    ],
    "scores_var": [
        0,
        279.4952492171644,
        355.0067787743802,
        358.8570577577828,
        21.3613306825288,
        226.9028691316823,
        353.15962770623196,
        318.29644460530665,
        19.76815494757988,
        19.533277248462596,
        310.5978273930044,
        16.3618735406831,
        244.85804187226964,
        24.01099311513661,
        23.459433896354458,
        24.623983942510407,
        24.170418305724013,
        273.29211966387976,
        362.2747336230913,
        16.98141617933563,
        0
    ],
    "vertex_number": 21,
    "minimum_distances": {
        "cost": 434.58227588432976,
        "path": [
            0,
            1,
            10,
            18,
            5,
            4,
            2,
            7,
            13,
            19,
            12,
            17,
            11,
            6,
            14,
            16,
            9,
            3,
            15,
            8,
            20
        ]
    }
}