{
    "vertices": [
        [
            62.57304860516878,
            74.87213764773347
        ],
        [
            36.69106602398324,
            87.56651247806181
        ],
        [
            97.76531854044647,
            34.884305470619516
        ],
        [
            13.74306458169955,
            17.33383227517027
        ],
        [
            6.728589343421243,
            6.844074875531203
        ],
        [
            23.946494034277787,
            56.2162523771285
        ],
        [
            27.33440515257024,
            60.036750365784656
        ],
        [
            3.6811056546500076,
            0.8946151926236046
        ],
        [
            38.652089179703,
            23.180282893911595
        ],
        [
            75.45135207825521,
            24.995407715502182
        ],
        [
            73.42372405002752,
            42.23737019876812
        ],
        [
            81.33704236206968,
            6.830572116470501
        ],
        [
            31.89494211907483,
            38.603685127352435
        ],
        [
            52.18239222187757,
            73.2311142268948
        ],
        [
            15.50665080580057,
            31.699171078188737
        ],
        [
            27.584320799719585,
            11.334604367333101
        ],
        [
            37.33697155460871,
            5.728612187558168
        ],
        [
            55.21737331237938,
            97.69408585725536
        ],
        [
            19.533498615772814,
            48.135140831492485
        ],
        [
            53.92405808736308,
            82.7869186020711
        ],
        [
            73.43239007344197,
            53.3233346032122
        ],
        [
            62.57304860516878,
            74.87213764773347
        ]
    ],
    "distances": [
        [
            0.0,
            28.82748991267997,
            53.26840137851407,
            75.4653822946561,
            88.01375434996324,
            42.89583631598754,
            38.234156302771666,
            94.55651629096454,
            56.958407173348846,
            51.51251196629462,
            34.391353623515734,
            70.58145720835017,
            47.50312480032501,
            10.51944380389816,
            63.86823032011611,
            72.53433124253506,
            73.60493664125875,
            23.978058284420197,
            50.66823326346987,
            11.723855787761917,
            24.13040011637036,
            0.0
        ],
        [
            28.82748991267997,
            0.0,
            80.65655122567365,
            73.88667091347862,
            86.10378587105022,
            33.84173346028474,
            29.076363332115687,
            92.74521692595528,
            64.41608628192316,
            73.60368826503331,
            58.343974028469866,
            92.25809053547229,
            49.197167262827314,
            21.1065115637125,
            59.74896888839456,
            76.77393192211947,
            81.84044915512688,
            21.1137823303886,
            43.00250212833151,
            17.883526863455106,
            50.224696354243136,
            28.82748991267997
        ],
        [
            53.26840137851407,
            80.65655122567365,
            0.0,
            85.835646847288,
            95.25723381832076,
            76.83925305658981,
            74.78742571351712,
            100.0356844307768,
            60.26075032665916,
            24.407035831640044,
            25.427952792789622,
            32.51000174252095,
            65.9753004913514,
            59.567448439180545,
            82.32031036491979,
            74.02675776999857,
            67.09425884721253,
            75.86432729121127,
            79.3460918160909,
            64.93624922134485,
            30.53013598287699,
            53.26840137851407
        ],
        [
            75.4653822946561,
            73.88667091347862,
            85.835646847288,
            0.0,
            12.618948972545299,
            40.19891249249047,
            44.81365586478208,
            19.27409857131394,
            25.58594323571679,
            62.18209134457818,
            64.66813214935623,
            68.40514824291004,
            27.962426548591075,
            67.83869131269812,
            14.473188843352627,
            15.085460191291833,
            26.29360339565893,
            90.4316794075216,
            31.340863662074185,
            76.80246577303951,
            69.6997837548963,
            75.4653822946561
        ],
        [
            88.01375434996324,
            86.10378587105022,
            95.25723381832076,
            12.618948972545299,
            0.0,
            52.288317559399914,
            57.04437194826484,
            6.6845513949606,
            35.86058468872025,
            71.07945555345576,
            75.50447898880053,
            74.60845424052405,
            40.52182319906442,
            80.45674110945001,
            26.35963145191279,
            21.33369142211387,
            30.628700896290024,
            102.98003042419288,
            43.23098228415241,
            89.41324165488045,
            81.30017599405024,
            88.01375434996324
        ],
        [
            42.89583631598754,
            33.84173346028474,
            76.83925305658981,
            40.19891249249047,
            52.288317559399914,
            0.0,
            5.10628501229371,
            58.916631836444516,
            36.16116436561732,
            60.228660482495094,
            51.41405874843852,
            75.71407037118372,
            19.3230523490622,
            32.96621710519928,
            25.929100044932035,
            45.028836445665966,
            52.23319538506145,
            51.94495703175368,
            9.20754540454499,
            40.05814087291292,
            49.57038309359335,
            42.89583631598754
        ],
        [
            38.234156302771666,
            29.076363332115687,
            74.78742571351712,
            44.81365586478208,
            57.04437194826484,
            5.10628501229371,
            0.0,
            63.69670894150472,
            38.55501480019497,
            59.52424948022184,
            49.406915009556045,
            75.81017233510688,
            21.912890793725655,
            28.133853257167488,
            30.706907574165037,
            48.70278721680291,
            55.22160090954019,
            46.85653454661483,
            14.23033563562726,
            34.99399659901787,
            46.58426950126054,
            38.234156302771666
        ],
        [
            94.55651629096454,
            92.74521692595528,
            100.0356844307768,
            19.27409857131394,
            6.6845513949606,
            58.916631836444516,
            63.69670894150472,
            0.0,
            41.46830926866633,
            75.7087608664668,
            81.07562033152344,
            77.8824761452057,
            47.095589213678785,
            87.0915833546012,
            32.996426797894436,
            26.083655193234232,
            34.00124757156771,
            109.66368772315668,
            49.829365089578296,
            96.07655086888201,
            87.25830789733112,
            94.55651629096454
        ],
        [
            56.958407173348846,
            64.41608628192316,
            60.26075032665916,
            25.58594323571679,
            35.86058468872025,
            36.16116436561732,
            38.55501480019497,
            41.46830926866633,
            0.0,
            36.84400124843549,
            39.651471197171134,
            45.709061144228386,
            16.838657097686376,
            51.84741861979063,
            24.66338933351075,
            16.21158834500813,
            17.501152670919364,
            76.3329252056825,
            31.436689390520183,
            61.53197587240127,
            46.024698767168374,
            56.958407173348846
        ],
        [
            51.51251196629462,
            73.60368826503331,
            24.407035831640044,
            62.18209134457818,
            71.07945555345576,
            60.228660482495094,
            59.52424948022184,
            75.7087608664668,
            36.84400124843549,
            0.0,
            17.360776068344542,
            19.094569973079697,
            45.63273016870744,
            53.554905241732236,
            60.318385703421505,
            49.77821040915047,
            42.707322704858555,
            75.46198844621135,
            60.516556284465764,
            61.67076387659483,
            28.39978255783526,
            51.51251196629462
        ],
        [
            34.391353623515734,
            58.343974028469866,
            25.427952792789622,
            64.66813214935623,
            75.50447898880053,
            51.41405874843852,
            49.406915009556045,
            81.07562033152344,
            39.651471197171134,
            17.360776068344542,
            0.0,
            36.28032465604871,
            41.68744890092043,
            37.57401158666205,
            58.86799651663142,
            55.28319660056615,
            51.33364507987624,
            58.36881460856101,
            54.21199217692538,
            44.994475753889,
            11.085967791607692,
            34.391353623515734
        ],
        [
            70.58145720835017,
            92.25809053547229,
            32.51000174252095,
            68.40514824291004,
            74.60845424052405,
            75.71407037118372,
            75.81017233510688,
            77.8824761452057,
            45.709061144228386,
            19.094569973079697,
            36.28032465604871,
            0.0,
            58.77118330304935,
            72.51913966226594,
            70.37107123506419,
            53.94109177497566,
            44.013867664027295,
            94.54319246030963,
            74.33535778036186,
            80.75170758743074,
            47.15994583810168,
            70.58145720835017
        ],
        [
            47.50312480032501,
            49.197167262827314,
            65.9753004913514,
            27.962426548591075,
            40.52182319906442,
            19.3230523490622,
            21.912890793725655,
            47.095589213678785,
            16.838657097686376,
            45.63273016870744,
            41.68744890092043,
            58.77118330304935,
            0.0,
            40.13277311272602,
            17.783374438610895,
            27.607684105251142,
            33.322456469684376,
            63.5264610629849,
            15.609418096947481,
            49.3704372132331,
            44.06844294111079,
            47.50312480032501
        ],
        [
            10.51944380389816,
            21.1065115637125,
            59.567448439180545,
            67.83869131269812,
            80.45674110945001,
            32.96621710519928,
            28.133853257167488,
            87.0915833546012,
            51.84741861979063,
            53.554905241732236,
            37.57401158666205,
            72.51913966226594,
            40.13277311272602,
            0.0,
            55.40769179569113,
            66.60512780923406,
            69.11565883617706,
            24.650519085965087,
            41.179583950854685,
            9.713227951800357,
            29.118415105163322,
            10.51944380389816
        ],
        [
            63.86823032011611,
            59.74896888839456,
            82.32031036491979,
            14.473188843352627,
            26.35963145191279,
            25.929100044932035,
            30.706907574165037,
            32.996426797894436,
            24.66338933351075,
            60.318385703421505,
            58.86799651663142,
            70.37107123506419,
            17.783374438610895,
            55.40769179569113,
            0.0,
            23.67669085414812,
            33.926874791049556,
            77.02123251864235,
            16.922074489145647,
            63.92069406148059,
            61.83037860032662,
            63.86823032011611
        ],
        [
            72.53433124253506,
            76.77393192211947,
            74.02675776999857,
            15.085460191291833,
            21.33369142211387,
            45.028836445665966,
            48.70278721680291,
            26.083655193234232,
            16.21158834500813,
            49.77821040915047,
            55.28319660056615,
            53.94109177497566,
            27.607684105251142,
            66.60512780923406,
            23.67669085414812,
            0.0,
            11.249059741442265,
            90.67273920189926,
            37.670880290848714,
            76.15257690900432,
            62.169919759876436,
            72.53433124253506
        ],
        [
            73.60493664125875,
            81.84044915512688,
            67.09425884721253,
            26.29360339565893,
            30.628700896290024,
            52.23319538506145,
            55.22160090954019,
            34.00124757156771,
            17.501152670919364,
            42.707322704858555,
            51.33364507987624,
            44.013867664027295,
            33.322456469684376,
            69.11565883617706,
            33.926874791049556,
            11.249059741442265,
            0.0,
            93.6875504766298,
            45.992144115193014,
            78.82330890744213,
            59.7338835157475,
            73.60493664125875
        ],
        [
            23.978058284420197,
            21.1137823303886,
            75.86432729121127,
            90.4316794075216,
            102.98003042419288,
            51.94495703175368,
            46.85653454661483,
            109.66368772315668,
            76.3329252056825,
            75.46198844621135,
            58.36881460856101,
            94.54319246030963,
            63.5264610629849,
            24.650519085965087,
            77.02123251864235,
            90.67273920189926,
            93.6875504766298,
            0.0,
            61.069042447296525,
            14.963164767030298,
            47.96405323212336,
            23.978058284420197
        ],
        [
            50.66823326346987,
            43.00250212833151,
            79.3460918160909,
            31.340863662074185,
            43.23098228415241,
            9.20754540454499,
            14.23033563562726,
            49.829365089578296,
            31.436689390520183,
            60.516556284465764,
            54.21199217692538,
            74.33535778036186,
            15.609418096947481,
            41.179583950854685,
            16.922074489145647,
            37.670880290848714,
            45.992144115193014,
            61.069042447296525,
            0.0,
            48.82065427081608,
            54.14801801523775,
            50.66823326346987
        ],
        [
            11.723855787761917,
            17.883526863455106,
            64.93624922134485,
            76.80246577303951,
            89.41324165488045,
            40.05814087291292,
            34.99399659901787,
            96.07655086888201,
            61.53197587240127,
            61.67076387659483,
            44.994475753889,
            80.75170758743074,
            49.3704372132331,
            9.713227951800357,
            63.92069406148059,
            76.15257690900432,
            78.82330890744213,
            14.963164767030298,
            48.82065427081608,
            0.0,
            35.33663536525347,
            11.723855787761917
        ],
        [
            24.13040011637036,
            50.224696354243136,
            30.53013598287699,
            69.6997837548963,
            81.30017599405024,
            49.57038309359335,
            46.58426950126054,
            87.25830789733112,
            46.024698767168374,
            28.39978255783526,
            11.085967791607692,
            47.15994583810168,
            44.06844294111079,
            29.118415105163322,
            61.83037860032662,
            62.169919759876436,
            59.7338835157475,
            47.96405323212336,
            54.14801801523775,
            35.33663536525347,
            0.0,
            24.13040011637036
        ],
        [
            0.0,
            28.82748991267997,
            53.26840137851407,
            75.4653822946561,
            88.01375434996324,
            42.89583631598754,
            38.234156302771666,
            94.55651629096454,
            56.958407173348846,
            51.51251196629462,
            34.391353623515734,
            70.58145720835017,
            47.50312480032501,
            10.51944380389816,
            63.86823032011611,
            72.53433124253506,
            73.60493664125875,
            23.978058284420197,
            50.66823326346987,
            11.723855787761917,
            24.13040011637036,
            0.0
        ]
    ],
    "scores_ave": [
        0,
        19.510288536172716,
        12.527123155180748,
        14.518579974159284,
        17.53730371503451,
        10.119994063060666,
        12.326352591966781,
        12.269500019335808,
        19.19155297722509,
        19.428168608550337,
        14.164528654055193,
        19.22817335119391,
        19.80044212081966,
        10.330486986967117,
        18.776991017013835,
        18.46047845627902,
        17.679188270910302,
        16.986960741465687,
        14.080120597611167,
        19.60778642016571,
        12.199603561333092,
        0
    ],
    "scores_var": [
        0,
        20.029274780136976,
        299.2189598305064,
        376.04337632481537,
        272.54461205446364,
        376.1027647681221,
        363.3652972089851,
        19.212248941885157,
        19.553600646171052,
        23.942380753305326,
        266.26940491550215,
        321.7267027323767,
        253.89969241196493,
        17.186730204978158,
        299.6880092694913,
        320.13243410430005,
        299.7771392156222,
        18.099135126336964,
        20.582451166181094,
        24.81323691083125,
        23.795817919752054,
        0
    ],
    "vertex_number": 22,
    "minimum_distances": {
        "cost": 387.38443378947113,
        "path": [
            0,
            13,
            19,
            17,
            1,
            6,
            5,
            18,
            14,
            3,
            4,
            7,
            15,
            16,
            8,
            12,
            10,
            9,
            11,
            2,
            20,
            21
        ]
    }
}