{
    "vertices": [
        [
            76.90671852983816,
            61.89130066680407
        ],
        [
            35.894403652021836,
            37.60618805733837
        ],
        [
            13.854663167898916,
            28.484768171783358
        ],
        [
            61.10642633421522,
            2.969590685907808
        ],
        [
            38.902803154091714,
            6.003247487980213
        ],
        [
            65.50021289857229,
            14.986567599766342
        ],
        [
            98.78302966385975,
            8.582372077213751
        ],
        [
            14.577104298234932,
            15.651928997608056
        ],
        [
            16.024571411766708,
            37.9820815858393
        ],
        [
            8.734670222072062,
            15.839945475768769
        ],
        [
            80.63806422844965,
            6.4951511858024835
        ],
        [
            37.734984238599786,
            75.80106121266351
        ],
        [
            85.20652808041531,
            14.665815363161283
        ],
        [
            22.420980592113725,
            8.1983397825934
        ],
        [
            27.607391083836607,
            2.2106975529223805
        ],
        [
            38.622387821992746,
            60.110153249705576
        ],
        [
            58.29389901594091,
            98.50943336585534
        ],
        [
            84.928580923932,
            92.75412328825807
        ],
        [
            66.16462329781947,
            43.603939103049015
        ],
        [
            26.15852850264441,
            97.73166238984167
        ],
        [
            76.90671852983816,
            61.89130066680407
        ]
    ],
    "distances": [
        [
            0.0,
            47.663158373019975,
            71.35515467508935,
            61.003419088932326,
            67.58529479114478,
            48.27175524886331,
            57.62304101835096,
            77.6083777863094,
            65.40861254275362,
            82.2688001942856,
            55.521674308723966,
            41.56809119777486,
            47.94927841730709,
            76.49594556008678,
            77.40928933057548,
            38.32574153058375,
            41.07705798401636,
            31.888306578322872,
            21.208965154793958,
            62.12817653427747,
            0.0
        ],
        [
            47.663158373019975,
            0.0,
            23.852682476738025,
            42.84086793236132,
            31.745807915289195,
            37.25790078342771,
            69.26298561067776,
            30.600927152632387,
            19.873387461644555,
            34.80546560679321,
            54.49671345136921,
            38.23919549685982,
            54.38700501948151,
            32.34740590992861,
            36.35265224647938,
            22.668708543075113,
            64.89177668755593,
            73.79461566379234,
            30.85869755856777,
            60.9086194937365,
            47.663158373019975
        ],
        [
            71.35515467508935,
            23.852682476738025,
            0.0,
            53.700590354868325,
            33.657511628523274,
            53.38037303790463,
            87.22919698115638,
            12.853158462302153,
            9.74204618504821,
            13.642062482592669,
            70.31049645966459,
            53.00095585525042,
            72.67772755955508,
            22.02092121147838,
            29.655763554741018,
            40.169704577801824,
            82.93551361328738,
            95.82302328918082,
            54.45109051656088,
            70.3314827159396,
            71.35515467508935
        ],
        [
            61.003419088932326,
            42.84086793236132,
            53.700590354868325,
            0.0,
            22.409907539248753,
            12.795041794434814,
            38.09238445419204,
            48.226751022439615,
            57.081066583119146,
            53.930018270780344,
            19.847278293758865,
            76.48952480384743,
            26.788366427947597,
            39.037206987451974,
            33.50763019811161,
            61.40501508774662,
            95.58123167874102,
            92.89110476207537,
            40.947962437809295,
            101.00101878925487,
            61.003419088932326
        ],
        [
            67.58529479114478,
            31.745807915289195,
            33.657511628523274,
            22.409907539248753,
            0.0,
            28.07351501587593,
            59.935744013968126,
            26.169384396658362,
            39.31996080763462,
            31.73132319817395,
            41.7381598323734,
            69.80758269532737,
            47.10705917635658,
            16.6273541234436,
            11.915106749281431,
            54.10763239938249,
            94.51671293689498,
            98.20431085972733,
            46.44371698605169,
            92.6094953922089,
            67.58529479114478
        ],
        [
            48.27175524886331,
            37.25790078342771,
            53.38037303790463,
            12.795041794434814,
            28.07351501587593,
            0.0,
            33.89335645997284,
            50.927455221240834,
            54.558526043273886,
            56.771956890324105,
            17.35680545494489,
            66.85290237479349,
            19.70892539037641,
            43.610781843618255,
            39.98860838460315,
            52.521952198624625,
            83.83316805152438,
            80.15768336155605,
            28.625083282595405,
            91.62160685628334,
            48.27175524886331
        ],
        [
            57.62304101835096,
            69.26298561067776,
            87.22919698115638,
            38.09238445419204,
            59.935744013968126,
            33.89335645997284,
            0.0,
            84.5021686214731,
            87.82542531325991,
            90.34035316398096,
            18.264617754055816,
            90.80317185722554,
            14.87715286802584,
            76.36301473382949,
            71.46026702663224,
            79.21120539030827,
            98.62173215187077,
            85.3043343085287,
            47.858861152405304,
            114.98658240055916,
            57.62304101835096
        ],
        [
            77.6083777863094,
            30.600927152632387,
            12.853158462302153,
            48.226751022439615,
            26.169384396658362,
            50.927455221240834,
            84.5021686214731,
            0.0,
            22.37701668360746,
            5.845458590253553,
            66.69255585742842,
            64.45312645292373,
            70.63630740563148,
            10.820461519725326,
            18.720445413094012,
            50.544132828526116,
            93.68310504314086,
            104.37470300723804,
            58.6735629177841,
            82.8927742348067,
            77.6083777863094
        ],
        [
            65.40861254275362,
            19.873387461644555,
            9.74204618504821,
            57.081066583119146,
            39.31996080763462,
            54.558526043273886,
            87.82542531325991,
            22.37701668360746,
            0.0,
            23.311303071094095,
            71.87718859268426,
            43.60753656337013,
            73.0054203403389,
            30.46285157704126,
            37.59991525503898,
            31.627722998525876,
            73.82585163484951,
            88.02124220382296,
            50.454237533430934,
            60.60288353349004,
            65.40861254275362
        ],
        [
            82.2688001942856,
            34.80546560679321,
            13.642062482592669,
            53.930018270780344,
            31.73132319817395,
            56.771956890324105,
            90.34035316398096,
            5.845458590253553,
            23.311303071094095,
            0.0,
            72.5080909275521,
            66.60595779260667,
            76.48087097979457,
            15.67511496337683,
            23.279518716427436,
            53.414669892082486,
            96.3865207726278,
            108.26496560113169,
            63.78901827445072,
            83.72481195270684,
            82.2688001942856
        ],
        [
            55.521674308723966,
            54.49671345136921,
            70.31049645966459,
            19.847278293758865,
            41.7381598323734,
            17.35680545494489,
            18.264617754055816,
            66.69255585742842,
            71.87718859268426,
            72.5080909275521,
            0.0,
            81.51063389071889,
            9.36112253236177,
            58.24199239823764,
            53.20346640119498,
            68.11670507448545,
            94.68838283630299,
            86.36561122163396,
            39.831427705514436,
            106.26439097639462,
            55.521674308723966
        ],
        [
            41.56809119777486,
            38.23919549685982,
            53.00095585525042,
            76.48952480384743,
            69.80758269532737,
            66.85290237479349,
            90.80317185722554,
            64.45312645292373,
            43.60753656337013,
            66.60595779260667,
            81.51063389071889,
            0.0,
            77.40197516733338,
            69.31555851636955,
            74.28398055221162,
            15.715981605417952,
            30.632321862206812,
            50.14620505917434,
            42.952288055223974,
            24.798499861866286,
            41.56809119777486
        ],
        [
            47.94927841730709,
            54.38700501948151,
            72.67772755955508,
            26.788366427947597,
            47.10705917635658,
            19.70892539037641,
            14.87715286802584,
            70.63630740563148,
            73.0054203403389,
            76.48087097979457,
            9.36112253236177,
            77.40197516733338,
            0.0,
            63.11777256677406,
            58.93038725833704,
            65.07895181671867,
            88.05703766845484,
            78.08880258543174,
            34.64114812379203,
            101.91467605990954,
            47.94927841730709
        ],
        [
            76.49594556008678,
            32.34740590992861,
            22.02092121147838,
            39.037206987451974,
            16.6273541234436,
            43.610781843618255,
            76.36301473382949,
            10.820461519725326,
            30.46285157704126,
            15.67511496337683,
            58.24199239823764,
            69.31555851636955,
            63.11777256677406,
            0.0,
            7.92153477927055,
            54.38126491423885,
            97.17489336473312,
            105.15170290346781,
            56.27666248459561,
            89.61130018852035,
            76.49594556008678
        ],
        [
            77.40928933057548,
            36.35265224647938,
            29.655763554741018,
            33.50763019811161,
            11.915106749281431,
            39.98860838460315,
            71.46026702663224,
            18.720445413094012,
            37.59991525503898,
            23.279518716427436,
            53.20346640119498,
            74.28398055221162,
            58.93038725833704,
            7.92153477927055,
            0.0,
            58.937909049484865,
            101.06981887901135,
            107.16263690566086,
            56.569078143718485,
            95.53195238324793,
            77.40928933057548
        ],
        [
            38.32574153058375,
            22.668708543075113,
            40.169704577801824,
            61.40501508774662,
            54.10763239938249,
            52.521952198624625,
            79.21120539030827,
            50.544132828526116,
            31.627722998525876,
            53.414669892082486,
            68.11670507448545,
            15.715981605417952,
            65.07895181671867,
            54.38126491423885,
            58.937909049484865,
            0.0,
            43.1447918767974,
            56.65591142565796,
            32.10965338432001,
            39.63238245568705,
            38.32574153058375
        ],
        [
            41.07705798401636,
            64.89177668755593,
            82.93551361328738,
            95.58123167874102,
            94.51671293689498,
            83.83316805152438,
            98.62173215187077,
            93.68310504314086,
            73.82585163484951,
            96.3865207726278,
            94.68838283630299,
            30.632321862206812,
            88.05703766845484,
            97.17489336473312,
            101.06981887901135,
            43.1447918767974,
            0.0,
            27.249401359097064,
            55.46676122656173,
            32.144781313892544,
            41.07705798401636
        ],
        [
            31.888306578322872,
            73.79461566379234,
            95.82302328918082,
            92.89110476207537,
            98.20431085972733,
            80.15768336155605,
            85.3043343085287,
            104.37470300723804,
            88.02124220382296,
            108.26496560113169,
            86.36561122163396,
            50.14620505917434,
            78.08880258543174,
            105.15170290346781,
            107.16263690566086,
            56.65591142565796,
            27.249401359097064,
            0.0,
            52.61013886347879,
            58.98046250334669,
            31.888306578322872
        ],
        [
            21.208965154793958,
            30.85869755856777,
            54.45109051656088,
            40.947962437809295,
            46.44371698605169,
            28.625083282595405,
            47.858861152405304,
            58.6735629177841,
            50.454237533430934,
            63.78901827445072,
            39.831427705514436,
            42.952288055223974,
            34.64114812379203,
            56.27666248459561,
            56.569078143718485,
            32.10965338432001,
            55.46676122656173,
            52.61013886347879,
            0.0,
            67.30748880304576,
            21.208965154793958
        ],
        [
            62.12817653427747,
            60.9086194937365,
            70.3314827159396,
            101.00101878925487,
            92.6094953922089,
            91.62160685628334,
            114.98658240055916,
            82.8927742348067,
            60.60288353349004,
            83.72481195270684,
            106.26439097639462,
            24.798499861866286,
            101.91467605990954,
            89.61130018852035,
            95.53195238324793,
            39.63238245568705,
            32.144781313892544,
            58.98046250334669,
            67.30748880304576,
            0.0,
            62.12817653427747
        ],
        [
            0.0,
            47.663158373019975,
            71.35515467508935,
            61.003419088932326,
            67.58529479114478,
            48.27175524886331,
            57.62304101835096,
            77.6083777863094,
            65.40861254275362,
            82.2688001942856,
            55.521674308723966,
            41.56809119777486,
            47.94927841730709,
            76.49594556008678,
            77.40928933057548,
            38.32574153058375,
            41.07705798401636,
            31.888306578322872,
            21.208965154793958,
            62.12817653427747,
            0.0
        ]
    ],
    "scores_ave": [
        0,
        12.781146104050858,
        16.052310955883172,
        10.945300788907257,
        15.414527005835549,
        11.520092403122211,
        16.018567206912678,
        19.668686915741457,
        16.306335354176078,
        19.77890594102781,
        13.51160571470659,
        10.493931644365652,
        17.702541776802747,
        19.22121089205615,
        18.85791415113938,
        16.460639432706806,
        13.683679357918656,
        13.21275776584439,
        13.79374253474063,
        16.94328110481784,
        0
    ],
    "scores_var": [
        0,
        23.47520300070792,
        387.8089887340899,
        22.896875280492473,
        18.134106041005403,
        22.92122704059488,
        363.1701083021551,
        370.9645759961894,
        251.20910304821965,
        16.442203246249086,
        19.129684449124944,
        380.982895559068,
        331.1864853532897,
        379.672072052063,
        23.680665680581953,
        16.89443232496274,
        19.905181037972298,
        352.63009697673965,
        22.864836711026747,
        275.8698078577453,
        0
    ],
    "vertex_number": 21,
    "minimum_distances": {
        "cost": 375.7793757187842,
        "path": [
            0,
            17,
            16,
            19,
            11,
            15,
            1,
            8,
            2,
            9,
            7,
            13,
            14,
            4,
            3,
            5,
            10,
            6,
            12,
            18,
            20
        ]
    }
}