{
    "vertices": [
        [
            54.316791722694276,
            98.01998157075082
        ],
        [
            12.729254179484517,
            10.636784625309181
        ],
        [
            22.596216875540343,
            19.267035601925663
        ],
        [
            5.242823069132497,
            93.0005800358578
        ],
        [
            6.821786607631008,
            23.23028571749517
        ],
        [
            32.785837140482265,
            77.20805322447025
        ],
        [
            56.386790278366774,
            59.71091774392938
        ],
        [
            84.30526239425765,
            68.49956985965005
        ],
        [
            34.05036707587284,
            80.38404245350907
        ],
        [
            70.53136113973359,
            84.72572848257458
        ],
        [
            71.39382625618713,
            52.538577369573844
        ],
        [
            74.27021552496699,
            58.992979718196445
        ],
        [
            24.582297420090793,
            15.823263054248383
        ],
        [
            5.406679246894964,
            34.38283658908914
        ],
        [
            35.53878571723968,
            27.8529823425284
        ],
        [
            83.35659914757458,
            21.188568560673904
        ],
        [
            39.75418319902655,
            92.74126770095805
        ],
        [
            75.54585342304888,
            52.2242075975545
        ],
        [
            71.9979444067697,
            38.96235517393942
        ],
        [
            12.481860133559131,
            77.77579725979422
        ],
        [
            5.889650729091689,
            62.940421789941325
        ],
        [
            44.22164452738049,
            74.47408966048029
        ],
        [
            54.316791722694276,
            98.01998157075082
        ]
    ],
    "distances": [
        [
            0.0,
            96.77471977388373,
            84.90124479300988,
            49.32999889701246,
            88.59612924220995,
            29.945256163739742,
            38.36494839443897,
            42.08043584389439,
            26.865485599786744,
            20.96781883154445,
            48.581717101898995,
            43.832020202500196,
            87.40961438144372,
            80.2613563541781,
            72.63622574331801,
            82.13632838396875,
            15.489815593890796,
            50.47698460171276,
            61.64759845981789,
            46.47567642846739,
            59.79768807595868,
            25.61876309943934,
            0.0
        ],
        [
            96.77471977388373,
            0.0,
            13.108706448950139,
            82.70333394247632,
            13.910227994946398,
            69.52697550572033,
            65.68295821268454,
            92.03926807095289,
            72.93332454848007,
            93.96943743009798,
            72.09224821106598,
            78.26628601886985,
            12.93809076168249,
            24.849448434722383,
            28.57747701967813,
            71.41121761642367,
            86.4377980378422,
            75.33550882551341,
            65.68953941201993,
            67.13946843211899,
            52.7489396671451,
            71.18266758121483,
            96.77471977388373
        ],
        [
            84.90124479300988,
            13.108706448950139,
            0.0,
            75.74810790634258,
            16.264685725697127,
            58.83017834648929,
            52.70209154870505,
            78.94205931104871,
            62.18107496102226,
            81.13333796456385,
            59.061003825388404,
            65.17938916827939,
            3.975435232723265,
            22.890339520639436,
            15.531534684460302,
            60.790758695341914,
            75.45103439251423,
            62.3685753922816,
            53.183045194061364,
            59.376556005222554,
            46.75974779159123,
            59.29146598751919,
            84.90124479300988
        ],
        [
            49.32999889701246,
            82.70333394247632,
            75.74810790634258,
            0.0,
            69.78815870279752,
            31.749354752860185,
            61.02382319561657,
            82.77178753472545,
            31.449190963633697,
            65.8108377976242,
            77.54436718692132,
            76.94996938672293,
            79.5635188051106,
            58.617972462702774,
            71.84744141573452,
            106.10714870047605,
            34.512334329950384,
            81.27255764506805,
            85.88583102601918,
            16.85816325103256,
            30.06711658591871,
            43.15761077611838,
            49.32999889701246
        ],
        [
            88.59612924220995,
            13.910227994946398,
            16.264685725697127,
            69.78815870279752,
            0.0,
            59.89767362017918,
            61.54288018876064,
            89.73849289307188,
            63.308352556001445,
            88.5471590054401,
            70.91208827793754,
            76.34304713334882,
            19.243173570213216,
            11.241971347850905,
            29.08668702255998,
            76.56204111354897,
            76.91761411769258,
            74.58984425266621,
            67.04796458387543,
            54.838392224152514,
            39.72107481159403,
            63.44034059622115,
            88.59612924220995
        ],
        [
            29.945256163739742,
            69.52697550572033,
            58.83017834648929,
            31.749354752860185,
            59.89767362017918,
            0.0,
            29.37949521419697,
            52.25025225771354,
            3.418470936028196,
            38.48688118390956,
            45.81658938107137,
            45.30720199687971,
            61.93052985552608,
            50.82929732771551,
            49.431788837020406,
            75.46909719862353,
            17.024646802920753,
            49.523848142030715,
            54.775202196205626,
            20.311913144440858,
            30.44618449375601,
            11.758071583361819,
            29.945256163739742
        ],
        [
            38.36494839443897,
            65.68295821268454,
            52.70209154870505,
            61.02382319561657,
            61.54288018876064,
            29.37949521419697,
            0.0,
            29.26912180604225,
            30.435076585064536,
            28.73690381969614,
            16.632907000437562,
            17.897830414872388,
            54.20011070221911,
            56.92524409932176,
            38.07318403050385,
            47.0249080492271,
            36.98172030259683,
            20.56989376243224,
            25.965573013926345,
            47.476128348288384,
            50.600304337446126,
            19.129610978281214,
            38.36494839443897
        ],
        [
            42.08043584389439,
            92.03926807095289,
            78.94205931104871,
            82.77178753472545,
            89.73849289307188,
            52.25025225771354,
            29.26912180604225,
            0.0,
            51.64102237849288,
            21.283998201129588,
            20.5294535829803,
            13.823075699222779,
            79.6343257895888,
            85.9589315412651,
            63.484756629266265,
            47.32051147089738,
            50.71941020643902,
            18.482820734058333,
            31.998705089970503,
            72.41995241010103,
            78.61241810352267,
            40.52642728082932,
            42.08043584389439
        ],
        [
            26.865485599786744,
            72.93332454848007,
            62.18107496102226,
            31.449190963633697,
            63.308352556001445,
            3.418470936028196,
            30.435076585064536,
            51.64102237849288,
            0.0,
            36.73844261073713,
            46.58222696793762,
            45.55451431213136,
            65.25134925537358,
            54.1901447998128,
            52.55214235818967,
            77.04030536352928,
            13.610089425971406,
            50.14829694319945,
            56.17628327302243,
            21.72564002995473,
            33.125607119241074,
            11.763606037749504,
            26.865485599786744
        ],
        [
            20.96781883154445,
            93.96943743009798,
            81.13333796456385,
            65.8108377976242,
            88.5471590054401,
            38.48688118390956,
            28.73690381969614,
            21.283998201129588,
            36.73844261073713,
            0.0,
            32.19870405541571,
            26.00294966123235,
            82.81827213129648,
            82.31422086032634,
            66.77566613826524,
            64.8186502551461,
            31.803829186992367,
            32.88607596991202,
            45.78686714620964,
            58.46405828427605,
            68.21400378591908,
            28.23645315476077,
            20.96781883154445
        ],
        [
            48.581717101898995,
            72.09224821106598,
            59.061003825388404,
            77.54436718692132,
            70.91208827793754,
            45.81658938107137,
            16.632907000437562,
            20.5294535829803,
            46.58222696793762,
            32.19870405541571,
            0.0,
            7.066323294575255,
            59.49229813384099,
            68.43927595842968,
            43.531167384861796,
            33.55489513571781,
            51.159782277348505,
            4.1639113760883,
            13.589656649271902,
            64.09006959132596,
            66.32492275781449,
            34.921256554823465,
            48.581717101898995
        ],
        [
            43.832020202500196,
            78.26628601886985,
            65.17938916827939,
            76.94996938672293,
            76.34304713334882,
            45.30720199687971,
            17.897830414872388,
            13.823075699222779,
            45.55451431213136,
            26.00294966123235,
            7.066323294575255,
            0.0,
            65.82183256672849,
            73.12896672014783,
            49.69731473135666,
            38.88104770070125,
            48.27321647966682,
            6.887926253104225,
            20.159095606390316,
            64.58014475654164,
            68.49440809812639,
            33.80209141520797,
            43.832020202500196
        ],
        [
            87.40961438144372,
            12.93809076168249,
            3.975435232723265,
            79.5635188051106,
            19.243173570213216,
            61.93052985552608,
            54.20011070221911,
            79.6343257895888,
            65.25134925537358,
            82.81827213129648,
            59.49229813384099,
            65.82183256672849,
            0.0,
            26.68636547226616,
            16.271409956127858,
            59.01868387833283,
            78.40003543953486,
            62.62837060080274,
            52.760412842290194,
            63.12318969296951,
            50.689660559516525,
            61.85162420175309,
            87.40961438144372
        ],
        [
            80.2613563541781,
            24.849448434722383,
            22.890339520639436,
            58.617972462702774,
            11.241971347850905,
            50.82929732771551,
            56.92524409932176,
            85.9589315412651,
            54.1901447998128,
            82.31422086032634,
            68.43927595842968,
            73.12896672014783,
            26.68636547226616,
            0.0,
            30.831523426868117,
            79.05870427301492,
            67.71600630264933,
            72.37277301288492,
            66.748547445332,
            43.96597798694322,
            28.561668963079647,
            55.80242022134548,
            80.2613563541781
        ],
        [
            72.63622574331801,
            28.57747701967813,
            15.531534684460302,
            71.84744141573452,
            29.08668702255998,
            49.431788837020406,
            38.07318403050385,
            63.484756629266265,
            52.55214235818967,
            66.77566613826524,
            43.531167384861796,
            49.69731473135666,
            16.271409956127858,
            30.831523426868117,
            0.0,
            48.279992671023564,
            65.02506557233487,
            46.8457264523502,
            38.11414982727052,
            54.99008334813615,
            45.93690904404965,
            47.422776011836625,
            72.63622574331801
        ],
        [
            82.13632838396875,
            71.41121761642367,
            60.790758695341914,
            106.10714870047605,
            76.56204111354897,
            75.46909719862353,
            47.0249080492271,
            47.32051147089738,
            77.04030536352928,
            64.8186502551461,
            33.55489513571781,
            38.88104770070125,
            59.01868387833283,
            79.05870427301492,
            48.279992671023564,
            0.0,
            83.79116558928045,
            32.00341605517673,
            21.09328158667365,
            90.69367718948962,
            88.00196216761407,
            66.11271762681189,
            82.13632838396875
        ],
        [
            15.489815593890796,
            86.4377980378422,
            75.45103439251423,
            34.512334329950384,
            76.91761411769258,
            17.024646802920753,
            36.98172030259683,
            50.71941020643902,
            13.610089425971406,
            31.803829186992367,
            51.159782277348505,
            48.27321647966682,
            78.40003543953486,
            67.71600630264933,
            65.02506557233487,
            83.79116558928045,
            0.0,
            54.06177778105324,
            62.7043185866068,
            31.108598665201466,
            45.109832369666755,
            18.80553121511995,
            15.489815593890796
        ],
        [
            50.47698460171276,
            75.33550882551341,
            62.3685753922816,
            81.27255764506805,
            74.58984425266621,
            49.523848142030715,
            20.56989376243224,
            18.482820734058333,
            50.14829694319945,
            32.88607596991202,
            4.1639113760883,
            6.887926253104225,
            62.62837060080274,
            72.37277301288492,
            46.8457264523502,
            32.00341605517673,
            54.06177778105324,
            0.0,
            13.728233247346152,
            68.04374316485156,
            70.47569666458618,
            38.42217217640847,
            50.47698460171276
        ],
        [
            61.64759845981789,
            65.68953941201993,
            53.183045194061364,
            85.88583102601918,
            67.04796458387543,
            54.775202196205626,
            25.965573013926345,
            31.998705089970503,
            56.17628327302243,
            45.78686714620964,
            13.589656649271902,
            20.159095606390316,
            52.760412842290194,
            66.748547445332,
            38.11414982727052,
            21.09328158667365,
            62.7043185866068,
            13.728233247346152,
            0.0,
            71.05383574282185,
            70.32250117576557,
            45.084433247323105,
            61.64759845981789
        ],
        [
            46.47567642846739,
            67.13946843211899,
            59.376556005222554,
            16.85816325103256,
            54.838392224152514,
            20.311913144440858,
            47.476128348288384,
            72.41995241010103,
            21.72564002995473,
            58.46405828427605,
            64.09006959132596,
            64.58014475654164,
            63.12318969296951,
            43.96597798694322,
            54.99008334813615,
            90.69367718948962,
            31.108598665201466,
            68.04374316485156,
            71.05383574282185,
            0.0,
            16.234087290755273,
            31.911051164724004,
            46.47567642846739
        ],
        [
            59.79768807595868,
            52.7489396671451,
            46.75974779159123,
            30.06711658591871,
            39.72107481159403,
            30.44618449375601,
            50.600304337446126,
            78.61241810352267,
            33.125607119241074,
            68.21400378591908,
            66.32492275781449,
            68.49440809812639,
            50.689660559516525,
            28.561668963079647,
            45.93690904404965,
            88.00196216761407,
            45.109832369666755,
            70.47569666458618,
            70.32250117576557,
            16.234087290755273,
            0.0,
            40.02957960183886,
            59.79768807595868
        ],
        [
            25.61876309943934,
            71.18266758121483,
            59.29146598751919,
            43.15761077611838,
            63.44034059622115,
            11.758071583361819,
            19.129610978281214,
            40.52642728082932,
            11.763606037749504,
            28.23645315476077,
            34.921256554823465,
            33.80209141520797,
            61.85162420175309,
            55.80242022134548,
            47.422776011836625,
            66.11271762681189,
            18.80553121511995,
            38.42217217640847,
            45.084433247323105,
            31.911051164724004,
            40.02957960183886,
            0.0,
            25.61876309943934
        ],
        [
            0.0,
            96.77471977388373,
            84.90124479300988,
            49.32999889701246,
            88.59612924220995,
            29.945256163739742,
            38.36494839443897,
            42.08043584389439,
            26.865485599786744,
            20.96781883154445,
            48.581717101898995,
            43.832020202500196,
            87.40961438144372,
            80.2613563541781,
            72.63622574331801,
            82.13632838396875,
            15.489815593890796,
            50.47698460171276,
            61.64759845981789,
            46.47567642846739,
            59.79768807595868,
            25.61876309943934,
            0.0
        ]
    ],
    "scores_ave": [
        0,
        18.530987098694926,
        15.234663984981772,
        10.155292731625998,
        10.16239754226581,
        12.98903669389826,
        15.18828760475031,
        19.49533354334457,
        18.12349016417329,
        18.072246589955412,
        14.29363608277744,
        11.34707385687459,
        16.36667441235614,
        14.54546044169355,
        11.158050198559195,
        13.861940250923166,
        13.955391040953762,
        15.563173317927589,
        14.823135398057234,
        18.532889884937532,
        12.194405325195365,
        14.617627268219794,
        0
    ],
    "scores_var": [
        0,
        244.64626499320866,
        393.1354404238781,
        21.792300219349787,
        19.252902258510876,
        21.979326966667777,
        392.7647549176678,
        255.53075589291146,
        238.81102883014523,
        349.96860246859654,
        20.10134756331823,
        24.95742908510396,
        358.6816640045845,
        21.402783640628797,
        384.7751899221301,
        358.2724436847195,
        20.14689339364896,
        22.494868397961422,
        23.428332364364426,
        18.372660117517295,
        24.560982504103734,
        300.07580582757834,
        0
    ],
    "vertex_number": 23,
    "minimum_distances": {
        "cost": 396.4386952837363,
        "path": [
            0,
            16,
            8,
            5,
            3,
            19,
            20,
            13,
            4,
            1,
            12,
            2,
            14,
            21,
            6,
            18,
            15,
            17,
            10,
            11,
            7,
            9,
            22
        ]
    }
}