{
    "vertices": [
        [
            59.027083110580826,
            17.02535162065456
        ],
        [
            22.98922625188776,
            41.25864516689145
        ],
        [
            43.30066424661572,
            62.45894001907828
        ],
        [
            86.50556168298922,
            94.6106352380678
        ],
        [
            84.41694031219639,
            8.928530592525874
        ],
        [
            86.87658866553258,
            88.5044768161562
        ],
        [
            25.93841868985216,
            84.68735230724018
        ],
        [
            53.290824051392796,
            28.88925194008145
        ],
        [
            30.254595868423195,
            28.980680807714222
        ],
        [
            38.21176433681993,
            83.63496762887033
        ],
        [
            49.86322926508363,
            39.04820891739128
        ],
        [
            90.03968586204545,
            61.29410216781318
        ],
        [
            44.65838300844944,
            59.72646214488314
        ],
        [
            86.85801439655211,
            4.780645796228811
        ],
        [
            77.82974087723088,
            5.953945909977632
        ],
        [
            59.027083110580826,
            17.02535162065456
        ]
    ],
    "distances": [
        [
            0.0,
            43.42786712544995,
            48.07838604864206,
            82.30761215494445,
            26.64964088838678,
            76.7128431122813,
            75.31936039332189,
            13.177890528586666,
            31.157437604384032,
            69.786233889036,
            23.8533532404579,
            54.05093712810822,
            45.05379431998348,
            30.405485639456263,
            21.82008165658816,
            0.0
        ],
        [
            43.42786712544995,
            0.0,
            29.359955981461177,
            82.9503448525146,
            69.41613906770272,
            79.45919509032963,
            43.52873005175229,
            32.72901950872377,
            14.26653442396234,
            45.0275290366774,
            26.964756004206027,
            69.97988047409892,
            28.47125951680117,
            73.55179492815985,
            65.22195821955673,
            43.42786712544995
        ],
        [
            48.07838604864206,
            29.359955981461177,
            0.0,
            53.85531234653038,
            67.49853991661872,
            50.766437495761856,
            28.205493855379714,
            35.02466631741301,
            35.93040133301822,
            21.77891291186488,
            24.313156733281545,
            46.75353450582477,
            3.051202315350664,
            72.2774403015336,
            66.21987233627374,
            48.07838604864206
        ],
        [
            82.30761215494445,
            82.9503448525146,
            53.85531234653038,
            0.0,
            85.70755740143414,
            6.1174203464579096,
            61.37467192968422,
            73.63775538768566,
            86.43761955075905,
            49.52530809172675,
            66.55707132728199,
            33.503453695617104,
            54.48019727767261,
            89.83068087260723,
            89.0801797779457,
            82.30761215494445
        ],
        [
            26.64964088838678,
            69.41613906770272,
            67.49853991661872,
            85.70755740143414,
            0.0,
            79.61395033163582,
            95.70337799020915,
            36.9765535197079,
            57.75507149937923,
            87.84059438312565,
            45.83834606004812,
            52.66657719963283,
            64.50715254042224,
            4.812877618292974,
            7.227679463677162,
            26.64964088838678
        ],
        [
            76.7128431122813,
            79.45919509032963,
            50.766437495761856,
            6.1174203464579096,
            79.61395033163582,
            0.0,
            61.05760394497549,
            68.42498536164524,
            82.1531031645824,
            48.90784442877772,
            61.77306215965992,
            27.393606414230604,
            51.09355162174356,
            83.72383308029335,
            83.04478073784433,
            76.7128431122813
        ],
        [
            75.31936039332189,
            43.52873005175229,
            28.205493855379714,
            61.37467192968422,
            95.70337799020915,
            61.05760394497549,
            0.0,
            62.14162923230735,
            55.873630945132916,
            12.318381666485674,
            51.529874543024995,
            68.23647562093683,
            31.200690726117063,
            100.48024127411658,
            94.29559163222237,
            75.31936039332189
        ],
        [
            13.177890528586666,
            32.72901950872377,
            35.02466631741301,
            73.63775538768566,
            36.9765535197079,
            68.42498536164524,
            62.14162923230735,
            0.0,
            23.036409619028735,
            56.784429451684716,
            10.721604958492259,
            48.995440223149025,
            32.02268838768879,
            41.32772868024041,
            33.58849061330258,
            13.177890528586666
        ],
        [
            31.157437604384032,
            14.26653442396234,
            35.93040133301822,
            86.43761955075905,
            57.75507149937923,
            82.1531031645824,
            55.873630945132916,
            23.036409619028735,
            0.0,
            55.23049518122796,
            22.042087603577045,
            67.95891542351754,
            33.952498494340446,
            61.55963518107987,
            52.854753264580836,
            31.157437604384032
        ],
        [
            69.786233889036,
            45.0275290366774,
            21.77891291186488,
            49.52530809172675,
            87.84059438312565,
            48.90784442877772,
            12.318381666485674,
            56.784429451684716,
            55.23049518122796,
            0.0,
            46.08400685021011,
            56.43799889413152,
            24.76238128240593,
            92.65237026951765,
            87.20048853330829,
            69.786233889036
        ],
        [
            23.8533532404579,
            26.964756004206027,
            24.313156733281545,
            66.55707132728199,
            45.83834606004812,
            61.77306215965992,
            51.529874543024995,
            10.721604958492259,
            22.042087603577045,
            46.08400685021011,
            0.0,
            45.92414867144217,
            21.323240398576306,
            50.426976998293036,
            43.32846657517704,
            23.8533532404579
        ],
        [
            54.05093712810822,
            69.97988047409892,
            46.75353450582477,
            33.503453695617104,
            52.66657719963283,
            27.393606414230604,
            68.23647562093683,
            48.995440223149025,
            67.95891542351754,
            56.43799889413152,
            45.92414867144217,
            0.0,
            45.4083708574894,
            56.602948548439635,
            56.67111831589221,
            54.05093712810822
        ],
        [
            45.05379431998348,
            28.47125951680117,
            3.051202315350664,
            54.48019727767261,
            64.50715254042224,
            51.09355162174356,
            31.200690726117063,
            32.02268838768879,
            33.952498494340446,
            24.76238128240593,
            21.323240398576306,
            45.4083708574894,
            0.0,
            69.28096147941214,
            63.18087119605067,
            45.05379431998348
        ],
        [
            30.405485639456263,
            73.55179492815985,
            72.2774403015336,
            89.83068087260723,
            4.812877618292974,
            83.72383308029335,
            100.48024127411658,
            41.32772868024041,
            61.55963518107987,
            92.65237026951765,
            50.426976998293036,
            56.602948548439635,
            69.28096147941214,
            0.0,
            9.104194412280528,
            30.405485639456263
        ],
        [
            21.82008165658816,
            65.22195821955673,
            66.21987233627374,
            89.0801797779457,
            7.227679463677162,
            83.04478073784433,
            94.29559163222237,
            33.58849061330258,
            52.854753264580836,
            87.20048853330829,
            43.32846657517704,
            56.67111831589221,
            63.18087119605067,
            9.104194412280528,
            0.0,
            21.82008165658816
        ],
        [
            0.0,
            43.42786712544995,
            48.07838604864206,
            82.30761215494445,
            26.64964088838678,
            76.7128431122813,
            75.31936039332189,
            13.177890528586666,
            31.157437604384032,
            69.786233889036,
            23.8533532404579,
            54.05093712810822,
            45.05379431998348,
            30.405485639456263,
            21.82008165658816,
            0.0
        ]
    ],
    "scores_ave": [
        0,
        16.236015505415658,
        10.007467769552834,
        18.581360207261362,
        13.00306039725684,
        10.294147732164125,
        15.027962000161441,
        18.810844225970616,
        15.997512734740319,
        17.351857565209407,
        11.143519200643809,
        14.570839524081963,
        12.622621077780783,
        14.218418350407411,
        14.718818133688409,
        0
    ],
    "scores_var": [
        0,
        22.961758074240628,
        359.71706901130773,
        23.36725696261796,
        375.87896129635874,
        20.77613436661556,
        21.41888797923284,
        23.41518949189364,
        286.89638128345933,
        24.28119956233973,
        314.5309730951596,
        372.4307610755418,
        20.311138458890643,
        356.0617035752467,
        16.617435105544317,
        0
    ],
    "vertex_number": 16,
    "minimum_distances": {
        "cost": 303.6945206078453,
        "path": [
            0,
            14,
            13,
            4,
            11,
            5,
            3,
            9,
            6,
            2,
            12,
            1,
            8,
            10,
            7,
            15
        ]
    }
}