{
    "vertices": [
        [
            11.425442577010791,
            40.40591750581019
        ],
        [
            56.873540854871166,
            28.309019207201093
        ],
        [
            4.150524656982757,
            84.1336834244721
        ],
        [
            66.7131832307866,
            36.886131251445335
        ],
        [
            64.19708204222457,
            23.906177726604138
        ],
        [
            63.71597185900787,
            54.12569181931776
        ],
        [
            85.59064950759817,
            52.41053591506737
        ],
        [
            66.41844559507409,
            62.35633124386537
        ],
        [
            79.09704715337595,
            70.02569163686591
        ],
        [
            97.11070774476038,
            7.53635227025975
        ],
        [
            19.301001201746026,
            30.579404406199696
        ],
        [
            13.576912031604637,
            74.73351398132344
        ],
        [
            58.681375438659735,
            7.579492924521092
        ],
        [
            20.01265812190495,
            94.33620600104521
        ],
        [
            32.099114331787135,
            86.16321295211318
        ],
        [
            96.15425012282807,
            24.094790037245374
        ],
        [
            58.75717230490416,
            98.44768606873474
        ],
        [
            72.22693799255161,
            94.19900435730574
        ],
        [
            63.18002085356087,
            8.138556776127615
        ],
        [
            54.35992962277672,
            1.6149389584210083
        ],
        [
            24.896644239959898,
            55.13260122533382
        ],
        [
            11.425442577010791,
            40.40591750581019
        ]
    ],
    "distances": [
        [
            0.0,
            47.03046444083821,
            44.32879361070449,
            55.399667524955326,
            55.29093365668572,
            54.06044450247312,
            75.1304783840002,
            59.21191640385,
            73.87000125568352,
            91.77348737866326,
            12.593045038768745,
            34.3949516731703,
            57.53865953787709,
            54.60967211029335,
            50.210863270655864,
            86.28455080390646,
            74.89418893977316,
            81.18200562796274,
            60.989498612818664,
            57.86285677830857,
            19.95866948518175,
            0.0
        ],
        [
            47.03046444083821,
            0.0,
            76.78612877319615,
            13.053176360772511,
            8.545131281971438,
            26.708040864271307,
            37.4907380161032,
            35.35993019537133,
            47.266954532777326,
            45.28281452160292,
            37.641073110865115,
            63.48095606157982,
            20.808208134932304,
            75.6195349877442,
            62.9355221112967,
            39.50612418462056,
            70.16395553667675,
            67.65513244941839,
            21.133368038654414,
            26.812164436211088,
            41.737590603725764,
            47.03046444083821
        ],
        [
            44.32879361070449,
            76.78612877319615,
            0.0,
            78.39909077384277,
            85.04670185495645,
            66.69724177619533,
            87.40052644914262,
            65.96625687387886,
            76.26281313052604,
            120.45225933813447,
            55.656066521991946,
            13.312398900886967,
            93.99020039385123,
            18.859977332555008,
            28.022181480287166,
            109.86061268151299,
            56.45154239738892,
            68.81648594716354,
            96.22754644861183,
            96.59362057233662,
            35.65759731771565,
            44.32879361070449
        ],
        [
            55.399667524955326,
            13.053176360772511,
            78.39909077384277,
            0.0,
            13.221571718147608,
            17.498163463074103,
            24.441069395426375,
            25.471905266936336,
            35.377825656647516,
            42.254218994345166,
            47.82980042040129,
            65.23716499400392,
            30.387316209807256,
            74.03681607268034,
            60.21930377112455,
            32.09976370317625,
            62.073530118520644,
            57.57748618358866,
            28.963878790620953,
            37.37191298923977,
            45.624079165275695,
            55.399667524955326
        ],
        [
            55.29093365668572,
            8.545131281971438,
            85.04670185495645,
            13.221571718147608,
            0.0,
            30.223343610661477,
            35.639629131511775,
            38.514266986856754,
            48.46667436117686,
            36.75973262086936,
            45.38931624459714,
            71.73436918698295,
            17.233213744487074,
            83.14236104362855,
            70.04439996324159,
            31.95772467394494,
            74.73974233210949,
            70.74998277255533,
            15.800388726211523,
            24.365321535813955,
            50.195756154994726,
            55.29093365668572
        ],
        [
            54.06044450247312,
            26.708040864271307,
            66.69724177619533,
            17.498163463074103,
            30.223343610661477,
            0.0,
            21.941815832004902,
            8.662955017258554,
            22.122103684076965,
            57.32167953311021,
            50.27044130924845,
            54.20892596830133,
            46.81768675051933,
            59.38741518505881,
            45.011425663167884,
            44.20516891230604,
            44.59852987782368,
            40.96714442444815,
            45.99025802233389,
            53.33774172520165,
            38.83238420889071,
            54.06044450247312
        ],
        [
            75.1304783840002,
            37.4907380161032,
            87.40052644914262,
            24.441069395426375,
            35.639629131511775,
            21.941815832004902,
            0.0,
            21.59843160013578,
            18.77393359522645,
            46.32930065925373,
            69.79194635107294,
            75.39425531834549,
            52.28701030406549,
            77.8346630129553,
            63.25019796516173,
            30.22203041781738,
            53.286533881073694,
            43.87328207696958,
            49.62100778448453,
            59.628437298878154,
            60.75501555412079,
            75.1304783840002
        ],
        [
            59.21191640385,
            35.35993019537133,
            65.96625687387886,
            25.471905266936336,
            38.514266986856754,
            8.662955017258554,
            21.59843160013578,
            0.0,
            14.8177605025827,
            62.82710442580995,
            56.83156381276798,
            54.27174515211114,
            55.32055920603895,
            56.35786990731508,
            41.76821895927249,
            48.45785391883006,
            36.895541756712184,
            32.36810799136972,
            54.31440382661786,
            61.926767590666245,
            42.1454892385199,
            59.21191640385
        ],
        [
            73.87000125568352,
            47.266954532777326,
            76.26281313052604,
            35.377825656647516,
            48.46667436117686,
            22.122103684076965,
            18.77393359522645,
            14.8177605025827,
            0.0,
            65.03391040354617,
            71.63502416928229,
            65.68905310325417,
            65.69876243267235,
            63.8902663625155,
            49.69129987938166,
            48.995876305002554,
            34.950254310042986,
            25.13060778735406,
            63.901245586453285,
            72.74583194763832,
            56.20932145100765,
            73.87000125568352
        ],
        [
            91.77348737866326,
            45.28281452160292,
            120.45225933813447,
            42.254218994345166,
            36.75973262086936,
            57.32167953311021,
            46.32930065925373,
            62.82710442580995,
            65.03391040354617,
            0.0,
            81.15006274827924,
            107.20705932106374,
            38.42935652087816,
            116.09618367256535,
            102.02299005017122,
            16.586038480170252,
            98.67048339677903,
            90.16439022053726,
            33.936030456956885,
            43.15891756803798,
            86.48857660100984,
            91.77348737866326
        ],
        [
            12.593045038768745,
            37.641073110865115,
            55.656066521991946,
            47.82980042040129,
            45.38931624459714,
            50.27044130924845,
            69.79194635107294,
            56.83156381276798,
            71.63502416928229,
            81.15006274827924,
            0.0,
            44.52359587005259,
            45.60493178598592,
            63.76077324795007,
            57.03815803616116,
            77.12633851830286,
            78.50409603292609,
            82.75631869001376,
            49.2844803965758,
            45.476023580635534,
            25.1827459791471,
            12.593045038768745
        ],
        [
            34.3949516731703,
            63.48095606157982,
            13.312398900886967,
            65.23716499400392,
            71.73436918698295,
            54.20892596830133,
            75.39425531834549,
            54.27174515211114,
            65.68905310325417,
            107.20705932106374,
            44.52359587005259,
            0.0,
            80.89545823676275,
            20.632119671979403,
            21.764879889669917,
            96.86742036885656,
            51.02565899774783,
            61.795880613494084,
            83.03828472436491,
            83.7232377373311,
            22.634754651570493,
            34.3949516731703
        ],
        [
            57.53865953787709,
            20.808208134932304,
            93.99020039385123,
            30.387316209807256,
            17.233213744487074,
            46.81768675051933,
            52.28701030406549,
            55.32055920603895,
            65.69876243267235,
            38.42935652087816,
            45.60493178598592,
            80.89545823676275,
            0.0,
            94.98419322584903,
            82.95792704093401,
            40.950840965930645,
            90.86822475683702,
            87.67224204818596,
            4.533250815825671,
            7.365514099785098,
            58.33271955975675,
            57.53865953787709
        ],
        [
            54.60967211029335,
            75.6195349877442,
            18.859977332555008,
            74.03681607268034,
            83.14236104362855,
            59.38741518505881,
            77.8346630129553,
            56.35786990731508,
            63.8902663625155,
            116.09618367256535,
            63.76077324795007,
            20.632119671979403,
            94.98419322584903,
            0.0,
            14.590416001310276,
            103.59246376563594,
            38.962053945135324,
            52.214460130324646,
            96.4025722535882,
            98.87855390095582,
            39.50665700627597,
            54.60967211029335
        ],
        [
            50.210863270655864,
            62.9355221112967,
            28.022181480287166,
            60.21930377112455,
            70.04439996324159,
            45.011425663167884,
            63.25019796516173,
            41.76821895927249,
            49.69129987938166,
            102.02299005017122,
            57.03815803616116,
            21.764879889669917,
            82.95792704093401,
            14.590416001310276,
            0.0,
            89.19388737098289,
            29.35234802619828,
            40.924518021073574,
            83.98731881418766,
            87.4297119561308,
            31.85552447475638,
            50.210863270655864
        ],
        [
            86.28455080390646,
            39.50612418462056,
            109.86061268151299,
            32.09976370317625,
            31.95772467394494,
            44.20516891230604,
            30.22203041781738,
            48.45785391883006,
            48.995876305002554,
            16.586038480170252,
            77.12633851830286,
            96.86742036885656,
            40.950840965930645,
            103.59246376563594,
            89.19388737098289,
            0.0,
            83.2279675204755,
            74.07507766592373,
            36.63196931350264,
            47.45638977616328,
            77.7238195118176,
            86.28455080390646
        ],
        [
            74.89418893977316,
            70.16395553667675,
            56.45154239738892,
            62.073530118520644,
            74.73974233210949,
            44.59852987782368,
            53.286533881073694,
            36.895541756712184,
            34.950254310042986,
            98.67048339677903,
            78.50409603292609,
            51.02565899774783,
            90.86822475683702,
            38.962053945135324,
            29.35234802619828,
            83.2279675204755,
            0.0,
            14.123947180769118,
            90.41736792714762,
            96.93253662282596,
            54.979377368499705,
            74.89418893977316
        ],
        [
            81.18200562796274,
            67.65513244941839,
            68.81648594716354,
            57.57748618358866,
            70.74998277255533,
            40.96714442444815,
            43.87328207696958,
            32.36810799136972,
            25.13060778735406,
            90.16439022053726,
            82.75631869001376,
            61.795880613494084,
            87.67224204818596,
            52.214460130324646,
            40.924518021073574,
            74.07507766592373,
            14.123947180769118,
            0.0,
            86.5346598051467,
            94.29230697077345,
            61.37051865819913,
            81.18200562796274
        ],
        [
            60.989498612818664,
            21.133368038654414,
            96.22754644861183,
            28.963878790620953,
            15.800388726211523,
            45.99025802233389,
            49.62100778448453,
            54.31440382661786,
            63.901245586453285,
            33.936030456956885,
            49.2844803965758,
            83.03828472436491,
            4.533250815825671,
            96.4025722535882,
            83.98731881418766,
            36.63196931350264,
            90.41736792714762,
            86.5346598051467,
            0.0,
            10.970487625937809,
            60.614001176566276,
            60.989498612818664
        ],
        [
            57.86285677830857,
            26.812164436211088,
            96.59362057233662,
            37.37191298923977,
            24.365321535813955,
            53.33774172520165,
            59.628437298878154,
            61.926767590666245,
            72.74583194763832,
            43.15891756803798,
            45.476023580635534,
            83.7232377373311,
            7.365514099785098,
            98.87855390095582,
            87.4297119561308,
            47.45638977616328,
            96.93253662282596,
            94.29230697077345,
            10.970487625937809,
            0.0,
            61.09194185868257,
            57.86285677830857
        ],
        [
            19.95866948518175,
            41.737590603725764,
            35.65759731771565,
            45.624079165275695,
            50.195756154994726,
            38.83238420889071,
            60.75501555412079,
            42.1454892385199,
            56.20932145100765,
            86.48857660100984,
            25.1827459791471,
            22.634754651570493,
            58.33271955975675,
            39.50665700627597,
            31.85552447475638,
            77.7238195118176,
            54.979377368499705,
            61.37051865819913,
            60.614001176566276,
            61.09194185868257,
            0.0,
            19.95866948518175
        ],
        [
            0.0,
            47.03046444083821,
            44.32879361070449,
            55.399667524955326,
            55.29093365668572,
            54.06044450247312,
            75.1304783840002,
            59.21191640385,
            73.87000125568352,
            91.77348737866326,
            12.593045038768745,
            34.3949516731703,
            57.53865953787709,
            54.60967211029335,
            50.210863270655864,
            86.28455080390646,
            74.89418893977316,
            81.18200562796274,
            60.989498612818664,
            57.86285677830857,
            19.95866948518175,
            0.0
        ]
    ],
    "scores_ave": [
        0,
        13.662203345443071,
        13.052869052354582,
        18.57308586530484,
        13.51312980151048,
        19.974439199948208,
        16.278164274991905,
        11.495408028810095,
        19.457399810499112,
        14.624306733469155,
        12.158576027279064,
        19.912852997633212,
        15.962830547255926,
        11.300087423558443,
        12.335295448018574,
        19.360328712071464,
        14.838292626625414,
        16.273832738874255,
        11.421094998946245,
        15.816244225843489,
        15.322186968777444,
        0
    ],
    "scores_var": [
        0,
        17.16635590392106,
        22.861147841171363,
        24.870707670680762,
        276.9126100746978,
        18.795113652194473,
        267.39994803169,
        17.344637342043498,
        16.292454153729167,
        23.9999574925001,
        18.264103475835043,
        385.8053555584046,
        299.0931373601874,
        271.28703885054585,
        355.34365445688184,
        309.1224446647693,
        20.53935984132154,
        396.3810731290922,
        21.160137580127426,
        320.97102417964936,
        397.4178290938666,
        0
    ],
    "vertex_number": 22,
    "minimum_distances": {
        "cost": 398.54253783035193,
        "path": [
            0,
            20,
            11,
            2,
            13,
            14,
            16,
            17,
            8,
            6,
            7,
            5,
            3,
            1,
            4,
            15,
            9,
            18,
            12,
            19,
            10,
            21
        ]
    }
}