{
    "vertices": [
        [
            17.481564559931208,
            26.278713331204827
        ],
        [
            64.67373793246885,
            62.36841108750851
        ],
        [
            56.094133067931075,
            97.31701713026428
        ],
        [
            97.46198196593876,
            97.35184930852091
        ],
        [
            44.51857801246557,
            23.83464011017805
        ],
        [
            48.00897633903284,
            54.9572543933281
        ],
        [
            33.82617388392016,
            95.67096160719579
        ],
        [
            85.70159685562993,
            94.4896878121794
        ],
        [
            49.29719367339126,
            35.544354894097864
        ],
        [
            77.02742679327324,
            84.82094929427828
        ],
        [
            34.86053535854452,
            26.753627100809428
        ],
        [
            19.352202348385518,
            95.96448697197847
        ],
        [
            34.20545031065657,
            1.7370876061256646
        ],
        [
            95.63138752303178,
            0.7422854995867922
        ],
        [
            8.529385841132553,
            70.48805705988957
        ],
        [
            59.170648158881335,
            57.051601441559285
        ],
        [
            1.4803243354388096,
            60.4615991929972
        ],
        [
            56.33486565303656,
            94.01310920902557
        ],
        [
            27.410706785300075,
            84.92504614403818
        ],
        [
            2.3815587847838104,
            77.08317853859211
        ],
        [
            48.72108015214604,
            83.87365031750484
        ],
        [
            25.14559304974805,
            47.44360384671954
        ],
        [
            54.39577244982948,
            95.25895596801287
        ],
        [
            17.481564559931208,
            26.278713331204827
        ]
    ],
    "distances": [
        [
            0.0,
            59.41016337096711,
            80.85401074425712,
            106.99653184140716,
            27.147257510515942,
            41.885338573094096,
            71.29116617611609,
            96.47129026850601,
            33.137386279808766,
            83.50391069086717,
            17.385458553274177,
            69.71087672414353,
            29.698143844913645,
            82.21620263405138,
            45.10662453270371,
            51.81650638524993,
            37.74267312422688,
            78.08666589607243,
            59.48092314116533,
            53.0009797967746,
            65.52163078626862,
            22.509773948808302,
            78.23638934902057,
            0.0
        ],
        [
            59.41016337096711,
            0.0,
            35.9863124529778,
            47.946948772177,
            43.48657237739326,
            18.238407894105098,
            45.394185518033446,
            38.392020906892206,
            30.91873386829778,
            25.62674580191598,
            46.446096565083764,
            56.415759345544544,
            67.85627412192306,
            68.96488543563586,
            56.728448969390506,
            7.651958041404976,
            63.22217533149545,
            32.724970742456435,
            43.55841222253554,
            64.00656188319098,
            26.7761573903999,
            42.25191248978055,
            34.459026640327465,
            59.41016337096711
        ],
        [
            80.85401074425712,
            35.9863124529778,
            0.0,
            41.367863562541366,
            74.38852873504227,
            43.12446241358117,
            22.328714808644946,
            29.742153637771448,
            62.1454759807707,
            24.379386734555347,
            73.68892511180384,
            36.76681670785435,
            98.05425722878078,
            104.35455562353164,
            54.609507205311765,
            40.38277659707236,
            65.88618926300015,
            3.3126665587643167,
            31.24579792923516,
            57.39728965967343,
            15.332515141403515,
            58.69556611711256,
            2.668341158226594,
            80.85401074425712
        ],
        [
            106.99653184140716,
            47.946948772177,
            41.367863562541366,
            0.0,
            90.59682152533581,
            65.13755785687763,
            63.65800384646042,
            12.103661692806584,
            78.3582363064334,
            23.970700871515152,
            94.35597541347256,
            78.122099601557,
            114.64541618600173,
            96.62690564934239,
            92.90139927619778,
            55.59079260868696,
            102.82688926095356,
            41.26241487924531,
            71.14496884054671,
            97.21679837912414,
            50.57012317231598,
            87.86633639200605,
            43.117033810550616,
            106.99653184140716
        ],
        [
            27.147257510515942,
            43.48657237739326,
            74.38852873504227,
            90.59682152533581,
            0.0,
            31.3177266144246,
            72.6277122885681,
            81.78127418185974,
            12.647236376204667,
            69.10973272233143,
            10.08951301879499,
            76.39411804826587,
            24.38570133629894,
            56.0872190211346,
            58.92167059943878,
            36.30495392733565,
            56.51393997256443,
            71.16629945882116,
            63.440657052927584,
            67.90386759350538,
            60.18591006962933,
            30.540067371880667,
            72.10403501686467,
            27.147257510515942
        ],
        [
            41.885338573094096,
            18.238407894105098,
            43.12446241358117,
            65.13755785687763,
            31.3177266144246,
            0.0,
            43.11331395957973,
            54.6218539910914,
            19.455594847440544,
            41.64025384051161,
            31.117938438667316,
            50.02803033610823,
            54.98111933813013,
            72.16063261313057,
            42.424567143927014,
            11.356461040853997,
            46.853103087684595,
            39.93344748771236,
            36.36423037852116,
            50.70914860211882,
            28.92516283591841,
            24.066350782145975,
            40.80463594220436,
            41.885338573094096
        ],
        [
            71.29116617611609,
            45.394185518033446,
            22.328714808644946,
            63.65800384646042,
            72.6277122885681,
            43.11331395957973,
            0.0,
            51.88887083250691,
            62.08511325718718,
            44.54291211998098,
            68.92509629391417,
            14.476947508063914,
            93.93463969940373,
            113.27549594029401,
            35.694623778945456,
            46.193044453438226,
            47.81164277273238,
            22.569662818287892,
            12.515307316834326,
            36.527653882206884,
            19.000915409661296,
            49.00235219023231,
            20.57372435436465,
            71.29116617611609
        ],
        [
            96.47129026850601,
            38.392020906892206,
            29.742153637771448,
            12.103661692806584,
            81.78127418185974,
            54.6218539910914,
            51.88887083250691,
            0.0,
            69.28082594685527,
            12.989446901166726,
            84.69349121889367,
            66.36578323232311,
            106.0891038418433,
            94.27182072633113,
            80.81849065427649,
            45.885744516609044,
            90.83575045099379,
            29.370598030859963,
            59.07038374203457,
            85.11883052074157,
            38.47413244954313,
            76.68352895780866,
            31.315274471452277,
            96.47129026850601
        ],
        [
            33.137386279808766,
            30.91873386829778,
            62.1454759807707,
            78.3582363064334,
            12.647236376204667,
            19.455594847440544,
            62.08511325718718,
            69.28082594685527,
            0.0,
            56.54333368809174,
            16.902484978112756,
            67.43363304585633,
            37.02285833383265,
            57.948611319309705,
            53.694287186809085,
            23.665307044919896,
            53.91958880345666,
            58.8907807558404,
            54.01361843669168,
            62.66219487673181,
            48.332729106810305,
            26.92381730588052,
            59.9318703775909,
            33.137386279808766
        ],
        [
            83.50391069086717,
            25.62674580191598,
            24.379386734555347,
            23.970700871515152,
            69.10973272233143,
            41.64025384051161,
            44.54291211998098,
            12.989446901166726,
            56.54333368809174,
            0.0,
            71.76252949825778,
            58.74189260436284,
            93.47004730336798,
            86.11230492987146,
            69.98152194746655,
            33.015166565731334,
            79.37721730529053,
            22.642391447034033,
            49.616829206467166,
            75.04584403555188,
            28.32219333877673,
            63.9436519546462,
            24.92275589982064,
            83.50391069086717
        ],
        [
            17.385458553274177,
            46.446096565083764,
            73.68892511180384,
            94.35597541347256,
            10.08951301879499,
            31.117938438667316,
            68.92509629391417,
            84.69349121889367,
            16.902484978112756,
            71.76252949825778,
            0.0,
            70.92708591829066,
            25.025115078837075,
            66.10360326558198,
            51.0492879358174,
            38.84519060987906,
            47.4390753547619,
            70.60442475555188,
            58.64651685542498,
            59.899479690622606,
            58.777646722638174,
            22.857279842744738,
            71.23626584413597,
            17.385458553274177
        ],
        [
            69.71087672414353,
            56.415759345544544,
            36.76681670785435,
            78.122099601557,
            76.39411804826587,
            50.02803033610823,
            14.476947508063914,
            66.36578323232311,
            67.43363304585633,
            58.74189260436284,
            70.92708591829066,
            0.0,
            95.39088932534713,
            122.00730201162848,
            27.67998985215214,
            55.6751406560136,
            39.74744097871693,
            37.034109416576094,
            13.667799660273293,
            25.387133574302617,
            31.76034185044897,
            48.86552440191009,
            35.050671597736525,
            69.71087672414353
        ],
        [
            29.698143844913645,
            67.85627412192306,
            98.05425722878078,
            114.64541618600173,
            24.38570133629894,
            54.98111933813013,
            93.93463969940373,
            106.0891038418433,
            37.02285833383265,
            93.47004730336798,
            25.025115078837075,
            95.39088932534713,
            0.0,
            61.43399216760893,
            73.38907335207014,
            60.68736725589094,
            67.22724247810913,
            94.8924400901063,
            83.46499257341861,
            81.79115777792865,
            83.40934266456883,
            46.59577921271098,
            95.6764807566715,
            29.698143844913645
        ],
        [
            82.21620263405138,
            68.96488543563586,
            104.35455562353164,
            96.62690564934239,
            56.0872190211346,
            72.16063261313057,
            113.27549594029401,
            94.27182072633113,
            57.948611319309705,
            86.11230492987146,
            66.10360326558198,
            122.00730201162848,
            61.43399216760893,
            0.0,
            111.58508568592632,
            67.08296785946033,
            111.4935833461553,
            101.21098352706697,
            108.35496513792299,
            120.51332917858268,
            95.45365762568115,
            84.55329891784372,
            103.12020629780739,
            82.21620263405138
        ],
        [
            45.10662453270371,
            56.728448969390506,
            54.609507205311765,
            92.90139927619778,
            58.92167059943878,
            42.424567143927014,
            35.694623778945456,
            80.81849065427649,
            53.694287186809085,
            69.98152194746655,
            51.0492879358174,
            27.67998985215214,
            73.38907335207014,
            111.58508568592632,
            0.0,
            52.393470859625275,
            12.256391208982409,
            53.28031511417637,
            23.768275798056642,
            9.016174623065881,
            42.362086804692105,
            28.41030034852902,
            52.1279469503156,
            45.10662453270371
        ],
        [
            51.81650638524993,
            7.651958041404976,
            40.38277659707236,
            55.59079260868696,
            36.30495392733565,
            11.356461040853997,
            46.193044453438226,
            45.885744516609044,
            23.665307044919896,
            33.015166565731334,
            38.84519060987906,
            55.6751406560136,
            60.68736725589094,
            67.08296785946033,
            52.393470859625275,
            0.0,
            57.791016148865836,
            37.070132436571164,
            42.25663019734853,
            60.21847517941322,
            28.785687023779687,
            35.355593517320614,
            38.504563079549506,
            51.81650638524993
        ],
        [
            37.74267312422688,
            63.22217533149545,
            65.88618926300015,
            102.82688926095356,
            56.51393997256443,
            46.853103087684595,
            47.81164277273238,
            90.83575045099379,
            53.91958880345666,
            79.37721730529053,
            47.4390753547619,
            39.74744097871693,
            67.22724247810913,
            111.4935833461553,
            12.256391208982409,
            57.791016148865836,
            0.0,
            64.30182367180336,
            35.64891261627021,
            16.64599421706596,
            52.72393335090163,
            27.00950103493529,
            63.331672073888114,
            37.74267312422688
        ],
        [
            78.08666589607243,
            32.724970742456435,
            3.3126665587643167,
            41.26241487924531,
            71.16629945882116,
            39.93344748771236,
            22.569662818287892,
            29.370598030859963,
            58.8907807558404,
            22.642391447034033,
            70.60442475555188,
            37.034109416576094,
            94.8924400901063,
            101.21098352706697,
            53.28031511417637,
            37.070132436571164,
            64.30182367180336,
            0.0,
            30.31830893172057,
            56.547165044107494,
            12.679840545780122,
            56.0489924549237,
            2.3048246348915673,
            78.08666589607243
        ],
        [
            59.48092314116533,
            43.55841222253554,
            31.24579792923516,
            71.14496884054671,
            63.440657052927584,
            36.36423037852116,
            12.515307316834326,
            59.07038374203457,
            54.01361843669168,
            49.616829206467166,
            58.64651685542498,
            13.667799660273293,
            83.46499257341861,
            108.35496513792299,
            23.768275798056642,
            42.25663019734853,
            35.64891261627021,
            30.31830893172057,
            0.0,
            26.2288607677324,
            21.33629410695375,
            37.549823660334454,
            28.89608037725886,
            59.48092314116533
        ],
        [
            53.0009797967746,
            64.00656188319098,
            57.39728965967343,
            97.21679837912414,
            67.90386759350538,
            50.70914860211882,
            36.527653882206884,
            85.11883052074157,
            62.66219487673181,
            75.04584403555188,
            59.899479690622606,
            25.387133574302617,
            81.79115777792865,
            120.51332917858268,
            9.016174623065881,
            60.21847517941322,
            16.64599421706596,
            56.547165044107494,
            26.2288607677324,
            0.0,
            46.83440773124424,
            37.372525254945764,
            55.09843290291353,
            53.0009797967746
        ],
        [
            65.52163078626862,
            26.7761573903999,
            15.332515141403515,
            50.57012317231598,
            60.18591006962933,
            28.92516283591841,
            19.000915409661296,
            38.47413244954313,
            48.332729106810305,
            28.32219333877673,
            58.777646722638174,
            31.76034185044897,
            83.40934266456883,
            95.45365762568115,
            42.362086804692105,
            28.785687023779687,
            52.72393335090163,
            12.679840545780122,
            21.33629410695375,
            46.83440773124424,
            0.0,
            43.39299342035428,
            12.721136640602438,
            65.52163078626862
        ],
        [
            22.509773948808302,
            42.25191248978055,
            58.69556611711256,
            87.86633639200605,
            30.540067371880667,
            24.066350782145975,
            49.00235219023231,
            76.68352895780866,
            26.92381730588052,
            63.9436519546462,
            22.857279842744738,
            48.86552440191009,
            46.59577921271098,
            84.55329891784372,
            28.41030034852902,
            35.355593517320614,
            27.00950103493529,
            56.0489924549237,
            37.549823660334454,
            37.372525254945764,
            43.39299342035428,
            0.0,
            56.05248338316705,
            22.509773948808302
        ],
        [
            78.23638934902057,
            34.459026640327465,
            2.668341158226594,
            43.117033810550616,
            72.10403501686467,
            40.80463594220436,
            20.57372435436465,
            31.315274471452277,
            59.9318703775909,
            24.92275589982064,
            71.23626584413597,
            35.050671597736525,
            95.6764807566715,
            103.12020629780739,
            52.1279469503156,
            38.504563079549506,
            63.331672073888114,
            2.3048246348915673,
            28.89608037725886,
            55.09843290291353,
            12.721136640602438,
            56.05248338316705,
            0.0,
            78.23638934902057
        ],
        [
            0.0,
            59.41016337096711,
            80.85401074425712,
            106.99653184140716,
            27.147257510515942,
            41.885338573094096,
            71.29116617611609,
            96.47129026850601,
            33.137386279808766,
            83.50391069086717,
            17.385458553274177,
            69.71087672414353,
            29.698143844913645,
            82.21620263405138,
            45.10662453270371,
            51.81650638524993,
            37.74267312422688,
            78.08666589607243,
            59.48092314116533,
            53.0009797967746,
            65.52163078626862,
            22.509773948808302,
            78.23638934902057,
            0.0
        ]
    ],
    "scores_ave": [
        0,
        16.186620332020993,
        10.804415109566373,
        17.315712974290484,
        18.27512736155433,
        18.32363842595439,
        19.97186963557546,
        11.291840641645978,
        19.440742519468525,
        13.408722465657174,
        18.691030814215345,
        17.03177732507603,
        18.16480877207733,
        14.76707129202596,
        19.47674917249787,
        11.453797774406638,
        12.504140366612516,
        12.269960840827583,
        18.751095568473716,
        10.684391908018453,
        11.27954750590862,
        11.196778237192115,
        14.596047710757093,
        0
    ],
    "scores_var": [
        0,
        23.85417513638696,
        313.4031457197027,
        336.72041995473853,
        288.05842107323366,
        377.08229019485907,
        358.7906493552615,
        270.8525672095643,
        19.14235654891472,
        253.4430030094711,
        18.98101484316082,
        22.383908569539308,
        20.633444067901173,
        299.5360052331747,
        18.54963020761597,
        17.718224497233233,
        324.13488004105614,
        22.978608740977,
        303.63827058251104,
        304.6371922226306,
        239.65455900449444,
        23.408003107939123,
        16.542684717831886,
        0
    ],
    "vertex_number": 24,
    "minimum_distances": {
        "cost": 463.13463208003526,
        "path": [
            0,
            12,
            13,
            4,
            10,
            8,
            5,
            15,
            1,
            9,
            3,
            7,
            2,
            22,
            17,
            20,
            6,
            18,
            11,
            19,
            14,
            16,
            21,
            23
        ]
    }
}