{
    "vertices": [
        [
            30.670902981809267,
            4.350219102981889
        ],
        [
            71.03790066195934,
            52.03078561286362
        ],
        [
            36.91013927678134,
            86.68305992891372
        ],
        [
            21.952851465900082,
            70.37823754634503
        ],
        [
            50.03840917156743,
            17.77976207893779
        ],
        [
            77.38790354296452,
            42.447601993546456
        ],
        [
            74.01522987010054,
            86.42932720035942
        ],
        [
            84.08777577854259,
            80.28696203272808
        ],
        [
            42.02857458663994,
            72.25082483452508
        ],
        [
            22.68795681099376,
            49.67122274371847
        ],
        [
            83.03539301030402,
            85.29577896225308
        ],
        [
            31.287219743416195,
            99.82101248741945
        ],
        [
            81.81946358735576,
            76.62528237219209
        ],
        [
            71.25444193278186,
            96.21024957920656
        ],
        [
            58.74752507253751,
            57.94270191374026
        ],
        [
            78.92294579709437,
            37.758446077945976
        ],
        [
            50.66752560999819,
            9.8457986246684
        ],
        [
            95.41878900480451,
            34.60453924886103
        ],
        [
            47.86944981682466,
            4.535281209904795
        ],
        [
            69.13592769661602,
            37.85939935671028
        ],
        [
            59.63250098531256,
            71.26590659758227
        ],
        [
            30.670902981809267,
            4.350219102981889
        ]
    ],
    "distances": [
        [
            0.0,
            62.47344175257592,
            82.56890908818359,
            66.6010783830949,
            23.56804872180485,
            60.28174453797155,
            92.8208525034113,
            92.84261535610007,
            68.84394645133042,
            46.018700552816526,
            96.4065530805618,
            95.47278269645547,
            88.54298403932182,
            100.42553874825882,
            60.50166048834528,
            58.688749053449975,
            20.738040187379745,
            71.46756349516984,
            17.199542471229776,
            51.01395189149294,
            72.91421940740737,
            0.0
        ],
        [
            62.47344175257592,
            0.0,
            48.63624381506484,
            52.402013768852136,
            40.17600348437588,
            11.496083892801186,
            34.527150947628584,
            31.124118404043568,
            35.36086799655424,
            48.40748503408304,
            35.362403837741496,
            62.16126139493429,
            26.85388928924265,
            44.17999464096124,
            13.638331513701626,
            16.305631315073015,
            46.845760821570195,
            29.96834627945287,
            52.84505703521288,
            14.298450600746525,
            22.36231251639281,
            62.47344175257592
        ],
        [
            82.56890908818359,
            48.63624381506484,
            0.0,
            22.12617661469441,
            70.14282518570838,
            59.96019628670626,
            37.105958123136574,
            47.60923706792524,
            15.312994150097184,
            39.65030347820251,
            46.14611121711457,
            14.290662038836638,
            46.02180243550706,
            35.64124671724618,
            36.095423494302416,
            64.48793493499046,
            78.05914682763486,
            78.32901384046133,
            82.87559372927811,
            58.50001086281681,
            27.4589573446464,
            82.56890908818359
        ],
        [
            66.6010783830949,
            52.402013768852136,
            22.12617661469441,
            0.0,
            59.627159693664865,
            62.07387051868203,
            54.48053527805473,
            62.9200416424279,
            20.16286790048634,
            20.720058926185057,
            62.87773789998464,
            30.887010657735377,
            60.19166732993003,
            55.659138227518675,
            38.83929134637712,
            65.6478670144508,
            66.99782588269748,
            81.71292106117377,
            70.75991074899348,
            57.303730417811366,
            37.69010406260887,
            66.6010783830949
        ],
        [
            23.56804872180485,
            40.17600348437588,
            70.14282518570838,
            59.627159693664865,
            0.0,
            36.83065528094554,
            72.71623424084828,
            71.17941705577053,
            55.056826350608226,
            42.01324205130167,
            75.14794393888603,
            84.15684091954499,
            66.87922456460677,
            81.24937794010943,
            41.09635550691196,
            35.12070999287504,
            7.958866978834742,
            48.39888429113259,
            13.42090377630013,
            27.71113579450479,
            54.339803580799725,
            23.56804872180485
        ],
        [
            60.28174453797155,
            11.496083892801186,
            59.96019628670626,
            62.07387051868203,
            36.83065528094554,
            0.0,
            44.11084991100531,
            38.42792547286264,
            46.244072441239474,
            55.17485721977679,
            43.218750639338374,
            73.6001445547792,
            34.4637862181726,
            54.111381674685305,
            24.2396747308529,
            4.934018435593347,
            42.152771911032644,
            19.66281932366427,
            48.048758335507564,
            9.441753481498525,
            33.84891431398156,
            60.28174453797155
        ],
        [
            92.8208525034113,
            34.527150947628584,
            37.105958123136574,
            54.48053527805473,
            72.71623424084828,
            44.11084991100531,
            0.0,
            11.797662095949498,
            34.988227242329785,
            63.13198240931007,
            9.091109650862181,
            44.77745062208991,
            12.530975975807225,
            10.16308971798818,
            32.320127320383186,
            48.91768948807957,
            80.06342575309206,
            56.07067852140317,
            85.96648523279858,
            48.81439829023252,
            20.899574506435318,
            92.8208525034113
        ],
        [
            92.84261535610007,
            31.124118404043568,
            47.60923706792524,
            62.9200416424279,
            71.17941705577053,
            38.42792547286264,
            11.797662095949498,
            0.0,
            42.82004093843545,
            68.60948375742508,
            5.11817902426065,
            56.29811581913688,
            4.3073353866479716,
            20.451052390637127,
            33.7845270221174,
            42.84098666059668,
            77.96711244883357,
            47.06671448208062,
            83.9647800149095,
            44.98506236177105,
            26.066068103501262,
            92.84261535610007
        ],
        [
            68.84394645133042,
            35.36086799655424,
            15.312994150097184,
            20.16286790048634,
            55.056826350608226,
            46.244072441239474,
            34.988227242329785,
            42.82004093843545,
            0.0,
            29.73042089380504,
            43.03173230798272,
            29.588713238055078,
            40.030622356093076,
            37.79160430876599,
            22.005583083985357,
            50.50662153918155,
            63.00014897630704,
            65.32807829727555,
            67.96698221807732,
            43.79016715000091,
            17.63145735846431,
            68.84394645133042
        ],
        [
            46.018700552816526,
            48.40748503408304,
            39.65030347820251,
            20.720058926185057,
            42.01324205130167,
            55.17485721977679,
            63.13198240931007,
            68.60948375742508,
            29.73042089380504,
            0.0,
            70.07797130052607,
            50.8817131621799,
            64.98504769636055,
            67.26503174665976,
            36.99607858772384,
            57.482938635350145,
            48.67155921521764,
            74.27502206757309,
            51.68520879464991,
            47.92633066611178,
            42.79286990839151,
            46.018700552816526
        ],
        [
            96.4065530805618,
            35.362403837741496,
            46.14611121711457,
            62.87773789998464,
            75.14794393888603,
            43.218750639338374,
            9.091109650862181,
            5.11817902426065,
            43.03173230798272,
            70.07797130052607,
            0.0,
            53.74807759744027,
            8.755340968794453,
            16.059778240664205,
            36.579931013935294,
            47.714884887578435,
            82.09980738701945,
            52.18189609469156,
            88.08462725069607,
            49.430812719270286,
            27.286126029584384,
            96.4065530805618
        ],
        [
            95.47278269645547,
            62.16126139493429,
            14.290662038836638,
            30.887010657735377,
            84.15684091954499,
            73.6001445547792,
            44.77745062208991,
            56.29811581913688,
            29.588713238055078,
            50.8817131621799,
            53.74807759744027,
            0.0,
            55.6017046814379,
            40.12999449680313,
            50.07855095022318,
            78.23633775932626,
            92.03877098880699,
            91.46609512602936,
            96.71784188710059,
            72.60692939028812,
            40.23492315218231,
            95.47278269645547
        ],
        [
            88.54298403932182,
            26.85388928924265,
            46.02180243550706,
            60.19166732993003,
            66.87922456460677,
            34.4637862181726,
            12.530975975807225,
            4.3073353866479716,
            40.030622356093076,
            64.98504769636055,
            8.755340968794453,
            55.6017046814379,
            0.0,
            22.25287898366069,
            29.687592684791397,
            38.97461710951151,
            73.68814483572586,
            44.16655413824631,
            79.68419983031663,
            40.78805914310834,
            22.825078711757776,
            88.54298403932182
        ],
        [
            100.42553874825882,
            44.17999464096124,
            35.64124671724618,
            55.659138227518675,
            81.24937794010943,
            54.111381674685305,
            10.16308971798818,
            20.451052390637127,
            37.79160430876599,
            67.26503174665976,
            16.059778240664205,
            40.12999449680313,
            22.25287898366069,
            0.0,
            40.25951035069602,
            58.95268682653026,
            88.78423008823202,
            66.17536712949624,
            94.61055798258384,
            58.389295459502094,
            27.518898200534345,
            100.42553874825882
        ],
        [
            60.50166048834528,
            13.638331513701626,
            36.095423494302416,
            38.83929134637712,
            41.09635550691196,
            24.2396747308529,
            32.320127320383186,
            33.7845270221174,
            22.005583083985357,
            36.99607858772384,
            36.579931013935294,
            50.07855095022318,
            29.687592684791397,
            40.25951035069602,
            0.0,
            28.538601666123622,
            48.770877553238336,
            43.46782068337852,
            54.50399166579843,
            22.61101392412928,
            13.352564001484577,
            60.50166048834528
        ],
        [
            58.688749053449975,
            16.305631315073015,
            64.48793493499046,
            65.6478670144508,
            35.12070999287504,
            4.934018435593347,
            48.91768948807957,
            42.84098666059668,
            50.50662153918155,
            57.482938635350145,
            47.714884887578435,
            78.23633775932626,
            38.97461710951151,
            58.95268682653026,
            28.538601666123622,
            0.0,
            39.71756107567943,
            16.794641151864642,
            45.47634875895021,
            9.78753875412936,
            38.663563874937665,
            58.688749053449975
        ],
        [
            20.738040187379745,
            46.845760821570195,
            78.05914682763486,
            66.99782588269748,
            7.958866978834742,
            42.152771911032644,
            80.06342575309206,
            77.96711244883357,
            63.00014897630704,
            48.67155921521764,
            82.09980738701945,
            92.03877098880699,
            73.68814483572586,
            88.78423008823202,
            48.770877553238336,
            39.71756107567943,
            0.0,
            51.143629248689216,
            6.002568063491757,
            33.5535944662751,
            62.0709307718548,
            20.738040187379745
        ],
        [
            71.46756349516984,
            29.96834627945287,
            78.32901384046133,
            81.71292106117377,
            48.39888429113259,
            19.66281932366427,
            56.07067852140317,
            47.06671448208062,
            65.32807829727555,
            74.27502206757309,
            52.18189609469156,
            91.46609512602936,
            44.16655413824631,
            66.17536712949624,
            43.46782068337852,
            16.794641151864642,
            51.143629248689216,
            0.0,
            56.259220899572455,
            26.483634812222054,
            51.23196527649429,
            71.46756349516984
        ],
        [
            17.199542471229776,
            52.84505703521288,
            82.87559372927811,
            70.75991074899348,
            13.42090377630013,
            48.048758335507564,
            85.96648523279858,
            83.9647800149095,
            67.96698221807732,
            51.68520879464991,
            88.08462725069607,
            96.71784188710059,
            79.68419983031663,
            94.61055798258384,
            54.50399166579843,
            45.47634875895021,
            6.002568063491757,
            56.259220899572455,
            0.0,
            39.53175851987748,
            67.75946972507245,
            17.199542471229776
        ],
        [
            51.01395189149294,
            14.298450600746525,
            58.50001086281681,
            57.303730417811366,
            27.71113579450479,
            9.441753481498525,
            48.81439829023252,
            44.98506236177105,
            43.79016715000091,
            47.92633066611178,
            49.430812719270286,
            72.60692939028812,
            40.78805914310834,
            58.389295459502094,
            22.61101392412928,
            9.78753875412936,
            33.5535944662751,
            26.483634812222054,
            39.53175851987748,
            0.0,
            34.73197151460811,
            51.01395189149294
        ],
        [
            72.91421940740737,
            22.36231251639281,
            27.4589573446464,
            37.69010406260887,
            54.339803580799725,
            33.84891431398156,
            20.899574506435318,
            26.066068103501262,
            17.63145735846431,
            42.79286990839151,
            27.286126029584384,
            40.23492315218231,
            22.825078711757776,
            27.518898200534345,
            13.352564001484577,
            38.663563874937665,
            62.0709307718548,
            51.23196527649429,
            67.75946972507245,
            34.73197151460811,
            0.0,
            72.91421940740737
        ],
        [
            0.0,
            62.47344175257592,
            82.56890908818359,
            66.6010783830949,
            23.56804872180485,
            60.28174453797155,
            92.8208525034113,
            92.84261535610007,
            68.84394645133042,
            46.018700552816526,
            96.4065530805618,
            95.47278269645547,
            88.54298403932182,
            100.42553874825882,
            60.50166048834528,
            58.688749053449975,
            20.738040187379745,
            71.46756349516984,
            17.199542471229776,
            51.01395189149294,
            72.91421940740737,
            0.0
        ]
    ],
    "scores_ave": [
        0,
        11.570555737764025,
        17.7402178020105,
        14.450674174272022,
        18.27770413911997,
        17.07620570132792,
        19.06400107929459,
        19.282558285773007,
        13.674134293215824,
        10.528683125515489,
        12.184993255793337,
        18.086698635910864,
        11.768404643479771,
        11.66253774185267,
        17.3886291558063,
        10.116611967943802,
        17.920415877645425,
        17.45421694009697,
        16.979785260835193,
        11.918059871269463,
        17.430120478927122,
        0
    ],
    "scores_var": [
        0,
        16.046509359826544,
        327.8680252213929,
        17.737214945697662,
        21.42616303895697,
        17.165311029129285,
        356.0860463456503,
        21.56860514667691,
        365.57045416489973,
        23.592981521255577,
        24.287358477120282,
        269.36901086731353,
        369.8384461399274,
        24.80560490558205,
        17.681973910288743,
        18.646517161458075,
        23.091675874930548,
        17.244163307073297,
        387.9321348251341,
        289.5141380414383,
        21.35540052931743,
        0
    ],
    "vertex_number": 22,
    "minimum_distances": {
        "cost": 362.25327111119725,
        "path": [
            0,
            18,
            16,
            4,
            19,
            15,
            17,
            5,
            1,
            12,
            7,
            10,
            6,
            13,
            20,
            14,
            8,
            2,
            11,
            3,
            9,
            21
        ]
    }
}