{
    "vertices": [
        [
            25.299922028670572,
            26.218415160936793
        ],
        [
            2.275732486778137,
            86.83456138253686
        ],
        [
            69.94696837192079,
            28.6243650428627
        ],
        [
            93.7981492494426,
            4.670514566905048
        ],
        [
            54.27079937104108,
            14.718422722773871
        ],
        [
            58.77466661291284,
            40.27251101902392
        ],
        [
            44.20441165036696,
            56.15288253370835
        ],
        [
            99.90159965451856,
            36.240068065095834
        ],
        [
            36.111766240665865,
            34.72652366618472
        ],
        [
            45.77349181760171,
            10.730726626985232
        ],
        [
            83.66793984059123,
            61.94285873622803
        ],
        [
            77.31046903512132,
            18.507403833550473
        ],
        [
            66.38844015674246,
            51.82428496140658
        ],
        [
            69.80671606093826,
            57.219759070012685
        ],
        [
            71.59498224061393,
            11.902371175570126
        ],
        [
            74.57727227423781,
            58.41587500786659
        ],
        [
            65.2607559028408,
            25.42863350182626
        ],
        [
            91.91795182141588,
            51.05336059907341
        ],
        [
            75.5127426373951,
            42.45691590145799
        ],
        [
            93.24403670231291,
            64.52612325055912
        ],
        [
            14.139161930497846,
            15.848070348571508
        ],
        [
            25.089983171970342,
            24.36305976120513
        ],
        [
            25.299922028670572,
            26.218415160936793
        ]
    ],
    "distances": [
        [
            0.0,
            64.84157992229515,
            44.71182552760144,
            71.80751459561031,
            31.169882259393944,
            36.30531827940032,
            35.40412496798009,
            75.27179970960167,
            13.758048030208654,
            25.671687829726512,
            68.43289685565601,
            52.579051870505445,
            48.41411870724803,
            54.23963531587851,
            48.45804077156251,
            58.86368717485308,
            39.968637692422014,
            71.09666946054735,
            52.773253261324136,
            77.99925139297669,
            15.235045700499755,
            1.8671952181992226,
            0.0
        ],
        [
            64.84157992229515,
            0.0,
            89.26266366250805,
            122.99302158740626,
            88.9057053033895,
            73.21307322769358,
            51.95555363371483,
            109.95732214955893,
            62.1299024210002,
            87.6575651686867,
            85.11338483786415,
            101.48306335346443,
            73.04901600882967,
            73.7392043522533,
            102.0783596833712,
            77.68612740315663,
            87.96477223077994,
            96.51954111342339,
            85.63314238217521,
            93.66375384180563,
            71.97098628948584,
            66.50698120611735,
            64.84157992229515
        ],
        [
            44.71182552760144,
            89.26266366250805,
            0.0,
            33.80333980358744,
            20.955130788276637,
            16.1400009689062,
            37.689501214611624,
            30.90758592642324,
            34.38105936598029,
            30.075559254656934,
            36.033138637078146,
            12.512955131689832,
            23.471246393940596,
            28.595737974018103,
            16.80300653481916,
            30.149192032668775,
            5.672150155605538,
            31.397196616871817,
            14.910308730198764,
            42.798243365760435,
            57.25159356663097,
            45.058937447881036,
            44.71182552760144
        ],
        [
            71.80751459561031,
            122.99302158740626,
            33.80333980358744,
            0.0,
            40.78445594486145,
            49.94143056989844,
            71.48407529313997,
            32.15414148943106,
            65.04677138499088,
            48.40551509548072,
            58.161349273521544,
            21.52447684444686,
            54.54145409652935,
            57.7668760128662,
            23.351239265405823,
            57.07894428442796,
            35.288557929377156,
            46.42093868516873,
            41.97818744042928,
            59.858173473683706,
            80.43936855751707,
            71.47452988274257,
            71.80751459561031
        ],
        [
            31.169882259393944,
            88.9057053033895,
            20.955130788276637,
            40.78445594486145,
            0.0,
            25.94795268966223,
            42.63973055223125,
            50.45147324658912,
            27.019892442268947,
            9.386477284375951,
            55.62678513607711,
            23.34914893711891,
            39.0343724258977,
            45.25183199271107,
            17.5515656969659,
            48.18526930480121,
            15.345610431083452,
            52.321465939863614,
            34.937718264862525,
            63.24334162538519,
            40.14753326691045,
            30.733354155494144,
            31.169882259393944
        ],
        [
            36.30531827940032,
            73.21307322769358,
            16.1400009689062,
            49.94143056989844,
            25.94795268966223,
            0.0,
            21.551763944466202,
            41.324148116874774,
            23.331631511753404,
            32.276114560521904,
            33.00422733790905,
            28.588386842043004,
            13.83520974877616,
            20.22165501449919,
            31.1323839037585,
            24.060423988761567,
            16.19907571506734,
            34.85260495400351,
            16.880012253898098,
            42.14706609762656,
            50.88105325480537,
            37.2527655059516,
            36.30531827940032
        ],
        [
            35.40412496798009,
            51.95555363371483,
            37.689501214611624,
            71.48407529313997,
            42.63973055223125,
            21.551763944466202,
            0.0,
            59.14978386800068,
            22.903706338648878,
            45.449249276372775,
            39.88601110221941,
            50.131757421086775,
            22.602386549092948,
            25.624523735579466,
            52.041820805156526,
            30.457048402876822,
            37.24713561942443,
            47.985279405418936,
            34.17295847867174,
            49.749331506441095,
            50.28316941082021,
            37.09385674155363,
            35.40412496798009
        ],
        [
            75.27179970960167,
            109.95732214955893,
            30.90758592642324,
            32.15414148943106,
            50.45147324658912,
            41.324148116874774,
            59.14978386800068,
            0.0,
            63.80778685720539,
            59.83793578166786,
            30.400084855775642,
            28.719445736493526,
            36.95943283919056,
            36.68582087364188,
            37.330792642316055,
            33.66137208770131,
            36.288774753965065,
            16.82772320963834,
            25.16874139924706,
            29.058975591332466,
            88.15344176625928,
            75.74853983399659,
            75.27179970960167
        ],
        [
            13.758048030208654,
            62.1299024210002,
            34.38105936598029,
            65.04677138499088,
            27.019892442268947,
            23.331631511753404,
            22.903706338648878,
            63.80778685720539,
            0.0,
            25.86788001886647,
            54.79341695962306,
            44.276325051783836,
            34.77082720800326,
            40.51290266473996,
            42.19005279226134,
            45.174998853441096,
            30.595986008528225,
            58.14547233711537,
            40.15215940801675,
            64.4368874441638,
            28.968799420005578,
            15.128816415146233,
            13.758048030208654
        ],
        [
            25.671687829726512,
            87.6575651686867,
            30.075559254656934,
            48.40551509548072,
            9.386477284375951,
            32.276114560521904,
            45.449249276372775,
            59.83793578166786,
            25.86788001886647,
            0.0,
            63.707704919747286,
            32.48165082617357,
            45.974521548461304,
            52.333794101128944,
            25.848058314193363,
            55.70934521874013,
            24.408644534864045,
            61.27989882082546,
            43.48533229954961,
            71.7453645160369,
            32.0455618482649,
            24.77192032475999,
            25.671687829726512
        ],
        [
            68.43289685565601,
            85.11338483786415,
            36.033138637078146,
            58.161349273521544,
            55.62678513607711,
            33.00422733790905,
            39.88601110221941,
            30.400084855775642,
            54.79341695962306,
            63.707704919747286,
            0.0,
            43.8982480019982,
            20.02415153160388,
            14.64381081298924,
            51.476273180167276,
            9.750889755405726,
            40.891479124467985,
            13.661766626715753,
            21.1236646816537,
            9.918411498626082,
            83.42050391944372,
            69.59610835724911,
            68.43289685565601
        ],
        [
            52.579051870505445,
            101.48306335346443,
            12.512955131689832,
            21.52447684444686,
            23.34914893711891,
            28.588386842043004,
            50.131757421086775,
            28.719445736493526,
            44.276325051783836,
            32.48165082617357,
            43.8982480019982,
            0.0,
            35.0614500970487,
            39.43288927597881,
            8.73460048950009,
            40.00195540226658,
            13.896006861371163,
            35.67376984753896,
            24.016888817911646,
            48.699087418414145,
            63.22725753890471,
            52.547767318189905,
            52.579051870505445
        ],
        [
            48.41411870724803,
            73.04901600882967,
            23.471246393940596,
            54.54145409652935,
            39.0343724258977,
            13.83520974877616,
            22.602386549092948,
            36.95943283919056,
            34.77082720800326,
            45.974521548461304,
            20.02415153160388,
            35.0614500970487,
            0.0,
            6.387155158115731,
            40.25999603570378,
            10.512184872285781,
            26.419729138508266,
            25.54114896023934,
            13.076715905139416,
            29.70790739419788,
            63.4371743777439,
            49.59517555991965,
            48.41411870724803
        ],
        [
            54.23963531587851,
            73.7392043522533,
            28.595737974018103,
            57.7668760128662,
            45.25183199271107,
            20.22165501449919,
            25.624523735579466,
            36.68582087364188,
            40.51290266473996,
            52.333794101128944,
            14.64381081298924,
            39.43288927597881,
            6.387155158115731,
            0.0,
            45.35265749109683,
            4.918221215138572,
            32.114504801587806,
            22.954982399423155,
            15.827200564552593,
            24.549764894706804,
            69.35771918488479,
            55.49007920099501,
            54.23963531587851
        ],
        [
            48.45804077156251,
            102.0783596833712,
            16.80300653481916,
            23.351239265405823,
            17.5515656969659,
            31.1323839037585,
            52.041820805156526,
            37.330792642316055,
            42.19005279226134,
            25.848058314193363,
            51.476273180167276,
            8.73460048950009,
            40.25999603570378,
            45.35265749109683,
            0.0,
            46.60901299750629,
            14.93593638901943,
            44.111484507115236,
            30.804692011654147,
            56.90290714485084,
            57.591143672201646,
            48.14544317381153,
            48.45804077156251
        ],
        [
            58.86368717485308,
            77.68612740315663,
            30.149192032668775,
            57.07894428442796,
            48.18526930480121,
            24.060423988761567,
            30.457048402876822,
            33.66137208770131,
            45.174998853441096,
            55.70934521874013,
            9.750889755405726,
            40.00195540226658,
            10.512184872285781,
            4.918221215138572,
            46.60901299750629,
            0.0,
            34.27762505595069,
            18.838943324337674,
            15.986352947447632,
            19.64136522242222,
            73.92417179403495,
            60.07150746331126,
            58.86368717485308
        ],
        [
            39.968637692422014,
            87.96477223077994,
            5.672150155605538,
            35.288557929377156,
            15.345610431083452,
            16.19907571506734,
            37.24713561942443,
            36.288774753965065,
            30.595986008528225,
            24.408644534864045,
            40.891479124467985,
            13.896006861371163,
            26.419729138508266,
            32.114504801587806,
            14.93593638901943,
            34.27762505595069,
            0.0,
            36.97611030178388,
            19.87625803533163,
            48.07990961882495,
            52.01158102390845,
            40.184903000902544,
            39.968637692422014
        ],
        [
            71.09666946054735,
            96.51954111342339,
            31.397196616871817,
            46.42093868516873,
            52.321465939863614,
            34.85260495400351,
            47.985279405418936,
            16.82772320963834,
            58.14547233711537,
            61.27989882082546,
            13.661766626715753,
            35.67376984753896,
            25.54114896023934,
            22.954982399423155,
            44.111484507115236,
            18.838943324337674,
            36.97611030178388,
            0.0,
            18.521062329430237,
            13.537866692156934,
            85.37536306521723,
            71.96075008382826,
            71.09666946054735
        ],
        [
            52.773253261324136,
            85.63314238217521,
            14.910308730198764,
            41.97818744042928,
            34.937718264862525,
            16.880012253898098,
            34.17295847867174,
            25.16874139924706,
            40.15215940801675,
            43.48533229954961,
            21.1236646816537,
            24.016888817911646,
            13.076715905139416,
            15.827200564552593,
            30.804692011654147,
            15.986352947447632,
            19.87625803533163,
            18.521062329430237,
            0.0,
            28.309869343291023,
            66.89355029031871,
            53.570909103096696,
            52.773253261324136
        ],
        [
            77.99925139297669,
            93.66375384180563,
            42.798243365760435,
            59.858173473683706,
            63.24334162538519,
            42.14706609762656,
            49.749331506441095,
            29.058975591332466,
            64.4368874441638,
            71.7453645160369,
            9.918411498626082,
            48.699087418414145,
            29.70790739419788,
            24.549764894706804,
            56.90290714485084,
            19.64136522242222,
            48.07990961882495,
            13.537866692156934,
            28.309869343291023,
            0.0,
            92.88236671722598,
            79.10781681646056,
            77.99925139297669
        ],
        [
            15.235045700499755,
            71.97098628948584,
            57.25159356663097,
            80.43936855751707,
            40.14753326691045,
            50.88105325480537,
            50.28316941082021,
            88.15344176625928,
            28.968799420005578,
            32.0455618482649,
            83.42050391944372,
            63.22725753890471,
            63.4371743777439,
            69.35771918488479,
            57.591143672201646,
            73.92417179403495,
            52.01158102390845,
            85.37536306521723,
            66.89355029031871,
            92.88236671722598,
            0.0,
            13.8717529735772,
            15.235045700499755
        ],
        [
            1.8671952181992226,
            66.50698120611735,
            45.058937447881036,
            71.47452988274257,
            30.733354155494144,
            37.2527655059516,
            37.09385674155363,
            75.74853983399659,
            15.128816415146233,
            24.77192032475999,
            69.59610835724911,
            52.547767318189905,
            49.59517555991965,
            55.49007920099501,
            48.14544317381153,
            60.07150746331126,
            40.184903000902544,
            71.96075008382826,
            53.570909103096696,
            79.10781681646056,
            13.8717529735772,
            0.0,
            1.8671952181992226
        ],
        [
            0.0,
            64.84157992229515,
            44.71182552760144,
            71.80751459561031,
            31.169882259393944,
            36.30531827940032,
            35.40412496798009,
            75.27179970960167,
            13.758048030208654,
            25.671687829726512,
            68.43289685565601,
            52.579051870505445,
            48.41411870724803,
            54.23963531587851,
            48.45804077156251,
            58.86368717485308,
            39.968637692422014,
            71.09666946054735,
            52.773253261324136,
            77.99925139297669,
            15.235045700499755,
            1.8671952181992226,
            0.0
        ]
    ],
    "scores_ave": [
        0,
        13.928518937930573,
        10.585070854983947,
        12.39352493405837,
        19.39724101981684,
        11.065988130455446,
        16.783332535351857,
        10.60597050195178,
        14.333996936005303,
        10.627675717550357,
        12.096175835320881,
        10.106995059953448,
        16.853039367203586,
        11.945950028793206,
        16.29185877454102,
        16.226965116912524,
        15.419523208369547,
        16.316687878628116,
        14.955713617696585,
        16.512899085442783,
        12.860099212746588,
        11.458246247489019,
        0
    ],
    "scores_var": [
        0,
        22.535608665355483,
        19.123145268724265,
        340.2769496707608,
        303.53050802165603,
        313.146804457122,
        320.60455970617153,
        22.024333437364078,
        19.779796641840225,
        19.209270414430534,
        18.00954099792035,
        16.360327739918525,
        21.31910092287432,
        262.07921850913283,
        242.97892237762358,
        310.9215159422946,
        16.82015614411286,
        260.4601668358606,
        387.92934836676375,
        20.796416940552813,
        21.08305970384185,
        19.12554665398392,
        0
    ],
    "vertex_number": 23,
    "minimum_distances": {
        "cost": 395.63394800464187,
        "path": [
            0,
            8,
            1,
            6,
            5,
            18,
            12,
            13,
            15,
            10,
            19,
            17,
            7,
            3,
            14,
            11,
            2,
            16,
            4,
            9,
            20,
            21,
            22
        ]
    }
}