{
    "vertices": [
        [
            77.04715320014775,
            18.955119728652527
        ],
        [
            3.4254388675235115,
            33.5490374052756
        ],
        [
            20.454831293361273,
            3.468320944509129
        ],
        [
            14.270430423524571,
            51.70012891790871
        ],
        [
            61.30002402010033,
            34.201719179667
        ],
        [
            22.396300489587652,
            78.30598610396531
        ],
        [
            54.805035456136345,
            17.02898300371499
        ],
        [
            14.23592111334827,
            74.23835537010797
        ],
        [
            94.2588523367327,
            75.45487315726034
        ],
        [
            31.482946480101525,
            28.265265523377625
        ],
        [
            69.75012677773279,
            40.4630927015598
        ],
        [
            17.062754962458413,
            55.72478187271446
        ],
        [
            11.251862386886113,
            98.9102734719667
        ],
        [
            79.73968719530609,
            83.70718508317731
        ],
        [
            12.0515179867019,
            76.24202404924625
        ],
        [
            79.0456104199452,
            47.29490462206196
        ],
        [
            59.618354906771266,
            64.43822801369745
        ],
        [
            58.160646441035034,
            84.39982025837189
        ],
        [
            89.90410956194765,
            25.014578706412216
        ],
        [
            77.04715320014775,
            18.955119728652527
        ]
    ],
    "distances": [
        [
            0.0,
            75.05424208148784,
            58.673092942011245,
            70.80361960646836,
            21.918733362874228,
            80.67986763432107,
            22.32536235812579,
            83.67488882126153,
            59.06322650060526,
            46.50565286872277,
            22.712100211401232,
            70.35720351269065,
            103.54635147275194,
            64.80802193395299,
            86.63845568473727,
            28.410160841925524,
            48.70807067848536,
            68.11540915965095,
            14.213316642936633,
            0.0
        ],
        [
            75.05424208148784,
            0.0,
            34.5665981720245,
            21.1441709449606,
            57.87826535135178,
            48.611501185425745,
            53.97013195313791,
            42.10091593814228,
            100.03403457094308,
            28.550691387947314,
            66.68409395820518,
            26.03344066692522,
            65.82814052721035,
            91.32198134246028,
            43.555715463674595,
            76.85934693424873,
            64.12320882049934,
            74.71107725691114,
            86.89877715110413,
            75.05424208148784
        ],
        [
            58.673092942011245,
            34.5665981720245,
            0.0,
            48.62668109692176,
            51.116255105056965,
            74.86284411614868,
            36.93004307482345,
            71.04275203303652,
            103.09751316908458,
            27.138676920945997,
            61.63310226045556,
            52.366438589765885,
            95.88462305785539,
            99.764570151823,
            73.25726952396127,
            73.16863286617897,
            72.4645509876628,
            89.28401915875155,
            72.71480919021869,
            58.673092942011245
        ],
        [
            70.80361960646836,
            21.1441709449606,
            48.62668109692176,
            0.0,
            50.17944815585831,
            27.81908339495354,
            53.339877804070255,
            22.53825287157599,
            83.44120992676463,
            29.076855595443128,
            56.606251337486405,
            4.89845973111536,
            47.30654819162847,
            72.87437976831171,
            24.642000508072716,
            64.92480223046822,
            47.10300864607673,
            54.73226540008457,
            80.20331670264163,
            70.80361960646836
        ],
        [
            21.918733362874228,
            57.87826535135178,
            51.116255105056965,
            50.17944815585831,
            0.0,
            58.810594840286385,
            18.359949461119818,
            61.78965948978094,
            52.80252907867456,
            30.402295884350128,
            10.517083007907084,
            49.195306700609706,
            81.80473996941642,
            52.82813958808942,
            64.75185387345176,
            22.053057423026466,
            30.283237565972478,
            50.296173248983976,
            30.04325647729678,
            21.918733362874228
        ],
        [
            80.67986763432107,
            48.611501185425745,
            74.86284411614868,
            27.81908339495354,
            58.810594840286385,
            0.0,
            69.31952979557842,
            9.117971888044725,
            71.9190878906183,
            50.859029204079135,
            60.61740216467258,
            23.202532026126406,
            23.42509676752964,
            57.59719567213847,
            10.548671214675872,
            64.58197496409471,
            39.721480957864195,
            36.279791289865805,
            86.00743216816898,
            80.67986763432107
        ],
        [
            22.32536235812579,
            53.97013195313791,
            36.93004307482345,
            53.339877804070255,
            18.359949461119818,
            69.31952979557842,
            0.0,
            70.13390995171181,
            70.49956245737825,
            25.887716760420588,
            27.794122615068847,
            54.054089456520515,
            92.74386563620405,
            71.18791674085774,
            73.03456363851986,
            38.77668740343816,
            47.65295957808295,
            67.45435373254595,
            35.99603786268941,
            22.32536235812579
        ],
        [
            83.67488882126153,
            42.10091593814228,
            71.04275203303652,
            22.53825287157599,
            61.78965948978094,
            9.117971888044725,
            70.13390995171181,
            0.0,
            80.03217751072985,
            49.10178076258509,
            64.98150043571636,
            18.728144415661315,
            24.851723266361223,
            66.18460626954695,
            2.964170237260709,
            70.18721654425403,
            46.42852348735944,
            45.084774190275674,
            90.26990047701474,
            83.67488882126153
        ],
        [
            59.06322650060526,
            100.03403457094308,
            103.09751316908458,
            83.44120992676463,
            52.80252907867456,
            71.9190878906183,
            70.49956245737825,
            80.03217751072985,
            0.0,
            78.53453650949002,
            42.72121636829085,
            79.67756241197989,
            86.25726742980594,
            16.70050324171847,
            82.2111028235512,
            32.006664267337555,
            36.35011048696211,
            37.18995223887583,
            50.627927954072966,
            59.06322650060526
        ],
        [
            46.50565286872277,
            28.550691387947314,
            27.138676920945997,
            29.076855595443128,
            30.402295884350128,
            50.859029204079135,
            25.887716760420588,
            49.10178076258509,
            78.53453650949002,
            0.0,
            40.16421387006371,
            31.015592232698108,
            73.48478694017537,
            73.50183309911243,
            51.76243591586095,
            51.228255536185124,
            45.82667806705614,
            62.15133072188929,
            58.511531005586015,
            46.50565286872277
        ],
        [
            22.712100211401232,
            66.68409395820518,
            61.63310226045556,
            56.606251337486405,
            10.517083007907084,
            60.61740216467258,
            27.794122615068847,
            64.98150043571636,
            42.72121636829085,
            40.16421387006371,
            0.0,
            54.853243342193615,
            82.69292519163912,
            44.382911612987,
            67.89154133471185,
            11.536016221371833,
            26.02806013671624,
            45.439543163155086,
            25.393692262542285,
            22.712100211401232
        ],
        [
            70.35720351269065,
            26.03344066692522,
            52.366438589765885,
            4.89845973111536,
            49.195306700609706,
            23.202532026126406,
            54.054089456520515,
            18.728144415661315,
            79.67756241197989,
            31.015592232698108,
            54.853243342193615,
            0.0,
            43.57468482036247,
            68.63973137734371,
            21.120362746829052,
            62.553474732621915,
            43.43849940170829,
            50.11281782542056,
            79.05048714842997,
            70.35720351269065
        ],
        [
            103.54635147275194,
            65.82814052721035,
            95.88462305785539,
            47.30654819162847,
            81.80473996941642,
            23.42509676752964,
            92.74386563620405,
            24.851723266361223,
            86.25726742980594,
            73.48478694017537,
            82.69292519163912,
            43.57468482036247,
            0.0,
            70.15494311555081,
            22.682349546927075,
            85.20644678591884,
            59.393935016574616,
            49.10180520004026,
            107.92010790659435,
            103.54635147275194
        ],
        [
            64.80802193395299,
            91.32198134246028,
            99.764570151823,
            72.87437976831171,
            52.82813958808942,
            57.59719567213847,
            71.18791674085774,
            66.18460626954695,
            16.70050324171847,
            73.50183309911243,
            44.382911612987,
            68.63973137734371,
            70.15494311555081,
            0.0,
            68.09858207095913,
            36.41889497155312,
            27.859661153917354,
            21.590153852170854,
            59.56624484844894,
            64.80802193395299
        ],
        [
            86.63845568473727,
            43.555715463674595,
            73.25726952396127,
            24.642000508072716,
            64.75185387345176,
            10.548671214675872,
            73.03456363851986,
            2.964170237260709,
            82.2111028235512,
            51.76243591586095,
            67.89154133471185,
            21.120362746829052,
            22.682349546927075,
            68.09858207095913,
            0.0,
            72.98043672166959,
            49.009525354050425,
            46.82522147099593,
            93.194834467019,
            86.63845568473727
        ],
        [
            28.410160841925524,
            76.85934693424873,
            73.16863286617897,
            64.92480223046822,
            22.053057423026466,
            64.58197496409471,
            38.77668740343816,
            70.18721654425403,
            32.006664267337555,
            51.228255536185124,
            11.536016221371833,
            62.553474732621915,
            85.20644678591884,
            36.41889497155312,
            72.98043672166959,
            0.0,
            25.909685325845697,
            42.57882671913415,
            24.785478137902476,
            28.410160841925524
        ],
        [
            48.70807067848536,
            64.12320882049934,
            72.4645509876628,
            47.10300864607673,
            30.283237565972478,
            39.721480957864195,
            47.65295957808295,
            46.42852348735944,
            36.35011048696211,
            45.82667806705614,
            26.02806013671624,
            43.43849940170829,
            59.393935016574616,
            27.859661153917354,
            49.009525354050425,
            25.909685325845697,
            0.0,
            20.014746536334794,
            49.71369086818389,
            48.70807067848536
        ],
        [
            68.11540915965095,
            74.71107725691114,
            89.28401915875155,
            54.73226540008457,
            50.296173248983976,
            36.279791289865805,
            67.45435373254595,
            45.084774190275674,
            37.18995223887583,
            62.15133072188929,
            45.439543163155086,
            50.11281782542056,
            49.10180520004026,
            21.590153852170854,
            46.82522147099593,
            42.57882671913415,
            20.014746536334794,
            0.0,
            67.33687225505308,
            68.11540915965095
        ],
        [
            14.213316642936633,
            86.89877715110413,
            72.71480919021869,
            80.20331670264163,
            30.04325647729678,
            86.00743216816898,
            35.99603786268941,
            90.26990047701474,
            50.627927954072966,
            58.511531005586015,
            25.393692262542285,
            79.05048714842997,
            107.92010790659435,
            59.56624484844894,
            93.194834467019,
            24.785478137902476,
            49.71369086818389,
            67.33687225505308,
            0.0,
            14.213316642936633
        ],
        [
            0.0,
            75.05424208148784,
            58.673092942011245,
            70.80361960646836,
            21.918733362874228,
            80.67986763432107,
            22.32536235812579,
            83.67488882126153,
            59.06322650060526,
            46.50565286872277,
            22.712100211401232,
            70.35720351269065,
            103.54635147275194,
            64.80802193395299,
            86.63845568473727,
            28.410160841925524,
            48.70807067848536,
            68.11540915965095,
            14.213316642936633,
            0.0
        ]
    ],
    "scores_ave": [
        0,
        12.196548522010794,
        11.464200670564967,
        17.607520262518513,
        16.28085888740327,
        19.344400936568498,
        19.241967605216427,
        11.532703442905452,
        17.40935331889194,
        16.579430495730158,
        11.785658398985303,
        11.975741786800917,
        17.275464194144362,
        14.114482215002859,
        19.44709255389968,
        12.124087518740538,
        13.484711694353207,
        19.47779152579114,
        18.709520965646565,
        0
    ],
    "scores_var": [
        0,
        22.932630436391836,
        267.81459131598314,
        18.46311080677427,
        370.02553764182056,
        19.74832327453989,
        17.423531178949798,
        17.58384970380888,
        248.7089433989525,
        23.946949703258944,
        17.59800919847699,
        24.597048213742475,
        248.66754156776574,
        18.966714929715657,
        378.65268681942916,
        22.098224184655457,
        20.348379170145158,
        369.9346754634745,
        246.01250678793306,
        0
    ],
    "vertex_number": 20,
    "minimum_distances": {
        "cost": 402.05685981353884,
        "path": [
            0,
            10,
            4,
            6,
            9,
            2,
            1,
            3,
            11,
            7,
            14,
            12,
            5,
            16,
            17,
            13,
            8,
            15,
            18,
            19
        ]
    }
}