{
    "vertices": [
        [
            43.75991242080824,
            42.67798826517563
        ],
        [
            87.44064835434419,
            41.86688332101423
        ],
        [
            23.443131590745036,
            74.75272207212738
        ],
        [
            46.42730735701879,
            4.137354207413823
        ],
        [
            17.644874213928365,
            31.68774455355978
        ],
        [
            7.5621537709587905,
            77.4058501357392
        ],
        [
            28.315299711967157,
            39.27420829300464
        ],
        [
            14.034709839996918,
            11.050843203395711
        ],
        [
            9.664130338966338,
            92.89159929202326
        ],
        [
            93.91420809163881,
            54.67426233401942
        ],
        [
            42.653614112548624,
            49.514407730963086
        ],
        [
            17.215446455866157,
            43.22486951227387
        ],
        [
            95.12955059094955,
            6.9392404207478275
        ],
        [
            44.48842027684899,
            34.370486889499354
        ],
        [
            20.359628006168485,
            35.942528719489864
        ],
        [
            43.75991242080824,
            42.67798826517563
        ]
    ],
    "distances": [
        [
            0.0,
            43.68826596382308,
            37.967882902311494,
            38.63282890651461,
            28.33338450287059,
            50.162756317547924,
            15.815238848182087,
            43.40350185444882,
            60.69537946275651,
            51.569021376907166,
            6.925353930237484,
            26.550098916245048,
            62.57873299467504,
            8.339382639211147,
            24.35035371360346,
            0.0
        ],
        [
            43.68826596382308,
            0.0,
            71.95248808951203,
            55.72801366365854,
            70.53414034286541,
            87.42763898885784,
            59.182166366934396,
            79.61193464363748,
            93.01993546825616,
            14.350468036098606,
            45.43526236059975,
            70.23833076161232,
            35.763940724878246,
            43.6014891520874,
            67.34212105656435,
            43.68826596382308
        ],
        [
            37.967882902311494,
            71.95248808951203,
            0.0,
            74.26171634377829,
            43.45356230831417,
            16.10107279141571,
            35.811492040640466,
            64.3929170891218,
            22.778931983193957,
            73.2756246554722,
            31.71774187271125,
            32.137043255020416,
            98.67933402062904,
            45.53711776371597,
            38.93249417164544,
            37.967882902311494
        ],
        [
            38.63282890651461,
            55.72801366365854,
            74.26171634377829,
            0.0,
            39.842847110384604,
            82.9383666276776,
            39.53028378302525,
            33.12214823946862,
            96.06688922308028,
            69.34684437216036,
            45.533699028109,
            48.79719940750656,
            48.782774238140924,
            30.295240465826275,
            41.12290155719023,
            38.63282890651461
        ],
        [
            28.33338450287059,
            70.53414034286541,
            43.45356230831417,
            39.842847110384604,
            0.0,
            46.816732367331895,
            13.092456315722734,
            20.950297948793175,
            61.72199047053394,
            79.65796438411579,
            30.712000770992237,
            11.545114140292329,
            81.34103226578524,
            26.977269537022902,
            5.047085936570871,
            28.33338450287059
        ],
        [
            50.162756317547924,
            87.42763898885784,
            16.10107279141571,
            82.9383666276776,
            46.816732367331895,
            0.0,
            43.41330644020768,
            66.66994020589935,
            15.627755194646646,
            89.29391003528163,
            44.825697410350635,
            35.51796018977158,
            112.39925298041196,
            56.70618703280833,
            43.393344762394804,
            50.162756317547924
        ],
        [
            15.815238848182087,
            59.182166366934396,
            35.811492040640466,
            39.53028378302525,
            13.092456315722734,
            43.41330644020768,
            0.0,
            31.63057988834184,
            56.76874788580427,
            67.38233036242315,
            17.619561412790226,
            11.78195511689014,
            74.2273148363827,
            16.900186756642647,
            8.62512614812219,
            15.815238848182087
        ],
        [
            43.40350185444882,
            79.61193464363748,
            64.3929170891218,
            33.12214823946862,
            20.950297948793175,
            66.66994020589935,
            31.63057988834184,
            0.0,
            81.95737503320281,
            91.01503687622241,
            47.9425435070754,
            32.33086844401051,
            81.19900537484831,
            38.35667166241704,
            25.682690623081115,
            43.40350185444882
        ],
        [
            60.69537946275651,
            93.01993546825616,
            22.778931983193957,
            96.06688922308028,
            61.72199047053394,
            15.627755194646646,
            56.76874788580427,
            81.95737503320281,
            0.0,
            92.51292042462481,
            54.49666767218302,
            50.23750015787007,
            121.21116307661032,
            68.09883821701037,
            57.94471770079233,
            60.69537946275651
        ],
        [
            51.569021376907166,
            14.350468036098606,
            73.2756246554722,
            69.34684437216036,
            79.65796438411579,
            89.29391003528163,
            67.38233036242315,
            91.01503687622241,
            92.51292042462481,
            0.0,
            51.519633098594745,
            77.54862108669444,
            47.75049082942655,
            53.43362048761175,
            75.90226673661047,
            51.569021376907166
        ],
        [
            6.925353930237484,
            45.43526236059975,
            31.71774187271125,
            45.533699028109,
            30.712000770992237,
            44.825697410350635,
            17.619561412790226,
            47.9425435070754,
            54.49666767218302,
            51.519633098594745,
            0.0,
            26.204172658831233,
            67.57491236234044,
            15.254666568400445,
            26.10014782359552,
            6.925353930237484
        ],
        [
            26.550098916245048,
            70.23833076161232,
            32.137043255020416,
            48.79719940750656,
            11.545114140292329,
            35.51796018977158,
            11.78195511689014,
            32.33086844401051,
            50.23750015787007,
            77.54862108669444,
            26.204172658831233,
            0.0,
            85.94913904013478,
            28.674294981228506,
            7.932109747318649,
            26.550098916245048
        ],
        [
            62.57873299467504,
            35.763940724878246,
            98.67933402062904,
            48.782774238140924,
            81.34103226578524,
            112.39925298041196,
            74.2273148363827,
            81.19900537484831,
            121.21116307661032,
            47.75049082942655,
            67.57491236234044,
            85.94913904013478,
            0.0,
            57.59337950076473,
            80.19808012336766,
            62.57873299467504
        ],
        [
            8.339382639211147,
            43.6014891520874,
            45.53711776371597,
            30.295240465826275,
            26.977269537022902,
            56.70618703280833,
            16.900186756642647,
            38.35667166241704,
            68.09883821701037,
            53.43362048761175,
            15.254666568400445,
            28.674294981228506,
            57.59337950076473,
            0.0,
            24.179948965142405,
            8.339382639211147
        ],
        [
            24.35035371360346,
            67.34212105656435,
            38.93249417164544,
            41.12290155719023,
            5.047085936570871,
            43.393344762394804,
            8.62512614812219,
            25.682690623081115,
            57.94471770079233,
            75.90226673661047,
            26.10014782359552,
            7.932109747318649,
            80.19808012336766,
            24.179948965142405,
            0.0,
            24.35035371360346
        ],
        [
            0.0,
            43.68826596382308,
            37.967882902311494,
            38.63282890651461,
            28.33338450287059,
            50.162756317547924,
            15.815238848182087,
            43.40350185444882,
            60.69537946275651,
            51.569021376907166,
            6.925353930237484,
            26.550098916245048,
            62.57873299467504,
            8.339382639211147,
            24.35035371360346,
            0.0
        ]
    ],
    "scores_ave": [
        0,
        12.922710743504025,
        15.86901241226122,
        16.085024183244872,
        15.407248194505627,
        17.442508503409513,
        12.927024633664635,
        19.46955283573085,
        16.911723068008463,
        13.556736616133229,
        15.055831918710853,
        10.382795499266159,
        17.25800727926913,
        10.645159896941221,
        19.75066095484593,
        0
    ],
    "scores_var": [
        0,
        16.271226963654282,
        20.002285621335037,
        274.1930557141251,
        280.65641915284795,
        21.37737705340615,
        22.96885966440928,
        22.718660946791974,
        23.366350873794868,
        262.06965220278244,
        364.1102768538493,
        18.571575303686025,
        19.81832243553535,
        22.113806623853343,
        399.88894337570264,
        0
    ],
    "vertex_number": 16,
    "minimum_distances": {
        "cost": 352.76454268634654,
        "path": [
            0,
            13,
            9,
            1,
            12,
            3,
            7,
            4,
            14,
            6,
            11,
            5,
            8,
            2,
            10,
            15
        ]
    }
}