{
    "vertices": [
        [
            89.90068763874623,
            17.46817406566421
        ],
        [
            18.550327303862968,
            0.2391852322533805
        ],
        [
            68.55302584110522,
            1.7787711026887587
        ],
        [
            92.28680509130743,
            77.86637011631741
        ],
        [
            5.602212326783507,
            87.85275107637683
        ],
        [
            93.17582987581757,
            97.6041679146806
        ],
        [
            98.5820302279978,
            71.65063801729185
        ],
        [
            10.603120913866649,
            49.12873366531264
        ],
        [
            56.920954085132266,
            29.083578999191996
        ],
        [
            83.74966795696778,
            98.38315644248506
        ],
        [
            3.562642122812265,
            21.92864005886046
        ],
        [
            55.38713323905245,
            74.90342256665099
        ],
        [
            92.99809356084062,
            39.76483432804343
        ],
        [
            26.005342972545897,
            59.572147932086914
        ],
        [
            89.90068763874623,
            17.46817406566421
        ]
    ],
    "distances": [
        [
            0.0,
            73.40103525250497,
            26.49301850603446,
            60.44531117192265,
            109.81904033863403,
            80.2028931326211,
            54.87353742033934,
            85.38439624808282,
            34.965418016051125,
            81.14844062683432,
            86.4531888387464,
            67.00741158760519,
            22.510774804572716,
            76.52032204164422,
            0.0
        ],
        [
            73.40103525250497,
            0.0,
            50.02639488968571,
            107.06562468655825,
            88.56517713741799,
            122.6739804802394,
            107.2598203513634,
            49.53126321217383,
            48.00316709728295,
            117.8269625616921,
            26.364050480943096,
            83.25682319326187,
            84.28966032140067,
            59.79947927331931,
            73.40103525250497
        ],
        [
            26.49301850603446,
            50.02639488968571,
            0.0,
            79.70329354020492,
            106.63739939920593,
            98.93830983348937,
            76.05142267308364,
            74.83455375531996,
            29.679245738412042,
            97.79235756682347,
            68.04239262990279,
            74.30043996999439,
            45.17191976419744,
            71.76614607757834,
            26.49301850603446
        ],
        [
            60.44531117192265,
            107.06562468655825,
            79.70329354020492,
            0.0,
            87.25793045580895,
            19.75780926612422,
            8.846761274527251,
            86.59143150214118,
            60.253664839311405,
            22.222088821803872,
            104.88568414441035,
            37.01843920245926,
            38.10817446050144,
            68.75980501664336,
            60.44531117192265
        ],
        [
            109.81904033863403,
            88.56517713741799,
            106.63739939920593,
            87.25793045580895,
            0.0,
            88.11486038676361,
            94.38090381280709,
            39.0455965654101,
            78.02197666233437,
            78.85375234347559,
            65.95565373845331,
            51.44145661908955,
            99.75213177607814,
            34.87234225504317,
            109.81904033863403
        ],
        [
            80.2028931326211,
            122.6739804802394,
            98.93830983348937,
            19.75780926612422,
            88.11486038676361,
            0.0,
            26.510615164167074,
            95.75030021352333,
            77.52088185723508,
            9.458295388008604,
            117.29155526086433,
            44.08298348412402,
            57.83960667176046,
            77.19008261933003,
            80.2028931326211
        ],
        [
            54.87353742033934,
            107.2598203513634,
            76.05142267308364,
            8.846761274527251,
            94.38090381280709,
            26.510615164167074,
            0.0,
            90.81588330101631,
            59.561730824683366,
            30.57166190923171,
            107.24253445747229,
            43.31719904622354,
            32.3710491892387,
            73.57489691269753,
            54.87353742033934
        ],
        [
            85.38439624808282,
            49.53126321217383,
            74.83455375531996,
            86.59143150214118,
            39.0455965654101,
            95.75030021352333,
            90.81588330101631,
            0.0,
            50.46929656008583,
            88.1839866837571,
            28.09650216320614,
            51.67148486257356,
            82.92535274748066,
            18.608958753577,
            85.38439624808282
        ],
        [
            34.965418016051125,
            48.00316709728295,
            29.679245738412042,
            60.253664839311405,
            78.02197666233437,
            77.52088185723508,
            59.561730824683366,
            50.46929656008583,
            0.0,
            74.31158268961704,
            53.83588586350311,
            45.84550873241873,
            37.62511406161888,
            43.42036211319016,
            34.965418016051125
        ],
        [
            81.14844062683432,
            117.8269625616921,
            97.79235756682347,
            22.222088821803872,
            78.85375234347559,
            9.458295388008604,
            30.57166190923171,
            88.1839866837571,
            74.31158268961704,
            0.0,
            110.79373713157908,
            36.820256361206155,
            59.343416346405334,
            69.57514965489278,
            81.14844062683432
        ],
        [
            86.4531888387464,
            26.364050480943096,
            68.04239262990279,
            104.88568414441035,
            65.95565373845331,
            117.29155526086433,
            107.24253445747229,
            28.09650216320614,
            53.83588586350311,
            110.79373713157908,
            0.0,
            74.10874078814838,
            91.19665454353006,
            43.825888541275425,
            86.4531888387464
        ],
        [
            67.00741158760519,
            83.25682319326187,
            74.30043996999439,
            37.01843920245926,
            51.44145661908955,
            44.08298348412402,
            43.31719904622354,
            51.67148486257356,
            45.84550873241873,
            36.820256361206155,
            74.10874078814838,
            0.0,
            51.471397102949645,
            33.141176520838954,
            67.00741158760519
        ],
        [
            22.510774804572716,
            84.28966032140067,
            45.17191976419744,
            38.10817446050144,
            99.75213177607814,
            57.83960667176046,
            32.3710491892387,
            82.92535274748066,
            37.62511406161888,
            59.343416346405334,
            91.19665454353006,
            51.471397102949645,
            0.0,
            69.85956128973605,
            22.510774804572716
        ],
        [
            76.52032204164422,
            59.79947927331931,
            71.76614607757834,
            68.75980501664336,
            34.87234225504317,
            77.19008261933003,
            73.57489691269753,
            18.608958753577,
            43.42036211319016,
            69.57514965489278,
            43.825888541275425,
            33.141176520838954,
            69.85956128973605,
            0.0,
            76.52032204164422
        ],
        [
            0.0,
            73.40103525250497,
            26.49301850603446,
            60.44531117192265,
            109.81904033863403,
            80.2028931326211,
            54.87353742033934,
            85.38439624808282,
            34.965418016051125,
            81.14844062683432,
            86.4531888387464,
            67.00741158760519,
            22.510774804572716,
            76.52032204164422,
            0.0
        ]
    ],
    "scores_ave": [
        0,
        11.202562148109669,
        17.556953919839827,
        12.416590487497082,
        11.879599857366749,
        14.172611940350137,
        15.693499318766776,
        19.166921309717893,
        19.08143459569922,
        15.654168424403537,
        14.678059942986069,
        16.246765126847862,
        12.39256285764132,
        10.760316314573181,
        0
    ],
    "scores_var": [
        0,
        301.6987584727401,
        16.61901060367039,
        314.62676386067017,
        18.133355673331135,
        296.94988499579904,
        22.290449128984683,
        23.718084633491593,
        251.6720874764402,
        284.01199167371186,
        16.63123077948007,
        339.6859114580799,
        24.358820652011698,
        21.834369754772673,
        0
    ],
    "vertex_number": 15,
    "minimum_distances": {
        "cost": 423.9287219896092,
        "path": [
            0,
            2,
            1,
            10,
            7,
            4,
            13,
            8,
            11,
            9,
            5,
            3,
            6,
            12,
            14
        ]
    }
}