{
    "vertices": [
        [
            46.83891643999654,
            51.560534254619085
        ],
        [
            48.43412841279918,
            52.158579246788584
        ],
        [
            12.522993955824546,
            92.4765296480879
        ],
        [
            87.59654306051148,
            21.12264831266667
        ],
        [
            73.55104232350638,
            3.3402093617365125
        ],
        [
            19.25658277277691,
            97.27137334502645
        ],
        [
            35.52577598287747,
            9.34697472918813
        ],
        [
            37.028694063086334,
            56.1209175156963
        ],
        [
            60.338518835278734,
            88.06753864706542
        ],
        [
            46.91471183785326,
            16.92822208112037
        ],
        [
            1.741618832550973,
            5.886392055139023
        ],
        [
            97.00142369911002,
            21.274754421329334
        ],
        [
            60.44462780791255,
            49.42771927851315
        ],
        [
            62.12715286365614,
            84.00437446759383
        ],
        [
            93.75085255796456,
            21.71205511522729
        ],
        [
            92.13284789285193,
            65.41054210747947
        ],
        [
            82.8999427014381,
            10.892113420749682
        ],
        [
            2.223869234240239,
            97.62482688019867
        ],
        [
            20.5703026432842,
            6.309374700102044
        ],
        [
            51.356477935807945,
            94.15496921603952
        ],
        [
            37.66448847018899,
            78.08457944442293
        ],
        [
            9.968831762348064,
            33.29733569289122
        ],
        [
            46.83891643999654,
            51.560534254619085
        ]
    ],
    "distances": [
        [
            0.0,
            1.7036311369636095,
            53.40132222125274,
            50.86893972113644,
            55.12474400839996,
            53.3878819665938,
            43.70322362034186,
            10.818389832703522,
            38.92300906328806,
            34.632395115339676,
            64.1863966674625,
            58.5961226928123,
            13.771865579845777,
            35.865483974299714,
            55.60271088059484,
            47.364152520447966,
            54.35363895958652,
            64.12816457896552,
            52.32310686330835,
            42.83333108166015,
            28.06590639555301,
            41.14544404720974,
            0.0
        ],
        [
            1.7036311369636095,
            0.0,
            53.99209851958472,
            49.96922783060527,
            54.900752295680206,
            53.726095716379646,
            44.71531106708857,
            12.074106892969779,
            37.830779486306554,
            35.26310668033617,
            65.73663939083461,
            57.55512841856375,
            12.317048830233155,
            34.66487547730742,
            54.5948378415282,
            45.66390920472613,
            53.76628642886343,
            64.82721440268863,
            53.65204883392421,
            42.09794409687996,
            28.073878085173785,
            42.84069974693039,
            1.7036311369636095
        ],
        [
            53.40132222125274,
            53.99209851958472,
            0.0,
            103.57323088908261,
            108.0264147408361,
            8.266301738616683,
            86.25341084269353,
            43.84358415170856,
            48.01836753935727,
            83.00805403760637,
            87.25875301604167,
            110.48211568997523,
            64.41803369623443,
            50.32246013815085,
            107.72917835480382,
            84.08505530368167,
            107.74475340311604,
            11.514205765961819,
            86.54211557930317,
            38.86973935347255,
            28.96934547207772,
            59.23428687590805,
            53.40132222125274
        ],
        [
            50.86893972113644,
            49.96922783060527,
            103.57323088908261,
            0.0,
            22.66034478989163,
            102.31802625238171,
            53.38568415219429,
            61.497855242553975,
            72.2815206435784,
            40.897488957645464,
            87.19639624969538,
            9.406110572100363,
            39.22248773683178,
            67.84394830213614,
            6.182469229146715,
            44.51960914375298,
            11.25708217557192,
            114.63453564186253,
            68.64364485943806,
            81.52951745702893,
            75.74874041111104,
            78.57661595027625,
            50.86893972113644
        ],
        [
            55.12474400839996,
            54.900752295680206,
            108.0264147408361,
            22.66034478989163,
            0.0,
            108.49401783122194,
            38.4967805206537,
            64.18477292698701,
            85.7513329619518,
            29.90197637954841,
            71.85454994926599,
            29.5223354962954,
            47.9148898755236,
            81.46909096470813,
            27.3048905857207,
            64.79204970815641,
            12.01803616207871,
            118.22501732505194,
            53.06387396214133,
            93.48753551011181,
            82.91300022628923,
            70.28603643586851,
            55.12474400839996
        ],
        [
            53.3878819665938,
            53.726095716379646,
            8.266301738616683,
            102.31802625238171,
            108.49401783122194,
            0.0,
            89.41692524161414,
            44.82418939230018,
            42.100309307544045,
            84.9705481822691,
            93.0483141554993,
            108.71865699361116,
            63.1305812443744,
            44.87648648380115,
            106.10658227546669,
            79.53654873703606,
            107.2933073778364,
            17.03638048082327,
            90.971484858594,
            32.25081772874527,
            26.589171712354123,
            64.64471991082132,
            53.3878819665938
        ],
        [
            43.70322362034186,
            44.71531106708857,
            86.25341084269353,
            53.38568415219429,
            38.4967805206537,
            89.41692524161414,
            0.0,
            46.798082081975956,
            82.53847218968858,
            13.681490098667352,
            33.96093206615339,
            62.622098260235454,
            47.19550042012799,
            79.25503509338272,
            59.52356470447621,
            79.67110001375174,
            47.39935786331012,
            94.35039042574549,
            15.260838664634026,
            86.27286394460504,
            68.7708687824376,
            35.02537920112963,
            43.70322362034186
        ],
        [
            10.818389832703522,
            12.074106892969779,
            43.84358415170856,
            61.497855242553975,
            64.18477292698701,
            44.82418939230018,
            46.798082081975956,
            0.0,
            39.54661215099916,
            40.42030087555554,
            61.38961823120291,
            69.36125274528146,
            24.353744184094626,
            37.51559416765544,
            66.34284494964393,
            55.881704468911224,
            64.41906683196017,
            54.16595170310856,
            52.46016055824835,
            40.64325872082358,
            21.972862349896488,
            35.39988749921664,
            10.818389832703522
        ],
        [
            38.92300906328806,
            37.830779486306554,
            48.01836753935727,
            72.2815206435784,
            85.7513329619518,
            42.100309307544045,
            82.53847218968858,
            39.54661215099916,
            0.0,
            72.39475779207962,
            100.9323414228233,
            76.19346834000984,
            38.63996506142857,
            4.439427309553631,
            74.29289494655711,
            39.04124552849272,
            80.40562235149453,
            58.895282125333864,
            90.91704125779587,
            10.850523934439588,
            24.774404683839247,
            74.41021776252501,
            38.92300906328806
        ],
        [
            34.632395115339676,
            35.26310668033617,
            83.00805403760637,
            40.897488957645464,
            29.90197637954841,
            84.9705481822691,
            13.681490098667352,
            40.42030087555554,
            72.39475779207962,
            0.0,
            46.50301433228123,
            50.274954484882834,
            35.20335132114849,
            68.77956514065018,
            47.079816652704594,
            66.29641908449257,
            36.487963057223425,
            92.24539792704859,
            28.40401055330487,
            77.3543777630567,
            61.851973924036194,
            40.4097257475063,
            34.632395115339676
        ],
        [
            64.1863966674625,
            65.73663939083461,
            87.25875301604167,
            87.19639624969538,
            71.85454994926599,
            93.0483141554993,
            33.96093206615339,
            61.38961823120291,
            100.9323414228233,
            46.50301433228123,
            0.0,
            96.49472586379056,
            73.08823735139823,
            98.73617319105678,
            93.36032723822913,
            108.22984214386223,
            81.31254995139008,
            91.73970236272649,
            18.833434322037697,
            101.25697979816445,
            80.64137167298736,
            28.618994805971923,
            64.1863966674625
        ],
        [
            58.5961226928123,
            57.55512841856375,
            110.48211568997523,
            9.406110572100363,
            29.5223354962954,
            108.71865699361116,
            62.622098260235454,
            69.36125274528146,
            76.19346834000984,
            50.274954484882834,
            96.49472586379056,
            0.0,
            46.14096613726786,
            71.77200009372247,
            3.2798543627013856,
            44.40349969381021,
            17.511453408401593,
            121.70504671054506,
            77.88246822007392,
            85.9941089974068,
            82.1475994872381,
            87.85906054393158,
            58.5961226928123
        ],
        [
            13.771865579845777,
            12.317048830233155,
            64.41803369623443,
            39.22248773683178,
            47.9148898755236,
            63.1305812443744,
            47.19550042012799,
            24.353744184094626,
            38.63996506142857,
            35.20335132114849,
            73.08823735139823,
            46.14096613726786,
            0.0,
            34.617567427937296,
            43.329697057711186,
            35.49075820173024,
            44.60083055047613,
            75.5818623087728,
            58.72949383842082,
            45.64122429418154,
            36.608064450536126,
            52.99052048293851,
            13.771865579845777
        ],
        [
            35.865483974299714,
            34.66487547730742,
            50.32246013815085,
            67.84394830213614,
            81.46909096470813,
            44.87648648380115,
            79.25503509338272,
            37.51559416765544,
            4.439427309553631,
            68.77956514065018,
            98.73617319105678,
            71.77200009372247,
            34.617567427937296,
            0.0,
            69.85979840117649,
            35.29974980111248,
            76.00599655965668,
            61.43224001703242,
            88.1106394773581,
            14.80006797783547,
            25.16874892289572,
            72.74403234222278,
            35.865483974299714
        ],
        [
            55.60271088059484,
            54.5948378415282,
            107.72917835480382,
            6.182469229146715,
            27.3048905857207,
            106.10658227546669,
            59.52356470447621,
            66.34284494964393,
            74.29289494655711,
            47.079816652704594,
            93.36032723822913,
            3.2798543627013856,
            43.329697057711186,
            69.85979840117649,
            0.0,
            43.728431306283554,
            15.323621732030517,
            118.91146956194741,
            74.78392507608508,
            83.93603995317754,
            79.52070004616581,
            84.57922756008305,
            55.60271088059484
        ],
        [
            47.364152520447966,
            45.66390920472613,
            84.08505530368167,
            44.51960914375298,
            64.79204970815641,
            79.53654873703606,
            79.67110001375174,
            55.881704468911224,
            39.04124552849272,
            66.29641908449257,
            108.22984214386223,
            44.40349969381021,
            35.49075820173024,
            35.29974980111248,
            43.728431306283554,
            0.0,
            55.29471588446475,
            95.5059400605666,
            92.81242304514672,
            49.88942209199301,
            55.9234601988703,
            88.21668534307811,
            47.364152520447966
        ],
        [
            54.35363895958652,
            53.76628642886343,
            107.74475340311604,
            11.25708217557192,
            12.01803616207871,
            107.2933073778364,
            47.39935786331012,
            64.41906683196017,
            80.40562235149453,
            36.487963057223425,
            81.31254995139008,
            17.511453408401593,
            44.60083055047613,
            76.00599655965668,
            15.323621732030517,
            55.29471588446475,
            0.0,
            118.45333433096593,
            62.49788415587161,
            89.03759500687214,
            81.00045561507612,
            76.29509111256063,
            54.35363895958652
        ],
        [
            64.12816457896552,
            64.82721440268863,
            11.514205765961819,
            114.63453564186253,
            118.22501732505194,
            17.03638048082327,
            94.35039042574549,
            54.16595170310856,
            58.895282125333864,
            92.24539792704859,
            91.73970236272649,
            121.70504671054506,
            75.5818623087728,
            61.43224001703242,
            118.91146956194741,
            95.5059400605666,
            118.45333433096593,
            0.0,
            93.14023526751475,
            49.254980966709255,
            40.4704677719302,
            64.7920563573569,
            64.12816457896552
        ],
        [
            52.32310686330835,
            53.65204883392421,
            86.54211557930317,
            68.64364485943806,
            53.06387396214133,
            90.971484858594,
            15.260838664634026,
            52.46016055824835,
            90.91704125779587,
            28.40401055330487,
            18.833434322037697,
            77.88246822007392,
            58.72949383842082,
            88.1106394773581,
            74.78392507608508,
            92.81242304514672,
            62.49788415587161,
            93.14023526751475,
            0.0,
            93.08403227729504,
            73.78272972162209,
            28.995537991002113,
            52.32310686330835
        ],
        [
            42.83333108166015,
            42.09794409687996,
            38.86973935347255,
            81.52951745702893,
            93.48753551011181,
            32.25081772874527,
            86.27286394460504,
            40.64325872082358,
            10.850523934439588,
            77.3543777630567,
            101.25697979816445,
            85.9941089974068,
            45.64122429418154,
            14.80006797783547,
            83.93603995317754,
            49.88942209199301,
            89.03759500687214,
            49.254980966709255,
            93.08403227729504,
            0.0,
            21.112271382736143,
            73.59747831153818,
            42.83333108166015
        ],
        [
            28.06590639555301,
            28.073878085173785,
            28.96934547207772,
            75.74874041111104,
            82.91300022628923,
            26.589171712354123,
            68.7708687824376,
            21.972862349896488,
            24.774404683839247,
            61.851973924036194,
            80.64137167298736,
            82.1475994872381,
            36.608064450536126,
            25.16874892289572,
            79.52070004616581,
            55.9234601988703,
            81.00045561507612,
            40.4704677719302,
            73.78272972162209,
            21.112271382736143,
            0.0,
            52.6587751788597,
            28.06590639555301
        ],
        [
            41.14544404720974,
            42.84069974693039,
            59.23428687590805,
            78.57661595027625,
            70.28603643586851,
            64.64471991082132,
            35.02537920112963,
            35.39988749921664,
            74.41021776252501,
            40.4097257475063,
            28.618994805971923,
            87.85906054393158,
            52.99052048293851,
            72.74403234222278,
            84.57922756008305,
            88.21668534307811,
            76.29509111256063,
            64.7920563573569,
            28.995537991002113,
            73.59747831153818,
            52.6587751788597,
            0.0,
            41.14544404720974
        ],
        [
            0.0,
            1.7036311369636095,
            53.40132222125274,
            50.86893972113644,
            55.12474400839996,
            53.3878819665938,
            43.70322362034186,
            10.818389832703522,
            38.92300906328806,
            34.632395115339676,
            64.1863966674625,
            58.5961226928123,
            13.771865579845777,
            35.865483974299714,
            55.60271088059484,
            47.364152520447966,
            54.35363895958652,
            64.12816457896552,
            52.32310686330835,
            42.83333108166015,
            28.06590639555301,
            41.14544404720974,
            0.0
        ]
    ],
    "scores_ave": [
        0,
        11.808663953989925,
        11.997699780687883,
        16.204278261260676,
        14.318806645315833,
        15.103262202552227,
        11.992295903926722,
        16.236415233601818,
        13.40074072159664,
        16.836389436986874,
        11.825603045349117,
        13.230990091695686,
        18.038405461192273,
        12.279955233557995,
        14.57147553847421,
        16.11292957615504,
        18.41849567157083,
        16.936392490131,
        18.49169698762493,
        15.904061436220774,
        19.190186471323614,
        19.250671448666036,
        0
    ],
    "scores_var": [
        0,
        17.175917988236296,
        379.252041212326,
        21.958722915698594,
        362.94519996538935,
        18.045908085219228,
        21.611631528689074,
        395.67512455416454,
        241.34344099536327,
        24.157575293237986,
        16.762019877571092,
        23.564804989708644,
        238.71431987740502,
        350.56670273552044,
        288.35897212200297,
        18.273015526747834,
        255.8387131932513,
        16.81522087480641,
        282.8264997589034,
        362.04885983657607,
        391.11339518733877,
        21.35625234543571,
        0
    ],
    "vertex_number": 23,
    "minimum_distances": {
        "cost": 453.0101777580633,
        "path": [
            0,
            1,
            20,
            2,
            17,
            5,
            19,
            8,
            13,
            15,
            11,
            14,
            3,
            16,
            4,
            12,
            9,
            6,
            18,
            10,
            21,
            7,
            22
        ]
    }
}