{
    "vertices": [
        [
            56.490058565664356,
            90.72614252177112
        ],
        [
            29.498382738892616,
            77.24909203823653
        ],
        [
            50.0683866067773,
            50.15811506701935
        ],
        [
            40.2740888124489,
            2.602917636362645
        ],
        [
            31.278043014213253,
            61.62910729990321
        ],
        [
            71.82372022770495,
            8.91714070104095
        ],
        [
            70.34065711374267,
            5.614298190428912
        ],
        [
            23.118435611575993,
            58.17752107757239
        ],
        [
            63.87661816082887,
            73.32424281873668
        ],
        [
            27.172665451876533,
            64.50249855159174
        ],
        [
            85.64872819393725,
            69.2512049895266
        ],
        [
            49.299511020138354,
            8.89638975993945
        ],
        [
            93.77593001972778,
            81.97120909076851
        ],
        [
            78.08146811060698,
            89.51463527871691
        ],
        [
            34.39796309625122,
            53.01945421212937
        ],
        [
            56.490058565664356,
            90.72614252177112
        ]
    ],
    "distances": [
        [
            0.0,
            30.169213673433287,
            41.07313869571024,
            89.6027925861771,
            38.50043099588931,
            83.2336107523287,
            86.23146250425455,
            46.6162844562669,
            18.904691902471914,
            39.3343239685532,
            36.21327044751093,
            82.1450693046574,
            38.299935632716526,
            21.62537204159531,
            43.701888122941995,
            0.0
        ],
        [
            30.169213673433287,
            0.0,
            34.015380232768386,
            75.41993896986823,
            15.721040484691846,
            80.37841605238764,
            82.45989974362344,
            20.110408853501788,
            34.601553608499735,
            12.957029227909485,
            56.71708289364654,
            71.16302825172541,
            64.45076783016486,
            50.10748182875867,
            24.72005737983909,
            30.169213673433287
        ],
        [
            41.07313869571024,
            34.015380232768386,
            0.0,
            48.55332194559631,
            22.015010223333867,
            46.62737937749829,
            48.93992821248107,
            28.117800970307872,
            26.969181182586784,
            27.01805664283506,
            40.37953429954252,
            41.26888834200223,
            54.05943305805986,
            48.30805749058808,
            15.929514578372675,
            41.07313869571024
        ],
        [
            89.6027925861771,
            75.41993896986823,
            48.55332194559631,
            0.0,
            59.70778765119518,
            32.17528019068408,
            30.21699757185964,
            58.16229865124266,
            74.5559201351055,
            63.27088913200087,
            80.627861847565,
            11.003001290434,
            95.71714946110963,
            94.77892483531929,
            50.75781726717751,
            89.6027925861771
        ],
        [
            38.50043099588931,
            15.721040484691846,
            22.015010223333867,
            59.70778765119518,
            0.0,
            66.50190496083725,
            68.29016517668997,
            8.85960723821077,
            34.632979894797174,
            5.011038037634315,
            54.90234767387293,
            55.727128117624936,
            65.72508642386092,
            54.48085233741245,
            9.157512086266523,
            38.50043099588931
        ],
        [
            83.2336107523287,
            80.37841605238764,
            46.62737937749829,
            32.17528019068408,
            66.50190496083725,
            0.0,
            3.6205310176687537,
            69.27329806194226,
            64.89554094435636,
            71.29830783383164,
            61.89773952927122,
            22.524218766203294,
            76.28103580211778,
            80.84006148417052,
            57.84203794726542,
            83.2336107523287
        ],
        [
            86.23146250425455,
            82.45989974362344,
            48.93992821248107,
            30.21699757185964,
            68.29016517668997,
            3.6205310176687537,
            0.0,
            70.65996464677305,
            68.01779473897467,
            73.0157219090204,
            65.4522188100093,
            21.295585317221317,
            79.87233475002719,
            84.25667165523173,
            59.49055446603922,
            86.23146250425455
        ],
        [
            46.6162844562669,
            20.110408853501788,
            28.117800970307872,
            58.16229865124266,
            8.85960723821077,
            69.27329806194226,
            70.65996464677305,
            0.0,
            43.481635482379005,
            7.512797058674986,
            63.50325948971105,
            55.80393009004483,
            74.55616074683107,
            63.26886807858277,
            12.402959085070185,
            46.6162844562669
        ],
        [
            18.904691902471914,
            34.601553608499735,
            26.969181182586784,
            74.5559201351055,
            34.632979894797174,
            64.89554094435636,
            68.01779473897467,
            43.481635482379005,
            0.0,
            37.749216102800254,
            22.149817436086348,
            66.05634187840815,
            31.124570283705914,
            21.538490432337543,
            35.79490948131256,
            18.904691902471914
        ],
        [
            39.3343239685532,
            12.957029227909485,
            27.01805664283506,
            63.27088913200087,
            5.011038037634315,
            71.29830783383164,
            73.0157219090204,
            7.512797058674986,
            37.749216102800254,
            0.0,
            58.6685616548344,
            59.84677626865776,
            68.85601425436079,
            56.72136433304442,
            13.56706428642045,
            39.3343239685532
        ],
        [
            36.21327044751093,
            56.71708289364654,
            40.37953429954252,
            80.627861847565,
            54.90234767387293,
            61.89773952927122,
            65.4522188100093,
            63.50325948971105,
            22.149817436086348,
            58.6685616548344,
            0.0,
            70.4554420222143,
            15.094698203433683,
            21.630303563603515,
            53.75974940787697,
            36.21327044751093
        ],
        [
            82.1450693046574,
            71.16302825172541,
            41.26888834200223,
            11.003001290434,
            55.727128117624936,
            22.524218766203294,
            21.295585317221317,
            55.80393009004483,
            66.05634187840815,
            59.84677626865776,
            70.4554420222143,
            0.0,
            85.54578345693227,
            85.60200093738148,
            46.5714606511328,
            82.1450693046574
        ],
        [
            38.299935632716526,
            64.45076783016486,
            54.05943305805986,
            95.71714946110963,
            65.72508642386092,
            76.28103580211778,
            79.87233475002719,
            74.55616074683107,
            31.124570283705914,
            68.85601425436079,
            15.094698203433683,
            85.54578345693227,
            0.0,
            17.413196526481563,
            66.06017761494653,
            38.299935632716526
        ],
        [
            21.62537204159531,
            50.10748182875867,
            48.30805749058808,
            94.77892483531929,
            54.48085233741245,
            80.84006148417052,
            84.25667165523173,
            63.26886807858277,
            21.538490432337543,
            56.72136433304442,
            21.630303563603515,
            85.60200093738148,
            17.413196526481563,
            0.0,
            56.922287826669915,
            21.62537204159531
        ],
        [
            43.701888122941995,
            24.72005737983909,
            15.929514578372675,
            50.75781726717751,
            9.157512086266523,
            57.84203794726542,
            59.49055446603922,
            12.402959085070185,
            35.79490948131256,
            13.56706428642045,
            53.75974940787697,
            46.5714606511328,
            66.06017761494653,
            56.922287826669915,
            0.0,
            43.701888122941995
        ],
        [
            0.0,
            30.169213673433287,
            41.07313869571024,
            89.6027925861771,
            38.50043099588931,
            83.2336107523287,
            86.23146250425455,
            46.6162844562669,
            18.904691902471914,
            39.3343239685532,
            36.21327044751093,
            82.1450693046574,
            38.299935632716526,
            21.62537204159531,
            43.701888122941995,
            0.0
        ]
    ],
    "scores_ave": [
        0,
        19.02496970086258,
        14.22546537344456,
        19.83878502894114,
        18.644377444655994,
        18.505410851359635,
        12.931870518418801,
        15.492286638947569,
        19.4358044376253,
        17.86834217980024,
        17.036565648511854,
        13.373061437537531,
        18.490547286340842,
        18.20492730789914,
        17.360985328401703,
        0
    ],
    "scores_var": [
        0,
        19.643329166191904,
        277.2085122539456,
        18.323270134865616,
        264.9986960308338,
        16.406395691669744,
        20.95917382024192,
        358.77053029498654,
        315.22788446763815,
        332.86449717508793,
        19.20906545011813,
        266.47894321357353,
        16.442708131911466,
        242.50041608126173,
        23.387042321992016,
        0
    ],
    "vertex_number": 16,
    "minimum_distances": {
        "cost": 305.21273894467856,
        "path": [
            0,
            13,
            12,
            10,
            8,
            2,
            5,
            6,
            11,
            3,
            14,
            4,
            7,
            9,
            1,
            15
        ]
    }
}