{
    "vertices": [
        [
            57.896742840327676,
            47.62458230105526
        ],
        [
            72.2927721706941,
            93.74502382532084
        ],
        [
            57.477656365575534,
            86.3772367544692
        ],
        [
            84.07620991708382,
            16.443470121023964
        ],
        [
            65.6946353803111,
            18.046767503012695
        ],
        [
            63.326260895062205,
            63.71365213964554
        ],
        [
            81.98628770493166,
            38.3058489149023
        ],
        [
            14.58269540772914,
            63.920927564453265
        ],
        [
            97.86425708029901,
            81.02037004297856
        ],
        [
            23.50697805950802,
            36.220388467999456
        ],
        [
            37.046716641963414,
            38.998549513148276
        ],
        [
            80.49605026156655,
            93.01472896253252
        ],
        [
            4.773074185564463,
            99.35626653820054
        ],
        [
            42.71725476271023,
            62.726792551934764
        ],
        [
            14.9257096485649,
            47.49414812591887
        ],
        [
            37.13179804196927,
            95.11332585043708
        ],
        [
            29.054869160077125,
            59.81600329557389
        ],
        [
            47.561575238823984,
            48.025079938539385
        ],
        [
            27.954392540382457,
            33.47829557458621
        ],
        [
            57.896742840327676,
            47.62458230105526
        ]
    ],
    "distances": [
        [
            0.0,
            48.31501616344521,
            38.75492047029671,
            40.713956491682985,
            30.5884660663531,
            16.980513377920104,
            25.829149496372693,
            46.27826243429274,
            52.08340266750921,
            36.23136153475345,
            22.56395431059287,
            50.70497125401096,
            74.15046409398107,
            21.412463958178655,
            42.97123115110412,
            51.830142739315555,
            31.312687895693642,
            10.34292452398266,
            33.115883947618,
            0.0
        ],
        [
            48.31501616344521,
            0.0,
            16.546055198762115,
            78.19449859306815,
            75.98527106842792,
            31.341372174479126,
            56.28024838396225,
            64.96098581275383,
            28.562521848790404,
            75.42637058782445,
            65.111142517604,
            8.235721099138976,
            67.75245870657363,
            42.858393591911764,
            73.68937077611271,
            35.187588040569004,
            54.96084688997715,
            51.98024019464884,
            74.81958595374296,
            48.31501616344521
        ],
        [
            38.75492047029671,
            16.546055198762115,
            0.0,
            74.82121869211721,
            68.82275620935887,
            23.406072770450056,
            53.95860764466156,
            48.41759492181288,
            40.740318337676,
            60.578184312558164,
            51.59615589073257,
            23.956267663454963,
            54.2791690881182,
            27.878539532318815,
            57.641675467521,
            22.14211380191483,
            38.901850282306405,
            39.613338629128314,
            60.579873595482795,
            38.75492047029671
        ],
        [
            40.713956491682985,
            78.19449859306815,
            74.82121869211721,
            0.0,
            18.45136431123788,
            51.62393333028887,
            21.96204410750211,
            84.1632789532022,
            66.03246359257835,
            63.71623299536556,
            52.15845898892744,
            76.6549099779805,
            114.73238054955519,
            62.070194994901826,
            75.80195440719255,
            91.6118115025954,
            70.06086334520921,
            48.27749604476771,
            58.65018042510313,
            40.713956491682985
        ],
        [
            30.5884660663531,
            75.98527106842792,
            68.82275620935887,
            18.45136431123788,
            0.0,
            45.72825767638552,
            25.997082819421976,
            68.67946541072878,
            70.71463198788443,
            45.93559544837223,
            35.491976803768104,
            76.41516294481808,
            101.60054749733622,
            50.242060650598354,
            58.69098777074612,
            82.18935510352627,
            55.56205114435548,
            35.035797216230755,
            40.77325089124666,
            30.5884660663531
        ],
        [
            16.980513377920104,
            31.341372174479126,
            23.406072770450056,
            51.62393333028887,
            45.72825767638552,
            0.0,
            31.52384915032299,
            48.74400619070673,
            38.631537182423635,
            48.3885816371643,
            36.07562534439105,
            33.961077277831606,
            68.54831606247804,
            20.632620425170863,
            51.04591728450089,
            40.89118967829426,
            34.49231737596789,
            22.240877040920036,
            46.533276883506396,
            16.980513377920104
        ],
        [
            25.829149496372693,
            56.28024838396225,
            53.95860764466156,
            21.96204410750211,
            25.997082819421976,
            31.52384915032299,
            0.0,
            72.10670224597837,
            45.57016816609279,
            58.51648316398495,
            44.944909405208314,
            54.72917287611424,
            98.43289000108913,
            46.243263686080674,
            67.68711821052234,
            72.38103811569792,
            57.13511889066912,
            35.770438633947705,
            54.24712864591481,
            25.829149496372693
        ],
        [
            46.27826243429274,
            64.96098581275383,
            48.41759492181288,
            84.1632789532022,
            68.67946541072878,
            48.74400619070673,
            72.10670224597837,
            0.0,
            85.01887700798248,
            29.102623371150024,
            33.55230510329055,
            72.04873092483149,
            36.76808285329433,
            28.159889710847178,
            16.43036035793715,
            38.48931982304885,
            15.04307868660484,
            36.60989602088575,
            33.24990416043158,
            46.27826243429274
        ],
        [
            52.08340266750921,
            28.562521848790404,
            40.740318337676,
            66.03246359257835,
            70.71463198788443,
            38.631537182423635,
            45.57016816609279,
            85.01887700798248,
            0.0,
            86.81038700808925,
            73.92297765654365,
            21.1073270214243,
            94.8797841113923,
            58.10203819176197,
            89.45842725041582,
            62.346154526429125,
            72.00247936782468,
            60.15853197611095,
            84.54370470205126,
            52.08340266750921
        ],
        [
            36.23136153475345,
            75.42637058782445,
            60.578184312558164,
            63.71623299536556,
            45.93559544837223,
            48.3885816371643,
            58.51648316398495,
            29.102623371150024,
            86.81038700808925,
            0.0,
            13.821819694744017,
            80.45714053246236,
            65.85664927745304,
            32.73567149875585,
            14.168127059183988,
            60.44843912861765,
            24.239062167398814,
            26.7950440599338,
            5.224803249960618,
            36.23136153475345
        ],
        [
            22.56395431059287,
            65.111142517604,
            51.59615589073257,
            52.15845898892744,
            35.491976803768104,
            36.07562534439105,
            44.944909405208314,
            33.55230510329055,
            73.92297765654365,
            13.821819694744017,
            0.0,
            69.32237902939897,
            68.44444463855164,
            24.396403839225204,
            23.696289713609083,
            56.1148408375946,
            22.298789387703515,
            13.857867903558757,
            10.636896216208934,
            22.56395431059287
        ],
        [
            50.70497125401096,
            8.235721099138976,
            23.956267663454963,
            76.6549099779805,
            76.41516294481808,
            33.961077277831606,
            54.72917287611424,
            72.04873092483149,
            21.1073270214243,
            80.45714053246236,
            69.32237902939897,
            0.0,
            75.98805303881916,
            48.421033460231094,
            79.82225784709257,
            43.415002930585764,
            61.22377396915524,
            55.75614911671842,
            79.40536944468826,
            50.70497125401096
        ],
        [
            74.15046409398107,
            67.75245870657363,
            54.2791690881182,
            114.73238054955519,
            101.60054749733622,
            68.54831606247804,
            98.43289000108913,
            36.76808285329433,
            94.8797841113923,
            65.85664927745304,
            68.44444463855164,
            75.98805303881916,
            0.0,
            52.739730793601595,
            52.84652621558109,
            32.63570981754404,
            46.40084034239553,
            66.82624140346384,
            69.83752987434646,
            74.15046409398107
        ],
        [
            21.412463958178655,
            42.858393591911764,
            27.878539532318815,
            62.070194994901826,
            50.242060650598354,
            20.632620425170863,
            46.243263686080674,
            28.159889710847178,
            58.10203819176197,
            32.73567149875585,
            24.396403839225204,
            48.421033460231094,
            52.739730793601595,
            0.0,
            31.692324560388567,
            32.864644618103966,
            13.96901837818185,
            15.479269835562778,
            32.76303826615291,
            21.412463958178655
        ],
        [
            42.97123115110412,
            73.68937077611271,
            57.641675467521,
            75.80195440719255,
            58.69098777074612,
            51.04591728450089,
            67.68711821052234,
            16.43036035793715,
            89.45842725041582,
            14.168127059183988,
            23.696289713609083,
            79.82225784709257,
            52.84652621558109,
            31.692324560388567,
            0.0,
            52.542330067241394,
            18.74730016092212,
            32.64018399787461,
            19.136109861626466,
            42.97123115110412
        ],
        [
            51.830142739315555,
            35.187588040569004,
            22.14211380191483,
            91.6118115025954,
            82.18935510352627,
            40.89118967829426,
            72.38103811569792,
            38.48931982304885,
            62.346154526429125,
            60.44843912861765,
            56.1148408375946,
            43.415002930585764,
            32.63570981754404,
            32.864644618103966,
            52.542330067241394,
            0.0,
            36.20963628242069,
            48.22948429576435,
            62.3145386635062,
            51.830142739315555
        ],
        [
            31.312687895693642,
            54.96084688997715,
            38.901850282306405,
            70.06086334520921,
            55.56205114435548,
            34.49231737596789,
            57.13511889066912,
            15.04307868660484,
            72.00247936782468,
            24.239062167398814,
            22.298789387703515,
            61.22377396915524,
            46.40084034239553,
            13.96901837818185,
            18.74730016092212,
            36.20963628242069,
            0.0,
            21.943656110516038,
            26.360688473305636,
            31.312687895693642
        ],
        [
            10.34292452398266,
            51.98024019464884,
            39.613338629128314,
            48.27749604476771,
            35.035797216230755,
            22.240877040920036,
            35.770438633947705,
            36.60989602088575,
            60.15853197611095,
            26.7950440599338,
            13.857867903558757,
            55.75614911671842,
            66.82624140346384,
            15.479269835562778,
            32.64018399787461,
            48.22948429576435,
            21.943656110516038,
            0.0,
            24.414146487260563,
            10.34292452398266
        ],
        [
            33.115883947618,
            74.81958595374296,
            60.579873595482795,
            58.65018042510313,
            40.77325089124666,
            46.533276883506396,
            54.24712864591481,
            33.24990416043158,
            84.54370470205126,
            5.224803249960618,
            10.636896216208934,
            79.40536944468826,
            69.83752987434646,
            32.76303826615291,
            19.136109861626466,
            62.3145386635062,
            26.360688473305636,
            24.414146487260563,
            0.0,
            33.115883947618
        ],
        [
            0.0,
            48.31501616344521,
            38.75492047029671,
            40.713956491682985,
            30.5884660663531,
            16.980513377920104,
            25.829149496372693,
            46.27826243429274,
            52.08340266750921,
            36.23136153475345,
            22.56395431059287,
            50.70497125401096,
            74.15046409398107,
            21.412463958178655,
            42.97123115110412,
            51.830142739315555,
            31.312687895693642,
            10.34292452398266,
            33.115883947618,
            0.0
        ]
    ],
    "scores_ave": [
        0,
        18.945618853942754,
        12.05878064434846,
        10.42276350852896,
        13.811934015751337,
        18.272608153734147,
        19.441138453674476,
        12.668070834495955,
        14.37579674491706,
        15.82735393864531,
        17.07495983536518,
        15.733294580065547,
        15.076258348500158,
        11.66288799558412,
        15.557432363292044,
        19.91687095564415,
        19.816604917859532,
        18.14450780576331,
        16.22492394693166,
        0
    ],
    "scores_var": [
        0,
        22.321238713526277,
        310.73102813233663,
        22.486343724000722,
        395.7088438857769,
        24.48613222534599,
        371.3714526026505,
        20.862802502447096,
        23.345828243101945,
        337.05486579093974,
        303.26688669223137,
        17.266247670168262,
        17.18949008716963,
        23.489098825427522,
        18.786187534570676,
        16.02844737417028,
        24.208431960555224,
        20.12252808859087,
        21.806526210540472,
        0
    ],
    "vertex_number": 20,
    "minimum_distances": {
        "cost": 410.5585506616217,
        "path": [
            0,
            6,
            3,
            4,
            17,
            10,
            18,
            9,
            14,
            7,
            12,
            15,
            16,
            13,
            2,
            1,
            11,
            8,
            5,
            19
        ]
    }
}