{
    "vertices": [
        [
            68.78615602427725,
            91.25587711165021
        ],
        [
            53.30868721562814,
            2.711046014341023
        ],
        [
            81.02692879044467,
            95.87067502271697
        ],
        [
            95.55960632527314,
            43.21922834101962
        ],
        [
            63.422229401049236,
            15.2535215423654
        ],
        [
            17.99062274592985,
            22.823828371675415
        ],
        [
            37.864036430734714,
            56.685458476021864
        ],
        [
            61.01236673457421,
            1.5968125506526931
        ],
        [
            86.95045871603102,
            33.36806398731319
        ],
        [
            94.59257228012147,
            43.032726137240886
        ],
        [
            85.00263561735635,
            83.00636823385918
        ],
        [
            81.29510722762116,
            70.53740812756352
        ],
        [
            80.98915367729536,
            38.54817480498992
        ],
        [
            22.080033790109134,
            19.391287177345852
        ],
        [
            79.38251697472964,
            1.00959058935306
        ],
        [
            82.33113695748999,
            34.21118454025511
        ],
        [
            38.91801794539229,
            24.68039075314915
        ],
        [
            13.236171365740802,
            28.163270270888574
        ],
        [
            38.00332521990284,
            81.3748002602132
        ],
        [
            68.78615602427725,
            91.25587711165021
        ]
    ],
    "distances": [
        [
            0.0,
            89.88736927273885,
            13.081776548807591,
            54.99397481663625,
            76.19140214551358,
            85.22400774301795,
            46.38201510068257,
            89.99544242834645,
            60.67075737615131,
            54.694089350409484,
            18.1941915763659,
            24.201834997623653,
            54.10189492214749,
            85.70869932847407,
            90.86624838991,
            58.63073817585853,
            72.9684935857271,
            84.062344920461,
            32.32983687052482,
            0.0
        ],
        [
            89.88736927273885,
            0.0,
            97.19576839028605,
            58.53249525708947,
            16.112027430071688,
            40.643445868174936,
            56.14066653016294,
            7.783841875464327,
            45.51506938015649,
            57.70785955094638,
            86.32407043013933,
            73.37339505980125,
            45.282535524118344,
            35.40422630177336,
            26.129285272847167,
            42.8317792785996,
            26.262967659765845,
            47.47233137465506,
            80.13888156116958,
            89.88736927273885
        ],
        [
            13.081776548807591,
            97.19576839028605,
            0.0,
            54.620266879675036,
            82.51697325923642,
            96.48532367877777,
            58.29679641856228,
            96.375016678027,
            62.78267749166401,
            54.551585913822834,
            13.464643847180092,
            25.33468632636378,
            57.322512664488904,
            96.55999790484299,
            94.87533625813118,
            61.67328210416397,
            82.71164940284073,
            95.81168744178842,
            45.40000935380227,
            13.081776548807591
        ],
        [
            54.99397481663625,
            58.53249525708947,
            54.620266879675036,
            0.0,
            42.60154636064205,
            80.20548331281317,
            59.24625000372944,
            54.09193340566912,
            13.082922520654758,
            0.9848542615517869,
            41.163893540094065,
            30.818158305726996,
            15.300876821392235,
            77.24647797828668,
            45.20344830853486,
            16.004288641825635,
            59.59830562444952,
            83.68888705763683,
            69.05485618811439,
            54.99397481663625
        ],
        [
            76.19140214551358,
            16.112027430071688,
            82.51697325923642,
            42.60154636064205,
            0.0,
            46.05801155885245,
            48.68086509073479,
            13.867701271501229,
            29.69367310873115,
            41.75253864285237,
            71.10669565703279,
            58.10118654355189,
            29.175978118192862,
            41.54874537676511,
            21.39206274366173,
            26.775731013729185,
            26.254947003960446,
            51.81989997440127,
            70.83886072667752,
            76.19140214551358
        ],
        [
            85.22400774301795,
            40.643445868174936,
            96.48532367877777,
            80.20548331281317,
            46.05801155885245,
            0.0,
            39.262737612282855,
            47.97349952307426,
            69.76130647960474,
            79.22283901336733,
            90.06968398603144,
            79.27195877871436,
            64.93127112774789,
            5.339065624154184,
            65.15232648972591,
            65.34044420967814,
            21.009585757715147,
            7.149436881437208,
            61.87668841659278,
            85.22400774301795
        ],
        [
            46.38201510068257,
            56.14066653016294,
            58.29679641856228,
            59.24625000372944,
            48.68086509073479,
            39.262737612282855,
            0.0,
            59.75453209377802,
            54.34314803645898,
            58.348298003708344,
            53.98923803645668,
            45.58655963892217,
            46.78393737697892,
            40.49678940625127,
            69.45204454597348,
            49.82384989336376,
            32.022417725382766,
            37.68351042125179,
            24.689734690826562,
            46.38201510068257
        ],
        [
            89.99544242834645,
            7.783841875464327,
            96.375016678027,
            54.09193340566912,
            13.867701271501229,
            47.97349952307426,
            59.75453209377802,
            0.0,
            41.01459537152617,
            53.33446483500521,
            84.87077681749639,
            71.86233561753656,
            42.005656631055444,
            42.806189689561336,
            18.37953344015335,
            38.96392208304553,
            31.953275748329684,
            54.66572527390466,
            83.0297736622873,
            89.99544242834645
        ],
        [
            60.67075737615131,
            45.51506938015649,
            62.78267749166401,
            13.082922520654758,
            29.69367310873115,
            69.76130647960474,
            54.34314803645898,
            41.01459537152617,
            0.0,
            12.321022449403307,
            49.67650615025574,
            37.59711616964553,
            7.8975126367905615,
            66.35904098210966,
            33.23167980777116,
            4.695634757487396,
            48.81179194219905,
            73.89780806757187,
            68.55996357250758,
            60.67075737615131
        ],
        [
            54.694089350409484,
            57.70785955094638,
            54.551585913822834,
            0.9848542615517869,
            41.75253864285237,
            79.22283901336733,
            58.348298003708344,
            53.33446483500521,
            12.321022449403307,
            0.0,
            41.10789398235308,
            30.550451849543006,
            14.323553970132881,
            76.26916725886001,
            44.69104724292363,
            15.105045260389835,
            58.62136312318997,
            82.70407902578228,
            68.35537675189836,
            54.694089350409484
        ],
        [
            18.1941915763659,
            86.32407043013933,
            13.464643847180092,
            41.163893540094065,
            71.10669565703279,
            90.06968398603144,
            53.98923803645668,
            84.87077681749639,
            49.67650615025574,
            41.10789398235308,
            0.0,
            13.008486956332966,
            44.6389852062292,
            89.47699345941982,
            82.18915547467184,
            48.86826021849184,
            74.33513055784185,
            90.32270359856597,
            47.02762158443491,
            18.1941915763659
        ],
        [
            24.201834997623653,
            73.37339505980125,
            25.33468632636378,
            30.818158305726996,
            58.10118654355189,
            79.27195877871436,
            45.58655963892217,
            71.86233561753656,
            37.59711616964553,
            30.550451849543006,
            13.008486956332966,
            0.0,
            31.990696399750515,
            78.24545105285186,
            69.5541185919435,
            36.340994451394614,
            62.43944056853278,
            80.17222904315457,
            44.627653508117824,
            24.201834997623653
        ],
        [
            54.10189492214749,
            45.282535524118344,
            57.322512664488904,
            15.300876821392235,
            29.175978118192862,
            64.93127112774789,
            46.78393737697892,
            42.005656631055444,
            7.8975126367905615,
            14.323553970132881,
            44.6389852062292,
            31.990696399750515,
            0.0,
            61.94570807942276,
            37.57295019569919,
            4.539868244864208,
            44.29780915892681,
            68.54424012484364,
            60.6786724974299,
            54.10189492214749
        ],
        [
            85.70869932847407,
            35.40422630177336,
            96.55999790484299,
            77.24647797828668,
            41.54874537676511,
            5.339065624154184,
            40.49678940625127,
            42.806189689561336,
            66.35904098210966,
            76.26916725886001,
            89.47699345941982,
            78.24545105285186,
            61.94570807942276,
            0.0,
            60.17857881818697,
            62.04695633738641,
            17.649145221487128,
            12.456387517035324,
            63.996149134554415,
            85.70869932847407
        ],
        [
            90.86624838991,
            26.129285272847167,
            94.87533625813118,
            45.20344830853486,
            21.39206274366173,
            65.15232648972591,
            69.45204454597348,
            18.37953344015335,
            33.23167980777116,
            44.69104724292363,
            82.18915547467184,
            69.5541185919435,
            37.57295019569919,
            60.17857881818697,
            0.0,
            33.33226965994529,
            46.87944605143721,
            71.50287656920686,
            90.39250209903496,
            90.86624838991
        ],
        [
            58.63073817585853,
            42.8317792785996,
            61.67328210416397,
            16.004288641825635,
            26.775731013729185,
            65.34044420967814,
            49.82384989336376,
            38.96392208304553,
            4.695634757487396,
            15.105045260389835,
            48.86826021849184,
            36.340994451394614,
            4.539868244864208,
            62.04695633738641,
            33.33226965994529,
            0.0,
            44.44699014073839,
            69.359148907225,
            64.72527745188002,
            58.63073817585853
        ],
        [
            72.9684935857271,
            26.262967659765845,
            82.71164940284073,
            59.59830562444952,
            26.254947003960446,
            21.009585757715147,
            32.022417725382766,
            31.953275748329684,
            48.81179194219905,
            58.62136312318997,
            74.33513055784185,
            62.43944056853278,
            44.29780915892681,
            17.649145221487128,
            46.87944605143721,
            44.44699014073839,
            0.0,
            25.91693835073591,
            56.70178773316356,
            72.9684935857271
        ],
        [
            84.062344920461,
            47.47233137465506,
            95.81168744178842,
            83.68888705763683,
            51.81989997440127,
            7.149436881437208,
            37.68351042125179,
            54.66572527390466,
            73.89780806757187,
            82.70407902578228,
            90.32270359856597,
            80.17222904315457,
            68.54424012484364,
            12.456387517035324,
            71.50287656920686,
            69.359148907225,
            25.91693835073591,
            0.0,
            58.69309017116519,
            84.062344920461
        ],
        [
            32.32983687052482,
            80.13888156116958,
            45.40000935380227,
            69.05485618811439,
            70.83886072667752,
            61.87668841659278,
            24.689734690826562,
            83.0297736622873,
            68.55996357250758,
            68.35537675189836,
            47.02762158443491,
            44.627653508117824,
            60.6786724974299,
            63.996149134554415,
            90.39250209903496,
            64.72527745188002,
            56.70178773316356,
            58.69309017116519,
            0.0,
            32.32983687052482
        ],
        [
            0.0,
            89.88736927273885,
            13.081776548807591,
            54.99397481663625,
            76.19140214551358,
            85.22400774301795,
            46.38201510068257,
            89.99544242834645,
            60.67075737615131,
            54.694089350409484,
            18.1941915763659,
            24.201834997623653,
            54.10189492214749,
            85.70869932847407,
            90.86624838991,
            58.63073817585853,
            72.9684935857271,
            84.062344920461,
            32.32983687052482,
            0.0
        ]
    ],
    "scores_ave": [
        0,
        14.678375887242625,
        18.619166666574998,
        13.137595324813843,
        18.92817271143487,
        11.076908580573571,
        15.265706376521297,
        12.913791621904407,
        15.5372578660105,
        19.85087157431351,
        16.933015957883185,
        16.1530382752851,
        13.710762280981413,
        15.394469077931703,
        11.936319287777607,
        18.819525431257844,
        10.35496023956443,
        13.116047762369272,
        17.643855706816574,
        0
    ],
    "scores_var": [
        0,
        295.94086122345226,
        21.782032748217908,
        23.32534596352571,
        24.595868727617074,
        360.57045437234666,
        304.21868467560176,
        20.786481857099872,
        243.176997568701,
        21.73418610451052,
        232.20203565895096,
        24.689697707665495,
        376.1033136109341,
        262.28291643349667,
        229.11727841924662,
        20.8053369908411,
        24.228861876698012,
        358.0644034901934,
        260.2889881294441,
        0
    ],
    "vertex_number": 20,
    "minimum_distances": {
        "cost": 322.29595995992986,
        "path": [
            0,
            18,
            6,
            17,
            5,
            13,
            16,
            1,
            7,
            4,
            14,
            8,
            15,
            12,
            9,
            3,
            11,
            10,
            2,
            19
        ]
    }
}