{
    "vertices": [
        [
            21.437834066090634,
            9.63190813608149
        ],
        [
            13.360506228380164,
            17.559828296141333
        ],
        [
            67.27196004436996,
            25.123814605381366
        ],
        [
            49.9562114827706,
            27.502259026383868
        ],
        [
            86.38053501968737,
            37.07358789038765
        ],
        [
            40.7738084854503,
            13.131220260903175
        ],
        [
            95.0267502237486,
            60.96483359116228
        ],
        [
            44.010485322966986,
            37.991904706228
        ],
        [
            84.96323596127165,
            68.79174981644152
        ],
        [
            80.48039826708612,
            75.92859929127549
        ],
        [
            58.17947842800931,
            79.5687145728127
        ],
        [
            62.77920642904369,
            1.057704465904108
        ],
        [
            90.10099672233328,
            2.4808073348026594
        ],
        [
            30.509595131107638,
            69.59768434164637
        ],
        [
            20.719215795320256,
            59.66118666120811
        ],
        [
            66.41250705005619,
            23.00427527954718
        ],
        [
            3.8097880170995913,
            85.76878135771273
        ],
        [
            52.48961546756209,
            78.63307711051878
        ],
        [
            21.125451784376704,
            39.90131702988909
        ],
        [
            58.85347435385433,
            9.270478278673489
        ],
        [
            21.107942790570355,
            2.877424581861776
        ],
        [
            32.25091119140174,
            65.02565161278933
        ],
        [
            83.12311126402857,
            55.57871956238477
        ],
        [
            21.437834066090634,
            9.63190813608149
        ]
    ],
    "distances": [
        [
            0.0,
            11.31791248694457,
            48.38146618537222,
            33.65482567809158,
            70.50248360792826,
            19.650065956455606,
            89.7240091449089,
            36.24657211686759,
            86.8064718416175,
            88.77654896173793,
            79.00066661102625,
            42.22115627774803,
            69.03454315505887,
            60.6480928369281,
            50.03443935894337,
            46.920586239243455,
            78.15095310661346,
            75.66620413396998,
            30.27102075369193,
            37.41738592800346,
            6.76253475687105,
            56.439254542217675,
            76.91672707045403,
            0.0
        ],
        [
            11.31791248694457,
            0.0,
            54.43949615343599,
            37.92225694617728,
            75.58248089461853,
            27.768718187328393,
            92.48443054358852,
            36.836000935582426,
            88.04351587631936,
            88.94938636533676,
            76.51040613082831,
            52.1011326213888,
            78.20792641673222,
            54.79078126844292,
            42.739618419849684,
            53.330636543531256,
            68.87436022285024,
            72.53295051626321,
            23.652409989846035,
            46.242009824157755,
            16.60107683598421,
            51.08670847484887,
            79.44971462802317,
            11.31791248694457
        ],
        [
            48.38146618537222,
            54.43949615343599,
            0.0,
            17.47833361943662,
            22.537407107969997,
            29.085638297116443,
            45.33108227078239,
            26.583527776763884,
            47.11549436401249,
            52.49370426311493,
            55.19891624305191,
            24.481880897788006,
            32.15385970454052,
            57.70092341838325,
            57.96540404103152,
            2.2871612105823544,
            87.77960623521976,
            55.513591894518825,
            48.45487387761894,
            17.949907353775732,
            51.244691023438314,
            53.09077565196932,
            34.33307779574378,
            48.38146618537222
        ],
        [
            33.65482567809158,
            37.92225694617728,
            17.47833361943662,
            0.0,
            37.66087733105671,
            17.0541279461644,
            56.13463600047082,
            12.057542289208262,
            54.13237305476851,
            57.24365825394849,
            52.71183844660424,
            29.389516248049,
            47.304088900271,
            46.370202932504064,
            43.46261086784654,
            17.05993908502227,
            74.32684591222929,
            51.19354152335092,
            31.383902627952764,
            20.28691982114949,
            37.92894775705625,
            41.49075378444039,
            43.45492926388933,
            33.65482567809158
        ],
        [
            70.50248360792826,
            75.58248089461853,
            22.537407107969997,
            37.66087733105671,
            0.0,
            51.509324135287095,
            25.40764960577271,
            42.38000020147252,
            31.749811536265213,
            39.300426520109426,
            51.00132728314413,
            43.060034487788364,
            34.79227359411445,
            64.64811500735401,
            69.43780282033565,
            24.426782398374286,
            95.86005491019488,
            53.626351473196685,
            65.31632215712783,
            39.124825532920205,
            73.68777972860872,
            60.9207193172644,
            18.789643629453998,
            70.50248360792826
        ],
        [
            19.650065956455606,
            27.768718187328393,
            29.085638297116443,
            17.0541279461644,
            51.509324135287095,
            0.0,
            72.3286682546273,
            25.070494770557133,
            71.06898093432768,
            74.2975375444661,
            68.67967673623917,
            25.099946659465154,
            50.463876137820954,
            57.3917732916951,
            50.667785240530534,
            27.473989144059434,
            81.501865569307,
            66.54136596125477,
            33.20686679097403,
            18.48728337443023,
            22.17851661758703,
            52.5896547204916,
            59.9604339775904,
            19.650065956455606
        ],
        [
            89.7240091449089,
            92.48443054358852,
            45.33108227078239,
            56.13463600047082,
            25.40764960577271,
            72.3286682546273,
            0.0,
            55.95010943670236,
            12.748919048633754,
            20.868891661393597,
            41.27742514218273,
            68.03505126640067,
            58.69109280556349,
            65.09216092071318,
            74.3189691004258,
            47.537131799602015,
            94.52920193789323,
            46.06055429893624,
            76.84447697103639,
            63.09367843400252,
            94.01136727947878,
            62.90704419395252,
            13.065482953735723,
            89.7240091449089
        ],
        [
            36.24657211686759,
            36.836000935582426,
            26.583527776763884,
            12.057542289208262,
            42.38000020147252,
            25.070494770557133,
            55.95010943670236,
            0.0,
            51.24215299591057,
            52.623638663539786,
            43.924839035480495,
            41.429458593493955,
            58.18396065564775,
            34.368580743686096,
            31.812592108376077,
            26.953285760598572,
            62.43977903908021,
            41.51626840654478,
            22.964551279834556,
            32.330089072015696,
            41.92318175965115,
            29.48068953677632,
            42.884654187601186,
            36.24657211686759
        ],
        [
            86.8064718416175,
            88.04351587631936,
            47.11549436401249,
            54.13237305476851,
            31.749811536265213,
            71.06898093432768,
            12.748919048633754,
            51.24215299591057,
            0.0,
            8.427956704851331,
            28.87061892236904,
            71.2743436717268,
            66.50968108810267,
            54.459604571823895,
            64.88960864895762,
            49.402655471180424,
            82.9102027085977,
            33.93210501691022,
            70.07081985541572,
            64.99616463045245,
            91.7725271366446,
            52.846690325164104,
            13.340548241958539,
            86.8064718416175
        ],
        [
            88.77654896173793,
            88.94938636533676,
            52.49370426311493,
            57.24365825394849,
            39.300426520109426,
            74.2975375444661,
            20.868891661393597,
            52.623638663539786,
            8.427956704851331,
            0.0,
            22.59604976388152,
            76.93492759754183,
            74.07519191955171,
            50.370245682884594,
            61.935673437047335,
            54.76211861672802,
            77.29949326616554,
            28.12113301424587,
            69.43323943981662,
            70.07873382759857,
            94.13587305451696,
            49.44651344294573,
            20.52075868394066,
            88.77654896173793
        ],
        [
            79.00066661102625,
            76.51040613082831,
            55.19891624305191,
            52.71183844660424,
            51.00132728314413,
            68.67967673623917,
            41.27742514218273,
            43.924839035480495,
            28.87061892236904,
            22.59604976388152,
            0.0,
            78.64563691452058,
            83.43577633456106,
            29.411628406720205,
            42.421467962122136,
            57.16046319662711,
            54.72206194502716,
            5.766277652829165,
            54.281703347770666,
            70.30146724339887,
            85.18129322212734,
            29.728627267374506,
            34.607870198243845,
            79.00066661102625
        ],
        [
            42.22115627774803,
            52.1011326213888,
            24.481880897788006,
            29.389516248049,
            43.060034487788364,
            25.099946659465154,
            68.03505126640067,
            41.429458593493955,
            71.2743436717268,
            76.93492759754183,
            78.64563691452058,
            0.0,
            27.358827580983082,
            75.7565617929367,
            72.13467222857685,
            22.24528812762154,
            103.21510963038718,
            78.25480255617181,
            56.9549077167112,
            9.102803196042473,
            41.71097690689552,
            70.87929932147561,
            58.19291667450252,
            42.22115627774803
        ],
        [
            69.03454315505887,
            78.20792641673222,
            32.15385970454052,
            47.304088900271,
            34.79227359411445,
            50.463876137820954,
            58.69109280556349,
            58.18396065564775,
            66.50968108810267,
            74.07519191955171,
            83.43577633456106,
            27.358827580983082,
            0.0,
            89.75416604681097,
            89.90788232694419,
            31.34257933598532,
            119.92939304712226,
            84.93399903386864,
            78.4724177359671,
            31.976667832884587,
            68.99419393015481,
            85.1967718971423,
            53.5544505003761,
            69.03454315505887
        ],
        [
            60.6480928369281,
            54.79078126844292,
            57.70092341838325,
            46.370202932504064,
            64.64811500735401,
            57.3917732916951,
            65.09216092071318,
            34.368580743686096,
            54.459604571823895,
            50.370245682884594,
            29.411628406720205,
            75.7565617929367,
            89.75416604681097,
            0.0,
            13.949391158468796,
            58.82146591413618,
            31.215125798693567,
            23.764671604689664,
            31.14380159625348,
            66.6539367236328,
            67.37940433949726,
            4.892408905189561,
            54.449182301952966,
            60.6480928369281
        ],
        [
            50.03443935894337,
            42.739618419849684,
            57.96540404103152,
            43.46261086784654,
            69.43780282033565,
            50.667785240530534,
            74.3189691004258,
            31.812592108376077,
            64.88960864895762,
            61.935673437047335,
            42.421467962122136,
            72.13467222857685,
            89.90788232694419,
            13.949391158468796,
            0.0,
            58.57991138379326,
            31.105228638025093,
            37.003931177033465,
            19.76404501931546,
            63.19371145219099,
            56.785092626151865,
            12.718391522702476,
            62.53729053358843,
            50.03443935894337
        ],
        [
            46.920586239243455,
            53.330636543531256,
            2.2871612105823544,
            17.05993908502227,
            24.426782398374286,
            27.473989144059434,
            47.537131799602015,
            26.953285760598572,
            49.402655471180424,
            54.76211861672802,
            57.16046319662711,
            22.24528812762154,
            31.34257933598532,
            58.82146591413618,
            58.57991138379326,
            0.0,
            88.64808883193922,
            57.34466412114901,
            48.336605120234765,
            15.676611730965845,
            49.574122904483154,
            54.15543094233487,
            36.61063661740563,
            46.920586239243455
        ],
        [
            78.15095310661346,
            68.87436022285024,
            87.77960623521976,
            74.32684591222929,
            95.86005491019488,
            81.501865569307,
            94.52920193789323,
            62.43977903908021,
            82.9102027085977,
            77.29949326616554,
            54.72206194502716,
            103.21510963038718,
            119.92939304712226,
            31.215125798693567,
            31.105228638025093,
            88.64808883193922,
            0.0,
            49.200039387283255,
            49.027099603847326,
            94.24329036866011,
            84.67705230290176,
            35.20191641133409,
            84.86485182734702,
            78.15095310661346
        ],
        [
            75.66620413396998,
            72.53295051626321,
            55.513591894518825,
            51.19354152335092,
            53.626351473196685,
            66.54136596125477,
            46.06055429893624,
            41.51626840654478,
            33.93210501691022,
            28.12113301424587,
            5.766277652829165,
            78.25480255617181,
            84.93399903386864,
            23.764671604689664,
            37.003931177033465,
            57.34466412114901,
            49.200039387283255,
            0.0,
            49.83833868107067,
            69.65392176060259,
            81.99834309331175,
            24.387849012451444,
            38.33946356783481,
            75.66620413396998
        ],
        [
            30.27102075369193,
            23.652409989846035,
            48.45487387761894,
            31.383902627952764,
            65.31632215712783,
            33.20686679097403,
            76.84447697103639,
            22.964551279834556,
            70.07081985541572,
            69.43323943981662,
            54.281703347770666,
            56.9549077167112,
            78.4724177359671,
            31.14380159625348,
            19.76404501931546,
            48.336605120234765,
            49.027099603847326,
            49.83833868107067,
            0.0,
            48.59683085969686,
            37.02389658812209,
            27.477409544039606,
            63.949126116943674,
            30.27102075369193
        ],
        [
            37.41738592800346,
            46.242009824157755,
            17.949907353775732,
            20.28691982114949,
            39.124825532920205,
            18.48728337443023,
            63.09367843400252,
            32.330089072015696,
            64.99616463045245,
            70.07873382759857,
            70.30146724339887,
            9.102803196042473,
            31.976667832884587,
            66.6539367236328,
            63.19371145219099,
            15.676611730965845,
            94.24329036866011,
            69.65392176060259,
            48.59683085969686,
            0.0,
            38.283107091316204,
            61.776498122907405,
            52.282583013295294,
            37.41738592800346
        ],
        [
            6.76253475687105,
            16.60107683598421,
            51.244691023438314,
            37.92894775705625,
            73.68777972860872,
            22.17851661758703,
            94.01136727947878,
            41.92318175965115,
            91.7725271366446,
            94.13587305451696,
            85.18129322212734,
            41.71097690689552,
            68.99419393015481,
            67.37940433949726,
            56.785092626151865,
            49.574122904483154,
            84.67705230290176,
            81.99834309331175,
            37.02389658812209,
            38.283107091316204,
            0.0,
            63.13927357730402,
            81.3837060683249,
            6.76253475687105
        ],
        [
            56.439254542217675,
            51.08670847484887,
            53.09077565196932,
            41.49075378444039,
            60.9207193172644,
            52.5896547204916,
            62.90704419395252,
            29.48068953677632,
            52.846690325164104,
            49.44651344294573,
            29.728627267374506,
            70.87929932147561,
            85.1967718971423,
            4.892408905189561,
            12.718391522702476,
            54.15543094233487,
            35.20191641133409,
            24.387849012451444,
            27.477409544039606,
            61.776498122907405,
            63.13927357730402,
            0.0,
            51.74191014443063,
            56.439254542217675
        ],
        [
            76.91672707045403,
            79.44971462802317,
            34.33307779574378,
            43.45492926388933,
            18.789643629453998,
            59.9604339775904,
            13.065482953735723,
            42.884654187601186,
            13.340548241958539,
            20.52075868394066,
            34.607870198243845,
            58.19291667450252,
            53.5544505003761,
            54.449182301952966,
            62.53729053358843,
            36.61063661740563,
            84.86485182734702,
            38.33946356783481,
            63.949126116943674,
            52.282583013295294,
            81.3837060683249,
            51.74191014443063,
            0.0,
            76.91672707045403
        ],
        [
            0.0,
            11.31791248694457,
            48.38146618537222,
            33.65482567809158,
            70.50248360792826,
            19.650065956455606,
            89.7240091449089,
            36.24657211686759,
            86.8064718416175,
            88.77654896173793,
            79.00066661102625,
            42.22115627774803,
            69.03454315505887,
            60.6480928369281,
            50.03443935894337,
            46.920586239243455,
            78.15095310661346,
            75.66620413396998,
            30.27102075369193,
            37.41738592800346,
            6.76253475687105,
            56.439254542217675,
            76.91672707045403,
            0.0
        ]
    ],
    "scores_ave": [
        0,
        14.964638635934215,
        15.48072482996393,
        11.221969715382652,
        10.988524774168587,
        16.044052496293965,
        18.423359234158738,
        10.77492515668605,
        14.502572359666335,
        17.594477724225037,
        13.356588034540932,
        13.001144653351963,
        19.05536147106189,
        13.328166528381665,
        18.45639470655714,
        14.446694337481247,
        13.33953584876409,
        11.32162749167787,
        12.561709921919736,
        12.473063084119993,
        19.63481422240943,
        15.726572624836788,
        10.050248442904117,
        0
    ],
    "scores_var": [
        0,
        304.59414528040895,
        24.248154814051027,
        17.95170064197702,
        23.98404841249898,
        17.544668507204882,
        230.88993495765527,
        301.81000780661196,
        255.42576285990245,
        305.0238030811969,
        253.76205576876646,
        17.28130866632967,
        290.5350173560176,
        18.241467330941276,
        20.686990531293574,
        290.4699715720437,
        256.43055335603043,
        23.121376273952176,
        290.1038433391974,
        19.32663599658485,
        386.59141823941525,
        24.935582042592543,
        21.921012867474584,
        0
    ],
    "vertex_number": 24,
    "minimum_distances": {
        "cost": 420.648151388501,
        "path": [
            0,
            1,
            18,
            7,
            21,
            13,
            14,
            16,
            17,
            10,
            9,
            8,
            6,
            22,
            4,
            12,
            11,
            19,
            15,
            2,
            3,
            5,
            20,
            23
        ]
    }
}