{
    "vertices": [
        [
            63.13125889939219,
            58.825399634891895
        ],
        [
            73.00841788286992,
            3.696806484246673
        ],
        [
            73.66954369008042,
            50.600628141604695
        ],
        [
            61.444330056176014,
            16.653760312405886
        ],
        [
            44.164097322847994,
            6.596995648172532
        ],
        [
            65.47829056214646,
            24.820769812433262
        ],
        [
            25.919684673485254,
            27.129605078033205
        ],
        [
            0.04549921626118003,
            82.37823130672275
        ],
        [
            0.4832749447954421,
            65.89764962628178
        ],
        [
            32.260491920737955,
            22.4166877383279
        ],
        [
            97.4653630572004,
            66.44037496251761
        ],
        [
            37.639271869358936,
            74.1550564576424
        ],
        [
            87.45176229791544,
            89.05546689130618
        ],
        [
            43.71198811059411,
            80.2280990547982
        ],
        [
            70.73443105211882,
            89.26876149821177
        ],
        [
            84.55581868741274,
            14.962269357354774
        ],
        [
            63.13125889939219,
            58.825399634891895
        ]
    ],
    "distances": [
        [
            0.0,
            56.006428669879156,
            13.367958424772292,
            42.205365678642366,
            55.56581144256509,
            34.085530757029645,
            48.88071858065074,
            67.33905965009727,
            63.045908776986685,
            47.73466828016478,
            35.16843126384189,
            29.746256588732052,
            38.79876095811452,
            28.899543602408738,
            31.378440183110392,
            48.8158371827695,
            0.0
        ],
        [
            56.006428669879156,
            0.0,
            46.90848082594668,
            17.36694503269184,
            28.98975553115025,
            22.42598145359257,
            52.59700414663911,
            107.3049584709165,
            95.54496975648792,
            44.84225043842348,
            67.34164797989192,
            78.83743704001658,
            86.5719995401477,
            81.94705327173908,
            85.60216411410693,
            16.132362476901303,
            56.006428669879156
        ],
        [
            13.367958424772292,
            46.90848082594668,
            0.0,
            36.0810987056616,
            52.98010039577754,
            27.049911705549754,
            53.20655936776423,
            80.18925107271319,
            74.76783264987523,
            50.09035900342043,
            28.585636230513106,
            43.046388707653925,
            40.85002047759214,
            42.133622785254744,
            38.77936852866316,
            37.26397187837692,
            13.367958424772292
        ],
        [
            42.205365678642366,
            17.36694503269184,
            36.0810987056616,
            0.0,
            19.993622954075978,
            9.108945138558399,
            37.037059185624514,
            89.94177291999128,
            78.36587825737703,
            29.74739889186772,
            61.45097083675414,
            62.23407309231767,
            76.93109675122176,
            66.0010037606057,
            73.2068601548339,
            23.17330465002357,
            42.205365678642366
        ],
        [
            55.56581144256509,
            28.98975553115025,
            52.98010039577754,
            19.993622954075978,
            0.0,
            28.04283826990651,
            27.467192119316284,
            87.68834801059516,
            73.65176037172785,
            19.797941291873446,
            80.13897289486954,
            67.87241654409047,
            93.1301316371258,
            73.63249141253476,
            86.83664838792744,
            41.24886615438262,
            55.56581144256509
        ],
        [
            34.085530757029645,
            22.42598145359257,
            27.049911705549754,
            9.108945138558399,
            28.04283826990651,
            0.0,
            39.62592611079391,
            87.14534730541142,
            76.88733387457948,
            33.3046807100773,
            52.49156446185201,
            56.647001690901824,
            67.88909904349302,
            59.529354575572896,
            64.66197217206185,
            21.474219673671705,
            34.085530757029645
        ],
        [
            48.88071858065074,
            52.59700414663911,
            53.20655936776423,
            37.037059185624514,
            27.467192119316284,
            39.62592611079391,
            0.0,
            61.007246891105225,
            46.367792895292865,
            7.900470011189669,
            81.63406595470357,
            48.46381950999812,
            87.2983902377099,
            56.00014396587479,
            76.61355137045058,
            59.88522581270744,
            48.88071858065074
        ],
        [
            67.33905965009727,
            107.3049584709165,
            80.18925107271319,
            89.94177291999128,
            87.68834801059516,
            87.14534730541142,
            61.007246891105225,
            0.0,
            16.48639500055062,
            68.06755807324079,
            98.71496915683892,
            38.482623960579254,
            87.66093942544413,
            43.71939296307381,
            71.02397123798661,
            108.10599438826105,
            67.33905965009727
        ],
        [
            63.045908776986685,
            95.54496975648792,
            74.76783264987523,
            78.36587825737703,
            73.65176037172785,
            76.88733387457948,
            46.367792895292865,
            16.48639500055062,
            0.0,
            53.85522783758162,
            96.9836066839797,
            38.062486453682624,
            89.998901620909,
            45.54210604258615,
            74.03670579209874,
            98.29855326755576,
            63.045908776986685
        ],
        [
            47.73466828016478,
            44.84225043842348,
            50.09035900342043,
            29.74739889186772,
            19.797941291873446,
            33.3046807100773,
            7.900470011189669,
            68.06755807324079,
            53.85522783758162,
            0.0,
            78.67502943587603,
            52.01720937796863,
            86.52631514658486,
            58.93467606925823,
            77.13263743890879,
            52.82394868837317,
            47.73466828016478
        ],
        [
            35.16843126384189,
            67.34164797989192,
            28.585636230513106,
            61.45097083675414,
            80.13897289486954,
            52.49156446185201,
            81.63406595470357,
            98.71496915683892,
            96.9836066839797,
            78.67502943587603,
            0.0,
            60.32145138660992,
            24.732864434066478,
            55.49348298489918,
            35.152211277291755,
            53.07213668707728,
            35.16843126384189
        ],
        [
            29.746256588732052,
            78.83743704001658,
            43.046388707653925,
            62.23407309231767,
            67.87241654409047,
            56.647001690901824,
            48.46381950999812,
            38.482623960579254,
            38.062486453682624,
            52.01720937796863,
            60.32145138660992,
            0.0,
            51.99333066641018,
            8.588348440383067,
            36.38287566129907,
            75.53110888918958,
            29.746256588732052
        ],
        [
            38.79876095811452,
            86.5719995401477,
            40.85002047759214,
            76.93109675122176,
            93.1301316371258,
            67.88909904349302,
            87.2983902377099,
            87.66093942544413,
            89.998901620909,
            86.52631514658486,
            24.732864434066478,
            51.99333066641018,
            0.0,
            44.62163453840386,
            16.718691891742694,
            74.14977012911338,
            38.79876095811452
        ],
        [
            28.899543602408738,
            81.94705327173908,
            42.133622785254744,
            66.0010037606057,
            73.63249141253476,
            59.529354575572896,
            56.00014396587479,
            43.71939296307381,
            45.54210604258615,
            58.93467606925823,
            55.49348298489918,
            8.588348440383067,
            44.62163453840386,
            0.0,
            28.494666166560144,
            76.99251276769418,
            28.899543602408738
        ],
        [
            31.378440183110392,
            85.60216411410693,
            38.77936852866316,
            73.2068601548339,
            86.83664838792744,
            64.66197217206185,
            76.61355137045058,
            71.02397123798661,
            74.03670579209874,
            77.13263743890879,
            35.152211277291755,
            36.38287566129907,
            16.718691891742694,
            28.494666166560144,
            0.0,
            75.5809865670216,
            31.378440183110392
        ],
        [
            48.8158371827695,
            16.132362476901303,
            37.26397187837692,
            23.17330465002357,
            41.24886615438262,
            21.474219673671705,
            59.88522581270744,
            108.10599438826105,
            98.29855326755576,
            52.82394868837317,
            53.07213668707728,
            75.53110888918958,
            74.14977012911338,
            76.99251276769418,
            75.5809865670216,
            0.0,
            48.8158371827695
        ],
        [
            0.0,
            56.006428669879156,
            13.367958424772292,
            42.205365678642366,
            55.56581144256509,
            34.085530757029645,
            48.88071858065074,
            67.33905965009727,
            63.045908776986685,
            47.73466828016478,
            35.16843126384189,
            29.746256588732052,
            38.79876095811452,
            28.899543602408738,
            31.378440183110392,
            48.8158371827695,
            0.0
        ]
    ],
    "scores_ave": [
        0,
        14.093068574370307,
        10.319024228466148,
        11.944452559147972,
        10.585264991875654,
        13.085346948317438,
        18.56946103929468,
        13.942651784825117,
        15.542495412159116,
        19.760236576742656,
        14.137650819223389,
        14.43566618996087,
        11.12649363607747,
        19.940165894498705,
        12.427752307603608,
        12.009335211310386,
        0
    ],
    "scores_var": [
        0,
        391.65127234379776,
        332.7952027747794,
        304.428995959609,
        243.738208778302,
        20.59123074369449,
        19.000110894834087,
        22.516097323461473,
        384.42213495587157,
        277.2292850265348,
        321.58923291102343,
        354.74047095042147,
        330.3590649096393,
        23.79347107956505,
        22.33504957511856,
        20.443381391774054,
        0
    ],
    "vertex_number": 17,
    "minimum_distances": {
        "cost": 360.56046328303563,
        "path": [
            0,
            10,
            12,
            14,
            13,
            11,
            7,
            8,
            6,
            9,
            4,
            1,
            15,
            3,
            5,
            2,
            16
        ]
    }
}