{
    "vertices": [
        [
            94.6288975205974,
            55.95058411747369
        ],
        [
            98.02762310570552,
            89.77369897833724
        ],
        [
            28.16654959801187,
            3.177196099887458
        ],
        [
            96.61521245982618,
            98.63027247341691
        ],
        [
            50.453720380002295,
            89.14399255444928
        ],
        [
            67.4770442804499,
            48.49289315610261
        ],
        [
            24.53028755310447,
            23.250857172227747
        ],
        [
            30.394780259606,
            39.87049639766707
        ],
        [
            13.857419098972946,
            89.01559192070464
        ],
        [
            68.86744901997781,
            37.45920782034868
        ],
        [
            16.80840853095925,
            43.87238502045426
        ],
        [
            52.828077942481286,
            6.521995329882213
        ],
        [
            38.83648317238539,
            41.564889420349594
        ],
        [
            98.75540015835949,
            38.6960927362487
        ],
        [
            21.994484813323687,
            37.16032435857151
        ],
        [
            68.15477479814128,
            34.92765735836829
        ],
        [
            56.78862154440852,
            22.560478350178492
        ],
        [
            51.09811905121057,
            88.64833951558478
        ],
        [
            12.309845668387087,
            24.22783612494627
        ],
        [
            74.69095809551168,
            2.2373390373138013
        ],
        [
            63.10013912270255,
            80.62578180916994
        ],
        [
            82.58636621465158,
            15.22719148299333
        ],
        [
            96.12021085209065,
            10.026430911659133
        ],
        [
            94.6288975205974,
            55.95058411747369
        ]
    ],
    "distances": [
        [
            0.0,
            33.99344693457898,
            84.8662133845827,
            42.725884955121046,
            55.25620905442971,
            28.157419783244066,
            77.350418626329,
            66.21624454297805,
            87.2772964031464,
            31.710932282289527,
            78.75221520702534,
            64.73402433755396,
            57.61719978202201,
            17.74106808634206,
            75.02554079203685,
            33.80595544341822,
            50.46568783941518,
            54.443290516146575,
            88.2199469397046,
            57.29427655149952,
            40.03658311141346,
            42.466660663592734,
            45.948360831740416,
            0.0
        ],
        [
            33.99344693457898,
            0.0,
            111.26330887774611,
            8.968489165201742,
            47.578070061058156,
            51.35603952692611,
            99.1319666671266,
            84.05076477494183,
            84.17361800971734,
            59.892584998722576,
            93.29250473215315,
            94.73038078321296,
            76.33924525173278,
            51.08279082881251,
            92.4619127396155,
            62.453785692991495,
            78.8560224522021,
            46.94299505486696,
            107.9064294006117,
            90.59367663100122,
            36.105588569041146,
            76.12893138701531,
            79.77007575277747,
            33.99344693457898
        ],
        [
            84.8662133845827,
            111.26330887774611,
            0.0,
            117.45854262990481,
            88.80882880730762,
            59.99022746971923,
            20.40034976431591,
            36.76089360481191,
            87.0228786741154,
            53.21484324282867,
            42.25051206529561,
            24.88731930469897,
            39.84297279254394,
            79.02137585296528,
            34.53907048477938,
            51.060257978025895,
            34.56782656313749,
            88.49391636928256,
            26.354591724714425,
            46.53390073205019,
            84.96257473410074,
            55.737947839165805,
            68.29796552856368,
            84.8662133845827
        ],
        [
            42.725884955121046,
            8.968489165201742,
            117.45854262990481,
            0.0,
            47.126137734134886,
            57.989565006627465,
            104.29905392647078,
            88.53167187654496,
            83.31443118745028,
            67.17021309109894,
            96.78611569668416,
            101.98650826256507,
            81.20861716015531,
            59.97237951050581,
            96.67888867656315,
            69.77119523406972,
            85.86484101130047,
            46.59876369543826,
            112.44161775973924,
            98.85479525975545,
            38.04499736984787,
            84.57471516751271,
            88.60522425959282,
            42.725884955121046
        ],
        [
            55.25620905442971,
            47.578070061058156,
            88.80882880730762,
            47.126137734134886,
            0.0,
            44.071594467568474,
            70.80910718283673,
            53.19998592355148,
            36.59652653155237,
            54.86695157776649,
            56.40501270393821,
            82.65610684765446,
            48.97684407333055,
            69.84298723192016,
            59.26406877812912,
            57.032782937602896,
            66.88419347314525,
            0.8129708373555619,
            75.2931772712183,
            90.22311299010663,
            15.24768249002821,
            80.59900997513677,
            91.35106410074289,
            55.25620905442971
        ],
        [
            28.157419783244066,
            51.35603952692611,
            59.99022746971923,
            57.989565006627465,
            44.071594467568474,
            0.0,
            49.815502546988554,
            38.071512063109,
            67.20977101410743,
            11.120945887294525,
            50.87887325940064,
            44.453891608159225,
            29.46657388206822,
            32.77671192922821,
            46.87313016250833,
            13.582155237764837,
            28.04875252575128,
            43.3673732660195,
            60.2678421334965,
            46.81470751128687,
            32.42961350294416,
            36.536263042567086,
            47.95935475852394,
            28.157419783244066
        ],
        [
            77.350418626329,
            99.1319666671266,
            20.40034976431591,
            104.29905392647078,
            70.80910718283673,
            49.815502546988554,
            0.0,
            17.623980330458018,
            66.62514883718248,
            46.558147676637184,
            22.01987344259335,
            32.87278143786119,
            23.23942792502388,
            75.81505551597839,
            14.13872600141376,
            45.160198737156044,
            32.26572073908247,
            70.58810358241291,
            12.259432602360105,
            54.384380236151216,
            69.13403956948866,
            58.607913123129904,
            72.80111652904742,
            77.350418626329
        ],
        [
            66.21624454297805,
            84.05076477494183,
            36.76089360481191,
            88.53167187654496,
            53.19998592355148,
            38.071512063109,
            17.623980330458018,
            0.0,
            51.852914364823334,
            38.5481588944063,
            14.163495659552597,
            40.191732587642264,
            8.610070602668905,
            68.37070700893625,
            8.826663926213955,
            38.0821328882539,
            31.563770094393448,
            52.98968028169401,
            23.911454986604728,
            58.12405615387911,
            52.25546657850245,
            57.71701760850515,
            72.18379645945929,
            66.21624454297805
        ],
        [
            87.2772964031464,
            84.17361800971734,
            87.0228786741154,
            83.31443118745028,
            36.59652653155237,
            67.20977101410743,
            66.62514883718248,
            51.852914364823334,
            0.0,
            75.39339582094235,
            45.23955645081534,
            91.2354411902878,
            53.62390147835986,
            98.69001563549587,
            52.48981436793312,
            76.64011678710821,
            79.1161820557748,
            37.24251075399801,
            64.80623646358333,
            105.97728360520064,
            49.95232115771028,
            100.83846592836379,
            114.04584369423432,
            87.2772964031464
        ],
        [
            31.710932282289527,
            59.892584998722576,
            53.21484324282867,
            67.17021309109894,
            54.86695157776649,
            11.120945887294525,
            46.558147676637184,
            38.5481588944063,
            75.39339582094235,
            0.0,
            52.452574183134494,
            34.847848444945726,
            30.31032053838838,
            29.91353385251351,
            46.87391710580632,
            2.629952906046689,
            19.179942987659928,
            54.185572722369145,
            58.084694144135455,
            35.700046197759356,
            43.55014320738324,
            26.124150501379958,
            38.66872478372925,
            31.710932282289527
        ],
        [
            78.75221520702534,
            93.29250473215315,
            42.25051206529561,
            96.78611569668416,
            56.40501270393821,
            50.87887325940064,
            22.01987344259335,
            14.163495659552597,
            45.23955645081534,
            52.452574183134494,
            0.0,
            51.888998781561845,
            22.1486028532895,
            82.11031262023505,
            8.482166323251205,
            52.1196458333371,
            45.30579210788973,
            56.39743210920718,
            20.15304863132419,
            71.30123840517139,
            59.107837861719474,
            71.74459442937992,
            86.23172616247972,
            78.75221520702534
        ],
        [
            64.73402433755396,
            94.73038078321296,
            24.88731930469897,
            101.98650826256507,
            82.65610684765446,
            44.453891608159225,
            32.87278143786119,
            40.191732587642264,
            91.2354411902878,
            34.847848444945726,
            51.888998781561845,
            0.0,
            37.73286565378104,
            56.07576544136922,
            43.467432301950616,
            32.276760552785866,
            16.52025554327471,
            82.14456261417409,
            44.21791429813943,
            22.278774834609198,
            74.81234130448047,
            31.005421476795448,
            43.43374080838659,
            64.73402433755396
        ],
        [
            57.61719978202201,
            76.33924525173278,
            39.84297279254394,
            81.20861716015531,
            48.97684407333055,
            29.46657388206822,
            23.23942792502388,
            8.610070602668905,
            53.62390147835986,
            30.31032053838838,
            22.1486028532895,
            37.73286565378104,
            0.0,
            59.98755376898415,
            17.408420436963066,
            30.060190839338663,
            26.14281760354662,
            48.65386919141575,
            31.68968151048831,
            53.218414023186654,
            45.98345696319889,
            51.06590446522406,
            65.3918941611804,
            57.61719978202201
        ],
        [
            17.74106808634206,
            51.08279082881251,
            79.02137585296528,
            59.97237951050581,
            69.84298723192016,
            32.77671192922821,
            75.81505551597839,
            68.37070700893625,
            98.69001563549587,
            29.91353385251351,
            82.11031262023505,
            56.07576544136922,
            59.98755376898415,
            0.0,
            76.77627699437912,
            30.83179167083371,
            44.96185671041987,
            69.03943366533004,
            87.64795685268017,
            43.68452921888662,
            55.03995335456496,
            28.499596220084072,
            28.790514615341664,
            17.74106808634206
        ],
        [
            75.02554079203685,
            92.4619127396155,
            34.53907048477938,
            96.67888867656315,
            59.26406877812912,
            46.87313016250833,
            14.13872600141376,
            8.826663926213955,
            52.48981436793312,
            46.87391710580632,
            8.482166323251205,
            43.467432301950616,
            17.408420436963066,
            76.77627699437912,
            0.0,
            46.214252925004075,
            37.73310819863924,
            59.14420707610788,
            16.156778369479902,
            63.218139802821895,
            59.82408217091123,
            64.43941658247964,
            78.93586912400933,
            75.02554079203685
        ],
        [
            33.80595544341822,
            62.453785692991495,
            51.060257978025895,
            69.77119523406972,
            57.032782937602896,
            13.582155237764837,
            45.160198737156044,
            38.0821328882539,
            76.64011678710821,
            2.629952906046689,
            52.1196458333371,
            32.276760552785866,
            30.060190839338663,
            30.83179167083371,
            46.214252925004075,
            0.0,
            16.796921039522395,
            56.363473958814694,
            56.86072707884113,
            33.3373454856366,
            45.97681937816461,
            24.42087603915771,
            37.445115732733676,
            33.80595544341822
        ],
        [
            50.46568783941518,
            78.8560224522021,
            34.56782656313749,
            85.86484101130047,
            66.88419347314525,
            28.04875252575128,
            32.26572073908247,
            31.563770094393448,
            79.1161820557748,
            19.179942987659928,
            45.30579210788973,
            16.52025554327471,
            26.14281760354662,
            44.96185671041987,
            37.73310819863924,
            16.796921039522395,
            0.0,
            66.33239941418603,
            44.51001668589245,
            27.083641659109844,
            58.40731734916335,
            26.819782369502633,
            41.28045860524358,
            50.46568783941518
        ],
        [
            54.443290516146575,
            46.94299505486696,
            88.49391636928256,
            46.59876369543826,
            0.8129708373555619,
            43.3673732660195,
            70.58810358241291,
            52.98968028169401,
            37.24251075399801,
            54.185572722369145,
            56.39743210920718,
            82.14456261417409,
            48.65386919141575,
            69.03943366533004,
            59.14420707610788,
            56.363473958814694,
            66.33239941418603,
            0.0,
            75.19661833569326,
            89.57389719011921,
            14.436409454890528,
            79.88851411717242,
            90.60018356852767,
            54.443290516146575
        ],
        [
            88.2199469397046,
            107.9064294006117,
            26.354591724714425,
            112.44161775973924,
            75.2931772712183,
            60.2678421334965,
            12.259432602360105,
            23.911454986604728,
            64.80623646358333,
            58.084694144135455,
            20.15304863132419,
            44.21791429813943,
            31.68968151048831,
            87.64795685268017,
            16.156778369479902,
            56.86072707884113,
            44.51001668589245,
            75.19661833569326,
            0.0,
            66.14367051961004,
            75.89718167742544,
            70.85055359035843,
            85.00504233430938,
            88.2199469397046
        ],
        [
            57.29427655149952,
            90.59367663100122,
            46.53390073205019,
            98.85479525975545,
            90.22311299010663,
            46.81470751128687,
            54.384380236151216,
            58.12405615387911,
            105.97728360520064,
            35.700046197759356,
            71.30123840517139,
            22.278774834609198,
            53.218414023186654,
            43.68452921888662,
            63.218139802821895,
            33.3373454856366,
            27.083641659109844,
            89.57389719011921,
            66.14367051961004,
            0.0,
            79.24074106579894,
            15.201109693976512,
            22.800939145840903,
            57.29427655149952
        ],
        [
            40.03658311141346,
            36.105588569041146,
            84.96257473410074,
            38.04499736984787,
            15.24768249002821,
            32.42961350294416,
            69.13403956948866,
            52.25546657850245,
            49.95232115771028,
            43.55014320738324,
            59.107837861719474,
            74.81234130448047,
            45.98345696319889,
            55.03995335456496,
            59.82408217091123,
            45.97681937816461,
            58.40731734916335,
            14.436409454890528,
            75.89718167742544,
            79.24074106579894,
            0.0,
            68.2399345173344,
            77.93967849666686,
            40.03658311141346
        ],
        [
            42.466660663592734,
            76.12893138701531,
            55.737947839165805,
            84.57471516751271,
            80.59900997513677,
            36.536263042567086,
            58.607913123129904,
            57.71701760850515,
            100.83846592836379,
            26.124150501379958,
            71.74459442937992,
            31.005421476795448,
            51.06590446522406,
            28.499596220084072,
            64.43941658247964,
            24.42087603915771,
            26.819782369502633,
            79.88851411717242,
            70.85055359035843,
            15.201109693976512,
            68.2399345173344,
            0.0,
            14.498719294844038,
            42.466660663592734
        ],
        [
            45.948360831740416,
            79.77007575277747,
            68.29796552856368,
            88.60522425959282,
            91.35106410074289,
            47.95935475852394,
            72.80111652904742,
            72.18379645945929,
            114.04584369423432,
            38.66872478372925,
            86.23172616247972,
            43.43374080838659,
            65.3918941611804,
            28.790514615341664,
            78.93586912400933,
            37.445115732733676,
            41.28045860524358,
            90.60018356852767,
            85.00504233430938,
            22.800939145840903,
            77.93967849666686,
            14.498719294844038,
            0.0,
            45.948360831740416
        ],
        [
            0.0,
            33.99344693457898,
            84.8662133845827,
            42.725884955121046,
            55.25620905442971,
            28.157419783244066,
            77.350418626329,
            66.21624454297805,
            87.2772964031464,
            31.710932282289527,
            78.75221520702534,
            64.73402433755396,
            57.61719978202201,
            17.74106808634206,
            75.02554079203685,
            33.80595544341822,
            50.46568783941518,
            54.443290516146575,
            88.2199469397046,
            57.29427655149952,
            40.03658311141346,
            42.466660663592734,
            45.948360831740416,
            0.0
        ]
    ],
    "scores_ave": [
        0,
        19.33032629353385,
        17.519285311663733,
        16.180777294487182,
        12.262321044527315,
        10.029688020628234,
        17.424499310583816,
        10.78437641479869,
        12.102989376764594,
        18.242123460764432,
        17.45597624082842,
        18.358527888145524,
        15.667391337719245,
        17.530849431904684,
        14.19071550666465,
        17.32755896376389,
        15.836862492935174,
        16.24333465614911,
        19.264984688889044,
        13.583112339408508,
        18.321635814305765,
        16.186870277069907,
        14.502886449109283,
        0
    ],
    "scores_var": [
        0,
        237.99818522540946,
        385.26353902842266,
        19.165127831997825,
        263.3949664815143,
        310.0952924623059,
        355.52282568579005,
        24.22656033660697,
        274.8718483879318,
        17.56554990835891,
        17.347141218873425,
        375.2085807730741,
        312.33199018433265,
        20.386700617029884,
        20.326913040577292,
        249.76941992078653,
        18.162804545713218,
        19.509177900142102,
        22.390007887869398,
        246.9471942249318,
        22.809125653176146,
        22.837108221346483,
        23.52684498629525,
        0
    ],
    "vertex_number": 24,
    "minimum_distances": {
        "cost": 478.4833510102248,
        "path": [
            0,
            1,
            3,
            20,
            17,
            4,
            8,
            10,
            14,
            18,
            6,
            2,
            11,
            19,
            16,
            7,
            12,
            5,
            9,
            15,
            21,
            22,
            13,
            23
        ]
    }
}