{
    "vertices": [
        [
            61.354762413584204,
            41.52583740364385
        ],
        [
            34.124569248907946,
            55.239094917125165
        ],
        [
            20.247817398641576,
            17.259654745448692
        ],
        [
            58.51474841741895,
            98.35616183667499
        ],
        [
            96.53025607454823,
            81.97030345813332
        ],
        [
            23.7073711834643,
            40.39581730687721
        ],
        [
            16.970301559218026,
            47.46461453644143
        ],
        [
            63.18482847083905,
            79.94129661476931
        ],
        [
            76.51922254976924,
            70.09607574025365
        ],
        [
            56.92384740507571,
            81.85037344358531
        ],
        [
            41.48670650496587,
            25.837310010336477
        ],
        [
            83.97869105747813,
            5.4313397602272495
        ],
        [
            56.00456937090392,
            87.49246651055341
        ],
        [
            9.121636970442893,
            24.938485666478282
        ],
        [
            61.354762413584204,
            41.52583740364385
        ]
    ],
    "distances": [
        [
            0.0,
            30.488306798125627,
            47.7349824474924,
            56.90124299751272,
            53.601027870044355,
            37.66434669356162,
            44.78001160301104,
            38.459025574961736,
            32.345314495806555,
            40.56724312359867,
            25.315401188970707,
            42.59876650109262,
            46.27694411957352,
            54.80364614887759,
            0.0
        ],
        [
            30.488306798125627,
            0.0,
            40.43515942429093,
            49.53748378366634,
            67.88981704381564,
            18.13397104193042,
            18.833784674333938,
            38.14049599516143,
            44.922561232403446,
            35.04236335145145,
            30.309503801317884,
            70.47159665477464,
            38.97453507717967,
            39.284520405395014,
            30.488306798125627
        ],
        [
            47.7349824474924,
            40.43515942429093,
            0.0,
            89.67163136685528,
            100.03238729111654,
            23.393386468378793,
            30.382259725918352,
            75.97746473295734,
            77.18910817740172,
            74.27713052464178,
            22.90560150517768,
            64.819235514685,
            78.81112332684084,
            13.518740149680797,
            47.7349824474924
        ],
        [
            56.90124299751272,
            49.53748378366634,
            89.67163136685528,
            0.0,
            41.396559968563565,
            67.60883853402366,
            65.69543858873149,
            18.997813264855072,
            33.50811177848757,
            16.58228019629775,
            74.49119465804463,
            96.35058345809689,
            11.149927129105318,
            88.48635280451593,
            56.90124299751272
        ],
        [
            53.601027870044355,
            67.88981704381564,
            100.03238729111654,
            41.396559968563565,
            0.0,
            83.85469851237345,
            86.72040665519265,
            33.40710120385527,
            23.268836383151836,
            39.60659024583734,
            78.61746181752164,
            77.56129671638504,
            40.90019031226441,
            104.36903244884043,
            53.601027870044355
        ],
        [
            37.66434669356162,
            18.13397104193042,
            23.393386468378793,
            67.60883853402366,
            83.85469851237345,
            0.0,
            9.765039753868727,
            55.87767503724022,
            60.590403495487905,
            53.12075410865663,
            22.97944514512531,
            69.67888266516537,
            57.10694683637786,
            21.252593817559802,
            37.66434669356162
        ],
        [
            44.78001160301104,
            18.833784674333938,
            30.382259725918352,
            65.69543858873149,
            86.72040665519265,
            9.765039753868727,
            0.0,
            56.48466496742038,
            63.70445060871782,
            52.71305570043609,
            32.692421331690454,
            79.1006981736777,
            55.90977550711359,
            23.854308157925686,
            44.78001160301104
        ],
        [
            38.459025574961736,
            38.14049599516143,
            75.97746473295734,
            18.997813264855072,
            33.40710120385527,
            55.87767503724022,
            56.48466496742038,
            0.0,
            16.57511506808346,
            6.545567832065388,
            58.29279426600303,
            77.35708365584725,
            10.419994603510947,
            77.12417187511286,
            38.459025574961736
        ],
        [
            32.345314495806555,
            44.922561232403446,
            77.18910817740172,
            33.50811177848757,
            23.268836383151836,
            60.590403495487905,
            63.70445060871782,
            16.57511506808346,
            0.0,
            22.850431977532082,
            56.44568649919226,
            65.09356150790968,
            26.897684043093737,
            81.12732266748209,
            32.345314495806555
        ],
        [
            40.56724312359867,
            35.04236335145145,
            74.27713052464178,
            16.58228019629775,
            39.60659024583734,
            53.12075410865663,
            52.71305570043609,
            6.545567832065388,
            22.850431977532082,
            0.0,
            58.10136482344456,
            81.06684448129306,
            5.716492480572354,
            74.32371285660413,
            40.56724312359867
        ],
        [
            25.315401188970707,
            30.309503801317884,
            22.90560150517768,
            74.49119465804463,
            78.61746181752164,
            22.97944514512531,
            32.692421331690454,
            58.29279426600303,
            56.44568649919226,
            58.10136482344456,
            0.0,
            47.13780195405046,
            63.34135035867506,
            32.37754794878111,
            25.315401188970707
        ],
        [
            42.59876650109262,
            70.47159665477464,
            64.819235514685,
            96.35058345809689,
            77.56129671638504,
            69.67888266516537,
            79.1006981736777,
            77.35708365584725,
            65.09356150790968,
            81.06684448129306,
            47.13780195405046,
            0.0,
            86.69821225185879,
            77.3570118864288,
            42.59876650109262
        ],
        [
            46.27694411957352,
            38.97453507717967,
            78.81112332684084,
            11.149927129105318,
            40.90019031226441,
            57.10694683637786,
            55.90977550711359,
            10.419994603510947,
            26.897684043093737,
            5.716492480572354,
            63.34135035867506,
            86.69821225185879,
            0.0,
            78.17294845345874,
            46.27694411957352
        ],
        [
            54.80364614887759,
            39.284520405395014,
            13.518740149680797,
            88.48635280451593,
            104.36903244884043,
            21.252593817559802,
            23.854308157925686,
            77.12417187511286,
            81.12732266748209,
            74.32371285660413,
            32.37754794878111,
            77.3570118864288,
            78.17294845345874,
            0.0,
            54.80364614887759
        ],
        [
            0.0,
            30.488306798125627,
            47.7349824474924,
            56.90124299751272,
            53.601027870044355,
            37.66434669356162,
            44.78001160301104,
            38.459025574961736,
            32.345314495806555,
            40.56724312359867,
            25.315401188970707,
            42.59876650109262,
            46.27694411957352,
            54.80364614887759,
            0.0
        ]
    ],
    "scores_ave": [
        0,
        18.930867649426293,
        10.553533140335235,
        11.969058636113456,
        16.594187525988062,
        14.293331054982115,
        16.514619785810098,
        12.99726848318977,
        18.934997241524204,
        12.677194196298903,
        15.945638565250707,
        10.325510790138122,
        18.049187923147333,
        18.580514048439156,
        0
    ],
    "scores_var": [
        0,
        370.5390898740727,
        362.2413810661635,
        325.3585464818215,
        17.851578288947902,
        19.916899689332492,
        20.54279938614947,
        300.09099058828116,
        20.885974819632683,
        387.6394256729683,
        313.5723855747337,
        18.906752444872588,
        21.33528200119437,
        17.448852572724512,
        0
    ],
    "vertex_number": 15,
    "minimum_distances": {
        "cost": 334.5755226401905,
        "path": [
            0,
            11,
            10,
            2,
            13,
            5,
            6,
            1,
            7,
            9,
            12,
            3,
            4,
            8,
            14
        ]
    }
}