{
    "vertices": [
        [
            80.98325443256239,
            48.621553905541084
        ],
        [
            32.39280590953951,
            70.9798813715355
        ],
        [
            27.264996161208877,
            10.761460626321039
        ],
        [
            17.996946655462974,
            34.8282623502477
        ],
        [
            11.5040836081989,
            16.36487971156487
        ],
        [
            27.085417538326915,
            43.698201229050404
        ],
        [
            97.89334896697113,
            45.89837344543754
        ],
        [
            4.777688459014973,
            5.463513261448261
        ],
        [
            15.112733161096948,
            81.61688238213725
        ],
        [
            13.013243050423185,
            94.04981186128131
        ],
        [
            1.539073308377037,
            35.658037330124394
        ],
        [
            39.69235760452305,
            35.13290216520769
        ],
        [
            32.32773971260621,
            81.30992201310052
        ],
        [
            45.66074052633521,
            37.59990859089291
        ],
        [
            12.425415507934623,
            2.871074949912422
        ],
        [
            27.865154664833014,
            10.232112455732223
        ],
        [
            11.620544504938357,
            0.3829790548216194
        ],
        [
            80.98325443256239,
            48.621553905541084
        ]
    ],
    "distances": [
        [
            0.0,
            53.48762936179894,
            65.71938781530974,
            64.47891019023834,
            76.60188123340976,
            54.12223409519159,
            17.12795986044252,
            87.57799242724086,
            73.67236438348547,
            81.75358749425868,
            80.49491087325627,
            43.438253724520145,
            58.61645265792857,
            37.00211688670688,
            82.42137831099785,
            65.53839895635805,
            84.48754720153839,
            0.0
        ],
        [
            53.48762936179894,
            0.0,
            60.43635189075156,
            38.91247000029064,
            58.473388183866334,
            27.793136611756296,
            70.13845721617614,
            71.09844725549723,
            20.291542688790567,
            30.129539482244738,
            46.89973861238253,
            36.58263759171331,
            10.330245556924986,
            35.92019866080929,
            70.97539145103906,
            60.91626264013188,
            73.58946569025164,
            53.48762936179894
        ],
        [
            65.71938781530974,
            60.43635189075156,
            0.0,
            25.789681790587416,
            16.727362910766967,
            32.937230150898806,
            78.88578365278131,
            23.102970674225244,
            71.8899734887869,
            84.49888708242788,
            35.800316174556606,
            27.357018754355188,
            70.72988601934213,
            32.53775806496368,
            16.80688371136975,
            0.8002497829915917,
            18.77396461473544,
            65.71938781530974
        ],
        [
            64.47891019023834,
            38.91247000029064,
            25.789681790587416,
            0.0,
            19.571759476678167,
            12.69945348045976,
            80.65967060422581,
            32.203063151080904,
            46.87743222457497,
            59.43087773296548,
            16.47877791664027,
            21.697549669616034,
            48.64068579553483,
            27.80229332651159,
            32.439232202196564,
            26.501926702594073,
            35.030501647669475,
            64.47891019023834
        ],
        [
            76.60188123340976,
            58.473388183866334,
            16.727362910766967,
            19.571759476678167,
            0.0,
            31.46249246675152,
            91.29804171698899,
            12.809534815234045,
            65.3517115622538,
            77.69958973719297,
            21.71468077522986,
            33.864693379865194,
            68.20178277070823,
            40.21944384659197,
            13.525221603177707,
            17.472706726046873,
            15.982324979253791,
            76.60188123340976
        ],
        [
            54.12223409519159,
            27.793136611756296,
            32.937230150898806,
            12.69945348045976,
            31.46249246675152,
            0.0,
            70.84210549514563,
            44.26653522307658,
            39.76394788732917,
            52.28107485580033,
            26.7817090387579,
            15.24136758580825,
            37.97530094833071,
            19.550749274885487,
            43.37937182283517,
            33.47517121345409,
            45.99316003430977,
            54.12223409519159
        ],
        [
            17.12795986044252,
            70.13845721617614,
            78.88578365278131,
            80.65967060422581,
            91.29804171698899,
            70.84210549514563,
            0.0,
            101.51602902956611,
            90.15787394266152,
            97.58685055845994,
            96.89690873008759,
            59.18826545403412,
            74.51729254915276,
            52.88771032531947,
            95.68759619502055,
            78.58772277018711,
            97.543056730233,
            17.12795986044252
        ],
        [
            87.57799242724086,
            71.09844725549723,
            23.102970674225244,
            32.203063151080904,
            12.809534815234045,
            44.26653522307658,
            101.51602902956611,
            0.0,
            76.8514721877593,
            88.96829018839718,
            30.367711665975158,
            45.8181924508466,
            80.69500012143389,
            52.00165238826136,
            8.07517587510613,
            23.574788102558113,
            8.52270536214491,
            87.57799242724086
        ],
        [
            73.67236438348547,
            20.291542688790567,
            71.8899734887869,
            46.87743222457497,
            65.3517115622538,
            39.76394788732917,
            90.15787394266152,
            76.8514721877593,
            0.0,
            12.608948971194483,
            47.92139063416531,
            52.58249095076962,
            17.217743035504565,
            53.57867799531584,
            78.7916484427254,
            72.51489248185321,
            81.30893205178546,
            73.67236438348547
        ],
        [
            81.75358749425868,
            30.129539482244738,
            84.49888708242788,
            59.43087773296548,
            77.69958973719297,
            52.28107485580033,
            97.58685055845994,
            88.96829018839718,
            12.608948971194483,
            0.0,
            59.50845237583274,
            64.675941442905,
            23.137730542498314,
            65.21081712933744,
            91.18063174804358,
            85.12335761846583,
            93.6771860018856,
            81.75358749425868
        ],
        [
            80.49491087325627,
            46.89973861238253,
            35.800316174556606,
            16.47877791664027,
            21.71468077522986,
            26.7817090387579,
            96.89690873008759,
            30.367711665975158,
            47.92139063416531,
            59.50845237583274,
            0.0,
            38.15689805951179,
            55.063931516544116,
            44.164379109024544,
            34.54703096660122,
            36.599729716283065,
            36.687406528849955,
            80.49491087325627
        ],
        [
            43.438253724520145,
            36.58263759171331,
            27.357018754355188,
            21.697549669616034,
            33.864693379865194,
            15.24136758580825,
            59.18826545403412,
            45.8181924508466,
            52.58249095076962,
            64.675941442905,
            38.15689805951179,
            0.0,
            46.760611188548744,
            6.458151082604926,
            42.24111298922263,
            27.566865210468382,
            44.67195817149455,
            43.438253724520145
        ],
        [
            58.61645265792857,
            10.330245556924986,
            70.72988601934213,
            48.64068579553483,
            68.20178277070823,
            37.97530094833071,
            74.51729254915276,
            80.69500012143389,
            17.217743035504565,
            23.137730542498314,
            55.063931516544116,
            46.760611188548744,
            0.0,
            45.698295198710284,
            80.92437974646495,
            71.21776236854205,
            83.53417282729859,
            58.61645265792857
        ],
        [
            37.00211688670688,
            35.92019866080929,
            32.53775806496368,
            27.80229332651159,
            40.21944384659197,
            19.550749274885487,
            52.88771032531947,
            52.00165238826136,
            53.57867799531584,
            65.21081712933744,
            44.164379109024544,
            6.458151082604926,
            45.698295198710284,
            0.0,
            48.06951960589602,
            32.64474140577335,
            50.43644306717135,
            37.00211688670688
        ],
        [
            82.42137831099785,
            70.97539145103906,
            16.80688371136975,
            32.439232202196564,
            13.525221603177707,
            43.37937182283517,
            95.68759619502055,
            8.07517587510613,
            78.7916484427254,
            91.18063174804358,
            34.54703096660122,
            42.24111298922263,
            80.92437974646495,
            48.06951960589602,
            0.0,
            17.10468995320135,
            2.6150408246587507,
            82.42137831099785
        ],
        [
            65.53839895635805,
            60.91626264013188,
            0.8002497829915917,
            26.501926702594073,
            17.472706726046873,
            33.47517121345409,
            78.58772277018711,
            23.574788102558113,
            72.51489248185321,
            85.12335761846583,
            36.599729716283065,
            27.566865210468382,
            71.21776236854205,
            32.64474140577335,
            17.10468995320135,
            0.0,
            18.99717842196271,
            65.53839895635805
        ],
        [
            84.48754720153839,
            73.58946569025164,
            18.77396461473544,
            35.030501647669475,
            15.982324979253791,
            45.99316003430977,
            97.543056730233,
            8.52270536214491,
            81.30893205178546,
            93.6771860018856,
            36.687406528849955,
            44.67195817149455,
            83.53417282729859,
            50.43644306717135,
            2.6150408246587507,
            18.99717842196271,
            0.0,
            84.48754720153839
        ],
        [
            0.0,
            53.48762936179894,
            65.71938781530974,
            64.47891019023834,
            76.60188123340976,
            54.12223409519159,
            17.12795986044252,
            87.57799242724086,
            73.67236438348547,
            81.75358749425868,
            80.49491087325627,
            43.438253724520145,
            58.61645265792857,
            37.00211688670688,
            82.42137831099785,
            65.53839895635805,
            84.48754720153839,
            0.0
        ]
    ],
    "scores_ave": [
        0,
        12.39562581073358,
        16.348950302321978,
        11.833600747949998,
        15.988181356450278,
        16.745258460422246,
        12.120249024063572,
        14.388338239340282,
        11.72381236162543,
        12.483050971348543,
        12.595877898481508,
        19.984903707442747,
        14.831454459991036,
        15.636292252166406,
        16.421783675439748,
        13.021473722267451,
        19.857128789225506,
        0
    ],
    "scores_var": [
        0,
        22.935793294695436,
        261.9031978251744,
        399.2133851081024,
        289.1378768203684,
        18.050108271004152,
        319.6971888465693,
        282.54905813452444,
        256.4845847791197,
        24.709511800872914,
        351.7707167382349,
        269.7209215180801,
        381.1884907516911,
        288.41336583703793,
        22.537408083182342,
        21.716471731449555,
        363.2447798143106,
        0
    ],
    "vertex_number": 18,
    "minimum_distances": {
        "cost": 338.9358246197324,
        "path": [
            0,
            12,
            9,
            8,
            1,
            5,
            3,
            10,
            4,
            7,
            16,
            14,
            2,
            15,
            11,
            13,
            6,
            17
        ]
    }
}