{
    "vertices": [
        [
            22.7448359173685,
            68.25648738393072
        ],
        [
            26.789383339174712,
            56.69881031557193
        ],
        [
            83.59802920024228,
            17.212293782299902
        ],
        [
            23.405888581361435,
            87.47801028111702
        ],
        [
            49.54981501769128,
            8.12141368274666
        ],
        [
            8.680821927787786,
            64.7516654152646
        ],
        [
            67.99872124772529,
            94.58509694973046
        ],
        [
            72.37580947151166,
            33.342875605945444
        ],
        [
            49.2871994471103,
            60.74340516540717
        ],
        [
            83.94342383756938,
            30.90291266099463
        ],
        [
            4.71304816651873,
            2.1644388719279317
        ],
        [
            18.17739017418448,
            81.01874623260359
        ],
        [
            46.79514777092263,
            37.8454682879918
        ],
        [
            13.441371412832225,
            66.51756637408418
        ],
        [
            85.0299801990414,
            17.73307776244217
        ],
        [
            88.81662873675634,
            84.03620775124314
        ],
        [
            35.23003768689691,
            25.263860315676247
        ],
        [
            71.54380099886207,
            11.843589832137248
        ],
        [
            27.344878242856595,
            63.65570728731659
        ],
        [
            98.85546027587144,
            23.797474911407267
        ],
        [
            22.7448359173685,
            68.25648738393072
        ]
    ],
    "distances": [
        [
            0.0,
            12.244928054656173,
            79.42682691108567,
            19.232886759704837,
            65.83869677944406,
            14.49414594003961,
            52.35560924257688,
            60.6810829115296,
            27.585203754318403,
            71.69767575039324,
            68.5076947941224,
            13.554955239227418,
            38.77173690598305,
            9.464581240902953,
            80.2000880172181,
            67.92997410008843,
            44.768808845622,
            74.5905758337739,
            6.505963948077381,
            88.14437548858768,
            0.0
        ],
        [
            12.244928054656173,
            0.0,
            69.18386540589182,
            30.96461185442441,
            53.64513690741449,
            19.818387211037578,
            55.978390882435356,
            51.22130351405895,
            22.858488076112984,
            62.705762742331466,
            58.833342956258925,
            25.79972304662135,
            27.489618333245545,
            16.57037696983241,
            70.07350024078681,
            67.78430843615398,
            32.54843663394086,
            63.3636228815499,
            6.979039336720097,
            79.22131857286416,
            12.244928054656173
        ],
        [
            79.42682691108567,
            69.18386540589182,
            0.0,
            92.52223898812255,
            35.240956144879505,
            88.72755942074049,
            78.92964638577455,
            19.650289708023003,
            55.42734610818832,
            13.694975090782998,
            80.30739797860798,
            91.38448109427893,
            42.19217903454259,
            85.7494404486112,
            1.5237124456191307,
            67.0273769384662,
            49.0335632671789,
            13.195734145376,
            72.94797907161231,
            16.617876324329956,
            79.42682691108567
        ],
        [
            19.232886759704837,
            30.96461185442441,
            92.52223898812255,
            0.0,
            83.5522250642358,
            27.079777305469918,
            45.15563537506154,
            72.9977120072029,
            37.20996321984838,
            82.85852307169733,
            87.33743612773152,
            8.310191793350505,
            54.867537489264194,
            23.208442670325457,
            93.06924454264535,
            65.50122847955782,
            63.32780556747794,
            89.65391329199194,
            24.14576069379051,
            98.73119291215852,
            19.232886759704837
        ],
        [
            65.83869677944406,
            53.64513690741449,
            35.240956144879505,
            83.5522250642358,
            0.0,
            69.83738259321386,
            88.41001450728238,
            34.01688057934185,
            52.622646783862045,
            41.25429702892428,
            45.230755140315026,
            79.36151544322924,
            29.85142565801531,
            68.65806834389745,
            36.75902892728259,
            85.46893364322491,
            22.33650597936865,
            22.30672577109938,
            59.80900419947637,
            51.73766084749309,
            65.83869677944406
        ],
        [
            14.49414594003961,
            19.818387211037578,
            88.72755942074049,
            27.079777305469918,
            69.83738259321386,
            0.0,
            66.39764165128084,
            71.01805063137913,
            40.80372587733046,
            82.52391961879876,
            62.71287072848413,
            18.83620786613665,
            46.65453116609704,
            5.077522781427653,
            89.66572117367416,
            82.42354703622308,
            47.5830601055334,
            82.1645823916865,
            18.696206095095206,
            99.03893739855006,
            14.49414594003961
        ],
        [
            52.35560924257688,
            55.978390882435356,
            78.92964638577455,
            45.15563537506154,
            88.41001450728238,
            66.39764165128084,
            0.0,
            61.398441156433,
            38.67015840308938,
            65.6479560722426,
            112.01184962706151,
            51.63536483573493,
            60.572080935511565,
            61.353815640282264,
            78.71655883376833,
            23.33804480979111,
            76.67607495682238,
            82.81741719307992,
            51.08191554703039,
            77.2206305160196,
            52.35560924257688
        ],
        [
            60.6810829115296,
            51.22130351405895,
            19.650289708023003,
            72.9977120072029,
            34.01688057934185,
            71.01805063137913,
            61.398441156433,
            0.0,
            35.83117264335376,
            11.82214537613872,
            74.5006321086847,
            72.18349738228768,
            25.973902169300622,
            67.63008278017966,
            20.094621805759623,
            53.29272428864857,
            38.01419273817458,
            21.515378845896073,
            54.283077767044496,
            28.147585707128087,
            60.6810829115296
        ],
        [
            27.585203754318403,
            22.858488076112984,
            55.42734610818832,
            37.20996321984838,
            52.622646783862045,
            40.80372587733046,
            38.67015840308938,
            35.83117264335376,
            0.0,
            45.73301741529583,
            73.60944405711565,
            37.133673241263956,
            23.033146437230158,
            36.307909952609855,
            55.923471272721066,
            45.88170040732856,
            38.162834007668685,
            53.726606558216005,
            22.134745615884537,
            61.82244126465341,
            27.585203754318403
        ],
        [
            71.69767575039324,
            62.705762742331466,
            13.694975090782998,
            82.85852307169733,
            41.25429702892428,
            82.52391961879876,
            65.6479560722426,
            11.82214537613872,
            45.73301741529583,
            0.0,
            84.28138765291355,
            82.6847504585379,
            37.79144735727582,
            78.98697965616655,
            13.214581188285369,
            53.35630396810564,
            49.03868780481152,
            22.737819447713015,
            65.39220839879019,
            16.518355739918828,
            71.69767575039324
        ],
        [
            68.5076947941224,
            58.833342956258925,
            80.30739797860798,
            87.33743612773152,
            45.230755140315026,
            62.71287072848413,
            112.01184962706151,
            74.5006321086847,
            73.60944405711565,
            84.28138765291355,
            0.0,
            79.99556422096978,
            55.17281003633027,
            64.94234863323713,
            81.81193120822964,
            117.37290489786157,
            38.273619118431576,
            67.5280348259024,
            65.52385690676034,
            96.59597303227817,
            68.5076947941224
        ],
        [
            13.554955239227418,
            25.79972304662135,
            91.38448109427893,
            8.310191793350505,
            79.36151544322924,
            18.83620786613665,
            51.63536483573493,
            72.18349738228768,
            37.133673241263956,
            82.6847504585379,
            79.99556422096978,
            0.0,
            51.79679505865558,
            15.254969386957468,
            92.05620362988462,
            70.70365689776173,
            58.30437454258814,
            87.3680494651062,
            19.63461124913857,
            98.91018596154129,
            13.554955239227418
        ],
        [
            38.77173690598305,
            27.489618333245545,
            42.19217903454259,
            54.867537489264194,
            29.85142565801531,
            46.65453116609704,
            60.572080935511565,
            25.973902169300622,
            23.033146437230158,
            37.79144735727582,
            55.17281003633027,
            51.79679505865558,
            0.0,
            43.9836743122265,
            43.20197522635442,
            62.445090076993964,
            17.089430371567914,
            35.89698482922807,
            32.31843780130284,
            53.92237249993264,
            38.77173690598305
        ],
        [
            9.464581240902953,
            16.57037696983241,
            85.7494404486112,
            23.208442670325457,
            68.65806834389745,
            5.077522781427653,
            61.353815640282264,
            67.63008278017966,
            36.307909952609855,
            78.98697965616655,
            64.94234863323713,
            15.254969386957468,
            43.9836743122265,
            0.0,
            86.63056756736813,
            77.38431502797762,
            46.65419854156844,
            79.78180265391927,
            14.194989947338764,
            95.50168998966794,
            9.464581240902953
        ],
        [
            80.2000880172181,
            70.07350024078681,
            1.5237124456191307,
            93.06924454264535,
            36.75902892728259,
            89.66572117367416,
            78.71655883376833,
            20.094621805759623,
            55.923471272721066,
            13.214581188285369,
            81.81193120822964,
            92.05620362988462,
            43.20197522635442,
            86.63056756736813,
            0.0,
            66.41117190247449,
            50.3661290956233,
            14.716082953712823,
            73.73234629505767,
            15.097046470591529,
            80.2000880172181
        ],
        [
            67.92997410008843,
            67.78430843615398,
            67.0273769384662,
            65.50122847955782,
            85.46893364322491,
            82.42354703622308,
            23.33804480979111,
            53.29272428864857,
            45.88170040732856,
            53.35630396810564,
            117.37290489786157,
            70.70365689776173,
            62.445090076993964,
            77.38431502797762,
            66.41117190247449,
            0.0,
            79.53434203808982,
            74.23021392988827,
            64.76218733137705,
            61.069493798621366,
            67.92997410008843
        ],
        [
            44.768808845622,
            32.54843663394086,
            49.0335632671789,
            63.32780556747794,
            22.33650597936865,
            47.5830601055334,
            76.67607495682238,
            38.01419273817458,
            38.162834007668685,
            49.03868780481152,
            38.273619118431576,
            58.30437454258814,
            17.089430371567914,
            46.65419854156844,
            50.3661290956233,
            79.53434203808982,
            0.0,
            38.7142488720726,
            39.1932347906088,
            63.642318356416304,
            44.768808845622
        ],
        [
            74.5905758337739,
            63.3636228815499,
            13.195734145376,
            89.65391329199194,
            22.30672577109938,
            82.1645823916865,
            82.81741719307992,
            21.515378845896073,
            53.726606558216005,
            22.737819447713015,
            67.5280348259024,
            87.3680494651062,
            35.89698482922807,
            79.78180265391927,
            14.716082953712823,
            74.23021392988827,
            38.7142488720726,
            0.0,
            68.103159162998,
            29.81311961120215,
            74.5905758337739
        ],
        [
            6.505963948077381,
            6.979039336720097,
            72.94797907161231,
            24.14576069379051,
            59.80900419947637,
            18.696206095095206,
            51.08191554703039,
            54.283077767044496,
            22.134745615884537,
            65.39220839879019,
            65.52385690676034,
            19.63461124913857,
            32.31843780130284,
            14.194989947338764,
            73.73234629505767,
            64.76218733137705,
            39.1932347906088,
            68.103159162998,
            0.0,
            81.86844343721536,
            6.505963948077381
        ],
        [
            88.14437548858768,
            79.22131857286416,
            16.617876324329956,
            98.73119291215852,
            51.73766084749309,
            99.03893739855006,
            77.2206305160196,
            28.147585707128087,
            61.82244126465341,
            16.518355739918828,
            96.59597303227817,
            98.91018596154129,
            53.92237249993264,
            95.50168998966794,
            15.097046470591529,
            61.069493798621366,
            63.642318356416304,
            29.81311961120215,
            81.86844343721536,
            0.0,
            88.14437548858768
        ],
        [
            0.0,
            12.244928054656173,
            79.42682691108567,
            19.232886759704837,
            65.83869677944406,
            14.49414594003961,
            52.35560924257688,
            60.6810829115296,
            27.585203754318403,
            71.69767575039324,
            68.5076947941224,
            13.554955239227418,
            38.77173690598305,
            9.464581240902953,
            80.2000880172181,
            67.92997410008843,
            44.768808845622,
            74.5905758337739,
            6.505963948077381,
            88.14437548858768,
            0.0
        ]
    ],
    "scores_ave": [
        0,
        11.012999110770538,
        17.82041202105318,
        19.50598063531319,
        10.011947741225436,
        16.10064078372505,
        16.025471756619147,
        10.091367035209641,
        13.222386103353891,
        17.663339233155348,
        15.495529907280847,
        19.98860376294121,
        13.539421879721525,
        15.235163989610388,
        13.851567777006997,
        15.587958918931541,
        13.797893400262229,
        11.73601867961978,
        19.410505656958698,
        11.892080586187216,
        0
    ],
    "scores_var": [
        0,
        390.1209304136072,
        240.08926867290634,
        321.2805905798858,
        24.554460564263366,
        24.17777121208554,
        384.2340524534494,
        287.762943467468,
        357.441486466353,
        17.392075256599398,
        256.80587860204326,
        312.22974840955544,
        326.1567099632859,
        17.573935433673682,
        287.56699582905225,
        18.428615367563715,
        19.349828734021788,
        235.74032517381997,
        263.6741708939264,
        22.29229524320599,
        0
    ],
    "vertex_number": 21,
    "minimum_distances": {
        "cost": 417.18210409387467,
        "path": [
            0,
            18,
            1,
            8,
            12,
            16,
            10,
            4,
            17,
            7,
            9,
            2,
            14,
            19,
            15,
            6,
            3,
            11,
            5,
            13,
            20
        ]
    }
}