{
    "vertices": [
        [
            81.84658770576188,
            54.9938984377063
        ],
        [
            46.774063634597695,
            47.58629444434192
        ],
        [
            35.62307614710022,
            6.23125226829746
        ],
        [
            2.180495550780026,
            34.97007794590231
        ],
        [
            15.207244853729197,
            56.28974400874874
        ],
        [
            62.7673513778587,
            22.88388226446081
        ],
        [
            64.79410960097093,
            55.36153456513511
        ],
        [
            99.55674487833512,
            34.44445539009225
        ],
        [
            74.41144894110387,
            14.773985431249914
        ],
        [
            95.80578854240729,
            59.438960672273765
        ],
        [
            18.53176401445964,
            67.99458045162092
        ],
        [
            98.45405559966397,
            66.87477931858368
        ],
        [
            57.0740041292494,
            12.486853060968928
        ],
        [
            90.12489221100329,
            70.41384654895693
        ],
        [
            46.58790410669139,
            67.6653632627807
        ],
        [
            84.79447673384085,
            28.33512567853853
        ],
        [
            30.10699231520707,
            86.65393679520271
        ],
        [
            82.25588277679894,
            55.72702214587554
        ],
        [
            77.14945567057366,
            31.697996244826943
        ],
        [
            90.55296202519439,
            8.19029483144984
        ],
        [
            85.17012032715131,
            45.80566695064632
        ],
        [
            64.9528419001316,
            21.85867771661506
        ],
        [
            81.84658770576188,
            54.9938984377063
        ]
    ],
    "distances": [
        [
            0.0,
            35.84626258963267,
            67.18934947040856,
            82.14401759309105,
            66.65194094319197,
            37.35064119264979,
            17.05644059692894,
            27.12801645244969,
            40.90137761367751,
            14.649841851261732,
            64.63578445325476,
            20.419679731880876,
            49.19888010631244,
            17.50157493584969,
            37.466528928531126,
            26.821264227228625,
            60.65759441303673,
            0.8396385095117121,
            23.764724032401315,
            47.6064939301526,
            9.770847810975267,
            37.193299122028485,
            0.0
        ],
        [
            35.84626258963267,
            0.0,
            42.83204449158061,
            46.34388021283481,
            32.74468021319441,
            29.427783136748193,
            19.62591184037563,
            54.39411156555269,
            42.90073063889381,
            50.44398620396559,
            34.84430549729109,
            55.16219011472594,
            36.57949643746073,
            48.99379015089379,
            20.07993177242968,
            42.61642067427231,
            42.47436809677603,
            36.40372147391521,
            34.27976751694712,
            58.89513332859671,
            38.437323057272025,
            31.502035517030624,
            35.84626258963267
        ],
        [
            67.18934947040856,
            42.83204449158061,
            0.0,
            44.09451551235292,
            54.06162005275292,
            31.84527851334147,
            57.137849376169235,
            69.88203508647223,
            39.71795757462876,
            80.33068594789177,
            64.0844884406224,
            87.32336086103926,
            22.344459102261183,
            84.20126699081946,
            62.40494728678103,
            53.911110685995695,
            80.6116329530335,
            68.00330793378392,
            48.71339903038644,
            54.96480883569679,
            63.41170147875267,
            33.233290316645096,
            67.18934947040856
        ],
        [
            82.14401759309105,
            46.34388021283481,
            44.09451551235292,
            0.0,
            24.984482352715904,
            61.780605573766536,
            65.85040749669145,
            97.37766793353265,
            75.00128519255877,
            96.76994218064289,
            36.85080387347796,
            101.42242520353199,
            59.31941238145384,
            94.81812926185356,
            55.14525923960929,
            82.8799884079705,
            58.74615295564435,
            82.72193404362397,
            75.0403324892802,
            92.34094224356066,
            83.69401298541389,
            64.12703238241659,
            82.14401759309105
        ],
        [
            66.65194094319197,
            32.74468021319441,
            54.06162005275292,
            24.984482352715904,
            0.0,
            58.11983595524876,
            49.59555149640397,
            87.13239804592433,
            72.30972266496865,
            80.66004469580695,
            12.167810970115063,
            83.91706901387784,
            60.59305890625962,
            76.23741967115095,
            33.3788928600579,
            74.99228978184459,
            33.82287211324253,
            67.0509992709569,
            66.6452664407815,
            89.38978748851562,
            70.74404438728251,
            60.498948350498985,
            66.65194094319197
        ],
        [
            37.35064119264979,
            29.427783136748193,
            31.84527851334147,
            61.780605573766536,
            58.11983595524876,
            0.0,
            32.54083047278369,
            38.563017583248964,
            14.189976557686633,
            49.27283316064927,
            63.180394746455654,
            56.64574019148351,
            11.853793449841705,
            54.840975058095474,
            47.614656928338455,
            22.691635159407916,
            71.6471835381903,
            38.18998158362549,
            16.868121683975833,
            31.431539426138073,
            32.05140043422811,
            2.414003560036373,
            37.35064119264979
        ],
        [
            17.05644059692894,
            19.62591184037563,
            57.137849376169235,
            65.85040749669145,
            49.59555149640397,
            32.54083047278369,
            0.0,
            40.57049436033603,
            41.71141762969479,
            31.278581080763608,
            47.95621406591493,
            35.574524162492224,
            43.5641864675354,
            29.46558405487703,
            21.973850803191997,
            33.62203834920022,
            46.71627706618624,
            17.465597717104966,
            26.694898807381545,
            53.74610996365905,
            22.5054753111116,
            33.50323287319037,
            17.05644059692894
        ],
        [
            27.12801645244969,
            54.39411156555269,
            69.88203508647223,
            97.37766793353265,
            87.13239804592433,
            38.563017583248964,
            40.57049436033603,
            0.0,
            31.925120143433407,
            25.27439351863931,
            87.69639910301677,
            32.44906522154652,
            47.82174778903371,
            37.18543996079201,
            62.52460965553804,
            15.97649743512086,
            86.88554586161203,
            27.427494912418503,
            22.574978349422064,
            27.755162624374695,
            18.331723707834797,
            36.821622736798545,
            27.12801645244969
        ],
        [
            40.90137761367751,
            42.90073063889381,
            39.71795757462876,
            75.00128519255877,
            72.30972266496865,
            14.189976557686633,
            41.71141762969479,
            31.925120143433407,
            0.0,
            49.524516961371496,
            77.16845807597409,
            57.380655787718865,
            17.48765184589648,
            57.81614346005856,
            59.763262093616575,
            17.079572329287988,
            84.43703147908619,
            41.69755818212947,
            17.14406086283801,
            17.43253930320426,
            32.843785834069195,
            11.81770332737468,
            40.90137761367751
        ],
        [
            14.649841851261732,
            50.44398620396559,
            80.33068594789177,
            96.76994218064289,
            80.66004469580695,
            49.27283316064927,
            31.278581080763608,
            25.27439351863931,
            49.524516961371496,
            0.0,
            77.74621210422158,
            7.893333728366055,
            60.865848658922765,
            12.358021813153549,
            49.90063975450199,
            32.99541694028101,
            71.11249363561069,
            14.049143528365908,
            33.43082205973299,
            51.51716157635597,
            17.291157742764728,
            48.62285453918231,
            14.649841851261732
        ],
        [
            64.63578445325476,
            34.84430549729109,
            64.0844884406224,
            36.85080387347796,
            12.167810970115063,
            63.180394746455654,
            47.95621406591493,
            87.69639910301677,
            77.16845807597409,
            77.74621210422158,
            0.0,
            79.9301360364661,
            67.57671250616626,
            71.6339923040483,
            28.058071580783338,
            77.2244744224874,
            21.95808482931037,
            64.89419310555904,
            68.94545525393349,
            93.61413109910525,
            70.23544984130866,
            65.44797929074315,
            64.63578445325476
        ],
        [
            20.419679731880876,
            55.16219011472594,
            87.32336086103926,
            101.42242520353199,
            83.91706901387784,
            56.64574019148351,
            35.574524162492224,
            32.44906522154652,
            57.380655787718865,
            7.893333728366055,
            79.9301360364661,
            0.0,
            68.33999694394124,
            9.049859646210399,
            51.87217648860326,
            40.88873925038882,
            71.15150124975897,
            19.663501539173257,
            41.125321221319766,
            59.213984827852755,
            24.907236544769013,
            56.11399756549605,
            20.419679731880876
        ],
        [
            49.19888010631244,
            36.57949643746073,
            22.344459102261183,
            59.31941238145384,
            60.59305890625962,
            11.853793449841705,
            43.5641864675354,
            47.82174778903371,
            17.48765184589648,
            60.865848658922765,
            67.57671250616626,
            68.33999694394124,
            0.0,
            66.6925616358378,
            56.166059874042595,
            31.93105614261313,
            78.91752679740759,
            50.03837761869608,
            27.786539493408544,
            33.753533658242446,
            43.583656391140075,
            12.243658848402168,
            49.19888010631244
        ],
        [
            17.50157493584969,
            48.99379015089379,
            84.20126699081946,
            94.81812926185356,
            76.23741967115095,
            54.840975058095474,
            29.46558405487703,
            37.18543996079201,
            57.81614346005856,
            12.358021813153549,
            71.6339923040483,
            9.049859646210399,
            66.6925616358378,
            0.0,
            43.623657498763045,
            42.414998281854935,
            62.17627231595686,
            16.662056311348366,
            40.83232810147516,
            62.22502416317008,
            25.102037119798077,
            54.69219813821966,
            17.50157493584969
        ],
        [
            37.466528928531126,
            20.07993177242968,
            62.40494728678103,
            55.14525923960929,
            33.3788928600579,
            47.614656928338455,
            21.973850803191997,
            62.52460965553804,
            59.763262093616575,
            49.90063975450199,
            28.058071580783338,
            51.87217648860326,
            56.166059874042595,
            43.623657498763045,
            0.0,
            54.83256131484815,
            25.1433167715575,
            37.6128793239076,
            47.19809237878182,
            73.9608685906866,
            44.344489300713136,
            49.35102208548703,
            37.466528928531126
        ],
        [
            26.821264227228625,
            42.61642067427231,
            53.911110685995695,
            82.8799884079705,
            74.99228978184459,
            22.691635159407916,
            33.62203834920022,
            15.97649743512086,
            17.079572329287988,
            32.99541694028101,
            77.2244744224874,
            40.88873925038882,
            31.93105614261313,
            42.414998281854935,
            54.83256131484815,
            0.0,
            79.94876285534046,
            27.509279368170283,
            8.351960578415586,
            20.95171503024397,
            17.474579263879768,
            20.871867455447465,
            26.821264227228625
        ],
        [
            60.65759441303673,
            42.47436809677603,
            80.6116329530335,
            58.74615295564435,
            33.82287211324253,
            71.6471835381903,
            46.71627706618624,
            86.88554586161203,
            84.43703147908619,
            71.11249363561069,
            21.95808482931037,
            71.15150124975897,
            78.91752679740759,
            62.17627231595686,
            25.1433167715575,
            79.94876285534046,
            0.0,
            60.6298674425557,
            72.34050566810717,
            99.04674837871613,
            68.56040559793571,
            73.5707743085288,
            60.65759441303673
        ],
        [
            0.8396385095117121,
            36.40372147391521,
            68.00330793378392,
            82.72193404362397,
            67.0509992709569,
            38.18998158362549,
            17.465597717104966,
            27.427494912418503,
            41.69755818212947,
            14.049143528365908,
            64.89419310555904,
            19.663501539173257,
            50.03837761869608,
            16.662056311348366,
            37.6128793239076,
            27.509279368170283,
            60.6298674425557,
            0.0,
            24.56561995033825,
            48.255382785967214,
            10.340506245333714,
            38.03235435729216,
            0.8396385095117121
        ],
        [
            23.764724032401315,
            34.27976751694712,
            48.71339903038644,
            75.0403324892802,
            66.6452664407815,
            16.868121683975833,
            26.694898807381545,
            22.574978349422064,
            17.14406086283801,
            33.43082205973299,
            68.94545525393349,
            41.125321221319766,
            27.786539493408544,
            40.83232810147516,
            47.19809237878182,
            8.351960578415586,
            72.34050566810717,
            24.56561995033825,
            0.0,
            27.060414045961124,
            16.22829116934707,
            15.67065973611036,
            23.764724032401315
        ],
        [
            47.6064939301526,
            58.89513332859671,
            54.96480883569679,
            92.34094224356066,
            89.38978748851562,
            31.431539426138073,
            53.74610996365905,
            27.755162624374695,
            17.43253930320426,
            51.51716157635597,
            93.61413109910525,
            59.213984827852755,
            33.753533658242446,
            62.22502416317008,
            73.9608685906866,
            20.95171503024397,
            99.04674837871613,
            48.255382785967214,
            27.060414045961124,
            0.0,
            37.998568452137974,
            29.020524480324646,
            47.6064939301526
        ],
        [
            9.770847810975267,
            38.437323057272025,
            63.41170147875267,
            83.69401298541389,
            70.74404438728251,
            32.05140043422811,
            22.5054753111116,
            18.331723707834797,
            32.843785834069195,
            17.291157742764728,
            70.23544984130866,
            24.907236544769013,
            43.583656391140075,
            25.102037119798077,
            44.344489300713136,
            17.474579263879768,
            68.56040559793571,
            10.340506245333714,
            16.22829116934707,
            37.998568452137974,
            0.0,
            31.340016598120133,
            9.770847810975267
        ],
        [
            37.193299122028485,
            31.502035517030624,
            33.233290316645096,
            64.12703238241659,
            60.498948350498985,
            2.414003560036373,
            33.50323287319037,
            36.821622736798545,
            11.81770332737468,
            48.62285453918231,
            65.44797929074315,
            56.11399756549605,
            12.243658848402168,
            54.69219813821966,
            49.35102208548703,
            20.871867455447465,
            73.5707743085288,
            38.03235435729216,
            15.67065973611036,
            29.020524480324646,
            31.340016598120133,
            0.0,
            37.193299122028485
        ],
        [
            0.0,
            35.84626258963267,
            67.18934947040856,
            82.14401759309105,
            66.65194094319197,
            37.35064119264979,
            17.05644059692894,
            27.12801645244969,
            40.90137761367751,
            14.649841851261732,
            64.63578445325476,
            20.419679731880876,
            49.19888010631244,
            17.50157493584969,
            37.466528928531126,
            26.821264227228625,
            60.65759441303673,
            0.8396385095117121,
            23.764724032401315,
            47.6064939301526,
            9.770847810975267,
            37.193299122028485,
            0.0
        ]
    ],
    "scores_ave": [
        0,
        13.55533460268304,
        17.555488983845695,
        12.660191737042066,
        16.871010623031548,
        10.417196686712257,
        15.393861626169285,
        10.794493312206301,
        12.769675378373538,
        15.336089776021437,
        15.44797914563903,
        16.570945781845822,
        14.339092762939012,
        18.61198018058262,
        14.435159394019418,
        17.01768619688112,
        19.8756474449125,
        13.806168612628127,
        12.789427017526483,
        13.056058190025333,
        19.53742848112806,
        11.403434358063594,
        0
    ],
    "scores_var": [
        0,
        320.24769171598973,
        16.17709150814862,
        354.4185206723495,
        22.339176904249356,
        17.69221395199207,
        23.61219203489461,
        235.91063115975763,
        371.1212253201009,
        18.23907296641226,
        22.67330614797567,
        16.44449848139289,
        21.390649533203256,
        293.31622762505503,
        16.808135755716147,
        17.183831624687947,
        24.580578041600894,
        22.151808584430853,
        21.534129741937264,
        20.13384995361354,
        17.969762338496523,
        21.73165729984647,
        0
    ],
    "vertex_number": 23,
    "minimum_distances": {
        "cost": 397.79690175559733,
        "path": [
            0,
            20,
            15,
            18,
            21,
            5,
            1,
            6,
            14,
            16,
            10,
            4,
            3,
            2,
            12,
            8,
            19,
            7,
            9,
            11,
            13,
            17,
            22
        ]
    }
}