{
    "vertices": [
        [
            57.18828380698069,
            1.3172538277304913
        ],
        [
            1.8093784464761065,
            72.97775383737518
        ],
        [
            1.5283341303933051,
            90.24275169410761
        ],
        [
            97.14105369216284,
            7.8523988254805
        ],
        [
            76.58391132438786,
            15.52690047716646
        ],
        [
            44.87828953738814,
            24.878901207283054
        ],
        [
            60.63640829719146,
            8.37481826733163
        ],
        [
            22.46736278141799,
            55.28881037344707
        ],
        [
            77.64233251297868,
            8.78302830079194
        ],
        [
            85.318295224026,
            3.5259169854699457
        ],
        [
            73.80125884417286,
            13.10417112066471
        ],
        [
            9.273403443522987,
            64.318627226056
        ],
        [
            76.85294854375249,
            27.186230291095303
        ],
        [
            36.0852864151465,
            54.860123265884134
        ],
        [
            94.02690658422556,
            83.87496868698429
        ],
        [
            88.44445443836932,
            19.37362794479105
        ],
        [
            3.9189143711187757,
            63.31653428546866
        ],
        [
            34.14880821954577,
            75.90315806669562
        ],
        [
            42.97501867007922,
            19.382208162171345
        ],
        [
            57.18828380698069,
            1.3172538277304913
        ]
    ],
    "distances": [
        [
            0.0,
            90.56517222729723,
            104.9084084751231,
            40.48372440425825,
            24.043802209630424,
            26.583588662100862,
            7.854856989093677,
            64.17531669443358,
            21.773972925259965,
            28.216586173161613,
            20.36964307141492,
            79.15180863580883,
            32.49466083023115,
            57.551501862166276,
            90.40387387112345,
            36.096826021046994,
            81.74066611773857,
            78.06327271187192,
            22.986071455498703,
            0.0
        ],
        [
            90.56517222729723,
            0.0,
            17.267285163006314,
            115.45319471792192,
            94.2965074587925,
            64.56338534253146,
            87.37367295315079,
            27.196526205615836,
            99.35592437881871,
            108.61536182080054,
            93.63587320322829,
            11.432066428576974,
            87.91132487702787,
            38.76965829874942,
            92.85915026164709,
            101.87756723061814,
            9.888847508557237,
            32.471475296823684,
            67.58026672958603,
            90.56517222729723
        ],
        [
            104.9084084751231,
            17.267285163006314,
            0.0,
            126.2139548061722,
            105.90466510496958,
            78.43246511650898,
            100.97585332780672,
            40.7458087991466,
            111.48554742700827,
            120.58427344375247,
            105.70589510320222,
            27.056354671319188,
            98.23401868991103,
            49.45819796252626,
            92.71749870667708,
            112.14653213713969,
            27.03213010150399,
            35.633120480816466,
            82.09168221551847,
            104.9084084751231
        ],
        [
            40.48372440425825,
            115.45319471792192,
            126.2139548061722,
            0.0,
            21.94297331563569,
            54.96633788470114,
            36.50838338636524,
            88.4667918191991,
            19.52091695704593,
            12.589521949138597,
            23.92335962582856,
            104.44691910249558,
            28.025064668145756,
            77.05538835701304,
            76.0863262390628,
            14.435011569123573,
            108.47413323883288,
            92.73040937571811,
            55.37956169340845,
            40.48372440425825
        ],
        [
            24.043802209630424,
            94.2965074587925,
            105.90466510496958,
            21.94297331563569,
            0.0,
            33.05610942861201,
            17.477846913698325,
            67.15363210432889,
            6.826424198929951,
            14.842946704553997,
            3.6895490727868134,
            83.1344517653077,
            11.662433396824756,
            56.45565546945961,
            70.53875893187114,
            12.468752751129145,
            86.97155214062944,
            73.79722525973288,
            33.829292969184245,
            24.043802209630424
        ],
        [
            26.583588662100862,
            64.56338534253146,
            78.43246511650898,
            54.96633788470114,
            33.05610942861201,
            0.0,
            22.81891891691762,
            37.77581519379569,
            36.5042413525916,
            45.73121466911088,
            31.22791094732285,
            53.13379246951028,
            32.057800705511326,
            31.244048713873482,
            76.78621318756473,
            43.912626406014404,
            56.170473121244335,
            52.14016261391251,
            5.816878409123426,
            26.583588662100862
        ],
        [
            7.854856989093677,
            87.37367295315079,
            100.97585332780672,
            36.50838338636524,
            17.477846913698325,
            22.81891891691762,
            0.0,
            60.47973785424213,
            17.010822845015934,
            25.153675395661086,
            13.98856920259132,
            75.94648134316834,
            24.83637251887107,
            52.57034493395947,
            82.55421303147772,
            29.904201118084597,
            78.96496866504607,
            72.53736715605042,
            20.810750007092178,
            7.854856989093677
        ],
        [
            64.17531669443358,
            27.196526205615836,
            40.7458087991466,
            88.4667918191991,
            67.15363210432889,
            37.77581519379569,
            60.47973785424213,
            0.0,
            72.15999619642402,
            81.42258188488229,
            66.44330420643684,
            15.988062903356582,
            61.217211190948866,
            13.6246694172832,
            77.05800903470416,
            75.11908514081757,
            20.211117970987523,
            23.694039299834426,
            41.35030873411385,
            64.17531669443358
        ],
        [
            21.773972925259965,
            99.35592437881871,
            111.48554742700827,
            19.52091695704593,
            6.826424198929951,
            36.5042413525916,
            17.010822845015934,
            72.15999619642402,
            0.0,
            9.303634930664222,
            5.781532858933812,
            88.08242282142365,
            18.42012406436984,
            62.049067364461436,
            76.85866105039588,
            15.12767790873666,
            91.70084872835305,
            79.97998796733586,
            36.25141739044088,
            21.773972925259965
        ],
        [
            28.216586173161613,
            108.61536182080054,
            120.58427344375247,
            12.589521949138597,
            14.842946704553997,
            45.73121466911088,
            25.153675395661086,
            81.42258188488229,
            9.303634930664222,
            0.0,
            14.979488617881328,
            97.35799496859141,
            25.12911697886677,
            71.12727951226113,
            80.81961408690108,
            16.15310540062219,
            100.99889662937683,
            88.63848727743233,
            45.21476572099382,
            28.216586173161613
        ],
        [
            20.36964307141492,
            93.63587320322829,
            105.70589510320222,
            23.92335962582856,
            3.6895490727868134,
            31.22791094732285,
            13.98856920259132,
            66.44330420643684,
            5.781532858933812,
            14.979488617881328,
            0.0,
            82.38182224725446,
            14.408927805427743,
            56.26770046679473,
            73.60422959774583,
            15.92888150748441,
            86.05128403251607,
            74.26997779713045,
            31.45903419314449,
            20.36964307141492
        ],
        [
            79.15180863580883,
            11.432066428576974,
            27.056354671319188,
            104.44691910249558,
            83.1344517653077,
            53.13379246951028,
            75.94648134316834,
            15.988062903356582,
            88.08242282142365,
            97.35799496859141,
            82.38182224725446,
            0.0,
            77.109077403957,
            28.43132718760455,
            86.98049658376011,
            91.03904808389345,
            5.447452935828917,
            27.44061073607342,
            56.17010438982558,
            79.15180863580883
        ],
        [
            32.49466083023115,
            87.91132487702787,
            98.23401868991103,
            28.025064668145756,
            11.662433396824756,
            32.057800705511326,
            24.83637251887107,
            61.217211190948866,
            18.42012406436984,
            25.12911697886677,
            14.408927805427743,
            77.109077403957,
            0.0,
            49.27318365817498,
            59.2330810923547,
            13.978546574176281,
            81.39270364977891,
            64.78412346186832,
            34.7651678251991,
            32.49466083023115
        ],
        [
            57.551501862166276,
            38.76965829874942,
            49.45819796252626,
            77.05538835701304,
            56.45565546945961,
            31.244048713873482,
            52.57034493395947,
            13.6246694172832,
            62.049067364461436,
            71.12727951226113,
            56.26770046679473,
            28.43132718760455,
            49.27318365817498,
            0.0,
            64.80040588320544,
            63.25167054124373,
            33.25938029799953,
            21.13194883180916,
            36.14070932689219,
            57.551501862166276
        ],
        [
            90.40387387112345,
            92.85915026164709,
            92.71749870667708,
            76.0863262390628,
            70.53875893187114,
            76.78621318756473,
            82.55421303147772,
            77.05800903470416,
            76.85866105039588,
            80.81961408690108,
            73.60422959774583,
            86.98049658376011,
            59.2330810923547,
            64.80040588320544,
            0.0,
            64.74246465420738,
            92.42347908252931,
            60.40642704494295,
            82.25333683024314,
            90.40387387112345
        ],
        [
            36.096826021046994,
            101.87756723061814,
            112.14653213713969,
            14.435011569123573,
            12.468752751129145,
            43.912626406014404,
            29.904201118084597,
            75.11908514081757,
            15.12767790873666,
            16.15310540062219,
            15.92888150748441,
            91.03904808389345,
            13.978546574176281,
            63.25167054124373,
            64.74246465420738,
            0.0,
            95.2656598220258,
            78.38115190607346,
            45.469436577846324,
            36.096826021046994
        ],
        [
            81.74066611773857,
            9.888847508557237,
            27.03213010150399,
            108.47413323883288,
            86.97155214062944,
            56.170473121244335,
            78.96496866504607,
            20.211117970987523,
            91.70084872835305,
            100.99889662937683,
            86.05128403251607,
            5.447452935828917,
            81.39270364977891,
            33.25938029799953,
            92.42347908252931,
            95.2656598220258,
            0.0,
            32.74552763809606,
            58.784388190399,
            81.74066611773857
        ],
        [
            78.06327271187192,
            32.471475296823684,
            35.633120480816466,
            92.73040937571811,
            73.79722525973288,
            52.14016261391251,
            72.53736715605042,
            23.694039299834426,
            79.97998796733586,
            88.63848727743233,
            74.26997779713045,
            27.44061073607342,
            64.78412346186832,
            21.13194883180916,
            60.40642704494295,
            78.38115190607346,
            32.74552763809606,
            0.0,
            57.205941728345394,
            78.06327271187192
        ],
        [
            22.986071455498703,
            67.58026672958603,
            82.09168221551847,
            55.37956169340845,
            33.829292969184245,
            5.816878409123426,
            20.810750007092178,
            41.35030873411385,
            36.25141739044088,
            45.21476572099382,
            31.45903419314449,
            56.17010438982558,
            34.7651678251991,
            36.14070932689219,
            82.25333683024314,
            45.469436577846324,
            58.784388190399,
            57.205941728345394,
            0.0,
            22.986071455498703
        ],
        [
            0.0,
            90.56517222729723,
            104.9084084751231,
            40.48372440425825,
            24.043802209630424,
            26.583588662100862,
            7.854856989093677,
            64.17531669443358,
            21.773972925259965,
            28.216586173161613,
            20.36964307141492,
            79.15180863580883,
            32.49466083023115,
            57.551501862166276,
            90.40387387112345,
            36.096826021046994,
            81.74066611773857,
            78.06327271187192,
            22.986071455498703,
            0.0
        ]
    ],
    "scores_ave": [
        0,
        12.43224571018158,
        14.173065093915318,
        19.75413544374376,
        14.269071411192424,
        12.511085195948079,
        15.802219840408949,
        15.254964198982098,
        11.95110717514782,
        12.549929037740348,
        11.587383846089267,
        15.455912231440688,
        16.583028714144632,
        18.824024928910795,
        11.04817377483503,
        12.438439021748056,
        14.435814140848443,
        16.40348797640844,
        12.293630822507161,
        0
    ],
    "scores_var": [
        0,
        352.03778004800733,
        227.46853093233926,
        21.92832621539592,
        269.04988646616425,
        21.814165711763238,
        21.048835590884302,
        309.7739271904221,
        21.82265244934843,
        364.01254441015374,
        21.43530763403938,
        23.407327816779738,
        18.533895712280422,
        276.91091755141224,
        20.465964472858946,
        304.7197025694021,
        397.52636745453754,
        16.240153777611873,
        227.42192183690176,
        0
    ],
    "vertex_number": 20,
    "minimum_distances": {
        "cost": 378.635084343857,
        "path": [
            0,
            18,
            5,
            7,
            11,
            16,
            1,
            2,
            17,
            13,
            14,
            12,
            15,
            3,
            9,
            8,
            4,
            10,
            6,
            19
        ]
    }
}