{
    "vertices": [
        [
            89.98610395242143,
            52.072539725194275
        ],
        [
            31.102531499229723,
            64.74924627319577
        ],
        [
            79.67517349552062,
            22.446518397431802
        ],
        [
            21.051040536748545,
            7.654540247255037
        ],
        [
            63.99376245662811,
            89.22832414965983
        ],
        [
            31.19139744953605,
            53.627762715478546
        ],
        [
            86.00886346267984,
            38.55845877553645
        ],
        [
            72.75934475054672,
            13.186694052467207
        ],
        [
            94.413034968246,
            15.700991929775132
        ],
        [
            10.17075325019714,
            13.77785040396401
        ],
        [
            21.075353602408775,
            49.563268363667426
        ],
        [
            65.6469856751936,
            94.34662324036776
        ],
        [
            66.37745575832277,
            28.97729749340362
        ],
        [
            50.40144858825708,
            73.43397870899176
        ],
        [
            92.96804266783003,
            3.8305666228348634
        ],
        [
            14.239175185026753,
            65.9782473919573
        ],
        [
            58.0863763728782,
            51.05550267189861
        ],
        [
            31.007536800018155,
            67.02572781211482
        ],
        [
            98.98364979246765,
            7.728955169082175
        ],
        [
            15.363660321467698,
            46.45689362392614
        ],
        [
            38.54761162755322,
            30.07942368295433
        ],
        [
            50.01331278704703,
            65.15195370265538
        ],
        [
            2.941721467588565,
            86.10264120130259
        ],
        [
            89.98610395242143,
            52.072539725194275
        ]
    ],
    "distances": [
        [
            0.0,
            60.2326655043127,
            31.369036112065693,
            82.0061073685677,
            45.34483578789647,
            58.81527209245861,
            14.087186583102548,
            42.53081502020061,
            36.639967347874766,
            88.52668206777324,
            68.95642070588893,
            48.780024759738986,
            33.02663293915692,
            44.98061822338782,
            48.33404521981603,
            77.01276467837157,
            31.915936207744984,
            60.84463178714589,
            45.24720237129359,
            74.83344556139023,
            55.94296779670307,
            42.058234669853164,
            93.46000389813874,
            0.0
        ],
        [
            60.2326655043127,
            0.0,
            64.41135254154177,
            57.97273433914803,
            41.00071130571901,
            11.12183859268324,
            60.83307192167868,
            66.28715472676784,
            80.08714693155952,
            55.101928618920496,
            18.19775320316157,
            45.489823451538605,
            50.238955014896796,
            21.163004944726524,
            86.82411532803259,
            16.908081793322573,
            30.259651319590446,
            2.278462681265062,
            88.65190250828469,
            24.131353700019186,
            35.46020045848547,
            18.915068654102292,
            35.341175653816045,
            60.2326655043127
        ],
        [
            31.369036112065693,
            64.41135254154177,
            0.0,
            60.46148842662653,
            68.59822324010307,
            57.64500444009793,
            17.312141731966392,
            11.557380072032172,
            16.20822902463744,
            70.04291711814626,
            64.56978411173826,
            73.25581976844948,
            14.814869983181389,
            58.7934696966342,
            22.87474658452532,
            78.59313776751611,
            35.8406214011323,
            65.99882403167182,
            24.278054376128125,
            68.64742417056473,
            41.829864789421016,
            51.995963163475736,
            99.7001736735921,
            31.369036112065693
        ],
        [
            82.0061073685677,
            57.97273433914803,
            60.46148842662653,
            0.0,
            92.18654774989862,
            47.078275482769,
            71.93449061249618,
            52.003398450401505,
            73.80194856266462,
            12.485014165516489,
            41.908735168942236,
            97.49007937465198,
            50.09135547593754,
            72.03041702733273,
            72.01859461140741,
            58.72015262813085,
            57.05488269973248,
            60.20024693223661,
            77.9326447837181,
            39.21694686332973,
            28.44302018141327,
            64.37985529621561,
            80.51119164715597,
            82.0061073685677
        ],
        [
            45.34483578789647,
            41.00071130571901,
            68.59822324010307,
            92.18654774989862,
            0.0,
            48.40862655031036,
            55.245813681567284,
            76.54518234866079,
            79.57135617487845,
            92.68058215443776,
            58.440623448794774,
            5.378673869305122,
            60.29816089143549,
            20.837762456546614,
            90.17918775619815,
            54.91889496162915,
            38.62721203912483,
            39.76237376209775,
            88.69294988896856,
            64.76327742551173,
            64.39020902618863,
            27.84105937038099,
            61.13200146258109,
            45.34483578789647
        ],
        [
            58.81527209245861,
            11.12183859268324,
            57.64500444009793,
            47.078275482769,
            48.40862655031036,
            0.0,
            56.851020231272265,
            57.99460558902006,
            73.7252697029888,
            45.054222818628205,
            10.902039141963586,
            53.34053957752445,
            42.961658894577894,
            27.59188751669548,
            79.34806004633113,
            20.974086665436978,
            27.017705546896764,
            13.39922659966332,
            81.86873647436391,
            17.376381272388535,
            24.67059298483853,
            22.069695849316968,
            43.04255947029704,
            58.81527209245861
        ],
        [
            14.087186583102548,
            60.83307192167868,
            17.312141731966392,
            71.93449061249618,
            55.245813681567284,
            56.851020231272265,
            0.0,
            28.623001087690767,
            24.35351903319206,
            79.7840680328217,
            65.8594453123084,
            59.38792268961419,
            21.844697754121743,
            49.84164809341783,
            35.41830979280444,
            76.82924549441246,
            30.591524830052883,
            61.93166670657066,
            33.44851824706179,
            71.08537120897228,
            48.212700213310484,
            44.753699745169115,
            95.71102006439585,
            14.087186583102548
        ],
        [
            42.53081502020061,
            66.28715472676784,
            11.557380072032172,
            52.003398450401505,
            76.54518234866079,
            57.99460558902006,
            28.623001087690767,
            0.0,
            21.799174155456452,
            62.591383207511456,
            63.2019786052547,
            81.47097493832875,
            17.03149036749227,
            64.26204812553071,
            22.269454236499147,
            78.81344016075835,
            40.61210001055329,
            68.13116044300358,
            26.786210793072847,
            66.34132023563542,
            38.15503895487027,
            56.72539273196814,
            100.95165114792732,
            42.53081502020061
        ],
        [
            36.639967347874766,
            80.08714693155952,
            16.20822902463744,
            73.80194856266462,
            79.57135617487845,
            73.7252697029888,
            24.35351903319206,
            21.799174155456452,
            0.0,
            84.26423026641498,
            80.7779008974757,
            83.74139308712262,
            31.02021906845134,
            72.59557492115086,
            11.958051668892779,
            94.63429721485137,
            50.69090208823802,
            81.57503117592461,
            9.18933566615316,
            84.82174910402989,
            57.68608865849419,
            66.45850547545074,
            115.42700469858306,
            36.639967347874766
        ],
        [
            88.52668206777324,
            55.101928618920496,
            70.04291711814626,
            12.485014165516489,
            92.68058215443776,
            45.054222818628205,
            79.7840680328217,
            62.591383207511456,
            84.26423026641498,
            0.0,
            37.40997791221104,
            97.82095644817761,
            58.2255665379188,
            71.95389142867626,
            83.39268306949704,
            52.35870035384665,
            60.70856857020973,
            57.17961172634482,
            89.01864819121116,
            33.08906389765363,
            32.72594357293332,
            65.0132912579577,
            72.68517224573907,
            88.52668206777324
        ],
        [
            68.95642070588893,
            18.19775320316157,
            64.56978411173826,
            41.908735168942236,
            58.440623448794774,
            10.902039141963586,
            65.8594453123084,
            63.2019786052547,
            80.7779008974757,
            37.40997791221104,
            0.0,
            63.18369457102189,
            49.760050808014824,
            37.81310169120448,
            85.20586100482343,
            17.78158800145465,
            37.041092988016274,
            20.089443821558223,
            88.42970301714573,
            6.501769309907125,
            26.17059426225122,
            32.86963024388573,
            40.79159695045898,
            68.95642070588893
        ],
        [
            48.780024759738986,
            45.489823451538605,
            73.25581976844948,
            97.49007937465198,
            5.378673869305122,
            53.34053957752445,
            59.38792268961419,
            81.47097493832875,
            83.74139308712262,
            97.82095644817761,
            63.18369457102189,
            0.0,
            65.3734069416231,
            25.879820369640274,
            94.5494402986253,
            58.715651471048055,
            43.94637565369858,
            44.11714797419962,
            92.81138721393704,
            69.43946292537508,
            69.74703587053952,
            33.11707199300386,
            63.24486856027122,
            48.780024759738986
        ],
        [
            33.02663293915692,
            50.238955014896796,
            14.814869983181389,
            50.09135547593754,
            60.29816089143549,
            42.961658894577894,
            21.844697754121743,
            17.03149036749227,
            31.02021906845134,
            58.2255665379188,
            49.760050808014824,
            65.3734069416231,
            0.0,
            47.24012393932109,
            36.598051664929855,
            63.93332929337417,
            23.583662592554763,
            51.94915029945012,
            38.91858092124962,
            53.92535216166393,
            27.851658953832924,
            39.70378983223025,
            85.36625374672491,
            33.02663293915692
        ],
        [
            44.98061822338782,
            21.163004944726524,
            58.7934696966342,
            72.03041702733273,
            20.837762456546614,
            27.59188751669548,
            49.84164809341783,
            64.26204812553071,
            72.59557492115086,
            71.95389142867626,
            37.81310169120448,
            25.879820369640274,
            47.24012393932109,
            0.0,
            81.58768231522762,
            36.92286482874518,
            23.661240559142158,
            20.425217110408322,
            81.71523965715619,
            44.22001499677757,
            44.945866241476054,
            8.291114979649127,
            49.12148926602696,
            44.98061822338782
        ],
        [
            48.33404521981603,
            86.82411532803259,
            22.87474658452532,
            72.01859461140741,
            90.17918775619815,
            79.34806004633113,
            35.41830979280444,
            22.269454236499147,
            11.958051668892779,
            83.39268306949704,
            85.20586100482343,
            94.5494402986253,
            36.598051664929855,
            81.58768231522762,
            0.0,
            100.30238681160857,
            58.710520593421236,
            88.50272699264258,
            7.168330512434748,
            88.54063424758351,
            60.420077884525334,
            74.86936177452169,
            121.95668396727586,
            48.33404521981603
        ],
        [
            77.01276467837157,
            16.908081793322573,
            78.59313776751611,
            58.72015262813085,
            54.91889496162915,
            20.974086665436978,
            76.82924549441246,
            78.81344016075835,
            94.63429721485137,
            52.35870035384665,
            17.78158800145465,
            58.715651471048055,
            63.93332929337417,
            36.92286482874518,
            100.30238681160857,
            0.0,
            46.31700942405458,
            16.80104658888042,
            102.83290339651552,
            19.55371370759787,
            43.35464941584031,
            35.78367899516847,
            23.07864135280223,
            77.01276467837157
        ],
        [
            31.915936207744984,
            30.259651319590446,
            35.8406214011323,
            57.05488269973248,
            38.62721203912483,
            27.017705546896764,
            30.591524830052883,
            40.61210001055329,
            50.69090208823802,
            60.70856857020973,
            37.041092988016274,
            43.94637565369858,
            23.583662592554763,
            23.661240559142158,
            58.710520593421236,
            46.31700942405458,
            0.0,
            31.437424252662385,
            59.58000244772122,
            42.96949699479321,
            28.666342939474923,
            16.24451560753342,
            65.3393823334956,
            31.915936207744984
        ],
        [
            60.84463178714589,
            2.278462681265062,
            65.99882403167182,
            60.20024693223661,
            39.76237376209775,
            13.39922659966332,
            61.93166670657066,
            68.13116044300358,
            81.57503117592461,
            57.17961172634482,
            20.089443821558223,
            44.11714797419962,
            51.94915029945012,
            20.425217110408322,
            88.50272699264258,
            16.80104658888042,
            31.437424252662385,
            0.0,
            90.20454081387346,
            25.841977694002907,
            37.707852195653494,
            19.097920051209865,
            33.93550669627037,
            60.84463178714589
        ],
        [
            45.24720237129359,
            88.65190250828469,
            24.278054376128125,
            77.9326447837181,
            88.69294988896856,
            81.86873647436391,
            33.44851824706179,
            26.786210793072847,
            9.18933566615316,
            89.01864819121116,
            88.42970301714573,
            92.81138721393704,
            38.91858092124962,
            81.71523965715619,
            7.168330512434748,
            102.83290339651552,
            59.58000244772122,
            90.20454081387346,
            0.0,
            92.15289391056757,
            64.43646601002094,
            75.46850115784213,
            123.96163381723505,
            45.24720237129359
        ],
        [
            74.83344556139023,
            24.131353700019186,
            68.64742417056473,
            39.21694686332973,
            64.76327742551173,
            17.376381272388535,
            71.08537120897228,
            66.34132023563542,
            84.82174910402989,
            33.08906389765363,
            6.501769309907125,
            69.43946292537508,
            53.92535216166393,
            44.22001499677757,
            88.54063424758351,
            19.55371370759787,
            42.96949699479321,
            25.841977694002907,
            92.15289391056757,
            0.0,
            28.385156681448493,
            39.37135617847985,
            41.54623768596336,
            74.83344556139023
        ],
        [
            55.94296779670307,
            35.46020045848547,
            41.829864789421016,
            28.44302018141327,
            64.39020902618863,
            24.67059298483853,
            48.212700213310484,
            38.15503895487027,
            57.68608865849419,
            32.72594357293332,
            26.17059426225122,
            69.74703587053952,
            27.851658953832924,
            44.945866241476054,
            60.420077884525334,
            43.35464941584031,
            28.666342939474923,
            37.707852195653494,
            64.43646601002094,
            28.385156681448493,
            0.0,
            36.89911469211218,
            66.38057182031224,
            55.94296779670307
        ],
        [
            42.058234669853164,
            18.915068654102292,
            51.995963163475736,
            64.37985529621561,
            27.84105937038099,
            22.069695849316968,
            44.753699745169115,
            56.72539273196814,
            66.45850547545074,
            65.0132912579577,
            32.86963024388573,
            33.11707199300386,
            39.70378983223025,
            8.291114979649127,
            74.86936177452169,
            35.78367899516847,
            16.24451560753342,
            19.097920051209865,
            75.46850115784213,
            39.37135617847985,
            36.89911469211218,
            0.0,
            51.5234511267645,
            42.058234669853164
        ],
        [
            93.46000389813874,
            35.341175653816045,
            99.7001736735921,
            80.51119164715597,
            61.13200146258109,
            43.04255947029704,
            95.71102006439585,
            100.95165114792732,
            115.42700469858306,
            72.68517224573907,
            40.79159695045898,
            63.24486856027122,
            85.36625374672491,
            49.12148926602696,
            121.95668396727586,
            23.07864135280223,
            65.3393823334956,
            33.93550669627037,
            123.96163381723505,
            41.54623768596336,
            66.38057182031224,
            51.5234511267645,
            0.0,
            93.46000389813874
        ],
        [
            0.0,
            60.2326655043127,
            31.369036112065693,
            82.0061073685677,
            45.34483578789647,
            58.81527209245861,
            14.087186583102548,
            42.53081502020061,
            36.639967347874766,
            88.52668206777324,
            68.95642070588893,
            48.780024759738986,
            33.02663293915692,
            44.98061822338782,
            48.33404521981603,
            77.01276467837157,
            31.915936207744984,
            60.84463178714589,
            45.24720237129359,
            74.83344556139023,
            55.94296779670307,
            42.058234669853164,
            93.46000389813874,
            0.0
        ]
    ],
    "scores_ave": [
        0,
        12.266942620315291,
        11.510530690036289,
        15.278641462061398,
        11.320529228977422,
        17.832854314818633,
        14.652358230739226,
        10.126273015609746,
        15.552154192467775,
        16.06617474361191,
        10.650611338557232,
        11.994071651960729,
        19.228819376129024,
        15.873619312730654,
        16.08541914628949,
        16.606688307897706,
        12.367449405034899,
        15.474956099017314,
        15.329851085031972,
        10.163735358691362,
        11.273811939365473,
        10.031632647776709,
        16.590122998319217,
        0
    ],
    "scores_var": [
        0,
        17.0040098274584,
        373.1910277289164,
        330.8247732835141,
        22.173459513672416,
        16.307283388008386,
        280.2518519265391,
        16.51367826923879,
        390.87427462767585,
        398.3525835707932,
        253.733469062015,
        399.2379660131763,
        23.209714779674535,
        380.7088916324036,
        256.0964542422586,
        23.663555356428446,
        17.749677726341925,
        20.433797118745993,
        21.515406739788325,
        18.591305984927295,
        340.75433453292237,
        240.41672019924764,
        16.865744239627833,
        0
    ],
    "vertex_number": 24,
    "minimum_distances": {
        "cost": 430.96325774066526,
        "path": [
            0,
            16,
            21,
            13,
            4,
            11,
            1,
            17,
            22,
            15,
            5,
            10,
            19,
            9,
            3,
            20,
            12,
            7,
            14,
            18,
            8,
            2,
            6,
            23
        ]
    }
}