{
    "vertices": [
        [
            75.11511859154544,
            47.61839005035401
        ],
        [
            56.00862656386242,
            36.334710252076064
        ],
        [
            68.5607205942943,
            58.90843770985109
        ],
        [
            37.271748634833145,
            80.33413386925571
        ],
        [
            63.86601220020708,
            15.177348673091595
        ],
        [
            21.611384688445046,
            17.239502551793784
        ],
        [
            5.977655361597356,
            60.96655630284836
        ],
        [
            10.564109013767641,
            26.776696610119856
        ],
        [
            19.306560401971584,
            23.878606228768817
        ],
        [
            68.98381317977118,
            68.69815545943332
        ],
        [
            48.93145764446382,
            9.390922878184572
        ],
        [
            39.54234678872317,
            76.42667637792098
        ],
        [
            46.56033596529634,
            28.702279939168605
        ],
        [
            89.80029862636016,
            65.0283291065261
        ],
        [
            73.7969530039931,
            48.71319834160204
        ],
        [
            6.666574666613778,
            65.09518232021829
        ],
        [
            44.81792120411433,
            39.042318737932334
        ],
        [
            75.11511859154544,
            47.61839005035401
        ]
    ],
    "distances": [
        [
            0.0,
            22.18962521977288,
            13.054704487658286,
            50.0243994796999,
            34.336038796647784,
            61.526631203276146,
            70.41421990036282,
            67.83221228123891,
            60.647938984722714,
            21.953346345244707,
            46.33490419749478,
            45.774877988551204,
            34.251931807867834,
            22.776314245165903,
            1.7135243537203206,
            70.64447206602429,
            31.48760341291005,
            0.0
        ],
        [
            22.18962521977288,
            0.0,
            25.828825677655377,
            47.82279658459311,
            22.5692812916611,
            39.34205390867241,
            55.76581317716817,
            46.43877474848678,
            38.758175756751804,
            34.86757882915407,
            27.857745744463532,
            43.341713365637226,
            12.14595355319379,
            44.33058609745466,
            21.671444920059862,
            57.11219518643254,
            11.513601962955624,
            22.18962521977288
        ],
        [
            13.054704487658286,
            25.828825677655377,
            0.0,
            37.92176449211023,
            43.982365048352044,
            62.773722999409955,
            62.6168979274991,
            66.3027581697974,
            60.44056080021107,
            9.798856104279258,
            53.26623920512786,
            33.896234368308754,
            37.368822447211414,
            22.103681722448677,
            11.461284204847008,
            62.2025812084267,
            30.957764872302402,
            13.054704487658286
        ],
        [
            50.0243994796999,
            47.82279658459311,
            37.92176449211023,
            0.0,
            70.37514839546448,
            65.00907244392724,
            36.80249087473274,
            59.847281474558066,
            59.245038521448585,
            33.77944687611341,
            71.89497896176687,
            4.519274280571678,
            52.460710964049014,
            54.713035226051474,
            48.311221448571665,
            34.18921347353405,
            41.97569198101156,
            50.0243994796999
        ],
        [
            34.336038796647784,
            22.5692812916611,
            43.982365048352044,
            70.37514839546448,
            0.0,
            42.30491726474836,
            73.80862681851755,
            54.5494065582826,
            45.401064168249434,
            53.764938816363866,
            16.016355492384562,
            65.90235840501764,
            21.96383836444946,
            56.193482385490384,
            34.97537416865235,
            75.91815178323071,
            30.534678101974063,
            34.336038796647784
        ],
        [
            61.526631203276146,
            39.34205390867241,
            62.773722999409955,
            65.00907244392724,
            42.30491726474836,
            0.0,
            46.43779411656796,
            14.594532206908491,
            7.0277957159511475,
            69.94383418311243,
            28.42510491124316,
            61.843681547639186,
            27.456245833092538,
            83.2676403383132,
            60.94199756396345,
            50.13495220588749,
            31.841892699706733,
            61.526631203276146
        ],
        [
            70.41421990036282,
            55.76581317716817,
            62.6168979274991,
            36.80249087473274,
            73.80862681851755,
            46.43779411656796,
            0.0,
            34.496116635238344,
            39.410350801188386,
            63.47876454789216,
            67.11985618064807,
            36.954077222058146,
            51.84532278088111,
            83.92099571740304,
            68.91735568080294,
            4.185709330582829,
            44.600879402992334,
            70.41421990036282
        ],
        [
            67.83221228123891,
            46.43877474848678,
            66.3027581697974,
            59.847281474558066,
            54.5494065582826,
            14.594532206908491,
            34.496116635238344,
            0.0,
            9.210286864891259,
            71.90459336438843,
            42.12266099390487,
            57.4879009486772,
            36.04769376677337,
            87.98614170971946,
            66.92983391065238,
            38.5161929725961,
            36.383638297369686,
            67.83221228123891
        ],
        [
            60.647938984722714,
            38.758175756751804,
            60.44056080021107,
            59.245038521448585,
            45.401064168249434,
            7.0277957159511475,
            39.410350801188386,
            9.210286864891259,
            0.0,
            66.90755889127443,
            32.97768193028461,
            56.309739185068665,
            27.677357361577705,
            81.62516047007102,
            59.88288446069744,
            43.11119789674479,
            29.677730826962957,
            60.647938984722714
        ],
        [
            21.953346345244707,
            34.86757882915407,
            9.798856104279258,
            33.77944687611341,
            53.764938816363866,
            69.94383418311243,
            63.47876454789216,
            71.90459336438843,
            66.90755889127443,
            0.0,
            62.60546940132871,
            30.438954956481513,
            45.85283403477459,
            21.137494927463454,
            20.556381636101875,
            62.421307510718265,
            38.25518248069721,
            21.953346345244707
        ],
        [
            46.33490419749478,
            27.857745744463532,
            53.26623920512786,
            71.89497896176687,
            16.016355492384562,
            28.42510491124316,
            67.11985618064807,
            42.12266099390487,
            32.97768193028461,
            62.60546940132871,
            0.0,
            67.69008531490273,
            19.456380176030585,
            69.0346516976875,
            46.52455488336944,
            69.92342134876382,
            29.93537136027462,
            46.33490419749478
        ],
        [
            45.774877988551204,
            43.341713365637226,
            33.896234368308754,
            4.519274280571678,
            65.90235840501764,
            61.843681547639186,
            36.954077222058146,
            57.4879009486772,
            56.309739185068665,
            30.438954956481513,
            67.69008531490273,
            0.0,
            48.23764284794292,
            51.53429967927724,
            44.06149012269945,
            34.77382852382833,
            37.7547597206883,
            45.774877988551204
        ],
        [
            34.251931807867834,
            12.14595355319379,
            37.368822447211414,
            52.460710964049014,
            21.96383836444946,
            27.456245833092538,
            51.84532278088111,
            36.04769376677337,
            27.677357361577705,
            45.85283403477459,
            19.456380176030585,
            48.23764284794292,
            0.0,
            56.47367722257395,
            33.797487525280275,
            53.99958827873481,
            10.485819546412394,
            34.251931807867834
        ],
        [
            22.776314245165903,
            44.33058609745466,
            22.103681722448677,
            54.713035226051474,
            56.193482385490384,
            83.2676403383132,
            83.92099571740304,
            87.98614170971946,
            81.62516047007102,
            21.137494927463454,
            69.0346516976875,
            51.53429967927724,
            56.47367722257395,
            0.0,
            22.85367723114831,
            83.13375084024231,
            51.94888847159325,
            22.776314245165903
        ],
        [
            1.7135243537203206,
            21.671444920059862,
            11.461284204847008,
            48.311221448571665,
            34.97537416865235,
            60.94199756396345,
            68.91735568080294,
            66.92983391065238,
            59.88288446069744,
            20.556381636101875,
            46.52455488336944,
            44.06149012269945,
            33.797487525280275,
            22.85367723114831,
            0.0,
            69.10034077191895,
            30.550125963194645,
            1.7135243537203206
        ],
        [
            70.64447206602429,
            57.11219518643254,
            62.2025812084267,
            34.18921347353405,
            75.91815178323071,
            50.13495220588749,
            4.185709330582829,
            38.5161929725961,
            43.11119789674479,
            62.421307510718265,
            69.92342134876382,
            34.77382852382833,
            53.99958827873481,
            83.13375084024231,
            69.10034077191895,
            0.0,
            46.19823528514544,
            70.64447206602429
        ],
        [
            31.48760341291005,
            11.513601962955624,
            30.957764872302402,
            41.97569198101156,
            30.534678101974063,
            31.841892699706733,
            44.600879402992334,
            36.383638297369686,
            29.677730826962957,
            38.25518248069721,
            29.93537136027462,
            37.7547597206883,
            10.485819546412394,
            51.94888847159325,
            30.550125963194645,
            46.19823528514544,
            0.0,
            31.48760341291005
        ],
        [
            0.0,
            22.18962521977288,
            13.054704487658286,
            50.0243994796999,
            34.336038796647784,
            61.526631203276146,
            70.41421990036282,
            67.83221228123891,
            60.647938984722714,
            21.953346345244707,
            46.33490419749478,
            45.774877988551204,
            34.251931807867834,
            22.776314245165903,
            1.7135243537203206,
            70.64447206602429,
            31.48760341291005,
            0.0
        ]
    ],
    "scores_ave": [
        0,
        18.27860464993084,
        12.244359662925632,
        10.370454583146145,
        18.819680371089454,
        11.185171747771978,
        16.845132961848602,
        18.370175430482142,
        10.089752946186918,
        14.292126126302726,
        13.818301551758033,
        15.452247717158315,
        18.286472663932166,
        14.13816212704009,
        18.01948740966848,
        17.21674279784513,
        13.874817457241654,
        0
    ],
    "scores_var": [
        0,
        264.42416300195333,
        303.58556051843095,
        265.5998566082379,
        256.2961480602989,
        21.776260857934567,
        226.99785717646586,
        343.08619168055014,
        21.65592474490827,
        21.95011346711631,
        226.9821616123087,
        309.3889664927546,
        355.39896047892296,
        16.77539149082521,
        393.01059395454917,
        248.08550188043677,
        280.0947510558963,
        0
    ],
    "vertex_number": 18,
    "minimum_distances": {
        "cost": 291.07768196294836,
        "path": [
            0,
            14,
            2,
            13,
            9,
            11,
            3,
            15,
            6,
            7,
            8,
            5,
            10,
            4,
            12,
            16,
            1,
            17
        ]
    }
}