{
    "vertices": [
        [
            41.726131033125,
            45.23852293422298
        ],
        [
            84.71337165455213,
            31.885930794089646
        ],
        [
            23.950095704357732,
            80.2471965528799
        ],
        [
            37.00384978904454,
            18.355216893076353
        ],
        [
            63.81837501029107,
            64.50840315142045
        ],
        [
            86.2953743635056,
            85.47706065998679
        ],
        [
            60.26923153998227,
            60.40698021029157
        ],
        [
            86.51530745220892,
            80.81597700402482
        ],
        [
            57.15505393467508,
            37.88596103193347
        ],
        [
            58.998642698977235,
            52.815989962618794
        ],
        [
            52.865857125118175,
            34.36464252385193
        ],
        [
            7.49065868171196,
            16.37837562969251
        ],
        [
            4.121658288412123,
            69.9330878299946
        ],
        [
            91.40330471147874,
            16.110734394271475
        ],
        [
            77.59431131184414,
            67.53023238255189
        ],
        [
            79.72258094842908,
            63.80277032909781
        ],
        [
            22.374135480221568,
            12.875962685278253
        ],
        [
            97.7230462637345,
            98.07157301136789
        ],
        [
            15.333258931131876,
            54.821304433275145
        ],
        [
            56.77761058769678,
            94.0133076866906
        ],
        [
            14.8050548579989,
            79.96365013191813
        ],
        [
            41.726131033125,
            45.23852293422298
        ]
    ],
    "distances": [
        [
            0.0,
            45.01327107759695,
            39.263146340394414,
            27.2949094860222,
            29.31544861556393,
            60.046293552145194,
            23.95680847991503,
            57.19987379696464,
            17.091279309313734,
            18.861539327780946,
            15.567105465811068,
            44.776954670494995,
            44.98797512446332,
            57.58688782958714,
            42.230873382342125,
            42.289023250771926,
            37.707227924446684,
            76.98691899146353,
            28.078700095459254,
            51.04435977099958,
            43.93835228275008,
            0.0
        ],
        [
            45.01327107759695,
            0.0,
            77.6594342626304,
            49.59111508432152,
            38.74050319069815,
            53.614475031231905,
            37.56283064070326,
            48.96321470987448,
            28.203922393963747,
            33.15591443553945,
            31.943828723898584,
            78.76440608588678,
            89.12132416994758,
            17.13511090594384,
            36.348277206662345,
            32.304684455598455,
            65.17330169860195,
            67.4521376173533,
            73.072781563887,
            68.11914346158294,
            84.84479862698865,
            45.01327107759695
        ],
        [
            39.263146340394414,
            77.6594342626304,
            0.0,
            63.25359785745798,
            42.86244641349507,
            62.564248973879664,
            41.38494668798373,
            62.567797086480994,
            53.82419089905777,
            44.506985310528904,
            54.234030117344304,
            65.95558621694315,
            22.350565297226158,
            93.07750095259843,
            55.13096267844317,
            58.14627472271606,
            67.38966392163663,
            75.89569573019375,
            26.84633803806762,
            35.597072199329446,
            9.149435537475068,
            39.263146340394414
        ],
        [
            27.2949094860222,
            49.59111508432152,
            63.25359785745798,
            0.0,
            53.37729259374505,
            83.2766252050612,
            48.05859742131427,
            79.70402118819834,
            28.062804477392834,
            40.88172936289911,
            22.53674745292647,
            29.57932302671161,
            61.16792695743137,
            54.4457381026779,
            63.76337283287352,
            62.372831466815725,
            15.622124293176414,
            100.20737624202262,
            42.41921791618145,
            78.19941379995818,
            65.48576595364402,
            27.2949094860222
        ],
        [
            29.31544861556393,
            38.74050319069815,
            42.86244641349507,
            53.37729259374505,
            0.0,
            30.73922734285886,
            5.423844532695776,
            27.94794638665117,
            27.443656319123786,
            12.646831450224422,
            32.071856085939004,
            74.08988578770497,
            59.94268254953409,
            55.7069357238951,
            14.103470242694454,
            15.91985189009758,
            66.20826155938165,
            47.70757910281927,
            49.44336520489513,
            30.333343951662734,
            51.392316659003335,
            29.31544861556393
        ],
        [
            60.046293552145194,
            53.614475031231905,
            62.564248973879664,
            83.2766252050612,
            30.73922734285886,
            0.0,
            36.13681009752556,
            4.666269539083916,
            55.80386221850791,
            42.565914751873194,
            61.07382344765006,
            104.80845140829125,
            83.63094346549973,
            69.55413842498095,
            19.94485255520144,
            22.648983964516837,
            96.7307821094562,
            17.00627608938454,
            77.30069350574483,
            30.72728252913624,
            71.70260440632859,
            60.046293552145194
        ],
        [
            23.95680847991503,
            37.56283064070326,
            41.38494668798373,
            48.05859742131427,
            5.423844532695776,
            36.13681009752556,
            0.0,
            33.247310431326284,
            22.735311895581514,
            7.696592034345445,
            27.074218454116433,
            68.73205783526706,
            56.94994915206334,
            54.14321661705531,
            18.732301263085336,
            19.747511077047154,
            60.788452294342996,
            53.116944454967,
            45.28179996631429,
            33.787226333710954,
            49.491966012617176,
            23.95680847991503
        ],
        [
            57.19987379696464,
            48.96321470987448,
            62.567797086480994,
            79.70402118819834,
            27.94794638665117,
            4.666269539083916,
            33.247310431326284,
            0.0,
            52.0097179186532,
            39.25768859039778,
            57.35862604965574,
            101.96616882171145,
            83.10926963522816,
            64.88960578084651,
            16.002974169928542,
            18.319124834962334,
            93.43412378553964,
            20.575932611573435,
            75.77999098520303,
            32.53459930525112,
            71.71531766800116,
            57.19987379696464
        ],
        [
            17.091279309313734,
            28.203922393963747,
            53.82419089905777,
            28.062804477392834,
            27.443656319123786,
            55.80386221850791,
            22.735311895581514,
            52.0097179186532,
            0.0,
            15.043423260779505,
            5.549494869487741,
            54.12142261320589,
            61.964178278938476,
            40.584518925230306,
            36.00758345181269,
            34.3653063373819,
            42.8393779814208,
            72.58147071360337,
            45.12059832759045,
            56.1286157497533,
            59.69970135427347,
            17.091279309313734
        ],
        [
            18.861539327780946,
            33.15591443553945,
            44.506985310528904,
            40.88172936289911,
            12.646831450224422,
            42.565914751873194,
            7.696592034345445,
            39.25768859039778,
            15.043423260779505,
            0.0,
            19.443849444002144,
            63.09336063166972,
            57.484593217650314,
            48.96261743904374,
            23.71303061930553,
            23.456149713632506,
            54.19003882570479,
            59.562129147037815,
            43.711406128371536,
            41.257144487924265,
            51.865871813033564,
            18.861539327780946
        ],
        [
            15.567105465811068,
            31.943828723898584,
            54.234030117344304,
            22.53674745292647,
            32.071856085939004,
            61.07382344765006,
            27.074218454116433,
            57.35862604965574,
            5.549494869487741,
            19.443849444002144,
            0.0,
            48.809982898649224,
            60.34162097365631,
            42.641998410893585,
            41.36970869054442,
            39.84829962745696,
            37.30292817024662,
            77.91495626360057,
            42.74542014845182,
            59.77679374858138,
            59.39607869259746,
            15.567105465811068
        ],
        [
            44.776954670494995,
            78.76440608588678,
            65.95558621694315,
            29.57932302671161,
            74.08988578770497,
            104.80845140829125,
            68.73205783526706,
            101.96616882171145,
            54.12142261320589,
            63.09336063166972,
            48.809982898649224,
            0.0,
            53.66057549549055,
            83.9130728524932,
            86.781533527308,
            86.40904933483556,
            15.290022172808461,
            121.71960510613607,
            39.23474421567604,
            91.9586119059959,
            64.00458987406344,
            44.776954670494995
        ],
        [
            44.98797512446332,
            89.12132416994758,
            22.350565297226158,
            61.16792695743137,
            59.94268254953409,
            83.63094346549973,
            56.94994915206334,
            83.10926963522816,
            61.964178278938476,
            57.484593217650314,
            60.34162097365631,
            53.66057549549055,
            0.0,
            102.54234019019225,
            73.51193411006773,
            75.84906261587989,
            59.90549602012612,
            97.73941978142284,
            18.816641209344454,
            57.90083160794288,
            14.654253387867561,
            44.98797512446332
        ],
        [
            57.58688782958714,
            17.13511090594384,
            93.07750095259843,
            54.4457381026779,
            55.7069357238951,
            69.55413842498095,
            54.14321661705531,
            64.88960578084651,
            40.584518925230306,
            48.96261743904374,
            42.641998410893585,
            83.9130728524932,
            102.54234019019225,
            0.0,
            53.241460085894765,
            49.10162521991955,
            69.10491988828903,
            82.20412520126365,
            85.35314931371119,
            85.25109746586516,
            99.72204735571331,
            57.58688782958714
        ],
        [
            42.230873382342125,
            36.348277206662345,
            55.13096267844317,
            63.76337283287352,
            14.103470242694454,
            19.94485255520144,
            18.732301263085336,
            16.002974169928542,
            36.00758345181269,
            23.71303061930553,
            41.36970869054442,
            86.781533527308,
            73.51193411006773,
            53.241460085894765,
            0.0,
            4.292261059855225,
            77.69399600366579,
            36.577854750775366,
            63.5449092624555,
            33.6851348016213,
            64.00844165387095,
            42.230873382342125
        ],
        [
            42.289023250771926,
            32.304684455598455,
            58.14627472271606,
            62.372831466815725,
            15.91985189009758,
            22.648983964516837,
            19.747511077047154,
            18.319124834962334,
            34.3653063373819,
            23.456149713632506,
            39.84829962745696,
            86.40904933483556,
            75.84906261587989,
            49.10162521991955,
            4.292261059855225,
            0.0,
            76.69670093563718,
            38.708753387882105,
            65.012702754808,
            37.936107236897584,
            66.89887315719817,
            42.289023250771926
        ],
        [
            37.707227924446684,
            65.17330169860195,
            67.38966392163663,
            15.622124293176414,
            66.20826155938165,
            96.7307821094562,
            60.788452294342996,
            93.43412378553964,
            42.8393779814208,
            54.19003882570479,
            37.30292817024662,
            15.290022172808461,
            59.90549602012612,
            69.10491988828903,
            77.69399600366579,
            76.69670093563718,
            0.0,
            113.73544027741178,
            42.53217178719859,
            88.12983520550165,
            67.5133230437056,
            37.707227924446684
        ],
        [
            76.98691899146353,
            67.4521376173533,
            75.89569573019375,
            100.20737624202262,
            47.70757910281927,
            17.00627608938454,
            53.116944454967,
            20.575932611573435,
            72.58147071360337,
            59.562129147037815,
            77.91495626360057,
            121.71960510613607,
            97.73941978142284,
            82.20412520126365,
            36.577854750775366,
            38.708753387882105,
            113.73544027741178,
            0.0,
            93.0519359755005,
            41.14605959440127,
            84.87219903931877,
            76.98691899146353
        ],
        [
            28.078700095459254,
            73.072781563887,
            26.84633803806762,
            42.41921791618145,
            49.44336520489513,
            77.30069350574483,
            45.28179996631429,
            75.77999098520303,
            45.12059832759045,
            43.711406128371536,
            42.74542014845182,
            39.23474421567604,
            18.816641209344454,
            85.35314931371119,
            63.5449092624555,
            65.012702754808,
            42.53217178719859,
            93.0519359755005,
            0.0,
            57.0407521273058,
            25.147893485796097,
            28.078700095459254
        ],
        [
            51.04435977099958,
            68.11914346158294,
            35.597072199329446,
            78.19941379995818,
            30.333343951662734,
            30.72728252913624,
            33.787226333710954,
            32.53459930525112,
            56.1286157497533,
            41.257144487924265,
            59.77679374858138,
            91.9586119059959,
            57.90083160794288,
            85.25109746586516,
            33.6851348016213,
            37.936107236897584,
            88.12983520550165,
            41.14605959440127,
            57.0407521273058,
            0.0,
            44.26158957706974,
            51.04435977099958
        ],
        [
            43.93835228275008,
            84.84479862698865,
            9.149435537475068,
            65.48576595364402,
            51.392316659003335,
            71.70260440632859,
            49.491966012617176,
            71.71531766800116,
            59.69970135427347,
            51.865871813033564,
            59.39607869259746,
            64.00458987406344,
            14.654253387867561,
            99.72204735571331,
            64.00844165387095,
            66.89887315719817,
            67.5133230437056,
            84.87219903931877,
            25.147893485796097,
            44.26158957706974,
            0.0,
            43.93835228275008
        ],
        [
            0.0,
            45.01327107759695,
            39.263146340394414,
            27.2949094860222,
            29.31544861556393,
            60.046293552145194,
            23.95680847991503,
            57.19987379696464,
            17.091279309313734,
            18.861539327780946,
            15.567105465811068,
            44.776954670494995,
            44.98797512446332,
            57.58688782958714,
            42.230873382342125,
            42.289023250771926,
            37.707227924446684,
            76.98691899146353,
            28.078700095459254,
            51.04435977099958,
            43.93835228275008,
            0.0
        ]
    ],
    "scores_ave": [
        0,
        17.694213163304944,
        14.042180675945854,
        18.327737726193448,
        13.50185767443878,
        17.369403618971845,
        10.258911394479425,
        10.734097401994639,
        17.75493004159623,
        12.61790640557619,
        10.82697773882024,
        19.783033474083254,
        18.309406259424833,
        18.25072410124846,
        16.511398911196544,
        19.70047558893055,
        15.505550471533358,
        18.21284358062281,
        19.68195136049045,
        16.917568818686387,
        10.686964379784975,
        0
    ],
    "scores_var": [
        0,
        17.713728005692293,
        24.980408509893195,
        20.894957238007486,
        234.1396936683642,
        265.97452008952575,
        17.69246807026598,
        17.955371198704743,
        280.18905036335235,
        20.36101475526273,
        319.6266092902662,
        337.81551531853637,
        370.0307604295953,
        18.696225582705807,
        361.91118912805484,
        394.85167710882877,
        21.458650211143244,
        19.579346016471987,
        19.106449864332603,
        317.7407282922069,
        24.97351833035155,
        0
    ],
    "vertex_number": 22,
    "minimum_distances": {
        "cost": 413.1011190648757,
        "path": [
            0,
            18,
            12,
            20,
            2,
            19,
            17,
            5,
            7,
            14,
            15,
            4,
            6,
            9,
            1,
            13,
            8,
            10,
            3,
            16,
            11,
            21
        ]
    }
}