{
    "vertices": [
        [
            80.04995308345387,
            80.74250132928952
        ],
        [
            26.291653819310532,
            62.7541926684934
        ],
        [
            39.263192539770756,
            23.55949753663207
        ],
        [
            74.2794340957975,
            33.234730129685296
        ],
        [
            24.30550495117251,
            94.42996756428643
        ],
        [
            19.917459135145656,
            21.877147065518766
        ],
        [
            88.27002262143574,
            0.1876130472773463
        ],
        [
            91.71631883883458,
            19.34524453991656
        ],
        [
            62.006968176531174,
            97.08300101207885
        ],
        [
            9.32815328517732,
            76.97698012726805
        ],
        [
            65.2229626825124,
            47.935761301994106
        ],
        [
            21.33137121339408,
            98.37118725486768
        ],
        [
            44.586038533586205,
            99.15338135159733
        ],
        [
            10.39059786501958,
            55.65007003162472
        ],
        [
            90.34555101603917,
            21.664764621959154
        ],
        [
            89.12670015626829,
            90.53002722413491
        ],
        [
            15.371019199518344,
            38.96870330262724
        ],
        [
            20.165996043474,
            14.200362172486303
        ],
        [
            27.022721677728413,
            25.284768425902882
        ],
        [
            97.34707750541652,
            81.9524875108192
        ],
        [
            72.61165722531882,
            12.375355063376137
        ],
        [
            96.6589781692089,
            37.736203488409934
        ],
        [
            80.04995308345387,
            80.74250132928952
        ]
    ],
    "distances": [
        [
            0.0,
            56.688040963233746,
            70.23856318575162,
            47.85694530306805,
            57.40026332262586,
            84.1489557929423,
            80.97320278546921,
            62.49581770965577,
            24.34258068148647,
            70.82197481453325,
            36.00169212090118,
            61.307768058326765,
            39.958099784600975,
            74.0409067872351,
            59.96814413711754,
            13.348520538475942,
            76.99619919148527,
            89.5206378123476,
            76.72970356608795,
            17.339393871423233,
            68.77059643348998,
            46.1020755311264,
            0.0
        ],
        [
            56.688040963233746,
            0.0,
            41.28540835762623,
            56.34026734445344,
            31.737982018007347,
            41.371043195685836,
            88.06755977583468,
            78.51575364566277,
            49.53837665815981,
            22.137028560062326,
            41.65612461530322,
            35.960738408664135,
            40.7380098785167,
            17.415858833292194,
            76.1002157899726,
            68.70036414335804,
            26.172691204244472,
            48.93871819961834,
            37.476555515213,
            73.60331351280936,
            68.43661296393472,
            74.68239497216577,
            56.688040963233746
        ],
        [
            70.23856318575162,
            41.28540835762623,
            0.0,
            36.32832639194508,
            72.43173296241615,
            19.4187462023294,
            54.29469936593188,
            52.622147303828896,
            76.96093095538367,
            61.23343875281665,
            35.610558841760444,
            76.93074245435733,
            75.78105277511223,
            43.167482742324104,
            51.1174858567588,
            83.4950372084785,
            28.430257987915745,
            21.26725955036457,
            12.361459726337861,
            82.36187814048371,
            35.17392698783196,
            59.1206833490919,
            70.23856318575162
        ],
        [
            47.85694530306805,
            56.34026734445344,
            36.32832639194508,
            0.0,
            79.00791529226174,
            55.53574537792736,
            35.88660634208952,
            22.29266156138277,
            65.01703710883062,
            78.30742821591745,
            17.26673078462873,
            83.94197644694619,
            72.29776150704829,
            67.70694837195543,
            19.798591231318664,
            59.18777220517473,
            59.18682111703738,
            57.36350182278534,
            47.92075499880706,
            53.90302456004084,
            20.92594102655037,
            22.827773770849202,
            47.85694530306805
        ],
        [
            57.40026332262586,
            31.737982018007347,
            72.43173296241615,
            79.00791529226174,
            0.0,
            72.6853954272105,
            113.8994332984104,
            100.90556704485314,
            37.79469428118419,
            22.998431107438833,
            61.93504309481482,
            4.937477507758112,
            20.8233205851893,
            41.20078994218449,
            98.26526570201591,
            64.93840837650606,
            56.17630166848033,
            80.336325005074,
            69.19856812554572,
            74.0996547203937,
            95.2178753187003,
            91.91957338784951,
            57.40026332262586
        ],
        [
            84.1489557929423,
            41.371043195685836,
            19.4187462023294,
            55.53574537792736,
            72.6853954272105,
            0.0,
            71.71128796135073,
            71.84348811930803,
            86.18263885015475,
            56.108154503751166,
            52.265093777835084,
            76.50710641407596,
            81.11815576659808,
            35.090902116285854,
            70.42841210964443,
            97.48403457383755,
            17.68590994816236,
            7.680807046703677,
            7.880142075798867,
            98.00200166621363,
            53.544024536995636,
            78.3630679228419,
            84.1489557929423
        ],
        [
            80.97320278546921,
            88.06755977583468,
            54.29469936593188,
            35.88660634208952,
            113.8994332984104,
            71.71128796135073,
            0.0,
            19.465143257264234,
            100.39155461305208,
            110.12913161760814,
            53.01936093148178,
            118.83096101818211,
            108.178157508121,
            95.61008804059784,
            21.577206906332023,
            90.34647583443176,
            82.57262053067178,
            69.53068081198231,
            66.18987143806767,
            82.26717219769716,
            19.842516532166268,
            38.47429296684252,
            80.97320278546921
        ],
        [
            62.49581770965577,
            78.51575364566277,
            52.622147303828896,
            22.29266156138277,
            100.90556704485314,
            71.84348811930803,
            19.465143257264234,
            0.0,
            83.22141730408656,
            100.54465062899783,
            38.97839875044088,
            105.82599148707627,
            92.68550060825716,
            89.06128926696601,
            2.6942861457184093,
            71.23187075123388,
            78.82693011166162,
            71.73505772420478,
            64.96567907469056,
            62.85994205834845,
            20.336357950285283,
            19.043561964645814,
            62.49581770965577
        ],
        [
            24.34258068148647,
            49.53837665815981,
            76.96093095538367,
            65.01703710883062,
            37.79469428118419,
            86.18263885015475,
            100.39155461305208,
            83.22141730408656,
            0.0,
            56.38536702175461,
            49.25234808395466,
            40.695990123151915,
            17.543524856045988,
            66.18865049059522,
            80.56665350843134,
            27.900203012133375,
            74.5129742746142,
            92.84502555362674,
            79.86791411817147,
            38.442889670124565,
            85.36887437463521,
            68.72266127594297,
            24.34258068148647
        ],
        [
            70.82197481453325,
            22.137028560062326,
            61.23343875281665,
            78.30742821591745,
            22.998431107438833,
            56.108154503751166,
            110.12913161760814,
            100.54465062899783,
            56.38536702175461,
            0.0,
            62.98906340327552,
            24.531394971564477,
            41.652265766130924,
            21.353357644944026,
            98.0982156778929,
            80.9412945803784,
            38.48565103564226,
            63.705279196422886,
            54.63682367394193,
            88.15943905567902,
            90.4332451692273,
            95.74190057726106,
            70.82197481453325
        ],
        [
            36.00169212090118,
            41.65612461530322,
            35.610558841760444,
            17.26673078462873,
            61.93504309481482,
            52.265093777835084,
            53.01936093148178,
            38.97839875044088,
            49.25234808395466,
            62.98906340327552,
            0.0,
            66.8595841502157,
            55.21890293979093,
            55.37236486420532,
            36.34982408675815,
            48.84322015039843,
            50.65199303280813,
            56.286831471833764,
            44.41087581996459,
            46.78778061760673,
            36.319902242468075,
            33.04926700053221,
            36.00169212090118
        ],
        [
            61.307768058326765,
            35.960738408664135,
            76.93074245435733,
            83.94197644694619,
            4.937477507758112,
            76.50710641407596,
            118.83096101818211,
            105.82599148707627,
            40.695990123151915,
            24.531394971564477,
            66.8595841502157,
            0.0,
            23.2678185435973,
            44.099822882439874,
            103.1834884415632,
            68.24727406351171,
            59.700761266716654,
            84.17889221375812,
            73.30768095739175,
            77.76863959437787,
            100.12467671744054,
            96.69979124097588,
            61.307768058326765
        ],
        [
            39.958099784600975,
            40.7380098785167,
            75.78105277511223,
            72.29776150704829,
            20.8233205851893,
            81.11815576659808,
            108.178157508121,
            92.68550060825716,
            17.543524856045988,
            41.652265766130924,
            55.21890293979093,
            23.2678185435973,
            0.0,
            55.33413285052832,
            89.99121460067383,
            45.36775037616354,
            66.90076850491437,
            88.39317814664936,
            75.92787416058302,
            55.49412565586304,
            91.1913436107485,
            80.52118217570828,
            39.958099784600975
        ],
        [
            74.0409067872351,
            17.415858833292194,
            43.167482742324104,
            67.70694837195543,
            41.20078994218449,
            35.090902116285854,
            95.61008804059784,
            89.06128926696601,
            66.18865049059522,
            21.353357644944026,
            55.37236486420532,
            44.099822882439874,
            55.33413285052832,
            0.0,
            86.87804968557927,
            86.11611473916669,
            17.408980229078168,
            42.58681358302416,
            34.621945123400124,
            90.8473803513376,
            75.79024464600336,
            88.10868319772094,
            74.0409067872351
        ],
        [
            59.96814413711754,
            76.1002157899726,
            51.1174858567588,
            19.798591231318664,
            98.26526570201591,
            70.42841210964443,
            21.577206906332023,
            2.6942861457184093,
            80.56665350843134,
            98.0982156778929,
            36.34982408675815,
            103.1834884415632,
            89.99121460067383,
            86.87804968557927,
            0.0,
            68.87604801877785,
            76.94547884684853,
            70.57540109751409,
            63.42621810378888,
            60.69292301665354,
            20.01959337568181,
            17.267035346475826,
            59.96814413711754
        ],
        [
            13.348520538475942,
            68.70036414335804,
            83.4950372084785,
            59.18777220517473,
            64.93840837650606,
            97.48403457383755,
            90.34647583443176,
            71.23187075123388,
            27.900203012133375,
            80.9412945803784,
            48.84322015039843,
            68.24727406351171,
            45.36775037616354,
            86.11611473916669,
            68.87604801877785,
            0.0,
            89.99150292073428,
            102.86785930809111,
            90.076900138222,
            11.880605678832104,
            79.88053219381295,
            53.3284449117263,
            13.348520538475942
        ],
        [
            76.99619919148527,
            26.172691204244472,
            28.430257987915745,
            59.18682111703738,
            56.17630166848033,
            17.68590994816236,
            82.57262053067178,
            78.82693011166162,
            74.5129742746142,
            38.48565103564226,
            50.65199303280813,
            59.700761266716654,
            66.90076850491437,
            17.408980229078168,
            76.94547884684853,
            89.99150292073428,
            0.0,
            25.22820891924558,
            17.972541399344724,
            92.5617623007926,
            63.11653358807655,
            81.29730210314571,
            76.99619919148527
        ],
        [
            89.5206378123476,
            48.93871819961834,
            21.26725955036457,
            57.36350182278534,
            80.336325005074,
            7.680807046703677,
            69.53068081198231,
            71.73505772420478,
            92.84502555362674,
            63.705279196422886,
            56.286831471833764,
            84.17889221375812,
            88.39317814664936,
            42.58681358302416,
            70.57540109751409,
            102.86785930809111,
            25.22820891924558,
            0.0,
            13.033754194944072,
            102.69990176965203,
            52.47740492582658,
            80.03194450303164,
            89.5206378123476
        ],
        [
            76.72970356608795,
            37.476555515213,
            12.361459726337861,
            47.92075499880706,
            69.19856812554572,
            7.880142075798867,
            66.18987143806767,
            64.96567907469056,
            79.86791411817147,
            54.63682367394193,
            44.41087581996459,
            73.30768095739175,
            75.92787416058302,
            34.621945123400124,
            63.42621810378888,
            90.076900138222,
            17.972541399344724,
            13.033754194944072,
            0.0,
            90.31470206376301,
            47.38147314855181,
            70.7406987049399,
            76.72970356608795
        ],
        [
            17.339393871423233,
            73.60331351280936,
            82.36187814048371,
            53.90302456004084,
            74.0996547203937,
            98.00200166621363,
            82.26717219769716,
            62.85994205834845,
            38.442889670124565,
            88.15943905567902,
            46.78778061760673,
            77.76863959437787,
            55.49412565586304,
            90.8473803513376,
            60.69292301665354,
            11.880605678832104,
            92.5617623007926,
            102.69990176965203,
            90.31470206376301,
            0.0,
            73.8432012851698,
            44.221637842201794,
            17.339393871423233
        ],
        [
            68.77059643348998,
            68.43661296393472,
            35.17392698783196,
            20.92594102655037,
            95.2178753187003,
            53.544024536995636,
            19.842516532166268,
            20.336357950285283,
            85.36887437463521,
            90.4332451692273,
            36.319902242468075,
            100.12467671744054,
            91.1913436107485,
            75.79024464600336,
            20.01959337568181,
            79.88053219381295,
            63.11653358807655,
            52.47740492582658,
            47.38147314855181,
            73.8432012851698,
            0.0,
            34.94919566193181,
            68.77059643348998
        ],
        [
            46.1020755311264,
            74.68239497216577,
            59.1206833490919,
            22.827773770849202,
            91.91957338784951,
            78.3630679228419,
            38.47429296684252,
            19.043561964645814,
            68.72266127594297,
            95.74190057726106,
            33.04926700053221,
            96.69979124097588,
            80.52118217570828,
            88.10868319772094,
            17.267035346475826,
            53.3284449117263,
            81.29730210314571,
            80.03194450303164,
            70.7406987049399,
            44.221637842201794,
            34.94919566193181,
            0.0,
            46.1020755311264
        ],
        [
            0.0,
            56.688040963233746,
            70.23856318575162,
            47.85694530306805,
            57.40026332262586,
            84.1489557929423,
            80.97320278546921,
            62.49581770965577,
            24.34258068148647,
            70.82197481453325,
            36.00169212090118,
            61.307768058326765,
            39.958099784600975,
            74.0409067872351,
            59.96814413711754,
            13.348520538475942,
            76.99619919148527,
            89.5206378123476,
            76.72970356608795,
            17.339393871423233,
            68.77059643348998,
            46.1020755311264,
            0.0
        ]
    ],
    "scores_ave": [
        0,
        15.702341247855475,
        16.678803428581706,
        13.22605869924611,
        18.09206258664956,
        16.517176252433302,
        17.601738880937337,
        14.996501415019495,
        18.779254086594708,
        18.70959737838436,
        15.479069858477741,
        16.14202899604872,
        10.770483464526725,
        15.059648115782903,
        11.657919237163146,
        19.79408635161009,
        13.994029598806641,
        13.730192933172868,
        16.718000030364948,
        14.588649514375042,
        13.931165695247714,
        17.820516971841826,
        0
    ],
    "scores_var": [
        0,
        345.7914295646993,
        19.053837164829826,
        361.844843567709,
        290.7706351706949,
        21.284095251030088,
        19.06095409008048,
        17.10077332747128,
        257.6446641563762,
        20.01035551156049,
        24.531044515783442,
        287.0002896158099,
        19.746278886241036,
        312.72307406759484,
        18.973037205473503,
        262.7244169275309,
        18.61078987928158,
        20.05244784109427,
        262.98903239347754,
        24.4526976614658,
        17.194010602551323,
        21.073021194131623,
        0
    ],
    "vertex_number": 23,
    "minimum_distances": {
        "cost": 402.4250731346991,
        "path": [
            0,
            15,
            19,
            21,
            14,
            7,
            6,
            20,
            3,
            10,
            2,
            18,
            17,
            5,
            16,
            13,
            1,
            9,
            11,
            4,
            12,
            8,
            22
        ]
    }
}