{
    "vertices": [
        [
            15.153101287816318,
            95.03735083316516
        ],
        [
            70.78452279258165,
            60.089513645613565
        ],
        [
            42.466195391132565,
            31.788377596378957
        ],
        [
            17.689292634995933,
            34.135128316891326
        ],
        [
            96.42274453751382,
            92.65561987740988
        ],
        [
            15.347122039057092,
            33.76813209119476
        ],
        [
            28.894713284609242,
            69.8663025573972
        ],
        [
            14.095355310171875,
            63.99884053309874
        ],
        [
            86.0158764457468,
            85.19891941227009
        ],
        [
            19.88972807919085,
            51.1551596352385
        ],
        [
            26.857746648535098,
            28.676301519009627
        ],
        [
            48.54023699960519,
            93.76372832383952
        ],
        [
            43.814762510457705,
            65.27644790931842
        ],
        [
            43.37833664940286,
            47.15314691908256
        ],
        [
            93.60336887082926,
            8.369133202975332
        ],
        [
            26.658560843360302,
            27.601122019199387
        ],
        [
            26.365190171438346,
            66.25216424866603
        ],
        [
            15.153101287816318,
            95.03735083316516
        ]
    ],
    "distances": [
        [
            0.0,
            65.69784153781981,
            68.89439545423348,
            60.955007784194734,
            81.30453588994102,
            61.26952594319079,
            28.677753949210253,
            31.05652827024541,
            71.54248832621819,
            44.13708574081619,
            67.38536628301414,
            33.41141938519926,
            41.31830304942465,
            55.58381864987687,
            116.90091715226309,
            68.41067574753086,
            30.891712542989087,
            0.0
        ],
        [
            65.69784153781981,
            0.0,
            40.03600839860224,
            59.09935349290034,
            41.447191573651345,
            61.368725986777534,
            43.01559882228529,
            56.82380264081172,
            29.367948380205096,
            51.67303755829435,
            54.00325507337678,
            40.357911053904445,
            27.46401749073187,
            30.305917293457128,
            56.53050052382334,
            54.795949744624274,
            44.84479203835234,
            65.69784153781981
        ],
        [
            68.89439545423348,
            40.03600839860224,
            0.0,
            24.887791166177774,
            81.33959908115834,
            27.19124063618638,
            40.42416969963167,
            42.92340258527095,
            68.91488008424363,
            29.745068882553714,
            15.915674338890796,
            62.27228981861196,
            33.5152127631573,
            15.391820490602553,
            56.24474659424257,
            16.3528107450843,
            38.039386949568225,
            68.89439545423348
        ],
        [
            60.955007784194734,
            59.09935349290034,
            24.887791166177774,
            0.0,
            98.09997136070336,
            2.370748685575093,
            37.44700608246501,
            30.079190361896707,
            85.29966480754801,
            17.161683548579603,
            10.67048916440356,
            67.13680590389177,
            40.64876335353075,
            28.799232467222687,
            80.16753379610886,
            11.096891929358133,
            33.268231018582206,
            60.955007784194734
        ],
        [
            81.30453588994102,
            41.447191573651345,
            81.33959908115834,
            98.09997136070336,
            0.0,
            100.2047542848337,
            71.26982523344284,
            87.17230075763054,
            12.80254995328097,
            87.0608454388193,
            94.51265581338377,
            47.89532787701662,
            59.30614496506567,
            69.88693907679458,
            84.33362742743564,
            95.38935484683554,
            74.86790629431724,
            81.30453588994102
        ],
        [
            61.26952594319079,
            61.368725986777534,
            27.19124063618638,
            2.370748685575093,
            100.2047542848337,
            0.0,
            38.556648448271176,
            30.256613373656823,
            87.40250988306175,
            17.970642627719116,
            12.586549069389903,
            68.56569439664926,
            42.46387311237103,
            31.06296210077266,
            82.27484009537194,
            12.883348208116894,
            34.301751712958094,
            61.26952594319079
        ],
        [
            28.677753949210253,
            43.01559882228529,
            40.42416969963167,
            37.44700608246501,
            71.26982523344284,
            38.556648448271176,
            0.0,
            15.920053613670007,
            59.143185748652655,
            20.76527457086118,
            41.240337275764965,
            30.935959016960975,
            15.610081184677796,
            26.938128829291394,
            89.26988263900927,
            42.32429401262305,
            4.411403732906793,
            28.677753949210253
        ],
        [
            31.05652827024541,
            56.82380264081172,
            42.92340258527095,
            30.079190361896707,
            87.17230075763054,
            30.256613373656823,
            15.920053613670007,
            0.0,
            74.9800287069548,
            14.090241119030177,
            37.557427961395014,
            45.52360288679322,
            29.746856051424526,
            33.78269363817894,
            97.03704734789113,
            38.5049093790154,
            12.475027666898699,
            31.05652827024541
        ],
        [
            71.54248832621819,
            29.367948380205096,
            68.91488008424363,
            85.29966480754801,
            12.80254995328097,
            87.40250988306175,
            59.143185748652655,
            74.9800287069548,
            0.0,
            74.37502993311669,
            81.81986711435844,
            38.44189776258326,
            46.66732141622414,
            57.14403384858473,
            77.20353677304313,
            82.70911183209826,
            62.58741010958616,
            71.54248832621819
        ],
        [
            44.13708574081619,
            51.67303755829435,
            29.745068882553714,
            17.161683548579603,
            87.0608454388193,
            17.970642627719116,
            20.76527457086118,
            14.090241119030177,
            74.37502993311669,
            0.0,
            23.534067752776505,
            51.345319037765975,
            27.781613615068718,
            23.82710302040328,
            85.23112633669123,
            24.507341451228022,
            16.427146970974196,
            44.13708574081619
        ],
        [
            67.38536628301414,
            54.00325507337678,
            15.915674338890796,
            10.67048916440356,
            94.51265581338377,
            12.586549069389903,
            41.240337275764965,
            37.557427961395014,
            81.81986711435844,
            23.534067752776505,
            0.0,
            68.6039613717629,
            40.33746524923856,
            24.785554460511232,
            69.76646164782154,
            1.0934742529183434,
            37.57909088523978,
            67.38536628301414
        ],
        [
            33.41141938519926,
            40.357911053904445,
            62.27228981861196,
            67.13680590389177,
            47.89532787701662,
            68.56569439664926,
            30.935959016960975,
            45.52360288679322,
            38.44189776258326,
            51.345319037765975,
            68.6039613717629,
            0.0,
            28.876551985359,
            46.89553831778556,
            96.55528328320337,
            69.68714533132764,
            35.33580138745644,
            33.41141938519926
        ],
        [
            41.31830304942465,
            27.46401749073187,
            33.5152127631573,
            40.64876335353075,
            59.30614496506567,
            42.46387311237103,
            15.610081184677796,
            29.746856051424526,
            46.66732141622414,
            27.781613615068718,
            40.33746524923856,
            28.876551985359,
            0.0,
            18.128554997982647,
            75.61314561896498,
            41.39765013341686,
            17.47683029583853,
            41.31830304942465
        ],
        [
            55.58381864987687,
            30.305917293457128,
            15.391820490602553,
            28.799232467222687,
            69.88693907679458,
            31.06296210077266,
            26.938128829291394,
            33.78269363817894,
            57.14403384858473,
            23.82710302040328,
            24.785554460511232,
            46.89553831778556,
            18.128554997982647,
            0.0,
            63.456706356180455,
            25.726106986677514,
            25.57771717797361,
            55.58381864987687
        ],
        [
            116.90091715226309,
            56.53050052382334,
            56.24474659424257,
            80.16753379610886,
            84.33362742743564,
            82.27484009537194,
            89.26988263900927,
            97.03704734789113,
            77.20353677304313,
            85.23112633669123,
            69.76646164782154,
            96.55528328320337,
            75.61314561896498,
            63.456706356180455,
            0.0,
            69.65254277958586,
            88.72101192979947,
            116.90091715226309
        ],
        [
            68.41067574753086,
            54.795949744624274,
            16.3528107450843,
            11.096891929358133,
            95.38935484683554,
            12.883348208116894,
            42.32429401262305,
            38.5049093790154,
            82.70911183209826,
            24.507341451228022,
            1.0934742529183434,
            69.68714533132764,
            41.39765013341686,
            25.726106986677514,
            69.65254277958586,
            0.0,
            38.652155590279285,
            68.41067574753086
        ],
        [
            30.891712542989087,
            44.84479203835234,
            38.039386949568225,
            33.268231018582206,
            74.86790629431724,
            34.301751712958094,
            4.411403732906793,
            12.475027666898699,
            62.58741010958616,
            16.427146970974196,
            37.57909088523978,
            35.33580138745644,
            17.47683029583853,
            25.57771717797361,
            88.72101192979947,
            38.652155590279285,
            0.0,
            30.891712542989087
        ],
        [
            0.0,
            65.69784153781981,
            68.89439545423348,
            60.955007784194734,
            81.30453588994102,
            61.26952594319079,
            28.677753949210253,
            31.05652827024541,
            71.54248832621819,
            44.13708574081619,
            67.38536628301414,
            33.41141938519926,
            41.31830304942465,
            55.58381864987687,
            116.90091715226309,
            68.41067574753086,
            30.891712542989087,
            0.0
        ]
    ],
    "scores_ave": [
        0,
        13.339005637345894,
        13.906486292553469,
        16.179329123019794,
        14.294606039407647,
        14.148586066707296,
        14.648574585067635,
        11.58880751928066,
        12.987794105107486,
        15.842265396033524,
        13.774564519976195,
        10.759849978146146,
        12.958344204885751,
        19.874232285956285,
        12.618385750532383,
        18.17390283711889,
        15.951132517079905,
        0
    ],
    "scores_var": [
        0,
        21.470383016606938,
        17.836821309395145,
        17.18942504423099,
        22.12988032610011,
        21.579845147569,
        18.998669457485427,
        287.40543654393196,
        249.4225949285534,
        283.1207407478993,
        19.18584230471282,
        338.6314921675405,
        338.6112558201146,
        21.871977525662565,
        16.243657016644782,
        19.00558364813701,
        17.826035686303527,
        0
    ],
    "vertex_number": 18,
    "minimum_distances": {
        "cost": 401.26740228137663,
        "path": [
            0,
            11,
            4,
            8,
            1,
            14,
            2,
            10,
            15,
            3,
            5,
            9,
            7,
            13,
            12,
            16,
            6,
            17
        ]
    }
}