{
    "vertices": [
        [
            71.43182732977269,
            53.02202581922967
        ],
        [
            97.18132674815328,
            22.50732332029318
        ],
        [
            60.45346644533686,
            50.50556160016188
        ],
        [
            87.41271186650033,
            51.90466160341999
        ],
        [
            49.36526402534104,
            80.14824621614666
        ],
        [
            61.92106706180397,
            49.739552620111446
        ],
        [
            24.42497497770171,
            71.31641446962459
        ],
        [
            28.214203439762887,
            51.49556866773618
        ],
        [
            21.728765005344385,
            18.147663056582473
        ],
        [
            87.93395547604992,
            81.03852463422345
        ],
        [
            90.48389766092427,
            84.13351940402798
        ],
        [
            37.59379640631051,
            5.515446327536422
        ],
        [
            73.29894618615694,
            1.351076812164398
        ],
        [
            11.31249295341803,
            7.115769537649652
        ],
        [
            71.43182732977269,
            53.02202581922967
        ]
    ],
    "distances": [
        [
            0.0,
            39.92723116991439,
            11.26308127799667,
            16.019899293284983,
            34.968057553867716,
            10.06127184692382,
            50.44134042767995,
            43.24457290959979,
            60.71750639252832,
            32.5152954654683,
            36.48159011035693,
            58.32570129692186,
            51.70467197569872,
            75.64204341268183,
            0.0
        ],
        [
            39.92723116991439,
            0.0,
            46.18264900587128,
            30.97788460884062,
            74.892268269813,
            44.55199463308765,
            87.61172354068508,
            74.81164659167901,
            75.5784077046306,
            59.25719705399467,
            61.9890603262333,
            61.96287320627578,
            31.905404990702312,
            87.23735750876385,
            39.92723116991439
        ],
        [
            11.26308127799667,
            46.18264900587128,
            0.0,
            26.995525453260594,
            31.64864900986362,
            1.655482203761958,
            41.607016170207196,
            32.254460050300295,
            50.46420612447137,
            41.07845066463085,
            45.08510114275808,
            50.46459141355734,
            50.80521355673348,
            65.55539131880396,
            11.26308127799667
        ],
        [
            16.019899293284983,
            30.97788460884062,
            26.995525453260594,
            0.0,
            47.38468485705046,
            25.583425332789325,
            65.91108516563148,
            59.19992193390571,
            73.85063186019703,
            29.138525528895812,
            32.37485841383221,
            68.0726349684057,
            52.48679183305365,
            88.30225462069626,
            16.019899293284983
        ],
        [
            34.968057553867716,
            74.892268269813,
            31.64864900986362,
            47.38468485705046,
            0.0,
            32.89888806795763,
            26.457877272726805,
            35.613807639565636,
            67.88113427314184,
            38.5789651997261,
            41.31131121665545,
            75.55542514683657,
            82.3517762276858,
            82.35141793586429,
            34.968057553867716
        ],
        [
            10.06127184692382,
            44.55199463308765,
            1.655482203761958,
            25.583425332789325,
            32.89888806795763,
            0.0,
            43.261043547890196,
            33.75257394028479,
            51.12209532865311,
            40.697616794994,
            44.707720171880794,
            50.473633462656586,
            49.70815551179368,
            66.16656752125463,
            10.06127184692382
        ],
        [
            50.44134042767995,
            87.61172354068508,
            41.607016170207196,
            65.91108516563148,
            26.457877272726805,
            43.261043547890196,
            0.0,
            20.179796347830965,
            53.2370704963835,
            64.24881345201769,
            67.2908570681596,
            67.10577669809574,
            85.34526076594604,
            65.52602532214725,
            50.44134042767995
        ],
        [
            43.24457290959979,
            74.81164659167901,
            32.254460050300295,
            59.19992193390571,
            35.613807639565636,
            33.75257394028479,
            20.179796347830965,
            0.0,
            33.97269080212884,
            66.62758460662832,
            70.30469861013239,
            46.9270541866613,
            67.4322185009661,
            47.48930814605587,
            43.24457290959979
        ],
        [
            60.71750639252832,
            75.5784077046306,
            50.46420612447137,
            73.85063186019703,
            67.88113427314184,
            51.12209532865311,
            53.2370704963835,
            33.97269080212884,
            0.0,
            91.31477271088396,
            95.29638767756154,
            20.27984518785171,
            54.23660107794374,
            15.172389333022473,
            60.71750639252832
        ],
        [
            32.5152954654683,
            59.25719705399467,
            41.07845066463085,
            29.138525528895812,
            38.5789651997261,
            40.697616794994,
            64.24881345201769,
            66.62758460662832,
            91.31477271088396,
            0.0,
            4.010136876880786,
            90.76269592781303,
            81.02020018062557,
            106.46793996398686,
            32.5152954654683
        ],
        [
            36.48159011035693,
            61.9890603262333,
            45.08510114275808,
            32.37485841383221,
            41.31131121665545,
            44.707720171880794,
            67.2908570681596,
            70.30469861013239,
            95.29638767756154,
            4.010136876880786,
            0.0,
            94.75317527652497,
            84.54735571657636,
            110.45290905105107,
            36.48159011035693
        ],
        [
            58.32570129692186,
            61.96287320627578,
            50.46459141355734,
            68.0726349684057,
            75.55542514683657,
            50.473633462656586,
            67.10577669809574,
            46.9270541866613,
            20.27984518785171,
            90.76269592781303,
            94.75317527652497,
            0.0,
            35.94717922538328,
            26.329981875418095,
            58.32570129692186
        ],
        [
            51.70467197569872,
            31.905404990702312,
            50.80521355673348,
            52.48679183305365,
            82.3517762276858,
            49.70815551179368,
            85.34526076594604,
            67.4322185009661,
            54.23660107794374,
            81.02020018062557,
            84.54735571657636,
            35.94717922538328,
            0.0,
            62.2539321376071,
            51.70467197569872
        ],
        [
            75.64204341268183,
            87.23735750876385,
            65.55539131880396,
            88.30225462069626,
            82.35141793586429,
            66.16656752125463,
            65.52602532214725,
            47.48930814605587,
            15.172389333022473,
            106.46793996398686,
            110.45290905105107,
            26.329981875418095,
            62.2539321376071,
            0.0,
            75.64204341268183
        ],
        [
            0.0,
            39.92723116991439,
            11.26308127799667,
            16.019899293284983,
            34.968057553867716,
            10.06127184692382,
            50.44134042767995,
            43.24457290959979,
            60.71750639252832,
            32.5152954654683,
            36.48159011035693,
            58.32570129692186,
            51.70467197569872,
            75.64204341268183,
            0.0
        ]
    ],
    "scores_ave": [
        0,
        12.028822379692532,
        16.573231210372317,
        18.065940186510954,
        17.952745359247288,
        16.546559869313747,
        16.288558912529655,
        17.55811131731983,
        14.221493118868114,
        16.152918407295793,
        17.98990587197075,
        11.321484133734343,
        13.375135574430633,
        18.07254085658372,
        0
    ],
    "scores_var": [
        0,
        22.99547854686721,
        21.8323823275446,
        17.938962099876367,
        16.61272968898851,
        254.6036322587272,
        242.36516284732872,
        239.72466534598706,
        391.9480329638904,
        20.41978399822264,
        23.31625874360251,
        376.59141634864307,
        260.46484297179563,
        289.4145458719915,
        0
    ],
    "vertex_number": 15,
    "minimum_distances": {
        "cost": 335.0797565581912,
        "path": [
            0,
            3,
            1,
            12,
            11,
            13,
            8,
            7,
            6,
            4,
            10,
            9,
            2,
            5,
            14
        ]
    }
}