{
    "vertices": [
        [
            19.732454161374726,
            59.861111231387234
        ],
        [
            98.9427484794233,
            14.534428590007186
        ],
        [
            90.32869139116399,
            81.07247131302458
        ],
        [
            48.47502899548698,
            43.98671469157197
        ],
        [
            29.635345775485654,
            87.32569178098531
        ],
        [
            50.041459008918224,
            96.85158137465858
        ],
        [
            24.907938907798854,
            37.06233953790991
        ],
        [
            57.61537577432596,
            64.64141584075092
        ],
        [
            78.80566541435276,
            69.58627354706898
        ],
        [
            7.246880198219829,
            31.858363087183427
        ],
        [
            2.500167662788222,
            76.46641845426096
        ],
        [
            42.113749681444666,
            20.49877645870103
        ],
        [
            78.96605462045122,
            40.40454152168351
        ],
        [
            56.46569938683568,
            17.683385889813017
        ],
        [
            57.868732373225996,
            1.9937850584249572
        ],
        [
            89.62750502911786,
            71.72955684090711
        ],
        [
            66.156374641664,
            63.269255253108824
        ],
        [
            98.69012137421022,
            46.07478705653018
        ],
        [
            99.02883967356922,
            86.83146027280598
        ],
        [
            7.492600846187281,
            79.28719829342175
        ],
        [
            74.2207258470561,
            74.64083470176959
        ],
        [
            97.87533121820681,
            36.58974443975633
        ],
        [
            19.732454161374726,
            59.861111231387234
        ]
    ],
    "distances": [
        [
            0.0,
            91.2621437685104,
            73.71397769431223,
            32.83492155613962,
            29.195384003060987,
            47.82186378915678,
            23.3788287365251,
            38.183334873885904,
            59.86838121918219,
            30.660128193096668,
            23.930898978838826,
            45.28041285052207,
            62.34723352494533,
            55.93113461912892,
            69.30370231278937,
            70.89554384438087,
            46.5488543192313,
            80.15220487264918,
            83.75748612938742,
            22.960550248612293,
            56.45716940436881,
            81.53444515706104,
            0.0
        ],
        [
            91.2621437685104,
            0.0,
            67.0933164251841,
            58.43310591195467,
            100.50912429478247,
            95.74680023086815,
            77.38643162714851,
            64.95122713276648,
            58.61917559592527,
            93.31800987111903,
            114.61563053580093,
            57.14112835672262,
            32.68533372374802,
            42.59361022137122,
            42.945809333139486,
            57.948739901531496,
            58.73695292838972,
            31.54137017713493,
            72.29708294141143,
            112.05378479285787,
            64.99198765007411,
            22.08113078720695,
            91.2621437685104
        ],
        [
            73.71397769431223,
            67.0933164251841,
            0.0,
            55.92032188853104,
            61.014629133062044,
            43.26709381687463,
            78.84647458417328,
            36.607930869960306,
            16.269998979130566,
            96.5640502442023,
            87.9492200263515,
            77.41997876760452,
            42.22546657997517,
            71.86708828299929,
            85.4815041935951,
            9.369189567279635,
            30.020916027233408,
            35.98265435843582,
            10.433529315371807,
            82.85532630151245,
            17.344523731408778,
            45.11834175544232,
            73.71397769431223
        ],
        [
            32.83492155613962,
            58.43310591195467,
            55.92032188853104,
            0.0,
            47.25675188781698,
            52.888068904125234,
            24.56327963586826,
            22.5867797350425,
            39.68985914776572,
            42.97507610102948,
            56.29048792711707,
            24.334114262541444,
            30.700726510642944,
            27.49028772778886,
            43.030777384604406,
            49.63055081521351,
            26.161925662437334,
            50.25848733104699,
            66.26733733896401,
            54.08958827294749,
            40.03143739578301,
            49.95102630179187,
            32.83492155613962
        ],
        [
            29.195384003060987,
            100.50912429478247,
            61.014629133062044,
            47.25675188781698,
            0.0,
            22.520036186616675,
            50.48517559050504,
            36.020250605301186,
            52.27243339147474,
            59.81528185447824,
            29.22741364528036,
            67.98196213358369,
            68.08166549668671,
            74.63188758667233,
            89.88135748688492,
            61.98627748931449,
            43.73211277612805,
            80.43754828173395,
            69.39525387349654,
            23.55670882261719,
            46.354737786406695,
            85.03429876135131,
            29.195384003060987
        ],
        [
            47.82186378915678,
            95.74680023086815,
            43.26709381687463,
            52.888068904125234,
            22.520036186616675,
            0.0,
            64.85712969355481,
            33.08865332543857,
            39.63302386984444,
            77.81705724934906,
            51.72745161081077,
            76.76326851896799,
            63.426339477019084,
            79.42842086281199,
            95.18018559706462,
            46.884658004381066,
            37.24866619873304,
            70.32051756889803,
            50.00166288514028,
            46.03165089345194,
            32.83221303228162,
            76.93873095719282,
            47.82186378915678
        ],
        [
            23.3788287365251,
            77.38643162714851,
            78.84647458417328,
            24.56327963586826,
            50.48517559050504,
            64.85712969355481,
            0.0,
            42.7829624511415,
            62.950545716517965,
            18.411799630750732,
            45.32978763919755,
            23.882871398921818,
            54.161334810941035,
            37.03290551586989,
            48.12709651694302,
            73.4196036114675,
            48.869580331678144,
            74.3305768831556,
            89.27974747418276,
            45.67529635068767,
            61.999147207818964,
            72.96892274597305,
            23.3788287365251
        ],
        [
            38.183334873885904,
            64.95122713276648,
            36.607930869960306,
            22.5867797350425,
            36.020250605301186,
            33.08865332543857,
            42.7829624511415,
            0.0,
            21.75959541820482,
            60.0975365089403,
            56.36946737363796,
            46.785393266886196,
            32.29980749089149,
            46.97210164202933,
            62.64814308664577,
            32.78746959226342,
            8.650519425453478,
            45.076095998946776,
            46.983753192252564,
            52.21868928025491,
            19.383653644140846,
            49.068933967762625,
            38.183334873885904
        ],
        [
            59.86838121918219,
            58.61917559592527,
            16.269998979130566,
            39.68985914776572,
            52.27243339147474,
            39.63302386984444,
            62.950545716517965,
            21.75959541820482,
            0.0,
            80.8953334208951,
            76.6150467014018,
            61.28522701721322,
            29.18217278920199,
            56.50649369118872,
            70.76086252481736,
            11.032038611487215,
            14.138927723779348,
            30.792557312024275,
            26.577683163213663,
            71.96986257481487,
            6.8242405659802765,
            38.110668939293255,
            59.86838121918219
        ],
        [
            30.660128193096668,
            93.31800987111903,
            96.5640502442023,
            42.97507610102948,
            59.81528185447824,
            77.81705724934906,
            18.411799630750732,
            60.0975365089403,
            80.8953334208951,
            0.0,
            44.859891702123825,
            36.67068033088876,
            72.22656814248316,
            51.21935318673627,
            58.77469641320132,
            91.5220161429814,
            66.76056232718216,
            92.54173689339616,
            106.98583784461653,
            47.429471720201036,
            79.47223338026318,
            90.75187107594893,
            30.660128193096668
        ],
        [
            23.930898978838826,
            114.61563053580093,
            87.9492200263515,
            56.29048792711707,
            29.22741364528036,
            51.72745161081077,
            45.32978763919755,
            56.36946737363796,
            76.6150467014018,
            44.859891702123825,
            0.0,
            68.56830777328535,
            84.54283432747248,
            79.7980170914799,
            92.8000597144448,
            87.25600709687721,
            65.00982851458168,
            100.87694708911964,
            97.08356509762672,
            5.734212063720704,
            71.74378873672838,
            103.37587220276265,
            23.930898978838826
        ],
        [
            45.28041285052207,
            57.14112835672262,
            77.41997876760452,
            24.334114262541444,
            67.98196213358369,
            76.76326851896799,
            23.882871398921818,
            46.785393266886196,
            61.28522701721322,
            36.67068033088876,
            68.56830777328535,
            0.0,
            41.88474498024526,
            14.625487492779747,
            24.30337808500334,
            69.87238228233223,
            49.064872070358525,
            62.088792483170685,
            87.40338901206096,
            68.22538009047742,
            62.946170568947,
            58.036826464309016,
            45.28041285052207
        ],
        [
            62.34723352494533,
            32.68533372374802,
            42.22546657997517,
            30.700726510642944,
            68.08166549668671,
            63.426339477019084,
            54.161334810941035,
            32.29980749089149,
            29.18217278920199,
            72.22656814248316,
            84.54283432747248,
            41.88474498024526,
            0.0,
            31.976818148255,
            43.823318200280355,
            33.08962238476062,
            26.208453506053562,
            20.522926051910574,
            50.57641870289891,
            81.36532180266138,
            34.56359234628861,
            19.29024152846997,
            62.34723352494533
        ],
        [
            55.93113461912892,
            42.59361022137122,
            71.86708828299929,
            27.49028772778886,
            74.63188758667233,
            79.42842086281199,
            37.03290551586989,
            46.97210164202933,
            56.50649369118872,
            51.21935318673627,
            79.7980170914799,
            14.625487492779747,
            31.976818148255,
            0.0,
            15.752208600992821,
            63.40894217641061,
            46.6045134348811,
            50.88195625540892,
            81.19776537531122,
            78.69811994788107,
            59.66063978679562,
            45.521511420741724,
            55.93113461912892
        ],
        [
            69.30370231278937,
            42.945809333139486,
            85.4815041935951,
            43.030777384604406,
            89.88135748688492,
            95.18018559706462,
            48.12709651694302,
            62.64814308664577,
            70.76086252481736,
            58.77469641320132,
            92.8000597144448,
            24.30337808500334,
            43.823318200280355,
            15.752208600992821,
            0.0,
            76.62700246458202,
            61.83339115679482,
            60.07928542456737,
            94.29520437835939,
            92.2606435981534,
            74.4646326281864,
            52.89053182430624,
            69.30370231278937
        ],
        [
            70.89554384438087,
            57.948739901531496,
            9.369189567279635,
            49.63055081521351,
            61.98627748931449,
            46.884658004381066,
            73.4196036114675,
            32.78746959226342,
            11.032038611487215,
            91.5220161429814,
            87.25600709687721,
            69.87238228233223,
            33.08962238476062,
            63.40894217641061,
            76.62700246458202,
            0.0,
            24.949362008303176,
            27.208421999588932,
            17.789114097204518,
            82.48187940065353,
            15.679425485264423,
            36.094778741993856,
            70.89554384438087
        ],
        [
            46.5488543192313,
            58.73695292838972,
            30.020916027233408,
            26.161925662437334,
            43.73211277612805,
            37.24866619873304,
            48.869580331678144,
            8.650519425453478,
            14.138927723779348,
            66.76056232718216,
            65.00982851458168,
            49.064872070358525,
            26.208453506053562,
            46.6045134348811,
            61.83339115679482,
            24.949362008303176,
            0.0,
            36.79802186287486,
            40.4447334354434,
            60.81128887936491,
            13.940824205229507,
            41.44741853896815,
            46.5488543192313
        ],
        [
            80.15220487264918,
            31.54137017713493,
            35.98265435843582,
            50.25848733104699,
            80.43754828173395,
            70.32051756889803,
            74.3305768831556,
            45.076095998946776,
            30.792557312024275,
            92.54173689339616,
            100.87694708911964,
            62.088792483170685,
            20.522926051910574,
            50.88195625540892,
            60.07928542456737,
            27.208421999588932,
            36.79802186287486,
            0.0,
            40.75808069260149,
            97.05695240747859,
            37.61343371103466,
            9.519974602924954,
            80.15220487264918
        ],
        [
            83.75748612938742,
            72.29708294141143,
            10.433529315371807,
            66.26733733896401,
            69.39525387349654,
            50.00166288514028,
            89.27974747418276,
            46.983753192252564,
            26.577683163213663,
            106.98583784461653,
            97.08356509762672,
            87.40338901206096,
            50.57641870289891,
            81.19776537531122,
            94.29520437835939,
            17.789114097204518,
            40.4447334354434,
            40.75808069260149,
            0.0,
            91.8466053127555,
            27.64152426047518,
            50.25495589099153,
            83.75748612938742
        ],
        [
            22.960550248612293,
            112.05378479285787,
            82.85532630151245,
            54.08958827294749,
            23.55670882261719,
            46.03165089345194,
            45.67529635068767,
            52.21868928025491,
            71.96986257481487,
            47.429471720201036,
            5.734212063720704,
            68.22538009047742,
            81.36532180266138,
            78.69811994788107,
            92.2606435981534,
            82.48187940065353,
            60.81128887936491,
            97.05695240747859,
            91.8466053127555,
            0.0,
            66.88969547514328,
            99.9605447918681,
            22.960550248612293
        ],
        [
            56.45716940436881,
            64.99198765007411,
            17.344523731408778,
            40.03143739578301,
            46.354737786406695,
            32.83221303228162,
            61.999147207818964,
            19.383653644140846,
            6.8242405659802765,
            79.47223338026318,
            71.74378873672838,
            62.946170568947,
            34.56359234628861,
            59.66063978679562,
            74.4646326281864,
            15.679425485264423,
            13.940824205229507,
            37.61343371103466,
            27.64152426047518,
            66.88969547514328,
            0.0,
            44.80430588004631,
            56.45716940436881
        ],
        [
            81.53444515706104,
            22.08113078720695,
            45.11834175544232,
            49.95102630179187,
            85.03429876135131,
            76.93873095719282,
            72.96892274597305,
            49.068933967762625,
            38.110668939293255,
            90.75187107594893,
            103.37587220276265,
            58.036826464309016,
            19.29024152846997,
            45.521511420741724,
            52.89053182430624,
            36.094778741993856,
            41.44741853896815,
            9.519974602924954,
            50.25495589099153,
            99.9605447918681,
            44.80430588004631,
            0.0,
            81.53444515706104
        ],
        [
            0.0,
            91.2621437685104,
            73.71397769431223,
            32.83492155613962,
            29.195384003060987,
            47.82186378915678,
            23.3788287365251,
            38.183334873885904,
            59.86838121918219,
            30.660128193096668,
            23.930898978838826,
            45.28041285052207,
            62.34723352494533,
            55.93113461912892,
            69.30370231278937,
            70.89554384438087,
            46.5488543192313,
            80.15220487264918,
            83.75748612938742,
            22.960550248612293,
            56.45716940436881,
            81.53444515706104,
            0.0
        ]
    ],
    "scores_ave": [
        0,
        19.841129134600425,
        13.742460863403725,
        19.228695172482006,
        13.010105407016635,
        11.756736720243367,
        14.207311862909743,
        17.992629043427183,
        18.93226373278243,
        19.526318981841513,
        10.019060488710068,
        13.559125995337286,
        19.296813911119585,
        14.429811267658224,
        16.419588105359054,
        16.364442596439577,
        11.305123087718984,
        11.573344270964762,
        17.54485128993907,
        15.168457885992671,
        13.090602893314745,
        13.124376413528644,
        0
    ],
    "scores_var": [
        0,
        17.395416210894236,
        19.64278978156513,
        353.35654161773516,
        18.937797014402648,
        24.50830794728737,
        19.416211777202022,
        21.05944607723244,
        386.06074825268365,
        24.393828945163687,
        377.5945959249219,
        298.7913268720709,
        240.85414085337314,
        23.222469800812505,
        303.44888355336957,
        297.65833525471055,
        22.603599388292004,
        273.6972348205766,
        17.692872517801906,
        23.986864774802342,
        283.64586045414467,
        225.09127238698102,
        0
    ],
    "vertex_number": 23,
    "minimum_distances": {
        "cost": 449.22401325377916,
        "path": [
            0,
            9,
            6,
            11,
            14,
            13,
            3,
            7,
            16,
            12,
            1,
            21,
            17,
            18,
            2,
            15,
            8,
            20,
            5,
            4,
            19,
            10,
            22
        ]
    }
}