{
    "vertices": [
        [
            36.74779774600919,
            32.643631092143366
        ],
        [
            15.822905138316212,
            59.766125541201355
        ],
        [
            48.604287367668455,
            27.835974835331946
        ],
        [
            3.1254024308023043,
            64.69899559720503
        ],
        [
            13.24573802381066,
            11.450667126917303
        ],
        [
            30.84635751186878,
            33.686655206451746
        ],
        [
            71.6891879284265,
            4.986635860356259
        ],
        [
            91.48736296335944,
            60.32610485352928
        ],
        [
            38.57866423719517,
            16.538178467808564
        ],
        [
            47.64978202809075,
            37.508847591387784
        ],
        [
            28.291403190522757,
            36.454617683453215
        ],
        [
            49.632167960045834,
            66.18091351156015
        ],
        [
            30.929246563319424,
            72.96242579252343
        ],
        [
            92.91791614718376,
            71.30944428798624
        ],
        [
            95.70549244563405,
            36.0398950199611
        ],
        [
            43.69635089989357,
            63.71419973995888
        ],
        [
            84.4853039573112,
            51.58759430574338
        ],
        [
            81.86447694404148,
            0.2565945209193621
        ],
        [
            71.40202419433986,
            70.37042557000018
        ],
        [
            79.62811796967128,
            45.58490939340807
        ],
        [
            51.913535267434,
            43.504661018397606
        ],
        [
            31.017203662372694,
            47.08550389228382
        ],
        [
            17.373386088685805,
            0.40731699426984624
        ],
        [
            36.74779774600919,
            32.643631092143366
        ]
    ],
    "distances": [
        [
            0.0,
            34.25610654733935,
            12.7941355640845,
            46.45440625263026,
            31.64630362012532,
            5.992903815360297,
            44.56242961431776,
            61.34117176688396,
            16.209184937659277,
            11.938324542048328,
            9.275463744590027,
            35.92709712587529,
            40.73647927787791,
            68.19184197026641,
            59.05543474534388,
            31.838068833253264,
            51.35896456814846,
            55.53768882231201,
            51.22720402585552,
            44.79060779398499,
            18.653727928426065,
            15.537290578696346,
            37.610474254975664,
            0.0
        ],
        [
            34.25610654733935,
            0.0,
            45.7619224352127,
            13.622032961226482,
            48.384143188843396,
            30.0972240274994,
            78.24215003742157,
            75.66652995075155,
            48.85161185003276,
            38.837308278150815,
            26.436524776901592,
            34.41243608426245,
            20.0585116988228,
            77.95440289135234,
            83.33163726735656,
            28.15166546587412,
            69.14776485721057,
            88.89810734107151,
            56.58170776977691,
            65.36216088751159,
            39.58495688444272,
            19.790524829855855,
            59.37905475240178,
            34.25610654733935
        ],
        [
            12.7941355640845,
            45.7619224352127,
            0.0,
            58.542388700761066,
            38.97056992656714,
            18.69691240736042,
            32.48083935943513,
            53.80117769291965,
            15.104745013283258,
            9.719853280689458,
            22.065680776663292,
            38.35871296844939,
            48.46445752742118,
            62.07769520415165,
            47.810331793372214,
            36.212357872399124,
            43.03006831244224,
            43.20720344089955,
            48.25884689586033,
            35.74217037574294,
            16.01433259194698,
            26.073931083968027,
            41.56561638734132,
            12.7941355640845
        ],
        [
            46.45440625263026,
            13.622032961226482,
            58.542388700761066,
            0.0,
            54.20152836770164,
            41.595872476947186,
            90.920616952961,
            88.47009801403698,
            59.802993898999766,
            52.1701497707423,
            37.82951860615043,
            46.53036987492063,
            29.005827468600284,
            90.03551272359148,
            96.91448350505166,
            40.58289889303261,
            82.40960150509748,
            101.74804623027556,
            68.5117668534208,
            78.85438336723765,
            53.192872867737194,
            32.987689612653384,
            65.85153738447136,
            46.45440625263026
        ],
        [
            31.64630362012532,
            48.384143188843396,
            38.97056992656714,
            54.20152836770164,
            0.0,
            28.35879003477774,
            58.79983449779787,
            92.25269798845423,
            25.838729113028784,
            43.15862617099103,
            29.181665198245735,
            65.72193053181154,
            64.00314780073438,
            99.6530439582304,
            86.0479007744144,
            60.4873264884763,
            81.76826204434064,
            69.52581241892219,
            82.78702528862674,
            74.64426878457638,
            50.22605965103197,
            39.82042920709053,
            11.789531826994324,
            31.64630362012532
        ],
        [
            5.992903815360297,
            30.0972240274994,
            18.69691240736042,
            41.595872476947186,
            28.35879003477774,
            0.0,
            49.918212176538816,
            66.23437038024065,
            18.811135578436353,
            17.232650118302537,
            3.766883042815748,
            37.533764759133135,
            39.2758580520475,
            72.58341855886216,
            64.90181139210411,
            32.661533350166444,
            56.54715020594396,
            60.99522495928526,
            54.68510865075838,
            50.211837310138804,
            23.242616391189365,
            13.399937854817306,
            35.903137896438736,
            5.992903815360297
        ],
        [
            44.56242961431776,
            78.24215003742157,
            32.48083935943513,
            90.920616952961,
            58.79983449779787,
            49.918212176538816,
            0.0,
            58.77435293697583,
            35.06771899795277,
            40.44239473521743,
            53.60598474215535,
            65.04807258588201,
            79.25957883429035,
            69.63744552691438,
            39.25669098506426,
            65.05786412217059,
            48.325872092010684,
            11.220953507794105,
            65.3844203140558,
            41.36721436191074,
            43.297975706073444,
            58.5365270041517,
            54.50849925260532,
            44.56242961431776
        ],
        [
            61.34117176688396,
            75.66652995075155,
            53.80117769291965,
            88.47009801403698,
            92.25269798845423,
            66.23437038024065,
            58.77435293697583,
            0.0,
            68.67832917345407,
            49.42024616716293,
            67.55425398389875,
            42.262703808293686,
            61.86244473664178,
            11.076110668652927,
            24.64979927726264,
            47.91095929961945,
            11.197785357736892,
            60.83540093514889,
            22.456829965994928,
            18.91942217441685,
            43.00056756840874,
            61.90277602581041,
            95.30552296012333,
            61.34117176688396
        ],
        [
            16.209184937659277,
            48.85161185003276,
            15.104745013283258,
            59.802993898999766,
            25.838729113028784,
            18.811135578436353,
            35.06771899795277,
            68.67832917345407,
            0.0,
            22.848504140685908,
            22.41633981882082,
            50.85844165106905,
            56.94040109544361,
            77.1533917445096,
            60.36382567098435,
            47.45279443666031,
            57.75708719259491,
            46.24663833741625,
            63.04985160131392,
            50.28687929469152,
            30.083383562098298,
            31.469267176300544,
            26.64335776951067,
            16.209184937659277
        ],
        [
            11.938324542048328,
            38.837308278150815,
            9.719853280689458,
            52.1701497707423,
            43.15862617099103,
            17.232650118302537,
            40.44239473521743,
            49.42024616716293,
            22.848504140685908,
            0.0,
            19.387063519718087,
            28.740515272241083,
            39.19862897465569,
            56.49499361598597,
            48.07815642671712,
            26.5018885914951,
            39.43433510083642,
            50.58038856135656,
            40.54691498953484,
            32.982370197161885,
            7.357266499014518,
            19.192576924353954,
            47.887197910595006,
            11.938324542048328
        ],
        [
            9.275463744590027,
            26.436524776901592,
            22.065680776663292,
            37.82951860615043,
            29.181665198245735,
            3.766883042815748,
            53.60598474215535,
            67.55425398389875,
            22.41633981882082,
            19.387063519718087,
            0.0,
            36.59345439567362,
            36.60298171717846,
            73.42646058860208,
            67.41536490284486,
            31.311295530907284,
            58.195888727971564,
            64.65578947221427,
            54.85259946376213,
            52.142310181123705,
            24.65173898295276,
            10.974776981672203,
            37.664452530368784,
            9.275463744590027
        ],
        [
            35.92709712587529,
            34.41243608426245,
            38.35871296844939,
            46.53036987492063,
            65.72193053181154,
            37.533764759133135,
            65.04807258588201,
            42.262703808293686,
            50.85844165106905,
            28.740515272241083,
            36.59345439567362,
            0.0,
            19.894425791889102,
            43.58850564133925,
            55.05662743816786,
            6.427954651567019,
            37.78499774099154,
            73.38213390750863,
            22.16931780072731,
            36.38615674421917,
            22.790723198812277,
            26.667425153763848,
            73.25841253155359,
            35.92709712587529
        ],
        [
            40.73647927787791,
            20.0585116988228,
            48.46445752742118,
            29.005827468600284,
            64.00314780073438,
            39.2758580520475,
            79.25957883429035,
            61.86244473664178,
            56.94040109544361,
            39.19862897465569,
            36.60298171717846,
            19.894425791889102,
            0.0,
            62.01070475838708,
            74.56027970211012,
            15.764791094724472,
            57.663980999205954,
            88.77238081088167,
            40.55569250208396,
            55.866881785510685,
            36.167668958689596,
            25.87707138534758,
            73.81060334351798,
            40.73647927787791
        ],
        [
            68.19184197026641,
            77.95440289135234,
            62.07769520415165,
            90.03551272359148,
            99.6530439582304,
            72.58341855886216,
            69.63744552691438,
            11.076110668652927,
            77.1533917445096,
            56.49499361598597,
            73.42646058860208,
            43.58850564133925,
            62.01070475838708,
            0.0,
            35.37953769044098,
            49.80411855597472,
            21.449016645685177,
            71.90748207411339,
            21.53637301588132,
            28.954627111074732,
            49.54255972394224,
            66.47177968447805,
            103.6054423113654,
            68.19184197026641
        ],
        [
            59.05543474534388,
            83.33163726735656,
            47.810331793372214,
            96.91448350505166,
            86.0479007744144,
            64.90181139210411,
            39.25669098506426,
            24.64979927726264,
            60.36382567098435,
            48.07815642671712,
            67.41536490284486,
            55.05662743816786,
            74.56027970211012,
            35.37953769044098,
            0.0,
            58.91364821550402,
            19.17351253147444,
            38.36689073563358,
            42.062381017826745,
            18.697306475255957,
            44.42362260001677,
            65.62453947317994,
            86.05579296638447,
            59.05543474534388
        ],
        [
            31.838068833253264,
            28.15166546587412,
            36.212357872399124,
            40.58289889303261,
            60.4873264884763,
            32.661533350166444,
            65.05786412217059,
            47.91095929961945,
            47.45279443666031,
            26.5018885914951,
            31.311295530907284,
            6.427954651567019,
            15.764791094724472,
            49.80411855597472,
            58.91364821550402,
            0.0,
            42.553416441895294,
            74.05182986164105,
            28.494028760410547,
            40.2462799923956,
            21.816222731454577,
            20.911104711736755,
            68.56135850045929,
            31.838068833253264
        ],
        [
            51.35896456814846,
            69.14776485721057,
            43.03006831244224,
            82.40960150509748,
            81.76826204434064,
            56.54715020594396,
            48.325872092010684,
            11.197785357736892,
            57.75708719259491,
            39.43433510083642,
            58.195888727971564,
            37.78499774099154,
            57.663980999205954,
            21.449016645685177,
            19.17351253147444,
            42.553416441895294,
            0.0,
            51.39786253476974,
            22.890324586115376,
            7.721689055854529,
            33.55970688362083,
            53.65730674605806,
            84.40041650184229,
            51.35896456814846
        ],
        [
            55.53768882231201,
            88.89810734107151,
            43.20720344089955,
            101.74804623027556,
            69.52581241892219,
            60.99522495928526,
            11.220953507794105,
            60.83540093514889,
            46.24663833741625,
            50.58038856135656,
            64.65578947221427,
            73.38213390750863,
            88.77238081088167,
            71.90748207411339,
            38.36689073563358,
            74.05182986164105,
            51.39786253476974,
            0.0,
            70.8901419233929,
            45.38344886235209,
            52.60659809459117,
            69.12591375954588,
            64.49126698226446,
            55.53768882231201
        ],
        [
            51.22720402585552,
            56.58170776977691,
            48.25884689586033,
            68.5117668534208,
            82.78702528862674,
            54.68510865075838,
            65.3844203140558,
            22.456829965994928,
            63.04985160131392,
            40.54691498953484,
            54.85259946376213,
            22.16931780072731,
            40.55569250208396,
            21.53637301588132,
            42.062381017826745,
            28.494028760410547,
            22.890324586115376,
            70.8901419233929,
            0.0,
            26.114946504648554,
            33.18991572143982,
            46.61674921030618,
            88.39643826043651,
            51.22720402585552
        ],
        [
            44.79060779398499,
            65.36216088751159,
            35.74217037574294,
            78.85438336723765,
            74.64426878457638,
            50.211837310138804,
            41.36721436191074,
            18.91942217441685,
            50.28687929469152,
            32.982370197161885,
            52.142310181123705,
            36.38615674421917,
            55.866881785510685,
            28.954627111074732,
            18.697306475255957,
            40.2462799923956,
            7.721689055854529,
            45.38344886235209,
            26.114946504648554,
            0.0,
            27.79254446179557,
            48.63407009125992,
            76.91987062233048,
            44.79060779398499
        ],
        [
            18.653727928426065,
            39.58495688444272,
            16.01433259194698,
            53.192872867737194,
            50.22605965103197,
            23.242616391189365,
            43.297975706073444,
            43.00056756840874,
            30.083383562098298,
            7.357266499014518,
            24.65173898295276,
            22.790723198812277,
            36.167668958689596,
            49.54255972394224,
            44.42362260001677,
            21.816222731454577,
            33.55970688362083,
            52.60659809459117,
            33.18991572143982,
            27.79254446179557,
            0.0,
            21.200922391163683,
            55.23045325926812,
            18.653727928426065
        ],
        [
            15.537290578696346,
            19.790524829855855,
            26.073931083968027,
            32.987689612653384,
            39.82042920709053,
            13.399937854817306,
            58.5365270041517,
            61.90277602581041,
            31.469267176300544,
            19.192576924353954,
            10.974776981672203,
            26.667425153763848,
            25.87707138534758,
            66.47177968447805,
            65.62453947317994,
            20.911104711736755,
            53.65730674605806,
            69.12591375954588,
            46.61674921030618,
            48.63407009125992,
            21.200922391163683,
            0.0,
            48.631336503020044,
            15.537290578696346
        ],
        [
            37.610474254975664,
            59.37905475240178,
            41.56561638734132,
            65.85153738447136,
            11.789531826994324,
            35.903137896438736,
            54.50849925260532,
            95.30552296012333,
            26.64335776951067,
            47.887197910595006,
            37.664452530368784,
            73.25841253155359,
            73.81060334351798,
            103.6054423113654,
            86.05579296638447,
            68.56135850045929,
            84.40041650184229,
            64.49126698226446,
            88.39643826043651,
            76.91987062233048,
            55.23045325926812,
            48.631336503020044,
            0.0,
            37.610474254975664
        ],
        [
            0.0,
            34.25610654733935,
            12.7941355640845,
            46.45440625263026,
            31.64630362012532,
            5.992903815360297,
            44.56242961431776,
            61.34117176688396,
            16.209184937659277,
            11.938324542048328,
            9.275463744590027,
            35.92709712587529,
            40.73647927787791,
            68.19184197026641,
            59.05543474534388,
            31.838068833253264,
            51.35896456814846,
            55.53768882231201,
            51.22720402585552,
            44.79060779398499,
            18.653727928426065,
            15.537290578696346,
            37.610474254975664,
            0.0
        ]
    ],
    "scores_ave": [
        0,
        11.703222685223544,
        18.242094570556183,
        15.637388271466053,
        11.385100718700988,
        16.618536753568577,
        15.234062090516735,
        12.56671801500706,
        11.588498399341468,
        17.4875382581996,
        18.05422832198068,
        15.646623303892374,
        15.154270542555317,
        19.997589175028878,
        16.002038418519042,
        12.562856636427627,
        15.613296775054007,
        13.650448415554596,
        10.164224220562506,
        17.90162412586676,
        13.900299797923223,
        16.14864792641782,
        15.978614374972686,
        0
    ],
    "scores_var": [
        0,
        22.683621621353506,
        20.523927625256558,
        300.63068081604234,
        259.453948956677,
        20.54514016752426,
        21.09075432580911,
        16.97430746860815,
        23.54410558039153,
        22.856402720710673,
        23.66443222378036,
        21.05031383286532,
        238.05098807412836,
        362.7398672444841,
        248.573346563826,
        369.0277778197192,
        320.2470700726012,
        23.123702114038593,
        397.9018191568732,
        322.2834543593906,
        231.44388216961292,
        290.6077349826488,
        23.615931201057286,
        0
    ],
    "vertex_number": 24,
    "minimum_distances": {
        "cost": 423.5152178569014,
        "path": [
            0,
            9,
            2,
            8,
            4,
            22,
            6,
            17,
            14,
            16,
            7,
            13,
            18,
            19,
            20,
            11,
            15,
            12,
            3,
            1,
            21,
            10,
            5,
            23
        ]
    }
}