{
    "vertices": [
        [
            94.15785040417444,
            32.409085306581375
        ],
        [
            4.259182089694491,
            47.92302010296518
        ],
        [
            96.7293614055485,
            24.349022718342827
        ],
        [
            92.9215195723495,
            94.64494870050379
        ],
        [
            82.66074809380771,
            42.25776840860824
        ],
        [
            25.83859005112964,
            45.05985680900751
        ],
        [
            98.4379629539265,
            50.48876672363713
        ],
        [
            34.98599827329352,
            64.45997960927588
        ],
        [
            21.911741803020803,
            17.051484127888028
        ],
        [
            21.613761127988862,
            92.50306628748649
        ],
        [
            8.060574342937098,
            74.70816183677879
        ],
        [
            61.10707305199994,
            10.549216109805737
        ],
        [
            4.58758444573979,
            76.20136920123304
        ],
        [
            94.15785040417444,
            32.409085306581375
        ]
    ],
    "distances": [
        [
            0.0,
            91.22747797447505,
            8.460335558150783,
            62.248142191656555,
            15.138689519875541,
            69.48066892880145,
            18.579403746643116,
            67.29463507740667,
            73.86038262812811,
            94.20154690367121,
            95.92680970652786,
            39.62584718189822,
            99.70254095345055,
            0.0
        ],
        [
            91.22747797447505,
            0.0,
            95.42781258834542,
            100.21950259186934,
            78.60598341511755,
            21.768522044776425,
            94.21372416370411,
            34.89424397367054,
            35.56212307909968,
            47.838916494946446,
            27.053546916504242,
            68.03296209765726,
            28.280255936447293,
            91.22747797447505
        ],
        [
            8.460335558150783,
            95.42781258834542,
            0.0,
            70.39898343808747,
            22.773867759207928,
            73.85418141145112,
            26.195525112382057,
            73.62833526291216,
            75.17266971757564,
            101.4264613396467,
            101.97154844320404,
            38.201859771173254,
            105.72971624426518,
            8.460335558150783
        ],
        [
            62.248142191656555,
            100.21950259186934,
            70.39898343808747,
            0.0,
            53.382582274281425,
            83.4194268203581,
            44.49943319140491,
            65.3273065971019,
            105.18143506927078,
            71.33991922220319,
            87.171414441197,
            89.9124643604121,
            90.23884817359989,
            62.248142191656555
        ],
        [
            15.138689519875541,
            78.60598341511755,
            22.773867759207928,
            53.382582274281425,
            0.0,
            56.89120621001752,
            17.795219639115487,
            52.5910634295188,
            65.77080304024386,
            79.06531841801475,
            81.35240597120124,
            38.34049030325174,
            85.13276053780397,
            15.138689519875541
        ],
        [
            69.48066892880145,
            21.768522044776425,
            73.85418141145112,
            83.4194268203581,
            56.89120621001752,
            0.0,
            72.80207420630622,
            21.44853938729637,
            28.28231032656554,
            47.630949025278134,
            34.56992672165372,
            49.34420142886172,
            37.70144603745918,
            69.48066892880145
        ],
        [
            18.579403746643116,
            94.21372416370411,
            26.195525112382057,
            44.49943319140491,
            17.795219639115487,
            72.80207420630622,
            0.0,
            64.9718909323727,
            83.51236070801323,
            87.56231697501656,
            93.56629452846931,
            54.669580610286026,
            97.3089485725788,
            18.579403746643116
        ],
        [
            67.29463507740667,
            34.89424397367054,
            73.62833526291216,
            65.3273065971019,
            52.5910634295188,
            21.44853938729637,
            64.9718909323727,
            0.0,
            49.17826375604612,
            31.06817401637726,
            28.8097846711411,
            59.90560047850764,
            32.5871722121041,
            67.29463507740667
        ],
        [
            73.86038262812811,
            35.56212307909968,
            75.17266971757564,
            105.18143506927078,
            65.77080304024386,
            28.28231032656554,
            83.51236070801323,
            49.17826375604612,
            0.0,
            75.45217056433385,
            59.29711059094011,
            39.731014095995285,
            61.63469260351475,
            73.86038262812811
        ],
        [
            94.20154690367121,
            47.838916494946446,
            101.4264613396467,
            71.33991922220319,
            79.06531841801475,
            47.630949025278134,
            87.56231697501656,
            31.06817401637726,
            75.45217056433385,
            0.0,
            22.368448682023494,
            90.97337657618837,
            23.5719328928946,
            94.20154690367121
        ],
        [
            95.92680970652786,
            27.053546916504242,
            101.97154844320404,
            87.171414441197,
            81.35240597120124,
            34.56992672165372,
            93.56629452846931,
            28.8097846711411,
            59.29711059094011,
            22.368448682023494,
            0.0,
            83.24843146923116,
            3.7803871573285956,
            95.92680970652786
        ],
        [
            39.62584718189822,
            68.03296209765726,
            38.201859771173254,
            89.9124643604121,
            38.34049030325174,
            49.34420142886172,
            54.669580610286026,
            59.90560047850764,
            39.731014095995285,
            90.97337657618837,
            83.24843146923116,
            0.0,
            86.62942801296438,
            39.62584718189822
        ],
        [
            99.70254095345055,
            28.280255936447293,
            105.72971624426518,
            90.23884817359989,
            85.13276053780397,
            37.70144603745918,
            97.3089485725788,
            32.5871722121041,
            61.63469260351475,
            23.5719328928946,
            3.7803871573285956,
            86.62942801296438,
            0.0,
            99.70254095345055
        ],
        [
            0.0,
            91.22747797447505,
            8.460335558150783,
            62.248142191656555,
            15.138689519875541,
            69.48066892880145,
            18.579403746643116,
            67.29463507740667,
            73.86038262812811,
            94.20154690367121,
            95.92680970652786,
            39.62584718189822,
            99.70254095345055,
            0.0
        ]
    ],
    "scores_ave": [
        0,
        18.268174363115527,
        14.432934886763045,
        14.359396333167382,
        16.490780357399263,
        11.638699287455998,
        17.482467324772777,
        14.302511707442044,
        11.853509001292602,
        14.353499931266656,
        18.006702571309933,
        11.622332158806941,
        13.085576741143068,
        0
    ],
    "scores_var": [
        0,
        316.68567952930584,
        299.4596937702946,
        18.038868803760764,
        329.0606435791477,
        24.477167279710336,
        343.32998651865705,
        24.368064315960602,
        308.3774033195202,
        17.723193981092752,
        21.943242223224466,
        24.141957129448386,
        18.740401589664913,
        0
    ],
    "vertex_number": 14,
    "minimum_distances": {
        "cost": 374.19743165217835,
        "path": [
            0,
            2,
            11,
            8,
            5,
            7,
            1,
            10,
            12,
            9,
            3,
            6,
            4,
            13
        ]
    }
}