{
    "vertices": [
        [
            70.81791681828926,
            95.13061096960953
        ],
        [
            10.707140223680778,
            20.327862538073493
        ],
        [
            56.13720112964935,
            44.321690873920126
        ],
        [
            11.963578085665338,
            33.09743936263868
        ],
        [
            0.4955576273755202,
            2.5852418958190237
        ],
        [
            58.74559942254754,
            35.736729600430635
        ],
        [
            3.058987674311031,
            35.80320615390957
        ],
        [
            61.00633124877744,
            51.37468470006087
        ],
        [
            28.566564005200433,
            70.18658667573742
        ],
        [
            51.76138641117313,
            13.554759961385177
        ],
        [
            53.91615365738812,
            21.091680789790136
        ],
        [
            16.682302030510698,
            68.80717963469276
        ],
        [
            84.8269756008437,
            44.44393214558168
        ],
        [
            46.34786794164566,
            69.64232977756166
        ],
        [
            77.29531045608834,
            6.886775771254827
        ],
        [
            39.18752418395173,
            27.20637358455935
        ],
        [
            36.1296509245564,
            82.5613129121568
        ],
        [
            83.4742027986954,
            19.87705909122941
        ],
        [
            16.10810063000342,
            92.63659278959659
        ],
        [
            70.81791681828926,
            95.13061096960953
        ]
    ],
    "distances": [
        [
            0.0,
            95.96226672874396,
            52.8873309443843,
            85.50992671774624,
            116.23200737826045,
            60.60836568824162,
            90.06116499859749,
            44.84248315040138,
            49.06507069707932,
            83.77213629168926,
            75.94361579566362,
            60.196244282304086,
            52.58700541182412,
            35.33321058367366,
            88.4812470462153,
            74.92785705292127,
            36.895298404693726,
            76.3104098084257,
            54.766633218030286,
            0.0
        ],
        [
            95.96226672874396,
            0.0,
            51.37698153969432,
            12.831240328958877,
            20.47137040786764,
            50.44924921489498,
            17.262111616098114,
            59.10933753762797,
            52.96084771266016,
            41.609206295453085,
            43.215764024669944,
            48.84615383806958,
            77.94443411592589,
            60.84552696279869,
            67.93119481043475,
            29.2992522897955,
            67.2257866878449,
            72.7684589608972,
            72.5101568326686,
            95.96226672874396
        ],
        [
            52.8873309443843,
            51.37698153969432,
            0.0,
            45.577327640182006,
            69.55518431386525,
            8.972474670998437,
            53.75743042162182,
            8.570481318372954,
            37.80387369419841,
            31.076547302220234,
            23.335946957062166,
            46.43520456267136,
            28.690034892563173,
            27.147114004150705,
            43.00044719550372,
            24.08787318297332,
            43.15751103616276,
            36.67221950257115,
            62.74279746657931,
            52.8873309443843
        ],
        [
            85.50992671774624,
            12.831240328958877,
            45.577327640182006,
            0.0,
            32.596160624925595,
            46.856412296758336,
            9.306605413507517,
            52.33783846264826,
            40.63574768423758,
            44.33713867283313,
            43.6366455632263,
            36.02015971598707,
            73.741559489397,
            50.17776802866784,
            70.39342398563429,
            27.854046333774562,
            55.05155640830971,
            72.72240302251085,
            59.68322928528047,
            85.50992671774624
        ],
        [
            116.23200737826045,
            20.47137040786764,
            69.55518431386525,
            32.596160624925595,
            0.0,
            67.0230445904116,
            33.31672737615916,
            77.73006788501434,
            73.19783613685098,
            52.42628660777371,
            56.53537265056352,
            68.17151701600675,
            94.14848913732693,
            81.23476716490224,
            76.92012238831205,
            45.861404270361206,
            87.5554712186651,
            84.76120867700801,
            91.39473341939983,
            116.23200737826045
        ],
        [
            60.60836568824162,
            50.44924921489498,
            8.972474670998437,
            46.856412296758336,
            67.0230445904116,
            0.0,
            55.68665142680959,
            15.800523664998574,
            45.799201207341554,
            23.255515656630497,
            15.420797679259623,
            53.50678137357508,
            27.496428122868593,
            36.10115606520119,
            34.29885734792693,
            21.337415044847535,
            52.000218545507785,
            29.37742285489417,
            71.1023961215795,
            60.60836568824162
        ],
        [
            90.06116499859749,
            17.262111616098114,
            53.75743042162182,
            9.306605413507517,
            33.31672737615916,
            55.68665142680959,
            0.0,
            60.00304635141872,
            42.81183605482204,
            53.543599063809296,
            52.94223560041059,
            35.705139119853264,
            82.22326918346626,
            54.9455497962887,
            79.66926362302559,
            37.13726808145534,
            57.271190972658964,
            81.97712475906393,
            58.31220442936373,
            90.06116499859749
        ],
        [
            44.84248315040138,
            59.10933753762797,
            8.570481318372954,
            52.33783846264826,
            77.73006788501434,
            15.800523664998574,
            60.00304635141872,
            0.0,
            37.49968206211774,
            38.933478039977885,
            31.101944378236414,
            47.62889297251964,
            24.808434620488367,
            23.421729295764386,
            47.376205889390796,
            32.56021504701347,
            39.89304454654951,
            38.68986522304941,
            60.97865341154977,
            44.84248315040138
        ],
        [
            49.06507069707932,
            52.96084771266016,
            37.80387369419841,
            40.63574768423758,
            73.19783613685098,
            45.799201207341554,
            42.81183605482204,
            37.49968206211774,
            0.0,
            61.19774165317731,
            55.25315809511998,
            11.96404808030877,
            61.870171934221574,
            17.789631397290233,
            79.88339496552568,
            44.27305628123831,
            14.502900853831258,
            74.47078194603093,
            25.67520368338759,
            49.06507069707932
        ],
        [
            83.77213629168926,
            41.609206295453085,
            31.076547302220234,
            44.33713867283313,
            52.42628660777371,
            23.255515656630497,
            53.543599063809296,
            38.933478039977885,
            61.19774165317731,
            0.0,
            7.838890065500692,
            65.44747543443476,
            45.24902370974426,
            56.34821798517134,
            26.3902120167938,
            18.559864380581548,
            70.75489738859919,
            32.336885897005146,
            86.74729431205873,
            83.77213629168926
        ],
        [
            75.94361579566362,
            43.215764024669944,
            23.335946957062166,
            43.6366455632263,
            56.53537265056352,
            15.420797679259623,
            52.94223560041059,
            31.101944378236414,
            55.25315809511998,
            7.838890065500692,
            0.0,
            60.52378488652396,
            38.74024466370963,
            49.136996914839145,
            27.356247900686608,
            15.947476105646992,
            63.99121308995573,
            29.582994691385633,
            80.9204752011602,
            75.94361579566362
        ],
        [
            60.196244282304086,
            48.84615383806958,
            46.43520456267136,
            36.02015971598707,
            68.17151701600675,
            53.50678137357508,
            35.705139119853264,
            47.62889297251964,
            11.96404808030877,
            65.44747543443476,
            60.52378488652396,
            0.0,
            72.36894613176925,
            29.677319228478616,
            86.64913851280004,
            47.2981192881551,
            23.819646538540077,
            82.79682786571527,
            23.836330224165135,
            60.196244282304086
        ],
        [
            52.58700541182412,
            77.94443411592589,
            28.690034892563173,
            73.741559489397,
            94.14848913732693,
            27.496428122868593,
            82.22326918346626,
            24.808434620488367,
            61.870171934221574,
            45.24902370974426,
            38.74024466370963,
            72.36894613176925,
            0.0,
            45.995662507105244,
            38.30490797245652,
            48.786196313911546,
            61.84144360484973,
            24.604090024280346,
            83.933404060643,
            52.58700541182412
        ],
        [
            35.33321058367366,
            60.84552696279869,
            27.147114004150705,
            50.17776802866784,
            81.23476716490224,
            36.10115606520119,
            54.9455497962887,
            23.421729295764386,
            17.789631397290233,
            56.34821798517134,
            49.136996914839145,
            29.677319228478616,
            45.995662507105244,
            0.0,
            69.97144958354963,
            43.03580951652655,
            16.47155378949679,
            62.088218740770024,
            37.98920449981684,
            35.33321058367366
        ],
        [
            88.4812470462153,
            67.93119481043475,
            43.00044719550372,
            70.39342398563429,
            76.92012238831205,
            34.29885734792693,
            79.66926362302559,
            47.376205889390796,
            79.88339496552568,
            26.3902120167938,
            27.356247900686608,
            86.64913851280004,
            38.30490797245652,
            69.97144958354963,
            0.0,
            43.18668116279942,
            86.14666038887263,
            14.384928616949685,
            105.34185191546823,
            88.4812470462153
        ],
        [
            74.92785705292127,
            29.2992522897955,
            24.08787318297332,
            27.854046333774562,
            45.861404270361206,
            21.337415044847535,
            37.13726808145534,
            32.56021504701347,
            44.27305628123831,
            18.559864380581548,
            15.947476105646992,
            47.2981192881551,
            48.786196313911546,
            43.03580951652655,
            43.18668116279942,
            0.0,
            55.439335284908665,
            44.88907165076741,
            69.38136188344654,
            74.92785705292127
        ],
        [
            36.895298404693726,
            67.2257866878449,
            43.15751103616276,
            55.05155640830971,
            87.5554712186651,
            52.000218545507785,
            57.271190972658964,
            39.89304454654951,
            14.502900853831258,
            70.75489738859919,
            63.99121308995573,
            23.819646538540077,
            61.84144360484973,
            16.47155378949679,
            86.14666038887263,
            55.439335284908665,
            0.0,
            78.55458146568847,
            22.41369538487703,
            36.895298404693726
        ],
        [
            76.3104098084257,
            72.7684589608972,
            36.67221950257115,
            72.72240302251085,
            84.76120867700801,
            29.37742285489417,
            81.97712475906393,
            38.68986522304941,
            74.47078194603093,
            32.336885897005146,
            29.582994691385633,
            82.79682786571527,
            24.604090024280346,
            62.088218740770024,
            14.384928616949685,
            44.88907165076741,
            78.55458146568847,
            0.0,
            99.15715539186506,
            76.3104098084257
        ],
        [
            54.766633218030286,
            72.5101568326686,
            62.74279746657931,
            59.68322928528047,
            91.39473341939983,
            71.1023961215795,
            58.31220442936373,
            60.97865341154977,
            25.67520368338759,
            86.74729431205873,
            80.9204752011602,
            23.836330224165135,
            83.933404060643,
            37.98920449981684,
            105.34185191546823,
            69.38136188344654,
            22.41369538487703,
            99.15715539186506,
            0.0,
            54.766633218030286
        ],
        [
            0.0,
            95.96226672874396,
            52.8873309443843,
            85.50992671774624,
            116.23200737826045,
            60.60836568824162,
            90.06116499859749,
            44.84248315040138,
            49.06507069707932,
            83.77213629168926,
            75.94361579566362,
            60.196244282304086,
            52.58700541182412,
            35.33321058367366,
            88.4812470462153,
            74.92785705292127,
            36.895298404693726,
            76.3104098084257,
            54.766633218030286,
            0.0
        ]
    ],
    "scores_ave": [
        0,
        11.914409040682163,
        14.12175102629712,
        14.328778327250184,
        14.124091813430859,
        10.383425956824297,
        19.1703425413532,
        15.843972856842779,
        17.1875184026523,
        14.111727398352606,
        14.410755712623267,
        19.06611133044308,
        18.62574795977665,
        12.344392621493418,
        11.566569083461435,
        16.390988393993034,
        19.43069898563372,
        15.569411827561197,
        15.200502368837723,
        0
    ],
    "scores_var": [
        0,
        380.0113704915361,
        313.1825619749989,
        379.9151940962142,
        303.7022073506947,
        378.5565287206822,
        389.99564531928445,
        22.318331272834484,
        22.953676321754912,
        348.9120249645731,
        313.6938743541231,
        21.488443632273103,
        21.958637321562943,
        329.3450713088593,
        362.7082839280693,
        16.529541429679824,
        18.610461838225614,
        16.80784231512239,
        250.6012940105538,
        0
    ],
    "vertex_number": 20,
    "minimum_distances": {
        "cost": 414.0839259146651,
        "path": [
            0,
            13,
            7,
            2,
            5,
            12,
            17,
            14,
            9,
            10,
            15,
            4,
            1,
            3,
            6,
            11,
            8,
            18,
            16,
            19
        ]
    }
}