{
    "vertices": [
        [
            58.265444471796755,
            32.812664078822785
        ],
        [
            64.78046586947083,
            21.323858148250974
        ],
        [
            14.211412179561655,
            36.56349185623418
        ],
        [
            79.96859590017175,
            17.610884144778225
        ],
        [
            63.92976376568756,
            0.951730565519826
        ],
        [
            86.49025606130822,
            45.16440053749277
        ],
        [
            22.896357902738217,
            57.52085114492117
        ],
        [
            26.182145117848798,
            97.78752423439302
        ],
        [
            53.55590204736469,
            77.32974645547661
        ],
        [
            63.83278057151431,
            93.47392301814818
        ],
        [
            75.60410397743799,
            13.915675593425414
        ],
        [
            28.98748505600841,
            88.21104213603923
        ],
        [
            76.39743897207171,
            31.40698837303034
        ],
        [
            31.700110904407953,
            97.10017465610235
        ],
        [
            25.04062102863599,
            78.34874315788402
        ],
        [
            7.236339362605825,
            83.8177650687664
        ],
        [
            80.77008150613027,
            48.700282903757696
        ],
        [
            33.519450715174024,
            75.23393964611658
        ],
        [
            21.99566717023691,
            22.29646417377872
        ],
        [
            23.511077350551012,
            42.05583533615527
        ],
        [
            20.326521051270984,
            95.66643015593765
        ],
        [
            19.36283900712309,
            24.82929664226351
        ],
        [
            58.265444471796755,
            32.812664078822785
        ]
    ],
    "distances": [
        [
            0.0,
            13.207504136758507,
            44.21341957167636,
            26.4975639462592,
            32.360525295524106,
            30.80917692519321,
            43.144719176544285,
            72.46427084895664,
            44.765504723808355,
            60.91620118942993,
            25.64615540914084,
            62.659230755913605,
            18.186400104139807,
            69.56005293104991,
            56.36863836144814,
            72.14908104223645,
            27.547688105783426,
            49.11139203646226,
            37.763569825264064,
            35.962511715544906,
            73.41633210931471,
            39.71330844398604,
            0.0
        ],
        [
            13.207504136758507,
            0.0,
            52.81548661752928,
            15.635391577441977,
            20.38988171413597,
            32.24416926495135,
            55.357933507040386,
            85.653503116791,
            57.11961447767279,
            72.15628848655076,
            13.116108823041252,
            75.86193286048758,
            15.38257388073958,
            82.68228364113214,
            69.50606288904227,
            84.95183869480478,
            31.703886837452995,
            62.31811899908153,
            42.795852161335226,
            46.18416727456862,
            86.61969304158053,
            45.55270495637725,
            13.207504136758507
        ],
        [
            44.21341957167636,
            52.81548661752928,
            0.0,
            68.43397219167107,
            61.15645531477809,
            72.78878281043886,
            22.685660461393617,
            62.38333581752129,
            56.65577108298774,
            75.50547911327251,
            65.43688705663631,
            53.719659153377506,
            62.399450770107514,
            63.01225712113712,
            43.165715453805454,
            47.76628494708874,
            67.65617606290465,
            43.222724166377034,
            16.252467648077413,
            10.800444860927914,
            59.41844723796991,
            12.815168187709897,
            44.21341957167636
        ],
        [
            26.4975639462592,
            15.635391577441977,
            68.43397219167107,
            0.0,
            23.125127766468246,
            28.314807378135974,
            69.64227032476896,
            96.54675501444301,
            65.2991034566805,
            77.56007480284542,
            5.7186848122273,
            87.08304066404597,
            14.250812386734758,
            92.99674160840237,
            81.89120795899875,
            98.353099710835,
            31.09972820414019,
            74.01310433786249,
            58.16197319326668,
            61.522410872214486,
            98.23362639840855,
            61.03411544016319,
            26.4975639462592
        ],
        [
            32.360525295524106,
            20.38988171413597,
            61.15645531477809,
            23.125127766468246,
            0.0,
            49.63603528356548,
            69.88423141052905,
            103.93292860813288,
            77.07929889560086,
            92.52224328225702,
            17.445747048098887,
            93.99548019551726,
            32.90844349363574,
            101.40647821810234,
            86.61791374216625,
            100.40380493209008,
            50.63122111895496,
            80.26601849926111,
            47.05386392299917,
            57.64735588490177,
            104.26944467923197,
            50.560349525935905,
            32.360525295524106
        ],
        [
            30.80917692519321,
            32.24416926495135,
            72.78878281043886,
            28.314807378135974,
            49.63603528356548,
            0.0,
            64.78322124297611,
            80.03912414055938,
            46.03565088428009,
            53.3588901484988,
            33.090650006053515,
            71.8302305871397,
            17.06257150196544,
            75.49360661415932,
            69.83736994472324,
            88.17746821990515,
            6.72479449870169,
            60.91045395679707,
            68.42875499205851,
            63.055849282143996,
            83.23517781599743,
            70.13990711995756,
            30.80917692519321
        ],
        [
            43.144719176544285,
            55.357933507040386,
            22.685660461393617,
            69.64227032476896,
            69.88423141052905,
            64.78322124297611,
            0.0,
            40.40051186949716,
            36.50205447068486,
            54.48315407571512,
            68.40700133138269,
            31.288810349206464,
            59.534019723654986,
            40.5466264505094,
            20.93797865259984,
            30.606598350607598,
            58.5420388081833,
            20.654384647159223,
            35.23590046087092,
            15.477228239090435,
            38.232044929991126,
            32.88196301296358,
            43.144719176544285
        ],
        [
            72.46427084895664,
            85.653503116791,
            62.38333581752129,
            96.54675501444301,
            103.93292860813288,
            80.03912414055938,
            40.40051186949716,
            0.0,
            34.17372148431811,
            37.896932666346544,
            97.34997181289938,
            9.97892486937967,
            83.2343155081341,
            5.560611105302524,
            19.472269692737353,
            23.539280508567092,
            73.41253340256756,
            23.717087325577747,
            75.60705487374256,
            55.795660677757496,
            6.227950971125555,
            73.27623017880182,
            72.46427084895664
        ],
        [
            44.765504723808355,
            57.11961447767279,
            56.65577108298774,
            65.2991034566805,
            77.07929889560086,
            46.03565088428009,
            36.50205447068486,
            34.17372148431811,
            0.0,
            19.13762443687413,
            67.13767639445484,
            26.870238353036516,
            51.28972137750056,
            29.471094952862607,
            28.53348218946623,
            46.771746523234526,
            39.50009806156309,
            20.145763529074912,
            63.44060674517951,
            46.3350871016344,
            37.952940999536615,
            62.65351379343095,
            44.765504723808355
        ],
        [
            60.91620118942993,
            72.15628848655076,
            75.50547911327251,
            77.56007480284542,
            92.52224328225702,
            53.3588901484988,
            54.48315407571512,
            37.896932666346544,
            19.13762443687413,
            0.0,
            80.42436687982227,
            35.24049566538762,
            63.32594268515887,
            32.336638057737886,
            41.63655494641057,
            57.41427125599387,
            47.87014739942525,
            35.37788801485019,
            82.56255025914143,
            65.3426315012837,
            43.56147041815762,
            81.79034437526946,
            60.91620118942993
        ],
        [
            25.64615540914084,
            13.116108823041252,
            65.43688705663631,
            5.7186848122273,
            17.445747048098887,
            33.090650006053515,
            68.40700133138269,
            97.34997181289938,
            67.13767639445484,
            80.42436687982227,
            0.0,
            87.709239247454,
            17.509294765000703,
            94.05966984879954,
            81.90412690261631,
            97.7775707994818,
            35.16612332289381,
            74.3710128117168,
            54.25958085112943,
            59.20770231562706,
            98.68534362152965,
            57.290374495710985,
            25.64615540914084
        ],
        [
            62.659230755913605,
            75.86193286048758,
            53.719659153377506,
            87.08304066404597,
            93.99548019551726,
            71.8302305871397,
            31.288810349206464,
            9.97892486937967,
            26.870238353036516,
            35.24049566538762,
            87.709239247454,
            0.0,
            73.9892171484065,
            9.293816005960588,
            10.622743373775332,
            22.19038580929703,
            65.13476330061769,
            13.745686660542386,
            66.28436546645607,
            46.47896466248412,
            11.427821665505736,
            64.10834168346645,
            62.659230755913605
        ],
        [
            18.186400104139807,
            15.38257388073958,
            62.399450770107514,
            14.250812386734758,
            32.90844349363574,
            17.06257150196544,
            59.534019723654986,
            83.2343155081341,
            51.28972137750056,
            63.32594268515887,
            17.509294765000703,
            73.9892171484065,
            0.0,
            79.45719514563022,
            69.57766230304475,
            86.77642083562085,
            17.83754575206866,
            61.313322653825665,
            55.15935483999117,
            53.94780057802461,
            85.28319702457235,
            57.41264339556851,
            18.186400104139807
        ],
        [
            69.56005293104991,
            82.68228364113214,
            63.01225712113712,
            92.99674160840237,
            101.40647821810234,
            75.49360661415932,
            40.5466264505094,
            5.560611105302524,
            29.471094952862607,
            32.336638057737886,
            94.05966984879954,
            9.293816005960588,
            79.45719514563022,
            0.0,
            19.8988690291153,
            27.836999164695207,
            68.92322929530053,
            21.94179187894566,
            75.43057291385892,
            55.650153294628645,
            11.463601940015746,
            73.31635620213753,
            69.56005293104991
        ],
        [
            56.36863836144814,
            69.50606288904227,
            43.165715453805454,
            81.89120795899875,
            86.61791374216625,
            69.83736994472324,
            20.93797865259984,
            19.472269692737353,
            28.53348218946623,
            41.63655494641057,
            81.90412690261631,
            10.622743373775332,
            69.57766230304475,
            19.8988690291153,
            0.0,
            18.625322716802774,
            63.12530364721508,
            9.032859667361018,
            56.13492427457039,
            36.32512439097311,
            17.947841696403177,
            53.81977669985429,
            56.36863836144814
        ],
        [
            72.14908104223645,
            84.95183869480478,
            47.76628494708874,
            98.353099710835,
            100.40380493209008,
            88.17746821990515,
            30.606598350607598,
            23.539280508567092,
            46.771746523234526,
            57.41427125599387,
            97.7775707994818,
            22.19038580929703,
            86.77642083562085,
            27.836999164695207,
            18.625322716802774,
            0.0,
            81.48894886572073,
            27.649303811452988,
            63.26695994865508,
            44.821042731822025,
            17.656265771397283,
            60.22201757607433,
            72.14908104223645
        ],
        [
            27.547688105783426,
            31.703886837452995,
            67.65617606290465,
            31.09972820414019,
            50.63122111895496,
            6.72479449870169,
            58.5420388081833,
            73.41253340256756,
            39.50009806156309,
            47.87014739942525,
            35.16612332289381,
            65.13476330061769,
            17.83754575206866,
            68.92322929530053,
            63.12530364721508,
            81.48894886572073,
            0.0,
            54.190931439352376,
            64.4328598158801,
            57.64323238999753,
            76.5456921594787,
            65.88378720465542,
            27.547688105783426
        ],
        [
            49.11139203646226,
            62.31811899908153,
            43.222724166377034,
            74.01310433786249,
            80.26601849926111,
            60.91045395679707,
            20.654384647159223,
            23.717087325577747,
            20.145763529074912,
            35.37788801485019,
            74.3710128117168,
            13.745686660542386,
            61.313322653825665,
            21.94179187894566,
            9.032859667361018,
            27.649303811452988,
            54.190931439352376,
            0.0,
            54.17724519182326,
            34.65478528296444,
            24.32159660776037,
            52.35492041249226,
            49.11139203646226
        ],
        [
            37.763569825264064,
            42.795852161335226,
            16.252467648077413,
            58.16197319326668,
            47.05386392299917,
            68.42875499205851,
            35.23590046087092,
            75.60705487374256,
            63.44060674517951,
            82.56255025914143,
            54.25958085112943,
            66.28436546645607,
            55.15935483999117,
            75.43057291385892,
            56.13492427457039,
            63.26695994865508,
            64.4328598158801,
            54.17724519182326,
            0.0,
            19.817396820651233,
            73.38894982890557,
            3.6533579690328812,
            37.763569825264064
        ],
        [
            35.962511715544906,
            46.18416727456862,
            10.800444860927914,
            61.522410872214486,
            57.64735588490177,
            63.055849282143996,
            15.477228239090435,
            55.795660677757496,
            46.3350871016344,
            65.3426315012837,
            59.20770231562706,
            46.47896466248412,
            53.94780057802461,
            55.650153294628645,
            36.32512439097311,
            44.821042731822025,
            57.64323238999753,
            34.65478528296444,
            19.817396820651233,
            0.0,
            53.705095435667566,
            17.718959245001823,
            35.962511715544906
        ],
        [
            73.41633210931471,
            86.61969304158053,
            59.41844723796991,
            98.23362639840855,
            104.26944467923197,
            83.23517781599743,
            38.232044929991126,
            6.227950971125555,
            37.952940999536615,
            43.56147041815762,
            98.68534362152965,
            11.427821665505736,
            85.28319702457235,
            11.463601940015746,
            17.947841696403177,
            17.656265771397283,
            76.5456921594787,
            24.32159660776037,
            73.38894982890557,
            53.705095435667566,
            0.0,
            70.84368826872517,
            73.41633210931471
        ],
        [
            39.71330844398604,
            45.55270495637725,
            12.815168187709897,
            61.03411544016319,
            50.560349525935905,
            70.13990711995756,
            32.88196301296358,
            73.27623017880182,
            62.65351379343095,
            81.79034437526946,
            57.290374495710985,
            64.10834168346645,
            57.41264339556851,
            73.31635620213753,
            53.81977669985429,
            60.22201757607433,
            65.88378720465542,
            52.35492041249226,
            3.6533579690328812,
            17.718959245001823,
            70.84368826872517,
            0.0,
            39.71330844398604
        ],
        [
            0.0,
            13.207504136758507,
            44.21341957167636,
            26.4975639462592,
            32.360525295524106,
            30.80917692519321,
            43.144719176544285,
            72.46427084895664,
            44.765504723808355,
            60.91620118942993,
            25.64615540914084,
            62.659230755913605,
            18.186400104139807,
            69.56005293104991,
            56.36863836144814,
            72.14908104223645,
            27.547688105783426,
            49.11139203646226,
            37.763569825264064,
            35.962511715544906,
            73.41633210931471,
            39.71330844398604,
            0.0
        ]
    ],
    "scores_ave": [
        0,
        14.214136259332923,
        15.909355213434345,
        17.29050694009385,
        13.412519329485608,
        12.726479038044815,
        14.210077210510743,
        13.39037610412393,
        11.787706409731344,
        15.004622408354436,
        10.085960674821793,
        19.542483693410812,
        10.97342564358683,
        15.699119235702636,
        15.091807001414004,
        11.053198656893107,
        17.323244882585207,
        12.07366288585647,
        11.829232516245083,
        18.18360304941323,
        16.928036069467165,
        13.936432478443534,
        0
    ],
    "scores_var": [
        0,
        19.26674739463128,
        16.886351823208052,
        398.42378802876704,
        17.008866997081313,
        239.89055429089382,
        18.039326086385977,
        335.1783710943247,
        381.4465653359604,
        263.4894674787751,
        17.934380460698623,
        22.47053506088418,
        336.1095811086288,
        257.44696546563375,
        24.090264189574572,
        24.699937102018804,
        371.27964962514886,
        17.55597315698025,
        16.717538570370216,
        246.93491804720165,
        369.19520205317383,
        16.90152549946516,
        0
    ],
    "vertex_number": 23,
    "minimum_distances": {
        "cost": 358.22932708224084,
        "path": [
            0,
            1,
            4,
            10,
            3,
            12,
            5,
            16,
            8,
            9,
            13,
            7,
            20,
            15,
            11,
            14,
            17,
            6,
            19,
            2,
            21,
            18,
            22
        ]
    }
}