{
    "vertices": [
        [
            72.68633303987565,
            46.37811448351488
        ],
        [
            70.01655638079266,
            49.46371260977928
        ],
        [
            10.282689241788457,
            5.018396857393325
        ],
        [
            12.778808556091315,
            65.16202711846782
        ],
        [
            75.83470999380604,
            13.946266063529233
        ],
        [
            85.43171460832252,
            45.6324358582302
        ],
        [
            15.654392434898002,
            74.45473405104944
        ],
        [
            80.04948730390475,
            7.3420562328454615
        ],
        [
            43.38848602258236,
            34.21896973107478
        ],
        [
            0.8565858279497074,
            15.930739873575806
        ],
        [
            95.71518026437103,
            32.572532356255444
        ],
        [
            4.448142216815743,
            96.56421955555903
        ],
        [
            61.210458278131,
            66.47258809895563
        ],
        [
            21.155651566406565,
            30.115684266941358
        ],
        [
            96.17065747858182,
            23.872638409293458
        ],
        [
            75.03128743616264,
            78.04902649097143
        ],
        [
            14.017112968324419,
            10.199544513448567
        ],
        [
            72.68633303987565,
            46.37811448351488
        ]
    ],
    "distances": [
        [
            0.0,
            4.080272442642855,
            74.86548604925406,
            62.78333268991671,
            32.58430710297466,
            12.767176192780912,
            63.56837905365971,
            39.72442428110879,
            31.720791934620937,
            78.016377800864,
            26.84998887079199,
            84.70593738992913,
            23.140517959390888,
            54.035893345710996,
            32.52706484867278,
            31.757605049888777,
            68.92725374540244,
            0.0
        ],
        [
            4.080272442642855,
            0.0,
            74.45482506667713,
            59.351468848359644,
            35.99083106334653,
            15.884136260015586,
            59.83139662048977,
            43.300042018968384,
            30.683160144281253,
            76.86066476031203,
            30.752743615272085,
            80.73211684657015,
            19.153308048480955,
            52.55220471146533,
            36.59153020807065,
            29.02184861865227,
            68.39307390959371,
            4.080272442642855
        ],
        [
            74.86548604925406,
            74.45482506667713,
            0.0,
            60.19540574339599,
            66.157193662026,
            85.42175470863074,
            69.64380889975773,
            69.80548334288103,
            44.14371117885769,
            14.419800819401393,
            89.76603425245712,
            91.73156268411985,
            79.81387899465582,
            27.351328030463584,
            87.93307405261015,
            97.6004806997044,
            6.386721506623054,
            74.86548604925406
        ],
        [
            62.78333268991671,
            59.351468848359644,
            60.19540574339599,
            0.0,
            81.23485019718666,
            75.23197254243892,
            9.727455205700178,
            88.70452780104145,
            43.52499460174704,
            50.65430918064606,
            89.10957816638012,
            32.488423961658214,
            48.44937837456663,
            36.03356277259032,
            93.05382360058492,
            63.57236726393501,
            54.97643033086452,
            62.78333268991671
        ],
        [
            32.58430710297466,
            35.99083106334653,
            66.157193662026,
            81.23485019718666,
            0.0,
            33.10764041470897,
            85.34017412501437,
            7.83453478270555,
            38.25885471342451,
            75.00438147024033,
            27.24281362463075,
            109.1868503904661,
            54.52415285735987,
            57.01972917809942,
            22.62926485881304,
            64.10779501920324,
            61.93103603508239,
            32.58430710297466
        ],
        [
            12.767176192780912,
            15.884136260015586,
            85.42175470863074,
            75.23197254243892,
            33.10764041470897,
            0.0,
            75.4956923460516,
            38.66680155653554,
            43.564897325123155,
            89.63896001505977,
            16.62259743181016,
            95.66810120349369,
            31.95279649153507,
            66.12247620978906,
            24.2654832836572,
            34.04415123944387,
            79.72161009695377,
            12.767176192780912
        ],
        [
            63.56837905365971,
            59.83139662048977,
            69.64380889975773,
            9.727455205700178,
            85.34017412501437,
            75.4956923460516,
            0.0,
            93.00989069512138,
            48.86815606857886,
            60.36582621700469,
            90.35401798857261,
            24.787282893136723,
            46.25007880115999,
            44.679024024586994,
            95.08636777212857,
            59.48558311166569,
            64.27604582241098,
            63.56837905365971
        ],
        [
            39.72442428110879,
            43.300042018968384,
            69.80548334288103,
            88.70452780104145,
            7.83453478270555,
            38.66680155653554,
            93.00989069512138,
            0.0,
            45.457645057134485,
            79.65727293135808,
            29.698330952185913,
            116.94510595558111,
            62.05907518971754,
            63.14366176989404,
            23.090090404612916,
            70.88482188025951,
            66.09417296303806,
            39.72442428110879
        ],
        [
            31.720791934620937,
            30.683160144281253,
            44.14371117885769,
            43.52499460174704,
            38.25885471342451,
            43.564897325123155,
            48.86815606857886,
            45.457645057134485,
            0.0,
            46.29710450435222,
            52.35259006298391,
            73.50701021935704,
            36.84994698637226,
            22.60831438997358,
            53.78665443612009,
            54.05867883027701,
            37.94219739126251,
            31.720791934620937
        ],
        [
            78.016377800864,
            76.86066476031203,
            14.419800819401393,
            50.65430918064606,
            75.00438147024033,
            89.63896001505977,
            60.36582621700469,
            79.65727293135808,
            46.29710450435222,
            0.0,
            96.30733199237758,
            80.71342715384601,
            78.72146049058085,
            24.764182144723975,
            95.6443725839292,
            96.75002786019412,
            14.35430509876683,
            78.016377800864
        ],
        [
            26.84998887079199,
            30.752743615272085,
            89.76603425245712,
            89.10957816638012,
            27.24281362463075,
            16.62259743181016,
            90.35401798857261,
            29.698330952185913,
            52.35259006298391,
            96.30733199237758,
            0.0,
            111.46572686071454,
            48.3713718919145,
            74.59999612732264,
            8.711808892592343,
            49.9593328749861,
            84.70610830939965,
            26.84998887079199
        ],
        [
            84.70593738992913,
            80.73211684657015,
            91.73156268411985,
            32.488423961658214,
            109.1868503904661,
            95.66810120349369,
            24.787282893136723,
            116.94510595558111,
            73.50701021935704,
            80.71342715384601,
            111.46572686071454,
            0.0,
            64.24536410017996,
            68.51677685552156,
            117.03454949496334,
            72.97117762016978,
            86.89316599349206,
            84.70593738992913
        ],
        [
            23.140517959390888,
            19.153308048480955,
            79.81387899465582,
            48.44937837456663,
            54.52415285735987,
            31.95279649153507,
            46.25007880115999,
            62.05907518971754,
            36.84994698637226,
            78.72146049058085,
            48.3713718919145,
            64.24536410017996,
            0.0,
            54.09447288738415,
            55.10872201110229,
            18.02856745444948,
            73.44295252716233,
            23.140517959390888
        ],
        [
            54.035893345710996,
            52.55220471146533,
            27.351328030463584,
            36.03356277259032,
            57.01972917809942,
            66.12247620978906,
            44.679024024586994,
            63.14366176989404,
            22.60831438997358,
            24.764182144723975,
            74.59999612732264,
            68.51677685552156,
            54.09447288738415,
            0.0,
            75.27434312954436,
            72.11233900752723,
            21.15682764492268,
            54.035893345710996
        ],
        [
            32.52706484867278,
            36.59153020807065,
            87.93307405261015,
            93.05382360058492,
            22.62926485881304,
            24.2654832836572,
            95.08636777212857,
            23.090090404612916,
            53.78665443612009,
            95.6443725839292,
            8.711808892592343,
            117.03454949496334,
            55.10872201110229,
            75.27434312954436,
            0.0,
            58.15456982359088,
            83.2836020611707,
            32.52706484867278
        ],
        [
            31.757605049888777,
            29.02184861865227,
            97.6004806997044,
            63.57236726393501,
            64.10779501920324,
            34.04415123944387,
            59.48558311166569,
            70.88482188025951,
            54.05867883027701,
            96.75002786019412,
            49.9593328749861,
            72.97117762016978,
            18.02856745444948,
            72.11233900752723,
            58.15456982359088,
            0.0,
            91.24846130543791,
            31.757605049888777
        ],
        [
            68.92725374540244,
            68.39307390959371,
            6.386721506623054,
            54.97643033086452,
            61.93103603508239,
            79.72161009695377,
            64.27604582241098,
            66.09417296303806,
            37.94219739126251,
            14.35430509876683,
            84.70610830939965,
            86.89316599349206,
            73.44295252716233,
            21.15682764492268,
            83.2836020611707,
            91.24846130543791,
            0.0,
            68.92725374540244
        ],
        [
            0.0,
            4.080272442642855,
            74.86548604925406,
            62.78333268991671,
            32.58430710297466,
            12.767176192780912,
            63.56837905365971,
            39.72442428110879,
            31.720791934620937,
            78.016377800864,
            26.84998887079199,
            84.70593738992913,
            23.140517959390888,
            54.035893345710996,
            32.52706484867278,
            31.757605049888777,
            68.92725374540244,
            0.0
        ]
    ],
    "scores_ave": [
        0,
        12.930206706068738,
        15.91067655996353,
        11.068392577372347,
        18.697569752362664,
        14.733748428585859,
        13.018885341198832,
        10.933501495925412,
        18.425211964879264,
        16.980813632319173,
        13.954149624951413,
        16.899314018846574,
        10.587706264775406,
        14.478186168671213,
        19.188522374953926,
        11.44169833406101,
        11.668011973387287,
        0
    ],
    "scores_var": [
        0,
        242.41077985602635,
        17.362394663007784,
        285.5554992503173,
        23.25175078469638,
        16.473571394996423,
        19.830132398145963,
        310.82450832784843,
        396.5873090493084,
        264.7520679351104,
        262.8103743260492,
        344.12063206974995,
        357.6786009715678,
        19.027171822464545,
        229.86702406786037,
        236.9994756564313,
        397.97025175176896,
        0
    ],
    "vertex_number": 18,
    "minimum_distances": {
        "cost": 375.57959071710764,
        "path": [
            0,
            5,
            10,
            14,
            7,
            4,
            8,
            16,
            2,
            9,
            13,
            3,
            6,
            11,
            15,
            12,
            1,
            17
        ]
    }
}