{
    "vertices": [
        [
            65.55609294468655,
            16.74295755863048
        ],
        [
            86.12078554344079,
            99.64755952117747
        ],
        [
            33.650495637603825,
            54.33169443049465
        ],
        [
            90.18210759148414,
            7.935223118393231
        ],
        [
            96.23678244888472,
            2.496591465712672
        ],
        [
            38.46120174122218,
            8.604185894332062
        ],
        [
            80.6746756064523,
            21.595722998913345
        ],
        [
            34.07050821297987,
            25.048076256470274
        ],
        [
            52.31402468872629,
            54.33790642927745
        ],
        [
            66.85648303251861,
            5.478839840981076
        ],
        [
            73.78231992383355,
            52.72370197596858
        ],
        [
            42.12274364483515,
            75.93175924244147
        ],
        [
            75.61583515823816,
            21.185469443925765
        ],
        [
            36.47279346106983,
            21.53976645589565
        ],
        [
            6.701986784361125,
            30.964879058328254
        ],
        [
            41.3981574269931,
            48.191872057341136
        ],
        [
            18.886778802906434,
            77.82495199517527
        ],
        [
            0.6971095375808534,
            83.29315100393222
        ],
        [
            74.15416019335736,
            58.761825147096125
        ],
        [
            74.846085509669,
            37.82649713515397
        ],
        [
            99.21329721011664,
            3.42228403441851
        ],
        [
            8.577888587683324,
            18.523906727315154
        ],
        [
            65.55609294468655,
            16.74295755863048
        ]
    ],
    "distances": [
        [
            0.0,
            85.417092014711,
            49.30395804744246,
            26.153714523065947,
            33.82696639230976,
            28.290859540338428,
            15.87831458685233,
            32.56250976940643,
            39.8589080668559,
            11.33893126963891,
            36.9091422162349,
            63.6587472714815,
            10.997014379098626,
            29.47622235719196,
            60.548070680034236,
            39.65652621731067,
            76.87024734453666,
            92.9280150235132,
            42.88953245058372,
            23.03952262813319,
            36.19734440678662,
            57.00603083613049,
            0.0
        ],
        [
            85.417092014711,
            0.0,
            69.33007249180937,
            91.80221666841922,
            97.67622017412883,
            102.76347507533048,
            78.24160848259709,
            90.96325782171186,
            56.531953290118864,
            96.11899457151917,
            48.5189255937236,
            49.98266573295538,
            79.16219780858998,
            92.55133956534642,
            104.99836280579352,
            68.17478447357264,
            70.68690021227516,
            86.97511770790007,
            42.60097883355729,
            62.84077191909838,
            97.11188137527095,
            112.22276021783793,
            85.417092014711
        ],
        [
            49.30395804744246,
            69.33007249180937,
            0.0,
            73.13313681443422,
            81.26451375719579,
            45.97986439888893,
            57.29674796453946,
            29.28663012238733,
            18.66353008492823,
            59.06978077168898,
            40.164025698062574,
            23.202193563892585,
            53.47674215902047,
            32.91315702413899,
            35.66833595852506,
            9.885528917394309,
            27.74708067122648,
            43.87130750629958,
            40.74521935897732,
            44.37902841056257,
            83.00752385725522,
            43.71307910083315,
            49.30395804744246
        ],
        [
            26.153714523065947,
            91.80221666841922,
            73.13313681443422,
            0.0,
            8.138660939145804,
            51.725231881232325,
            16.64333259704007,
            58.66311726578425,
            59.893244370132045,
            23.45460679421776,
            47.69654991631468,
            83.26602781342139,
            19.691249840648265,
            55.40554145373461,
            86.59847355862364,
            63.249281240542494,
            99.83785909934917,
            116.9888121655621,
            53.29388868886623,
            33.595860394384864,
            10.09598955543051,
            82.28832711746023,
            26.153714523065947
        ],
        [
            33.82696639230976,
            97.67622017412883,
            81.26451375719579,
            8.138660939145804,
            0.0,
            58.09750800001779,
            24.636476913263845,
            66.1302889653561,
            67.9465274050785,
            29.531268160495816,
            55.01786543931332,
            91.21980630368874,
            27.829797470484085,
            62.724611544770774,
            93.95170585542269,
            71.3816045115217,
            107.96937049038284,
            125.12359143347823,
            60.4435168310134,
            41.300897691902456,
            3.117137606136225,
            89.1120446823221,
            33.82696639230976
        ],
        [
            28.290859540338428,
            102.76347507533048,
            45.97986439888893,
            51.725231881232325,
            58.09750800001779,
            0.0,
            44.16737950241307,
            17.01998002058084,
            47.78570808917016,
            28.566760186710805,
            56.516485107867275,
            67.42706446269901,
            39.22697388415422,
            13.08751358942103,
            38.841322498731856,
            39.69648100828438,
            71.93519648235977,
            83.69329823294213,
            61.56115705927128,
            46.6669394871664,
            60.97269233638483,
            31.486715713722624,
            28.290859540338428
        ],
        [
            15.87831458685233,
            78.24160848259709,
            57.29674796453946,
            16.64333259704007,
            24.636476913263845,
            44.16737950241307,
            0.0,
            46.73186451933801,
            43.31716860858663,
            21.229610659094927,
            31.88190148111809,
            66.6232413849038,
            5.075448222558024,
            44.201917563935936,
            74.56366257659023,
            47.43416516646518,
            83.54322464999598,
            101.00981980349823,
            37.733755049578164,
            17.245593395936773,
            25.960631247334284,
            72.16219753885126,
            15.87831458685233
        ],
        [
            32.56250976940643,
            90.96325782171186,
            29.28663012238733,
            58.66311726578425,
            66.1302889653561,
            17.01998002058084,
            46.73186451933801,
            0.0,
            34.506811573263576,
            38.18213140662445,
            48.40421725763213,
            51.516868011039264,
            41.72450026515261,
            4.25196567130999,
            28.000794999157396,
            24.276114332323377,
            54.917613308819575,
            67.12877528664256,
            52.37667439179578,
            42.730969378555514,
            68.6386031876876,
            26.314225115043964,
            32.56250976940643
        ],
        [
            39.8589080668559,
            56.531953290118864,
            18.66353008492823,
            59.893244370132045,
            67.9465274050785,
            47.78570808917016,
            43.31716860858663,
            34.506811573263576,
            0.0,
            50.977362451979744,
            21.528895845324055,
            23.877954029442442,
            40.522320383028,
            36.42337975149511,
            51.25189177262031,
            12.52716634266509,
            40.85366662768008,
            59.183714973788376,
            22.28368406889922,
            27.93421560947664,
            69.2238569200785,
            56.52868453892333,
            39.8589080668559
        ],
        [
            11.33893126963891,
            96.11899457151917,
            59.06978077168898,
            23.45460679421776,
            29.531268160495816,
            28.566760186710805,
            21.229610659094927,
            38.18213140662445,
            50.977362451979744,
            0.0,
            47.749808531543614,
            74.66841177021591,
            17.9840057591863,
            34.367454891275216,
            65.33070957717933,
            49.72453583245166,
            86.80467998733546,
            102.13779771958693,
            53.78041107202045,
            33.3197340950396,
            32.422104273305806,
            59.72075301379342,
            11.33893126963891
        ],
        [
            36.9091422162349,
            48.5189255937236,
            40.164025698062574,
            47.69654991631468,
            55.01786543931332,
            56.516485107867275,
            31.88190148111809,
            48.40421725763213,
            21.528895845324055,
            47.749808531543614,
            0.0,
            39.25484291459595,
            31.591484443754737,
            48.625493307479495,
            70.52104273806388,
            32.69971655891125,
            60.362183422123856,
            79.22082548847926,
            6.049561687903256,
            14.93513673492138,
            55.47399766361571,
            73.62909656460921,
            36.9091422162349
        ],
        [
            63.6587472714815,
            49.98266573295538,
            23.202193563892585,
            83.26602781342139,
            91.21980630368874,
            67.42706446269901,
            66.6232413849038,
            51.516868011039264,
            23.877954029442442,
            74.66841177021591,
            39.25484291459595,
            0.0,
            64.17899520737492,
            54.684648818207506,
            57.24203289595166,
            27.7493489334287,
            23.31296293769522,
            42.074615266859595,
            36.34306375284622,
            50.22776227414345,
            92.28735179499502,
            66.48999045874363,
            63.6587472714815
        ],
        [
            10.997014379098626,
            79.16219780858998,
            53.47674215902047,
            19.691249840648265,
            27.829797470484085,
            39.22697388415422,
            5.075448222558024,
            41.72450026515261,
            40.522320383028,
            17.9840057591863,
            31.591484443754737,
            64.17899520737492,
            0.0,
            39.1446450958359,
            69.60427680900062,
            43.59122906545802,
            80.16368765619319,
            97.31484756902462,
            37.60477365487184,
            16.65882100095011,
            29.535926787259893,
            67.09076088770358,
            10.997014379098626
        ],
        [
            29.47622235719196,
            92.55133956534642,
            32.91315702413899,
            55.40554145373461,
            62.724611544770774,
            13.08751358942103,
            44.201917563935936,
            4.25196567130999,
            36.42337975149511,
            34.367454891275216,
            48.625493307479495,
            54.684648818207506,
            39.1446450958359,
            0.0,
            31.227130475765737,
            27.10339357326712,
            58.968551133195305,
            71.36792040777894,
            52.96571581716155,
            41.68653426306604,
            65.30401197458461,
            28.057461178762335,
            29.47622235719196
        ],
        [
            60.548070680034236,
            104.99836280579352,
            35.66833595852506,
            86.59847355862364,
            93.95170585542269,
            38.841322498731856,
            74.56366257659023,
            28.000794999157396,
            51.25189177262031,
            65.33070957717933,
            70.52104273806388,
            57.24203289595166,
            69.60427680900062,
            31.227130475765737,
            0.0,
            38.737495337859364,
            48.41833941991224,
            52.671686849406896,
            72.95523222812169,
            68.4886851510286,
            96.52428242334464,
            12.58160562554482,
            60.548070680034236
        ],
        [
            39.65652621731067,
            68.17478447357264,
            9.885528917394309,
            63.249281240542494,
            71.3816045115217,
            39.69648100828438,
            47.43416516646518,
            24.276114332323377,
            12.52716634266509,
            49.72453583245166,
            32.69971655891125,
            27.7493489334287,
            43.59122906545802,
            27.10339357326712,
            38.737495337859364,
            0.0,
            37.213997288104565,
            53.746395999942436,
            34.41917525958,
            35.01720848813287,
            73.1225437186394,
            44.24204124481817,
            39.65652621731067
        ],
        [
            76.87024734453666,
            70.68690021227516,
            27.74708067122648,
            99.83785909934917,
            107.96937049038284,
            71.93519648235977,
            83.54322464999598,
            54.917613308819575,
            40.85366662768008,
            86.80467998733546,
            60.362183422123856,
            23.31296293769522,
            80.16368765619319,
            58.968551133195305,
            48.41833941991224,
            37.213997288104565,
            0.0,
            18.99382184767722,
            58.46269110281801,
            68.78459419296361,
            109.49021216119046,
            60.190424382374296,
            76.87024734453666
        ],
        [
            92.9280150235132,
            86.97511770790007,
            43.87130750629958,
            116.9888121655621,
            125.12359143347823,
            83.69329823294213,
            101.00981980349823,
            67.12877528664256,
            59.183714973788376,
            102.13779771958693,
            79.22082548847926,
            42.074615266859595,
            97.31484756902462,
            71.36792040777894,
            52.671686849406896,
            53.746395999942436,
            18.99382184767722,
            0.0,
            77.44497555903538,
            86.97865974900161,
            126.82584367545932,
            65.24692853001302,
            92.9280150235132
        ],
        [
            42.88953245058372,
            42.60097883355729,
            40.74521935897732,
            53.29388868886623,
            60.4435168310134,
            61.56115705927128,
            37.733755049578164,
            52.37667439179578,
            22.28368406889922,
            53.78041107202045,
            6.049561687903256,
            36.34306375284622,
            37.60477365487184,
            52.96571581716155,
            72.95523222812169,
            34.41917525958,
            58.46269110281801,
            77.44497555903538,
            0.0,
            20.946759167254555,
            60.74886960747872,
            76.9372307563645,
            42.88953245058372
        ],
        [
            23.03952262813319,
            62.84077191909838,
            44.37902841056257,
            33.595860394384864,
            41.300897691902456,
            46.6669394871664,
            17.245593395936773,
            42.730969378555514,
            27.93421560947664,
            33.3197340950396,
            14.93513673492138,
            50.22776227414345,
            16.65882100095011,
            41.68653426306604,
            68.4886851510286,
            35.01720848813287,
            68.78459419296361,
            86.97865974900161,
            20.946759167254555,
            0.0,
            42.15935109955145,
            69.02219874608359,
            23.03952262813319
        ],
        [
            36.19734440678662,
            97.11188137527095,
            83.00752385725522,
            10.09598955543051,
            3.117137606136225,
            60.97269233638483,
            25.960631247334284,
            68.6386031876876,
            69.2238569200785,
            32.422104273305806,
            55.47399766361571,
            92.28735179499502,
            29.535926787259893,
            65.30401197458461,
            96.52428242334464,
            73.1225437186394,
            109.49021216119046,
            126.82584367545932,
            60.74886960747872,
            42.15935109955145,
            0.0,
            91.88490792352175,
            36.19734440678662
        ],
        [
            57.00603083613049,
            112.22276021783793,
            43.71307910083315,
            82.28832711746023,
            89.1120446823221,
            31.486715713722624,
            72.16219753885126,
            26.314225115043964,
            56.52868453892333,
            59.72075301379342,
            73.62909656460921,
            66.48999045874363,
            67.09076088770358,
            28.057461178762335,
            12.58160562554482,
            44.24204124481817,
            60.190424382374296,
            65.24692853001302,
            76.9372307563645,
            69.02219874608359,
            91.88490792352175,
            0.0,
            57.00603083613049
        ],
        [
            0.0,
            85.417092014711,
            49.30395804744246,
            26.153714523065947,
            33.82696639230976,
            28.290859540338428,
            15.87831458685233,
            32.56250976940643,
            39.8589080668559,
            11.33893126963891,
            36.9091422162349,
            63.6587472714815,
            10.997014379098626,
            29.47622235719196,
            60.548070680034236,
            39.65652621731067,
            76.87024734453666,
            92.9280150235132,
            42.88953245058372,
            23.03952262813319,
            36.19734440678662,
            57.00603083613049,
            0.0
        ]
    ],
    "scores_ave": [
        0,
        16.14062221988356,
        10.68536177849452,
        11.915734966384207,
        14.804317373669697,
        14.212435622993825,
        15.447881797075393,
        11.208780251264873,
        17.46244332921664,
        18.692633116416722,
        11.37225661672024,
        17.01553513264743,
        11.029732471352375,
        11.116784160856291,
        17.513234421910106,
        11.65075948790239,
        12.440906325054138,
        18.77637001826399,
        10.086050212651724,
        13.585801718516937,
        13.345168485468655,
        15.349666805418323,
        0
    ],
    "scores_var": [
        0,
        377.02232177404267,
        23.953138431230776,
        19.19386377515682,
        19.446551124324905,
        23.851050283065327,
        232.50265358544746,
        294.49494639706603,
        23.228785740898484,
        257.7476990981519,
        284.70910841222053,
        242.03692660742584,
        370.26848781835906,
        225.7014473483374,
        24.04243873516864,
        18.330868580716107,
        239.27479162237876,
        259.087177875413,
        257.05774803053174,
        264.5127346171716,
        16.34302180562332,
        19.63566254166392,
        0
    ],
    "vertex_number": 23,
    "minimum_distances": {
        "cost": 450.96591591243146,
        "path": [
            0,
            12,
            3,
            4,
            20,
            6,
            19,
            10,
            18,
            1,
            11,
            16,
            17,
            2,
            8,
            15,
            14,
            21,
            7,
            13,
            5,
            9,
            22
        ]
    }
}