{
    "vertices": [
        [
            53.32891281526378,
            77.01814301449026
        ],
        [
            21.405217338850758,
            47.576026751519706
        ],
        [
            31.18504141269186,
            50.46486862624685
        ],
        [
            25.34994681303685,
            14.721854090181763
        ],
        [
            81.63966265747618,
            37.450585959068995
        ],
        [
            45.259986024952624,
            37.314739987194834
        ],
        [
            39.2245393016982,
            13.736151404523822
        ],
        [
            42.54629009220123,
            14.950194838442254
        ],
        [
            3.3807721017607983,
            72.62897958177048
        ],
        [
            12.913482141057386,
            91.14280640816254
        ],
        [
            40.41919238202577,
            6.060079243270988
        ],
        [
            40.122639499542714,
            60.35511360262434
        ],
        [
            48.99018172855653,
            50.62343322305749
        ],
        [
            74.71934926733297,
            68.16182739388542
        ],
        [
            9.164202935982214,
            2.182021650861987
        ],
        [
            7.3623297010493305,
            89.95444211639781
        ],
        [
            39.1496542282465,
            99.70459392532369
        ],
        [
            99.83119555146538,
            26.70193863152519
        ],
        [
            53.32891281526378,
            77.01814301449026
        ]
    ],
    "distances": [
        [
            0.0,
            43.42764721825289,
            34.57495367214519,
            68.29092291289298,
            48.6527504665702,
            40.51503167338331,
            64.83474234030727,
            62.99758045808177,
            50.140617431130806,
            42.81253499345873,
            72.12286527741936,
            21.261754491815463,
            26.748930678005,
            23.151351968768044,
            86.89629830707872,
            47.752220866154474,
            26.75306391812269,
            68.51410601610407,
            0.0
        ],
        [
            43.42764721825289,
            0.0,
            10.197566684874337,
            33.09014282056694,
            61.07956249093391,
            25.96813422499073,
            38.244808781269086,
            38.87659791163369,
            30.863102106230755,
            44.386640516262446,
            45.662951552107806,
            22.663780644226986,
            27.752782681815997,
            57.15043176892744,
            47.01550949090922,
            44.64451569953529,
            55.065892856790605,
            81.15640217165125,
            43.42764721825289
        ],
        [
            34.57495367214519,
            10.197566684874337,
            0.0,
            36.21617618015854,
            52.10604915262572,
            19.26213770747744,
            37.598300427820284,
            37.28766586703743,
            35.55735094693565,
            44.59309924647822,
            45.354766720499136,
            13.330326524689497,
            17.80584635446996,
            46.993811401142665,
            53.06741598444159,
            46.11884655680434,
            49.87971135472062,
            72.6427650903949,
            34.57495367214519
        ],
        [
            68.29092291289298,
            33.09014282056694,
            36.21617618015854,
            0.0,
            60.70524987359408,
            30.11391961494677,
            13.909562412632944,
            17.197859217710153,
            61.934480059117114,
            77.42627207043152,
            17.38126881205939,
            47.96484986883493,
            42.98585919921915,
            72.75416582845837,
            20.47500189157081,
            77.35306503616914,
            86.09586514248412,
            75.43857659880254,
            68.29092291289298
        ],
        [
            48.6527504665702,
            61.07956249093391,
            52.10604915262572,
            60.70524987359408,
            0.0,
            36.379930264021326,
            48.59441424204709,
            45.10609026626638,
            85.80194245403284,
            87.21320097972233,
            51.81207466994398,
            47.4160373552111,
            35.20671114955581,
            31.481281547697204,
            80.6012648176443,
            90.9603050924378,
            75.37215881330793,
            21.12972523259604,
            48.6527504665702
        ],
        [
            40.51503167338331,
            25.96813422499073,
            19.26213770747744,
            30.11391961494677,
            36.379930264021326,
            0.0,
            24.33878502925128,
            22.528582408265816,
            54.7810558219496,
            62.79933955170995,
            31.627315746221264,
            23.60616753436952,
            13.821565599941326,
            42.65438880259005,
            50.37075991590855,
            64.86270573369495,
            62.68835640760484,
            55.593600906952055,
            40.51503167338331
        ],
        [
            64.83474234030727,
            38.244808781269086,
            37.598300427820284,
            13.909562412632944,
            48.59441424204709,
            24.33878502925128,
            0.0,
            3.5366551674778774,
            68.94302617232584,
            81.75611272414348,
            7.768479890370889,
            46.62761220986223,
            38.15808344203335,
            64.97719400986394,
            32.20437449764303,
            82.61009768590894,
            85.96847513610031,
            61.97804788950129,
            64.83474234030727
        ],
        [
            62.99758045808177,
            38.87659791163369,
            37.28766586703743,
            17.197859217710153,
            45.10609026626638,
            22.528582408265816,
            3.5366551674778774,
            0.0,
            69.71929438058525,
            81.75217039861172,
            9.14104479609093,
            45.46955827998847,
            36.250567944056755,
            62.181858897125515,
            35.7405930204501,
            82.84653389574514,
            84.82243394156214,
            58.47789219572723,
            62.99758045808177
        ],
        [
            50.140617431130806,
            30.863102106230755,
            35.55735094693565,
            61.934480059117114,
            85.80194245403284,
            54.7810558219496,
            68.94302617232584,
            69.71929438058525,
            0.0,
            20.82388879270489,
            76.17915114474971,
            38.73774136356211,
            50.64052050532571,
            71.47830468525413,
            70.68395825032307,
            17.77707661442757,
            44.86091640458599,
            106.82685652059988,
            50.140617431130806
        ],
        [
            42.81253499345873,
            44.386640516262446,
            44.59309924647822,
            77.42627207043152,
            87.21320097972233,
            62.79933955170995,
            81.75611272414348,
            81.75217039861172,
            20.82388879270489,
            0.0,
            89.41831220547326,
            41.08795775463907,
            54.25262994952845,
            65.94005313681116,
            89.0397569582957,
            5.676927258838964,
            27.597842873630857,
            108.2003435498237,
            42.81253499345873
        ],
        [
            72.12286527741936,
            45.662951552107806,
            45.354766720499136,
            17.38126881205939,
            51.81207466994398,
            31.627315746221264,
            7.768479890370889,
            9.14104479609093,
            76.17915114474971,
            89.41831220547326,
            0.0,
            54.29584422122443,
            45.38010991950214,
            70.94454091555622,
            31.494661388278733,
            90.1721702755169,
            93.65311984745135,
            62.895727037772296,
            72.12286527741936
        ],
        [
            21.261754491815463,
            22.663780644226986,
            13.330326524689497,
            47.96484986883493,
            47.4160373552111,
            23.60616753436952,
            46.62761220986223,
            45.46955827998847,
            38.73774136356211,
            41.08795775463907,
            54.29584422122443,
            0.0,
            13.16582349089451,
            35.46656322475268,
            65.89790149684737,
            44.15153617440219,
            39.36150787259887,
            68.53938905068388,
            21.261754491815463
        ],
        [
            26.748930678005,
            27.752782681815997,
            17.80584635446996,
            42.98585919921915,
            35.20671114955581,
            13.821565599941326,
            38.15808344203335,
            36.250567944056755,
            50.64052050532571,
            54.25262994952845,
            45.38010991950214,
            13.16582349089451,
            0.0,
            31.138165204933937,
            62.71107511351895,
            57.269593371981,
            50.057929615257144,
            56.18760174659458,
            26.748930678005
        ],
        [
            23.151351968768044,
            57.15043176892744,
            46.993811401142665,
            72.75416582845837,
            31.481281547697204,
            42.65438880259005,
            64.97719400986394,
            62.181858897125515,
            71.47830468525413,
            65.94005313681116,
            70.94454091555622,
            35.46656322475268,
            31.138165204933937,
            0.0,
            93.00974129848936,
            70.79467593891917,
            47.54102781419893,
            48.47192176905284,
            23.151351968768044
        ],
        [
            86.89629830707872,
            47.01550949090922,
            53.06741598444159,
            20.47500189157081,
            80.6012648176443,
            50.37075991590855,
            32.20437449764303,
            35.7405930204501,
            70.68395825032307,
            89.0397569582957,
            31.494661388278733,
            65.89790149684737,
            62.71107511351895,
            93.00974129848936,
            0.0,
            87.79091377547896,
            102.02832642079532,
            93.92406442799786,
            86.89629830707872
        ],
        [
            47.752220866154474,
            44.64451569953529,
            46.11884655680434,
            77.35306503616914,
            90.9603050924378,
            64.86270573369495,
            82.61009768590894,
            82.84653389574514,
            17.77707661442757,
            5.676927258838964,
            90.1721702755169,
            44.15153617440219,
            57.269593371981,
            70.79467593891917,
            87.79091377547896,
            0.0,
            33.249052030012095,
            112.03289851095553,
            47.752220866154474
        ],
        [
            26.75306391812269,
            55.065892856790605,
            49.87971135472062,
            86.09586514248412,
            75.37215881330793,
            62.68835640760484,
            85.96847513610031,
            84.82243394156214,
            44.86091640458599,
            27.597842873630857,
            93.65311984745135,
            39.36150787259887,
            50.057929615257144,
            47.54102781419893,
            102.02832642079532,
            33.249052030012095,
            0.0,
            94.9296430905894,
            26.75306391812269
        ],
        [
            68.51410601610407,
            81.15640217165125,
            72.6427650903949,
            75.43857659880254,
            21.12972523259604,
            55.593600906952055,
            61.97804788950129,
            58.47789219572723,
            106.82685652059988,
            108.2003435498237,
            62.895727037772296,
            68.53938905068388,
            56.18760174659458,
            48.47192176905284,
            93.92406442799786,
            112.03289851095553,
            94.9296430905894,
            0.0,
            68.51410601610407
        ],
        [
            0.0,
            43.42764721825289,
            34.57495367214519,
            68.29092291289298,
            48.6527504665702,
            40.51503167338331,
            64.83474234030727,
            62.99758045808177,
            50.140617431130806,
            42.81253499345873,
            72.12286527741936,
            21.261754491815463,
            26.748930678005,
            23.151351968768044,
            86.89629830707872,
            47.752220866154474,
            26.75306391812269,
            68.51410601610407,
            0.0
        ]
    ],
    "scores_ave": [
        0,
        15.569514801915773,
        15.146730967317694,
        17.578437969152183,
        19.91235615395281,
        12.347984852954918,
        10.820717091062733,
        11.421445928349227,
        11.214134866010546,
        12.13489037600219,
        19.634715618290294,
        18.343327878422706,
        10.71323358286545,
        16.519458314613832,
        17.70124717971774,
        18.92391228431028,
        16.209576094752908,
        16.912278695146632,
        0
    ],
    "scores_var": [
        0,
        17.084886728586905,
        16.719574438273966,
        285.3513976596494,
        395.7683726450131,
        18.444146329239423,
        19.38626380990897,
        288.37915788319594,
        18.980430461501232,
        16.649502497527127,
        18.46875084384807,
        17.35310903577478,
        233.856897948555,
        254.07173622948594,
        355.22918824669546,
        249.67506824978065,
        386.8633995763076,
        280.5618005618522,
        0
    ],
    "vertex_number": 19,
    "minimum_distances": {
        "cost": 412.43245683556194,
        "path": [
            0,
            11,
            12,
            13,
            17,
            4,
            5,
            7,
            6,
            10,
            14,
            3,
            2,
            1,
            8,
            15,
            9,
            16,
            18
        ]
    }
}