{
    "vertices": [
        [
            28.434402110637947,
            84.47159197094565
        ],
        [
            69.66478572671451,
            88.60026419059382
        ],
        [
            3.3388357490464204,
            97.01218116256125
        ],
        [
            66.13584593373906,
            55.597695996332476
        ],
        [
            64.78952361425748,
            92.38826913898856
        ],
        [
            56.07624207854974,
            13.10362643454378
        ],
        [
            74.59739855847761,
            30.540481703569622
        ],
        [
            42.15787224513545,
            32.699868334634665
        ],
        [
            16.148916635790698,
            52.627420003735125
        ],
        [
            52.8289706635712,
            6.128121599604308
        ],
        [
            52.574030765372356,
            21.100263653910112
        ],
        [
            38.961791757717556,
            32.24938532453786
        ],
        [
            10.061717761800104,
            27.42837753543217
        ],
        [
            11.61426274269487,
            49.49541399688546
        ],
        [
            28.63981037600326,
            68.95649189063361
        ],
        [
            23.45018547529221,
            8.625157797770111
        ],
        [
            50.46068626521172,
            2.2675783161988483
        ],
        [
            98.75739941851998,
            3.1442263070551424
        ],
        [
            63.26491644371701,
            16.421633600492736
        ],
        [
            74.0057846486018,
            19.12800171811825
        ],
        [
            83.77784636350924,
            22.86612128160894
        ],
        [
            82.56011339055424,
            65.79481226331998
        ],
        [
            90.64769016426006,
            44.55477276823725
        ],
        [
            20.446715905614553,
            96.64507023844374
        ],
        [
            28.434402110637947,
            84.47159197094565
        ]
    ],
    "distances": [
        [
            0.0,
            41.436583684301596,
            28.054479647320317,
            47.48790093380873,
            37.20710465658341,
            76.53403048067369,
            70.99004786387405,
            53.559733016576985,
            34.13186841692027,
            82.05360640891416,
            67.81332409087454,
            53.27273974371467,
            59.92899000749141,
            38.81043820971572,
            15.516459746268767,
            76.0100256035604,
            85.10380164603592,
            107.51494945444814,
            76.44580801409062,
            79.66514729510538,
            82.81383242324556,
            57.257442501425395,
            73.91783049917436,
            14.560106594361498,
            0.0
        ],
        [
            41.436583684301596,
            0.0,
            66.85725082280457,
            33.19070537785113,
            6.1739097947914745,
            76.70978315017139,
            58.268936937176356,
            62.30156134589254,
            64.48250742215991,
            84.17302995846632,
            69.63005082290937,
            64.17238804686308,
            85.40799393371881,
            69.99323201132069,
            45.48545253923665,
            92.36778074059283,
            88.44280686643911,
            90.27244641735054,
            72.4618040121948,
            69.60775477405059,
            67.23210560823372,
            26.198818926909436,
            48.78819112523085,
            49.87120713660532,
            41.436583684301596
        ],
        [
            28.054479647320317,
            66.85725082280457,
            0.0,
            75.22382647619153,
            61.624407514468956,
            99.10539633596063,
            97.44880503439823,
            75.11984541891565,
            46.19637643204249,
            103.48519573591658,
            90.48051529548171,
            73.91356248722705,
            69.90781694328803,
            48.23200030896759,
            37.779108216008346,
            90.64619289909257,
            105.8159182948519,
            133.85027172740706,
            100.42893758164624,
            105.16540816497869,
            109.3986865757694,
            85.15007311884224,
            101.85585773408353,
            17.11181854398018,
            28.054479647320317
        ],
        [
            47.48790093380873,
            33.19070537785113,
            75.22382647619153,
            0.0,
            36.81519870859129,
            43.6685421973928,
            26.447341282908926,
            33.15499560905084,
            50.07510000100139,
            51.22803646880513,
            37.06744756360964,
            35.826984684564096,
            62.75203863457073,
            54.8620167261351,
            39.80464935522714,
            63.47034704166359,
            55.58607813482372,
            61.76999461068746,
            39.28111634079926,
            37.30917495901118,
            37.18327799521635,
            19.332297888648913,
            26.88450596538702,
            61.419732455447964,
            47.48790093380873
        ],
        [
            37.20710465658341,
            6.1739097947914745,
            61.624407514468956,
            36.81519870859129,
            0.0,
            79.76199498440327,
            62.62062936108376,
            63.83491861257973,
            62.82383123616432,
            87.08540566824334,
            72.32702117177051,
            65.45041695284552,
            84.94068666175276,
            68.31841180092067,
            43.07957697360243,
            93.40877742123097,
            91.25269581854698,
            95.48987259202815,
            75.98193299767465,
            73.8377020906705,
            72.06861621769289,
            31.984462002595375,
            54.37543703160786,
            44.546660380841175,
            37.20710465658341
        ],
        [
            76.53403048067369,
            76.70978315017139,
            99.10539633596063,
            43.6685421973928,
            79.76199498440327,
            0.0,
            25.437711355916598,
            24.036091933310924,
            56.1811496421357,
            7.694312142407579,
            8.729930750029038,
            25.680040756549047,
            48.192685567408944,
            57.456329576858565,
            62.22781021556656,
            32.931994333922894,
            12.204687866381557,
            43.82774056209966,
            7.917462389029816,
            18.914586813585228,
            29.37150295098057,
            58.97250633738947,
            46.73713329298625,
            90.82200156431286,
            76.53403048067369
        ],
        [
            70.99004786387405,
            58.268936937176356,
            97.44880503439823,
            26.447341282908926,
            62.62062936108376,
            25.437711355916598,
            0.0,
            32.51131830695951,
            62.482460599291194,
            32.70822188474049,
            23.961353170793647,
            35.67655846132212,
            64.6106747236398,
            65.77358782546017,
            59.89899623735368,
            55.644575908824024,
            37.17442597108252,
            36.527530046641495,
            18.104337122334154,
            11.42780409513073,
            11.965635369133837,
            36.14239409216165,
            21.307562382306273,
            85.45240229002397,
            70.99004786387405
        ],
        [
            53.559733016576985,
            62.30156134589254,
            75.11984541891565,
            33.15499560905084,
            63.83491861257973,
            24.036091933310924,
            32.51131830695951,
            0.0,
            32.765425182859055,
            28.634421000022655,
            15.58997072055592,
            3.227671827252468,
            32.526170199766895,
            34.85688505202853,
            38.694712150100095,
            30.48883782160916,
            31.54458743458477,
            63.85172238799137,
            26.654985290948865,
            34.619143373506205,
            42.76593067754981,
            52.22658712969282,
            49.917944678839774,
            67.53046094998926,
            53.559733016576985
        ],
        [
            34.13186841692027,
            64.48250742215991,
            46.19637643204249,
            50.07510000100139,
            62.82383123616432,
            56.1811496421357,
            62.482460599291194,
            32.765425182859055,
            0.0,
            59.2250885652128,
            48.174168668066926,
            30.589075970274024,
            25.923844843133285,
            5.511129426634031,
            20.55872114497349,
            44.60389675700064,
            60.93776489088007,
            96.29510831858298,
            59.42033664476939,
            66.85527803940813,
            73.88780033093639,
            67.70396792890126,
            74.93487099231544,
            44.226967008250085,
            34.13186841692027
        ],
        [
            82.05360640891416,
            84.17302995846632,
            103.48519573591658,
            51.22803646880513,
            87.08540566824334,
            7.694312142407579,
            32.70822188474049,
            28.634421000022655,
            59.2250885652128,
            0.0,
            14.974312406451457,
            29.573959312112436,
            47.77801611301811,
            59.82787142189187,
            67.32398969791042,
            29.484711443627717,
            4.5290799766133425,
            46.02525609939942,
            14.658286176718523,
            24.848628405856164,
            35.185132377824054,
            66.66374443887601,
            53.915332371298454,
            96.13494897328182,
            82.05360640891416
        ],
        [
            67.81332409087454,
            69.63005082290937,
            90.48051529548171,
            37.06744756360964,
            72.32702117177051,
            8.729930750029038,
            23.961353170793647,
            15.58997072055592,
            48.174168668066926,
            14.974312406451457,
            0.0,
            17.595339292778082,
            42.98071407283982,
            49.83961435917945,
            53.507620828179824,
            31.68322317256283,
            18.950890797152624,
            49.551214085572,
            11.669816440894653,
            21.522311484937998,
            31.25374155271386,
            53.821629728234136,
            44.71820141526898,
            82.09252196145889,
            67.81332409087454
        ],
        [
            53.27273974371467,
            64.17238804686308,
            73.91356248722705,
            35.826984684564096,
            65.45041695284552,
            25.680040756549047,
            35.67655846132212,
            3.227671827252468,
            30.589075970274024,
            29.573959312112436,
            17.595339292778082,
            0.0,
            29.299426497324514,
            32.331298275741155,
            38.13076149382761,
            28.26152960647156,
            32.11126478947482,
            66.50281931585735,
            29.002751492595486,
            37.41994315178957,
            45.78781928120868,
            55.01008378202531,
            53.13054351529812,
            67.00456901838989,
            53.27273974371467
        ],
        [
            59.92899000749141,
            85.40799393371881,
            69.90781694328803,
            62.75203863457073,
            84.94068666175276,
            48.192685567408944,
            64.6106747236398,
            32.526170199766895,
            25.923844843133285,
            47.77801611301811,
            42.98071407283982,
            29.299426497324514,
            0.0,
            22.121584348974885,
            45.49428323515602,
            23.082723847458396,
            47.59351293496012,
            91.96001275246148,
            54.32981466963467,
            64.480539147346,
            73.8571716094603,
            82.02439077782067,
            82.38575339050003,
            69.99141901111997,
            59.92899000749141
        ],
        [
            38.81043820971572,
            69.99323201132069,
            48.23200030896759,
            54.8620167261351,
            68.31841180092067,
            57.456329576858565,
            65.77358782546017,
            34.85688505202853,
            5.511129426634031,
            59.82787142189187,
            49.83961435917945,
            32.331298275741155,
            22.121584348974885,
            0.0,
            25.857355336549524,
            42.54958176895915,
            61.1515583086211,
            98.70338834082351,
            61.33241375856427,
            69.389348853004,
            76.92010160883919,
            72.79412138350334,
            79.18770476374493,
            47.96980625948249,
            38.81043820971572
        ],
        [
            15.516459746268767,
            45.48545253923665,
            37.779108216008346,
            39.80464935522714,
            43.07957697360243,
            62.22781021556656,
            59.89899623735368,
            38.694712150100095,
            20.55872114497349,
            67.32398969791042,
            53.507620828179824,
            38.13076149382761,
            45.49428323515602,
            25.857355336549524,
            0.0,
            60.554125210713714,
            70.16809686966484,
            96.16512150659786,
            62.919069492210475,
            67.38657176748595,
            71.86463160301282,
            54.01291785533128,
            66.63648439078422,
            28.875321087799758,
            15.516459746268767
        ],
        [
            76.0100256035604,
            92.36778074059283,
            90.64619289909257,
            63.47034704166359,
            93.40877742123097,
            32.931994333922894,
            55.644575908824024,
            30.48883782160916,
            44.60389675700064,
            29.484711443627717,
            31.68322317256283,
            28.26152960647156,
            23.082723847458396,
            42.54958176895915,
            60.554125210713714,
            0.0,
            27.74862104297687,
            75.50640424425592,
            40.57089889354788,
            51.63504951278284,
            61.985737949884424,
            82.23352704255022,
            76.20001225951262,
            88.07114065072525,
            76.0100256035604
        ],
        [
            85.10380164603592,
            88.44280686643911,
            105.8159182948519,
            55.58607813482372,
            91.25269581854698,
            12.204687866381557,
            37.17442597108252,
            31.54458743458477,
            60.93776489088007,
            4.5290799766133425,
            18.950890797152624,
            32.11126478947482,
            47.59351293496012,
            61.1515583086211,
            70.16809686966484,
            27.74862104297687,
            0.0,
            48.30466864716921,
            19.086267090633346,
            28.95937732713723,
            39.17056457741494,
            71.17641937290351,
            58.33697024191977,
            99.0350917517633,
            85.10380164603592
        ],
        [
            107.51494945444814,
            90.27244641735054,
            133.85027172740706,
            61.76999461068746,
            95.48987259202815,
            43.82774056209966,
            36.527530046641495,
            63.85172238799137,
            96.29510831858298,
            46.02525609939942,
            49.551214085572,
            66.50281931585735,
            91.96001275246148,
            98.70338834082351,
            96.16512150659786,
            75.50640424425592,
            48.30466864716921,
            0.0,
            37.89466838689195,
            29.463935753896443,
            24.765705140682183,
            64.71049370337909,
            42.19716509911952,
            121.96299015742574,
            107.51494945444814
        ],
        [
            76.44580801409062,
            72.4618040121948,
            100.42893758164624,
            39.28111634079926,
            75.98193299767465,
            7.917462389029816,
            18.104337122334154,
            26.654985290948865,
            59.42033664476939,
            14.658286176718523,
            11.669816440894653,
            29.002751492595486,
            54.32981466963467,
            61.33241375856427,
            62.919069492210475,
            40.57089889354788,
            19.086267090633346,
            37.89466838689195,
            0.0,
            11.076582423419458,
            21.501435193176423,
            53.00957834664124,
            39.25926407947738,
            90.93513118330284,
            76.44580801409062
        ],
        [
            79.66514729510538,
            69.60775477405059,
            105.16540816497869,
            37.30917495901118,
            73.8377020906705,
            18.914586813585228,
            11.42780409513073,
            34.619143373506205,
            66.85527803940813,
            24.848628405856164,
            21.522311484937998,
            37.41994315178957,
            64.480539147346,
            69.389348853004,
            67.38657176748595,
            51.63504951278284,
            28.95937732713723,
            29.463935753896443,
            11.076582423419458,
            0.0,
            10.462634851265312,
            47.44436475164511,
            30.38871016063805,
            94.22032560228644,
            79.66514729510538
        ],
        [
            82.81383242324556,
            67.23210560823372,
            109.3986865757694,
            37.18327799521635,
            72.06861621769289,
            29.37150295098057,
            11.965635369133837,
            42.76593067754981,
            73.88780033093639,
            35.185132377824054,
            31.25374155271386,
            45.78781928120868,
            73.8571716094603,
            76.92010160883919,
            71.86463160301282,
            61.985737949884424,
            39.17056457741494,
            24.765705140682183,
            21.501435193176423,
            10.462634851265312,
            0.0,
            42.94595886689062,
            22.750656191748377,
            97.23253259197824,
            82.81383242324556
        ],
        [
            57.257442501425395,
            26.198818926909436,
            85.15007311884224,
            19.332297888648913,
            31.984462002595375,
            58.97250633738947,
            36.14239409216165,
            52.22658712969282,
            67.70396792890126,
            66.66374443887601,
            53.821629728234136,
            55.01008378202531,
            82.02439077782067,
            72.79412138350334,
            54.01291785533128,
            82.23352704255022,
            71.17641937290351,
            64.71049370337909,
            53.00957834664124,
            47.44436475164511,
            42.94595886689062,
            0.0,
            22.72769622780233,
            69.35281223031838,
            57.257442501425395
        ],
        [
            73.91783049917436,
            48.78819112523085,
            101.85585773408353,
            26.88450596538702,
            54.37543703160786,
            46.73713329298625,
            21.307562382306273,
            49.917944678839774,
            74.93487099231544,
            53.915332371298454,
            44.71820141526898,
            53.13054351529812,
            82.38575339050003,
            79.18770476374493,
            66.63648439078422,
            76.20001225951262,
            58.33697024191977,
            42.19716509911952,
            39.25926407947738,
            30.38871016063805,
            22.750656191748377,
            22.72769622780233,
            0.0,
            87.41610765412521,
            73.91783049917436
        ],
        [
            14.560106594361498,
            49.87120713660532,
            17.11181854398018,
            61.419732455447964,
            44.546660380841175,
            90.82200156431286,
            85.45240229002397,
            67.53046094998926,
            44.226967008250085,
            96.13494897328182,
            82.09252196145889,
            67.00456901838989,
            69.99141901111997,
            47.96980625948249,
            28.875321087799758,
            88.07114065072525,
            99.0350917517633,
            121.96299015742574,
            90.93513118330284,
            94.22032560228644,
            97.23253259197824,
            69.35281223031838,
            87.41610765412521,
            0.0,
            14.560106594361498
        ],
        [
            0.0,
            41.436583684301596,
            28.054479647320317,
            47.48790093380873,
            37.20710465658341,
            76.53403048067369,
            70.99004786387405,
            53.559733016576985,
            34.13186841692027,
            82.05360640891416,
            67.81332409087454,
            53.27273974371467,
            59.92899000749141,
            38.81043820971572,
            15.516459746268767,
            76.0100256035604,
            85.10380164603592,
            107.51494945444814,
            76.44580801409062,
            79.66514729510538,
            82.81383242324556,
            57.257442501425395,
            73.91783049917436,
            14.560106594361498,
            0.0
        ]
    ],
    "scores_ave": [
        0,
        12.20542214474807,
        14.288501438973453,
        12.04388670287734,
        14.312153916112683,
        19.901748533016253,
        16.81100102713265,
        10.730890447442695,
        12.339503558764093,
        18.518108280380346,
        10.633441283594014,
        12.814153164313014,
        13.281488188690904,
        17.865175834932053,
        13.025310894808753,
        12.251520201242903,
        17.10165716577908,
        19.910191325895067,
        10.324458037250574,
        10.710882869878212,
        11.590375405710233,
        18.91863632810505,
        19.40561639743659,
        13.960957651130714,
        0
    ],
    "scores_var": [
        0,
        19.670958581766573,
        386.0517358285977,
        254.79556574663115,
        309.5118641761052,
        17.845502641384577,
        325.9724117134818,
        24.533269325768337,
        380.1947286831021,
        390.2747340301442,
        302.3081495925294,
        17.274974194340118,
        17.603546632693686,
        16.463561046599057,
        255.5815279502956,
        16.310118113531384,
        17.12758907061354,
        22.24356347982684,
        233.03127924563583,
        23.81905734512772,
        354.8118979298338,
        320.75308118936425,
        24.56452365427418,
        23.517943630882225,
        0
    ],
    "vertex_number": 25,
    "minimum_distances": {
        "cost": 479.31927615392743,
        "path": [
            0,
            14,
            11,
            7,
            10,
            6,
            3,
            4,
            1,
            21,
            22,
            20,
            17,
            19,
            18,
            5,
            9,
            16,
            15,
            12,
            13,
            8,
            2,
            23,
            24
        ]
    }
}