{
    "vertices": [
        [
            85.57850091822566,
            99.504172756416
        ],
        [
            54.7648042280144,
            36.04542079429371
        ],
        [
            25.980381326870038,
            94.0959239084726
        ],
        [
            71.494267367935,
            66.35615096863022
        ],
        [
            49.405022419301915,
            32.07550121545141
        ],
        [
            14.098781823414475,
            5.436196351374612
        ],
        [
            94.1494937360688,
            28.417289398676925
        ],
        [
            33.89641835993289,
            46.84982471863045
        ],
        [
            82.6380401912942,
            97.47759430718754
        ],
        [
            9.129641880136408,
            51.91190243568208
        ],
        [
            4.459188034287687,
            12.000916433952247
        ],
        [
            83.797092342431,
            74.98195835279779
        ],
        [
            37.660054131655954,
            11.284039202921004
        ],
        [
            77.72081845144335,
            15.740755466281374
        ],
        [
            9.157481347186646,
            16.29186426741124
        ],
        [
            62.634245255397346,
            31.349019377840115
        ],
        [
            40.23086884680336,
            28.560333202546197
        ],
        [
            85.57850091822566,
            99.504172756416
        ]
    ],
    "distances": [
        [
            0.0,
            70.54429179109033,
            59.843003053212556,
            36.01606562553236,
            76.5189276747354,
            118.14454886626186,
            71.60172416499702,
            73.78020076447638,
            3.5711804067427764,
            90.05249714753862,
            119.31958259144648,
            24.58683419578322,
            100.39407107311568,
            84.13116693514955,
            112.9799120036231,
            71.91358564261994,
            84.19878921415858,
            0.0
        ],
        [
            70.54429179109033,
            0.0,
            64.79509173973918,
            34.621023968845805,
            6.6698967382921825,
            50.89842825872346,
            40.11660698806225,
            23.49946111933989,
            67.4598341651013,
            48.314731523560134,
            55.756553072845335,
            48.56879358398038,
            30.09482503973807,
            30.64731673587198,
            49.70141744273312,
            9.164294208935313,
            16.348144051278442,
            70.54429179109033
        ],
        [
            59.843003053212556,
            64.79509173973918,
            0.0,
            53.30111467233176,
            66.29665633597418,
            89.45233198334942,
            94.66103167475674,
            47.90467128543129,
            56.758488375599,
            45.42509314815498,
            84.86902858509838,
            60.89429983110415,
            83.63147138076924,
            93.89677979273881,
            79.6020204539826,
            72.66828585474755,
            67.06705632223978,
            59.843003053212556
        ],
        [
            36.01606562553236,
            34.621023968845805,
            53.30111467233176,
            0.0,
            40.78109476094077,
            83.69876123013857,
            44.18842041774591,
            42.356758773541145,
            33.0564352012384,
            64.01548896880311,
            86.3029164199463,
            15.025446927856837,
            64.63506385587289,
            50.9969430481351,
            79.95190863449363,
            36.11092984194052,
            49.05021842660976,
            36.01606562553236
        ],
        [
            76.5189276747354,
            6.6698967382921825,
            66.29665633597418,
            40.78109476094077,
            0.0,
            44.22875974584768,
            44.893766016156,
            21.41955729810647,
            73.36121080662228,
            44.895312572077735,
            49.22516615223076,
            54.98889467589199,
            23.879471784281666,
            32.689573622546156,
            43.23179105310286,
            13.249155169573942,
            9.824535608909969,
            76.5189276747354
        ],
        [
            118.14454886626186,
            50.89842825872346,
            89.45233198334942,
            83.69876123013857,
            44.22875974584768,
            0.0,
            83.28413483594306,
            45.90245120876734,
            114.75734780518106,
            46.74059913833814,
            11.662646276980619,
            98.46048700653398,
            24.27613681786064,
            64.45112476327202,
            11.927362503908245,
            55.019683820958726,
            34.89429290456652,
            118.14454886626186
        ],
        [
            71.60172416499702,
            40.11660698806225,
            94.66103167475674,
            44.18842041774591,
            44.893766016156,
            83.28413483594306,
            0.0,
            63.00945524763446,
            70.01313645859582,
            88.20641729127935,
            91.18030619709441,
            47.70157868898954,
            59.030543357578686,
            20.7508044216806,
            85.85259521136112,
            31.65131794205715,
            53.918814633475954,
            71.60172416499702
        ],
        [
            73.78020076447638,
            23.49946111933989,
            47.90467128543129,
            42.356758773541145,
            21.41955729810647,
            45.90245120876734,
            63.00945524763446,
            0.0,
            70.27742704640988,
            25.278802345318315,
            45.61794534916055,
            57.284327758281435,
            35.76436849116229,
            53.74339246017349,
            39.31671338577149,
            32.65176351878646,
            19.35538072184403,
            73.78020076447638
        ],
        [
            3.5711804067427764,
            67.4598341651013,
            56.758488375599,
            33.0564352012384,
            73.36121080662228,
            114.75734780518106,
            70.01313645859582,
            70.27742704640988,
            0.0,
            86.48535655242918,
            115.83693445888454,
            22.52547533086678,
            97.2231874168567,
            81.88461328810884,
            109.50121136377345,
            69.08791670056154,
            80.91944796899145,
            3.5711804067427764
        ],
        [
            90.05249714753862,
            48.314731523560134,
            45.42509314815498,
            64.01548896880311,
            44.895312572077735,
            46.74059913833814,
            88.20641729127935,
            25.278802345318315,
            86.48535655242918,
            0.0,
            40.183329164673225,
            78.15021201863794,
            49.6448153798722,
            77.54418983081965,
            35.62004904748163,
            57.31993319949412,
            38.891928526135985,
            90.05249714753862
        ],
        [
            119.31958259144648,
            55.756553072845335,
            84.86902858509838,
            86.3029164199463,
            49.22516615223076,
            11.662646276980619,
            91.18030619709441,
            45.61794534916055,
            115.83693445888454,
            40.183329164673225,
            0.0,
            101.29716038069124,
            33.208604646683796,
            73.35702343584859,
            6.362876186403245,
            61.30812646139715,
            39.41861783305565,
            119.31958259144648
        ],
        [
            24.58683419578322,
            48.56879358398038,
            60.89429983110415,
            15.025446927856837,
            54.98889467589199,
            98.46048700653398,
            47.70157868898954,
            57.284327758281435,
            22.52547533086678,
            78.15021201863794,
            101.29716038069124,
            0.0,
            78.65145388921147,
            59.552004364586246,
            94.9505064403183,
            48.49432400210925,
            63.66304352810545,
            24.58683419578322
        ],
        [
            100.39407107311568,
            30.09482503973807,
            83.63147138076924,
            64.63506385587289,
            23.879471784281666,
            24.27613681786064,
            59.030543357578686,
            35.76436849116229,
            97.2231874168567,
            49.6448153798722,
            33.208604646683796,
            78.65145388921147,
            0.0,
            40.30790440766739,
            28.93915975301472,
            32.03613041091356,
            17.466522912735204,
            100.39407107311568
        ],
        [
            84.13116693514955,
            30.64731673587198,
            93.89677979273881,
            50.9969430481351,
            32.689573622546156,
            64.45112476327202,
            20.7508044216806,
            53.74339246017349,
            81.88461328810884,
            77.54418983081965,
            73.35702343584859,
            59.552004364586246,
            40.30790440766739,
            0.0,
            68.56555196148155,
            21.70766208352527,
            39.62117987509436,
            84.13116693514955
        ],
        [
            112.9799120036231,
            49.70141744273312,
            79.6020204539826,
            79.95190863449363,
            43.23179105310286,
            11.927362503908245,
            85.85259521136112,
            39.31671338577149,
            109.50121136377345,
            35.62004904748163,
            6.362876186403245,
            94.9505064403183,
            28.93915975301472,
            68.56555196148155,
            0.0,
            55.55611755796135,
            33.407644944139776,
            112.9799120036231
        ],
        [
            71.91358564261994,
            9.164294208935313,
            72.66828585474755,
            36.11092984194052,
            13.249155169573942,
            55.019683820958726,
            31.65131794205715,
            32.65176351878646,
            69.08791670056154,
            57.31993319949412,
            61.30812646139715,
            48.49432400210925,
            32.03613041091356,
            21.70766208352527,
            55.55611755796135,
            0.0,
            22.576271726957508,
            71.91358564261994
        ],
        [
            84.19878921415858,
            16.348144051278442,
            67.06705632223978,
            49.05021842660976,
            9.824535608909969,
            34.89429290456652,
            53.918814633475954,
            19.35538072184403,
            80.91944796899145,
            38.891928526135985,
            39.41861783305565,
            63.66304352810545,
            17.466522912735204,
            39.62117987509436,
            33.407644944139776,
            22.576271726957508,
            0.0,
            84.19878921415858
        ],
        [
            0.0,
            70.54429179109033,
            59.843003053212556,
            36.01606562553236,
            76.5189276747354,
            118.14454886626186,
            71.60172416499702,
            73.78020076447638,
            3.5711804067427764,
            90.05249714753862,
            119.31958259144648,
            24.58683419578322,
            100.39407107311568,
            84.13116693514955,
            112.9799120036231,
            71.91358564261994,
            84.19878921415858,
            0.0
        ]
    ],
    "scores_ave": [
        0,
        11.71039056526584,
        17.0994940586446,
        17.32447907343715,
        13.29244071427193,
        17.194047549064397,
        11.163879844389221,
        16.046455334320335,
        12.976628740198215,
        16.467043240072275,
        10.616274835880134,
        14.826207942625942,
        19.711137474214542,
        11.80422216338756,
        19.276091828467223,
        14.92266947862893,
        14.313145899348132,
        0
    ],
    "scores_var": [
        0,
        235.96591151715918,
        17.83494943666976,
        18.705555886305124,
        359.74798189258394,
        17.21053964401192,
        311.4603486477243,
        302.2057927661415,
        24.98725441520945,
        362.9323605027233,
        23.672523029134425,
        18.125700816809065,
        20.983672892248126,
        24.695822501089744,
        16.077673939341064,
        17.651419677292694,
        24.181201919419053,
        0
    ],
    "vertex_number": 18,
    "minimum_distances": {
        "cost": 380.8192682572819,
        "path": [
            0,
            11,
            3,
            6,
            13,
            15,
            1,
            4,
            16,
            12,
            5,
            10,
            14,
            9,
            7,
            2,
            8,
            17
        ]
    }
}