{
    "vertices": [
        [
            46.38057310492501,
            11.03456979733859
        ],
        [
            52.42943802556796,
            72.84116189392432
        ],
        [
            26.45695453127599,
            63.72826753782108
        ],
        [
            16.647818782526556,
            71.9332821542201
        ],
        [
            76.54616853050022,
            54.34961525357238
        ],
        [
            96.99965102057708,
            34.17509350619638
        ],
        [
            88.1718232027213,
            43.4891694742482
        ],
        [
            46.38057310492501,
            11.03456979733859
        ]
    ],
    "distances": [
        [
            0.0,
            62.10188075591526,
            56.33450415716448,
            67.76938723584784,
            52.78405356028546,
            55.657657932678624,
            52.913227315341665,
            0.0
        ],
        [
            62.10188075591526,
            0.0,
            27.524802313672794,
            35.79313511381416,
            30.390031052959483,
            59.00481955726103,
            46.24994656382551,
            62.10188075591526
        ],
        [
            56.33450415716448,
            27.524802313672794,
            0.0,
            12.788330969783177,
            50.959675015927296,
            76.4830839030772,
            64.948796028569,
            56.33450415716448
        ],
        [
            67.76938723584784,
            35.79313511381416,
            12.788330969783177,
            0.0,
            62.425937271325864,
            88.78117905272244,
            76.97240255085569,
            67.76938723584784
        ],
        [
            52.78405356028546,
            30.390031052959483,
            50.959675015927296,
            62.425937271325864,
            0.0,
            28.72901449244696,
            15.909278081779075,
            52.78405356028546
        ],
        [
            55.657657932678624,
            59.00481955726103,
            76.4830839030772,
            88.78117905272244,
            28.72901449244696,
            0.0,
            12.832870104553724,
            55.657657932678624
        ],
        [
            52.913227315341665,
            46.24994656382551,
            64.948796028569,
            76.97240255085569,
            15.909278081779075,
            12.832870104553724,
            0.0,
            52.913227315341665
        ],
        [
            0.0,
            62.10188075591526,
            56.33450415716448,
            67.76938723584784,
            52.78405356028546,
            55.657657932678624,
            52.913227315341665,
            0.0
        ]
    ],
    "scores_ave": [
        0,
        15.076527660662435,
        17.79036137540694,
        16.944192219394093,
        16.266801842164863,
        10.146351175495823,
        11.229321599330342,
        0
    ],
    "scores_var": [
        0,
        19.401210533894012,
        259.36305403522124,
        20.962492082454315,
        20.450588963995813,
        372.6460155826354,
        21.42940687403368,
        0
    ],
    "vertex_number": 8,
    "minimum_distances": {
        "cost": 219.70580741273272,
        "path": [
            0,
            2,
            3,
            1,
            4,
            6,
            5,
            7
        ]
    }
}