{
    "vertices": [
        [
            8.224203024646792,
            2.0040172388282484
        ],
        [
            56.21147038531497,
            79.17533603253604
        ],
        [
            75.16290549613615,
            76.3119002201054
        ],
        [
            45.90284963699084,
            72.30017157475866
        ],
        [
            9.920348549858904,
            95.07169050941398
        ],
        [
            87.94232400687207,
            7.477013505379593
        ],
        [
            30.78267270719566,
            2.3989080357091908
        ],
        [
            8.224203024646792,
            2.0040172388282484
        ]
    ],
    "distances": [
        [
            0.0,
            90.87458540815646,
            100.01225605757402,
            79.75731768909266,
            93.08312799666325,
            79.90577263921794,
            22.56192574138869,
            0.0
        ],
        [
            90.87458540815646,
            0.0,
            19.16653743928663,
            12.390946213032482,
            48.9444792232954,
            78.4059725069515,
            80.87795526165743,
            90.87458540815646
        ],
        [
            100.01225605757402,
            19.16653743928663,
            0.0,
            29.53379141939279,
            67.88608818150495,
            70.0111074509015,
            86.21331379810873,
            100.01225605757402
        ],
        [
            79.75731768909266,
            12.390946213032482,
            29.53379141939279,
            0.0,
            42.58265443906493,
            77.26162842824118,
            71.51787465203337,
            79.75731768909266
        ],
        [
            93.08312799666325,
            48.9444792232954,
            67.88608818150495,
            42.58265443906493,
            0.0,
            117.30411797399049,
            94.99200587767584,
            93.08312799666325
        ],
        [
            79.90577263921794,
            78.4059725069515,
            70.0111074509015,
            77.26162842824118,
            117.30411797399049,
            0.0,
            57.38477926995708,
            79.90577263921794
        ],
        [
            22.56192574138869,
            80.87795526165743,
            86.21331379810873,
            71.51787465203337,
            94.99200587767584,
            57.38477926995708,
            0.0,
            22.56192574138869
        ],
        [
            0.0,
            90.87458540815646,
            100.01225605757402,
            79.75731768909266,
            93.08312799666325,
            79.90577263921794,
            22.56192574138869,
            0.0
        ]
    ],
    "scores_ave": [
        0,
        14.279375732960684,
        13.399987302338065,
        14.316971633454033,
        10.844146176555887,
        12.852859260060406,
        12.88203882414575,
        0
    ],
    "scores_var": [
        0,
        23.00722376639293,
        22.938664484115723,
        20.16285694831752,
        239.4306283659549,
        276.8539440787279,
        22.009327297412497,
        0
    ],
    "vertex_number": 8,
    "minimum_distances": {
        "cost": 317.18107855029456,
        "path": [
            0,
            4,
            3,
            1,
            2,
            5,
            6,
            7
        ]
    }
}