{
    "vertices": [
        [
            38.28364230293283,
            84.87972731877595
        ],
        [
            51.47809825811217,
            65.83785992823097
        ],
        [
            81.32001852294279,
            30.321293257366776
        ],
        [
            75.03239602452018,
            7.355469320586073
        ],
        [
            30.238421984990637,
            31.696175841636265
        ],
        [
            58.373022069966794,
            38.89154976699708
        ],
        [
            24.091272556132594,
            30.53170379916814
        ],
        [
            43.99332455744091,
            43.841304551670405
        ],
        [
            79.45174218383296,
            94.8571555087883
        ],
        [
            36.39561091015412,
            20.889176432817358
        ],
        [
            69.36287745826347,
            3.8546975332657385
        ],
        [
            30.361906458258403,
            56.54025122396228
        ],
        [
            14.84170116220984,
            92.87653995689242
        ],
        [
            13.3119503041492,
            28.328019467553943
        ],
        [
            67.99633229180043,
            14.965197805816732
        ],
        [
            85.1547708690331,
            12.558894898482976
        ],
        [
            47.41674398415121,
            92.8275059029595
        ],
        [
            43.343774784712785,
            79.27512378157611
        ],
        [
            15.334077356260345,
            88.90923995389448
        ],
        [
            38.28364230293283,
            84.87972731877595
        ]
    ],
    "distances": [
        [
            0.0,
            23.166492649347415,
            69.48922510276951,
            85.79324844216931,
            53.788620708155335,
            50.18461570997681,
            56.1705529572011,
            41.433713503126064,
            42.35990463977253,
            64.01839786521195,
            86.78118638036217,
            29.425835657145154,
            24.76839956101848,
            61.81974653920929,
            75.96634375427712,
            86.1812363280082,
            12.107052933834916,
            7.550928521867854,
            23.300633109813102,
            0.0
        ],
        [
            23.166492649347415,
            0.0,
            46.38929524339047,
            63.04756105079534,
            40.20918353381272,
            27.81444958428436,
            44.68291488522621,
            23.235108904077805,
            40.30687621826789,
            47.4116607236256,
            64.51184191695968,
            23.072474590860523,
            45.53367775461341,
            53.51301693073597,
            53.487192925157494,
            63.02988491806297,
            27.29350817282016,
            15.707554813984009,
            42.87981836764339,
            23.166492649347415
        ],
        [
            69.48922510276951,
            46.38929524339047,
            0.0,
            23.810990440926215,
            51.10009595868341,
            24.495182033488817,
            57.2291327693317,
            39.69978322097405,
            64.56289935414712,
            45.90389119837155,
            29.042278004034802,
            57.30761678914099,
            91.2826685014896,
            68.0372727499658,
            20.330525873745827,
            18.171629564117882,
            71.10878035621711,
            61.957022293348345,
            88.24223438789414,
            69.48922510276951
        ],
        [
            85.79324844216931,
            63.04756105079534,
            23.810990440926215,
            0.0,
            50.980095176430794,
            35.66593767840905,
            55.96548851593922,
            47.90240213233872,
            87.61321650444329,
            40.938519662701026,
            6.663245746633361,
            66.44242175727933,
            104.57902882886152,
            65.1863580788829,
            10.364080300240111,
            11.38148102127046,
            89.82256551197653,
            78.59138256748113,
            101.06882188057492,
            85.79324844216931
        ],
        [
            53.788620708155335,
            40.20918353381272,
            51.10009595868341,
            50.980095176430794,
            0.0,
            29.04012961175109,
            6.256471948182909,
            18.34942767938266,
            80.070345556318,
            12.437934381655502,
            48.01948490431332,
            24.844382262753804,
            63.08800175445387,
            17.258329030430453,
            41.29873383981849,
            58.155317011009835,
            63.49908866884065,
            49.35085165502913,
            59.12253541523174,
            53.788620708155335
        ],
        [
            50.18461570997681,
            27.81444958428436,
            24.495182033488817,
            35.66593767840905,
            29.04012961175109,
            0.0,
            35.28633410167592,
            15.207753712502699,
            59.80352387346686,
            28.40936547954994,
            36.71999368060946,
            33.107389823566265,
            69.34951381067651,
            46.28270045137186,
            25.789114327481787,
            37.55889749660617,
            55.037508971556704,
            43.089573264912914,
            65.9857567487252,
            50.18461570997681
        ],
        [
            56.1705529572011,
            44.68291488522621,
            57.2291327693317,
            55.96548851593922,
            6.256471948182909,
            35.28633410167592,
            0.0,
            23.942371354019823,
            84.86781094765087,
            15.632500642605741,
            52.54693971798582,
            26.753792043040466,
            63.027241463550965,
            11.002273076301382,
            46.58294086072289,
            63.653536319596185,
            66.51950523789282,
            52.40782225625192,
            59.03071399928216,
            56.1705529572011
        ],
        [
            41.433713503126064,
            23.235108904077805,
            39.69978322097405,
            47.90240213233872,
            18.34942767938266,
            15.207753712502699,
            23.942371354019823,
            0.0,
            62.128225706569935,
            24.176960889458638,
            47.3554955124742,
            18.630051153457234,
            57.046222117007204,
            34.38035398554852,
            37.54961945338007,
            51.69965005850543,
            49.10567913592292,
            35.439772292226806,
            53.408531636410096,
            41.433713503126064
        ],
        [
            42.35990463977253,
            40.30687621826789,
            64.56289935414712,
            87.61321650444329,
            80.070345556318,
            59.80352387346686,
            84.86781094765087,
            62.128225706569935,
            0.0,
            85.58675346593968,
            91.55999426079924,
            62.27356682844186,
            64.64039169729894,
            93.81150255848667,
            80.70905352813818,
            82.49562555472833,
            32.099230320617565,
            39.32664519691163,
            64.39295491270057,
            42.35990463977253
        ],
        [
            64.01839786521195,
            47.4116607236256,
            45.90389119837155,
            40.938519662701026,
            12.437934381655502,
            28.40936547954994,
            15.632500642605741,
            24.176960889458638,
            85.58675346593968,
            0.0,
            37.10814108835633,
            36.1580519826032,
            75.14487030110477,
            24.252665269381684,
            32.15119149601767,
            49.4656372680755,
            72.77766567560047,
            58.79792367966535,
            71.20616010608325,
            64.01839786521195
        ],
        [
            86.78118638036217,
            64.51184191695968,
            29.042278004034802,
            6.663245746633361,
            48.01948490431332,
            36.71999368060946,
            52.54693971798582,
            47.3554955124742,
            91.55999426079924,
            37.10814108835633,
            0.0,
            65.55031126271258,
            104.39083816696933,
            61.16085284996553,
            11.194224492940062,
            18.03183155616101,
            91.63947513846747,
            79.78241911231821,
            100.76401355069551,
            86.78118638036217
        ],
        [
            29.425835657145154,
            23.072474590860523,
            57.30761678914099,
            66.44242175727933,
            24.844382262753804,
            33.107389823566265,
            26.753792043040466,
            18.630051153457234,
            62.27356682844186,
            36.1580519826032,
            65.55031126271258,
            0.0,
            39.512057037243196,
            32.9640869058183,
            56.07882911172478,
            70.2610681285612,
            40.09529068572776,
            26.180208850510382,
            35.68735180588969,
            29.425835657145154
        ],
        [
            24.76839956101848,
            45.53367775461341,
            91.2826685014896,
            104.57902882886152,
            63.08800175445387,
            69.34951381067651,
            63.027241463550965,
            57.046222117007204,
            64.64039169729894,
            75.14487030110477,
            104.39083816696933,
            39.512057037243196,
            0.0,
            64.5666449109003,
            94.31644631931816,
            106.74667151403472,
            32.57507972652959,
            31.581113386907912,
            3.9977373138132823,
            24.76839956101848
        ],
        [
            61.81974653920929,
            53.51301693073597,
            68.0372727499658,
            65.1863580788829,
            17.258329030430453,
            46.28270045137186,
            11.002273076301382,
            34.38035398554852,
            93.81150255848667,
            24.252665269381684,
            61.16085284996553,
            32.9640869058183,
            64.5666449109003,
            0.0,
            56.293397802359976,
            73.55308393529793,
            72.96109033167316,
            59.139816702584014,
            60.614959155554054,
            61.81974653920929
        ],
        [
            75.96634375427712,
            53.487192925157494,
            20.330525873745827,
            10.364080300240111,
            41.29873383981849,
            25.789114327481787,
            46.58294086072289,
            37.54961945338007,
            80.70905352813818,
            32.15119149601767,
            11.194224492940062,
            56.07882911172478,
            94.31644631931816,
            56.293397802359976,
            0.0,
            17.32634722295814,
            80.53606941691851,
            68.87318179558655,
            90.78014355624536,
            75.96634375427712
        ],
        [
            86.1812363280082,
            63.02988491806297,
            18.171629564117882,
            11.38148102127046,
            58.155317011009835,
            37.55889749660617,
            63.653536319596185,
            51.69965005850543,
            82.49562555472833,
            49.4656372680755,
            18.03183155616101,
            70.2610681285612,
            106.74667151403472,
            73.55308393529793,
            17.32634722295814,
            0.0,
            88.69728623668279,
            78.73509122331872,
            103.46160849650921,
            86.1812363280082
        ],
        [
            12.107052933834916,
            27.29350817282016,
            71.10878035621711,
            89.82256551197653,
            63.49908866884065,
            55.037508971556704,
            66.51950523789282,
            49.10567913592292,
            32.099230320617565,
            72.77766567560047,
            91.63947513846747,
            40.09529068572776,
            32.57507972652959,
            72.96109033167316,
            80.53606941691851,
            88.69728623668279,
            0.0,
            14.151188616634512,
            32.321050508979205,
            12.107052933834916
        ],
        [
            7.550928521867854,
            15.707554813984009,
            61.957022293348345,
            78.59138256748113,
            49.35085165502913,
            43.089573264912914,
            52.40782225625192,
            35.439772292226806,
            39.32664519691163,
            58.79792367966535,
            79.78241911231821,
            26.180208850510382,
            31.581113386907912,
            59.139816702584014,
            68.87318179558655,
            78.73509122331872,
            14.151188616634512,
            0.0,
            29.62025226859457,
            7.550928521867854
        ],
        [
            23.300633109813102,
            42.87981836764339,
            88.24223438789414,
            101.06882188057492,
            59.12253541523174,
            65.9857567487252,
            59.03071399928216,
            53.408531636410096,
            64.39295491270057,
            71.20616010608325,
            100.76401355069551,
            35.68735180588969,
            3.9977373138132823,
            60.614959155554054,
            90.78014355624536,
            103.46160849650921,
            32.321050508979205,
            29.62025226859457,
            0.0,
            23.300633109813102
        ],
        [
            0.0,
            23.166492649347415,
            69.48922510276951,
            85.79324844216931,
            53.788620708155335,
            50.18461570997681,
            56.1705529572011,
            41.433713503126064,
            42.35990463977253,
            64.01839786521195,
            86.78118638036217,
            29.425835657145154,
            24.76839956101848,
            61.81974653920929,
            75.96634375427712,
            86.1812363280082,
            12.107052933834916,
            7.550928521867854,
            23.300633109813102,
            0.0
        ]
    ],
    "scores_ave": [
        0,
        14.906806943854445,
        16.844084998344016,
        19.4290488512367,
        16.554546241554963,
        18.937716023768218,
        13.564196325357027,
        11.033147325546096,
        18.254820421475078,
        10.88624627604336,
        18.723767514195934,
        14.554780821722101,
        12.286453485675597,
        13.547716078231247,
        13.760609064573107,
        11.187143499379765,
        15.477266041133324,
        11.14613803758206,
        16.585429487782918,
        0
    ],
    "scores_var": [
        0,
        316.1080291634216,
        393.81339606656763,
        283.7979003357434,
        20.672075122251158,
        16.722840001676296,
        21.59902862521891,
        275.2090301487598,
        17.89336323883379,
        377.57226878907943,
        17.40282596150621,
        21.564837720768043,
        22.47498664260351,
        22.44857826147299,
        277.95717597402677,
        276.55364576032355,
        277.96693626144213,
        21.94463172075878,
        268.38013359587575,
        0
    ],
    "vertex_number": 20,
    "minimum_distances": {
        "cost": 386.5342366839529,
        "path": [
            0,
            12,
            18,
            11,
            13,
            6,
            4,
            9,
            7,
            5,
            14,
            10,
            3,
            15,
            2,
            8,
            1,
            17,
            16,
            19
        ]
    }
}