{
    "vertices": [
        [
            9.963255562543871,
            32.18352881627876
        ],
        [
            37.830002324704594,
            34.10315007059733
        ],
        [
            60.89392966717557,
            43.81604546657475
        ],
        [
            3.745020809348698,
            58.72441585321181
        ],
        [
            7.7968292614345565,
            21.64845804156984
        ],
        [
            18.815663918086823,
            25.910370180887455
        ],
        [
            62.66493891697262,
            13.275577378502712
        ],
        [
            54.717402017558626,
            7.730845834717758
        ],
        [
            66.11489876354388,
            9.397792269336758
        ],
        [
            5.220866829080039,
            71.16217803943947
        ],
        [
            38.93500796053073,
            86.8396811901213
        ],
        [
            88.38473323262436,
            70.2659833437829
        ],
        [
            90.75847533228648,
            37.53447773797244
        ],
        [
            40.464334017787436,
            79.66087273717626
        ],
        [
            14.986101678240104,
            81.35252948761052
        ],
        [
            92.9519691937003,
            45.79667144548297
        ],
        [
            76.66987015455419,
            57.30711594316757
        ],
        [
            30.637637746978886,
            46.08330275823616
        ],
        [
            15.299783141164902,
            77.24193132661429
        ],
        [
            29.535329357834662,
            55.08857677155893
        ],
        [
            9.963255562543871,
            32.18352881627876
        ]
    ],
    "distances": [
        [
            0.0,
            27.93278576988745,
            52.24221481112392,
            27.25958782067486,
            10.75551575454493,
            10.849776631713262,
            55.99087475619371,
            50.99869929629218,
            60.59865364972277,
            39.26608391680397,
            61.85998245491952,
            87.1791345609622,
            80.9722186432086,
            56.43061201791193,
            49.42488856962035,
            84.09782543203568,
            71.280902494633,
            24.91252284184807,
            45.373319951054874,
            30.128181068262197,
            0.0
        ],
        [
            27.93278576988745,
            0.0,
            25.025688430730124,
            42.047505201144766,
            32.51324096097235,
            20.704267853817342,
            32.412372017278514,
            31.31585379797265,
            37.55516037303222,
            49.363217801997315,
            52.74810661981837,
            62.15731113486486,
            53.03958205411519,
            45.63382296098038,
            52.48187927312065,
            56.348643938000556,
            45.24333503683819,
            13.973337705718821,
            48.66790754401529,
            22.565232847208886,
            27.93278576988745
        ],
        [
            52.24221481112392,
            25.025688430730124,
            0.0,
            59.06147044584447,
            57.538717432200194,
            45.729570913003414,
            30.591774463103857,
            36.60998670141051,
            34.81199034031832,
            62.02661438823843,
            48.30349338703142,
            38.1489645256888,
            30.518014039457302,
            41.25796917513944,
            59.30022178139944,
            32.11916526861412,
            20.757872744231435,
            30.34112154134634,
            56.53420241733072,
            33.32314173938052,
            52.24221481112392
        ],
        [
            27.25958782067486,
            42.047505201144766,
            59.06147044584447,
            0.0,
            37.29669957761745,
            36.109359965199396,
            74.41205324750358,
            72.100817119268,
            79.51803235874553,
            12.525016953086789,
            45.04223951653804,
            85.42299865512923,
            89.5564332995851,
            42.26870224354571,
            25.266448617726578,
            90.13881636409441,
            72.93862070985391,
            29.71549403987891,
            21.82683925474458,
            26.045332419721245,
            27.25958782067486
        ],
        [
            10.75551575454493,
            32.51324096097235,
            57.538717432200194,
            37.29669957761745,
            0.0,
            11.814339265227826,
            55.50328447731821,
            48.941189986585435,
            59.5909057014224,
            49.58068223088844,
            72.24598084531124,
            94.11734182912859,
            84.46893121485434,
            66.5778200741159,
            60.135362184965444,
            88.5129033954072,
            77.55666086938315,
            33.447932202169234,
            56.09749182286417,
            39.884883441185515,
            10.75551575454493
        ],
        [
            10.849776631713262,
            20.704267853817342,
            45.729570913003414,
            36.109359965199396,
            11.814339265227826,
            0.0,
            45.63328727022748,
            40.24214089752236,
            50.09873098443443,
            47.24981081823056,
            64.16516924904171,
            82.50621688301646,
            72.87583955384511,
            57.946366945126776,
            55.574261808331016,
            76.75712825467878,
            65.82450017822356,
            23.381750875015015,
            51.45182783240089,
            31.08502801974012,
            10.849776631713262
        ],
        [
            55.99087475619371,
            32.412372017278514,
            30.591774463103857,
            74.41205324750358,
            55.50328447731821,
            45.63328727022748,
            0.0,
            9.69058257589248,
            5.190321791163161,
            81.55170111112191,
            77.2967463274108,
            62.5253084096902,
            37.117934141991874,
            69.9991021210133,
            83.11283251642494,
            44.440136839312245,
            46.205134859027915,
            45.84860810128796,
            79.59367072249917,
            53.34695818680429,
            55.99087475619371
        ],
        [
            50.99869929629218,
            31.31585379797265,
            36.60998670141051,
            72.100817119268,
            48.941189986585435,
            40.24214089752236,
            9.69058257589248,
            0.0,
            11.518751776587314,
            80.45769634366911,
            80.66778659080498,
            71.02205723873836,
            46.76767516460796,
            73.32856685899777,
            83.65840382495801,
            53.9526570854122,
            54.21916095968084,
            45.285163126536524,
            79.90957191817749,
            53.6366615564938,
            50.99869929629218
        ],
        [
            60.59865364972277,
            37.55516037303222,
            34.81199034031832,
            79.51803235874553,
            59.5909057014224,
            50.09873098443443,
            5.190321791163161,
            11.518751776587314,
            0.0,
            86.73478238165798,
            82.07309317725785,
            64.81421303969933,
            37.40292682746116,
            74.79874296140498,
            88.27025602965587,
            45.22285655012149,
            49.05823800289745,
            51.033937032808176,
            84.76439806982029,
            58.52958812716525,
            60.59865364972277
        ],
        [
            39.26608391680397,
            49.363217801997315,
            62.02661438823843,
            12.525016953086789,
            49.58068223088844,
            47.24981081823056,
            81.55170111112191,
            80.45769634366911,
            86.73478238165798,
            0.0,
            37.181008825353494,
            83.16869507284031,
            91.91030788770702,
            36.25368658559891,
            14.11393192191645,
            91.32445043294555,
            72.7799616783024,
            35.70661324269076,
            11.770639492352291,
            29.147105272754338,
            39.26608391680397
        ],
        [
            61.85998245491952,
            52.74810661981837,
            48.30349338703142,
            45.04223951653804,
            72.24598084531124,
            64.16516924904171,
            77.2967463274108,
            80.66778659080498,
            82.07309317725785,
            37.181008825353494,
            0.0,
            52.153262503771096,
            71.53093636944244,
            7.339899794512144,
            24.56947182835452,
            67.84070127706686,
            47.917556645425066,
            41.59241199237872,
            25.50961886631032,
            33.11323888767804,
            61.85998245491952
        ],
        [
            87.1791345609622,
            62.15731113486486,
            38.1489645256888,
            85.42299865512923,
            94.11734182912859,
            82.50621688301646,
            62.5253084096902,
            71.02205723873836,
            64.81421303969933,
            83.16869507284031,
            52.153262503771096,
            0.0,
            32.8174665502825,
            48.83265923153723,
            74.23119707680505,
            24.891903685745454,
            17.46912308173088,
            62.60614248882321,
            73.41712184586298,
            60.775044275398926,
            87.1791345609622
        ],
        [
            80.9722186432086,
            53.03958205411519,
            30.518014039457302,
            89.5564332995851,
            84.46893121485434,
            72.87583955384511,
            37.117934141991874,
            46.76767516460796,
            37.40292682746116,
            91.91030788770702,
            71.53093636944244,
            32.8174665502825,
            0.0,
            65.60589764793822,
            87.52984787089706,
            8.548406879675694,
            24.278509374497585,
            60.72559197888499,
            85.26837689136916,
            63.69003058477832,
            80.9722186432086
        ],
        [
            56.43061201791193,
            45.63382296098038,
            41.25796917513944,
            42.26870224354571,
            66.5778200741159,
            57.946366945126776,
            69.9991021210133,
            73.32856685899777,
            74.79874296140498,
            36.25368658559891,
            7.339899794512144,
            48.83265923153723,
            65.60589764793822,
            0.0,
            25.534330336024976,
            62.463877365114364,
            42.550338303665846,
            34.98595668678138,
            25.2805438701357,
            26.893138007290325,
            56.43061201791193
        ],
        [
            49.42488856962035,
            52.48187927312065,
            59.30022178139944,
            25.266448617726578,
            60.135362184965444,
            55.574261808331016,
            83.11283251642494,
            83.65840382495801,
            88.27025602965587,
            14.11393192191645,
            24.56947182835452,
            74.23119707680505,
            87.52984787089706,
            25.534330336024976,
            0.0,
            85.69069691950357,
            66.20475214033205,
            38.5861236119806,
            4.122549369185074,
            30.024577238383802,
            49.42488856962035
        ],
        [
            84.09782543203568,
            56.348643938000556,
            32.11916526861412,
            90.13881636409441,
            88.5129033954072,
            76.75712825467878,
            44.440136839312245,
            53.9526570854122,
            45.22285655012149,
            91.32445043294555,
            67.84070127706686,
            24.891903685745454,
            8.548406879675694,
            62.463877365114364,
            85.69069691950357,
            0.0,
            19.93983655035417,
            62.31499066164821,
            83.77748126871242,
            64.09375720505592,
            84.09782543203568
        ],
        [
            71.280902494633,
            45.24333503683819,
            20.757872744231435,
            72.93862070985391,
            77.55666086938315,
            65.82450017822356,
            46.205134859027915,
            54.21916095968084,
            49.05823800289745,
            72.7799616783024,
            47.917556645425066,
            17.46912308173088,
            24.278509374497585,
            42.550338303665846,
            66.20475214033205,
            19.93983655035417,
            0.0,
            47.38080204930333,
            64.52661810759244,
            47.186723261671595,
            71.280902494633
        ],
        [
            24.91252284184807,
            13.973337705718821,
            30.34112154134634,
            29.71549403987891,
            33.447932202169234,
            23.381750875015015,
            45.84860810128796,
            45.285163126536524,
            51.033937032808176,
            35.70661324269076,
            41.59241199237872,
            62.60614248882321,
            60.72559197888499,
            34.98595668678138,
            38.5861236119806,
            62.31499066164821,
            47.38080204930333,
            0.0,
            34.72909325293765,
            9.072488293726485,
            24.91252284184807
        ],
        [
            45.373319951054874,
            48.66790754401529,
            56.53420241733072,
            21.82683925474458,
            56.09749182286417,
            51.45182783240089,
            79.59367072249917,
            79.90957191817749,
            84.76439806982029,
            11.770639492352291,
            25.50961886631032,
            73.41712184586298,
            85.26837689136916,
            25.2805438701357,
            4.122549369185074,
            83.77748126871242,
            64.52661810759244,
            34.72909325293765,
            0.0,
            26.33290515930464,
            45.373319951054874
        ],
        [
            30.128181068262197,
            22.565232847208886,
            33.32314173938052,
            26.045332419721245,
            39.884883441185515,
            31.08502801974012,
            53.34695818680429,
            53.6366615564938,
            58.52958812716525,
            29.147105272754338,
            33.11323888767804,
            60.775044275398926,
            63.69003058477832,
            26.893138007290325,
            30.024577238383802,
            64.09375720505592,
            47.186723261671595,
            9.072488293726485,
            26.33290515930464,
            0.0,
            30.128181068262197
        ],
        [
            0.0,
            27.93278576988745,
            52.24221481112392,
            27.25958782067486,
            10.75551575454493,
            10.849776631713262,
            55.99087475619371,
            50.99869929629218,
            60.59865364972277,
            39.26608391680397,
            61.85998245491952,
            87.1791345609622,
            80.9722186432086,
            56.43061201791193,
            49.42488856962035,
            84.09782543203568,
            71.280902494633,
            24.91252284184807,
            45.373319951054874,
            30.128181068262197,
            0.0
        ]
    ],
    "scores_ave": [
        0,
        13.371729748992276,
        10.20214531879821,
        17.80561503737913,
        18.144641126798327,
        10.925538507191032,
        10.39620863673228,
        17.221644961223276,
        16.956162896648486,
        10.289346532217204,
        15.506190339404949,
        13.662485026900729,
        17.185339027299037,
        11.831145816240976,
        14.165237577903136,
        15.779261866355068,
        16.13499380029738,
        19.82655957012578,
        18.878287479125458,
        16.02784157148818,
        0
    ],
    "scores_var": [
        0,
        324.2945559490415,
        335.18358836523095,
        318.27420078151374,
        384.62138034979444,
        19.483594683812086,
        376.48566171554177,
        243.614553223411,
        243.65968265555452,
        370.6426300547564,
        331.5995319225734,
        355.5745928008332,
        304.80299242825254,
        262.59297274621247,
        302.7199858318322,
        21.477256078858755,
        353.25095863607595,
        17.957784951732513,
        20.476774516739347,
        387.26065451700435,
        0
    ],
    "vertex_number": 21,
    "minimum_distances": {
        "cost": 366.2265316854789,
        "path": [
            0,
            4,
            5,
            1,
            7,
            8,
            6,
            2,
            12,
            15,
            11,
            16,
            13,
            10,
            14,
            18,
            9,
            3,
            19,
            17,
            20
        ]
    }
}