{
    "vertices": [
        [
            4.920044650416333,
            66.9647776599793
        ],
        [
            92.08050197803342,
            78.74582628264272
        ],
        [
            3.2041316013818766,
            76.32228823347783
        ],
        [
            18.142755126906394,
            36.079717905742555
        ],
        [
            90.76783890669552,
            51.19088538726781
        ],
        [
            11.278932685438114,
            25.681149341124932
        ],
        [
            0.6381351151076631,
            58.96144040246971
        ],
        [
            46.4686067676794,
            41.49131188111108
        ],
        [
            59.3107136040435,
            81.10844401994451
        ],
        [
            85.33922268847385,
            66.31069747105694
        ],
        [
            1.3709711459158447,
            47.434854384246606
        ],
        [
            52.53388442806811,
            87.00055875863401
        ],
        [
            14.155650211404257,
            62.385642204980996
        ],
        [
            76.96653822537705,
            68.85604156506709
        ],
        [
            33.69191307991441,
            2.9489565326193845
        ],
        [
            51.75394111358986,
            12.728161272773663
        ],
        [
            4.920044650416333,
            66.9647776599793
        ]
    ],
    "distances": [
        [
            0.0,
            87.95304672499367,
            9.513535711026869,
            33.59653238606411,
            87.28493258346225,
            41.77048508470135,
            9.076792193611599,
            48.73582330072241,
            56.19953885331333,
            80.42183793728128,
            19.84978150752177,
            51.65762540617894,
            10.308486387116861,
            72.07131270904911,
            70.18436982359026,
            71.65908466521297,
            0.0
        ],
        [
            87.95304672499367,
            0.0,
            88.90940753375592,
            85.36502336115615,
            27.58618951733746,
            96.66826541866638,
            93.55815508094148,
            58.8926466375408,
            32.854847323472654,
            14.144867444432828,
            95.96142946520254,
            40.3989550346715,
            79.62372853556975,
            18.062107907899435,
            95.67859100872853,
            77.35996124940189,
            87.95304672499367
        ],
        [
            9.513535711026869,
            88.90940753375592,
            0.0,
            42.925830678276625,
            91.09879387823491,
            51.28086739576129,
            17.5494551305444,
            55.542881857843014,
            56.31035278910728,
            82.74300657746905,
            28.945540444932007,
            50.47226936992608,
            17.724724606867188,
            74.13931123417024,
            79.45533729314192,
            80.00810576164044,
            9.513535711026869
        ],
        [
            33.59653238606411,
            85.36502336115615,
            42.925830678276625,
            0.0,
            74.18052424104386,
            12.459626266508051,
            28.80945931763896,
            28.83815563674847,
            61.011367634590016,
            73.68363032744277,
            20.25418135473425,
            61.44657685969759,
            26.606365006225197,
            67.33888067555563,
            36.59813741449724,
            40.92684962972572,
            33.59653238606411
        ],
        [
            87.28493258346225,
            27.58618951733746,
            91.09879387823491,
            74.18052424104386,
            0.0,
            83.48193125099428,
            90.46405380483259,
            45.34869010575472,
            43.412107145891895,
            16.06482466427303,
            89.47573824414071,
            52.38480678629717,
            77.42577114172418,
            22.417262171866604,
            74.73248964540912,
            54.78563102966493,
            87.28493258346225
        ],
        [
            41.77048508470135,
            96.66826541866638,
            51.28086739576129,
            12.459626266508051,
            83.48193125099428,
            0.0,
            34.940010676308844,
            38.57815964448207,
            73.34328172113385,
            84.47299412579274,
            23.90379436348526,
            73.90562234768632,
            36.81705175753568,
            78.60618830677161,
            31.923256100314234,
            42.49713175212894,
            41.77048508470135
        ],
        [
            9.076792193611599,
            93.55815508094148,
            17.5494551305444,
            28.80945931763896,
            90.46405380483259,
            34.940010676308844,
            0.0,
            49.04729882929303,
            62.7133258229284,
            85.01932612983491,
            11.549858608811933,
            58.986108152213475,
            13.944474617673047,
            76.96705953543149,
            65.03807028976941,
            68.9227228275179,
            9.076792193611599
        ],
        [
            48.73582330072241,
            58.8926466375408,
            55.542881857843014,
            28.83815563674847,
            45.34869010575472,
            38.57815964448207,
            49.04729882929303,
            0.0,
            41.64657089007903,
            46.11861536434427,
            45.48760750094398,
            45.91164497659544,
            38.47986747756175,
            40.975019876437,
            40.60488957503,
            29.244719045768964,
            48.73582330072241
        ],
        [
            56.19953885331333,
            32.854847323472654,
            56.31035278910728,
            61.011367634590016,
            43.412107145891895,
            73.34328172113385,
            62.7133258229284,
            41.64657089007903,
            0.0,
            29.94088489145549,
            67.01435961842463,
            8.980113015671533,
            48.8827480589591,
            21.490684237026386,
            82.25100865385451,
            68.79656880292438,
            56.19953885331333
        ],
        [
            80.42183793728128,
            14.144867444432828,
            82.74300657746905,
            73.68363032744277,
            16.06482466427303,
            84.47299412579274,
            85.01932612983491,
            46.11861536434427,
            29.94088489145549,
            0.0,
            86.06372475876339,
            38.78479829106787,
            71.291703931383,
            8.751035463046355,
            81.74444815736462,
            63.23811606859095,
            80.42183793728128
        ],
        [
            19.84978150752177,
            95.96142946520254,
            28.945540444932007,
            20.25418135473425,
            89.47573824414071,
            23.90379436348526,
            11.549858608811933,
            45.48760750094398,
            67.01435961842463,
            86.06372475876339,
            0.0,
            64.67680154551903,
            19.671656647780264,
            78.5719862438329,
            54.98762038101229,
            61.18004747871242,
            19.84978150752177
        ],
        [
            51.65762540617894,
            40.3989550346715,
            50.47226936992608,
            61.44657685969759,
            52.38480678629717,
            73.90562234768632,
            58.986108152213475,
            45.91164497659544,
            8.980113015671533,
            38.78479829106787,
            64.67680154551903,
            0.0,
            45.59367257122867,
            30.43317393514519,
            86.13763243231631,
            74.27649251190739,
            51.65762540617894
        ],
        [
            10.308486387116861,
            79.62372853556975,
            17.724724606867188,
            26.606365006225197,
            77.42577114172418,
            36.81705175753568,
            13.944474617673047,
            38.47986747756175,
            48.8827480589591,
            71.291703931383,
            19.671656647780264,
            45.59367257122867,
            0.0,
            63.14327930178186,
            62.565047515227256,
            62.285607416945915,
            10.308486387116861
        ],
        [
            72.07131270904911,
            18.062107907899435,
            74.13931123417024,
            67.33888067555563,
            22.417262171866604,
            78.60618830677161,
            76.96705953543149,
            40.975019876437,
            21.490684237026386,
            8.751035463046355,
            78.5719862438329,
            30.43317393514519,
            63.14327930178186,
            0.0,
            78.84438495514185,
            61.530594010031464,
            72.07131270904911
        ],
        [
            70.18436982359026,
            95.67859100872853,
            79.45533729314192,
            36.59813741449724,
            74.73248964540912,
            31.923256100314234,
            65.03807028976941,
            40.60488957503,
            82.25100865385451,
            81.74444815736462,
            54.98762038101229,
            86.13763243231631,
            62.565047515227256,
            78.84438495514185,
            0.0,
            20.539466936586592,
            70.18436982359026
        ],
        [
            71.65908466521297,
            77.35996124940189,
            80.00810576164044,
            40.92684962972572,
            54.78563102966493,
            42.49713175212894,
            68.9227228275179,
            29.244719045768964,
            68.79656880292438,
            63.23811606859095,
            61.18004747871242,
            74.27649251190739,
            62.285607416945915,
            61.530594010031464,
            20.539466936586592,
            0.0,
            71.65908466521297
        ],
        [
            0.0,
            87.95304672499367,
            9.513535711026869,
            33.59653238606411,
            87.28493258346225,
            41.77048508470135,
            9.076792193611599,
            48.73582330072241,
            56.19953885331333,
            80.42183793728128,
            19.84978150752177,
            51.65762540617894,
            10.308486387116861,
            72.07131270904911,
            70.18436982359026,
            71.65908466521297,
            0.0
        ]
    ],
    "scores_ave": [
        0,
        19.694372383061392,
        11.314439636744487,
        17.946661921666283,
        19.310562462927344,
        11.184205028309051,
        11.503053456729129,
        14.899987486975416,
        15.835803008626165,
        10.240729539923086,
        13.325762033193458,
        14.290879915170928,
        12.965338437888331,
        13.835524058575816,
        14.790072503450364,
        11.087386899615986,
        0
    ],
    "scores_var": [
        0,
        18.868078620165495,
        277.2550248349398,
        251.47300084630461,
        21.692092663143054,
        18.313282513304664,
        336.98589452673855,
        16.615883761536853,
        343.14240899224535,
        18.603533528441623,
        371.69426218203205,
        22.858966331386586,
        399.6133355343001,
        325.3835257025904,
        24.62634489037672,
        227.80900259717933,
        0
    ],
    "vertex_number": 17,
    "minimum_distances": {
        "cost": 353.3327447688727,
        "path": [
            0,
            2,
            12,
            11,
            8,
            13,
            1,
            9,
            4,
            15,
            14,
            7,
            3,
            5,
            10,
            6,
            16
        ]
    }
}