{
    "vertices": [
        [
            86.77775775163632,
            5.529076695726842
        ],
        [
            27.793752804024052,
            87.3389666205375
        ],
        [
            36.01396522205905,
            29.584238279430288
        ],
        [
            93.7546056032356,
            84.05756639314114
        ],
        [
            18.97980825863722,
            46.85024841843
        ],
        [
            30.301193112399115,
            58.102862355562145
        ],
        [
            52.00500429920868,
            47.15683996895994
        ],
        [
            83.27569576077241,
            43.85923537091787
        ],
        [
            66.48346459294682,
            25.65657548774172
        ],
        [
            91.28958992834106,
            78.91464634855522
        ],
        [
            99.13354835111454,
            22.64666444234269
        ],
        [
            57.932018432383515,
            95.44911638405976
        ],
        [
            23.101318519751235,
            8.368521664745487
        ],
        [
            86.77775775163632,
            5.529076695726842
        ]
    ],
    "distances": [
        [
            0.0,
            100.85618934487653,
            56.174846958439026,
            78.83780882356682,
            79.3977404463904,
            77.15960920103367,
            54.24034529568975,
            38.48981036915064,
            28.58276652868633,
            73.52413524048328,
            21.11107225133881,
            94.43352272591368,
            63.73971572719821,
            0.0
        ],
        [
            100.85618934487653,
            0.0,
            58.33678546125686,
            66.04242340686486,
            41.436963210385315,
            29.34343281711556,
            46.912556967260905,
            70.48924048246674,
            72.81216364158611,
            64.05224823659763,
            96.3039998640531,
            31.21040826827348,
            79.10973464769046,
            100.85618934487653
        ],
        [
            56.174846958439026,
            58.33678546125686,
            0.0,
            79.38088578122796,
            24.25443484343705,
            29.085179806434688,
            23.759412048823663,
            49.370504509027754,
            30.72160358636484,
            74.08700187574148,
            63.49969846488083,
            69.4160156179272,
            24.836325741406146,
            56.174846958439026
        ],
        [
            78.83780882356682,
            66.04242340686486,
            79.38088578122796,
            0.0,
            83.5203857079038,
            68.55641631831818,
            55.71977045607306,
            41.541706373940755,
            64.45456439024005,
            5.7031507837755315,
            61.64602098672339,
            37.59022695873084,
            103.5409023893376,
            78.83780882356682
        ],
        [
            79.3977404463904,
            41.436963210385315,
            24.25443484343705,
            83.5203857079038,
            0.0,
            15.962301695718255,
            33.026619141187204,
            64.36542013175718,
            52.017008155229206,
            79.10012730547061,
            83.72834363642886,
            62.28261912412177,
            38.70181056200997,
            79.3977404463904
        ],
        [
            77.15960920103367,
            29.34343281711556,
            29.085179806434688,
            68.55641631831818,
            15.962301695718255,
            0.0,
            24.307834665405235,
            54.855982723128704,
            48.599570996058716,
            64.44156189253795,
            77.42761198803758,
            46.45648714468804,
            50.25278935641362,
            77.15960920103367
        ],
        [
            54.24034529568975,
            46.912556967260905,
            23.759412048823663,
            55.71977045607306,
            33.026619141187204,
            24.307834665405235,
            0.0,
            31.444082759230596,
            25.920786740368932,
            50.515709775242165,
            53.121072737643566,
            48.65463449546467,
            48.373098810254746,
            54.24034529568975
        ],
        [
            38.48981036915064,
            70.48924048246674,
            49.370504509027754,
            41.541706373940755,
            64.36542013175718,
            54.855982723128704,
            31.444082759230596,
            0.0,
            24.76521460468864,
            35.95975999002285,
            26.484800436794945,
            57.478846573984335,
            69.86090777908787,
            38.48981036915064
        ],
        [
            28.58276652868633,
            72.81216364158611,
            30.72160358636484,
            64.45456439024005,
            52.017008155229206,
            48.599570996058716,
            25.920786740368932,
            24.76521460468864,
            0.0,
            58.751731599764106,
            32.78852747405078,
            70.31447927846183,
            46.699972193812854,
            28.58276652868633
        ],
        [
            73.52413524048328,
            64.05224823659763,
            74.08700187574148,
            5.7031507837755315,
            79.10012730547061,
            64.44156189253795,
            50.515709775242165,
            35.95975999002285,
            58.751731599764106,
            0.0,
            56.81208913194497,
            37.230582529191196,
            98.11419910285737,
            73.52413524048328
        ],
        [
            21.11107225133881,
            96.3039998640531,
            63.49969846488083,
            61.64602098672339,
            83.72834363642886,
            77.42761198803758,
            53.121072737643566,
            26.484800436794945,
            32.78852747405078,
            56.81208913194497,
            0.0,
            83.6526334096549,
            77.36126507695374,
            21.11107225133881
        ],
        [
            94.43352272591368,
            31.21040826827348,
            69.4160156179272,
            37.59022695873084,
            62.28261912412177,
            46.45648714468804,
            48.65463449546467,
            57.478846573984335,
            70.31447927846183,
            37.230582529191196,
            83.6526334096549,
            0.0,
            93.78809963461946,
            94.43352272591368
        ],
        [
            63.73971572719821,
            79.10973464769046,
            24.836325741406146,
            103.5409023893376,
            38.70181056200997,
            50.25278935641362,
            48.373098810254746,
            69.86090777908787,
            46.699972193812854,
            98.11419910285737,
            77.36126507695374,
            93.78809963461946,
            0.0,
            63.73971572719821
        ],
        [
            0.0,
            100.85618934487653,
            56.174846958439026,
            78.83780882356682,
            79.3977404463904,
            77.15960920103367,
            54.24034529568975,
            38.48981036915064,
            28.58276652868633,
            73.52413524048328,
            21.11107225133881,
            94.43352272591368,
            63.73971572719821,
            0.0
        ]
    ],
    "scores_ave": [
        0,
        15.621005179219,
        11.242749195485066,
        17.238595391000608,
        13.33443107015784,
        15.480656567895519,
        19.420061614959707,
        11.957786067104122,
        13.634158127281683,
        14.777656278488926,
        14.141193017793253,
        19.065101836956025,
        15.703598016012744,
        0
    ],
    "scores_var": [
        0,
        24.364341952831076,
        320.7427262811707,
        17.938075321863067,
        23.11625643248078,
        292.7566937923895,
        21.852962758206832,
        346.90111854346594,
        22.44316104844254,
        245.79876588934505,
        297.65959125289436,
        21.446425433996946,
        21.83622931001439,
        0
    ],
    "vertex_number": 14,
    "minimum_distances": {
        "cost": 345.1662548230653,
        "path": [
            0,
            10,
            7,
            9,
            3,
            11,
            1,
            5,
            4,
            12,
            2,
            6,
            8,
            13
        ]
    }
}