{
    "vertices": [
        [
            25.94877112067423,
            49.89328030875202
        ],
        [
            41.11921782107889,
            73.09920289695101
        ],
        [
            4.300490286130043,
            14.59454682382616
        ],
        [
            41.55015823903976,
            77.97150814134024
        ],
        [
            64.16795569178166,
            93.12329769963029
        ],
        [
            87.14541658847556,
            73.91498459485875
        ],
        [
            77.10849416653683,
            79.12071606912846
        ],
        [
            90.27360089121873,
            49.20987715485641
        ],
        [
            66.40959423857915,
            34.43804416221508
        ],
        [
            89.27146247836278,
            6.385983295292464
        ],
        [
            95.02194223844728,
            91.40081090741008
        ],
        [
            51.83956285274005,
            13.188593378433012
        ],
        [
            84.83945901713827,
            41.39155265988518
        ],
        [
            16.049426998323447,
            94.27275532108791
        ],
        [
            15.62076778197481,
            67.89763775047975
        ],
        [
            78.06464517655586,
            24.76478590609417
        ],
        [
            25.94877112067423,
            49.89328030875202
        ]
    ],
    "distances": [
        [
            0.0,
            27.7246694526608,
            41.40831617840937,
            32.12149059797558,
            57.70217043488064,
            65.7424649166802,
            58.91994792306165,
            64.32845999151763,
            43.31215224072351,
            76.82869343024434,
            80.58522237149745,
            44.9173367327799,
            59.50119741597006,
            45.4701530283687,
            20.756313252928205,
            57.85763181770338,
            0.0
        ],
        [
            27.7246694526608,
            0.0,
            69.12606946389636,
            4.89132579556249,
            30.53209278937582,
            46.03342777541715,
            36.48954141603379,
            54.652111207326236,
            46.1983585644696,
            82.27570926557877,
            56.924973038054766,
            60.862196234429476,
            54.007726982328265,
            32.814840151285004,
            26.023589959297922,
            60.837327919007556,
            27.7246694526608
        ],
        [
            41.40831617840937,
            69.12606946389636,
            0.0,
            73.51310759615393,
            98.74653476558557,
            101.89306233197631,
            97.28633997906759,
            92.68007790804428,
            65.20203356027154,
            85.36654280510112,
            118.86792690551071,
            47.559858342766596,
            84.87994466322479,
            80.53976920255135,
            54.49190935283905,
            74.46196552394532,
            41.40831617840937
        ],
        [
            32.12149059797558,
            4.89132579556249,
            73.51310759615393,
            0.0,
            27.22391390729785,
            45.77535327263956,
            35.576901675019705,
            56.57919477054123,
            50.13136786720449,
            86.03377386693062,
            55.13236669019447,
            65.5949532546715,
            56.675009526968005,
            30.265788498343742,
            27.81755118853539,
            64.53110139559577,
            32.12149059797558
        ],
        [
            57.70217043488064,
            30.53209278937582,
            98.74653476558557,
            27.22391390729785,
            0.0,
            29.948672785117456,
            19.066458201131272,
            51.08711398406707,
            58.728050590200866,
            90.29699753070904,
            30.902029813123868,
            80.87982582146779,
            55.70892652517568,
            48.132255883624325,
            54.70981058110396,
            69.75674958929243,
            57.70217043488064
        ],
        [
            65.7424649166802,
            46.03342777541715,
            101.89306233197631,
            45.77535327263956,
            29.948672785117456,
            0.0,
            11.306610981466491,
            24.902366768120416,
            44.59151437716553,
            67.5624606393427,
            19.177950311422094,
            70.24384598083691,
            32.60507729096293,
            73.9532187585147,
            71.777321278652,
            49.98202117342369,
            65.7424649166802
        ],
        [
            58.91994792306165,
            36.48954141603379,
            97.28633997906759,
            35.576901675019705,
            19.066458201131272,
            11.306610981466491,
            0.0,
            32.67993757074509,
            45.94570304619704,
            73.74468896019438,
            21.718479483201005,
            70.6085242179887,
            38.513083349462136,
            62.91100044463856,
            62.5035837603676,
            54.364339126330066,
            58.91994792306165
        ],
        [
            64.32845999151763,
            54.652111207326236,
            92.68007790804428,
            56.57919477054123,
            51.08711398406707,
            24.902366768120416,
            32.67993757074509,
            0.0,
            28.06595559534208,
            42.83561796792151,
            42.45729191154533,
            52.675498714723616,
            9.521349474538885,
            86.83254561918235,
            76.95633753834676,
            27.32436798542487,
            64.32845999151763
        ],
        [
            43.31215224072351,
            46.1983585644696,
            65.20203356027154,
            50.13136786720449,
            58.728050590200866,
            44.59151437716553,
            45.94570304619704,
            28.06595559534208,
            0.0,
            36.18816295827627,
            63.74498610348151,
            25.76480105098257,
            19.697999801582505,
            78.20702720300949,
            60.819810061614916,
            15.146357240486674,
            43.31215224072351
        ],
        [
            76.82869343024434,
            82.27570926557877,
            85.36654280510112,
            86.03377386693062,
            90.29699753070904,
            67.5624606393427,
            73.74468896019438,
            42.83561796792151,
            36.18816295827627,
            0.0,
            85.20908948808933,
            38.04500773460219,
            35.28501865125791,
            114.39209403168682,
            95.95888944269267,
            21.52610367537262,
            76.82869343024434
        ],
        [
            80.58522237149745,
            56.924973038054766,
            118.86792690551071,
            55.13236669019447,
            30.902029813123868,
            19.177950311422094,
            21.718479483201005,
            42.45729191154533,
            63.74498610348151,
            85.20908948808933,
            0.0,
            89.34130545392304,
            51.03536886336648,
            79.02471909514672,
            82.80667638247431,
            68.75979749549319,
            80.58522237149745
        ],
        [
            44.9173367327799,
            60.862196234429476,
            47.559858342766596,
            65.5949532546715,
            80.87982582146779,
            70.24384598083691,
            70.6085242179887,
            52.675498714723616,
            25.76480105098257,
            38.04500773460219,
            89.34130545392304,
            0.0,
            43.40967702128539,
            88.63168249796617,
            65.61158931530821,
            28.666411989092637,
            44.9173367327799
        ],
        [
            59.50119741597006,
            54.007726982328265,
            84.87994466322479,
            56.675009526968005,
            55.70892652517568,
            32.60507729096293,
            38.513083349462136,
            9.521349474538885,
            19.697999801582505,
            35.28501865125791,
            51.03536886336648,
            43.40967702128539,
            0.0,
            86.76687213473103,
            74.12017109491002,
            17.954037853906765,
            59.50119741597006
        ],
        [
            45.4701530283687,
            32.814840151285004,
            80.53976920255135,
            30.265788498343742,
            48.132255883624325,
            73.9532187585147,
            62.91100044463856,
            86.83254561918235,
            78.20702720300949,
            114.39209403168682,
            79.02471909514672,
            88.63168249796617,
            86.76687213473103,
            0.0,
            26.378600713213814,
            93.15173158825053,
            45.4701530283687
        ],
        [
            20.756313252928205,
            26.023589959297922,
            54.49190935283905,
            27.81755118853539,
            54.70981058110396,
            71.777321278652,
            62.5035837603676,
            76.95633753834676,
            60.819810061614916,
            95.95888944269267,
            82.80667638247431,
            65.61158931530821,
            74.12017109491002,
            26.378600713213814,
            0.0,
            75.89256045423153,
            20.756313252928205
        ],
        [
            57.85763181770338,
            60.837327919007556,
            74.46196552394532,
            64.53110139559577,
            69.75674958929243,
            49.98202117342369,
            54.364339126330066,
            27.32436798542487,
            15.146357240486674,
            21.52610367537262,
            68.75979749549319,
            28.666411989092637,
            17.954037853906765,
            93.15173158825053,
            75.89256045423153,
            0.0,
            57.85763181770338
        ],
        [
            0.0,
            27.7246694526608,
            41.40831617840937,
            32.12149059797558,
            57.70217043488064,
            65.7424649166802,
            58.91994792306165,
            64.32845999151763,
            43.31215224072351,
            76.82869343024434,
            80.58522237149745,
            44.9173367327799,
            59.50119741597006,
            45.4701530283687,
            20.756313252928205,
            57.85763181770338,
            0.0
        ]
    ],
    "scores_ave": [
        0,
        12.830666523724759,
        15.117766111910539,
        11.225712288093645,
        12.645635450613725,
        18.273715024093345,
        17.011936739663845,
        16.091209063078118,
        14.943429519599551,
        13.408653486339261,
        19.410492073563773,
        16.653721609492237,
        14.145560371984224,
        15.616330738424281,
        17.43975985558769,
        15.688409324652799,
        0
    ],
    "scores_var": [
        0,
        329.6469973606842,
        19.64510782391736,
        19.61044254639576,
        21.912756866693705,
        20.997774250298406,
        23.731652684921617,
        274.3565256034743,
        22.51897935044216,
        243.27055885171114,
        246.64324554624488,
        345.2618419692761,
        393.6766967572497,
        19.186774496399302,
        20.160709214489092,
        372.7738623793301,
        0
    ],
    "vertex_number": 17,
    "minimum_distances": {
        "cost": 389.835241031921,
        "path": [
            0,
            2,
            11,
            9,
            15,
            8,
            12,
            7,
            5,
            10,
            6,
            4,
            3,
            1,
            13,
            14,
            16
        ]
    }
}