{
    "vertices": [
        [
            41.09674383508065,
            55.781170487879116
        ],
        [
            27.436760769392123,
            98.38706138067084
        ],
        [
            75.53224536135991,
            5.702282050657825
        ],
        [
            60.25352699479494,
            31.91681928723562
        ],
        [
            95.94607838575034,
            44.0360854812999
        ],
        [
            34.52308372622199,
            36.33023733525047
        ],
        [
            57.19101251762907,
            52.62608078001831
        ],
        [
            6.695727634642612,
            64.95791153340433
        ],
        [
            58.70952453237939,
            62.30019264468655
        ],
        [
            23.608849107639973,
            13.162299477662787
        ],
        [
            30.19602671840287,
            83.70496055927812
        ],
        [
            22.830349244310323,
            5.715729045547057
        ],
        [
            81.00732516715708,
            47.743573607813595
        ],
        [
            48.3875156917739,
            41.292108463024924
        ],
        [
            99.4773903772669,
            49.26416128174935
        ],
        [
            82.68660791685322,
            3.047352152520655
        ],
        [
            41.09674383508065,
            55.781170487879116
        ]
    ],
    "distances": [
        [
            0.0,
            44.74211747473928,
            60.775807954103236,
            30.602117561632358,
            56.09274928600897,
            20.531726857106484,
            16.400612046222786,
            35.60396736094768,
            18.780513671678026,
            46.06728370745887,
            29.976051868273007,
            53.29361686132125,
            40.71188359521979,
            16.21999607356371,
            58.74326599429473,
            67.16079504120619,
            0.0
        ],
        [
            44.74211747473928,
            0.0,
            104.420515022621,
            74.12984034417332,
            87.45030120858962,
            62.4601103397421,
            54.583723238990935,
            39.34079962339068,
            47.75194078300662,
            85.3106848472956,
            14.939130935463115,
            92.78574709461236,
            73.71952403328865,
            60.817495677526125,
            87.19467660601549,
            110.19167738775029,
            44.74211747473928
        ],
        [
            60.775807954103236,
            104.420515022621,
            0.0,
            30.342069762175644,
            43.43046239918244,
            51.18420638177244,
            50.38098559398658,
            90.82783603134669,
            59.04513036398076,
            52.45656239720666,
            90.22078793360863,
            52.70189783256347,
            42.396305200732115,
            44.760161895343124,
            49.70922743291248,
            7.631091425180763,
            60.775807954103236
        ],
        [
            30.602117561632358,
            74.12984034417332,
            30.342069762175644,
            0.0,
            37.69396288371099,
            26.106205577674327,
            20.934481280874927,
            62.92973581004582,
            30.422579117855935,
            41.165087522571895,
            59.87875165096832,
            45.6836005892429,
            26.099928944406642,
            15.122773269909695,
            42.88871335120051,
            36.5607611011861,
            30.602117561632358
        ],
        [
            56.09274928600897,
            87.45030120858962,
            43.43046239918244,
            37.69396288371099,
            0.0,
            61.90447777499154,
            39.695631367625616,
            91.66977645085795,
            41.47455308198831,
            78.6502727384482,
            76.78990131658657,
            82.54913424892817,
            15.391939966562715,
            47.63765627519588,
            6.308957200415441,
            43.08003965891087,
            56.09274928600897
        ],
        [
            20.531726857106484,
            62.4601103397421,
            51.18420638177244,
            26.106205577674327,
            61.90447777499154,
            0.0,
            27.91754841078788,
            39.9237457792127,
            35.488343123395644,
            25.610034398307608,
            47.57192263197002,
            32.771453392927285,
            47.86490308367658,
            14.725577707379065,
            66.22951261463271,
            58.544645430203914,
            20.531726857106484
        ],
        [
            16.400612046222786,
            54.583723238990935,
            50.38098559398658,
            20.934481280874927,
            39.695631367625616,
            27.91754841078788,
            0.0,
            51.97930208404223,
            9.792564480719838,
            51.81844974500257,
            41.16583567272877,
            58.14839877790451,
            24.311635578601006,
            14.35132345274172,
            42.419809702554176,
            55.75011853870802,
            16.400612046222786
        ],
        [
            35.60396736094768,
            39.34079962339068,
            90.82783603134669,
            62.92973581004582,
            91.66977645085795,
            39.9237457792127,
            51.97930208404223,
            0.0,
            52.081652598688336,
            54.4870544825947,
            30.06186794270607,
            61.400017918659756,
            76.27940061412939,
            47.94033193842878,
            94.09957884202989,
            98.01801492031548,
            35.60396736094768
        ],
        [
            18.780513671678026,
            47.75194078300662,
            59.04513036398076,
            30.422579117855935,
            41.47455308198831,
            35.488343123395644,
            9.792564480719838,
            52.081652598688336,
            0.0,
            60.387001582846835,
            35.65366246355587,
            67.00087118951758,
            26.628688869956484,
            23.406910678030947,
            42.8013667917536,
            63.920259965179,
            18.780513671678026
        ],
        [
            46.06728370745887,
            85.3106848472956,
            52.45656239720666,
            41.165087522571895,
            78.6502727384482,
            25.610034398307608,
            51.81844974500257,
            54.4870544825947,
            60.387001582846835,
            0.0,
            70.84954439762745,
            7.487153880992731,
            67.01081684638382,
            37.4869106654661,
            84.0201165204051,
            59.93741523714527,
            46.06728370745887
        ],
        [
            29.976051868273007,
            14.939130935463115,
            90.22078793360863,
            59.87875165096832,
            76.78990131658657,
            47.57192263197002,
            41.16583567272877,
            30.06186794270607,
            35.65366246355587,
            70.84954439762745,
            0.0,
            78.33628429249562,
            62.24957350473443,
            46.149542728037176,
            77.3697357195098,
            96.2336267031901,
            29.976051868273007
        ],
        [
            53.29361686132125,
            92.78574709461236,
            52.70189783256347,
            45.6836005892429,
            82.54913424892817,
            32.771453392927285,
            58.14839877790451,
            61.400017918659756,
            67.00087118951758,
            7.487153880992731,
            78.33628429249562,
            0.0,
            71.76977250958461,
            43.80465191369178,
            88.154607733619,
            59.915706934973265,
            53.29361686132125
        ],
        [
            40.71188359521979,
            73.71952403328865,
            42.396305200732115,
            26.099928944406642,
            15.391939966562715,
            47.86490308367658,
            24.311635578601006,
            76.27940061412939,
            26.628688869956484,
            67.01081684638382,
            62.24957350473443,
            71.76977250958461,
            0.0,
            33.25166721721967,
            18.53255232664499,
            44.72775651577012,
            40.71188359521979
        ],
        [
            16.21999607356371,
            60.817495677526125,
            44.760161895343124,
            15.122773269909695,
            47.63765627519588,
            14.725577707379065,
            14.35132345274172,
            47.94033193842878,
            23.406910678030947,
            37.4869106654661,
            46.149542728037176,
            43.80465191369178,
            33.25166721721967,
            0.0,
            51.708112724444995,
            51.37206549005357,
            16.21999607356371
        ],
        [
            58.74326599429473,
            87.19467660601549,
            49.70922743291248,
            42.88871335120051,
            6.308957200415441,
            66.22951261463271,
            42.419809702554176,
            94.09957884202989,
            42.8013667917536,
            84.0201165204051,
            77.3697357195098,
            88.154607733619,
            18.53255232664499,
            51.708112724444995,
            0.0,
            49.17238881446063,
            58.74326599429473
        ],
        [
            67.16079504120619,
            110.19167738775029,
            7.631091425180763,
            36.5607611011861,
            43.08003965891087,
            58.544645430203914,
            55.75011853870802,
            98.01801492031548,
            63.920259965179,
            59.93741523714527,
            96.2336267031901,
            59.915706934973265,
            44.72775651577012,
            51.37206549005357,
            49.17238881446063,
            0.0,
            67.16079504120619
        ],
        [
            0.0,
            44.74211747473928,
            60.775807954103236,
            30.602117561632358,
            56.09274928600897,
            20.531726857106484,
            16.400612046222786,
            35.60396736094768,
            18.780513671678026,
            46.06728370745887,
            29.976051868273007,
            53.29361686132125,
            40.71188359521979,
            16.21999607356371,
            58.74326599429473,
            67.16079504120619,
            0.0
        ]
    ],
    "scores_ave": [
        0,
        15.995643157588827,
        12.149145856649616,
        11.443347785992835,
        11.678077787736317,
        16.28975643108838,
        17.42509874543003,
        16.896817309560497,
        15.18998723854851,
        17.622592337084278,
        15.839372784814238,
        14.17593927307431,
        14.075394696142155,
        12.633130210666152,
        14.568290323698323,
        17.92572320437201,
        0
    ],
    "scores_var": [
        0,
        315.2714195895273,
        21.73955990402805,
        306.9429959400118,
        22.4691437820692,
        20.436230011268876,
        16.869872725338556,
        21.74505101069228,
        24.952766586045776,
        20.706020363855565,
        19.972558714741368,
        338.8369096323626,
        382.15954689076773,
        315.8905302781928,
        21.89540108423268,
        234.23662339047047,
        0
    ],
    "vertex_number": 17,
    "minimum_distances": {
        "cost": 375.26283346549195,
        "path": [
            0,
            7,
            1,
            10,
            8,
            6,
            12,
            14,
            4,
            15,
            2,
            3,
            11,
            9,
            5,
            13,
            16
        ]
    }
}