{
    "vertices": [
        [
            98.02919253365539,
            59.918265734472044
        ],
        [
            95.51579143635175,
            68.43998259604346
        ],
        [
            87.46692820887917,
            37.178031285699
        ],
        [
            88.73292028369724,
            43.955277154274455
        ],
        [
            64.82191383599908,
            40.160416095077146
        ],
        [
            63.87176108292297,
            7.3149348937413095
        ],
        [
            54.03639495785413,
            55.64624152920095
        ],
        [
            84.32175234390326,
            39.726336865358206
        ],
        [
            76.32680310527358,
            44.21816995703374
        ],
        [
            98.22234456150068,
            74.67575327323968
        ],
        [
            43.285494408545176,
            72.21072421124252
        ],
        [
            32.3903907811807,
            9.852264014363776
        ],
        [
            94.57146655386163,
            24.68232082700418
        ],
        [
            22.631773157779556,
            86.06550578611547
        ],
        [
            5.960007825621306,
            62.54427746918134
        ],
        [
            49.94535738691251,
            35.56212385207468
        ],
        [
            70.40193458255357,
            24.02115492570043
        ],
        [
            87.14024761177015,
            51.73819854794161
        ],
        [
            75.06793057746081,
            67.49594750642504
        ],
        [
            54.21692267650814,
            6.535724455581371
        ],
        [
            96.39070508922867,
            34.01456412215532
        ],
        [
            16.03792091369919,
            21.67070060335132
        ],
        [
            12.56498465388286,
            23.631221786841884
        ],
        [
            98.02919253365539,
            59.918265734472044
        ]
    ],
    "distances": [
        [
            0.0,
            8.884640867515007,
            25.073485805759137,
            18.47261979679278,
            38.64060016196378,
            62.72033592743949,
            44.19973336294969,
            24.4050795534656,
            26.78594247589348,
            14.758751510976216,
            56.10683576727814,
            82.55335743468318,
            35.405192874399816,
            79.8025626835377,
            92.10662685405936,
            53.90062012458314,
            45.29754901000657,
            13.619200442316808,
            24.179346799654805,
            69.0594722208906,
            25.955469526199753,
            90.47344837197683,
            92.84869620503142,
            0.0
        ],
        [
            8.884640867515007,
            0.0,
            32.28147764562379,
            25.406852257682484,
            41.73545259881588,
            68.83034297181321,
            43.40760466445728,
            30.81850032611199,
            30.901674399448734,
            6.797813307074089,
            52.366233585598785,
            86.12396284706112,
            43.76785022110787,
            74.98492640627856,
            89.74963909161353,
            56.19268684662316,
            51.02683664191518,
            18.684199869058258,
            20.46964132453216,
            74.41595082214398,
            34.43653453822422,
            92.21766447339404,
            94.27969766136675,
            8.884640867515007
        ],
        [
            25.073485805759137,
            32.28147764562379,
            0.0,
            6.894475868158888,
            22.840562495244182,
            38.059643164606264,
            38.19260848706306,
            4.047961530072787,
            13.178237356930788,
            39.00971847082634,
            56.38518126483874,
            61.48270107918036,
            14.374186758313014,
            81.20087741846757,
            85.36289894212689,
            37.55635011262279,
            21.548025501628278,
            14.563831601505454,
            32.75532302131794,
            45.21630055382436,
            9.467909922737936,
            73.09295717144407,
            76.11712813758923,
            25.073485805759137
        ],
        [
            18.47261979679278,
            25.406852257682484,
            6.894475868158888,
            0.0,
            24.210270543727407,
            44.27857176756331,
            36.61321506918879,
            6.110837795285139,
            12.408902291118308,
            32.152711022557305,
            53.51484660415805,
            65.85967002622218,
            20.137911215955786,
            78.37495139895232,
            84.83458003373336,
            39.685262476469255,
            27.0812530322964,
            7.944209945608514,
            27.219388389531623,
            50.90753397081568,
            12.548284492900665,
            76.03397454729017,
            78.83287159989804,
            18.47261979679278
        ],
        [
            38.64060016196378,
            41.73545259881588,
            22.840562495244182,
            24.210270543727407,
            0.0,
            32.85922131763752,
            18.871624382839357,
            19.504669354080725,
            12.199501772715603,
            48.030170447035474,
            38.613982080282135,
            44.38905011602373,
            33.53516542437841,
            62.34809724434441,
            62.974290223786255,
            15.571005854950924,
            17.07666192864781,
            25.142654375633846,
            29.192672652689776,
            35.2574208549641,
            32.161468835596615,
            52.170370368706145,
            54.808766744236344,
            38.64060016196378
        ],
        [
            62.72033592743949,
            68.83034297181321,
            38.059643164606264,
            44.27857176756331,
            32.85922131763752,
            0.0,
            49.32189805659325,
            38.32363657509425,
            38.948386743421544,
            75.61377148426403,
            68.08272796187079,
            31.58345635204892,
            35.27177356126677,
            88.89538244442635,
            80.02531753545188,
            31.493624814429417,
            17.937138949439785,
            50.148268355285566,
            61.21362994005843,
            9.686231132949509,
            42.07555014756225,
            49.94160864894183,
            53.83870843099295,
            62.72033592743949
        ],
        [
            44.19973336294969,
            43.40760466445728,
            38.19260848706306,
            36.61321506918879,
            18.871624382839357,
            49.32189805659325,
            0.0,
            34.214707897431516,
            25.04921386465292,
            48.10946330601185,
            19.747504884029947,
            50.65212605060104,
            51.008395530004506,
            43.72164118989264,
            48.56873376481606,
            20.496545349778142,
            35.60866453388157,
            33.33373457138509,
            24.140029458669787,
            49.11084887777325,
            47.55856446684598,
            50.972751651136115,
            52.39121454694456,
            44.19973336294969
        ],
        [
            24.4050795534656,
            30.81850032611199,
            4.047961530072787,
            6.110837795285139,
            19.504669354080725,
            38.32363657509425,
            34.214707897431516,
            0.0,
            9.170375011510519,
            37.6123406776476,
            52.33746159850216,
            59.91098849513953,
            18.203819927368972,
            77.1555060138345,
            81.61630607512258,
            34.62769412275409,
            20.986044559824492,
            12.338101015006458,
            29.27088130619808,
            44.80979269578141,
            13.352301982762873,
            70.63064232763583,
            73.53969294680417,
            24.4050795534656
        ],
        [
            26.78594247589348,
            30.901674399448734,
            13.178237356930788,
            12.408902291118308,
            12.199501772715603,
            38.948386743421544,
            25.04921386465292,
            9.170375011510519,
            0.0,
            37.51105326600395,
            43.30486316878651,
            55.78013821400176,
            26.730453523715628,
            68.07610268702393,
            72.71404330990876,
            27.765226675862177,
            21.048123032408903,
            13.171234266504888,
            23.311792888583827,
            43.689970377012536,
            22.509414360558605,
            64.36720974350825,
            67.00292476594045,
            26.78594247589348
        ],
        [
            14.758751510976216,
            6.797813307074089,
            39.00971847082634,
            32.152711022557305,
            48.030170447035474,
            75.61377148426403,
            48.10946330601185,
            37.6123406776476,
            37.51105326600395,
            0.0,
            54.99212555452623,
            92.3901017329767,
            50.12656180093519,
            76.44384178889509,
            93.05649620069117,
            62.13327206216952,
            57.791552541415825,
            25.474384969597804,
            24.24203988515582,
            81.11436791683386,
            40.70242261016714,
            97.79476007874324,
            99.71322630929674,
            14.758751510976216
        ],
        [
            56.10683576727814,
            52.366233585598785,
            56.38518126483874,
            53.51484660415805,
            38.613982080282135,
            68.08272796187079,
            19.747504884029947,
            52.33746159850216,
            43.30486316878651,
            54.99212555452623,
            0.0,
            63.30308713780649,
            69.92281506879606,
            24.87028697043454,
            38.556868924604544,
            37.248807808796045,
            55.29498996868195,
            48.39797191567313,
            32.13024071194435,
            66.57853795994406,
            65.41490691723835,
            57.417107621711786,
            57.47797643783791,
            56.10683576727814
        ],
        [
            82.55335743468318,
            86.12396284706112,
            61.48270107918036,
            65.85967002622218,
            44.38905011602373,
            31.58345635204892,
            50.65212605060104,
            59.91098849513953,
            55.78013821400176,
            92.3901017329767,
            63.30308713780649,
            0.0,
            63.92508716704287,
            76.83546602500196,
            58.949244482861694,
            31.131555460707375,
            40.56642616525452,
            68.93459461490443,
            71.72284607847077,
            22.07706794895361,
            68.40948017656554,
            20.17619176591089,
            24.143454711536904,
            82.55335743468318
        ],
        [
            35.405192874399816,
            43.76785022110787,
            14.374186758313014,
            20.137911215955786,
            33.53516542437841,
            35.27177356126677,
            51.008395530004506,
            18.203819927368972,
            26.730453523715628,
            50.12656180093519,
            69.92281506879606,
            63.92508716704287,
            0.0,
            94.56857237817837,
            96.36139464910593,
            45.933209481210795,
            24.17857349102981,
            28.057860471098245,
            47.04672725097441,
            44.246900133417064,
            9.507912166635633,
            78.591269535407,
            82.0132177322886,
            35.405192874399816
        ],
        [
            79.8025626835377,
            74.98492640627856,
            81.20087741846757,
            78.37495139895232,
            62.34809724434441,
            88.89538244442635,
            43.72164118989264,
            77.1555060138345,
            68.07610268702393,
            76.44384178889509,
            24.87028697043454,
            76.83546602500196,
            94.56857237817837,
            0.0,
            28.83046896649268,
            57.41623002442374,
            78.30383002279807,
            73.07330086019887,
            55.62714355100766,
            85.57223725369701,
            90.27558123752584,
            64.73152108473052,
            63.24065187270081,
            79.8025626835377
        ],
        [
            92.10662685405936,
            89.74963909161353,
            85.36289894212689,
            84.83458003373336,
            62.974290223786255,
            80.02531753545188,
            48.56873376481606,
            81.61630607512258,
            72.71404330990876,
            93.05649620069117,
            38.556868924604544,
            58.949244482861694,
            96.36139464910593,
            28.83046896649268,
            0.0,
            51.60181769905129,
            75.07857813415136,
            81.89629218339915,
            69.28509235926553,
            73.93029042011793,
            94.8243404999248,
            42.09766760781132,
            39.46962910186417,
            92.10662685405936
        ],
        [
            53.90062012458314,
            56.19268684662316,
            37.55635011262279,
            39.685262476469255,
            15.571005854950924,
            31.493624814429417,
            20.496545349778142,
            34.62769412275409,
            27.765226675862177,
            62.13327206216952,
            37.248807808796045,
            31.131555460707375,
            45.933209481210795,
            57.41623002442374,
            51.60181769905129,
            0.0,
            23.487560842300283,
            40.560143631470005,
            40.63142597671909,
            29.339020637165536,
            46.47112290774469,
            36.64267850553735,
            39.238229951800875,
            53.90062012458314
        ],
        [
            45.29754901000657,
            51.02683664191518,
            21.548025501628278,
            27.0812530322964,
            17.07666192864781,
            17.937138949439785,
            35.60866453388157,
            20.986044559824492,
            21.048123032408903,
            57.791552541415825,
            55.29498996868195,
            40.56642616525452,
            24.17857349102981,
            78.30383002279807,
            75.07857813415136,
            23.487560842300283,
            0.0,
            32.37909248606672,
            43.724468076370215,
            23.826348631802567,
            27.843929676258256,
            54.41480145795659,
            57.8382643662856,
            45.29754901000657
        ],
        [
            13.619200442316808,
            18.684199869058258,
            14.563831601505454,
            7.944209945608514,
            25.142654375633846,
            50.148268355285566,
            33.33373457138509,
            12.338101015006458,
            13.171234266504888,
            25.474384969597804,
            48.39797191567313,
            68.93459461490443,
            28.057860471098245,
            73.07330086019887,
            81.89629218339915,
            40.560143631470005,
            32.37909248606672,
            0.0,
            19.850629481592293,
            55.92145374418787,
            19.99245309613568,
            77.19841510372576,
            79.69612279080481,
            13.619200442316808
        ],
        [
            24.179346799654805,
            20.46964132453216,
            32.75532302131794,
            27.219388389531623,
            29.192672652689776,
            61.21362994005843,
            24.140029458669787,
            29.27088130619808,
            23.311792888583827,
            24.24203988515582,
            32.13024071194435,
            71.72284607847077,
            47.04672725097441,
            55.62714355100766,
            69.28509235926553,
            40.63142597671909,
            43.724468076370215,
            19.850629481592293,
            0.0,
            64.42758201961487,
            39.69463120126133,
            74.72948075981431,
            76.35923265447323,
            24.179346799654805
        ],
        [
            69.0594722208906,
            74.41595082214398,
            45.21630055382436,
            50.90753397081568,
            35.2574208549641,
            9.686231132949509,
            49.11084887777325,
            44.80979269578141,
            43.689970377012536,
            81.11436791683386,
            66.57853795994406,
            22.07706794895361,
            44.246900133417064,
            85.57223725369701,
            73.93029042011793,
            29.339020637165536,
            23.826348631802567,
            55.92145374418787,
            64.42758201961487,
            0.0,
            50.336016453596855,
            41.06949815371664,
            45.023771166393345,
            69.0594722208906
        ],
        [
            25.955469526199753,
            34.43653453822422,
            9.467909922737936,
            12.548284492900665,
            32.161468835596615,
            42.07555014756225,
            47.55856446684598,
            13.352301982762873,
            22.509414360558605,
            40.70242261016714,
            65.41490691723835,
            68.40948017656554,
            9.507912166635633,
            90.27558123752584,
            94.8243404999248,
            46.47112290774469,
            27.843929676258256,
            19.99245309613568,
            39.69463120126133,
            50.336016453596855,
            0.0,
            81.29539280506664,
            84.46635545918306,
            25.955469526199753
        ],
        [
            90.47344837197683,
            92.21766447339404,
            73.09295717144407,
            76.03397454729017,
            52.170370368706145,
            49.94160864894183,
            50.972751651136115,
            70.63064232763583,
            64.36720974350825,
            97.79476007874324,
            57.417107621711786,
            20.17619176591089,
            78.591269535407,
            64.73152108473052,
            42.09766760781132,
            36.64267850553735,
            54.41480145795659,
            77.19841510372576,
            74.72948075981431,
            41.06949815371664,
            81.29539280506664,
            0.0,
            3.9880984912188757,
            90.47344837197683
        ],
        [
            92.84869620503142,
            94.27969766136675,
            76.11712813758923,
            78.83287159989804,
            54.808766744236344,
            53.83870843099295,
            52.39121454694456,
            73.53969294680417,
            67.00292476594045,
            99.71322630929674,
            57.47797643783791,
            24.143454711536904,
            82.0132177322886,
            63.24065187270081,
            39.46962910186417,
            39.238229951800875,
            57.8382643662856,
            79.69612279080481,
            76.35923265447323,
            45.023771166393345,
            84.46635545918306,
            3.9880984912188757,
            0.0,
            92.84869620503142
        ],
        [
            0.0,
            8.884640867515007,
            25.073485805759137,
            18.47261979679278,
            38.64060016196378,
            62.72033592743949,
            44.19973336294969,
            24.4050795534656,
            26.78594247589348,
            14.758751510976216,
            56.10683576727814,
            82.55335743468318,
            35.405192874399816,
            79.8025626835377,
            92.10662685405936,
            53.90062012458314,
            45.29754901000657,
            13.619200442316808,
            24.179346799654805,
            69.0594722208906,
            25.955469526199753,
            90.47344837197683,
            92.84869620503142,
            0.0
        ]
    ],
    "scores_ave": [
        0,
        13.685748450118261,
        11.924599361923464,
        13.33397611464735,
        10.762609326990033,
        16.796473640747756,
        15.188959382863015,
        17.638031281447418,
        19.894528300086627,
        13.879784670916244,
        16.528354682720217,
        11.345249076148846,
        14.386734765484224,
        17.03820410043903,
        18.36496173770225,
        18.60460116016096,
        17.13236309661793,
        10.17841164322402,
        16.114066889808782,
        12.249360595355771,
        11.857842551986858,
        12.148288928072356,
        11.23290447315417,
        0
    ],
    "scores_var": [
        0,
        305.7541389965621,
        237.30977649873952,
        361.4814592829417,
        251.9732971789679,
        16.60105970332002,
        321.99086563121625,
        361.26954438486405,
        18.589868930768176,
        280.6429842969608,
        309.0533742150647,
        381.34625911311764,
        21.284372883966853,
        333.1860129224968,
        391.1774379128524,
        315.0168947859188,
        295.11355065624053,
        18.57175723953009,
        242.23758865276022,
        393.02415016188456,
        300.1317138027922,
        16.405497144379037,
        17.752681738145593,
        0
    ],
    "vertex_number": 24,
    "minimum_distances": {
        "cost": 389.17181434247664,
        "path": [
            0,
            1,
            9,
            18,
            6,
            10,
            13,
            14,
            22,
            21,
            11,
            19,
            5,
            15,
            4,
            16,
            12,
            20,
            2,
            3,
            7,
            8,
            17,
            23
        ]
    }
}