{
    "vertices": [
        [
            26.61615175300914,
            52.10724176904793
        ],
        [
            41.42519981481997,
            96.13514972806469
        ],
        [
            6.867876844205123,
            94.67263707937329
        ],
        [
            26.777976174499575,
            65.7662055992732
        ],
        [
            79.07071348649491,
            64.89984143894084
        ],
        [
            73.58313284082692,
            10.966247698330411
        ],
        [
            76.3285074446026,
            61.68383703368858
        ],
        [
            17.91586692031074,
            75.6774563698764
        ],
        [
            66.64837753765147,
            86.59401053220434
        ],
        [
            41.3865785544682,
            87.6305098035814
        ],
        [
            78.13594514337801,
            78.36426058798686
        ],
        [
            15.678707765752609,
            67.00663252267891
        ],
        [
            48.98124185259534,
            1.308238152385266
        ],
        [
            89.52018431741607,
            93.29947405217142
        ],
        [
            6.7975133353804456,
            78.95906151626876
        ],
        [
            79.72865726547181,
            5.620511522766791
        ],
        [
            98.14537867848036,
            78.18313901473914
        ],
        [
            97.37234751157703,
            20.868741975809424
        ],
        [
            48.31185877491595,
            90.63327877231974
        ],
        [
            30.046917392094098,
            26.151405222050485
        ],
        [
            54.6377719250924,
            3.2603059010960944
        ],
        [
            66.86193077272416,
            5.041530042689324
        ],
        [
            26.61615175300914,
            52.10724176904793
        ]
    ],
    "distances": [
        [
            0.0,
            46.45174467923325,
            46.9234188843691,
            13.659922403102918,
            53.99195915102742,
            62.43779869302126,
            50.626371440882885,
            25.12468850551563,
            52.83858742430576,
            38.471652937592474,
            57.82490940973802,
            18.482952302155585,
            55.50437841835827,
            75.1912050264575,
            33.37362210587797,
            70.58296062649886,
            76.13397875931221,
            77.34522032780657,
            44.21492090186168,
            26.18158902215017,
            56.31371361183973,
            61.92660130519375,
            0.0
        ],
        [
            46.45174467923325,
            0.0,
            34.588256882111985,
            33.71667136398875,
            48.916553266975725,
            91.03776430391744,
            49.04216379672621,
            31.164177362518572,
            26.9674253793781,
            8.50472761744115,
            40.78582257852822,
            38.87611564208986,
            95.1274772621368,
            48.17850756139932,
            38.653520889794166,
            98.285576673843,
            59.493305329061876,
            93.78227695749075,
            8.814570644469306,
            70.90267841185117,
            93.8099604394595,
            94.5784057235509,
            46.45174467923325
        ],
        [
            46.9234188843691,
            34.588256882111985,
            0.0,
            35.09976974648,
            78.10037758833268,
            107.04057644606343,
            76.89629465623841,
            21.974416372412968,
            60.32389634338752,
            35.22970797963803,
            73.11019561511497,
            29.03512613472053,
            102.42288074120776,
            82.66371336533022,
            15.713733101996162,
            115.06074217449515,
            92.75497769677749,
            116.78216534744952,
            41.64036567809951,
            72.33551780395071,
            103.1415394857281,
            107.85648731253744,
            46.9234188843691
        ],
        [
            13.659922403102918,
            33.71667136398875,
            35.09976974648,
            0.0,
            52.29991359877813,
            72.06773256114383,
            49.71841592664363,
            13.295483152971977,
            44.98273405633605,
            26.295609174053265,
            52.88054430607663,
            11.168366852934145,
            68.17488228193848,
            68.51762951495343,
            23.943064601508826,
            80.13288428568227,
            72.43953599802609,
            83.66210315487794,
            32.89497572642615,
            39.7494450981557,
            68.43358617187417,
            72.76131965326705,
            13.659922403102918
        ],
        [
            53.99195915102742,
            48.916553266975725,
            78.10037758833268,
            52.29991359877813,
            0.0,
            54.21204732455621,
            4.226390695474407,
            62.09728047292452,
            24.99902804256672,
            44.00883218035292,
            13.496828326554752,
            63.427004958212734,
            70.35103632329742,
            30.26104051768118,
            73.62796431564432,
            59.28298107658641,
            23.244114237233262,
            47.68319964012708,
            40.10382700140926,
            62.48819002627463,
            66.3053615830887,
            61.09068520292338,
            53.99195915102742
        ],
        [
            62.43779869302126,
            91.03776430391744,
            107.04057644606343,
            72.06773256114383,
            54.21204732455621,
            0.0,
            50.79183940068614,
            85.36032464088824,
            75.94504159174319,
            83.1506295349414,
            67.55161168570709,
            80.58192833716481,
            26.42972168953729,
            83.86149158940755,
            95.30656694901512,
            8.145205074928223,
            71.56405800980845,
            25.767928274631178,
            83.57914293086743,
            46.108470638470266,
            20.45258514735494,
            8.95973417793932,
            62.43779869302126
        ],
        [
            50.626371440882885,
            49.04216379672621,
            76.89629465623841,
            49.71841592664363,
            4.226390695474407,
            50.79183940068614,
            0.0,
            60.06544726501478,
            26.72492579487558,
            43.522042948270546,
            16.778061895992142,
            60.88292332750004,
            66.28035814353916,
            34.25739106822328,
            71.6449057696374,
            56.16633766009612,
            27.353296625772582,
            45.920749006828174,
            40.28650865561639,
            58.34843004089454,
            62.32011711621172,
            57.42792887739515,
            50.626371440882885
        ],
        [
            25.12468850551563,
            31.164177362518572,
            21.974416372412968,
            13.295483152971977,
            62.09728047292452,
            85.36032464088824,
            60.06544726501478,
            0.0,
            49.94025175996079,
            26.339130414703927,
            60.27998621515102,
            8.954779018599611,
            80.59676257743997,
            73.74085554901379,
            11.592528575611157,
            93.42802883271055,
            80.2686302516185,
            96.52630460905814,
            33.87614122887452,
            50.99011794304876,
            81.19570179016975,
            85.93690275280073,
            25.12468850551563
        ],
        [
            52.83858742430576,
            26.9674253793781,
            60.32389634338752,
            44.98273405633605,
            24.99902804256672,
            75.94504159174319,
            26.72492579487558,
            49.94025175996079,
            0.0,
            25.283053981003253,
            14.131277141167578,
            54.60377838524053,
            87.09644455278581,
            23.834487332193557,
            60.33587980824199,
            82.02317513720992,
            32.600672394119165,
            72.55186598405939,
            18.77614465889515,
            70.660989389237,
            84.19477997313864,
            81.5527600941681,
            52.83858742430576
        ],
        [
            38.471652937592474,
            8.50472761744115,
            35.22970797963803,
            26.295609174053265,
            44.00883218035292,
            83.1506295349414,
            43.522042948270546,
            26.339130414703927,
            25.283053981003253,
            0.0,
            37.89959523809703,
            32.95813912506321,
            86.65571818198046,
            48.46628889645544,
            35.65946505669769,
            90.53040824993562,
            57.5396750628593,
            87.12944375587452,
            7.548253282140358,
            62.51614363845767,
            85.40448133612558,
            86.4287750034052,
            38.471652937592474
        ],
        [
            57.82490940973802,
            40.78582257852822,
            73.11019561511497,
            52.88054430607663,
            13.496828326554752,
            67.55161168570709,
            16.778061895992142,
            60.27998621515102,
            14.131277141167578,
            37.89959523809703,
            0.0,
            63.481510820985655,
            82.3870579494711,
            18.77928387325945,
            71.34091141111533,
            72.76118305777862,
            20.010253257267237,
            60.6281604252883,
            32.249107505805114,
            70.98406057368051,
            78.69414307435527,
            74.18440681604199,
            57.82490940973802
        ],
        [
            18.482952302155585,
            38.87611564208986,
            29.03512613472053,
            11.168366852934145,
            63.427004958212734,
            80.58192833716481,
            60.88292332750004,
            8.954779018599611,
            54.60377838524053,
            32.95813912506321,
            63.481510820985655,
            0.0,
            73.65689240960381,
            78.38288827942532,
            14.890808351358256,
            88.71669449620197,
            83.22058704909021,
            93.82193623580497,
            40.28822356213445,
            43.30814063952073,
            74.7087868855938,
            80.37036918377939,
            18.482952302155585
        ],
        [
            55.50437841835827,
            95.1274772621368,
            102.42288074120776,
            68.17488228193848,
            70.35103632329742,
            26.42972168953729,
            66.28035814353916,
            80.59676257743997,
            87.09644455278581,
            86.65571818198046,
            82.3870579494711,
            73.65689240960381,
            0.0,
            100.52757501569482,
            88.36921025279746,
            31.048337414310854,
            91.25164509438216,
            52.1949462757164,
            89.32754869276121,
            31.236062377112038,
            5.983886776721347,
            18.26626684893845,
            55.50437841835827
        ],
        [
            75.1912050264575,
            48.17850756139932,
            82.66371336533022,
            68.51762951495343,
            30.26104051768118,
            83.86149158940755,
            34.25739106822328,
            73.74085554901379,
            23.834487332193557,
            48.46628889645544,
            18.77928387325945,
            78.38288827942532,
            100.52757501569482,
            0.0,
            83.95646327771313,
            88.22400167891783,
            17.40395250309647,
            72.85511249010236,
            41.29448742007789,
            89.69912277377775,
            96.56000463776788,
            91.12003695387979,
            75.1912050264575
        ],
        [
            33.37362210587797,
            38.653520889794166,
            15.713733101996162,
            23.943064601508826,
            73.62796431564432,
            95.30656694901512,
            71.6449057696374,
            11.592528575611157,
            60.33587980824199,
            35.65946505669769,
            71.34091141111533,
            14.890808351358256,
            88.36921025279746,
            83.95646327771313,
            0.0,
            103.42869364978507,
            91.35116068485114,
            107.60244332894203,
            43.124566384075806,
            57.699075835585305,
            89.54882435641545,
            95.24460982772247,
            33.37362210587797
        ],
        [
            70.58296062649886,
            98.285576673843,
            115.06074217449515,
            80.13288428568227,
            59.28298107658641,
            8.145205074928223,
            56.16633766009612,
            93.42802883271055,
            82.02317513720992,
            90.53040824993562,
            72.76118305777862,
            88.71669449620197,
            31.048337414310854,
            88.22400167891783,
            103.42869364978507,
            0.0,
            74.86327895666278,
            23.319698485392244,
            90.63214563731158,
            53.75679373751057,
            25.20164871076161,
            12.87974651122633,
            70.58296062649886
        ],
        [
            76.13397875931221,
            59.493305329061876,
            92.75497769677749,
            72.43953599802609,
            23.244114237233262,
            71.56405800980845,
            27.353296625772582,
            80.2686302516185,
            32.600672394119165,
            57.5396750628593,
            20.010253257267237,
            83.22058704909021,
            91.25164509438216,
            17.40395250309647,
            91.35116068485114,
            74.86327895666278,
            0.0,
            57.31960995262511,
            51.36521864026512,
            85.70123541143772,
            86.63915262271588,
            79.55092127620145,
            76.13397875931221
        ],
        [
            77.34522032780657,
            93.78227695749075,
            116.78216534744952,
            83.66210315487794,
            47.68319964012708,
            25.767928274631178,
            45.920749006828174,
            96.52630460905814,
            72.55186598405939,
            87.12944375587452,
            60.6281604252883,
            93.82193623580497,
            52.1949462757164,
            72.85511249010236,
            107.60244332894203,
            23.319698485392244,
            57.31960995262511,
            0.0,
            85.2878780924446,
            67.53236314350747,
            46.22013599670856,
            34.37129859569424,
            77.34522032780657
        ],
        [
            44.21492090186168,
            8.814570644469306,
            41.64036567809951,
            32.89497572642615,
            40.10382700140926,
            83.57914293086743,
            40.28650865561639,
            33.87614122887452,
            18.77614465889515,
            7.548253282140358,
            32.249107505805114,
            40.28822356213445,
            89.32754869276121,
            41.29448742007789,
            43.124566384075806,
            90.63214563731158,
            51.36521864026512,
            85.2878780924446,
            0.0,
            67.01880407968223,
            87.6016755863674,
            87.57883660862399,
            44.21492090186168
        ],
        [
            26.18158902215017,
            70.90267841185117,
            72.33551780395071,
            39.7494450981557,
            62.48819002627463,
            46.108470638470266,
            58.34843004089454,
            50.99011794304876,
            70.660989389237,
            62.51614363845767,
            70.98406057368051,
            43.30814063952073,
            31.236062377112038,
            89.69912277377775,
            57.699075835585305,
            53.75679373751057,
            85.70123541143772,
            67.53236314350747,
            67.01880407968223,
            0.0,
            33.59631757774774,
            42.437860929884046,
            26.18158902215017
        ],
        [
            56.31371361183973,
            93.8099604394595,
            103.1415394857281,
            68.43358617187417,
            66.3053615830887,
            20.45258514735494,
            62.32011711621172,
            81.19570179016975,
            84.19477997313864,
            85.40448133612558,
            78.69414307435527,
            74.7087868855938,
            5.983886776721347,
            96.56000463776788,
            89.54882435641545,
            25.20164871076161,
            86.63915262271588,
            46.22013599670856,
            87.6016755863674,
            33.59631757774774,
            0.0,
            12.35325135236584,
            56.31371361183973
        ],
        [
            61.92660130519375,
            94.5784057235509,
            107.85648731253744,
            72.76131965326705,
            61.09068520292338,
            8.95973417793932,
            57.42792887739515,
            85.93690275280073,
            81.5527600941681,
            86.4287750034052,
            74.18440681604199,
            80.37036918377939,
            18.26626684893845,
            91.12003695387979,
            95.24460982772247,
            12.87974651122633,
            79.55092127620145,
            34.37129859569424,
            87.57883660862399,
            42.437860929884046,
            12.35325135236584,
            0.0,
            61.92660130519375
        ],
        [
            0.0,
            46.45174467923325,
            46.9234188843691,
            13.659922403102918,
            53.99195915102742,
            62.43779869302126,
            50.626371440882885,
            25.12468850551563,
            52.83858742430576,
            38.471652937592474,
            57.82490940973802,
            18.482952302155585,
            55.50437841835827,
            75.1912050264575,
            33.37362210587797,
            70.58296062649886,
            76.13397875931221,
            77.34522032780657,
            44.21492090186168,
            26.18158902215017,
            56.31371361183973,
            61.92660130519375,
            0.0
        ]
    ],
    "scores_ave": [
        0,
        16.086689501311568,
        19.953084886991817,
        11.22824624680696,
        17.805055996838348,
        17.053368628980728,
        18.382567926487162,
        13.128733547855262,
        11.517123717755195,
        19.894996253409015,
        12.90679722742133,
        16.19239463346467,
        11.736479130046082,
        15.312400106232433,
        12.721221876108864,
        14.045260183078717,
        11.363588771010184,
        13.059687990664752,
        14.388797439617868,
        19.97154174623256,
        18.259205207709925,
        12.338502725478023,
        0
    ],
    "scores_var": [
        0,
        258.37548956409876,
        341.0487042458142,
        313.11037846275156,
        17.840131151049725,
        237.2542924769498,
        235.00571121811706,
        24.802295817582504,
        320.5430470538165,
        21.367896011610444,
        23.16819737169268,
        20.261147448883797,
        16.889590546775985,
        21.488259875298173,
        376.5901825060721,
        23.98641590182466,
        20.815283222105275,
        292.78712941821715,
        396.7796107601488,
        18.1303106887563,
        281.73163543863876,
        330.1425277009729,
        0
    ],
    "vertex_number": 23,
    "minimum_distances": {
        "cost": 386.6336400994223,
        "path": [
            0,
            11,
            14,
            2,
            7,
            3,
            9,
            1,
            18,
            8,
            10,
            13,
            16,
            4,
            6,
            17,
            15,
            5,
            21,
            20,
            12,
            19,
            22
        ]
    }
}