{
    "vertices": [
        [
            71.92885429009937,
            34.23804428284004
        ],
        [
            19.927544126382767,
            44.69938392684817
        ],
        [
            94.15995603602113,
            87.00933951107295
        ],
        [
            17.95745994981922,
            20.874356932046368
        ],
        [
            15.31274458956069,
            22.781549704636316
        ],
        [
            81.91389623038127,
            95.20764963500437
        ],
        [
            22.120745931316822,
            33.509590968807544
        ],
        [
            43.26087952555701,
            84.51913998329552
        ],
        [
            13.10268469088587,
            81.3380498706628
        ],
        [
            89.34912688350292,
            78.87668457130938
        ],
        [
            42.032305941979416,
            96.66517783558504
        ],
        [
            25.69922920151907,
            1.2224717617675296
        ],
        [
            79.71898289872907,
            89.98222610781188
        ],
        [
            66.93756104197664,
            74.679870791111
        ],
        [
            81.63197213419222,
            48.63121721087823
        ],
        [
            90.79773809273537,
            15.831825226336417
        ],
        [
            71.15981499409963,
            91.99078827148259
        ],
        [
            52.207574887886786,
            11.147614781055381
        ],
        [
            60.059318964751625,
            99.55476790634158
        ],
        [
            48.2118786143093,
            75.529437643914
        ],
        [
            71.92885429009937,
            34.23804428284004
        ]
    ],
    "distances": [
        [
            0.0,
            53.04315116855663,
            57.26282812525804,
            55.60125490169971,
            57.76361437482804,
            61.781824506466734,
            49.81343495996787,
            57.879541825577704,
            75.3586674251102,
            47.917367457236686,
            69.21669312198998,
            56.80850521466738,
            56.28587665724424,
            40.74867285708631,
            17.3583963208807,
            26.35950826387656,
            57.75786405033066,
            30.366046760107277,
            66.38644631058783,
            47.6180018575429,
            0.0
        ],
        [
            53.04315116855663,
            0.0,
            85.44345100393178,
            23.906341061855965,
            22.398389043799877,
            79.95869403639973,
            11.402701460661925,
            46.152546118771525,
            37.26889518696165,
            77.37857605206734,
            56.47180032095288,
            43.85834287814222,
            75.0036795527613,
            55.75635643603927,
            61.82957018081515,
            76.52398537815404,
            69.72246770697963,
            46.55879722218154,
            67.96817272234996,
            41.838926726459825,
            53.04315116855663
        ],
        [
            57.26282812525804,
            85.44345100393178,
            0.0,
            100.89923850305198,
            101.69607532398999,
            14.736969486684316,
            89.73221766230544,
            50.95995568391149,
            81.25542913617717,
            9.449029236063346,
            53.0144048167662,
            109.75544540907813,
            14.743804117969722,
            29.884353567181254,
            40.37116114175052,
            71.25688071514234,
            23.533408586536464,
            86.68912021131197,
            36.33512380998931,
            47.36046838483784,
            57.26282812525804
        ],
        [
            55.60125490169971,
            23.906341061855965,
            100.89923850305198,
            0.0,
            3.2606599958607676,
            98.06051267341621,
            13.303461554327225,
            68.49030188184602,
            60.65828061023529,
            91.98391228439047,
            79.52261780637322,
            21.121827143795837,
            92.68432067498493,
            72.76045371378574,
            69.46140507113616,
            73.01460981160193,
            88.8146237323247,
            35.60449249944035,
            89.23661582331123,
            62.470054396862906,
            55.60125490169971
        ],
        [
            57.76361437482804,
            22.398389043799877,
            101.69607532398999,
            3.2606599958607676,
            0.0,
            98.39336029939844,
            12.705894365809668,
            67.76893314651082,
            58.598191750681096,
            92.88729761859261,
            78.56669437273014,
            23.93058512325053,
            93.0811175383155,
            73.20216803715897,
            71.17896636155848,
            75.80424074218146,
            88.93151283865674,
            38.68561676577482,
            88.86159435527331,
            62.166652649414594,
            57.76361437482804
        ],
        [
            61.781824506466734,
            79.95869403639973,
            14.736969486684316,
            98.06051267341621,
            98.39336029939844,
            0.0,
            85.9178169291095,
            40.103615036030064,
            70.19507554776338,
            17.943886835820887,
            39.908215098992294,
            109.5139372364532,
            5.667688732808231,
            25.41024045417995,
            46.57728565035967,
            79.87142259150643,
            11.224903575027449,
            89.15466890382501,
            22.282728394978246,
            39.02637593423605,
            61.781824506466734
        ],
        [
            49.81343495996787,
            11.402701460661925,
            89.73221766230544,
            13.303461554327225,
            12.705894365809668,
            85.9178169291095,
            0.0,
            55.216658166207175,
            48.67121232784962,
            81.10381240971611,
            66.22007531364862,
            32.48482121244828,
            80.66421400656726,
            60.85670757862138,
            61.40235845938399,
            70.91567283742876,
            76.32090626098979,
            37.48700115618068,
            76.1662702285168,
            49.46124461920639,
            49.81343495996787
        ],
        [
            57.879541825577704,
            46.152546118771525,
            50.95995568391149,
            68.49030188184602,
            67.76893314651082,
            40.103615036030064,
            55.216658166207175,
            0.0,
            30.32550164450169,
            46.43235776485467,
            12.20801493116365,
            85.12782446950641,
            36.865140872818905,
            25.63974387286734,
            52.53840261084693,
            83.53262913950147,
            28.88210740961044,
            73.91497864715441,
            22.54457084605009,
            10.262901155497293,
            57.879541825577704
        ],
        [
            75.3586674251102,
            37.26889518696165,
            81.25542913617717,
            60.65828061023529,
            58.598191750681096,
            70.19507554776338,
            48.67121232784962,
            30.32550164450169,
            0.0,
            76.28616038423323,
            32.73902621314239,
            81.09980757887693,
            67.17479415476602,
            54.24504825689266,
            75.93418294893583,
            101.62473513013059,
            59.02636033570631,
            80.34855079830557,
            50.36640068856429,
            35.586450707443255,
            75.3586674251102
        ],
        [
            47.917367457236686,
            77.37857605206734,
            9.449029236063346,
            91.98391228439047,
            92.88729761859261,
            17.943886835820887,
            81.10381240971611,
            46.43235776485467,
            76.28616038423323,
            0.0,
            50.550094328550735,
            100.40660457358683,
            14.699412436776456,
            22.801130002145303,
            31.21446416768538,
            63.06149985738476,
            22.42388866519106,
            77.24455825037874,
            35.853535088298926,
            41.27320265201419,
            47.917367457236686
        ],
        [
            69.21669312198998,
            56.47180032095288,
            53.0144048167662,
            79.52261780637322,
            78.56669437273014,
            39.908215098992294,
            66.22007531364862,
            12.20801493116365,
            32.73902621314239,
            50.550094328550735,
            0.0,
            96.83015820756923,
            38.274632118913324,
            33.22085877029276,
            62.252670110048825,
            94.4039102309915,
            29.50019832777968,
            86.12078546382983,
            18.25713365510078,
            22.02059562914739,
            69.21669312198998
        ],
        [
            56.80850521466738,
            43.85834287814222,
            109.75544540907813,
            21.121827143795837,
            23.93058512325053,
            109.5139372364532,
            32.48482121244828,
            85.12782446950641,
            81.09980757887693,
            100.40660457358683,
            96.83015820756923,
            0.0,
            103.90586018640803,
            84.24125761846084,
            73.32162625740835,
            66.71768182807672,
            101.51626540910766,
            28.305491604656652,
            104.16264317691642,
            77.6424147112497,
            56.80850521466738
        ],
        [
            56.28587665724424,
            75.0036795527613,
            14.743804117969722,
            92.68432067498493,
            93.0811175383155,
            5.667688732808231,
            80.66421400656726,
            36.865140872818905,
            67.17479415476602,
            14.699412436776456,
            38.274632118913324,
            103.90586018640803,
            0.0,
            19.93807470441498,
            41.3952348055822,
            74.97346709024626,
            8.79168227274895,
            83.49714674035157,
            21.866319820251682,
            34.66382429524305,
            56.28587665724424
        ],
        [
            40.74867285708631,
            55.75635643603927,
            29.884353567181254,
            72.76045371378574,
            73.20216803715897,
            25.41024045417995,
            60.85670757862138,
            25.63974387286734,
            54.24504825689266,
            22.801130002145303,
            33.22085877029276,
            84.24125761846084,
            19.93807470441498,
            0.0,
            29.9074918823027,
            63.50118515183271,
            17.818397583633967,
            65.21748267011635,
            25.80834594789475,
            18.74494455097776,
            40.74867285708631
        ],
        [
            17.3583963208807,
            61.82957018081515,
            40.37116114175052,
            69.46140507113616,
            71.17896636155848,
            46.57728565035967,
            61.40235845938399,
            52.53840261084693,
            75.93418294893583,
            31.21446416768538,
            62.252670110048825,
            73.32162625740835,
            41.3952348055822,
            29.9074918823027,
            0.0,
            34.056003584719306,
            44.6062605216621,
            47.65307549807682,
            55.30449692567867,
            42.900080575004786,
            17.3583963208807
        ],
        [
            26.35950826387656,
            76.52398537815404,
            71.25688071514234,
            73.01460981160193,
            75.80424074218146,
            79.87142259150643,
            70.91567283742876,
            83.53262913950147,
            101.62473513013059,
            63.06149985738476,
            94.4039102309915,
            66.71768182807672,
            74.97346709024626,
            63.50118515183271,
            34.056003584719306,
            0.0,
            78.6500837618109,
            38.87341667094018,
            89.18733958072204,
            73.3304872196794,
            26.35950826387656
        ],
        [
            57.75786405033066,
            69.72246770697963,
            23.533408586536464,
            88.8146237323247,
            88.93151283865674,
            11.224903575027449,
            76.32090626098979,
            28.88210740961044,
            59.02636033570631,
            22.42388866519106,
            29.50019832777968,
            101.51626540910766,
            8.79168227274895,
            17.818397583633967,
            44.6062605216621,
            78.6500837618109,
            0.0,
            83.03496916990368,
            13.43260213116329,
            28.241527022713512,
            57.75786405033066
        ],
        [
            30.366046760107277,
            46.55879722218154,
            86.68912021131197,
            35.60449249944035,
            38.68561676577482,
            89.15466890382501,
            37.48700115618068,
            73.91497864715441,
            80.34855079830557,
            77.24455825037874,
            86.12078546382983,
            28.305491604656652,
            83.49714674035157,
            65.21748267011635,
            47.65307549807682,
            38.87341667094018,
            83.03496916990368,
            0.0,
            88.75513849218187,
            64.50569512729233,
            30.366046760107277
        ],
        [
            66.38644631058783,
            67.96817272234996,
            36.33512380998931,
            89.23661582331123,
            88.86159435527331,
            22.282728394978246,
            76.1662702285168,
            22.54457084605009,
            50.36640068856429,
            35.853535088298926,
            18.25713365510078,
            104.16264317691642,
            21.866319820251682,
            25.80834594789475,
            55.30449692567867,
            89.18733958072204,
            13.43260213116329,
            88.75513849218187,
            0.0,
            26.787652698137023,
            66.38644631058783
        ],
        [
            47.6180018575429,
            41.838926726459825,
            47.36046838483784,
            62.470054396862906,
            62.166652649414594,
            39.02637593423605,
            49.46124461920639,
            10.262901155497293,
            35.586450707443255,
            41.27320265201419,
            22.02059562914739,
            77.6424147112497,
            34.66382429524305,
            18.74494455097776,
            42.900080575004786,
            73.3304872196794,
            28.241527022713512,
            64.50569512729233,
            26.787652698137023,
            0.0,
            47.6180018575429
        ],
        [
            0.0,
            53.04315116855663,
            57.26282812525804,
            55.60125490169971,
            57.76361437482804,
            61.781824506466734,
            49.81343495996787,
            57.879541825577704,
            75.3586674251102,
            47.917367457236686,
            69.21669312198998,
            56.80850521466738,
            56.28587665724424,
            40.74867285708631,
            17.3583963208807,
            26.35950826387656,
            57.75786405033066,
            30.366046760107277,
            66.38644631058783,
            47.6180018575429,
            0.0
        ]
    ],
    "scores_ave": [
        0,
        18.644158878863234,
        19.672578089947116,
        12.413862162909414,
        10.035108000501214,
        19.20532240928542,
        16.506989823123625,
        11.919462056152014,
        18.12208800938634,
        11.603699310931104,
        18.581720926572935,
        10.800732803427172,
        12.590980322795383,
        19.972293026271196,
        11.800144682216168,
        18.062992757342645,
        13.370047556509165,
        15.639720048598305,
        19.652379907365685,
        18.32717695996322,
        0
    ],
    "scores_var": [
        0,
        24.939457192184125,
        16.7842602436285,
        332.89119265097105,
        22.436684350678213,
        225.4296501681252,
        235.13123786468464,
        344.0940054750702,
        294.58491123183745,
        398.06529997178217,
        268.57425511388755,
        16.806539438727732,
        310.29055222644973,
        24.247378679703154,
        260.3148333379524,
        272.53786583607746,
        21.67435023762364,
        16.456329458259187,
        241.0313412967235,
        18.349231343158223,
        0
    ],
    "vertex_number": 21,
    "minimum_distances": {
        "cost": 377.757885206565,
        "path": [
            0,
            15,
            17,
            11,
            3,
            4,
            6,
            1,
            8,
            19,
            7,
            10,
            18,
            16,
            12,
            5,
            2,
            9,
            13,
            14,
            20
        ]
    }
}