{
    "vertices": [
        [
            36.75695438109514,
            47.12404682282415
        ],
        [
            0.72483660054522,
            3.1913395811287715
        ],
        [
            54.94879671457017,
            1.3660436217850846
        ],
        [
            15.5716645813476,
            19.494568775400122
        ],
        [
            47.41058910297098,
            41.53521149453692
        ],
        [
            49.779227084089584,
            13.087962165583578
        ],
        [
            3.402303983172783,
            14.82657236674565
        ],
        [
            14.241012033846411,
            16.880252715163945
        ],
        [
            35.9918740214616,
            5.449979626385659
        ],
        [
            96.95460370095668,
            35.240671379507646
        ],
        [
            96.62060858725606,
            93.02265765361682
        ],
        [
            29.803586667999948,
            49.84730309211523
        ],
        [
            46.50062429936096,
            76.56666180305801
        ],
        [
            65.29356830819809,
            4.381574899290863
        ],
        [
            85.94910605056918,
            10.519166864257802
        ],
        [
            36.131241122303805,
            77.08727868996807
        ],
        [
            39.03308587443966,
            81.91184551626513
        ],
        [
            15.887146111045391,
            41.52858958590131
        ],
        [
            14.351660003779553,
            49.13371549299115
        ],
        [
            11.202654852882677,
            70.11880364575102
        ],
        [
            4.471752032111498,
            60.68283772652001
        ],
        [
            84.25621758054336,
            19.928489523764704
        ],
        [
            36.75695438109514,
            47.12404682282415
        ]
    ],
    "distances": [
        [
            0.0,
            56.818978144066755,
            49.24162857209656,
            34.81672817874151,
            12.030586565661292,
            36.44220966332861,
            46.429080966659946,
            37.70483711423736,
            41.681089532904096,
            61.359364367338785,
            75.43433946891406,
            7.467626615046301,
            31.01300824412894,
            51.39316336399772,
            61.317085894990065,
            29.96976444696315,
            34.862181694643965,
            21.60689794762009,
            22.495243592769125,
            34.37704271346128,
            35.01678314015959,
            54.733703887978216,
            0.0
        ],
        [
            56.818978144066755,
            0.0,
            54.25467312394911,
            22.050478073104856,
            60.41367394911191,
            50.042745371244266,
            11.939324669365869,
            19.237290379233123,
            35.3392895132649,
            101.42646471667052,
            131.398876675441,
            54.975927792298315,
            86.48329694582067,
            64.57970094733683,
            85.53872313742858,
            81.94036427753841,
            87.54678758877834,
            41.22669484230619,
            47.92068676980545,
            67.74267577716662,
            57.613468340769366,
            85.19168854194565,
            56.818978144066755
        ],
        [
            49.24162857209656,
            54.25467312394911,
            0.0,
            43.349763082196,
            40.87036360964862,
            12.811238211501422,
            53.2750105302844,
            43.56391186986366,
            19.391839811688,
            53.96274850581488,
            100.68502768799688,
            54.61422990499466,
            75.6736717227511,
            10.775329610269317,
            32.323348279835145,
            78.0243925879533,
            82.10320367909814,
            56.02537502053508,
            62.68873890189398,
            81.49028738871851,
            77.88718830936476,
            34.69134352658024,
            49.24162857209656
        ],
        [
            34.81672817874151,
            22.050478073104856,
            43.349763082196,
            0.0,
            38.723468932499685,
            34.80232665543993,
            13.033937541649522,
            2.9334765492466803,
            24.78377368244666,
            82.89223441894349,
            109.43176494307225,
            33.5236645786471,
            64.91397655201943,
            51.96797373499861,
            70.94746018865119,
            61.15240324670004,
            66.6809922304526,
            22.03627921572015,
            29.664244964538945,
            50.81241385936976,
            42.65772565187315,
            68.68592365190405,
            34.81672817874151
        ],
        [
            12.030586565661292,
            60.41367394911191,
            40.87036360964862,
            38.723468932499685,
            0.0,
            28.545690397487917,
            51.478933198387416,
            41.32901928859642,
            37.84879143501056,
            49.94227285321657,
            71.22206911925453,
            19.470423761993676,
            35.043266780684014,
            41.23340463151439,
            49.46930677731173,
            37.29843391802708,
            41.236575212651125,
            31.52344368743454,
            33.92093831544008,
            46.13064320953769,
            47.01462877996107,
            42.71359001804395,
            12.030586565661292
        ],
        [
            36.44220966332861,
            50.042745371244266,
            12.811238211501422,
            34.80232665543993,
            28.545690397487917,
            0.0,
            46.40950077020798,
            35.739980366107744,
            15.761658597452541,
            52.11773867369849,
            92.64810070308936,
            41.83629232360223,
            63.56331130365006,
            17.79033341027471,
            36.26098252598648,
            65.4383682284442,
            69.65778111859406,
            44.244123233992475,
            50.54115988152805,
            68.85251487814742,
            65.71179099101349,
            35.14904960636331,
            36.44220966332861
        ],
        [
            46.429080966659946,
            11.939324669365869,
            53.2750105302844,
            13.033937541649522,
            51.478933198387416,
            46.40950077020798,
            0.0,
            11.031554522424154,
            33.91165827114775,
            95.75368515618038,
            121.67284030321345,
            43.85748861874104,
            75.29477975052858,
            62.766444632823415,
            82.65910883693812,
            70.33902812893947,
            75.96042714287927,
            29.476584037672815,
            36.01206001814797,
            55.839737763546154,
            45.86873436095028,
            81.01472028395922,
            46.429080966659946
        ],
        [
            37.70483711423736,
            19.237290379233123,
            43.56391186986366,
            2.9334765492466803,
            41.32901928859642,
            35.739980366107744,
            11.031554522424154,
            0.0,
            24.571347950170182,
            84.72687424898568,
            112.17871348038304,
            36.45572849087017,
            67.84651806341118,
            52.56025541500767,
            71.98968093215687,
            64.06300107141317,
            69.59709036709555,
            24.703244076304365,
            32.25365257042891,
            53.3251809143469,
            44.878780004124145,
            70.08152934538124,
            37.70483711423736
        ],
        [
            41.681089532904096,
            35.3392895132649,
            19.391839811688,
            24.78377368244666,
            37.84879143501056,
            15.761658597452541,
            33.91165827114775,
            24.571347950170182,
            0.0,
            67.85233765394322,
            106.51205280112977,
            44.82652374754968,
            71.88891650470939,
            29.321166019349306,
            50.213759979339315,
            71.63743462962603,
            76.52232291884904,
            41.3021328863623,
            48.750052738375956,
            69.25721758080876,
            63.59392033939321,
            50.38922611072312,
            41.681089532904096
        ],
        [
            61.359364367338785,
            101.42646471667052,
            53.96274850581488,
            82.89223441894349,
            49.94227285321657,
            52.11773867369849,
            95.75368515618038,
            84.72687424898568,
            67.85233765394322,
            0.0,
            57.78295155595045,
            68.72126874955234,
            65.21841397905979,
            44.21204584405522,
            27.060557348846366,
            73.82831420783053,
            74.38481513475092,
            81.31095003418889,
            83.76313617683027,
            92.5736509036144,
            95.91862009657285,
            19.892509224490734,
            61.359364367338785
        ],
        [
            75.43433946891406,
            131.398876675441,
            100.68502768799688,
            109.43176494307225,
            71.22206911925453,
            92.64810070308936,
            121.67284030321345,
            112.17871348038304,
            106.51205280112977,
            57.78295155595045,
            0.0,
            79.55265966433635,
            52.75237079461416,
            94.0139617530555,
            83.1907865019941,
            62.55317641035604,
            58.6495773092242,
            95.75766815018123,
            93.24386920870158,
            88.43536254565355,
            97.65897663470398,
            74.13255411465308,
            75.43433946891406
        ],
        [
            7.467626615046301,
            54.975927792298315,
            54.61422990499466,
            33.5236645786471,
            19.470423761993676,
            41.83629232360223,
            43.85748861874104,
            36.45572849087017,
            44.82652374754968,
            68.72126874955234,
            79.55265966433635,
            0.0,
            31.50738319167619,
            57.677302614853495,
            68.54941025198808,
            27.96525489718786,
            33.36642828460637,
            16.213214122243485,
            15.468395033036519,
            27.512331763896306,
            27.55196284901283,
            62.13070431465745,
            7.467626615046301
        ],
        [
            31.01300824412894,
            86.48329694582067,
            75.6736717227511,
            64.91397655201943,
            35.043266780684014,
            63.56331130365006,
            75.29477975052858,
            67.84651806341118,
            71.88891650470939,
            65.21841397905979,
            52.75237079461416,
            31.50738319167619,
            0.0,
            74.59129651523496,
            76.93149095244578,
            10.382444289066607,
            9.183415435207685,
            46.52796526263707,
            42.26254190804878,
            35.88205013459047,
            44.93018997679822,
            68.06884296910721,
            31.01300824412894
        ],
        [
            51.39316336399772,
            64.57970094733683,
            10.775329610269317,
            51.96797373499861,
            41.23340463151439,
            17.79033341027471,
            62.766444632823415,
            52.56025541500767,
            29.321166019349306,
            44.21204584405522,
            94.0139617530555,
            57.677302614853495,
            74.59129651523496,
            0.0,
            21.548115336496217,
            78.33620293705103,
            81.85692273470215,
            61.813390575590944,
            67.80731604638325,
            85.13054775869148,
            82.88018780783962,
            24.52118720141126,
            51.39316336399772
        ],
        [
            61.317085894990065,
            85.53872313742858,
            32.323348279835145,
            70.94746018865119,
            49.46930677731173,
            36.26098252598648,
            82.65910883693812,
            71.98968093215687,
            50.213759979339315,
            27.060557348846366,
            83.1907865019941,
            68.54941025198808,
            76.93149095244578,
            21.548115336496217,
            0.0,
            83.14525349081066,
            85.42849357372384,
            76.61763849204057,
            81.34665110638399,
            95.59889471711506,
            95.68151907357272,
            9.560398751237127,
            61.317085894990065
        ],
        [
            29.96976444696315,
            81.94036427753841,
            78.0243925879533,
            61.15240324670004,
            37.29843391802708,
            65.4383682284442,
            70.33902812893947,
            64.06300107141317,
            71.63743462962603,
            73.82831420783053,
            62.55317641035604,
            27.96525489718786,
            10.382444289066607,
            78.33620293705103,
            83.14525349081066,
            0.0,
            5.630022027213077,
            40.91752379634592,
            35.436589129115696,
            25.884243427881902,
            35.657102136534576,
            74.72041580486955,
            29.96976444696315
        ],
        [
            34.862181694643965,
            87.54678758877834,
            82.10320367909814,
            66.6809922304526,
            41.236575212651125,
            69.65778111859406,
            75.96042714287927,
            69.59709036709555,
            76.52232291884904,
            74.38481513475092,
            58.6495773092242,
            33.36642828460637,
            9.183415435207685,
            81.85692273470215,
            85.42849357372384,
            5.630022027213077,
            0.0,
            46.54612644536536,
            41.03143417955976,
            30.225961149405,
            40.56052968956294,
            76.72723155047784,
            34.862181694643965
        ],
        [
            21.60689794762009,
            41.22669484230619,
            56.02537502053508,
            22.03627921572015,
            31.52344368743454,
            44.244123233992475,
            29.476584037672815,
            24.703244076304365,
            41.3021328863623,
            81.31095003418889,
            95.75766815018123,
            16.213214122243485,
            46.52796526263707,
            61.813390575590944,
            76.61763849204057,
            40.91752379634592,
            46.54612644536536,
            0.0,
            7.7585860598626795,
            28.971447984797564,
            22.297902228903823,
            71.70002968127443,
            21.60689794762009
        ],
        [
            22.495243592769125,
            47.92068676980545,
            62.68873890189398,
            29.664244964538945,
            33.92093831544008,
            50.54115988152805,
            36.01206001814797,
            32.25365257042891,
            48.750052738375956,
            83.76313617683027,
            93.24386920870158,
            15.468395033036519,
            42.26254190804878,
            67.80731604638325,
            81.34665110638399,
            35.436589129115696,
            41.03143417955976,
            7.7585860598626795,
            0.0,
            21.22004142831671,
            15.198513279055312,
            75.76009763666269,
            22.495243592769125
        ],
        [
            34.37704271346128,
            67.74267577716662,
            81.49028738871851,
            50.81241385936976,
            46.13064320953769,
            68.85251487814742,
            55.839737763546154,
            53.3251809143469,
            69.25721758080876,
            92.5736509036144,
            88.43536254565355,
            27.512331763896306,
            35.88205013459047,
            85.13054775869148,
            95.59889471711506,
            25.884243427881902,
            30.225961149405,
            28.971447984797564,
            21.22004142831671,
            0.0,
            11.59062145061922,
            88.6334624104684,
            34.37704271346128
        ],
        [
            35.01678314015959,
            57.613468340769366,
            77.88718830936476,
            42.65772565187315,
            47.01462877996107,
            65.71179099101349,
            45.86873436095028,
            44.878780004124145,
            63.59392033939321,
            95.91862009657285,
            97.65897663470398,
            27.55196284901283,
            44.93018997679822,
            82.88018780783962,
            95.68151907357272,
            35.657102136534576,
            40.56052968956294,
            22.297902228903823,
            15.198513279055312,
            11.59062145061922,
            0.0,
            89.59061245621852,
            35.01678314015959
        ],
        [
            54.733703887978216,
            85.19168854194565,
            34.69134352658024,
            68.68592365190405,
            42.71359001804395,
            35.14904960636331,
            81.01472028395922,
            70.08152934538124,
            50.38922611072312,
            19.892509224490734,
            74.13255411465308,
            62.13070431465745,
            68.06884296910721,
            24.52118720141126,
            9.560398751237127,
            74.72041580486955,
            76.72723155047784,
            71.70002968127443,
            75.76009763666269,
            88.6334624104684,
            89.59061245621852,
            0.0,
            54.733703887978216
        ],
        [
            0.0,
            56.818978144066755,
            49.24162857209656,
            34.81672817874151,
            12.030586565661292,
            36.44220966332861,
            46.429080966659946,
            37.70483711423736,
            41.681089532904096,
            61.359364367338785,
            75.43433946891406,
            7.467626615046301,
            31.01300824412894,
            51.39316336399772,
            61.317085894990065,
            29.96976444696315,
            34.862181694643965,
            21.60689794762009,
            22.495243592769125,
            34.37704271346128,
            35.01678314015959,
            54.733703887978216,
            0.0
        ]
    ],
    "scores_ave": [
        0,
        12.655094937139259,
        17.10468646426,
        16.95263651116744,
        19.47039933099178,
        10.040790491995935,
        16.08292817645128,
        13.581939115344447,
        19.738044675784902,
        14.943912953800965,
        19.47404519985667,
        10.404739980530463,
        14.497699518566305,
        11.116877298339435,
        12.056947241601339,
        13.573960350039831,
        11.693621472189218,
        10.838587989727088,
        17.090065428057933,
        13.974566457535655,
        14.538369732864162,
        19.914636066002366,
        0
    ],
    "scores_var": [
        0,
        399.54783026476696,
        357.55712548966267,
        374.58679729681273,
        369.5725373189602,
        327.44564305962604,
        286.99737247136653,
        356.02439938771994,
        352.19755764026525,
        330.3504339232901,
        24.398981489577523,
        22.98139977524847,
        23.43696378084114,
        24.838724743930946,
        249.68766806755966,
        17.35110209475297,
        299.2097941073056,
        20.693035628498066,
        22.312385098710912,
        22.976290426209104,
        19.717676484851516,
        310.64102925230236,
        0
    ],
    "vertex_number": 23,
    "minimum_distances": {
        "cost": 411.8085152516041,
        "path": [
            0,
            11,
            17,
            18,
            20,
            19,
            15,
            16,
            12,
            10,
            9,
            21,
            14,
            13,
            2,
            5,
            8,
            1,
            6,
            7,
            3,
            4,
            22
        ]
    }
}