{
    "vertices": [
        [
            3.2826399604663825,
            10.868118394470383
        ],
        [
            33.19903250625879,
            2.177868618213108
        ],
        [
            57.05954184272769,
            71.59503678407944
        ],
        [
            74.24655029685944,
            18.408579453390427
        ],
        [
            46.410718257383735,
            19.094289369901162
        ],
        [
            12.67960560868241,
            28.265020840355326
        ],
        [
            33.62033419240787,
            92.83811402071535
        ],
        [
            75.56175201508402,
            92.2813110304023
        ],
        [
            99.63743679072267,
            99.88978094580277
        ],
        [
            15.549616056056948,
            22.98357917096302
        ],
        [
            67.04349116666067,
            67.78879044000638
        ],
        [
            49.73014277741067,
            7.7446077439586976
        ],
        [
            13.936597238777203,
            65.7065141485326
        ],
        [
            10.002752386816526,
            84.55935269457106
        ],
        [
            57.1126246813624,
            44.16737660872697
        ],
        [
            40.630884846274284,
            47.99045647428859
        ],
        [
            55.85461340634809,
            40.3730342421488
        ],
        [
            99.59727787092557,
            44.01380681481195
        ],
        [
            54.506604473915054,
            49.91090199538242
        ],
        [
            22.389903398458376,
            46.320830884914535
        ],
        [
            0.7571221201524203,
            79.44331286168807
        ],
        [
            7.416393806013644,
            45.95162631360377
        ],
        [
            95.71685570573344,
            58.37245672534455
        ],
        [
            3.2826399604663825,
            10.868118394470383
        ]
    ],
    "distances": [
        [
            0.0,
            31.153025280503385,
            81.11543498713792,
            71.36340184725447,
            43.90559220078979,
            19.77258653048178,
            87.4039808834666,
            108.86862713646816,
            131.18347180801118,
            17.241319333407226,
            85.47168567808822,
            46.55240956936501,
            55.86373111928008,
            73.99701293765256,
            63.29698138672675,
            52.658896499666575,
            60.28559074250725,
            101.85846129154527,
            64.40678141145305,
            40.27384187061027,
            68.62168415725795,
            35.3262005990946,
            103.92663951411464,
            0.0
        ],
        [
            31.153025280503385,
            0.0,
            73.40345456423618,
            44.13994439263397,
            21.464247749097105,
            33.19015503528419,
            90.6612242998774,
            99.56520646646648,
            118.15955050092411,
            27.283318944686044,
            73.82574377763572,
            17.443227662651484,
            66.3847137174734,
            85.58490713906775,
            48.32161702595023,
            46.41148171815277,
            44.40885072775887,
            78.47912277985866,
            52.27289066564819,
            45.44709440380676,
            83.79991899543636,
            50.80242436264387,
            84.06134634973989,
            31.153025280503385
        ],
        [
            81.11543498713792,
            73.40345456423618,
            0.0,
            55.89447649805479,
            53.56982287444233,
            62.02474523785899,
            31.633286041075312,
            27.753445253808167,
            51.12210564305693,
            63.922982956732604,
            10.684884432441532,
            64.26972365948187,
            43.52313235676782,
            48.809987921786856,
            27.427711542933608,
            28.758946126527015,
            31.24524436238449,
            50.696974594370644,
            21.833900035116503,
            42.904187600859416,
            56.84679326054721,
            55.87509863572866,
            40.85614444012785,
            81.11543498713792
        ],
        [
            71.36340184725447,
            44.13994439263397,
            55.89447649805479,
            0.0,
            27.844276672585753,
            62.35092713866992,
            84.79531267041956,
            73.88443832234815,
            85.34566956554589,
            58.87495827331754,
            49.90279849783824,
            26.735267537080013,
            76.64453708056443,
            92.21274516200315,
            30.93682333219039,
            44.77834757743085,
            28.64787281373545,
            36.031750675822096,
            37.176091599742925,
            58.89147313085375,
            95.52975837905875,
            72.28339537497423,
            45.366127242229254,
            71.36340184725447
        ],
        [
            43.90559220078979,
            21.464247749097105,
            53.56982287444233,
            27.844276672585753,
            0.0,
            34.95554714523229,
            74.84481009836031,
            78.77894965456981,
            96.752235244561,
            31.105211850064304,
            52.88540207271067,
            11.825136453944708,
            56.80904888083206,
            74.90804025560558,
            27.261520588429498,
            29.468541660300385,
            23.28029507808777,
            58.73493401045116,
            31.862312962809096,
            36.30818240225633,
            75.67202572069596,
            47.348430672265074,
            63.03863593763567,
            43.90559220078979
        ],
        [
            19.77258653048178,
            33.19015503528419,
            62.02474523785899,
            62.35092713866992,
            34.95554714523229,
            0.0,
            67.88371289563288,
            89.7343286951679,
            112.6577590050819,
            6.010872322319981,
            67.21279949776871,
            42.35362626904668,
            37.462587325282435,
            56.35793947691827,
            47.19298785727607,
            34.210624401876665,
            44.84066554887988,
            88.33292710623799,
            47.0960933098461,
            20.50127214421908,
            52.54867445288303,
            18.453113873980552,
            88.32690756077074,
            19.77258653048178
        ],
        [
            87.4039808834666,
            90.6612242998774,
            31.633286041075312,
            84.79531267041956,
            74.84481009836031,
            67.88371289563288,
            0.0,
            41.945113643263845,
            66.39264900498245,
            72.15404973415355,
            41.768122222295396,
            86.60502723928822,
            33.51974361602356,
            25.026547093817427,
            54.04376367948618,
            45.39229238397193,
            56.98199512420399,
            82.07782935296673,
            47.73868262258667,
            47.853737640376096,
            35.4881868485263,
            53.71209567018241,
            71.02013458771289,
            87.4039808834666
        ],
        [
            108.86862713646816,
            99.56520646646648,
            27.753445253808167,
            73.88443832234815,
            78.77894965456981,
            89.7343286951679,
            41.945113643263845,
            0.0,
            25.2493051759741,
            91.67132650522463,
            25.931531631447275,
            88.39528402775828,
            67.11094940854586,
            66.01220396865637,
            51.529806761806796,
            56.407847667464225,
            55.52333303458887,
            53.92085372440667,
            47.31353717251849,
            70.2823677782211,
            75.89826645383678,
            82.4028490490497,
            39.44665518218831,
            108.86862713646816
        ],
        [
            131.18347180801118,
            118.15955050092411,
            51.12210564305693,
            85.34566956554589,
            96.752235244561,
            112.6577590050819,
            66.39264900498245,
            25.2493051759741,
            0.0,
            113.95317225657935,
            45.747556030869454,
            104.79251375994858,
            92.26662250695891,
            90.93623413444182,
            70.09526367766198,
            78.58316011062674,
            73.88625556687958,
            55.87598856240482,
            67.34003539313427,
            94.00432876104657,
            100.97214807294985,
            106.83653539082293,
            41.70202832561771,
            131.18347180801118
        ],
        [
            17.241319333407226,
            27.283318944686044,
            63.922982956732604,
            58.87495827331754,
            31.105211850064304,
            6.010872322319981,
            72.15404973415355,
            91.67132650522463,
            113.95317225657935,
            0.0,
            68.25779172204493,
            37.42371784179426,
            42.753374168626,
            61.825104784349605,
            46.650154982287354,
            35.41770682286912,
            43.89630917377639,
            86.63878999211977,
            47.35744567731276,
            24.319063478821512,
            58.365395614793584,
            24.365559581408498,
            87.63081060681608,
            17.241319333407226
        ],
        [
            85.47168567808822,
            73.82574377763572,
            10.684884432441532,
            49.90279849783824,
            52.88540207271067,
            67.21279949776871,
            41.768122222295396,
            25.931531631447275,
            45.747556030869454,
            68.25779172204493,
            0.0,
            62.49044653452156,
            53.14770039448085,
            59.455005162598766,
            25.624076579213128,
            33.009086634649705,
            29.611056607888614,
            40.31127478962973,
            21.8355770060047,
            49.54610164313238,
            67.30312484756833,
            63.50001950188303,
            30.17994656417457,
            85.47168567808822
        ],
        [
            46.55240956936501,
            17.443227662651484,
            64.26972365948187,
            26.735267537080013,
            11.825136453944708,
            42.35362626904668,
            86.60502723928822,
            88.39528402775828,
            104.79251375994858,
            37.42371784179426,
            62.49044653452156,
            0.0,
            68.1231274698895,
            86.4798854594194,
            37.163411184100255,
            41.261663016920984,
            33.19824327027728,
            61.6618679872419,
            42.43596301765547,
            47.282276606771276,
            86.82776668701871,
            57.01078511997187,
            68.39559092831921,
            46.55240956936501
        ],
        [
            55.86373111928008,
            66.3847137174734,
            43.52313235676782,
            76.64453708056443,
            56.80904888083206,
            37.462587325282435,
            33.51974361602356,
            67.11094940854586,
            92.26662250695891,
            42.753374168626,
            53.14770039448085,
            68.1231274698895,
            0.0,
            19.25888513290141,
            48.25042789117558,
            32.038159909534635,
            48.97862067873989,
            88.36473141377942,
            43.53650020789319,
            21.148595712874776,
            19.036759264333817,
            20.803092226283116,
            82.1084592061548,
            55.86373111928008
        ],
        [
            73.99701293765256,
            85.58490713906775,
            48.809987921786856,
            92.21274516200315,
            74.90804025560558,
            56.35793947691827,
            25.026547093817427,
            66.01220396865637,
            90.93623413444182,
            61.825104784349605,
            59.455005162598766,
            86.4798854594194,
            19.25888513290141,
            0.0,
            62.05523184815139,
            47.70080364861665,
            63.67749914477885,
            98.34185419957423,
            56.40131192130596,
            40.1948511674418,
            10.566718629711913,
            38.69426038853993,
            89.6251138256965,
            73.99701293765256
        ],
        [
            63.29698138672675,
            48.32161702595023,
            27.427711542933608,
            30.93682333219039,
            27.261520588429498,
            47.19298785727607,
            54.04376367948618,
            51.529806761806796,
            70.09526367766198,
            46.650154982287354,
            25.624076579213128,
            37.163411184100255,
            48.25042789117558,
            62.05523184815139,
            0.0,
            16.919328817952355,
            3.997452484129505,
            42.48493074395983,
            6.307093244021331,
            34.789434295628695,
            66.48559503719223,
            49.728250625025204,
            41.134790069994715,
            63.29698138672675
        ],
        [
            52.658896499666575,
            46.41148171815277,
            28.758946126527015,
            44.77834757743085,
            29.468541660300385,
            34.210624401876665,
            45.39229238397193,
            56.407847667464225,
            78.58316011062674,
            35.41770682286912,
            33.009086634649705,
            41.261663016920984,
            32.038159909534635,
            47.70080364861665,
            16.919328817952355,
            0.0,
            17.023132283263987,
            59.100332053651435,
            14.007987228163246,
            18.317233791930942,
            50.78581621737945,
            33.27700773037853,
            56.055776818648305,
            52.658896499666575
        ],
        [
            60.28559074250725,
            44.40885072775887,
            31.24524436238449,
            28.64787281373545,
            23.28029507808777,
            44.84066554887988,
            56.98199512420399,
            55.52333303458887,
            73.88625556687958,
            43.89630917377639,
            29.611056607888614,
            33.19824327027728,
            48.97862067873989,
            63.67749914477885,
            3.997452484129505,
            17.023132283263987,
            0.0,
            43.89391665580169,
            9.63265536392188,
            33.98916151975288,
            67.54420935536099,
            48.75840243024709,
            43.73759905234258,
            60.28559074250725
        ],
        [
            101.85846129154527,
            78.47912277985866,
            50.696974594370644,
            36.031750675822096,
            58.73493401045116,
            88.33292710623799,
            82.07782935296673,
            53.92085372440667,
            55.87598856240482,
            86.63878999211977,
            40.31127478962973,
            61.6618679872419,
            88.36473141377942,
            98.34185419957423,
            42.48493074395983,
            59.100332053651435,
            43.89391665580169,
            0.0,
            45.47465842603525,
            77.2418347334643,
            104.99822040188455,
            92.20125016179894,
            14.873752163907808,
            101.85846129154527
        ],
        [
            64.40678141145305,
            52.27289066564819,
            21.833900035116503,
            37.176091599742925,
            31.862312962809096,
            47.0960933098461,
            47.73868262258667,
            47.31353717251849,
            67.34003539313427,
            47.35744567731276,
            21.8355770060047,
            42.43596301765547,
            43.53650020789319,
            56.40131192130596,
            6.307093244021331,
            14.007987228163246,
            9.63265536392188,
            45.47465842603525,
            0.0,
            32.3167309384544,
            61.328379604174515,
            47.256362584012535,
            42.06997403181672,
            64.40678141145305
        ],
        [
            40.27384187061027,
            45.44709440380676,
            42.904187600859416,
            58.89147313085375,
            36.30818240225633,
            20.50127214421908,
            47.853737640376096,
            70.2823677782211,
            94.00432876104657,
            24.319063478821512,
            49.54610164313238,
            47.282276606771276,
            21.148595712874776,
            40.1948511674418,
            34.789434295628695,
            18.317233791930942,
            33.98916151975288,
            77.2418347334643,
            32.3167309384544,
            0.0,
            39.561041924306195,
            14.978060673215046,
            74.31072345275015,
            40.27384187061027
        ],
        [
            68.62168415725795,
            83.79991899543636,
            56.84679326054721,
            95.52975837905875,
            75.67202572069596,
            52.54867445288303,
            35.4881868485263,
            75.89826645383678,
            100.97214807294985,
            58.365395614793584,
            67.30312484756833,
            86.82776668701871,
            19.036759264333817,
            10.566718629711913,
            66.48559503719223,
            50.78581621737945,
            67.54420935536099,
            104.99822040188455,
            61.328379604174515,
            39.561041924306195,
            0.0,
            34.14731273791898,
            97.2693784341352,
            68.62168415725795
        ],
        [
            35.3262005990946,
            50.80242436264387,
            55.87509863572866,
            72.28339537497423,
            47.348430672265074,
            18.453113873980552,
            53.71209567018241,
            82.4028490490497,
            106.83653539082293,
            24.365559581408498,
            63.50001950188303,
            57.01078511997187,
            20.803092226283116,
            38.69426038853993,
            49.728250625025204,
            33.27700773037853,
            48.75840243024709,
            92.20125016179894,
            47.256362584012535,
            14.978060673215046,
            34.14731273791898,
            0.0,
            89.16977402584965,
            35.3262005990946
        ],
        [
            103.92663951411464,
            84.06134634973989,
            40.85614444012785,
            45.366127242229254,
            63.03863593763567,
            88.32690756077074,
            71.02013458771289,
            39.44665518218831,
            41.70202832561771,
            87.63081060681608,
            30.17994656417457,
            68.39559092831921,
            82.1084592061548,
            89.6251138256965,
            41.134790069994715,
            56.055776818648305,
            43.73759905234258,
            14.873752163907808,
            42.06997403181672,
            74.31072345275015,
            97.2693784341352,
            89.16977402584965,
            0.0,
            103.92663951411464
        ],
        [
            0.0,
            31.153025280503385,
            81.11543498713792,
            71.36340184725447,
            43.90559220078979,
            19.77258653048178,
            87.4039808834666,
            108.86862713646816,
            131.18347180801118,
            17.241319333407226,
            85.47168567808822,
            46.55240956936501,
            55.86373111928008,
            73.99701293765256,
            63.29698138672675,
            52.658896499666575,
            60.28559074250725,
            101.85846129154527,
            64.40678141145305,
            40.27384187061027,
            68.62168415725795,
            35.3262005990946,
            103.92663951411464,
            0.0
        ]
    ],
    "scores_ave": [
        0,
        15.228975709106638,
        13.222126555081392,
        17.308677445519432,
        13.043514451445718,
        13.960286630159253,
        11.065420333966271,
        14.15749401118325,
        13.045867024685421,
        12.11810365170491,
        15.293604817850603,
        11.000587633733998,
        12.166737544702201,
        10.799404579005007,
        19.056670893535287,
        11.491074457803613,
        10.835415784571975,
        15.874406125770653,
        19.412290106016478,
        14.135839067423527,
        16.848748031397697,
        10.869891324906584,
        18.539471128302974,
        0
    ],
    "scores_var": [
        0,
        247.73929938558518,
        372.7921139617782,
        265.44267586536967,
        18.77790932692087,
        231.18734117765257,
        398.3474527796296,
        392.39199492034686,
        24.663907610969552,
        333.7653187711734,
        21.960098602230023,
        18.600940141087186,
        277.1875977387849,
        16.581410933667822,
        329.9641978755656,
        313.73757583298084,
        228.47018852073424,
        24.839951213410004,
        20.467399276640833,
        368.3252016805992,
        295.76622789215315,
        391.0406012670728,
        362.8093416816694,
        0
    ],
    "vertex_number": 24,
    "minimum_distances": {
        "cost": 492.2190044265859,
        "path": [
            0,
            1,
            11,
            4,
            19,
            15,
            2,
            10,
            18,
            14,
            16,
            3,
            17,
            22,
            8,
            7,
            6,
            13,
            20,
            12,
            21,
            5,
            9,
            23
        ]
    }
}