{
    "vertices": [
        [
            3.1917967056112384,
            98.01156863912213
        ],
        [
            27.97467259434605,
            99.28016746103215
        ],
        [
            50.32521840633842,
            50.99817189099925
        ],
        [
            1.083730168881325,
            94.95484917094251
        ],
        [
            28.533399129538275,
            11.578749958852352
        ],
        [
            77.36981282192062,
            53.49016223625645
        ],
        [
            42.71452415871614,
            39.61732999444097
        ],
        [
            66.60586897191627,
            51.20767009332724
        ],
        [
            23.007619226638234,
            64.86626324466056
        ],
        [
            68.84990836456238,
            39.714142086917235
        ],
        [
            97.15524896267436,
            82.93761790250528
        ],
        [
            5.449404821547821,
            49.05453373257368
        ],
        [
            14.952229328014244,
            72.94271989921428
        ],
        [
            87.37320891444055,
            58.43131940892934
        ],
        [
            66.8497899588023,
            9.77982160527695
        ],
        [
            3.1917967056112384,
            98.01156863912213
        ]
    ],
    "distances": [
        [
            0.0,
            24.815323497536454,
            66.57190785169816,
            3.713149395113098,
            90.0712437930596,
            86.51319958850547,
            70.51193581390591,
            78.81592149103642,
            38.6170699545805,
            87.80420017988331,
            95.16487981853038,
            49.00906101167565,
            27.690340420631525,
            93.0220742114312,
            108.7988110673447,
            0.0
        ],
        [
            24.815323497536454,
            0.0,
            53.2043042837574,
            27.236577663874048,
            87.70319724635343,
            67.35432025183493,
            61.45663022574976,
            61.67117914172219,
            34.77051081838252,
            72.2419288096634,
            71.0846753718902,
            55.045453687489285,
            29.38103423462722,
            72.08893468593755,
            97.57861783403189,
            24.815323497536454
        ],
        [
            66.57190785169816,
            53.2043042837574,
            0.0,
            66.00692116235012,
            45.04191617657205,
            27.159162413156167,
            13.691100365027173,
            16.28199841343896,
            30.636174414183177,
            21.690861362973457,
            56.68491839483644,
            44.91788479200422,
            41.62705302588806,
            37.78631078461796,
            44.40736273715208,
            66.57190785169816
        ],
        [
            3.713149395113098,
            27.236577663874048,
            66.00692116235012,
            0.0,
            87.77846117285239,
            86.82676240156526,
            69.24856703812536,
            78.7843026914189,
            37.228751180506784,
            87.42877459047381,
            96.8201971218053,
            46.1074622215829,
            26.016708169984632,
            93.70081306187785,
            107.61022228907134,
            3.713149395113098
        ],
        [
            90.0712437930596,
            87.70319724635343,
            45.04191617657205,
            87.77846117285239,
            0.0,
            64.35496702990415,
            31.420793712210447,
            54.954201576616235,
            53.5732518680776,
            49.16320989416537,
            99.0002338821539,
            44.014828895112736,
            62.84890595721989,
            75.21493521633698,
            38.35859681221677,
            90.0712437930596
        ],
        [
            86.51319958850547,
            67.35432025183493,
            27.159162413156167,
            86.82676240156526,
            64.35496702990415,
            0.0,
            37.32886961507921,
            11.003283945649141,
            55.53974942907443,
            16.19776228735046,
            35.476980261791375,
            72.0570599397642,
            65.37856475060823,
            11.157193535513303,
            44.95847816726885,
            86.51319958850547
        ],
        [
            70.51193581390591,
            61.45663022574976,
            13.691100365027173,
            69.24856703812536,
            31.420793712210447,
            37.32886961507921,
            0.0,
            26.554328095266797,
            32.02921685392886,
            26.13556351350487,
            69.57326973499158,
            38.44151315451073,
            43.37426225968557,
            48.45992490501458,
            38.376919653800286,
            70.51193581390591
        ],
        [
            78.81592149103642,
            61.67117914172219,
            16.28199841343896,
            78.7843026914189,
            54.954201576616235,
            11.003283945649141,
            26.554328095266797,
            0.0,
            45.68768485845267,
            11.710546478703659,
            44.04604642635811,
            61.19435516094029,
            56.040261228214106,
            21.987803840383044,
            41.42856656700415,
            78.81592149103642
        ],
        [
            38.6170699545805,
            34.77051081838252,
            30.636174414183177,
            37.228751180506784,
            53.5732518680776,
            55.53974942907443,
            32.02921685392886,
            45.68768485845267,
            0.0,
            52.28904925640586,
            76.3180506475494,
            23.628408394526357,
            11.406947817525008,
            64.68645637247059,
            70.40349413912239,
            38.6170699545805
        ],
        [
            87.80420017988331,
            72.2419288096634,
            21.690861362973457,
            87.42877459047381,
            49.16320989416537,
            16.19776228735046,
            26.13556351350487,
            11.710546478703659,
            52.28904925640586,
            0.0,
            51.66682850684616,
            64.08484037275937,
            63.317439848391224,
            26.333351290042085,
            30.001066919938186,
            87.80420017988331
        ],
        [
            95.16487981853038,
            71.0846753718902,
            56.68491839483644,
            96.8201971218053,
            99.0002338821539,
            35.476980261791375,
            69.57326973499158,
            44.04604642635811,
            76.3180506475494,
            51.66682850684616,
            0.0,
            97.7651535185378,
            82.8084200015464,
            26.386492251936264,
            79.18638774752972,
            95.16487981853038
        ],
        [
            49.00906101167565,
            55.045453687489285,
            44.91788479200422,
            46.1074622215829,
            44.014828895112736,
            72.0570599397642,
            38.44151315451073,
            61.19435516094029,
            23.628408394526357,
            64.08484037275937,
            97.7651535185378,
            0.0,
            25.708930587108796,
            82.45867926829156,
            72.88696939566914,
            49.00906101167565
        ],
        [
            27.690340420631525,
            29.38103423462722,
            41.62705302588806,
            26.016708169984632,
            62.84890595721989,
            65.37856475060823,
            43.37426225968557,
            56.040261228214106,
            11.406947817525008,
            63.317439848391224,
            82.8084200015464,
            25.708930587108796,
            0.0,
            73.86053769400152,
            81.74905822281131,
            27.690340420631525
        ],
        [
            93.0220742114312,
            72.08893468593755,
            37.78631078461796,
            93.70081306187785,
            75.21493521633698,
            11.157193535513303,
            48.45992490501458,
            21.987803840383044,
            64.68645637247059,
            26.333351290042085,
            26.386492251936264,
            82.45867926829156,
            73.86053769400152,
            0.0,
            52.803209790385324,
            93.0220742114312
        ],
        [
            108.7988110673447,
            97.57861783403189,
            44.40736273715208,
            107.61022228907134,
            38.35859681221677,
            44.95847816726885,
            38.376919653800286,
            41.42856656700415,
            70.40349413912239,
            30.001066919938186,
            79.18638774752972,
            72.88696939566914,
            81.74905822281131,
            52.803209790385324,
            0.0,
            108.7988110673447
        ],
        [
            0.0,
            24.815323497536454,
            66.57190785169816,
            3.713149395113098,
            90.0712437930596,
            86.51319958850547,
            70.51193581390591,
            78.81592149103642,
            38.6170699545805,
            87.80420017988331,
            95.16487981853038,
            49.00906101167565,
            27.690340420631525,
            93.0220742114312,
            108.7988110673447,
            0.0
        ]
    ],
    "scores_ave": [
        0,
        14.027154948520117,
        12.443903558800393,
        14.298931143755329,
        16.756261698883993,
        14.26489691615257,
        18.231470296278175,
        10.70897067133994,
        14.909571698396048,
        13.883295374489755,
        15.430748263590495,
        12.324522106608256,
        17.39043665214373,
        14.167133164082124,
        17.297756174432646,
        0
    ],
    "scores_var": [
        0,
        20.59098910004993,
        273.64755815230666,
        23.659970137190573,
        338.96865407583726,
        316.0825868781541,
        22.264286955080788,
        20.278966343119755,
        303.23844846519125,
        23.167025391608256,
        23.40198878170293,
        18.307691556316712,
        283.672926291277,
        364.4721469408214,
        17.37408564958687,
        0
    ],
    "vertex_number": 16,
    "minimum_distances": {
        "cost": 398.3515550940411,
        "path": [
            0,
            1,
            12,
            8,
            2,
            7,
            10,
            13,
            5,
            9,
            14,
            4,
            6,
            11,
            3,
            15
        ]
    }
}