{
    "vertices": [
        [
            6.246648916083575,
            98.93468507919957
        ],
        [
            59.52197950875179,
            27.79935334571376
        ],
        [
            57.48745776735235,
            61.862592155999785
        ],
        [
            16.347079676689525,
            22.81268933599476
        ],
        [
            54.22292000303247,
            90.15667068099668
        ],
        [
            36.046953499190494,
            77.34112813319312
        ],
        [
            62.90895201977006,
            69.8695774833436
        ],
        [
            9.937733166683616,
            19.781157470328314
        ],
        [
            91.10915860444064,
            85.96998901828209
        ],
        [
            7.1093654337469285,
            82.77818864689854
        ],
        [
            20.686271203437556,
            88.78957276373018
        ],
        [
            20.28847241751204,
            79.57738489540695
        ],
        [
            18.733882755478938,
            72.1621059599021
        ],
        [
            5.865241995582626,
            64.9961281566316
        ],
        [
            76.0558331802908,
            79.92943103161629
        ],
        [
            6.246648916083575,
            98.93468507919957
        ]
    ],
    "distances": [
        [
            0.0,
            88.87348463175708,
            63.24524144501802,
            76.78917200672427,
            48.77269855342706,
            36.801356698175766,
            63.68199959621811,
            79.2395421230674,
            85.84712513857681,
            16.179513489496678,
            17.64726595523903,
            23.913968253945775,
            29.54153011708742,
            33.94070001083349,
            72.34999577779683,
            0.0
        ],
        [
            88.87348463175708,
            0.0,
            34.12394345562662,
            43.461923490043986,
            62.58206657580373,
            54.82211501978837,
            42.2063424354777,
            50.228367984705116,
            66.19344935697038,
            75.9588997106343,
            72.30504203880417,
            64.96331757106762,
            60.26377565554636,
            65.2889388556076,
            54.68924315411667,
            88.87348463175708
        ],
        [
            63.24524144501802,
            34.12394345562662,
            0.0,
            56.72235555488265,
            28.481785168654042,
            26.44390854753388,
            9.669768040718322,
            63.496641287582094,
            41.37131071955833,
            54.547358907131056,
            45.600324748417655,
            41.20167949074148,
            40.09887231329173,
            51.717233192180785,
            25.90743585215073,
            63.24524144501802
        ],
        [
            76.78917200672427,
            43.461923490043986,
            56.72235555488265,
            0.0,
            77.26442327373313,
            57.97788946039918,
            66.19938578420066,
            7.090127512102728,
            97.86834497812629,
            60.67286437972305,
            66.11942021783608,
            56.90136411976569,
            49.40710222282725,
            43.466210231713134,
            82.62842989478966,
            76.78917200672427
        ],
        [
            48.77269855342706,
            62.58206657580373,
            28.481785168654042,
            77.26442327373313,
            0.0,
            22.239691750187298,
            22.068377887965674,
            83.14980837497633,
            37.12307774828112,
            47.68782885895054,
            33.56450162631296,
            35.54529533802771,
            39.790402413897546,
            54.51163107441,
            24.10959412042349,
            48.77269855342706
        ],
        [
            36.801356698175766,
            54.82211501978837,
            26.44390854753388,
            57.97788946039918,
            22.239691750187298,
            0.0,
            27.88173297399008,
            63.20475938630926,
            55.73422351865013,
            29.443940464465626,
            19.15769936734394,
            15.916361717055969,
            18.071100941785506,
            32.60881374273403,
            40.09251507739003,
            36.801356698175766
        ],
        [
            63.68199959621811,
            42.2063424354777,
            9.669768040718322,
            66.19938578420066,
            22.068377887965674,
            27.88173297399008,
            0.0,
            72.90267379309083,
            32.47267933220907,
            57.27325820435701,
            46.26792622030669,
            43.71208993260565,
            44.23451628898806,
            57.251509688947166,
            16.554187919120338,
            63.68199959621811
        ],
        [
            79.2395421230674,
            50.228367984705116,
            63.496641287582094,
            7.090127512102728,
            83.14980837497633,
            63.20475938630926,
            72.90267379309083,
            0.0,
            104.73663031280292,
            63.06049160206792,
            69.84047860112477,
            60.68547286880417,
            53.11436728660003,
            45.398003904378456,
            89.38354413320664,
            79.2395421230674
        ],
        [
            85.84712513857681,
            66.19344935697038,
            41.37131071955833,
            97.86834497812629,
            37.12307774828112,
            55.73422351865013,
            32.47267933220907,
            104.73663031280292,
            0.0,
            84.06041186153018,
            70.47930988873226,
            71.10861396103302,
            73.68065002948329,
            87.78626406370084,
            16.220078517554338,
            85.84712513857681
        ],
        [
            16.179513489496678,
            75.9588997106343,
            54.547358907131056,
            60.67286437972305,
            47.68782885895054,
            29.443940464465626,
            57.27325820435701,
            63.06049160206792,
            84.06041186153018,
            0.0,
            14.848202223809936,
            13.5622271602082,
            15.742636836959461,
            17.82552996151594,
            69.00529570022755,
            16.179513489496678
        ],
        [
            17.64726595523903,
            72.30504203880417,
            45.600324748417655,
            66.11942021783608,
            33.56450162631296,
            19.15769936734394,
            46.26792622030669,
            69.84047860112477,
            70.47930988873226,
            14.848202223809936,
            0.0,
            9.22077270055853,
            16.741698628398694,
            28.031962347491078,
            56.07397350840886,
            17.64726595523903
        ],
        [
            23.913968253945775,
            64.96331757106762,
            41.20167949074148,
            56.90136411976569,
            35.54529533802771,
            15.916361717055969,
            43.71208993260565,
            60.68547286880417,
            71.10861396103302,
            13.5622271602082,
            9.22077270055853,
            0.0,
            7.576484059815743,
            20.509573956719624,
            55.768471943634395,
            23.913968253945775
        ],
        [
            29.54153011708742,
            60.26377565554636,
            40.09887231329173,
            49.40710222282725,
            39.790402413897546,
            18.071100941785506,
            44.23451628898806,
            53.11436728660003,
            73.68065002948329,
            15.742636836959461,
            16.741698628398694,
            7.576484059815743,
            0.0,
            14.729329682108087,
            57.84580658331483,
            29.54153011708742
        ],
        [
            33.94070001083349,
            65.2889388556076,
            51.717233192180785,
            43.466210231713134,
            54.51163107441,
            32.60881374273403,
            57.251509688947166,
            45.398003904378456,
            87.78626406370084,
            17.82552996151594,
            28.031962347491078,
            20.509573956719624,
            14.729329682108087,
            0.0,
            71.76156788709999,
            33.94070001083349
        ],
        [
            72.34999577779683,
            54.68924315411667,
            25.90743585215073,
            82.62842989478966,
            24.10959412042349,
            40.09251507739003,
            16.554187919120338,
            89.38354413320664,
            16.220078517554338,
            69.00529570022755,
            56.07397350840886,
            55.768471943634395,
            57.84580658331483,
            71.76156788709999,
            0.0,
            72.34999577779683
        ],
        [
            0.0,
            88.87348463175708,
            63.24524144501802,
            76.78917200672427,
            48.77269855342706,
            36.801356698175766,
            63.68199959621811,
            79.2395421230674,
            85.84712513857681,
            16.179513489496678,
            17.64726595523903,
            23.913968253945775,
            29.54153011708742,
            33.94070001083349,
            72.34999577779683,
            0.0
        ]
    ],
    "scores_ave": [
        0,
        12.281012300478546,
        13.307796458878165,
        18.168182970801595,
        13.72546784419303,
        16.24541253651537,
        17.169472879002996,
        14.281610557201773,
        16.58729130713924,
        12.43410207293568,
        15.920317265641495,
        17.8585355865067,
        19.259937265974305,
        18.109587274241342,
        15.976825333355158,
        0
    ],
    "scores_var": [
        0,
        293.8965602397521,
        332.0484989705979,
        253.82869286708876,
        297.27485384106205,
        259.72191339873484,
        16.017512771937874,
        339.968480776642,
        22.375719327612927,
        292.0914759446507,
        22.46287004238907,
        389.8085931032766,
        321.5528738824861,
        311.21469911508416,
        16.81601915623302,
        0
    ],
    "vertex_number": 16,
    "minimum_distances": {
        "cost": 318.40146944642464,
        "path": [
            0,
            10,
            11,
            12,
            5,
            4,
            8,
            14,
            6,
            2,
            1,
            3,
            7,
            13,
            9,
            15
        ]
    }
}