{
    "vertices": [
        [
            72.5096823178282,
            97.40925632055419
        ],
        [
            31.752310114451543,
            42.90492921595983
        ],
        [
            31.379599854840055,
            18.63907528477313
        ],
        [
            80.51997249847102,
            21.677758903398868
        ],
        [
            47.64627957651687,
            98.19723275236531
        ],
        [
            57.813959943597084,
            75.01179096136413
        ],
        [
            96.27661759726566,
            58.928787391173806
        ],
        [
            79.65003333199313,
            45.65135801888718
        ],
        [
            57.35983072684457,
            37.12165953560269
        ],
        [
            34.043455816627066,
            23.998531535137225
        ],
        [
            98.04814216091611,
            10.583193368804555
        ],
        [
            46.13209762553584,
            5.712595023567091
        ],
        [
            2.2815895519643803,
            64.09289105102285
        ],
        [
            56.145585907461516,
            95.49394710765276
        ],
        [
            92.94027645991869,
            60.47318450308209
        ],
        [
            49.79037332613602,
            66.01658230579393
        ],
        [
            57.227229738070406,
            20.4500957851674
        ],
        [
            90.11649622064826,
            66.12913603894152
        ],
        [
            15.045755646211568,
            60.17131014772028
        ],
        [
            88.20121051717301,
            36.63692830435673
        ],
        [
            76.90119896726478,
            60.9443270920464
        ],
        [
            80.0145963336153,
            95.9895163709246
        ],
        [
            52.289412077298515,
            88.34510765523405
        ],
        [
            72.5096823178282,
            97.40925632055419
        ]
    ],
    "distances": [
        [
            0.0,
            68.05795370160051,
            88.86183153537816,
            76.15395229285677,
            24.875885968820032,
            26.788256953683934,
            45.22846118985233,
            52.248106656712366,
            62.16198459938135,
            82.87813399662144,
            90.50402277721254,
            95.41517000568321,
            77.7300791734037,
            16.475802278153278,
            42.209981974697406,
            38.751348142445174,
            78.46187448158489,
            35.89492750571721,
            68.47457560066954,
            62.76543562932653,
            36.72841518664208,
            7.638023036685082,
            22.15892866604961,
            0.0
        ],
        [
            68.05795370160051,
            0.0,
            24.268716075377963,
            53.18719445393015,
            57.53135749852478,
            41.35287369646162,
            66.48421080945545,
            47.97639795351222,
            26.252453601708773,
            19.0447163773581,
            73.75521645894833,
            39.87540609877926,
            36.29673672930241,
            57.97099884189201,
            63.66011953591918,
            29.3175754961689,
            33.95866714455199,
            62.81514150581366,
            24.025754362369764,
            56.79582900270252,
            48.61935869975497,
            71.7441402799806,
            49.86564321880802,
            68.05795370160051
        ],
        [
            88.86183153537816,
            24.268716075377963,
            0.0,
            49.234234244974495,
            81.20409650261374,
            62.26281768484172,
            76.38641118338623,
            55.31453847389469,
            31.88382531553686,
            5.9849728390958425,
            67.15349407634038,
            19.61453752750071,
            53.96983945963181,
            80.74667416104454,
            74.42989720646186,
            50.82897550943016,
            25.910997005775577,
            75.5336273796135,
            44.62870151979272,
            59.60384342956656,
            62.14459201112439,
            91.36987259875474,
            72.77466039776633,
            88.86183153537816
        ],
        [
            76.15395229285677,
            53.18719445393015,
            49.234234244974495,
            0.0,
            83.28210830934576,
            57.966214139808706,
            40.44639647936994,
            23.989377830688195,
            27.83713766929391,
            46.53442369349754,
            20.744303220809044,
            37.913221915138415,
            88.99599991676382,
            77.73635161681962,
            40.7351076831191,
            53.94663590995409,
            23.32507281948035,
            45.475468076717526,
            75.95147503383916,
            16.816009237227092,
            39.432967161803404,
            74.3134759177659,
            72.39820392311049,
            76.15395229285677
        ],
        [
            24.875885968820032,
            57.53135749852478,
            81.20409650261374,
            83.28210830934576,
            0.0,
            25.31691993689226,
            62.505364386564196,
            61.52486656586535,
            61.84317844116814,
            75.43529728559507,
            101.0770381891001,
            92.49703218378265,
            56.754393873123675,
            8.918854264093833,
            58.94616162217743,
            32.2519984058596,
            78.3352533192713,
            53.21731042265248,
            50.08757281466993,
            73.71820336479243,
            47.36696410680949,
            32.44351924974757,
            10.891420859986017,
            24.875885968820032
        ],
        [
            26.788256953683934,
            41.35287369646162,
            62.26281768484172,
            57.966214139808706,
            25.31691993689226,
            0.0,
            41.68979536555756,
            36.590287284921715,
            37.892852793198124,
            56.279565596562904,
            75.95942078794705,
            70.27691274411053,
            56.59564061449906,
            20.549992513998646,
            38.01617010896295,
            12.053701546211654,
            54.564849792098634,
            33.50157322277636,
            45.269848349680124,
            48.94910705381122,
            23.711099368464183,
            30.543955531016614,
            14.432531419887999,
            26.788256953683934
        ],
        [
            45.22846118985233,
            66.48421080945545,
            76.38641118338623,
            40.44639647936994,
            62.505364386564196,
            41.68979536555756,
            0.0,
            21.277533575728828,
            44.610168410655035,
            71.36588260074497,
            48.37804006628796,
            73.11932722133959,
            94.13677954894483,
            54.29098092298277,
            3.676456802959103,
            47.023480764261244,
            54.82211597419433,
            9.475870198776946,
            81.24036432778809,
            23.70947449978003,
            19.479970415110458,
            40.47160693733271,
            52.91686070935793,
            45.22846118985233
        ],
        [
            52.248106656712366,
            47.97639795351222,
            55.31453847389469,
            23.989377830688195,
            61.52486656586535,
            36.590287284921715,
            21.277533575728828,
            0.0,
            23.866480435839662,
            50.485689134649604,
            39.60134568933483,
            52.1397813921247,
            79.53594302904078,
            55.106648744086264,
            19.9077146535446,
            36.14334870929089,
            33.73256200148967,
            22.99752678090007,
            66.21587200305663,
            12.425078443637709,
            15.538049859532435,
            50.33947846826531,
            50.70857771081649,
            52.248106656712366
        ],
        [
            62.16198459938135,
            26.252453601708773,
            31.88382531553686,
            27.83713766929391,
            61.84317844116814,
            37.892852793198124,
            44.610168410655035,
            23.866480435839662,
            0.0,
            26.755743822036063,
            48.578069885929864,
            33.35552913859167,
            61.32748144491718,
            58.38491540522697,
            42.55892194206811,
            29.869938855586195,
            16.6720910778178,
            43.754232108045315,
            48.184721056265744,
            30.84518879400521,
            30.812084678134635,
            63.076643641538816,
            51.47378733439215,
            62.16198459938135
        ],
        [
            82.87813399662144,
            19.0447163773581,
            5.9849728390958425,
            46.53442369349754,
            75.43529728559507,
            56.279565596562904,
            71.36588260074497,
            50.485689134649604,
            26.755743822036063,
            0.0,
            65.39549810306427,
            21.92055507712501,
            51.15050159679185,
            74.8338065478355,
            69.27651687996497,
            44.87183973960467,
            23.453758110636773,
            70.13682125679041,
            40.85807783437629,
            55.61287141571386,
            56.58425538344534,
            85.41690498993302,
            66.88345668583337,
            82.87813399662144
        ],
        [
            90.50402277721254,
            73.75521645894833,
            67.15349407634038,
            20.744303220809044,
            101.0770381891001,
            75.95942078794705,
            48.37804006628796,
            39.60134568933483,
            48.578069885929864,
            65.39549810306427,
            0.0,
            52.14401603674402,
            109.70196144393006,
            94.68717083677836,
            50.150787704658406,
            73.49607378595546,
            41.99646002138354,
            56.10938205359163,
            96.68700788014793,
            27.852453516495835,
            54.62084763463273,
            87.28945402422802,
            90.2262527890601,
            90.50402277721254
        ],
        [
            95.41517000568321,
            39.87540609877926,
            19.61453752750071,
            37.913221915138415,
            92.49703218378265,
            70.27691274411053,
            73.11932722133959,
            52.1397813921247,
            33.35552913859167,
            21.92055507712501,
            52.14401603674402,
            0.0,
            73.01456034630164,
            90.33803811030444,
            72.03976517129644,
            60.41484803619536,
            18.447110486273058,
            74.73142410014778,
            62.70655715815667,
            52.212303610841246,
            63.224060488566145,
            96.42585880696102,
            82.86159946006644,
            95.41517000568321
        ],
        [
            77.7300791734037,
            36.29673672930241,
            53.96983945963181,
            88.99599991676382,
            56.754393873123675,
            56.59564061449906,
            94.13677954894483,
            79.53594302904078,
            61.32748144491718,
            51.15050159679185,
            109.70196144393006,
            73.01456034630164,
            0.0,
            62.34866818831516,
            90.73091968765496,
            47.54771418001792,
            70.16920231895475,
            87.8585062651718,
            13.353004638008514,
            90.19984011710572,
            74.68600648244458,
            84.02270556292737,
            55.57834401943705,
            77.7300791734037
        ],
        [
            16.475802278153278,
            57.97099884189201,
            80.74667416104454,
            77.73635161681962,
            8.918854264093833,
            20.549992513998646,
            54.29098092298277,
            55.106648744086264,
            58.38491540522697,
            74.8338065478355,
            94.68717083677836,
            90.33803811030444,
            62.34866818831516,
            0.0,
            50.7966836147477,
            30.154664027571318,
            75.05164604915458,
            44.90339493409917,
            54.19303211028836,
            67.02023374720714,
            40.30473566109897,
            23.874154385413068,
            8.122560072101177,
            16.475802278153278
        ],
        [
            42.209981974697406,
            63.66011953591918,
            74.42989720646186,
            40.7351076831191,
            58.94616162217743,
            38.01617010896295,
            3.676456802959103,
            19.9077146535446,
            42.55892194206811,
            69.27651687996497,
            50.150787704658406,
            72.03976517129644,
            90.73091968765496,
            50.7966836147477,
            0.0,
            43.50452160010426,
            53.6401839732023,
            6.321670872141708,
            77.89510575718784,
            24.302795221557645,
            16.045995829318088,
            37.79527796000765,
            49.28830363538232,
            42.209981974697406
        ],
        [
            38.751348142445174,
            29.3175754961689,
            50.82897550943016,
            53.94663590995409,
            32.2519984058596,
            12.053701546211654,
            47.023480764261244,
            36.14334870929089,
            29.869938855586195,
            44.87183973960467,
            73.49607378595546,
            60.41484803619536,
            47.54771418001792,
            30.154664027571318,
            43.50452160010426,
            0.0,
            46.169378673815494,
            40.326279967859044,
            35.23287760495969,
            48.35862366693779,
            27.581237098742932,
            42.5661888460608,
            22.467938021999295,
            38.751348142445174
        ],
        [
            78.46187448158489,
            33.95866714455199,
            25.910997005775577,
            23.32507281948035,
            78.3352533192713,
            54.564849792098634,
            54.82211597419433,
            33.73256200148967,
            16.6720910778178,
            23.453758110636773,
            41.99646002138354,
            18.447110486273058,
            70.16920231895475,
            75.05164604915458,
            53.6401839732023,
            46.169378673815494,
            0.0,
            56.28746368657888,
            57.940069269876055,
            34.94854835767149,
            45.0205268112925,
            78.90163584357218,
            68.07433202086908,
            78.46187448158489
        ],
        [
            35.89492750571721,
            62.81514150581366,
            75.5336273796135,
            45.475468076717526,
            53.21731042265248,
            33.50157322277636,
            9.475870198776946,
            22.99752678090007,
            43.754232108045315,
            70.13682125679041,
            56.10938205359163,
            74.73142410014778,
            87.8585062651718,
            44.90339493409917,
            6.321670872141708,
            40.326279967859044,
            56.28746368657888,
            0.0,
            75.30678442042577,
            29.554333631226402,
            14.19599680582835,
            31.522859878163313,
            43.86841334769217,
            35.89492750571721
        ],
        [
            68.47457560066954,
            24.025754362369764,
            44.62870151979272,
            75.95147503383916,
            50.08757281466993,
            45.269848349680124,
            81.24036432778809,
            66.21587200305663,
            48.184721056265744,
            40.85807783437629,
            96.68700788014793,
            62.70655715815667,
            13.353004638008514,
            54.19303211028836,
            77.89510575718784,
            35.23287760495969,
            57.940069269876055,
            75.30678442042577,
            0.0,
            76.8478217396337,
            61.8602733880173,
            74.18823462863395,
            46.69960182219152,
            68.47457560066954
        ],
        [
            62.76543562932653,
            56.79582900270252,
            59.60384342956656,
            16.816009237227092,
            73.71820336479243,
            48.94910705381122,
            23.70947449978003,
            12.425078443637709,
            30.84518879400521,
            55.61287141571386,
            27.852453516495835,
            52.212303610841246,
            90.19984011710572,
            67.02023374720714,
            24.302795221557645,
            48.35862366693779,
            34.94854835767149,
            29.554333631226402,
            76.8478217396337,
            0.0,
            26.80559450659203,
            59.914525467453416,
            62.95548489979779,
            62.76543562932653
        ],
        [
            36.72841518664208,
            48.61935869975497,
            62.14459201112439,
            39.432967161803404,
            47.36696410680949,
            23.711099368464183,
            19.479970415110458,
            15.538049859532435,
            30.812084678134635,
            56.58425538344534,
            54.62084763463273,
            63.224060488566145,
            74.68600648244458,
            40.30473566109897,
            16.045995829318088,
            27.581237098742932,
            45.0205268112925,
            14.19599680582835,
            61.8602733880173,
            26.80559450659203,
            0.0,
            35.18321382070146,
            36.83127515290608,
            36.72841518664208
        ],
        [
            7.638023036685082,
            71.7441402799806,
            91.36987259875474,
            74.3134759177659,
            32.44351924974757,
            30.543955531016614,
            40.47160693733271,
            50.33947846826531,
            63.076643641538816,
            85.41690498993302,
            87.28945402422802,
            96.42585880696102,
            84.02270556292737,
            23.874154385413068,
            37.79527796000765,
            42.5661888460608,
            78.90163584357218,
            31.522859878163313,
            74.18823462863395,
            59.914525467453416,
            35.18321382070146,
            0.0,
            28.75974316052287,
            7.638023036685082
        ],
        [
            22.15892866604961,
            49.86564321880802,
            72.77466039776633,
            72.39820392311049,
            10.891420859986017,
            14.432531419887999,
            52.91686070935793,
            50.70857771081649,
            51.47378733439215,
            66.88345668583337,
            90.2262527890601,
            82.86159946006644,
            55.57834401943705,
            8.122560072101177,
            49.28830363538232,
            22.467938021999295,
            68.07433202086908,
            43.86841334769217,
            46.69960182219152,
            62.95548489979779,
            36.83127515290608,
            28.75974316052287,
            0.0,
            22.15892866604961
        ],
        [
            0.0,
            68.05795370160051,
            88.86183153537816,
            76.15395229285677,
            24.875885968820032,
            26.788256953683934,
            45.22846118985233,
            52.248106656712366,
            62.16198459938135,
            82.87813399662144,
            90.50402277721254,
            95.41517000568321,
            77.7300791734037,
            16.475802278153278,
            42.209981974697406,
            38.751348142445174,
            78.46187448158489,
            35.89492750571721,
            68.47457560066954,
            62.76543562932653,
            36.72841518664208,
            7.638023036685082,
            22.15892866604961,
            0.0
        ]
    ],
    "scores_ave": [
        0,
        12.632061800513874,
        15.134303054861318,
        13.759676084865122,
        19.829236271724085,
        18.35477113089206,
        19.797560030883133,
        12.746900267931403,
        11.272023406708868,
        14.880561630571195,
        18.80040685896779,
        14.554764794873899,
        11.803414629851298,
        18.633884650311735,
        12.52646393492343,
        11.009543467953039,
        17.26920925721005,
        11.289244020099744,
        15.073097346409014,
        16.449333144173004,
        11.255033966815471,
        11.226787595551702,
        11.49950269916453,
        0
    ],
    "scores_var": [
        0,
        277.5606517793431,
        242.08132709758297,
        320.05838194666944,
        274.4183937041565,
        24.722926731373775,
        22.7432074977446,
        16.265342019225283,
        17.68951948501624,
        23.45560878447715,
        22.66028509787584,
        238.78333046993765,
        24.309622018880027,
        23.329427928899847,
        16.987743864930387,
        234.01038041297366,
        322.8466593472435,
        248.36504515148442,
        19.654308293563563,
        264.9595053042336,
        20.290550250258658,
        18.469022943723907,
        233.8315318264855,
        0
    ],
    "vertex_number": 24,
    "minimum_distances": {
        "cost": 412.9539112230757,
        "path": [
            0,
            13,
            4,
            22,
            5,
            15,
            18,
            12,
            1,
            8,
            9,
            2,
            11,
            16,
            3,
            10,
            19,
            7,
            20,
            14,
            6,
            17,
            21,
            23
        ]
    }
}