{
    "vertices": [
        [
            0.2042588268107548,
            79.3935638223338
        ],
        [
            0.9861859715403987,
            12.337111225354747
        ],
        [
            17.017585264467005,
            75.91791201889141
        ],
        [
            52.35566511063159,
            28.359657499302294
        ],
        [
            93.88765280631648,
            98.89820729962315
        ],
        [
            53.58979956191972,
            92.59535272025244
        ],
        [
            81.00667556205791,
            21.798343426577706
        ],
        [
            58.97024551994969,
            58.71906207458798
        ],
        [
            52.31306628131139,
            69.23330494700494
        ],
        [
            91.02654721906379,
            21.650302054193517
        ],
        [
            38.882408618724526,
            98.17725683429904
        ],
        [
            76.86723856324808,
            81.96380711602939
        ],
        [
            33.817096022196665,
            1.5088289964467982
        ],
        [
            6.181000197639019,
            1.349488692703471
        ],
        [
            7.778902215048267,
            20.865429771554833
        ],
        [
            49.58045443710544,
            36.815561908747576
        ],
        [
            14.302411842814012,
            11.27819187292214
        ],
        [
            33.04819119390472,
            81.18322105050922
        ],
        [
            90.39340074445391,
            42.977417140255305
        ],
        [
            0.2042588268107548,
            79.3935638223338
        ]
    ],
    "distances": [
        [
            0.0,
            67.06101136241955,
            17.168811879625302,
            72.96731303788088,
            95.6922641841829,
            54.99366499593554,
            99.22822160399868,
            62.29667900085627,
            53.090099592522144,
            107.62421822447561,
            42.997981283933214,
            76.70605329866859,
            84.82838406584352,
            78.27259482253768,
            59.01624943966639,
            65.19888756642582,
            69.5590527125646,
            32.89265520338245,
            97.2636471607529,
            0.0
        ],
        [
            67.06101136241955,
            0.0,
            65.57075562197404,
            53.810272031669896,
            126.97836781763942,
            95.96106236708333,
            80.57787332184674,
            74.25251865286566,
            76.62653262640235,
            90.52072788593162,
            93.83311936139452,
            102.984517880495,
            34.570512735323526,
            12.153762535268765,
            10.902899210314475,
            54.41137266751045,
            13.358262673331923,
            75.94576365365054,
            94.51178974079676,
            67.06101136241955
        ],
        [
            17.168811879625302,
            65.57075562197404,
            0.0,
            59.25004185790861,
            80.231547754472,
            40.19532170497231,
            83.80651157118635,
            45.34121901668087,
            35.922902888212384,
            91.77308941556633,
            31.20174565507673,
            60.15425045256481,
            76.28194542576986,
            75.35171752033374,
            55.82229900390101,
            50.885501205064614,
            64.6967200656948,
            16.873168216531226,
            80.43063160390162,
            17.168811879625302
        ],
        [
            72.96731303788088,
            53.810272031669896,
            59.25004185790861,
            0.0,
            81.85715002299351,
            64.24754959033575,
            29.392707297026483,
            31.071628862311233,
            40.87366964611018,
            39.24859963786061,
            71.10573688106223,
            58.942532090634494,
            32.62890643488427,
            53.494381936686686,
            45.202336659562114,
            8.899669300829647,
            41.711228131162436,
            56.241509717409656,
            40.74982489617877,
            72.96731303788088
        ],
        [
            95.6922641841829,
            126.97836781763942,
            80.231547754472,
            81.85715002299351,
            0.0,
            40.7877794437946,
            78.16846284793661,
            53.231466658513995,
            51.073013190093924,
            77.30087185787936,
            55.00996871213498,
            24.009756570689056,
            114.42535907146353,
            131.1800648485555,
            116.20598649438952,
            76.27176860449626,
            118.36839815843616,
            63.36608578012705,
            56.02985427002182,
            95.6922641841829
        ],
        [
            54.99366499593554,
            95.96106236708333,
            40.19532170497231,
            64.24754959033575,
            40.7877794437946,
            0.0,
            75.92036363542802,
            34.30090766462039,
            23.396908428878188,
            80.21664596051339,
            15.731020370414324,
            25.59040696032865,
            93.20791065868382,
            102.82704877266767,
            85.110634834618,
            55.92369722492527,
            90.31046164239183,
            23.498817493492304,
            61.777379284198986,
            54.99366499593554
        ],
        [
            99.22822160399868,
            80.57787332184674,
            83.80651157118635,
            29.392707297026483,
            78.16846284793661,
            75.92036363542802,
            0.0,
            42.99701983261472,
            55.438243009682,
            10.020965236483317,
            87.224952157381,
            60.30769403346346,
            51.366533978451194,
            77.56956460924926,
            73.23371571379363,
            34.82993289019709,
            67.5287522988417,
            76.3320372667972,
            23.166004684002306,
            99.22822160399868
        ],
        [
            62.29667900085627,
            74.25251865286566,
            45.34121901668087,
            31.071628862311233,
            53.231466658513995,
            34.30090766462039,
            42.99701983261472,
            0.0,
            12.444570647295453,
            49.00713670552708,
            44.27719870390982,
            29.336334672782243,
            62.49553342849033,
            77.96135178226794,
            63.66671899739699,
            23.831313352277338,
            65.16019897836073,
            34.30147721276577,
            35.14561237909917,
            62.29667900085627
        ],
        [
            53.090099592522144,
            76.62653262640235,
            35.922902888212384,
            40.87366964611018,
            51.073013190093924,
            23.396908428878188,
            55.438243009682,
            12.444570647295453,
            0.0,
            61.342283708833484,
            31.90822646440255,
            27.658146393541344,
            70.20474028585096,
            82.07545327560535,
            65.74757119520663,
            32.532710172771935,
            69.30804413827146,
            22.670154543235324,
            46.25455131492926,
            53.090099592522144
        ],
        [
            107.62421822447561,
            90.52072788593162,
            91.77308941556633,
            39.24859963786061,
            77.30087185787936,
            80.21664596051339,
            10.020965236483317,
            49.00713670552708,
            61.342283708833484,
            0.0,
            92.60338005865502,
            61.953247811997386,
            60.65146530119992,
            87.24041421556213,
            83.25134487330908,
            44.13347610767646,
            77.42204866086621,
            83.10029008133476,
            21.336511250727828,
            107.62421822447561
        ],
        [
            42.997981283933214,
            93.83311936139452,
            31.20174565507673,
            71.10573688106223,
            55.00996871213498,
            15.731020370414324,
            87.224952157381,
            44.27719870390982,
            31.90822646440255,
            92.60338005865502,
            0.0,
            41.300402633403365,
            96.80104509943368,
            102.2007768855268,
            83.3339469507067,
            62.28728432407875,
            90.30849202962794,
            17.967619352067768,
            75.50102391375287,
            42.997981283933214
        ],
        [
            76.70605329866859,
            102.984517880495,
            60.15425045256481,
            58.942532090634494,
            24.009756570689056,
            25.59040696032865,
            60.30769403346346,
            29.336334672782243,
            27.658146393541344,
            61.953247811997386,
            41.300402633403365,
            0.0,
            91.24866178211798,
            107.21572939236614,
            92.22911651691015,
            52.753508255314685,
            94.39710665510113,
            43.82599944054261,
            41.266156432304435,
            76.70605329866859
        ],
        [
            84.82838406584352,
            34.570512735323526,
            76.28194542576986,
            32.62890643488427,
            114.42535907146353,
            93.20791065868382,
            51.366533978451194,
            62.49553342849033,
            70.20474028585096,
            60.65146530119992,
            96.80104509943368,
            91.24866178211798,
            0.0,
            27.636555171665837,
            32.44480744750281,
            38.66586165414419,
            21.82345870006178,
            79.67810216000012,
            70.14643297179495,
            84.82838406584352
        ],
        [
            78.27259482253768,
            12.153762535268765,
            75.35171752033374,
            53.494381936686686,
            131.1800648485555,
            102.82704877266767,
            77.56956460924926,
            77.96135178226794,
            82.07545327560535,
            87.24041421556213,
            102.2007768855268,
            107.21572939236614,
            27.636555171665837,
            0.0,
            19.58124733132286,
            56.04779190699078,
            12.827177162231303,
            84.23343026499384,
            93.93941043402222,
            78.27259482253768
        ],
        [
            59.01624943966639,
            10.902899210314475,
            55.82229900390101,
            45.202336659562114,
            116.20598649438952,
            85.110634834618,
            73.23371571379363,
            63.66671899739699,
            65.74757119520663,
            83.25134487330908,
            83.3339469507067,
            92.22911651691015,
            32.44480744750281,
            19.58124733132286,
            0.0,
            44.74121682930943,
            11.59617645556204,
            65.39704053142208,
            85.52248448600366,
            59.01624943966639
        ],
        [
            65.19888756642582,
            54.41137266751045,
            50.885501205064614,
            8.899669300829647,
            76.27176860449626,
            55.92369722492527,
            34.82993289019709,
            23.831313352277338,
            32.532710172771935,
            44.13347610767646,
            62.28728432407875,
            52.753508255314685,
            38.66586165414419,
            56.04779190699078,
            44.74121682930943,
            0.0,
            43.551091348338396,
            47.34770222156542,
            41.27547754030919,
            65.19888756642582
        ],
        [
            69.5590527125646,
            13.358262673331923,
            64.6967200656948,
            41.711228131162436,
            118.36839815843616,
            90.31046164239183,
            67.5287522988417,
            65.16019897836073,
            69.30804413827146,
            77.42204866086621,
            90.30849202962794,
            94.39710665510113,
            21.82345870006178,
            12.827177162231303,
            11.59617645556204,
            43.551091348338396,
            0.0,
            72.37483919014315,
            82.42984577553582,
            69.5590527125646
        ],
        [
            32.89265520338245,
            75.94576365365054,
            16.873168216531226,
            56.241509717409656,
            63.36608578012705,
            23.498817493492304,
            76.3320372667972,
            34.30147721276577,
            22.670154543235324,
            83.10029008133476,
            17.967619352067768,
            43.82599944054261,
            79.67810216000012,
            84.23343026499384,
            65.39704053142208,
            47.34770222156542,
            72.37483919014315,
            0.0,
            68.90686838643279,
            32.89265520338245
        ],
        [
            97.2636471607529,
            94.51178974079676,
            80.43063160390162,
            40.74982489617877,
            56.02985427002182,
            61.777379284198986,
            23.166004684002306,
            35.14561237909917,
            46.25455131492926,
            21.336511250727828,
            75.50102391375287,
            41.266156432304435,
            70.14643297179495,
            93.93941043402222,
            85.52248448600366,
            41.27547754030919,
            82.42984577553582,
            68.90686838643279,
            0.0,
            97.2636471607529
        ],
        [
            0.0,
            67.06101136241955,
            17.168811879625302,
            72.96731303788088,
            95.6922641841829,
            54.99366499593554,
            99.22822160399868,
            62.29667900085627,
            53.090099592522144,
            107.62421822447561,
            42.997981283933214,
            76.70605329866859,
            84.82838406584352,
            78.27259482253768,
            59.01624943966639,
            65.19888756642582,
            69.5590527125646,
            32.89265520338245,
            97.2636471607529,
            0.0
        ]
    ],
    "scores_ave": [
        0,
        11.304000861504258,
        15.769142057397236,
        10.086955637014457,
        10.882511876706122,
        18.647369793993533,
        11.840461856385849,
        18.88409058753853,
        12.524136947125282,
        12.276908542876138,
        13.013318083387116,
        17.02525687237761,
        18.773657855337326,
        10.17047916840119,
        15.548738837468651,
        10.296987908019231,
        17.833959040877257,
        18.997732574315943,
        15.839477970260653,
        0
    ],
    "scores_var": [
        0,
        20.695633364584353,
        247.5619309497986,
        21.62794131735081,
        16.407690138749746,
        375.99786429013017,
        371.0508465909779,
        227.26868048451587,
        20.106224521454923,
        338.0955416985897,
        23.87902717447775,
        18.084028543043594,
        19.28600378695977,
        390.18155721475296,
        304.7635157175995,
        20.470977120781313,
        19.59102634703605,
        16.274154071656913,
        21.78732224092316,
        0
    ],
    "vertex_number": 20,
    "minimum_distances": {
        "cost": 432.22601741372307,
        "path": [
            0,
            14,
            1,
            13,
            16,
            12,
            3,
            15,
            6,
            9,
            18,
            7,
            8,
            11,
            4,
            5,
            10,
            17,
            2,
            19
        ]
    }
}