{
    "vertices": [
        [
            6.168672021052668,
            27.256121142187382
        ],
        [
            2.46732833086315,
            92.13690367377862
        ],
        [
            91.89347446067055,
            31.404141615318814
        ],
        [
            74.45556736940993,
            96.0388495758133
        ],
        [
            67.9372266374954,
            33.710200426911186
        ],
        [
            59.259345397818976,
            65.86161777239799
        ],
        [
            52.136876391709066,
            40.43091389335447
        ],
        [
            56.87004595838169,
            56.791983108848086
        ],
        [
            86.29234092181561,
            56.0092520091444
        ],
        [
            79.45793896383204,
            5.766128444566365
        ],
        [
            36.2595003475459,
            28.217564413087803
        ],
        [
            77.58073901596659,
            57.308835921380606
        ],
        [
            35.47384519097327,
            92.06937619706876
        ],
        [
            68.98239793873267,
            96.31581347284205
        ],
        [
            56.88847325778376,
            79.558224545754
        ],
        [
            78.28558090795707,
            56.66904607454851
        ],
        [
            43.64788085795255,
            68.80741583414427
        ],
        [
            33.47471332365739,
            36.51469367078158
        ],
        [
            6.168672021052668,
            27.256121142187382
        ]
    ],
    "distances": [
        [
            0.0,
            64.98627460490823,
            85.82510021641124,
            96.92349460833235,
            62.104826533997894,
            65.6430039658735,
            47.818939522940475,
            58.67705225423735,
            85.12664008858474,
            76.3749725705599,
            30.10618412448923,
            77.47805481609365,
            71.13052231867935,
            93.3531213643449,
            72.85607907327214,
            77.88432897880537,
            55.957137039146296,
            28.832985570120798,
            0.0
        ],
        [
            64.98627460490823,
            0.0,
            108.09950970693234,
            72.09390918582065,
            87.74957114754623,
            62.57574491552373,
            71.69779204230775,
            64.87618280232559,
            91.27891295734457,
            115.70421314426078,
            72.30209416834597,
            82.79504072174032,
            33.00658593670125,
            66.64621348620217,
            55.85592344382733,
            83.70409993855303,
            47.329725430177774,
            63.68114453830792,
            64.98627460490823
        ],
        [
            85.82510021641124,
            108.09950970693234,
            0.0,
            66.94569498378404,
            24.0669839615999,
            47.45844543183577,
            40.76848915248718,
            43.25717327514023,
            25.23458250917636,
            28.49474096104063,
            55.72515903867482,
            29.59573589219561,
            82.84591271625192,
            68.8363462912789,
            59.53289688974773,
            28.69651833020838,
            61.0462302224083,
            58.641874075569866,
            85.82510021641124
        ],
        [
            96.92349460833235,
            72.09390918582065,
            66.94569498378404,
            0.0,
            62.66856684673962,
            33.78743082163727,
            59.91966687009019,
            43.00659357323632,
            41.74299808926517,
            90.41121557643476,
            77.83743480525588,
            38.8558960196903,
            39.183304900191644,
            5.48017268132651,
            24.087627465322278,
            39.555662444631814,
            41.11769122671097,
            72.26725077464754,
            96.92349460833235
        ],
        [
            62.104826533997894,
            87.74957114754623,
            24.0669839615999,
            62.66856684673962,
            0.0,
            33.30194078629049,
            17.170295786256926,
            25.597874520364186,
            28.88179222031682,
            30.225783223279322,
            32.15038714045769,
            25.49299763061533,
            66.78071975888358,
            62.61433676008841,
            47.16053717725957,
            25.183268842209856,
            42.68239505627484,
            34.576437153954664,
            62.104826533997894
        ],
        [
            65.6430039658735,
            62.57574491552373,
            47.45844543183577,
            33.78743082163727,
            33.30194078629049,
            0.0,
            26.409283680679327,
            9.37907376778546,
            28.7724166196264,
            63.39914052726984,
            44.11425648988276,
            20.21938528991899,
            35.39204178534715,
            31.968668825497158,
            13.900290349785392,
            21.130570558017194,
            15.886961676170019,
            39.06519173671002,
            65.6430039658735
        ],
        [
            47.818939522940475,
            71.69779204230775,
            40.76848915248718,
            59.91966687009019,
            17.170295786256926,
            26.409283680679327,
            0.0,
            17.031954674113265,
            37.54038326545481,
            44.13714773612326,
            20.031399740779385,
            30.532841289768932,
            54.26036673197866,
            58.36860112424014,
            39.41477022217774,
            30.780378240235745,
            29.619063245953356,
            19.068642091408627,
            47.818939522940475
        ],
        [
            58.67705225423735,
            64.87618280232559,
            43.25717327514023,
            43.00659357323632,
            25.597874520364186,
            9.37907376778546,
            17.031954674113265,
            0.0,
            29.432704749814487,
            55.8018884505361,
            35.23197403179329,
            20.71714130268262,
            41.258839905892756,
            41.33814506164595,
            22.766248894555623,
            21.415887810008883,
            17.866064858248013,
            30.95981356604912,
            58.67705225423735
        ],
        [
            85.12664008858474,
            91.27891295734457,
            25.23458250917636,
            41.74299808926517,
            28.88179222031682,
            28.7724166196264,
            37.54038326545481,
            29.432704749814487,
            0.0,
            50.70582329130202,
            57.23340838502539,
            8.808003525824425,
            62.31253537446674,
            43.866308519231694,
            37.67149507431171,
            8.033899061369048,
            44.52351032241221,
            56.30044040596446,
            85.12664008858474
        ],
        [
            76.3749725705599,
            115.70421314426078,
            28.49474096104063,
            90.41121557643476,
            30.225783223279322,
            63.39914052726984,
            44.13714773612326,
            55.8018884505361,
            50.70582329130202,
            0.0,
            48.6844130696228,
            51.57688022442525,
            96.86511796126325,
            91.15361988691659,
            77.16640609269945,
            50.91641627860235,
            72.50216670749792,
            55.316645810696315,
            76.3749725705599
        ],
        [
            30.10618412448923,
            72.30209416834597,
            55.72515903867482,
            77.83743480525588,
            32.15038714045769,
            44.11425648988276,
            20.031399740779385,
            35.23197403179329,
            57.23340838502539,
            48.6844130696228,
            0.0,
            50.53461034837207,
            63.856645089778866,
            75.55236297937753,
            55.33008138607125,
            50.75114044041379,
            41.256807983046826,
            8.751993640725292,
            30.10618412448923
        ],
        [
            77.47805481609365,
            82.79504072174032,
            29.59573589219561,
            38.8558960196903,
            25.49299763061533,
            20.21938528991899,
            30.532841289768932,
            20.71714130268262,
            8.808003525824425,
            51.57688022442525,
            50.53461034837207,
            0.0,
            54.60115079233219,
            39.943407052737314,
            30.38429127634314,
            0.9519102588028765,
            35.8281481908026,
            48.76205342588421,
            77.47805481609365
        ],
        [
            71.13052231867935,
            33.00658593670125,
            82.84591271625192,
            39.183304900191644,
            66.78071975888358,
            35.39204178534715,
            54.26036673197866,
            41.258839905892756,
            62.31253537446674,
            96.86511796126325,
            63.856645089778866,
            54.60115079233219,
            0.0,
            33.7765501019043,
            24.801516302073622,
            55.55203045689942,
            24.656310733995056,
            55.59064020875705,
            71.13052231867935
        ],
        [
            93.3531213643449,
            66.64621348620217,
            68.8363462912789,
            5.48017268132651,
            62.61433676008841,
            31.968668825497158,
            58.36860112424014,
            41.33814506164595,
            43.866308519231694,
            91.15361988691659,
            75.55236297937753,
            39.943407052737314,
            33.7765501019043,
            0.0,
            20.665909146169433,
            40.723646429233945,
            37.397188348391296,
            69.54832561826376,
            93.3531213643449
        ],
        [
            72.85607907327214,
            55.85592344382733,
            59.53289688974773,
            24.087627465322278,
            47.16053717725957,
            13.900290349785392,
            39.41477022217774,
            22.766248894555623,
            37.67149507431171,
            77.16640609269945,
            55.33008138607125,
            30.38429127634314,
            24.801516302073622,
            20.665909146169433,
            0.0,
            31.332901347940986,
            17.055590727151365,
            48.99948677728783,
            72.85607907327214
        ],
        [
            77.88432897880537,
            83.70409993855303,
            28.69651833020838,
            39.555662444631814,
            25.183268842209856,
            21.130570558017194,
            30.780378240235745,
            21.415887810008883,
            8.033899061369048,
            50.91641627860235,
            50.75114044041379,
            0.9519102588028765,
            55.55203045689942,
            40.723646429233945,
            31.332901347940986,
            0.0,
            36.703001037718316,
            49.13462907637408,
            77.88432897880537
        ],
        [
            55.957137039146296,
            47.329725430177774,
            61.0462302224083,
            41.11769122671097,
            42.68239505627484,
            15.886961676170019,
            29.619063245953356,
            17.866064858248013,
            44.52351032241221,
            72.50216670749792,
            41.256807983046826,
            35.8281481908026,
            24.656310733995056,
            37.397188348391296,
            17.055590727151365,
            36.703001037718316,
            0.0,
            33.85724800394995,
            55.957137039146296
        ],
        [
            28.832985570120798,
            63.68114453830792,
            58.641874075569866,
            72.26725077464754,
            34.576437153954664,
            39.06519173671002,
            19.068642091408627,
            30.95981356604912,
            56.30044040596446,
            55.316645810696315,
            8.751993640725292,
            48.76205342588421,
            55.59064020875705,
            69.54832561826376,
            48.99948677728783,
            49.13462907637408,
            33.85724800394995,
            0.0,
            28.832985570120798
        ],
        [
            0.0,
            64.98627460490823,
            85.82510021641124,
            96.92349460833235,
            62.104826533997894,
            65.6430039658735,
            47.818939522940475,
            58.67705225423735,
            85.12664008858474,
            76.3749725705599,
            30.10618412448923,
            77.47805481609365,
            71.13052231867935,
            93.3531213643449,
            72.85607907327214,
            77.88432897880537,
            55.957137039146296,
            28.832985570120798,
            0.0
        ]
    ],
    "scores_ave": [
        0,
        10.838830964587011,
        18.427618533145104,
        19.320302307600507,
        17.66298867961462,
        11.882328838473292,
        12.467736331431789,
        14.666929280571335,
        11.999453134893457,
        13.48050133373709,
        14.600882413203452,
        19.089873101323207,
        10.112608236170871,
        11.03862814502768,
        17.25891898595006,
        19.440645653544827,
        11.51816170852183,
        14.19825920606172,
        0
    ],
    "scores_var": [
        0,
        393.1358358019854,
        18.664536919615244,
        239.52611053368034,
        22.29405294506992,
        297.82811858199636,
        237.77136482746587,
        389.3579949611594,
        22.26888172953397,
        321.4544707127443,
        321.2034664318121,
        316.79625469805984,
        21.832900800759166,
        260.9342908300899,
        18.66897246537819,
        17.21638412447375,
        315.2006243173897,
        268.4196586039959,
        0
    ],
    "vertex_number": 19,
    "minimum_distances": {
        "cost": 410.6161962749501,
        "path": [
            0,
            17,
            16,
            1,
            12,
            13,
            3,
            14,
            5,
            7,
            11,
            15,
            8,
            2,
            9,
            4,
            6,
            10,
            18
        ]
    }
}