{
    "vertices": [
        [
            49.3028756167876,
            68.4390802561163
        ],
        [
            6.6637164145115335,
            35.573026527657845
        ],
        [
            76.11303206925288,
            88.27239433179554
        ],
        [
            70.67675051468164,
            92.59419019292557
        ],
        [
            66.98924377684058,
            34.573450761197755
        ],
        [
            43.90977027846697,
            86.17953099098207
        ],
        [
            19.92873766754156,
            37.79473533648105
        ],
        [
            33.421360490564375,
            73.87555822821294
        ],
        [
            69.5623650727666,
            55.80671942355507
        ],
        [
            29.162307070818084,
            71.56239691527149
        ],
        [
            97.57017488775018,
            74.84576369087017
        ],
        [
            24.34575700633449,
            15.175639359063265
        ],
        [
            82.14497375307876,
            96.38929046719106
        ],
        [
            78.03709527612335,
            59.35756306245178
        ],
        [
            7.211003859833909,
            63.61368344506375
        ],
        [
            28.750486315585842,
            50.4624037890562
        ],
        [
            21.150187904821248,
            53.15107042676621
        ],
        [
            90.84365979082871,
            92.4894970407767
        ],
        [
            53.157791701248414,
            78.4813519908807
        ],
        [
            15.914819489315091,
            6.741986944324363
        ],
        [
            49.3028756167876,
            68.4390802561163
        ]
    ],
    "distances": [
        [
            0.0,
            53.83563304317097,
            33.34883560531315,
            32.25386588007966,
            38.20586970322797,
            18.542092046649486,
            42.44897944373824,
            16.786238871335925,
            23.875163941237158,
            20.381305363206085,
            48.690633304012536,
            58.82050582518044,
            43.12560330983263,
            30.13518431949241,
            42.36755978797873,
            27.304973956946107,
            32.03587161214451,
            48.00061767633973,
            10.756746702097368,
            70.15193236893204,
            0.0
        ],
        [
            53.83563304317097,
            0.0,
            87.18044971131823,
            85.72678484844039,
            60.33380812824601,
            62.83539466282618,
            13.449787317074605,
            46.7231789497756,
            66.0730075843388,
            42.44315448240018,
            99.02692601730814,
            26.994591361908437,
            96.9331634115692,
            75.23206356533181,
            28.045997288516432,
            26.636797102790872,
            22.778179987842247,
            101.61568521892028,
            63.26787044643289,
            30.27889944427277,
            53.83563304317097
        ],
        [
            33.34883560531315,
            87.18044971131823,
            0.0,
            6.944859725426577,
            54.46852351040007,
            32.271196862360284,
            75.52925919844192,
            45.0538312685616,
            33.11995297923005,
            49.83567589126178,
            25.31172432492947,
            89.57112456022594,
            10.112780198831324,
            28.978776484845806,
            73.1815653970793,
            60.60368078846566,
            65.22592760157252,
            15.322380635193557,
            24.95611288791684,
            101.34610069749301,
            33.34883560531315
        ],
        [
            32.25386588007966,
            85.72678484844039,
            6.944859725426577,
            0.0,
            58.137801043263394,
            27.524881174003006,
            74.68829266020877,
            41.69353988904586,
            36.804345674396124,
            46.5379989140887,
            32.22208742165565,
            90.22301797593464,
            12.079856387285474,
            34.041857440765895,
            69.76941141947651,
            59.43819525585929,
            63.3138223521216,
            20.167181022851295,
            22.49635792798174,
            101.83059408775996,
            32.25386588007966
        ],
        [
            38.20586970322797,
            60.33380812824601,
            54.46852351040007,
            58.137801043263394,
            0.0,
            56.53184601306653,
            47.170625494881115,
            51.686153268258145,
            21.388610316974624,
            52.90613648860025,
            50.56730699093693,
            46.848074145466285,
            63.646635336596574,
            27.13498194787267,
            66.45880740660554,
            41.40847015408993,
            49.46056000164804,
            62.63626409698094,
            46.03490911161871,
            58.16517166219065,
            38.20586970322797
        ],
        [
            18.542092046649486,
            62.83539466282618,
            32.271196862360284,
            27.524881174003006,
            56.53184601306653,
            0.0,
            54.001651600799114,
            16.16769883520644,
            39.756298899557486,
            20.76411037459243,
            54.84426409429767,
            73.64986926118365,
            39.574865423738395,
            43.40613176792848,
            43.08151497005436,
            38.80099310360262,
            40.11081895280533,
            47.356157533188224,
            12.032782726943353,
            84.22612821358773,
            18.542092046649486
        ],
        [
            42.44897944373824,
            13.449787317074605,
            75.52925919844192,
            74.68829266020877,
            47.170625494881115,
            54.001651600799114,
            0.0,
            38.521119547449295,
            52.80083844176826,
            35.00733883666173,
            86.02889907314484,
            23.04633512458994,
            85.46450680614214,
            61.98013200620597,
            28.781223647325987,
            15.436744256274986,
            15.404835866937177,
            89.55692679877737,
            52.531617210562636,
            31.311095826369385,
            42.44897944373824
        ],
        [
            16.786238871335925,
            46.7231789497756,
            45.0538312685616,
            41.69353988904586,
            51.686153268258145,
            16.16769883520644,
            38.521119547449295,
            0.0,
            40.406127604108164,
            4.846674250652871,
            64.1561508134985,
            59.397365714715995,
            53.673630664260735,
            46.918396968443005,
            28.14762634353223,
            23.87452337430606,
            24.08497604859527,
            60.363889661344764,
            20.26672280163451,
            69.37863771477046,
            16.786238871335925
        ],
        [
            23.875163941237158,
            66.0730075843388,
            33.11995297923005,
            36.804345674396124,
            21.388610316974624,
            39.756298899557486,
            52.80083844176826,
            40.406127604108164,
            0.0,
            43.3636490598264,
            33.86624598689785,
            60.79001819575708,
            42.488435058420656,
            9.188554977121292,
            62.83821235791751,
            41.160310461559575,
            48.48496024268427,
            42.40895752776239,
            27.98658588618389,
            72.7008055002624,
            23.875163941237158
        ],
        [
            20.381305363206085,
            42.44315448240018,
            49.83567589126178,
            46.5379989140887,
            52.90613648860025,
            20.76411037459243,
            35.00733883666173,
            4.846674250652871,
            43.3636490598264,
            0.0,
            68.48661823043943,
            56.59209823134571,
            58.511004197517245,
            50.37561802587022,
            23.34612941136124,
            21.104011615348696,
            20.07911842179507,
            65.13472801074157,
            24.97308995674177,
            66.16027113021634,
            20.381305363206085
        ],
        [
            48.690633304012536,
            99.02692601730814,
            25.31172432492947,
            32.22208742165565,
            50.56730699093693,
            54.84426409429767,
            86.02889907314484,
            64.1561508134985,
            33.86624598689785,
            68.48661823043943,
            0.0,
            94.45813417512271,
            26.49642194725778,
            24.92840864997787,
            91.05459579560198,
            73.01162767170086,
            79.43975154980399,
            18.88246095909419,
            44.56093897789676,
            106.32836626407882,
            48.690633304012536
        ],
        [
            58.82050582518044,
            26.994591361908437,
            89.57112456022594,
            90.22301797593464,
            46.848074145466285,
            73.64986926118365,
            23.04633512458994,
            59.397365714715995,
            60.79001819575708,
            56.59209823134571,
            94.45813417512271,
            0.0,
            99.68152578512142,
            69.5327418367271,
            51.37941105412594,
            35.560615633388466,
            38.10964479840246,
            101.97746645393914,
            69.55391142907186,
            11.92506605719719,
            58.82050582518044
        ],
        [
            43.12560330983263,
            96.9331634115692,
            10.112780198831324,
            12.079856387285474,
            63.646635336596574,
            39.574865423738395,
            85.46450680614214,
            53.673630664260735,
            42.488435058420656,
            58.511004197517245,
            26.49642194725778,
            99.68152578512142,
            0.0,
            37.25887142896778,
            81.78838707072445,
            70.4290437863445,
            74.76568446111486,
            9.532865652680238,
            34.072730794247654,
            111.45883707774328,
            43.12560330983263
        ],
        [
            30.13518431949241,
            75.23206356533181,
            28.978776484845806,
            34.041857440765895,
            27.13498194787267,
            43.40613176792848,
            61.98013200620597,
            46.918396968443005,
            9.188554977121292,
            50.37561802587022,
            24.92840864997787,
            69.5327418367271,
            37.25887142896778,
            0.0,
            70.95385673816381,
            50.082868141990545,
            57.224477115198916,
            35.520883207113414,
            31.37991474414622,
            81.40992567970275,
            30.13518431949241
        ],
        [
            42.36755978797873,
            28.045997288516432,
            73.1815653970793,
            69.76941141947651,
            66.45880740660554,
            43.08151497005436,
            28.781223647325987,
            28.14762634353223,
            62.83821235791751,
            23.34612941136124,
            91.05459579560198,
            51.37941105412594,
            81.78838707072445,
            70.95385673816381,
            0.0,
            25.23698597400576,
            17.428916289049035,
            88.47730640614304,
            48.29238947217491,
            57.533870627520045,
            42.36755978797873
        ],
        [
            27.304973956946107,
            26.636797102790872,
            60.60368078846566,
            59.43819525585929,
            41.40847015408993,
            38.80099310360262,
            15.436744256274986,
            23.87452337430606,
            41.160310461559575,
            21.104011615348696,
            73.01162767170086,
            35.560615633388466,
            70.4290437863445,
            50.082868141990545,
            25.23698597400576,
            0.0,
            8.061852406327326,
            74.97892210091725,
            37.158821489997734,
            45.565658032691005,
            27.304973956946107
        ],
        [
            32.03587161214451,
            22.778179987842247,
            65.22592760157252,
            63.3138223521216,
            49.46056000164804,
            40.11081895280533,
            15.404835866937177,
            24.08497604859527,
            48.48496024268427,
            20.07911842179507,
            79.43975154980399,
            38.10964479840246,
            74.76568446111486,
            57.224477115198916,
            17.428916289049035,
            8.061852406327326,
            0.0,
            80.0293185775788,
            40.81800907573,
            46.703448610636194,
            32.03587161214451
        ],
        [
            48.00061767633973,
            101.61568521892028,
            15.322380635193557,
            20.167181022851295,
            62.63626409698094,
            47.356157533188224,
            89.55692679877737,
            60.363889661344764,
            42.40895752776239,
            65.13472801074157,
            18.88246095909419,
            101.97746645393914,
            9.532865652680238,
            35.520883207113414,
            88.47730640614304,
            74.97892210091725,
            80.0293185775788,
            0.0,
            40.20513376926102,
            113.87258931222617,
            48.00061767633973
        ],
        [
            10.756746702097368,
            63.26787044643289,
            24.95611288791684,
            22.49635792798174,
            46.03490911161871,
            12.032782726943353,
            52.531617210562636,
            20.26672280163451,
            27.98658588618389,
            24.97308995674177,
            44.56093897789676,
            69.55391142907186,
            34.072730794247654,
            31.37991474414622,
            48.29238947217491,
            37.158821489997734,
            40.81800907573,
            40.20513376926102,
            0.0,
            80.83053554481688,
            10.756746702097368
        ],
        [
            70.15193236893204,
            30.27889944427277,
            101.34610069749301,
            101.83059408775996,
            58.16517166219065,
            84.22612821358773,
            31.311095826369385,
            69.37863771477046,
            72.7008055002624,
            66.16027113021634,
            106.32836626407882,
            11.92506605719719,
            111.45883707774328,
            81.40992567970275,
            57.533870627520045,
            45.565658032691005,
            46.703448610636194,
            113.87258931222617,
            80.83053554481688,
            0.0,
            70.15193236893204
        ],
        [
            0.0,
            53.83563304317097,
            33.34883560531315,
            32.25386588007966,
            38.20586970322797,
            18.542092046649486,
            42.44897944373824,
            16.786238871335925,
            23.875163941237158,
            20.381305363206085,
            48.690633304012536,
            58.82050582518044,
            43.12560330983263,
            30.13518431949241,
            42.36755978797873,
            27.304973956946107,
            32.03587161214451,
            48.00061767633973,
            10.756746702097368,
            70.15193236893204,
            0.0
        ]
    ],
    "scores_ave": [
        0,
        18.54161193312445,
        14.399712840797562,
        18.733898133725496,
        19.830023634408036,
        14.975017669110436,
        12.335522115537733,
        18.838872820365168,
        13.747680002415114,
        10.949327641278275,
        12.161145940280127,
        15.317693213792008,
        10.504741256941658,
        17.796966827415787,
        19.943454963928342,
        18.250730516454993,
        17.49647889905689,
        10.287696605931682,
        10.296072786976177,
        11.774941125486372,
        0
    ],
    "scores_var": [
        0,
        16.18401968647616,
        16.902166265750573,
        271.7978496361735,
        293.47287984835157,
        17.718487567562825,
        22.707338655659832,
        23.19621399443252,
        313.31784404822554,
        24.870765824423042,
        240.60911833330684,
        245.79177807366773,
        383.1257176830734,
        376.133698222508,
        22.939353216964086,
        389.3474052871767,
        21.875253730793556,
        24.46229764217574,
        333.89917684235104,
        22.77534989331773,
        0
    ],
    "vertex_number": 21,
    "minimum_distances": {
        "cost": 363.9899468754044,
        "path": [
            0,
            4,
            11,
            19,
            1,
            6,
            15,
            16,
            14,
            9,
            7,
            5,
            18,
            3,
            2,
            12,
            17,
            10,
            13,
            8,
            20
        ]
    }
}