{
    "vertices": [
        [
            31.208782511325296,
            11.114859382046461
        ],
        [
            79.9062855586944,
            7.795892172008312
        ],
        [
            23.114382008279843,
            15.91523838740666
        ],
        [
            63.20288570798485,
            3.4314961773169617
        ],
        [
            94.4415635273241,
            48.34796654308945
        ],
        [
            28.27445405352007,
            8.339384490035595
        ],
        [
            3.8748949552697476,
            44.034333331369524
        ],
        [
            50.22819552367624,
            44.36348667495906
        ],
        [
            20.14402622079563,
            78.08958282004245
        ],
        [
            85.14999406107557,
            37.5287323765652
        ],
        [
            75.07580213867342,
            18.828279742750166
        ],
        [
            86.9339062960125,
            2.6009302564077075
        ],
        [
            87.09774447559224,
            75.90263075989068
        ],
        [
            69.65644371368298,
            52.375163021334316
        ],
        [
            31.208782511325296,
            11.114859382046461
        ]
    ],
    "distances": [
        [
            0.0,
            48.810473736584775,
            9.410789451411897,
            32.903749170790434,
            73.38043924563937,
            4.039002893594943,
            42.7882363977209,
            38.30416802643541,
            67.88256338239493,
            60.06119371129314,
            44.54000746123719,
            56.37176961897782,
            85.56302583213784,
            56.39712145435714,
            0.0
        ],
        [
            48.810473736584775,
            0.0,
            57.369365447467636,
            17.264168644077884,
            43.07835931675007,
            51.634691908429815,
            84.22586879784035,
            47.0954137454899,
            92.26446003793546,
            30.191691994448725,
            12.043552033439179,
            8.73928386837983,
            68.48536283346665,
            45.74243814342776,
            48.810473736584775
        ],
        [
            9.410789451411897,
            57.369365447467636,
            0.0,
            41.98728317537629,
            78.35463406251802,
            9.166237275260881,
            34.07112212021408,
            39.29964012529785,
            62.24525780436828,
            65.6929241637512,
            52.0430109803921,
            65.19357699436105,
            87.70608825089529,
            59.12266580678883,
            9.410789451411897
        ],
        [
            32.903749170790434,
            17.264168644077884,
            41.98728317537629,
            0.0,
            54.711464082217695,
            35.271556607707815,
            71.89159110572501,
            42.939148005961385,
            86.18523818781388,
            40.54993318724002,
            19.442918729730593,
            23.745550696885676,
            76.308778153037,
            49.36730633801154,
            32.903749170790434
        ],
        [
            73.38043924563937,
            43.07835931675007,
            78.35463406251802,
            54.711464082217695,
            0.0,
            77.32252591589537,
            90.66933818952023,
            44.392544306961376,
            80.02929331551358,
            14.261454732817676,
            35.30502263067224,
            46.358993152546375,
            28.516507471379562,
            25.11016677863638,
            73.38043924563937
        ],
        [
            4.039002893594943,
            51.634691908429815,
            9.166237275260881,
            35.271556607707815,
            77.32252591589537,
            0.0,
            43.23734331540799,
            42.186522762231334,
            70.22246096384283,
            63.92843718715402,
            47.96230922516247,
            58.939470598069434,
            89.58220661828182,
            60.428626155915694,
            4.039002893594943
        ],
        [
            42.7882363977209,
            84.22586879784035,
            34.07112212021408,
            71.89159110572501,
            90.66933818952023,
            43.23734331540799,
            0.0,
            46.3544692074953,
            37.74181566738237,
            81.53505122609361,
            75.5308832283326,
            92.81985916426446,
            89.11582947644558,
            66.30823174367187,
            42.7882363977209
        ],
        [
            38.30416802643541,
            47.0954137454899,
            39.29964012529785,
            42.939148005961385,
            44.392544306961376,
            42.186522762231334,
            46.3544692074953,
            0.0,
            45.194101427418516,
            35.58434879839899,
            35.62934671818136,
            55.60054246061891,
            48.518875188196674,
            21.01532263876928,
            38.30416802643541
        ],
        [
            67.88256338239493,
            92.26446003793546,
            62.24525780436828,
            86.18523818781388,
            80.02929331551358,
            70.22246096384283,
            37.74181566738237,
            45.194101427418516,
            0.0,
            76.62217984075915,
            80.80471550541237,
            100.79397177577145,
            66.98942563909684,
            55.79167385528211,
            67.88256338239493
        ],
        [
            60.06119371129314,
            30.191691994448725,
            65.6929241637512,
            40.54993318724002,
            14.261454732817676,
            63.92843718715402,
            81.53505122609361,
            35.58434879839899,
            76.62217984075915,
            0.0,
            21.241381113264563,
            34.973328463371,
            38.42329773472131,
            21.458485623573925,
            60.06119371129314
        ],
        [
            44.54000746123719,
            12.043552033439179,
            52.0430109803921,
            19.442918729730593,
            35.30502263067224,
            47.96230922516247,
            75.5308832283326,
            35.62934671818136,
            80.80471550541237,
            21.241381113264563,
            0.0,
            20.098296085942238,
            58.32674036477582,
            33.981801356688905,
            44.54000746123719
        ],
        [
            56.37176961897782,
            8.73928386837983,
            65.19357699436105,
            23.745550696885676,
            46.358993152546375,
            58.939470598069434,
            92.81985916426446,
            55.60054246061891,
            100.79397177577145,
            34.973328463371,
            20.098296085942238,
            0.0,
            73.30188360234274,
            52.68761676732864,
            56.37176961897782
        ],
        [
            85.56302583213784,
            68.48536283346665,
            87.70608825089529,
            76.308778153037,
            28.516507471379562,
            89.58220661828182,
            89.11582947644558,
            48.518875188196674,
            66.98942563909684,
            38.42329773472131,
            58.32674036477582,
            73.30188360234274,
            0.0,
            29.287210697780477,
            85.56302583213784
        ],
        [
            56.39712145435714,
            45.74243814342776,
            59.12266580678883,
            49.36730633801154,
            25.11016677863638,
            60.428626155915694,
            66.30823174367187,
            21.01532263876928,
            55.79167385528211,
            21.458485623573925,
            33.981801356688905,
            52.68761676732864,
            29.287210697780477,
            0.0,
            56.39712145435714
        ],
        [
            0.0,
            48.810473736584775,
            9.410789451411897,
            32.903749170790434,
            73.38043924563937,
            4.039002893594943,
            42.7882363977209,
            38.30416802643541,
            67.88256338239493,
            60.06119371129314,
            44.54000746123719,
            56.37176961897782,
            85.56302583213784,
            56.39712145435714,
            0.0
        ]
    ],
    "scores_ave": [
        0,
        19.57879266381773,
        16.662201224502468,
        17.10100798548506,
        17.88082417644217,
        18.6056049595741,
        18.91645857094519,
        16.47168930626384,
        18.232266533210048,
        13.154896079500796,
        11.931108229726021,
        14.5526613622385,
        13.891655406263935,
        15.760032519150299,
        0
    ],
    "scores_var": [
        0,
        301.9191366071449,
        289.486197783506,
        21.80109865458442,
        16.278405770967005,
        393.5740124634605,
        246.79821381055612,
        24.583907622048116,
        261.4341578145343,
        20.64012535592081,
        245.45620496407702,
        19.519010512901808,
        16.20257056091463,
        24.06820719772572,
        0
    ],
    "vertex_number": 15,
    "minimum_distances": {
        "cost": 321.9662918073774,
        "path": [
            0,
            3,
            11,
            1,
            10,
            9,
            4,
            12,
            13,
            7,
            8,
            6,
            2,
            5,
            14
        ]
    }
}