{
    "vertices": [
        [
            13.711034845115966,
            52.62334446672659
        ],
        [
            77.41344929857189,
            59.814153560512004
        ],
        [
            74.00087971480251,
            82.37820441026193
        ],
        [
            64.6571045730059,
            64.20217493003358
        ],
        [
            2.9970934235834856,
            7.070719887749699
        ],
        [
            84.30783501872597,
            45.76235355959851
        ],
        [
            94.1994878698074,
            17.07353749865561
        ],
        [
            38.36684828053316,
            17.72507672432042
        ],
        [
            1.0290367644859022,
            79.95943346814066
        ],
        [
            59.16289812427203,
            89.56341747870631
        ],
        [
            37.353400019513074,
            62.417888830924205
        ],
        [
            20.055749199494077,
            54.61698500809048
        ],
        [
            73.93058048130246,
            78.99460577646292
        ],
        [
            36.20208598581011,
            93.50387261372414
        ],
        [
            10.353862473153008,
            53.42698278380258
        ],
        [
            51.766091303726505,
            80.0465286364384
        ],
        [
            26.108371977424305,
            74.34197589565548
        ],
        [
            57.371647737744304,
            39.9849486718366
        ],
        [
            79.74861529939238,
            5.035349814643542
        ],
        [
            89.3455848852362,
            34.28077202692745
        ],
        [
            44.43545217457603,
            2.1111555418403927
        ],
        [
            57.96745834955869,
            32.58721386630751
        ],
        [
            39.92181665203687,
            37.51013780520771
        ],
        [
            13.711034845115966,
            52.62334446672659
        ]
    ],
    "distances": [
        [
            0.0,
            64.10698357139522,
            67.23255970636751,
            52.24529965094494,
            46.79562102181399,
            70.92941132548836,
            87.98965760687484,
            42.72936025243961,
            30.134611947233296,
            58.56996559395855,
            25.590907180906665,
            6.650564099895688,
            65.7406807060525,
            46.65902874032825,
            3.4520198260937205,
            46.9064851814114,
            25.007857147659987,
            45.453032532805075,
            81.39766131322028,
            77.82695627789084,
            59.12250882885657,
            48.58062937881353,
            30.255810987706052,
            0.0
        ],
        [
            64.10698357139522,
            0.0,
            22.820649024823293,
            13.489961538004968,
            91.21219116601684,
            15.652017049694807,
            45.918747285417346,
            57.41191026245984,
            78.99627067611571,
            34.901308311295665,
            40.14457604208829,
            57.592675937292846,
            19.49410481162662,
            53.22944331834415,
            67.36307694669792,
            32.66704720859734,
            53.32230847150586,
            28.193459814656656,
            54.82855405789724,
            28.183850556624403,
            66.46190092566643,
            33.45822483487359,
            43.624438532955274,
            64.10698357139522
        ],
        [
            67.23255970636751,
            22.820649024823293,
            0.0,
            20.437078596672922,
            103.50243906690085,
            38.038846737974396,
            68.35702810856598,
            73.82283600508147,
            73.0119190025582,
            16.48614522924826,
            41.730707710790185,
            60.669287197140875,
            3.384328839944078,
            39.40214842290259,
            69.92221419136551,
            22.356711019279096,
            48.56205582668226,
            45.538110284138355,
            77.55613206800174,
            50.48586909856031,
            85.538959776712,
            52.30882659765573,
            56.34293158961059,
            67.23255970636751
        ],
        [
            52.24529965094494,
            13.489961538004968,
            20.437078596672922,
            0.0,
            84.05926558206062,
            26.947694135563875,
            55.622485354336845,
            53.397548947001376,
            65.55015034065418,
            25.94954581710279,
            27.36194363030338,
            45.619697138341586,
            17.458905056393167,
            40.84455373662509,
            55.36196228768841,
            20.426007135081527,
            39.86000938720514,
            25.289363948885015,
            61.06117334476785,
            38.791898791079966,
            65.30091817415668,
            32.31496757937097,
            36.39092351681005,
            52.24529965094494
        ],
        [
            46.79562102181399,
            91.21219116601684,
            103.50243906690085,
            84.05926558206062,
            0.0,
            90.04709442813011,
            91.74929489037868,
            36.93961123565997,
            72.91527833326626,
            99.79800986747634,
            65.1434180323524,
            50.5138106241723,
            101.01784469835131,
            92.59190796829466,
            46.936394839577034,
            87.77177118389821,
            71.13053550532585,
            63.560511430563864,
            76.77850507523098,
            90.53424167197673,
            41.73409702482102,
            60.60389826614012,
            47.853874959626296,
            46.79562102181399
        ],
        [
            70.92941132548836,
            15.652017049694807,
            38.038846737974396,
            26.947694135563875,
            90.04709442813011,
            0.0,
            30.346218266942632,
            53.82065732427307,
            90.02665445823051,
            50.505455664431324,
            49.82093757919137,
            64.85934805570099,
            34.81479569292008,
            67.77474257873153,
            74.35009479762537,
            47.269120413988205,
            64.83804678711014,
            27.548803830171167,
            40.98140210498826,
            12.5381672587702,
            59.12050407477928,
            29.451651040499307,
            45.14662436223862,
            70.92941132548836
        ],
        [
            87.98965760687484,
            45.918747285417346,
            68.35702810856598,
            55.622485354336845,
            91.74929489037868,
            30.346218266942632,
            0.0,
            55.83644102974663,
            112.40715667186853,
            80.5130133613139,
            72.71580228277475,
            83.10718642154484,
            65.15402753006651,
            95.94422729427535,
            91.38742737519351,
            75.93543808376663,
            88.97232210019538,
            43.37306273183114,
            18.808128050443322,
            17.878738610276166,
            51.96471997901934,
            39.41362857688207,
            57.99758809566274,
            87.98965760687484
        ],
        [
            42.72936025243961,
            57.41191026245984,
            73.82283600508147,
            53.397548947001376,
            36.93961123565997,
            53.82065732427307,
            55.83644102974663,
            0.0,
            72.57566622584291,
            74.78785256608545,
            44.704301038870454,
            41.186274975697096,
            70.84302533291029,
            75.80970981503997,
            45.38009993515407,
            63.74561225707248,
            57.92877966133071,
            29.269169812767675,
            43.2837129951362,
            53.59965142390811,
            16.75179058833684,
            24.59811040517578,
            19.846071868528995,
            42.72936025243961
        ],
        [
            30.134611947233296,
            78.99627067611571,
            73.0119190025582,
            65.55015034065418,
            72.91527833326626,
            90.02665445823051,
            112.40715667186853,
            72.57566622584291,
            0.0,
            58.92183250268135,
            40.33813523382837,
            31.68999021828177,
            72.90792802411507,
            37.690784328455,
            28.123358864364892,
            50.737129292917395,
            25.700756492788365,
            69.08291573184997,
            108.67561987874531,
            99.43014021425184,
            89.13176355735254,
            74.06828634850268,
            57.57248500508369,
            30.134611947233296
        ],
        [
            58.56996559395855,
            34.901308311295665,
            16.48614522924826,
            25.94954581710279,
            99.79800986747634,
            50.505455664431324,
            80.5130133613139,
            74.78785256608545,
            58.92183250268135,
            0.0,
            34.82145794117535,
            52.44637489329529,
            18.15996208684436,
            23.296482153510407,
            60.73025501058966,
            12.053378131318723,
            36.39085026018036,
            49.61081683646208,
            86.99865501623815,
            62.985438541440416,
            88.68368385489761,
            56.98874322475004,
            55.49561370945143,
            58.56996559395855
        ],
        [
            25.590907180906665,
            40.14457604208829,
            41.730707710790185,
            27.36194363030338,
            65.1434180323524,
            49.82093757919137,
            72.71580228277475,
            44.704301038870454,
            40.33813523382837,
            34.82145794117535,
            0.0,
            18.97532145562772,
            40.15815826487586,
            31.107296760546422,
            28.457185722862253,
            22.77047675053382,
            16.390073459098787,
            30.066044733048532,
            71.34500727158337,
            59.11754924853775,
            60.72114576263958,
            36.26028915603311,
            25.03982478287949,
            25.590907180906665
        ],
        [
            6.650564099895688,
            57.592675937292846,
            60.669287197140875,
            45.619697138341586,
            50.5138106241723,
            64.85934805570099,
            83.10718642154484,
            41.186274975697096,
            31.68999021828177,
            52.44637489329529,
            18.97532145562772,
            0.0,
            59.13345787259445,
            42.105750429962974,
            9.774595201058874,
            40.647355209330726,
            20.632729048927146,
            40.08207543357054,
            77.59881965388678,
            72.21248429303874,
            57.88982678409183,
            43.847559877813346,
            26.21649971395415,
            6.650564099895688
        ],
        [
            65.7406807060525,
            19.49410481162662,
            3.384328839944078,
            17.458905056393167,
            101.01784469835131,
            34.81479569292008,
            65.15402753006651,
            70.84302533291029,
            72.90792802411507,
            18.15996208684436,
            40.15815826487586,
            59.13345787259445,
            0.0,
            40.42224784758073,
            68.52519549904669,
            22.189437176418433,
            48.048002986556874,
            42.378669174788925,
            74.18774205736702,
            47.29639827042217,
            82.34699456452515,
            49.076137705566495,
            53.642866255009736,
            65.7406807060525
        ],
        [
            46.65902874032825,
            53.22944331834415,
            39.40214842290259,
            40.84455373662509,
            92.59190796829466,
            67.77474257873153,
            95.94422729427535,
            75.80970981503997,
            37.690784328455,
            23.296482153510407,
            31.107296760546422,
            42.105750429962974,
            40.42224784758073,
            0.0,
            47.68949315310396,
            20.575188175545776,
            21.657824182429184,
            57.553675509618834,
            98.6051709673997,
            79.57139635815838,
            91.76283045209375,
            64.68825818556132,
            56.117151870312625,
            46.65902874032825
        ],
        [
            3.4520198260937205,
            67.36307694669792,
            69.92221419136551,
            55.36196228768841,
            46.936394839577034,
            74.35009479762537,
            91.38742737519351,
            45.38009993515407,
            28.123358864364892,
            60.73025501058966,
            28.457185722862253,
            9.774595201058874,
            68.52519549904669,
            47.68949315310396,
            0.0,
            49.22979705540501,
            26.184757142067003,
            48.90153793342777,
            84.60131122646183,
            81.27896158277545,
            61.602507108907936,
            51.97451761023155,
            33.57990274549937,
            3.4520198260937205
        ],
        [
            46.9064851814114,
            32.66704720859734,
            22.356711019279096,
            20.426007135081527,
            87.77177118389821,
            47.269120413988205,
            75.93543808376663,
            63.74561225707248,
            50.737129292917395,
            12.053378131318723,
            22.77047675053382,
            40.647355209330726,
            22.189437176418433,
            20.575188175545776,
            49.22979705540501,
            0.0,
            26.28422498381254,
            40.45185350753587,
            80.06059328660575,
            59.217588737500314,
            78.27937563264045,
            47.86275704227136,
            44.154630413716106,
            46.9064851814114
        ],
        [
            25.007857147659987,
            53.32230847150586,
            48.56205582668226,
            39.86000938720514,
            71.13053550532585,
            64.83804678711014,
            88.97232210019538,
            57.92877966133071,
            25.700756492788365,
            36.39085026018036,
            16.390073459098787,
            20.632729048927146,
            48.048002986556874,
            21.657824182429184,
            26.184757142067003,
            26.28422498381254,
            0.0,
            46.452101469406564,
            87.63951233532251,
            74.85883482769233,
            74.51961672967688,
            52.5210580300378,
            39.33694892717966,
            25.007857147659987
        ],
        [
            45.453032532805075,
            28.193459814656656,
            45.538110284138355,
            25.289363948885015,
            63.560511430563864,
            27.548803830171167,
            43.37306273183114,
            29.269169812767675,
            69.08291573184997,
            49.61081683646208,
            30.066044733048532,
            40.08207543357054,
            42.378669174788925,
            57.553675509618834,
            48.90153793342777,
            40.45185350753587,
            46.452101469406564,
            0.0,
            41.49943538813221,
            32.47876672393965,
            40.0221109101242,
            7.421689197082236,
            17.624451587079413,
            45.453032532805075
        ],
        [
            81.39766131322028,
            54.82855405789724,
            77.55613206800174,
            61.06117334476785,
            76.77850507523098,
            40.98140210498826,
            18.808128050443322,
            43.2837129951362,
            108.67561987874531,
            86.99865501623815,
            71.34500727158337,
            77.59881965388678,
            74.18774205736702,
            98.6051709673997,
            84.60131122646183,
            80.06059328660575,
            87.63951233532251,
            41.49943538813221,
            0.0,
            30.779807432899258,
            35.434028870917075,
            35.12156048347883,
            51.38857602161292,
            81.39766131322028
        ],
        [
            77.82695627789084,
            28.183850556624403,
            50.48586909856031,
            38.791898791079966,
            90.53424167197673,
            12.5381672587702,
            17.878738610276166,
            53.59965142390811,
            99.43014021425184,
            62.985438541440416,
            59.11754924853775,
            72.21248429303874,
            47.29639827042217,
            79.57139635815838,
            81.27896158277545,
            59.217588737500314,
            74.85883482769233,
            32.47876672393965,
            30.779807432899258,
            0.0,
            55.243137536590865,
            31.42379614452067,
            49.52915979197438,
            77.82695627789084
        ],
        [
            59.12250882885657,
            66.46190092566643,
            85.538959776712,
            65.30091817415668,
            41.73409702482102,
            59.12050407477928,
            51.96471997901934,
            16.75179058833684,
            89.13176355735254,
            88.68368385489761,
            60.72114576263958,
            57.88982678409183,
            82.34699456452515,
            91.76283045209375,
            61.602507108907936,
            78.27937563264045,
            74.51961672967688,
            40.0221109101242,
            35.434028870917075,
            55.243137536590865,
            0.0,
            33.34524437031599,
            35.68558323626674,
            59.12250882885657
        ],
        [
            48.58062937881353,
            33.45822483487359,
            52.30882659765573,
            32.31496757937097,
            60.60389826614012,
            29.451651040499307,
            39.41362857688207,
            24.59811040517578,
            74.06828634850268,
            56.98874322475004,
            36.26028915603311,
            43.847559877813346,
            49.076137705566495,
            64.68825818556132,
            51.97451761023155,
            47.86275704227136,
            52.5210580300378,
            7.421689197082236,
            35.12156048347883,
            31.42379614452067,
            33.34524437031599,
            0.0,
            18.705089264249317,
            48.58062937881353
        ],
        [
            30.255810987706052,
            43.624438532955274,
            56.34293158961059,
            36.39092351681005,
            47.853874959626296,
            45.14662436223862,
            57.99758809566274,
            19.846071868528995,
            57.57248500508369,
            55.49561370945143,
            25.03982478287949,
            26.21649971395415,
            53.642866255009736,
            56.117151870312625,
            33.57990274549937,
            44.154630413716106,
            39.33694892717966,
            17.624451587079413,
            51.38857602161292,
            49.52915979197438,
            35.68558323626674,
            18.705089264249317,
            0.0,
            30.255810987706052
        ],
        [
            0.0,
            64.10698357139522,
            67.23255970636751,
            52.24529965094494,
            46.79562102181399,
            70.92941132548836,
            87.98965760687484,
            42.72936025243961,
            30.134611947233296,
            58.56996559395855,
            25.590907180906665,
            6.650564099895688,
            65.7406807060525,
            46.65902874032825,
            3.4520198260937205,
            46.9064851814114,
            25.007857147659987,
            45.453032532805075,
            81.39766131322028,
            77.82695627789084,
            59.12250882885657,
            48.58062937881353,
            30.255810987706052,
            0.0
        ]
    ],
    "scores_ave": [
        0,
        15.880258880034862,
        17.769593558700358,
        13.163958948630633,
        11.492439800556726,
        13.167616235267191,
        14.653305704948147,
        15.595226746683574,
        12.903382647967545,
        15.547837859908068,
        13.754352669998573,
        10.48356117482289,
        18.195753702642826,
        11.707907350270705,
        18.10017994474024,
        13.70487296474076,
        13.772926805643634,
        18.67773431496815,
        14.656132410932852,
        18.65153626439132,
        11.821864219631177,
        15.330740398055791,
        11.603237632872407,
        0
    ],
    "scores_var": [
        0,
        365.5372901129897,
        18.17954252494183,
        20.81147544943252,
        278.7617570121044,
        24.750844227196588,
        366.0402464215215,
        19.411219645923396,
        247.61659293609603,
        366.79281650422035,
        17.836514662734423,
        23.15561994757404,
        24.56759896808556,
        16.18840661731422,
        18.945053230770082,
        18.61998722054402,
        18.494846960329262,
        341.40065590534556,
        296.4123761885488,
        394.9261846884401,
        21.628136713254364,
        344.1102637102286,
        236.1219121814558,
        0
    ],
    "vertex_number": 24,
    "minimum_distances": {
        "cost": 469.32616834942695,
        "path": [
            0,
            11,
            10,
            13,
            15,
            9,
            2,
            12,
            3,
            1,
            5,
            19,
            6,
            18,
            21,
            17,
            22,
            7,
            20,
            4,
            14,
            8,
            16,
            23
        ]
    }
}