{
    "vertices": [
        [
            88.44374896014153,
            94.46443796660934
        ],
        [
            34.140496335909795,
            64.63257413798146
        ],
        [
            21.242599547006613,
            51.16469865118264
        ],
        [
            85.85656117908933,
            37.61163597175984
        ],
        [
            10.73720224813426,
            85.51065607787869
        ],
        [
            8.742659542771825,
            64.44670911308275
        ],
        [
            41.88649563474027,
            1.1006470239886879
        ],
        [
            55.72480619219662,
            82.20534844593931
        ],
        [
            72.82004596550664,
            19.16954837890412
        ],
        [
            23.88073820966262,
            70.92351523110591
        ],
        [
            81.86404089208315,
            22.899486122732515
        ],
        [
            40.84787245188498,
            43.73441620451817
        ],
        [
            0.4797262420420556,
            70.70958486223842
        ],
        [
            49.17693520193179,
            16.350761511532596
        ],
        [
            6.191933376172287,
            56.563655363660224
        ],
        [
            76.26133364593419,
            15.40981138301387
        ],
        [
            21.341895759843343,
            14.700509027818164
        ],
        [
            93.19208523675,
            1.0339408614014611
        ],
        [
            88.44374896014153,
            94.46443796660934
        ]
    ],
    "distances": [
        [
            0.0,
            61.95791591928288,
            79.94286651872318,
            56.911638838465976,
            78.22069810488993,
            85.1664705141607,
            104.32820949476206,
            34.94015586295883,
            76.89876782685977,
            68.72086582985838,
            71.86678572662953,
            69.56222084272073,
            91.11510488805114,
            87.42785089461104,
            90.56395800082556,
            79.98778173670996,
            104.23503759613125,
            93.55107955936164,
            0.0
        ],
        [
            61.95791591928288,
            0.0,
            18.647772298725542,
            58.34965691627263,
            31.36253305535081,
            25.39851687753349,
            64.00239267367411,
            27.833160597578992,
            59.690822332406974,
            12.03488997233696,
            63.397060975202784,
            21.94816391803946,
            34.20493389344518,
            50.569041164205736,
            29.090026155041617,
            64.78460703692944,
            51.54624431392917,
            86.78638318516761,
            61.95791591928288
        ],
        [
            79.94286651872318,
            18.647772298725542,
            0.0,
            66.02006926522132,
            35.916683643727076,
            18.238977548631752,
            54.1532982468426,
            46.3955225727905,
            60.69532617919542,
            19.934156822962215,
            66.88707939529883,
            20.96606360078038,
            28.514899348956646,
            44.63560605218135,
            15.989724380648452,
            65.6161037048677,
            36.46432482065951,
            87.6916265534874,
            79.94286651872318
        ],
        [
            56.911638838465976,
            58.34965691627263,
            66.02006926522132,
            0.0,
            89.09115676274519,
            81.64970897728786,
            57.1525937986949,
            53.819344578134015,
            22.584537269922883,
            70.36109672629449,
            15.24426355788926,
            45.423237431088374,
            91.56788828309051,
            42.39598736481688,
            81.88792317557132,
            24.186554249881556,
            68.46211939458685,
            37.30600076109544,
            56.911638838465976
        ],
        [
            78.22069810488993,
            31.36253305535081,
            35.916683643727076,
            89.09115676274519,
            0.0,
            21.158167745323574,
            89.97404129504604,
            45.10886351006387,
            90.85935314959393,
            19.63510162070918,
            94.75856572698082,
            51.49666666955832,
            18.007984982946105,
            79.12461112692672,
            29.301677758575376,
            95.95592854206407,
            71.59983554260778,
            118.04712255041251,
            78.22069810488993
        ],
        [
            85.1664705141607,
            25.39851687753349,
            18.238977548631752,
            81.64970897728786,
            21.158167745323574,
            0.0,
            71.49291890171102,
            50.226401172516205,
            78.45975232510695,
            16.465431765229738,
            84.10058352140787,
            38.20659332457764,
            10.368205215063558,
            62.834312471546895,
            8.285453541796011,
            83.44692140299894,
            51.31690926173111,
            105.60721886965956,
            85.1664705141607
        ],
        [
            104.32820949476206,
            64.00239267367411,
            54.1532982468426,
            57.1525937986949,
            89.97404129504604,
            71.49291890171102,
            0.0,
            82.27679765175822,
            35.82415012585394,
            72.10714406436577,
            45.53453097217342,
            42.64641852083982,
            80.99336255835662,
            16.90315062247474,
            65.95640278939764,
            37.234146598913995,
            24.638117430981197,
            51.30563296678033,
            104.32820949476206
        ],
        [
            34.94015586295883,
            27.833160597578992,
            46.3955225727905,
            53.819344578134015,
            45.10886351006387,
            50.226401172516205,
            82.27679765175822,
            0.0,
            65.31278062522063,
            33.78349340082468,
            64.81083934493451,
            41.24725184830668,
            56.42846302240841,
            66.17931122946568,
            55.77635622317256,
            69.8812759713413,
            75.75676784727257,
            89.4013109985396,
            34.94015586295883
        ],
        [
            76.89876782685977,
            59.690822332406974,
            60.69532617919542,
            22.584537269922883,
            90.85935314959393,
            78.45975232510695,
            35.82415012585394,
            65.31278062522063,
            0.0,
            71.22870859814893,
            9.782958642699938,
            40.31938256564724,
            88.82284176041942,
            23.81054904831753,
            76.40434951234387,
            5.096869939259611,
            51.67177431943272,
            27.274901358171416,
            76.89876782685977
        ],
        [
            68.72086582985838,
            12.03488997233696,
            19.934156822962215,
            70.36109672629449,
            19.63510162070918,
            16.465431765229738,
            72.10714406436577,
            33.78349340082468,
            71.22870859814893,
            0.0,
            75.28858320996014,
            32.04888063990986,
            23.401989815215387,
            60.150503163389175,
            22.783752804355746,
            76.32495065961079,
            56.28029981725343,
            98.43076466373601,
            68.72086582985838
        ],
        [
            71.86678572662953,
            63.397060975202784,
            66.88707939529883,
            15.24426355788926,
            94.75856572698082,
            84.10058352140787,
            45.53453097217342,
            64.81083934493451,
            9.782958642699938,
            75.28858320996014,
            0.0,
            46.00456917554609,
            94.38862332155395,
            33.33665658749331,
            82.82236501441743,
            9.353371381102628,
            61.074980776180595,
            24.625731628726392,
            71.86678572662953
        ],
        [
            69.56222084272073,
            21.94816391803946,
            20.96606360078038,
            45.423237431088374,
            51.49666666955832,
            38.20659332457764,
            42.64641852083982,
            41.24725184830668,
            40.31938256564724,
            32.04888063990986,
            46.00456917554609,
            0.0,
            48.55148764488796,
            28.622330978431652,
            36.95434332554124,
            45.34750789224049,
            34.97786289434653,
            67.55181127545985,
            69.56222084272073
        ],
        [
            91.11510488805114,
            34.20493389344518,
            28.514899348956646,
            91.56788828309051,
            18.007984982946105,
            10.368205215063558,
            80.99336255835662,
            56.42846302240841,
            88.82284176041942,
            23.401989815215387,
            94.38862332155395,
            48.55148764488796,
            0.0,
            72.98150338651845,
            15.255708168484114,
            93.81320252273228,
            59.76827496937916,
            115.9753287440694,
            91.11510488805114
        ],
        [
            87.42785089461104,
            50.569041164205736,
            44.63560605218135,
            42.39598736481688,
            79.12461112692672,
            62.834312471546895,
            16.90315062247474,
            66.17931122946568,
            23.81054904831753,
            60.150503163389175,
            33.33665658749331,
            28.622330978431652,
            72.98150338651845,
            0.0,
            58.86244315285454,
            27.10073848104215,
            27.883915686334753,
            46.60406020311794,
            87.42785089461104
        ],
        [
            90.56395800082556,
            29.090026155041617,
            15.989724380648452,
            81.88792317557132,
            29.301677758575376,
            8.285453541796011,
            65.95640278939764,
            55.77635622317256,
            76.40434951234387,
            22.783752804355746,
            82.82236501441743,
            36.95434332554124,
            15.255708168484114,
            58.86244315285454,
            0.0,
            81.26105911534437,
            44.520157023114535,
            103.21131535091466,
            90.56395800082556
        ],
        [
            79.98778173670996,
            64.78460703692944,
            65.6161037048677,
            24.186554249881556,
            95.95592854206407,
            83.44692140299894,
            37.234146598913995,
            69.8812759713413,
            5.096869939259611,
            76.32495065961079,
            9.353371381102628,
            45.34750789224049,
            93.81320252273228,
            27.10073848104215,
            81.26105911534437,
            0.0,
            54.92401813009748,
            22.210718193792765,
            79.98778173670996
        ],
        [
            104.23503759613125,
            51.54624431392917,
            36.46432482065951,
            68.46211939458685,
            71.59983554260778,
            51.31690926173111,
            24.638117430981197,
            75.75676784727257,
            51.67177431943272,
            56.28029981725343,
            61.074980776180595,
            34.97786289434653,
            59.76827496937916,
            27.883915686334753,
            44.520157023114535,
            54.92401813009748,
            0.0,
            73.1383949325845,
            104.23503759613125
        ],
        [
            93.55107955936164,
            86.78638318516761,
            87.6916265534874,
            37.30600076109544,
            118.04712255041251,
            105.60721886965956,
            51.30563296678033,
            89.4013109985396,
            27.274901358171416,
            98.43076466373601,
            24.625731628726392,
            67.55181127545985,
            115.9753287440694,
            46.60406020311794,
            103.21131535091466,
            22.210718193792765,
            73.1383949325845,
            0.0,
            93.55107955936164
        ],
        [
            0.0,
            61.95791591928288,
            79.94286651872318,
            56.911638838465976,
            78.22069810488993,
            85.1664705141607,
            104.32820949476206,
            34.94015586295883,
            76.89876782685977,
            68.72086582985838,
            71.86678572662953,
            69.56222084272073,
            91.11510488805114,
            87.42785089461104,
            90.56395800082556,
            79.98778173670996,
            104.23503759613125,
            93.55107955936164,
            0.0
        ]
    ],
    "scores_ave": [
        0,
        15.64622925328192,
        15.396716339469965,
        11.038628592746806,
        14.200861366706182,
        15.948186585204166,
        14.147174354866507,
        15.187034835126495,
        16.037581915794913,
        17.410797006943938,
        11.565336713303722,
        12.28533756573431,
        12.756010145372004,
        11.96211271454883,
        14.661394844587406,
        15.502044385034562,
        12.939576027391489,
        19.29303769651084,
        0
    ],
    "scores_var": [
        0,
        381.51477537371716,
        16.85196636593551,
        21.01676812663117,
        18.698361065469488,
        16.302605198914275,
        248.15362243222796,
        22.428840946051153,
        245.931803992156,
        337.7274028129123,
        19.09166893089742,
        23.388707549882163,
        16.488029094092678,
        16.68216752202817,
        238.33920980974258,
        230.74795610588794,
        18.737888316207588,
        17.723679134254844,
        0
    ],
    "vertex_number": 19,
    "minimum_distances": {
        "cost": 392.47964192907233,
        "path": [
            0,
            3,
            10,
            17,
            15,
            8,
            13,
            6,
            16,
            11,
            2,
            14,
            5,
            12,
            4,
            9,
            1,
            7,
            18
        ]
    }
}