{
    "vertices": [
        [
            66.73533286216751,
            25.485547801344765
        ],
        [
            31.14696639915341,
            19.081948498108403
        ],
        [
            38.82721860617862,
            18.466636013029657
        ],
        [
            53.64561360985167,
            87.13338157222229
        ],
        [
            66.72223729908275,
            74.09350851593344
        ],
        [
            37.0530727729655,
            35.49044507916087
        ],
        [
            6.812357803215985,
            54.24363954818021
        ],
        [
            11.032379292382522,
            78.0798508138168
        ],
        [
            39.44350755419512,
            11.196311839313589
        ],
        [
            8.418202202560876,
            31.59690610081487
        ],
        [
            1.6456689026899118,
            95.55196745710504
        ],
        [
            40.77194640192642,
            32.09571677388925
        ],
        [
            61.680233845704635,
            41.850905525026064
        ],
        [
            60.891371947433825,
            83.62676488143038
        ],
        [
            32.515507872915265,
            27.991447144780413
        ],
        [
            50.89410131066854,
            48.853453005174345
        ],
        [
            8.734782068083714,
            53.83990233279506
        ],
        [
            50.21818950610831,
            56.10343451042856
        ],
        [
            51.12314451408455,
            49.55937878007497
        ],
        [
            90.93247447479563,
            50.638845997919
        ],
        [
            14.705509819899653,
            54.224834362212306
        ],
        [
            34.440249165120896,
            67.42826194403233
        ],
        [
            66.73533286216751,
            25.485547801344765
        ]
    ],
    "distances": [
        [
            0.0,
            36.159893688203724,
            28.777212582484065,
            63.02218782894002,
            48.60796247863891,
            31.32306711582834,
            66.46646358002756,
            76.60926670948723,
            30.806265483168957,
            58.636476945960304,
            95.6345519032469,
            26.791636201050135,
            17.128308716575,
            58.434176666798116,
            34.31145513985794,
            28.231252375397236,
            64.56030756829053,
            34.7889495554968,
            28.693026382877207,
            34.902579738285304,
            59.439457247163425,
            52.93546732252818,
            0.0
        ],
        [
            36.159893688203724,
            0.0,
            7.704861025210603,
            71.67417017135296,
            65.51237772511486,
            17.439061114325916,
            42.76117038877879,
            62.33256847050139,
            11.446215997080849,
            25.946500451926983,
            81.963347622972,
            16.186364779946743,
            38.088132338777754,
            71.06872014731462,
            9.013993116286292,
            35.72522663088126,
            41.357240735620344,
            41.64495140296922,
            36.440656534584924,
            67.60284576610835,
            38.79876185273082,
            48.45835052071153,
            36.159893688203724
        ],
        [
            28.777212582484065,
            7.704861025210603,
            0.0,
            70.24746811220874,
            62.229261704858615,
            17.116006209323444,
            48.009845804660195,
            65.77452752672977,
            7.296398129102298,
            33.12268514498304,
            85.5839702409041,
            13.767127826296495,
            32.69685560031259,
            68.7943984406653,
            11.426273210277921,
            32.6950807479965,
            46.441605344005055,
            39.32280278892711,
            33.43573607250723,
            61.237315294237554,
            43.13357838099613,
            49.157769626827125,
            28.777212582484065
        ],
        [
            63.02218782894002,
            71.67417017135296,
            70.24746811220874,
            0.0,
            18.467170233522175,
            54.24302075889681,
            57.22839312664488,
            43.564367987943136,
            77.25372726306968,
            71.62275371968447,
            52.677004829897335,
            56.52323286785778,
            45.9897571128537,
            8.049681639840282,
            62.803262465209144,
            38.37868876122332,
            55.905621807106584,
            31.218661897087166,
            37.6585785202176,
            52.17433391952194,
            50.98337143271021,
            27.516136411498735,
            63.02218782894002
        ],
        [
            48.60796247863891,
            65.51237772511486,
            62.229261704858615,
            18.467170233522175,
            0.0,
            48.68732720514961,
            63.11268461447547,
            55.83234913311751,
            68.55790578971921,
            72.14791559958691,
            68.52317282774013,
            49.368331031696314,
            32.63444876894883,
            11.175060074977129,
            57.40644912119711,
            29.792453592376937,
            61.422744383402296,
            24.413651023071633,
            29.073273252437836,
            33.70840811931381,
            55.68217084732193,
            32.962892314623936,
            48.60796247863891
        ],
        [
            31.32306711582834,
            17.439061114325916,
            17.116006209323444,
            54.24302075889681,
            48.68732720514961,
            0.0,
            35.58346729415909,
            49.90925735814547,
            24.411454039421024,
            28.898364285193104,
            69.72137921175322,
            5.035295555853032,
            25.43526134298709,
            53.7156382409985,
            8.764956659448481,
            19.239128145844052,
            33.74356486723273,
            24.458447045771944,
            19.897281580179577,
            55.96841947154312,
            29.161462784815058,
            32.04451580691738,
            31.32306711582834
        ],
        [
            66.46646358002756,
            42.76117038877879,
            48.009845804660195,
            57.22839312664488,
            63.11268461447547,
            35.58346729415909,
            0.0,
            24.2068905245818,
            54.017259805967406,
            22.703596016290533,
            41.63018891172699,
            40.54360789334886,
            56.250010470954955,
            61.54598138920201,
            36.740026258708696,
            44.41006892164476,
            1.9643621848424957,
            43.4456564356141,
            44.55769426125747,
            84.1973192291784,
            7.89317441803339,
            30.612655043730285,
            66.46646358002756
        ],
        [
            76.60926670948723,
            62.33256847050139,
            65.77452752672977,
            43.564367987943136,
            55.83234913311751,
            49.90925735814547,
            24.2068905245818,
            0.0,
            72.6677369598301,
            46.55639667165988,
            19.833940403677552,
            54.762965910048095,
            62.271515539551984,
            50.16659649856615,
            54.50112838941999,
            49.42812166299797,
            24.348594525509967,
            44.92761506741666,
            49.20047541527503,
            84.48096800738496,
            24.136149191171725,
            25.717401062898432,
            76.60926670948723
        ],
        [
            30.806265483168957,
            11.446215997080849,
            7.296398129102298,
            77.25372726306968,
            68.55790578971921,
            24.411454039421024,
            54.017259805967406,
            72.6677369598301,
            0.0,
            37.13157441295135,
            92.43675265516768,
            20.94158247104376,
            37.87051769120187,
            75.5392706803358,
            18.167931899716926,
            39.35957797234814,
            52.54999173317815,
            46.181635286804784,
            40.10160625980154,
            64.86005870644466,
            49.632875016521155,
            56.4540946884052,
            30.806265483168957
        ],
        [
            58.636476945960304,
            25.946500451926983,
            33.12268514498304,
            71.62275371968447,
            72.14791559958691,
            28.898364285193104,
            22.703596016290533,
            46.55639667165988,
            37.13157441295135,
            0.0,
            64.31265101350357,
            32.35758915317321,
            54.24010065391629,
            73.8954650016159,
            24.36553867358862,
            45.84746902615781,
            22.245249025064645,
            48.45419355708987,
            46.32885194545328,
            84.68294163325584,
            23.48517350325509,
            44.283552134906174,
            58.636476945960304
        ],
        [
            95.6345519032469,
            81.963347622972,
            85.5839702409041,
            52.677004829897335,
            68.52317282774013,
            69.72137921175322,
            41.63018891172699,
            19.833940403677552,
            92.43675265516768,
            64.31265101350357,
            0.0,
            74.54905325836395,
            80.54783076241118,
            60.43396218796891,
            74.27900687892691,
            67.86869194746882,
            42.31018674511419,
            62.57376854093514,
            67.55248926642619,
            99.94659638266131,
            43.341566361009654,
            43.202167843466654,
            95.6345519032469
        ],
        [
            26.791636201050135,
            16.186364779946743,
            13.767127826296495,
            56.52323286785778,
            49.368331031696314,
            5.035295555853032,
            40.54360789334886,
            54.762965910048095,
            20.94158247104376,
            32.35758915317321,
            74.54905325836395,
            0.0,
            23.072065174187593,
            55.31943784369951,
            9.220293182527609,
            19.577531601146692,
            38.71936859213708,
            25.799263937187202,
            20.300906211877358,
            53.478278001148894,
            34.19293730176821,
            35.89539159974121,
            26.791636201050135
        ],
        [
            17.128308716575,
            38.088132338777754,
            32.69685560031259,
            45.9897571128537,
            32.63444876894883,
            25.43526134298709,
            56.250010470954955,
            62.271515539551984,
            37.87051769120187,
            54.24010065391629,
            80.54783076241118,
            23.072065174187593,
            0.0,
            41.78330681098155,
            32.290336443921674,
            12.859872716131182,
            54.28588129885226,
            18.289697726387132,
            13.071828299041067,
            30.543763349943493,
            48.57714289836619,
            37.36599960904723,
            17.128308716575
        ],
        [
            58.434176666798116,
            71.06872014731462,
            68.7943984406653,
            8.049681639840282,
            11.175060074977129,
            53.7156382409985,
            61.54598138920201,
            50.16659649856615,
            75.5392706803358,
            73.8954650016159,
            60.43396218796891,
            55.31943784369951,
            41.78330681098155,
            0.0,
            62.453808864100125,
            36.18188274576239,
            60.06302563419545,
            29.52034109113799,
            35.440161723226666,
            44.616932137077626,
            54.750409849794934,
            31.016985570133784,
            58.434176666798116
        ],
        [
            34.31145513985794,
            9.013993116286292,
            11.426273210277921,
            62.803262465209144,
            57.40644912119711,
            8.764956659448481,
            36.740026258708696,
            54.50112838941999,
            18.167931899716926,
            24.36553867358862,
            74.27900687892691,
            9.220293182527609,
            32.290336443921674,
            62.453808864100125,
            0.0,
            27.80280534890928,
            35.12357549298452,
            33.22151066180693,
            28.48543165189051,
            62.65338507836866,
            31.707832400656763,
            39.48375603399982,
            34.31145513985794
        ],
        [
            28.231252375397236,
            35.72522663088126,
            32.6950807479965,
            38.37868876122332,
            29.792453592376937,
            19.239128145844052,
            44.41006892164476,
            49.42812166299797,
            39.35957797234814,
            45.84746902615781,
            67.86869194746882,
            19.577531601146692,
            12.859872716131182,
            36.18188274576239,
            27.80280534890928,
            0.0,
            42.45318452007002,
            7.2814207812810885,
            0.742153615298154,
            40.07816055869373,
            36.58505011296944,
            24.814366353840697,
            28.231252375397236
        ],
        [
            64.56030756829053,
            41.357240735620344,
            46.441605344005055,
            55.905621807106584,
            61.422744383402296,
            33.74356486723273,
            1.9643621848424957,
            24.348594525509967,
            52.54999173317815,
            22.245249025064645,
            42.31018674511419,
            38.71936859213708,
            54.28588129885226,
            60.06302563419545,
            35.12357549298452,
            42.45318452007002,
            0.0,
            41.54511608586907,
            42.60394527199242,
            82.25999877612128,
            5.983123143775022,
            29.07601340626265,
            64.56030756829053
        ],
        [
            34.7889495554968,
            41.64495140296922,
            39.32280278892711,
            31.218661897087166,
            24.413651023071633,
            24.458447045771944,
            43.4456564356141,
            44.92761506741666,
            46.181635286804784,
            48.45419355708987,
            62.57376854093514,
            25.799263937187202,
            18.289697726387132,
            29.52034109113799,
            33.22151066180693,
            7.2814207812810885,
            41.54511608586907,
            0.0,
            6.606330976301063,
            41.07937107749496,
            35.562333402240846,
            19.42151172809837,
            34.7889495554968
        ],
        [
            28.693026382877207,
            36.440656534584924,
            33.43573607250723,
            37.6585785202176,
            29.073273252437836,
            19.897281580179577,
            44.55769426125747,
            49.20047541527503,
            40.10160625980154,
            46.32885194545328,
            67.55248926642619,
            20.300906211877358,
            13.071828299041067,
            35.440161723226666,
            28.48543165189051,
            0.742153615298154,
            42.60394527199242,
            6.606330976301063,
            0.0,
            39.82396265309579,
            36.71526375375773,
            24.44618544377899,
            28.693026382877207
        ],
        [
            34.902579738285304,
            67.60284576610835,
            61.237315294237554,
            52.17433391952194,
            33.70840811931381,
            55.96841947154312,
            84.1973192291784,
            84.48096800738496,
            64.86005870644466,
            84.68294163325584,
            99.94659638266131,
            53.478278001148894,
            30.543763349943493,
            44.616932137077626,
            62.65338507836866,
            40.07816055869373,
            82.25999877612128,
            41.07937107749496,
            39.82396265309579,
            0.0,
            76.31126688142194,
            58.934336411388045,
            34.902579738285304
        ],
        [
            59.439457247163425,
            38.79876185273082,
            43.13357838099613,
            50.98337143271021,
            55.68217084732193,
            29.161462784815058,
            7.89317441803339,
            24.136149191171725,
            49.632875016521155,
            23.48517350325509,
            43.341566361009654,
            34.19293730176821,
            48.57714289836619,
            54.750409849794934,
            31.707832400656763,
            36.58505011296944,
            5.983123143775022,
            35.562333402240846,
            36.71526375375773,
            76.31126688142194,
            0.0,
            23.744271665649993,
            59.439457247163425
        ],
        [
            52.93546732252818,
            48.45835052071153,
            49.157769626827125,
            27.516136411498735,
            32.962892314623936,
            32.04451580691738,
            30.612655043730285,
            25.717401062898432,
            56.4540946884052,
            44.283552134906174,
            43.202167843466654,
            35.89539159974121,
            37.36599960904723,
            31.016985570133784,
            39.48375603399982,
            24.814366353840697,
            29.07601340626265,
            19.42151172809837,
            24.44618544377899,
            58.934336411388045,
            23.744271665649993,
            0.0,
            52.93546732252818
        ],
        [
            0.0,
            36.159893688203724,
            28.777212582484065,
            63.02218782894002,
            48.60796247863891,
            31.32306711582834,
            66.46646358002756,
            76.60926670948723,
            30.806265483168957,
            58.636476945960304,
            95.6345519032469,
            26.791636201050135,
            17.128308716575,
            58.434176666798116,
            34.31145513985794,
            28.231252375397236,
            64.56030756829053,
            34.7889495554968,
            28.693026382877207,
            34.902579738285304,
            59.439457247163425,
            52.93546732252818,
            0.0
        ]
    ],
    "scores_ave": [
        0,
        11.280364739089842,
        15.56016264528355,
        13.888096629120913,
        14.367670439705513,
        10.056475484366752,
        18.698524581682705,
        17.463495207014198,
        16.64572888751537,
        17.50774025699544,
        17.185348560090894,
        16.72687968121834,
        13.644833611738942,
        12.135801126987637,
        13.370519130672072,
        15.833583442089171,
        19.471388131791173,
        14.881927199919067,
        17.329056245806687,
        17.91165476068775,
        14.997673132493706,
        11.966499635190143,
        0
    ],
    "scores_var": [
        0,
        336.22369981498144,
        303.4401525753835,
        19.575277117504715,
        391.33365248171003,
        23.423327595613227,
        16.366863718881053,
        17.592614404979642,
        20.64509765518955,
        292.0708584203812,
        236.02014208063906,
        20.11574690870699,
        358.6668975024019,
        20.9483944564817,
        23.720349736865142,
        355.0206874867598,
        238.14890473327083,
        23.906372706519065,
        21.326852314033278,
        24.826670594208302,
        381.9257658548977,
        361.3849556349476,
        0
    ],
    "vertex_number": 23,
    "minimum_distances": {
        "cost": 391.19111053166495,
        "path": [
            0,
            8,
            2,
            1,
            14,
            11,
            5,
            9,
            6,
            16,
            20,
            7,
            10,
            21,
            18,
            15,
            12,
            17,
            3,
            13,
            4,
            19,
            22
        ]
    }
}