{
    "vertices": [
        [
            89.8895414100338,
            18.48652424195645
        ],
        [
            8.437793703476215,
            74.4731035423139
        ],
        [
            34.581617810216784,
            76.81151491563601
        ],
        [
            11.808834487242715,
            25.930553847858217
        ],
        [
            40.30657348894243,
            40.453960704586265
        ],
        [
            71.87096373790077,
            60.95979570499341
        ],
        [
            18.04311271270105,
            13.71369075354627
        ],
        [
            25.477384904214805,
            89.39629487285968
        ],
        [
            81.52382207637523,
            79.93435075056958
        ],
        [
            11.798101803915628,
            87.76372358451749
        ],
        [
            90.90566230405337,
            18.67983829087474
        ],
        [
            23.105823864361476,
            12.128320597805086
        ],
        [
            55.74708981035862,
            89.38537146139835
        ],
        [
            77.3763318465258,
            57.4870319557924
        ],
        [
            6.860558083067514,
            60.44811881616506
        ],
        [
            76.13026323670613,
            38.388827574404935
        ],
        [
            63.755710891518525,
            68.83513648802356
        ],
        [
            11.838727517334602,
            7.104216461245249
        ],
        [
            80.85903632606843,
            78.85056315104487
        ],
        [
            13.271879192035541,
            73.57470210414476
        ],
        [
            60.358728972305144,
            77.70635308119257
        ],
        [
            13.868360962211678,
            75.19549419993587
        ],
        [
            89.8895414100338,
            18.48652424195645
        ]
    ],
    "distances": [
        [
            0.0,
            98.83766623209961,
            80.37892105526177,
            78.4347523125836,
            54.23134677106639,
            46.137272677299876,
            72.00478634138851,
            95.7972936812801,
            62.014680863503344,
            104.3915862917359,
            1.034346166799251,
            67.08570401211155,
            78.69150867966586,
            40.95875993627305,
            93.03003542684426,
            24.19544200439003,
            56.72706455189886,
            78.87640001754393,
            61.03578635103725,
            94.36616715712985,
            66.1744437904901,
            94.84264415533418,
            0.0
        ],
        [
            98.83766623209961,
            0.0,
            26.248194350756233,
            48.659459992939865,
            46.61460290969189,
            64.85658447160476,
            61.51396911031537,
            22.650591775412074,
            73.28978622150483,
            13.708838449558836,
            99.56825698454054,
            64.047037942426,
            49.603883241327324,
            71.00034274032157,
            14.113393240854377,
            76.70948705105172,
            55.60448394264953,
            67.45467587460504,
            72.55341849717654,
            4.916859531734074,
            52.02150922234555,
            5.47840387465812,
            98.83766623209961
        ],
        [
            80.37892105526177,
            26.248194350756233,
            0.0,
            55.74470252370036,
            36.80552765187308,
            40.5187897357206,
            65.22926923437475,
            15.532666975715019,
            47.045963110746165,
            25.279230137330202,
            80.94250932204596,
            65.69329854594001,
            24.618673266896376,
            46.95554483886594,
            32.19033836890129,
            56.59145553259902,
            30.24483955878985,
            73.3235740855803,
            46.322318402662155,
            21.554162408960337,
            25.792638391703882,
            20.776201101380455,
            80.37892105526177
        ],
        [
            78.4347523125836,
            48.659459992939865,
            55.74470252370036,
            0.0,
            31.985160229941833,
            69.53062027055724,
            13.715610407764768,
            64.92094850164978,
            88.1849736319187,
            61.83317066812123,
            79.42846496546734,
            17.836020062659898,
            77.18214922640445,
            72.76611863041839,
            34.87044207797488,
            65.5168282246467,
            67.37418778499585,
            18.826361119128393,
            86.99688361448318,
            47.666606370448,
            70.9776418371394,
            49.30797092960596,
            78.4347523125836
        ],
        [
            54.23134677106639,
            46.61460290969189,
            36.80552765187308,
            31.985160229941833,
            0.0,
            37.64040383487482,
            34.795168095437205,
            51.13958259431103,
            57.07506267452721,
            55.23537473007035,
            55.08520850288922,
            33.13921657351622,
            51.30977005331231,
            40.795741210796585,
            38.96668198757542,
            35.88316488256579,
            36.81512167269396,
            43.847733069788745,
            55.84622925129213,
            42.753458416643184,
            42.30637868347501,
            43.657224272931984,
            54.23134677106639
        ],
        [
            46.137272677299876,
            64.85658447160476,
            40.5187897357206,
            69.53062027055724,
            37.64040383487482,
            0.0,
            71.6214491550838,
            54.41505896276778,
            21.288762605662544,
            65.78145096233716,
            46.367171020496606,
            69.01124421447425,
            32.680157091335865,
            6.50916016619888,
            65.01241924928296,
            22.969332479908164,
            11.30832972677986,
            80.64919591242986,
            20.021613537846182,
            59.9415429653993,
            20.321878192050043,
            59.724007236565114,
            46.137272677299876
        ],
        [
            72.00478634138851,
            61.51396911031537,
            65.22926923437475,
            13.715610407764768,
            34.795168095437205,
            71.6214491550838,
            0.0,
            76.0468603513533,
            91.73317977567677,
            74.31290280643573,
            73.03159422000036,
            5.305133620924328,
            84.54462224252823,
            73.73287118233445,
            48.053681382229485,
            63.11085035971642,
            71.61016277119435,
            9.06529349072993,
            90.49117307852971,
            60.05085635713452,
            76.71813482619498,
            61.623377927525986,
            72.00478634138851
        ],
        [
            95.7972936812801,
            22.650591775412074,
            15.532666975715019,
            64.92094850164978,
            51.13958259431103,
            54.41505896276778,
            76.0468603513533,
            0.0,
            56.83952415587472,
            13.776359285008864,
            96.34145896249437,
            77.30436048720829,
            30.269706877106437,
            60.923737193571256,
            34.41777357555217,
            71.88515704628529,
            43.45102386039491,
            83.41462188741252,
            56.376766240714744,
            19.982421460601138,
            36.78808099220543,
            18.342087575794512,
            95.7972936812801
        ],
        [
            62.014680863503344,
            73.28978622150483,
            47.045963110746165,
            88.1849736319187,
            57.07506267452721,
            21.288762605662544,
            91.73317977567677,
            56.83952415587472,
            0.0,
            70.16391627101673,
            61.96881653487171,
            89.50039240236016,
            27.45472124772743,
            22.827259938088343,
            77.16421596268418,
            41.894163948433274,
            20.949900532540354,
            100.79802014079169,
            1.2714305544128237,
            68.54759542385962,
            21.28203795971392,
            67.821222194661,
            62.014680863503344
        ],
        [
            104.3915862917359,
            13.708838449558836,
            25.279230137330202,
            61.83317066812123,
            55.23537473007035,
            65.78145096233716,
            74.31290280643573,
            13.776359285008864,
            70.16391627101673,
            0.0,
            105.02661251105903,
            76.47600122364321,
            43.97889594597689,
            72.23006514950967,
            27.758270872951083,
            81.09566789060958,
            55.298142388055965,
            80.6595173542329,
            69.63373540164207,
            14.265354897800906,
            49.591180792843396,
            12.73759643127265,
            104.3915862917359
        ],
        [
            1.034346166799251,
            99.56825698454054,
            80.94250932204596,
            79.42846496546734,
            55.08520850288922,
            46.367171020496606,
            73.03159422000036,
            96.34145896249437,
            61.96881653487171,
            105.02661251105903,
            0.0,
            68.11564046921181,
            78.96453406892492,
            41.0979447512331,
            93.85184495552403,
            24.63243138989072,
            57.03221720175293,
            79.90979412631366,
            61.003695164635865,
            95.08128287608075,
            66.46235463979501,
            95.5445715928703,
            1.034346166799251
        ],
        [
            67.08570401211155,
            64.047037942426,
            65.69329854594001,
            17.836020062659898,
            33.13921657351622,
            69.01124421447425,
            5.305133620924328,
            77.30436048720829,
            89.50039240236016,
            76.47600122364321,
            68.11564046921181,
            0.0,
            83.86956629610737,
            70.72977260460668,
            50.97755937829806,
            59.17098442158541,
            69.77160083965228,
            12.33649392932141,
            88.24562992568201,
            62.22832368014593,
            75.4205362177549,
            63.74009026531022,
            67.08570401211155
        ],
        [
            78.69150867966586,
            49.603883241327324,
            24.618673266896376,
            77.18214922640445,
            51.30977005331231,
            32.680157091335865,
            84.54462224252823,
            30.269706877106437,
            27.45472124772743,
            43.97889594597689,
            78.96453406892492,
            83.86956629610737,
            0.0,
            38.539955556201704,
            56.80895682000771,
            54.919224751871766,
            22.055615363950174,
            93.26378046924043,
            27.23218764520697,
            45.32240927615502,
            12.556539574468086,
            44.21742356392991,
            78.69150867966586
        ],
        [
            40.95875993627305,
            71.00034274032157,
            46.95554483886594,
            72.76611863041839,
            40.795741210796585,
            6.50916016619888,
            73.73287118233445,
            60.923737193571256,
            22.827259938088343,
            72.23006514950967,
            41.0979447512331,
            70.72977260460668,
            38.539955556201704,
            0.0,
            70.57791711898209,
            19.138811289461668,
            17.728530443170655,
            82.66562573625873,
            21.64554678501681,
            66.09231408366612,
            26.427632401649923,
            65.93066055254675,
            40.95875993627305
        ],
        [
            93.03003542684426,
            14.113393240854377,
            32.19033836890129,
            34.87044207797488,
            38.96668198757542,
            65.01241924928296,
            48.053681382229485,
            34.41777357555217,
            77.16421596268418,
            27.758270872951083,
            93.85184495552403,
            50.97755937829806,
            56.80895682000771,
            70.57791711898209,
            0.0,
            72.69734783443494,
            57.510003290949804,
            53.57568561733476,
            76.25237530581083,
            14.608635363324218,
            56.21299617028647,
            16.32771820870235,
            93.03003542684426
        ],
        [
            24.19544200439003,
            76.70948705105172,
            56.59145553259902,
            65.5168282246467,
            35.88316488256579,
            22.969332479908164,
            63.11085035971642,
            71.88515704628529,
            41.894163948433274,
            81.09566789060958,
            24.63243138989072,
            59.17098442158541,
            54.919224751871766,
            19.138811289461668,
            72.69734783443494,
            0.0,
            32.864985504443496,
            71.4991500484926,
            40.737124847055746,
            72.03625622649952,
            42.36282692444014,
            72.32755479705966,
            24.19544200439003
        ],
        [
            56.72706455189886,
            55.60448394264953,
            30.24483955878985,
            67.37418778499585,
            36.81512167269396,
            11.30832972677986,
            71.61016277119435,
            43.45102386039491,
            20.949900532540354,
            55.298142388055965,
            57.03221720175293,
            69.77160083965228,
            22.055615363950174,
            17.728530443170655,
            57.510003290949804,
            32.864985504443496,
            0.0,
            80.66027305946707,
            19.820002829527542,
            50.70582555576076,
            9.499366821129701,
            50.29117052915546,
            56.72706455189886
        ],
        [
            78.87640001754393,
            67.45467587460504,
            73.3235740855803,
            18.826361119128393,
            43.847733069788745,
            80.64919591242986,
            9.06529349072993,
            83.41462188741252,
            100.79802014079169,
            80.6595173542329,
            79.90979412631366,
            12.33649392932141,
            93.26378046924043,
            82.66562573625873,
            53.57568561733476,
            71.4991500484926,
            80.66027305946707,
            0.0,
            99.55571953125498,
            66.48593374034547,
            85.66710124949981,
            68.12152021210382,
            78.87640001754393
        ],
        [
            61.03578635103725,
            72.55341849717654,
            46.322318402662155,
            86.99688361448318,
            55.84622925129213,
            20.021613537846182,
            90.49117307852971,
            56.376766240714744,
            1.2714305544128237,
            69.63373540164207,
            61.003695164635865,
            88.24562992568201,
            27.23218764520697,
            21.64554678501681,
            76.25237530581083,
            40.737124847055746,
            19.820002829527542,
            99.55571953125498,
            0.0,
            67.79276155495255,
            20.53221415928425,
            67.09031312151558,
            61.03578635103725
        ],
        [
            94.36616715712985,
            4.916859531734074,
            21.554162408960337,
            47.666606370448,
            42.753458416643184,
            59.9415429653993,
            60.05085635713452,
            19.982421460601138,
            68.54759542385962,
            14.265354897800906,
            95.08128287608075,
            62.22832368014593,
            45.32240927615502,
            66.09231408366612,
            14.608635363324218,
            72.03625622649952,
            50.70582555576076,
            66.48593374034547,
            67.79276155495255,
            0.0,
            47.267768743889484,
            1.7270661596856598,
            94.36616715712985
        ],
        [
            66.1744437904901,
            52.02150922234555,
            25.792638391703882,
            70.9776418371394,
            42.30637868347501,
            20.321878192050043,
            76.71813482619498,
            36.78808099220543,
            21.28203795971392,
            49.591180792843396,
            66.46235463979501,
            75.4205362177549,
            12.556539574468086,
            26.427632401649923,
            56.21299617028647,
            42.36282692444014,
            9.499366821129701,
            85.66710124949981,
            20.53221415928425,
            47.267768743889484,
            0.0,
            46.5581220630247,
            66.1744437904901
        ],
        [
            94.84264415533418,
            5.47840387465812,
            20.776201101380455,
            49.30797092960596,
            43.657224272931984,
            59.724007236565114,
            61.623377927525986,
            18.342087575794512,
            67.821222194661,
            12.73759643127265,
            95.5445715928703,
            63.74009026531022,
            44.21742356392991,
            65.93066055254675,
            16.32771820870235,
            72.32755479705966,
            50.29117052915546,
            68.12152021210382,
            67.09031312151558,
            1.7270661596856598,
            46.5581220630247,
            0.0,
            94.84264415533418
        ],
        [
            0.0,
            98.83766623209961,
            80.37892105526177,
            78.4347523125836,
            54.23134677106639,
            46.137272677299876,
            72.00478634138851,
            95.7972936812801,
            62.014680863503344,
            104.3915862917359,
            1.034346166799251,
            67.08570401211155,
            78.69150867966586,
            40.95875993627305,
            93.03003542684426,
            24.19544200439003,
            56.72706455189886,
            78.87640001754393,
            61.03578635103725,
            94.36616715712985,
            66.1744437904901,
            94.84264415533418,
            0.0
        ]
    ],
    "scores_ave": [
        0,
        14.864463700160266,
        16.052737535681,
        14.397479541922085,
        14.848066502719156,
        16.72693250887598,
        12.094080533955562,
        17.806925891201498,
        14.75129678125165,
        10.628347392943914,
        17.963363895400967,
        16.1537597638831,
        14.596920989273643,
        11.868061122548973,
        17.771768188763872,
        12.377289928791447,
        16.351644940400533,
        16.87189181257304,
        14.320650480163593,
        16.09853372389269,
        12.615909111875384,
        15.48190825036336,
        0
    ],
    "scores_var": [
        0,
        304.67821299078855,
        18.369977172923914,
        376.51473163061047,
        18.498713882646378,
        16.650435611494764,
        281.52070736853767,
        21.276432155326688,
        231.94981172215202,
        23.276848215612176,
        250.07446419045306,
        382.02555164884996,
        17.74197959847752,
        16.972841862252416,
        302.148706104439,
        22.249510575430115,
        228.3724601842178,
        322.65906490663696,
        24.620656650490073,
        369.7653576398012,
        369.7224546839354,
        386.4201164343159,
        0
    ],
    "vertex_number": 23,
    "minimum_distances": {
        "cost": 360.5020370609348,
        "path": [
            0,
            4,
            11,
            6,
            17,
            3,
            14,
            19,
            21,
            1,
            9,
            7,
            2,
            12,
            20,
            16,
            8,
            18,
            5,
            13,
            15,
            10,
            22
        ]
    }
}