{
    "vertices": [
        [
            94.72298632058494,
            14.653631516074805
        ],
        [
            65.10886509957646,
            7.516976748463944
        ],
        [
            40.179405266749605,
            11.512686008461426
        ],
        [
            27.884847602465832,
            4.060929470190744
        ],
        [
            27.377745767338325,
            44.68566991258015
        ],
        [
            68.97230479134548,
            97.40097042785267
        ],
        [
            55.979802115497634,
            28.965551091439146
        ],
        [
            27.398025352634402,
            53.002925435013125
        ],
        [
            77.06799239001022,
            21.762822559247564
        ],
        [
            70.03595289883489,
            57.281014510639075
        ],
        [
            80.59247308769186,
            95.00181530457155
        ],
        [
            29.33320258181621,
            47.264919345702204
        ],
        [
            92.62111809576541,
            48.61271082977488
        ],
        [
            94.72298632058494,
            14.653631516074805
        ]
    ],
    "distances": [
        [
            0.0,
            30.461910921093693,
            54.63394341302943,
            67.67231430899498,
            73.73808212466488,
            86.66152373574411,
            41.30212299968397,
            77.48108616570357,
            19.03258805252081,
            49.25995737038219,
            81.58126036250614,
            73.07065013608232,
            34.02406380591064,
            0.0
        ],
        [
            30.461910921093693,
            0.0,
            25.247646623932248,
            37.384110814821554,
            52.963658461173296,
            89.96698553362965,
            23.310536937475558,
            59.08535319632887,
            18.600130333237416,
            50.00735594466871,
            88.84446574501894,
            53.47706956535692,
            49.454862497110724,
            30.461910921093693
        ],
        [
            54.63394341302943,
            25.247646623932248,
            0.0,
            14.376537262708942,
            35.55740917223564,
            90.58602797087262,
            23.542621778012524,
            43.41432528764592,
            38.2862006375685,
            54.64570733726689,
            92.75586645233105,
            37.36124062826564,
            64.23819024679194,
            54.63394341302943
        ],
        [
            67.67231430899498,
            37.384110814821554,
            14.376537262708942,
            0.0,
            40.62790529036292,
            101.98304949463918,
            37.54419591876858,
            48.94441709657621,
            52.27177775940811,
            67.89030217503928,
            105.1110769644795,
            43.228260123552346,
            78.5852781358814,
            67.67231430899498
        ],
        [
            73.73808212466488,
            52.963658461173296,
            35.55740917223564,
            40.62790529036292,
            0.0,
            67.14916417065149,
            32.63739822801554,
            8.317280245790782,
            54.722733303501414,
            44.47881901779224,
            73.23606823749891,
            3.2367173172132926,
            65.36145104839004,
            73.73808212466488
        ],
        [
            86.66152373574411,
            89.96698553362965,
            90.58602797087262,
            101.98304949463918,
            67.14916417065149,
            0.0,
            69.65781898346141,
            60.82439568161971,
            76.07016215763014,
            40.13405299861612,
            11.865254170938755,
            63.91308193233611,
            54.21771523512162,
            86.66152373574411
        ],
        [
            41.30212299968397,
            23.310536937475558,
            23.542621778012524,
            37.54419591876858,
            32.63739822801554,
            69.65781898346141,
            0.0,
            37.345860925345626,
            22.284323354378383,
            31.61235270409278,
            70.47390838893585,
            32.32503898239756,
            41.5763986240933,
            41.30212299968397
        ],
        [
            77.48108616570357,
            59.08535319632887,
            43.41432528764592,
            48.94441709657621,
            8.317280245790782,
            60.82439568161971,
            37.345860925345626,
            0.0,
            58.67750551261033,
            42.85201175643954,
            67.77577753233861,
            6.0555449622071995,
            65.37068005810491,
            77.48108616570357
        ],
        [
            19.03258805252081,
            18.600130333237416,
            38.2862006375685,
            52.27177775940811,
            54.722733303501414,
            76.07016215763014,
            22.284323354378383,
            58.67750551261033,
            0.0,
            36.207617139233875,
            73.3237480120728,
            54.11993254373256,
            31.029280032879,
            19.03258805252081
        ],
        [
            49.25995737038219,
            50.00735594466871,
            54.64570733726689,
            67.89030217503928,
            44.47881901779224,
            40.13405299861612,
            31.61235270409278,
            42.85201175643954,
            36.207617139233875,
            0.0,
            39.1701280446373,
            41.917013797772334,
            24.191510405022775,
            49.25995737038219
        ],
        [
            81.58126036250614,
            88.84446574501894,
            92.75586645233105,
            105.1110769644795,
            73.23606823749891,
            11.865254170938755,
            70.47390838893585,
            67.77577753233861,
            73.3237480120728,
            39.1701280446373,
            0.0,
            70.04515721006307,
            47.92324399186529,
            81.58126036250614
        ],
        [
            73.07065013608232,
            53.47706956535692,
            37.36124062826564,
            43.228260123552346,
            3.2367173172132926,
            63.91308193233611,
            32.32503898239756,
            6.0555449622071995,
            54.11993254373256,
            41.917013797772334,
            70.04515721006307,
            0.0,
            63.30226529900262,
            73.07065013608232
        ],
        [
            34.02406380591064,
            49.454862497110724,
            64.23819024679194,
            78.5852781358814,
            65.36145104839004,
            54.21771523512162,
            41.5763986240933,
            65.37068005810491,
            31.029280032879,
            24.191510405022775,
            47.92324399186529,
            63.30226529900262,
            0.0,
            34.02406380591064
        ],
        [
            0.0,
            30.461910921093693,
            54.63394341302943,
            67.67231430899498,
            73.73808212466488,
            86.66152373574411,
            41.30212299968397,
            77.48108616570357,
            19.03258805252081,
            49.25995737038219,
            81.58126036250614,
            73.07065013608232,
            34.02406380591064,
            0.0
        ]
    ],
    "scores_ave": [
        0,
        15.316886058899517,
        13.147377727006155,
        15.616157568012888,
        15.532839446389476,
        11.935054049070065,
        18.22508393344453,
        17.23401483847467,
        18.128925202738248,
        15.728401488215304,
        17.907639808724454,
        17.62606897994715,
        11.060960406657427,
        0
    ],
    "scores_var": [
        0,
        24.341034831333477,
        16.116906734534997,
        23.116130855245963,
        398.20162934416464,
        21.024579808061944,
        325.6790948807468,
        275.64631447977825,
        325.6291047269186,
        269.9409158198083,
        21.500823116940204,
        321.25742718918144,
        23.261351046974585,
        0
    ],
    "vertex_number": 14,
    "minimum_distances": {
        "cost": 318.85793404186785,
        "path": [
            0,
            12,
            9,
            10,
            5,
            7,
            11,
            4,
            3,
            2,
            6,
            1,
            8,
            13
        ]
    }
}