{
    "vertices": [
        [
            42.74014824053612,
            74.10336652864274
        ],
        [
            56.689298866004265,
            12.865472146400458
        ],
        [
            72.06130363191711,
            47.4479295222487
        ],
        [
            23.07161720761638,
            0.5827701239122351
        ],
        [
            12.253472182815239,
            68.58471093244191
        ],
        [
            32.68719790833661,
            35.88832773649104
        ],
        [
            2.8747977534200664,
            3.461919771116584
        ],
        [
            16.424368741146623,
            48.27593904024836
        ],
        [
            47.71153416769431,
            64.25146913682235
        ],
        [
            40.12965306484389,
            35.908917366166705
        ],
        [
            34.32438363538834,
            7.9165004284394875
        ],
        [
            7.755485061641332,
            10.305304873854427
        ],
        [
            17.360348770906086,
            48.02038659103317
        ],
        [
            73.62783931597399,
            20.7813241499625
        ],
        [
            47.5720733713518,
            39.92689469349251
        ],
        [
            60.198734900750935,
            74.44301441356859
        ],
        [
            26.978592926982834,
            49.628298076113765
        ],
        [
            98.25726027026253,
            3.7004402860983054
        ],
        [
            98.26904849335628,
            14.18282803337696
        ],
        [
            42.155438449552605,
            44.261535638335026
        ],
        [
            78.36822475417789,
            80.06451008644427
        ],
        [
            42.74014824053612,
            74.10336652864274
        ]
    ],
    "distances": [
        [
            0.0,
            62.8065164735528,
            39.626285158810326,
            76.10603923934156,
            30.982139639442117,
            39.51519961062235,
            81.1138716216715,
            36.87243226760012,
            11.035151120655476,
            38.283555632768476,
            66.71975972720145,
            72.7606990665214,
            36.39307713761473,
            61.622152375630755,
            34.5163544941905,
            17.461890185714868,
            29.111090698532387,
            89.65891897426795,
            81.69412278034619,
            29.847558634256764,
            36.12333136047436,
            0.0
        ],
        [
            62.8065164735528,
            0.0,
            37.845011410694646,
            35.79124598359137,
            71.26833984255786,
            33.258874453358096,
            54.629912385716246,
            53.62057220507784,
            52.16436471076657,
            28.376438054418603,
            22.90593273232535,
            49.00074070770233,
            52.750680803115415,
            18.696921284467066,
            28.555986955323448,
            61.677466330474836,
            47.26765720588873,
            42.56633909917858,
            41.60061304363472,
            34.596905951175565,
            70.60939404733885,
            62.8065164735528
        ],
        [
            39.626285158810326,
            37.845011410694646,
            0.0,
            67.79625757652704,
            63.432958554890604,
            41.03589398291436,
            81.98500868757651,
            55.643095922151325,
            29.584966056078944,
            33.95260092357985,
            54.65170644200672,
            74.26178605288679,
            54.70395022118574,
            26.712578986886808,
            25.61812568573961,
            29.486524806955615,
            45.13540529933768,
            50.990890938138826,
            42.34870562115479,
            30.075137211477593,
            33.22075528556026,
            39.626285158810326
        ],
        [
            76.10603923934156,
            35.79124598359137,
            67.79625757652704,
            0.0,
            68.85707091871105,
            36.5915535410453,
            20.401005336904348,
            48.15417192162227,
            68.27026249983281,
            39.22898502750107,
            13.431617641130686,
            18.141432850709553,
            47.78018462959124,
            54.441832983587695,
            46.3490290122433,
            82.66655039813611,
            49.20089705871124,
            75.25025441806703,
            76.4173752958996,
            47.66578217189041,
            96.82490275559282,
            76.10603923934156
        ],
        [
            30.982139639442117,
            71.26833984255786,
            63.432958554890604,
            68.85707091871105,
            0.0,
            38.55633049347787,
            65.79466135405048,
            20.73264560709634,
            35.72185807293387,
            42.95100634156797,
            64.55816678085951,
            58.45272498937898,
            21.188950519189152,
            77.79445178720063,
            45.482678257775106,
            48.30184196041447,
            24.00364075114185,
            107.73402499999017,
            101.7754598663061,
            38.54535566063635,
            67.10399612682345,
            30.982139639442117
        ],
        [
            39.51519961062235,
            33.258874453358096,
            41.03589398291436,
            36.5915535410453,
            38.55633049347787,
            0.0,
            44.04828187947594,
            20.443398111228507,
            32.09670497308779,
            7.442483637165222,
            28.019698429075223,
            35.72228106182832,
            19.547356765855294,
            43.6389467818844,
            15.423019828025113,
            47.364000384813394,
            14.878674529905183,
            73.04446027363063,
            69.08044472582478,
            12.639548627772621,
            63.547551492616854,
            39.51519961062235
        ],
        [
            81.1138716216715,
            54.629912385716246,
            81.98500868757651,
            20.401005336904348,
            65.79466135405048,
            44.04828187947594,
            0.0,
            46.81759495110311,
            75.53609894857348,
            49.40376399838693,
            31.763496989152397,
            8.405535572764318,
            46.85390222406025,
            72.84198417389842,
            57.68484067547435,
            91.23787353238714,
            52.08000986529459,
            95.38276074749002,
            95.99479646419186,
            56.635478177651564,
            107.55098494824064,
            81.1138716216715
        ],
        [
            36.87243226760012,
            53.62057220507784,
            55.643095922151325,
            48.15417192162227,
            20.73264560709634,
            20.443398111228507,
            46.81759495110311,
            0.0,
            35.12982041364149,
            26.737309699267296,
            44.15081899890923,
            38.94763925126805,
            0.9702400066006382,
            63.46803048598774,
            32.24726415115864,
            50.999127112805894,
            10.64051329244867,
            93.18582094501976,
            88.66167053393825,
            26.042338278506048,
            69.62438184229856,
            36.87243226760012
        ],
        [
            11.035151120655476,
            52.16436471076657,
            29.584966056078944,
            68.27026249983281,
            35.72185807293387,
            32.09670497308779,
            75.53609894857348,
            35.12982041364149,
            0.0,
            29.33914044293145,
            57.90375202652326,
            67.13176966870779,
            34.41863587649041,
            50.60937045367552,
            24.324974227382274,
            16.11824361633793,
            25.371085596827342,
            78.87520220016594,
            71.15427658781401,
            20.747714112718498,
            34.49470889556557,
            11.035151120655476
        ],
        [
            38.283555632768476,
            28.376438054418603,
            33.95260092357985,
            39.22898502750107,
            42.95100634156797,
            7.442483637165222,
            49.40376399838693,
            26.737309699267296,
            29.33914044293145,
            0.0,
            28.588049236772502,
            41.27507391339323,
            25.79009315250378,
            36.75557860557155,
            8.457763405394207,
            43.44703305169319,
            19.00452024688089,
            66.45453118670486,
            62.066192556731615,
            8.59476808444879,
            58.411511993094,
            38.283555632768476
        ],
        [
            66.71975972720145,
            22.90593273232535,
            54.65170644200672,
            13.431617641130686,
            64.55816678085951,
            28.019698429075223,
            31.763496989152397,
            44.15081899890923,
            57.90375202652326,
            28.588049236772502,
            0.0,
            26.676070889478645,
            43.54423227277802,
            41.35535416148218,
            34.64342108315071,
            71.3810837436428,
            42.35368583880536,
            64.07174008823142,
            64.25096906234366,
            37.179120537083605,
            84.52925669913778,
            66.71975972720145
        ],
        [
            72.7606990665214,
            49.00074070770233,
            74.26178605288679,
            18.141432850709553,
            58.45272498937898,
            35.72228106182832,
            8.405535572764318,
            38.94763925126805,
            67.13176966870779,
            41.27507391339323,
            26.676070889478645,
            0.0,
            38.91890023892019,
            66.70018017128353,
            49.626598594582916,
            82.84890004513042,
            43.770145880354214,
            90.74246829425788,
            90.59658023876905,
            48.33613969713683,
            99.25978903250878,
            72.7606990665214
        ],
        [
            36.39307713761473,
            52.750680803115415,
            54.70395022118574,
            47.78018462959124,
            21.188950519189152,
            19.547356765855294,
            46.85390222406025,
            0.9702400066006382,
            34.41863587649041,
            25.79009315250378,
            43.54423227277802,
            38.91890023892019,
            0.0,
            62.51397455695688,
            31.27703493665493,
            50.33172545480541,
            9.751717796868334,
            92.24189899718576,
            87.69947582466172,
            25.078385766566456,
            68.91144159411724,
            36.39307713761473
        ],
        [
            61.622152375630755,
            18.696921284467066,
            26.712578986886808,
            54.441832983587695,
            77.79445178720063,
            43.6389467818844,
            72.84198417389842,
            63.46803048598774,
            50.60937045367552,
            36.75557860557155,
            41.35535416148218,
            66.70018017128353,
            62.51397455695688,
            0.0,
            32.33350909502736,
            55.31652417987016,
            54.84797255466108,
            29.972737114156992,
            25.50939710624506,
            39.266173073466454,
            59.472408635284026,
            61.622152375630755
        ],
        [
            34.5163544941905,
            28.555986955323448,
            25.61812568573961,
            46.3490290122433,
            45.482678257775106,
            15.423019828025113,
            57.68484067547435,
            32.24726415115864,
            24.324974227382274,
            8.457763405394207,
            34.64342108315071,
            49.626598594582916,
            31.27703493665493,
            32.33350909502736,
            0.0,
            36.75316451557108,
            22.76419698572612,
            62.30043474895278,
            56.858950524272025,
            6.937510071831233,
            50.59082040673446,
            34.5163544941905
        ],
        [
            17.461890185714868,
            61.677466330474836,
            29.486524806955615,
            82.66655039813611,
            48.30184196041447,
            47.364000384813394,
            91.23787353238714,
            50.999127112805894,
            16.11824361633793,
            43.44703305169319,
            71.3810837436428,
            82.84890004513042,
            50.33172545480541,
            55.31652417987016,
            36.75316451557108,
            0.0,
            41.46502115838911,
            80.33033765323277,
            71.27860015190214,
            35.1636489557853,
            19.019242233431516,
            17.461890185714868
        ],
        [
            29.111090698532387,
            47.26765720588873,
            45.13540529933768,
            49.20089705871124,
            24.00364075114185,
            14.878674529905183,
            52.08000986529459,
            10.64051329244867,
            25.371085596827342,
            19.00452024688089,
            42.35368583880536,
            43.770145880354214,
            9.751717796868334,
            54.84797255466108,
            22.76419698572612,
            41.46502115838911,
            0.0,
            84.79396522992548,
            79.616018497609,
            16.097788018218495,
            59.72652058233801,
            29.111090698532387
        ],
        [
            89.65891897426795,
            42.56633909917858,
            50.990890938138826,
            75.25025441806703,
            107.73402499999017,
            73.04446027363063,
            95.38276074749002,
            93.18582094501976,
            78.87520220016594,
            66.45453118670486,
            64.07174008823142,
            90.74246829425788,
            92.24189899718576,
            29.972737114156992,
            62.30043474895278,
            80.33033765323277,
            84.79396522992548,
            0.0,
            10.482394375642492,
            69.22872863035926,
            78.91162709152681,
            89.65891897426795
        ],
        [
            81.69412278034619,
            41.60061304363472,
            42.34870562115479,
            76.4173752958996,
            101.7754598663061,
            69.08044472582478,
            95.99479646419186,
            88.66167053393825,
            71.15427658781401,
            62.066192556731615,
            64.25096906234366,
            90.59658023876905,
            87.69947582466172,
            25.50939710624506,
            56.858950524272025,
            71.27860015190214,
            79.616018497609,
            10.482394375642492,
            0.0,
            63.66683503467584,
            68.8217902676129,
            81.69412278034619
        ],
        [
            29.847558634256764,
            34.596905951175565,
            30.075137211477593,
            47.66578217189041,
            38.54535566063635,
            12.639548627772621,
            56.635478177651564,
            26.042338278506048,
            20.747714112718498,
            8.59476808444879,
            37.179120537083605,
            48.33613969713683,
            25.078385766566456,
            39.266173073466454,
            6.937510071831233,
            35.1636489557853,
            16.097788018218495,
            69.22872863035926,
            63.66683503467584,
            0.0,
            50.92365728496354,
            29.847558634256764
        ],
        [
            36.12333136047436,
            70.60939404733885,
            33.22075528556026,
            96.82490275559282,
            67.10399612682345,
            63.547551492616854,
            107.55098494824064,
            69.62438184229856,
            34.49470889556557,
            58.411511993094,
            84.52925669913778,
            99.25978903250878,
            68.91144159411724,
            59.472408635284026,
            50.59082040673446,
            19.019242233431516,
            59.72652058233801,
            78.91162709152681,
            68.8217902676129,
            50.92365728496354,
            0.0,
            36.12333136047436
        ],
        [
            0.0,
            62.8065164735528,
            39.626285158810326,
            76.10603923934156,
            30.982139639442117,
            39.51519961062235,
            81.1138716216715,
            36.87243226760012,
            11.035151120655476,
            38.283555632768476,
            66.71975972720145,
            72.7606990665214,
            36.39307713761473,
            61.622152375630755,
            34.5163544941905,
            17.461890185714868,
            29.111090698532387,
            89.65891897426795,
            81.69412278034619,
            29.847558634256764,
            36.12333136047436,
            0.0
        ]
    ],
    "scores_ave": [
        0,
        12.04533424765516,
        17.191028798797767,
        13.609156759303993,
        13.964412765843566,
        18.018140787733987,
        13.901869707261657,
        17.746740358175085,
        10.127625760120043,
        16.503600001338125,
        18.39491383481329,
        14.730293960341777,
        16.844764459346464,
        16.89176104517738,
        14.690881554981067,
        15.392635225867718,
        16.063401961301054,
        13.252993135402868,
        17.28774323634437,
        17.962734778862167,
        11.953175779765214,
        0
    ],
    "scores_var": [
        0,
        340.03287679998783,
        19.039843583311633,
        268.62425359220634,
        23.583822877753846,
        317.3929172172657,
        376.92681560924075,
        18.39588007732205,
        289.79039910641677,
        17.473536116483004,
        374.8665321267563,
        340.57600182833363,
        22.705239753530886,
        289.56679377867295,
        392.9159951721786,
        19.163292051641868,
        16.174446830758978,
        342.0975596829039,
        24.060685593032304,
        287.7390320406034,
        314.2586662311701,
        0
    ],
    "vertex_number": 22,
    "minimum_distances": {
        "cost": 383.132811178976,
        "path": [
            0,
            8,
            15,
            20,
            2,
            18,
            17,
            13,
            1,
            10,
            3,
            6,
            11,
            5,
            9,
            14,
            19,
            16,
            12,
            7,
            4,
            21
        ]
    }
}