{
    "vertices": [
        [
            86.01332561773131,
            25.231072924026343
        ],
        [
            1.0564050682848714,
            75.31270200536444
        ],
        [
            37.71418779482201,
            42.621803645539515
        ],
        [
            34.080438502700005,
            20.618417688788917
        ],
        [
            99.4995556657892,
            78.12726465508032
        ],
        [
            14.657799326667842,
            21.212053393260245
        ],
        [
            15.65033098492875,
            18.4371535801754
        ],
        [
            27.313855167078394,
            40.48066062862794
        ],
        [
            44.62486490417293,
            73.79302640309419
        ],
        [
            72.9798075901182,
            98.76474189156582
        ],
        [
            31.883430687928293,
            80.94811653681468
        ],
        [
            42.57800777552514,
            81.9094413730929
        ],
        [
            32.916797371241,
            75.60301040588044
        ],
        [
            66.17459150495705,
            51.75455885335405
        ],
        [
            29.88225110241125,
            41.785201879782754
        ],
        [
            13.515223955742394,
            90.16432807103631
        ],
        [
            72.32679000491041,
            85.29573581004172
        ],
        [
            85.27035852481156,
            84.40305630481292
        ],
        [
            86.01332561773131,
            25.231072924026343
        ]
    ],
    "distances": [
        [
            0.0,
            98.61971365140788,
            51.334629924297396,
            52.137331658052354,
            54.58832751200171,
            71.4686200388907,
            70.69022813477513,
            60.64798229411603,
            63.80648874480491,
            74.67980358841201,
            77.68162249889527,
            71.40773267722213,
            73.18861521784766,
            33.12205725857918,
            58.521250086855,
            97.32575388137907,
            61.60426109200311,
            59.176647567408246,
            0.0
        ],
        [
            98.61971365140788,
            0.0,
            49.11708328065102,
            63.89093457744822,
            98.48337759476009,
            55.78421018552064,
            58.71806095509723,
            43.62023374721089,
            43.59495505683572,
            75.65034041656152,
            31.33789089098742,
            42.04236508170824,
            31.861714904657543,
            69.24856903627547,
            44.21563823189754,
            19.385380183659343,
            71.96616380605617,
            84.7031551836621,
            98.61971365140788
        ],
        [
            51.334629924297396,
            49.11708328065102,
            0.0,
            22.301415369427264,
            71.26057426411022,
            31.463859506732557,
            32.73699858129315,
            10.618446787858272,
            31.928084601347468,
            66.30002605160506,
            38.7673056618527,
            39.58756399446881,
            33.32829059889848,
            29.889827651388888,
            7.876492548615617,
            53.34680383710014,
            54.946307593271015,
            63.30294186116436,
            51.334629924297396
        ],
        [
            52.137331658052354,
            63.89093457744822,
            22.301415369427264,
            0.0,
            87.10297566553233,
            19.4317090321969,
            18.558738540863548,
            20.983215784028364,
            54.20999852476985,
            87.29266235947155,
            60.36968946774241,
            61.87728394020195,
            54.99690443058825,
            44.715701308958714,
            21.57909938890059,
            72.52283571577978,
            75.13946288461455,
            81.78562242379132,
            52.137331658052354
        ],
        [
            54.58832751200171,
            98.48337759476009,
            71.26057426411022,
            87.10297566553233,
            0.0,
            102.16391188518797,
            102.92522450651204,
            81.41278862202228,
            55.045592988067575,
            33.60360850687784,
            67.6749404311551,
            57.047063683855825,
            66.6305902842293,
            42.497915803309155,
            78.53225210977841,
            86.82278615261725,
            28.102422891283723,
            15.551707691043445,
            54.58832751200171
        ],
        [
            71.4686200388907,
            55.78421018552064,
            31.463859506732557,
            19.4317090321969,
            102.16391188518797,
            0.0,
            2.9470643130594296,
            23.0533072296895,
            60.52093639384123,
            97.03543755348966,
            62.17008618045146,
            66.81100917814351,
            57.373924515762596,
            59.8901036576236,
            25.59371740330896,
            68.96174056473431,
            86.2115470104912,
            94.75883265152231,
            71.4686200388907
        ],
        [
            70.69022813477513,
            58.71806095509723,
            32.73699858129315,
            18.558738540863548,
            102.92522450651204,
            2.9470643130594296,
            0.0,
            24.939005580471047,
            62.48036709098779,
            98.68733622785241,
            64.5843171035651,
            68.94803184287255,
            59.71654752316696,
            60.52066089553982,
            27.34371791895171,
            71.75894538291716,
            87.64867953843604,
            95.90854266920324,
            70.69022813477513
        ],
        [
            60.64798229411603,
            43.62023374721089,
            10.618446787858272,
            20.983215784028364,
            81.41278862202228,
            23.0533072296895,
            24.939005580471047,
            0.0,
            37.541773687581845,
            74.04332069382141,
            40.724636378018026,
            44.15131061278819,
            35.56645069751627,
            40.46304004772263,
            2.880709210697759,
            51.56422242053385,
            63.5181491089805,
            72.71955117704103,
            60.64798229411603
        ],
        [
            63.80648874480491,
            43.59495505683572,
            31.928084601347468,
            54.20999852476985,
            55.045592988067575,
            60.52093639384123,
            62.48036709098779,
            37.541773687581845,
            0.0,
            37.78345337790625,
            14.612989451462488,
            8.37053260374246,
            11.847146806131713,
            30.823445110978295,
            35.23982821216628,
            35.1543635732896,
            29.995149240961418,
            42.0074860730887,
            63.80648874480491
        ],
        [
            74.67980358841201,
            75.65034041656152,
            66.30002605160506,
            87.29266235947155,
            33.60360850687784,
            97.03543755348966,
            98.68733622785241,
            74.04332069382141,
            37.78345337790625,
            0.0,
            44.792235192256356,
            34.76162521423048,
            46.27645830455101,
            47.500192370683195,
            71.4427557920709,
            60.08330737146574,
            13.484826909928204,
            18.902794903691827,
            74.67980358841201
        ],
        [
            77.68162249889527,
            31.33789089098742,
            38.7673056618527,
            60.36968946774241,
            67.6749404311551,
            62.17008618045146,
            64.5843171035651,
            40.724636378018026,
            14.612989451462488,
            44.792235192256356,
            0.0,
            10.737696425369677,
            5.444079927143936,
            45.034958869714444,
            39.21401030457681,
            20.55065871449962,
            40.676370366435826,
            53.49860439919042,
            77.68162249889527
        ],
        [
            71.40773267722213,
            42.04236508170824,
            39.58756399446881,
            61.87728394020195,
            57.047063683855825,
            66.81100917814351,
            68.94803184287255,
            44.15131061278819,
            8.37053260374246,
            34.76162521423048,
            10.737696425369677,
            0.0,
            11.537333228266588,
            38.28989035606322,
            42.08487652850398,
            30.21239079833486,
            29.940892340494784,
            42.76511344457996,
            71.40773267722213
        ],
        [
            73.18861521784766,
            31.861714904657543,
            33.32829059889848,
            54.99690443058825,
            66.6305902842293,
            57.373924515762596,
            59.71654752316696,
            35.56645069751627,
            11.847146806131713,
            46.27645830455101,
            5.444079927143936,
            11.537333228266588,
            0.0,
            40.92468096508311,
            33.95368381435914,
            24.258050687195848,
            40.584435996405695,
            53.088004043135484,
            73.18861521784766
        ],
        [
            33.12205725857918,
            69.24856903627547,
            29.889827651388888,
            44.715701308958714,
            42.497915803309155,
            59.8901036576236,
            60.52066089553982,
            40.46304004772263,
            30.823445110978295,
            47.500192370683195,
            45.034958869714444,
            38.28989035606322,
            40.92468096508311,
            0.0,
            37.636711471125544,
            65.17913287271391,
            34.10073456720052,
            37.82291241978174,
            33.12205725857918
        ],
        [
            58.521250086855,
            44.21563823189754,
            7.876492548615617,
            21.57909938890059,
            78.53225210977841,
            25.59371740330896,
            27.34371791895171,
            2.880709210697759,
            35.23982821216628,
            71.4427557920709,
            39.21401030457681,
            42.08487652850398,
            33.95368381435914,
            37.636711471125544,
            0.0,
            51.07268769752607,
            60.78408875307732,
            69.88650770805778,
            58.521250086855
        ],
        [
            97.32575388137907,
            19.385380183659343,
            53.34680383710014,
            72.52283571577978,
            86.82278615261725,
            68.96174056473431,
            71.75894538291716,
            51.56422242053385,
            35.1543635732896,
            60.08330737146574,
            20.55065871449962,
            30.21239079833486,
            24.258050687195848,
            65.17913287271391,
            51.07268769752607,
            0.0,
            59.01274008008329,
            71.98605135294966,
            97.32575388137907
        ],
        [
            61.60426109200311,
            71.96616380605617,
            54.946307593271015,
            75.13946288461455,
            28.102422891283723,
            86.2115470104912,
            87.64867953843604,
            63.5181491089805,
            29.995149240961418,
            13.484826909928204,
            40.676370366435826,
            29.940892340494784,
            40.584435996405695,
            34.10073456720052,
            60.78408875307732,
            59.01274008008329,
            0.0,
            12.974314730591036,
            61.60426109200311
        ],
        [
            59.176647567408246,
            84.7031551836621,
            63.30294186116436,
            81.78562242379132,
            15.551707691043445,
            94.75883265152231,
            95.90854266920324,
            72.71955117704103,
            42.0074860730887,
            18.902794903691827,
            53.49860439919042,
            42.76511344457996,
            53.088004043135484,
            37.82291241978174,
            69.88650770805778,
            71.98605135294966,
            12.974314730591036,
            0.0,
            59.176647567408246
        ],
        [
            0.0,
            98.61971365140788,
            51.334629924297396,
            52.137331658052354,
            54.58832751200171,
            71.4686200388907,
            70.69022813477513,
            60.64798229411603,
            63.80648874480491,
            74.67980358841201,
            77.68162249889527,
            71.40773267722213,
            73.18861521784766,
            33.12205725857918,
            58.521250086855,
            97.32575388137907,
            61.60426109200311,
            59.176647567408246,
            0.0
        ]
    ],
    "scores_ave": [
        0,
        13.407747527466558,
        13.940331727524018,
        15.72496870096812,
        19.730657140136735,
        14.094831760531186,
        16.583970880175656,
        13.686190690282835,
        12.282584970025415,
        14.114927644634035,
        16.233359586685218,
        11.72157361876108,
        10.843729294562346,
        19.101147505634227,
        12.821734915180727,
        19.85129866419887,
        18.863004079984044,
        19.284654223501107,
        0
    ],
    "scores_var": [
        0,
        21.346380493570635,
        342.279026578148,
        338.44632379582026,
        389.4468477406765,
        16.587051096053784,
        272.23488111014154,
        24.652330712124176,
        319.30625792202295,
        236.4395757426103,
        18.796522120219088,
        18.281263144951023,
        19.98743009092419,
        308.75181459475937,
        20.555131037742186,
        395.3237343510371,
        251.29559958409243,
        16.198295916909235,
        0
    ],
    "vertex_number": 19,
    "minimum_distances": {
        "cost": 390.13559247761987,
        "path": [
            0,
            13,
            2,
            3,
            6,
            5,
            7,
            14,
            12,
            1,
            15,
            10,
            11,
            8,
            16,
            9,
            17,
            4,
            18
        ]
    }
}