{
    "vertices": [
        [
            30.218277688953886,
            81.16742257712382
        ],
        [
            82.96915208042725,
            19.78605686211473
        ],
        [
            83.34978199207295,
            82.71721671189766
        ],
        [
            68.07493683924973,
            51.41173060624157
        ],
        [
            96.9950722690477,
            26.79355533248431
        ],
        [
            13.141563567124726,
            24.953251054854963
        ],
        [
            79.14367784141172,
            31.866483016041435
        ],
        [
            88.72579786007876,
            68.24403293873303
        ],
        [
            88.51643802682014,
            12.644690584520468
        ],
        [
            8.077409670728352,
            87.94580018614182
        ],
        [
            93.83789664312918,
            12.369920746739982
        ],
        [
            86.15723168382144,
            82.66250488144583
        ],
        [
            9.484459369558618,
            78.133928424847
        ],
        [
            30.817128732492492,
            78.1324024480052
        ],
        [
            37.76842050194541,
            91.95299552435867
        ],
        [
            75.1587152595255,
            94.78343628585355
        ],
        [
            71.27690316695046,
            36.603166536096644
        ],
        [
            9.86945476974521,
            6.15010384046607
        ],
        [
            47.07673190279375,
            58.80395602009138
        ],
        [
            57.727336601431745,
            48.95233680258043
        ],
        [
            50.42406193579016,
            47.19364790720641
        ],
        [
            67.73070199395247,
            68.76471899517608
        ],
        [
            30.218277688953886,
            81.16742257712382
        ]
    ],
    "distances": [
        [
            0.0,
            80.93408927086715,
            53.154102488637115,
            48.15109393033251,
            86.11421330726843,
            58.750721230753776,
            69.45701851997117,
            59.91780967559019,
            89.96688445483542,
            23.15522488793661,
            93.70460060197753,
            55.95892998562969,
            20.95455341622886,
            3.0935367714805797,
            13.165608238767089,
            46.95784022238203,
            60.59524438957744,
            77.72819761601714,
            28.005929995764173,
            42.36224821360836,
            39.52835795162782,
            39.509606849219686,
            0.0
        ],
        [
            80.93408927086715,
            0.0,
            62.93231093141718,
            34.95741534239164,
            15.679013742891566,
            70.01851193369212,
            12.671659292052002,
            48.798713262487674,
            9.042759185216013,
            101.26462211037943,
            13.157837331834914,
            62.957220134669406,
            93.83215961871436,
            78.25681812156492,
            85.15382064892945,
            75.40298298980977,
            20.482281670786467,
            74.3606412137627,
            53.01567957604454,
            38.57228453489979,
            42.548313003191375,
            51.294441271765116,
            80.93408927086715
        ],
        [
            53.154102488637115,
            62.93231093141718,
            0.0,
            34.83323635199798,
            57.5643105476144,
            90.9168282708611,
            51.02439053563597,
            15.4393845455331,
            70.26274441304828,
            75.45374821723745,
            71.12483812665721,
            2.807982755661094,
            74.00738083225444,
            52.73234472622757,
            46.50763513194781,
            14.583800225728613,
            47.66822869314933,
            106.12201120487164,
            43.44626796047786,
            42.38604514562552,
            48.43580268609509,
            20.94344414185041,
            53.154102488637115
        ],
        [
            48.15109393033251,
            34.95741534239164,
            34.83323635199798,
            0.0,
            37.979320519031,
            60.97316327062063,
            22.461828303483358,
            26.641780396850226,
            43.826229165274626,
            70.2455799777214,
            46.77598758937948,
            36.105128162711075,
            64.39658303344255,
            45.849084708368665,
            50.616984241104745,
            43.94638517860657,
            15.150780778009974,
            73.7325776060201,
            22.261392748940285,
            10.635856738560257,
            18.14788159850837,
            17.35640238226842,
            48.15109393033251
        ],
        [
            86.11421330726843,
            15.679013742891566,
            57.5643105476144,
            37.979320519031,
            0.0,
            83.87370053513635,
            18.558202453191235,
            42.267280407390246,
            16.494775302187282,
            107.91639251100938,
            14.765127584818693,
            56.910441153229385,
            101.45906208568667,
            83.75677545057664,
            88.05423854454737,
            71.4104362085867,
            27.5254917109596,
            89.53784291649019,
            59.30013876124012,
            45.08843156177905,
            50.84311930357551,
            51.16621880497264,
            86.11421330726843
        ],
        [
            58.750721230753776,
            70.01851193369212,
            90.9168282708611,
            60.97316327062063,
            83.87370053513635,
            0.0,
            66.3631815453811,
            87.10377873416098,
            76.373243748493,
            63.19578230185916,
            81.67152731250087,
            93.06796316536371,
            53.30627408329192,
            56.03969795431409,
            71.38240568562338,
            93.39369289964831,
            59.2911312179751,
            19.08572872980933,
            47.93188788910442,
            50.63444750161118,
            43.41220953556297,
            69.99584814308022,
            58.750721230753776
        ],
        [
            69.45701851997117,
            12.671659292052002,
            51.02439053563597,
            22.461828303483358,
            18.558202453191235,
            66.3631815453811,
            0.0,
            37.61838862086013,
            21.385180330632103,
            90.52791992513801,
            24.413848662459923,
            51.2779267799608,
            83.62465678713524,
            66.90284485477238,
            72.95410136050765,
            63.04302447959453,
            9.182718254847394,
            73.89350539854622,
            41.879785979326186,
            27.39682594247472,
            32.55362224649342,
            38.62299620778526,
            69.45701851997117
        ],
        [
            59.91780967559019,
            48.798713262487674,
            15.4393845455331,
            26.641780396850226,
            42.267280407390246,
            87.10377873416098,
            37.61838862086013,
            0.0,
            55.59973652600088,
            83.02001054090046,
            56.10748583933424,
            14.645472521042445,
            79.85611910489669,
            58.74686214326827,
            56.20292887479974,
            29.806134608690662,
            36.13320291257564,
            100.36921279177695,
            42.70550020013988,
            36.511287846548015,
            43.70516771263394,
            21.001551475955473,
            59.91780967559019
        ],
        [
            89.96688445483542,
            9.042759185216013,
            70.26274441304828,
            43.826229165274626,
            16.494775302187282,
            76.373243748493,
            21.385180330632103,
            55.59973652600088,
            0.0,
            110.18481923617033,
            5.328547669754272,
            70.0575490114204,
            102.63963134865935,
            87.28029959937857,
            94.15502384437782,
            83.2178003970074,
            29.516268939466517,
            78.91468578417248,
            62.03166150601773,
            47.60476804353381,
            51.42625368763748,
            59.84567161659101,
            89.96688445483542
        ],
        [
            23.15522488793661,
            101.26462211037943,
            75.45374821723745,
            70.2455799777214,
            107.91639251100938,
            63.19578230185916,
            90.52791992513801,
            83.02001054090046,
            110.18481923617033,
            0.0,
            114.30911896599648,
            78.25836578202306,
            9.912245775558288,
            24.766864924225363,
            29.960202580391133,
            67.42888718442317,
            81.4262980142274,
            81.8153247644407,
            48.6846404521882,
            63.13165157723445,
            58.77054426686556,
            62.66122533636291,
            23.15522488793661
        ],
        [
            93.70460060197753,
            13.157837331834914,
            71.12483812665721,
            46.77598758937948,
            14.765127584818693,
            81.67152731250087,
            24.413848662459923,
            56.10748583933424,
            5.328547669754272,
            114.30911896599648,
            0.0,
            70.71096095056153,
            106.9598386580324,
            91.08414344744962,
            97.35117845104304,
            84.50384228351561,
            33.1096455450606,
            84.19848783078847,
            65.89936387886935,
            51.40277921482115,
            55.65476634882912,
            62.14466092860925,
            93.70460060197753
        ],
        [
            55.95892998562969,
            62.957220134669406,
            2.807982755661094,
            36.105128162711075,
            56.910441153229385,
            93.06796316536371,
            51.2779267799608,
            14.645472521042445,
            70.0575490114204,
            78.25836578202306,
            70.71096095056153,
            0.0,
            76.80639308728179,
            55.52520889398932,
            49.27261170245902,
            16.3671726833276,
            48.40337617957406,
            108.04615874499002,
            45.787725614017376,
            44.09800864326008,
            50.34778282407945,
            23.0799793967027,
            55.95892998562969
        ],
        [
            20.95455341622886,
            93.83215961871436,
            74.00738083225444,
            64.39658303344255,
            101.45906208568667,
            53.30627408329192,
            83.62465678713524,
            79.85611910489669,
            102.63963134865935,
            9.912245775558288,
            106.9598386580324,
            76.80639308728179,
            0.0,
            21.33266941751226,
            31.479343589712485,
            67.75185605365041,
            74.45206708691107,
            71.98485412399673,
            42.27087398412338,
            56.38209372857947,
            51.31619643729728,
            58.994973219731094,
            20.95455341622886
        ],
        [
            3.0935367714805797,
            78.25681812156492,
            52.73234472622757,
            45.849084708368665,
            83.75677545057664,
            56.03969795431409,
            66.90284485477238,
            58.74686214326827,
            87.28029959937857,
            24.766864924225363,
            91.08414344744962,
            55.52520889398932,
            21.33266941751226,
            0.0,
            15.470269882785287,
            47.36489442196114,
            57.97991706370555,
            74.96836904504785,
            25.257940069855366,
            39.69427564046003,
            36.628381921323985,
            38.08366295672701,
            3.0935367714805797
        ],
        [
            13.165608238767089,
            85.15382064892945,
            46.50763513194781,
            50.616984241104745,
            88.05423854454737,
            71.38240568562338,
            72.95410136050765,
            56.20292887479974,
            94.15502384437782,
            29.960202580391133,
            97.35117845104304,
            49.27261170245902,
            31.479343589712485,
            15.470269882785287,
            0.0,
            37.49727372707318,
            64.7025654788185,
            90.22465577792073,
            34.431141154348005,
            47.406908593296585,
            46.5141318226528,
            37.88712816511841,
            13.165608238767089
        ],
        [
            46.95784022238203,
            75.40298298980977,
            14.583800225728613,
            43.94638517860657,
            71.4104362085867,
            93.39369289964831,
            63.04302447959453,
            29.806134608690662,
            83.2178003970074,
            67.42888718442317,
            84.50384228351561,
            16.3671726833276,
            67.75185605365041,
            47.36489442196114,
            37.49727372707318,
            0.0,
            58.309624019337846,
            110.08430930735297,
            45.6412180977034,
            49.03409672633446,
            53.633860880695416,
            27.058252540135104,
            46.95784022238203
        ],
        [
            60.59524438957744,
            20.482281670786467,
            47.66822869314933,
            15.150780778009974,
            27.5254917109596,
            59.2911312179751,
            9.182718254847394,
            36.13320291257564,
            29.516268939466517,
            81.4262980142274,
            33.1096455450606,
            48.40337617957406,
            74.45206708691107,
            57.97991706370555,
            64.7025654788185,
            58.309624019337846,
            0.0,
            68.54388190202997,
            32.84087914363998,
            18.33283285212708,
            23.388015800486414,
            32.356467658529894,
            60.59524438957744
        ],
        [
            77.72819761601714,
            74.3606412137627,
            106.12201120487164,
            73.7325776060201,
            89.53784291649019,
            19.08572872980933,
            73.89350539854622,
            100.36921279177695,
            78.91468578417248,
            81.8153247644407,
            84.19848783078847,
            108.04615874499002,
            71.98485412399673,
            74.96836904504785,
            90.22465577792073,
            110.08430930735297,
            68.54388190202997,
            0.0,
            64.47332487943606,
            64.20598102948651,
            57.699641870211636,
            85.25558023562606,
            77.72819761601714
        ],
        [
            28.005929995764173,
            53.01567957604454,
            43.44626796047786,
            22.261392748940285,
            59.30013876124012,
            47.93188788910442,
            41.879785979326186,
            42.70550020013988,
            62.03166150601773,
            48.6846404521882,
            65.89936387886935,
            45.787725614017376,
            42.27087398412338,
            25.257940069855366,
            34.431141154348005,
            45.6412180977034,
            32.84087914363998,
            64.47332487943606,
            0.0,
            14.508265976796835,
            12.083206231208758,
            22.93040077216918,
            28.005929995764173
        ],
        [
            42.36224821360836,
            38.57228453489979,
            42.38604514562552,
            10.635856738560257,
            45.08843156177905,
            50.63444750161118,
            27.39682594247472,
            36.511287846548015,
            47.60476804353381,
            63.13165157723445,
            51.40277921482115,
            44.09800864326008,
            56.38209372857947,
            39.69427564046003,
            47.406908593296585,
            49.03409672633446,
            18.33283285212708,
            64.20598102948651,
            14.508265976796835,
            0.0,
            7.51204416071379,
            22.19454453963321,
            42.36224821360836
        ],
        [
            39.52835795162782,
            42.548313003191375,
            48.43580268609509,
            18.14788159850837,
            50.84311930357551,
            43.41220953556297,
            32.55362224649342,
            43.70516771263394,
            51.42625368763748,
            58.77054426686556,
            55.65476634882912,
            50.34778282407945,
            51.31619643729728,
            36.628381921323985,
            46.5141318226528,
            53.633860880695416,
            23.388015800486414,
            57.699641870211636,
            12.083206231208758,
            7.51204416071379,
            0.0,
            27.655576254799488,
            39.52835795162782
        ],
        [
            39.509606849219686,
            51.294441271765116,
            20.94344414185041,
            17.35640238226842,
            51.16621880497264,
            69.99584814308022,
            38.62299620778526,
            21.001551475955473,
            59.84567161659101,
            62.66122533636291,
            62.14466092860925,
            23.0799793967027,
            58.994973219731094,
            38.08366295672701,
            37.88712816511841,
            27.058252540135104,
            32.356467658529894,
            85.25558023562606,
            22.93040077216918,
            22.19454453963321,
            27.655576254799488,
            0.0,
            39.509606849219686
        ],
        [
            0.0,
            80.93408927086715,
            53.154102488637115,
            48.15109393033251,
            86.11421330726843,
            58.750721230753776,
            69.45701851997117,
            59.91780967559019,
            89.96688445483542,
            23.15522488793661,
            93.70460060197753,
            55.95892998562969,
            20.95455341622886,
            3.0935367714805797,
            13.165608238767089,
            46.95784022238203,
            60.59524438957744,
            77.72819761601714,
            28.005929995764173,
            42.36224821360836,
            39.52835795162782,
            39.509606849219686,
            0.0
        ]
    ],
    "scores_ave": [
        0,
        11.245736580191437,
        11.713004489500928,
        18.53677861671302,
        11.631174118413279,
        18.835979733742022,
        11.242618831659083,
        11.474970077395444,
        12.803684392714548,
        18.527172853891155,
        12.743458536262775,
        16.07566730649764,
        13.64475955233338,
        13.30370787303099,
        15.547450705134043,
        18.353833324212744,
        10.667672966246485,
        11.686070970180003,
        18.841920422754427,
        10.02480895832814,
        17.144661801090045,
        13.950351188303028,
        0
    ],
    "scores_var": [
        0,
        17.051417060646887,
        260.10225926852394,
        20.612868158375075,
        385.8327800616984,
        18.134729175702205,
        21.913514228335927,
        17.28960145796299,
        17.394033388948014,
        278.77367491315096,
        388.6319180364841,
        347.5277283033568,
        20.29182843633096,
        18.914165666077817,
        380.0445163838257,
        225.35362391342733,
        17.07223055604148,
        263.10182606456095,
        359.2411862337351,
        21.487852736333345,
        325.8897028476435,
        257.2251778756595,
        0
    ],
    "vertex_number": 23,
    "minimum_distances": {
        "cost": 445.7431640625483,
        "path": [
            0,
            12,
            9,
            14,
            15,
            2,
            11,
            7,
            4,
            10,
            8,
            1,
            6,
            16,
            3,
            19,
            20,
            17,
            5,
            18,
            21,
            13,
            22
        ]
    }
}