{
    "vertices": [
        [
            40.68225853629001,
            64.89043799990013
        ],
        [
            13.056118433047681,
            34.22297433722101
        ],
        [
            81.90054654830496,
            28.30451214606563
        ],
        [
            58.097187437349206,
            74.26926439828985
        ],
        [
            59.927948469110994,
            50.42030969839436
        ],
        [
            11.717784432643574,
            94.09108479054188
        ],
        [
            0.5498912021878355,
            70.05320544508736
        ],
        [
            91.18027997492479,
            15.688789568453288
        ],
        [
            37.19187657202535,
            25.921734958438847
        ],
        [
            31.963336931119677,
            78.94729950516678
        ],
        [
            13.05283913874139,
            93.39107073090183
        ],
        [
            45.90952125491322,
            43.76202912321813
        ],
        [
            81.80469359811092,
            30.60703267976377
        ],
        [
            68.40826908058801,
            90.00509763816181
        ],
        [
            21.018180362604465,
            21.919365670117376
        ],
        [
            53.5460052428133,
            26.768072835441505
        ],
        [
            71.15486467349697,
            70.507195052418
        ],
        [
            27.713607458787216,
            7.478782000264783
        ],
        [
            28.13225120586923,
            92.96549463690963
        ],
        [
            67.94693865549776,
            76.4007757349761
        ],
        [
            6.916263834186475,
            49.20615648427751
        ],
        [
            40.68225853629001,
            64.89043799990013
        ]
    ],
    "distances": [
        [
            0.0,
            41.27586394620612,
            55.1133127041343,
            19.77984158784086,
            24.078646017837574,
            41.12929045209292,
            40.463082872321976,
            70.50427205204315,
            39.12470553231114,
            16.541310387492082,
            39.69472108874278,
            21.765429864575683,
            53.538832129197885,
            37.40959488484545,
            47.25662945653485,
            40.234198203293644,
            30.985927202205083,
            58.85816982705527,
            30.75242249262497,
            29.594774146430584,
            37.23088885433418,
            0.0
        ],
        [
            41.27586394620612,
            0.0,
            69.09836088667343,
            60.26942213681422,
            49.59155294737123,
            59.883067616377716,
            37.95011437127712,
            80.2925938157694,
            25.523428378003427,
            48.556649112783546,
            59.16809648455556,
            34.21022717238249,
            68.8436026170659,
            78.58438687976997,
            14.655143001804015,
            41.17045652247332,
            68.49824076296596,
            30.497439372770025,
            60.64629807781406,
            69.22404983415666,
            16.1923920946545,
            41.27586394620612
        ],
        [
            55.1133127041343,
            69.09836088667343,
            0.0,
            51.76251881983209,
            31.17536796455477,
            96.19507907627327,
            91.43786150943447,
            15.661095383925199,
            44.77212076922156,
            71.12254787231569,
            94.7431629405003,
            39.16999786531168,
            2.3045148288007318,
            63.1585607921312,
            61.216277311586346,
            28.39613808953717,
            43.5492379204126,
            58.051144725981274,
            84.09561368295394,
            50.07947428278541,
            77.84292768255798,
            55.1133127041343
        ],
        [
            19.77984158784086,
            60.26942213681422,
            51.76251881983209,
            0.0,
            23.91912051545969,
            50.43762074816373,
            57.70152907050468,
            67.27676451152287,
            52.67367108255401,
            26.549240191446657,
            48.935026219143,
            32.8516454854711,
            49.68336066536582,
            18.81315636480481,
            64.15110803796676,
            47.71872231376565,
            13.588822633567643,
            73.3766343686774,
            35.319207642473266,
            10.077744769433334,
            56.988124369751006,
            19.77984158784086
        ],
        [
            24.078646017837574,
            49.59155294737123,
            31.17536796455477,
            23.91912051545969,
            0.0,
            65.04887788095986,
            62.53962168253436,
            46.72244337666625,
            33.423182517507726,
            39.94757371739183,
            63.590582466643326,
            15.51931060896488,
            29.515384524959472,
            40.48297511188871,
            48.23146135672328,
            24.498112334727203,
            23.01144521072055,
            53.681827165053335,
            53.113643500593945,
            27.18986611014008,
            53.02558699213091,
            24.078646017837574
        ],
        [
            41.12929045209292,
            59.883067616377716,
            96.19507907627327,
            50.43762074816373,
            65.04887788095986,
            0.0,
            26.505499101761668,
            111.6297813932223,
            72.77355032467057,
            25.28273380665341,
            1.5074451074475899,
            60.8447919816308,
            94.56426232341931,
            56.83754340775329,
            72.76849871511355,
            79.25899314810215,
            63.94502609849832,
            88.07699670696287,
            16.453014089925375,
            58.94628757690304,
            45.14101670449948,
            41.12929045209292
        ],
        [
            40.463082872321976,
            37.95011437127712,
            91.43786150943447,
            57.70152907050468,
            62.53962168253436,
            26.505499101761668,
            0.0,
            105.68517910617868,
            57.360454837434084,
            32.64826919936318,
            26.476020531850953,
            52.42825565387166,
            90.32354874689248,
            70.73073907695165,
            52.30504175160279,
            68.42653585007506,
            70.60643303161427,
            68.21602414624442,
            35.857489864495236,
            67.69530008803261,
            21.797480378792965,
            40.463082872321976
        ],
        [
            70.50427205204315,
            80.2925938157694,
            15.661095383925199,
            67.27676451152287,
            46.72244337666625,
            111.6297813932223,
            105.68517910617868,
            0.0,
            54.94962123025627,
            86.65036308560131,
            110.1886632528934,
            53.268643442317135,
            17.6197502092754,
            77.72694594079725,
            70.43820199698304,
            39.231226750156694,
            58.361587005487024,
            63.99549003281688,
            99.73335990480238,
            65.00564139479782,
            90.6853808567654,
            70.50427205204315
        ],
        [
            39.12470553231114,
            25.523428378003427,
            44.77212076922156,
            52.67367108255401,
            33.423182517507726,
            72.77355032467057,
            57.360454837434084,
            54.94962123025627,
            0.0,
            53.282718795832224,
            71.65754948212253,
            19.856319515533105,
            44.85817046804788,
            71.28211931185518,
            16.661554819245843,
            16.37601332384466,
            56.04772798760455,
            20.73596149688713,
            67.65310431605961,
            59.11012943208255,
            38.19393947270339,
            39.12470553231114
        ],
        [
            16.541310387492082,
            48.556649112783546,
            71.12254787231569,
            26.549240191446657,
            39.94757371739183,
            25.28273380665341,
            32.64826919936318,
            86.65036308560131,
            53.282718795832224,
            0.0,
            23.79557635311479,
            37.84837260760438,
            69.43300534441377,
            38.085535035357175,
            58.06876690445635,
            56.466656243336686,
            40.09003878714561,
            71.59475675590004,
            14.53227485928602,
            36.07359666530095,
            38.88304847760919,
            16.541310387492082
        ],
        [
            39.69472108874278,
            59.16809648455556,
            94.7431629405003,
            48.935026219143,
            63.590582466643326,
            1.5074451074475899,
            26.476020531850953,
            110.1886632528934,
            71.65754948212253,
            23.79557635311479,
            0.0,
            59.51977260188724,
            93.10560093576048,
            55.45888961953213,
            71.91419390571193,
            77.9635834842811,
            62.44611386875643,
            87.15422813994972,
            15.085416245567053,
            57.463312520286635,
            44.60901482267926,
            39.69472108874278
        ],
        [
            21.765429864575683,
            34.21022717238249,
            39.16999786531168,
            32.8516454854711,
            15.51931060896488,
            60.8447919816308,
            52.42825565387166,
            53.268643442317135,
            19.856319515533105,
            37.84837260760438,
            59.51977260188724,
            0.0,
            38.22979635016595,
            51.4258207460132,
            33.116171248236796,
            18.630900085833666,
            36.77813569095997,
            40.59021188243972,
            52.316463459924975,
            39.38191902477745,
            39.371469962429614,
            21.765429864575683
        ],
        [
            53.538832129197885,
            68.8436026170659,
            2.3045148288007318,
            49.68336066536582,
            29.515384524959472,
            94.56426232341931,
            90.32354874689248,
            17.6197502092754,
            44.85817046804788,
            69.43300534441377,
            93.10560093576048,
            38.22979635016595,
            0.0,
            60.89001815286117,
            61.40419977005562,
            28.518258716972042,
            41.29699521136757,
            58.82823794085186,
            82.2758096284036,
            47.84458459487684,
            77.16349084121242,
            53.538832129197885
        ],
        [
            37.40959488484545,
            78.58438687976997,
            63.1585607921312,
            18.81315636480481,
            40.48297511188871,
            56.83754340775329,
            70.73073907695165,
            77.72694594079725,
            71.28211931185518,
            38.085535035357175,
            55.45888961953213,
            51.4258207460132,
            60.89001815286117,
            0.0,
            82.9547310665446,
            64.96005074107848,
            19.690403566055785,
            92.01439157696296,
            40.38466994089294,
            13.612141646582021,
            73.79580142868285,
            37.40959488484545
        ],
        [
            47.25662945653485,
            14.655143001804015,
            61.216277311586346,
            64.15110803796676,
            48.23146135672328,
            72.76849871511355,
            52.30504175160279,
            70.43820199698304,
            16.661554819245843,
            58.06876690445635,
            71.91419390571193,
            33.116171248236796,
            61.40419977005562,
            82.9547310665446,
            0.0,
            32.88722172231335,
            69.81736372689569,
            15.917261093740708,
            71.40141766890254,
            71.90641416152032,
            30.715354510573405,
            47.25662945653485
        ],
        [
            40.234198203293644,
            41.17045652247332,
            28.39613808953717,
            47.71872231376565,
            24.498112334727203,
            79.25899314810215,
            68.42653585007506,
            39.231226750156694,
            16.37601332384466,
            56.466656243336686,
            77.9635834842811,
            18.630900085833666,
            28.518258716972042,
            64.96005074107848,
            32.88722172231335,
            0.0,
            47.1506388372542,
            32.23956445419492,
            70.90809225618595,
            51.679706658126854,
            51.74746739375338,
            40.234198203293644
        ],
        [
            30.985927202205083,
            68.49824076296596,
            43.5492379204126,
            13.588822633567643,
            23.01144521072055,
            63.94502609849832,
            70.60643303161427,
            58.361587005487024,
            56.04772798760455,
            40.09003878714561,
            62.44611386875643,
            36.77813569095997,
            41.29699521136757,
            19.690403566055785,
            69.81736372689569,
            47.1506388372542,
            0.0,
            76.54883199806127,
            48.53164421088246,
            6.71007321858549,
            67.67815069779664,
            30.985927202205083
        ],
        [
            58.85816982705527,
            30.497439372770025,
            58.051144725981274,
            73.3766343686774,
            53.681827165053335,
            88.07699670696287,
            68.21602414624442,
            63.99549003281688,
            20.73596149688713,
            71.59475675590004,
            87.15422813994972,
            40.59021188243972,
            58.82823794085186,
            92.01439157696296,
            15.917261093740708,
            32.23956445419492,
            76.54883199806127,
            0.0,
            85.48773771721453,
            79.80577773289217,
            46.62299092903369,
            58.85816982705527
        ],
        [
            30.75242249262497,
            60.64629807781406,
            84.09561368295394,
            35.319207642473266,
            53.113643500593945,
            16.453014089925375,
            35.857489864495236,
            99.73335990480238,
            67.65310431605961,
            14.53227485928602,
            15.085416245567053,
            52.316463459924975,
            82.2758096284036,
            40.38466994089294,
            71.40141766890254,
            70.90809225618595,
            48.53164421088246,
            85.48773771721453,
            0.0,
            43.12307095988969,
            48.63124299986386,
            30.75242249262497
        ],
        [
            29.594774146430584,
            69.22404983415666,
            50.07947428278541,
            10.077744769433334,
            27.18986611014008,
            58.94628757690304,
            67.69530008803261,
            65.00564139479782,
            59.11012943208255,
            36.07359666530095,
            57.463312520286635,
            39.38191902477745,
            47.84458459487684,
            13.612141646582021,
            71.90641416152032,
            51.679706658126854,
            6.71007321858549,
            79.80577773289217,
            43.12307095988969,
            0.0,
            66.81534692969203,
            29.594774146430584
        ],
        [
            37.23088885433418,
            16.1923920946545,
            77.84292768255798,
            56.988124369751006,
            53.02558699213091,
            45.14101670449948,
            21.797480378792965,
            90.6853808567654,
            38.19393947270339,
            38.88304847760919,
            44.60901482267926,
            39.371469962429614,
            77.16349084121242,
            73.79580142868285,
            30.715354510573405,
            51.74746739375338,
            67.67815069779664,
            46.62299092903369,
            48.63124299986386,
            66.81534692969203,
            0.0,
            37.23088885433418
        ],
        [
            0.0,
            41.27586394620612,
            55.1133127041343,
            19.77984158784086,
            24.078646017837574,
            41.12929045209292,
            40.463082872321976,
            70.50427205204315,
            39.12470553231114,
            16.541310387492082,
            39.69472108874278,
            21.765429864575683,
            53.538832129197885,
            37.40959488484545,
            47.25662945653485,
            40.234198203293644,
            30.985927202205083,
            58.85816982705527,
            30.75242249262497,
            29.594774146430584,
            37.23088885433418,
            0.0
        ]
    ],
    "scores_ave": [
        0,
        13.286886327323604,
        18.922195486171173,
        12.48982088260683,
        16.622328507790254,
        11.417837522652055,
        13.00273396817457,
        14.068129769321644,
        19.760997166051496,
        18.13348825953502,
        10.126875277819996,
        11.134622958571654,
        17.266485047630606,
        18.31625893277993,
        10.976310296369366,
        19.35519076209064,
        15.949387597591304,
        14.691778625001962,
        14.827842397046684,
        19.892088655949287,
        13.540738736311024,
        0
    ],
    "scores_var": [
        0,
        21.95074884833508,
        18.869498810363034,
        306.82341247819045,
        317.0928753303093,
        23.670727574099434,
        20.815140816611404,
        254.64627958762588,
        263.23445299147886,
        23.66226409665935,
        20.64614432389682,
        384.6605351843143,
        253.97865224045916,
        369.3796190334052,
        22.824835491507486,
        258.7026066317158,
        330.56969385037337,
        262.7715846890979,
        21.071183468784064,
        299.24185029558873,
        335.02633955997624,
        0
    ],
    "vertex_number": 22,
    "minimum_distances": {
        "cost": 372.71879904182555,
        "path": [
            0,
            9,
            18,
            10,
            5,
            6,
            20,
            1,
            14,
            17,
            8,
            15,
            7,
            2,
            12,
            11,
            4,
            16,
            19,
            13,
            3,
            21
        ]
    }
}