{
    "vertices": [
        [
            81.4679618393716,
            64.66246641410517
        ],
        [
            85.70470528995732,
            41.636239007281326
        ],
        [
            69.08025043662728,
            5.924124988068613
        ],
        [
            8.294579546945569,
            32.45126474076182
        ],
        [
            36.32492392502522,
            45.65784386428488
        ],
        [
            5.560531010721082,
            18.54254616136297
        ],
        [
            18.241800610713387,
            5.780270387932484
        ],
        [
            23.616576203968776,
            51.2949685317565
        ],
        [
            16.146003334462822,
            18.913439726260826
        ],
        [
            63.019153136060304,
            76.71539368931987
        ],
        [
            55.21700152350182,
            11.259075187800915
        ],
        [
            32.03305718917287,
            20.129413480001013
        ],
        [
            32.18253515555417,
            21.402004556178678
        ],
        [
            72.54818375919557,
            90.66134413959468
        ],
        [
            54.71433747197288,
            85.20040634526778
        ],
        [
            96.43972433435485,
            86.15866573120407
        ],
        [
            28.890375728470552,
            62.70112173817125
        ],
        [
            99.64817353469084,
            16.670057907169678
        ],
        [
            15.802998103945054,
            8.99185293336393
        ],
        [
            76.95080403757333,
            77.23098737652153
        ],
        [
            1.0291752117379316,
            86.50809018094435
        ],
        [
            81.4679618393716,
            64.66246641410517
        ]
    ],
    "distances": [
        [
            0.0,
            23.412756003017808,
            60.030393529272516,
            79.94939267658214,
            48.980297573588224,
            88.81995890072041,
            86.39826660632093,
            59.37569216077138,
            79.749179969465,
            22.037050584708222,
            59.50659721388108,
            66.53572424950346,
            65.57835651773422,
            27.486434544781236,
            33.72778370139245,
            26.19618783881789,
            52.61415621472066,
            51.32047711764961,
            86.08777304412614,
            13.355614317171874,
            83.35244250703315,
            0.0
        ],
        [
            23.412756003017808,
            0.0,
            39.39197363539504,
            77.95313540727862,
            49.54327515692084,
            83.4050797023911,
            76.39956801836306,
            62.834917278734,
            73.17607959503475,
            41.77536797843399,
            43.03803158447996,
            57.82031956081975,
            57.21928817905886,
            50.75977730471021,
            53.46250623891524,
            45.798330922323444,
            60.59370699988055,
            28.595987575453034,
            77.14858786563738,
            36.65538021363328,
            95.83020620753562,
            23.412756003017808
        ],
        [
            60.030393529272516,
            39.39197363539504,
            0.0,
            66.32184352811383,
            51.49446407737288,
            64.76093968475512,
            50.838653353997735,
            64.22973702732327,
            54.5046494681034,
            71.05026829519855,
            14.854338223593066,
            39.677257322719,
            40.01257488450418,
            84.80815332893138,
            80.56741426367009,
            84.77099940558858,
            69.56186734855888,
            32.401743731332544,
            53.365499818390525,
            71.73990686968533,
            105.47380852832687,
            60.030393529272516
        ],
        [
            79.94939267658214,
            77.95313540727862,
            66.32184352811383,
            0.0,
            30.98570538328305,
            14.174888850334808,
            28.46557827728291,
            24.28680205627282,
            15.649842223308218,
            70.38531143701083,
            51.48613970958237,
            26.745903223911473,
            26.319585364998996,
            86.70028257095184,
            70.26568056903994,
            103.21846477613151,
            36.595637290729606,
            92.70666439691607,
            24.631694046008565,
            81.9689009359223,
            54.54288658316884,
            79.94939267658214
        ],
        [
            48.980297573588224,
            49.54327515692084,
            51.49446407737288,
            30.98570538328305,
            0.0,
            41.00838013020959,
            43.786073301479,
            13.902491730473983,
            33.50301462403318,
            40.95306184286847,
            39.24520203088673,
            25.886693067356894,
            24.607013741169606,
            57.77057720019446,
            43.60945743944883,
            72.48521090642875,
            18.594241785386117,
            69.64284367990399,
            42.018380863049615,
            51.45216736118532,
            53.98641033967041,
            48.980297573588224
        ],
        [
            88.81995890072041,
            83.4050797023911,
            64.76093968475512,
            14.174888850334808,
            41.00838013020959,
            0.0,
            17.991394653688737,
            37.39975854399675,
            10.59196801133694,
            81.76535602596886,
            50.187787490677294,
            26.52004506323051,
            26.775130382487255,
            98.43000885184964,
            82.82129565472398,
            113.27386020100775,
            49.94258154648187,
            94.10627337207873,
            14.004423347325753,
            92.41701258487872,
            68.11643237321398,
            88.81995890072041
        ],
        [
            86.39826660632093,
            76.39956801836306,
            50.838653353997735,
            28.46557827728291,
            43.786073301479,
            17.991394653688737,
            0.0,
            45.830949802521786,
            13.299342205250113,
            83.88565441696346,
            37.378908284969114,
            19.902177405740307,
            20.937589595583056,
            100.76695853257091,
            87.39453038135484,
            112.14099033202672,
            57.90833679596139,
            82.13151054772963,
            4.032619510087634,
            92.47676487398604,
            82.54244581824828,
            86.39826660632093
        ],
        [
            59.37569216077138,
            62.834917278734,
            64.22973702732327,
            24.28680205627282,
            13.902491730473983,
            37.39975854399675,
            45.830949802521786,
            0.0,
            33.23210596365727,
            46.89094885029169,
            51.00450603842735,
            32.28202245613345,
            31.096060007747596,
            62.801383316262424,
            46.007058906298894,
            80.73839412593566,
            12.566355573229679,
            83.54452841701656,
            43.01866562384444,
            59.30612895917964,
            41.834849346738814,
            59.37569216077138
        ],
        [
            79.749179969465,
            73.17607959503475,
            54.5046494681034,
            15.649842223308218,
            33.50301462403318,
            10.59196801133694,
            13.299342205250113,
            33.23210596365727,
            0.0,
            74.41880175245093,
            39.8137186906162,
            15.933520400471531,
            16.228472132692573,
            91.26317846957227,
            76.69079698172374,
            104.73300364481292,
            45.604606386782145,
            83.53230028039499,
            9.927514143890637,
            84.25057953797953,
            69.26438668307728,
            79.749179969465
        ],
        [
            22.037050584708222,
            41.77536797843399,
            71.05026829519855,
            70.38531143701083,
            40.95306184286847,
            81.76535602596886,
            83.88565441696346,
            46.89094885029169,
            74.41880175245093,
            0.0,
            65.9196723410974,
            64.51442705534274,
            63.328256141077944,
            16.890587869525728,
            11.872885200576482,
            34.72909394264853,
            36.89408171587361,
            70.33581935653027,
            82.55812054874049,
            13.941188388796382,
            62.75869874077258,
            22.037050584708222
        ],
        [
            59.50659721388108,
            43.03803158447996,
            14.854338223593066,
            51.48613970958237,
            39.24520203088673,
            50.187787490677294,
            37.378908284969114,
            51.00450603842735,
            39.8137186906162,
            65.9196723410974,
            0.0,
            24.822936496622123,
            25.168743652157364,
            81.2717059768024,
            73.94303972982772,
            85.49421933388169,
            57.787328879626145,
            44.75944347595459,
            39.47915858155853,
            69.45971040507528,
            92.7293630832878,
            59.50659721388108
        ],
        [
            66.53572424950346,
            57.82031956081975,
            39.677257322719,
            26.745903223911473,
            25.886693067356894,
            26.52004506323051,
            19.902177405740307,
            32.28202245613345,
            15.933520400471531,
            64.51442705534274,
            24.822936496622123,
            0.0,
            1.2813398103549725,
            81.34020361146563,
            68.91062753841769,
            92.23925913407624,
            42.687548427875335,
            67.70355307808602,
            19.684005508025873,
            72.6511784033596,
            73.26233287467083,
            66.53572424950346
        ],
        [
            65.57835651773422,
            57.21928817905886,
            40.01257488450418,
            26.319585364998996,
            24.607013741169606,
            26.775130382487255,
            20.937589595583056,
            31.096060007747596,
            16.228472132692573,
            63.328256141077944,
            25.168743652157364,
            1.2813398103549725,
            0.0,
            80.16384288894584,
            67.66031470861053,
            91.22725211085347,
            41.4301266436067,
            67.63138088929949,
            20.549965871657484,
            71.56167424988674,
            72.17571766992201,
            65.57835651773422
        ],
        [
            27.486434544781236,
            50.75977730471021,
            84.80815332893138,
            86.70028257095184,
            57.77057720019446,
            98.43000885184964,
            100.76695853257091,
            62.801383316262424,
            91.26317846957227,
            16.890587869525728,
            81.2717059768024,
            81.34020361146563,
            80.16384288894584,
            0.0,
            18.651217520306663,
            24.312133265179945,
            51.843786887000235,
            78.79796878194637,
            99.44808640156656,
            14.133561055127183,
            71.63950098972188,
            27.486434544781236
        ],
        [
            33.72778370139245,
            53.46250623891524,
            80.56741426367009,
            70.26568056903994,
            43.60945743944883,
            82.82129565472398,
            87.39453038135484,
            46.007058906298894,
            76.69079698172374,
            11.872885200576482,
            73.94303972982772,
            68.91062753841769,
            67.66031470861053,
            18.651217520306663,
            0.0,
            41.73638903721994,
            34.25047164581829,
            81.94789979223596,
            85.56772723725244,
            23.621432725863166,
            53.70108643148521,
            33.72778370139245
        ],
        [
            26.19618783881789,
            45.798330922323444,
            84.77099940558858,
            103.21846477613151,
            72.48521090642875,
            113.27386020100775,
            112.14099033202672,
            80.73839412593566,
            104.73300364481292,
            34.72909394264853,
            85.49421933388169,
            92.23925913407624,
            91.22725211085347,
            24.312133265179945,
            41.73638903721994,
            0.0,
            71.5064393412534,
            69.56263913620292,
            111.61092515759809,
            21.43645155194697,
            95.41118897343944,
            26.19618783881789
        ],
        [
            52.61415621472066,
            60.59370699988055,
            69.56186734855888,
            36.595637290729606,
            18.594241785386117,
            49.94258154648187,
            57.90833679596139,
            12.566355573229679,
            45.604606386782145,
            36.89408171587361,
            57.787328879626145,
            42.687548427875335,
            41.4301266436067,
            51.843786887000235,
            34.25047164581829,
            71.5064393412534,
            0.0,
            84.4128235980748,
            55.28078335763685,
            50.208781749041876,
            36.64721327289124,
            52.61415621472066
        ],
        [
            51.32047711764961,
            28.595987575453034,
            32.401743731332544,
            92.70666439691607,
            69.64284367990399,
            94.10627337207873,
            82.13151054772963,
            83.54452841701656,
            83.53230028039499,
            70.33581935653027,
            44.75944347595459,
            67.70355307808602,
            67.63138088929949,
            78.79796878194637,
            81.94789979223596,
            69.56263913620292,
            84.4128235980748,
            0.0,
            84.1960110375326,
            64.67454491745953,
            120.84311143832477,
            51.32047711764961
        ],
        [
            86.08777304412614,
            77.14858786563738,
            53.365499818390525,
            24.631694046008565,
            42.018380863049615,
            14.004423347325753,
            4.032619510087634,
            43.01866562384444,
            9.927514143890637,
            82.55812054874049,
            39.47915858155853,
            19.684005508025873,
            20.549965871657484,
            99.44808640156656,
            85.56772723725244,
            111.61092515759809,
            55.28078335763685,
            84.1960110375326,
            0.0,
            91.62769035639829,
            78.91155099143266,
            86.08777304412614
        ],
        [
            13.355614317171874,
            36.65538021363328,
            71.73990686968533,
            81.9689009359223,
            51.45216736118532,
            92.41701258487872,
            92.47676487398604,
            59.30612895917964,
            84.25057953797953,
            13.941188388796382,
            69.45971040507528,
            72.6511784033596,
            71.56167424988674,
            14.133561055127183,
            23.621432725863166,
            21.43645155194697,
            50.208781749041876,
            64.67454491745953,
            91.62769035639829,
            0.0,
            76.48632792866808,
            13.355614317171874
        ],
        [
            83.35244250703315,
            95.83020620753562,
            105.47380852832687,
            54.54288658316884,
            53.98641033967041,
            68.11643237321398,
            82.54244581824828,
            41.834849346738814,
            69.26438668307728,
            62.75869874077258,
            92.7293630832878,
            73.26233287467083,
            72.17571766992201,
            71.63950098972188,
            53.70108643148521,
            95.41118897343944,
            36.64721327289124,
            120.84311143832477,
            78.91155099143266,
            76.48632792866808,
            0.0,
            83.35244250703315
        ],
        [
            0.0,
            23.412756003017808,
            60.030393529272516,
            79.94939267658214,
            48.980297573588224,
            88.81995890072041,
            86.39826660632093,
            59.37569216077138,
            79.749179969465,
            22.037050584708222,
            59.50659721388108,
            66.53572424950346,
            65.57835651773422,
            27.486434544781236,
            33.72778370139245,
            26.19618783881789,
            52.61415621472066,
            51.32047711764961,
            86.08777304412614,
            13.355614317171874,
            83.35244250703315,
            0.0
        ]
    ],
    "scores_ave": [
        0,
        12.979988675979284,
        12.982797902821588,
        12.218005994219068,
        13.32760078203556,
        15.68070845500984,
        12.833025846918108,
        17.306208298315973,
        12.631440132557632,
        19.345298906366867,
        12.750135607223358,
        18.466410317517585,
        16.888311861353245,
        18.181967082204416,
        14.549259254360553,
        11.054125513552002,
        10.889108289224087,
        11.84793588661255,
        14.741884627033057,
        17.078793111904073,
        19.74609890201213,
        0
    ],
    "scores_var": [
        0,
        16.776437835568917,
        386.32561290817205,
        16.594077732902278,
        17.324569783723646,
        240.97032362026007,
        18.30911213176491,
        22.48469521129395,
        24.64099438775583,
        20.182665731815028,
        21.429328280635954,
        348.8318198444821,
        17.546898235964598,
        18.13683301308383,
        387.1594280116758,
        23.004864343311375,
        24.655734739101277,
        22.919258333103265,
        237.86203593293362,
        232.6472808251269,
        20.74851016894542,
        0
    ],
    "vertex_number": 22,
    "minimum_distances": {
        "cost": 419.34358439820943,
        "path": [
            0,
            19,
            15,
            13,
            9,
            14,
            20,
            16,
            4,
            7,
            3,
            5,
            8,
            18,
            6,
            11,
            12,
            10,
            2,
            17,
            1,
            21
        ]
    }
}