{
    "vertices": [
        [
            27.495136246585172,
            29.908372475718924
        ],
        [
            0.9497102880331898,
            90.59382841156544
        ],
        [
            83.67658809285481,
            86.18593965324031
        ],
        [
            54.339275987098446,
            63.58196797079722
        ],
        [
            54.28930298786582,
            93.23659660246155
        ],
        [
            42.35541100001061,
            58.57571242957208
        ],
        [
            52.21968827622554,
            18.172739833481945
        ],
        [
            3.622810304519164,
            27.972540079081565
        ],
        [
            64.63144528906483,
            0.5959940988354395
        ],
        [
            26.414750995160407,
            2.4325796633559382
        ],
        [
            50.97447251585169,
            49.248392824419795
        ],
        [
            99.38754169790087,
            3.4866858666662948
        ],
        [
            63.0369085543854,
            82.07806676251141
        ],
        [
            66.35315466780516,
            53.97796388966941
        ],
        [
            11.26785039652608,
            48.66298081111526
        ],
        [
            27.495136246585172,
            29.908372475718924
        ]
    ],
    "distances": [
        [
            0.0,
            66.23733238486085,
            79.52056400061022,
            43.06412511562684,
            68.76329938569336,
            32.29000070884296,
            27.3683858965035,
            23.950686690617214,
            47.310897004898806,
            27.497025711145444,
            30.41900094897033,
            76.59388673284153,
            63.12602142347405,
            45.708760937684474,
            24.80040604251563,
            0.0
        ],
        [
            66.23733238486085,
            0.0,
            82.84422607906757,
            59.83382262572186,
            53.4050219838439,
            52.34111006165447,
            88.73232057004,
            62.67831535801053,
            110.24959661478685,
            91.76532067758123,
            64.89932110462009,
            131.44451656503176,
            62.668479996157785,
            74.95553396130116,
            43.181709042031535,
            66.23733238486085
        ],
        [
            79.52056400061022,
            82.84422607906757,
            0.0,
            37.0353536153126,
            30.221255587045185,
            49.69672347027299,
            74.93551825266728,
            98.9818530245059,
            87.68327231817221,
            101.45710077366718,
            49.33366729671512,
            84.17838582460516,
            21.0445002586685,
            36.571232525290945,
            81.55364942811295,
            79.52056400061022
        ],
        [
            43.06412511562684,
            59.83382262572186,
            37.0353536153126,
            0.0,
            29.65467073805706,
            12.987517644754027,
            45.45866971316725,
            61.96927663050085,
            63.82132600894306,
            67.22370702661085,
            14.723222435219911,
            75.10518740224364,
            20.439043098647787,
            15.380837927273626,
            45.58205656039411,
            43.06412511562684
        ],
        [
            68.76329938569336,
            53.4050219838439,
            30.221255587045185,
            29.65467073805706,
            0.0,
            36.65780503009222,
            75.09238242384193,
            82.62257896433975,
            93.21609914394136,
            94.9861049894742,
            44.11292523373076,
            100.44350457760083,
            14.178624451492533,
            41.070387870502124,
            61.94879020435708,
            68.76329938569336
        ],
        [
            32.29000070884296,
            52.34111006165447,
            49.69672347027299,
            12.987517644754027,
            36.65780503009222,
            0.0,
            41.58971219884145,
            49.36363554834887,
            62.11174962403391,
            58.36228232510448,
            12.699886315653018,
            79.29353554729273,
            31.306309272775074,
            24.43421766255982,
            32.6297206916467,
            32.29000070884296
        ],
        [
            27.3683858965035,
            88.73232057004,
            74.93551825266728,
            45.45866971316725,
            75.09238242384193,
            41.58971219884145,
            0.0,
            49.57512111382659,
            21.5172884622152,
            30.226601368015665,
            31.10059116967181,
            49.401281132424806,
            64.81437390311174,
            38.49375198594827,
            51.05592835899997,
            27.3683858965035
        ],
        [
            23.950686690617214,
            62.67831535801053,
            98.9818530245059,
            61.96927663050085,
            82.62257896433975,
            49.36363554834887,
            49.57512111382659,
            0.0,
            66.86949089447339,
            34.231011356408096,
            51.91186592887461,
            98.8455402906889,
            80.35821730561285,
            67.90712901827565,
            22.057673850480974,
            23.950686690617214
        ],
        [
            47.310897004898806,
            110.24959661478685,
            87.68327231817221,
            63.82132600894306,
            93.21609914394136,
            62.11174962403391,
            21.5172884622152,
            66.86949089447339,
            0.0,
            38.26079938121461,
            50.53284879245902,
            34.87609978877958,
            81.49767305246705,
            53.40972740928709,
            71.81997265004682,
            47.310897004898806
        ],
        [
            27.497025711145444,
            91.76532067758123,
            101.45710077366718,
            67.22370702661085,
            94.9861049894742,
            58.36228232510448,
            30.226601368015665,
            34.231011356408096,
            38.26079938121461,
            0.0,
            52.866816464636365,
            72.98040369053753,
            87.66177068457174,
            65.2073824268189,
            48.648520923329784,
            27.497025711145444
        ],
        [
            30.41900094897033,
            64.89932110462009,
            49.33366729671512,
            14.723222435219911,
            44.11292523373076,
            12.699886315653018,
            31.10059116967181,
            51.91186592887461,
            50.53284879245902,
            52.866816464636365,
            0.0,
            66.61800876124403,
            34.975560811302635,
            16.089521658273704,
            39.71093737690208,
            30.41900094897033
        ],
        [
            76.59388673284153,
            131.44451656503176,
            84.17838582460516,
            75.10518740224364,
            100.44350457760083,
            79.29353554729273,
            49.401281132424806,
            98.8455402906889,
            34.87609978877958,
            72.98040369053753,
            66.61800876124403,
            0.0,
            86.59084063023211,
            60.33771526044348,
            99.0251363036549,
            76.59388673284153
        ],
        [
            63.12602142347405,
            62.668479996157785,
            21.0445002586685,
            20.439043098647787,
            14.178624451492533,
            31.306309272775074,
            64.81437390311174,
            80.35821730561285,
            81.49767305246705,
            87.66177068457174,
            34.975560811302635,
            86.59084063023211,
            0.0,
            28.295110350537158,
            61.61658341462153,
            63.12602142347405
        ],
        [
            45.708760937684474,
            74.95553396130116,
            36.571232525290945,
            15.380837927273626,
            41.070387870502124,
            24.43421766255982,
            38.49375198594827,
            67.90712901827565,
            53.40972740928709,
            65.2073824268189,
            16.089521658273704,
            60.33771526044348,
            28.295110350537158,
            0.0,
            55.34112206835631,
            45.708760937684474
        ],
        [
            24.80040604251563,
            43.181709042031535,
            81.55364942811295,
            45.58205656039411,
            61.94879020435708,
            32.6297206916467,
            51.05592835899997,
            22.057673850480974,
            71.81997265004682,
            48.648520923329784,
            39.71093737690208,
            99.0251363036549,
            61.61658341462153,
            55.34112206835631,
            0.0,
            24.80040604251563
        ],
        [
            0.0,
            66.23733238486085,
            79.52056400061022,
            43.06412511562684,
            68.76329938569336,
            32.29000070884296,
            27.3683858965035,
            23.950686690617214,
            47.310897004898806,
            27.497025711145444,
            30.41900094897033,
            76.59388673284153,
            63.12602142347405,
            45.708760937684474,
            24.80040604251563,
            0.0
        ]
    ],
    "scores_ave": [
        0,
        14.400212044535893,
        13.179800489295369,
        14.327625385754894,
        15.245584255516306,
        17.66892621701348,
        19.254745461362397,
        19.66551545449378,
        13.18811540024575,
        19.868040983765102,
        14.671573852570935,
        16.28838683167065,
        17.14967489793601,
        12.474561819530862,
        18.738107443425704,
        0
    ],
    "scores_var": [
        0,
        19.54377114283441,
        18.837781606818087,
        275.6399641361295,
        18.43776488730793,
        20.939123703941135,
        253.89248060221786,
        356.2858785173647,
        16.005134851916548,
        24.530969495244772,
        343.33300401029373,
        275.81403938324434,
        21.310217333482615,
        256.1360694523972,
        278.7357387563548,
        0
    ],
    "vertex_number": 16,
    "minimum_distances": {
        "cost": 430.5315467206151,
        "path": [
            0,
            9,
            6,
            8,
            11,
            13,
            10,
            5,
            3,
            12,
            2,
            4,
            1,
            14,
            7,
            15
        ]
    }
}