{
    "vertices": [
        [
            55.2581910357705,
            78.54952748834359
        ],
        [
            17.43374753446628,
            34.972761645318684
        ],
        [
            50.64893982123778,
            39.65300344782208
        ],
        [
            15.789959777681094,
            52.082249933085144
        ],
        [
            81.3521787547251,
            91.2568297124829
        ],
        [
            47.40552917720894,
            70.91809944635719
        ],
        [
            56.50142509780656,
            88.47717525446825
        ],
        [
            42.98294149151508,
            8.560533756711664
        ],
        [
            57.75623489664612,
            24.44106206062141
        ],
        [
            81.88857571143393,
            93.64833205092053
        ],
        [
            75.60422646562708,
            73.02689004950169
        ],
        [
            38.395972020590776,
            28.834721143149157
        ],
        [
            97.17154141873038,
            48.83316690495217
        ],
        [
            38.64464184799105,
            6.889417923647523
        ],
        [
            99.39439301595357,
            21.170758863251915
        ],
        [
            23.75268415480608,
            94.5346427713508
        ],
        [
            44.08200346891902,
            37.11157631183517
        ],
        [
            17.39886154302249,
            30.755578383857152
        ],
        [
            81.32353423160257,
            40.276447908326595
        ],
        [
            50.034790994849864,
            64.3453881065749
        ],
        [
            85.59024114950445,
            39.07637611021861
        ],
        [
            60.43698977629981,
            45.474726595820016
        ],
        [
            3.9853057683588378,
            15.07381951088812
        ],
        [
            57.36971231669712,
            26.596384576066644
        ],
        [
            55.2581910357705,
            78.54952748834359
        ]
    ],
    "distances": [
        [
            0.0,
            57.702885954873835,
            39.16867088877971,
            47.52113277089586,
            29.023640793197696,
            10.950022476000852,
            10.005189708408668,
            71.05730782220894,
            54.16609875257645,
            30.612926798865605,
            21.082236171570543,
            52.49663227347134,
            51.37889670523203,
            73.5607321839513,
            72.39010577535662,
            35.32875421575926,
            42.918655223994854,
            60.97204605917943,
            46.30583911835334,
            15.13411654389518,
            49.78115048713155,
            33.47778980869236,
            81.59702363986301,
            51.996034277464645,
            0.0
        ],
        [
            57.702885954873835,
            0.0,
            33.54331024179196,
            17.188270060089657,
            85.16725995268447,
            46.801442333233844,
            66.24957136353466,
            36.747341317360764,
            41.67516866451132,
            87.1621904138782,
            69.5120227563741,
            21.842399058092287,
            80.93347025483747,
            35.19341177222016,
            83.1146358262985,
            59.896132122896326,
            26.733949811537418,
            4.217327553457324,
            64.10954634203858,
            43.88142226430575,
            68.27991852348153,
            44.26703187623239,
            24.017253881445296,
            40.804962638064914,
            57.702885954873835
        ],
        [
            39.16867088877971,
            33.54331024179196,
            0.0,
            37.00857546391792,
            60.047012966176005,
            31.432879925380934,
            49.17368540710933,
            32.023572597134304,
            16.79037831785074,
            62.38116992737963,
            41.6723246100503,
            16.345349551089193,
            47.419699076424436,
            34.8934908862727,
            52.13168491466682,
            61.117942567726814,
            7.041555576925902,
            34.419934315398045,
            30.68092934113496,
            24.7000210306948,
            34.94605897092262,
            11.388519760474791,
            52.74117012379073,
            14.684824796299168,
            39.16867088877971
        ],
        [
            47.52113277089586,
            17.188270060089657,
            37.00857546391792,
            0.0,
            76.37442149100882,
            36.801269751776125,
            54.60781993140572,
            51.31859344746033,
            50.25140310838593,
            78.08179180183046,
            63.37526685563486,
            32.426522853452624,
            81.44641410720594,
            50.64314916716966,
            89.13597218437201,
            43.192715094104585,
            32.008761377174615,
            21.387273885635107,
            66.58848505676836,
            36.37434567046503,
            71.00163401980292,
            45.133320865520886,
            38.8455116917567,
            48.76889535556332,
            47.52113277089586
        ],
        [
            29.023640793197696,
            85.16725995268447,
            60.047012966176005,
            76.37442149100882,
            0.0,
            39.573210210657614,
            25.005728068240902,
            91.16400459043587,
            70.8598290532877,
            2.450919241819109,
            19.114645056439908,
            75.77437122950857,
            45.27713993951462,
            94.56105900732588,
            72.37111870443555,
            57.69268442892033,
            65.73259793781975,
            88.03651625723383,
            50.98038985145421,
            41.291699715688374,
            52.35227703739446,
            50.333349737405676,
            108.57939067366709,
            68.96471461327623,
            29.023640793197696
        ],
        [
            10.950022476000852,
            46.801442333233844,
            31.432879925380934,
            36.801269751776125,
            39.573210210657614,
            0.0,
            19.77514768170735,
            62.51420063134542,
            47.615670876776186,
            41.30065341540107,
            28.27743847260128,
            43.036993965300255,
            54.446305841458816,
            64.62526753779694,
            71.95581879413923,
            33.42451489962283,
            33.969498518209484,
            50.134102172117245,
            45.70931935445948,
            7.07909260158441,
            49.71888548049282,
            28.5864336243105,
            70.73824568354439,
            45.42795785285307,
            10.950022476000852
        ],
        [
            10.005189708408668,
            66.24957136353466,
            49.17368540710933,
            54.60781993140572,
            25.005728068240902,
            19.77514768170735,
            0.0,
            81.05195239656182,
            64.04840623002598,
            25.908459600919834,
            24.56884883370025,
            62.330006927258296,
            56.79529698464456,
            83.5190209132254,
            79.81203157579053,
            33.304248168512125,
            52.845688455459715,
            69.71938913852637,
            54.216669194512185,
            24.983204509685162,
            57.32885988208742,
            43.182163678749134,
            90.25516840515768,
            61.8868821130831,
            10.005189708408668
        ],
        [
            71.05730782220894,
            36.747341317360764,
            32.023572597134304,
            51.31859344746033,
            91.16400459043587,
            62.51420063134542,
            81.05195239656182,
            0.0,
            21.689660606965866,
            93.560578197284,
            72.24997804173488,
            20.786605377203195,
            67.51510455271887,
            4.649029137843549,
            57.803716492382144,
            88.09852562953085,
            28.5721887193587,
            33.869826583728475,
            49.75841900757959,
            56.22880539592797,
            52.408001475822275,
            40.83260259266454,
            39.537810805753395,
            23.071001052280693,
            71.05730782220894
        ],
        [
            54.16609875257645,
            41.67516866451132,
            16.79037831785074,
            50.25140310838593,
            70.8598290532877,
            47.615670876776186,
            64.04840623002598,
            21.689660606965866,
            0.0,
            73.29403858917334,
            51.76034664114488,
            19.852556983004614,
            46.35235880693325,
            25.948279341188893,
            41.766387138118304,
            77.90604289722606,
            18.642063633869792,
            40.848386753948816,
            28.39325699684945,
            40.64450680116994,
            31.447167144505944,
            21.203808396230585,
            54.58074800059842,
            2.1897065671901355,
            54.16609875257645
        ],
        [
            30.612926798865605,
            87.1621904138782,
            62.38116992737963,
            78.08179180183046,
            2.450919241819109,
            41.30065341540107,
            25.908459600919834,
            93.560578197284,
            73.29403858917334,
            0.0,
            21.557757667743513,
            78.05389634549145,
            47.34942521162022,
            96.93888278977302,
            74.56173452028246,
            58.142647289035125,
            68.01280507543783,
            90.08008490975861,
            53.37487507062101,
            43.281937625017974,
            54.69735553213992,
            52.73392458063532,
            110.6475191259494,
            71.39424572288954,
            30.612926798865605
        ],
        [
            21.082236171570543,
            69.5120227563741,
            41.6723246100503,
            63.37526685563486,
            19.114645056439908,
            28.27743847260128,
            24.56884883370025,
            72.24997804173488,
            51.76034664114488,
            21.557757667743513,
            0.0,
            57.770251786660545,
            32.411191182698985,
            75.76394996504824,
            57.052873425427215,
            56.13524621087066,
            47.786612178822715,
            71.93558434952499,
            33.24608160015861,
            27.003046240735166,
            35.388668892854234,
            31.451021919302832,
            92.12940999862703,
            49.88275598607407,
            21.082236171570543
        ],
        [
            52.49663227347134,
            21.842399058092287,
            16.345349551089193,
            32.426522853452624,
            75.77437122950857,
            43.036993965300255,
            62.330006927258296,
            20.786605377203195,
            19.852556983004614,
            78.05389634549145,
            57.770251786660545,
            0.0,
            62.08466308971405,
            21.946712056226737,
            61.47799347535022,
            67.31200176396537,
            10.041776989894876,
            21.084789326582996,
            44.42621645773208,
            37.36936680361216,
            48.292758619453835,
            27.616955754977717,
            37.06017222916346,
            19.10531264888456,
            52.49663227347134
        ],
        [
            51.37889670523203,
            80.93347025483747,
            47.419699076424436,
            81.44641410720594,
            45.27713993951462,
            54.446305841458816,
            56.79529698464456,
            67.51510455271887,
            46.35235880693325,
            47.34942521162022,
            32.411191182698985,
            62.08466308971405,
            0.0,
            72.00469465229405,
            27.75157451188672,
            86.48094297767288,
            54.36814072374656,
            81.7953523208391,
            18.010462842205584,
            49.62360574496047,
            15.143364307120471,
            36.887754142538995,
            99.11290557318797,
            45.59232488270036,
            51.37889670523203
        ],
        [
            73.5607321839513,
            35.19341177222016,
            34.8934908862727,
            50.64314916716966,
            94.56105900732588,
            64.62526753779694,
            83.5190209132254,
            4.649029137843549,
            25.948279341188893,
            96.93888278977302,
            75.76394996504824,
            21.946712056226737,
            72.00469465229405,
            0.0,
            62.40584080038168,
            88.90138268069893,
            30.707389323051245,
            31.9527275186245,
            54.186544697828374,
            58.574089896891515,
            56.920027855600445,
            44.314021184669,
            35.61255406204562,
            27.184421985717613,
            73.5607321839513
        ],
        [
            72.39010577535662,
            83.1146358262985,
            52.13168491466682,
            89.13597218437201,
            72.37111870443555,
            71.95581879413923,
            79.81203157579053,
            57.803716492382144,
            41.766387138118304,
            74.56173452028246,
            57.052873425427215,
            61.47799347535022,
            27.75157451188672,
            62.40584080038168,
            0.0,
            105.37517535698629,
            57.56361783567771,
            82.5538366568811,
            26.297971235269127,
            65.57757941537751,
            22.60897471684335,
            45.91690445492484,
            95.60369552943833,
            42.37347286038771,
            72.39010577535662
        ],
        [
            35.32875421575926,
            59.896132122896326,
            61.117942567726814,
            43.192715094104585,
            57.69268442892033,
            33.42451489962283,
            33.304248168512125,
            88.09852562953085,
            77.90604289722606,
            58.142647289035125,
            56.13524621087066,
            67.31200176396537,
            86.48094297767288,
            88.90138268069893,
            105.37517535698629,
            0.0,
            60.91543142249847,
            64.09477448221558,
            79.10976228228022,
            40.02674402404185,
            83.06324575966086,
            61.258580248657935,
            81.88267021478642,
            75.80047169408955,
            35.32875421575926
        ],
        [
            42.918655223994854,
            26.733949811537418,
            7.041555576925902,
            32.008761377174615,
            65.73259793781975,
            33.969498518209484,
            52.845688455459715,
            28.5721887193587,
            18.642063633869792,
            68.01280507543783,
            47.786612178822715,
            10.041776989894876,
            54.36814072374656,
            30.707389323051245,
            57.56361783567771,
            60.91543142249847,
            0.0,
            27.42970602645967,
            37.37576789539157,
            27.876803694114265,
            41.554713734974754,
            18.369209558038392,
            45.75377461267864,
            16.944983436501055,
            42.918655223994854
        ],
        [
            60.97204605917943,
            4.217327553457324,
            34.419934315398045,
            21.387273885635107,
            88.03651625723383,
            50.134102172117245,
            69.71938913852637,
            33.869826583728475,
            40.848386753948816,
            90.08008490975861,
            71.93558434952499,
            21.084789326582996,
            81.7953523208391,
            31.9527275186245,
            82.5538366568811,
            64.09477448221558,
            27.42970602645967,
            0.0,
            64.62979757700055,
            46.83352654235037,
            68.69716098528633,
            45.48553402907074,
            20.635916259520815,
            40.18666202488244,
            60.97204605917943
        ],
        [
            46.30583911835334,
            64.10954634203858,
            30.68092934113496,
            66.58848505676836,
            50.98038985145421,
            45.70931935445948,
            54.216669194512185,
            49.75841900757959,
            28.39325699684945,
            53.37487507062101,
            33.24608160015861,
            44.42621645773208,
            18.010462842205584,
            54.186544697828374,
            26.297971235269127,
            79.10976228228022,
            37.37576789539157,
            64.62979757700055,
            0.0,
            39.47530032314246,
            4.43226355758386,
            21.523704156027293,
            81.34109699267803,
            27.58495454238864,
            46.30583911835334
        ],
        [
            15.13411654389518,
            43.88142226430575,
            24.7000210306948,
            36.37434567046503,
            41.291699715688374,
            7.07909260158441,
            24.983204509685162,
            56.22880539592797,
            40.64450680116994,
            43.281937625017974,
            27.003046240735166,
            37.36936680361216,
            49.62360574496047,
            58.574089896891515,
            65.57757941537751,
            40.02674402404185,
            27.876803694114265,
            46.83352654235037,
            39.47530032314246,
            0.0,
            43.62009861259056,
            21.547798155317047,
            67.4406595571565,
            38.455017076371384,
            15.13411654389518
        ],
        [
            49.78115048713155,
            68.27991852348153,
            34.94605897092262,
            71.00163401980292,
            52.35227703739446,
            49.71888548049282,
            57.32885988208742,
            52.408001475822275,
            31.447167144505944,
            54.69735553213992,
            35.388668892854234,
            48.292758619453835,
            15.143364307120471,
            56.920027855600445,
            22.60897471684335,
            83.06324575966086,
            41.554713734974754,
            68.69716098528633,
            4.43226355758386,
            43.62009861259056,
            0.0,
            25.954285649584286,
            85.06167293126214,
            30.856902571318052,
            49.78115048713155
        ],
        [
            33.47778980869236,
            44.26703187623239,
            11.388519760474791,
            45.133320865520886,
            50.333349737405676,
            28.5864336243105,
            43.182163678749134,
            40.83260259266454,
            21.203808396230585,
            52.73392458063532,
            31.451021919302832,
            27.616955754977717,
            36.887754142538995,
            44.314021184669,
            45.91690445492484,
            61.258580248657935,
            18.369209558038392,
            45.48553402907074,
            21.523704156027293,
            21.547798155317047,
            25.954285649584286,
            0.0,
            64.11714106944477,
            19.12589836920014,
            33.47778980869236
        ],
        [
            81.59702363986301,
            24.017253881445296,
            52.74117012379073,
            38.8455116917567,
            108.57939067366709,
            70.73824568354439,
            90.25516840515768,
            39.537810805753395,
            54.58074800059842,
            110.6475191259494,
            92.12940999862703,
            37.06017222916346,
            99.11290557318797,
            35.61255406204562,
            95.60369552943833,
            81.88267021478642,
            45.75377461267864,
            20.635916259520815,
            81.34109699267803,
            67.4406595571565,
            85.06167293126214,
            64.11714106944477,
            0.0,
            54.6137745280395,
            81.59702363986301
        ],
        [
            51.996034277464645,
            40.804962638064914,
            14.684824796299168,
            48.76889535556332,
            68.96471461327623,
            45.42795785285307,
            61.8868821130831,
            23.071001052280693,
            2.1897065671901355,
            71.39424572288954,
            49.88275598607407,
            19.10531264888456,
            45.59232488270036,
            27.184421985717613,
            42.37347286038771,
            75.80047169408955,
            16.944983436501055,
            40.18666202488244,
            27.58495454238864,
            38.455017076371384,
            30.856902571318052,
            19.12589836920014,
            54.6137745280395,
            0.0,
            51.996034277464645
        ],
        [
            0.0,
            57.702885954873835,
            39.16867088877971,
            47.52113277089586,
            29.023640793197696,
            10.950022476000852,
            10.005189708408668,
            71.05730782220894,
            54.16609875257645,
            30.612926798865605,
            21.082236171570543,
            52.49663227347134,
            51.37889670523203,
            73.5607321839513,
            72.39010577535662,
            35.32875421575926,
            42.918655223994854,
            60.97204605917943,
            46.30583911835334,
            15.13411654389518,
            49.78115048713155,
            33.47778980869236,
            81.59702363986301,
            51.996034277464645,
            0.0
        ]
    ],
    "scores_ave": [
        0,
        19.351951325547255,
        15.566583986124668,
        13.41527606140393,
        12.404631895680529,
        16.824685477075214,
        18.46652824451178,
        10.799983333592868,
        14.263619752969598,
        14.202521467719663,
        19.556271013809443,
        14.034406298428477,
        10.048248585925702,
        13.74282410935868,
        10.709291895054832,
        10.648541412559522,
        14.217274929380444,
        16.335339279154205,
        17.291787885334834,
        10.558134347525,
        14.851850966229598,
        18.05075654433753,
        10.330121513476202,
        16.3437374317984,
        0
    ],
    "scores_var": [
        0,
        308.49120790557765,
        19.83810571236673,
        16.514251024123137,
        232.73442825329178,
        23.68710372544431,
        276.70181250508284,
        21.743827143399304,
        369.64427539964254,
        326.57185104665945,
        394.9395126249012,
        255.15601454778346,
        234.93652921624272,
        21.791790290446198,
        19.158472821378723,
        270.54698380950043,
        352.34118555051725,
        244.95548020710353,
        225.22058779831548,
        24.646383685198852,
        16.760231663911007,
        16.749155334138173,
        249.35214396192097,
        234.04357386220525,
        0
    ],
    "vertex_number": 25,
    "minimum_distances": {
        "cost": 456.0091413792983,
        "path": [
            0,
            6,
            9,
            4,
            10,
            21,
            2,
            16,
            11,
            23,
            18,
            20,
            12,
            14,
            8,
            7,
            13,
            22,
            17,
            1,
            3,
            15,
            5,
            19,
            24
        ]
    }
}