{
    "vertices": [
        [
            25.584879049112164,
            46.86202582794755
        ],
        [
            35.1286150143451,
            76.67239347908362
        ],
        [
            10.960750985291046,
            55.34792332139461
        ],
        [
            1.7916440167233483,
            43.9479537238186
        ],
        [
            64.81255779112742,
            66.0213081272815
        ],
        [
            44.73502282453487,
            43.068876841383265
        ],
        [
            33.087881447863744,
            23.80571661154074
        ],
        [
            72.51622941091026,
            44.90098383917513
        ],
        [
            49.404132763838234,
            29.98905171306282
        ],
        [
            39.180751106773414,
            4.968139650373371
        ],
        [
            83.89294951028921,
            68.80754784398935
        ],
        [
            75.23621559823472,
            48.04794814196227
        ],
        [
            36.864426550201955,
            60.55151080099321
        ],
        [
            72.91342577853479,
            62.92343469732832
        ],
        [
            93.88139205831439,
            48.36000143649907
        ],
        [
            27.02201898252027,
            44.91601395376485
        ],
        [
            34.97059244438382,
            59.404670534805916
        ],
        [
            14.140612029281241,
            27.939493581003383
        ],
        [
            32.46053741430481,
            48.46132868534552
        ],
        [
            69.57652859514116,
            85.36853602623606
        ],
        [
            64.33408275134262,
            91.96075249668058
        ],
        [
            44.0174052447407,
            9.335472198833717
        ],
        [
            83.05203272209802,
            75.71969184851622
        ],
        [
            12.191262190912566,
            19.593532695530335
        ],
        [
            25.584879049112164,
            46.86202582794755
        ]
    ],
    "distances": [
        [
            0.0,
            31.300813338793304,
            16.907855508500525,
            23.971021036546542,
            43.65648723514441,
            19.5221921375043,
            24.246410861779886,
            46.97230388711602,
            29.189965793197867,
            44.044811681602575,
            62.30117990425353,
            49.66549740865495,
            17.73781809176608,
            49.979597741364074,
            68.31293889256958,
            2.41915964802993,
            15.665553044200642,
            22.114101253675937,
            7.059210124689938,
            58.463805533265884,
            59.459195543650296,
            41.80909290132099,
            64.30582119395767,
            30.38025164900602,
            0.0
        ],
        [
            31.300813338793304,
            0.0,
            32.23071018815772,
            46.714479474700816,
            31.536995385525568,
            34.94966954687669,
            52.906049904586126,
            49.06379704805893,
            48.817259298932335,
            71.81865930274436,
            49.39449479138527,
            49.274521767894115,
            16.21406488234117,
            40.208528847348184,
            65.2187116827017,
            32.77475461051209,
            17.268445987203133,
            53.06026575298468,
            28.33695140406473,
            35.528603198977414,
            32.96503097507632,
            67.92106859629455,
            47.93288646835961,
            61.51518920473939,
            31.300813338793304
        ],
        [
            16.907855508500525,
            32.23071018815772,
            0.0,
            14.629826705285817,
            54.899346439349,
            35.937117590722515,
            38.52947841114467,
            62.435690664491155,
            46.05394632188419,
            57.74505181914172,
            74.16378546149717,
            64.68867743917868,
            26.42116065637537,
            62.414119289182636,
            83.21456464003504,
            19.151737851517836,
            24.350147532290038,
            27.592273141099643,
            22.575783534009723,
            65.8562568931874,
            64.7241207281156,
            56.655873915551304,
            74.91436347842983,
            35.775558791639455,
            16.907855508500525
        ],
        [
            23.971021036546542,
            46.714479474700816,
            14.629826705285817,
            0.0,
            66.77475980924041,
            42.95237548257871,
            37.217794040398694,
            70.73100625313069,
            49.61652980650726,
            54.012695120606516,
            85.7824211803762,
            73.55892229376771,
            38.80435777403973,
            73.6096238215545,
            92.19537873116357,
            25.248939809891336,
            36.60263260122708,
            20.218007001662688,
            30.999218954282604,
            79.43837369672646,
            78.84659465618628,
            54.59888999423847,
            87.25075424323246,
            26.48187836600826,
            23.971021036546542
        ],
        [
            43.65648723514441,
            31.536995385525568,
            54.899346439349,
            66.77475980924041,
            0.0,
            30.494614479750787,
            52.80730305657275,
            22.481429101821426,
            39.1885578214049,
            66.21539771815785,
            19.282750838913472,
            20.77725466084351,
            28.478355336126143,
            8.672997286832933,
            34.01351025223742,
            43.284619272849326,
            30.566694109543594,
            63.3866759376811,
            36.81040750200356,
            19.925125976906166,
            25.943856932939767,
            60.37981752485176,
            20.65761584892641,
            70.17506025780318,
            43.65648723514441
        ],
        [
            19.5221921375043,
            34.94966954687669,
            35.937117590722515,
            42.95237548257871,
            30.494614479750787,
            0.0,
            22.51055850681523,
            27.841552676641886,
            13.888211296374502,
            38.50345580351365,
            46.85960314927248,
            30.904917272735894,
            19.172604827702735,
            34.47065216518336,
            49.43037131505315,
            17.809054456067045,
            19.031612024284335,
            34.130868868931465,
            13.406771758160225,
            49.05467945166665,
            52.67388969031674,
            33.74103679155122,
            50.3415232995583,
            40.12714964889403,
            19.5221921375043
        ],
        [
            24.246410861779886,
            52.906049904586126,
            38.52947841114467,
            37.217794040398694,
            52.80730305657275,
            22.51055850681523,
            0.0,
            44.71694223110945,
            17.44860137614916,
            19.798418281478085,
            67.86987369298305,
            48.62270931597593,
            36.939351422616966,
            55.823559985667316,
            65.56495890037722,
            21.964501845604815,
            35.648704340090326,
            19.39296600454947,
            24.66359193772047,
            71.5639721153382,
            74.97622298037042,
            18.134014001041756,
            72.05190654979138,
            21.31692261355469,
            24.246410861779886
        ],
        [
            46.97230388711602,
            49.06379704805893,
            62.435690664491155,
            70.73100625313069,
            22.481429101821426,
            27.841552676641886,
            44.71694223110945,
            0.0,
            27.505176442942123,
            52.01813298045881,
            26.475527619594143,
            4.159532327347923,
            38.93571678294113,
            18.026827227468527,
            21.643358743241066,
            45.49421291117117,
            40.249618420392686,
            60.7898417210014,
            40.213611088169806,
            40.57418663262066,
            47.76577592855167,
            45.575087461172366,
            32.56986206260413,
            65.41841295447149,
            46.97230388711602
        ],
        [
            29.189965793197867,
            48.817259298932335,
            46.05394632188419,
            49.61652980650726,
            39.1885578214049,
            13.888211296374502,
            17.44860137614916,
            27.505176442942123,
            0.0,
            27.028939545510248,
            51.926429902671295,
            31.51856982467382,
            33.03495326810267,
            40.464310702211854,
            48.121911725211916,
            26.903033640376094,
            32.7659231034226,
            35.32303190742864,
            25.066121357510745,
            58.93906036210424,
            63.744765311699375,
            21.344488284228948,
            56.775634023755295,
            38.637605411324294,
            29.189965793197867
        ],
        [
            44.044811681602575,
            71.81865930274436,
            57.74505181914172,
            54.012695120606516,
            66.21539771815785,
            38.50345580351365,
            19.798418281478085,
            52.01813298045881,
            27.028939545510248,
            0.0,
            77.94004570557092,
            56.17709870905583,
            55.631614284675706,
            67.0575093818022,
            69.8212989694093,
            41.757244020994854,
            54.59909642745264,
            33.980754353404535,
            44.009303158585276,
            85.95421471061321,
            90.55608639207627,
            6.516656875972313,
            83.24945338569887,
            30.69746949936918,
            44.044811681602575
        ],
        [
            62.30117990425353,
            49.39449479138527,
            74.16378546149717,
            85.7824211803762,
            19.282750838913472,
            46.85960314927248,
            67.86987369298305,
            26.475527619594143,
            51.926429902671295,
            77.94004570557092,
            0.0,
            22.492221362340295,
            47.747713238047105,
            12.456834625974123,
            22.75678225544351,
            61.685558526466046,
            49.817779181488014,
            80.84297398850931,
            55.31059254846876,
            21.89123654324268,
            30.308747162883996,
            71.60298046881033,
            6.963108198497169,
            86.9663800067498,
            62.30117990425353
        ],
        [
            49.66549740865495,
            49.274521767894115,
            64.68867743917868,
            73.55892229376771,
            20.77725466084351,
            30.904917272735894,
            48.62270931597593,
            4.159532327347923,
            31.51856982467382,
            56.17709870905583,
            22.492221362340295,
            0.0,
            40.35756774032647,
            15.055744843925114,
            18.64778760298766,
            48.31581280551918,
            41.83653369336482,
            64.3196915437634,
            42.777675574635715,
            37.74729575745512,
            45.24589359165151,
            49.73198079239084,
            28.75434570764709,
            69.16877842299635,
            49.66549740865495
        ],
        [
            17.73781809176608,
            16.21406488234117,
            26.42116065637537,
            38.80435777403973,
            28.478355336126143,
            19.172604827702735,
            36.939351422616966,
            38.93571678294113,
            33.03495326810267,
            55.631614284675706,
            47.747713238047105,
            40.35756774032647,
            0.0,
            36.12694795210837,
            58.30580808408225,
            18.475436351763,
            2.2140122439834276,
            39.748149812766385,
            12.86727411345543,
            41.06052071307493,
            41.726759707733976,
            51.71312903221403,
            48.614490434237894,
            47.81548922669395,
            17.73781809176608
        ],
        [
            49.979597741364074,
            40.208528847348184,
            62.414119289182636,
            73.6096238215545,
            8.672997286832933,
            34.47065216518336,
            55.823559985667316,
            18.026827227468527,
            40.464310702211854,
            67.0575093818022,
            12.456834625974123,
            15.055744843925114,
            36.12694795210837,
            0.0,
            25.52937911999824,
            49.2979555311679,
            38.10564659803859,
            68.39678188361596,
            42.96031526083907,
            22.691792711847963,
            30.278225703611014,
            60.88226118853926,
            16.325916447029737,
            74.59665916277599,
            49.979597741364074
        ],
        [
            68.31293889256958,
            65.2187116827017,
            83.21456464003504,
            92.19537873116357,
            34.01351025223742,
            49.43037131505315,
            65.56495890037722,
            21.643358743241066,
            48.121911725211916,
            69.8212989694093,
            22.75678225544351,
            18.64778760298766,
            58.30580808408225,
            25.52937911999824,
            0.0,
            66.94801578739623,
            59.93719234868928,
            82.3139668629511,
            61.42093822477732,
            44.27593048647597,
            52.66943117495935,
            63.319278763782904,
            29.424950009716582,
            86.60708424590973,
            68.31293889256958
        ],
        [
            2.41915964802993,
            32.77475461051209,
            19.151737851517836,
            25.248939809891336,
            43.284619272849326,
            17.809054456067045,
            21.964501845604815,
            45.49421291117117,
            26.903033640376094,
            41.757244020994854,
            61.685558526466046,
            48.31581280551918,
            18.475436351763,
            49.2979555311679,
            66.94801578739623,
            0.0,
            16.52576744366161,
            21.31039392084858,
            6.492052008327034,
            58.71365114174397,
            60.04496254691119,
            39.431181896773886,
            63.93926032963523,
            29.345858380450494,
            2.41915964802993
        ],
        [
            15.665553044200642,
            17.268445987203133,
            24.350147532290038,
            36.60263260122708,
            30.566694109543594,
            19.031612024284335,
            35.648704340090326,
            40.249618420392686,
            32.7659231034226,
            54.59909642745264,
            49.817779181488014,
            41.83653369336482,
            2.2140122439834276,
            38.10564659803859,
            59.93719234868928,
            16.52576744366161,
            0.0,
            37.73520166671516,
            11.227515624045072,
            43.26306887088999,
            43.8419095810751,
            50.87995129568839,
            50.77405656086796,
            45.867467587109175,
            15.665553044200642
        ],
        [
            22.114101253675937,
            53.06026575298468,
            27.592273141099643,
            20.218007001662688,
            63.3866759376811,
            34.130868868931465,
            19.39296600454947,
            60.7898417210014,
            35.32303190742864,
            33.980754353404535,
            80.84297398850931,
            64.3196915437634,
            39.748149812766385,
            68.39678188361596,
            82.3139668629511,
            21.31039392084858,
            37.73520166671516,
            0.0,
            27.509368988812525,
            79.82002105783559,
            81.35174304386238,
            35.195630189379344,
            83.85541871808412,
            8.570590871940746,
            22.114101253675937
        ],
        [
            7.059210124689938,
            28.33695140406473,
            22.575783534009723,
            30.999218954282604,
            36.81040750200356,
            13.406771758160225,
            24.66359193772047,
            40.213611088169806,
            25.066121357510745,
            44.009303158585276,
            55.31059254846876,
            42.777675574635715,
            12.86727411345543,
            42.96031526083907,
            61.42093822477732,
            6.492052008327034,
            11.227515624045072,
            27.509368988812525,
            0.0,
            52.34251383951105,
            53.92701330752843,
            40.79698322000393,
            57.467536573388664,
            35.273122393562105,
            7.059210124689938
        ],
        [
            58.463805533265884,
            35.528603198977414,
            65.8562568931874,
            79.43837369672646,
            19.925125976906166,
            49.05467945166665,
            71.5639721153382,
            40.57418663262066,
            58.93906036210424,
            85.95421471061321,
            21.89123654324268,
            37.74729575745512,
            41.06052071307493,
            22.691792711847963,
            44.27593048647597,
            58.71365114174397,
            43.26306887088999,
            79.82002105783559,
            52.34251383951105,
            0.0,
            8.422621706948533,
            80.21406099570589,
            16.57375652776248,
            87.28928836597669,
            58.463805533265884
        ],
        [
            59.459195543650296,
            32.96503097507632,
            64.7241207281156,
            78.84659465618628,
            25.943856932939767,
            52.67388969031674,
            74.97622298037042,
            47.76577592855167,
            63.744765311699375,
            90.55608639207627,
            30.308747162883996,
            45.24589359165151,
            41.726759707733976,
            30.278225703611014,
            52.66943117495935,
            60.04496254691119,
            43.8419095810751,
            81.35174304386238,
            53.92701330752843,
            8.422621706948533,
            0.0,
            85.08645208965424,
            24.781721128385232,
            89.19578598647584,
            59.459195543650296
        ],
        [
            41.80909290132099,
            67.92106859629455,
            56.655873915551304,
            54.59888999423847,
            60.37981752485176,
            33.74103679155122,
            18.134014001041756,
            45.575087461172366,
            21.344488284228948,
            6.516656875972313,
            71.60298046881033,
            49.73198079239084,
            51.71312903221403,
            60.88226118853926,
            63.319278763782904,
            39.431181896773886,
            50.87995129568839,
            35.195630189379344,
            40.79698322000393,
            80.21406099570589,
            85.08645208965424,
            0.0,
            77.01017309935975,
            33.43846866763818,
            41.80909290132099
        ],
        [
            64.30582119395767,
            47.93288646835961,
            74.91436347842983,
            87.25075424323246,
            20.65761584892641,
            50.3415232995583,
            72.05190654979138,
            32.56986206260413,
            56.775634023755295,
            83.24945338569887,
            6.963108198497169,
            28.75434570764709,
            48.614490434237894,
            16.325916447029737,
            29.424950009716582,
            63.93926032963523,
            50.77405656086796,
            83.85541871808412,
            57.467536573388664,
            16.57375652776248,
            24.781721128385232,
            77.01017309935975,
            0.0,
            90.39576617043312,
            64.30582119395767
        ],
        [
            30.38025164900602,
            61.51518920473939,
            35.775558791639455,
            26.48187836600826,
            70.17506025780318,
            40.12714964889403,
            21.31692261355469,
            65.41841295447149,
            38.637605411324294,
            30.69746949936918,
            86.9663800067498,
            69.16877842299635,
            47.81548922669395,
            74.59665916277599,
            86.60708424590973,
            29.345858380450494,
            45.867467587109175,
            8.570590871940746,
            35.273122393562105,
            87.28928836597669,
            89.19578598647584,
            33.43846866763818,
            90.39576617043312,
            0.0,
            30.38025164900602
        ],
        [
            0.0,
            31.300813338793304,
            16.907855508500525,
            23.971021036546542,
            43.65648723514441,
            19.5221921375043,
            24.246410861779886,
            46.97230388711602,
            29.189965793197867,
            44.044811681602575,
            62.30117990425353,
            49.66549740865495,
            17.73781809176608,
            49.979597741364074,
            68.31293889256958,
            2.41915964802993,
            15.665553044200642,
            22.114101253675937,
            7.059210124689938,
            58.463805533265884,
            59.459195543650296,
            41.80909290132099,
            64.30582119395767,
            30.38025164900602,
            0.0
        ]
    ],
    "scores_ave": [
        0,
        17.835447945242333,
        14.282816700569896,
        18.55329046378769,
        12.228709651264342,
        19.49337272671555,
        18.744381604511272,
        16.639579818989205,
        19.073145748061698,
        12.047927197737245,
        13.743676967535752,
        18.432775975938615,
        15.836023658850483,
        16.435961908318536,
        13.205604998300355,
        10.653111517201742,
        14.698093862975167,
        14.30768400693118,
        12.809534233539079,
        19.802686352667312,
        18.30966362564961,
        11.236312181212304,
        18.04148799516156,
        16.547402143100257,
        0
    ],
    "scores_var": [
        0,
        399.6550248821479,
        16.718907037318623,
        20.04357868597819,
        273.58841426131386,
        19.483369072358922,
        17.049257321424417,
        19.600736232144687,
        355.11457711711057,
        18.771297684623487,
        307.74366428375845,
        293.1687627108304,
        284.94335465578484,
        240.78446634078279,
        22.73200917386584,
        255.2809777040621,
        332.84269863768804,
        320.0507810602438,
        333.9914503885433,
        331.20049950119375,
        20.54154459799711,
        227.40548711889267,
        225.46607232785166,
        274.46470445202306,
        0
    ],
    "vertex_number": 25,
    "minimum_distances": {
        "cost": 357.6111415173235,
        "path": [
            0,
            2,
            3,
            17,
            23,
            6,
            9,
            21,
            8,
            5,
            7,
            11,
            14,
            10,
            22,
            19,
            20,
            13,
            4,
            1,
            12,
            16,
            18,
            15,
            24
        ]
    }
}