{
    "vertices": [
        [
            17.952478381306335,
            32.66222046625059
        ],
        [
            98.65269879188594,
            95.05399819714819
        ],
        [
            49.746982608469416,
            95.2330515834935
        ],
        [
            41.46157526836447,
            51.676661591866214
        ],
        [
            75.43475391782161,
            3.3702632015784606
        ],
        [
            81.94838255017343,
            36.24015954792495
        ],
        [
            0.2357209246309222,
            1.6446735296166248
        ],
        [
            19.431617497501353,
            53.70027351213579
        ],
        [
            46.292860304495534,
            15.88071271183491
        ],
        [
            79.64895558692096,
            48.11202484829858
        ],
        [
            10.109185679687215,
            2.030390384807401
        ],
        [
            58.07231165024229,
            53.75019266196548
        ],
        [
            72.15600775964629,
            59.09470221350664
        ],
        [
            53.61863747547581,
            94.83687274701721
        ],
        [
            89.24254187353897,
            76.54284538343336
        ],
        [
            56.36552733840332,
            68.46201156144038
        ],
        [
            8.909463884742074,
            64.2144492718763
        ],
        [
            55.71973501451849,
            23.370654379868306
        ],
        [
            48.718608412607786,
            44.19989275451325
        ],
        [
            68.84115980330249,
            72.84773336329694
        ],
        [
            25.551688562216512,
            81.7362664467687
        ],
        [
            70.73110712904838,
            83.31102452322054
        ],
        [
            2.3442458632263574,
            28.4483153133288
        ],
        [
            17.952478381306335,
            32.66222046625059
        ]
    ],
    "distances": [
        [
            0.0,
            102.00617384618374,
            70.18546434806588,
            30.23618044271778,
            64.51535291115782,
            64.09584540719463,
            35.7207462512327,
            21.089986450601092,
            32.9362452332342,
            63.60150749020399,
            31.620029325439905,
            45.32442600689461,
            60.30504695618424,
            71.67818559900108,
            83.71249844467098,
            52.50892659957505,
            32.82254185445772,
            38.89342970138423,
            32.8583724328259,
            64.84237305703806,
            49.658936600290325,
            73.14974371037344,
            16.167062781354876,
            0.0
        ],
        [
            102.00617384618374,
            0.0,
            48.90604395704125,
            71.78034508729131,
            94.57790559593157,
            61.14001797317372,
            135.68788990683024,
            89.3650393989467,
            94.92081869097278,
            50.64277952170832,
            128.42641988576298,
            57.90312748249327,
            44.667052771557564,
            45.03458473341663,
            20.76568880920197,
            49.953364478980774,
            94.89428849784923,
            83.55681396232806,
            71.27098583839395,
            37.17318999950058,
            74.3042372652684,
            30.290472292336375,
            117.09669123391893,
            102.00617384618374
        ],
        [
            70.18546434806588,
            48.90604395704125,
            0.0,
            44.33742306330167,
            95.38675738351776,
            67.20931087971238,
            105.87799365439882,
            51.41977261847773,
            79.4274804163732,
            55.807877119480196,
            101.28124702966707,
            42.31003058326931,
            42.52228478590147,
            3.8918721818279165,
            43.694656532136605,
            27.577050571163447,
            51.28212773351984,
            72.11017891501561,
            51.04351921204727,
            29.422611620438246,
            27.705152282771465,
            24.134378200422823,
            81.89762175798677,
            70.18546434806588
        ],
        [
            30.23618044271778,
            71.78034508729131,
            44.33742306330167,
            0.0,
            59.0566253098594,
            43.329749124901966,
            64.82878138475085,
            22.122704278407497,
            36.120510396756,
            38.35339164542907,
            58.71732774645858,
            16.73965633598571,
            31.57808595570929,
            44.83969210938892,
            53.864161239926474,
            22.447177125578587,
            34.88317754220179,
            31.694244960757853,
            10.41952985042312,
            34.61005532004952,
            34.010356349725896,
            43.098009390414255,
            45.49419227358286,
            30.23618044271778
        ],
        [
            64.51535291115782,
            94.57790559593157,
            95.38675738351776,
            59.0566253098594,
            0.0,
            33.50906509856334,
            75.21882891156285,
            75.29582476322182,
            31.71374008720969,
            44.93979006359237,
            65.33930765473625,
            53.28781937674497,
            55.82081403530275,
            94.0323539977796,
            74.46396303844136,
            67.82750995636489,
            90.15336484315145,
            28.08376074606486,
            48.79355572291942,
            69.78964352552248,
            92.8953748789289,
            80.0790210591843,
            77.27309405866002,
            64.51535291115782
        ],
        [
            64.09584540719463,
            61.14001797317372,
            67.20931087971238,
            43.329749124901966,
            33.50906509856334,
            0.0,
            88.734473136281,
            64.90917879848914,
            41.05877911097221,
            12.092499744451024,
            79.56870310109538,
            29.60858019685062,
            24.86404481356655,
            65.08570698497503,
            40.957432119095685,
            41.14280286960627,
            78.21281560828167,
            29.215853826651287,
            34.1698001450651,
            38.8833351036662,
            72.46021553737108,
            48.388982190121396,
            79.9845698510054,
            64.09584540719463
        ],
        [
            35.7207462512327,
            135.68788990683024,
            105.87799365439882,
            64.82878138475085,
            75.21882891156285,
            88.734473136281,
            0.0,
            55.48214068307375,
            48.20710424256916,
            92.00911138632824,
            9.880996091574831,
            77.84636376102256,
            92.04908176734122,
            107.39889093677898,
            116.32691142841729,
            87.26460811638682,
            63.168114214172526,
            59.58602238304169,
            64.50997645675307,
            98.87659972619305,
            83.99738968226384,
            107.8841617695595,
            26.886448078655533,
            35.7207462512327
        ],
        [
            21.089986450601092,
            89.3650393989467,
            51.41977261847773,
            22.122704278407497,
            75.29582476322182,
            64.90917879848914,
            55.48214068307375,
            0.0,
            46.387989224194136,
            60.476080641062914,
            52.50413847869106,
            38.640726397509496,
            52.99963386221774,
            53.48805597126962,
            73.45303432760446,
            39.774647784388506,
            14.874932220256275,
            47.293903091595766,
            30.78936620655468,
            52.98988667303018,
            28.69620479554657,
            59.23203703991327,
            30.48999282128681,
            21.089986450601092
        ],
        [
            32.9362452332342,
            94.92081869097278,
            79.4274804163732,
            36.120510396756,
            31.71374008720969,
            41.05877911097221,
            48.20710424256916,
            46.387989224194136,
            0.0,
            46.38411985290218,
            38.74389936385539,
            39.65921060359316,
            50.36220095406341,
            79.29528497117704,
            74.32744773735233,
            53.53738516109554,
            61.10375125744669,
            12.040149209582633,
            28.422881841460786,
            61.26717924135237,
            69.04455201518411,
            71.72220617659818,
            45.710232404314134,
            32.9362452332342
        ],
        [
            63.60150749020399,
            50.64277952170832,
            55.807877119480196,
            38.35339164542907,
            44.93979006359237,
            12.092499744451024,
            92.00911138632824,
            60.476080641062914,
            46.38411985290218,
            0.0,
            83.42239887211247,
            22.301132255230492,
            13.29524235395932,
            53.486342856297625,
            30.00580700697494,
            30.923130343303168,
            72.54904381588821,
            34.42009601757095,
            31.17677266560425,
            26.993771975019786,
            63.69539954042571,
            36.31112225245505,
            79.7664065765805,
            63.60150749020399
        ],
        [
            31.620029325439905,
            128.42641988576298,
            101.28124702966707,
            58.71732774645858,
            65.33930765473625,
            79.56870310109538,
            9.880996091574831,
            52.50413847869106,
            38.74389936385539,
            83.42239887211247,
            0.0,
            70.53651111626985,
            84.29794668142944,
            102.49934421262026,
            108.6931185145834,
            80.94942517278022,
            62.195630972406086,
            50.35602325446253,
            57.17477113096292,
            92.00293936059889,
            81.18803836823291,
            101.39802190454746,
            27.535450747758816,
            31.620029325439905
        ],
        [
            45.32442600689461,
            57.90312748249327,
            42.31003058326931,
            16.73965633598571,
            53.28781937674497,
            29.60858019685062,
            77.84636376102256,
            38.640726397509496,
            39.65921060359316,
            22.301132255230492,
            70.53651111626985,
            0.0,
            15.063674135102499,
            41.32735769519228,
            38.61461213394166,
            14.810493847879837,
            50.26416483750438,
            30.470493318296654,
            13.367871654830333,
            21.92451028832069,
            42.904676340952456,
            32.15723687295962,
            61.20296000789038,
            45.32442600689461
        ],
        [
            60.30504695618424,
            44.667052771557564,
            42.52228478590147,
            31.57808595570929,
            55.82081403530275,
            24.86404481356655,
            92.04908176734122,
            52.99963386221774,
            50.36220095406341,
            13.29524235395932,
            84.29794668142944,
            15.063674135102499,
            0.0,
            40.263343769475945,
            24.42104314118213,
            18.35989532523386,
            63.453424825314734,
            39.32376705470002,
            27.769894435742454,
            14.146875371642277,
            51.813154688600584,
            24.258207023913066,
            76.24226602821969,
            60.30504695618424
        ],
        [
            71.67818559900108,
            45.03458473341663,
            3.8918721818279165,
            44.83969210938892,
            94.0323539977796,
            65.08570698497503,
            107.39889093677898,
            53.48805597126962,
            79.29528497117704,
            53.486342856297625,
            102.49934421262026,
            41.32735769519228,
            40.263343769475945,
            0.0,
            40.04664782153306,
            26.517516974209734,
            54.190802011570405,
            71.49709769333006,
            50.87351007723172,
            26.744110320925984,
            30.973851984111022,
            20.632057457326916,
            83.88387087713862,
            71.67818559900108
        ],
        [
            83.71249844467098,
            20.76568880920197,
            43.694656532136605,
            53.864161239926474,
            74.46396303844136,
            40.957432119095685,
            116.32691142841729,
            73.45303432760446,
            74.32744773735233,
            30.00580700697494,
            108.6931185145834,
            38.61461213394166,
            24.42104314118213,
            40.04664782153306,
            0.0,
            33.85554548374884,
            81.27356747330327,
            62.85746157638562,
            51.84839214385098,
            20.733312403403446,
            63.90224110205752,
            19.70993315990147,
            99.31967414445188,
            83.71249844467098
        ],
        [
            52.50892659957505,
            49.953364478980774,
            27.577050571163447,
            22.447177125578587,
            67.82750995636489,
            41.14280286960627,
            87.26460811638682,
            39.774647784388506,
            53.53738516109554,
            30.923130343303168,
            80.94942517278022,
            14.810493847879837,
            18.35989532523386,
            26.517516974209734,
            33.85554548374884,
            0.0,
            47.645773620769866,
            45.09598141965313,
            25.4386669866787,
            13.224067495386059,
            33.55143071294422,
            20.660664768116856,
            67.22644375285991,
            52.50892659957505
        ],
        [
            32.82254185445772,
            94.89428849784923,
            51.28212773351984,
            34.88317754220179,
            90.15336484315145,
            78.21281560828167,
            63.168114214172526,
            14.874932220256275,
            61.10375125744669,
            72.54904381588821,
            62.195630972406086,
            50.26416483750438,
            63.453424825314734,
            54.190802011570405,
            81.27356747330327,
            47.645773620769866,
            0.0,
            62.12420675085999,
            44.557271691916014,
            60.55032427558062,
            24.16563095236483,
            64.70390065333416,
            36.36369653941689,
            32.82254185445772
        ],
        [
            38.89342970138423,
            83.55681396232806,
            72.11017891501561,
            31.694244960757853,
            28.08376074606486,
            29.215853826651287,
            59.58602238304169,
            47.293903091595766,
            12.040149209582633,
            34.42009601757095,
            50.35602325446253,
            30.470493318296654,
            39.32376705470002,
            71.49709769333006,
            62.85746157638562,
            45.09598141965313,
            62.12420675085999,
            0.0,
            21.97437018355164,
            51.18743139892986,
            65.70126101295286,
            61.79149832851569,
            53.61646652563833,
            38.89342970138423
        ],
        [
            32.8583724328259,
            71.27098583839395,
            51.04351921204727,
            10.41952985042312,
            48.79355572291942,
            34.1698001450651,
            64.50997645675307,
            30.78936620655468,
            28.422881841460786,
            31.17677266560425,
            57.17477113096292,
            13.367871654830333,
            27.769894435742454,
            50.87351007723172,
            51.84839214385098,
            25.4386669866787,
            44.557271691916014,
            21.97437018355164,
            0.0,
            35.008796694794086,
            44.10992547396901,
            44.88018190661089,
            48.97646060861383,
            32.8583724328259
        ],
        [
            64.84237305703806,
            37.17318999950058,
            29.422611620438246,
            34.61005532004952,
            69.78964352552248,
            38.8833351036662,
            98.87659972619305,
            52.98988667303018,
            61.26717924135237,
            26.993771975019786,
            92.00293936059889,
            21.92451028832069,
            14.146875371642277,
            26.744110320925984,
            20.733312403403446,
            13.224067495386059,
            60.55032427558062,
            51.18743139892986,
            35.008796694794086,
            0.0,
            44.19258241728788,
            10.632608466008207,
            79.95716282316255,
            64.84237305703806
        ],
        [
            49.658936600290325,
            74.3042372652684,
            27.705152282771465,
            34.010356349725896,
            92.8953748789289,
            72.46021553737108,
            83.99738968226384,
            28.69620479554657,
            69.04455201518411,
            63.69539954042571,
            81.18803836823291,
            42.904676340952456,
            51.813154688600584,
            30.973851984111022,
            63.90224110205752,
            33.55143071294422,
            24.16563095236483,
            65.70126101295286,
            44.10992547396901,
            44.19258241728788,
            0.0,
            45.20685484565745,
            58.122208600730154,
            49.658936600290325
        ],
        [
            73.14974371037344,
            30.290472292336375,
            24.134378200422823,
            43.098009390414255,
            80.0790210591843,
            48.388982190121396,
            107.8841617695595,
            59.23203703991327,
            71.72220617659818,
            36.31112225245505,
            101.39802190454746,
            32.15723687295962,
            24.258207023913066,
            20.632057457326916,
            19.70993315990147,
            20.660664768116856,
            64.70390065333416,
            61.79149832851569,
            44.88018190661089,
            10.632608466008207,
            45.20685484565745,
            0.0,
            87.6737113143953,
            73.14974371037344
        ],
        [
            16.167062781354876,
            117.09669123391893,
            81.89762175798677,
            45.49419227358286,
            77.27309405866002,
            79.9845698510054,
            26.886448078655533,
            30.48999282128681,
            45.710232404314134,
            79.7664065765805,
            27.535450747758816,
            61.20296000789038,
            76.24226602821969,
            83.88387087713862,
            99.31967414445188,
            67.22644375285991,
            36.36369653941689,
            53.61646652563833,
            48.97646060861383,
            79.95716282316255,
            58.122208600730154,
            87.6737113143953,
            0.0,
            16.167062781354876
        ],
        [
            0.0,
            102.00617384618374,
            70.18546434806588,
            30.23618044271778,
            64.51535291115782,
            64.09584540719463,
            35.7207462512327,
            21.089986450601092,
            32.9362452332342,
            63.60150749020399,
            31.620029325439905,
            45.32442600689461,
            60.30504695618424,
            71.67818559900108,
            83.71249844467098,
            52.50892659957505,
            32.82254185445772,
            38.89342970138423,
            32.8583724328259,
            64.84237305703806,
            49.658936600290325,
            73.14974371037344,
            16.167062781354876,
            0.0
        ]
    ],
    "scores_ave": [
        0,
        11.283741052694783,
        19.53487772217411,
        17.408208257121593,
        16.458437072528962,
        15.58432603418085,
        19.24218160182945,
        13.539276330034317,
        18.15107542309487,
        13.113765765669168,
        14.5056249128541,
        14.980714011373188,
        19.41519039792304,
        15.398500243739932,
        16.341286987297963,
        16.771791428299498,
        13.060389010605268,
        12.195056709414605,
        18.499199891892268,
        15.887682760018663,
        16.95700769747183,
        14.46140451396225,
        11.630784375574644,
        0
    ],
    "scores_var": [
        0,
        16.333350503144732,
        17.440457161737097,
        17.719983899467113,
        18.624335150710028,
        282.09724859300684,
        344.6298889556483,
        22.959552800698862,
        17.314503646857798,
        19.466557950747532,
        351.91826877325684,
        324.5195779192313,
        22.60537842748693,
        397.78024666426796,
        271.76466995487016,
        23.084894668861512,
        20.304533053913886,
        24.70660538215343,
        391.0189290078699,
        355.31289620050575,
        21.352760338798213,
        345.15839281226584,
        385.8491926753703,
        0
    ],
    "vertex_number": 24,
    "minimum_distances": {
        "cost": 502.6675927733903,
        "path": [
            0,
            3,
            7,
            16,
            20,
            2,
            13,
            15,
            19,
            21,
            1,
            14,
            12,
            11,
            18,
            17,
            9,
            5,
            4,
            8,
            10,
            6,
            22,
            23
        ]
    }
}