{
    "vertices": [
        [
            18.104489183903315,
            8.038538021212583
        ],
        [
            26.827899490050843,
            11.741927932921904
        ],
        [
            48.95613055308211,
            4.559905954537802
        ],
        [
            16.24111436429151,
            85.05923347351136
        ],
        [
            54.718258926374475,
            18.18387408286921
        ],
        [
            5.004418413797662,
            40.963815965654504
        ],
        [
            67.60284526383722,
            90.30195883459308
        ],
        [
            81.77953509749985,
            54.803405751605574
        ],
        [
            54.24530602795422,
            69.37150403298506
        ],
        [
            31.631481806701565,
            88.03011099467294
        ],
        [
            62.35088926303045,
            32.52549646147911
        ],
        [
            2.0350994429435554,
            88.93125148885848
        ],
        [
            23.6161164436533,
            59.19079879282847
        ],
        [
            54.43921827504562,
            18.05042953956013
        ],
        [
            46.1422027403756,
            7.1888024714480085
        ],
        [
            80.86594686667053,
            51.565730711116764
        ],
        [
            69.30635263222685,
            89.61746711670804
        ],
        [
            94.16763445712465,
            12.731113960530172
        ],
        [
            35.330258961112634,
            69.24530457929487
        ],
        [
            27.641632251470718,
            55.11284320878747
        ],
        [
            18.104489183903315,
            8.038538021212583
        ]
    ],
    "distances": [
        [
            0.0,
            9.476971257081626,
            31.047136039057172,
            77.04323262736396,
            37.99336756012353,
            35.4356569277406,
            96.00707087780177,
            79.00293871711214,
            71.18912390215567,
            81.1272535969613,
            50.57029813652993,
            82.47336769409578,
            51.44834124729205,
            37.68886453452615,
            28.050587016661943,
            76.37811907824013,
            96.31589948159466,
            76.20775772715947,
            63.58455328861719,
            48.03069130029453,
            0.0
        ],
        [
            9.476971257081626,
            0.0,
            23.264566397783867,
            74.07771129719889,
            28.62465405356277,
            36.47167485163166,
            88.51143800733752,
            69.81384624745182,
            63.8191368065852,
            76.43926528909128,
            41.15628169784593,
            81.07326689605462,
            47.55744837790624,
            28.32281973193281,
            19.8437209593722,
            67.12708717048845,
            88.7074888863249,
            67.34699989185086,
            58.12855100817313,
            43.37854830297248,
            9.476971257081626
        ],
        [
            31.047136039057172,
            23.264566397783867,
            0.0,
            86.89311834224736,
            14.79238422135157,
            57.07011182810147,
            87.74622271978713,
            60.01487447078809,
            65.02706069542262,
            85.24915591152599,
            31.00796370772616,
            96.54070181902722,
            60.22168021049271,
            14.562227767920355,
            3.8508812798820293,
            56.81358937977044,
            87.45810568224562,
            45.94397376743165,
            66.10495572863327,
            54.8626220926552,
            31.047136039057172
        ],
        [
            77.04323262736396,
            74.07771129719889,
            86.89311834224736,
            0.0,
            77.15441884480097,
            45.50460615230126,
            51.62861193378222,
            72.18517647925144,
            41.11475938160852,
            15.674486379404547,
            69.8992479620614,
            14.724244749960297,
            26.89919271092253,
            77.13154313920788,
            83.41390238156646,
            72.78862344662852,
            53.26065157673833,
            106.3197978086058,
            24.788622158354833,
            32.04306630119912,
            77.04323262736396
        ],
        [
            37.99336756012353,
            28.62465405356277,
            14.79238422135157,
            77.15441884480097,
            0.0,
            54.68447394547193,
            73.26002124859342,
            45.53353453936454,
            51.18981484977379,
            73.56287167119882,
            16.246205043230415,
            88.20831425088056,
            51.46757368658208,
            0.30930750271049146,
            13.944186582432478,
            42.403418925506216,
            72.90796041376304,
            39.82443750661045,
            54.61835064329846,
            45.791838495469186,
            37.99336756012353
        ],
        [
            35.4356569277406,
            36.47167485163166,
            57.07011182810147,
            45.50460615230126,
            54.68447394547193,
            0.0,
            79.70455059691102,
            78.01251686261305,
            56.847706676353724,
            54.07621133815061,
            57.963979805707375,
            48.05925223953661,
            26.050301467288758,
            54.486904067245064,
            53.226580162864806,
            76.59877345934521,
            80.63446232573023,
            93.52627736470191,
            41.466844624406164,
            26.69528839064031,
            35.4356569277406
        ],
        [
            96.00707087780177,
            88.51143800733752,
            87.74622271978713,
            51.62861193378222,
            73.26002124859342,
            79.70455059691102,
            0.0,
            38.22467535016556,
            24.829574958913618,
            36.043033745414725,
            58.01467612756504,
            65.58207171675022,
            53.877050693636626,
            73.44089161339919,
            85.83912824676408,
            40.94392791808178,
            1.8358829663164666,
            81.99343875798681,
            38.53443285029605,
            53.24633700026742,
            96.00707087780177
        ],
        [
            79.00293871711214,
            69.81384624745182,
            60.01487447078809,
            72.18517647925144,
            45.53353453936454,
            78.01251686261305,
            38.22467535016556,
            0.0,
            31.150654214480685,
            60.1568050196021,
            29.55972803156937,
            86.74033013846211,
            58.32865922683973,
            45.80692288721598,
            59.47411120024347,
            3.3641021273608893,
            36.981064743259005,
            43.858211800041815,
            48.642611929701765,
            54.138787168775735,
            79.00293871711214
        ],
        [
            71.18912390215567,
            63.8191368065852,
            65.02706069542262,
            41.11475938160852,
            51.18981484977379,
            56.847706676353724,
            24.829574958913618,
            31.150654214480685,
            0.0,
            29.317719209728114,
            37.727029482059976,
            55.75382849802369,
            32.27683401106744,
            51.32144083245562,
            62.70844166761242,
            32.026615216936165,
            25.233591619179897,
            69.29593130023144,
            18.91546805772842,
            30.183851094667546,
            71.18912390215567
        ],
        [
            81.1272535969613,
            76.43926528909128,
            85.24915591152599,
            15.674486379404547,
            73.56287167119882,
            54.07621133815061,
            36.043033745414725,
            60.1568050196021,
            29.317719209728114,
            0.0,
            63.43850746152834,
            29.61009799396191,
            29.93245746975362,
            73.60264030161208,
            82.13329523258034,
            61.26731248557509,
            37.70829605243624,
            97.88109798456932,
            19.145493059757495,
            33.15818779669765,
            81.1272535969613
        ],
        [
            50.57029813652993,
            41.15628169784593,
            31.00796370772616,
            69.8992479620614,
            16.246205043230415,
            57.963979805707375,
            58.01467612756504,
            29.55972803156937,
            37.727029482059976,
            63.43850746152834,
            0.0,
            82.58089186869825,
            47.02574798757618,
            16.496123793672073,
            30.077725664254785,
            26.55819794992094,
            57.51409900170353,
            37.47162731107083,
            45.59011702246582,
            41.41160170021983,
            50.57029813652993
        ],
        [
            82.47336769409578,
            81.07326689605462,
            96.54070181902722,
            14.724244749960297,
            88.20831425088056,
            48.05925223953661,
            65.58207171675022,
            86.74033013846211,
            55.75382849802369,
            29.61009799396191,
            82.58089186869825,
            0.0,
            36.74554151662106,
            88.14920641036542,
            92.88306913886024,
            87.23809172909944,
            67.27475304707228,
            119.56113485357795,
            38.67950559490752,
            42.41909076196416,
            82.47336769409578
        ],
        [
            51.44834124729205,
            47.55744837790624,
            60.22168021049271,
            26.89919271092253,
            51.46757368658208,
            26.050301467288758,
            53.877050693636626,
            58.32865922683973,
            32.27683401106744,
            29.93245746975362,
            47.02574798757618,
            36.74554151662106,
            0.0,
            51.40616294573683,
            56.67126419320684,
            57.755387166176696,
            54.894260430932235,
            84.4749608388288,
            15.437429239657579,
            5.730139550167961,
            51.44834124729205
        ],
        [
            37.68886453452615,
            28.32281973193281,
            14.562227767920355,
            77.13154313920788,
            0.30930750271049146,
            54.486904067245064,
            73.44089161339919,
            45.80692288721598,
            51.32144083245562,
            73.60264030161208,
            16.496123793672073,
            88.14920641036542,
            51.40616294573683,
            0.0,
            13.668043362138617,
            42.680761435048815,
            73.09495571900553,
            40.08294114166012,
            54.64492251248602,
            45.735468989394064,
            37.68886453452615
        ],
        [
            28.050587016661943,
            19.8437209593722,
            3.8508812798820293,
            83.41390238156646,
            13.944186582432478,
            53.226580162864806,
            85.83912824676408,
            59.47411120024347,
            62.70844166761242,
            82.13329523258034,
            30.077725664254785,
            92.88306913886024,
            56.67126419320684,
            13.668043362138617,
            0.0,
            56.34758349864803,
            85.62162457821559,
            48.34417553565411,
            62.99132942038249,
            51.371050106155224,
            28.050587016661943
        ],
        [
            76.37811907824013,
            67.12708717048845,
            56.81358937977044,
            72.78862344662852,
            42.403418925506216,
            76.59877345934521,
            40.94392791808178,
            3.3641021273608893,
            32.026615216936165,
            61.26731248557509,
            26.55819794992094,
            87.23809172909944,
            57.755387166176696,
            42.680761435048815,
            56.34758349864803,
            0.0,
            39.768817713701075,
            41.0495109705217,
            48.8473766459647,
            53.342381586585574,
            76.37811907824013
        ],
        [
            96.31589948159466,
            88.7074888863249,
            87.45810568224562,
            53.26065157673833,
            72.90796041376304,
            80.63446232573023,
            1.8358829663164666,
            36.981064743259005,
            25.233591619179897,
            37.70829605243624,
            57.51409900170353,
            67.27475304707228,
            54.894260430932235,
            73.09495571900553,
            85.62162457821559,
            39.768817713701075,
            0.0,
            80.80590718278891,
            39.615652810462535,
            54.09730118438109,
            96.31589948159466
        ],
        [
            76.20775772715947,
            67.34699989185086,
            45.94397376743165,
            106.3197978086058,
            39.82443750661045,
            93.52627736470191,
            81.99343875798681,
            43.858211800041815,
            69.29593130023144,
            97.88109798456932,
            37.47162731107083,
            119.56113485357795,
            84.4749608388288,
            40.08294114166012,
            48.34417553565411,
            41.0495109705217,
            80.80590718278891,
            0.0,
            81.58241536356218,
            78.87914771052777,
            76.20775772715947
        ],
        [
            63.58455328861719,
            58.12855100817313,
            66.10495572863327,
            24.788622158354833,
            54.61835064329846,
            41.466844624406164,
            38.53443285029605,
            48.642611929701765,
            18.91546805772842,
            19.145493059757495,
            45.59011702246582,
            38.67950559490752,
            15.437429239657579,
            54.64492251248602,
            62.99132942038249,
            48.8473766459647,
            39.615652810462535,
            81.58241536356218,
            0.0,
            16.088550123274096,
            63.58455328861719
        ],
        [
            48.03069130029453,
            43.37854830297248,
            54.8626220926552,
            32.04306630119912,
            45.791838495469186,
            26.69528839064031,
            53.24633700026742,
            54.138787168775735,
            30.183851094667546,
            33.15818779669765,
            41.41160170021983,
            42.41909076196416,
            5.730139550167961,
            45.735468989394064,
            51.371050106155224,
            53.342381586585574,
            54.09730118438109,
            78.87914771052777,
            16.088550123274096,
            0.0,
            48.03069130029453
        ],
        [
            0.0,
            9.476971257081626,
            31.047136039057172,
            77.04323262736396,
            37.99336756012353,
            35.4356569277406,
            96.00707087780177,
            79.00293871711214,
            71.18912390215567,
            81.1272535969613,
            50.57029813652993,
            82.47336769409578,
            51.44834124729205,
            37.68886453452615,
            28.050587016661943,
            76.37811907824013,
            96.31589948159466,
            76.20775772715947,
            63.58455328861719,
            48.03069130029453,
            0.0
        ]
    ],
    "scores_ave": [
        0,
        12.964700971085925,
        16.241118988695185,
        13.917510462861214,
        10.340169832986108,
        16.435966000724363,
        15.821310260865982,
        13.082809264467503,
        17.261860173666186,
        10.382047937016653,
        16.795971227526042,
        16.955678518653965,
        17.08650680511282,
        14.91082210689912,
        15.994877919153534,
        14.882756467243127,
        18.69696179959138,
        19.303225369895266,
        19.47096310385612,
        15.739520860213688,
        0
    ],
    "scores_var": [
        0,
        364.217937044153,
        17.35340146773301,
        21.086220887773706,
        17.931067348375404,
        24.450679082269534,
        17.535868711449965,
        395.57689762589587,
        342.9846765784352,
        291.9504274818634,
        20.750042010252805,
        294.78350282792957,
        341.94649357435367,
        22.365232431480578,
        371.05710343690623,
        17.75044260985351,
        16.046297960012367,
        22.5612133172051,
        298.57990969080146,
        334.8019313251558,
        0
    ],
    "vertex_number": 21,
    "minimum_distances": {
        "cost": 382.8873955196603,
        "path": [
            0,
            1,
            14,
            2,
            13,
            4,
            10,
            17,
            15,
            7,
            16,
            6,
            8,
            18,
            9,
            3,
            11,
            12,
            19,
            5,
            20
        ]
    }
}