{
    "vertices": [
        [
            75.98546439757564,
            26.778639136006642
        ],
        [
            48.483456210852424,
            95.2799448717634
        ],
        [
            81.02395040948069,
            94.35307397049496
        ],
        [
            84.71623157427017,
            97.35762166958207
        ],
        [
            89.8941246211015,
            65.51460647813151
        ],
        [
            37.90905573800839,
            52.67254013682609
        ],
        [
            95.82993597025178,
            69.13636318443622
        ],
        [
            58.435178279390065,
            97.61986731402473
        ],
        [
            78.83233831486642,
            97.40329464331894
        ],
        [
            97.39674637542167,
            69.11571668644065
        ],
        [
            51.427320123611665,
            22.740213892703164
        ],
        [
            96.59089980680919,
            76.69086250671373
        ],
        [
            11.636667973331127,
            46.03086447333327
        ],
        [
            57.402919692980234,
            30.36879191602282
        ],
        [
            18.269419921028472,
            23.48695330788407
        ],
        [
            47.701351932618465,
            4.619112118617885
        ],
        [
            12.09717748501189,
            93.20013844297831
        ],
        [
            39.34997672052247,
            87.46965010103811
        ],
        [
            75.98546439757564,
            26.778639136006642
        ]
    ],
    "distances": [
        [
            0.0,
            73.81591523381806,
            67.7620143184415,
            71.1169394094571,
            41.157332216066365,
            46.04679147834956,
            46.775846743395896,
            72.9828209416449,
            70.68201084170913,
            47.443346545604236,
            24.887975583132114,
            53.998277844867,
            67.16707364243335,
            18.926176705350308,
            57.80983467896993,
            35.930984617245436,
            92.16034274463232,
            70.8911684858776,
            0.0
        ],
        [
            73.81591523381806,
            0.0,
            32.553691839153636,
            36.29229603389796,
            50.99822377172579,
            43.89998728481413,
            54.08489631171685,
            10.223111520726814,
            30.42307116672651,
            55.47140516750035,
            72.59944149407265,
            51.57402556047727,
            61.507379423218595,
            65.52110047040237,
            77.89173015547958,
            90.66420618190982,
            36.445670172131166,
            12.017535188460934,
            73.81591523381806
        ],
        [
            67.7620143184415,
            32.553691839153636,
            0.0,
            4.760278046075545,
            30.171794740330018,
            59.96800016001672,
            29.242088011862172,
            22.823771929602024,
            3.755929941596667,
            30.083095758670556,
            77.48782002869744,
            23.54322890621232,
            84.55549003205867,
            68.20514234378597,
            94.65800628892309,
            95.7213637537844,
            68.93641480460015,
            42.238626956786725,
            67.7620143184415
        ],
        [
            71.1169394094571,
            36.29229603389796,
            4.760278046075545,
            0.0,
            32.261249090625356,
            64.71219530626185,
            30.330741103485714,
            26.28236167216252,
            5.884070522060968,
            30.95804665509455,
            81.70623702576695,
            23.835324204400372,
            89.30318370800883,
            72.34307373671622,
            99.35821266048089,
            99.85255364095721,
            72.73796590225842,
            46.43133706017435,
            71.1169394094571
        ],
        [
            41.157332216066365,
            50.99822377172579,
            30.171794740330018,
            32.261249090625356,
            0.0,
            53.54779224855517,
            6.953486752152798,
            44.94900530903235,
            33.752800612414,
            8.3220987689877,
            57.52689552983414,
            13.029025163239599,
            80.64642412089452,
            47.86341691642274,
            83.04469853260515,
            74.08435260182515,
            82.5763505119479,
            55.10657698931534,
            41.157332216066365
        ],
        [
            46.04679147834956,
            43.89998728481413,
            59.96800016001672,
            64.71219530626185,
            53.54779224855517,
            0.0,
            60.21532891399749,
            49.41238637181932,
            60.626359412268044,
            61.718420203488535,
            32.84338025209464,
            63.40692890196541,
            27.098896923612894,
            29.62208494674093,
            35.17831396717748,
            49.04101354034287,
            48.04934217460574,
            34.82693088888702,
            46.04679147834956
        ],
        [
            46.775846743395896,
            54.08489631171685,
            29.242088011862172,
            30.330741103485714,
            6.953486752152798,
            60.21532891399749,
            0.0,
            47.00721125804579,
            32.98390122704614,
            1.56694643291598,
            64.21989538394685,
            7.592728493159721,
            87.30618790607046,
            54.58534750301774,
            89.99723480140534,
            80.49121869221119,
            87.12198415578662,
            59.38093301740492,
            46.775846743395896
        ],
        [
            72.9828209416449,
            10.223111520726814,
            22.823771929602024,
            26.28236167216252,
            44.94900530903235,
            49.41238637181932,
            47.00721125804579,
            0.0,
            20.398309764157677,
            48.275152941256536,
            75.20686519479949,
            43.51875834054095,
            69.65289499341127,
            67.25899716749393,
            84.31475009477369,
            93.61813657063807,
            46.54830094550556,
            21.61647122019253,
            72.9828209416449
        ],
        [
            70.68201084170913,
            30.42307116672651,
            3.755929941596667,
            5.884070522060968,
            33.752800612414,
            60.626359412268044,
            32.98390122704614,
            20.398309764157677,
            0.0,
            33.83525252314922,
            79.53370762913029,
            27.283169743939013,
            84.5835958931656,
            70.37644874791505,
            95.5588436555989,
            97.86747590445331,
            66.86739274886536,
            40.712825632212166,
            70.68201084170913
        ],
        [
            47.443346545604236,
            55.47140516750035,
            30.083095758670556,
            30.95804665509455,
            8.3220987689877,
            61.718420203488535,
            1.56694643291598,
            48.275152941256536,
            33.83525252314922,
            0.0,
            65.29835686518116,
            7.617888348521866,
            88.81273247251053,
            55.685099908948565,
            91.34066914182543,
            81.42139908896121,
            88.63450696109585,
            60.879342466524754,
            47.443346545604236
        ],
        [
            24.887975583132114,
            72.59944149407265,
            77.48782002869744,
            81.70623702576695,
            57.52689552983414,
            32.84338025209464,
            64.21989538394685,
            75.20686519479949,
            79.53370762913029,
            65.29835686518116,
            0.0,
            70.35923120439116,
            46.10586083149983,
            9.690355662787276,
            33.166307687149185,
            18.50019374133822,
            80.69362482627157,
            65.84650435311691,
            24.887975583132114
        ],
        [
            53.998277844867,
            51.57402556047727,
            23.54322890621232,
            23.835324204400372,
            13.029025163239599,
            63.40692890196541,
            7.592728493159721,
            43.51875834054095,
            27.283169743939013,
            7.617888348521866,
            70.35923120439116,
            0.0,
            90.31753421026966,
            60.67480539079467,
            94.68320952278744,
            87.08917897963431,
            86.09149379429255,
            58.246935865964254,
            53.998277844867
        ],
        [
            67.16707364243335,
            61.507379423218595,
            84.55549003205867,
            89.30318370800883,
            80.64642412089452,
            27.098896923612894,
            87.30618790607046,
            69.65289499341127,
            84.5835958931656,
            88.81273247251053,
            46.10586083149983,
            90.31753421026966,
            0.0,
            48.371999268758174,
            23.499389971557726,
            54.91443036371726,
            47.17152187319996,
            49.85178468235646,
            67.16707364243335
        ],
        [
            18.926176705350308,
            65.52110047040237,
            68.20514234378597,
            72.34307373671622,
            47.86341691642274,
            29.62208494674093,
            54.58534750301774,
            67.25899716749393,
            70.37644874791505,
            55.685099908948565,
            9.690355662787276,
            60.67480539079467,
            48.371999268758174,
            0.0,
            39.7339968670384,
            27.51665725842757,
            77.46217388768048,
            59.886699319899414,
            18.926176705350308
        ],
        [
            57.80983467896993,
            77.89173015547958,
            94.65800628892309,
            99.35821266048089,
            83.04469853260515,
            35.17831396717748,
            89.99723480140534,
            84.31475009477369,
            95.5588436555989,
            91.34066914182543,
            33.166307687149185,
            94.68320952278744,
            23.499389971557726,
            39.7339968670384,
            0.0,
            34.960464142774555,
            69.98588970906128,
            67.36598076107389,
            57.80983467896993
        ],
        [
            35.930984617245436,
            90.66420618190982,
            95.7213637537844,
            99.85255364095721,
            74.08435260182515,
            49.04101354034287,
            80.49121869221119,
            93.61813657063807,
            97.86747590445331,
            81.42139908896121,
            18.50019374133822,
            87.08917897963431,
            54.91443036371726,
            27.51665725842757,
            34.960464142774555,
            0.0,
            95.46860982947555,
            83.27038556359439,
            35.930984617245436
        ],
        [
            92.16034274463232,
            36.445670172131166,
            68.93641480460015,
            72.73796590225842,
            82.5763505119479,
            48.04934217460574,
            87.12198415578662,
            46.54830094550556,
            66.86739274886536,
            88.63450696109585,
            80.69362482627157,
            86.09149379429255,
            47.17152187319996,
            77.46217388768048,
            69.98588970906128,
            95.46860982947555,
            0.0,
            27.848762320939123,
            92.16034274463232
        ],
        [
            70.8911684858776,
            12.017535188460934,
            42.238626956786725,
            46.43133706017435,
            55.10657698931534,
            34.82693088888702,
            59.38093301740492,
            21.61647122019253,
            40.712825632212166,
            60.879342466524754,
            65.84650435311691,
            58.246935865964254,
            49.85178468235646,
            59.886699319899414,
            67.36598076107389,
            83.27038556359439,
            27.848762320939123,
            0.0,
            70.8911684858776
        ],
        [
            0.0,
            73.81591523381806,
            67.7620143184415,
            71.1169394094571,
            41.157332216066365,
            46.04679147834956,
            46.775846743395896,
            72.9828209416449,
            70.68201084170913,
            47.443346545604236,
            24.887975583132114,
            53.998277844867,
            67.16707364243335,
            18.926176705350308,
            57.80983467896993,
            35.930984617245436,
            92.16034274463232,
            70.8911684858776,
            0.0
        ]
    ],
    "scores_ave": [
        0,
        12.728390523005697,
        16.064335418904182,
        13.409198274611366,
        10.91044760686572,
        15.740222809761228,
        18.683340246049582,
        19.70340244245184,
        19.474037143392685,
        14.79559043427871,
        16.952883150136504,
        19.827971600955387,
        10.718972520425194,
        11.278725912691115,
        19.319802440033364,
        19.507832328950943,
        17.1670860524887,
        19.035894758321618,
        0
    ],
    "scores_var": [
        0,
        24.469818667566145,
        24.659746282807898,
        19.99494873295548,
        368.67912259965055,
        19.96487140197182,
        280.99157970579535,
        23.08335447283776,
        21.88428437515398,
        395.1241687171928,
        24.27423977353358,
        20.609333646730448,
        19.938801202919336,
        21.267207604694153,
        384.3655078641906,
        20.823852383654014,
        22.403320100466228,
        274.84611427188014,
        0
    ],
    "vertex_number": 19,
    "minimum_distances": {
        "cost": 340.85972405804085,
        "path": [
            0,
            4,
            6,
            9,
            11,
            3,
            2,
            8,
            7,
            1,
            17,
            16,
            5,
            12,
            14,
            15,
            10,
            13,
            18
        ]
    }
}