{
    "vertices": [
        [
            40.887940064486614,
            22.741418394010793
        ],
        [
            90.38437156763665,
            14.611517307243183
        ],
        [
            72.1964007807889,
            51.35266436544422
        ],
        [
            52.397759994270146,
            40.88225948801111
        ],
        [
            76.46718585599405,
            25.560897041155073
        ],
        [
            67.30162657350866,
            45.52140659592043
        ],
        [
            29.220191483734105,
            69.43600142264718
        ],
        [
            84.56069214246472,
            82.98147268819179
        ],
        [
            55.54586221555178,
            54.482532935429596
        ],
        [
            33.33346827270236,
            94.89673495162305
        ],
        [
            29.796883839433008,
            59.571271533173096
        ],
        [
            27.10720547157176,
            56.287669871537126
        ],
        [
            32.763860974853365,
            63.30743911674145
        ],
        [
            45.96578098277037,
            4.11231836578162
        ],
        [
            59.1410921497521,
            96.76699837714622
        ],
        [
            49.352054841611405,
            63.51134499844902
        ],
        [
            0.2469796458189566,
            24.547439331547295
        ],
        [
            40.907789737476854,
            23.444731773463225
        ],
        [
            42.54646971942857,
            49.89965054302764
        ],
        [
            76.84445847646838,
            97.3267972131263
        ],
        [
            65.23859006433163,
            55.2319078719257
        ],
        [
            40.887940064486614,
            22.741418394010793
        ]
    ],
    "distances": [
        [
            0.0,
            50.159665302179285,
            42.41253480354728,
            21.48408877317846,
            35.69078579877728,
            34.87994692478811,
            48.130244557469986,
            74.40546630073905,
            34.96216575268407,
            72.54970538590833,
            38.46361411047542,
            36.26650843566,
            41.371520377327556,
            19.308750250939728,
            76.24279672787071,
            41.63926217275736,
            40.68106900486431,
            0.7035934331946396,
            27.20882750278325,
            82.80006008392836,
            40.60278391846366,
            0.0
        ],
        [
            50.159665302179285,
            0.0,
            40.996514101757256,
            46.18586963081025,
            17.708104774078716,
            38.57764083380716,
            82.13879098121816,
            68.61753449986433,
            52.947328743746745,
            98.49122671067401,
            75.4468234538158,
            75.76873657196145,
            75.44147428205403,
            45.64257188150509,
            87.89576541910995,
            63.83450606164719,
            90.68336103685404,
            50.25890794080923,
            59.44507717637572,
            83.81614866137062,
            47.77370047462625,
            50.159665302179285
        ],
        [
            42.41253480354728,
            40.996514101757256,
            0.0,
            22.39677555566826,
            26.14296974080918,
            7.613302943853446,
            46.62576159880576,
            33.959640999184856,
            16.942151922876597,
            58.36448925795731,
            43.188708485410515,
            45.358459111591266,
            41.20487634857002,
            54.03420865670228,
            47.25360110275256,
            25.878517270589935,
            76.780461647317,
            41.926481876950085,
            29.68551264693864,
            46.208498476348325,
            7.966157175742041,
            42.41253480354728
        ],
        [
            21.48408877317846,
            46.18586963081025,
            22.39677555566826,
            0.0,
            28.532111883647058,
            15.609193601867013,
            36.776566731145344,
            52.97922193127825,
            13.959870538088621,
            57.280108052046955,
            29.327099655276104,
            29.61315277288845,
            29.805681875868526,
            37.32825905579574,
            56.29011075904867,
            22.83313011646986,
            54.64915589921238,
            20.882691141172874,
            13.35519604941389,
            61.51119333650961,
            19.256150332560708,
            21.48408877317846
        ],
        [
            35.69078579877728,
            17.708104774078716,
            26.14296974080918,
            28.532111883647058,
            0.0,
            21.964275964543727,
            64.47715302104451,
            57.98816561718612,
            35.6954171521936,
            81.657675764755,
            57.747923455344534,
            58.14243056598561,
            57.74757176133506,
            37.28776242192602,
            73.28371163218276,
            46.64189994078727,
            76.22694360428456,
            35.62230772639247,
            41.749130592652676,
            71.76689182431896,
            31.724600031714296,
            35.69078579877728
        ],
        [
            34.87994692478811,
            38.57764083380716,
            7.613302943853446,
            15.609193601867013,
            21.964275964543727,
            0.0,
            44.967805641627855,
            41.244780226725204,
            14.781738088345842,
            59.931284222700306,
            40.050024123641194,
            41.61134355725278,
            38.84842603477469,
            46.58251705439764,
            51.891280568987234,
            25.41308735839268,
            70.25833030612186,
            34.40950732201182,
            25.139347862076477,
            52.676979200875095,
            9.927232981525982,
            34.87994692478811
        ],
        [
            48.130244557469986,
            82.13879098121816,
            46.62576159880576,
            36.776566731145344,
            64.47715302104451,
            44.967805641627855,
            0.0,
            56.974123994710595,
            30.276181385344668,
            25.790851047923578,
            9.881572236512008,
            13.317031668713184,
            7.079326903008366,
            67.43588314676437,
            40.52460599675896,
            20.98555398375357,
            53.426866002145736,
            47.453101446426444,
            23.648651067381312,
            55.19028262675819,
            38.71797140745416,
            48.130244557469986
        ],
        [
            74.40546630073905,
            68.61753449986433,
            33.959640999184856,
            52.97922193127825,
            57.98816561718612,
            41.244780226725204,
            56.974123994710595,
            0.0,
            40.67001257338448,
            52.594694981614815,
            59.557637780301896,
            63.35189215372272,
            55.40739405509512,
            87.80609700332234,
            28.917067318632746,
            40.233493669304025,
            102.58332403121125,
            73.82546584429325,
            53.475245135077465,
            16.288910267846127,
            33.81393168813629,
            74.40546630073905
        ],
        [
            34.96216575268407,
            52.947328743746745,
            16.942151922876597,
            13.959870538088621,
            35.6954171521936,
            14.781738088345842,
            30.276181385344668,
            40.67001257338448,
            0.0,
            46.116137840001606,
            26.247002646587983,
            28.495889471290763,
            24.431507314124936,
            51.27315547359132,
            42.43703212963293,
            10.949095718588051,
            62.881445932280336,
            34.316443097196654,
            13.783577775412747,
            47.84622434615555,
            9.72165294309363,
            34.96216575268407
        ],
        [
            72.54970538590833,
            98.49122671067401,
            58.36448925795731,
            57.280108052046955,
            81.657675764755,
            59.931284222700306,
            25.790851047923578,
            52.594694981614815,
            46.116137840001606,
            0.0,
            35.502053393879756,
            39.10787970252354,
            31.5944308987744,
            91.65907276007404,
            25.875303581989474,
            35.23688150473067,
            77.74148907692529,
            71.85234236838424,
            45.93056717406872,
            43.57879611814678,
            50.90417766550196,
            72.54970538590833
        ],
        [
            38.46361411047542,
            75.4468234538158,
            43.188708485410515,
            29.327099655276104,
            57.747923455344534,
            40.050024123641194,
            9.881572236512008,
            59.557637780301896,
            26.247002646587983,
            35.502053393879756,
            0.0,
            4.24457413586325,
            4.770943463783047,
            57.76788659155486,
            47.37725885708103,
            19.948155098560125,
            45.82429115588598,
            37.7965488488709,
            16.00288076217543,
            60.32374324092479,
            35.706366618805845,
            38.46361411047542
        ],
        [
            36.26650843566,
            75.76873657196145,
            45.358459111591266,
            29.61315277288845,
            58.14243056598561,
            41.61134355725278,
            13.317031668713184,
            63.35189215372272,
            28.495889471290763,
            39.10787970252354,
            4.24457413586325,
            0.0,
            9.015259937390743,
            55.47894352870036,
            51.62117716572838,
            23.388347650805063,
            41.580211232533934,
            35.62463626472924,
            16.708610697977267,
            64.4825891960944,
            38.14599748808239,
            36.26650843566
        ],
        [
            41.371520377327556,
            75.44147428205403,
            41.20487634857002,
            29.805681875868526,
            57.74757176133506,
            38.84842603477469,
            7.079326903008366,
            55.40739405509512,
            24.431507314124936,
            31.5944308987744,
            4.770943463783047,
            9.015259937390743,
            0.0,
            60.64942714169816,
            42.60634260711178,
            16.589447048342027,
            50.5933311288628,
            40.68610343135029,
            16.597235561588256,
            55.681377509805316,
            33.46374507315344,
            41.371520377327556
        ],
        [
            19.308750250939728,
            45.64257188150509,
            54.03420865670228,
            37.32825905579574,
            37.28776242192602,
            46.58251705439764,
            67.43588314676437,
            87.80609700332234,
            51.27315547359132,
            91.65907276007404,
            57.76788659155486,
            55.47894352870036,
            60.64942714169816,
            0.0,
            93.58674346484742,
            59.49547222735022,
            50.077968854308644,
            19.983129975130858,
            45.914828513510585,
            98.1958847943328,
            54.63198331720153,
            19.308750250939728
        ],
        [
            76.24279672787071,
            87.89576541910995,
            47.25360110275256,
            56.29011075904867,
            73.28371163218276,
            51.891280568987234,
            40.52460599675896,
            28.917067318632746,
            42.43703212963293,
            25.875303581989474,
            47.37725885708103,
            51.62117716572838,
            42.60634260711178,
            93.58674346484742,
            0.0,
            34.6664640980909,
            93.18895426157911,
            75.55533135893886,
            49.71850547441321,
            17.7122148257827,
            41.98027184398836,
            76.24279672787071
        ],
        [
            41.63926217275736,
            63.83450606164719,
            25.878517270589935,
            22.83313011646986,
            46.64189994078727,
            25.41308735839268,
            20.98555398375357,
            40.233493669304025,
            10.949095718588051,
            35.23688150473067,
            19.948155098560125,
            23.388347650805063,
            16.589447048342027,
            59.49547222735022,
            34.6664640980909,
            0.0,
            62.68567902482709,
            40.94678385990176,
            15.21821983028979,
            43.58115494230298,
            17.914549408645005,
            41.63926217275736
        ],
        [
            40.68106900486431,
            90.68336103685404,
            76.780461647317,
            54.64915589921238,
            76.22694360428456,
            70.25833030612186,
            53.426866002145736,
            102.58332403121125,
            62.881445932280336,
            77.74148907692529,
            45.82429115588598,
            41.580211232533934,
            50.5933311288628,
            50.077968854308644,
            93.18895426157911,
            62.68567902482709,
            0.0,
            40.67575987327741,
            49.31512418922726,
            105.65987268999874,
            71.8710375213632,
            40.68106900486431
        ],
        [
            0.7035934331946396,
            50.25890794080923,
            41.926481876950085,
            20.882691141172874,
            35.62230772639247,
            34.40950732201182,
            47.453101446426444,
            73.82546584429325,
            34.316443097196654,
            71.85234236838424,
            37.7965488488709,
            35.62463626472924,
            40.68610343135029,
            19.983129975130858,
            75.55533135893886,
            40.94678385990176,
            40.67575987327741,
            0.0,
            26.505622029816635,
            82.15840646998132,
            40.03014375267644,
            0.7035934331946396
        ],
        [
            27.20882750278325,
            59.44507717637572,
            29.68551264693864,
            13.35519604941389,
            41.749130592652676,
            25.139347862076477,
            23.648651067381312,
            53.475245135077465,
            13.783577775412747,
            45.93056717406872,
            16.00288076217543,
            16.708610697977267,
            16.597235561588256,
            45.914828513510585,
            49.71850547441321,
            15.21821983028979,
            49.31512418922726,
            26.505622029816635,
            0.0,
            58.5293624947776,
            23.31019721000126,
            27.20882750278325
        ],
        [
            82.80006008392836,
            83.81614866137062,
            46.208498476348325,
            61.51119333650961,
            71.76689182431896,
            52.676979200875095,
            55.19028262675819,
            16.288910267846127,
            47.84622434615555,
            43.57879611814678,
            60.32374324092479,
            64.4825891960944,
            55.681377509805316,
            98.1958847943328,
            17.7122148257827,
            43.58115494230298,
            105.65987268999874,
            82.15840646998132,
            58.5293624947776,
            0.0,
            43.66549999997432,
            82.80006008392836
        ],
        [
            40.60278391846366,
            47.77370047462625,
            7.966157175742041,
            19.256150332560708,
            31.724600031714296,
            9.927232981525982,
            38.71797140745416,
            33.81393168813629,
            9.72165294309363,
            50.90417766550196,
            35.706366618805845,
            38.14599748808239,
            33.46374507315344,
            54.63198331720153,
            41.98027184398836,
            17.914549408645005,
            71.8710375213632,
            40.03014375267644,
            23.31019721000126,
            43.66549999997432,
            0.0,
            40.60278391846366
        ],
        [
            0.0,
            50.159665302179285,
            42.41253480354728,
            21.48408877317846,
            35.69078579877728,
            34.87994692478811,
            48.130244557469986,
            74.40546630073905,
            34.96216575268407,
            72.54970538590833,
            38.46361411047542,
            36.26650843566,
            41.371520377327556,
            19.308750250939728,
            76.24279672787071,
            41.63926217275736,
            40.68106900486431,
            0.7035934331946396,
            27.20882750278325,
            82.80006008392836,
            40.60278391846366,
            0.0
        ]
    ],
    "scores_ave": [
        0,
        15.986442667911792,
        17.75556349038422,
        17.87971947177744,
        16.542073581143942,
        14.933191410377724,
        13.081906938033386,
        14.54977042780845,
        17.721368438522894,
        10.119699761988803,
        13.082250763526401,
        13.869484905536336,
        12.078125417029902,
        19.68865092034934,
        12.062688337715098,
        14.395380495656937,
        10.228088712325183,
        14.639770925678555,
        12.081980617587613,
        11.007247115703588,
        17.64698517616422,
        0
    ],
    "scores_var": [
        0,
        295.9525313040108,
        22.425517812779585,
        305.08283299901245,
        246.15469503426576,
        267.39851296412354,
        274.6491495512816,
        349.4726417877948,
        16.343573787307594,
        23.350279432455267,
        23.24807129417178,
        305.82178061259754,
        279.77286871881654,
        23.849677434473993,
        23.96421108940526,
        22.962888920401,
        19.813074049786586,
        24.338492952156916,
        378.9405395975565,
        270.2971450831734,
        23.061579055809034,
        0
    ],
    "vertex_number": 22,
    "minimum_distances": {
        "cost": 428.23835259902506,
        "path": [
            0,
            13,
            16,
            11,
            10,
            6,
            12,
            18,
            15,
            9,
            14,
            19,
            7,
            1,
            4,
            5,
            2,
            20,
            8,
            3,
            17,
            21
        ]
    }
}