{
    "vertices": [
        [
            15.08487923915628,
            57.64460734143961
        ],
        [
            62.088773219322945,
            51.48918006439923
        ],
        [
            1.012136160128485,
            53.12878138593469
        ],
        [
            77.577154729307,
            50.36192039729409
        ],
        [
            73.56303820352298,
            7.072609000409158
        ],
        [
            0.6178344206307473,
            95.65161177395524
        ],
        [
            15.409275165122772,
            54.66071376114468
        ],
        [
            79.90031605469102,
            1.4094348312958194
        ],
        [
            21.956742057766597,
            61.26885565688966
        ],
        [
            35.75191675583491,
            24.606224130446307
        ],
        [
            78.19910247720416,
            29.74121457821004
        ],
        [
            87.27647410344687,
            5.281685480047827
        ],
        [
            98.27804470560972,
            10.962444356539624
        ],
        [
            18.2224689710782,
            13.967762091953595
        ],
        [
            56.13853989682512,
            52.88767781137461
        ],
        [
            45.14233047399978,
            86.4726208395307
        ],
        [
            15.08487923915628,
            57.64460734143961
        ]
    ],
    "distances": [
        [
            0.0,
            47.40522475699995,
            14.77953929690424,
            62.91519709150818,
            77.31249635128158,
            40.667281341571005,
            3.0014752398294022,
            85.81046251381126,
            7.769020173087561,
            38.970003912140506,
            69.00727862074548,
            89.18240832648605,
            95.39563470766085,
            43.789396893236734,
            41.32833691245065,
            41.64738571604606,
            0.0
        ],
        [
            47.40522475699995,
            0.0,
            61.09864063098415,
            15.52934886451772,
            45.874726615099505,
            75.69013602374989,
            46.787115369315835,
            53.15291093429122,
            41.30643993188572,
            37.63407137322809,
            27.065045937256777,
            52.62654113269237,
            54.33304406935867,
            57.72442684914716,
            6.112370451834435,
            38.871879941516184,
            47.40522475699995
        ],
        [
            14.77953929690424,
            61.09864063098415,
            0.0,
            76.61499584434571,
            85.93488466342099,
            42.524658470940544,
            14.478412493479539,
            94.33046027193811,
            22.470810518182034,
            44.94873333288085,
            80.65237783487328,
            98.64522587244744,
            106.01253201227887,
            42.77593935388458,
            55.12693098545344,
            55.31080979055744,
            14.77953929690424
        ],
        [
            62.91519709150818,
            15.52934886451772,
            76.61499584434571,
            0.0,
            43.47502286024751,
            89.2966579854288,
            62.316329111172784,
            49.007580246662144,
            56.67972779141993,
            49.11930803388509,
            20.630083070078054,
            46.11186806577754,
            44.50669116095888,
            69.62408692551934,
            21.586886214790095,
            48.538649660879656,
            62.91519709150818
        ],
        [
            77.31249635128158,
            45.874726615099505,
            85.93488466342099,
            43.47502286024751,
            0.0,
            114.74860560060658,
            75.14311592052289,
            8.49897830522102,
            74.83610728474314,
            41.67863439053737,
            23.13782121963104,
            13.829885438321783,
            25.01923990643985,
            55.768465454294585,
            49.01666728158511,
            84.33325861070247,
            77.31249635128158
        ],
        [
            40.667281341571005,
            75.69013602374989,
            42.524658470940544,
            89.2966579854288,
            114.74860560060658,
            0.0,
            43.577981128024454,
            123.15559187039226,
            40.466318060231586,
            79.25812795514008,
            101.7989863002908,
            125.20560454725025,
            129.26628234292716,
            83.55940675068635,
            70.0806876716423,
            45.46080315371388,
            40.667281341571005
        ],
        [
            3.0014752398294022,
            46.787115369315835,
            14.478412493479539,
            62.316329111172784,
            75.14311592052289,
            43.577981128024454,
            0.0,
            83.63487946236623,
            9.30251912250478,
            36.29180918402839,
            67.55400693822153,
            87.19623109530603,
            93.68442620901182,
            40.79007691756645,
            40.76783857484071,
            43.543679334257064,
            3.0014752398294022
        ],
        [
            85.81046251381126,
            53.15291093429122,
            94.33046027193811,
            49.007580246662144,
            8.49897830522102,
            123.15559187039226,
            83.63487946236623,
            0.0,
            83.31031166135796,
            49.87155696828023,
            28.382809432187727,
            8.330788236834863,
            20.712336936140183,
            62.943374587444126,
            56.69772046998499,
            91.89049556672934,
            85.81046251381126
        ],
        [
            7.769020173087561,
            41.30643993188572,
            22.470810518182034,
            56.67972779141993,
            74.83610728474314,
            40.466318060231586,
            9.30251912250478,
            83.31031166135796,
            0.0,
            39.17212523458464,
            64.47631547735932,
            86.03040520031344,
            91.40938822562839,
            47.44826917733461,
            35.19430984674111,
            34.24618649702,
            7.769020173087561
        ],
        [
            38.970003912140506,
            37.63407137322809,
            44.94873333288085,
            49.11930803388509,
            41.67863439053737,
            79.25812795514008,
            36.29180918402839,
            49.87155696828023,
            39.17212523458464,
            0.0,
            42.756656821634664,
            55.02924498771629,
            63.997417158120335,
            20.505082642675756,
            34.86337656336877,
            62.5750022897651,
            38.970003912140506
        ],
        [
            69.00727862074548,
            27.065045937256777,
            80.65237783487328,
            20.630083070078054,
            23.13782121963104,
            101.7989863002908,
            67.55400693822153,
            28.382809432187727,
            64.47631547735932,
            42.756656821634664,
            0.0,
            26.08960021435285,
            27.49192848910282,
            62.016113793629,
            31.975415268094004,
            65.6597489460541,
            69.00727862074548
        ],
        [
            89.18240832648605,
            52.62654113269237,
            98.64522587244744,
            46.11186806577754,
            13.829885438321783,
            125.20560454725025,
            87.19623109530603,
            8.330788236834863,
            86.03040520031344,
            55.02924498771629,
            26.08960021435285,
            0.0,
            12.38166293868534,
            69.59815767481993,
            56.8849844203745,
            91.47269561970175,
            89.18240832648605
        ],
        [
            95.39563470766085,
            54.33304406935867,
            106.01253201227887,
            44.50669116095888,
            25.01923990643985,
            129.26628234292716,
            93.68442620901182,
            20.712336936140183,
            91.40938822562839,
            63.997417158120335,
            27.49192848910282,
            12.38166293868534,
            0.0,
            80.11196627769228,
            59.442939578826305,
            92.33196022719204,
            95.39563470766085
        ],
        [
            43.789396893236734,
            57.72442684914716,
            42.77593935388458,
            69.62408692551934,
            55.768465454294585,
            83.55940675068635,
            40.79007691756645,
            62.943374587444126,
            47.44826917733461,
            20.505082642675756,
            62.016113793629,
            69.59815767481993,
            80.11196627769228,
            0.0,
            54.33588385269081,
            77.34102071567578,
            43.789396893236734
        ],
        [
            41.32833691245065,
            6.112370451834435,
            55.12693098545344,
            21.586886214790095,
            49.01666728158511,
            70.0806876716423,
            40.76783857484071,
            56.69772046998499,
            35.19430984674111,
            34.86337656336877,
            31.975415268094004,
            56.8849844203745,
            59.442939578826305,
            54.33588385269081,
            0.0,
            35.33928437129314,
            41.32833691245065
        ],
        [
            41.64738571604606,
            38.871879941516184,
            55.31080979055744,
            48.538649660879656,
            84.33325861070247,
            45.46080315371388,
            43.543679334257064,
            91.89049556672934,
            34.24618649702,
            62.5750022897651,
            65.6597489460541,
            91.47269561970175,
            92.33196022719204,
            77.34102071567578,
            35.33928437129314,
            0.0,
            41.64738571604606
        ],
        [
            0.0,
            47.40522475699995,
            14.77953929690424,
            62.91519709150818,
            77.31249635128158,
            40.667281341571005,
            3.0014752398294022,
            85.81046251381126,
            7.769020173087561,
            38.970003912140506,
            69.00727862074548,
            89.18240832648605,
            95.39563470766085,
            43.789396893236734,
            41.32833691245065,
            41.64738571604606,
            0.0
        ]
    ],
    "scores_ave": [
        0,
        14.63146555630904,
        18.642270574522225,
        13.562496915311792,
        15.152164065508535,
        14.67320916591575,
        18.179243146462156,
        10.269682501328504,
        11.183679725651741,
        14.928322290255092,
        13.647896466622036,
        14.556866688580973,
        11.058793457830877,
        16.000166238307038,
        16.35684020026058,
        16.259224275812116,
        0
    ],
    "scores_var": [
        0,
        287.0798523410738,
        226.60961387524688,
        17.583874068796955,
        377.15147757131945,
        301.05098342847197,
        21.03143891994626,
        21.829832212993256,
        19.204473801225213,
        268.25262912051534,
        329.82293040245054,
        22.858241707127195,
        21.304691923974797,
        17.610175508936713,
        24.923415855572408,
        388.28807046556346,
        0
    ],
    "vertex_number": 17,
    "minimum_distances": {
        "cost": 350.450130235007,
        "path": [
            0,
            8,
            5,
            15,
            14,
            1,
            3,
            10,
            12,
            11,
            7,
            4,
            9,
            13,
            2,
            6,
            16
        ]
    }
}