{
    "vertices": [
        [
            73.36382961922025,
            81.00328902632214
        ],
        [
            44.57670709249447,
            35.05256848313459
        ],
        [
            9.70943319852562,
            15.15520553380264
        ],
        [
            13.317876325196265,
            37.567357315314375
        ],
        [
            84.07993097087486,
            27.689520405140446
        ],
        [
            27.675202426156766,
            96.94224202061919
        ],
        [
            3.329755387052924,
            1.1538190907342871
        ],
        [
            19.76392435490817,
            94.40025368674357
        ],
        [
            81.31169556636955,
            90.33430696861117
        ],
        [
            81.74565452984656,
            72.45701863367447
        ],
        [
            64.85764195094285,
            86.93190261779321
        ],
        [
            65.58172442772654,
            73.21980704476144
        ],
        [
            83.36883437750717,
            52.94536594094518
        ],
        [
            18.854585341370257,
            23.9436835741743
        ],
        [
            24.038102671219185,
            82.05289690330224
        ],
        [
            73.36382961922025,
            81.00328902632214
        ]
    ],
    "distances": [
        [
            0.0,
            54.22330810460425,
            91.58521869450747,
            74.10935616095608,
            54.380076799981,
            48.38905741323292,
            106.21068403202698,
            55.24878737543306,
            12.257098716791642,
            11.970535763141175,
            10.368398514955441,
            11.00653228627225,
            29.7883730351,
            78.91169929799447,
            49.3368930481458,
            0.0
        ],
        [
            54.22330810460425,
            0.0,
            40.145134713119226,
            31.359825634225793,
            40.18356845508242,
            64.15600167219476,
            53.389476822308225,
            64.32590400615703,
            66.37416657218648,
            52.731618073645954,
            55.70261779295639,
            43.56545480852386,
            42.71980032915486,
            28.01847375037019,
            51.29195982975546,
            54.22330810460425
        ],
        [
            91.58521869450747,
            40.145134713119226,
            0.0,
            22.700779926600237,
            75.41936083129347,
            83.73701810571212,
            15.386328714359877,
            79.8803508328281,
            103.8209095931007,
            92.04735177194236,
            90.5164027836233,
            80.58046212219858,
            82.78770201934411,
            12.68349927984666,
            68.41499747443189,
            91.58521869450747
        ],
        [
            74.10935616095608,
            31.359825634225793,
            22.700779926600237,
            0.0,
            71.44816330530826,
            61.086084720970305,
            37.758553016607145,
            57.197287043766,
            86.06689509163732,
            76.80917456225322,
            71.3666993329338,
            63.26615991345695,
            71.71903424709926,
            14.705768695814985,
            45.75900441819511,
            74.10935616095608
        ],
        [
            54.380076799981,
            40.18356845508242,
            75.41936083129347,
            71.44816330530826,
            0.0,
            89.31647582251739,
            84.99843705072139,
            92.66536916234814,
            62.7059200621246,
            44.828314089924646,
            62.282872809431616,
            49.14458919147687,
            25.265854271991817,
            65.33281722115278,
            80.9962829384548,
            54.380076799981
        ],
        [
            48.38905741323292,
            64.15600167219476,
            83.73701810571212,
            61.086084720970305,
            89.31647582251739,
            0.0,
            98.83381384388801,
            8.309634493175897,
            54.042004052696356,
            59.356043963576255,
            38.50637225153967,
            44.7175394161988,
            70.97538830258465,
            73.52953706515129,
            15.327135826694336,
            48.38905741323292
        ],
        [
            106.21068403202698,
            53.389476822308225,
            15.386328714359877,
            37.758553016607145,
            84.99843705072139,
            98.83381384388801,
            0.0,
            94.683575526761,
            118.46662995234844,
            105.98678928731225,
            105.56306379882125,
            95.23032221530583,
            95.33424615938264,
            27.57531991263255,
            83.5074633680461,
            106.21068403202698
        ],
        [
            55.24878737543306,
            64.32590400615703,
            79.8803508328281,
            57.197287043766,
            92.66536916234814,
            8.309634493175897,
            94.683575526761,
            0.0,
            61.681926557242726,
            65.75135314252557,
            45.70798217292051,
            50.47655023341638,
            75.92161943082918,
            70.46243800400984,
            13.066209083633165,
            55.24878737543306
        ],
        [
            12.257098716791642,
            66.37416657218648,
            103.8209095931007,
            86.06689509163732,
            62.7059200621246,
            54.042004052696356,
            118.46662995234844,
            61.681926557242726,
            0.0,
            17.88255458799011,
            16.80214973584635,
            23.24517368543403,
            37.445490132438835,
            91.15155233104733,
            57.86921630529671,
            12.257098716791642
        ],
        [
            11.970535763141175,
            52.731618073645954,
            92.04735177194236,
            76.80917456225322,
            44.828314089924646,
            59.356043963576255,
            105.98678928731225,
            65.75135314252557,
            17.88255458799011,
            0.0,
            22.242464683998207,
            16.181918381524184,
            19.57905267421132,
            79.42814527776059,
            58.4999352245939,
            11.970535763141175
        ],
        [
            10.368398514955441,
            55.70261779295639,
            90.5164027836233,
            71.3666993329338,
            62.282872809431616,
            38.50637225153967,
            105.56306379882125,
            45.70798217292051,
            16.80214973584635,
            22.242464683998207,
            0.0,
            13.731200254789922,
            38.70076123721636,
            77.99869842318176,
            41.1100898049486,
            10.368398514955441
        ],
        [
            11.00653228627225,
            43.56545480852386,
            80.58046212219858,
            63.26615991345695,
            49.14458919147687,
            44.7175394161988,
            95.23032221530583,
            50.47655023341638,
            23.24517368543403,
            16.181918381524184,
            13.731200254789922,
            0.0,
            26.970988903592303,
            67.90848158723794,
            42.47229667791474,
            11.00653228627225
        ],
        [
            29.7883730351,
            42.71980032915486,
            82.78770201934411,
            71.71903424709926,
            25.265854271991817,
            70.97538830258465,
            95.33424615938264,
            75.92161943082918,
            37.445490132438835,
            19.57905267421132,
            38.70076123721636,
            26.970988903592303,
            0.0,
            70.73320230839094,
            66.08618678307973,
            29.7883730351
        ],
        [
            78.91169929799447,
            28.01847375037019,
            12.68349927984666,
            14.705768695814985,
            65.33281722115278,
            73.52953706515129,
            27.57531991263255,
            70.46243800400984,
            91.15155233104733,
            79.42814527776059,
            77.99869842318176,
            67.90848158723794,
            70.73320230839094,
            0.0,
            58.33994793997458,
            78.91169929799447
        ],
        [
            49.3368930481458,
            51.29195982975546,
            68.41499747443189,
            45.75900441819511,
            80.9962829384548,
            15.327135826694336,
            83.5074633680461,
            13.066209083633165,
            57.86921630529671,
            58.4999352245939,
            41.1100898049486,
            42.47229667791474,
            66.08618678307973,
            58.33994793997458,
            0.0,
            49.3368930481458
        ],
        [
            0.0,
            54.22330810460425,
            91.58521869450747,
            74.10935616095608,
            54.380076799981,
            48.38905741323292,
            106.21068403202698,
            55.24878737543306,
            12.257098716791642,
            11.970535763141175,
            10.368398514955441,
            11.00653228627225,
            29.7883730351,
            78.91169929799447,
            49.3368930481458,
            0.0
        ]
    ],
    "scores_ave": [
        0,
        16.14238740915568,
        15.91749350940091,
        18.056477126643664,
        14.384715926975442,
        13.020186604070448,
        13.618726702273577,
        18.421570191781516,
        11.026680302263083,
        16.25513682642262,
        18.953100314557766,
        18.51594653826507,
        14.400869901067715,
        16.432641099911525,
        15.466869680751588,
        0
    ],
    "scores_var": [
        0,
        369.49788063659537,
        311.55496555564514,
        22.723791868453183,
        268.4403771330592,
        24.186868191514314,
        21.52526435695608,
        295.3258210852351,
        364.5805272046641,
        17.387082408930933,
        18.516353180408544,
        20.387234466814625,
        371.1594261601158,
        18.75168207043731,
        16.77088497728153,
        0
    ],
    "vertex_number": 16,
    "minimum_distances": {
        "cost": 339.22798379763617,
        "path": [
            0,
            11,
            10,
            5,
            7,
            14,
            3,
            2,
            6,
            13,
            1,
            4,
            12,
            9,
            8,
            15
        ]
    }
}