{
    "vertices": [
        [
            91.88746954947608,
            45.23073726110829
        ],
        [
            39.09149990211795,
            6.917162137419586
        ],
        [
            40.94733233178225,
            27.759318034855408
        ],
        [
            63.222110211185864,
            67.46916645193957
        ],
        [
            70.95420683242315,
            60.132024746980775
        ],
        [
            79.67500061011854,
            60.98296658672352
        ],
        [
            34.40860067898663,
            83.36538374097647
        ],
        [
            48.667613487497306,
            40.53229968583595
        ],
        [
            73.89416960023989,
            11.111346887312635
        ],
        [
            91.88746954947608,
            45.23073726110829
        ]
    ],
    "distances": [
        [
            0.0,
            65.2330012322237,
            53.85302284493374,
            36.28016756947133,
            25.69532752696058,
            19.931811917674345,
            68.97877665467433,
            43.47448991842106,
            38.573198500288285,
            0.0
        ],
        [
            65.2330012322237,
            0.0,
            20.92461651882807,
            65.183062066719,
            62.02462168752819,
            67.60274950374915,
            76.59151474857084,
            34.95253100705353,
            35.05448621550187,
            65.2330012322237
        ],
        [
            53.85302284493374,
            20.92461651882807,
            0.0,
            45.53062475833788,
            44.140736935018424,
            51.02590629645791,
            55.989191411742354,
            14.924871904963696,
            36.914076303270086,
            53.85302284493374
        ],
        [
            36.28016756947133,
            65.183062066719,
            45.53062475833788,
            0.0,
            10.65921979127904,
            17.68525914909985,
            32.907568364472205,
            30.61744871890339,
            57.3593643416883,
            36.28016756947133
        ],
        [
            25.69532752696058,
            62.02462168752819,
            44.140736935018424,
            10.65921979127904,
            0.0,
            8.762211257879795,
            43.30554582574821,
            29.678973455875482,
            49.10875928892428,
            25.69532752696058
        ],
        [
            19.931811917674345,
            67.60274950374915,
            51.02590629645791,
            17.68525914909985,
            8.762211257879795,
            0.0,
            50.49771836818151,
            37.144149375953624,
            50.20554211048261,
            19.931811917674345
        ],
        [
            68.97877665467433,
            76.59151474857084,
            55.989191411742354,
            32.907568364472205,
            43.30554582574821,
            50.49771836818151,
            0.0,
            45.14413069212879,
            82.33927370754282,
            68.97877665467433
        ],
        [
            43.47448991842106,
            34.95253100705353,
            14.924871904963696,
            30.61744871890339,
            29.678973455875482,
            37.144149375953624,
            45.14413069212879,
            0.0,
            38.75527830995782,
            43.47448991842106
        ],
        [
            38.573198500288285,
            35.05448621550187,
            36.914076303270086,
            57.3593643416883,
            49.10875928892428,
            50.20554211048261,
            82.33927370754282,
            38.75527830995782,
            0.0,
            38.573198500288285
        ],
        [
            0.0,
            65.2330012322237,
            53.85302284493374,
            36.28016756947133,
            25.69532752696058,
            19.931811917674345,
            68.97877665467433,
            43.47448991842106,
            38.573198500288285,
            0.0
        ]
    ],
    "scores_ave": [
        0,
        19.363328825678124,
        17.437165783259932,
        14.926461244660391,
        18.916661587819377,
        15.97556439842857,
        11.673054588701495,
        16.57799451562353,
        13.621679888264085,
        0
    ],
    "scores_var": [
        0,
        355.1214816797611,
        229.89567387958115,
        226.82241409427212,
        276.3953635185723,
        18.8913041304072,
        22.591159023495592,
        23.250631273700353,
        19.640487501934953,
        0
    ],
    "vertex_number": 10,
    "minimum_distances": {
        "cost": 226.88211516301607,
        "path": [
            0,
            5,
            4,
            3,
            6,
            7,
            2,
            1,
            8,
            9
        ]
    }
}