{
    "vertices": [
        [
            56.303607647129716,
            13.298883605793144
        ],
        [
            13.473514104148588,
            26.391733644713177
        ],
        [
            26.74608928683351,
            95.76871860787712
        ],
        [
            53.35398357092448,
            4.786528200049023
        ],
        [
            92.28741063656508,
            54.14447485977958
        ],
        [
            50.306516856676,
            13.20793390604088
        ],
        [
            98.7973823847453,
            76.45296045342867
        ],
        [
            92.62340540254598,
            33.16934473456258
        ],
        [
            6.210436382161211,
            84.53542657120806
        ],
        [
            69.38528185948843,
            99.14744011106865
        ],
        [
            71.03026803418024,
            55.502008099929846
        ],
        [
            10.431384867633131,
            9.247363619009285
        ],
        [
            50.73097461876714,
            35.590258503753205
        ],
        [
            27.369889080578112,
            7.711554750545768
        ],
        [
            56.303607647129716,
            13.298883605793144
        ]
    ],
    "distances": [
        [
            0.0,
            44.78660106596796,
            87.60662404687332,
            9.008910963297993,
            54.4352496317435,
            5.997780405852638,
            76.11936884872516,
            41.40003544037466,
            87.0859969285813,
            86.83953508764179,
            44.69874990671578,
            46.050794096682786,
            22.977372210725086,
            29.468259429852537,
            0.0
        ],
        [
            44.78660106596796,
            0.0,
            70.63517037962816,
            45.35677178985063,
            83.55743492695846,
            39.12138376025453,
            98.92567375539211,
            79.43954496743655,
            58.59557427934435,
            91.75793479010706,
            64.49951939216488,
            17.412178894954998,
            38.37618041937913,
            23.28214597075695,
            44.78660106596796
        ],
        [
            87.60662404687332,
            70.63517037962816,
            0.0,
            94.79313798814579,
            77.64175726933168,
            85.85672319543036,
            74.59549148683406,
            90.87630267534284,
            23.407261484468194,
            42.772847721937794,
            59.85395945514204,
            88.04609275484951,
            64.78211006820972,
            88.05937333855822,
            87.60662404687332
        ],
        [
            9.008910963297993,
            45.35677178985063,
            94.79313798814579,
            0.0,
            62.865082848433154,
            8.955843200914398,
            84.85976671945444,
            48.45277871723858,
            92.64124801055199,
            95.71303057314672,
            53.70764316092406,
            43.15377772662363,
            30.915206235547593,
            26.14821115878406,
            9.008910963297993
        ],
        [
            54.4352496317435,
            83.55743492695846,
            77.64175726933168,
            62.865082848433154,
            0.0,
            58.636130737075895,
            23.23893847928846,
            20.977821055880714,
            91.2844753653089,
            50.495290710426985,
            21.300446195238205,
            93.3603746374775,
            45.51039792275574,
            79.81416337243988,
            54.4352496317435
        ],
        [
            5.997780405852638,
            39.12138376025453,
            85.85672319543036,
            8.955843200914398,
            58.636130737075895,
            0.0,
            79.69502759044059,
            46.78864155399904,
            83.85747148056852,
            88.03180107663677,
            47.0984349504874,
            40.07133973480432,
            22.38634893834092,
            23.585993249389055,
            5.997780405852638
        ],
        [
            76.11936884872516,
            98.92567375539211,
            74.59549148683406,
            84.85976671945444,
            23.23893847928846,
            79.69502759044059,
            0.0,
            43.721726652491654,
            92.93905975762009,
            37.149846086341334,
            34.78440805700069,
            111.01865502276993,
            63.08835047893785,
            99.13257616810526,
            76.11936884872516
        ],
        [
            41.40003544037466,
            79.43954496743655,
            90.87630267534284,
            48.45277871723858,
            20.977821055880714,
            46.78864155399904,
            43.721726652491654,
            0.0,
            100.52698930221148,
            69.95083598723991,
            31.064633176651714,
            85.60250825825389,
            41.96232334429968,
            70.04370395154467,
            41.40003544037466
        ],
        [
            87.0859969285813,
            58.59557427934435,
            23.407261484468194,
            92.64124801055199,
            91.2844753653089,
            83.85747148056852,
            92.93905975762009,
            100.52698930221148,
            0.0,
            64.84267145000459,
            71.02499534336097,
            75.40629170839296,
            66.16424866971961,
            79.68456387540871,
            87.0859969285813
        ],
        [
            86.83953508764179,
            91.75793479010706,
            42.772847721937794,
            95.71303057314672,
            50.495290710426985,
            88.03180107663677,
            37.149846086341334,
            69.95083598723991,
            64.84267145000459,
            0.0,
            43.67642058312318,
            107.50621248934597,
            66.23819526901758,
            100.62710550358085,
            86.83953508764179
        ],
        [
            44.69874990671578,
            64.49951939216488,
            59.85395945514204,
            53.70764316092406,
            21.300446195238205,
            47.0984349504874,
            34.78440805700069,
            31.064633176651714,
            71.02499534336097,
            43.67642058312318,
            0.0,
            76.234616658636,
            28.434821700616904,
            64.73141526115275,
            44.69874990671578
        ],
        [
            46.050794096682786,
            17.412178894954998,
            88.04609275484951,
            43.15377772662363,
            93.3603746374775,
            40.07133973480432,
            111.01865502276993,
            85.60250825825389,
            75.40629170839296,
            107.50621248934597,
            76.234616658636,
            0.0,
            48.14566486214904,
            17.007987354546277,
            46.050794096682786
        ],
        [
            22.977372210725086,
            38.37618041937913,
            64.78211006820972,
            30.915206235547593,
            45.51039792275574,
            22.38634893834092,
            63.08835047893785,
            41.96232334429968,
            66.16424866971961,
            66.23819526901758,
            28.434821700616904,
            48.14566486214904,
            0.0,
            36.37255064580551,
            22.977372210725086
        ],
        [
            29.468259429852537,
            23.28214597075695,
            88.05937333855822,
            26.14821115878406,
            79.81416337243988,
            23.585993249389055,
            99.13257616810526,
            70.04370395154467,
            79.68456387540871,
            100.62710550358085,
            64.73141526115275,
            17.007987354546277,
            36.37255064580551,
            0.0,
            29.468259429852537
        ],
        [
            0.0,
            44.78660106596796,
            87.60662404687332,
            9.008910963297993,
            54.4352496317435,
            5.997780405852638,
            76.11936884872516,
            41.40003544037466,
            87.0859969285813,
            86.83953508764179,
            44.69874990671578,
            46.050794096682786,
            22.977372210725086,
            29.468259429852537,
            0.0
        ]
    ],
    "scores_ave": [
        0,
        17.11944127337229,
        18.694827334965783,
        15.029187688624871,
        10.592533904117277,
        17.635120777283447,
        18.19765048839958,
        13.022274969033708,
        17.846480243907155,
        10.561995892200116,
        10.562076617731705,
        16.776849445230205,
        12.062128490266304,
        14.237596668585699,
        0
    ],
    "scores_var": [
        0,
        329.31968539290665,
        374.2925190590878,
        19.27350124481058,
        390.7651035931025,
        16.71952856195875,
        19.426449713511587,
        346.13162393164873,
        24.078310174464274,
        338.7320289401831,
        278.32823757092467,
        321.5497414849756,
        21.28065756401336,
        280.8533595832681,
        0
    ],
    "vertex_number": 15,
    "minimum_distances": {
        "cost": 400.39643868845144,
        "path": [
            0,
            5,
            3,
            13,
            11,
            1,
            12,
            8,
            2,
            9,
            6,
            4,
            10,
            7,
            14
        ]
    }
}