{
    "vertices": [
        [
            3.2073178534736346,
            29.42211851450559
        ],
        [
            4.540085402172334,
            10.375208440102568
        ],
        [
            43.071844323012,
            60.20183102384197
        ],
        [
            72.55577709290792,
            13.100532267026644
        ],
        [
            63.67108255947137,
            4.420578528351182
        ],
        [
            86.60604265358022,
            59.36782789104178
        ],
        [
            43.29632302053725,
            41.54713665231785
        ],
        [
            20.12379865522539,
            44.799479387734145
        ],
        [
            81.53808712171072,
            58.821028198331845
        ],
        [
            30.20524946214144,
            58.50043293894169
        ],
        [
            93.91725874456725,
            56.71612597193205
        ],
        [
            30.224607044566255,
            1.7130508267959477
        ],
        [
            7.67469593597212,
            64.69490646258504
        ],
        [
            36.33678065611367,
            78.31766962480422
        ],
        [
            37.70261768912344,
            56.52067733660976
        ],
        [
            1.356303213347465,
            61.9036295325785
        ],
        [
            38.541270486115344,
            40.794497988607894
        ],
        [
            9.457475254578185,
            22.493159815157448
        ],
        [
            20.55945619689348,
            18.95458181367049
        ],
        [
            13.994026672466198,
            68.98893245514822
        ],
        [
            2.2652647955804794,
            25.566646470064924
        ],
        [
            3.2073178534736346,
            29.42211851450559
        ]
    ],
    "distances": [
        [
            0.0,
            19.09348194335595,
            50.3643839711946,
            71.2432661836708,
            65.42892207656745,
            88.61203534705587,
            41.88250708979979,
            22.861114367885396,
            83.66603435535575,
            39.679171877858955,
            94.72727283919743,
            38.70046960124909,
            35.554564215613254,
            59.06213866743513,
            43.866360699132784,
            32.53420989074659,
            37.11898737235098,
            9.331395190208928,
            20.264896488077873,
            41.010801657114236,
            3.968895142145902,
            0.0
        ],
        [
            19.09348194335595,
            0.0,
            62.98721111174963,
            68.07027035447118,
            59.43006345447085,
            95.57770713013811,
            49.73665713333243,
            37.78733318228918,
            90.97081796295377,
            54.541157663628624,
            100.67651043003194,
            27.105859634336774,
            54.41006686682432,
            75.01471762865408,
            56.82567947118263,
            51.62668543795347,
            45.62251378155696,
            13.07767060637094,
            18.172118427466046,
            59.37125271083729,
            15.360813722272706,
            19.09348194335595
        ],
        [
            50.3643839711946,
            62.98721111174963,
            0.0,
            55.568288044158024,
            59.46323860914496,
            43.542186273897286,
            18.65604493939206,
            27.637750195939127,
            38.49101780274688,
            12.978598489709245,
            50.96475554153683,
            59.883127127990306,
            35.68116927501615,
            19.327304282110536,
            6.509952927255432,
            41.75023937939098,
            19.929141347084183,
            50.51603401093116,
            46.990884079223214,
            30.376514462368085,
            53.5235737017138,
            50.3643839711946
        ],
        [
            71.2432661836708,
            68.07027035447118,
            55.568288044158024,
            0.0,
            12.420925644170943,
            48.35362040928708,
            40.80839317672821,
            61.26936927577283,
            46.59448080682976,
            62.08637669911224,
            48.565758643158894,
            43.83608891328259,
            82.89471720637083,
            74.59953557517461,
            55.6781080703112,
            86.31979716980993,
            43.86276777737188,
            63.79355098392682,
            52.324824727999506,
            80.9505521160525,
            71.38739470203359,
            71.2432661836708
        ],
        [
            65.42892207656745,
            59.43006345447085,
            59.46323860914496,
            12.420925644170943,
            0.0,
            59.54168797610685,
            42.349877737741615,
            59.38704884104681,
            57.25939902167312,
            63.59711186814233,
            60.41237833626217,
            33.555885186116555,
            82.27144050526871,
            78.79050788680946,
            58.213241307736865,
            84.77872892247625,
            44.2105131359435,
            57.146595798677176,
            45.49559955780552,
            81.46706211971045,
            64.94482769742139,
            65.42892207656745
        ],
        [
            88.61203534705587,
            95.57770713013811,
            43.542186273897286,
            48.35362040928708,
            59.54168797610685,
            0.0,
            46.83277539201279,
            68.0597204311817,
            5.097368259891995,
            56.407462685591305,
            7.777236256982161,
            80.64080604545862,
            79.11090481572472,
            53.72239015070513,
            48.98623520473743,
            85.28744552742096,
            51.52854458622862,
            85.50814345677844,
            77.4298523897002,
            73.24664168325417,
            90.8619099246007,
            88.61203534705587
        ],
        [
            41.88250708979979,
            49.73665713333243,
            18.65604493939206,
            40.80839317672821,
            42.349877737741615,
            46.83277539201279,
            0.0,
            23.399649970236457,
            41.962124001452224,
            21.419394526769043,
            52.844842421516844,
            41.92402833831096,
            42.48199104727721,
            37.42335266919459,
            15.984256628283722,
            46.61922418714809,
            4.8142485979873655,
            38.83454198827119,
            32.052903879264996,
            40.145693768502944,
            44.03321252787349,
            41.88250708979979
        ],
        [
            22.861114367885396,
            37.78733318228918,
            27.637750195939127,
            61.26936927577283,
            59.38704884104681,
            68.0597204311817,
            23.399649970236457,
            0.0,
            62.994592298804875,
            17.010343282386014,
            74.74945630417632,
            44.25456650171832,
            23.469302865769766,
            37.23345084906242,
            21.128212418074142,
            25.392338162097,
            18.8478949659895,
            24.72533817283623,
            25.848569169442506,
            24.954032625234092,
            26.24555378830983,
            22.861114367885396
        ],
        [
            83.66603435535575,
            90.97081796295377,
            38.49101780274688,
            46.59448080682976,
            57.25939902167312,
            5.097368259891995,
            41.962124001452224,
            62.994592298804875,
            0.0,
            51.333838776230614,
            12.556850857234837,
            76.77495891952894,
            74.0965788908011,
            49.22679283793801,
            43.895785611631545,
            80.24101757650735,
            46.622763026198925,
            80.71758562051673,
            72.85414865885234,
            68.3050977522687,
            85.96530848941045,
            83.66603435535575
        ],
        [
            39.679171877858955,
            54.541157663628624,
            12.978598489709245,
            62.08637669911224,
            63.59711186814233,
            56.407462685591305,
            21.419394526769043,
            17.010343282386014,
            51.333838776230614,
            0.0,
            63.736989873670936,
            56.78738541143488,
            23.366586067089454,
            20.744120724825873,
            7.7543512027715105,
            29.048983574657907,
            19.570114434453032,
            41.557115544498785,
            40.70522901222908,
            19.308349655989513,
            43.18885312606984,
            39.679171877858955
        ],
        [
            94.72727283919743,
            100.67651043003194,
            50.96475554153683,
            48.565758643158894,
            60.41237833626217,
            7.777236256982161,
            52.844842421516844,
            74.74945630417632,
            12.556850857234837,
            63.736989873670936,
            0.0,
            84.15516713784797,
            86.61085715955303,
            61.49909060369775,
            56.214980825056216,
            92.70620627576218,
            57.6194265264726,
            91.12994260803399,
            82.50637194689772,
            80.86003217798887,
            96.80071315885202,
            94.72727283919743
        ],
        [
            38.70046960124909,
            27.105859634336774,
            59.883127127990306,
            43.83608891328259,
            33.555885186116555,
            80.64080604545862,
            41.92402833831096,
            44.25456650171832,
            76.77495891952894,
            56.78738541143488,
            84.15516713784797,
            0.0,
            66.89703005614581,
            76.84807276338073,
            55.315427927833625,
            66.7554097510349,
            39.95655644648946,
            29.378337127055296,
            19.76576666055797,
            69.20604011274786,
            36.75212706917114,
            38.70046960124909
        ],
        [
            35.554564215613254,
            54.41006686682432,
            35.68116927501615,
            82.89471720637083,
            82.27144050526871,
            79.11090481572472,
            42.48199104727721,
            23.469302865769766,
            74.0965788908011,
            23.366586067089454,
            86.61085715955303,
            66.89703005614581,
            0.0,
            31.73475660342281,
            31.12063795325091,
            6.907482428302147,
            39.03812174890729,
            42.23938591164075,
            47.520462392210774,
            7.640196344467004,
            39.50041360928881,
            35.554564215613254
        ],
        [
            59.06213866743513,
            75.01471762865408,
            19.327304282110536,
            74.59953557517461,
            78.79050788680946,
            53.72239015070513,
            37.42335266919459,
            37.23345084906242,
            49.22679283793801,
            20.744120724825873,
            61.49909060369775,
            76.84807276338073,
            31.73475660342281,
            0.0,
            21.839743213058846,
            38.64006359043769,
            37.58787284550736,
            61.95863906152526,
            61.42393801738767,
            24.212062959490183,
            62.797600566473925,
            59.06213866743513
        ],
        [
            43.866360699132784,
            56.82567947118263,
            6.509952927255432,
            55.6781080703112,
            58.213241307736865,
            48.98623520473743,
            15.984256628283722,
            21.128212418074142,
            43.895785611631545,
            7.7543512027715105,
            56.214980825056216,
            55.315427927833625,
            31.12063795325091,
            21.839743213058846,
            0.0,
            36.74276459816391,
            15.748525499214924,
            44.22284499916862,
            41.29285069824162,
            26.787211010033893,
            47.05271519252113,
            43.866360699132784
        ],
        [
            32.53420989074659,
            51.62668543795347,
            41.75023937939098,
            86.31979716980993,
            84.77872892247625,
            85.28744552742096,
            46.61922418714809,
            25.392338162097,
            80.24101757650735,
            29.048983574657907,
            92.70620627576218,
            66.7554097510349,
            6.907482428302147,
            38.64006359043769,
            36.74276459816391,
            0.0,
            42.75882628905374,
            40.23448908324026,
            47.04659163500061,
            14.48839438080476,
            36.34835002092081,
            32.53420989074659
        ],
        [
            37.11898737235098,
            45.62251378155696,
            19.929141347084183,
            43.86276777737188,
            44.2105131359435,
            51.52854458622862,
            4.8142485979873655,
            18.8478949659895,
            46.622763026198925,
            19.570114434453032,
            57.6194265264726,
            39.95655644648946,
            39.03812174890729,
            37.58787284550736,
            15.748525499214924,
            42.75882628905374,
            0.0,
            34.36285965994359,
            28.29006157045891,
            37.38306185607023,
            39.34254758820925,
            37.11898737235098
        ],
        [
            9.331395190208928,
            13.07767060637094,
            50.51603401093116,
            63.79355098392682,
            57.146595798677176,
            85.50814345677844,
            38.83454198827119,
            24.72533817283623,
            80.71758562051673,
            41.557115544498785,
            91.12994260803399,
            29.378337127055296,
            42.23938591164075,
            61.95863906152526,
            44.22284499916862,
            40.23448908324026,
            34.36285965994359,
            0.0,
            11.652275104722657,
            46.716562075530085,
            7.821394473136508,
            9.331395190208928
        ],
        [
            20.264896488077873,
            18.172118427466046,
            46.990884079223214,
            52.324824727999506,
            45.49559955780552,
            77.4298523897002,
            32.052903879264996,
            25.848569169442506,
            72.85414865885234,
            40.70522901222908,
            82.50637194689772,
            19.76576666055797,
            47.520462392210774,
            61.42393801738767,
            41.29285069824162,
            47.04659163500061,
            28.29006157045891,
            11.652275104722657,
            0.0,
            50.46326494544883,
            19.45242499145582,
            20.264896488077873
        ],
        [
            41.010801657114236,
            59.37125271083729,
            30.376514462368085,
            80.9505521160525,
            81.46706211971045,
            73.24664168325417,
            40.145693768502944,
            24.954032625234092,
            68.3050977522687,
            19.308349655989513,
            80.86003217798887,
            69.20604011274786,
            7.640196344467004,
            24.212062959490183,
            26.787211010033893,
            14.48839438080476,
            37.38306185607023,
            46.716562075530085,
            50.46326494544883,
            0.0,
            44.97842566536816,
            41.010801657114236
        ],
        [
            3.968895142145902,
            15.360813722272706,
            53.5235737017138,
            71.38739470203359,
            64.94482769742139,
            90.8619099246007,
            44.03321252787349,
            26.24555378830983,
            85.96530848941045,
            43.18885312606984,
            96.80071315885202,
            36.75212706917114,
            39.50041360928881,
            62.797600566473925,
            47.05271519252113,
            36.34835002092081,
            39.34254758820925,
            7.821394473136508,
            19.45242499145582,
            44.97842566536816,
            0.0,
            3.968895142145902
        ],
        [
            0.0,
            19.09348194335595,
            50.3643839711946,
            71.2432661836708,
            65.42892207656745,
            88.61203534705587,
            41.88250708979979,
            22.861114367885396,
            83.66603435535575,
            39.679171877858955,
            94.72727283919743,
            38.70046960124909,
            35.554564215613254,
            59.06213866743513,
            43.866360699132784,
            32.53420989074659,
            37.11898737235098,
            9.331395190208928,
            20.264896488077873,
            41.010801657114236,
            3.968895142145902,
            0.0
        ]
    ],
    "scores_ave": [
        0,
        15.383480275739801,
        17.22144048128382,
        11.525607137202199,
        12.083145208605679,
        10.131224483300013,
        12.37980332515927,
        17.771654955540324,
        10.621479037823145,
        13.225256943669283,
        12.559954912023393,
        17.904390946085122,
        13.435375598157515,
        11.801950957313977,
        19.32864234847827,
        15.165393430563215,
        19.44493413823667,
        13.871191371283292,
        19.635529743940687,
        18.088140683806607,
        14.196728076107913,
        0
    ],
    "scores_var": [
        0,
        368.759718572604,
        289.82885960589783,
        21.236924532015625,
        262.4405417571786,
        370.9637286212828,
        16.736909078457508,
        23.857214176682316,
        250.96381052553966,
        18.606874627769027,
        229.9543600744408,
        271.5208437459034,
        16.05643412498795,
        17.773527818396722,
        233.17440159606429,
        389.05745886878185,
        24.71438814714232,
        19.633605783108035,
        241.63350838918834,
        336.18309134948703,
        21.533406641309657,
        0
    ],
    "vertex_number": 22,
    "minimum_distances": {
        "cost": 370.95077296335865,
        "path": [
            0,
            17,
            18,
            7,
            15,
            12,
            19,
            13,
            9,
            16,
            6,
            14,
            2,
            8,
            5,
            10,
            3,
            4,
            11,
            1,
            20,
            21
        ]
    }
}