{
    "vertices": [
        [
            52.920758590944004,
            34.703778725275406
        ],
        [
            15.338588324191239,
            73.02699613739681
        ],
        [
            77.0005586281311,
            33.24951216550115
        ],
        [
            7.314514546481943,
            16.15312161558378
        ],
        [
            75.85211623029632,
            69.6016858405171
        ],
        [
            21.314544080006968,
            48.57778018531218
        ],
        [
            34.03758560674698,
            24.205255339862532
        ],
        [
            39.159203975108646,
            57.0833596321997
        ],
        [
            34.25243426810651,
            74.0269635924754
        ],
        [
            63.88624716283184,
            47.406636540508885
        ],
        [
            56.94613685048162,
            81.07810144552437
        ],
        [
            94.58101130849661,
            88.83124600490393
        ],
        [
            99.47687736442154,
            73.759243053626
        ],
        [
            94.72047603824197,
            47.89853844476409
        ],
        [
            72.36059241774282,
            58.25744974517417
        ],
        [
            52.920758590944004,
            34.703778725275406
        ]
    ],
    "distances": [
        [
            0.0,
            53.67577213954095,
            24.12367428601608,
            49.2347070169447,
            41.75776675311934,
            34.517252385212664,
            21.605397826125984,
            26.272153071535456,
            43.529521030246045,
            16.78107673226724,
            46.54870006664157,
            68.30343600872219,
            60.76842510015553,
            43.832842284398886,
            30.539851959810978,
            0.0
        ],
        [
            53.67577213954095,
            0.0,
            73.37878993890794,
            57.43712530335284,
            60.610393582890296,
            25.168953253306675,
            52.2801575540343,
            28.66393683705337,
            18.94026143698594,
            54.8933329702878,
            42.37933920025381,
            80.80306871832386,
            84.14147531487468,
            83.26417887096822,
            58.90372188136358,
            53.67577213954095
        ],
        [
            24.12367428601608,
            73.37878993890794,
            0.0,
            71.75257005560744,
            36.37031001847066,
            57.757146888857434,
            43.90461971551844,
            44.72158770707584,
            59.07793734702805,
            19.29791014017626,
            51.86283626406305,
            58.2958099098107,
            46.32734830058393,
            22.99107313614757,
            25.43474451262224,
            24.12367428601608
        ],
        [
            49.2347070169447,
            57.43712530335284,
            71.75257005560744,
            0.0,
            86.91462398397647,
            35.31797432332486,
            27.909843862079235,
            51.85912290911331,
            63.8359859647747,
            64.63082179872312,
            81.72240169283494,
            113.56738625971897,
            108.68471073393904,
            92.9923308340932,
            77.48397701253047,
            49.2347070169447
        ],
        [
            41.75776675311934,
            60.610393582890296,
            36.37031001847066,
            86.91462398397647,
            0.0,
            58.449562744703016,
            61.71945295827326,
            38.7695537867635,
            41.83439520941251,
            25.215119194037108,
            22.1166039763982,
            26.843015757660464,
            23.987801496276134,
            28.758331118545104,
            11.869390511753737,
            41.75776675311934
        ],
        [
            34.517252385212664,
            25.168953253306675,
            57.757146888857434,
            35.31797432332486,
            58.449562744703016,
            0.0,
            27.49355839161623,
            19.768074476265152,
            28.54907947046199,
            42.58780906326321,
            48.227391442809164,
            83.59615260663848,
            82.11855098972563,
            73.40907447992468,
            51.95570280235447,
            34.517252385212664
        ],
        [
            21.605397826125984,
            52.2801575540343,
            43.90461971551844,
            27.909843862079235,
            61.71945295827326,
            27.49355839161623,
            0.0,
            33.27462571643653,
            49.82217150180992,
            37.80537906578116,
            61.313312944621664,
            88.5552091361163,
            82.08470383744998,
            65.14433862900015,
            51.26601988503468,
            21.605397826125984
        ],
        [
            26.272153071535456,
            28.66393683705337,
            44.72158770707584,
            51.85912290911331,
            38.7695537867635,
            19.768074476265152,
            33.27462571643653,
            0.0,
            17.63978753047281,
            26.553072036975127,
            29.868421715938307,
            63.87100294525925,
            62.58040277103388,
            56.31532556523744,
            33.2221414438032,
            26.272153071535456
        ],
        [
            43.529521030246045,
            18.94026143698594,
            59.07793734702805,
            63.8359859647747,
            41.83439520941251,
            28.54907947046199,
            49.82217150180992,
            17.63978753047281,
            0.0,
            39.83471700706872,
            23.76389450237479,
            62.11846734639566,
            65.22499253745728,
            65.8716834171892,
            41.24208147678676,
            43.529521030246045
        ],
        [
            16.78107673226724,
            54.8933329702878,
            19.29791014017626,
            64.63082179872312,
            25.215119194037108,
            42.58780906326321,
            37.80537906578116,
            26.553072036975127,
            39.83471700706872,
            0.0,
            34.37924781023109,
            51.55741280587725,
            44.2849051955798,
            30.83815230886224,
            13.767885629317625,
            16.78107673226724
        ],
        [
            46.54870006664157,
            42.37933920025381,
            51.86283626406305,
            81.72240169283494,
            22.1166039763982,
            48.227391442809164,
            61.313312944621664,
            29.868421715938307,
            23.76389450237479,
            34.37924781023109,
            0.0,
            38.425187390944316,
            43.1558753453658,
            50.27707332366699,
            27.53883774714841,
            46.54870006664157
        ],
        [
            68.30343600872219,
            80.80306871832386,
            58.2958099098107,
            113.56738625971897,
            26.843015757660464,
            83.59615260663848,
            88.5552091361163,
            63.87100294525925,
            62.11846734639566,
            51.55741280587725,
            38.425187390944316,
            0.0,
            15.84723248396668,
            40.932945149534156,
            37.795555736250705,
            68.30343600872219
        ],
        [
            60.76842510015553,
            84.14147531487468,
            46.32734830058393,
            108.68471073393904,
            23.987801496276134,
            82.11855098972563,
            82.08470383744998,
            62.58040277103388,
            65.22499253745728,
            44.2849051955798,
            43.1558753453658,
            15.84723248396668,
            0.0,
            26.294474637126598,
            31.234572273162897,
            60.76842510015553
        ],
        [
            43.832842284398886,
            83.26417887096822,
            22.99107313614757,
            92.9923308340932,
            28.758331118545104,
            73.40907447992468,
            65.14433862900015,
            56.31532556523744,
            65.8716834171892,
            30.83815230886224,
            50.27707332366699,
            40.932945149534156,
            26.294474637126598,
            0.0,
            24.642878055373924,
            43.832842284398886
        ],
        [
            30.539851959810978,
            58.90372188136358,
            25.43474451262224,
            77.48397701253047,
            11.869390511753737,
            51.95570280235447,
            51.26601988503468,
            33.2221414438032,
            41.24208147678676,
            13.767885629317625,
            27.53883774714841,
            37.795555736250705,
            31.234572273162897,
            24.642878055373924,
            0.0,
            30.539851959810978
        ],
        [
            0.0,
            53.67577213954095,
            24.12367428601608,
            49.2347070169447,
            41.75776675311934,
            34.517252385212664,
            21.605397826125984,
            26.272153071535456,
            43.529521030246045,
            16.78107673226724,
            46.54870006664157,
            68.30343600872219,
            60.76842510015553,
            43.832842284398886,
            30.539851959810978,
            0.0
        ]
    ],
    "scores_ave": [
        0,
        17.49404325592897,
        19.27558059178503,
        18.575637498455748,
        19.69830008671401,
        15.344027077967572,
        10.528232421467155,
        19.38313204853945,
        10.626491545747959,
        16.970703494456366,
        16.484090552835184,
        17.617994639051048,
        12.597531837075358,
        16.540984948670186,
        18.174357324623912,
        0
    ],
    "scores_var": [
        0,
        331.50993641172386,
        388.8932786309608,
        21.47831632179751,
        280.0298209600653,
        16.74454513597875,
        360.7263621877871,
        270.15168853768597,
        352.7766256924411,
        250.1751430380046,
        17.312799395019706,
        24.410259196337122,
        270.9293405069058,
        18.229271028192823,
        397.74076401039633,
        0
    ],
    "vertex_number": 16,
    "minimum_distances": {
        "cost": 348.9030582302451,
        "path": [
            0,
            2,
            9,
            14,
            13,
            12,
            11,
            4,
            10,
            8,
            1,
            7,
            5,
            3,
            6,
            15
        ]
    }
}