{
    "vertices": [
        [
            83.32294554481663,
            89.70803842801021
        ],
        [
            25.12013217560388,
            46.62037385244072
        ],
        [
            18.748374355346485,
            55.52182722388571
        ],
        [
            55.96839003758769,
            31.206313807384443
        ],
        [
            33.398758663208106,
            13.722494250283745
        ],
        [
            11.599330584981193,
            59.21954464616233
        ],
        [
            45.21468447023349,
            84.3474161194212
        ],
        [
            10.061051513419873,
            2.5157648872507377
        ],
        [
            94.8469865456951,
            72.57510506431146
        ],
        [
            43.93949452593584,
            86.22680213011236
        ],
        [
            90.1405279269861,
            74.0998972118318
        ],
        [
            82.17407463960826,
            79.63160082142815
        ],
        [
            36.301060099726236,
            23.878980960222208
        ],
        [
            45.199376991764005,
            14.760717077819175
        ],
        [
            40.68021422288513,
            12.636620413079957
        ],
        [
            79.6841412876685,
            85.73300249030979
        ],
        [
            3.3597670685550862,
            98.17552758442439
        ],
        [
            96.68206659836022,
            37.00361755544097
        ],
        [
            50.91822091928173,
            15.95573169103256
        ],
        [
            26.44671861733505,
            90.37172136008857
        ],
        [
            83.32294554481663,
            89.70803842801021
        ]
    ],
    "distances": [
        [
            0.0,
            72.41625730917193,
            73.06553415117799,
            64.58113881456103,
            90.91879541533199,
            77.93474960499013,
            38.48344882756652,
            113.88501956918756,
            20.64802476351842,
            39.53701076609591,
            17.032131450932226,
            10.141720721661365,
            80.8982232061282,
            84.08630956813424,
            88.08181429458952,
            5.389045103527091,
            80.41024987301338,
            54.37115131056307,
            80.55724006619137,
            56.880099020138076,
            0.0
        ],
        [
            72.41625730917193,
            0.0,
            10.946925131927259,
            34.484899016700716,
            33.923533702126,
            18.481103331304457,
            42.74483302267229,
            46.604639708536325,
            74.40082185452232,
            43.85017172357983,
            70.58878145800281,
            65.91580581836139,
            25.341351580424153,
            37.65917952085496,
            37.37661904380048,
            67.13440853500778,
            55.959336718018164,
            72.20521075381446,
            40.07320378649415,
            43.7714546288143,
            72.41625730917193
        ],
        [
            73.06553415117799,
            10.946925131927259,
            0.0,
            44.45867474514208,
            44.292414671206245,
            8.048722940045016,
            39.132852518974246,
            53.71324066368638,
            77.98597990921081,
            39.716344487390614,
            73.76980599183922,
            67.85352341237528,
            36.18516956581516,
            48.59139471976015,
            48.16789971735261,
            68.01384272785108,
            45.344761424818486,
            80.10358591195066,
            50.99387162848099,
            35.690049393082084,
            73.06553415117799
        ],
        [
            64.58113881456103,
            34.484899016700716,
            44.45867474514208,
            0.0,
            28.549469464083497,
            52.47241693247592,
            54.21825281552055,
            54.13530574136556,
            56.77078611838506,
            56.32005382189968,
            54.84153996020115,
            55.06129609674193,
            20.987941145758057,
            19.65780490727814,
            24.05331229788804,
            59.46088324335897,
            85.16186238342078,
            41.12435032729914,
            16.065007407750645,
            66.12166463666004,
            64.58113881456103
        ],
        [
            90.91879541533199,
            33.923533702126,
            44.292414671206245,
            28.549469464083497,
            0.0,
            50.44994211357337,
            71.60653386178456,
            25.888981401854014,
            85.08533663049975,
            73.26651195232903,
            82.85565259875135,
            81.99415697233643,
            10.563028728426891,
            11.846201905077638,
            7.36197779525822,
            85.60286176103904,
            89.63624186321682,
            67.42987294638202,
            17.6612260958505,
            76.96385435598883,
            90.91879541533199
        ],
        [
            77.93474960499013,
            18.481103331304457,
            8.048722940045016,
            52.47241693247592,
            50.44994211357337,
            0.0,
            41.969059336699026,
            56.72464139550955,
            84.31217715749142,
            42.13404989473714,
            79.93837984594374,
            73.46731610504311,
            43.11764004047087,
            55.72746600456213,
            54.91508557096495,
            73.06507301901605,
            39.81782281375244,
            87.93531363464051,
            58.46137740882614,
            34.509463128234444,
            77.93474960499013
        ],
        [
            38.48344882756652,
            42.74483302267229,
            39.132852518974246,
            54.21825281552055,
            71.60653386178456,
            41.969059336699026,
            0.0,
            89.06288257992753,
            51.00933950648773,
            2.2711673586989343,
            46.0797466796644,
            37.259031597947654,
            61.121881106693316,
            69.58670072524916,
            71.85401618045228,
            34.497294138529305,
            44.08004965276099,
            69.93087076241332,
            68.6290960670321,
            19.71113380524556,
            38.48344882756652
        ],
        [
            113.88501956918756,
            46.604639708536325,
            53.71324066368638,
            54.13530574136556,
            25.888981401854014,
            56.72464139550955,
            89.06288257992753,
            0.0,
            109.98620788690877,
            90.3066257659318,
            107.41047687881309,
            105.58001826209896,
            33.83674114908081,
            37.2107615021697,
            32.2484858807885,
            108.50107494397034,
            95.89419905547238,
            93.23417954810489,
            43.010940463398974,
            89.37090787385738,
            113.88501956918756
        ],
        [
            20.64802476351842,
            74.40082185452232,
            77.98597990921081,
            56.77078611838506,
            85.08533663049975,
            84.31217715749142,
            51.00933950648773,
            109.98620788690877,
            0.0,
            52.70618157785906,
            4.94729661762462,
            14.505062169795876,
            76.15075840842073,
            76.20622410717024,
            80.78775381304426,
            20.075909468613204,
            95.00154188678567,
            35.61879058016174,
            71.66233243931654,
            70.67755092142455,
            20.64802476351842
        ],
        [
            39.53701076609591,
            43.85017172357983,
            39.716344487390614,
            56.32005382189968,
            73.26651195232903,
            42.13404989473714,
            2.2711673586989343,
            90.3066257659318,
            52.70618157785906,
            0.0,
            47.766068607558424,
            38.79922417743562,
            62.81398319734315,
            71.47718948398366,
            73.66232248062578,
            35.74805743261183,
            42.30232050961065,
            72.1436123886727,
            70.61675412200208,
            17.977140050952233,
            39.53701076609591
        ],
        [
            17.032131450932226,
            70.58878145800281,
            73.76980599183922,
            54.84153996020115,
            82.85565259875135,
            79.93837984594374,
            46.0797466796644,
            107.41047687881309,
            4.94729661762462,
            47.766068607558424,
            0.0,
            9.698666032212591,
            73.62627740877393,
            74.43685475864233,
            78.89269311253143,
            15.641776113058642,
            90.05851671555497,
            37.66863008571243,
            70.1365336405836,
            65.73943721607283,
            17.032131450932226
        ],
        [
            10.141720721661365,
            65.91580581836139,
            67.85352341237528,
            55.06129609674193,
            81.99415697233643,
            73.46731610504311,
            37.259031597947654,
            105.58001826209896,
            14.505062169795876,
            38.79922417743562,
            9.698666032212591,
            0.0,
            72.19894794499683,
            74.66833213502449,
            78.80398373304145,
            6.589906708151005,
            80.96648873265987,
            45.02917707443136,
            70.93338213632363,
            56.752871279065225,
            10.141720721661365
        ],
        [
            80.8982232061282,
            25.341351580424153,
            36.18516956581516,
            20.987941145758057,
            10.563028728426891,
            43.11764004047087,
            61.121881106693316,
            33.83674114908081,
            76.15075840842073,
            62.81398319734315,
            73.62627740877393,
            72.19894794499683,
            0.0,
            12.740595737258927,
            12.06514241550095,
            75.55138458561913,
            81.27180093272041,
            61.790954285758005,
            16.62646292530262,
            67.21898966761994,
            80.8982232061282
        ],
        [
            84.08630956813424,
            37.65917952085496,
            48.59139471976015,
            19.65780490727814,
            11.846201905077638,
            55.72746600456213,
            69.58670072524916,
            37.2107615021697,
            76.20622410717024,
            71.47718948398366,
            74.43685475864233,
            74.66833213502449,
            12.740595737258927,
            0.0,
            4.993457596973992,
            78.90668073880764,
            93.31979195422124,
            56.082207078417646,
            5.8423655990617265,
            77.90177253876449,
            84.08630956813424
        ],
        [
            88.08181429458952,
            37.37661904380048,
            48.16789971735261,
            24.05331229788804,
            7.36197779525822,
            54.91508557096495,
            71.85401618045228,
            32.2484858807885,
            80.78775381304426,
            73.66232248062578,
            78.89269311253143,
            78.80398373304145,
            12.06514241550095,
            4.993457596973992,
            0.0,
            82.85159865238153,
            93.32588288286921,
            61.073382248081984,
            10.762587086332628,
            79.02745292868063,
            88.08181429458952
        ],
        [
            5.389045103527091,
            67.13440853500778,
            68.01384272785108,
            59.46088324335897,
            85.60286176103904,
            73.06507301901605,
            34.497294138529305,
            108.50107494397034,
            20.075909468613204,
            35.74805743261183,
            15.641776113058642,
            6.589906708151005,
            75.55138458561913,
            78.90668073880764,
            82.85159865238153,
            0.0,
            77.33192439514832,
            51.608937413964206,
            75.4741392454133,
            53.439132527882364,
            5.389045103527091
        ],
        [
            80.41024987301338,
            55.959336718018164,
            45.344761424818486,
            85.16186238342078,
            89.63624186321682,
            39.81782281375244,
            44.08004965276099,
            95.89419905547238,
            95.00154188678567,
            42.30232050961065,
            90.05851671555497,
            80.96648873265987,
            81.27180093272041,
            93.31979195422124,
            93.32588288286921,
            77.33192439514832,
            0.0,
            111.58429175347537,
            94.9836900179326,
            24.370201546205895,
            80.41024987301338
        ],
        [
            54.37115131056307,
            72.20521075381446,
            80.10358591195066,
            41.12435032729914,
            67.42987294638202,
            87.93531363464051,
            69.93087076241332,
            93.23417954810489,
            35.61879058016174,
            72.1436123886727,
            37.66863008571243,
            45.02917707443136,
            61.790954285758005,
            56.082207078417646,
            61.073382248081984,
            51.608937413964206,
            111.58429175347537,
            0.0,
            50.372046520859904,
            88.21087580179294,
            54.37115131056307
        ],
        [
            80.55724006619137,
            40.07320378649415,
            50.99387162848099,
            16.065007407750645,
            17.6612260958505,
            58.46137740882614,
            68.6290960670321,
            43.010940463398974,
            71.66233243931654,
            70.61675412200208,
            70.1365336405836,
            70.93338213632363,
            16.62646292530262,
            5.8423655990617265,
            10.762587086332628,
            75.4741392454133,
            94.9836900179326,
            50.372046520859904,
            0.0,
            78.33641518054827,
            80.55724006619137
        ],
        [
            56.880099020138076,
            43.7714546288143,
            35.690049393082084,
            66.12166463666004,
            76.96385435598883,
            34.509463128234444,
            19.71113380524556,
            89.37090787385738,
            70.67755092142455,
            17.977140050952233,
            65.73943721607283,
            56.752871279065225,
            67.21898966761994,
            77.90177253876449,
            79.02745292868063,
            53.439132527882364,
            24.370201546205895,
            88.21087580179294,
            78.33641518054827,
            0.0,
            56.880099020138076
        ],
        [
            0.0,
            72.41625730917193,
            73.06553415117799,
            64.58113881456103,
            90.91879541533199,
            77.93474960499013,
            38.48344882756652,
            113.88501956918756,
            20.64802476351842,
            39.53701076609591,
            17.032131450932226,
            10.141720721661365,
            80.8982232061282,
            84.08630956813424,
            88.08181429458952,
            5.389045103527091,
            80.41024987301338,
            54.37115131056307,
            80.55724006619137,
            56.880099020138076,
            0.0
        ]
    ],
    "scores_ave": [
        0,
        10.319049548219793,
        13.568174787002292,
        11.580364050187418,
        17.78898199603359,
        10.063964408284804,
        10.00161342037144,
        13.687484734124723,
        17.67759576445217,
        13.625303120158382,
        16.136690389607203,
        11.969063223887295,
        11.839184892742281,
        14.613836540222689,
        12.132601825766185,
        10.058159302743668,
        14.972443219118084,
        19.874367985155267,
        14.434227441184223,
        18.734054390421214,
        0
    ],
    "scores_var": [
        0,
        347.23234034736083,
        19.46406686418036,
        24.539229907090274,
        328.04912182886153,
        17.945079872043436,
        24.787999542773022,
        22.378499503527316,
        21.844680020175055,
        21.799202402520507,
        271.9765019878182,
        330.00883784753154,
        375.0351834153864,
        23.765078043160962,
        294.83185034382564,
        284.54289633715035,
        22.770451150723982,
        24.964150039200984,
        18.39546436699837,
        16.895398143140262,
        0
    ],
    "vertex_number": 21,
    "minimum_distances": {
        "cost": 364.17902589300127,
        "path": [
            0,
            15,
            6,
            9,
            19,
            16,
            5,
            2,
            1,
            12,
            7,
            4,
            14,
            13,
            18,
            3,
            17,
            8,
            10,
            11,
            20
        ]
    }
}