{
    "vertices": [
        [
            96.6913162776182,
            23.77443654716017
        ],
        [
            87.46905001817001,
            76.38485026144912
        ],
        [
            1.6939969257072751,
            83.1740804954937
        ],
        [
            98.45250322363772,
            52.1986770047591
        ],
        [
            11.600598935924754,
            54.548653958697145
        ],
        [
            95.6140835856652,
            92.70146434121088
        ],
        [
            53.84521618130831,
            0.05152248510891244
        ],
        [
            11.830057146620366,
            95.18371879495861
        ],
        [
            3.81503981312864,
            38.15230415390391
        ],
        [
            4.886853054868945,
            35.01902727101777
        ],
        [
            11.464852622697098,
            37.44221321736436
        ],
        [
            82.71007636797152,
            19.783909238139618
        ],
        [
            7.199580097733782,
            60.946354414515135
        ],
        [
            52.960302733750375,
            83.72563822292743
        ],
        [
            85.78748999230935,
            90.5274774945247
        ],
        [
            12.751620595321999,
            9.642079687979665
        ],
        [
            48.553803458557276,
            25.160352918682616
        ],
        [
            62.00477396058146,
            77.82630421497868
        ],
        [
            67.99361332331046,
            89.52975887517199
        ],
        [
            94.68568607509422,
            92.30563877665946
        ],
        [
            69.0062712890192,
            82.52237192344255
        ],
        [
            92.60454489399879,
            18.71944283461715
        ],
        [
            86.08429011424336,
            95.00170798526268
        ],
        [
            65.33104629512204,
            76.21165194871188
        ],
        [
            96.6913162776182,
            23.77443654716017
        ]
    ],
    "distances": [
        [
            0.0,
            53.41259988194545,
            112.0393162476358,
            28.478750412372964,
            90.48470939897257,
            68.93544509752911,
            48.97514619741809,
            110.9086060341762,
            93.98258246518526,
            92.4905416146115,
            86.31545763204969,
            14.539579691832078,
            96.90470743172087,
            74.20611920820593,
            67.63772544505557,
            85.12106684970368,
            48.15745949065533,
            64.22429926664006,
            71.7448295650245,
            68.56054427679089,
            64.94445031714875,
            6.5003585882488,
            72.0127294340914,
            61.099329721722654,
            0.0
        ],
        [
            53.41259988194545,
            0.0,
            86.04332269377831,
            26.56326826878286,
            78.94834601555222,
            18.236596909607428,
            83.41066557280955,
            77.94007121348115,
            91.97674165380472,
            92.36314506858864,
            85.40004099341718,
            56.800654529040806,
            81.74065668517481,
            35.280884442362336,
            14.242245229397776,
            100.18628490657319,
            64.32997390652775,
            25.505041553332617,
            23.496409447373185,
            17.48002697149385,
            19.456191059737833,
            57.89363109463933,
            18.66828732102224,
            22.13868122759847,
            53.41259988194545
        ],
        [
            112.0393162476358,
            86.04332269377831,
            0.0,
            101.59568968426002,
            30.291183664597547,
            94.40208536445387,
            98.12802515100135,
            15.715315106161606,
            45.07171139287274,
            48.26078616551573,
            46.76401721191022,
            102.86845454381022,
            22.899415992446535,
            51.26927273845891,
            84.41438280037359,
            74.358766692133,
            74.5750230013547,
            60.547407357348895,
            66.6035568279596,
            93.43896193504366,
            67.3154291676482,
            111.44114163041367,
            85.21510638662501,
            64.01679048276611,
            112.0393162476358
        ],
        [
            28.478750412372964,
            26.56326826878286,
            101.59568968426002,
            0.0,
            86.88369047229804,
            40.602123196491426,
            68.62314319362704,
            96.70140630865188,
            95.67418706757162,
            95.12976009892203,
            88.23040621339119,
            36.03527678081401,
            91.67124870474542,
            55.348799346182716,
            40.36705967907471,
            95.68544956499325,
            56.753424633491,
            44.555720674892406,
            48.18042805513177,
            40.28346179269153,
            42.26827473021269,
            33.98614036992718,
            44.55414859064579,
            40.91031501622083,
            28.478750412372964
        ],
        [
            90.48470939897257,
            78.94834601555222,
            30.291183664597547,
            86.88369047229804,
            0.0,
            92.27081089421628,
            68.95320895403286,
            40.635712683766585,
            18.15090129375665,
            20.65140920895018,
            17.10697933295896,
            79.15267055598504,
            7.765277711484988,
            50.61542757894092,
            82.45101908184093,
            44.92132303919672,
            47.2145270283419,
            55.51963491747754,
            66.36150821728897,
            91.26182995900982,
            63.858751280321414,
            88.57410248234231,
            84.76007215442522,
            57.93312053855595,
            90.48470939897257
        ],
        [
            68.93544509752911,
            18.236596909607428,
            94.40208536445387,
            40.602123196491426,
            92.27081089421628,
            0.0,
            101.62996610341764,
            83.82078902940316,
            106.78331009428655,
            107.51136640441807,
            100.6711374050541,
            74.0505452004489,
            93.94419318656138,
            43.58796250650901,
            10.064201928545888,
            117.32454624587056,
            82.31932760799403,
            36.75399409936007,
            27.801980020799306,
            1.0092570610041969,
            28.48841163812077,
            74.04320920475242,
            9.803473079983187,
            34.481535062700466,
            68.93544509752911
        ],
        [
            48.97514619741809,
            83.41066557280955,
            98.12802515100135,
            68.62314319362704,
            68.95320895403286,
            101.62996610341764,
            0.0,
            103.99715555459149,
            62.88631100012425,
            60.16350813385849,
            56.51689100432927,
            34.96494302250179,
            76.70720905724508,
            83.67879490238562,
            95.94898275168316,
            42.197895512052845,
            25.660327635173495,
            78.20163077763902,
            90.58991074707946,
            100.88987042255613,
            83.85283894454224,
            43.02065564858324,
            100.27410241217252,
            77.02135816327932,
            48.97514619741809
        ],
        [
            110.9086060341762,
            77.94007121348115,
            15.715315106161606,
            96.70140630865188,
            40.635712683766585,
            83.82078902940316,
            103.99715555459149,
            0.0,
            57.591863651179764,
            60.564000769687205,
            57.74266049214949,
            103.48482210461437,
            34.54907288798825,
            42.69642505471372,
            74.10386262653562,
            85.54660309035428,
            79.06899083601809,
            53.092203271878724,
            56.447429571121994,
            82.90560047261395,
            58.561328265829985,
            111.22636094465484,
            74.25445603830707,
            56.7652636767112,
            110.9086060341762
        ],
        [
            93.98258246518526,
            91.97674165380472,
            45.07171139287274,
            95.67418706757162,
            18.15090129375665,
            106.78331009428655,
            62.88631100012425,
            57.591863651179764,
            0.0,
            3.311526483360592,
            7.682699080374896,
            81.00509073367841,
            23.043954526543086,
            67.02376925915057,
            97.27610894170438,
            29.87800821965971,
            46.58699141841953,
            70.42777464180874,
            82.21029224761195,
            105.78307049254816,
            78.8580977149246,
            90.8912114099075,
            100.00042130455438,
            72.337632032427,
            93.98258246518526
        ],
        [
            92.4905416146115,
            92.36314506858864,
            48.26078616551573,
            95.12976009892203,
            20.65140920895018,
            107.51136640441807,
            60.16350813385849,
            60.564000769687205,
            3.311526483360592,
            0.0,
            7.010128989178373,
            79.30045969801664,
            26.030270824191085,
            68.43530166842717,
            98.1126959322752,
            26.567725478437694,
            44.76601409041872,
            71.37870724486538,
            83.38994574646686,
            106.51566208587646,
            79.79891946544723,
            89.21922390597163,
            100.95021431714802,
            73.145969296349,
            92.4905416146115
        ],
        [
            86.31545763204969,
            85.40004099341718,
            46.76401721191022,
            88.23040621339119,
            17.10697933295896,
            100.6711374050541,
            56.51689100432927,
            57.74266049214949,
            7.682699080374896,
            7.010128989178373,
            0.0,
            73.40093736415714,
            23.888013796207655,
            62.16130476562161,
            91.334000837316,
            27.829897521676077,
            39.06960924428587,
            64.6928006391989,
            76.86750418090472,
            99.67799448530221,
            73.09743888193456,
            83.27179470076655,
            94.2398848125914,
            66.36743328093156,
            86.31545763204969
        ],
        [
            14.539579691832078,
            56.800654529040806,
            102.86845454381022,
            36.03527678081401,
            79.15267055598504,
            74.0505452004489,
            34.96494302250179,
            103.48482210461437,
            81.00509073367841,
            79.30045969801664,
            73.40093736415714,
            0.0,
            86.00105778346978,
            70.52371045862132,
            70.81047185452923,
            70.68976050828195,
            34.576829318380774,
            61.62490699732427,
            71.28153916784068,
            73.50385352561833,
            64.21766870384714,
            9.951562497255004,
            75.29344305295275,
            59.04338094726239,
            14.539579691832078
        ],
        [
            96.90470743172087,
            81.74065668517481,
            22.899415992446535,
            91.67124870474542,
            7.765277711484988,
            93.94419318656138,
            76.70720905724508,
            34.54907288798825,
            23.043954526543086,
            26.030270824191085,
            23.888013796207655,
            86.00105778346978,
            0.0,
            51.11691996780162,
            83.97084270312286,
            51.60381535218773,
            54.688295757288024,
            57.345810480021,
            67.17831113085546,
            92.93666367364267,
            65.46443009421576,
            95.273921266146,
            85.92185159327884,
            60.102384903310174,
            96.90470743172087
        ],
        [
            74.20611920820593,
            35.280884442362336,
            51.26927273845891,
            55.348799346182716,
            50.61542757894092,
            43.58796250650901,
            83.67879490238562,
            42.69642505471372,
            67.02376925915057,
            68.43530166842717,
            62.16130476562161,
            70.52371045862132,
            51.11691996780162,
            0.0,
            33.52445735258275,
            84.29182501589464,
            58.73082562530405,
            10.79836105667504,
            16.11484544846742,
            42.59840401334464,
            16.091020995081443,
            76.14112801452045,
            34.990688608087005,
            14.473951982451723,
            74.20611920820593
        ],
        [
            67.63772544505557,
            14.242245229397776,
            84.41438280037359,
            40.36705967907471,
            82.45101908184093,
            10.064201928545888,
            95.94898275168316,
            74.10386262653562,
            97.27610894170438,
            98.1126959322752,
            91.334000837316,
            70.81047185452923,
            83.97084270312286,
            33.52445735258275,
            0.0,
            108.98020828066367,
            75.22771024168799,
            26.96177636067143,
            17.82182620706829,
            9.074125361321128,
            18.59276785128631,
            72.13089545576938,
            4.484063870712534,
            24.968158718542735,
            67.63772544505557
        ],
        [
            85.12106684970368,
            100.18628490657319,
            74.358766692133,
            95.68544956499325,
            44.92132303919672,
            117.32454624587056,
            42.197895512052845,
            85.54660309035428,
            29.87800821965971,
            26.567725478437694,
            27.829897521676077,
            70.68976050828195,
            51.60381535218773,
            84.29182501589464,
            108.98020828066367,
            0.0,
            39.02067531239419,
            84.11279088682045,
            97.1273341880384,
            116.38923956814591,
            92.06586077909856,
            80.36720749625522,
            112.53420174249986,
            84.8298529875989,
            85.12106684970368
        ],
        [
            48.15745949065533,
            64.32997390652775,
            74.5750230013547,
            56.753424633491,
            47.2145270283419,
            82.31932760799403,
            25.660327635173495,
            79.06899083601809,
            46.58699141841953,
            44.76601409041872,
            39.06960924428587,
            34.576829318380774,
            54.688295757288024,
            58.73082562530405,
            75.22771024168799,
            39.02067531239419,
            0.0,
            54.35651785563672,
            67.24081075335934,
            81.46557559297895,
            60.89913517167973,
            44.51913233344895,
            79.28652033068887,
            53.737426527984475,
            48.15745949065533
        ],
        [
            64.22429926664006,
            25.505041553332617,
            60.547407357348895,
            44.555720674892406,
            55.51963491747754,
            36.75399409936007,
            78.20163077763902,
            53.092203271878724,
            70.42777464180874,
            71.37870724486538,
            64.6928006391989,
            61.62490699732427,
            57.345810480021,
            10.79836105667504,
            26.96177636067143,
            84.11279088682045,
            54.35651785563672,
            0.0,
            13.146750469061656,
            35.7448338363125,
            8.430540715908908,
            66.55799759168605,
            29.57731551149885,
            3.6974571781821264,
            64.22429926664006
        ],
        [
            71.7448295650245,
            23.496409447373185,
            66.6035568279596,
            48.18042805513177,
            66.36150821728897,
            27.801980020799306,
            90.58991074707946,
            56.447429571121994,
            82.21029224761195,
            83.38994574646686,
            76.86750418090472,
            71.28153916784068,
            67.17831113085546,
            16.11484544846742,
            17.82182620706829,
            97.1273341880384,
            67.24081075335934,
            13.146750469061656,
            0.0,
            26.83602535797728,
            7.080179944519873,
            74.9653173843769,
            18.900127349238172,
            13.581650683338204,
            71.7448295650245
        ],
        [
            68.56054427679089,
            17.48002697149385,
            93.43896193504366,
            40.28346179269153,
            91.26182995900982,
            1.0092570610041969,
            100.88987042255613,
            82.90560047261395,
            105.78307049254816,
            106.51566208587646,
            99.67799448530221,
            73.50385352561833,
            92.93666367364267,
            42.59840401334464,
            9.074125361321128,
            116.38923956814591,
            81.46557559297895,
            35.7448338363125,
            26.83602535797728,
            0.0,
            27.479895452431066,
            73.61561914319743,
            9.014033595062754,
            33.47702628116894,
            68.56054427679089
        ],
        [
            64.94445031714875,
            19.456191059737833,
            67.3154291676482,
            42.26827473021269,
            63.858751280321414,
            28.48841163812077,
            83.85283894454224,
            58.561328265829985,
            78.8580977149246,
            79.79891946544723,
            73.09743888193456,
            64.21766870384714,
            65.46443009421576,
            16.091020995081443,
            18.59276785128631,
            92.06586077909856,
            60.89913517167973,
            8.430540715908908,
            7.080179944519873,
            27.479895452431066,
            0.0,
            68.02714368139499,
            21.151656094465874,
            7.302908006762175,
            64.94445031714875
        ],
        [
            6.5003585882488,
            57.89363109463933,
            111.44114163041367,
            33.98614036992718,
            88.57410248234231,
            74.04320920475242,
            43.02065564858324,
            111.22636094465484,
            90.8912114099075,
            89.21922390597163,
            83.27179470076655,
            9.951562497255004,
            95.273921266146,
            76.14112801452045,
            72.13089545576938,
            80.36720749625522,
            44.51913233344895,
            66.55799759168605,
            74.9653173843769,
            73.61561914319743,
            68.02714368139499,
            0.0,
            76.56041861762716,
            63.63330758841417,
            6.5003585882488
        ],
        [
            72.0127294340914,
            18.66828732102224,
            85.21510638662501,
            44.55414859064579,
            84.76007215442522,
            9.803473079983187,
            100.27410241217252,
            74.25445603830707,
            100.00042130455438,
            100.95021431714802,
            94.2398848125914,
            75.29344305295275,
            85.92185159327884,
            34.990688608087005,
            4.484063870712534,
            112.53420174249986,
            79.28652033068887,
            29.57731551149885,
            18.900127349238172,
            9.014033595062754,
            21.151656094465874,
            76.56041861762716,
            0.0,
            27.995773518026198,
            72.0127294340914
        ],
        [
            61.099329721722654,
            22.13868122759847,
            64.01679048276611,
            40.91031501622083,
            57.93312053855595,
            34.481535062700466,
            77.02135816327932,
            56.7652636767112,
            72.337632032427,
            73.145969296349,
            66.36743328093156,
            59.04338094726239,
            60.102384903310174,
            14.473951982451723,
            24.968158718542735,
            84.8298529875989,
            53.737426527984475,
            3.6974571781821264,
            13.581650683338204,
            33.47702628116894,
            7.302908006762175,
            63.63330758841417,
            27.995773518026198,
            0.0,
            61.099329721722654
        ],
        [
            0.0,
            53.41259988194545,
            112.0393162476358,
            28.478750412372964,
            90.48470939897257,
            68.93544509752911,
            48.97514619741809,
            110.9086060341762,
            93.98258246518526,
            92.4905416146115,
            86.31545763204969,
            14.539579691832078,
            96.90470743172087,
            74.20611920820593,
            67.63772544505557,
            85.12106684970368,
            48.15745949065533,
            64.22429926664006,
            71.7448295650245,
            68.56054427679089,
            64.94445031714875,
            6.5003585882488,
            72.0127294340914,
            61.099329721722654,
            0.0
        ]
    ],
    "scores_ave": [
        0,
        17.119330580261703,
        18.228791654564006,
        18.27493024185426,
        15.882534420521683,
        12.990364784591323,
        11.02495828270181,
        15.274855926227605,
        11.414678600269056,
        17.804933262358503,
        13.959588926343127,
        12.52178875328363,
        18.7886915031711,
        19.351955114693602,
        10.305312510880356,
        10.244475233812489,
        12.256462302713807,
        10.730012941640219,
        12.286436469929559,
        14.832960721815738,
        15.005536658232828,
        16.826492460855984,
        11.194101627677846,
        18.53685603188122,
        0
    ],
    "scores_var": [
        0,
        20.524314561694815,
        329.84485827908054,
        19.728655110538092,
        260.69560562557024,
        391.8189315453584,
        20.376374799900997,
        265.99325170220766,
        19.396566496667873,
        253.7662369017776,
        342.2338072993043,
        337.4380137138998,
        19.91285549764475,
        16.173698426523053,
        244.0125912103315,
        19.594928913378233,
        309.0992126661422,
        294.56342035495646,
        18.671906196104707,
        245.03167423915016,
        256.7881426081556,
        24.461587515611136,
        19.053236252959685,
        23.33073691116634,
        0
    ],
    "vertex_number": 25,
    "minimum_distances": {
        "cost": 394.3299338062625,
        "path": [
            0,
            3,
            1,
            5,
            19,
            22,
            14,
            18,
            20,
            23,
            17,
            13,
            7,
            2,
            12,
            4,
            10,
            8,
            9,
            15,
            16,
            6,
            11,
            21,
            24
        ]
    }
}