{
    "vertices": [
        [
            95.76341921984464,
            55.41196316058164
        ],
        [
            75.73362817516445,
            83.98159174580559
        ],
        [
            86.26202776931503,
            45.22531792271391
        ],
        [
            37.09946301920647,
            36.04292236443843
        ],
        [
            98.63414710626907,
            86.31948813355507
        ],
        [
            94.77675094608871,
            47.55471351937922
        ],
        [
            5.048994656030958,
            0.43251601439272536
        ],
        [
            1.3025357461752707,
            31.642124052134946
        ],
        [
            8.57845764253591,
            12.943599163736764
        ],
        [
            14.532804183250436,
            33.208235975315816
        ],
        [
            18.72301351574446,
            56.8477070554823
        ],
        [
            97.55262093970688,
            64.25369300006868
        ],
        [
            62.809270024441254,
            44.16994500518824
        ],
        [
            93.41513057152471,
            45.08659259221927
        ],
        [
            58.766836092174856,
            39.4762344814408
        ],
        [
            79.12263124119208,
            10.555834503004913
        ],
        [
            63.838899832270215,
            94.87641978679089
        ],
        [
            95.76341921984464,
            55.41196316058164
        ]
    ],
    "distances": [
        [
            0.0,
            34.891491896896525,
            13.929974181539981,
            61.77879489333742,
            31.040556994887687,
            7.918957393913171,
            106.07472098687992,
            97.40566594335047,
            96.97824222889024,
            84.21055943372586,
            77.05378298035792,
            9.020943927817836,
            34.818944863380054,
            10.589038528111612,
            40.282683769304306,
            47.84337051980707,
            50.76040065769346,
            0.0
        ],
        [
            34.891491896896525,
            0.0,
            40.16087596983625,
            61.56878055763219,
            23.019546625286367,
            41.104233141993895,
            109.43840948820286,
            90.99124902225226,
            97.75588636678862,
            79.5202773730447,
            63.13840259487593,
            29.415275524482222,
            41.85697372968898,
            42.725361158800915,
            47.62981061075244,
            73.50392621119119,
            16.13015314229506,
            34.891491896896525
        ],
        [
            13.929974181539981,
            40.16087596983625,
            0.0,
            50.012739986899874,
            42.91619929823023,
            8.82760412698999,
            92.74670802922051,
            86.03847070093518,
            84.12399439919568,
            72.7288922972853,
            68.53173261706947,
            22.125924889680775,
            23.476491599785163,
            7.154447876412332,
            28.089811778959977,
            35.39694991627458,
            54.479616213754916,
            13.929974181539981
        ],
        [
            61.77879489333742,
            61.56878055763219,
            50.012739986899874,
            0.0,
            79.46225777833718,
            58.81488653559955,
            47.9096395594278,
            36.066425217593405,
            36.701859353805844,
            22.74400004271697,
            27.75847550558176,
            66.71155733766902,
            26.9637288454264,
            57.037201746334645,
            21.937700152384952,
            49.14812626204313,
            64.62490154751326,
            61.77879489333742
        ],
        [
            31.040556994887687,
            23.019546625286367,
            42.91619929823023,
            79.46225777833718,
            0.0,
            38.95622230176364,
            127.02264655931272,
            111.63806121948066,
            116.16388546746981,
            99.4677886919743,
            85.1726197297965,
            22.09228403135245,
            55.317319203465814,
            41.56187926829879,
            61.51172977742403,
            78.23573648150266,
            35.831973322395655,
            31.040556994887687
        ],
        [
            7.918957393913171,
            41.104233141993895,
            8.82760412698999,
            58.81488653559955,
            38.95622230176364,
            0.0,
            101.34876292558758,
            94.81898233366978,
            92.88743190219371,
            81.51633216723836,
            76.619388577473,
            16.928123638429554,
            32.14617386829345,
            2.8187995593005013,
            36.90495618954907,
            40.17422696460426,
            56.537549607318404,
            7.918957393913171
        ],
        [
            106.07472098687992,
            109.43840948820286,
            92.74670802922051,
            47.9096395594278,
            127.02264655931272,
            101.34876292558758,
            0.0,
            31.433669659025508,
            12.999396545336587,
            34.12023537587968,
            58.048708615941095,
            112.38355532490932,
            72.45144653738437,
            99.0078811592992,
            66.4079697046432,
            74.76219107391381,
            111.24704000736921,
            106.07472098687992
        ],
        [
            97.40566594335047,
            90.99124902225226,
            86.03847070093518,
            36.066425217593405,
            111.63806121948066,
            94.81898233366978,
            31.433669659025508,
            0.0,
            20.064243629999773,
            13.322638983061749,
            30.639752940562158,
            101.62476730112562,
            62.769615734119164,
            93.08858071634947,
            57.995854166257494,
            80.62629143029764,
            88.93465573198421,
            97.40566594335047
        ],
        [
            96.97824222889024,
            97.75588636678862,
            84.12399439919568,
            36.701859353805844,
            116.16388546746981,
            92.88743190219371,
            12.999396545336587,
            20.064243629999773,
            0.0,
            21.121310277350783,
            45.06087775037991,
            102.70894539388881,
            62.57847622155202,
            90.72173444221451,
            56.77018643889113,
            70.5845723142981,
            98.82663389114562,
            96.97824222889024
        ],
        [
            84.21055943372586,
            79.5202773730447,
            72.7288922972853,
            22.74400004271697,
            99.4677886919743,
            81.51633216723836,
            34.12023537587968,
            13.322638983061749,
            21.121310277350783,
            0.0,
            24.007966327870168,
            88.63470187320192,
            49.50531505779203,
            79.77165394013444,
            44.675915034753665,
            68.44689219999374,
            78.95603816527374,
            84.21055943372586
        ],
        [
            77.05378298035792,
            63.13840259487593,
            68.53173261706947,
            27.75847550558176,
            85.1726197297965,
            76.619388577473,
            58.048708615941095,
            30.639752940562158,
            45.06087775037991,
            24.007966327870168,
            0.0,
            79.17673669978728,
            45.87290772944839,
            75.61240747187168,
            43.64946489847628,
            76.09895719255958,
            59.00530645735236,
            77.05378298035792
        ],
        [
            9.020943927817836,
            29.415275524482222,
            22.125924889680775,
            66.71155733766902,
            22.09228403135245,
            16.928123638429554,
            112.38355532490932,
            101.62476730112562,
            102.70894539388881,
            88.63470187320192,
            79.17673669978728,
            0.0,
            40.130504187502474,
            19.60858395171312,
            46.02455384771666,
            56.77256844161663,
            45.545212555923534,
            9.020943927817836
        ],
        [
            34.818944863380054,
            41.85697372968898,
            23.476491599785163,
            26.9637288454264,
            55.317319203465814,
            32.14617386829345,
            72.45144653738437,
            62.769615734119164,
            62.57847622155202,
            49.50531505779203,
            45.87290772944839,
            40.130504187502474,
            0.0,
            30.619584298718518,
            6.194529084399899,
            37.36354077227132,
            50.71692737458052,
            34.818944863380054
        ],
        [
            10.589038528111612,
            42.725361158800915,
            7.154447876412332,
            57.037201746334645,
            41.56187926829879,
            2.8187995593005013,
            99.0078811592992,
            93.08858071634947,
            90.72173444221451,
            79.77165394013444,
            75.61240747187168,
            19.60858395171312,
            30.619584298718518,
            0.0,
            35.09957875044832,
            37.371764626832935,
            57.91183226946741,
            10.589038528111612
        ],
        [
            40.282683769304306,
            47.62981061075244,
            28.089811778959977,
            21.937700152384952,
            61.51172977742403,
            36.90495618954907,
            66.4079697046432,
            57.995854166257494,
            56.77018643889113,
            44.675915034753665,
            43.64946489847628,
            46.02455384771666,
            6.194529084399899,
            35.09957875044832,
            0.0,
            35.365914820084434,
            55.63188260746457,
            40.282683769304306
        ],
        [
            47.84337051980707,
            73.50392621119119,
            35.39694991627458,
            49.14812626204313,
            78.23573648150266,
            40.17422696460426,
            74.76219107391381,
            80.62629143029764,
            70.5845723142981,
            68.44689219999374,
            76.09895719255958,
            56.77256844161663,
            37.36354077227132,
            37.371764626832935,
            35.365914820084434,
            0.0,
            85.69453628079383,
            47.84337051980707
        ],
        [
            50.76040065769346,
            16.13015314229506,
            54.479616213754916,
            64.62490154751326,
            35.831973322395655,
            56.537549607318404,
            111.24704000736921,
            88.93465573198421,
            98.82663389114562,
            78.95603816527374,
            59.00530645735236,
            45.545212555923534,
            50.71692737458052,
            57.91183226946741,
            55.63188260746457,
            85.69453628079383,
            0.0,
            50.76040065769346
        ],
        [
            0.0,
            34.891491896896525,
            13.929974181539981,
            61.77879489333742,
            31.040556994887687,
            7.918957393913171,
            106.07472098687992,
            97.40566594335047,
            96.97824222889024,
            84.21055943372586,
            77.05378298035792,
            9.020943927817836,
            34.818944863380054,
            10.589038528111612,
            40.282683769304306,
            47.84337051980707,
            50.76040065769346,
            0.0
        ]
    ],
    "scores_ave": [
        0,
        12.616175311486108,
        13.631054105872895,
        11.82465789623622,
        17.13212038509682,
        10.631323937442067,
        14.681366852663956,
        13.17178315748631,
        11.137222924910462,
        14.13421922767158,
        11.269096036941658,
        16.749353184564555,
        14.16593300046133,
        15.7264409769775,
        14.680835684884652,
        13.885426924133125,
        14.191520467845521,
        0
    ],
    "scores_var": [
        0,
        355.40489437905035,
        365.7886426755097,
        257.92984959509954,
        19.33096371054242,
        278.62604229122906,
        19.68429814736976,
        237.69590082271296,
        21.8650316724312,
        21.57800247444733,
        22.401061534286953,
        19.510460013459884,
        17.918304421809463,
        365.7288692900434,
        365.27733275319184,
        24.711978755483656,
        361.2301692108183,
        0
    ],
    "vertex_number": 18,
    "minimum_distances": {
        "cost": 391.5650151378482,
        "path": [
            0,
            5,
            13,
            2,
            15,
            3,
            6,
            8,
            7,
            9,
            10,
            14,
            12,
            16,
            1,
            4,
            11,
            17
        ]
    }
}