{
    "vertices": [
        [
            59.986606468516726,
            32.98665598522524
        ],
        [
            1.5006156480809163,
            68.46050834003205
        ],
        [
            70.54126166007761,
            58.8884615046409
        ],
        [
            22.208646461628046,
            38.418465172062746
        ],
        [
            18.932320327030894,
            51.56621202170306
        ],
        [
            98.096312647809,
            82.83430591854416
        ],
        [
            69.88310425999619,
            49.09184803763299
        ],
        [
            54.316077532226956,
            94.19630252129862
        ],
        [
            24.733134617156992,
            72.45795722299437
        ],
        [
            66.11193032470347,
            74.65050370659031
        ],
        [
            49.29988881474474,
            18.524786870792088
        ],
        [
            78.5321475411108,
            69.44304547667696
        ],
        [
            77.78767857399825,
            28.19904839198334
        ],
        [
            27.02672586417555,
            5.728096604006105
        ],
        [
            87.57903938452712,
            68.65007950009013
        ],
        [
            21.57626861333073,
            45.98681298628159
        ],
        [
            65.05490207277701,
            11.027054386480495
        ],
        [
            59.740068675065416,
            72.70176588267056
        ],
        [
            20.034877958773023,
            40.09043947235171
        ],
        [
            59.986606468516726,
            32.98665598522524
        ]
    ],
    "distances": [
        [
            0.0,
            68.40325520864292,
            27.969702811763565,
            38.16646189161752,
            45.06278190591006,
            62.746616713147944,
            18.902853741742163,
            61.471747392508206,
            52.92249898651166,
            42.111706202578254,
            17.981979660049596,
            40.90238903080974,
            18.43364734856941,
            42.77128463106849,
            45.09126446469595,
            40.55068601394616,
            22.536896918337206,
            39.715875101145116,
            40.57837294357967,
            0.0
        ],
        [
            68.40325520864292,
            0.0,
            69.70103932060667,
            36.48762664083468,
            24.275122576531533,
            97.65927879977059,
            71.07256679386535,
            58.75205627189739,
            23.57391641667494,
            64.90714927401721,
            69.12558711443153,
            77.0377977684446,
            86.25949876396919,
            67.72693544655993,
            86.07863248318895,
            30.134678110680532,
            85.6606616597551,
            58.39368248728044,
            33.887751282114706,
            68.40325520864292
        ],
        [
            27.969702811763565,
            69.70103932060667,
            0.0,
            52.488688703159276,
            52.12579172548117,
            36.50594882524406,
            9.818696786500878,
            38.85743477431615,
            47.77568123251377,
            16.3725670087058,
            45.61164489800445,
            13.238334486877722,
            31.533325788595675,
            68.69890262516196,
            19.636065178055052,
            50.63618349124719,
            48.17483194419531,
            17.53491225354635,
            53.891190624348205,
            27.969702811763565
        ],
        [
            38.16646189161752,
            36.48762664083468,
            52.488688703159276,
            0.0,
            13.549817716946272,
            87.93011309217127,
            48.854631593774535,
            64.35879325555345,
            34.13297613061074,
            56.92327248436503,
            33.61091859187652,
            64.30288762511331,
            56.51075375424439,
            33.043518067007305,
            72.02248798655044,
            7.594721218057206,
            50.85362331948851,
            50.83259152332548,
            2.7424017876364037,
            38.16646189161752
        ],
        [
            45.06278190591006,
            24.275122576531533,
            52.12579172548117,
            13.549817716946272,
            0.0,
            85.11540034627039,
            51.01083081571381,
            55.40157840675635,
            21.682123142907603,
            52.524281262340374,
            44.87677564018212,
            62.22315146571294,
            63.3243833801559,
            46.547311695154484,
            70.7405864082134,
            6.174152260601437,
            61.40615481095081,
            45.956326683563084,
            11.528616089356031,
            45.06278190591006
        ],
        [
            62.746616713147944,
            97.65927879977059,
            36.50594882524406,
            87.93011309217127,
            85.11540034627039,
            0.0,
            43.983389948697855,
            45.23056437384622,
            74.09334992432707,
            33.01477443865044,
            80.7267317500791,
            23.708277300218686,
            58.287665787347905,
            104.86302341842791,
            17.658009966712363,
            84.92970548890202,
            79.04439376310565,
            39.67202817194011,
            88.99789719134137,
            62.746616713147944
        ],
        [
            18.902853741742163,
            71.07256679386535,
            9.818696786500878,
            48.854631593774535,
            51.01083081571381,
            43.983389948697855,
            0.0,
            47.71524007497129,
            50.83792695627478,
            25.835375601189842,
            36.85124131481911,
            22.112828559041095,
            22.33811478435097,
            60.96789407223395,
            26.375567062542103,
            48.4065244865201,
            38.36978045370455,
            25.696485976230196,
            50.654427462336166,
            18.902853741742163
        ],
        [
            61.471747392508206,
            58.75205627189739,
            38.85743477431615,
            64.35879325555345,
            55.40157840675635,
            45.23056437384622,
            47.71524007497129,
            0.0,
            36.71111776866233,
            22.829375690255493,
            75.83759245977058,
            34.62862661140744,
            70.04679584444604,
            92.58148936308515,
            41.94084097674841,
            58.27563787100707,
            83.85968153900698,
            22.168328426539386,
            64.05189349633918,
            61.471747392508206
        ],
        [
            52.92249898651166,
            23.57391641667494,
            47.77568123251377,
            34.13297613061074,
            21.682123142907603,
            74.09334992432707,
            50.83792695627478,
            36.71111776866233,
            0.0,
            41.43684344022353,
            59.264764203060544,
            53.8834249508124,
            69.09150197658282,
            66.76926582671102,
            62.961160081290956,
            26.658718652008876,
            73.48197570870224,
            35.00778306030363,
            32.70672439982666,
            52.92249898651166
        ],
        [
            42.111706202578254,
            64.90714927401721,
            16.3725670087058,
            56.92327248436503,
            52.524281262340374,
            33.01477443865044,
            25.835375601189842,
            22.829375690255493,
            41.43684344022353,
            0.0,
            58.58959660268007,
            13.467717583875658,
            47.89635474674287,
            79.23352452425438,
            22.2899497990533,
            52.96255592189018,
            63.632229350494654,
            6.663197429800773,
            57.597680462041126,
            42.111706202578254
        ],
        [
            17.981979660049596,
            69.12558711443153,
            45.61164489800445,
            33.61091859187652,
            44.87677564018212,
            80.7267317500791,
            36.85124131481911,
            75.83759245977058,
            59.264764203060544,
            58.58959660268007,
            0.0,
            58.71280958786569,
            30.085636130017775,
            25.687527510577254,
            63.07010646508242,
            39.02258314668672,
            17.44810692215846,
            55.17374747440458,
            36.35269223223086,
            17.981979660049596
        ],
        [
            40.90238903080974,
            77.0377977684446,
            13.238334486877722,
            64.30288762511331,
            62.22315146571294,
            23.708277300218686,
            22.112828559041095,
            34.62862661140744,
            53.8834249508124,
            13.467717583875658,
            58.71280958786569,
            0.0,
            41.25071550367592,
            81.92925711835774,
            9.081577344630007,
            61.596809877455684,
            59.95051426354603,
            19.07253225956398,
            65.44849904951107,
            40.90238903080974
        ],
        [
            18.43364734856941,
            86.25949876396919,
            31.533325788595675,
            56.51075375424439,
            63.3243833801559,
            58.287665787347905,
            22.33811478435097,
            70.04679584444604,
            69.09150197658282,
            47.89635474674287,
            30.085636130017775,
            41.25071550367592,
            0.0,
            55.5123229046169,
            41.619186251427166,
            58.958690445331314,
            21.377581143690637,
            48.022995399287375,
            58.96432108256843,
            18.43364734856941
        ],
        [
            42.77128463106849,
            67.72693544655993,
            68.69890262516196,
            33.043518067007305,
            46.547311695154484,
            104.86302341842791,
            60.96789407223395,
            92.58148936308515,
            66.76926582671102,
            79.23352452425438,
            25.687527510577254,
            81.92925711835774,
            55.5123229046169,
            0.0,
            87.32558963008519,
            40.6259981907126,
            38.39558749821245,
            74.53613334826755,
            35.06645896770907,
            42.77128463106849
        ],
        [
            45.09126446469595,
            86.07863248318895,
            19.636065178055052,
            72.02248798655044,
            70.7405864082134,
            17.658009966712363,
            26.375567062542103,
            41.94084097674841,
            62.961160081290956,
            22.2899497990533,
            63.07010646508242,
            9.081577344630007,
            41.619186251427166,
            87.32558963008519,
            0.0,
            69.78530933191465,
            61.86881108347129,
            28.13226710922983,
            73.33394017248989,
            45.09126446469595
        ],
        [
            40.55068601394616,
            30.134678110680532,
            50.63618349124719,
            7.594721218057206,
            6.174152260601437,
            84.92970548890202,
            48.4065244865201,
            58.27563787100707,
            26.658718652008876,
            52.96255592189018,
            39.02258314668672,
            61.596809877455684,
            58.958690445331314,
            40.6259981907126,
            69.78530933191465,
            0.0,
            55.790467723951274,
            46.58502273701647,
            6.094514399501542,
            40.55068601394616
        ],
        [
            22.536896918337206,
            85.6606616597551,
            48.17483194419531,
            50.85362331948851,
            61.40615481095081,
            79.04439376310565,
            38.36978045370455,
            83.85968153900698,
            73.48197570870224,
            63.632229350494654,
            17.44810692215846,
            59.95051426354603,
            21.377581143690637,
            38.39558749821245,
            61.86881108347129,
            55.790467723951274,
            0.0,
            61.903291448708195,
            53.58621953333844,
            22.536896918337206
        ],
        [
            39.715875101145116,
            58.39368248728044,
            17.53491225354635,
            50.83259152332548,
            45.956326683563084,
            39.67202817194011,
            25.696485976230196,
            22.168328426539386,
            35.00778306030363,
            6.663197429800773,
            55.17374747440458,
            19.07253225956398,
            48.022995399287375,
            74.53613334826755,
            28.13226710922983,
            46.58502273701647,
            61.903291448708195,
            0.0,
            51.38093790558432,
            39.715875101145116
        ],
        [
            40.57837294357967,
            33.887751282114706,
            53.891190624348205,
            2.7424017876364037,
            11.528616089356031,
            88.99789719134137,
            50.654427462336166,
            64.05189349633918,
            32.70672439982666,
            57.597680462041126,
            36.35269223223086,
            65.44849904951107,
            58.96432108256843,
            35.06645896770907,
            73.33394017248989,
            6.094514399501542,
            53.58621953333844,
            51.38093790558432,
            0.0,
            40.57837294357967
        ],
        [
            0.0,
            68.40325520864292,
            27.969702811763565,
            38.16646189161752,
            45.06278190591006,
            62.746616713147944,
            18.902853741742163,
            61.471747392508206,
            52.92249898651166,
            42.111706202578254,
            17.981979660049596,
            40.90238903080974,
            18.43364734856941,
            42.77128463106849,
            45.09126446469595,
            40.55068601394616,
            22.536896918337206,
            39.715875101145116,
            40.57837294357967,
            0.0
        ]
    ],
    "scores_ave": [
        0,
        13.792299552899802,
        11.131535903195765,
        10.539363464708538,
        14.614159029480085,
        18.044032587965944,
        17.640576850479658,
        11.399241827347739,
        13.884439367757741,
        12.111436322556898,
        14.483777842365246,
        16.262795569700078,
        10.893147807213344,
        10.008895085617393,
        12.13172121463346,
        14.888032357321348,
        18.06467413078341,
        18.275160635460516,
        19.64619467226971,
        0
    ],
    "scores_var": [
        0,
        21.80596956313667,
        358.10623735079866,
        16.610633627833803,
        294.62442994206486,
        235.04499851183314,
        359.5486501085419,
        23.791146608465077,
        22.846496310395125,
        357.2573233400321,
        17.65344178218351,
        369.30446247958525,
        231.98492244572589,
        311.0720480898458,
        236.83013219099252,
        23.511732781360408,
        22.195547917661152,
        23.98909382887915,
        21.42568215220375,
        0
    ],
    "vertex_number": 20,
    "minimum_distances": {
        "cost": 347.5847526150562,
        "path": [
            0,
            6,
            2,
            14,
            5,
            11,
            9,
            17,
            7,
            8,
            1,
            4,
            15,
            18,
            3,
            13,
            10,
            16,
            12,
            19
        ]
    }
}