{
    "vertices": [
        [
            66.02912209404593,
            33.51099498047761
        ],
        [
            30.529523484814913,
            18.926745349133046
        ],
        [
            74.09146747466583,
            87.76898225245664
        ],
        [
            10.841998571703504,
            99.96937504345863
        ],
        [
            42.10880503206139,
            90.67638293225903
        ],
        [
            72.2792989250712,
            45.371745999953546
        ],
        [
            1.2873614251187049,
            69.34581444967624
        ],
        [
            51.65975008870264,
            71.10186759620076
        ],
        [
            69.16545333094355,
            40.66058498946097
        ],
        [
            17.9639660316832,
            85.37536125360197
        ],
        [
            42.72345768510441,
            85.92567353869497
        ],
        [
            58.64511813274862,
            31.55632350773776
        ],
        [
            14.066153045577511,
            94.58412342443351
        ],
        [
            16.277450397695592,
            57.284677984125864
        ],
        [
            45.79977719613254,
            45.75333083757648
        ],
        [
            92.99384052889607,
            75.0217897217374
        ],
        [
            66.02912209404593,
            33.51099498047761
        ]
    ],
    "distances": [
        [
            0.0,
            38.37866384758451,
            54.853719981808354,
            86.38480701643034,
            61.96824306064797,
            13.40679399278905,
            73.99749901789053,
            40.24366479136149,
            7.807253737652852,
            70.71189232520993,
            57.362466142099,
            7.6383411200860465,
            80.18776197315911,
            55.13997497405473,
            23.645320514569967,
            49.4999204072264,
            0.0
        ],
        [
            38.37866384758451,
            0.0,
            81.467150103758,
            83.39967904600093,
            72.67799016525105,
            49.420459414434056,
            58.285389000082056,
            56.291472336652426,
            44.329390482911705,
            67.62626553143087,
            68.09954779461509,
            30.82195494888706,
            77.42791113964338,
            40.92007555358663,
            30.86820917022517,
            83.95501716364508,
            38.37866384758451
        ],
        [
            54.853719981808354,
            81.467150103758,
            0.0,
            64.41540887677056,
            32.11453994113097,
            42.43594698722655,
            75.09894120134524,
            27.945923778764282,
            47.365247893707576,
            56.178517599863525,
            31.42212318052762,
            58.296249546113735,
            60.410963586959056,
            65.35865189322969,
            50.65308186708067,
            22.798917178158124,
            54.853719981808354
        ],
        [
            86.38480701643034,
            83.39967904600093,
            64.41540887677056,
            0.0,
            32.6185972814328,
            82.19150182276817,
            32.07948806393206,
            49.99421791688488,
            83.18147601913716,
            16.239078145003674,
            34.837522689685535,
            83.45947435849793,
            6.276631825399222,
            43.029379493547104,
            64.50911358628915,
            85.85631689249257,
            86.38480701643034
        ],
        [
            61.96824306064797,
            72.67799016525105,
            32.11453994113097,
            32.6185972814328,
            0.0,
            54.43132213455926,
            46.05847815489518,
            21.78031685069251,
            56.86512341518486,
            24.719912645310377,
            4.7903066317294,
            61.389177200243424,
            28.313614502377266,
            42.2168786339013,
            45.074426064205305,
            53.23864316547742,
            61.96824306064797
        ],
        [
            13.40679399278905,
            49.420459414434056,
            42.43594698722655,
            82.19150182276817,
            54.43132213455926,
            0.0,
            74.93070897855665,
            32.97279107951063,
            5.647218116104035,
            67.45698348341325,
            50.18135899135865,
            19.410223711131202,
            76.22747828018896,
            57.254912338965624,
            26.48227101254042,
            36.16928706181926,
            13.40679399278905
        ],
        [
            73.99749901789053,
            58.285389000082056,
            75.09894120134524,
            32.07948806393206,
            46.05847815489518,
            74.93070897855665,
            0.0,
            50.40298862496725,
            73.69041830496558,
            23.131266976604064,
            44.63005490337781,
            68.6873924398249,
            28.289039488544354,
            19.23990073379798,
            50.37817424995468,
            91.88196234789832,
            73.99749901789053
        ],
        [
            40.24366479136149,
            56.291472336652426,
            27.945923778764282,
            49.99421791688488,
            21.78031685069251,
            32.97279107951063,
            50.40298862496725,
            0.0,
            35.115827382375635,
            36.59424113716744,
            17.3090307222367,
            40.15775670979829,
            44.32487876377596,
            37.98449499730473,
            26.01706359497518,
            41.519547468492014,
            40.24366479136149
        ],
        [
            7.807253737652852,
            44.329390482911705,
            47.365247893707576,
            83.18147601913716,
            56.86512341518486,
            5.647218116104035,
            73.69041830496558,
            35.115827382375635,
            0.0,
            67.97796347352946,
            52.42239383225999,
            13.912764995139108,
            77.0952715105466,
            55.43916776217435,
            23.91424014076915,
            41.81488284222454,
            7.807253737652852
        ],
        [
            70.71189232520993,
            67.62626553143087,
            56.178517599863525,
            16.239078145003674,
            24.719912645310377,
            67.45698348341325,
            23.131266976604064,
            36.59424113716744,
            67.97796347352946,
            0.0,
            24.765606605673092,
            67.46439772324938,
            9.999712335542073,
            28.141265457148673,
            48.422491442214444,
            75.74086420508384,
            70.71189232520993
        ],
        [
            57.362466142099,
            68.09954779461509,
            31.42212318052762,
            34.837522689685535,
            4.7903066317294,
            50.18135899135865,
            44.63005490337781,
            17.3090307222367,
            52.42239383225999,
            24.765606605673092,
            0.0,
            56.652674201654634,
            29.93676441478764,
            38.98330319255318,
            40.28995978938227,
            51.43934363456723,
            57.362466142099
        ],
        [
            7.6383411200860465,
            30.82195494888706,
            58.296249546113735,
            83.45947435849793,
            61.389177200243424,
            19.410223711131202,
            68.6873924398249,
            40.15775670979829,
            13.912764995139108,
            67.46439772324938,
            56.652674201654634,
            0.0,
            77.1996612076909,
            49.56780702603792,
            19.145699279509202,
            55.39929136232652,
            7.6383411200860465
        ],
        [
            80.18776197315911,
            77.42791113964338,
            60.410963586959056,
            6.276631825399222,
            28.313614502377266,
            76.22747828018896,
            28.289039488544354,
            44.32487876377596,
            77.0952715105466,
            9.999712335542073,
            29.93676441478764,
            77.1996612076909,
            0.0,
            37.364936319147816,
            58.236322054104185,
            81.315833337426,
            80.18776197315911
        ],
        [
            55.13997497405473,
            40.92007555358663,
            65.35865189322969,
            43.029379493547104,
            42.2168786339013,
            57.254912338965624,
            19.23990073379798,
            37.98449499730473,
            55.43916776217435,
            28.141265457148673,
            38.98330319255318,
            49.56780702603792,
            37.364936319147816,
            0.0,
            31.694475017074204,
            78.74014000213025,
            55.13997497405473
        ],
        [
            23.645320514569967,
            30.86820917022517,
            50.65308186708067,
            64.50911358628915,
            45.074426064205305,
            26.48227101254042,
            50.37817424995468,
            26.01706359497518,
            23.91424014076915,
            48.422491442214444,
            40.28995978938227,
            19.145699279509202,
            58.236322054104185,
            31.694475017074204,
            0.0,
            55.53307392275989,
            23.645320514569967
        ],
        [
            49.4999204072264,
            83.95501716364508,
            22.798917178158124,
            85.85631689249257,
            53.23864316547742,
            36.16928706181926,
            91.88196234789832,
            41.519547468492014,
            41.81488284222454,
            75.74086420508384,
            51.43934363456723,
            55.39929136232652,
            81.315833337426,
            78.74014000213025,
            55.53307392275989,
            0.0,
            49.4999204072264
        ],
        [
            0.0,
            38.37866384758451,
            54.853719981808354,
            86.38480701643034,
            61.96824306064797,
            13.40679399278905,
            73.99749901789053,
            40.24366479136149,
            7.807253737652852,
            70.71189232520993,
            57.362466142099,
            7.6383411200860465,
            80.18776197315911,
            55.13997497405473,
            23.645320514569967,
            49.4999204072264,
            0.0
        ]
    ],
    "scores_ave": [
        0,
        11.296394580324108,
        14.092533811594004,
        17.82339830389433,
        12.967719163737563,
        13.86603820138707,
        11.542161889180239,
        14.171669050843622,
        19.791141919210922,
        18.50903422276614,
        11.806021692520908,
        13.686736556675637,
        11.855284020385964,
        16.217508690379994,
        16.883382188429913,
        14.506772700664925,
        0
    ],
    "scores_var": [
        0,
        23.18125679770216,
        241.95390219555878,
        358.6968393112546,
        296.6739949510218,
        287.26431658320223,
        263.806277387014,
        24.84918623297933,
        24.53277237155225,
        315.7339420742113,
        21.709872820532162,
        320.22431584628515,
        21.972537550487353,
        24.169949920877606,
        22.952777302097076,
        23.162898712199574,
        0
    ],
    "vertex_number": 17,
    "minimum_distances": {
        "cost": 312.30637150264783,
        "path": [
            0,
            8,
            5,
            15,
            2,
            7,
            10,
            4,
            3,
            12,
            9,
            6,
            13,
            1,
            14,
            11,
            16
        ]
    }
}