{
    "vertices": [
        [
            19.304737821146155,
            24.121644435510138
        ],
        [
            94.5265603646978,
            40.091503829797524
        ],
        [
            12.750263413062656,
            32.103554920953414
        ],
        [
            63.94724389517474,
            17.764793815026415
        ],
        [
            2.7001920822044556,
            29.914341058636595
        ],
        [
            69.49754441783853,
            24.354272752540318
        ],
        [
            58.52801841918195,
            83.82514069161331
        ],
        [
            50.00405027184676,
            92.22281648715968
        ],
        [
            66.1903177460789,
            63.266079131152544
        ],
        [
            68.59864720640836,
            47.06205235292465
        ],
        [
            59.364448800792815,
            7.6673070548791795
        ],
        [
            0.1114664126790621,
            84.90040939846112
        ],
        [
            42.59823825752602,
            77.90544133566975
        ],
        [
            60.00977747931101,
            37.61372975390612
        ],
        [
            68.75048863535463,
            81.37946634592032
        ],
        [
            63.57527535670919,
            63.37006482767066
        ],
        [
            70.15328048562071,
            46.09101771409803
        ],
        [
            32.02841590695116,
            7.41380793674109
        ],
        [
            19.304737821146155,
            24.121644435510138
        ]
    ],
    "distances": [
        [
            0.0,
            76.8983679660816,
            10.328215226448897,
            45.09282535371701,
            17.585968081518505,
            50.19334567437051,
            71.43509785864913,
            74.70085287166482,
            61.078182459358345,
            54.37050503627694,
            43.307339590518055,
            63.737272751355775,
            58.61129559715642,
            42.88282429844903,
            75.65276229923826,
            59.163493786011806,
            55.39158467993871,
            21.00104246223967,
            0.0
        ],
        [
            76.8983679660816,
            0.0,
            82.16550414189835,
            37.86260128183119,
            92.3886170154246,
            29.56538653978882,
            56.643852405748646,
            68.55601844001495,
            36.60605941834505,
            26.84856099415886,
            47.82993441487376,
            104.50860244128201,
            64.23740737735449,
            34.605601643781455,
            48.673419055260595,
            38.72819961962395,
            25.100815502922185,
            70.52552636840397,
            76.8983679660816
        ],
        [
            10.328215226448897,
            82.16550414189835,
            0.0,
            53.16700932475524,
            10.285746987472423,
            57.27394936234694,
            69.070437149565,
            70.72602241456563,
            61.86228513615526,
            57.81694057757751,
            52.63090811618106,
            54.288553419077495,
            54.66913572997377,
            47.57965632986048,
            74.59316772807419,
            59.67224212997749,
            59.082615754737844,
            31.32460326519781,
            10.328215226448897
        ],
        [
            45.09282535371701,
            37.86260128183119,
            53.16700932475524,
            0.0,
            62.44047448574829,
            8.615513249935908,
            66.28225580209708,
            75.75229229971544,
            45.556540098213404,
            29.66420251077393,
            11.088789372534759,
            92.64014986258077,
            63.81753306042643,
            20.235708529275794,
            63.79575002495803,
            45.606787923842404,
            28.998100809230422,
            33.555245324602645,
            45.09282535371701
        ],
        [
            17.585968081518505,
            92.3886170154246,
            10.285746987472423,
            62.44047448574829,
            0.0,
            67.0283569738905,
            77.60876568132417,
            78.23043595591587,
            71.71704462170955,
            68.0929540436378,
            60.87502370787567,
            55.04697277838186,
            62.40993345941288,
            57.824468563654726,
            83.73351058921925,
            69.46266059249241,
            69.36572642720928,
            36.96510115614398,
            17.585968081518505
        ],
        [
            50.19334567437051,
            29.56538653978882,
            57.27394936234694,
            8.615513249935908,
            67.0283569738905,
            0.0,
            60.47408233335884,
            70.61257354521045,
            39.05209884122754,
            22.725564252100494,
            19.522665058313898,
            92.0883406500768,
            59.92745888593121,
            16.304322170850416,
            57.03008676746521,
            39.46270773885408,
            21.746633562793,
            41.120736125958686,
            50.19334567437051
        ],
        [
            71.43509785864913,
            56.643852405748646,
            69.070437149565,
            66.28225580209708,
            77.60876568132417,
            60.47408233335884,
            0.0,
            11.965742423430738,
            21.940506904394464,
            38.117479302392745,
            76.16242669468821,
            58.42644736008157,
            16.994138297173098,
            46.23516097912841,
            10.51095715554575,
            21.06857686681913,
            39.484310238316525,
            80.87595876823987,
            71.43509785864913
        ],
        [
            74.70085287166482,
            68.55601844001495,
            70.72602241456563,
            75.75229229971544,
            78.23043595591587,
            70.61257354521045,
            11.965742423430738,
            0.0,
            33.17360235265631,
            48.83905867588785,
            85.07203556970511,
            50.427051963372826,
            16.11934498731132,
            55.518167574139184,
            21.656573911916798,
            31.885097281146024,
            50.34018609665556,
            86.69308716457955,
            74.70085287166482
        ],
        [
            61.078182459358345,
            36.60605941834505,
            61.86228513615526,
            45.556540098213404,
            71.71704462170955,
            39.05209884122754,
            21.940506904394464,
            33.17360235265631,
            0.0,
            16.382018636877977,
            56.01621143247387,
            69.530272828866,
            27.765034492131367,
            26.386400030346206,
            18.29342153273705,
            2.617109039241738,
            17.626338484058206,
            65.4714574058061,
            61.078182459358345
        ],
        [
            54.37050503627694,
            26.84856099415886,
            57.81694057757751,
            29.66420251077393,
            68.0929540436378,
            22.725564252100494,
            38.117479302392745,
            48.83905867588785,
            16.382018636877977,
            0.0,
            40.46253053495479,
            78.24471354013933,
            40.340251727648436,
            12.768691519657509,
            34.31774991147,
            17.064159387934158,
            1.8329737866744593,
            53.9385307788526,
            54.37050503627694
        ],
        [
            43.307339590518055,
            47.82993441487376,
            52.63090811618106,
            11.088789372534759,
            60.87502370787567,
            19.522665058313898,
            76.16242669468821,
            85.07203556970511,
            56.01621143247387,
            40.46253053495479,
            0.0,
            97.34407028422595,
            72.21150409199021,
            29.9533751282241,
            74.30733591728212,
            55.86168887330826,
            39.90965334285571,
            27.33720827326905,
            43.307339590518055
        ],
        [
            63.737272751355775,
            104.50860244128201,
            54.288553419077495,
            92.64014986258077,
            55.04697277838186,
            92.0883406500768,
            58.42644736008157,
            50.427051963372826,
            69.530272828866,
            78.24471354013933,
            97.34407028422595,
            0.0,
            43.05874313069938,
            76.31407301698538,
            68.72926895918641,
            67.01649634993854,
            80.07511849219355,
            83.80253618541236,
            63.737272751355775
        ],
        [
            58.61129559715642,
            64.23740737735449,
            54.66913572997377,
            63.81753306042643,
            62.40993345941288,
            59.92745888593121,
            16.994138297173098,
            16.11934498731132,
            27.765034492131367,
            40.340251727648436,
            72.21150409199021,
            43.05874313069938,
            0.0,
            43.892866393752215,
            26.38198342802305,
            25.52083963528236,
            42.08845331637767,
            71.27967118170275,
            58.61129559715642
        ],
        [
            42.88282429844903,
            34.605601643781455,
            47.57965632986048,
            20.235708529275794,
            57.824468563654726,
            16.304322170850416,
            46.23516097912841,
            55.518167574139184,
            26.386400030346206,
            12.768691519657509,
            29.9533751282241,
            76.31407301698538,
            43.892866393752215,
            0.0,
            44.6300317158184,
            26.001953225589887,
            13.21949561817805,
            41.17027900325691,
            42.88282429844903
        ],
        [
            75.65276229923826,
            48.673419055260595,
            74.59316772807419,
            63.79575002495803,
            83.73351058921925,
            57.03008676746521,
            10.51095715554575,
            21.656573911916798,
            18.29342153273705,
            34.31774991147,
            74.30733591728212,
            68.72926895918641,
            26.38198342802305,
            44.6300317158184,
            0.0,
            18.73823298833167,
            35.31631962444464,
            82.57983560999344,
            75.65276229923826
        ],
        [
            59.163493786011806,
            38.72819961962395,
            59.67224212997749,
            45.606787923842404,
            69.46266059249241,
            39.46270773885408,
            21.06857686681913,
            31.885097281146024,
            2.617109039241738,
            17.064159387934158,
            55.86168887330826,
            67.01649634993854,
            25.52083963528236,
            26.001953225589887,
            18.73823298833167,
            0.0,
            18.488797165555386,
            64.23633727405766,
            59.163493786011806
        ],
        [
            55.39158467993871,
            25.100815502922185,
            59.082615754737844,
            28.998100809230422,
            69.36572642720928,
            21.746633562793,
            39.484310238316525,
            50.34018609665556,
            17.626338484058206,
            1.8329737866744593,
            39.90965334285571,
            80.07511849219355,
            42.08845331637767,
            13.21949561817805,
            35.31631962444464,
            18.488797165555386,
            0.0,
            54.30867200828582,
            55.39158467993871
        ],
        [
            21.00104246223967,
            70.52552636840397,
            31.32460326519781,
            33.555245324602645,
            36.96510115614398,
            41.120736125958686,
            80.87595876823987,
            86.69308716457955,
            65.4714574058061,
            53.9385307788526,
            27.33720827326905,
            83.80253618541236,
            71.27967118170275,
            41.17027900325691,
            82.57983560999344,
            64.23633727405766,
            54.30867200828582,
            0.0,
            21.00104246223967
        ],
        [
            0.0,
            76.8983679660816,
            10.328215226448897,
            45.09282535371701,
            17.585968081518505,
            50.19334567437051,
            71.43509785864913,
            74.70085287166482,
            61.078182459358345,
            54.37050503627694,
            43.307339590518055,
            63.737272751355775,
            58.61129559715642,
            42.88282429844903,
            75.65276229923826,
            59.163493786011806,
            55.39158467993871,
            21.00104246223967,
            0.0
        ]
    ],
    "scores_ave": [
        0,
        14.056786190566712,
        12.70368334379808,
        17.172426597919642,
        13.344578082982123,
        16.473628654732043,
        15.043192722018253,
        14.1087620253927,
        13.665597756781665,
        12.874740262569018,
        18.11089870632305,
        17.88084264193512,
        13.228434724630574,
        14.917377462546263,
        18.408083063997623,
        15.13767622141713,
        19.24308320042529,
        18.519052838990802,
        0
    ],
    "scores_var": [
        0,
        21.115551726732868,
        316.87709842639356,
        20.722880194073213,
        24.684882692924077,
        251.77907051667958,
        228.91636801278426,
        352.8793909532479,
        20.830160662369973,
        19.731279154950062,
        374.42678280184225,
        16.528113699748488,
        291.69146383565885,
        16.887577036058655,
        22.09410644836373,
        264.7050248566759,
        22.597950113450167,
        22.379896970532947,
        0
    ],
    "vertex_number": 19,
    "minimum_distances": {
        "cost": 339.32648047329275,
        "path": [
            0,
            17,
            10,
            3,
            5,
            13,
            9,
            16,
            1,
            8,
            15,
            14,
            6,
            7,
            12,
            11,
            4,
            2,
            18
        ]
    }
}