{
    "vertices": [
        [
            65.32106597723188,
            83.81165434408011
        ],
        [
            73.68228734795032,
            62.11138366058703
        ],
        [
            89.99520450584274,
            87.32724662041713
        ],
        [
            20.0553900485553,
            47.270355118230256
        ],
        [
            13.671074108699733,
            28.224192941310566
        ],
        [
            61.80249956655489,
            19.74234056223555
        ],
        [
            13.678018790999314,
            51.87252873370236
        ],
        [
            80.81629735452918,
            22.97179068651076
        ],
        [
            24.720729165895627,
            10.727941102531503
        ],
        [
            56.29723699643998,
            74.2022472312019
        ],
        [
            8.498148866713217,
            11.627698518011698
        ],
        [
            33.579610097573344,
            92.6169178336424
        ],
        [
            80.3847102713201,
            67.12426766176934
        ],
        [
            85.61054392956042,
            35.43501348956107
        ],
        [
            72.83850043285251,
            24.14178364795744
        ],
        [
            38.47219248708234,
            92.31235282648763
        ],
        [
            26.85441282788149,
            81.61360443750418
        ],
        [
            13.01594244854024,
            53.44391500089929
        ],
        [
            65.32106597723188,
            83.81165434408011
        ]
    ],
    "distances": [
        [
            0.0,
            23.255360039075466,
            24.92333246543325,
            58.17428956500514,
            75.87942754939465,
            64.1658575728775,
            60.72159473725086,
            62.782093030637384,
            83.6039262855929,
            13.182192326605401,
            91.86602956288397,
            32.94013792443693,
            22.480708478688555,
            52.45914882978132,
            60.141543792012456,
            28.162455190889524,
            38.529402122330254,
            60.481613240447416,
            0.0
        ],
        [
            23.255360039075466,
            0.0,
            30.03249924680249,
            55.64261174814595,
            68.9179759517894,
            44.003013201381535,
            60.87155653725711,
            39.784442147029374,
            70.97529393198536,
            21.176141235073295,
            82.44740368935688,
            50.38662856186503,
            8.369676161777244,
            29.22177322782326,
            37.978974465843216,
            46.388029907196966,
            50.72658521228223,
            61.28238259419136,
            23.255360039075466
        ],
        [
            24.92333246543325,
            30.03249924680249,
            0.0,
            80.59858685571209,
            96.53260503620236,
            73.22942126418161,
            84.15075671591096,
            65.00674614956051,
            100.63901200194559,
            36.16377501356384,
            111.23035404400979,
            56.663038340547715,
            22.372348071567234,
            52.077145732809896,
            65.47331689850633,
            51.7636170622874,
            63.39877980461503,
            84.10640254181051,
            24.92333246543325
        ],
        [
            58.17428956500514,
            55.64261174814595,
            80.59858685571209,
            0.0,
            20.087702299900307,
            50.00612700962661,
            7.864532163050056,
            65.4393466508306,
            36.83902022549626,
            45.15305397178182,
            37.46957156488942,
            47.32034739979271,
            63.51224072434697,
            66.61496462379584,
            57.62801020420905,
            48.66169098593264,
            35.00979126700994,
            9.363047801771508,
            58.17428956500514
        ],
        [
            75.87942754939465,
            68.9179759517894,
            96.53260503620236,
            20.087702299900307,
            0.0,
            48.87305941298834,
            23.648336812095923,
            67.35034323727312,
            20.693325138531858,
            62.697457993258055,
            17.383980634531657,
            67.40009513553974,
            77.22645313165538,
            72.29995332699461,
            59.30809728411883,
            68.7196311856122,
            54.99299664225044,
            25.228229788374954,
            75.87942754939465
        ],
        [
            64.1658575728775,
            44.003013201381535,
            73.22942126418161,
            50.00612700962661,
            48.87305941298834,
            0.0,
            57.86462340541658,
            19.286105216636077,
            38.16172288650399,
            54.73745838416717,
            53.918468255669104,
            78.14880358946385,
            50.895437618138466,
            28.514609588680234,
            11.880589824812064,
            76.22801262302582,
            71.0592855312869,
            59.29522978346656,
            64.1658575728775
        ],
        [
            60.72159473725086,
            60.87155653725711,
            84.15075671591096,
            7.864532163050056,
            23.648336812095923,
            57.86462340541658,
            0.0,
            73.09446701458683,
            42.60068712782624,
            48.11459330203819,
            40.576808789286176,
            45.345105355056965,
            68.42805147438158,
            73.78672021584306,
            65.33725438910496,
            47.43553965042403,
            32.52920140173219,
            1.7051685793431333,
            60.72159473725086
        ],
        [
            62.782093030637384,
            39.784442147029374,
            65.00674614956051,
            65.4393466508306,
            67.35034323727312,
            19.286105216636077,
            73.09446701458683,
            0.0,
            57.41624006359826,
            56.79563362285087,
            73.20247965631492,
            84.1531244717128,
            44.154586290227336,
            13.353528479794095,
            8.063133835758187,
            81.24738011107391,
            79.69157610233005,
            74.33329325147385,
            62.782093030637384
        ],
        [
            83.6039262855929,
            70.97529393198536,
            100.63901200194559,
            36.83902022549626,
            20.693325138531858,
            38.16172288650399,
            42.60068712782624,
            57.41624006359826,
            0.0,
            70.89473453852968,
            16.2475128856737,
            82.36676685065443,
            79.24029556911842,
            65.71155886060937,
            49.95248826167382,
            82.73523421020776,
            70.91776838288494,
            44.290591079650504,
            83.6039262855929
        ],
        [
            13.182192326605401,
            21.176141235073295,
            36.16377501356384,
            45.15305397178182,
            62.697457993258055,
            54.73745838416717,
            48.11459330203819,
            56.79563362285087,
            70.89473453852968,
            0.0,
            78.74215499141992,
            29.243643160736582,
            25.105859147883567,
            48.6021437318802,
            52.72251331492214,
            25.41078779638641,
            30.361292967527923,
            48.00186261725346,
            13.182192326605401
        ],
        [
            91.86602956288397,
            82.44740368935688,
            111.23035404400979,
            37.46957156488942,
            17.383980634531657,
            53.918468255669104,
            40.576808789286176,
            73.20247965631492,
            16.2475128856737,
            78.74215499141992,
            0.0,
            84.78403943449776,
            90.81600573305451,
            80.70383955229875,
            65.54603852479516,
            86.07239239055723,
            72.35315787154101,
            42.05955800756491,
            91.86602956288397
        ],
        [
            32.94013792443693,
            50.38662856186503,
            56.663038340547715,
            47.32034739979271,
            67.40009513553974,
            78.14880358946385,
            45.345105355056965,
            84.1531244717128,
            82.36676685065443,
            29.243643160736582,
            84.78403943449776,
            0.0,
            53.29721019959646,
            77.31098408275686,
            78.93101083924516,
            4.902052864027145,
            12.89578163625244,
            44.24238440809888,
            32.94013792443693
        ],
        [
            22.480708478688555,
            8.369676161777244,
            22.372348071567234,
            63.51224072434697,
            77.22645313165538,
            50.895437618138466,
            68.42805147438158,
            44.154586290227336,
            79.24029556911842,
            25.105859147883567,
            90.81600573305451,
            53.29721019959646,
            0.0,
            32.11725653623635,
            43.63988101408825,
            48.89886278104173,
            55.45659225541787,
            68.74374827491874,
            22.480708478688555
        ],
        [
            52.45914882978132,
            29.22177322782326,
            52.077145732809896,
            66.61496462379584,
            72.29995332699461,
            28.514609588680234,
            73.78672021584306,
            13.353528479794095,
            65.71155886060937,
            48.6021437318802,
            80.70383955229875,
            77.31098408275686,
            32.11725653623635,
            0.0,
            17.04881624445186,
            73.87188847432066,
            74.73115283451163,
            74.79503123759771,
            52.45914882978132
        ],
        [
            60.141543792012456,
            37.978974465843216,
            65.47331689850633,
            57.62801020420905,
            59.30809728411883,
            11.880589824812064,
            65.33725438910496,
            8.063133835758187,
            49.95248826167382,
            52.72251331492214,
            65.54603852479516,
            78.93101083924516,
            43.63988101408825,
            17.04881624445186,
            0.0,
            76.34310462607789,
            73.60398425171987,
            66.61346219505079,
            60.141543792012456
        ],
        [
            28.162455190889524,
            46.388029907196966,
            51.7636170622874,
            48.66169098593264,
            68.7196311856122,
            76.22801262302582,
            47.43553965042403,
            81.24738011107391,
            82.73523421020776,
            25.41078779638641,
            86.07239239055723,
            4.902052864027145,
            48.89886278104173,
            73.87188847432066,
            76.34310462607789,
            0.0,
            15.793543658739695,
            46.46263149054733,
            28.162455190889524
        ],
        [
            38.529402122330254,
            50.72658521228223,
            63.39877980461503,
            35.00979126700994,
            54.99299664225044,
            71.0592855312869,
            32.52920140173219,
            79.69157610233005,
            70.91776838288494,
            30.361292967527923,
            72.35315787154101,
            12.89578163625244,
            55.45659225541787,
            74.73115283451163,
            73.60398425171987,
            15.793543658739695,
            0.0,
            31.385261913749808,
            38.529402122330254
        ],
        [
            60.481613240447416,
            61.28238259419136,
            84.10640254181051,
            9.363047801771508,
            25.228229788374954,
            59.29522978346656,
            1.7051685793431333,
            74.33329325147385,
            44.290591079650504,
            48.00186261725346,
            42.05955800756491,
            44.24238440809888,
            68.74374827491874,
            74.79503123759771,
            66.61346219505079,
            46.46263149054733,
            31.385261913749808,
            0.0,
            60.481613240447416
        ],
        [
            0.0,
            23.255360039075466,
            24.92333246543325,
            58.17428956500514,
            75.87942754939465,
            64.1658575728775,
            60.72159473725086,
            62.782093030637384,
            83.6039262855929,
            13.182192326605401,
            91.86602956288397,
            32.94013792443693,
            22.480708478688555,
            52.45914882978132,
            60.141543792012456,
            28.162455190889524,
            38.529402122330254,
            60.481613240447416,
            0.0
        ]
    ],
    "scores_ave": [
        0,
        10.728385673508939,
        14.955666499842177,
        13.911987112838698,
        12.748539023897276,
        11.988231204638604,
        15.753796025376975,
        14.081157195834408,
        15.476830736828775,
        17.85801186855449,
        10.794673938817377,
        16.954842166038798,
        13.758813322542625,
        19.499721413533482,
        16.222585232848804,
        16.92245734981805,
        13.009451478250844,
        12.856135722595585,
        0
    ],
    "scores_var": [
        0,
        16.43226097470903,
        23.583747797368382,
        16.46207612589312,
        16.863959565163213,
        21.85689733611271,
        23.64470924835541,
        24.49482340528569,
        310.8357851024102,
        275.4515773592655,
        18.546638862096454,
        23.800769012426613,
        275.03951386162277,
        225.81758297156182,
        386.09016772840187,
        369.4604933471255,
        22.810003830968014,
        359.3872172375099,
        0
    ],
    "vertex_number": 19,
    "minimum_distances": {
        "cost": 307.41107805298935,
        "path": [
            0,
            2,
            12,
            1,
            13,
            7,
            14,
            5,
            8,
            10,
            4,
            3,
            6,
            17,
            16,
            11,
            15,
            9,
            18
        ]
    }
}