{
    "vertices": [
        [
            10.712109004740977,
            32.95835861289702
        ],
        [
            77.39867947421935,
            84.37956313414213
        ],
        [
            20.990430006808047,
            64.26506672831471
        ],
        [
            29.21327485039109,
            83.04250755293953
        ],
        [
            11.463507592968059,
            31.121025848949145
        ],
        [
            9.25112755873798,
            67.51518888646014
        ],
        [
            37.840278034260955,
            76.42039480537143
        ],
        [
            85.97559577893162,
            6.766873761267012
        ],
        [
            93.0186284070783,
            80.85196622922466
        ],
        [
            42.392873462244076,
            72.36674685354949
        ],
        [
            96.4797706044559,
            20.738800237914234
        ],
        [
            32.74575277098562,
            17.00622693246715
        ],
        [
            38.18430879259076,
            30.220112330140537
        ],
        [
            74.11749530883947,
            72.08743183986172
        ],
        [
            46.279397535259406,
            44.3377500405959
        ],
        [
            40.152132096777585,
            91.65121712757545
        ],
        [
            73.97993932043217,
            65.81417903195549
        ],
        [
            10.712109004740977,
            32.95835861289702
        ]
    ],
    "distances": [
        [
            0.0,
            84.20949444923906,
            32.9507792873779,
            53.39208848412479,
            1.9850419451150136,
            34.587699914007196,
            51.23364270564959,
            79.69056606739555,
            95.22689108982864,
            50.5637409646259,
            86.63376583736174,
            27.202058061248703,
            27.6083276184662,
            74.50723041405529,
            37.34330679891558,
            65.66252051424549,
            71.29041512198194,
            0.0
        ],
        [
            84.20949444923906,
            0.0,
            59.88725718913625,
            48.20395146032403,
            84.75800071243094,
            70.20324743798615,
            40.351152213668065,
            78.08516533240127,
            16.013330215439407,
            37.00965022179101,
            66.4397075605717,
            80.82728681644765,
            66.86563376912868,
            12.722525743065622,
            50.71248864150693,
            37.94973311289855,
            18.877533501515533,
            84.20949444923906
        ],
        [
            32.9507792873779,
            59.88725718913625,
            0.0,
            20.498962443107384,
            34.48607974955087,
            12.180907848355629,
            20.77665466838062,
            86.77046712393701,
            73.91337226674196,
            22.884532040545654,
            87.13883415826173,
            48.698927628229924,
            38.14037739291455,
            53.69985534007199,
            32.196736310186836,
            33.42412393280746,
            53.01214810048682,
            32.9507792873779
        ],
        [
            53.39208848412479,
            48.20395146032403,
            20.498962443107384,
            0.0,
            54.87161834710632,
            25.290016794459685,
            10.875548775855158,
            95.07856429035918,
            63.84294490219541,
            16.96094590759012,
            91.68714956976225,
            66.13069452565324,
            53.578772728251955,
            46.221236448846774,
            42.3002458336154,
            13.920074654873462,
            47.96738007646645,
            53.39208848412479
        ],
        [
            1.9850419451150136,
            84.75800071243094,
            34.48607974955087,
            54.87161834710632,
            0.0,
            36.46134567753625,
            52.41914580344416,
            78.39117303461381,
            95.52174706374792,
            51.554196475794924,
            85.64785802970734,
            25.537453049784997,
            26.73598440151644,
            74.85832349520555,
            37.24013951144389,
            66.98463429882759,
            71.4976860724473,
            1.9850419451150136
        ],
        [
            34.587699914007196,
            70.20324743798615,
            12.180907848355629,
            25.290016794459685,
            36.46134567753625,
            0.0,
            29.94398466086817,
            97.86215721217917,
            84.82254316080822,
            33.49496881981816,
            98.97912255924017,
            55.70594808037911,
            47.20224265490688,
            65.02731019130606,
            43.68393811125475,
            39.20994696140075,
            64.75115834180853,
            34.587699914007196
        ],
        [
            51.23364270564959,
            40.351152213668065,
            20.77665466838062,
            10.875548775855158,
            52.41914580344416,
            29.94398466086817,
            0.0,
            84.66771408407047,
            55.356022031483654,
            6.095751540885099,
            80.86426938063947,
            59.63218536736518,
            46.201563371316816,
            36.5350661864387,
            33.174008395955276,
            15.40527889448688,
            37.66386771046542,
            51.23364270564959
        ],
        [
            79.69056606739555,
            78.08516533240127,
            86.77046712393701,
            95.07856429035918,
            78.39117303461381,
            97.86215721217917,
            84.66771408407047,
            0.0,
            74.41911874368692,
            78.75783792269225,
            17.480057729710552,
            54.20572423660756,
            53.235904342645384,
            66.3881755620522,
            54.65673699918028,
            96.46316173834984,
            60.253464909498895,
            79.69056606739555
        ],
        [
            95.22689108982864,
            16.013330215439407,
            73.91337226674196,
            63.84294490219541,
            95.52174706374792,
            84.82254316080822,
            55.356022031483654,
            74.41911874368692,
            0.0,
            51.331920006831425,
            60.21272482465237,
            87.80146902981419,
            74.63502687640685,
            20.83434413317743,
            59.31141278336832,
            53.95822691761256,
            24.261218558191402,
            95.22689108982864
        ],
        [
            50.5637409646259,
            37.00965022179101,
            22.884532040545654,
            16.96094590759012,
            51.554196475794924,
            33.49496881981816,
            6.095751540885099,
            78.75783792269225,
            51.331920006831425,
            0.0,
            74.77190190318208,
            56.19478715649932,
            42.35623706407902,
            31.72585141783194,
            28.297168263108766,
            19.414214267301773,
            32.259554779725356,
            50.5637409646259
        ],
        [
            86.63376583736174,
            66.4397075605717,
            87.13883415826173,
            91.68714956976225,
            85.64785802970734,
            98.97912255924017,
            80.86426938063947,
            17.480057729710552,
            60.21272482465237,
            74.77190190318208,
            0.0,
            63.84322307557509,
            59.06146075783109,
            56.00672570137855,
            55.47060381928429,
            90.5614362131299,
            50.378886264345276,
            86.63376583736174
        ],
        [
            27.202058061248703,
            80.82728681644765,
            48.698927628229924,
            66.13069452565324,
            25.537453049784997,
            55.70594808037911,
            59.63218536736518,
            54.20572423660756,
            87.80146902981419,
            56.19478715649932,
            63.84322307557509,
            0.0,
            14.289319749483651,
            68.88802664228997,
            30.498716301112268,
            75.01152588732838,
            63.894243312997354,
            27.202058061248703
        ],
        [
            27.6083276184662,
            66.86563376912868,
            38.14037739291455,
            53.578772728251955,
            26.73598440151644,
            47.20224265490688,
            46.201563371316816,
            53.235904342645384,
            74.63502687640685,
            42.35623706407902,
            59.06146075783109,
            14.289319749483651,
            0.0,
            55.173058064064186,
            16.27384884639623,
            61.46261436995608,
            50.48034022526971,
            27.6083276184662
        ],
        [
            74.50723041405529,
            12.722525743065622,
            53.69985534007199,
            46.221236448846774,
            74.85832349520555,
            65.02731019130606,
            36.5350661864387,
            66.3881755620522,
            20.83434413317743,
            31.72585141783194,
            56.00672570137855,
            68.88802664228997,
            55.173058064064186,
            0.0,
            39.30654560772172,
            39.19678038960663,
            6.27476074777757,
            74.50723041405529
        ],
        [
            37.34330679891558,
            50.71248864150693,
            32.196736310186836,
            42.3002458336154,
            37.24013951144389,
            43.68393811125475,
            33.174008395955276,
            54.65673699918028,
            59.31141278336832,
            28.297168263108766,
            55.47060381928429,
            30.498716301112268,
            16.27384884639623,
            39.30654560772172,
            0.0,
            47.70856893205151,
            35.050777700544856,
            37.34330679891558
        ],
        [
            65.66252051424549,
            37.94973311289855,
            33.42412393280746,
            13.920074654873462,
            66.98463429882759,
            39.20994696140075,
            15.40527889448688,
            96.46316173834984,
            53.95822691761256,
            19.414214267301773,
            90.5614362131299,
            75.01152588732838,
            61.46261436995608,
            39.19678038960663,
            47.70856893205151,
            0.0,
            42.56610246563871,
            65.66252051424549
        ],
        [
            71.29041512198194,
            18.877533501515533,
            53.01214810048682,
            47.96738007646645,
            71.4976860724473,
            64.75115834180853,
            37.66386771046542,
            60.253464909498895,
            24.261218558191402,
            32.259554779725356,
            50.378886264345276,
            63.894243312997354,
            50.48034022526971,
            6.27476074777757,
            35.050777700544856,
            42.56610246563871,
            0.0,
            71.29041512198194
        ],
        [
            0.0,
            84.20949444923906,
            32.9507792873779,
            53.39208848412479,
            1.9850419451150136,
            34.587699914007196,
            51.23364270564959,
            79.69056606739555,
            95.22689108982864,
            50.5637409646259,
            86.63376583736174,
            27.202058061248703,
            27.6083276184662,
            74.50723041405529,
            37.34330679891558,
            65.66252051424549,
            71.29041512198194,
            0.0
        ]
    ],
    "scores_ave": [
        0,
        17.70047556865171,
        18.030611691006197,
        12.458074211464883,
        19.725768675707286,
        16.466176182323125,
        13.294289736490956,
        11.910587113704823,
        14.256126663346338,
        17.647665997262685,
        18.884389477776978,
        18.685716222426443,
        13.349148983051006,
        14.883326878263727,
        19.686239675212416,
        12.934370601512654,
        14.003947711091659,
        0
    ],
    "scores_var": [
        0,
        329.6410766412749,
        380.90838968551606,
        24.106700803515885,
        238.47061535446505,
        301.335206208099,
        355.13345227218144,
        374.4359075437092,
        398.2193202572999,
        251.97482056379744,
        229.19120047880847,
        20.101218182753264,
        380.6867281926838,
        294.61285242341796,
        18.83998069704274,
        22.328007543678346,
        24.645459915452925,
        0
    ],
    "vertex_number": 18,
    "minimum_distances": {
        "cost": 373.78773960704376,
        "path": [
            0,
            4,
            11,
            12,
            7,
            10,
            8,
            1,
            13,
            16,
            14,
            9,
            6,
            15,
            3,
            2,
            5,
            17
        ]
    }
}