{
    "vertices": [
        [
            47.62092640022993,
            12.44886405372323
        ],
        [
            56.64647878419452,
            71.47385491169307
        ],
        [
            37.72492960198727,
            93.18929860040014
        ],
        [
            43.283959257427576,
            52.49614597681366
        ],
        [
            88.08566641076182,
            91.07755974836576
        ],
        [
            16.419780968851473,
            94.0038949268949
        ],
        [
            94.9326613358554,
            22.912063901776758
        ],
        [
            60.49398057533304,
            13.100313846773604
        ],
        [
            3.9152869703167115,
            4.511136668461102
        ],
        [
            1.5117058967342722,
            89.5016829695503
        ],
        [
            19.496341813563934,
            26.996931332898566
        ],
        [
            12.969540135358738,
            19.587383814029668
        ],
        [
            76.48536407543348,
            26.261043448895403
        ],
        [
            92.0297354714529,
            89.91937482821099
        ],
        [
            22.916565100673658,
            62.025837070358726
        ],
        [
            36.22738374868971,
            80.34897107853206
        ],
        [
            64.75941893398584,
            46.64651594109761
        ],
        [
            33.54060367823264,
            39.787003891246464
        ],
        [
            14.164361119004754,
            71.55040595021278
        ],
        [
            79.16258282002939,
            13.48979205717079
        ],
        [
            47.62092640022993,
            12.44886405372323
        ]
    ],
    "distances": [
        [
            0.0,
            59.71105543883069,
            81.34462811653297,
            40.28143584115681,
            88.4300117084728,
            87.31972593265519,
            48.4549152685173,
            12.8895271685196,
            44.42060821308422,
            89.79530677220956,
            31.66446777907285,
            35.379047958439884,
            31.99893845036314,
            89.29626175145498,
            55.39117006086094,
            68.84938161038892,
            38.25189303733408,
            30.751087423562243,
            67.91416652628074,
            31.558827937885102,
            0.0
        ],
        [
            59.71105543883069,
            0.0,
            28.802526244274052,
            23.210134952650094,
            37.05034091532609,
            46.10628937806122,
            61.839140683469154,
            58.50020142265027,
            85.23253031932376,
            58.00729062657113,
            57.951094967830755,
            67.82242146003654,
            49.37387659450516,
            39.90253198466325,
            35.02816178773788,
            22.26448133336737,
            26.11927560700993,
            39.216552525742074,
            42.482186636054024,
            62.20230290005129,
            59.71105543883069
        ],
        [
            81.34462811653297,
            28.802526244274052,
            0.0,
            41.071102750675784,
            50.404992341055376,
            21.320715875766155,
            90.6179578616712,
            83.26268768838442,
            94.90473296157825,
            36.40049560332367,
            68.65647017751544,
            77.6535328743297,
            77.34185553886871,
            54.40316481599463,
            34.502883846689336,
            12.927360691632746,
            53.82466192288639,
            53.565974868749535,
            31.98971807265018,
            89.82811612993436,
            81.34462811653297
        ],
        [
            40.28143584115681,
            23.210134952650094,
            41.071102750675784,
            0.0,
            59.124601076580895,
            49.44266677701936,
            59.52147796055399,
            42.9908876737973,
            62.068135753964874,
            55.80619068661427,
            34.8720617559682,
            44.74316298380274,
            42.315645883520304,
            61.45444456157662,
            22.486568370362022,
            28.732823113252095,
            22.257887138590476,
            16.014220883132726,
            34.79965256833921,
            52.9978421716519,
            40.28143584115681
        ],
        [
            88.4300117084728,
            37.05034091532609,
            50.404992341055376,
            59.124601076580895,
            0.0,
            71.72560612326754,
            68.50851161363526,
            82.71488382170631,
            120.74103850802987,
            86.58830190450908,
            93.86598098790081,
            103.69801194692513,
            65.84639549337936,
            4.110604951193255,
            71.35134445912259,
            52.956435827063096,
            50.18198357130952,
            74.8724581446864,
            76.45697555811289,
            78.09918767868227,
            88.4300117084728
        ],
        [
            87.31972593265519,
            46.10628937806122,
            21.320715875766155,
            49.44266677701936,
            71.72560612326754,
            0.0,
            105.91657482201462,
            92.12993271754702,
            90.36213892367678,
            15.573073391747018,
            67.07755508900401,
            74.4964515129432,
            90.53710952037297,
            75.7201989189279,
            32.63134058434424,
            24.058222569185027,
            67.67157411354265,
            56.85590421246889,
            22.566481469761037,
            102.07438437263627,
            87.31972593265519
        ],
        [
            48.4549152685173,
            61.839140683469154,
            90.6179578616712,
            59.52147796055399,
            68.50851161363526,
            105.91657482201462,
            0.0,
            35.80912134731914,
            92.85879904156846,
            114.72424452899851,
            75.5468361018454,
            82.03052318870803,
            18.74882503575595,
            67.07016248799498,
            81.95245797679434,
            82.12982358813017,
            38.389435664630454,
            63.669053260474044,
            94.28258925772019,
            18.370481297695267,
            48.4549152685173
        ],
        [
            12.8895271685196,
            58.50020142265027,
            83.26268768838442,
            42.9908876737973,
            82.71488382170631,
            92.12993271754702,
            35.80912134731914,
            0.0,
            57.226938889396834,
            96.51983179687193,
            43.28882490431205,
            47.96513854762373,
            20.710604769234763,
            83.04018284504161,
            61.690914861563996,
            71.49300400054116,
            33.816292513294464,
            37.92972385460923,
            74.58449507685036,
            18.67266459418836,
            12.8895271685196
        ],
        [
            44.42060821308422,
            85.23253031932376,
            94.90473296157825,
            62.068135753964874,
            120.74103850802987,
            90.36213892367678,
            92.85879904156846,
            57.226938889396834,
            0.0,
            85.02452682923246,
            27.356539103467053,
            17.586151607754832,
            75.759319796314,
            122.71398934193256,
            60.572182830959825,
            82.43451174249948,
            74.0094492673828,
            46.065672668093164,
            67.81819185687951,
            75.78107801610764,
            44.42060821308422
        ],
        [
            89.79530677220956,
            58.00729062657113,
            36.40049560332367,
            55.80619068661427,
            86.58830190450908,
            15.573073391747018,
            114.72424452899851,
            96.51983179687193,
            85.02452682923246,
            0.0,
            65.04068808231072,
            70.8469561226693,
            98.08378004378629,
            90.51899328084923,
            34.82944308220548,
            35.90195570830002,
            76.39920513643517,
            59.13881643181923,
            21.962195491312887,
            108.66216566511183,
            89.79530677220956
        ],
        [
            31.66446777907285,
            57.951094967830755,
            68.65647017751544,
            34.8720617559682,
            93.86598098790081,
            67.07755508900401,
            75.5468361018454,
            43.28882490431205,
            27.356539103467053,
            65.04068808231072,
            0.0,
            9.874235898589744,
            56.9937732506077,
            96.02253428727587,
            35.195485001595834,
            55.91393305120462,
            49.34422281973883,
            18.99545333418478,
            44.87139532712141,
            61.17600123623256,
            31.66446777907285
        ],
        [
            35.379047958439884,
            67.82242146003654,
            77.6535328743297,
            44.74316298380274,
            103.69801194692513,
            74.4964515129432,
            82.03052318870803,
            47.96513854762373,
            17.586151607754832,
            70.8469561226693,
            9.874235898589744,
            0.0,
            63.865465031647645,
            105.81636662917626,
            43.58859507314069,
            65.0607237620663,
            58.432766299796256,
            28.830423280778515,
            51.97675698529504,
            66.473299339569,
            35.379047958439884
        ],
        [
            31.99893845036314,
            49.37387659450516,
            77.34185553886871,
            42.315645883520304,
            65.84639549337936,
            90.53710952037297,
            18.74882503575595,
            20.710604769234763,
            75.759319796314,
            98.08378004378629,
            56.9937732506077,
            63.865465031647645,
            0.0,
            65.52870085768633,
            64.4106876720323,
            67.42558042210167,
            23.517339947166057,
            45.024482800594555,
            77.03917033088382,
            13.048845248413498,
            31.99893845036314
        ],
        [
            89.29626175145498,
            39.90253198466325,
            54.40316481599463,
            61.45444456157662,
            4.110604951193255,
            75.7201989189279,
            67.07016248799498,
            83.04018284504161,
            122.71398934193256,
            90.51899328084923,
            96.02253428727587,
            105.81636662917626,
            65.52870085768633,
            0.0,
            74.52972405254891,
            56.61709181618957,
            51.14890497672141,
            77.0339740224149,
            80.00272208298763,
            77.50512718465998,
            89.29626175145498
        ],
        [
            55.39117006086094,
            35.02816178773788,
            34.502883846689336,
            22.486568370362022,
            71.35134445912259,
            32.63134058434424,
            81.95245797679434,
            61.690914861563996,
            60.572182830959825,
            34.82944308220548,
            35.195485001595834,
            43.58859507314069,
            64.4106876720323,
            74.52972405254891,
            0.0,
            22.647629742687204,
            44.579680744851295,
            24.64621465592325,
            12.935164741271187,
            74.29240994077581,
            55.39117006086094
        ],
        [
            68.84938161038892,
            22.26448133336737,
            12.927360691632746,
            28.732823113252095,
            52.956435827063096,
            24.058222569185027,
            82.12982358813017,
            71.49300400054116,
            82.43451174249948,
            35.90195570830002,
            55.91393305120462,
            65.0607237620663,
            67.42558042210167,
            56.61709181618957,
            22.647629742687204,
            0.0,
            44.158040197746075,
            40.650854471332316,
            23.752720178439915,
            79.45804640630175,
            68.84938161038892
        ],
        [
            38.25189303733408,
            26.11927560700993,
            53.82466192288639,
            22.257887138590476,
            50.18198357130952,
            67.67157411354265,
            38.389435664630454,
            33.816292513294464,
            74.0094492673828,
            76.39920513643517,
            49.34422281973883,
            58.432766299796256,
            23.517339947166057,
            51.14890497672141,
            44.579680744851295,
            44.158040197746075,
            0.0,
            31.963531274483767,
            56.39205274582035,
            36.149958072495636,
            38.25189303733408
        ],
        [
            30.751087423562243,
            39.216552525742074,
            53.565974868749535,
            16.014220883132726,
            74.8724581446864,
            56.85590421246889,
            63.669053260474044,
            37.92972385460923,
            46.065672668093164,
            59.13881643181923,
            18.99545333418478,
            28.830423280778515,
            45.024482800594555,
            77.0339740224149,
            24.64621465592325,
            40.650854471332316,
            31.963531274483767,
            0.0,
            37.206887616052754,
            52.6584117787537,
            30.751087423562243
        ],
        [
            67.91416652628074,
            42.482186636054024,
            31.98971807265018,
            34.79965256833921,
            76.45697555811289,
            22.566481469761037,
            94.28258925772019,
            74.58449507685036,
            67.81819185687951,
            21.962195491312887,
            44.87139532712141,
            51.97675698529504,
            77.03917033088382,
            80.00272208298763,
            12.935164741271187,
            23.752720178439915,
            56.39205274582035,
            37.206887616052754,
            0.0,
            87.15390817360085,
            67.91416652628074
        ],
        [
            31.558827937885102,
            62.20230290005129,
            89.82811612993436,
            52.9978421716519,
            78.09918767868227,
            102.07438437263627,
            18.370481297695267,
            18.67266459418836,
            75.78107801610764,
            108.66216566511183,
            61.17600123623256,
            66.473299339569,
            13.048845248413498,
            77.50512718465998,
            74.29240994077581,
            79.45804640630175,
            36.149958072495636,
            52.6584117787537,
            87.15390817360085,
            0.0,
            31.558827937885102
        ],
        [
            0.0,
            59.71105543883069,
            81.34462811653297,
            40.28143584115681,
            88.4300117084728,
            87.31972593265519,
            48.4549152685173,
            12.8895271685196,
            44.42060821308422,
            89.79530677220956,
            31.66446777907285,
            35.379047958439884,
            31.99893845036314,
            89.29626175145498,
            55.39117006086094,
            68.84938161038892,
            38.25189303733408,
            30.751087423562243,
            67.91416652628074,
            31.558827937885102,
            0.0
        ]
    ],
    "scores_ave": [
        0,
        13.716111082402104,
        12.87558594306961,
        17.569506442427222,
        13.62256998018756,
        12.588853892644025,
        11.035445087489617,
        13.442648535156355,
        18.299272061077854,
        15.914990268321997,
        15.9902696585952,
        17.34692611694186,
        17.857114267935398,
        18.86498944939013,
        18.001150032026608,
        19.653125774197044,
        18.46930606410463,
        11.40339422495659,
        18.612648505550517,
        10.345725181496636,
        0
    ],
    "scores_var": [
        0,
        24.788192245179637,
        22.08412832341019,
        399.352588735607,
        317.6365313580685,
        24.080815170470355,
        16.63701579030037,
        20.965897209388665,
        18.23930892486462,
        336.8525112469355,
        387.2977424097327,
        384.7353598699623,
        350.27173997927196,
        392.44351576264944,
        21.322641291720306,
        333.5099329847914,
        21.402666972435004,
        262.8951091869013,
        19.245671900321717,
        243.7452312093498,
        0
    ],
    "vertex_number": 21,
    "minimum_distances": {
        "cost": 434.87760679875225,
        "path": [
            0,
            8,
            11,
            10,
            17,
            14,
            18,
            9,
            5,
            2,
            15,
            4,
            13,
            1,
            3,
            16,
            12,
            6,
            19,
            7,
            20
        ]
    }
}