{
    "vertices": [
        [
            56.15922914085443,
            41.18983656266471
        ],
        [
            64.7245530488009,
            8.80948428930639
        ],
        [
            34.24100092700986,
            10.424423434600916
        ],
        [
            20.434373888936364,
            30.474814543453977
        ],
        [
            28.137106116391188,
            86.73586081592823
        ],
        [
            57.373663032570455,
            13.5454402941944
        ],
        [
            70.02802566606229,
            37.86260551438091
        ],
        [
            64.9732444176696,
            67.11070770265184
        ],
        [
            68.2379368178645,
            5.00388087318131
        ],
        [
            12.664744539596972,
            82.76342340922157
        ],
        [
            28.579564552030632,
            17.679299088804413
        ],
        [
            98.35453813098209,
            34.60949376175719
        ],
        [
            0.5164961662198264,
            32.90358075803801
        ],
        [
            26.302250734582643,
            94.34318803792966
        ],
        [
            52.625765865500206,
            28.46782409884021
        ],
        [
            46.40908749171133,
            17.882843521804137
        ],
        [
            23.24203676569434,
            7.229624784611433
        ],
        [
            71.65020127440314,
            87.34626657928382
        ],
        [
            85.42297552172954,
            29.52626310364267
        ],
        [
            32.3970412102077,
            77.42908439199378
        ],
        [
            97.51600774005479,
            75.87224961697738
        ],
        [
            11.574128164821895,
            72.19808066328416
        ],
        [
            97.6596911703211,
            39.321991778468835
        ],
        [
            56.15922914085443,
            41.18983656266471
        ]
    ],
    "distances": [
        [
            0.0,
            33.494058980583716,
            37.77458633757109,
            37.29714438992171,
            53.47597314754564,
            27.671058792998213,
            14.262327422488989,
            27.378429939566455,
            38.14863783030683,
            60.167543692735435,
            36.24063011513197,
            42.7053276787546,
            56.25633980402741,
            60.96489098329982,
            13.203596625464701,
            25.264227413184,
            47.29521686041333,
            48.68661263141482,
            31.502472888301714,
            43.33502807760605,
            53.97455800072137,
            54.307848707591226,
            41.542474562753874,
            0.0
        ],
        [
            33.494058980583716,
            0.0,
            30.526299782400024,
            49.30523810949686,
            86.08810272970788,
            8.74441898075288,
            29.53321307817551,
            58.30175382344659,
            5.179428816920104,
            90.44008388633385,
            37.21738582986517,
            42.386511833439194,
            68.57988081997017,
            93.76719997996332,
            23.083131836341085,
            20.439719331118184,
            41.51258981601577,
            78.84155487944223,
            29.28497255095128,
            75.85326321211976,
            74.6504788609077,
            82.72292194797379,
            44.89695353094469,
            33.494058980583716
        ],
        [
            37.77458633757109,
            30.526299782400024,
            0.0,
            24.34422177409736,
            76.55516316397829,
            23.34225358288925,
            45.095065977518104,
            64.48104848781134,
            34.42635518940455,
            75.48818289655371,
            9.202449814364245,
            68.52345058105749,
            40.52967721722423,
            84.29343276416417,
            25.759733876222693,
            14.27201320218227,
            11.453556261523222,
            85.5360638760436,
            54.63034689763839,
            67.03002892325468,
            91.0337543946719,
            65.80100187857376,
            69.69217838728804,
            37.77458633757109
        ],
        [
            37.29714438992171,
            49.30523810949686,
            24.34422177409736,
            0.0,
            56.78589095401569,
            40.63391188291495,
            50.1408989949416,
            57.670613448683056,
            54.16594031986726,
            52.86270667818047,
            15.168037008404676,
            78.02978641355908,
            20.065411989346057,
            64.13736127644725,
            32.253894773089804,
            28.8659571287053,
            23.414137134520313,
            76.53380319467747,
            64.99552363063056,
            48.45419348672422,
            89.4567235506234,
            42.65366209363339,
            77.73044560684252,
            37.29714438992171
        ],
        [
            53.47597314754564,
            86.08810272970788,
            76.55516316397829,
            56.78589095401569,
            0.0,
            78.81379267908142,
            64.36959083672383,
            41.73784517282191,
            91.03951432378035,
            15.9741738976781,
            69.05797916996508,
            87.45081989890012,
            60.504648335897556,
            7.82547900992366,
            63.20489347488492,
            71.23624985837617,
            79.6567842171374,
            43.51737636193319,
            80.96053917759583,
            10.235386382967262,
            70.22428382538311,
            22.03813264300727,
            84.15143973624141,
            53.47597314754564
        ],
        [
            27.671058792998213,
            8.74441898075288,
            23.34225358288925,
            40.63391188291495,
            78.81379267908142,
            0.0,
            27.412723651723535,
            54.10167751344036,
            13.819937851688216,
            82.40155689866262,
            29.08932614965153,
            46.07739654446591,
            60.062259583584925,
            86.56620993581633,
            15.659504012650888,
            11.791309662208244,
            34.7110564110745,
            75.16901957942817,
            32.28235785659836,
            68.59264990413787,
            74.13527499762205,
            74.41592313724189,
            47.826715019297396,
            27.671058792998213
        ],
        [
            14.262327422488989,
            29.53321307817551,
            45.095065977518104,
            50.1408989949416,
            64.36959083672383,
            27.412723651723535,
            0.0,
            29.681682820969584,
            32.90744905231367,
            72.84661604508156,
            46.10141849216911,
            28.512699705575326,
            69.6881959871361,
            71.4282828826076,
            19.776262640146342,
            30.93614600695808,
            55.922341383169766,
            49.510243042126994,
            17.507115292005764,
            54.604003899799835,
            46.90759217126989,
            67.7922044691458,
            27.67017793233456,
            14.262327422488989
        ],
        [
            27.378429939566455,
            58.30175382344659,
            64.48104848781134,
            57.670613448683056,
            41.73784517282191,
            54.10167751344036,
            29.681682820969584,
            0.0,
            62.192573152215935,
            54.60024421634961,
            61.38374452338147,
            46.59012424974031,
            72.97122671954817,
            47.2975024462037,
            40.56763093667187,
            52.61188586412383,
            72.98792902617193,
            21.308674194241192,
            42.78763814519733,
            34.171302476156896,
            33.70157357414134,
            53.64090771254452,
            42.902407088983516,
            27.378429939566455
        ],
        [
            38.14863783030683,
            5.179428816920104,
            34.42635518940455,
            54.16594031986726,
            91.03951432378035,
            13.819937851688216,
            32.90744905231367,
            62.192573152215935,
            0.0,
            95.57680762303974,
            41.63475372469988,
            42.23152837823286,
            73.24333947601859,
            98.69201371921041,
            28.18326655203033,
            25.34494706659533,
            45.05091516788704,
            82.41305741503534,
            29.94449507856472,
            80.80829105172536,
            76.67810068938495,
            87.89680140085237,
            45.203676457605894,
            38.14863783030683
        ],
        [
            60.167543692735435,
            90.44008388633385,
            75.48818289655371,
            52.86270667818047,
            15.9741738976781,
            82.40155689866262,
            72.84661604508156,
            54.60024421634961,
            95.57680762303974,
            0.0,
            67.00167710276867,
            98.29314150146558,
            51.31845523534437,
            17.890570814665235,
            67.41583886508258,
            73.13118574040398,
            76.27079287315307,
            59.16321963631693,
            90.15517407809305,
            20.440614096638928,
            85.1306357485264,
            10.621483484714359,
            95.45312428039749,
            60.167543692735435
        ],
        [
            36.24063011513197,
            37.21738582986517,
            9.202449814364245,
            15.168037008404676,
            69.05797916996508,
            29.08932614965153,
            46.10141849216911,
            61.38374452338147,
            41.63475372469988,
            67.00167710276867,
            0.0,
            71.79957123554048,
            31.926706055759276,
            76.6977054873674,
            26.35549410464683,
            17.830684748287304,
            11.733920740043501,
            81.9058368310226,
            58.06482521319563,
            59.87161240365046,
            90.2144816012932,
            57.109389867912576,
            72.39109089147847,
            36.24063011513197
        ],
        [
            42.7053276787546,
            42.386511833439194,
            68.52345058105749,
            78.02978641355908,
            87.45081989890012,
            46.07739654446591,
            28.512699705575326,
            46.59012424974031,
            42.23152837823286,
            98.29314150146558,
            71.79957123554048,
            0.0,
            97.85291306177267,
            93.59298238079917,
            46.13936192836546,
            54.57206859160313,
            79.9471393269079,
            59.112509794095665,
            13.8947668364969,
            78.63783276384852,
            41.27127516789391,
            94.57135622982511,
            4.7634493653497545,
            42.7053276787546
        ],
        [
            56.25633980402741,
            68.57988081997017,
            40.52967721722423,
            20.065411989346057,
            60.504648335897556,
            60.062259583584925,
            69.6881959871361,
            72.97122671954817,
            73.24333947601859,
            51.31845523534437,
            31.926706055759276,
            97.85291306177267,
            0.0,
            66.63130256393882,
            52.29772390584468,
            48.288223053748425,
            34.28705602503386,
            89.57683875784446,
            84.97362244300456,
            54.76211853242302,
            106.09058275394537,
            40.82069264747841,
            97.35500159535736,
            56.25633980402741
        ],
        [
            60.96489098329982,
            93.76719997996332,
            84.29343276416417,
            64.13736127644725,
            7.82547900992366,
            86.56620993581633,
            71.4282828826076,
            47.2975024462037,
            98.69201371921041,
            17.890570814665235,
            76.6977054873674,
            93.59298238079917,
            66.63130256393882,
            0.0,
            70.94005231852549,
            79.05990872687894,
            87.16729783712042,
            45.88456742806306,
            87.72966349698692,
            17.978692196242513,
            73.5702028880242,
            26.595551790938174,
            90.10669422058534,
            60.96489098329982
        ],
        [
            13.203596625464701,
            23.083131836341085,
            25.759733876222693,
            32.253894773089804,
            63.20489347488492,
            15.659504012650888,
            19.776262640146342,
            40.56763093667187,
            28.18326655203033,
            67.41583886508258,
            26.35549410464683,
            46.13936192836546,
            52.29772390584468,
            70.94005231852549,
            0.0,
            12.275540876856107,
            36.25554641598559,
            61.87568287744732,
            32.81428430366187,
            52.975525581853134,
            65.28639501657776,
            59.97976573061824,
            46.323507902334875,
            13.203596625464701
        ],
        [
            25.264227413184,
            20.439719331118184,
            14.27201320218227,
            28.8659571287053,
            71.23624985837617,
            11.791309662208244,
            30.93614600695808,
            52.61188586412383,
            25.34494706659533,
            73.13118574040398,
            17.830684748287304,
            54.57206859160313,
            48.288223053748425,
            79.05990872687894,
            12.275540876856107,
            0.0,
            25.499084469923975,
            73.90724570604154,
            40.7142810175685,
            61.17264292774707,
            77.29610932344173,
            64.52611391554007,
            55.55413085804851,
            25.264227413184
        ],
        [
            47.29521686041333,
            41.51258981601577,
            11.453556261523222,
            23.414137134520313,
            79.6567842171374,
            34.7110564110745,
            55.922341383169766,
            72.98792902617193,
            45.05091516788704,
            76.27079287315307,
            11.733920740043501,
            79.9471393269079,
            34.28705602503386,
            87.16729783712042,
            36.25554641598559,
            25.499084469923975,
            0.0,
            93.60569792249862,
            66.05762049083734,
            70.79391383125788,
            101.13571430596159,
            66.00788097172456,
            81.04262647739702,
            47.29521686041333
        ],
        [
            48.68661263141482,
            78.84155487944223,
            85.5360638760436,
            76.53380319467747,
            43.51737636193319,
            75.16901957942817,
            49.510243042126994,
            21.308674194241192,
            82.41305741503534,
            59.16321963631693,
            81.9058368310226,
            59.112509794095665,
            89.57683875784446,
            45.88456742806306,
            61.87568287744732,
            73.90724570604154,
            93.60569792249862,
            0.0,
            59.43771624474624,
            40.48655428115921,
            28.296519386133735,
            61.95645322977617,
            54.615240865440214,
            48.68661263141482
        ],
        [
            31.502472888301714,
            29.28497255095128,
            54.63034689763839,
            64.99552363063056,
            80.96053917759583,
            32.28235785659836,
            17.507115292005764,
            42.78763814519733,
            29.94449507856472,
            90.15517407809305,
            58.06482521319563,
            13.8947668364969,
            84.97362244300456,
            87.72966349698692,
            32.81428430366187,
            40.7142810175685,
            66.05762049083734,
            59.43771624474624,
            0.0,
            71.45928908821814,
            47.897723266640305,
            85.29089206818729,
            15.674613556170916,
            31.502472888301714
        ],
        [
            43.33502807760605,
            75.85326321211976,
            67.03002892325468,
            48.45419348672422,
            10.235386382967262,
            68.59264990413787,
            54.604003899799835,
            34.171302476156896,
            80.80829105172536,
            20.440614096638928,
            59.87161240365046,
            78.63783276384852,
            54.76211853242302,
            17.978692196242513,
            52.975525581853134,
            61.17264292774707,
            70.79391383125788,
            40.48655428115921,
            71.45928908821814,
            0.0,
            65.13757392190813,
            21.469911683690565,
            75.57356672324032,
            43.33502807760605
        ],
        [
            53.97455800072137,
            74.6504788609077,
            91.0337543946719,
            89.4567235506234,
            70.22428382538311,
            74.13527499762205,
            46.90759217126989,
            33.70157357414134,
            76.67810068938495,
            85.1306357485264,
            90.2144816012932,
            41.27127516789391,
            106.09058275394537,
            73.5702028880242,
            65.28639501657776,
            77.29610932344173,
            101.13571430596159,
            28.296519386133735,
            47.897723266640305,
            65.13757392190813,
            0.0,
            86.02038236618176,
            36.550540255782664,
            53.97455800072137
        ],
        [
            54.307848707591226,
            82.72292194797379,
            65.80100187857376,
            42.65366209363339,
            22.03813264300727,
            74.41592313724189,
            67.7922044691458,
            53.64090771254452,
            87.89680140085237,
            10.621483484714359,
            57.109389867912576,
            94.57135622982511,
            40.82069264747841,
            26.595551790938174,
            59.97976573061824,
            64.52611391554007,
            66.00788097172456,
            61.95645322977617,
            85.29089206818729,
            21.469911683690565,
            86.02038236618176,
            0.0,
            92.149668357168,
            54.307848707591226
        ],
        [
            41.542474562753874,
            44.89695353094469,
            69.69217838728804,
            77.73044560684252,
            84.15143973624141,
            47.826715019297396,
            27.67017793233456,
            42.902407088983516,
            45.203676457605894,
            95.45312428039749,
            72.39109089147847,
            4.7634493653497545,
            97.35500159535736,
            90.10669422058534,
            46.323507902334875,
            55.55413085804851,
            81.04262647739702,
            54.615240865440214,
            15.674613556170916,
            75.57356672324032,
            36.550540255782664,
            92.149668357168,
            0.0,
            41.542474562753874
        ],
        [
            0.0,
            33.494058980583716,
            37.77458633757109,
            37.29714438992171,
            53.47597314754564,
            27.671058792998213,
            14.262327422488989,
            27.378429939566455,
            38.14863783030683,
            60.167543692735435,
            36.24063011513197,
            42.7053276787546,
            56.25633980402741,
            60.96489098329982,
            13.203596625464701,
            25.264227413184,
            47.29521686041333,
            48.68661263141482,
            31.502472888301714,
            43.33502807760605,
            53.97455800072137,
            54.307848707591226,
            41.542474562753874,
            0.0
        ]
    ],
    "scores_ave": [
        0,
        10.229257685102496,
        19.169203112093374,
        14.774689792431117,
        16.795959996551147,
        13.041603204840065,
        14.101758621769475,
        18.252854394814985,
        17.499281541359526,
        11.000988761993197,
        18.297672130627397,
        18.512075995140535,
        15.191990962847104,
        14.82150114051874,
        19.64708661557427,
        16.650045959547374,
        16.175861166671805,
        15.520884827127873,
        19.172802391885952,
        15.126428035478199,
        11.00688140504368,
        16.845213354477693,
        11.110309661443546,
        0
    ],
    "scores_var": [
        0,
        289.16530647249164,
        281.0591635867933,
        254.34105803579862,
        303.47105024228216,
        21.29959198969075,
        18.31794201095957,
        20.07682055908769,
        18.185305837268597,
        336.81521035685415,
        321.22824329633846,
        24.489931366553854,
        272.09353414027566,
        310.93603365557306,
        18.091058114813787,
        265.92294352864474,
        19.236620558103855,
        21.35427719721096,
        23.832786756876246,
        17.414569923595284,
        16.979832905217087,
        378.0734110533473,
        377.638797463011,
        0
    ],
    "vertex_number": 24,
    "minimum_distances": {
        "cost": 397.91865156252686,
        "path": [
            0,
            6,
            18,
            11,
            22,
            20,
            17,
            7,
            19,
            4,
            13,
            9,
            21,
            12,
            3,
            10,
            16,
            2,
            15,
            5,
            8,
            1,
            14,
            23
        ]
    }
}