{
    "vertices": [
        [
            77.1387165289912,
            49.71545447521856
        ],
        [
            80.8731525301214,
            44.42731972586766
        ],
        [
            10.82528401979449,
            15.499481105913882
        ],
        [
            89.85839686918212,
            19.712531574837445
        ],
        [
            19.90247274103808,
            67.41903463441915
        ],
        [
            53.700385197589426,
            10.997423768127145
        ],
        [
            18.83953858745725,
            68.90284688081547
        ],
        [
            5.8473230392963815,
            48.1871612422303
        ],
        [
            97.68903331974967,
            58.846630627431175
        ],
        [
            9.244808220170453,
            20.348207398766927
        ],
        [
            78.39115754419043,
            46.15714133711688
        ],
        [
            21.55114280211039,
            68.33093103469646
        ],
        [
            64.83260218040331,
            80.21964604987569
        ],
        [
            27.21848414812006,
            70.23959430078875
        ],
        [
            82.78276700147622,
            20.72631508625854
        ],
        [
            87.13558575990822,
            15.393678149231071
        ],
        [
            59.48246213125298,
            86.45835855727665
        ],
        [
            92.72046534302531,
            3.6656839745090486
        ],
        [
            43.855631056237264,
            88.12436278790858
        ],
        [
            74.21909847448474,
            33.00521340895347
        ],
        [
            77.1387165289912,
            49.71545447521856
        ]
    ],
    "distances": [
        [
            0.0,
            6.473822778994635,
            74.62040045966486,
            32.5878144483924,
            59.91163787952423,
            45.259709206266926,
            61.375485138489914,
            71.3077728295345,
            22.487638784969533,
            73.97308960896466,
            3.7722938492832556,
            58.62179049106126,
            32.89294991307262,
            53.97471552995654,
            29.533464210087367,
            35.74803105894324,
            40.764988896612884,
            48.61452724517301,
            50.823301903352096,
            16.963381917438873,
            0.0
        ],
        [
            6.473822778994635,
            0.0,
            75.78603915011087,
            26.297440354204173,
            65.16166624925303,
            43.0803578008966,
            66.68748524498494,
            75.11998069098868,
            22.15153208261084,
            75.56734320489252,
            3.025323440052537,
            63.95688760230443,
            39.22231353714515,
            59.5407168071871,
            23.77780999915637,
            29.70135372601961,
            47.16110538343702,
            42.448436602697555,
            57.26891363065421,
            13.218961687296993,
            6.473822778994635
        ],
        [
            74.62040045966486,
            75.78603915011087,
            0.0,
            79.14532658924175,
            52.70707157185263,
            43.110820234354996,
            54.00136806010783,
            33.06455093022582,
            97.07876345569221,
            5.099808860751712,
            74.19595269262707,
            53.90923991483876,
            84.29406957357588,
            57.142077342664464,
            72.14706612549882,
            76.31037508709315,
            86.03884745234396,
            82.74575202698988,
            79.78331445027571,
            65.76645326138075,
            74.62040045966486
        ],
        [
            32.5878144483924,
            26.297440354204173,
            79.14532658924175,
            0.0,
            84.67432760167938,
            37.19347943021217,
            86.39077121742379,
            88.70549622625241,
            39.90985562338173,
            80.61609491053999,
            28.823861004658635,
            83.84288714149761,
            65.47825060201511,
            80.47821278715433,
            7.14788745244363,
            5.105506365548596,
            73.33282232924518,
            16.300084473926276,
            82.44048224244192,
            20.525180745158426,
            32.5878144483924
        ],
        [
            59.91163787952423,
            65.16166624925303,
            52.70707157185263,
            84.67432760167938,
            0.0,
            65.77003161902834,
            1.8252473249957952,
            23.82041534716704,
            78.2574924024824,
            48.262289519748016,
            62.233386189314594,
            1.8840562664408158,
            46.71800706416778,
            7.840891514369056,
            78.32076011558155,
            85.01134749913724,
            43.921195516163024,
            96.78300350241526,
            31.661718323816192,
            64.30090918801717,
            59.91163787952423
        ],
        [
            45.259709206266926,
            43.0803578008966,
            43.110820234354996,
            37.19347943021217,
            65.77003161902834,
            0.0,
            67.58932350774509,
            60.60521538051135,
            64.99652114290195,
            45.42835545011799,
            42.963239852259775,
            65.73206859736747,
            70.11164177635733,
            64.89164701727678,
            30.666533186310087,
            33.722984583602006,
            75.68213192636078,
            39.70291000616407,
            77.75270996347815,
            30.08920735769393,
            45.259709206266926
        ],
        [
            61.375485138489914,
            66.68748524498494,
            54.00136806010783,
            86.39077121742379,
            1.8252473249957952,
            67.58932350774509,
            0.0,
            24.452756415720433,
            79.48817713894714,
            49.49355378281744,
            63.7476465530186,
            2.7712605709255693,
            47.36487983831082,
            8.484905560662195,
            80.0606937002132,
            86.76163436523554,
            44.27237540960718,
            98.56104079364003,
            31.547924752242984,
            65.99648280144186,
            61.375485138489914
        ],
        [
            71.3077728295345,
            75.11998069098868,
            33.06455093022582,
            88.70549622625241,
            23.82041534716704,
            60.60521538051135,
            24.452756415720433,
            0.0,
            92.4582285943915,
            28.045503323219986,
            72.57223233088956,
            25.5417582909795,
            67.12185365666191,
            30.70889660898775,
            81.68941552771487,
            87.653831573446,
            65.88939739700722,
            97.6171337001049,
            55.13267221540037,
            70.0370702997503,
            71.3077728295345
        ],
        [
            22.487638784969533,
            22.15153208261084,
            97.07876345569221,
            39.90985562338173,
            78.2574924024824,
            64.99652114290195,
            79.48817713894714,
            92.4582285943915,
            0.0,
            96.45988567564443,
            23.09612841793873,
            76.72633398443638,
            39.19631175841243,
            71.38555821602513,
            40.93110348512316,
            44.7161529480236,
            47.139681811118265,
            55.404183427354724,
            61.27985639446127,
            34.908690687283254,
            22.487638784969533
        ],
        [
            73.97308960896466,
            75.56734320489252,
            5.099808860751712,
            80.61609491053999,
            48.262289519748016,
            45.42835545011799,
            49.49355378281744,
            28.045503323219986,
            96.45988567564443,
            0.0,
            73.8059529839803,
            49.53572083218979,
            81.69817625576951,
            53.03021321256581,
            73.53893082676935,
            78.04819399466861,
            83.03236692212688,
            85.12632918136046,
            76.10201243543221,
            66.19560555802612,
            73.97308960896466
        ],
        [
            3.7722938492832556,
            3.025323440052537,
            74.19595269262707,
            28.823861004658635,
            62.233386189314594,
            42.963239852259775,
            63.7476465530186,
            72.57223233088956,
            23.09612841793873,
            73.8059529839803,
            0.0,
            61.0120006673471,
            36.66181461493139,
            56.556229040207036,
            25.807230719832525,
            31.98211519165433,
            44.5165909706229,
            44.84253573106754,
            54.35025543730136,
            13.79780000973772,
            3.7722938492832556
        ],
        [
            58.62179049106126,
            63.95688760230443,
            53.90923991483876,
            83.84288714149761,
            1.8840562664408158,
            65.73206859736747,
            2.7712605709255693,
            25.5417582909795,
            76.72633398443638,
            49.53572083218979,
            61.0120006673471,
            0.0,
            44.88458834195729,
            5.980113159089948,
            77.55972706044442,
            84.28328364002171,
            42.040321295582224,
            96.159589476494,
            29.82063273720981,
            63.41781989694157,
            58.62179049106126
        ],
        [
            32.89294991307262,
            39.22231353714515,
            84.29406957357588,
            65.47825060201511,
            46.71800706416778,
            70.11164177635733,
            47.36487983831082,
            67.12185365666191,
            39.19631175841243,
            81.69817625576951,
            36.66181461493139,
            44.88458834195729,
            0.0,
            38.915592097011576,
            62.1422951479117,
            68.55530023858894,
            8.218608902699016,
            81.47540746270498,
            22.4169102298384,
            48.13843539504567,
            32.89294991307262
        ],
        [
            53.97471552995654,
            59.5407168071871,
            57.142077342664464,
            80.47821278715433,
            7.840891514369056,
            64.89164701727678,
            8.484905560662195,
            30.70889660898775,
            71.38555821602513,
            53.03021321256581,
            56.556229040207036,
            5.980113159089948,
            38.915592097011576,
            0.0,
            74.42415164168013,
            81.22889623810633,
            36.11111448437469,
            93.39483431426629,
            24.426616652335387,
            59.962128610098105,
            53.97471552995654
        ],
        [
            29.533464210087367,
            23.77780999915637,
            72.14706612549882,
            7.14788745244363,
            78.32076011558155,
            30.666533186310087,
            80.0606937002132,
            81.68941552771487,
            40.93110348512316,
            73.53893082676935,
            25.807230719832525,
            77.55972706044442,
            62.1422951479117,
            74.42415164168013,
            0.0,
            6.883607182713674,
            69.73955653659668,
            19.74393532857172,
            77.83199051092687,
            14.970229211981518,
            29.533464210087367
        ],
        [
            35.74803105894324,
            29.70135372601961,
            76.31037508709315,
            5.105506365548596,
            85.01134749913724,
            33.722984583602006,
            86.76163436523554,
            87.653831573446,
            44.7161529480236,
            78.04819399466861,
            31.98211519165433,
            84.28328364002171,
            68.55530023858894,
            81.22889623810633,
            6.883607182713674,
            0.0,
            76.25538700917691,
            12.989870181038444,
            84.6339587113977,
            21.84037128802878,
            35.74803105894324
        ],
        [
            40.764988896612884,
            47.16110538343702,
            86.03884745234396,
            73.33282232924518,
            43.921195516163024,
            75.68213192636078,
            44.27237540960718,
            65.88939739700722,
            47.139681811118265,
            83.03236692212688,
            44.5165909706229,
            42.040321295582224,
            8.218608902699016,
            36.11111448437469,
            69.73955653659668,
            76.25538700917691,
            0.0,
            89.21542367816139,
            15.71538798577879,
            55.447336969058895,
            40.764988896612884
        ],
        [
            48.61452724517301,
            42.448436602697555,
            82.74575202698988,
            16.300084473926276,
            96.78300350241526,
            39.70291000616407,
            98.56104079364003,
            97.6171337001049,
            55.404183427354724,
            85.12632918136046,
            44.84253573106754,
            96.159589476494,
            81.47540746270498,
            93.39483431426629,
            19.74393532857172,
            12.989870181038444,
            89.21542367816139,
            0.0,
            97.57581901670228,
            34.68585537995224,
            48.61452724517301
        ],
        [
            50.823301903352096,
            57.26891363065421,
            79.78331445027571,
            82.44048224244192,
            31.661718323816192,
            77.75270996347815,
            31.547924752242984,
            55.13267221540037,
            61.27985639446127,
            76.10201243543221,
            54.35025543730136,
            29.82063273720981,
            22.4169102298384,
            24.426616652335387,
            77.83199051092687,
            84.6339587113977,
            15.71538798577879,
            97.57581901670228,
            0.0,
            62.92901383240121,
            50.823301903352096
        ],
        [
            16.963381917438873,
            13.218961687296993,
            65.76645326138075,
            20.525180745158426,
            64.30090918801717,
            30.08920735769393,
            65.99648280144186,
            70.0370702997503,
            34.908690687283254,
            66.19560555802612,
            13.79780000973772,
            63.41781989694157,
            48.13843539504567,
            59.962128610098105,
            14.970229211981518,
            21.84037128802878,
            55.447336969058895,
            34.68585537995224,
            62.92901383240121,
            0.0,
            16.963381917438873
        ],
        [
            0.0,
            6.473822778994635,
            74.62040045966486,
            32.5878144483924,
            59.91163787952423,
            45.259709206266926,
            61.375485138489914,
            71.3077728295345,
            22.487638784969533,
            73.97308960896466,
            3.7722938492832556,
            58.62179049106126,
            32.89294991307262,
            53.97471552995654,
            29.533464210087367,
            35.74803105894324,
            40.764988896612884,
            48.61452724517301,
            50.823301903352096,
            16.963381917438873,
            0.0
        ]
    ],
    "scores_ave": [
        0,
        13.694140736048203,
        13.968340414249578,
        11.966984540348516,
        12.5007450579706,
        12.983308845552392,
        10.764314514551067,
        16.89436996327466,
        16.583606363206396,
        13.662756318742561,
        11.987516040512572,
        15.382078657841614,
        17.47129725003809,
        15.548103144808229,
        13.39031935582269,
        12.267537677455637,
        10.515018522336044,
        18.306598941773593,
        16.457051439380216,
        11.820046476895055,
        0
    ],
    "scores_var": [
        0,
        17.54688686737316,
        23.036377112952408,
        24.17791239979267,
        283.8104736267825,
        17.923519015015618,
        20.550359176589758,
        371.27873651874836,
        23.6341999457325,
        16.02926340338405,
        391.7253441094832,
        23.795257716821478,
        17.822025221016304,
        253.18855665398902,
        380.36251848753716,
        21.24367329392491,
        379.78148619915146,
        18.85121698075027,
        16.72312083139248,
        20.7726454840673,
        0
    ],
    "vertex_number": 21,
    "minimum_distances": {
        "cost": 320.37585186257786,
        "path": [
            0,
            8,
            12,
            16,
            18,
            13,
            11,
            4,
            6,
            7,
            9,
            2,
            5,
            17,
            15,
            3,
            14,
            19,
            1,
            10,
            20
        ]
    }
}