{
    "vertices": [
        [
            33.30874524524127,
            4.653060733721537
        ],
        [
            43.45182729337841,
            48.24424832318872
        ],
        [
            90.62206204918036,
            73.85407802660589
        ],
        [
            62.77253718458237,
            92.16521806679006
        ],
        [
            45.70691712009201,
            21.166682696536952
        ],
        [
            85.73859074666957,
            49.7588645924079
        ],
        [
            8.104080657591972,
            90.39411130895475
        ],
        [
            33.301595236097235,
            52.14092578748413
        ],
        [
            59.73602828038963,
            67.03032409514714
        ],
        [
            66.31279573869708,
            59.73885770087141
        ],
        [
            95.24083793889311,
            79.2634481630441
        ],
        [
            84.63207308901076,
            42.330800455849214
        ],
        [
            51.706805240543034,
            69.8035220791198
        ],
        [
            8.757039155591418,
            82.63696674197821
        ],
        [
            38.95055659805591,
            14.79809797542323
        ],
        [
            33.30874524524127,
            4.653060733721537
        ]
    ],
    "distances": [
        [
            0.0,
            44.75571191362461,
            89.85319736903504,
            92.33900972250309,
            20.64980329613625,
            69.16228915414764,
            89.36891445419153,
            47.48786559203305,
            67.74455161177531,
            64.21613797543915,
            96.96542691995275,
            63.668642607860285,
            67.6983842134283,
            81.75742087552152,
            11.608264985615314,
            0.0
        ],
        [
            44.75571191362461,
            0.0,
            53.673964120004165,
            47.98271995123256,
            27.171308220109324,
            42.31387982444513,
            55.009764060088465,
            10.872502291441748,
            24.86145298841442,
            25.588081659307065,
            60.367974807393686,
            41.602662288229084,
            23.085643716200615,
            48.85271132864651,
            33.74768749052152,
            44.75571191362461
        ],
        [
            89.85319736903504,
            53.673964120004165,
            0.0,
            33.33007477872046,
            69.23389249975753,
            24.58510936323045,
            84.15931293638117,
            61.295162091547176,
            31.630850441996966,
            28.110138267145278,
            7.112972373936326,
            32.08733389588366,
            39.12549317217495,
            82.33481103126707,
            78.47007872680686,
            89.85319736903504
        ],
        [
            92.33900972250309,
            47.98271995123256,
            33.33007477872046,
            0.0,
            73.0207327606798,
            48.22591037202825,
            54.697138482658204,
            49.70392732762964,
            25.317647625539255,
            32.61904776676356,
            34.93774778833891,
            54.41790595547246,
            24.949867151997438,
            54.849444852511525,
            80.9515783063976,
            92.33900972250309
        ],
        [
            20.64980329613625,
            27.171308220109324,
            69.23389249975753,
            73.0207327606798,
            0.0,
            49.19398092156597,
            78.78077292279458,
            33.366086766395135,
            47.96133403365983,
            43.73116644007668,
            76.3468628651734,
            44.30674494627977,
            49.005518083018885,
            71.72091258634902,
            9.2847874964229,
            20.64980329613625
        ],
        [
            69.16228915414764,
            42.31387982444513,
            24.58510936323045,
            48.22591037202825,
            49.19398092156597,
            0.0,
            87.62614012088927,
            52.491072704916895,
            31.215966558278343,
            21.83945452928594,
            30.996986198318954,
            7.510027839065587,
            39.496211444828475,
            83.70859505646602,
            58.406980250130275,
            69.16228915414764
        ],
        [
            89.36891445419153,
            55.009764060088465,
            84.15931293638117,
            54.697138482658204,
            78.78077292279458,
            87.62614012088927,
            0.0,
            45.80634173860684,
            56.67207926567898,
            65.78752986067481,
            87.84478431624794,
            90.36932818022686,
            48.220016133225,
            7.784577485842329,
            81.64718188565418,
            89.36891445419153
        ],
        [
            47.48786559203305,
            10.872502291441748,
            61.295162091547176,
            49.70392732762964,
            33.366086766395135,
            52.491072704916895,
            45.80634173860684,
            0.0,
            30.339305073409573,
            33.874295977677775,
            67.61731292064631,
            52.25951124561758,
            25.50919565703815,
            39.14643977537773,
            37.76767868786922,
            47.48786559203305
        ],
        [
            67.74455161177531,
            24.86145298841442,
            31.630850441996966,
            25.317647625539255,
            47.96133403365983,
            31.215966558278343,
            56.67207926567898,
            30.339305073409573,
            0.0,
            9.819335638397542,
            37.55317341247104,
            35.06963808084007,
            8.49464829654021,
            53.31439418104816,
            56.21602332501887,
            67.74455161177531
        ],
        [
            64.21613797543915,
            25.588081659307065,
            28.110138267145278,
            32.61904776676356,
            43.73116644007668,
            21.83945452928594,
            65.78752986067481,
            33.874295977677775,
            9.819335638397542,
            0.0,
            34.90044782308513,
            25.271255997351727,
            17.737881144007826,
            61.94342994629962,
            52.615245086287494,
            64.21613797543915
        ],
        [
            96.96542691995275,
            60.367974807393686,
            7.112972373936326,
            34.93774778833891,
            76.3468628651734,
            30.996986198318954,
            87.84478431624794,
            67.61731292064631,
            37.55317341247104,
            34.90044782308513,
            0.0,
            38.426115576569366,
            44.54999668343787,
            86.54957007168221,
            85.58257502694806,
            96.96542691995275
        ],
        [
            63.668642607860285,
            41.602662288229084,
            32.08733389588366,
            54.41790595547246,
            44.30674494627977,
            7.510027839065587,
            90.36932818022686,
            52.25951124561758,
            35.06963808084007,
            25.271255997351727,
            38.426115576569366,
            0.0,
            42.881507626050904,
            85.91628375973102,
            53.337141419362126,
            63.668642607860285
        ],
        [
            67.6983842134283,
            23.085643716200615,
            39.12549317217495,
            24.949867151997438,
            49.005518083018885,
            39.496211444828475,
            48.220016133225,
            25.50919565703815,
            8.49464829654021,
            17.737881144007826,
            44.54999668343787,
            42.881507626050904,
            0.0,
            44.826105214112786,
            56.465197779308966,
            67.6983842134283
        ],
        [
            81.75742087552152,
            48.85271132864651,
            82.33481103126707,
            54.849444852511525,
            71.72091258634902,
            83.70859505646602,
            7.784577485842329,
            39.14643977537773,
            53.31439418104816,
            61.94342994629962,
            86.54957007168221,
            85.91628375973102,
            44.826105214112786,
            0.0,
            74.2547009358618,
            81.75742087552152
        ],
        [
            11.608264985615314,
            33.74768749052152,
            78.47007872680686,
            80.9515783063976,
            9.2847874964229,
            58.406980250130275,
            81.64718188565418,
            37.76767868786922,
            56.21602332501887,
            52.615245086287494,
            85.58257502694806,
            53.337141419362126,
            56.465197779308966,
            74.2547009358618,
            0.0,
            11.608264985615314
        ],
        [
            0.0,
            44.75571191362461,
            89.85319736903504,
            92.33900972250309,
            20.64980329613625,
            69.16228915414764,
            89.36891445419153,
            47.48786559203305,
            67.74455161177531,
            64.21613797543915,
            96.96542691995275,
            63.668642607860285,
            67.6983842134283,
            81.75742087552152,
            11.608264985615314,
            0.0
        ]
    ],
    "scores_ave": [
        0,
        15.222596502937009,
        16.935649191545707,
        17.666006111339755,
        15.845410018132949,
        16.963999391593127,
        14.461943290207868,
        12.003673220620916,
        18.752333473567024,
        11.257215825835452,
        15.986502527809048,
        19.874703467057714,
        15.75491716320312,
        15.637069884388964,
        17.626365336735198,
        0
    ],
    "scores_var": [
        0,
        16.29132174257628,
        16.110570254206923,
        380.3067241857025,
        383.3769960608673,
        241.86667264423923,
        387.4664780037199,
        283.99829938745034,
        264.7674158943341,
        16.229896902185242,
        343.5429259248109,
        313.05886577922735,
        246.7699660762643,
        381.15251321101596,
        270.4216393203579,
        0
    ],
    "vertex_number": 16,
    "minimum_distances": {
        "cost": 349.5207506319352,
        "path": [
            0,
            14,
            4,
            1,
            9,
            11,
            5,
            2,
            10,
            3,
            8,
            12,
            6,
            13,
            7,
            15
        ]
    }
}