{
    "vertices": [
        [
            9.264540267319088,
            57.3816254354205
        ],
        [
            45.567366210825135,
            99.85067713226886
        ],
        [
            58.18129487231688,
            4.871628264420824
        ],
        [
            85.57927990924911,
            44.62374372946748
        ],
        [
            70.28839595503653,
            95.34774471280376
        ],
        [
            59.677184198701916,
            47.114272919499975
        ],
        [
            15.673036296828634,
            62.07125385786111
        ],
        [
            85.14405273630476,
            77.10083373591043
        ],
        [
            11.437212334763093,
            54.69610508520992
        ],
        [
            34.97255395039603,
            19.358251144354032
        ],
        [
            83.26901132178435,
            72.83638042488008
        ],
        [
            56.88947906119471,
            31.261990858457544
        ],
        [
            91.70893875758132,
            88.5042734293968
        ],
        [
            59.673868105553694,
            43.58817110303872
        ],
        [
            35.51117858172812,
            16.19676215624676
        ],
        [
            65.7561977737544,
            46.86849763657892
        ],
        [
            81.34713922000311,
            63.71209307237079
        ],
        [
            12.830794309260096,
            42.0942655437125
        ],
        [
            9.264540267319088,
            57.3816254354205
        ]
    ],
    "distances": [
        [
            0.0,
            55.8705246396888,
            71.76453639496299,
            77.37378775941279,
            71.87028019967542,
            51.44757716198664,
            7.941123100720853,
            78.3999208451709,
            3.4543484861904954,
            45.8985725269077,
            75.60099991293376,
            54.31730944693854,
            88.12319819762621,
            52.262412071412434,
            48.83727046151983,
            57.4615804163022,
            72.36004347895293,
            15.69781960497263,
            0.0
        ],
        [
            55.8705246396888,
            0.0,
            95.81299974491075,
            68.19800151681562,
            25.127787646119078,
            54.59134815099878,
            48.176298985639484,
            45.649419392747085,
            56.60214466216548,
            81.18670265661542,
            46.38088259905746,
            69.51689092705323,
            47.516161398792654,
            58.00399107298685,
            84.25618315855007,
            56.6983268182566,
            50.85459088855813,
            66.38890132735338,
            55.8705246396888
        ],
        [
            71.76453639496299,
            95.81299974491075,
            0.0,
            48.2791908386042,
            91.28258072714937,
            42.26912244572957,
            71.26534371733794,
            77.09765518272721,
            68.31901450359916,
            27.358872375268824,
            72.44722943551072,
            26.421961053914938,
            90.10284258439292,
            38.74530247954079,
            25.34152383533008,
            42.674537970882795,
            63.236513527841055,
            58.67020220985716,
            71.76453639496299
        ],
        [
            77.37378775941279,
            68.19800151681562,
            48.2791908386042,
            0.0,
            52.97863161557399,
            26.02155448555584,
            72.05066624035808,
            32.48000612651829,
            74.8231157297015,
            56.56311366821028,
            28.307069969418734,
            31.6487142311811,
            44.30658646683715,
            25.92610212476319,
            57.575238183677016,
            19.94977457150987,
            19.551882145979935,
            72.7924475270891,
            77.37378775941279
        ],
        [
            71.87028019967542,
            25.127787646119078,
            91.28258072714937,
            52.97863161557399,
            0.0,
            49.386897211438644,
            63.95437713100241,
            23.52956222715397,
            71.52634212595315,
            83.79505850159777,
            25.98572487738326,
            65.47148097460398,
            22.48716863374464,
            52.83674537414405,
            86.45422423397676,
            48.69063788278062,
            33.51283720181377,
            78.34097925413984,
            71.87028019967542
        ],
        [
            51.44757716198664,
            54.59134815099878,
            42.26912244572957,
            26.02155448555584,
            49.386897211438644,
            0.0,
            46.47662112676046,
            39.341520340574384,
            48.83215195363197,
            37.15798030689889,
            34.90273802330899,
            16.095531879267977,
            52.337037003727595,
            3.5261033757570326,
            39.2414105158758,
            6.083979909185042,
            27.296054375170446,
            47.11459136750055,
            51.44757716198664
        ],
        [
            7.941123100720853,
            48.176298985639484,
            71.26534371733794,
            72.05066624035808,
            63.95437713100241,
            46.47662112676046,
            0.0,
            71.07819916433327,
            8.504999944523629,
            46.870800958213025,
            68.44781800450892,
            51.458778072498795,
            80.49945954284591,
            47.72522967971263,
            49.980204863499715,
            52.33972545063219,
            65.69459755635609,
            20.17816645831646,
            7.941123100720853
        ],
        [
            78.3999208451709,
            45.649419392747085,
            77.09765518272721,
            32.48000612651829,
            23.52956222715397,
            39.341520340574384,
            71.07819916433327,
            0.0,
            77.03681060304778,
            76.49434707720012,
            4.658469957842857,
            53.84719537641709,
            13.158121648447134,
            42.09309755612223,
            78.56671134663101,
            35.914942100354715,
            13.916714008910072,
            80.34094324148522,
            78.3999208451709
        ],
        [
            3.4543484861904954,
            56.60214466216548,
            68.31901450359916,
            74.8231157297015,
            71.52634212595315,
            48.83215195363197,
            8.504999944523629,
            77.03681060304778,
            0.0,
            42.45793478385175,
            74.08695522904739,
            51.137718566271225,
            87.10075952417783,
            49.49910259087553,
            45.40655521862363,
            54.88008397853645,
            70.4889063362756,
            12.678660439860783,
            3.4543484861904954
        ],
        [
            45.8985725269077,
            81.18670265661542,
            27.358872375268824,
            56.56311366821028,
            83.79505850159777,
            37.15798030689889,
            46.870800958213025,
            76.49434707720012,
            42.45793478385175,
            0.0,
            72.05871290809311,
            24.94094275470522,
            89.44377987782403,
            34.601213016252174,
            3.2070436722004847,
            41.28494143275925,
            64.17059648081477,
            31.736160302936334,
            45.8985725269077
        ],
        [
            75.60099991293376,
            46.38088259905746,
            72.44722943551072,
            28.307069969418734,
            25.98572487738326,
            34.90273802330899,
            68.44781800450892,
            4.658469957842857,
            74.08695522904739,
            72.05871290809311,
            0.0,
            49.237278459599615,
            17.79649533819799,
            37.57909700789367,
            74.08682032348052,
            31.32139164971775,
            9.324495271421714,
            76.85453820868592,
            75.60099991293376
        ],
        [
            54.31730944693854,
            69.51689092705323,
            26.421961053914938,
            31.6487142311811,
            65.47148097460398,
            16.095531879267977,
            51.458778072498795,
            53.84719537641709,
            51.137718566271225,
            24.94094275470522,
            49.237278459599615,
            0.0,
            67.0005499043071,
            12.636753608908005,
            26.153256914584794,
            17.949422122820682,
            40.63479142480224,
            45.370760153728654,
            54.31730944693854
        ],
        [
            88.12319819762621,
            47.516161398792654,
            90.10284258439292,
            44.30658646683715,
            22.48716863374464,
            52.337037003727595,
            80.49945954284591,
            13.158121648447134,
            87.10075952417783,
            89.44377987782403,
            17.79649533819799,
            67.0005499043071,
            0.0,
            55.16975620638786,
            91.57818755194619,
            49.06202798950946,
            26.870413032036975,
            91.5185801002152,
            88.12319819762621
        ],
        [
            52.262412071412434,
            58.00399107298685,
            38.74530247954079,
            25.92610212476319,
            52.83674537414405,
            3.5261033757570326,
            47.72522967971263,
            42.09309755612223,
            49.49910259087553,
            34.601213016252174,
            37.57909700789367,
            12.636753608908005,
            55.16975620638786,
            0.0,
            36.52567383519686,
            6.910519253957863,
            29.575376856909088,
            46.866889341038984,
            52.262412071412434
        ],
        [
            48.83727046151983,
            84.25618315855007,
            25.34152383533008,
            57.575238183677016,
            86.45422423397676,
            39.2414105158758,
            49.980204863499715,
            78.56671134663101,
            45.40655521862363,
            3.2070436722004847,
            74.08682032348052,
            26.153256914584794,
            91.57818755194619,
            36.52567383519686,
            0.0,
            43.07570711319206,
            66.02001181234571,
            34.42499836529574,
            48.83727046151983
        ],
        [
            57.4615804163022,
            56.6983268182566,
            42.674537970882795,
            19.94977457150987,
            48.69063788278062,
            6.083979909185042,
            52.33972545063219,
            35.914942100354715,
            54.88008397853645,
            41.28494143275925,
            31.32139164971775,
            17.949422122820682,
            49.06202798950946,
            6.910519253957863,
            43.07570711319206,
            0.0,
            22.95177906797172,
            53.140301316007424,
            57.4615804163022
        ],
        [
            72.36004347895293,
            50.85459088855813,
            63.236513527841055,
            19.551882145979935,
            33.51283720181377,
            27.296054375170446,
            65.69459755635609,
            13.916714008910072,
            70.4889063362756,
            64.17059648081477,
            9.324495271421714,
            40.63479142480224,
            26.870413032036975,
            29.575376856909088,
            66.02001181234571,
            22.95177906797172,
            0.0,
            71.84580702439577,
            72.36004347895293
        ],
        [
            15.69781960497263,
            66.38890132735338,
            58.67020220985716,
            72.7924475270891,
            78.34097925413984,
            47.11459136750055,
            20.17816645831646,
            80.34094324148522,
            12.678660439860783,
            31.736160302936334,
            76.85453820868592,
            45.370760153728654,
            91.5185801002152,
            46.866889341038984,
            34.42499836529574,
            53.140301316007424,
            71.84580702439577,
            0.0,
            15.69781960497263
        ],
        [
            0.0,
            55.8705246396888,
            71.76453639496299,
            77.37378775941279,
            71.87028019967542,
            51.44757716198664,
            7.941123100720853,
            78.3999208451709,
            3.4543484861904954,
            45.8985725269077,
            75.60099991293376,
            54.31730944693854,
            88.12319819762621,
            52.262412071412434,
            48.83727046151983,
            57.4615804163022,
            72.36004347895293,
            15.69781960497263,
            0.0
        ]
    ],
    "scores_ave": [
        0,
        11.057920246276014,
        18.254455738112043,
        15.402682355446782,
        10.776160319464426,
        14.444816022984842,
        17.96797192104105,
        17.22591998889338,
        14.672297043651346,
        12.268608986084496,
        10.463699848033762,
        19.657148509402283,
        11.829673328828783,
        13.003380431019217,
        15.375391874791484,
        11.858651958617344,
        19.045464750450307,
        19.848719488864138,
        0
    ],
    "scores_var": [
        0,
        23.88865225578148,
        230.37889218801638,
        309.44188128111267,
        21.04066671488033,
        382.1454134376404,
        368.5384247522618,
        386.7095302647121,
        261.87152747073077,
        287.1002921276689,
        328.24770452581413,
        24.34472759209547,
        264.5580229887306,
        18.97438517024731,
        385.56285726555257,
        22.234709348572657,
        23.198674673120266,
        21.996458579391092,
        0
    ],
    "vertex_number": 19,
    "minimum_distances": {
        "cost": 295.4616566457088,
        "path": [
            0,
            6,
            1,
            4,
            12,
            7,
            10,
            16,
            3,
            15,
            5,
            13,
            11,
            2,
            14,
            9,
            17,
            8,
            18
        ]
    }
}