{
    "vertices": [
        [
            5.015517924385115,
            75.59690065701426
        ],
        [
            65.64754890263256,
            78.66968330820767
        ],
        [
            63.970959345275446,
            75.39391032412567
        ],
        [
            99.2454070697988,
            3.3254375700887295
        ],
        [
            59.93994484279772,
            78.72231594044385
        ],
        [
            64.33727453475684,
            18.042551769030258
        ],
        [
            60.476108229573946,
            38.63906181256669
        ],
        [
            80.74744001088897,
            34.04999179667715
        ],
        [
            24.294492011667845,
            9.058681708334227
        ],
        [
            82.31077797216003,
            98.7516045844355
        ],
        [
            24.219192014414592,
            96.96879119835073
        ],
        [
            7.458061243851577,
            28.395335751138173
        ],
        [
            97.4862913015287,
            60.96295246069226
        ],
        [
            81.7099071046162,
            17.614330082490415
        ],
        [
            5.015517924385115,
            75.59690065701426
        ]
    ],
    "distances": [
        [
            0.0,
            60.70984412571517,
            58.95579087932989,
            118.75367945913,
            55.01327924246966,
            82.65333558459675,
            66.64652225774547,
            86.37979890440502,
            69.27491192863836,
            80.68889353448643,
            28.732191073201093,
            47.26471990217548,
            93.62155931610883,
            96.14576341242702,
            0.0
        ],
        [
            60.70984412571517,
            0.0,
            3.679896898974264,
            82.49588740820401,
            5.707846730407124,
            60.64128871971499,
            40.36328103564227,
            47.10545172339768,
            80.96769021013844,
            26.094956699871283,
            45.28980132472049,
            76.89945706102512,
            36.43122060609032,
            63.132840174713614,
            60.70984412571517
        ],
        [
            58.95579087932989,
            3.679896898974264,
            0.0,
            80.23809212194352,
            5.227557925640244,
            57.35252840924418,
            36.92062937476242,
            44.61804458655719,
            77.29543722357838,
            29.697320222961753,
            45.22917742634613,
            73.50220176099886,
            36.49013594101893,
            60.4412951590896,
            58.95579087932989
        ],
        [
            118.75367945913,
            82.49588740820401,
            80.23809212194352,
            0.0,
            85.027105259866,
            37.88365303701243,
            52.44149682933914,
            35.86325442197188,
            75.16987266451825,
            96.91715541494497,
            119.99171064821309,
            95.1494437639034,
            57.664353035915696,
            22.6200399703424,
            118.75367945913
        ],
        [
            55.01327924246966,
            5.707846730407124,
            5.227557925640244,
            85.027105259866,
            0.0,
            60.83888796089352,
            40.08683989362719,
            49.280507298280746,
            78.25356376524624,
            30.027097403613737,
            40.11117103705462,
            72.71281208334676,
            41.53460152216456,
            64.87000225448462,
            55.01327924246966
        ],
        [
            82.65333558459675,
            60.64128871971499,
            57.35252840924418,
            37.88365303701243,
            60.83888796089352,
            0.0,
            20.955305562309913,
            22.924477468259784,
            41.03820602144875,
            82.68614171778857,
            88.53706464280037,
            57.81370979942807,
            54.23115440534657,
            17.37790943180915,
            82.65333558459675
        ],
        [
            66.64652225774547,
            40.36328103564227,
            36.92062937476242,
            52.44149682933914,
            40.08683989362719,
            20.955305562309913,
            0.0,
            20.784283865432766,
            46.734443820919886,
            63.95522340878469,
            68.67984641546516,
            53.998585442600756,
            43.22163514594368,
            29.881659240869173,
            66.64652225774547
        ],
        [
            86.37979890440502,
            47.10545172339768,
            44.61804458655719,
            35.86325442197188,
            49.280507298280746,
            22.924477468259784,
            20.784283865432766,
            0.0,
            61.73735431434096,
            64.72049693040194,
            84.5826113317563,
            73.50719811727026,
            31.693794254285425,
            16.463818478399578,
            86.37979890440502
        ],
        [
            69.27491192863836,
            80.96769021013844,
            77.29543722357838,
            75.16987266451825,
            78.25356376524624,
            41.03820602144875,
            46.734443820919886,
            61.73735431434096,
            0.0,
            106.82092421762627,
            87.91014173937087,
            25.63925877576332,
            89.72788198559779,
            58.04936700255882,
            69.27491192863836
        ],
        [
            80.68889353448643,
            26.094956699871283,
            29.697320222961753,
            96.91715541494497,
            30.027097403613737,
            82.68614171778857,
            63.95522340878469,
            64.72049693040194,
            106.82092421762627,
            0.0,
            58.11893652378483,
            102.72747327639084,
            40.721965008323586,
            81.13949937856069,
            80.68889353448643
        ],
        [
            28.732191073201093,
            45.28980132472049,
            45.22917742634613,
            119.99171064821309,
            40.11117103705462,
            88.53706464280037,
            68.67984641546516,
            84.5826113317563,
            87.91014173937087,
            58.11893652378483,
            0.0,
            70.59216880560307,
            81.63631704792974,
            97.99139156360279,
            28.732191073201093
        ],
        [
            47.26471990217548,
            76.89945706102512,
            73.50220176099886,
            95.1494437639034,
            72.71281208334676,
            57.81370979942807,
            53.998585442600756,
            73.50719811727026,
            25.63925877576332,
            102.72747327639084,
            70.59216880560307,
            0.0,
            95.73782881107375,
            75.03043846971818,
            47.26471990217548
        ],
        [
            93.62155931610883,
            36.43122060609032,
            36.49013594101893,
            57.664353035915696,
            41.53460152216456,
            54.23115440534657,
            43.22163514594368,
            31.693794254285425,
            89.72788198559779,
            40.721965008323586,
            81.63631704792974,
            95.73782881107375,
            0.0,
            46.13022176856005,
            93.62155931610883
        ],
        [
            96.14576341242702,
            63.132840174713614,
            60.4412951590896,
            22.6200399703424,
            64.87000225448462,
            17.37790943180915,
            29.881659240869173,
            16.463818478399578,
            58.04936700255882,
            81.13949937856069,
            97.99139156360279,
            75.03043846971818,
            46.13022176856005,
            0.0,
            96.14576341242702
        ],
        [
            0.0,
            60.70984412571517,
            58.95579087932989,
            118.75367945913,
            55.01327924246966,
            82.65333558459675,
            66.64652225774547,
            86.37979890440502,
            69.27491192863836,
            80.68889353448643,
            28.732191073201093,
            47.26471990217548,
            93.62155931610883,
            96.14576341242702,
            0.0
        ]
    ],
    "scores_ave": [
        0,
        18.00688323471006,
        13.708594451722009,
        13.252179447924693,
        10.693138442776824,
        10.430532099617977,
        11.573587597633173,
        13.879773005977803,
        14.160158433198717,
        12.880522366759722,
        17.930350598270742,
        13.643053912474489,
        18.762513277679396,
        19.64882646844446,
        0
    ],
    "scores_var": [
        0,
        315.68649013630454,
        255.5572970151474,
        348.09549048518255,
        387.5841718004806,
        18.9515343496008,
        340.4386329716838,
        19.78765336284465,
        24.92095887672736,
        21.715250382196572,
        22.603746195763506,
        380.55205420710973,
        262.51069903552417,
        285.42965327867495,
        0
    ],
    "vertex_number": 15,
    "minimum_distances": {
        "cost": 392.7164647826425,
        "path": [
            0,
            10,
            4,
            2,
            1,
            9,
            12,
            7,
            3,
            13,
            5,
            6,
            8,
            11,
            14
        ]
    }
}