{
    "vertices": [
        [
            97.73351414060313,
            74.63241666402
        ],
        [
            88.13991535168239,
            30.476568267308068
        ],
        [
            37.50955495891463,
            95.36697643995308
        ],
        [
            15.48167197071767,
            35.41866668004023
        ],
        [
            3.459121425336764,
            76.98127289422199
        ],
        [
            56.98010397016397,
            85.3882451479167
        ],
        [
            68.6951488403832,
            39.85275952410411
        ],
        [
            33.43696680582462,
            88.47291013725123
        ],
        [
            86.12733946401583,
            82.37033612817176
        ],
        [
            66.14883394589837,
            55.475741307239204
        ],
        [
            8.077707277002787,
            28.012589820752943
        ],
        [
            47.54895736420035,
            16.692337262783717
        ],
        [
            56.412235702149715,
            42.51121576502125
        ],
        [
            17.188512742661942,
            8.006534901871687
        ],
        [
            74.59596156609408,
            69.07831985952312
        ],
        [
            75.65874313367125,
            17.623688923156955
        ],
        [
            70.83407471713488,
            36.90659223296677
        ],
        [
            97.73351414060313,
            74.63241666402
        ]
    ],
    "distances": [
        [
            0.0,
            45.18601648028059,
            63.69338449650345,
            91.12125837665886,
            94.30364917341443,
            42.14888239200487,
            45.30840109824137,
            65.76933372595447,
            13.94914650640515,
            36.94008979045486,
            101.0523228790878,
            76.65208764192636,
            52.3375543848013,
            104.5299257188013,
            23.794838315313118,
            61.13338329947336,
            46.33376382617206,
            0.0
        ],
        [
            45.18601648028059,
            0.0,
            82.30551905136144,
            72.82612627298415,
            96.61016723116012,
            63.13656708415634,
            21.58730893749754,
            79.72445202010539,
            51.932779672388286,
            33.29513949627241,
            80.10011455409024,
            42.86759725862441,
            33.93344067932964,
            74.42448475892284,
            40.90884879990183,
            17.91580775100468,
            18.461780203092577,
            45.18601648028059
        ],
        [
            63.69338449650345,
            82.30551905136144,
            0.0,
            63.867264478856136,
            38.6971073685891,
            21.878696419076903,
            63.673931443879155,
            8.007129601220289,
            50.32496030379237,
            49.10721883091889,
            73.50406148519922,
            79.31259956849887,
            56.134149818148494,
            89.69276170618932,
            45.458717753988914,
            86.59895676226256,
            67.29145665494592,
            63.69338449650345
        ],
        [
            91.12125837665886,
            72.82612627298415,
            63.867264478856136,
            0.0,
            43.266522357723396,
            64.95443503464512,
            53.39789602510764,
            56.010225507782366,
            84.82493501052772,
            54.49263753224124,
            10.47228091828362,
            37.13470352582169,
            41.540525994451315,
            27.465219351835678,
            68.02552084717249,
            62.753016876634305,
            55.372397566410534,
            91.12125837665886
        ],
        [
            94.30364917341443,
            96.61016723116012,
            38.6971073685891,
            43.266522357723396,
            0.0,
            54.17723465661653,
            75.06174643566264,
            32.10496753123749,
            82.84368579578104,
            66.27584737103989,
            49.18600672161812,
            74.69049064430902,
            63.18399441396195,
            70.32787972815343,
            71.5744835250686,
            93.467150110125,
            78.39237438152745,
            94.30364917341443
        ],
        [
            42.14888239200487,
            63.13656708415634,
            21.878696419076903,
            64.95443503464512,
            54.17723465661653,
            0.0,
            47.018323314508926,
            23.74435650076293,
            29.30305635570317,
            31.286155011226242,
            75.38839583488162,
            69.34027896155203,
            42.88078967406614,
            87.01321631234812,
            24.00691778952619,
            70.2917252693312,
            50.42224880768012,
            42.14888239200487
        ],
        [
            45.30840109824137,
            21.58730893749754,
            63.673931443879155,
            53.39789602510764,
            75.06174643566264,
            47.018323314508926,
            0.0,
            60.05879157981103,
            45.952427468213536,
            15.829127560862169,
            61.762964957116445,
            31.361864952040932,
            12.567312550671284,
            60.556713787925815,
            29.81531431568563,
            23.29427451678646,
            3.6407287201335765,
            45.30840109824137
        ],
        [
            65.76933372595447,
            79.72445202010539,
            8.007129601220289,
            56.010225507782366,
            32.10496753123749,
            23.74435650076293,
            60.05879157981103,
            0.0,
            53.042594020233935,
            46.463742881801444,
            65.56327002692679,
            73.15462336521476,
            51.38424204388658,
            82.09049764110101,
            45.499593203861004,
            82.47599979947123,
            63.69951979674504,
            65.76933372595447
        ],
        [
            13.94914650640515,
            51.932779672388286,
            50.32496030379237,
            84.82493501052772,
            82.84368579578104,
            29.30305635570317,
            45.952427468213536,
            53.042594020233935,
            0.0,
            33.50313288812827,
            95.1131414061681,
            76.17014572915872,
            49.71656532487527,
            101.40284395687098,
            17.596885312767668,
            65.58749753892394,
            47.967029880814806,
            13.94914650640515
        ],
        [
            36.94008979045486,
            33.29513949627241,
            49.10721883091889,
            54.49263753224124,
            66.27584737103989,
            31.286155011226242,
            15.829127560862169,
            46.463742881801444,
            33.50313288812827,
            0.0,
            64.23768708604482,
            43.012879909741976,
            16.21358282104826,
            68.19412444690134,
            16.011998885302468,
            39.02840302199148,
            19.151103843564986,
            36.94008979045486
        ],
        [
            101.0523228790878,
            80.10011455409024,
            73.50406148519922,
            10.47228091828362,
            49.18600672161812,
            75.38839583488162,
            61.762964957116445,
            65.56327002692679,
            95.1131414061681,
            64.23768708604482,
            0.0,
            41.06248532934048,
            50.46223134536508,
            21.9829254115638,
            78.17334799844102,
            68.37489063479649,
            63.38347523755176,
            101.0523228790878
        ],
        [
            76.65208764192636,
            42.86759725862441,
            79.31259956849887,
            37.13470352582169,
            74.69049064430902,
            69.34027896155203,
            31.361864952040932,
            73.15462336521476,
            76.17014572915872,
            43.012879909741976,
            41.06248532934048,
            0.0,
            27.297842222587224,
            31.57846988488083,
            58.956183805629244,
            28.125210611137277,
            30.83525245785258,
            76.65208764192636
        ],
        [
            52.3375543848013,
            33.93344067932964,
            56.134149818148494,
            41.540525994451315,
            63.18399441396195,
            42.88078967406614,
            12.567312550671284,
            51.38424204388658,
            49.71656532487527,
            16.21358282104826,
            50.46223134536508,
            27.297842222587224,
            0.0,
            52.24053449449429,
            32.194081851532545,
            31.46135789529958,
            15.472596598832633,
            52.3375543848013
        ],
        [
            104.5299257188013,
            74.42448475892284,
            89.69276170618932,
            27.465219351835678,
            70.32787972815343,
            87.01321631234812,
            60.556713787925815,
            82.09049764110101,
            101.40284395687098,
            68.19412444690134,
            21.9829254115638,
            31.57846988488083,
            52.24053449449429,
            0.0,
            83.81752858637982,
            59.255864633357874,
            60.934880268181374,
            104.5299257188013
        ],
        [
            23.794838315313118,
            40.90884879990183,
            45.458717753988914,
            68.02552084717249,
            71.5744835250686,
            24.00691778952619,
            29.81531431568563,
            45.499593203861004,
            17.596885312767668,
            16.011998885302468,
            78.17334799844102,
            58.956183805629244,
            32.194081851532545,
            83.81752858637982,
            0.0,
            51.46560549977074,
            32.39092235706944,
            23.794838315313118
        ],
        [
            61.13338329947336,
            17.91580775100468,
            86.59895676226256,
            62.753016876634305,
            93.467150110125,
            70.2917252693312,
            23.29427451678646,
            82.47599979947123,
            65.58749753892394,
            39.02840302199148,
            68.37489063479649,
            28.125210611137277,
            31.46135789529958,
            59.255864633357874,
            51.46560549977074,
            0.0,
            19.877318365036015,
            61.13338329947336
        ],
        [
            46.33376382617206,
            18.461780203092577,
            67.29145665494592,
            55.372397566410534,
            78.39237438152745,
            50.42224880768012,
            3.6407287201335765,
            63.69951979674504,
            47.967029880814806,
            19.151103843564986,
            63.38347523755176,
            30.83525245785258,
            15.472596598832633,
            60.934880268181374,
            32.39092235706944,
            19.877318365036015,
            0.0,
            46.33376382617206
        ],
        [
            0.0,
            45.18601648028059,
            63.69338449650345,
            91.12125837665886,
            94.30364917341443,
            42.14888239200487,
            45.30840109824137,
            65.76933372595447,
            13.94914650640515,
            36.94008979045486,
            101.0523228790878,
            76.65208764192636,
            52.3375543848013,
            104.5299257188013,
            23.794838315313118,
            61.13338329947336,
            46.33376382617206,
            0.0
        ]
    ],
    "scores_ave": [
        0,
        18.51298155336817,
        19.198435594468098,
        13.47955254789481,
        11.792798607372676,
        18.22519279542616,
        11.338364572771281,
        13.081961444031736,
        14.904407498825458,
        10.927093115995406,
        12.119768489270315,
        16.94572512832151,
        13.167435788778443,
        14.187085163309291,
        19.28977113605027,
        13.159635063621224,
        13.27586557811544,
        0
    ],
    "scores_var": [
        0,
        233.2801490672812,
        24.148574066642553,
        282.785269568809,
        19.260039007767045,
        255.9763563854603,
        261.06303714827374,
        23.271554567810234,
        230.69691485317716,
        22.192142587332253,
        270.95591910304586,
        18.836085554254836,
        22.526573128299916,
        293.7965237936815,
        261.772238171909,
        23.43380845872573,
        366.87265285039973,
        0
    ],
    "vertex_number": 18,
    "minimum_distances": {
        "cost": 349.2744548437979,
        "path": [
            0,
            8,
            5,
            2,
            7,
            4,
            3,
            10,
            13,
            11,
            15,
            1,
            16,
            6,
            12,
            9,
            14,
            17
        ]
    }
}