{
    "vertices": [
        [
            43.157446687129934,
            24.111414661002605
        ],
        [
            22.92080441162029,
            2.5469984300186876
        ],
        [
            37.68973043703402,
            14.992495598644428
        ],
        [
            95.17801912561245,
            45.301962173583455
        ],
        [
            69.61243580381857,
            54.50459894460745
        ],
        [
            74.9235626623016,
            60.24548464145456
        ],
        [
            6.440875021748704,
            58.5066610650824
        ],
        [
            72.32746494556268,
            36.78396096060753
        ],
        [
            41.73175506053344,
            0.45844803686219127
        ],
        [
            39.84936214917379,
            11.845121846610562
        ],
        [
            22.200803775589918,
            12.43156406347058
        ],
        [
            66.70141667334573,
            17.471766143356515
        ],
        [
            49.872922815492146,
            50.37238935054036
        ],
        [
            84.98146618128331,
            51.58246895378842
        ],
        [
            62.77991093490031,
            21.271756533396225
        ],
        [
            43.157446687129934,
            24.111414661002605
        ]
    ],
    "distances": [
        [
            0.0,
            29.572719488915233,
            10.632525845602363,
            56.17098237266599,
            40.29407028411598,
            48.111923028499454,
            50.310432417704774,
            31.80382673378992,
            23.695894723281665,
            12.704541027470075,
            23.99166088670123,
            24.462286384344992,
            27.106021679234768,
            50.03905904995125,
            19.826869683253268,
            0.0
        ],
        [
            29.572719488915233,
            0.0,
            19.31350759749286,
            83.9588709008018,
            69.85485447195857,
            77.67497780347323,
            58.33585445440307,
            60.1097971086009,
            18.92653975402266,
            19.314014759853965,
            9.910753688691004,
            46.254628971689264,
            54.89703728942979,
            79.09489938533333,
            44.038221340832855,
            29.572719488915233
        ],
        [
            10.632525845602363,
            19.31350759749286,
            0.0,
            64.98897676066828,
            50.79631314137472,
            58.60197334124567,
            53.57213418378952,
            40.92237303120329,
            15.085638918690975,
            3.8170630944577657,
            15.699210790719446,
            29.117429843790735,
            37.418806213266144,
            59.79410020925186,
            25.86399573349427,
            10.632525845602363
        ],
        [
            56.17098237266599,
            83.9588709008018,
            64.98897676066828,
            0.0,
            27.17144777377511,
            25.170456300431326,
            89.71423976451582,
            24.386557178077627,
            69.76706889818774,
            64.65771761731908,
            80.03834726030315,
            39.81754259500832,
            45.58794778695461,
            11.975577537751898,
            40.337181327489596,
            56.17098237266599
        ],
        [
            40.29407028411598,
            69.85485447195857,
            50.79631314137472,
            27.17144777377511,
            0.0,
            7.820859101861099,
            63.29820370957527,
            17.927420165782376,
            60.81380424419906,
            52.016070013471136,
            63.38772054341059,
            37.14706903193556,
            20.167387762067943,
            15.644358038177149,
            33.927941446730685,
            40.29407028411598
        ],
        [
            48.111923028499454,
            77.67497780347323,
            58.60197334124567,
            25.170456300431326,
            7.820859101861099,
            0.0,
            68.50475906025278,
            23.604720222485227,
            68.3826428111086,
            59.77285889354477,
            71.17485725777114,
            43.556798307706664,
            26.926057404641142,
            13.27438375224606,
            40.82180495663161,
            48.111923028499454
        ],
        [
            50.310432417704774,
            58.33585445440307,
            53.57213418378952,
            89.71423976451582,
            63.29820370957527,
            68.50475906025278,
            0.0,
            69.3752004077666,
            67.934094898523,
            57.3883808307946,
            48.69589220903637,
            72.9053871903918,
            44.187205748768655,
            78.84522113662483,
            67.53165985748588,
            50.310432417704774
        ],
        [
            31.80382673378992,
            60.1097971086009,
            40.92237303120329,
            24.386557178077627,
            17.927420165782376,
            23.604720222485227,
            69.3752004077666,
            0.0,
            47.493582224781335,
            40.94841703419839,
            55.728999584461775,
            20.11500156154039,
            26.24598728147686,
            19.470993454311927,
            18.214946439067813,
            31.80382673378992
        ],
        [
            23.695894723281665,
            18.92653975402266,
            15.085638918690975,
            69.76706889818774,
            60.81380424419906,
            68.3826428111086,
            67.934094898523,
            47.493582224781335,
            0.0,
            11.541219325632214,
            22.908809778804827,
            30.214847245205785,
            50.57351233481503,
            66.9641921234224,
            29.600991136844396,
            23.695894723281665
        ],
        [
            12.704541027470075,
            19.314014759853965,
            3.8170630944577657,
            64.65771761731908,
            52.016070013471136,
            59.77285889354477,
            57.3883808307946,
            40.94841703419839,
            11.541219325632214,
            0.0,
            17.65829910097553,
            27.435232060458436,
            39.80982428686077,
            60.13288259747318,
            24.79256963553182,
            12.704541027470075
        ],
        [
            23.99166088670123,
            9.910753688691004,
            15.699210790719446,
            80.03834726030315,
            63.38772054341059,
            71.17485725777114,
            48.69589220903637,
            55.728999584461775,
            22.908809778804827,
            17.65829910097553,
            0.0,
            44.78513352979979,
            46.96011494473233,
            73.98787012631433,
            41.5308673248239,
            23.99166088670123
        ],
        [
            24.462286384344992,
            46.254628971689264,
            29.117429843790735,
            39.81754259500832,
            37.14706903193556,
            43.556798307706664,
            72.9053871903918,
            20.11500156154039,
            30.214847245205785,
            27.435232060458436,
            44.78513352979979,
            0.0,
            36.95469135231547,
            38.70013250925965,
            5.460598339106673,
            24.462286384344992
        ],
        [
            27.106021679234768,
            54.89703728942979,
            37.418806213266144,
            45.58794778695461,
            20.167387762067943,
            26.926057404641142,
            44.187205748768655,
            26.24598728147686,
            50.57351233481503,
            39.80982428686077,
            46.96011494473233,
            36.95469135231547,
            0.0,
            35.12939096986789,
            31.83452799513116,
            27.106021679234768
        ],
        [
            50.03905904995125,
            79.09489938533333,
            59.79410020925186,
            11.975577537751898,
            15.644358038177149,
            13.27438375224606,
            78.84522113662483,
            19.470993454311927,
            66.9641921234224,
            60.13288259747318,
            73.98787012631433,
            38.70013250925965,
            35.12939096986789,
            0.0,
            37.57190895855459,
            50.03905904995125
        ],
        [
            19.826869683253268,
            44.038221340832855,
            25.86399573349427,
            40.337181327489596,
            33.927941446730685,
            40.82180495663161,
            67.53165985748588,
            18.214946439067813,
            29.600991136844396,
            24.79256963553182,
            41.5308673248239,
            5.460598339106673,
            31.83452799513116,
            37.57190895855459,
            0.0,
            19.826869683253268
        ],
        [
            0.0,
            29.572719488915233,
            10.632525845602363,
            56.17098237266599,
            40.29407028411598,
            48.111923028499454,
            50.310432417704774,
            31.80382673378992,
            23.695894723281665,
            12.704541027470075,
            23.99166088670123,
            24.462286384344992,
            27.106021679234768,
            50.03905904995125,
            19.826869683253268,
            0.0
        ]
    ],
    "scores_ave": [
        0,
        11.430724704324259,
        13.626689543294082,
        19.44725590374351,
        12.478100654195599,
        13.606831179964,
        19.151899449283604,
        17.628795296843244,
        19.1197154857339,
        13.330176106743888,
        14.333377982297685,
        11.322447320792092,
        18.110784504735435,
        18.66293838800636,
        15.641847444394513,
        0
    ],
    "scores_var": [
        0,
        359.6154398476234,
        318.04403544778455,
        24.178871245320202,
        22.69603783579536,
        17.783654911185618,
        281.8232482425218,
        354.6698976539717,
        261.5241231612976,
        288.30489796734173,
        251.67682789081567,
        22.643949579476885,
        297.0851974991733,
        24.57710673174894,
        305.2997403938613,
        0
    ],
    "vertex_number": 16,
    "minimum_distances": {
        "cost": 270.73843458211593,
        "path": [
            0,
            2,
            9,
            8,
            1,
            10,
            6,
            12,
            4,
            5,
            13,
            3,
            7,
            11,
            14,
            15
        ]
    }
}