{
    "vertices": [
        [
            8.95945105670759,
            53.79865357301659
        ],
        [
            77.80898739266573,
            2.2282680508432406
        ],
        [
            60.90537054880074,
            42.43629299992193
        ],
        [
            9.685984051516572,
            63.46825697418118
        ],
        [
            39.736822048434284,
            5.18556603198439
        ],
        [
            63.5635099311103,
            87.8951031148898
        ],
        [
            11.049039545478367,
            55.86954333453084
        ],
        [
            58.40207930186684,
            47.68400902844204
        ],
        [
            6.957786601042426,
            23.110828718024166
        ],
        [
            99.96053736762796,
            35.209307465605036
        ],
        [
            38.799857559396145,
            87.37456955237946
        ],
        [
            44.401803885703536,
            44.047414748355095
        ],
        [
            87.69410212059128,
            1.8276464458054753
        ],
        [
            76.46086586584421,
            71.76957035454971
        ],
        [
            67.8972466546072,
            81.01211414557055
        ],
        [
            98.58480182402877,
            73.09788626863417
        ],
        [
            54.96577462354675,
            99.91548890787314
        ],
        [
            53.09169097928108,
            74.74253295635381
        ],
        [
            62.505936456628106,
            20.717609004229452
        ],
        [
            72.77045575631176,
            67.1208772683499
        ],
        [
            24.881328201093787,
            59.537960450371344
        ],
        [
            89.91972797221197,
            58.52967745779729
        ],
        [
            6.654142619140913,
            76.52449732421557
        ],
        [
            28.855098438837643,
            96.15454146285532
        ],
        [
            8.95945105670759,
            53.79865357301659
        ]
    ],
    "distances": [
        [
            0.0,
            86.02187696500238,
            53.174070651700525,
            9.696859291974901,
            57.53676081805822,
            64.37523683001675,
            2.941932095876432,
            49.81929712165272,
            30.753036515501424,
            92.8803612098312,
            44.91983964907858,
            36.759312189846845,
            94.34050487446073,
            69.85266531209756,
            64.91714863018665,
            91.6796808611644,
            65.14095723459224,
            48.84977670580867,
            62.94109633972053,
            65.18685423428106,
            16.92471019643702,
            81.09839101507204,
            22.842469682506447,
            46.79591887858006,
            0.0
        ],
        [
            86.02187696500238,
            0.0,
            43.616711621922285,
            91.60283744267299,
            38.18684832959849,
            86.84319350414425,
            85.64039380233798,
            49.42522098551781,
            73.86456520980418,
            39.72958755350124,
            93.65684635807139,
            53.52458258011792,
            9.893229546243923,
            69.55436835847603,
            79.4048928589175,
            73.85213098903698,
            100.32250738685401,
            76.61111770998828,
            24.00081450371063,
            65.08792155313127,
            78.01113991237224,
            57.589224153434486,
            102.87342523210704,
            105.9180252873503,
            86.02187696500238
        ],
        [
            53.174070651700525,
            43.616711621922285,
            0.0,
            55.369387406514754,
            42.845351034297714,
            45.53645926117324,
            51.63434860308701,
            5.81420592884039,
            57.30458431496852,
            39.71819954579574,
            50.08095849751569,
            16.582021164247973,
            48.64872366447656,
            33.2026293374799,
            39.2043404298557,
            48.57852244562994,
            57.785264228693535,
            33.23773049619491,
            21.777581264457446,
            27.388116902894556,
            39.87729500173181,
            33.178757662131396,
            64.07184565728299,
            62.55293886180028,
            53.174070651700525
        ],
        [
            9.696859291974901,
            91.60283744267299,
            55.369387406514754,
            0.0,
            65.57381282021522,
            59.156222050500695,
            7.719998008874587,
            51.209378239281236,
            40.44953741119463,
            94.59420280203061,
            37.671334084676815,
            39.77885442694596,
            99.42248916110279,
            67.2889043242384,
            60.79751654710979,
            89.4188434374932,
            58.12624321143805,
            44.84601089083821,
            67.95266936573563,
            63.19012743527645,
            15.695404250581193,
            80.38559094247783,
            13.403636616565516,
            37.892586874859035,
            9.696859291974901
        ],
        [
            57.53676081805822,
            38.18684832959849,
            42.845351034297714,
            65.57381282021522,
            0.0,
            86.07310021096583,
            58.23962929262125,
            46.41669403845967,
            37.36014195937833,
            67.29280003477484,
            82.19434410060848,
            39.14083981209569,
            48.07469537986227,
            76.04002252715634,
            80.88680308197343,
            89.8619383476344,
            95.94623121627474,
            70.82742528059254,
            27.56223738786615,
            70.19404343597598,
            56.34597125314526,
            73.23877573228722,
            78.63654872983092,
            91.61750050977187,
            57.53676081805822
        ],
        [
            64.37523683001675,
            86.84319350414425,
            45.53645926117324,
            59.156222050500695,
            86.07310021096583,
            0.0,
            61.509398299192945,
            40.54099719752398,
            86.0302860790813,
            64.03543292125707,
            24.76912259198545,
            47.85175810416292,
            89.3861990292671,
            20.648840086358785,
            8.133683737419116,
            38.01905459429664,
            14.778725487371382,
            16.812171006003393,
            67.18581827024015,
            22.723034809444826,
            47.96288902359695,
            39.45856628733893,
            58.03418616553147,
            35.67761413184419,
            64.37523683001675
        ],
        [
            2.941932095876432,
            85.64039380233798,
            51.63434860308701,
            7.719998008874587,
            58.23962929262125,
            61.509398299192945,
            0.0,
            48.055315481705705,
            33.013205448442655,
            91.28033627861896,
            41.984218194804015,
            35.38600872439091,
            93.78161992882507,
            67.31654983585416,
            62.16001543203277,
            89.21505185753107,
            62.19907508449844,
            46.08442553455203,
            62.31749936323274,
            62.738550623689385,
            14.310467972364098,
            78.9155359004845,
            21.117344608381135,
            44.044713729491825,
            2.941932095876432
        ],
        [
            49.81929712165272,
            49.42522098551781,
            5.81420592884039,
            51.209378239281236,
            46.41669403845967,
            40.54099719752398,
            48.055315481705705,
            0.0,
            57.011897372885294,
            43.390363168398046,
            44.26723045261957,
            14.464872266507843,
            54.41349639678472,
            30.10372130745605,
            34.654304115865806,
            47.54488769229154,
            52.34439492665533,
            27.57469748327312,
            27.276883506231755,
            24.171100283441508,
            35.55498444203622,
            33.33152713853389,
            59.242068802988825,
            56.76633326713752,
            49.81929712165272
        ],
        [
            30.753036515501424,
            73.86456520980418,
            57.30458431496852,
            40.44953741119463,
            37.36014195937833,
            86.0302860790813,
            33.013205448442655,
            57.011897372885294,
            0.0,
            93.7863787453023,
            71.71991263897368,
            42.89982593227446,
            83.49446982468137,
            84.84309733230785,
            84.06055344679936,
            104.37536031670199,
            90.5744044465493,
            69.23994523203217,
            55.59968033160891,
            79.17191291577441,
            40.597897356076786,
            90.2063110991925,
            53.41453167107039,
            76.2553357954121,
            30.753036515501424
        ],
        [
            92.8803612098312,
            39.72958755350124,
            39.71819954579574,
            94.59420280203061,
            67.29280003477484,
            64.03543292125707,
            91.28033627861896,
            43.390363168398046,
            93.7863787453023,
            0.0,
            80.38559151481638,
            56.257310693428195,
            35.5640369771283,
            43.46133204585995,
            55.910211152435984,
            37.91354707751928,
            78.8125535129771,
            61.31528911680059,
            40.16038413284548,
            41.92432259805152,
            78.92256334613928,
            25.390106535574343,
            102.04424635428265,
            93.64990652550338,
            92.8803612098312
        ],
        [
            44.91983964907858,
            93.65684635807139,
            50.08095849751569,
            37.671334084676815,
            82.19434410060848,
            24.76912259198545,
            41.984218194804015,
            44.26723045261957,
            71.71991263897368,
            80.38559151481638,
            0.0,
            43.687803172678755,
            98.53386831040402,
            40.76600969708241,
            29.78487688344102,
            61.46595192714094,
            20.459998357917623,
            19.07419332671951,
            70.74693326356567,
            39.55014023985812,
            31.12237564511947,
            58.69641344214459,
            33.92743810511665,
            13.265976809669038,
            44.91983964907858
        ],
        [
            36.759312189846845,
            53.52458258011792,
            16.582021164247973,
            39.77885442694596,
            39.14083981209569,
            47.85175810416292,
            35.38600872439091,
            14.464872266507843,
            42.89982593227446,
            56.257310693428195,
            43.687803172678755,
            0.0,
            60.470917985255014,
            42.38279564281442,
            43.799826853919505,
            61.47948569348236,
            56.85806176826129,
            31.901479895173203,
            29.530314123020258,
            36.567267899275286,
            24.91999151483994,
            47.766278338702975,
            49.796052290662686,
            54.376950123122874,
            36.759312189846845
        ],
        [
            94.34050487446073,
            9.893229546243923,
            48.64872366447656,
            99.42248916110279,
            48.07469537986227,
            89.3861990292671,
            93.78161992882507,
            54.41349639678472,
            83.49446982468137,
            35.5640369771283,
            98.53386831040402,
            60.470917985255014,
            0.0,
            70.83825461437861,
            81.6216601842685,
            72.09753410785954,
            103.40390833821131,
            80.70878224603821,
            31.484510079941106,
            66.97702002965002,
            85.29903229209283,
            56.74569350458486,
            110.21385832620213,
            111.17369957781814,
            94.34050487446073
        ],
        [
            69.85266531209756,
            69.55436835847603,
            33.2026293374799,
            67.2889043242384,
            76.04002252715634,
            20.648840086358785,
            67.31654983585416,
            30.10372130745605,
            84.84309733230785,
            43.46133204585995,
            40.76600969708241,
            42.38279564281442,
            70.83825461437861,
            0.0,
            12.600007528728124,
            22.16377597453696,
            35.41513347038253,
            23.557521973045013,
            52.92487895622246,
            5.935442206459538,
            53.01000836217065,
            18.879505637481543,
            69.9684781950321,
            53.48771735891464,
            69.85266531209756
        ],
        [
            64.91714863018665,
            79.4048928589175,
            39.2043404298557,
            60.79751654710979,
            80.88680308197343,
            8.133683737419116,
            62.16001543203277,
            34.654304115865806,
            84.06055344679936,
            55.910211152435984,
            29.78487688344102,
            43.799826853919505,
            81.6216601842685,
            12.600007528728124,
            0.0,
            31.691655765585516,
            22.903286801115627,
            16.078312322609044,
            60.535060716001944,
            14.721230550738312,
            48.07815010297665,
            31.471409927170157,
            61.407300027230114,
            41.8757978116402,
            64.91714863018665
        ],
        [
            91.6796808611644,
            73.85213098903698,
            48.57852244562994,
            89.4188434374932,
            89.8619383476344,
            38.01905459429664,
            89.21505185753107,
            47.54488769229154,
            104.37536031670199,
            37.91354707751928,
            61.46595192714094,
            61.47948569348236,
            72.09753410785954,
            22.16377597453696,
            31.691655765585516,
            0.0,
            51.20354817034175,
            45.522829405254754,
            63.60328586240602,
            26.49726588713137,
            74.94046712079839,
            16.95040450294873,
            91.99449855926964,
            73.44277284343191,
            91.6796808611644
        ],
        [
            65.14095723459224,
            100.32250738685401,
            57.785264228693535,
            58.12624321143805,
            95.94623121627474,
            14.778725487371382,
            62.19907508449844,
            52.34439492665533,
            90.5744044465493,
            78.8125535129771,
            20.459998357917623,
            56.85806176826129,
            103.40390833821131,
            35.41513347038253,
            22.903286801115627,
            51.20354817034175,
            0.0,
            25.242620720575676,
            79.55600682350156,
            37.31612550663039,
            50.35294153157103,
            54.17161843698131,
            53.67636606734727,
            26.380146635432514,
            65.14095723459224
        ],
        [
            48.84977670580867,
            76.61111770998828,
            33.23773049619491,
            44.84601089083821,
            70.82742528059254,
            16.812171006003393,
            46.08442553455203,
            27.57469748327312,
            69.23994523203217,
            61.31528911680059,
            19.07419332671951,
            31.901479895173203,
            80.70878224603821,
            23.557521973045013,
            16.078312322609044,
            45.522829405254754,
            25.242620720575676,
            0.0,
            54.8390410742253,
            21.103161340808295,
            32.04689677904264,
            40.23879958659006,
            46.47172575565369,
            32.3401689274186,
            48.84977670580867
        ],
        [
            62.94109633972053,
            24.00081450371063,
            21.777581264457446,
            67.95266936573563,
            27.56223738786615,
            67.18581827024015,
            62.31749936323274,
            27.276883506231755,
            55.59968033160891,
            40.16038413284548,
            70.74693326356567,
            29.530314123020258,
            31.484510079941106,
            52.92487895622246,
            60.535060716001944,
            63.60328586240602,
            79.55600682350156,
            54.8390410742253,
            0.0,
            47.52497934818601,
            54.06136173631212,
            46.704052136802844,
            78.95461771691745,
            82.60211666819957,
            62.94109633972053
        ],
        [
            65.18685423428106,
            65.08792155313127,
            27.388116902894556,
            63.19012743527645,
            70.19404343597598,
            22.723034809444826,
            62.738550623689385,
            24.171100283441508,
            79.17191291577441,
            41.92432259805152,
            39.55014023985812,
            36.567267899275286,
            66.97702002965002,
            5.935442206459538,
            14.721230550738312,
            26.49726588713137,
            37.31612550663039,
            21.103161340808295,
            47.52497934818601,
            0.0,
            48.48576250270093,
            19.180882454149135,
            66.78169609262338,
            52.645154239309946,
            65.18685423428106
        ],
        [
            16.92471019643702,
            78.01113991237224,
            39.87729500173181,
            15.695404250581193,
            56.34597125314526,
            47.96288902359695,
            14.310467972364098,
            35.55498444203622,
            40.597897356076786,
            78.92256334613928,
            31.12237564511947,
            24.91999151483994,
            85.29903229209283,
            53.01000836217065,
            48.07815010297665,
            74.94046712079839,
            50.35294153157103,
            32.04689677904264,
            54.06136173631212,
            48.48576250270093,
            0.0,
            65.04621495045579,
            24.91531114004841,
            36.831574157863265,
            16.92471019643702
        ],
        [
            81.09839101507204,
            57.589224153434486,
            33.178757662131396,
            80.38559094247783,
            73.23877573228722,
            39.45856628733893,
            78.9155359004845,
            33.33152713853389,
            90.2063110991925,
            25.390106535574343,
            58.69641344214459,
            47.766278338702975,
            56.74569350458486,
            18.879505637481543,
            31.471409927170157,
            16.95040450294873,
            54.17161843698131,
            40.23879958659006,
            46.704052136802844,
            19.180882454149135,
            65.04621495045579,
            0.0,
            85.18785856103206,
            71.7253049589011,
            81.09839101507204
        ],
        [
            22.842469682506447,
            102.87342523210704,
            64.07184565728299,
            13.403636616565516,
            78.63654872983092,
            58.03418616553147,
            21.117344608381135,
            59.242068802988825,
            53.41453167107039,
            102.04424635428265,
            33.92743810511665,
            49.796052290662686,
            110.21385832620213,
            69.9684781950321,
            61.407300027230114,
            91.99449855926964,
            53.67636606734727,
            46.47172575565369,
            78.95461771691745,
            66.78169609262338,
            24.91531114004841,
            85.18785856103206,
            0.0,
            29.634794957837496,
            22.842469682506447
        ],
        [
            46.79591887858006,
            105.9180252873503,
            62.55293886180028,
            37.892586874859035,
            91.61750050977187,
            35.67761413184419,
            44.044713729491825,
            56.76633326713752,
            76.2553357954121,
            93.64990652550338,
            13.265976809669038,
            54.376950123122874,
            111.17369957781814,
            53.48771735891464,
            41.8757978116402,
            73.44277284343191,
            26.380146635432514,
            32.3401689274186,
            82.60211666819957,
            52.645154239309946,
            36.831574157863265,
            71.7253049589011,
            29.634794957837496,
            0.0,
            46.79591887858006
        ],
        [
            0.0,
            86.02187696500238,
            53.174070651700525,
            9.696859291974901,
            57.53676081805822,
            64.37523683001675,
            2.941932095876432,
            49.81929712165272,
            30.753036515501424,
            92.8803612098312,
            44.91983964907858,
            36.759312189846845,
            94.34050487446073,
            69.85266531209756,
            64.91714863018665,
            91.6796808611644,
            65.14095723459224,
            48.84977670580867,
            62.94109633972053,
            65.18685423428106,
            16.92471019643702,
            81.09839101507204,
            22.842469682506447,
            46.79591887858006,
            0.0
        ]
    ],
    "scores_ave": [
        0,
        11.977949192724346,
        15.490865351934895,
        18.976888801259975,
        15.816840251342388,
        19.19387527508777,
        11.018634196788735,
        14.87292542043738,
        19.908953383675364,
        19.719432016260406,
        14.237886523010935,
        17.99919374231672,
        10.447358189255535,
        15.511065016843116,
        10.275220895879077,
        10.668702707373136,
        17.89379414267709,
        13.029920380921858,
        16.454933294205947,
        18.204106053167393,
        18.670641038609094,
        15.79558439635359,
        18.924084668122305,
        14.336444179433801,
        0
    ],
    "scores_var": [
        0,
        21.99949792708795,
        257.35897960142034,
        246.0374782979871,
        368.7578703236627,
        19.771169391122818,
        398.5678952858961,
        17.12473659499065,
        253.56396634692413,
        22.027743523309532,
        232.69064531830458,
        248.8016897435094,
        391.88979629199184,
        19.139330509365912,
        334.0920494070598,
        23.173377694821184,
        248.18442693172162,
        327.13858730776917,
        239.10480564606502,
        23.45959729999726,
        22.678085166694782,
        21.442010174559456,
        396.9583907172273,
        273.6270984284384,
        0
    ],
    "vertex_number": 25,
    "minimum_distances": {
        "cost": 477.82786632853606,
        "path": [
            0,
            6,
            20,
            11,
            7,
            2,
            18,
            8,
            4,
            1,
            12,
            9,
            21,
            15,
            13,
            19,
            17,
            14,
            5,
            16,
            10,
            23,
            22,
            3,
            24
        ]
    }
}