{
    "vertices": [
        [
            94.30575627365357,
            88.2506498404457
        ],
        [
            4.215460414088068,
            5.475280529920301
        ],
        [
            44.17678182974987,
            56.98818492491149
        ],
        [
            76.18620852220647,
            82.43485872732455
        ],
        [
            53.150706825843585,
            43.89733529372635
        ],
        [
            14.433469469383397,
            12.996739481262354
        ],
        [
            74.68465681801952,
            97.16745238473334
        ],
        [
            62.3582872051934,
            27.409039605155648
        ],
        [
            69.97375028905543,
            40.19210444206415
        ],
        [
            82.43584340262188,
            78.72456911568852
        ],
        [
            49.98048934728819,
            64.86324168137533
        ],
        [
            7.423976701475132,
            73.54445125118691
        ],
        [
            93.38662341325946,
            66.60795556744927
        ],
        [
            21.54369193234784,
            88.89077556848486
        ],
        [
            17.003139928812296,
            55.783962242854514
        ],
        [
            54.8897258252655,
            45.17695645890918
        ],
        [
            25.54503928094467,
            44.33623869091492
        ],
        [
            42.77858462509462,
            75.19521045372663
        ],
        [
            5.771287585333451,
            48.41125473065737
        ],
        [
            51.31054579866762,
            44.07951114783468
        ],
        [
            16.052616236622875,
            72.08091670652027
        ],
        [
            1.1581821136902315,
            43.01765059182685
        ],
        [
            94.30575627365357,
            88.2506498404457
        ]
    ],
    "distances": [
        [
            0.0,
            122.34387264002197,
            59.078386838103135,
            19.030014108991896,
            60.50582291260827,
            109.73938774975736,
            21.552190409832995,
            68.7193008979513,
            53.86715419476715,
            15.219758392973063,
            50.11686491085104,
            88.11762535710618,
            21.662202579826666,
            72.76488004632463,
            83.8437850846281,
            58.38635557932074,
            81.58744822557841,
            53.155375228478576,
            97.08516647066617,
            61.64152510435007,
            79.90628382847936,
            103.5494799258375,
            0.0
        ],
        [
            122.34387264002197,
            0.0,
            65.19575544844413,
            105.36871100836628,
            62.2166588113838,
            12.687791526141215,
            115.64325324578357,
            62.14240174334224,
            74.36000638667964,
            107.1628974654664,
            74.97578144296581,
            68.14474726233394,
            108.11429261605012,
            85.19631693963771,
            51.90845984099913,
            64.37471744817921,
            44.329730473216614,
            79.67423157768128,
            42.96415341599488,
            60.89526819862079,
            67.64930914988395,
            37.66664971126608,
            122.34387264002197
        ],
        [
            59.078386838103135,
            65.19575544844413,
            0.0,
            40.891766956028796,
            15.871410583241037,
            53.10284269592248,
            50.44902347823779,
            34.720209900928246,
            30.782980708123297,
            44.00257026726818,
            9.782614163231505,
            40.30978342119317,
            50.14128534340879,
            39.115624091599216,
            27.200311881086414,
            15.945917563036552,
            22.52140257428249,
            18.260633450952138,
            39.351565657734774,
            14.748710012988237,
            31.918008129286704,
            45.230252609094094,
            59.078386838103135
        ],
        [
            19.030014108991896,
            105.36871100836628,
            40.891766956028796,
            0.0,
            44.89738356294571,
            92.92498687089719,
            14.808915334847056,
            56.73669163790883,
            42.69713019517275,
            7.268024844530955,
            31.551567997235463,
            69.33457917994284,
            23.374026954216244,
            55.022572472876554,
            64.90690172513503,
            42.914932793887694,
            63.372177418807645,
            34.18306366574372,
            78.20400705506147,
            45.71576625059171,
            61.01846471797677,
            84.75211527716672,
            19.030014108991896
        ],
        [
            60.50582291260827,
            62.2166588113838,
            15.871410583241037,
            44.89738356294571,
            0.0,
            49.53656518251688,
            57.45795312361143,
            18.885005458191607,
            17.226245296907397,
            45.50335635983553,
            21.204233292364012,
            54.496654323563185,
            46.202827368535814,
            54.98557136409444,
            38.05178698567378,
            2.1590779065921333,
            27.609156394057912,
            32.9717744211353,
            47.593957980516024,
            1.8491567396403712,
            46.58951155161008,
            51.999966068437324,
            60.50582291260827
        ],
        [
            109.73938774975736,
            12.687791526141215,
            53.10284269592248,
            92.92498687089719,
            49.53656518251688,
            0.0,
            103.51287112045046,
            50.04500524399796,
            61.8410112213508,
            94.57521054170668,
            62.87865037255875,
            60.952099138891185,
            95.43460068510383,
            76.22637323841057,
            42.86431660390927,
            51.694052298705316,
            33.25103298228513,
            68.35272741085765,
            36.45848715103241,
            48.22921783599777,
            59.10635866503323,
            32.825117795441976,
            109.73938774975736
        ],
        [
            21.552190409832995,
            115.64325324578357,
            50.44902347823779,
            14.808915334847056,
            57.45795312361143,
            103.51287112045046,
            0.0,
            70.83908201944709,
            57.169772725740785,
            20.005520156820037,
            40.667652004866106,
            71.28846521209196,
            35.828011391299206,
            53.78164675891596,
            70.99120119397107,
            55.631384663884035,
            72.15150138459975,
            38.739861360810586,
            84.41693709608188,
            58.00584945259739,
            63.77343063590668,
            91.31453069833647,
            21.552190409832995
        ],
        [
            68.7193008979513,
            62.14240174334224,
            34.720209900928246,
            56.73669163790883,
            18.885005458191607,
            50.04500524399796,
            70.83908201944709,
            0.0,
            14.879584154346249,
            55.1034647894964,
            39.44650976927441,
            71.73740083295246,
            49.993126132096805,
            73.79590127067164,
            53.49977214117473,
            19.273771774296005,
            40.51845618506624,
            51.64187135933343,
            60.35877372972286,
            19.998930262409928,
            64.34121360068475,
            63.1591766898862,
            68.7193008979513
        ],
        [
            53.86715419476715,
            74.36000638667964,
            30.782980708123297,
            42.69713019517275,
            17.226245296907397,
            61.8410112213508,
            57.169772725740785,
            14.879584154346249,
            0.0,
            40.497587565129244,
            31.75524359482261,
            70.88619903432232,
            35.29815602278093,
            68.68064590489364,
            55.217674630653946,
            15.88636344963998,
            44.62156665240162,
            44.32600214269222,
            64.726429290432,
            19.0637649153073,
            62.644912364358284,
            68.87355177673629,
            53.86715419476715
        ],
        [
            15.219758392973063,
            107.1628974654664,
            44.00257026726818,
            7.268024844530955,
            45.50335635983553,
            94.57521054170668,
            20.005520156820037,
            55.1034647894964,
            40.497587565129244,
            0.0,
            35.29144946156659,
            75.19051647036838,
            16.331929056873673,
            61.734964682258266,
            69.3376530291112,
            43.40772867306978,
            66.4764684908461,
            39.81399937600503,
            82.43998512656265,
            46.573213251081086,
            66.71484816970265,
            88.77523446923693,
            15.219758392973063
        ],
        [
            50.11686491085104,
            74.97578144296581,
            9.782614163231505,
            31.551567997235463,
            21.204233292364012,
            62.87865037255875,
            40.667652004866106,
            39.44650976927441,
            31.75524359482261,
            35.29144946156659,
            0.0,
            43.432938746626796,
            43.44118438874947,
            37.22866948891076,
            34.20436945466177,
            20.289170230864347,
            31.913148884357028,
            12.594324528945434,
            47.171192427749965,
            20.826245582309976,
            34.68710720976899,
            53.486891231998065,
            50.11686491085104
        ],
        [
            88.11762535710618,
            68.14474726233394,
            40.30978342119317,
            69.33457917994284,
            54.496654323563185,
            60.952099138891185,
            71.28846521209196,
            71.73740083295246,
            70.88619903432232,
            75.19051647036838,
            43.432938746626796,
            0.0,
            86.24205239942725,
            20.85368140767066,
            20.179081692462233,
            55.29658308315723,
            34.37284669583074,
            35.39312514285263,
            25.187476027862967,
            52.860322004475016,
            8.751877146701,
            31.163211328626268,
            88.11762535710618
        ],
        [
            21.662202579826666,
            108.11429261605012,
            50.14128534340879,
            23.374026954216244,
            46.202827368535814,
            95.43460068510383,
            35.828011391299206,
            49.993126132096805,
            35.29815602278093,
            16.331929056873673,
            43.44118438874947,
            86.24205239942725,
            0.0,
            75.21921876069648,
            77.14658372675801,
            44.060173021570634,
            71.40385080799528,
            51.33141860952502,
            89.48500988201296,
            47.72763471403984,
            77.527427208865,
            95.19762535584049,
            21.662202579826666
        ],
        [
            72.76488004632463,
            85.19631693963771,
            39.115624091599216,
            55.022572472876554,
            54.98557136409444,
            76.22637323841057,
            53.78164675891596,
            73.79590127067164,
            68.68064590489364,
            61.734964682258266,
            37.22866948891076,
            20.85368140767066,
            75.21921876069648,
            0.0,
            33.41672786307698,
            54.980505249882135,
            44.733852248368486,
            25.268343267516627,
            43.44376072747188,
            53.7969795441739,
            17.683983353739922,
            50.19873111634068,
            72.76488004632463
        ],
        [
            83.8437850846281,
            51.90845984099913,
            27.200311881086414,
            64.90690172513503,
            38.05178698567378,
            42.86431660390927,
            70.99120119397107,
            53.49977214117473,
            55.217674630653946,
            69.3376530291112,
            34.20436945466177,
            20.179081692462233,
            77.14658372675801,
            33.41672786307698,
            0.0,
            39.34338524567982,
            14.283361616356004,
            32.2671676227585,
            13.435450239054866,
            36.24903133815709,
            16.324650687846542,
            20.348007306224424,
            83.8437850846281
        ],
        [
            58.38635557932074,
            64.37471744817921,
            15.945917563036552,
            42.914932793887694,
            2.1590779065921333,
            51.694052298705316,
            55.631384663884035,
            19.273771774296005,
            15.88636344963998,
            43.40772867306978,
            20.289170230864347,
            55.29658308315723,
            44.060173021570634,
            54.980505249882135,
            39.34338524567982,
            0.0,
            29.356727248619954,
            32.36935764064296,
            49.224807368243226,
            3.743650073604186,
            47.245572895301784,
            53.77491414643579,
            58.38635557932074
        ],
        [
            81.58744822557841,
            44.329730473216614,
            22.52140257428249,
            63.372177418807645,
            27.609156394057912,
            33.25103298228513,
            72.15150138459975,
            40.51845618506624,
            44.62156665240162,
            66.4764684908461,
            31.913148884357028,
            34.37284669583074,
            71.40385080799528,
            44.733852248368486,
            14.283361616356004,
            29.356727248619954,
            0.0,
            35.34503109896613,
            20.189279626669347,
            25.766785502778568,
            29.323595506724384,
            24.42247892968947,
            81.58744822557841
        ],
        [
            53.155375228478576,
            79.67423157768128,
            18.260633450952138,
            34.18306366574372,
            32.9717744211353,
            68.35272741085765,
            38.739861360810586,
            51.64187135933343,
            44.32600214269222,
            39.81399937600503,
            12.594324528945434,
            35.39312514285263,
            51.33141860952502,
            25.268343267516627,
            32.2671676227585,
            32.36935764064296,
            35.34503109896613,
            0.0,
            45.682823012205034,
            32.264238790990284,
            26.906806050616254,
            52.60849041625753,
            53.155375228478576
        ],
        [
            97.08516647066617,
            42.96415341599488,
            39.351565657734774,
            78.20400705506147,
            47.593957980516024,
            36.45848715103241,
            84.41693709608188,
            60.35877372972286,
            64.726429290432,
            82.43998512656265,
            47.171192427749965,
            25.187476027862967,
            89.48500988201296,
            43.44376072747188,
            13.435450239054866,
            49.224807368243226,
            20.189279626669347,
            45.682823012205034,
            0.0,
            45.7448143628111,
            25.806174007152528,
            7.097302846780198,
            97.08516647066617
        ],
        [
            61.64152510435007,
            60.89526819862079,
            14.748710012988237,
            45.71576625059171,
            1.8491567396403712,
            48.22921783599777,
            58.00584945259739,
            19.998930262409928,
            19.0637649153073,
            46.573213251081086,
            20.826245582309976,
            52.860322004475016,
            47.72763471403984,
            53.7969795441739,
            36.24903133815709,
            3.743650073604186,
            25.766785502778568,
            32.264238790990284,
            45.7448143628111,
            0.0,
            45.024441254324266,
            50.16360364876754,
            61.64152510435007
        ],
        [
            79.90628382847936,
            67.64930914988395,
            31.918008129286704,
            61.01846471797677,
            46.58951155161008,
            59.10635866503323,
            63.77343063590668,
            64.34121360068475,
            62.644912364358284,
            66.71484816970265,
            34.68710720976899,
            8.751877146701,
            77.527427208865,
            17.683983353739922,
            16.324650687846542,
            47.245572895301784,
            29.323595506724384,
            26.906806050616254,
            25.806174007152528,
            45.024441254324266,
            0.0,
            32.657581127448296,
            79.90628382847936
        ],
        [
            103.5494799258375,
            37.66664971126608,
            45.230252609094094,
            84.75211527716672,
            51.999966068437324,
            32.825117795441976,
            91.31453069833647,
            63.1591766898862,
            68.87355177673629,
            88.77523446923693,
            53.486891231998065,
            31.163211328626268,
            95.19762535584049,
            50.19873111634068,
            20.348007306224424,
            53.77491414643579,
            24.42247892968947,
            52.60849041625753,
            7.097302846780198,
            50.16360364876754,
            32.657581127448296,
            0.0,
            103.5494799258375
        ],
        [
            0.0,
            122.34387264002197,
            59.078386838103135,
            19.030014108991896,
            60.50582291260827,
            109.73938774975736,
            21.552190409832995,
            68.7193008979513,
            53.86715419476715,
            15.219758392973063,
            50.11686491085104,
            88.11762535710618,
            21.662202579826666,
            72.76488004632463,
            83.8437850846281,
            58.38635557932074,
            81.58744822557841,
            53.155375228478576,
            97.08516647066617,
            61.64152510435007,
            79.90628382847936,
            103.5494799258375,
            0.0
        ]
    ],
    "scores_ave": [
        0,
        17.681395263486277,
        15.859924871359324,
        14.25871018219166,
        18.3490447320332,
        14.431017810269779,
        17.181040197085423,
        16.65160164006597,
        13.529339513672552,
        15.572532105600043,
        17.0359530811753,
        19.443604298122843,
        14.300247680382057,
        16.428458598904196,
        13.855654547287047,
        16.47327026925151,
        18.77307937355431,
        17.910736763413205,
        13.513751986737379,
        13.782499900234361,
        17.240582414675004,
        13.956838320839012,
        0
    ],
    "scores_var": [
        0,
        23.661718730821036,
        19.87101563747818,
        21.166919760918596,
        266.1988727097874,
        21.932764153579562,
        351.5157154586091,
        263.8884177305324,
        253.53162104301012,
        24.89208626538747,
        326.99794904587804,
        19.86949957101556,
        19.76077780358574,
        267.15346333521074,
        16.958790250562153,
        355.8494651738032,
        339.98254592163903,
        21.161687781768958,
        18.982872260515236,
        239.40122366610402,
        345.1275527129703,
        285.0042273726572,
        0
    ],
    "vertex_number": 23,
    "minimum_distances": {
        "cost": 433.8082005788985,
        "path": [
            0,
            12,
            8,
            7,
            5,
            1,
            21,
            18,
            16,
            19,
            4,
            15,
            10,
            2,
            14,
            20,
            11,
            13,
            17,
            6,
            3,
            9,
            22
        ]
    }
}