{
    "vertices": [
        [
            25.10189048540411,
            52.06182963828346
        ],
        [
            0.430080163551283,
            62.756708117101454
        ],
        [
            48.634116542550544,
            28.961217528157835
        ],
        [
            36.850012389793775,
            73.68623451767529
        ],
        [
            21.04204053162283,
            38.31967363304359
        ],
        [
            7.140478176553755,
            88.33420873636254
        ],
        [
            96.29062652788434,
            49.66817993986572
        ],
        [
            13.277231938532164,
            63.67087817041309
        ],
        [
            11.415544631342222,
            22.13937716977108
        ],
        [
            30.065282187333196,
            82.53901960370723
        ],
        [
            46.63632201226381,
            31.210014248233687
        ],
        [
            33.43662951929285,
            20.90154189802562
        ],
        [
            33.81643323048473,
            67.0207855019172
        ],
        [
            20.65794218832894,
            31.304825970487236
        ],
        [
            43.43851762560499,
            5.858076784996413
        ],
        [
            69.4646420706605,
            6.116745405441071
        ],
        [
            25.10189048540411,
            52.06182963828346
        ]
    ],
    "distances": [
        [
            0.0,
            26.89012179656626,
            32.97580845206262,
            24.609617117465792,
            14.329313776994628,
            40.47589180689272,
            71.22896670740535,
            16.570834546619935,
            32.90393934724807,
            30.87870407538674,
            29.975489091017778,
            32.25571897848026,
            17.31223890159732,
            21.227385089360002,
            49.70934190478066,
            63.86708458492646,
            0.0
        ],
        [
            26.89012179656626,
            0.0,
            58.87074237153173,
            38.02454484546708,
            31.96907200076326,
            26.443108353996678,
            96.74995565432958,
            12.879635694217683,
            42.07669191913807,
            35.631236952194946,
            55.94828576317394,
            53.30372632001885,
            33.65755378891392,
            37.39501694956097,
            71.32446943647173,
            89.29645073397248,
            26.89012179656626
        ],
        [
            32.97580845206262,
            58.87074237153173,
            0.0,
            46.25140273976179,
            29.13594617066496,
            72.43530982785725,
            51.96076631750251,
            49.546642982167775,
            37.8385993528447,
            56.704342731031154,
            3.008034187549652,
            17.202383064129027,
            40.84231204383371,
            28.0741666310643,
            23.680146965424246,
            30.915703135183975,
            32.97580845206262
        ],
        [
            24.609617117465792,
            38.02454484546708,
            46.25140273976179,
            0.0,
            38.73868354855499,
            33.124304851256966,
            64.10969938173172,
            25.612171734666052,
            57.4803501433394,
            11.153670593111954,
            43.58900256263007,
            52.89494264645276,
            7.323306158932902,
            45.369228865529884,
            68.14739454044796,
            75.02899391640815,
            24.609617117465792
        ],
        [
            14.329313776994628,
            31.96907200076326,
            29.13594617066496,
            38.73868354855499,
            0.0,
            51.91056884212498,
            76.09952884106934,
            26.513691255328414,
            18.827411318540538,
            45.13058218160489,
            26.56340529898788,
            21.377959428151957,
            31.415584211253083,
            7.0253554547932655,
            39.4380204389928,
            58.15304743726276,
            14.329313776994628
        ],
        [
            40.47589180689272,
            26.443108353996678,
            72.43530982785725,
            33.124304851256966,
            51.91056884212498,
            0.0,
            97.17412584611077,
            25.415342243228846,
            66.33273640761604,
            23.645947983024392,
            69.44850809205599,
            72.37853364341105,
            34.14481787929085,
            58.60949011863482,
            90.11026583860485,
            103.16982447242457,
            40.47589180689272
        ],
        [
            71.22896670740535,
            96.74995565432958,
            51.96076631750251,
            64.10969938173172,
            76.09952884106934,
            97.17412584611077,
            0.0,
            84.18609884644411,
            89.22787966156936,
            73.9343515101779,
            52.9740864728191,
            69.12412317119306,
            64.83932254390841,
            77.83004374540411,
            68.64889331852835,
            51.15037528802199,
            71.22896670740535
        ],
        [
            16.570834546619935,
            12.879635694217683,
            49.546642982167775,
            25.612171734666052,
            26.513691255328414,
            25.415342243228846,
            84.18609884644411,
            0.0,
            41.573205974474476,
            25.255601206525643,
            46.546069405714476,
            47.28231631381587,
            20.810590304962787,
            33.19693086415942,
            65.20753912184435,
            80.43322233806143,
            16.570834546619935
        ],
        [
            32.90393934724807,
            42.07669191913807,
            37.8385993528447,
            57.4803501433394,
            18.827411318540538,
            66.33273640761604,
            89.22787966156936,
            41.573205974474476,
            0.0,
            63.213365019232135,
            36.37003734292307,
            22.055847655492745,
            50.16114655695211,
            13.016426710888947,
            35.92424726574721,
            60.219784474662355,
            32.90393934724807
        ],
        [
            30.87870407538674,
            35.631236952194946,
            56.704342731031154,
            11.153670593111954,
            45.13058218160489,
            23.645947983024392,
            73.9343515101779,
            25.255601206525643,
            63.213365019232135,
            0.0,
            53.93761351470482,
            61.7296091090095,
            15.96517221286685,
            52.090696320006565,
            77.83836083611888,
            85.98065801592193,
            30.87870407538674
        ],
        [
            29.975489091017778,
            55.94828576317394,
            3.008034187549652,
            43.58900256263007,
            26.56340529898788,
            69.44850809205599,
            52.9740864728191,
            46.546069405714476,
            36.37003734292307,
            53.93761351470482,
            0.0,
            16.748029260303976,
            38.03631010180707,
            25.978552837664054,
            25.552821488736384,
            33.923507158094125,
            29.975489091017778
        ],
        [
            32.25571897848026,
            53.30372632001885,
            17.202383064129027,
            52.89494264645276,
            21.377959428151957,
            72.37853364341105,
            69.12412317119306,
            47.28231631381587,
            22.055847655492745,
            61.7296091090095,
            16.748029260303976,
            0.0,
            46.1208074674992,
            16.47796011024639,
            18.064982931021966,
            38.9436502619958,
            32.25571897848026
        ],
        [
            17.31223890159732,
            33.65755378891392,
            40.84231204383371,
            7.323306158932902,
            31.415584211253083,
            34.14481787929085,
            64.83932254390841,
            20.810590304962787,
            50.16114655695211,
            15.96517221286685,
            38.03631010180707,
            46.1208074674992,
            0.0,
            38.06278565419559,
            61.914953328721126,
            70.56980156969381,
            17.31223890159732
        ],
        [
            21.227385089360002,
            37.39501694956097,
            28.0741666310643,
            45.369228865529884,
            7.0253554547932655,
            58.60949011863482,
            77.83004374540411,
            33.19693086415942,
            13.016426710888947,
            52.090696320006565,
            25.978552837664054,
            16.47796011024639,
            38.06278565419559,
            0.0,
            34.153940641786896,
            54.92297657588525,
            21.227385089360002
        ],
        [
            49.70934190478066,
            71.32446943647173,
            23.680146965424246,
            68.14739454044796,
            39.4380204389928,
            90.11026583860485,
            68.64889331852835,
            65.20753912184435,
            35.92424726574721,
            77.83836083611888,
            25.552821488736384,
            18.064982931021966,
            61.914953328721126,
            34.153940641786896,
            0.0,
            26.0274098420246,
            49.70934190478066
        ],
        [
            63.86708458492646,
            89.29645073397248,
            30.915703135183975,
            75.02899391640815,
            58.15304743726276,
            103.16982447242457,
            51.15037528802199,
            80.43322233806143,
            60.219784474662355,
            85.98065801592193,
            33.923507158094125,
            38.9436502619958,
            70.56980156969381,
            54.92297657588525,
            26.0274098420246,
            0.0,
            63.86708458492646
        ],
        [
            0.0,
            26.89012179656626,
            32.97580845206262,
            24.609617117465792,
            14.329313776994628,
            40.47589180689272,
            71.22896670740535,
            16.570834546619935,
            32.90393934724807,
            30.87870407538674,
            29.975489091017778,
            32.25571897848026,
            17.31223890159732,
            21.227385089360002,
            49.70934190478066,
            63.86708458492646,
            0.0
        ]
    ],
    "scores_ave": [
        0,
        17.81337064274129,
        15.706215820526987,
        17.135292108550914,
        17.014630964161544,
        15.8862850013501,
        16.471622346335774,
        14.008320213002158,
        15.54814790731269,
        18.59989917881748,
        18.13760341103641,
        15.717776315096184,
        12.820405631523204,
        10.94080358354135,
        16.560743032411892,
        19.341712905995692,
        0
    ],
    "scores_var": [
        0,
        307.46228946101854,
        387.9168711581676,
        20.486886865098917,
        18.805856907209353,
        339.1778547214286,
        307.6605529783171,
        24.519728859892194,
        18.651979161192127,
        21.280714594838535,
        395.8390605146195,
        17.61800732434834,
        17.602796224906417,
        373.4988667357359,
        17.170456491731056,
        365.21873920913805,
        0
    ],
    "vertex_number": 17,
    "minimum_distances": {
        "cost": 339.89676501530596,
        "path": [
            0,
            4,
            13,
            8,
            11,
            10,
            2,
            14,
            15,
            6,
            12,
            3,
            9,
            5,
            1,
            7,
            16
        ]
    }
}