{
    "vertices": [
        [
            61.328045895114315,
            29.056427734349022
        ],
        [
            77.80460827420197,
            28.747776847328154
        ],
        [
            79.36500512796252,
            22.31422792484492
        ],
        [
            74.53939878885228,
            25.8422037795922
        ],
        [
            93.39753848089639,
            83.13084538058885
        ],
        [
            89.59018491113297,
            32.75076188466839
        ],
        [
            79.1935413943566,
            62.63977319043994
        ],
        [
            6.177915537817135,
            18.864284534030805
        ],
        [
            98.24836510806747,
            30.20005373251573
        ],
        [
            3.2375536166369567,
            92.10637257411729
        ],
        [
            70.27318847373061,
            33.624750715940365
        ],
        [
            92.81268217826974,
            19.70052643127529
        ],
        [
            41.70082775697185,
            31.081466518923072
        ],
        [
            61.00990333752922,
            28.567791689932363
        ],
        [
            9.070847259995729,
            81.5132364847324
        ],
        [
            28.818465106679625,
            56.87046317436811
        ],
        [
            81.95247862891027,
            76.97641924450947
        ],
        [
            61.328045895114315,
            29.056427734349022
        ]
    ],
    "distances": [
        [
            0.0,
            16.479453061373892,
            19.2558862854636,
            13.596730522968056,
            62.868871458691736,
            28.50257192912562,
            38.039676936806245,
            56.08401431283842,
            36.938027169978106,
            85.73097944998446,
            10.044160025403313,
            32.84532251440749,
            19.731408310641637,
            0.5830779286252791,
            74.04411923619956,
            42.784265922163485,
            52.16984581081991,
            0.0
        ],
        [
            16.479453061373892,
            0.0,
            6.620074778974252,
            4.370806314076395,
            56.574354751284375,
            12.446835175021143,
            33.92044444481477,
            72.30537001260342,
            20.49527510509368,
            97.84966679950928,
            8.972578131510382,
            17.524126865573898,
            36.179124852871084,
            16.79566933964773,
            86.65173762772767,
            56.484756427536055,
            48.40668110865135,
            16.479453061373892
        ],
        [
            19.2558862854636,
            6.620074778974252,
            0.0,
            5.977716133419243,
            62.414525160891024,
            14.610802260406723,
            40.32590979481424,
            73.26835737257788,
            20.463810319858723,
            103.27793727778543,
            14.511686872381794,
            13.699323105425597,
            38.67110975390982,
            19.39115317615697,
            91.9009860928612,
            61.22978117504212,
            54.72339699786296,
            19.2558862854636
        ],
        [
            13.596730522968056,
            4.370806314076395,
            5.977716133419243,
            0.0,
            60.31266773350433,
            16.56062613519944,
            37.090728732912865,
            68.71669192619166,
            24.106139054976765,
            97.3390630270904,
            8.875166886842901,
            19.277787385506382,
            33.25389633513038,
            13.801307062172189,
            85.93832161348821,
            55.25537673239709,
            51.66876952209777,
            13.596730522968056
        ],
        [
            62.868871458691736,
            56.574354751284375,
            62.414525160891024,
            60.31266773350433,
            0.0,
            50.52374446001709,
            24.932660763270434,
            108.33952865587548,
            53.15260316728241,
            90.60564529390682,
            54.64054330073087,
            63.43301521216195,
            73.35998731978049,
            63.45144394124798,
            84.34220480165952,
            69.71416205828818,
            12.99485883263075,
            62.868871458691736
        ],
        [
            28.50257192912562,
            12.446835175021143,
            14.610802260406723,
            16.56062613519944,
            50.52374446001709,
            0.0,
            31.64558726349485,
            84.56027989083512,
            9.026084222964405,
            104.7848531601805,
            19.33675794542103,
            13.442214625042343,
            47.91844191599829,
            28.884766477791093,
            94.13364257745333,
            65.38319293438741,
            44.8803222600236,
            28.50257192912562
        ],
        [
            38.039676936806245,
            33.92044444481477,
            40.32590979481424,
            37.090728732912865,
            24.932660763270434,
            31.64558726349485,
            0.0,
            85.13269070298178,
            37.62209065521778,
            81.47142172889356,
            30.35529979137475,
            45.04730744380265,
            49.006431168454235,
            38.62052066392466,
            72.61817850498684,
            50.7043711039869,
            14.59969707712712,
            38.039676936806245
        ],
        [
            56.08401431283842,
            72.30537001260342,
            73.26835737257788,
            68.71669192619166,
            108.33952865587548,
            84.56027989083512,
            85.13269070298178,
            0.0,
            92.76565823293299,
            73.30108586303007,
            65.77290760363675,
            86.63880245800021,
            37.565101200206385,
            55.68397379131996,
            62.71570963060615,
            44.238717201353744,
            95.49243222504532,
            56.08401431283842
        ],
        [
            36.938027169978106,
            20.49527510509368,
            20.463810319858723,
            24.106139054976765,
            53.15260316728241,
            9.026084222964405,
            37.62209065521778,
            92.76565823293299,
            0.0,
            113.39950005523912,
            28.1840213090791,
            11.823143510200149,
            56.554406273725455,
            37.27421782427497,
            102.88669697150132,
            74.3762176639735,
            49.53366821317816,
            36.938027169978106
        ],
        [
            85.73097944998446,
            97.84966679950928,
            103.27793727778543,
            97.3390630270904,
            90.60564529390682,
            104.7848531601805,
            81.47142172889356,
            73.30108586303007,
            113.39950005523912,
            0.0,
            88.9599709749075,
            115.17946957897465,
            72.13503044041663,
            85.8766304244012,
            12.093049530117634,
            43.54253488129428,
            80.1558164292768,
            85.73097944998446
        ],
        [
            10.044160025403313,
            8.972578131510382,
            14.511686872381794,
            8.875166886842901,
            54.64054330073087,
            19.33675794542103,
            30.35529979137475,
            65.77290760363675,
            28.1840213090791,
            88.9599709749075,
            0.0,
            26.493636941473618,
            28.685328853533775,
            10.55373327810086,
            77.71121951990091,
            47.527436677551066,
            44.89736053199348,
            10.044160025403313
        ],
        [
            32.84532251440749,
            17.524126865573898,
            13.699323105425597,
            19.277787385506382,
            63.43301521216195,
            13.442214625042343,
            45.04730744380265,
            86.63880245800021,
            11.823143510200149,
            115.17946957897465,
            26.493636941473618,
            0.0,
            52.36360816122756,
            33.01583158365755,
            104.08412962422375,
            74.00583771629991,
            58.29641428670043,
            32.84532251440749
        ],
        [
            19.731408310641637,
            36.179124852871084,
            38.67110975390982,
            33.25389633513038,
            73.35998731978049,
            47.91844191599829,
            49.006431168454235,
            37.565101200206385,
            56.554406273725455,
            72.13503044041663,
            28.685328853533775,
            52.36360816122756,
            0.0,
            19.472004542973444,
            60.06728767904665,
            28.827549600134233,
            61.04541001254911,
            19.731408310641637
        ],
        [
            0.5830779286252791,
            16.79566933964773,
            19.39115317615697,
            13.801307062172189,
            63.45144394124798,
            28.884766477791093,
            38.62052066392466,
            55.68397379131996,
            37.27421782427497,
            85.8766304244012,
            10.55373327810086,
            33.01583158365755,
            19.472004542973444,
            0.0,
            74.16795582152973,
            42.86408646555409,
            52.7445417228449,
            0.5830779286252791
        ],
        [
            74.04411923619956,
            86.65173762772767,
            91.9009860928612,
            85.93832161348821,
            84.34220480165952,
            94.13364257745333,
            72.61817850498684,
            62.71570963060615,
            102.88669697150132,
            12.093049530117634,
            77.71121951990091,
            104.08412962422375,
            60.06728767904665,
            74.16795582152973,
            0.0,
            31.57902289566083,
            73.0227012761479,
            74.04411923619956
        ],
        [
            42.784265922163485,
            56.484756427536055,
            61.22978117504212,
            55.25537673239709,
            69.71416205828818,
            65.38319293438741,
            50.7043711039869,
            44.238717201353744,
            74.3762176639735,
            43.54253488129428,
            47.527436677551066,
            74.00583771629991,
            28.827549600134233,
            42.86408646555409,
            31.57902289566083,
            0.0,
            56.81085162603218,
            42.784265922163485
        ],
        [
            52.16984581081991,
            48.40668110865135,
            54.72339699786296,
            51.66876952209777,
            12.99485883263075,
            44.8803222600236,
            14.59969707712712,
            95.49243222504532,
            49.53366821317816,
            80.1558164292768,
            44.89736053199348,
            58.29641428670043,
            61.04541001254911,
            52.7445417228449,
            73.0227012761479,
            56.81085162603218,
            0.0,
            52.16984581081991
        ],
        [
            0.0,
            16.479453061373892,
            19.2558862854636,
            13.596730522968056,
            62.868871458691736,
            28.50257192912562,
            38.039676936806245,
            56.08401431283842,
            36.938027169978106,
            85.73097944998446,
            10.044160025403313,
            32.84532251440749,
            19.731408310641637,
            0.5830779286252791,
            74.04411923619956,
            42.784265922163485,
            52.16984581081991,
            0.0
        ]
    ],
    "scores_ave": [
        0,
        12.45229735638788,
        14.72877891104337,
        13.556056669257908,
        18.43282307592461,
        12.430100814898932,
        19.421994774930617,
        12.569551689699832,
        11.741608496144371,
        15.19544721539059,
        13.406864336040714,
        19.090643101147784,
        11.971336347697378,
        18.990921843552776,
        17.992862515471227,
        17.58765952816257,
        12.423839008438176,
        0
    ],
    "scores_var": [
        0,
        20.40404660439541,
        20.908593071359224,
        326.0295037622584,
        16.372506159002622,
        24.358319287135327,
        260.12384779304494,
        312.7116185105587,
        16.122779264000197,
        289.2424835069499,
        390.50665506979794,
        295.5253835843907,
        23.25819570886322,
        17.378541875209166,
        16.742869381443402,
        16.97239877823131,
        265.185349908393,
        0
    ],
    "vertex_number": 18,
    "minimum_distances": {
        "cost": 359.1737080306096,
        "path": [
            0,
            10,
            1,
            3,
            2,
            11,
            8,
            5,
            6,
            4,
            16,
            9,
            14,
            15,
            7,
            12,
            13,
            17
        ]
    }
}