{
    "vertices": [
        [
            25.46726678758766,
            37.434896545007376
        ],
        [
            16.08131698216124,
            59.17029028403014
        ],
        [
            57.687789961395296,
            41.44704866945283
        ],
        [
            98.82505281229423,
            56.6156296310208
        ],
        [
            19.225983883784036,
            86.31814173132678
        ],
        [
            76.74021324048377,
            34.15360716278701
        ],
        [
            71.92171672069382,
            92.42848390029825
        ],
        [
            34.30122041556155,
            18.9865166181465
        ],
        [
            49.2738850257259,
            19.367883906651873
        ],
        [
            25.049083901978754,
            82.03104926184476
        ],
        [
            26.51774462678874,
            4.982005966019509
        ],
        [
            94.4831706347321,
            92.60880880077616
        ],
        [
            95.63093285222986,
            17.868455900913293
        ],
        [
            75.72461954442193,
            79.22825483667076
        ],
        [
            3.873926867373023,
            11.698048339106537
        ],
        [
            94.41625525903021,
            58.313791929123326
        ],
        [
            25.46726678758766,
            37.434896545007376
        ]
    ],
    "distances": [
        [
            0.0,
            23.675375281932368,
            32.46936214747015,
            75.82390976574293,
            49.28006972632172,
            51.37783469524016,
            71.98826688281554,
            20.454375048556148,
            29.88598363131041,
            44.59811334652284,
            32.469887751921966,
            88.35924160746039,
            72.84082395957283,
            65.3642586083574,
            33.59550095598392,
            72.04090007555413,
            0.0
        ],
        [
            23.675375281932368,
            0.0,
            45.224018918053034,
            82.78316320471735,
            27.329375553178085,
            65.61506023518248,
            64.9942896382158,
            44.1214295683333,
            51.826423055779486,
            24.556773903953772,
            55.18413883817615,
            85.2348823942047,
            89.63248801905415,
            62.925714000942094,
            49.01667194630816,
            78.33962052673493,
            23.675375281932368
        ],
        [
            32.46936214747015,
            45.224018918053034,
            0.0,
            43.84472879664774,
            59.09928526910563,
            20.40071375753084,
            52.9311950477784,
            32.42540878924856,
            23.628019656530537,
            52.080190450076714,
            47.971565176932096,
            63.019248953243114,
            44.67249857998671,
            41.865818526059776,
            61.48930705217873,
            40.41617487228612,
            32.46936214747015
        ],
        [
            75.82390976574293,
            82.78316320471735,
            43.84472879664774,
            0.0,
            84.96029072075106,
            31.500517333466842,
            44.792298710493895,
            74.69454527137383,
            61.98961840953605,
            78.03100117047524,
            88.85031181606878,
            36.254115457282126,
            38.87860432667838,
            32.32585398492385,
            105.03954220827514,
            4.724537126149363,
            75.82390976574293
        ],
        [
            49.28006972632172,
            27.329375553178085,
            59.09928526910563,
            84.96029072075106,
            0.0,
            77.6467980360262,
            53.04881281085264,
            68.99862677525465,
            73.38401314882115,
            7.231020375008549,
            81.66233376511916,
            75.51964413214438,
            102.58204383396306,
            56.94174503554065,
            76.18296392566258,
            80.23603004465846,
            49.28006972632172
        ],
        [
            51.37783469524016,
            65.61506023518248,
            20.40071375753084,
            31.500517333466842,
            77.6467980360262,
            0.0,
            58.47374767776866,
            45.06782386118863,
            31.193217176300035,
            70.45723748656827,
            58.079933454135684,
            61.08864981019044,
            24.941239726038393,
            45.086087582315606,
            76.24793644349963,
            29.93588130296031,
            51.37783469524016
        ],
        [
            71.98826688281554,
            64.9942896382158,
            52.9311950477784,
            44.792298710493895,
            53.04881281085264,
            58.47374767776866,
            0.0,
            82.51681222949126,
            76.49036247734216,
            48.011981363186806,
            98.53124978916287,
            22.56217453582446,
            78.23889508959695,
            13.737107308999047,
            105.58363949884203,
            40.86338792049489,
            71.98826688281554
        ],
        [
            20.454375048556148,
            44.1214295683333,
            32.42540878924856,
            74.69454527137383,
            68.99862677525465,
            45.06782386118863,
            82.51681222949126,
            0.0,
            14.977520707286969,
            63.719817375195824,
            16.022135124881167,
            95.09000493431061,
            61.33990289633533,
            73.10926766818334,
            31.288048237661087,
            71.83628607895051,
            20.454375048556148
        ],
        [
            29.88598363131041,
            51.826423055779486,
            23.628019656530537,
            61.98961840953605,
            73.38401314882115,
            31.193217176300035,
            76.49036247734216,
            14.977520707286969,
            0.0,
            67.18268587826292,
            26.922024626296455,
            86.07039319431189,
            46.38129113697859,
            65.44391006394703,
            46.04326854615532,
            59.62061172091012,
            29.88598363131041
        ],
        [
            44.59811334652284,
            24.556773903953772,
            52.080190450076714,
            78.03100117047524,
            7.231020375008549,
            70.45723748656827,
            48.011981363186806,
            63.719817375195824,
            67.18268587826292,
            0.0,
            77.06303937119631,
            70.23518631907349,
            95.3867694601107,
            50.7529858159923,
            73.451468972636,
            73.30970438806222,
            44.59811334652284
        ],
        [
            32.469887751921966,
            55.18413883817615,
            47.971565176932096,
            88.85031181606878,
            81.66233376511916,
            58.079933454135684,
            98.53124978916287,
            16.022135124881167,
            26.922024626296455,
            77.06303937119631,
            0.0,
            110.89524655043849,
            70.30429132428388,
            89.07200463963007,
            23.61879988227029,
            86.33937190002557,
            32.469887751921966
        ],
        [
            88.35924160746039,
            85.2348823942047,
            63.019248953243114,
            36.254115457282126,
            75.51964413214438,
            61.08864981019044,
            22.56217453582446,
            95.09000493431061,
            86.07039319431189,
            70.23518631907349,
            110.89524655043849,
            0.0,
            74.7491652776401,
            23.04175478113839,
            121.47669000503092,
            34.29508215319593,
            88.35924160746039
        ],
        [
            72.84082395957283,
            89.63248801905415,
            44.67249857998671,
            38.87860432667838,
            102.58204383396306,
            24.941239726038393,
            78.23889508959695,
            61.33990289633533,
            46.38129113697859,
            95.3867694601107,
            70.30429132428388,
            74.7491652776401,
            0.0,
            64.5080323288906,
            91.96424346877353,
            40.46357186520051,
            72.84082395957283
        ],
        [
            65.3642586083574,
            62.925714000942094,
            41.865818526059776,
            32.32585398492385,
            56.94174503554065,
            45.086087582315606,
            13.737107308999047,
            73.10926766818334,
            65.44391006394703,
            50.7529858159923,
            89.07200463963007,
            23.04175478113839,
            64.5080323288906,
            0.0,
            98.60451727875044,
            28.049812912010612,
            65.3642586083574
        ],
        [
            33.59550095598392,
            49.01667194630816,
            61.48930705217873,
            105.03954220827514,
            76.18296392566258,
            76.24793644349963,
            105.58363949884203,
            31.288048237661087,
            46.04326854615532,
            73.451468972636,
            23.61879988227029,
            121.47669000503092,
            91.96424346877353,
            98.60451727875044,
            0.0,
            101.83781606570754,
            33.59550095598392
        ],
        [
            72.04090007555413,
            78.33962052673493,
            40.41617487228612,
            4.724537126149363,
            80.23603004465846,
            29.93588130296031,
            40.86338792049489,
            71.83628607895051,
            59.62061172091012,
            73.30970438806222,
            86.33937190002557,
            34.29508215319593,
            40.46357186520051,
            28.049812912010612,
            101.83781606570754,
            0.0,
            72.04090007555413
        ],
        [
            0.0,
            23.675375281932368,
            32.46936214747015,
            75.82390976574293,
            49.28006972632172,
            51.37783469524016,
            71.98826688281554,
            20.454375048556148,
            29.88598363131041,
            44.59811334652284,
            32.469887751921966,
            88.35924160746039,
            72.84082395957283,
            65.3642586083574,
            33.59550095598392,
            72.04090007555413,
            0.0
        ]
    ],
    "scores_ave": [
        0,
        10.492489733574937,
        13.29875269390214,
        12.908585538603056,
        12.116774794569952,
        19.708686788289537,
        18.555076887579936,
        17.553645970544313,
        14.335767674983064,
        19.03899866484656,
        19.911122380873806,
        14.637875305011487,
        19.240786098535803,
        13.034039196026669,
        19.867626455653976,
        15.013425156167603,
        0
    ],
    "scores_var": [
        0,
        20.56546664956295,
        310.1145971643744,
        269.43438370258866,
        24.718547958910982,
        16.229532035718393,
        17.204649179214453,
        284.14022587958493,
        21.163277962821052,
        350.6123821862426,
        248.01376974447788,
        17.64058027370135,
        382.2273631252116,
        280.78157652448266,
        21.864029365552817,
        21.906700308535548,
        0
    ],
    "vertex_number": 17,
    "minimum_distances": {
        "cost": 392.17805920435063,
        "path": [
            0,
            7,
            14,
            10,
            8,
            2,
            5,
            12,
            3,
            15,
            11,
            13,
            6,
            9,
            4,
            1,
            16
        ]
    }
}