{
    "vertices": [
        [
            53.916642580624405,
            16.080449096424232
        ],
        [
            84.31156566809523,
            96.5795443912306
        ],
        [
            32.25358281092014,
            89.01137062010804
        ],
        [
            71.67356489781184,
            70.84020701623842
        ],
        [
            23.647443741246967,
            53.69876166647045
        ],
        [
            47.22641535817077,
            35.68872000988043
        ],
        [
            86.92747528642528,
            29.299698658804076
        ],
        [
            97.37500816919781,
            19.897879030405086
        ],
        [
            72.16462897329762,
            53.55175289068096
        ],
        [
            44.38969624469815,
            10.669076591666116
        ],
        [
            28.50339373732621,
            44.77569911600534
        ],
        [
            37.645166740189026,
            71.36814281815478
        ],
        [
            0.24089148644675928,
            73.3151240612004
        ],
        [
            66.72162773720625,
            29.660159965077916
        ],
        [
            14.776151898030253,
            88.39856175917403
        ],
        [
            14.748947159246573,
            68.63366287689885
        ],
        [
            8.111062602188268,
            59.70892005882007
        ],
        [
            31.456983792591174,
            14.410759512919435
        ],
        [
            6.3860798055331625,
            51.3531195460928
        ],
        [
            60.305651303058326,
            87.64014912303968
        ],
        [
            53.916642580624405,
            16.080449096424232
        ]
    ],
    "distances": [
        [
            0.0,
            86.04624159587438,
            76.08026993169454,
            57.56682532166666,
            48.284177936415844,
            20.718190763277377,
            35.55929744698076,
            43.62570699634511,
            41.6783830711877,
            10.956534984787426,
            38.330804719672486,
            57.63236940377999,
            78.4658796793083,
            18.664838390313278,
            82.23069639724822,
            65.5434866579288,
            63.2581586491223,
            22.521637067054932,
            59.18881379422814,
            71.8443463353556,
            0.0
        ],
        [
            86.04624159587438,
            0.0,
            52.6052357982344,
            28.67459767761969,
            74.28928062812024,
            71.29516720893584,
            67.33068115584739,
            77.78644697175235,
            44.7094946569763,
            94.73312058514051,
            76.14584978548571,
            53.04118737525938,
            87.23022131491595,
            69.19255688574987,
            70.01501442547986,
            74.96619363033368,
            84.65199115294949,
            97.70013323231723,
            90.09889483888945,
            25.616336823645163,
            86.04624159587438
        ],
        [
            76.08026993169454,
            52.6052357982344,
            0.0,
            43.40652225702329,
            36.34619623563214,
            55.38493281198791,
            80.9612147070279,
            94.9603852162241,
            53.387977066868956,
            79.27673229211945,
            44.39435269836228,
            18.448649396038913,
            35.653675292654384,
            68.63390071428432,
            17.488171031153552,
            26.863790539785875,
            37.96702373014973,
            74.60486410122327,
            45.68666748283655,
            28.085562039625167,
            76.08026993169454
        ],
        [
            57.56682532166666,
            28.67459767761969,
            43.40652225702329,
            0.0,
            50.993504115957066,
            42.81693776266266,
            44.25263400903862,
            57.05860992741139,
            17.29542685156217,
            66.06795308809902,
            50.4283873439052,
            34.03249325842368,
            71.47553459103463,
            41.47671583887012,
            59.54503696653891,
            56.967367340615574,
            64.52981673156638,
            69.2939819993239,
            68.13370889466988,
            20.284662045241365,
            57.56682532166666
        ],
        [
            48.284177936415844,
            74.28928062812024,
            36.34619623563214,
            50.993504115957066,
            0.0,
            29.670347200257133,
            67.82091615431655,
            81.10643268850326,
            48.51740795241717,
            47.76813620556873,
            10.158803849072731,
            22.542033613642953,
            30.539619546714523,
            49.32787952746344,
            35.81586164593998,
            17.384893315322024,
            16.658365550054103,
            40.056660233112034,
            17.420009238747575,
            49.958402337562774,
            48.284177936415844
        ],
        [
            20.718190763277377,
            71.29516720893584,
            55.38493281198791,
            42.81693776266266,
            29.670347200257133,
            0.0,
            40.21186085287978,
            52.575964278035556,
            30.675763104024966,
            25.179943052027255,
            20.811648850818226,
            36.943491131878496,
            60.19456566280327,
            20.40604915012917,
            61.897875697539945,
            46.261811476889235,
            45.901860873128314,
            26.484459118730946,
            43.74135824231028,
            53.572543338931084,
            20.718190763277377
        ],
        [
            35.55929744698076,
            67.33068115584739,
            80.9612147070279,
            44.25263400903862,
            67.82091615431655,
            40.21186085287978,
            0.0,
            14.055075797076368,
            28.39196657033331,
            46.43880623370208,
            60.43905934912515,
            64.79583265638955,
            97.22099302241577,
            20.209062510062196,
            93.265690832444,
            82.20036899987912,
            84.47927352059288,
            57.43392669370063,
            83.50610611710603,
            64.12744866725403,
            35.55929744698076
        ],
        [
            43.62570699634511,
            77.78644697175235,
            94.9603852162241,
            57.05860992741139,
            81.10643268850326,
            52.575964278035556,
            14.055075797076368,
            0.0,
            42.049333466827235,
            53.78302775216175,
            73.22707973600942,
            78.84695308960944,
            110.85323040136595,
            32.1703568670893,
            107.30757005734712,
            95.92832003716289,
            97.73930103063039,
            66.14600833243136,
            96.27261937159423,
            77.22145023096016,
            43.62570699634511
        ],
        [
            41.6783830711877,
            44.7094946569763,
            53.387977066868956,
            17.29542685156217,
            48.51740795241717,
            30.675763104024966,
            28.39196657033331,
            42.049333466827235,
            0.0,
            51.09178813316594,
            44.53451001399735,
            38.84606830698316,
            74.58964307530339,
            24.503764506271636,
            67.13968565115401,
            59.363494902210164,
            64.34881562542174,
            56.472380317782466,
            65.81528332537924,
            36.092299858522765,
            41.6783830711877
        ],
        [
            10.956534984787426,
            94.73312058514051,
            79.27673229211945,
            66.06795308809902,
            47.76813620556873,
            25.179943052027255,
            46.43880623370208,
            53.78302775216175,
            51.09178813316594,
            0.0,
            37.624942622859855,
            61.072623318511965,
            76.6397039734454,
            29.31512258002605,
            83.17953398028808,
            65.10351196029974,
            61.000373000912155,
            13.463106716210847,
            55.672849878309684,
            78.59938696993578,
            10.956534984787426
        ],
        [
            38.330804719672486,
            76.14584978548571,
            44.39435269836228,
            50.4283873439052,
            10.158803849072731,
            20.811648850818226,
            60.43905934912515,
            73.22707973600942,
            44.53451001399735,
            37.624942622859855,
            0.0,
            28.119923109565196,
            40.165505221313815,
            41.098819130150275,
            45.73173202164204,
            27.53883141103403,
            25.27544770824123,
            30.50824890605187,
            23.07461884997494,
            53.37363263525082,
            38.330804719672486
        ],
        [
            57.63236940377999,
            53.04118737525938,
            18.448649396038913,
            34.03249325842368,
            22.542033613642953,
            36.943491131878496,
            64.79583265638955,
            78.84695308960944,
            38.84606830698316,
            61.072623318511965,
            28.119923109565196,
            0.0,
            37.45491347231345,
            50.842860047243775,
            28.513628481087874,
            23.058929976212333,
            31.75217760384415,
            57.292557293006595,
            37.11780802484915,
            27.897593978876596,
            57.63236940377999
        ],
        [
            78.4658796793083,
            87.23022131491595,
            35.653675292654384,
            71.47553459103463,
            30.539619546714523,
            60.19456566280327,
            97.22099302241577,
            110.85323040136595,
            74.58964307530339,
            76.6397039734454,
            40.165505221313815,
            37.45491347231345,
            0.0,
            79.53266110647115,
            20.947168973901903,
            15.244663270311378,
            15.718408976274992,
            66.66459766399635,
            22.805547171656336,
            61.74934586576249,
            78.4658796793083
        ],
        [
            18.664838390313278,
            69.19255688574987,
            68.63390071428432,
            41.47671583887012,
            49.32787952746344,
            20.40604915012917,
            20.209062510062196,
            32.1703568670893,
            24.503764506271636,
            29.31512258002605,
            41.098819130150275,
            50.842860047243775,
            79.53266110647115,
            0.0,
            78.4125774699639,
            64.96224638723896,
            65.8644542117936,
            38.42055864626083,
            64.11679062148046,
            58.33390006129288,
            18.664838390313278
        ],
        [
            82.23069639724822,
            70.01501442547986,
            17.488171031153552,
            59.54503696653891,
            35.81586164593998,
            61.897875697539945,
            93.265690832444,
            107.30757005734712,
            67.13968565115401,
            83.17953398028808,
            45.73173202164204,
            28.513628481087874,
            20.947168973901903,
            78.4125774699639,
            0.0,
            19.764917604795997,
            29.45367474893814,
            75.84487480328171,
            37.98365567556708,
            45.53581563779329,
            82.23069639724822
        ],
        [
            65.5434866579288,
            74.96619363033368,
            26.863790539785875,
            56.967367340615574,
            17.384893315322024,
            46.261811476889235,
            82.20036899987912,
            95.92832003716289,
            59.363494902210164,
            65.10351196029974,
            27.53883141103403,
            23.058929976212333,
            15.244663270311378,
            64.96224638723896,
            19.764917604795997,
            0.0,
            11.122614160424785,
            56.73871462555911,
            19.197779251352777,
            49.36253449602781,
            65.5434866579288
        ],
        [
            63.2581586491223,
            84.65199115294949,
            37.96702373014973,
            64.52981673156638,
            16.658365550054103,
            45.901860873128314,
            84.47927352059288,
            97.73930103063039,
            64.34881562542174,
            61.000373000912155,
            25.27544770824123,
            31.75217760384415,
            15.718408976274992,
            65.8644542117936,
            29.45367474893814,
            11.122614160424785,
            0.0,
            50.960331485094294,
            8.53199670987099,
            59.19821489446196,
            63.2581586491223
        ],
        [
            22.521637067054932,
            97.70013323231723,
            74.60486410122327,
            69.2939819993239,
            40.056660233112034,
            26.484459118730946,
            57.43392669370063,
            66.14600833243136,
            56.472380317782466,
            13.463106716210847,
            30.50824890605187,
            57.292557293006595,
            66.66459766399635,
            38.42055864626083,
            75.84487480328171,
            56.73871462555911,
            50.960331485094294,
            0.0,
            44.646256187376856,
            78.70698266227889,
            22.521637067054932
        ],
        [
            59.18881379422814,
            90.09889483888945,
            45.68666748283655,
            68.13370889466988,
            17.420009238747575,
            43.74135824231028,
            83.50610611710603,
            96.27261937159423,
            65.81528332537924,
            55.672849878309684,
            23.07461884997494,
            37.11780802484915,
            22.805547171656336,
            64.11679062148046,
            37.98365567556708,
            19.197779251352777,
            8.53199670987099,
            44.646256187376856,
            0.0,
            64.99283580514813,
            59.18881379422814
        ],
        [
            71.8443463353556,
            25.616336823645163,
            28.085562039625167,
            20.284662045241365,
            49.958402337562774,
            53.572543338931084,
            64.12744866725403,
            77.22145023096016,
            36.092299858522765,
            78.59938696993578,
            53.37363263525082,
            27.897593978876596,
            61.74934586576249,
            58.33390006129288,
            45.53581563779329,
            49.36253449602781,
            59.19821489446196,
            78.70698266227889,
            64.99283580514813,
            0.0,
            71.8443463353556
        ],
        [
            0.0,
            86.04624159587438,
            76.08026993169454,
            57.56682532166666,
            48.284177936415844,
            20.718190763277377,
            35.55929744698076,
            43.62570699634511,
            41.6783830711877,
            10.956534984787426,
            38.330804719672486,
            57.63236940377999,
            78.4658796793083,
            18.664838390313278,
            82.23069639724822,
            65.5434866579288,
            63.2581586491223,
            22.521637067054932,
            59.18881379422814,
            71.8443463353556,
            0.0
        ]
    ],
    "scores_ave": [
        0,
        15.059849184906057,
        13.878213333215704,
        13.718515660838897,
        19.125278571547558,
        15.45057250064977,
        12.989126264281433,
        15.467148827720955,
        15.40639236944859,
        13.273545913041827,
        16.74597077696718,
        11.694827781954523,
        16.631484717026495,
        17.873358744134315,
        13.236542918617854,
        14.014512267048367,
        12.014375126309941,
        15.791259751593058,
        14.838257007866897,
        16.707804537959603,
        0
    ],
    "scores_var": [
        0,
        374.8821157166258,
        329.62714713152815,
        17.39789019407724,
        370.5725300228287,
        19.26930410286853,
        16.83263477018528,
        312.9293184494385,
        18.789176303134184,
        365.1562505185059,
        263.4028385517388,
        16.55795459459625,
        19.871959998697037,
        296.17747479755246,
        392.93578918902676,
        313.83863437296145,
        269.7146858784025,
        308.08888343574523,
        358.19146682792075,
        289.5625887994222,
        0
    ],
    "vertex_number": 21,
    "minimum_distances": {
        "cost": 383.84401925658517,
        "path": [
            0,
            9,
            17,
            5,
            10,
            4,
            18,
            16,
            15,
            12,
            14,
            2,
            11,
            19,
            1,
            3,
            8,
            6,
            7,
            13,
            20
        ]
    }
}