{
    "vertices": [
        [
            97.23788492565596,
            16.14780536077585
        ],
        [
            14.86223835291236,
            88.19887507758507
        ],
        [
            13.280822204601838,
            71.9300024978488
        ],
        [
            38.93492113840467,
            14.126947206257634
        ],
        [
            44.936390970902906,
            36.248349283514855
        ],
        [
            13.788988384525647,
            59.92158787591192
        ],
        [
            93.79029432024846,
            34.24691220150502
        ],
        [
            62.005134760833144,
            95.10453742287982
        ],
        [
            54.43690193908866,
            65.5704161337796
        ],
        [
            93.00452447667217,
            5.68627483449432
        ],
        [
            22.60791490010059,
            76.0353019018076
        ],
        [
            11.532403475549547,
            1.723846427510023
        ],
        [
            95.23494465219781,
            54.72806089260527
        ],
        [
            4.892689399810801,
            54.59280110455946
        ],
        [
            80.40910566064031,
            24.462980018353676
        ],
        [
            10.718512604504927,
            2.751334624702295
        ],
        [
            57.93496616526894,
            91.75934366370612
        ],
        [
            10.608702459224151,
            60.61065375738073
        ],
        [
            72.03823362571282,
            32.77036645340329
        ],
        [
            59.98146920005698,
            1.8272098097000256
        ],
        [
            87.18110989521838,
            4.115270172115304
        ],
        [
            45.08930943419269,
            22.16063889056379
        ],
        [
            33.15136757971134,
            37.114462877975996
        ],
        [
            84.32553036426506,
            19.55249553357773
        ],
        [
            97.23788492565596,
            16.14780536077585
        ]
    ],
    "distances": [
        [
            0.0,
            109.43995520656095,
            100.7990173473248,
            58.33797608812135,
            56.031046178784045,
            94.23302165172622,
            18.424536613294336,
            86.46104453511823,
            65.37980269346374,
            11.285608607573652,
            95.68774565202894,
            86.91075964403414,
            38.632213069410035,
            100.02826017904196,
            18.77098668521837,
            87.55036958818867,
            85.21633732812666,
            97.37330302676297,
            30.18827525574884,
            39.91390697058047,
            15.681856620923014,
            52.49407674057889,
            67.42909188900312,
            13.353681720478665,
            0.0
        ],
        [
            109.43995520656095,
            0.0,
            16.345552668840288,
            77.88545791780435,
            60.02759187215945,
            28.297647198672724,
            95.60571278414727,
            47.645995153372255,
            45.58729156388344,
            113.64218441900722,
            14.42040282295037,
            86.53911474207372,
            87.06358205401754,
            35.05367476041218,
            91.42568639533559,
            85.54795516273346,
            43.219634632307,
            27.914199311667016,
            79.63299569736338,
            97.44644453947772,
            110.90568874071204,
            72.62729834466914,
            54.259648152693735,
            97.65999365940164,
            109.43995520656095
        ],
        [
            100.7990173473248,
            16.345552668840288,
            0.0,
            63.24022448685717,
            47.699637420278194,
            12.019161975727176,
            88.89201535921256,
            53.954774608636825,
            41.64453430924029,
            103.65375130067599,
            10.190590824214786,
            70.22792406318777,
            83.7399843631808,
            19.259785152028186,
            82.21511213167044,
            69.2261043190346,
            48.85893310267781,
            11.630472038656618,
            70.61097996801304,
            84.23391224721595,
            100.30000219923615,
            59.0658057907381,
            40.08691023921922,
            88.2652468035069,
            100.7990173473248
        ],
        [
            58.33797608812135,
            77.88545791780435,
            63.24022448685717,
            0.0,
            22.921039898182336,
            52.244301585200276,
            58.428802472148334,
            84.19979141230499,
            53.728408724265165,
            54.72446395575782,
            64.02511627334732,
            30.078811199760814,
            69.41284521056161,
            52.880609616974326,
            42.74273688098571,
            30.423186423475933,
            79.92365538906068,
            54.434452687536776,
            37.99218839257898,
            24.37705325374087,
            49.27401350198775,
            10.12011350597524,
            23.703910405748914,
            45.7137176408444,
            58.33797608812135
        ],
        [
            56.031046178784045,
            60.02759187215945,
            47.699637420278194,
            22.921039898182336,
            0.0,
            39.12266495690725,
            48.894883401644805,
            61.28126056848543,
            30.82277263693214,
            56.961266254850166,
            45.6241431951841,
            48.0392306146134,
            53.58585861573235,
            44.04562348439753,
            37.37925114519708,
            47.88437313936886,
            57.01257277268948,
            42.09408601967962,
            27.324096322708,
            37.56553236142381,
            53.07684099655781,
            14.08854031374707,
            11.816807059838235,
            42.7814893918971,
            56.031046178784045
        ],
        [
            94.23302165172622,
            28.297647198672724,
            12.019161975727176,
            52.244301585200276,
            39.12266495690725,
            0.0,
            84.02022329419924,
            59.687827152661534,
            41.03854452860277,
            96.00297047001582,
            18.369138373790374,
            58.24147392663114,
            81.61137491111089,
            10.37015448679427,
            75.46888694739947,
            57.25264778438756,
            54.428944944956484,
            3.254079033409481,
            64.26634730480687,
            74.22063087035298,
            92.1995043126446,
            49.046909852571694,
            29.917664995277182,
            81.27156557495029,
            94.23302165172622
        ],
        [
            18.424536613294336,
            95.60571278414727,
            88.89201535921256,
            58.428802472148334,
            48.894883401644805,
            84.02022329419924,
            0.0,
            68.6581889930313,
            50.297628080265845,
            28.571444504206674,
            82.54211442444544,
            88.45400168199292,
            20.53203512291363,
            91.19615866825562,
            16.576535793359557,
            88.84195137616318,
            67.77377317071587,
            87.25952150544394,
            21.802117599100317,
            46.84094105780645,
            30.847968655186115,
            50.178321329221475,
            60.70669059606492,
            17.47877678652433,
            18.424536613294336
        ],
        [
            86.46104453511823,
            47.645995153372255,
            53.954774608636825,
            84.19979141230499,
            61.28126056848543,
            59.687827152661534,
            68.6581889930313,
            0.0,
            30.48839891439714,
            94.63925109107703,
            43.76958619992908,
            106.14824564809906,
            52.292256811272246,
            70.0216551835279,
            72.99956011797545,
            105.6382112650876,
            5.268452683922646,
            61.89847545507774,
            63.13645494707776,
            93.29927689408073,
            94.4080318553365,
            74.87961992140603,
            64.77181969240854,
            78.78014403094576,
            86.46104453511823
        ],
        [
            65.37980269346374,
            45.58729156388344,
            41.64453430924029,
            53.728408724265165,
            30.82277263693214,
            41.03854452860277,
            50.297628080265845,
            30.48839891439714,
            0.0,
            71.22901015284633,
            33.50519735900605,
            76.92321139724582,
            42.21417956559738,
            50.745807983191064,
            48.62485650505927,
            76.53453186408305,
            26.421513554265303,
            44.10793933610068,
            37.22432183637083,
            63.9838931183902,
            69.63417350585654,
            44.40479980748933,
            35.536111895657804,
            54.87238946414442,
            65.37980269346374
        ],
        [
            11.285608607573652,
            113.64218441900722,
            103.65375130067599,
            54.72446395575782,
            56.961266254850166,
            96.00297047001582,
            28.571444504206674,
            94.63925109107703,
            71.22901015284633,
            0.0,
            99.52219978072142,
            81.5684212137396,
            49.09247960664563,
            100.77471802201477,
            22.609936592410435,
            82.33833629520034,
            92.94324664995915,
            99.02403186093657,
            34.251034595592536,
            33.24777530404062,
            6.031601200071605,
            50.668259330856884,
            67.6027469429213,
            16.358392808552022,
            11.285608607573652
        ],
        [
            95.68774565202894,
            14.42040282295037,
            10.190590824214786,
            64.02511627334732,
            45.6241431951841,
            18.369138373790374,
            82.54211442444544,
            43.76958619992908,
            33.50519735900605,
            99.52219978072142,
            0.0,
            75.13227913502872,
            75.68807019627499,
            27.81384646118017,
            77.46406933402662,
            74.24215612991286,
            38.668411402872,
            19.542284144404796,
            65.69026601156523,
            83.0880466310438,
            96.6549971593681,
            58.3771566177438,
            40.32364200721711,
            83.66224640668827,
            95.68774565202894
        ],
        [
            86.91075964403414,
            86.53911474207372,
            70.22792406318777,
            30.078811199760814,
            48.0392306146134,
            58.24147392663114,
            88.45400168199292,
            106.14824564809906,
            76.92321139724582,
            81.5684212137396,
            75.13227913502872,
            0.0,
            99.07351891646077,
            53.284258197440174,
            72.53322204587303,
            1.3107823409472668,
            101.28962724160067,
            58.894051491410195,
            68.0061900703061,
            48.44917598439027,
            75.6864960907526,
            39.290309539314535,
            41.47137978993499,
            74.94464658121971,
            86.91075964403414
        ],
        [
            38.632213069410035,
            87.06358205401754,
            83.7399843631808,
            69.41284521056161,
            53.58585861573235,
            81.61137491111089,
            20.53203512291363,
            52.292256811272246,
            42.21417956559738,
            49.09247960664563,
            75.68807019627499,
            99.07351891646077,
            0.0,
            90.3423565073311,
            33.701344515146225,
            99.21999475710933,
            52.56048229229434,
            84.83045306089402,
            31.94100417224875,
            63.571279495936004,
            51.249574035389266,
            59.79315769614689,
            64.53378477306535,
            36.82846342753075,
            38.632213069410035
        ],
        [
            100.02826017904196,
            35.05367476041218,
            19.259785152028186,
            52.880609616974326,
            44.04562348439753,
            10.37015448679427,
            91.19615866825562,
            70.0216551835279,
            50.745807983191064,
            100.77471802201477,
            27.81384646118017,
            53.284258197440174,
            90.3423565073311,
            0.0,
            81.3051981337334,
            52.16778568038428,
            64.7675459645054,
            8.299840712113213,
            70.60271073759523,
            76.28224750606236,
            96.53685967890642,
            51.6489439201171,
            33.22717561933358,
            86.81819646935806,
            100.02826017904196
        ],
        [
            18.77098668521837,
            91.42568639533559,
            82.21511213167044,
            42.74273688098571,
            37.37925114519708,
            75.46888694739947,
            16.576535793359557,
            72.99956011797545,
            48.62485650505927,
            22.609936592410435,
            77.46406933402662,
            72.53322204587303,
            33.701344515146225,
            81.3051981337334,
            0.0,
            72.99434434403483,
            70.94989433357125,
            78.60502912551723,
            11.793395100918879,
            30.490431684460052,
            21.44503059778301,
            35.394756393376916,
            48.92191561123707,
            6.28102223641881,
            18.77098668521837
        ],
        [
            87.55036958818867,
            85.54795516273346,
            69.2261043190346,
            30.423186423475933,
            47.88437313936886,
            57.25264778438756,
            88.84195137616318,
            105.6382112650876,
            76.53453186408305,
            82.33833629520034,
            74.24215612991286,
            1.3107823409472668,
            99.21999475710933,
            52.16778568038428,
            72.99434434403483,
            0.0,
            100.7562363327609,
            57.85942333591941,
            68.27335100938967,
            49.27162367132778,
            76.47476122629817,
            39.4724304647239,
            41.03727044638301,
            75.50014616788215,
            87.55036958818867
        ],
        [
            85.21633732812666,
            43.219634632307,
            48.85893310267781,
            79.92365538906068,
            57.01257277268948,
            54.428944944956484,
            67.77377317071587,
            5.268452683922646,
            26.421513554265303,
            92.94324664995915,
            38.668411402872,
            101.28962724160067,
            52.56048229229434,
            64.7675459645054,
            70.94989433357125,
            100.7562363327609,
            0.0,
            56.657004150012284,
            60.65147636602461,
            89.95541603598011,
            92.39491620902221,
            70.77422272940672,
            60.00241457588778,
            76.87841566804536,
            85.21633732812666
        ],
        [
            97.37330302676297,
            27.914199311667016,
            11.630472038656618,
            54.434452687536776,
            42.09408601967962,
            3.254079033409481,
            87.25952150544394,
            61.89847545507774,
            44.10793933610068,
            99.02403186093657,
            19.542284144404796,
            58.894051491410195,
            84.83045306089402,
            8.299840712113213,
            78.60502912551723,
            57.85942333591941,
            56.657004150012284,
            0.0,
            67.44382029884288,
            76.76694196068259,
            95.15808923570388,
            51.64606374759545,
            32.56136877614103,
            84.3797551140809,
            97.37330302676297
        ],
        [
            30.18827525574884,
            79.63299569736338,
            70.61097996801304,
            37.99218839257898,
            27.324096322708,
            64.26634730480687,
            21.802117599100317,
            63.13645494707776,
            37.22432183637083,
            34.251034595592536,
            65.69026601156523,
            68.0061900703061,
            31.94100417224875,
            70.60271073759523,
            11.793395100918879,
            68.27335100938967,
            60.65147636602461,
            67.44382029884288,
            0.0,
            33.2091028408254,
            32.410202785595764,
            28.962231164707855,
            39.128755725497435,
            18.04687709257219,
            30.18827525574884
        ],
        [
            39.91390697058047,
            97.44644453947772,
            84.23391224721595,
            24.37705325374087,
            37.56553236142381,
            74.22063087035298,
            46.84094105780645,
            93.29927689408073,
            63.9838931183902,
            33.24777530404062,
            83.0880466310438,
            48.44917598439027,
            63.571279495936004,
            76.28224750606236,
            30.490431684460052,
            49.27162367132778,
            89.95541603598011,
            76.76694196068259,
            33.2091028408254,
            0.0,
            27.295707980705252,
            25.20366561987647,
            44.3288233778275,
            30.113436668035867,
            39.91390697058047
        ],
        [
            15.681856620923014,
            110.90568874071204,
            100.30000219923615,
            49.27401350198775,
            53.07684099655781,
            92.1995043126446,
            30.847968655186115,
            94.4080318553365,
            69.63417350585654,
            6.031601200071605,
            96.6549971593681,
            75.6864960907526,
            51.249574035389266,
            96.53685967890642,
            21.44503059778301,
            76.47476122629817,
            92.39491620902221,
            95.15808923570388,
            32.410202785595764,
            27.295707980705252,
            0.0,
            45.796888521334736,
            63.310029015303904,
            15.699116577635134,
            15.681856620923014
        ],
        [
            52.49407674057889,
            72.62729834466914,
            59.0658057907381,
            10.12011350597524,
            14.08854031374707,
            49.046909852571694,
            50.178321329221475,
            74.87961992140603,
            44.40479980748933,
            50.668259330856884,
            58.3771566177438,
            39.290309539314535,
            59.79315769614689,
            51.6489439201171,
            35.394756393376916,
            39.4724304647239,
            70.77422272940672,
            51.64606374759545,
            28.962231164707855,
            25.20366561987647,
            45.796888521334736,
            0.0,
            19.13455794021598,
            39.32281074190958,
            52.49407674057889
        ],
        [
            67.42909188900312,
            54.259648152693735,
            40.08691023921922,
            23.703910405748914,
            11.816807059838235,
            29.917664995277182,
            60.70669059606492,
            64.77181969240854,
            35.536111895657804,
            67.6027469429213,
            40.32364200721711,
            41.47137978993499,
            64.53378477306535,
            33.22717561933358,
            48.92191561123707,
            41.03727044638301,
            60.00241457588778,
            32.56136877614103,
            39.128755725497435,
            44.3288233778275,
            63.310029015303904,
            19.13455794021598,
            0.0,
            54.10376727831172,
            67.42909188900312
        ],
        [
            13.353681720478665,
            97.65999365940164,
            88.2652468035069,
            45.7137176408444,
            42.7814893918971,
            81.27156557495029,
            17.47877678652433,
            78.78014403094576,
            54.87238946414442,
            16.358392808552022,
            83.66224640668827,
            74.94464658121971,
            36.82846342753075,
            86.81819646935806,
            6.28102223641881,
            75.50014616788215,
            76.87841566804536,
            84.3797551140809,
            18.04687709257219,
            30.113436668035867,
            15.699116577635134,
            39.32281074190958,
            54.10376727831172,
            0.0,
            13.353681720478665
        ],
        [
            0.0,
            109.43995520656095,
            100.7990173473248,
            58.33797608812135,
            56.031046178784045,
            94.23302165172622,
            18.424536613294336,
            86.46104453511823,
            65.37980269346374,
            11.285608607573652,
            95.68774565202894,
            86.91075964403414,
            38.632213069410035,
            100.02826017904196,
            18.77098668521837,
            87.55036958818867,
            85.21633732812666,
            97.37330302676297,
            30.18827525574884,
            39.91390697058047,
            15.681856620923014,
            52.49407674057889,
            67.42909188900312,
            13.353681720478665,
            0.0
        ]
    ],
    "scores_ave": [
        0,
        18.297344280530716,
        12.052817357810273,
        16.686533215670714,
        10.004904869262099,
        17.854647439960775,
        17.19030076597057,
        19.89020523100468,
        17.10603128443848,
        10.97826623122909,
        17.340374129469435,
        17.222548148154708,
        16.61220574858219,
        17.364022863291364,
        10.533577865086807,
        19.817491862118175,
        16.80706032280382,
        12.019344116914784,
        17.12259190662911,
        14.580117877766199,
        17.317040482847922,
        11.586697775352098,
        15.847813201440552,
        17.906008149439824,
        0
    ],
    "scores_var": [
        0,
        18.87001227776682,
        357.3006475419352,
        16.245062001072135,
        20.415682557044562,
        268.82260248339514,
        378.56060769767106,
        372.90128153881665,
        259.0279829541848,
        16.05747887169347,
        22.033472634671682,
        17.860759129948732,
        297.615076725111,
        295.76511898323776,
        16.948889230865145,
        23.51902499556914,
        299.9855558568786,
        16.495672787861352,
        244.5659962725092,
        24.122361897048243,
        19.673003350034573,
        363.3184699993489,
        20.44780237270634,
        23.17708878130541,
        0
    ],
    "vertex_number": 25,
    "minimum_distances": {
        "cost": 458.34470717368305,
        "path": [
            0,
            23,
            14,
            6,
            12,
            7,
            16,
            8,
            10,
            1,
            2,
            5,
            17,
            13,
            15,
            11,
            3,
            21,
            22,
            4,
            18,
            19,
            20,
            9,
            24
        ]
    }
}