{
    "vertices": [
        [
            29.7578900933673,
            77.72635843175574
        ],
        [
            70.9600364396105,
            21.34107174742208
        ],
        [
            6.312707095318859,
            29.541009057690204
        ],
        [
            74.79917336761324,
            55.95901411737106
        ],
        [
            2.8184815199841284,
            35.75443412323709
        ],
        [
            53.20903097824712,
            29.31760598540396
        ],
        [
            68.50142548723792,
            33.234759721960515
        ],
        [
            85.49477334029791,
            95.2100486224122
        ],
        [
            18.292814854831875,
            6.361150923509495
        ],
        [
            33.02043796275995,
            77.50945325970521
        ],
        [
            40.05267567945553,
            79.66023660363975
        ],
        [
            19.015965993706185,
            45.64737971892382
        ],
        [
            25.372393572866947,
            53.562386967258334
        ],
        [
            15.183883464555958,
            34.1297922781833
        ],
        [
            10.866754842524228,
            98.264354788064
        ],
        [
            54.77156629100677,
            39.400001081966664
        ],
        [
            65.32886334380076,
            61.410335925874136
        ],
        [
            92.27693943248056,
            38.66477599099593
        ],
        [
            29.7578900933673,
            77.72635843175574
        ]
    ],
    "distances": [
        [
            0.0,
            69.83492978454075,
            53.58642085559305,
            50.02533835459628,
            49.873581828897045,
            53.789992770167316,
            58.996304041605505,
            58.41472054854693,
            72.28029325424963,
            3.269750212744206,
            10.47485059784718,
            33.82971783242071,
            24.55870714570223,
            45.96805683949948,
            27.904915075975,
            45.766730980310214,
            39.13446982387123,
            73.71864589805455,
            0.0
        ],
        [
            69.83492978454075,
            0.0,
            65.16529876584346,
            34.830172355029525,
            69.64923920504098,
            19.46081430308223,
            12.14514641537131,
            75.28535263469269,
            54.756134426663664,
            67.78126742909159,
            66.00295401483983,
            57.34965616021215,
            55.82514072209587,
            57.22351451554334,
            97.61349275001595,
            24.25265953379771,
            40.46302067613777,
            27.468547138977897,
            69.83492978454075
        ],
        [
            53.58642085559305,
            65.16529876584346,
            0.0,
            73.40508874594076,
            7.128552687361555,
            46.896855999791875,
            62.29831851020708,
            102.86992938744186,
            26.092696392866095,
            54.902409120634154,
            60.41789842307656,
            20.513116840609666,
            30.66428289226274,
            9.987727550288389,
            68.87407058727044,
            49.45160015896608,
            67.07131050886348,
            86.44704948331551,
            53.58642085559305
        ],
        [
            50.02533835459628,
            34.830172355029525,
            73.40508874594076,
            0.0,
            74.76259125794596,
            34.29138194426037,
            23.58078383328483,
            40.682177528883855,
            75.1858802287503,
            47.00940500853196,
            42.06027875486273,
            56.7282648147073,
            49.48485003084274,
            63.48620099147557,
            76.66222008088815,
            25.986649609398093,
            10.927199156553533,
            24.587862432305805,
            50.02533835459628
        ],
        [
            49.873581828897045,
            69.64923920504098,
            7.128552687361555,
            74.76259125794596,
            0.0,
            50.80000227540988,
            65.73125502600608,
            101.83486301180065,
            33.217767676612,
            51.53290013242168,
            57.56826127436321,
            18.97969641052471,
            28.73677319018364,
            12.471672958168865,
            63.02590645914793,
            52.08083309314134,
            67.57050490462461,
            89.50578630384253,
            49.873581828897045
        ],
        [
            53.789992770167316,
            19.46081430308223,
            46.896855999791875,
            34.29138194426037,
            50.80000227540988,
            0.0,
            15.786114886647413,
            73.37699337353735,
            41.786851728573936,
            52.24972183327443,
            52.03335605467106,
            37.8923106081563,
            36.91460126964259,
            38.328435662760704,
            80.9105834783739,
            10.202754896929187,
            34.3050091327939,
            40.17052474267423,
            53.789992770167316
        ],
        [
            58.996304041605505,
            12.14514641537131,
            62.29831851020708,
            23.58078383328483,
            65.73125502600608,
            15.786114886647413,
            0.0,
            64.26282211006259,
            56.94818198580831,
            56.737544567714366,
            54.44865718561966,
            51.01846564210828,
            47.67940670032089,
            53.32505387355137,
            86.89420863777984,
            15.050555955693586,
            28.353628427002324,
            24.387704689913242,
            58.996304041605505
        ],
        [
            58.41472054854693,
            75.28535263469269,
            102.86992938744186,
            40.682177528883855,
            101.83486301180065,
            73.37699337353735,
            64.26282211006259,
            0.0,
            111.40121115406411,
            55.379300731488264,
            48.02895890644203,
            82.92098633676562,
            73.13841856535706,
            93.13656075996916,
            74.69049424831509,
            63.70774566613077,
            39.35841084641681,
            56.95055428934074,
            58.41472054854693
        ],
        [
            72.28029325424963,
            54.756134426663664,
            26.092696392866095,
            75.1858802287503,
            33.217767676612,
            41.786851728573936,
            56.94818198580831,
            111.40121115406411,
            0.0,
            72.65661571895494,
            76.46075793928586,
            39.29288384091065,
            47.72920614134022,
            27.942134798077674,
            92.20273991523386,
            49.21651070662382,
            72.40720010386536,
            80.72902131217607,
            72.28029325424963
        ],
        [
            3.269750212744206,
            67.78126742909159,
            54.902409120634154,
            47.00940500853196,
            51.53290013242168,
            52.24972183327443,
            56.737544567714366,
            55.379300731488264,
            72.65661571895494,
            0.0,
            7.353790607344088,
            34.803979161155894,
            25.13870654995239,
            46.90349308142385,
            30.357068587788362,
            43.879857894473666,
            36.09731194328384,
            70.85366552650032,
            3.269750212744206
        ],
        [
            10.47485059784718,
            66.00295401483983,
            60.41789842307656,
            42.06027875486273,
            57.56826127436321,
            52.03335605467106,
            54.44865718561966,
            48.02895890644203,
            76.46075793928586,
            7.353790607344088,
            0.0,
            39.99271918565513,
            29.943420619097584,
            51.8794582344625,
            34.61114254860197,
            42.866447311334284,
            31.176025044760074,
            66.39278210308974,
            10.47485059784718
        ],
        [
            33.82971783242071,
            57.34965616021215,
            20.513116840609666,
            56.7282648147073,
            18.97969641052471,
            37.8923106081563,
            51.01846564210828,
            82.92098633676562,
            39.29288384091065,
            34.803979161155894,
            39.99271918565513,
            0.0,
            10.15142902798928,
            12.138355612080334,
            53.244302115936,
            36.29728216345999,
            48.92193014735447,
            73.59298189377895,
            33.82971783242071
        ],
        [
            24.55870714570223,
            55.82514072209587,
            30.66428289226274,
            49.48485003084274,
            28.73677319018364,
            36.91460126964259,
            47.67940670032089,
            73.13841856535706,
            47.72920614134022,
            25.13870654995239,
            29.943420619097584,
            10.15142902798928,
            0.0,
            21.9415467681069,
            46.99659011064062,
            32.63256855466523,
            40.71989414785587,
            68.54310373393662,
            24.55870714570223
        ],
        [
            45.96805683949948,
            57.22351451554334,
            9.987727550288389,
            63.48620099147557,
            12.471672958168865,
            38.328435662760704,
            53.32505387355137,
            93.13656075996916,
            27.942134798077674,
            46.90349308142385,
            51.8794582344625,
            12.138355612080334,
            21.9415467681069,
            0.0,
            64.27969903377706,
            39.93694695896451,
            57.08543657364311,
            77.22632553572019,
            45.96805683949948
        ],
        [
            27.904915075975,
            97.61349275001595,
            68.87407058727044,
            76.66222008088815,
            63.02590645914793,
            80.9105834783739,
            86.89420863777984,
            74.69049424831509,
            92.20273991523386,
            30.357068587788362,
            34.61114254860197,
            53.244302115936,
            46.99659011064062,
            64.27969903377706,
            0.0,
            73.43462810938269,
            65.75971387330897,
            100.89463785434134,
            27.904915075975
        ],
        [
            45.766730980310214,
            24.25265953379771,
            49.45160015896608,
            25.986649609398093,
            52.08083309314134,
            10.202754896929187,
            15.050555955693586,
            63.70774566613077,
            49.21651070662382,
            43.879857894473666,
            42.866447311334284,
            36.29728216345999,
            32.63256855466523,
            39.93694695896451,
            73.43462810938269,
            0.0,
            24.411295766547504,
            37.51257882918177,
            45.766730980310214
        ],
        [
            39.13446982387123,
            40.46302067613777,
            67.07131050886348,
            10.927199156553533,
            67.57050490462461,
            34.3050091327939,
            28.353628427002324,
            39.35841084641681,
            72.40720010386536,
            36.09731194328384,
            31.176025044760074,
            48.92193014735447,
            40.71989414785587,
            57.08543657364311,
            65.75971387330897,
            24.411295766547504,
            0.0,
            35.264136195750105,
            39.13446982387123
        ],
        [
            73.71864589805455,
            27.468547138977897,
            86.44704948331551,
            24.587862432305805,
            89.50578630384253,
            40.17052474267423,
            24.387704689913242,
            56.95055428934074,
            80.72902131217607,
            70.85366552650032,
            66.39278210308974,
            73.59298189377895,
            68.54310373393662,
            77.22632553572019,
            100.89463785434134,
            37.51257882918177,
            35.264136195750105,
            0.0,
            73.71864589805455
        ],
        [
            0.0,
            69.83492978454075,
            53.58642085559305,
            50.02533835459628,
            49.873581828897045,
            53.789992770167316,
            58.996304041605505,
            58.41472054854693,
            72.28029325424963,
            3.269750212744206,
            10.47485059784718,
            33.82971783242071,
            24.55870714570223,
            45.96805683949948,
            27.904915075975,
            45.766730980310214,
            39.13446982387123,
            73.71864589805455,
            0.0
        ]
    ],
    "scores_ave": [
        0,
        10.983098688760846,
        12.496575500766731,
        12.37032969815206,
        13.461143717764102,
        10.053003813354616,
        15.119318596550357,
        14.81085067470961,
        15.673275245571812,
        13.235160754935173,
        19.468040498314267,
        18.682922888558267,
        16.834167193470932,
        12.988949130652784,
        16.74232447713218,
        14.021043342953028,
        19.60612932008447,
        14.968363287219754,
        0
    ],
    "scores_var": [
        0,
        21.29461013319482,
        269.64134984891285,
        24.59183623132765,
        266.92728636769095,
        21.697981320802743,
        19.966532519894752,
        23.873401487143795,
        22.075613604784184,
        21.69185584465183,
        24.545966760576725,
        24.59395626646398,
        284.1000594556813,
        19.44155629751628,
        226.6709041643881,
        21.96828191688962,
        16.321357376652436,
        379.5891299332098,
        0
    ],
    "vertex_number": 19,
    "minimum_distances": {
        "cost": 383.0640401624341,
        "path": [
            0,
            14,
            12,
            11,
            13,
            4,
            2,
            8,
            5,
            15,
            6,
            1,
            17,
            3,
            16,
            7,
            10,
            9,
            18
        ]
    }
}