{
    "vertices": [
        [
            5.4996345334255015,
            82.191581067492
        ],
        [
            42.9737003691424,
            96.03011711627171
        ],
        [
            77.05635586663341,
            77.23837977955785
        ],
        [
            90.07347296863419,
            17.16981242735719
        ],
        [
            36.81754542856961,
            6.670286247825907
        ],
        [
            49.92968015195952,
            3.924311789506485
        ],
        [
            4.174004677631549,
            23.81912563064511
        ],
        [
            95.31909724472912,
            0.7412169052922524
        ],
        [
            36.27495416402253,
            83.11947006514183
        ],
        [
            52.958250937858374,
            4.339691972459281
        ],
        [
            29.899890022662024,
            10.913974093561485
        ],
        [
            11.110489099786102,
            16.113935210442865
        ],
        [
            19.046450511217916,
            14.539858640340142
        ],
        [
            20.9180551805782,
            21.524325994950722
        ],
        [
            90.0785316730522,
            65.45190534756851
        ],
        [
            21.68446965739995,
            8.99090460760621
        ],
        [
            47.87195040066741,
            63.87523971445103
        ],
        [
            55.05957464125431,
            73.48449103732712
        ],
        [
            19.75793876054801,
            91.19839772017633
        ],
        [
            5.4996345334255015,
            82.191581067492
        ]
    ],
    "distances": [
        [
            0.0,
            39.9475993050023,
            71.72794832530178,
            106.67972883709444,
            81.75743094101666,
            89.99885773662746,
            58.387505925850675,
            121.25055754058293,
            30.789304577358852,
            91.1769538133863,
            75.33836820551747,
            66.31543539006928,
            68.99472277280758,
            62.59587473060289,
            86.21952554128181,
            74.9685795662097,
            46.16168879616992,
            50.31899323600359,
            16.86481501968674,
            0.0
        ],
        [
            39.9475993050023,
            0.0,
            38.91987664282481,
            91.85497392385604,
            89.57163399475068,
            92.36809530152136,
            81.97465265001789,
            108.7198927403844,
            14.545033791623059,
            92.23245260271635,
            86.11435606237904,
            86.03406513004695,
            84.93041570743478,
            77.701765715444,
            56.1595242780907,
            89.60499907051185,
            32.52582042158896,
            25.580727358949023,
            23.713226254343578,
            39.9475993050023
        ],
        [
            71.72794832530178,
            38.91987664282481,
            0.0,
            61.462819015995905,
            81.23433812233407,
            78.17166430733678,
            90.36290073178888,
            78.64695576088835,
            41.203275935014,
            76.77849533010577,
            81.37972143288688,
            89.91693426442866,
            85.41811091559677,
            79.09212725064387,
            17.564112339347442,
            87.88494552376109,
            32.09833383217218,
            22.3147947551896,
            58.9744919754747,
            71.72794832530178
        ],
        [
            106.67972883709444,
            91.85497392385604,
            61.462819015995905,
            0.0,
            54.28106362394967,
            42.27253705250495,
            86.15643921815936,
            17.245733526689104,
            85.10956449254785,
            39.270239333125744,
            60.4978974660639,
            78.97004304272072,
            71.07569609991985,
            69.29237763167697,
            48.282093185221484,
            68.87634069132876,
            62.94732277964346,
            66.31226208646709,
            102.10046910482212,
            106.67972883709444
        ],
        [
            81.75743094101666,
            89.57163399475068,
            81.23433812233407,
            54.28106362394967,
            0.0,
            13.39658362158316,
            36.873885677209074,
            58.8012366210726,
            76.45110928962457,
            16.308097498296863,
            8.115592575217555,
            27.38677145667931,
            19.43558551221304,
            21.758591106851053,
            79.32219991731311,
            15.309972301337176,
            58.26325231572544,
            69.25972560911462,
            86.23242898556033,
            81.75743094101666
        ],
        [
            89.99885773662746,
            92.36809530152136,
            78.17166430733678,
            42.27253705250495,
            13.39658362158316,
            0.0,
            49.89374165048738,
            45.50089314577589,
            80.36370222997802,
            3.056923568162913,
            21.214331753520565,
            40.68803894376555,
            32.65675593173678,
            33.932799523645485,
            73.46819071890107,
            28.69603245513912,
            59.98623184357597,
            69.74908138793107,
            92.34229829078416,
            89.99885773662746
        ],
        [
            58.387505925850675,
            81.97465265001789,
            90.36290073178888,
            86.15643921815936,
            36.873885677209074,
            49.89374165048738,
            0.0,
            94.02136868925331,
            67.43146007597471,
            52.52952521032451,
            28.7813153448682,
            10.367486462511984,
            17.529815770575684,
            16.900571961126374,
            95.46138541454772,
            22.945424871110763,
            59.2790244176493,
            71.10548327310624,
            69.15797357366513,
            58.387505925850675
        ],
        [
            121.25055754058293,
            108.7198927403844,
            78.64695576088835,
            17.245733526689104,
            58.8012366210726,
            45.50089314577589,
            94.02136868925331,
            0.0,
            101.35278696613734,
            42.51341344379851,
            66.20542018879753,
            85.60029295392671,
            77.51076798398532,
            77.24928921138496,
            64.92254405200394,
            74.09531514954483,
            78.97554418748462,
            83.14092308669704,
            117.86428734968098,
            121.25055754058293
        ],
        [
            30.789304577358852,
            14.545033791623059,
            41.203275935014,
            85.10956449254785,
            76.45110928962457,
            80.36370222997802,
            67.43146007597471,
            101.35278696613734,
            0.0,
            80.52692610286442,
            72.48637866046535,
            71.57507948394786,
            70.71056810188624,
            63.48067516508714,
            56.63009620175304,
            75.55082034584493,
            22.468438385949398,
            21.111484726093156,
            18.386975550478546,
            30.789304577358852
        ],
        [
            91.1769538133863,
            92.23245260271635,
            76.77849533010577,
            39.270239333125744,
            16.308097498296863,
            3.056923568162913,
            52.52952521032451,
            42.51341344379851,
            80.52692610286442,
            0.0,
            23.977264095457155,
            43.47261177664876,
            35.41261933589267,
            36.35774732642006,
            71.50257243948977,
            31.617766754710903,
            59.752421692293005,
            69.17672151112252,
            92.98760935113538,
            91.1769538133863
        ],
        [
            75.33836820551747,
            86.11435606237904,
            81.37972143288688,
            60.4978974660639,
            8.115592575217555,
            21.214331753520565,
            28.7813153448682,
            66.20542018879753,
            72.48637866046535,
            23.977264095457155,
            0.0,
            19.495670869648183,
            11.443084722885887,
            13.901543964674756,
            81.2148684438562,
            8.437495364489104,
            55.92754786683471,
            67.43944929132422,
            80.92248051351892,
            75.33836820551747
        ],
        [
            66.31543539006928,
            86.03406513004695,
            89.91693426442866,
            78.97004304272072,
            27.38677145667931,
            40.68803894376555,
            10.367486462511984,
            85.60029295392671,
            71.57507948394786,
            43.47261177664876,
            19.495670869648183,
            0.0,
            8.090562438562673,
            11.200923215083264,
            93.1138391706897,
            12.749377624093782,
            60.27061676223983,
            72.26965335337462,
            75.58078390709494,
            66.31543539006928
        ],
        [
            68.99472277280758,
            84.93041570743478,
            85.41811091559677,
            71.07569609991985,
            19.43558551221304,
            32.65675593173678,
            17.529815770575684,
            77.51076798398532,
            70.71056810188624,
            35.41261933589267,
            11.443084722885887,
            8.090562438562673,
            0.0,
            7.230884334989194,
            87.39332385314347,
            6.144105783026296,
            57.13920956404972,
            69.07542832311165,
            76.6618407643836,
            68.99472277280758
        ],
        [
            62.59587473060289,
            77.701765715444,
            79.09212725064387,
            69.29237763167697,
            21.758591106851053,
            33.932799523645485,
            16.900571961126374,
            77.24928921138496,
            63.48067516508714,
            36.35774732642006,
            13.901543964674756,
            11.200923215083264,
            7.230884334989194,
            0.0,
            81.93170165721314,
            12.556832515528221,
            50.200720716062506,
            62.173162235121346,
            69.68372938412458,
            62.59587473060289
        ],
        [
            86.21952554128181,
            56.1595242780907,
            17.564112339347442,
            48.282093185221484,
            79.32219991731311,
            73.46819071890107,
            95.46138541454772,
            64.92254405200394,
            56.63009620175304,
            71.50257243948977,
            81.2148684438562,
            93.1138391706897,
            87.39332385314347,
            81.93170165721314,
            0.0,
            88.68817465456661,
            42.2360199026977,
            35.92839802243097,
            74.8856972796467,
            86.21952554128181
        ],
        [
            74.9685795662097,
            89.60499907051185,
            87.88494552376109,
            68.87634069132876,
            15.309972301337176,
            28.69603245513912,
            22.945424871110763,
            74.09531514954483,
            75.55082034584493,
            31.617766754710903,
            8.437495364489104,
            12.749377624093782,
            6.144105783026296,
            12.556832515528221,
            88.68817465456661,
            0.0,
            60.81179480823965,
            72.6176309394019,
            82.2300641198205,
            74.9685795662097
        ],
        [
            46.16168879616992,
            32.52582042158896,
            32.09833383217218,
            62.94732277964346,
            58.26325231572544,
            59.98623184357597,
            59.2790244176493,
            78.97554418748462,
            22.468438385949398,
            59.752421692293005,
            55.92754786683471,
            60.27061676223983,
            57.13920956404972,
            50.200720716062506,
            42.2360199026977,
            60.81179480823965,
            0.0,
            11.999985550410813,
            39.20398721949847,
            46.16168879616992
        ],
        [
            50.31899323600359,
            25.580727358949023,
            22.3147947551896,
            66.31226208646709,
            69.25972560911462,
            69.74908138793107,
            71.10548327310624,
            83.14092308669704,
            21.111484726093156,
            69.17672151112252,
            67.43944929132422,
            72.26965335337462,
            69.07542832311165,
            62.173162235121346,
            35.92839802243097,
            72.6176309394019,
            11.999985550410813,
            0.0,
            39.496683225590736,
            50.31899323600359
        ],
        [
            16.86481501968674,
            23.713226254343578,
            58.9744919754747,
            102.10046910482212,
            86.23242898556033,
            92.34229829078416,
            69.15797357366513,
            117.86428734968098,
            18.386975550478546,
            92.98760935113538,
            80.92248051351892,
            75.58078390709494,
            76.6618407643836,
            69.68372938412458,
            74.8856972796467,
            82.2300641198205,
            39.20398721949847,
            39.496683225590736,
            0.0,
            16.86481501968674
        ],
        [
            0.0,
            39.9475993050023,
            71.72794832530178,
            106.67972883709444,
            81.75743094101666,
            89.99885773662746,
            58.387505925850675,
            121.25055754058293,
            30.789304577358852,
            91.1769538133863,
            75.33836820551747,
            66.31543539006928,
            68.99472277280758,
            62.59587473060289,
            86.21952554128181,
            74.9685795662097,
            46.16168879616992,
            50.31899323600359,
            16.86481501968674,
            0.0
        ]
    ],
    "scores_ave": [
        0,
        19.92846226732426,
        10.480462670387077,
        12.33344296127163,
        19.77826528420627,
        16.239684462521833,
        13.637533112537463,
        13.981241668795827,
        13.983234740768891,
        11.158380115467125,
        19.03800436363851,
        15.694748597779393,
        19.453419223961845,
        12.969651038054295,
        14.766571951989322,
        16.84153349331067,
        10.318469173586934,
        13.331812417674586,
        10.802282828549663,
        0
    ],
    "scores_var": [
        0,
        307.17129677808566,
        20.087568391657314,
        17.89070133611278,
        24.727784890580107,
        395.2684349244451,
        21.176460980606304,
        393.21680260061237,
        16.646101440951604,
        18.540821294918313,
        397.56619949184676,
        271.3877994778485,
        20.76641145595425,
        388.88416791023167,
        20.78321721346506,
        300.99448619992523,
        275.4212133111119,
        325.63366750706325,
        351.2374567190056,
        0
    ],
    "vertex_number": 20,
    "minimum_distances": {
        "cost": 396.2330646084872,
        "path": [
            0,
            8,
            17,
            16,
            6,
            11,
            13,
            12,
            15,
            10,
            4,
            5,
            9,
            7,
            3,
            14,
            2,
            1,
            18,
            19
        ]
    }
}