{
    "vertices": [
        [
            24.6625156726456,
            55.60958424247614
        ],
        [
            84.8163139224035,
            34.277291022303935
        ],
        [
            8.950510407158884,
            20.241756130306086
        ],
        [
            48.67403281930193,
            40.87680487414893
        ],
        [
            43.38856598731869,
            78.51008518000843
        ],
        [
            72.6311398380473,
            64.82863814513647
        ],
        [
            36.094451377345024,
            70.38909904617508
        ],
        [
            51.19839684223341,
            50.588292162824466
        ],
        [
            54.55977019905127,
            92.59497146426568
        ],
        [
            0.8201853104582102,
            80.68346621019852
        ],
        [
            99.86243789760756,
            77.92334864907008
        ],
        [
            6.523424524544708,
            56.97667662826027
        ],
        [
            96.8720457504066,
            4.037522612233202
        ],
        [
            21.628839887884375,
            32.475658559942985
        ],
        [
            26.58532683379852,
            99.34883106142347
        ],
        [
            24.6625156726456,
            55.60958424247614
        ]
    ],
    "distances": [
        [
            0.0,
            63.8243384447029,
            38.700780028762836,
            28.171044417983133,
            29.582053741712823,
            48.84649280328853,
            18.684839089195755,
            27.006783658845002,
            47.55801400565837,
            34.599946156474815,
            78.44062968024484,
            18.190535156239388,
            88.73496365494633,
            23.33198890476364,
            43.781490553089306,
            0.0
        ],
        [
            63.8243384447029,
            0.0,
            77.15320072892757,
            36.73987025584476,
            60.60361687202159,
            32.89169011294302,
            60.64554862982522,
            37.365935114958035,
            65.6993933778227,
            95.96292365994283,
            46.16670004490468,
            81.517106408123,
            32.5543278751603,
            63.21315333372051,
            87.3221230867414,
            63.8243384447029
        ],
        [
            38.700780028762836,
            77.15320072892757,
            0.0,
            44.76341664226269,
            67.68439881085273,
            77.73810270722161,
            57.02235993813923,
            52.01726787715681,
            85.52889773595038,
            60.98608450753181,
            107.66682253846506,
            36.81501228945333,
            89.4023129511882,
            17.61841102596113,
            81.04884980404533,
            38.700780028762836
        ],
        [
            28.171044417983133,
            36.73987025584476,
            44.76341664226269,
            0.0,
            38.00263078013662,
            33.8767367635787,
            32.08148027368804,
            10.034211432812112,
            52.051999576831314,
            62.24597182246104,
            63.18780911004792,
            45.12072306731008,
            60.66449676771441,
            28.319987995941915,
            62.505110019576264,
            28.171044417983133
        ],
        [
            29.582053741712823,
            60.60361687202159,
            67.68439881085273,
            38.00263078013662,
            0.0,
            32.28482799061076,
            10.91579240043273,
            28.993447247211588,
            17.977202929841166,
            42.62382688769861,
            56.47691978407155,
            42.69339924305441,
            91.6877591774378,
            50.918111847952424,
            26.76942614178693,
            29.582053741712823
        ],
        [
            48.84649280328853,
            32.89169011294302,
            77.73810270722161,
            33.8767367635787,
            32.28482799061076,
            0.0,
            36.95738531209147,
            25.732274015728947,
            33.129196588782726,
            73.54038865233272,
            30.21613868763578,
            66.57239160217702,
            65.44601780999857,
            60.39826063924636,
            57.5487672691598,
            48.84649280328853
        ],
        [
            18.684839089195755,
            60.64554862982522,
            57.02235993813923,
            32.08148027368804,
            10.91579240043273,
            36.95738531209147,
            0.0,
            24.90383749220323,
            28.880248770323572,
            36.745718687559325,
            64.21153340270817,
            32.47058213592145,
            89.98026268602263,
            40.57934062139353,
            30.48096993174071,
            18.684839089195755
        ],
        [
            27.006783658845002,
            37.365935114958035,
            52.01726787715681,
            10.034211432812112,
            28.993447247211588,
            25.732274015728947,
            24.90383749220323,
            0.0,
            42.14095320205815,
            58.68290805747466,
            55.81571646897834,
            45.12942064401528,
            65.21546097620812,
            34.67601756991022,
            54.62044826731014,
            27.006783658845002
        ],
        [
            47.55801400565837,
            65.6993933778227,
            85.52889773595038,
            52.051999576831314,
            17.977202929841166,
            33.129196588782726,
            28.880248770323572,
            42.14095320205815,
            0.0,
            55.04386379439555,
            47.61920008397016,
            59.800948427138636,
            98.14657614768927,
            68.54763274721303,
            28.778187939025177,
            47.55801400565837
        ],
        [
            34.599946156474815,
            95.96292365994283,
            60.98608450753181,
            62.24597182246104,
            42.62382688769861,
            73.54038865233272,
            36.745718687559325,
            58.68290805747466,
            55.04386379439555,
            0.0,
            99.08070471331914,
            24.383166525605112,
            122.8843381558358,
            52.5070740354733,
            31.81569365497315,
            34.599946156474815
        ],
        [
            78.44062968024484,
            46.16670004490468,
            107.66682253846506,
            63.18780911004792,
            56.47691978407155,
            30.21613868763578,
            64.21153340270817,
            55.81571646897834,
            47.61920008397016,
            99.08070471331914,
            0.0,
            95.66051686147311,
            73.94631657046727,
            90.47645214078801,
            76.34517864580494,
            78.44062968024484
        ],
        [
            18.190535156239388,
            81.517106408123,
            36.81501228945333,
            45.12072306731008,
            42.69339924305441,
            66.57239160217702,
            32.47058213592145,
            45.12942064401528,
            59.800948427138636,
            24.383166525605112,
            95.66051686147311,
            0.0,
            104.71593663500745,
            28.783214894848495,
            46.881546428993516,
            18.190535156239388
        ],
        [
            88.73496365494633,
            32.5543278751603,
            89.4023129511882,
            60.66449676771441,
            91.6877591774378,
            65.44601780999857,
            89.98026268602263,
            65.21546097620812,
            98.14657614768927,
            122.8843381558358,
            73.94631657046727,
            104.71593663500745,
            0.0,
            80.43797364833553,
            118.42494827678398,
            88.73496365494633
        ],
        [
            23.33198890476364,
            63.21315333372051,
            17.61841102596113,
            28.319987995941915,
            50.918111847952424,
            60.39826063924636,
            40.57934062139353,
            34.67601756991022,
            68.54763274721303,
            52.5070740354733,
            90.47645214078801,
            28.783214894848495,
            80.43797364833553,
            0.0,
            67.05660268204603,
            23.33198890476364
        ],
        [
            43.781490553089306,
            87.3221230867414,
            81.04884980404533,
            62.505110019576264,
            26.76942614178693,
            57.5487672691598,
            30.48096993174071,
            54.62044826731014,
            28.778187939025177,
            31.81569365497315,
            76.34517864580494,
            46.881546428993516,
            118.42494827678398,
            67.05660268204603,
            0.0,
            43.781490553089306
        ],
        [
            0.0,
            63.8243384447029,
            38.700780028762836,
            28.171044417983133,
            29.582053741712823,
            48.84649280328853,
            18.684839089195755,
            27.006783658845002,
            47.55801400565837,
            34.599946156474815,
            78.44062968024484,
            18.190535156239388,
            88.73496365494633,
            23.33198890476364,
            43.781490553089306,
            0.0
        ]
    ],
    "scores_ave": [
        0,
        15.53267104731849,
        17.240538026602884,
        10.91212488131464,
        19.288787438474763,
        16.360091202771287,
        19.075550213321275,
        12.028374459553346,
        16.30708776936713,
        18.63767549390869,
        16.070195345777854,
        13.180331934987102,
        17.763644151410187,
        12.957003725722336,
        13.500836146471942,
        0
    ],
    "scores_var": [
        0,
        16.376340891709535,
        397.1942641206071,
        348.5608916542616,
        19.88137345736192,
        24.58285786820101,
        364.16163912523064,
        18.205921452388022,
        399.9114081005041,
        16.064912135955836,
        23.543767761271816,
        19.48964231602927,
        289.7160526885454,
        370.0427859705787,
        329.12711672512756,
        0
    ],
    "vertex_number": 16,
    "minimum_distances": {
        "cost": 435.64866591931434,
        "path": [
            0,
            11,
            9,
            14,
            6,
            4,
            8,
            5,
            10,
            12,
            1,
            7,
            3,
            13,
            2,
            15
        ]
    }
}