{
    "vertices": [
        [
            80.00961457719593,
            58.39666643884689
        ],
        [
            12.478769698873482,
            78.73628918382668
        ],
        [
            7.663635065718221,
            29.99122499277165
        ],
        [
            71.81143515580001,
            94.23289686120097
        ],
        [
            24.916979668829754,
            82.77449848561056
        ],
        [
            71.64623662099807,
            34.49494089360731
        ],
        [
            21.377958136616993,
            18.052493912609958
        ],
        [
            51.00291018928146,
            38.818925931426726
        ],
        [
            76.15630483110718,
            2.769439317119904
        ],
        [
            43.68038198311003,
            40.8445131405305
        ],
        [
            81.4184248316319,
            20.782050125763295
        ],
        [
            2.1821994837089242,
            51.85469808331439
        ],
        [
            96.33571722000725,
            94.23554982595938
        ],
        [
            81.53210498095092,
            59.075576798058684
        ],
        [
            66.97652177736917,
            5.305129005451326
        ],
        [
            55.39761506436277,
            40.66696837241059
        ],
        [
            66.74390446025903,
            38.87609892148374
        ],
        [
            19.68347806443802,
            27.096217135614076
        ],
        [
            35.18491390096017,
            13.653436960635146
        ],
        [
            73.11943790038904,
            32.027575363393254
        ],
        [
            19.91847056265188,
            37.24052968190864
        ],
        [
            80.00961457719593,
            58.39666643884689
        ]
    ],
    "distances": [
        [
            0.0,
            70.52740788791368,
            77.72264699057516,
            36.762012413760154,
            60.245141849337074,
            25.32268893459332,
            71.17108537736974,
            34.99538287865611,
            55.760527196678304,
            40.34713405290136,
            37.64098971485073,
            78.10188147604843,
            39.38232077898227,
            1.6670021911716566,
            54.66784114056946,
            30.333030075261114,
            23.60151734754644,
            67.96293749640425,
            63.334116989613484,
            27.25442163729002,
            63.70657510379088,
            0.0
        ],
        [
            70.52740788791368,
            0.0,
            48.98231113907843,
            61.32299764142339,
            13.077316300439225,
            73.8788605794459,
            61.332850605278516,
            55.47526736797887,
            99.12512678018437,
            49.084898908433495,
            90.06314381933836,
            28.78609557218477,
            85.2772814295516,
            71.79767910660408,
            91.44473886862711,
            57.369856846163565,
            67.3315648000365,
            52.14024226811211,
            68.9300126072217,
            76.54406957227614,
            42.15740985382673,
            70.52740788791368
        ],
        [
            77.72264699057516,
            48.98231113907843,
            0.0,
            90.78509052067989,
            55.5315393322889,
            64.14091329796558,
            18.182847881929966,
            44.22918801084007,
            73.70394444642528,
            37.616484712553024,
            74.32750443237862,
            22.54013291044674,
            109.49918459444858,
            79.3879736959657,
            64.24501432145792,
            48.913232802779476,
            59.74461663163153,
            12.36356324879189,
            32.00537621260152,
            65.48747092049922,
            14.23844835411671,
            77.72264699057516
        ],
        [
            36.762012413760154,
            61.32299764142339,
            90.78509052067989,
            0.0,
            48.27405979149845,
            59.73818438605295,
            91.36185964424189,
            59.1920846523257,
            91.5665984866388,
            60.34629788901936,
            74.07645467207712,
            81.51160771287527,
            24.524282207702207,
            36.47641122522646,
            89.05910556020103,
            56.0242999497564,
            55.588262659386395,
            84.99798630023483,
            88.51300140147848,
            62.219071785309296,
            77.07794555490568,
            36.762012413760154
        ],
        [
            60.245141849337074,
            13.077316300439225,
            55.5315393322889,
            48.27405979149845,
            0.0,
            67.19032025955323,
            64.81868981515267,
            51.113287212660794,
            95.00672573896696,
            45.9367928511141,
            83.87775008387783,
            38.37843518153909,
            72.3325083985761,
            61.37516845809793,
            88.1504866125731,
            51.98185477981199,
            60.63465281338396,
            55.92370296334585,
            69.87955079803241,
            69.99090788050583,
            45.80750384272257,
            60.245141849337074
        ],
        [
            25.32268893459332,
            73.8788605794459,
            64.14091329796558,
            59.73818438605295,
            67.19032025955323,
            0.0,
            52.88907150353651,
            21.091319844279443,
            32.044471684512786,
            28.67762356518373,
            16.83861739083326,
            71.60037447594999,
            64.6414016544898,
            26.494113585804698,
            29.560976891617436,
            17.381358568588823,
            6.574755225819617,
            52.486849686892505,
            41.997575414336076,
            2.873710957853571,
            51.80057952553657,
            25.32268893459332
        ],
        [
            71.17108537736974,
            61.332850605278516,
            18.182847881929966,
            91.36185964424189,
            64.81868981515267,
            52.88907150353651,
            0.0,
            36.178480937082014,
            56.870370355313256,
            31.888465781760672,
            60.10248013248669,
            38.87243441127251,
            106.87620715154566,
            72.81081452638809,
            47.346851195998084,
            40.850355109527456,
            49.916846969787294,
            9.20109735027924,
            14.490815351292252,
            53.59555606298772,
            19.24346176399777,
            71.17108537736974
        ],
        [
            34.99538287865611,
            55.47526736797887,
            44.22918801084007,
            59.1920846523257,
            51.113287212660794,
            21.091319844279443,
            36.178480937082014,
            0.0,
            43.95746520401868,
            7.597527418302678,
            35.36145386982782,
            50.53111070808888,
            71.59654738290884,
            36.638281059027854,
            37.12587846183048,
            4.767461777795498,
            15.741098099870314,
            33.44142237008017,
            29.723910269619285,
            23.13575675300288,
            31.124487491717385,
            34.99538287865611
        ],
        [
            55.760527196678304,
            99.12512678018437,
            73.70394444642528,
            91.5665984866388,
            95.00672573896696,
            32.044471684512786,
            56.870370355313256,
            43.95746520401868,
            0.0,
            50.043948799902175,
            18.765501726401535,
            88.77798651744838,
            93.66567170514783,
            56.56218122803821,
            9.52355706179187,
            43.21048378956825,
            37.3133240080074,
            61.48961117171424,
            42.39240827618759,
            29.415320594158572,
            65.96173189163301,
            55.760527196678304
        ],
        [
            40.34713405290136,
            49.084898908433495,
            37.616484712553024,
            60.34629788901936,
            45.9367928511141,
            28.67762356518373,
            31.888465781760672,
            7.597527418302678,
            50.043948799902175,
            0.0,
            42.73947005118073,
            42.933941389393844,
            74.98791320776198,
            42.0133861523934,
            42.49421082941042,
            11.718578123010072,
            23.147369690565334,
            27.65622969098964,
            28.487323527416535,
            30.731033257386425,
            24.033666618385958,
            40.34713405290136
        ],
        [
            37.64098971485073,
            90.06314381933836,
            74.32750443237862,
            74.07645467207712,
            83.87775008387783,
            16.83861739083326,
            60.10248013248669,
            35.36145386982782,
            18.765501726401535,
            42.73947005118073,
            0.0,
            85.11103840560715,
            74.95293343430255,
            38.293695410317184,
            21.168458876193178,
            32.74893150348962,
            23.29669826288158,
            62.05700893030979,
            46.779853127543916,
            13.976230606108071,
            63.664165151101194,
            37.64098971485073
        ],
        [
            78.10188147604843,
            28.78609557218477,
            22.54013291044674,
            81.51160771287527,
            38.37843518153909,
            71.60037447594999,
            38.87243441127251,
            50.53111070808888,
            88.77798651744838,
            42.933941389393844,
            85.11103840560715,
            0.0,
            103.25222271966594,
            79.67777978730508,
            79.7819941016108,
            54.37872517360015,
            65.85330504752639,
            30.31958328865894,
            50.482823913384316,
            73.65600172107993,
            22.981497554563205,
            78.10188147604843
        ],
        [
            39.38232077898227,
            85.2772814295516,
            109.49918459444858,
            24.524282207702207,
            72.3325083985761,
            64.6414016544898,
            106.87620715154566,
            71.59654738290884,
            93.66567170514783,
            74.98791320776198,
            74.95293343430255,
            103.25222271966594,
            0.0,
            38.14932029076066,
            93.65138602472297,
            67.42048002685442,
            62.77216092228343,
            101.89826181867603,
            101.15778596037298,
            66.39900384931849,
            95.33114867613754,
            39.38232077898227
        ],
        [
            1.6670021911716566,
            71.79767910660408,
            79.3879736959657,
            36.47641122522646,
            61.37516845809793,
            26.494113585804698,
            72.81081452638809,
            36.638281059027854,
            56.56218122803821,
            42.0133861523934,
            38.293695410317184,
            79.67777978730508,
            38.14932029076066,
            0.0,
            55.70570938614735,
            31.966989651343305,
            25.034172267651122,
            69.62709311667402,
            64.89401288574803,
            28.32608954688297,
            65.36825857246235,
            1.6670021911716566
        ],
        [
            54.66784114056946,
            91.44473886862711,
            64.24501432145792,
            89.05910556020103,
            88.1504866125731,
            29.560976891617436,
            47.346851195998084,
            37.12587846183048,
            9.52355706179187,
            42.49421082941042,
            21.168458876193178,
            79.7819941016108,
            93.65138602472297,
            55.70570938614735,
            0.0,
            37.20928330515295,
            33.57177582314306,
            52.071907066380206,
            32.869447471503626,
            27.419419356498803,
            56.871170205059315,
            54.66784114056946
        ],
        [
            30.333030075261114,
            57.369856846163565,
            48.913232802779476,
            56.0242999497564,
            51.98185477981199,
            17.381358568588823,
            40.850355109527456,
            4.767461777795498,
            43.21048378956825,
            11.718578123010072,
            32.74893150348962,
            54.37872517360015,
            67.42048002685442,
            31.966989651343305,
            37.20928330515295,
            0.0,
            11.486753085432413,
            38.20556073113452,
            33.73846718000086,
            19.71552982285183,
            35.644216595024936,
            30.333030075261114
        ],
        [
            23.60151734754644,
            67.3315648000365,
            59.74461663163153,
            55.588262659386395,
            60.63465281338396,
            6.574755225819617,
            49.916846969787294,
            15.741098099870314,
            37.3133240080074,
            23.147369690565334,
            23.29669826288158,
            65.85330504752639,
            62.77216092228343,
            25.034172267651122,
            33.57177582314306,
            11.486753085432413,
            0.0,
            48.51236283098928,
            40.399907939414334,
            9.356799750552343,
            46.85398965335419,
            23.60151734754644
        ],
        [
            67.96293749640425,
            52.14024226811211,
            12.36356324879189,
            84.99798630023483,
            55.92370296334585,
            52.486849686892505,
            9.20109735027924,
            33.44142237008017,
            61.48961117171424,
            27.65622969098964,
            62.05700893030979,
            30.31958328865894,
            101.89826181867603,
            69.62709311667402,
            52.071907066380206,
            38.20556073113452,
            48.51236283098928,
            0.0,
            20.518354023327984,
            53.663023559617436,
            10.147033976050642,
            67.96293749640425
        ],
        [
            63.334116989613484,
            68.9300126072217,
            32.00537621260152,
            88.51300140147848,
            69.87955079803241,
            41.997575414336076,
            14.490815351292252,
            29.723910269619285,
            42.39240827618759,
            28.487323527416535,
            46.779853127543916,
            50.482823913384316,
            101.15778596037298,
            64.89401288574803,
            32.869447471503626,
            33.73846718000086,
            40.399907939414334,
            20.518354023327984,
            0.0,
            42.150172871614124,
            28.096534221211886,
            63.334116989613484
        ],
        [
            27.25442163729002,
            76.54406957227614,
            65.48747092049922,
            62.219071785309296,
            69.99090788050583,
            2.873710957853571,
            53.59555606298772,
            23.13575675300288,
            29.415320594158572,
            30.731033257386425,
            13.976230606108071,
            73.65600172107993,
            66.39900384931849,
            28.32608954688297,
            27.419419356498803,
            19.71552982285183,
            9.356799750552343,
            53.663023559617436,
            42.150172871614124,
            0.0,
            53.45575570879066,
            27.25442163729002
        ],
        [
            63.70657510379088,
            42.15740985382673,
            14.23844835411671,
            77.07794555490568,
            45.80750384272257,
            51.80057952553657,
            19.24346176399777,
            31.124487491717385,
            65.96173189163301,
            24.033666618385958,
            63.664165151101194,
            22.981497554563205,
            95.33114867613754,
            65.36825857246235,
            56.871170205059315,
            35.644216595024936,
            46.85398965335419,
            10.147033976050642,
            28.096534221211886,
            53.45575570879066,
            0.0,
            63.70657510379088
        ],
        [
            0.0,
            70.52740788791368,
            77.72264699057516,
            36.762012413760154,
            60.245141849337074,
            25.32268893459332,
            71.17108537736974,
            34.99538287865611,
            55.760527196678304,
            40.34713405290136,
            37.64098971485073,
            78.10188147604843,
            39.38232077898227,
            1.6670021911716566,
            54.66784114056946,
            30.333030075261114,
            23.60151734754644,
            67.96293749640425,
            63.334116989613484,
            27.25442163729002,
            63.70657510379088,
            0.0
        ]
    ],
    "scores_ave": [
        0,
        17.482946401911967,
        10.280227320820526,
        18.024090618362887,
        19.99715497020471,
        18.085649539820025,
        10.615343650885832,
        16.11800875199922,
        11.387856546476444,
        19.086321616911004,
        17.1860507671191,
        19.32938540713477,
        19.955836531597427,
        18.48243261155899,
        13.401733296727514,
        17.286814972163224,
        18.033579470469384,
        13.855665807086847,
        14.15006899535369,
        16.535140087473422,
        11.26295898275008,
        0
    ],
    "scores_var": [
        0,
        335.73836167500895,
        257.02022668248384,
        298.90797729973957,
        299.65646957195236,
        360.73586833518317,
        17.708344783349865,
        22.77960766691132,
        315.51354168490025,
        341.5672358219002,
        392.27340937102406,
        19.500687706666916,
        24.001398269961836,
        279.4144717787211,
        24.230192778871693,
        18.413511238723462,
        228.12280908471067,
        398.5218356799344,
        20.493417330589455,
        19.546421584186447,
        383.2226365303542,
        0
    ],
    "vertex_number": 22,
    "minimum_distances": {
        "cost": 390.0934314809371,
        "path": [
            0,
            13,
            12,
            3,
            4,
            1,
            11,
            2,
            17,
            6,
            18,
            20,
            9,
            7,
            15,
            14,
            8,
            10,
            19,
            5,
            16,
            21
        ]
    }
}