{
    "vertices": [
        [
            62.7942958011078,
            83.60658840252991
        ],
        [
            26.868101359768293,
            81.2092437221885
        ],
        [
            1.176534556818698,
            41.052682459841975
        ],
        [
            45.97505245823709,
            84.08775298447796
        ],
        [
            61.81375272604529,
            39.96236597449688
        ],
        [
            68.96393218199299,
            41.36045654848497
        ],
        [
            83.84113680248288,
            9.923234649618184
        ],
        [
            38.00695468028221,
            37.26805394501963
        ],
        [
            10.693963466876822,
            97.53735185787214
        ],
        [
            66.81855833271489,
            11.325607394835547
        ],
        [
            61.93122547054494,
            1.4004072893831765
        ],
        [
            52.91659736802829,
            78.75913745619445
        ],
        [
            49.73565187049736,
            63.79142166250139
        ],
        [
            26.202014010714294,
            75.76066095668789
        ],
        [
            71.49636198044723,
            31.845330676295003
        ],
        [
            68.34533544078815,
            71.39148484772028
        ],
        [
            27.35388123878102,
            64.08159735725583
        ],
        [
            71.31306449660825,
            54.38376682968234
        ],
        [
            26.60498430232411,
            37.193050778827775
        ],
        [
            28.782918462943453,
            80.8375456105382
        ],
        [
            53.37889172635041,
            14.576664478782252
        ],
        [
            19.991762002781577,
            27.213547184993136
        ],
        [
            45.68738324789871,
            18.005638983275084
        ],
        [
            32.447828496887446,
            58.678336206559564
        ],
        [
            62.7942958011078,
            83.60658840252991
        ]
    ],
    "distances": [
        [
            0.0,
            36.006092658788944,
            74.88379939437733,
            16.826124508680603,
            43.655235837980236,
            42.694262725824096,
            76.63032126002014,
            52.551613253163204,
            53.930610971747875,
            72.392920264056,
            82.21071161109712,
            11.00303171912132,
            23.731182318662533,
            37.42397178431201,
            52.48765337859291,
            13.417257392478739,
            40.46292450710424,
            30.439164258663933,
            58.85475971833384,
            34.12391223794366,
            69.66907657497225,
            70.79711856650425,
            67.79477134566332,
            39.27245644713373,
            0.0
        ],
        [
            36.006092658788944,
            0.0,
            47.671857706691185,
            19.32256183461096,
            54.06018380792277,
            57.965375974183786,
            91.25580451155638,
            45.33102924409608,
            22.982816447703836,
            80.49696664273122,
            87.17151510192994,
            26.16347004903976,
            28.74552820289911,
            5.489146245918407,
            66.54680726548628,
            42.62334262266294,
            17.134533903583286,
            51.91301338532994,
            44.01697935811903,
            1.9505599259742095,
            71.71277865547867,
            54.43178563568659,
            65.94589466204634,
            23.211530505387373,
            36.006092658788944
        ],
        [
            74.88379939437733,
            47.671857706691185,
            0.0,
            62.12024228240016,
            60.64701985539436,
            67.78809631257633,
            88.33164203955067,
            37.02436035188228,
            57.280881016817254,
            72.05951899170468,
            72.54953751896832,
            64.02195598464537,
            53.61938208157724,
            42.789232211327054,
            70.92004974444734,
            73.7027186915182,
            34.86523197484815,
            71.39223096717737,
            25.719696988354716,
            48.424660745243955,
            58.532603070329586,
            23.356678894887438,
            50.12366571003146,
            35.89648304061779,
            74.88379939437733
        ],
        [
            16.826124508680603,
            19.32256183461096,
            62.12024228240016,
            0.0,
            46.88191767573159,
            48.51917612328691,
            83.27194079284624,
            47.492892103392734,
            37.757740269665085,
            75.68871493127433,
            84.21280541164039,
            8.750953615630259,
            20.641782216440017,
            21.454918109526766,
            58.14299552271955,
            25.722068060711255,
            27.331196105639624,
            39.042818130111094,
            50.737684567994684,
            17.49666594770968,
            69.90427927641282,
            62.528446871921574,
            66.08274014024047,
            28.785834174025123,
            16.826124508680603
        ],
        [
            43.655235837980236,
            54.06018380792277,
            60.64701985539436,
            46.88191767573159,
            0.0,
            7.285583264593912,
            37.249900134150764,
            23.95877606439725,
            76.99423259811513,
            29.070810465316555,
            38.56213761551759,
            39.80387984691634,
            26.715246868760314,
            50.49469138395605,
            12.634840086272778,
            32.10063996101534,
            42.062097729593,
            17.268865820901492,
            35.31750954651516,
            52.55298585613523,
            26.75034056818159,
            43.721977180639485,
            27.2425705966369,
            34.823053392258636,
            43.655235837980236
        ],
        [
            42.694262725824096,
            57.965375974183786,
            67.78809631257633,
            48.51917612328691,
            7.285583264593912,
            0.0,
            34.779737463622624,
            31.22630645962274,
            80.939686314332,
            30.111373144306153,
            40.5741851486766,
            40.69617043737847,
            29.5444573428532,
            54.881287421244764,
            9.846360802231343,
            30.037398732874678,
            47.409351178313834,
            13.233481526488436,
            42.56345540861875,
            56.32898387423414,
            30.988142952379157,
            50.97458677223874,
            32.97340191405069,
            40.41453679300225,
            42.694262725824096
        ],
        [
            76.63032126002014,
            91.25580451155638,
            88.33164203955067,
            83.27194079284624,
            37.249900134150764,
            34.779737463622624,
            0.0,
            53.37144735820098,
            114.13475588606154,
            17.080246692478926,
            23.509206723872097,
            75.46329342421753,
            63.75708332805738,
            87.50334381578462,
            25.158930017184847,
            63.39136883091876,
            78.25559591678415,
            46.19189882907762,
            63.400473379481404,
            89.77887783764318,
            30.815625650849775,
            66.14905569910788,
            39.00043807595833,
            70.84018680397203,
            76.63032126002014
        ],
        [
            52.551613253163204,
            45.33102924409608,
            37.02436035188228,
            47.492892103392734,
            23.95877606439725,
            31.22630645962274,
            53.37144735820098,
            0.0,
            66.1693868789165,
            38.77007915950173,
            43.11448491469436,
            44.08863182281282,
            29.000885725379394,
            40.262108970678014,
            33.92559990575721,
            45.65989360194373,
            28.852280396355038,
            37.44655629890923,
            11.402217064008774,
            44.53519336581429,
            27.407947833735243,
            20.6310511946166,
            20.737155377261843,
            22.12021858937467,
            52.551613253163204
        ],
        [
            53.930610971747875,
            22.982816447703836,
            57.280881016817254,
            37.757740269665085,
            76.99423259811513,
            80.939686314332,
            114.13475588606154,
            66.1693868789165,
            0.0,
            102.87096301782334,
            108.9383730766953,
            46.210087098663216,
            51.60466294973966,
            26.734320606215874,
            89.51186129180762,
            63.303136195506426,
            37.374327677860876,
            74.41039786506985,
            62.40669240349462,
            24.618972796366172,
            93.29779606682835,
            70.93579182107938,
            86.88977374086181,
            44.5337371116873,
            53.930610971747875
        ],
        [
            72.392920264056,
            80.49696664273122,
            72.05951899170468,
            75.68871493127433,
            29.070810465316555,
            30.111373144306153,
            17.080246692478926,
            38.77007915950173,
            102.87096301782334,
            0.0,
            11.063255381618832,
            68.85161940869558,
            55.176873416007204,
            76.16810224877484,
            21.04616094479958,
            60.08527841761827,
            65.88364907200767,
            43.292097195376904,
            47.81481113129866,
            79.23774009149055,
            13.827292238660052,
            49.448715709315735,
            22.161890318465755,
            58.511776552794196,
            72.392920264056
        ],
        [
            82.21071161109712,
            87.17151510192994,
            72.54953751896832,
            84.21280541164039,
            38.56213761551759,
            40.5741851486766,
            23.509206723872097,
            43.11448491469436,
            108.9383730766953,
            11.063255381618832,
            0.0,
            77.88219727799286,
            63.571775891041625,
            82.49862954623669,
            31.912148102062893,
            70.2843634422873,
            71.58578296314622,
            53.80757652680127,
            50.28972701295744,
            86.07595019588524,
            15.708474336907427,
            49.246693160395935,
            23.22920854790487,
            64.4207407451,
            82.21071161109712
        ],
        [
            11.00303171912132,
            26.16347004903976,
            64.02195598464537,
            8.750953615630259,
            39.80387984691634,
            40.69617043737847,
            75.46329342421753,
            44.08863182281282,
            46.210087098663216,
            68.85161940869558,
            77.88219727799286,
            0.0,
            15.301991057997354,
            26.88233295815248,
            50.4590221827042,
            17.09760987614894,
            29.47681528354835,
            30.53831521208648,
            49.19390758813224,
            24.223010505504465,
            64.18413786575297,
            61.163654732489334,
            61.182097982119714,
            28.674188356909468,
            11.00303171912132
        ],
        [
            23.731182318662533,
            28.74552820289911,
            53.61938208157724,
            20.641782216440017,
            26.715246868760314,
            29.5444573428532,
            63.75708332805738,
            29.000885725379394,
            51.60466294973966,
            55.176873416007204,
            63.571775891041625,
            15.301991057997354,
            0.0,
            26.40255291059773,
            38.653346993349125,
            20.101773130887494,
            22.383651590939895,
            23.539088875547275,
            35.2491292915839,
            27.01087519685098,
            49.34942270482716,
            47.14488186171597,
            45.96440333986787,
            18.02810250350538,
            23.731182318662533
        ],
        [
            37.42397178431201,
            5.489146245918407,
            42.789232211327054,
            21.454918109526766,
            50.49469138395605,
            54.881287421244764,
            87.50334381578462,
            40.262108970678014,
            26.734320606215874,
            76.16810224877484,
            82.49862954623669,
            26.88233295815248,
            26.40255291059773,
            0.0,
            63.08830471362535,
            42.36920156233411,
            11.735728553041474,
            49.919720336336795,
            38.56971532027815,
            5.695245875292578,
            66.94821959827617,
            48.94271636887257,
            60.953442703909744,
            18.188348398481292,
            37.42397178431201
        ],
        [
            52.48765337859291,
            66.54680726548628,
            70.92004974444734,
            58.14299552271955,
            12.634840086272778,
            9.846360802231343,
            25.158930017184847,
            33.92559990575721,
            89.51186129180762,
            21.04616094479958,
            31.912148102062893,
            50.4590221827042,
            38.653346993349125,
            63.08830471362535,
            0.0,
            39.67149200627287,
            54.6601819934255,
            22.539181489306547,
            45.20878122815217,
            64.99750288500373,
            25.028974422640704,
            51.712447603740955,
            29.28549896066288,
            47.3793008918863,
            52.48765337859291
        ],
        [
            13.417257392478739,
            42.62334262266294,
            73.7027186915182,
            25.722068060711255,
            32.10063996101534,
            30.037398732874678,
            63.39136883091876,
            45.65989360194373,
            63.303136195506426,
            60.08527841761827,
            70.2843634422873,
            17.09760987614894,
            20.101773130887494,
            42.36920156233411,
            39.67149200627287,
            0.0,
            41.63812883305992,
            17.264700632500155,
            53.96100264011653,
            40.674474809930885,
            58.75302759017725,
            65.49624600201527,
            57.995097518993475,
            38.08221570706785,
            13.417257392478739
        ],
        [
            40.46292450710424,
            17.134533903583286,
            34.86523197484815,
            27.331196105639624,
            42.062097729593,
            47.409351178313834,
            78.25559591678415,
            28.852280396355038,
            37.374327677860876,
            65.88364907200767,
            71.58578296314622,
            29.47681528354835,
            22.383651590939895,
            11.735728553041474,
            54.6601819934255,
            41.63812883305992,
            0.0,
            45.01619385995193,
            26.898973655545475,
            16.816775828163923,
            55.928879393210366,
            37.59592960879612,
            49.58942665527732,
            7.425868954606828,
            40.46292450710424
        ],
        [
            30.439164258663933,
            51.91301338532994,
            71.39223096717737,
            39.042818130111094,
            17.268865820901492,
            13.233481526488436,
            46.19189882907762,
            37.44655629890923,
            74.41039786506985,
            43.292097195376904,
            53.80757652680127,
            30.53831521208648,
            23.539088875547275,
            49.919720336336795,
            22.539181489306547,
            17.264700632500155,
            45.01619385995193,
            0.0,
            47.899197832527946,
            50.086083231086384,
            43.66050790506785,
            58.06975912816855,
            44.49768224379799,
            39.10178890340959,
            30.439164258663933
        ],
        [
            58.85475971833384,
            44.01697935811903,
            25.719696988354716,
            50.737684567994684,
            35.31750954651516,
            42.56345540861875,
            63.400473379481404,
            11.402217064008774,
            62.40669240349462,
            47.81481113129866,
            50.28972701295744,
            49.19390758813224,
            35.2491292915839,
            38.56971532027815,
            45.20878122815217,
            53.96100264011653,
            26.898973655545475,
            47.899197832527946,
            0.0,
            43.69880234426558,
            35.04772529028407,
            11.971850365023993,
            27.060944568329116,
            22.26558596114296,
            58.85475971833384
        ],
        [
            34.12391223794366,
            1.9505599259742095,
            48.424660745243955,
            17.49666594770968,
            52.55298585613523,
            56.32898387423414,
            89.77887783764318,
            44.53519336581429,
            24.618972796366172,
            79.23774009149055,
            86.07595019588524,
            24.223010505504465,
            27.01087519685098,
            5.695245875292578,
            64.99750288500373,
            40.674474809930885,
            16.816775828163923,
            50.086083231086384,
            43.69880234426558,
            0.0,
            70.67861252975275,
            54.33983473520973,
            65.06619260478442,
            22.46023434798218,
            34.12391223794366
        ],
        [
            69.66907657497225,
            71.71277865547867,
            58.532603070329586,
            69.90427927641282,
            26.75034056818159,
            30.988142952379157,
            30.815625650849775,
            27.407947833735243,
            93.29779606682835,
            13.827292238660052,
            15.708474336907427,
            64.18413786575297,
            49.34942270482716,
            66.94821959827617,
            25.028974422640704,
            58.75302759017725,
            55.928879393210366,
            43.66050790506785,
            35.04772529028407,
            70.67861252975275,
            0.0,
            35.69861671982467,
            8.421233212930057,
            48.8166657720538,
            69.66907657497225
        ],
        [
            70.79711856650425,
            54.43178563568659,
            23.356678894887438,
            62.528446871921574,
            43.721977180639485,
            50.97458677223874,
            66.14905569910788,
            20.6310511946166,
            70.93579182107938,
            49.448715709315735,
            49.246693160395935,
            61.163654732489334,
            47.14488186171597,
            48.94271636887257,
            51.712447603740955,
            65.49624600201527,
            37.59592960879612,
            58.06975912816855,
            11.971850365023993,
            54.33983473520973,
            35.69861671982467,
            0.0,
            27.29561365171667,
            33.8406049100378,
            70.79711856650425
        ],
        [
            67.79477134566332,
            65.94589466204634,
            50.12366571003146,
            66.08274014024047,
            27.2425705966369,
            32.97340191405069,
            39.00043807595833,
            20.737155377261843,
            86.88977374086181,
            22.161890318465755,
            23.22920854790487,
            61.182097982119714,
            45.96440333986787,
            60.953442703909744,
            29.28549896066288,
            57.995097518993475,
            49.58942665527732,
            44.49768224379799,
            27.060944568329116,
            65.06619260478442,
            8.421233212930057,
            27.29561365171667,
            0.0,
            42.773287334760674,
            67.79477134566332
        ],
        [
            39.27245644713373,
            23.211530505387373,
            35.89648304061779,
            28.785834174025123,
            34.823053392258636,
            40.41453679300225,
            70.84018680397203,
            22.12021858937467,
            44.5337371116873,
            58.511776552794196,
            64.4207407451,
            28.674188356909468,
            18.02810250350538,
            18.188348398481292,
            47.3793008918863,
            38.08221570706785,
            7.425868954606828,
            39.10178890340959,
            22.26558596114296,
            22.46023434798218,
            48.8166657720538,
            33.8406049100378,
            42.773287334760674,
            0.0,
            39.27245644713373
        ],
        [
            0.0,
            36.006092658788944,
            74.88379939437733,
            16.826124508680603,
            43.655235837980236,
            42.694262725824096,
            76.63032126002014,
            52.551613253163204,
            53.930610971747875,
            72.392920264056,
            82.21071161109712,
            11.00303171912132,
            23.731182318662533,
            37.42397178431201,
            52.48765337859291,
            13.417257392478739,
            40.46292450710424,
            30.439164258663933,
            58.85475971833384,
            34.12391223794366,
            69.66907657497225,
            70.79711856650425,
            67.79477134566332,
            39.27245644713373,
            0.0
        ]
    ],
    "scores_ave": [
        0,
        12.47168797568463,
        17.972252687692404,
        19.11826157980213,
        13.917097776135932,
        17.245838045207535,
        18.53769388783769,
        14.525709620661,
        16.82289839948505,
        17.994727997265134,
        13.149843881657759,
        15.090934542621941,
        14.345617648113652,
        12.218702728664327,
        16.58682634523347,
        14.826498687953862,
        17.810513978463042,
        15.755195275767296,
        15.268865381919337,
        13.038683419382945,
        10.872008616566635,
        14.456913676686286,
        13.767446099189844,
        12.530446137904438,
        0
    ],
    "scores_var": [
        0,
        24.8004592226217,
        252.71630436115927,
        19.595558601547957,
        370.5290711702203,
        19.039239495921795,
        19.808665944451786,
        17.84676173182303,
        251.68917592790746,
        23.720372948424366,
        16.042303396699097,
        23.097074456168777,
        231.50456751200306,
        23.59374505127198,
        16.093124996855973,
        354.5753975318519,
        342.42907875424214,
        22.687645720227266,
        16.051760830619852,
        22.13413928241976,
        300.21148259463376,
        17.810913841682193,
        322.4644248563212,
        21.7946227509251,
        0
    ],
    "vertex_number": 25,
    "minimum_distances": {
        "cost": 378.3104940202241,
        "path": [
            0,
            15,
            12,
            17,
            5,
            4,
            14,
            6,
            9,
            10,
            20,
            22,
            7,
            18,
            21,
            2,
            23,
            16,
            13,
            19,
            1,
            8,
            3,
            11,
            24
        ]
    }
}