{
    "vertices": [
        [
            12.96402578087389,
            58.146443298556214
        ],
        [
            61.55743128906224,
            14.910364545090893
        ],
        [
            77.41411968517144,
            21.367576762533623
        ],
        [
            4.649816568185871,
            41.26421240433827
        ],
        [
            8.268479902986293,
            68.68713023148881
        ],
        [
            21.677235790462635,
            97.15556341221688
        ],
        [
            96.22847717896228,
            66.8847838776401
        ],
        [
            35.61897339355997,
            50.9218851883517
        ],
        [
            88.5947541778073,
            25.581460510127073
        ],
        [
            33.72086013797537,
            76.33247854593588
        ],
        [
            82.75502802231587,
            93.47966759542138
        ],
        [
            68.06762796673101,
            88.35547341485149
        ],
        [
            63.182510446298956,
            22.029496661885652
        ],
        [
            97.09019141695019,
            46.678748541121564
        ],
        [
            54.48779204114543,
            6.21076590955173
        ],
        [
            77.36415623999721,
            93.89527109064146
        ],
        [
            33.941369890320374,
            22.934773411630093
        ],
        [
            46.00914382532005,
            23.19165633866689
        ],
        [
            12.742053052320035,
            14.312144986552822
        ],
        [
            72.6903606807653,
            57.86869468873296
        ],
        [
            8.452430154470502,
            30.693108857159302
        ],
        [
            34.09246139668164,
            49.42704183338936
        ],
        [
            80.58336910462502,
            95.53267852001908
        ],
        [
            8.206621839862704,
            73.88417152909585
        ],
        [
            12.96402578087389,
            58.146443298556214
        ]
    ],
    "distances": [
        [
            0.0,
            65.0436589135258,
            74.2057924150624,
            18.818496082259955,
            11.539247467207,
            39.97038254399378,
            83.72172634806743,
            23.779001056000492,
            82.34370153121245,
            27.596703617408444,
            78.22544811682157,
            62.84100949558682,
            61.85733615706096,
            84.90417991876632,
            66.49464452339313,
            73.65701250838423,
            40.98671323870686,
            48.1021512822725,
            43.83486033282101,
            59.72698071110111,
            27.82157556730697,
            22.85691915989746,
            77.26646216548211,
            16.44107606321049,
            0.0
        ],
        [
            65.0436589135258,
            0.0,
            17.121044258817744,
            62.713650110706055,
            75.70768037337632,
            91.40406298244967,
            62.477369407291945,
            44.38054998573974,
            29.06697641801206,
            67.435530559063,
            81.37858126731085,
            73.73307722910332,
            7.3022547451909565,
            47.66347935291004,
            11.209942707933905,
            80.55102740303109,
            28.758268112605,
            17.616158401465157,
            48.81904361042341,
            44.3774745289859,
            55.40068739217156,
            44.11037952924359,
            82.83685061875276,
            79.5249569573695,
            65.0436589135258
        ],
        [
            74.2057924150624,
            17.121044258817744,
            0.0,
            75.43553484905696,
            83.7869896904586,
            94.0766663243592,
            49.252372445027085,
            51.18878197481931,
            11.948364067777268,
            70.21567743686376,
            72.30960479878475,
            67.63678884560157,
            14.246994050715362,
            32.05937016847476,
            27.48354806924137,
            72.52771153771018,
            43.500989414755416,
            31.457904810363882,
            65.05578621544353,
            36.805509220686226,
            69.58936823809138,
            51.61491700010037,
            74.23278561781767,
            86.87733009182386,
            74.2057924150624
        ],
        [
            18.818496082259955,
            62.713650110706055,
            75.43553484905696,
            0.0,
            27.6606425537311,
            58.42752881011701,
            95.09503016394883,
            32.44008813301359,
            85.39731411033148,
            45.55116754172742,
            93.9514652206466,
            78.98990863484858,
            61.61209736993094,
            92.59881264766084,
            60.930845311764564,
            89.7630410154906,
            34.55377591249413,
            45.135476444915895,
            28.14068637059167,
            70.0373077371528,
            11.234237859853963,
            30.55325054367753,
            93.3325817458885,
            32.81329908804483,
            18.818496082259955
        ],
        [
            11.539247467207,
            75.70768037337632,
            83.7869896904586,
            27.6606425537311,
            0.0,
            31.468181107517328,
            87.97846084791966,
            32.61369996827438,
            91.16144525511261,
            26.57583508519876,
            78.50424039295707,
            62.95063012177235,
            72.05890313366722,
            91.50773355787322,
            77.71435461619686,
            73.55041029147188,
            52.4630864024738,
            59.111723524449744,
            54.55870120438578,
            65.32394102118407,
            37.99446667460972,
            32.21535387496659,
            77.13706413363873,
            5.197409419028532,
            11.539247467207
        ],
        [
            39.97038254399378,
            91.40406298244967,
            94.0766663243592,
            58.42752881011701,
            31.468181107517328,
            0.0,
            80.46246134811746,
            48.29000983124277,
            97.98370514202631,
            24.055139799476162,
            61.18830700365362,
            47.21768810763306,
            85.82897954439183,
            90.74702593393026,
            96.68241202142191,
            55.78227868395945,
            75.22722016351858,
            77.86335016040279,
            83.32388293288818,
            64.38786349281887,
            67.76542886747535,
            49.31682876010906,
            58.92848460124522,
            26.88894048459122,
            39.97038254399378
        ],
        [
            83.72172634806743,
            62.477369407291945,
            49.252372445027085,
            95.09503016394883,
            87.97846084791966,
            80.46246134811746,
            0.0,
            62.67635984705224,
            42.00283619066349,
            63.21756973095392,
            29.813112419521772,
            35.412200405472475,
            55.713846649680505,
            20.22440148554678,
            73.64523916836902,
            32.94584987478674,
            76.23179883978324,
            66.56628904048371,
            98.66035360481055,
            25.2058087064276,
            94.94457210411707,
            64.54190278090218,
            32.64155747047832,
            88.29970806765289,
            83.72172634806743
        ],
        [
            23.779001056000492,
            44.38054998573974,
            51.18878197481931,
            32.44008813301359,
            32.61369996827438,
            48.29000983124277,
            62.67635984705224,
            0.0,
            58.724530415946326,
            25.481387103443318,
            63.50568863788936,
            49.53976898533255,
            39.93142483836486,
            61.617488214680115,
            48.52954259333738,
            59.911369428428145,
            28.037346149676704,
            29.61285588485031,
            43.16974127722619,
            37.71665305448716,
            33.870702139440915,
            2.136538212269681,
            63.33971710816195,
            35.75896547298054,
            23.779001056000492
        ],
        [
            82.34370153121245,
            29.06697641801206,
            11.948364067777268,
            85.39731411033148,
            91.16144525511261,
            97.98370514202631,
            42.00283619066349,
            58.724530415946326,
            0.0,
            74.74496691260016,
            68.14887326264933,
            66.04498169163166,
            25.659278607334215,
            22.74352690650593,
            39.223827904737256,
            69.23079550367122,
            54.71743201826154,
            42.652612734412855,
            76.68526416725948,
            35.991877186566526,
            80.30517448262735,
            59.49043340776614,
            70.40848806683927,
            93.78381370239164,
            82.34370153121245
        ],
        [
            27.596703617408444,
            67.435530559063,
            70.21567743686376,
            45.55116754172742,
            26.57583508519876,
            24.055139799476162,
            63.21756973095392,
            25.481387103443318,
            74.74496691260016,
            0.0,
            51.94589216106009,
            36.390285323152035,
            61.78027743859225,
            69.96438987043967,
            73.13220934533935,
            47.04454247430961,
            53.39816043798837,
            54.543092145983394,
            65.47237678253539,
            43.12230614055806,
            52.167476644170804,
            26.908002753610653,
            50.643286087043194,
            25.631437009687676,
            27.596703617408444
        ],
        [
            78.22544811682157,
            81.37858126731085,
            72.30960479878475,
            93.9514652206466,
            78.50424039295707,
            61.18830700365362,
            29.813112419521772,
            63.50568863788936,
            68.14887326264933,
            51.94589216106009,
            0.0,
            15.555612697447195,
            74.08245656493152,
            48.9471442872614,
            91.73275222881497,
            5.406868302320546,
            85.78668495535679,
            79.31370960841936,
            105.68497196941,
            37.00593087677935,
            97.27809624012988,
            65.64053036900248,
            2.988470563901156,
            77.08079093022724,
            78.22544811682157
        ],
        [
            62.84100949558682,
            73.73307722910332,
            67.63678884560157,
            78.98990863484858,
            62.95063012177235,
            47.21768810763306,
            35.412200405472475,
            49.53976898533255,
            66.04498169163166,
            36.390285323152035,
            15.555612697447195,
            0.0,
            66.50563559145492,
            50.78640157977898,
            83.25962355726259,
            10.821958982750113,
            73.7866483803762,
            68.79607386003453,
            92.43015592516872,
            30.835261225433396,
            82.93925546192916,
            51.66947579427508,
            14.427614125433774,
            61.58537677719963,
            62.84100949558682
        ],
        [
            61.85733615706096,
            7.3022547451909565,
            14.246994050715362,
            61.61209736993094,
            72.05890313366722,
            85.82897954439183,
            55.713846649680505,
            39.93142483836486,
            25.659278607334215,
            61.78027743859225,
            74.08245656493152,
            66.50563559145492,
            0.0,
            41.9203583836479,
            18.050772026695988,
            73.25167992382653,
            29.255150435574986,
            17.21264466062344,
            51.02741673840216,
            37.078933793848734,
            55.4115499243622,
            39.960686119406496,
            75.53481068564926,
            75.57284984471188,
            61.85733615706096
        ],
        [
            84.90417991876632,
            47.66347935291004,
            32.05937016847476,
            92.59881264766084,
            91.50773355787322,
            90.74702593393026,
            20.22440148554678,
            61.617488214680115,
            22.74352690650593,
            69.96438987043967,
            48.9471442872614,
            50.78640157977898,
            41.9203583836479,
            0.0,
            58.75901676206476,
            51.171441893615885,
            67.46517631454064,
            56.222032364412,
            90.34492498883053,
            26.843372268418815,
            90.06771562402264,
            63.05764905011104,
            51.56725372980121,
            92.95388093414687,
            84.90417991876632
        ],
        [
            66.49464452339313,
            11.209942707933905,
            27.48354806924137,
            60.930845311764564,
            77.71435461619686,
            96.68241202142191,
            73.64523916836902,
            48.52954259333738,
            39.223827904737256,
            73.13220934533935,
            91.73275222881497,
            83.25962355726259,
            18.050772026695988,
            58.75901676206476,
            0.0,
            90.61953700947197,
            26.492411934919936,
            18.979939813743712,
            42.52457015270593,
            54.771115661770416,
            52.140575948500924,
            47.787195113568565,
            93.05580699057941,
            81.98558741234612,
            66.49464452339313
        ],
        [
            73.65701250838423,
            80.55102740303109,
            72.52771153771018,
            89.7630410154906,
            73.55041029147188,
            55.78227868395945,
            32.94584987478674,
            59.911369428428145,
            69.23079550367122,
            47.04454247430961,
            5.406868302320546,
            10.821958982750113,
            73.25167992382653,
            51.171441893615885,
            90.61953700947197,
            0.0,
            83.19213066884788,
            77.3442818993117,
            102.51580454202207,
            36.32848155610205,
            93.50582496868343,
            62.047264145073754,
            3.6117079834291954,
            71.9945044428245,
            73.65701250838423
        ],
        [
            40.98671323870686,
            28.758268112605,
            43.500989414755416,
            34.55377591249413,
            52.4630864024738,
            75.22722016351858,
            76.23179883978324,
            28.037346149676704,
            54.71743201826154,
            53.39816043798837,
            85.78668495535679,
            73.7866483803762,
            29.255150435574986,
            67.46517631454064,
            26.492411934919936,
            83.19213066884788,
            0.0,
            12.070507718586681,
            22.885819962476226,
            52.171478252708205,
            26.64353238110783,
            26.4926992730797,
            86.28981351720404,
            57.079930148455496,
            40.98671323870686
        ],
        [
            48.1021512822725,
            17.616158401465157,
            31.457904810363882,
            45.135476444915895,
            59.111723524449744,
            77.86335016040279,
            66.56628904048371,
            29.61285588485031,
            42.652612734412855,
            54.543092145983394,
            79.31370960841936,
            68.79607386003453,
            17.21264466062344,
            56.222032364412,
            18.979939813743712,
            77.3442818993117,
            12.070507718586681,
            0.0,
            34.43174480550391,
            43.75367780677698,
            38.29854477184966,
            28.81497479023214,
            80.1785541395392,
            63.23576333684015,
            48.1021512822725
        ],
        [
            43.83486033282101,
            48.81904361042341,
            65.05578621544353,
            28.14068637059167,
            54.55870120438578,
            83.32388293288818,
            98.66035360481055,
            43.16974127722619,
            76.68526416725948,
            65.47237678253539,
            105.68497196941,
            92.43015592516872,
            51.02741673840216,
            90.34492498883053,
            42.52457015270593,
            102.51580454202207,
            22.885819962476226,
            34.43174480550391,
            0.0,
            74.10109722179016,
            16.933305700183585,
            41.096178861725775,
            105.82636359229987,
            59.74442637324743,
            43.83486033282101
        ],
        [
            59.72698071110111,
            44.3774745289859,
            36.805509220686226,
            70.0373077371528,
            65.32394102118407,
            64.38786349281887,
            25.2058087064276,
            37.71665305448716,
            35.991877186566526,
            43.12230614055806,
            37.00593087677935,
            30.835261225433396,
            37.078933793848734,
            26.843372268418815,
            54.771115661770416,
            36.32848155610205,
            52.171478252708205,
            43.75367780677698,
            74.10109722179016,
            0.0,
            69.74972532985562,
            39.510243381614295,
            38.48214209243689,
            66.44281807182722,
            59.72698071110111
        ],
        [
            27.82157556730697,
            55.40068739217156,
            69.58936823809138,
            11.234237859853963,
            37.99446667460972,
            67.76542886747535,
            94.94457210411707,
            33.870702139440915,
            80.30517448262735,
            52.167476644170804,
            97.27809624012988,
            82.93925546192916,
            55.4115499243622,
            90.06771562402264,
            52.140575948500924,
            93.50582496868343,
            26.64353238110783,
            38.29854477184966,
            16.933305700183585,
            69.74972532985562,
            0.0,
            31.754864932155566,
            96.98990745379523,
            43.191762136531096,
            27.82157556730697
        ],
        [
            22.85691915989746,
            44.11037952924359,
            51.61491700010037,
            30.55325054367753,
            32.21535387496659,
            49.31682876010906,
            64.54190278090218,
            2.136538212269681,
            59.49043340776614,
            26.908002753610653,
            65.64053036900248,
            51.66947579427508,
            39.960686119406496,
            63.05764905011104,
            47.787195113568565,
            62.047264145073754,
            26.4926992730797,
            28.81497479023214,
            41.096178861725775,
            39.510243381614295,
            31.754864932155566,
            0.0,
            65.47621120520036,
            35.612187275060485,
            22.85691915989746
        ],
        [
            77.26646216548211,
            82.83685061875276,
            74.23278561781767,
            93.3325817458885,
            77.13706413363873,
            58.92848460124522,
            32.64155747047832,
            63.33971710816195,
            70.40848806683927,
            50.643286087043194,
            2.988470563901156,
            14.427614125433774,
            75.53481068564926,
            51.56725372980121,
            93.05580699057941,
            3.6117079834291954,
            86.28981351720404,
            80.1785541395392,
            105.82636359229987,
            38.48214209243689,
            96.98990745379523,
            65.47621120520036,
            0.0,
            75.54502895335557,
            77.26646216548211
        ],
        [
            16.44107606321049,
            79.5249569573695,
            86.87733009182386,
            32.81329908804483,
            5.197409419028532,
            26.88894048459122,
            88.29970806765289,
            35.75896547298054,
            93.78381370239164,
            25.631437009687676,
            77.08079093022724,
            61.58537677719963,
            75.57284984471188,
            92.95388093414687,
            81.98558741234612,
            71.9945044428245,
            57.079930148455496,
            63.23576333684015,
            59.74442637324743,
            66.44281807182722,
            43.191762136531096,
            35.612187275060485,
            75.54502895335557,
            0.0,
            16.44107606321049
        ],
        [
            0.0,
            65.0436589135258,
            74.2057924150624,
            18.818496082259955,
            11.539247467207,
            39.97038254399378,
            83.72172634806743,
            23.779001056000492,
            82.34370153121245,
            27.596703617408444,
            78.22544811682157,
            62.84100949558682,
            61.85733615706096,
            84.90417991876632,
            66.49464452339313,
            73.65701250838423,
            40.98671323870686,
            48.1021512822725,
            43.83486033282101,
            59.72698071110111,
            27.82157556730697,
            22.85691915989746,
            77.26646216548211,
            16.44107606321049,
            0.0
        ]
    ],
    "scores_ave": [
        0,
        11.921118036924092,
        14.184104925967716,
        19.876933456708016,
        15.781272351970056,
        14.775838228196623,
        14.13969246875051,
        11.650215092951957,
        11.078428823520268,
        15.189469151558642,
        10.551205246303125,
        10.338751005557963,
        13.512214762171576,
        10.124930911077717,
        11.974986151669405,
        12.353945078231664,
        19.416349773160597,
        13.787412293446852,
        10.171717982220374,
        17.991430398694227,
        19.242162889559662,
        13.78923298390384,
        17.20270854512757,
        13.534777132192303,
        0
    ],
    "scores_var": [
        0,
        16.543402428405187,
        258.1665005849651,
        19.121573032959297,
        333.7854458264012,
        20.499275258036974,
        16.870512667647183,
        242.57212609950892,
        289.1715389800857,
        316.3174331160199,
        283.1846378143751,
        17.798296435254084,
        20.88527938244308,
        384.8584325741302,
        22.318153857649182,
        354.05147838575624,
        257.4913665488637,
        22.063179288191364,
        17.851242628919845,
        254.42850020452735,
        17.551791806104646,
        295.53923139589494,
        341.9942774662836,
        18.57782542355143,
        0
    ],
    "vertex_number": 25,
    "minimum_distances": {
        "cost": 417.9004286847442,
        "path": [
            0,
            3,
            20,
            18,
            16,
            21,
            7,
            17,
            14,
            1,
            12,
            2,
            8,
            13,
            19,
            6,
            10,
            22,
            15,
            11,
            9,
            5,
            23,
            4,
            24
        ]
    }
}