{
    "vertices": [
        [
            20.31527122325879,
            77.64310727498864
        ],
        [
            20.074064761861454,
            25.38163853012637
        ],
        [
            36.433705653988014,
            70.98776986852742
        ],
        [
            84.24647835315326,
            40.07212154401619
        ],
        [
            1.4957908839912881,
            42.89163822560471
        ],
        [
            74.3298917792494,
            58.75941632944773
        ],
        [
            55.9539542593107,
            84.97502445693227
        ],
        [
            84.09754129259215,
            79.64814446221654
        ],
        [
            0.8025950052882536,
            8.328823928208717
        ],
        [
            42.87925688442685,
            39.95236721358298
        ],
        [
            8.460050340698055,
            91.24978042931649
        ],
        [
            15.89275568857329,
            82.25315697543829
        ],
        [
            11.9120583353446,
            44.70933810895744
        ],
        [
            58.90300472298527,
            44.58250618792754
        ],
        [
            0.8897354147423764,
            6.989696004600554
        ],
        [
            56.585570358817996,
            9.546975132138346
        ],
        [
            13.337698836401724,
            8.941160693842832
        ],
        [
            90.47608173320188,
            99.57645744451871
        ],
        [
            46.46892509173375,
            36.625783014022886
        ],
        [
            98.32839809939688,
            69.5153905353836
        ],
        [
            22.852235066715608,
            55.84724147997181
        ],
        [
            20.31527122325879,
            77.64310727498864
        ]
    ],
    "distances": [
        [
            0.0,
            52.26202537146103,
            17.43838996271041,
            74.15374713311799,
            39.520089085557046,
            57.220389875763225,
            36.3850620187331,
            63.813777112153026,
            72.0084329024389,
            43.92863912408222,
            18.04682289221597,
            6.388364571245953,
            33.9889267015161,
            50.81354662768285,
            73.27520703205522,
            77.15320999284137,
            69.05536894733414,
            73.50925915196919,
            48.64601217161798,
            78.43537304298154,
            21.943016002760235,
            0.0
        ],
        [
            52.26202537146103,
            0.0,
            48.451595079778606,
            65.83243089323985,
            25.529440840269192,
            63.70063434661851,
            69.56103878300263,
            83.92770229881552,
            25.733014444986647,
            27.06257419600035,
            66.8842092591879,
            57.02502043701357,
            20.980427067055835,
            43.31697008467874,
            26.57634366049964,
            39.79731907910595,
            17.76704638838502,
            102.28057072275446,
            28.690058156236052,
            89.84168716227259,
            30.592011920441003,
            52.26202537146103
        ],
        [
            17.43838996271041,
            48.451595079778606,
            0.0,
            56.93714555987941,
            44.833586760061905,
            39.82026560832029,
            24.014233207297185,
            48.44422892241021,
            72.08133983502017,
            31.69765525427305,
            34.54090999890251,
            23.427325330695023,
            35.94255365110148,
            34.67141979634016,
            73.20606039571463,
            64.66118548960317,
            66.20579461794901,
            61.138297895875596,
            35.79737098940162,
            61.91220278598091,
            20.33941845770434,
            17.43838996271041
        ],
        [
            74.15374713311799,
            65.83243089323985,
            56.93714555987941,
            0.0,
            82.7987074231034,
            21.155464440076642,
            53.07294611765423,
            39.57630316578252,
            89.27776101413964,
            41.36739480729137,
            91.4479930882423,
            80.32105049221656,
            72.48290899779703,
            25.741702066472833,
            89.68162282692755,
            41.193572247835704,
            77.44153753645591,
            59.82954077404026,
            37.93442736727028,
            32.63750224262978,
            63.3885440573301,
            74.15374713311799
        ],
        [
            39.520089085557046,
            25.529440840269192,
            44.833586760061905,
            82.7987074231034,
            0.0,
            74.54255586692368,
            68.82370924985132,
            90.41067371326727,
            34.5697650076267,
            41.487715920394045,
            48.85704480599231,
            41.91183310090211,
            10.573677717996844,
            57.432109792536714,
            35.9070572237844,
            64.39526659158898,
            35.956441823239814,
            105.50194732558765,
            45.40752957385066,
            100.42598272949822,
            24.978898370712564,
            39.520089085557046
        ],
        [
            57.220389875763225,
            63.70063434661851,
            39.82026560832029,
            21.155464440076642,
            74.54255586692368,
            0.0,
            32.01457776124065,
            23.059617083122433,
            89.16001357573955,
            36.64488411407489,
            73.44698612252198,
            62.982971698874834,
            63.97961104784036,
            20.951697434992408,
            89.85299388087263,
            52.313720105439025,
            78.75218215739825,
            43.89453605425749,
            35.58273722614016,
            26.298655606644925,
            51.559964148236126,
            57.220389875763225
        ],
        [
            36.3850620187331,
            69.56103878300263,
            24.014233207297185,
            53.07294611765423,
            68.82370924985132,
            32.01457776124065,
            0.0,
            28.643273932600493,
            94.42622772861124,
            46.88269805266019,
            47.90661198564746,
            40.1535576694129,
            59.67423307970491,
            40.500030009238024,
            95.46611781559243,
            75.43069377806825,
            87.16245559307438,
            37.48305124472353,
            49.27083241040821,
            45.106471506258565,
            44.09253400132869,
            36.3850620187331
        ],
        [
            63.813777112153026,
            83.92770229881552,
            48.44422892241021,
            39.57630316578252,
            90.41067371326727,
            23.059617083122433,
            28.643273932600493,
            0.0,
            109.6562517982326,
            57.22500940083397,
            76.52207521108512,
            68.25451537798962,
            80.19640976478695,
            43.17827764675821,
            110.4662350733199,
            75.30658992482086,
            100.03215911918502,
            20.9242308454358,
            57.15624499361835,
            17.46968767887762,
            65.70746165749837,
            63.813777112153026
        ],
        [
            72.0084329024389,
            25.733014444986647,
            72.08133983502017,
            89.27776101413964,
            34.5697650076267,
            89.16001357573955,
            94.42622772861124,
            109.6562517982326,
            0.0,
            52.63548199468962,
            83.2737752793303,
            75.44879035428652,
            38.03895355471185,
            68.48348039310585,
            1.3419601509534258,
            55.79627435275712,
            12.550051170068706,
            127.93539324310579,
            53.72272886840763,
            115.13070052043068,
            52.384984809219986,
            72.0084329024389
        ],
        [
            43.92863912408222,
            27.06257419600035,
            31.69765525427305,
            41.36739480729137,
            41.487715920394045,
            36.64488411407489,
            46.88269805266019,
            57.22500940083397,
            52.63548199468962,
            0.0,
            61.77464189880483,
            50.17597095493508,
            31.330435012583553,
            16.679289005094017,
            53.382184354750535,
            33.35192493222321,
            42.829879543547776,
            76.29213505697513,
            4.894065822535779,
            62.83772441299108,
            25.56811746749048,
            43.92863912408222
        ],
        [
            18.04682289221597,
            66.8842092591879,
            34.54090999890251,
            91.4479930882423,
            48.85704480599231,
            73.44698612252198,
            47.90661198564746,
            76.52207521108512,
            83.2737752793303,
            61.77464189880483,
            0.0,
            11.669804726695492,
            46.66828827554929,
            68.71918314367912,
            84.5994769211867,
            94.82306718537987,
            82.45301897205731,
            82.43763070037657,
            66.54664269116753,
            92.45919982857261,
            38.21615816964965,
            18.04682289221597
        ],
        [
            6.388364571245953,
            57.02502043701357,
            23.427325330695023,
            80.32105049221656,
            41.91183310090211,
            62.982971698874834,
            40.1535576694129,
            68.25451537798962,
            75.44879035428652,
            50.17597095493508,
            11.669804726695492,
            0.0,
            37.75426183223723,
            57.17481484672006,
            76.74424522168287,
            83.31922973730543,
            73.3565069663932,
            76.56872248523815,
            54.92503427386836,
            83.41394268086457,
            27.307631284468908,
            6.388364571245953
        ],
        [
            33.9889267015161,
            20.980427067055835,
            35.94255365110148,
            72.48290899779703,
            10.573677717996844,
            63.97961104784036,
            59.67423307970491,
            80.19640976478695,
            38.03895355471185,
            31.330435012583553,
            46.66828827554929,
            37.75426183223723,
            0.0,
            46.9911175515364,
            39.297111891929234,
            56.851688159851506,
            35.79657757994986,
            95.82643975772964,
            35.48972954238558,
            89.90619564411969,
            15.612186215123263,
            33.9889267015161
        ],
        [
            50.81354662768285,
            43.31697008467874,
            34.67141979634016,
            25.741702066472833,
            57.432109792536714,
            20.951697434992408,
            40.500030009238024,
            43.17827764675821,
            68.48348039310585,
            16.679289005094017,
            68.71918314367912,
            57.17481484672006,
            46.9911175515364,
            0.0,
            69.12856712901238,
            35.11209105697626,
            57.84896376916909,
            63.4128840749685,
            14.761970733694582,
            46.647726255075064,
            37.76972668698095,
            50.81354662768285
        ],
        [
            73.27520703205522,
            26.57634366049964,
            73.20606039571463,
            89.68162282692755,
            35.9070572237844,
            89.85299388087263,
            95.46611781559243,
            110.4662350733199,
            1.3419601509534258,
            53.382184354750535,
            84.5994769211867,
            76.74424522168287,
            39.297111891929234,
            69.12856712901238,
            0.0,
            55.75451288150454,
            12.600000308743194,
            128.8333102913345,
            54.36690339573525,
            115.77458901818946,
            53.56688474086294,
            73.27520703205522
        ],
        [
            77.15320999284137,
            39.79731907910595,
            64.66118548960317,
            41.193572247835704,
            64.39526659158898,
            52.313720105439025,
            75.43069377806825,
            75.30658992482086,
            55.79627435275712,
            33.35192493222321,
            94.82306718537987,
            83.31922973730543,
            56.851688159851506,
            35.11209105697626,
            55.75451288150454,
            0.0,
            43.25211442638466,
            96.19706048862643,
            28.906891008270506,
            73.06623374552588,
            57.2857100314705,
            77.15320999284137
        ],
        [
            69.05536894733414,
            17.76704638838502,
            66.20579461794901,
            77.44153753645591,
            35.956441823239814,
            78.75218215739825,
            87.16245559307438,
            100.03215911918502,
            12.550051170068706,
            42.829879543547776,
            82.45301897205731,
            73.3565069663932,
            35.79657757994986,
            57.84896376916909,
            12.600000308743194,
            43.25211442638466,
            0.0,
            119.01717158887799,
            43.175415066829565,
            104.36788913314618,
            47.86132900779933,
            69.05536894733414
        ],
        [
            73.50925915196919,
            102.28057072275446,
            61.138297895875596,
            59.82954077404026,
            105.50194732558765,
            43.89453605425749,
            37.48305124472353,
            20.9242308454358,
            127.93539324310579,
            76.29213505697513,
            82.43763070037657,
            76.56872248523815,
            95.82643975772964,
            63.4128840749685,
            128.8333102913345,
            96.19706048862643,
            119.01717158887799,
            0.0,
            76.80766398557499,
            31.06970576027896,
            80.53091932199973,
            73.50925915196919
        ],
        [
            48.64601217161798,
            28.690058156236052,
            35.79737098940162,
            37.93442736727028,
            45.40752957385066,
            35.58273722614016,
            49.27083241040821,
            57.15624499361835,
            53.72272886840763,
            4.894065822535779,
            66.54664269116753,
            54.92503427386836,
            35.48972954238558,
            14.761970733694582,
            54.36690339573525,
            28.906891008270506,
            43.175415066829565,
            76.80766398557499,
            0.0,
            61.40953691033411,
            30.45016442149354,
            48.64601217161798
        ],
        [
            78.43537304298154,
            89.84168716227259,
            61.91220278598091,
            32.63750224262978,
            100.42598272949822,
            26.298655606644925,
            45.106471506258565,
            17.46968767887762,
            115.13070052043068,
            62.83772441299108,
            92.45919982857261,
            83.41394268086457,
            89.90619564411969,
            46.647726255075064,
            115.77458901818946,
            73.06623374552588,
            104.36788913314618,
            31.06970576027896,
            61.40953691033411,
            0.0,
            76.70377751282422,
            78.43537304298154
        ],
        [
            21.943016002760235,
            30.592011920441003,
            20.33941845770434,
            63.3885440573301,
            24.978898370712564,
            51.559964148236126,
            44.09253400132869,
            65.70746165749837,
            52.384984809219986,
            25.56811746749048,
            38.21615816964965,
            27.307631284468908,
            15.612186215123263,
            37.76972668698095,
            53.56688474086294,
            57.2857100314705,
            47.86132900779933,
            80.53091932199973,
            30.45016442149354,
            76.70377751282422,
            0.0,
            21.943016002760235
        ],
        [
            0.0,
            52.26202537146103,
            17.43838996271041,
            74.15374713311799,
            39.520089085557046,
            57.220389875763225,
            36.3850620187331,
            63.813777112153026,
            72.0084329024389,
            43.92863912408222,
            18.04682289221597,
            6.388364571245953,
            33.9889267015161,
            50.81354662768285,
            73.27520703205522,
            77.15320999284137,
            69.05536894733414,
            73.50925915196919,
            48.64601217161798,
            78.43537304298154,
            21.943016002760235,
            0.0
        ]
    ],
    "scores_ave": [
        0,
        16.326801926021822,
        19.406887743412934,
        11.775044656020258,
        17.617782616518078,
        13.312078057282955,
        16.59745156470194,
        13.04882501704163,
        18.734498547525995,
        11.933626571818044,
        12.971153038396626,
        16.596796634329174,
        13.086668149314697,
        11.221163894775207,
        12.924627459279561,
        11.515858055892995,
        16.49224328910975,
        12.508450639077813,
        18.17375347375602,
        17.38081695462399,
        19.015890862845936,
        0
    ],
    "scores_var": [
        0,
        281.729876709412,
        277.81048086775303,
        21.217487790297536,
        21.58949475085388,
        386.08258588245565,
        298.47342240162084,
        16.721342737792433,
        259.8303548668416,
        23.50392941918679,
        387.2875500528669,
        16.032096550551156,
        288.66425627031896,
        17.329625470944453,
        18.826277039247238,
        357.3131606055738,
        264.09484625894197,
        24.680133452142154,
        383.77356073238616,
        318.21591932007254,
        23.15483554809218,
        0
    ],
    "vertex_number": 22,
    "minimum_distances": {
        "cost": 429.54194322366465,
        "path": [
            0,
            2,
            6,
            17,
            7,
            19,
            5,
            3,
            13,
            9,
            18,
            15,
            1,
            16,
            14,
            8,
            4,
            12,
            20,
            10,
            11,
            21
        ]
    }
}