{
    "vertices": [
        [
            1.009749288863937,
            18.01546128593846
        ],
        [
            65.5084747257406,
            89.2576034923278
        ],
        [
            13.270206211931868,
            22.146308088211942
        ],
        [
            19.686296044828,
            72.33246959131388
        ],
        [
            5.618484147898506,
            6.815254938606219
        ],
        [
            80.39266081509717,
            59.68152965008285
        ],
        [
            67.70268633353899,
            66.4777339013847
        ],
        [
            50.62785322735772,
            13.327253825176744
        ],
        [
            12.532632488756512,
            83.77426183039076
        ],
        [
            26.14247501856124,
            25.302296258933243
        ],
        [
            12.121391383049074,
            76.89255506988425
        ],
        [
            24.84665943486376,
            99.26547579233053
        ],
        [
            67.0757901808286,
            47.65965143691805
        ],
        [
            33.27404347627731,
            14.802879385714451
        ],
        [
            60.16919168383513,
            48.89258306371222
        ],
        [
            39.44303959250248,
            30.574239482814058
        ],
        [
            15.597595698500177,
            60.62219271423659
        ],
        [
            30.85058584036384,
            8.379529635711979
        ],
        [
            23.388191930845547,
            47.84551458017917
        ],
        [
            1.009749288863937,
            18.01546128593846
        ]
    ],
    "distances": [
        [
            0.0,
            96.10165664096016,
            12.937646589169818,
            57.43823456526093,
            12.111360750291514,
            89.65326483350914,
            82.44112880534097,
            49.839096376703246,
            66.76074210404964,
            26.167763880925108,
            59.91644817971786,
            84.67445389606827,
            72.41201398142564,
            32.423839406794556,
            66.73257280941134,
            40.43316353393677,
            45.03486233879554,
            31.35804051373697,
            37.29110851956136,
            0.0
        ],
        [
            96.10165664096016,
            0.0,
            85.04565049512692,
            48.84805233202991,
            101.89971445724142,
            33.110166708497886,
            22.885301465354825,
            77.37474327423621,
            53.25886683454091,
            75.09968878939203,
            54.80032016629889,
            41.87529976874849,
            41.627468010196424,
            81.13300499653816,
            40.716615989103666,
            64.21171326290973,
            57.542007226910755,
            87.99109098509534,
            59.068429222298064,
            96.10165664096016
        ],
        [
            12.937646589169818,
            85.04565049512692,
            0.0,
            50.59463425264802,
            17.134469388377642,
            76.9045952440602,
            70.2009273928628,
            38.3844956802029,
            61.632367287369796,
            13.253511442778336,
            54.758299225682,
            77.9832052213725,
            59.54806088415444,
            21.309140067282854,
            53.98961069834515,
            27.49631311211071,
            38.54621174093958,
            22.32921711211576,
            27.619247805197585,
            12.937646589169818
        ],
        [
            57.43823456526093,
            48.84805233202991,
            50.59463425264802,
            0.0,
            67.0105122157439,
            62.010555593524664,
            48.37201325515355,
            66.62578666318437,
            13.494054687738048,
            47.47124867343014,
            8.833015459834366,
            27.422913290553627,
            53.42763433042793,
            59.112440564445144,
            46.779195373002985,
            46.196089633247084,
            12.403550099059235,
            64.92010394017811,
            24.765197331502307,
            57.43823456526093
        ],
        [
            12.111360750291514,
            101.89971445724142,
            17.134469388377642,
            67.0105122157439,
            0.0,
            91.57521770723099,
            86.1049334069278,
            45.47801044933336,
            77.2689730037169,
            27.62254329417416,
            70.37837591333147,
            94.42862945510045,
            73.79204015431836,
            28.785970646714716,
            68.89325971979501,
            41.335092809826804,
            54.72448464928574,
            25.280544122841132,
            44.712914476090894,
            12.111360750291514
        ],
        [
            89.65326483350914,
            33.110166708497886,
            76.9045952440602,
            62.010555593524664,
            91.57521770723099,
            0.0,
            14.395271604523865,
            55.08777230916701,
            72.0100214439893,
            64.22627458853428,
            70.40728389779254,
            68.20738274941546,
            17.94058525416635,
            65.07117141617807,
            22.92138896634903,
            50.24047988580085,
            64.80189280001248,
            71.31838751876411,
            58.22027761450986,
            89.65326483350914
        ],
        [
            82.44112880534097,
            22.885301465354825,
            70.2009273928628,
            48.37201325515355,
            86.1049334069278,
            14.395271604523865,
            0.0,
            55.82583145762652,
            57.81785813773358,
            58.50357108410574,
            56.54864143677709,
            53.95993939810589,
            18.828521620821704,
            62.093655378054216,
            19.130893121357655,
            45.691011647724636,
            52.43307956509895,
            68.80028088354663,
            48.072175018401786,
            82.44112880534097
        ],
        [
            49.839096376703246,
            77.37474327423621,
            38.3844956802029,
            66.62578666318437,
            45.47801044933336,
            55.08777230916701,
            55.82583145762652,
            0.0,
            80.08761939282151,
            27.256841110408857,
            74.31887462884251,
            89.72205942933947,
            38.068992051222644,
            17.4164342984322,
            36.82295185596181,
            20.55622947724584,
            58.85516279017488,
            20.386767275653742,
            43.97168945013421,
            49.839096376703246
        ],
        [
            66.76074210404964,
            53.25886683454091,
            61.632367287369796,
            13.494054687738048,
            77.2689730037169,
            72.0100214439893,
            57.81785813773358,
            80.08761939282151,
            0.0,
            60.03497790018578,
            6.8939834047250494,
            19.789213467039392,
            65.41575601408708,
            72.022619544717,
            59.04213144465553,
            59.61889288029426,
            23.354063968317412,
            77.58809868593892,
            37.5328929043621,
            66.76074210404964
        ],
        [
            26.167763880925108,
            75.09968878939203,
            13.253511442778336,
            47.47124867343014,
            27.62254329417416,
            64.22627458853428,
            58.50357108410574,
            27.256841110408857,
            60.03497790018578,
            0.0,
            53.46162727129558,
            73.97452983775236,
            46.641050810718994,
            12.69240022000261,
            41.40433647035728,
            14.307284974494761,
            36.86040647480711,
            17.565487118050168,
            22.710851318403602,
            26.167763880925108
        ],
        [
            59.91644817971786,
            54.80032016629889,
            54.758299225682,
            8.833015459834366,
            70.37837591333147,
            70.40728389779254,
            56.54864143677709,
            74.31887462884251,
            6.8939834047250494,
            53.46162727129558,
            0.0,
            25.738687391617347,
            62.245872168680236,
            65.5939213429304,
            55.611055969929524,
            53.77600598505395,
            16.63756856114611,
            71.02687786439333,
            31.155599108256503,
            59.91644817971786
        ],
        [
            84.67445389606827,
            41.87529976874849,
            77.9832052213725,
            27.422913290553627,
            94.42862945510045,
            68.20738274941546,
            53.95993939810589,
            89.72205942933947,
            19.789213467039392,
            73.97452983775236,
            25.738687391617347,
            0.0,
            66.68178605107603,
            84.88198273796618,
            61.52324443922403,
            70.22492619744177,
            39.73472671421081,
            91.08403999091405,
            51.44064092251795,
            84.67445389606827
        ],
        [
            72.41201398142564,
            41.627468010196424,
            59.54806088415444,
            53.42763433042793,
            73.79204015431836,
            17.94058525416635,
            18.828521620821704,
            38.068992051222644,
            65.41575601408708,
            46.641050810718994,
            62.245872168680236,
            66.68178605107603,
            0.0,
            47.139426703168525,
            7.0157838617663995,
            32.48815486786034,
            53.08513900826309,
            53.43400975246019,
            43.68799361334811,
            72.41201398142564
        ],
        [
            32.423839406794556,
            81.13300499653816,
            21.309140067282854,
            59.112440564445144,
            28.785970646714716,
            65.07117141617807,
            62.093655378054216,
            17.4164342984322,
            72.022619544717,
            12.69240022000261,
            65.5939213429304,
            84.88198273796618,
            47.139426703168525,
            0.0,
            43.42184811774132,
            16.93494353088864,
            49.11075523689051,
            6.86531637464175,
            34.48979271281279,
            32.423839406794556
        ],
        [
            66.73257280941134,
            40.716615989103666,
            53.98961069834515,
            46.779195373002985,
            68.89325971979501,
            22.92138896634903,
            19.130893121357655,
            36.82295185596181,
            59.04213144465553,
            41.40433647035728,
            55.611055969929524,
            61.52324443922403,
            7.0157838617663995,
            43.42184811774132,
            0.0,
            27.661075395958232,
            46.089162622395314,
            50.0088806779839,
            36.79590052218628,
            66.73257280941134
        ],
        [
            40.43316353393677,
            64.21171326290973,
            27.49631311211071,
            46.196089633247084,
            41.335092809826804,
            50.24047988580085,
            45.691011647724636,
            20.55622947724584,
            59.61889288029426,
            14.307284974494761,
            53.77600598505395,
            70.22492619744177,
            32.48815486786034,
            16.93494353088864,
            27.661075395958232,
            0.0,
            38.35993597361402,
            23.79990350147856,
            23.580820107194647,
            40.43316353393677
        ],
        [
            45.03486233879554,
            57.542007226910755,
            38.54621174093958,
            12.403550099059235,
            54.72448464928574,
            64.80189280001248,
            52.43307956509895,
            58.85516279017488,
            23.354063968317412,
            36.86040647480711,
            16.63756856114611,
            39.73472671421081,
            53.08513900826309,
            49.11075523689051,
            46.089162622395314,
            38.35993597361402,
            0.0,
            54.423795841562075,
            14.964521168307888,
            45.03486233879554
        ],
        [
            31.35804051373697,
            87.99109098509534,
            22.32921711211576,
            64.92010394017811,
            25.280544122841132,
            71.31838751876411,
            68.80028088354663,
            20.386767275653742,
            77.58809868593892,
            17.565487118050168,
            71.02687786439333,
            91.08403999091405,
            53.43400975246019,
            6.86531637464175,
            50.0088806779839,
            23.79990350147856,
            54.423795841562075,
            0.0,
            40.1652995818247,
            31.35804051373697
        ],
        [
            37.29110851956136,
            59.068429222298064,
            27.619247805197585,
            24.765197331502307,
            44.712914476090894,
            58.22027761450986,
            48.072175018401786,
            43.97168945013421,
            37.5328929043621,
            22.710851318403602,
            31.155599108256503,
            51.44064092251795,
            43.68799361334811,
            34.48979271281279,
            36.79590052218628,
            23.580820107194647,
            14.964521168307888,
            40.1652995818247,
            0.0,
            37.29110851956136
        ],
        [
            0.0,
            96.10165664096016,
            12.937646589169818,
            57.43823456526093,
            12.111360750291514,
            89.65326483350914,
            82.44112880534097,
            49.839096376703246,
            66.76074210404964,
            26.167763880925108,
            59.91644817971786,
            84.67445389606827,
            72.41201398142564,
            32.423839406794556,
            66.73257280941134,
            40.43316353393677,
            45.03486233879554,
            31.35804051373697,
            37.29110851956136,
            0.0
        ]
    ],
    "scores_ave": [
        0,
        19.820648605036958,
        11.60111983633498,
        17.224959553241476,
        17.328891956052033,
        16.197793308589183,
        19.773511234188213,
        15.070164554881444,
        10.750912618138877,
        19.49188380874857,
        13.304233983435482,
        14.459761288178196,
        11.789154108122753,
        19.84481358027146,
        12.550277025741439,
        12.148285891265752,
        12.886808323669516,
        12.951294247653415,
        19.627548208610627,
        0
    ],
    "scores_var": [
        0,
        329.7131584387682,
        22.009428733517915,
        341.02522889302406,
        18.555312000885408,
        362.61463526585385,
        252.16500814488933,
        24.322433165275058,
        19.212663664888684,
        16.336463843638363,
        248.97322049452262,
        237.08637128068142,
        273.993894010536,
        18.22614320324217,
        341.08390080470724,
        24.96192548861194,
        359.3768918411387,
        21.404558632501036,
        20.947395124849024,
        0
    ],
    "vertex_number": 20,
    "minimum_distances": {
        "cost": 325.78949532328824,
        "path": [
            0,
            2,
            9,
            18,
            16,
            3,
            10,
            8,
            11,
            1,
            6,
            5,
            12,
            14,
            15,
            7,
            13,
            17,
            4,
            19
        ]
    }
}