{
    "vertices": [
        [
            83.36360555172122,
            94.12551013808906
        ],
        [
            83.36401086057008,
            66.09429353373511
        ],
        [
            4.041716885471381,
            58.742036649646
        ],
        [
            56.344174032205174,
            85.89824577440395
        ],
        [
            43.97253236138461,
            0.721729903291024
        ],
        [
            83.95624632583115,
            14.895881244305532
        ],
        [
            40.85649965703597,
            6.3498926624055425
        ],
        [
            20.94422300485118,
            49.5541258383949
        ],
        [
            8.705303125988795,
            5.96096112245349
        ],
        [
            43.74622063423001,
            35.9375157090878
        ],
        [
            71.24978599090096,
            67.06621235100026
        ],
        [
            49.677153980899334,
            94.15012229402629
        ],
        [
            18.032786137060086,
            16.138230452552715
        ],
        [
            72.90738165769682,
            85.62076554137707
        ],
        [
            28.425663936332455,
            21.712166060067684
        ],
        [
            90.12392690311916,
            83.26498495840524
        ],
        [
            69.95471802867979,
            63.78867095181939
        ],
        [
            52.81678959466293,
            0.25045898019528945
        ],
        [
            48.493495005135244,
            81.67685211649487
        ],
        [
            83.36360555172122,
            94.12551013808906
        ]
    ],
    "distances": [
        [
            0.0,
            28.03121660728416,
            86.85592793637223,
            28.2442482383189,
            101.37022644365014,
            79.23184535105689,
            97.5264737124208,
            76.699332565046,
            115.528567134811,
            70.39445918089109,
            29.647094648252807,
            33.68646056194608,
            101.73559730075375,
            13.478252808775647,
            90.89482839797749,
            12.792691349075575,
            33.16808822376054,
            98.71997363761582,
            37.02558164390842,
            0.0
        ],
        [
            28.03121660728416,
            0.0,
            79.66229975817679,
            33.500270246404824,
            76.32339519418835,
            51.20183750418267,
            73.32313375867606,
            64.5740432630862,
            95.86417635114444,
            49.789562673148936,
            12.153150635957072,
            43.83986603376203,
            82.24218602666662,
            22.150038450341498,
            70.62574036324683,
            18.45343081661382,
            13.606065917142391,
            72.58473169876854,
            38.19383468583996,
            28.03121660728416
        ],
        [
            86.85592793637223,
            79.66229975817679,
            0.0,
            58.9322213870605,
            70.4331315469684,
            91.15271449333471,
            64.03331150344503,
            19.238306011475554,
            52.98670560083863,
            45.78748511617062,
            67.72160994828175,
            57.76093531003918,
            44.842327340161944,
            73.92527207495222,
            44.33720998958002,
            89.50710516644193,
            66.10591681146603,
            76.15951927401005,
            50.0196595200151,
            86.85592793637223
        ],
        [
            28.2442482383189,
            33.500270246404824,
            58.9322213870605,
            0.0,
            86.07029902105103,
            76.1824277981045,
            81.04201712927967,
            50.735111970528564,
            93.0560664263545,
            51.524586155319476,
            24.01713452357313,
            10.608610769540405,
            79.58782683399005,
            16.565531748931733,
            69.99497149844748,
            33.882233789186564,
            25.963054649163226,
            85.7203932778918,
            8.91365949546597,
            28.2442482383189
        ],
        [
            101.37022644365014,
            76.32339519418835,
            70.4331315469684,
            86.07029902105103,
            0.0,
            42.42173910424536,
            6.433185514008892,
            53.98986872166809,
            35.654270455441996,
            35.21651298634782,
            71.73310893041902,
            93.60238892538499,
            30.175137503708985,
            89.69432399030222,
            26.120940409518195,
            94.56923481365641,
            68.20933239131102,
            8.856804293386604,
            81.08126118765642,
            101.37022644365014
        ],
        [
            79.23184535105689,
            51.20183750418267,
            91.15271449333471,
            76.1824277981045,
            42.42173910424536,
            0.0,
            43.93884481590619,
            71.91459519004086,
            75.77953054783183,
            45.38277808892638,
            53.69541490691094,
            86.34981700246739,
            65.93516538855206,
            71.58272605376875,
            55.947362039746714,
            68.64673791501515,
            50.85811321745138,
            34.41154106991423,
            75.6128613521914,
            79.23184535105689
        ],
        [
            97.5264737124208,
            73.32313375867606,
            64.03331150344503,
            81.04201712927967,
            6.433185514008892,
            43.93884481590619,
            0.0,
            47.572098185789564,
            32.15354888843204,
            29.72840266274995,
            67.89862539624745,
            88.24219096365653,
            24.834118779130318,
            85.50514793867296,
            19.76170844485963,
            91.34117806526393,
            64.38881551779245,
            13.425782161043044,
            75.71310664967399,
            97.5264737124208
        ],
        [
            76.699332565046,
            64.5740432630862,
            19.238306011475554,
            50.735111970528564,
            53.98986872166809,
            71.91459519004086,
            47.572098185789564,
            0.0,
            45.27863922151827,
            26.55829752269047,
            53.26652646238908,
            53.05077023328723,
            33.54248841503389,
            63.253239890503124,
            28.8296146819418,
            76.95617879066772,
            51.03578055704494,
            58.708705203626444,
            42.318222213171595,
            76.699332565046
        ],
        [
            115.528567134811,
            95.86417635114444,
            52.98670560083863,
            93.0560664263545,
            35.654270455441996,
            75.77953054783183,
            32.15354888843204,
            45.27863922151827,
            0.0,
            46.1135525057963,
            87.43948801624532,
            97.24207273923503,
            13.805026270862431,
            102.31124731842908,
            25.238721985807043,
            112.2715654072361,
            84.23499777427034,
            44.47958040711217,
            85.53359785507291,
            115.528567134811
        ],
        [
            70.39445918089109,
            49.789562673148936,
            45.78748511617062,
            51.524586155319476,
            35.21651298634782,
            45.38277808892638,
            29.72840266274995,
            26.55829752269047,
            46.1135525057963,
            0.0,
            41.538438366805295,
            58.51396017853738,
            32.45292606699581,
            57.60901514636603,
            20.906459053851524,
            66.26296842361084,
            38.24359010382807,
            36.82174954068805,
            45.98503570665796,
            70.39445918089109
        ],
        [
            29.647094648252807,
            12.153150635957072,
            67.72160994828175,
            24.01713452357313,
            71.73310893041902,
            53.69541490691094,
            67.89862539624745,
            53.26652646238908,
            87.43948801624532,
            41.538438366805295,
            0.0,
            34.625375516243736,
            73.65940818179509,
            18.628447801389747,
            62.3770386015931,
            24.87234265526033,
            3.5241280694827446,
            69.31176130103721,
            27.04292095513897,
            29.647094648252807
        ],
        [
            33.68646056194608,
            43.83986603376203,
            57.76093531003918,
            10.608610769540405,
            93.60238892538499,
            86.34981700246739,
            88.24219096365653,
            53.05077023328723,
            97.24207273923503,
            58.51396017853738,
            34.625375516243736,
            0.0,
            84.18563585863076,
            24.74658369411444,
            75.49094867907826,
            41.88588849048025,
            36.51023598002396,
            93.95213718824087,
            12.529306345229234,
            33.68646056194608
        ],
        [
            101.73559730075375,
            82.24218602666662,
            44.842327340161944,
            79.58782683399005,
            30.175137503708985,
            65.93516538855206,
            24.834118779130318,
            33.54248841503389,
            13.805026270862431,
            32.45292606699581,
            73.65940818179509,
            84.18563585863076,
            0.0,
            88.53837538561001,
            11.793246673725253,
            98.50448592546805,
            70.47305507165238,
            38.24066132922365,
            72.27147234113181,
            101.73559730075375
        ],
        [
            13.478252808775647,
            22.150038450341498,
            73.92527207495222,
            16.565531748931733,
            89.69432399030222,
            71.58272605376875,
            85.50514793867296,
            63.253239890503124,
            102.31124731842908,
            57.60901514636603,
            18.628447801389747,
            24.74658369411444,
            88.53837538561001,
            0.0,
            77.86483352005293,
            17.37697132249408,
            22.03085510536333,
            87.70245795753615,
            24.73039252796223,
            13.478252808775647
        ],
        [
            90.89482839797749,
            70.62574036324683,
            44.33720998958002,
            69.99497149844748,
            26.120940409518195,
            55.947362039746714,
            19.76170844485963,
            28.8296146819418,
            25.238721985807043,
            20.906459053851524,
            62.3770386015931,
            75.49094867907826,
            11.793246673725253,
            77.86483352005293,
            0.0,
            87.1517364568848,
            59.11932507827467,
            32.488950147130204,
            63.23354661611097,
            90.89482839797749
        ],
        [
            12.792691349075575,
            18.45343081661382,
            89.50710516644193,
            33.882233789186564,
            94.56923481365641,
            68.64673791501515,
            91.34117806526393,
            76.95617879066772,
            112.2715654072361,
            66.26296842361084,
            24.87234265526033,
            41.88588849048025,
            98.50448592546805,
            17.37697132249408,
            87.1517364568848,
            0.0,
            28.037899241988434,
            91.01227399388996,
            41.660713219245665,
            12.792691349075575
        ],
        [
            33.16808822376054,
            13.606065917142391,
            66.10591681146603,
            25.963054649163226,
            68.20933239131102,
            50.85811321745138,
            64.38881551779245,
            51.03578055704494,
            84.23499777427034,
            38.24359010382807,
            3.5241280694827446,
            36.51023598002396,
            70.47305507165238,
            22.03085510536333,
            59.11932507827467,
            28.037899241988434,
            0.0,
            65.80891255415577,
            27.938702887689136,
            33.16808822376054
        ],
        [
            98.71997363761582,
            72.58473169876854,
            76.15951927401005,
            85.7203932778918,
            8.856804293386604,
            34.41154106991423,
            13.425782161043044,
            58.708705203626444,
            44.47958040711217,
            36.82174954068805,
            69.31176130103721,
            93.95213718824087,
            38.24066132922365,
            87.70245795753615,
            32.488950147130204,
            91.01227399388996,
            65.80891255415577,
            0.0,
            81.54108397179336,
            98.71997363761582
        ],
        [
            37.02558164390842,
            38.19383468583996,
            50.0196595200151,
            8.91365949546597,
            81.08126118765642,
            75.6128613521914,
            75.71310664967399,
            42.318222213171595,
            85.53359785507291,
            45.98503570665796,
            27.04292095513897,
            12.529306345229234,
            72.27147234113181,
            24.73039252796223,
            63.23354661611097,
            41.660713219245665,
            27.938702887689136,
            81.54108397179336,
            0.0,
            37.02558164390842
        ],
        [
            0.0,
            28.03121660728416,
            86.85592793637223,
            28.2442482383189,
            101.37022644365014,
            79.23184535105689,
            97.5264737124208,
            76.699332565046,
            115.528567134811,
            70.39445918089109,
            29.647094648252807,
            33.68646056194608,
            101.73559730075375,
            13.478252808775647,
            90.89482839797749,
            12.792691349075575,
            33.16808822376054,
            98.71997363761582,
            37.02558164390842,
            0.0
        ]
    ],
    "scores_ave": [
        0,
        11.762552667998557,
        17.63776332899413,
        10.382783069527182,
        13.202611703008728,
        12.661751897276385,
        13.91387565437682,
        17.76286964833373,
        10.97064111898195,
        16.881725367336863,
        10.665635056776688,
        19.30159176738871,
        10.34004144321896,
        14.537734266889348,
        14.087798808894352,
        13.806134639615479,
        10.074661760408349,
        10.123039544662413,
        19.620084700023337,
        0
    ],
    "scores_var": [
        0,
        276.48973197512964,
        385.1471963295513,
        20.07165586195478,
        22.701203519657387,
        22.5440822775821,
        371.2332080305934,
        228.74723125885367,
        19.729595198263226,
        21.64878707821366,
        22.066711340536713,
        19.23965421679476,
        20.493631674115637,
        245.68654312126745,
        21.851878793493984,
        370.8071066321768,
        17.42032631942329,
        252.7532402609513,
        335.42794120620994,
        0
    ],
    "vertex_number": 20,
    "minimum_distances": {
        "cost": 389.2724036601226,
        "path": [
            0,
            13,
            3,
            11,
            18,
            2,
            7,
            14,
            12,
            8,
            6,
            4,
            17,
            5,
            9,
            16,
            10,
            1,
            15,
            19
        ]
    }
}