{
    "vertices": [
        [
            95.25501075249689,
            36.67975334397403
        ],
        [
            9.390748740472654,
            16.569155119457836
        ],
        [
            82.83226515433128,
            72.33158011847343
        ],
        [
            83.79328678382258,
            33.845923902084905
        ],
        [
            41.166209968261235,
            80.61109202288056
        ],
        [
            24.70509719469083,
            91.24556207769233
        ],
        [
            77.52531477441501,
            74.27359498845952
        ],
        [
            48.67676649499991,
            36.14367998510887
        ],
        [
            49.31068406951804,
            82.25345738730282
        ],
        [
            21.459391981432997,
            3.0057417610391823
        ],
        [
            46.733541977001494,
            46.62583682413759
        ],
        [
            72.09473915588114,
            47.03237314479303
        ],
        [
            50.22321736364405,
            79.88488784096914
        ],
        [
            31.521164634019005,
            26.222170547103975
        ],
        [
            65.99061035573854,
            57.676591415470945
        ],
        [
            91.81995007856042,
            95.78704821253838
        ],
        [
            65.49119479339036,
            85.88065659998033
        ],
        [
            88.71125882721755,
            89.74280291288376
        ],
        [
            26.82597479645681,
            28.48238047286985
        ],
        [
            95.25501075249689,
            36.67975334397403
        ]
    ],
    "distances": [
        [
            0.0,
            88.18791102989945,
            37.75417010815699,
            11.806849945679868,
            69.68185480020979,
            89.18922460577082,
            41.56487758992999,
            46.581329014500376,
            64.71355078019754,
            81.11554971700448,
            49.53036955975351,
            25.368778393318735,
            62.40629826163195,
            64.58609896105516,
            36.01766704802593,
            59.20702617521875,
            57.50316184049757,
            53.46501584038079,
            68.9182841041544,
            0.0
        ],
        [
            88.18791102989945,
            0.0,
            92.21227887292399,
            76.38209480539591,
            71.49160523152821,
            76.2305386624617,
            89.28673736467742,
            43.89251889246072,
            76.86370275421808,
            18.155394008638517,
            47.93629441042116,
            69.71225191079934,
            75.34037764654579,
            24.144067893950748,
            69.95259576097247,
            114.32430983540529,
            89.17031055693819,
            107.91721851408951,
            21.116629606650005,
            88.18791102989945
        ],
        [
            37.75417010815699,
            92.21227887292399,
            0.0,
            38.49765313598213,
            42.48070705795578,
            61.12696924076892,
            5.651118835252059,
            49.76105108144274,
            34.959119653724436,
            92.58888391949522,
            44.31594581353058,
            27.48352848643186,
            33.47241334839836,
            68.98482940202062,
            22.325098661374206,
            25.11846858008893,
            22.006594347259345,
            18.37697597001288,
            71.12985919577336,
            37.75417010815699
        ],
        [
            11.806849945679868,
            76.38209480539591,
            38.49765313598213,
            0.0,
            63.27755231680544,
            82.3779862075532,
            40.910683966157386,
            35.19161377675607,
            59.43348541079394,
            69.54589330599073,
            39.20141399799186,
            17.627775249126923,
            56.97837977199325,
            52.82514902261582,
            29.746193069645265,
            62.45902820641818,
            55.15958645754761,
            56.11281076694965,
            57.21924705187009,
            11.806849945679868
        ],
        [
            69.68185480020979,
            71.49160523152821,
            42.48070705795578,
            63.27755231680544,
            0.0,
            19.597453586904884,
            36.90729427858631,
            45.0972193453022,
            8.308418765101859,
            80.06840240962137,
            34.43824555082952,
            45.651990966474706,
            9.086074811151661,
            55.237502467053844,
            33.79707343408679,
            52.878266172711704,
            24.889218500687942,
            48.414045635323085,
            54.065191321652385,
            69.68185480020979
        ],
        [
            89.18922460577082,
            76.2305386624617,
            61.12696924076892,
            82.3779862075532,
            19.597453586904884,
            0.0,
            55.479933778325695,
            60.090418031399565,
            26.197191685705437,
            88.29949315735965,
            49.76115212924657,
            64.81191434316733,
            27.93276527789691,
            65.37966213951904,
            53.210613492912515,
            67.2683326234303,
            41.13742782570913,
            64.02380035609065,
            62.799005461564434,
            89.18922460577082
        ],
        [
            41.56487758992999,
            89.28673736467742,
            5.651118835252059,
            40.910683966157386,
            36.90729427858631,
            55.479933778325695,
            0.0,
            47.81348299373817,
            29.32138451230071,
            90.67797197927261,
            41.38274765551901,
            27.777244627292806,
            27.872766825413144,
            66.52308787919725,
            20.211628673316508,
            25.829542545371368,
            16.719567068896747,
            19.089833371758335,
            68.31733602105209,
            41.56487758992999
        ],
        [
            46.581329014500376,
            43.89251889246072,
            49.76105108144274,
            35.19161377675607,
            45.0972193453022,
            60.090418031399565,
            47.81348299373817,
            0.0,
            46.11413474815676,
            42.88249555650908,
            10.660756705100574,
            25.8256671215195,
            43.768536358652696,
            19.817947036484675,
            27.63033593537825,
            73.6115864741248,
            52.50230320462126,
            66.90012372877285,
            23.154969403334437,
            46.581329014500376
        ],
        [
            64.71355078019754,
            76.86370275421808,
            34.959119653724436,
            59.43348541079394,
            8.308418765101859,
            26.197191685705437,
            29.32138451230071,
            46.11413474815676,
            0.0,
            83.9993744200335,
            35.72070839664149,
            41.94803858819146,
            2.538274750437348,
            58.787516589107916,
            29.702563557900806,
            44.61161034139461,
            16.58208374764148,
            40.10605425167885,
            58.282852226293386,
            64.71355078019754
        ],
        [
            81.11554971700448,
            18.155394008638517,
            92.58888391949522,
            69.54589330599073,
            80.06840240962137,
            88.29949315735965,
            90.67797197927261,
            42.88249555650908,
            83.9993744200335,
            0.0,
            50.413245792274054,
            67.09905106987604,
            82.08386414270188,
            25.303000503709942,
            70.51192248008537,
            116.4430288277759,
            93.84589052501364,
            109.75486946601485,
            26.035731815404343,
            81.11554971700448
        ],
        [
            49.53036955975351,
            47.93629441042116,
            44.31594581353058,
            39.20141399799186,
            34.43824555082952,
            49.76115212924657,
            41.38274765551901,
            10.660756705100574,
            35.72070839664149,
            50.413245792274054,
            0.0,
            25.36445532878688,
            33.44162539178296,
            25.450462117019523,
            22.202564256887747,
            66.70538884284647,
            43.50621122108974,
            60.17641960647875,
            26.9350373940386,
            49.53036955975351
        ],
        [
            25.368778393318735,
            69.71225191079934,
            27.48352848643186,
            17.627775249126923,
            45.651990966474706,
            64.81191434316733,
            27.777244627292806,
            25.8256671215195,
            41.94803858819146,
            67.09905106987604,
            25.36445532878688,
            0.0,
            39.46708992782175,
            45.599117114676304,
            12.270279988759995,
            52.59374760278656,
            39.40553166196293,
            45.82891594793533,
            48.92201196555075,
            25.368778393318735
        ],
        [
            62.40629826163195,
            75.34037764654579,
            33.47241334839836,
            56.97837977199325,
            9.086074811151661,
            27.93276527789691,
            27.872766825413144,
            43.768536358652696,
            2.538274750437348,
            82.08386414270188,
            33.44162539178296,
            39.46708992782175,
            0.0,
            56.828285243028155,
            27.236356435653178,
            44.532761839339145,
            16.40306001350898,
            39.730439530249775,
            56.47697516223138,
            62.40629826163195
        ],
        [
            64.58609896105516,
            24.144067893950748,
            68.98482940202062,
            52.82514902261582,
            55.237502467053844,
            65.37966213951904,
            66.52308787919725,
            19.817947036484675,
            58.787516589107916,
            25.303000503709942,
            25.450462117019523,
            45.599117114676304,
            56.828285243028155,
            0.0,
            46.66393983074006,
            92.0609348784472,
            68.65200584942761,
            85.4726717142706,
            5.210888265860045,
            64.58609896105516
        ],
        [
            36.01766704802593,
            69.95259576097247,
            22.325098661374206,
            29.746193069645265,
            33.79707343408679,
            53.210613492912515,
            20.211628673316508,
            27.63033593537825,
            29.702563557900806,
            70.51192248008537,
            22.202564256887747,
            12.270279988759995,
            27.236356435653178,
            46.66393983074006,
            0.0,
            46.03869793769246,
            28.20848646836568,
            39.29974283327222,
            48.84844553363438,
            36.01766704802593
        ],
        [
            59.20702617521875,
            114.32430983540529,
            25.11846858008893,
            62.45902820641818,
            52.878266172711704,
            67.2683326234303,
            25.829542545371368,
            73.6115864741248,
            44.61161034139461,
            116.4430288277759,
            66.70538884284647,
            52.59374760278656,
            44.532761839339145,
            92.0609348784472,
            46.03869793769246,
            0.0,
            28.130765180629748,
            6.79682738772824,
            93.56353521814934,
            59.20702617521875
        ],
        [
            57.50316184049757,
            89.17031055693819,
            22.006594347259345,
            55.15958645754761,
            24.889218500687942,
            41.13742782570913,
            16.719567068896747,
            52.50230320462126,
            16.58208374764148,
            93.84589052501364,
            43.50621122108974,
            39.40553166196293,
            16.40306001350898,
            68.65200584942761,
            28.20848646836568,
            28.130765180629748,
            0.0,
            23.539064294854803,
            69.20665675912463,
            57.50316184049757
        ],
        [
            53.46501584038079,
            107.91721851408951,
            18.37697597001288,
            56.11281076694965,
            48.414045635323085,
            64.02380035609065,
            19.089833371758335,
            66.90012372877285,
            40.10605425167885,
            109.75486946601485,
            60.17641960647875,
            45.82891594793533,
            39.730439530249775,
            85.4726717142706,
            39.29974283327222,
            6.79682738772824,
            23.539064294854803,
            0.0,
            87.07828510654589,
            53.46501584038079
        ],
        [
            68.9182841041544,
            21.116629606650005,
            71.12985919577336,
            57.21924705187009,
            54.065191321652385,
            62.799005461564434,
            68.31733602105209,
            23.154969403334437,
            58.282852226293386,
            26.035731815404343,
            26.9350373940386,
            48.92201196555075,
            56.47697516223138,
            5.210888265860045,
            48.84844553363438,
            93.56353521814934,
            69.20665675912463,
            87.07828510654589,
            0.0,
            68.9182841041544
        ],
        [
            0.0,
            88.18791102989945,
            37.75417010815699,
            11.806849945679868,
            69.68185480020979,
            89.18922460577082,
            41.56487758992999,
            46.581329014500376,
            64.71355078019754,
            81.11554971700448,
            49.53036955975351,
            25.368778393318735,
            62.40629826163195,
            64.58609896105516,
            36.01766704802593,
            59.20702617521875,
            57.50316184049757,
            53.46501584038079,
            68.9182841041544,
            0.0
        ]
    ],
    "scores_ave": [
        0,
        17.626614668613573,
        10.783111597070613,
        12.736770573573347,
        18.24284467594532,
        13.036643515464698,
        16.06846073030588,
        19.671198011439408,
        19.15166279702032,
        12.416011024999937,
        17.010770806902915,
        10.127013902765388,
        13.760389083255664,
        13.992317960654171,
        12.74688215142261,
        15.075036388199214,
        17.76211723422667,
        15.891425356962772,
        19.014262218488795,
        0
    ],
    "scores_var": [
        0,
        20.070864712647968,
        240.1581763313744,
        22.175688046930983,
        334.3415960829339,
        20.50649076110708,
        20.47316743177137,
        321.4318779792248,
        21.56388373886211,
        228.38092805364894,
        358.28840713157314,
        18.62689035924962,
        368.58399992541666,
        319.54839862481003,
        17.333351164426734,
        24.379502502109354,
        331.5336524667077,
        21.662057145442464,
        21.224223939505876,
        0
    ],
    "vertex_number": 20,
    "minimum_distances": {
        "cost": 364.2886479338828,
        "path": [
            0,
            2,
            6,
            17,
            15,
            16,
            12,
            8,
            4,
            5,
            1,
            9,
            18,
            13,
            7,
            10,
            14,
            11,
            3,
            19
        ]
    }
}