{
    "vertices": [
        [
            39.08618683689448,
            35.64404044759512
        ],
        [
            72.42076127203195,
            34.063863741437736
        ],
        [
            9.557440538878259,
            97.09490792549369
        ],
        [
            13.961465474931146,
            0.8323054805321917
        ],
        [
            46.868200534641055,
            22.316761036196308
        ],
        [
            78.00499972201771,
            43.38107856257134
        ],
        [
            77.81826974306631,
            57.45545397024022
        ],
        [
            66.9870621347828,
            79.40659267253832
        ],
        [
            32.712599685482694,
            68.73766092376474
        ],
        [
            72.83293911128219,
            23.190807603743522
        ],
        [
            81.33961704277752,
            47.07757433601947
        ],
        [
            81.35625769254146,
            50.21859322391167
        ],
        [
            44.30332081659457,
            80.86215476421313
        ],
        [
            40.76325532034024,
            65.07426696476904
        ],
        [
            93.21258618070253,
            52.091567284597495
        ],
        [
            46.44751154421433,
            26.103816803418333
        ],
        [
            4.302829914704853,
            86.41932083864008
        ],
        [
            75.75565622462666,
            88.07895876362926
        ],
        [
            27.92016754483633,
            43.24457342102524
        ],
        [
            3.5142899315873444,
            64.3027422835578
        ],
        [
            82.7539017350817,
            56.579107629185074
        ],
        [
            56.33153561784352,
            94.21046284454411
        ],
        [
            18.380511129622334,
            20.410597887562865
        ],
        [
            39.08618683689448,
            35.64404044759512
        ]
    ],
    "distances": [
        [
            0.0,
            33.37200640049087,
            68.17738607279439,
            42.93143970254583,
            15.432955442863493,
            39.68042029993923,
            44.45123177265613,
            51.90009460135113,
            33.70178525534507,
            35.971187043689234,
            43.77302892582575,
            44.71215135476097,
            45.518088155291366,
            29.477971292989857,
            56.57020633672197,
            12.05010243224129,
            61.546819719345955,
            63.98492513074467,
            13.507334611640198,
            45.68020403155409,
            48.42671124830848,
            61.05266486366037,
            25.705695453041564,
            0.0
        ],
        [
            33.37200640049087,
            0.0,
            89.0208381477717,
            67.24452192960321,
            28.123438306962775,
            10.862514031726315,
            24.006240670440164,
            45.66714522754196,
            52.71631917750569,
            10.880865790212598,
            15.776648937556109,
            18.46126704570547,
            54.59551721906705,
            44.31526589286126,
            27.519049367172354,
            27.165640958369643,
            85.91359880867824,
            54.117945402622425,
            45.43774061607591,
            75.24952869006293,
            24.773170954761923,
            62.261356922421726,
            55.73831988794413,
            33.37200640049087
        ],
        [
            68.17738607279439,
            89.0208381477717,
            0.0,
            96.363292103965,
            83.56951635410336,
            87.00714811415507,
            78.93558838390952,
            60.09191237709713,
            36.61003759382998,
            97.29133961434391,
            87.4895109315265,
            85.74648112119188,
            38.35072973840862,
            44.71156811956553,
            94.9920210396398,
            80.00382714271575,
            11.898701293026546,
            66.80936385916415,
            56.8950636640692,
            33.34435179682701,
            83.66153241064664,
            46.86294905232807,
            77.19021946233053,
            68.17738607279439
        ],
        [
            42.93143970254583,
            67.24452192960321,
            96.363292103965,
            0.0,
            39.29930079293076,
            76.88935147108869,
            85.34560560583333,
            94.79257623287349,
            70.44673400558658,
            62.974225087008584,
            81.72172416326016,
            83.5527583932855,
            85.58857962335345,
            69.60866005217773,
            94.38353698510379,
            41.158139823834986,
            86.13028758104934,
            106.91351888096615,
            44.65026131314966,
            64.32448853119867,
            88.54436874475941,
            102.5412264243679,
            20.07081209302304,
            42.93143970254583
        ],
        [
            15.432955442863493,
            28.123438306962775,
            83.56951635410336,
            39.29930079293076,
            0.0,
            37.592628752016935,
            46.8255755449876,
            60.53112809415942,
            48.53123717537338,
            25.979445851587315,
            42.442625170294576,
            44.361450900055495,
            58.60155061716846,
            43.19114109746982,
            55.08485425269544,
            3.8103504577290344,
            76.94770268980359,
            71.82723540679308,
            28.231211192531703,
            60.3521680296687,
            49.61544058763759,
            72.51385433559992,
            28.55139060686929,
            15.432955442863493
        ],
        [
            39.68042029993923,
            10.862514031726315,
            87.00714811415507,
            76.88935147108869,
            37.592628752016935,
            0.0,
            14.07561406124201,
            37.672703852572546,
            51.907203451057754,
            20.842198836783222,
            4.9783284020875085,
            7.614626499641522,
            50.40470448556882,
            43.09921053955768,
            17.525504263070964,
            35.97747675958517,
            85.3481114759991,
            44.754441574411146,
            50.085018197761414,
            77.373004710533,
            14.026405155023298,
            55.25726515816167,
            63.89618628952454,
            39.68042029993923
        ],
        [
            44.45123177265613,
            24.006240670440164,
            78.93558838390952,
            85.34560560583333,
            46.8255755449876,
            14.07561406124201,
            0.0,
            24.477899186434854,
            46.49526497489558,
            34.62541714014837,
            10.959026987262934,
            8.055402671026599,
            40.879401213845846,
            37.83015206570069,
            16.30203235668768,
            44.351433156222654,
            79.01534962985245,
            30.69288875875276,
            51.882267962850854,
            74.61880978057992,
            5.0128281508631956,
            42.57476272063265,
            70.03690820686127,
            44.45123177265613
        ],
        [
            51.90009460135113,
            45.66714522754196,
            60.09191237709713,
            94.79257623287349,
            60.53112809415942,
            37.672703852572546,
            24.477899186434854,
            0.0,
            35.89658592190172,
            56.518923985912,
            35.37175792903112,
            32.533261330369896,
            22.730393335646454,
            29.884839033108218,
            37.866723167274,
            57.12319190850737,
            63.07528299859062,
            12.332808922964327,
            53.23451783616333,
            65.24506960477129,
            27.743238895018543,
            18.2399237230532,
            76.44033098624128,
            51.90009460135113
        ],
        [
            33.70178525534507,
            52.71631917750569,
            36.61003759382998,
            70.44673400558658,
            48.53123717537338,
            51.907203451057754,
            46.49526497489558,
            35.89658592190172,
            0.0,
            60.697260918404616,
            53.2329425079553,
            52.04960454008689,
            16.773436357117596,
            8.844970969419277,
            62.74823343621482,
            44.79165623467302,
            33.462757145428284,
            47.18888130017804,
            25.939639863441304,
            29.533198198462607,
            51.4972070022864,
            34.73784351787294,
            50.40747746196047,
            33.70178525534507
        ],
        [
            35.971187043689234,
            10.880865790212598,
            97.29133961434391,
            62.974225087008584,
            25.979445851587315,
            20.842198836783222,
            34.62541714014837,
            56.518923985912,
            60.697260918404616,
            0.0,
            25.3562851055188,
            28.339868651202455,
            64.34223654291154,
            52.75119701483257,
            35.36359603892975,
            26.545741852402138,
            93.24280536529508,
            64.95394088331221,
            49.186487709879465,
            80.59321495768067,
            34.83107919619671,
            72.91150627833336,
            54.52335718904145,
            35.971187043689234
        ],
        [
            43.77302892582575,
            15.776648937556109,
            87.4895109315265,
            81.72172416326016,
            42.442625170294576,
            4.9783284020875085,
            10.959026987262934,
            35.37175792903112,
            53.2329425079553,
            25.3562851055188,
            0.0,
            3.141062967423628,
            50.130680355074574,
            44.38831013007549,
            12.88827069231982,
            40.710656235919444,
            86.50109588260973,
            41.37987606795466,
            53.556787437984326,
            79.70876959773408,
            9.606213411746607,
            53.35647398126251,
            68.37380090565706,
            43.77302892582575
        ],
        [
            44.71215135476097,
            18.46126704570547,
            85.74648112119188,
            83.5527583932855,
            44.361450900055495,
            7.614626499641522,
            8.055402671026599,
            32.533261330369896,
            52.04960454008689,
            28.339868651202455,
            3.141062967423628,
            0.0,
            48.08272033701034,
            43.22595150929975,
            12.003356074497736,
            42.42809210250592,
            85.13356219582288,
            38.27236621380294,
            53.88926314661133,
            79.10584807478998,
            6.512261693861721,
            50.61147407095152,
            69.67396386835482,
            44.71215135476097
        ],
        [
            45.518088155291366,
            54.59551721906705,
            38.35072973840862,
            85.58857962335345,
            58.60155061716846,
            50.40470448556882,
            40.879401213845846,
            22.730393335646454,
            16.773436357117596,
            64.34223654291154,
            50.130680355074574,
            48.08272033701034,
            0.0,
            16.179909297817648,
            56.74383616199161,
            54.80030228114651,
            40.38466747629506,
            32.26967094014654,
            41.0303562894265,
            44.02225780491679,
            45.476516479729625,
            17.96817408398565,
            65.77524451401047,
            45.518088155291366
        ],
        [
            29.477971292989857,
            44.31526589286126,
            44.71156811956553,
            69.60866005217773,
            43.19114109746982,
            43.09921053955768,
            37.83015206570069,
            29.884839033108218,
            8.844970969419277,
            52.75119701483257,
            44.38831013007549,
            43.22595150929975,
            16.179909297817648,
            0.0,
            54.03223851262576,
            39.382823090745674,
            42.24895200639135,
            41.87700999124522,
            25.32746382532345,
            37.25695469125502,
            42.841359904475475,
            33.03466757462909,
            49.958288330819535,
            29.477971292989857
        ],
        [
            56.57020633672197,
            27.519049367172354,
            94.9920210396398,
            94.38353698510379,
            55.08485425269544,
            17.525504263070964,
            16.30203235668768,
            37.866723167274,
            62.74823343621482,
            35.36359603892975,
            12.88827069231982,
            12.003356074497736,
            56.74383616199161,
            54.03223851262576,
            0.0,
            53.5007979457161,
            95.30655498624527,
            39.99795930990014,
            65.88906761931977,
            90.52567119248144,
            11.380777595462112,
            55.98404463603763,
            81.26206543268725,
            56.57020633672197
        ],
        [
            12.05010243224129,
            27.165640958369643,
            80.00382714271575,
            41.158139823834986,
            3.8103504577290344,
            35.97747675958517,
            44.351433156222654,
            57.12319190850737,
            44.79165623467302,
            26.545741852402138,
            40.710656235919444,
            42.42809210250592,
            54.80030228114651,
            39.382823090745674,
            53.5007979457161,
            0.0,
            73.58080059822375,
            68.55571140026393,
            25.240206280760123,
            57.466681006268225,
            47.40144849692436,
            68.82012181665529,
            28.63859727529548,
            12.05010243224129
        ],
        [
            61.546819719345955,
            85.91359880867824,
            11.898701293026546,
            86.13028758104934,
            76.94770268980359,
            85.3481114759991,
            79.01534962985245,
            63.07528299859062,
            33.462757145428284,
            93.24280536529508,
            86.50109588260973,
            85.13356219582288,
            40.38466747629506,
            42.24895200639135,
            95.30655498624527,
            73.58080059822375,
            0.0,
            71.47209795240319,
            49.21216771602795,
            22.130631312461468,
            83.93455184935259,
            52.608821607216946,
            67.49320420620809,
            61.546819719345955
        ],
        [
            63.98492513074467,
            54.117945402622425,
            66.80936385916415,
            106.91351888096615,
            71.82723540679308,
            44.754441574411146,
            30.69288875875276,
            12.332808922964327,
            47.18888130017804,
            64.95394088331221,
            41.37987606795466,
            38.27236621380294,
            32.26967094014654,
            41.87700999124522,
            39.99795930990014,
            68.55571140026393,
            71.47209795240319,
            0.0,
            65.5618493201912,
            76.05342512991967,
            32.267879721431164,
            20.36889303916963,
            88.71817366428567,
            63.98492513074467
        ],
        [
            13.507334611640198,
            45.43774061607591,
            56.8950636640692,
            44.65026131314966,
            28.231211192531703,
            50.085018197761414,
            51.882267962850854,
            53.23451783616333,
            25.939639863441304,
            49.186487709879465,
            53.556787437984326,
            53.88926314661133,
            41.0303562894265,
            25.32746382532345,
            65.88906761931977,
            25.240206280760123,
            49.21216771602795,
            65.5618493201912,
            0.0,
            32.23497072925341,
            56.431801387117424,
            58.35004473443226,
            24.74662569287158,
            13.507334611640198
        ],
        [
            45.68020403155409,
            75.24952869006293,
            33.34435179682701,
            64.32448853119867,
            60.3521680296687,
            77.373004710533,
            74.61880978057992,
            65.24506960477129,
            29.533198198462607,
            80.59321495768067,
            79.70876959773408,
            79.10584807478998,
            44.02225780491679,
            37.25695469125502,
            90.52567119248144,
            57.466681006268225,
            22.130631312461468,
            76.05342512991967,
            32.23497072925341,
            0.0,
            79.61514058922907,
            60.69706081052352,
            46.34139480408175,
            45.68020403155409
        ],
        [
            48.42671124830848,
            24.773170954761923,
            83.66153241064664,
            88.54436874475941,
            49.61544058763759,
            14.026405155023298,
            5.0128281508631956,
            27.743238895018543,
            51.4972070022864,
            34.83107919619671,
            9.606213411746607,
            6.512261693861721,
            45.476516479729625,
            42.841359904475475,
            11.380777595462112,
            47.40144849692436,
            83.93455184935259,
            32.267879721431164,
            56.431801387117424,
            79.61514058922907,
            0.0,
            45.98108661806402,
            73.8382997838714,
            48.42671124830848
        ],
        [
            61.05266486366037,
            62.261356922421726,
            46.86294905232807,
            102.5412264243679,
            72.51385433559992,
            55.25726515816167,
            42.57476272063265,
            18.2399237230532,
            34.73784351787294,
            72.91150627833336,
            53.35647398126251,
            50.61147407095152,
            17.96817408398565,
            33.03466757462909,
            55.98404463603763,
            68.82012181665529,
            52.608821607216946,
            20.36889303916963,
            58.35004473443226,
            60.69706081052352,
            45.98108661806402,
            0.0,
            82.98614539412127,
            61.05266486366037
        ],
        [
            25.705695453041564,
            55.73831988794413,
            77.19021946233053,
            20.07081209302304,
            28.55139060686929,
            63.89618628952454,
            70.03690820686127,
            76.44033098624128,
            50.40747746196047,
            54.52335718904145,
            68.37380090565706,
            69.67396386835482,
            65.77524451401047,
            49.958288330819535,
            81.26206543268725,
            28.63859727529548,
            67.49320420620809,
            88.71817366428567,
            24.74662569287158,
            46.34139480408175,
            73.8382997838714,
            82.98614539412127,
            0.0,
            25.705695453041564
        ],
        [
            0.0,
            33.37200640049087,
            68.17738607279439,
            42.93143970254583,
            15.432955442863493,
            39.68042029993923,
            44.45123177265613,
            51.90009460135113,
            33.70178525534507,
            35.971187043689234,
            43.77302892582575,
            44.71215135476097,
            45.518088155291366,
            29.477971292989857,
            56.57020633672197,
            12.05010243224129,
            61.546819719345955,
            63.98492513074467,
            13.507334611640198,
            45.68020403155409,
            48.42671124830848,
            61.05266486366037,
            25.705695453041564,
            0.0
        ]
    ],
    "scores_ave": [
        0,
        16.792141749144015,
        12.383587423686127,
        11.00306757105491,
        12.381774155909694,
        17.552225641711672,
        17.962682604550498,
        11.548950796814175,
        12.095791650090753,
        10.282794829254927,
        10.716314230358389,
        19.976341642952242,
        17.507400845818026,
        12.544786466107638,
        12.196772753077665,
        14.966968439491097,
        13.830774931589474,
        19.573972317207136,
        13.03380853003135,
        14.973143957895282,
        12.165737787804042,
        16.357560654957783,
        15.109104804475713,
        0
    ],
    "scores_var": [
        0,
        24.990311395671952,
        20.604685904287567,
        286.5954626076505,
        374.14987943487284,
        21.577766948622525,
        19.046517015334334,
        22.329672283461978,
        315.1650484184538,
        17.027676236331942,
        385.4983129082247,
        24.951311255385868,
        20.63359997482393,
        352.0110729198708,
        360.29200275976217,
        20.36946037797731,
        18.06552371054333,
        22.194238495465235,
        17.806007854589023,
        393.4000500926054,
        395.77022798474474,
        18.074420115430485,
        236.5142934714394,
        0
    ],
    "vertex_number": 24,
    "minimum_distances": {
        "cost": 390.89550567063395,
        "path": [
            0,
            15,
            4,
            9,
            1,
            5,
            10,
            11,
            14,
            20,
            6,
            7,
            17,
            21,
            12,
            13,
            8,
            2,
            16,
            19,
            18,
            22,
            3,
            23
        ]
    }
}