{
    "vertices": [
        [
            81.02094283285732,
            18.468624201217875
        ],
        [
            54.32625375684928,
            36.74029987227472
        ],
        [
            23.854967252143446,
            21.229879214667
        ],
        [
            91.0264540251485,
            99.13309883958675
        ],
        [
            29.80172843367852,
            32.986458385749906
        ],
        [
            98.1116075171827,
            69.32492246820321
        ],
        [
            87.64080101318208,
            23.258741516127724
        ],
        [
            16.395432886637796,
            89.7351259832562
        ],
        [
            53.32632272415335,
            2.907974598838925
        ],
        [
            59.99627983904977,
            40.506815485115375
        ],
        [
            43.013375267178745,
            53.40488781917493
        ],
        [
            56.15468698457802,
            97.04708222882978
        ],
        [
            22.875390864632205,
            42.412735146097866
        ],
        [
            22.844364904296665,
            70.35581553954144
        ],
        [
            18.238498733152355,
            50.99463508303036
        ],
        [
            36.74418844321925,
            58.41500722814851
        ],
        [
            79.90718570236379,
            6.142426172789561
        ],
        [
            73.03211737644048,
            32.73995853858742
        ],
        [
            92.4486953057205,
            83.48939967834717
        ],
        [
            45.609734699298464,
            91.29020348650654
        ],
        [
            61.617804856508705,
            51.03123117142275
        ],
        [
            21.120980194204286,
            87.69294405979359
        ],
        [
            81.02094283285732,
            18.468624201217875
        ]
    ],
    "distances": [
        [
            0.0,
            32.34904259314382,
            57.23262437931772,
            81.28264096904775,
            53.23697430431796,
            53.65122452258311,
            8.171153297926304,
            96.20483777886739,
            31.766740453081525,
            30.458468921940845,
            51.62477804158591,
            82.41907998703485,
            62.88263403063113,
            77.95379942284846,
            70.70768466734265,
            59.63341761306814,
            12.376413567013476,
            16.355192323604047,
            66.01738233396026,
            80.97491013321229,
            37.905212517874865,
            91.54240538676285,
            0.0
        ],
        [
            32.34904259314382,
            0.0,
            34.19170148190658,
            72.38622840505425,
            24.81015252336831,
            54.57943599595582,
            35.938996572033396,
            65.170536029875,
            33.84709877489813,
            6.80704309040322,
            20.141740519677594,
            60.33449400027453,
            31.958305627813726,
            46.05553407898698,
            38.80092956297504,
            27.909173396134857,
            39.88250185395458,
            19.128828101604984,
            60.32245752889405,
            55.24191966978183,
            16.043610405264566,
            60.81744932229558,
            32.34904259314382
        ],
        [
            57.23262437931772,
            34.19170148190658,
            0.0,
            102.8636002832123,
            13.175018874982792,
            88.47136151891735,
            63.81809203375752,
            68.91018420941464,
            34.70234836591135,
            40.96089290383453,
            37.446972859908556,
            82.41067993703605,
            21.205493517263996,
            49.13633011226104,
            30.29002163300794,
            39.35563197677665,
            58.04724310836888,
            50.50617804180582,
            92.63556237566377,
            73.36019999805823,
            48.10563877950373,
            66.51927295032982,
            57.23262437931772
        ],
        [
            81.28264096904775,
            72.38622840505425,
            102.8636002832123,
            0.0,
            90.13237524374892,
            30.63864844592843,
            75.94985678436383,
            75.22041750738397,
            103.3468646610028,
            66.33183858433593,
            66.30478877838553,
            34.93410370729685,
            88.66660626994997,
            74.00627886209958,
            87.26624850668742,
            67.85666762510945,
            93.65310102210981,
            68.78840912868401,
            15.708217394329985,
            46.08892927637186,
            56.37959133489439,
            70.83538955151195,
            81.28264096904775
        ],
        [
            53.23697430431796,
            24.81015252336831,
            13.175018874982792,
            90.13237524374892,
            0.0,
            77.37392036257897,
            58.651400600093204,
            58.31071972105013,
            38.185360067058525,
            31.11698419631285,
            24.319948038202998,
            69.26934351897671,
            11.697386275705288,
            38.011495121444554,
            21.40099785214711,
            26.359226984384875,
            56.84328380340547,
            43.23109170859703,
            80.46856241707225,
            60.40877216818666,
            36.57699473480469,
            55.390928542510295,
            53.23697430431796
        ],
        [
            53.65122452258311,
            54.57943599595582,
            88.47136151891735,
            30.63864844592843,
            77.37392036257897,
            0.0,
            47.24119829506428,
            84.22653740820404,
            80.10575945757334,
            47.78348557922645,
            57.352094123071375,
            50.288182730866374,
            79.90465645160864,
            75.27430206299877,
            81.94945358236731,
            62.32965886594143,
            65.75278558153879,
            44.35583852719814,
            15.254539958694764,
            56.911512188645354,
            40.822258314528824,
            79.15137972755042,
            53.65122452258311
        ],
        [
            8.171153297926304,
            35.938996572033396,
            63.81809203375752,
            75.94985678436383,
            58.651400600093204,
            47.24119829506428,
            0.0,
            97.4423530673818,
            39.89532722475203,
            32.58397775881145,
            53.85533646389899,
            80.22527408339631,
            67.53838777826151,
            80.10438511080265,
            74.73927584425188,
            61.85812953776655,
            18.782360253927532,
            17.415714565454426,
            60.42224780809098,
            79.96805833149372,
            38.05926313821258,
            92.61022092202927,
            8.171153297926304
        ],
        [
            96.20483777886739,
            65.170536029875,
            68.91018420941464,
            75.22041750738397,
            58.31071972105013,
            84.22653740820404,
            97.4423530673818,
            0.0,
            94.35488774686357,
            65.7606296310263,
            45.037773719764,
            40.426018732516305,
            47.76398779353897,
            20.424162098902798,
            38.784307740438905,
            37.3499891771812,
            104.98324726987953,
            80.35025290590744,
            76.3092905330779,
            29.255660929849864,
            59.52356172295836,
            5.147941760020828,
            96.20483777886739
        ],
        [
            31.766740453081525,
            33.84709877489813,
            34.70234836591135,
            103.3468646610028,
            38.185360067058525,
            80.10575945757334,
            39.89532722475203,
            94.35488774686357,
            0.0,
            38.185876497811215,
            51.53925814398636,
            94.181586468697,
            49.87870644883913,
            74.01595098418873,
            59.527156062971486,
            57.93097486338521,
            26.776929503784224,
            35.75284056770204,
            89.57637023375841,
            88.71845419019317,
            48.83233046969907,
            90.69550779375108,
            31.766740453081525
        ],
        [
            30.458468921940845,
            6.80704309040322,
            40.96089290383453,
            66.33183858433593,
            31.11698419631285,
            47.78348557922645,
            32.58397775881145,
            65.7606296310263,
            38.185876497811215,
            0.0,
            21.325555505822358,
            56.67062377554976,
            37.169785148762365,
            47.65739803606842,
            43.05469362109609,
            29.348987815345453,
            39.71593414621952,
            15.174225750563824,
            53.85779250535311,
            52.78186410082484,
            10.648599387733487,
            61.13771055856269,
            30.458468921940845
        ],
        [
            51.62477804158591,
            20.141740519677594,
            37.446972859908556,
            66.30478877838553,
            24.319948038202998,
            57.352094123071375,
            53.85533646389899,
            45.037773719764,
            51.53925814398636,
            21.325555505822358,
            0.0,
            45.57779290996839,
            22.942664103923132,
            26.346212813213487,
            24.891842549886576,
            8.025210273001019,
            59.957430976513805,
            36.443986883902355,
            57.86992933396172,
            37.974178404728114,
            18.75524050034428,
            40.68104918498323,
            51.62477804158591
        ],
        [
            82.41907998703485,
            60.33449400027453,
            82.41067993703605,
            34.93410370729685,
            69.26934351897671,
            50.288182730866374,
            80.22527408339631,
            40.426018732516305,
            94.181586468697,
            56.67062377554976,
            45.57779290996839,
            0.0,
            63.97205195548645,
            42.68490687082253,
            59.652872685514474,
            43.234299722354166,
            93.95657341562317,
            66.48498938816408,
            38.74359038802187,
            12.014061409558206,
            46.33901385895125,
            36.26100539642135,
            82.41907998703485
        ],
        [
            62.88263403063113,
            31.958305627813726,
            21.205493517263996,
            88.66660626994997,
            11.697386275705288,
            79.90465645160864,
            67.53838777826151,
            47.76398779353897,
            49.87870644883913,
            37.169785148762365,
            22.942664103923132,
            63.97205195548645,
            0.0,
            27.943097617921055,
            9.754474622782187,
            21.175841377942916,
            67.58817156450051,
            51.08091445617563,
            80.7944123064665,
            53.906004312696744,
            39.68945849537997,
            45.31418404946117,
            62.88263403063113
        ],
        [
            77.95379942284846,
            46.05553407898698,
            49.13633011226104,
            74.00627886209958,
            38.011495121444554,
            75.27430206299877,
            80.10438511080265,
            20.424162098902798,
            74.01595098418873,
            47.65739803606842,
            26.346212813213487,
            42.68490687082253,
            27.943097617921055,
            0.0,
            19.90149019184438,
            18.32451902622868,
            85.90416108314199,
            62.71971935620725,
            70.83257614234897,
            30.927506537340154,
            43.322271486249775,
            17.42257386802308,
            77.95379942284846
        ],
        [
            70.70768466734265,
            38.80092956297504,
            30.29002163300794,
            87.26624850668742,
            21.40099785214711,
            81.94945358236731,
            74.73927584425188,
            38.784307740438905,
            59.527156062971486,
            43.05469362109609,
            24.891842549886576,
            59.652872685514474,
            9.754474622782187,
            19.90149019184438,
            0.0,
            19.937965653930725,
            76.25449230461423,
            57.754427187604655,
            81.01273357592781,
            48.71259992315826,
            43.37932156013447,
            36.81133767098513,
            70.70768466734265
        ],
        [
            59.63341761306814,
            27.909173396134857,
            39.35563197677665,
            67.85666762510945,
            26.359226984384875,
            62.32965886594143,
            61.85812953776655,
            37.3499891771812,
            57.93097486338521,
            29.348987815345453,
            8.025210273001019,
            43.234299722354166,
            21.175841377942916,
            18.32451902622868,
            19.937965653930725,
            0.0,
            67.78987433667355,
            44.452468002056385,
            61.087783079278864,
            34.04961731714819,
            25.946424461403907,
            33.185572484287334,
            59.63341761306814
        ],
        [
            12.376413567013476,
            39.88250185395458,
            58.04724310836888,
            93.65310102210981,
            56.84328380340547,
            65.75278558153879,
            18.782360253927532,
            104.98324726987953,
            26.776929503784224,
            39.71593414621952,
            59.957430976513805,
            93.95657341562317,
            67.58817156450051,
            85.90416108314199,
            76.25449230461423,
            67.78987433667355,
            0.0,
            27.471718046670812,
            78.35715521635863,
            91.79574677932526,
            48.47170582855576,
            100.53011949503556,
            12.376413567013476
        ],
        [
            16.355192323604047,
            19.128828101604984,
            50.50617804180582,
            68.78840912868401,
            43.23109170859703,
            44.35583852719814,
            17.415714565454426,
            80.35025290590744,
            35.75284056770204,
            15.174225750563824,
            36.443986883902355,
            66.48498938816408,
            51.08091445617563,
            62.71971935620725,
            57.754427187604655,
            44.452468002056385,
            27.471718046670812,
            0.0,
            54.33699728989212,
            64.65383403289357,
            21.560546951118425,
            75.59495208839569,
            16.355192323604047
        ],
        [
            66.01738233396026,
            60.32245752889405,
            92.63556237566377,
            15.708217394329985,
            80.46856241707225,
            15.254539958694764,
            60.42224780809098,
            76.3092905330779,
            89.57637023375841,
            53.85779250535311,
            57.86992933396172,
            38.74359038802187,
            80.7944123064665,
            70.83257614234897,
            81.01273357592781,
            61.087783079278864,
            78.35715521635863,
            54.33699728989212,
            0.0,
            47.484110718674614,
            44.76691310237059,
            71.45147114228237,
            66.01738233396026
        ],
        [
            80.97491013321229,
            55.24191966978183,
            73.36019999805823,
            46.08892927637186,
            60.40877216818666,
            56.911512188645354,
            79.96805833149372,
            29.255660929849864,
            88.71845419019317,
            52.78186410082484,
            37.974178404728114,
            12.014061409558206,
            53.906004312696744,
            30.927506537340154,
            48.71259992315826,
            34.04961731714819,
            91.79574677932526,
            64.65383403289357,
            47.484110718674614,
            0.0,
            43.324856168541956,
            24.751552932974644,
            80.97491013321229
        ],
        [
            37.905212517874865,
            16.043610405264566,
            48.10563877950373,
            56.37959133489439,
            36.57699473480469,
            40.822258314528824,
            38.05926313821258,
            59.52356172295836,
            48.83233046969907,
            10.648599387733487,
            18.75524050034428,
            46.33901385895125,
            39.68945849537997,
            43.322271486249775,
            43.37932156013447,
            25.946424461403907,
            48.47170582855576,
            21.560546951118425,
            44.76691310237059,
            43.324856168541956,
            0.0,
            54.62667846060901,
            37.905212517874865
        ],
        [
            91.54240538676285,
            60.81744932229558,
            66.51927295032982,
            70.83538955151195,
            55.390928542510295,
            79.15137972755042,
            92.61022092202927,
            5.147941760020828,
            90.69550779375108,
            61.13771055856269,
            40.68104918498323,
            36.26100539642135,
            45.31418404946117,
            17.42257386802308,
            36.81133767098513,
            33.185572484287334,
            100.53011949503556,
            75.59495208839569,
            71.45147114228237,
            24.751552932974644,
            54.62667846060901,
            0.0,
            91.54240538676285
        ],
        [
            0.0,
            32.34904259314382,
            57.23262437931772,
            81.28264096904775,
            53.23697430431796,
            53.65122452258311,
            8.171153297926304,
            96.20483777886739,
            31.766740453081525,
            30.458468921940845,
            51.62477804158591,
            82.41907998703485,
            62.88263403063113,
            77.95379942284846,
            70.70768466734265,
            59.63341761306814,
            12.376413567013476,
            16.355192323604047,
            66.01738233396026,
            80.97491013321229,
            37.905212517874865,
            91.54240538676285,
            0.0
        ]
    ],
    "scores_ave": [
        0,
        18.407912554425202,
        12.654368141991238,
        14.050271477475256,
        18.878372948893713,
        13.159166433608178,
        14.037523222768552,
        16.883387711658607,
        11.766386568021472,
        18.54611177395923,
        11.773208629197683,
        19.061210177039477,
        16.605050608427035,
        19.49350298813402,
        17.022170708647636,
        17.854847009484835,
        11.98744419800731,
        13.536343138808736,
        10.199281250597629,
        10.614621325729543,
        18.174819761498316,
        12.083563417514764,
        0
    ],
    "scores_var": [
        0,
        24.60675755752888,
        17.61626199705976,
        24.1964351589907,
        261.594071942481,
        16.009622486456895,
        17.773538831723965,
        325.5045208160515,
        20.48378169126265,
        16.167073308598304,
        21.561419493966852,
        23.799389455964118,
        22.504520621960246,
        21.747433054580824,
        333.381104130095,
        16.179945525864277,
        342.4258948869932,
        391.050215609616,
        287.1090848892359,
        17.841132080285256,
        275.03381558968016,
        390.1406840262092,
        0
    ],
    "vertex_number": 23,
    "minimum_distances": {
        "cost": 399.1224109367609,
        "path": [
            0,
            16,
            8,
            2,
            4,
            12,
            14,
            13,
            7,
            21,
            19,
            11,
            3,
            18,
            5,
            20,
            15,
            10,
            1,
            9,
            17,
            6,
            22
        ]
    }
}