{
    "vertices": [
        [
            28.773820863312327,
            10.021887763538107
        ],
        [
            6.081299949492525,
            68.78852072333534
        ],
        [
            63.286779712412056,
            72.93109558876544
        ],
        [
            76.64554729994443,
            14.718024616159475
        ],
        [
            84.17604660247521,
            95.84950599853782
        ],
        [
            69.97559445649605,
            28.573477492138387
        ],
        [
            57.95301862574187,
            96.95069325262334
        ],
        [
            95.49286738756997,
            62.79338498003406
        ],
        [
            77.55043521309656,
            23.933874090081442
        ],
        [
            13.702245937768065,
            87.88251923346108
        ],
        [
            10.138308984823286,
            4.010471252404157
        ],
        [
            51.14376443986672,
            98.57871813895723
        ],
        [
            67.05229070487162,
            82.06715046359648
        ],
        [
            28.773820863312327,
            10.021887763538107
        ]
    ],
    "distances": [
        [
            0.0,
            62.99577489685856,
            71.75453126958112,
            48.101516539110165,
            102.155698170714,
            45.185701595552096,
            91.69538050424453,
            85.06622177795776,
            50.721804689674705,
            79.30592855286076,
            19.58109883136388,
            91.33852736802244,
            81.58284826439677,
            0.0
        ],
        [
            62.99577489685856,
            0.0,
            57.35527736330362,
            88.89843391990591,
            82.65038644107041,
            75.49656000530581,
            59.02358138911378,
            89.61233198792719,
            84.37876877462367,
            20.558686652140434,
            64.90496911308998,
            54.01927033946276,
            62.4001900756037,
            62.99577489685856
        ],
        [
            71.75453126958112,
            57.35527736330362,
            0.0,
            59.72619445033615,
            31.00991787985018,
            44.85909635611145,
            24.60467596338722,
            33.76396392200335,
            51.03116285989678,
            51.78968100550509,
            87.03339818480717,
            28.37698649233874,
            9.88162798886184,
            71.75453126958112
        ],
        [
            48.101516539110165,
            88.89843391990591,
            59.72619445033615,
            0.0,
            81.48021656233261,
            15.377315933943,
            84.33043590134201,
            51.63779380068263,
            9.2601675827901,
            96.51374233224463,
            67.36367305411713,
            87.6524777012445,
            68.02893005562277,
            48.101516539110165
        ],
        [
            102.155698170714,
            82.65038644107041,
            31.00991787985018,
            81.48021656233261,
            0.0,
            68.7583947801584,
            26.24613894722612,
            34.93962749475041,
            72.2201968916982,
            70.92270058481829,
            117.96607518537616,
            33.144837664070636,
            21.981272486647402,
            102.155698170714
        ],
        [
            45.185701595552096,
            75.49656000530581,
            44.85909635611145,
            15.377315933943,
            68.7583947801584,
            0.0,
            69.42611875052606,
            42.68645319441586,
            8.882799796023466,
            81.75727604185565,
            64.68262524164959,
            72.49394140060421,
            53.57348927222836,
            45.185701595552096
        ],
        [
            91.69538050424453,
            59.02358138911378,
            24.60467596338722,
            84.33043590134201,
            26.24613894722612,
            69.42611875052606,
            0.0,
            50.75393534977975,
            75.60102259568762,
            45.17037373682598,
            104.51856927596826,
            7.001171873220989,
            17.444672491131033,
            91.69538050424453
        ],
        [
            85.06622177795776,
            89.61233198792719,
            33.76396392200335,
            51.63779380068263,
            34.93962749475041,
            42.68645319441586,
            50.75393534977975,
            0.0,
            42.80178102534899,
            85.55215026363324,
            103.63798331904127,
            56.9862527418772,
            34.35614119716892,
            85.06622177795776
        ],
        [
            50.721804689674705,
            84.37876877462367,
            51.03116285989678,
            9.2601675827901,
            72.2201968916982,
            8.882799796023466,
            75.60102259568762,
            42.80178102534899,
            0.0,
            90.36603614971757,
            70.29464235095743,
            79.178058857279,
            59.07358851496203,
            50.721804689674705
        ],
        [
            79.30592855286076,
            20.558686652140434,
            51.78968100550509,
            96.51374233224463,
            70.92270058481829,
            81.75727604185565,
            45.17037373682598,
            85.55215026363324,
            90.36603614971757,
            0.0,
            83.94773421088433,
            38.939388525873554,
            53.6660580868529,
            79.30592855286076
        ],
        [
            19.58109883136388,
            64.90496911308998,
            87.03339818480717,
            67.36367305411713,
            117.96607518537616,
            64.68262524164959,
            104.51856927596826,
            103.63798331904127,
            70.29464235095743,
            83.94773421088433,
            0.0,
            103.07570371465627,
            96.60251800397845,
            19.58109883136388
        ],
        [
            91.33852736802244,
            54.01927033946276,
            28.37698649233874,
            87.6524777012445,
            33.144837664070636,
            72.49394140060421,
            7.001171873220989,
            56.9862527418772,
            79.178058857279,
            38.939388525873554,
            103.07570371465627,
            0.0,
            22.92843376731976,
            91.33852736802244
        ],
        [
            81.58284826439677,
            62.4001900756037,
            9.88162798886184,
            68.02893005562277,
            21.981272486647402,
            53.57348927222836,
            17.444672491131033,
            34.35614119716892,
            59.07358851496203,
            53.6660580868529,
            96.60251800397845,
            22.92843376731976,
            0.0,
            81.58284826439677
        ],
        [
            0.0,
            62.99577489685856,
            71.75453126958112,
            48.101516539110165,
            102.155698170714,
            45.185701595552096,
            91.69538050424453,
            85.06622177795776,
            50.721804689674705,
            79.30592855286076,
            19.58109883136388,
            91.33852736802244,
            81.58284826439677,
            0.0
        ]
    ],
    "scores_ave": [
        0,
        12.921234807248181,
        11.662984153902133,
        14.792486821528303,
        10.297017940597009,
        17.935663323960313,
        12.896399721222679,
        12.85596650926336,
        19.387706110815486,
        19.42301559242747,
        16.560384894790367,
        18.556569732741984,
        17.067645486470536,
        0
    ],
    "scores_var": [
        0,
        17.95782601276616,
        24.446727841971903,
        22.719624593152343,
        22.745525323806117,
        18.884859406782603,
        17.14769199743095,
        362.83347519265544,
        17.574184400097614,
        18.081857954756977,
        21.171028761210437,
        231.3147198833719,
        23.06880348310771,
        0
    ],
    "vertex_number": 14,
    "minimum_distances": {
        "cost": 351.32345604167523,
        "path": [
            0,
            10,
            1,
            9,
            11,
            6,
            2,
            12,
            4,
            7,
            5,
            8,
            3,
            13
        ]
    }
}