{
    "vertices": [
        [
            61.361630937955766,
            44.754916210198346
        ],
        [
            29.837828299265613,
            17.802034938822487
        ],
        [
            68.08952672905394,
            96.4283781878849
        ],
        [
            83.62971769147292,
            36.830138699480116
        ],
        [
            83.30298068452791,
            47.201402006455304
        ],
        [
            56.42245114256635,
            71.25693425691053
        ],
        [
            12.23501844127034,
            46.07520915142857
        ],
        [
            5.885179324644185,
            30.117973313669488
        ],
        [
            98.08627381749874,
            84.73561050597867
        ],
        [
            92.31320676224622,
            84.55799703870738
        ],
        [
            38.44066088356677,
            93.66036066343962
        ],
        [
            81.12813990196585,
            23.344509318639016
        ],
        [
            69.66506834994624,
            54.94805437931327
        ],
        [
            83.16471818489642,
            81.48790104301045
        ],
        [
            35.02210396252663,
            77.23962260338257
        ],
        [
            71.14205656209809,
            30.295572206500598
        ],
        [
            72.55921176719679,
            52.91944024606207
        ],
        [
            3.137103586520129,
            6.902250801422949
        ],
        [
            70.28790157084444,
            54.34160666395718
        ],
        [
            61.361630937955766,
            44.754916210198346
        ]
    ],
    "distances": [
        [
            0.0,
            41.475389589875725,
            52.10960808272593,
            23.63619652686429,
            22.07732142839544,
            26.958346714875546,
            49.14435093528198,
            57.374879354647426,
            54.28770865493042,
            50.421079812392215,
            54.010307955086354,
            29.13967055212571,
            13.147134234863147,
            42.716352702745,
            41.82136811177682,
            17.45649891606704,
            13.858039874368323,
            69.44724518544115,
            13.098967183246224,
            0.0
        ],
        [
            41.475389589875725,
            0.0,
            87.43737350517142,
            57.05818168422315,
            61.01512356421752,
            59.70065688773848,
            33.305124154596825,
            26.933468602362787,
            95.59264539628268,
            91.43047298343113,
            76.34457616763369,
            51.58890468456381,
            54.461323986181775,
            83.0641121442633,
            59.66325118140098,
            43.152378217741735,
            55.30233956106163,
            28.839798793121354,
            54.51007915544022,
            41.475389589875725
        ],
        [
            52.10960808272593,
            87.43737350517142,
            0.0,
            61.59097080957322,
            51.52421144687577,
            27.743868553448014,
            75.20084925108247,
            90.92002326545494,
            32.195118449093364,
            26.975778449884025,
            29.77779654271504,
            74.2378429264345,
            41.510234818212226,
            21.224496572282266,
            38.23169874988579,
            66.20321718280044,
            43.73792136310994,
            110.6062600258402,
            42.14414774618548,
            52.10960808272593
        ],
        [
            23.63619652686429,
            57.05818168422315,
            61.59097080957322,
            0.0,
            10.376408803353753,
            43.879831419643814,
            71.99079391622492,
            78.03375173626974,
            50.0392470369825,
            48.51135376477949,
            72.60664558882385,
            13.715687778393026,
            22.87510218148425,
            44.66018318449167,
            63.210968208074455,
            14.094049798878592,
            19.530021138654135,
            85.87630289834048,
            22.014894223401765,
            23.63619652686429
        ],
        [
            22.07732142839544,
            61.01512356421752,
            51.52421144687577,
            10.376408803353753,
            0.0,
            36.07258654863772,
            71.07688490469877,
            79.28025922825879,
            40.340582092243466,
            38.427846236489444,
            64.58376403876665,
            23.955818941281834,
            15.684491570708973,
            34.28677781160693,
            56.86244589951043,
            20.825348898314573,
            12.170642212250577,
            89.72507697817232,
            14.845026334986784,
            22.07732142839544
        ],
        [
            26.958346714875546,
            59.70065688773848,
            27.743868553448014,
            43.879831419643814,
            36.07258654863772,
            0.0,
            50.859104278581476,
            65.16463726813848,
            43.789825682633214,
            38.276162426200514,
            28.72730923131189,
            53.90706373511565,
            21.00824774613748,
            28.632525699657943,
            22.220878004193413,
            43.52585398049614,
            24.42659882289236,
            83.55150236126606,
            21.871877449271835,
            26.958346714875546
        ],
        [
            49.14435093528198,
            33.305124154596825,
            75.20084925108247,
            71.99079391622492,
            71.07688490469877,
            50.859104278581476,
            0.0,
            17.174219993609558,
            94.15447245122924,
            88.84504042627799,
            54.32386529173468,
            72.54617081201822,
            58.11142757626077,
            79.27850309339259,
            38.60663067864612,
            60.983900189167876,
            60.711216424154244,
            40.215578083568055,
            58.63847344100227,
            49.14435093528198
        ],
        [
            57.374879354647426,
            26.933468602362787,
            90.92002326545494,
            78.03375173626974,
            79.28025922825879,
            65.16463726813848,
            17.174219993609558,
            0.0,
            107.1640243652272,
            102.1446039198233,
            71.39673920874522,
            75.54722318478923,
            68.44272912301413,
            92.7954557150885,
            55.40225815917938,
            65.25711890783154,
            70.46512255307265,
            23.377803404684897,
            68.8076670539729,
            57.374879354647426
        ],
        [
            54.28770865493042,
            95.59264539628268,
            32.195118449093364,
            50.0392470369825,
            40.340582092243466,
            43.789825682633214,
            94.15447245122924,
            107.1640243652272,
            0.0,
            5.775798626008185,
            60.309620357265814,
            63.690231675597815,
            41.1711479100119,
            15.270901717079425,
            63.50810463344533,
            60.74297172146642,
            40.79092530119864,
            122.77368126129521,
            41.189136542447415,
            54.28770865493042
        ],
        [
            50.421079812392215,
            91.43047298343113,
            26.975778449884025,
            48.51135376477949,
            38.427846236489444,
            38.276162426200514,
            88.84504042627799,
            102.1446039198233,
            5.775798626008185,
            0.0,
            54.63610731931102,
            62.2269780683901,
            37.27850423280561,
            9.649887702595002,
            57.75663653974021,
            58.24627326677755,
            37.29904280522332,
            118.24885750516688,
            37.391768025244374,
            50.421079812392215
        ],
        [
            54.010307955086354,
            76.34457616763369,
            29.77779654271504,
            72.60664558882385,
            64.58376403876665,
            28.72730923131189,
            54.32386529173468,
            71.39673920874522,
            60.309620357265814,
            54.63610731931102,
            0.0,
            82.25898014983142,
            49.73536246437239,
            46.350944701306744,
            16.772810434134094,
            71.30552359752012,
            53.14036235154914,
            93.66595317753196,
            50.598529182825175,
            54.010307955086354
        ],
        [
            29.13967055212571,
            51.58890468456381,
            74.2378429264345,
            13.715687778393026,
            23.955818941281834,
            53.90706373511565,
            72.54617081201822,
            75.54722318478923,
            63.690231675597815,
            62.2269780683901,
            82.25898014983142,
            0.0,
            33.618240135509616,
            58.17904822456457,
            70.92566380390248,
            12.167133423357823,
            30.791282349728167,
            79.70539260742737,
            32.83794772683951,
            29.13967055212571
        ],
        [
            13.147134234863147,
            54.461323986181775,
            41.510234818212226,
            22.87510218148425,
            15.684491570708973,
            21.00824774613748,
            58.11142757626077,
            68.44272912301413,
            41.1711479100119,
            37.27850423280561,
            49.73536246437239,
            33.618240135509616,
            0.0,
            29.775896402943587,
            41.19525452568973,
            24.69668745924607,
            3.5343091858581364,
            82.06320330701747,
            0.869310101468428,
            13.147134234863147
        ],
        [
            42.716352702745,
            83.0641121442633,
            21.224496572282266,
            44.66018318449167,
            34.28677781160693,
            28.632525699657943,
            79.27850309339259,
            92.7954557150885,
            15.270901717079425,
            9.649887702595002,
            46.350944701306744,
            58.17904822456457,
            29.775896402943587,
            0.0,
            48.32969246606613,
            52.585158782699004,
            30.4734920657716,
            109.39578748867194,
            30.04552719833926,
            42.716352702745
        ],
        [
            41.82136811177682,
            59.66325118140098,
            38.23169874988579,
            63.210968208074455,
            56.86244589951043,
            22.220878004193413,
            38.60663067864612,
            55.40225815917938,
            63.50810463344533,
            57.75663653974021,
            16.772810434134094,
            70.92566380390248,
            41.19525452568973,
            48.32969246606613,
            0.0,
            59.23170471512942,
            44.72701345085264,
            77.22693261411487,
            42.04753993889552,
            41.82136811177682
        ],
        [
            17.45649891606704,
            43.152378217741735,
            66.20321718280044,
            14.094049798878592,
            20.825348898314573,
            43.52585398049614,
            60.983900189167876,
            65.25711890783154,
            60.74297172146642,
            58.24627326677755,
            71.30552359752012,
            12.167133423357823,
            24.69668745924607,
            52.585158782699004,
            59.23170471512942,
            0.0,
            22.66820976492915,
            71.9160699397001,
            24.06120017535021,
            17.45649891606704
        ],
        [
            13.858039874368323,
            55.30233956106163,
            43.73792136310994,
            19.530021138654135,
            12.170642212250577,
            24.42659882289236,
            60.711216424154244,
            70.46512255307265,
            40.79092530119864,
            37.29904280522332,
            53.14036235154914,
            30.791282349728167,
            3.5343091858581364,
            30.4734920657716,
            44.72701345085264,
            22.66820976492915,
            0.0,
            83.28871969620724,
            2.6798147936457752,
            13.858039874368323
        ],
        [
            69.44724518544115,
            28.839798793121354,
            110.6062600258402,
            85.87630289834048,
            89.72507697817232,
            83.55150236126606,
            40.215578083568055,
            23.377803404684897,
            122.77368126129521,
            118.24885750516688,
            93.66595317753196,
            79.70539260742737,
            82.06320330701747,
            109.39578748867194,
            77.22693261411487,
            71.9160699397001,
            83.28871969620724,
            0.0,
            82.2175294847984,
            69.44724518544115
        ],
        [
            13.098967183246224,
            54.51007915544022,
            42.14414774618548,
            22.014894223401765,
            14.845026334986784,
            21.871877449271835,
            58.63847344100227,
            68.8076670539729,
            41.189136542447415,
            37.391768025244374,
            50.598529182825175,
            32.83794772683951,
            0.869310101468428,
            30.04552719833926,
            42.04753993889552,
            24.06120017535021,
            2.6798147936457752,
            82.2175294847984,
            0.0,
            13.098967183246224
        ],
        [
            0.0,
            41.475389589875725,
            52.10960808272593,
            23.63619652686429,
            22.07732142839544,
            26.958346714875546,
            49.14435093528198,
            57.374879354647426,
            54.28770865493042,
            50.421079812392215,
            54.010307955086354,
            29.13967055212571,
            13.147134234863147,
            42.716352702745,
            41.82136811177682,
            17.45649891606704,
            13.858039874368323,
            69.44724518544115,
            13.098967183246224,
            0.0
        ]
    ],
    "scores_ave": [
        0,
        12.408548347955877,
        14.6721377435055,
        10.275665939238689,
        19.087460320309507,
        15.237145684137909,
        13.895646269172541,
        18.901407684318038,
        14.185457373995,
        10.05836207386739,
        13.48801833291251,
        14.84287340769773,
        12.101897019782376,
        16.33746006184574,
        18.034047777223115,
        17.761142253844078,
        18.4208450959551,
        13.183516558549995,
        10.59253560878171,
        0
    ],
    "scores_var": [
        0,
        342.78467564517905,
        20.281423515960725,
        305.3241296384941,
        266.61116862045003,
        20.835828212585774,
        18.350153996419795,
        23.36215603165743,
        283.55860015855615,
        238.37546318366225,
        21.305595585659486,
        18.952931787633116,
        22.158276684739363,
        17.075320031274686,
        360.4203334216825,
        19.928692872434286,
        24.641200218994356,
        22.948209384069422,
        238.52134781562708,
        0
    ],
    "vertex_number": 20,
    "minimum_distances": {
        "cost": 369.5500278880082,
        "path": [
            0,
            15,
            11,
            3,
            4,
            16,
            18,
            12,
            13,
            9,
            8,
            2,
            5,
            10,
            14,
            6,
            7,
            17,
            1,
            19
        ]
    }
}