{
    "vertices": [
        [
            98.17384057486686,
            1.1964498154138803
        ],
        [
            78.72943349035937,
            51.76066583612442
        ],
        [
            70.8072825136219,
            21.10766730237179
        ],
        [
            36.7954849900081,
            36.68936411130264
        ],
        [
            86.5751259193099,
            72.1170014379926
        ],
        [
            40.06490891480827,
            29.543055004278116
        ],
        [
            34.19227298067391,
            54.80072169877362
        ],
        [
            28.49354642891393,
            38.43479991397122
        ],
        [
            73.26026888297929,
            31.6610403750651
        ],
        [
            40.80012904567255,
            19.761912122154136
        ],
        [
            44.89142074444787,
            18.71260621063582
        ],
        [
            79.10914459198877,
            52.73970087782052
        ],
        [
            96.33361874888045,
            78.78678348173052
        ],
        [
            47.58400767084494,
            36.79066658742677
        ],
        [
            7.327443315889425,
            36.671623910239504
        ],
        [
            98.17384057486686,
            1.1964498154138803
        ]
    ],
    "distances": [
        [
            0.0,
            54.17402429815534,
            33.843538259650536,
            70.90168897506369,
            71.86274990641455,
            64.6542957923656,
            83.46891011601525,
            79.0065700453402,
            39.354508412811,
            60.302729335397395,
            56.087716996209615,
            54.95606757221491,
            77.61215300981661,
            61.85692734746774,
            97.52720580429919,
            0.0
        ],
        [
            54.17402429815534,
            0.0,
            31.66017680317757,
            44.56007374893727,
            21.815941162956452,
            44.59335927835858,
            44.64079531004699,
            51.97329171243154,
            20.830427388257853,
            49.62411082231163,
            47.2988937672153,
            1.0500905358917845,
            32.253966788760614,
            34.55630806357768,
            72.97892426664163,
            54.17402429815534
        ],
        [
            33.843538259650536,
            31.66017680317757,
            0.0,
            37.41111661301688,
            53.3907955983586,
            31.878665282136666,
            49.75822381935237,
            45.72397386477109,
            10.83470467247268,
            30.037315396921667,
            26.026298408957114,
            32.703309650347954,
            63.07514791760251,
            28.02279359732345,
            65.35997804361291,
            33.843538259650536
        ],
        [
            70.90168897506369,
            44.56007374893727,
            37.41111661301688,
            0.0,
            61.0993464580571,
            7.858680974132833,
            18.29748579523385,
            8.483438572502287,
            36.809842487539946,
            17.394706230847827,
            19.715679048899208,
            45.25548695164959,
            72.91763908094566,
            10.788998277254466,
            29.468047014051145,
            70.90168897506369
        ],
        [
            71.86274990641455,
            21.815941162956452,
            53.3907955983586,
            61.0993464580571,
            0.0,
            63.05347889487639,
            55.17079685846173,
            67.141347734492,
            42.59072907832206,
            69.54427162643184,
            67.74629662722936,
            20.765853080939223,
            11.820075076569895,
            52.61423035871644,
            86.8134205413968,
            71.86274990641455
        ],
        [
            64.6542957923656,
            44.59335927835858,
            31.878665282136666,
            7.858680974132833,
            63.05347889487639,
            0.0,
            25.931401421155655,
            14.593133910131026,
            33.2628589487933,
            9.808736142916308,
            11.857227227027359,
            45.41515957692702,
            74.77374205395948,
            10.443405563475103,
            33.50459891548374,
            64.6542957923656
        ],
        [
            83.46891011601525,
            44.64079531004699,
            49.75822381935237,
            18.29748579523385,
            55.17079685846173,
            25.931401421155655,
            0.0,
            17.329710908667924,
            45.406532080586544,
            35.65644315298906,
            37.64072053449882,
            44.96413195172063,
            66.60989426308697,
            22.443276122832,
            32.40961677564419,
            83.46891011601525
        ],
        [
            79.0065700453402,
            51.97329171243154,
            45.72397386477109,
            8.483438572502287,
            67.141347734492,
            14.593133910131026,
            17.329710908667924,
            0.0,
            45.27629907103982,
            22.363557726553637,
            25.648688203101734,
            52.59818408454232,
            78.93388366367769,
            19.16112952894803,
            21.239414083522195,
            79.0065700453402
        ],
        [
            39.354508412811,
            20.830427388257853,
            10.83470467247268,
            36.809842487539946,
            42.59072907832206,
            33.2628589487933,
            45.406532080586544,
            45.27629907103982,
            0.0,
            34.572386834535045,
            31.184186569760275,
            21.875083443266277,
            52.47108858590324,
            26.18364861726308,
            66.12294181767219,
            39.354508412811
        ],
        [
            60.302729335397395,
            49.62411082231163,
            30.037315396921667,
            17.394706230847827,
            69.54427162643184,
            9.808736142916308,
            35.65644315298906,
            22.363557726553637,
            34.572386834535045,
            0.0,
            4.223708164683629,
            50.548147575764375,
            81.042605570347,
            18.33028880949816,
            37.50145387476251,
            60.302729335397395
        ],
        [
            56.087716996209615,
            47.2988937672153,
            26.026298408957114,
            19.715679048899208,
            67.74629662722936,
            11.857227227027359,
            37.64072053449882,
            25.648688203101734,
            31.184186569760275,
            4.223708164683629,
            0.0,
            48.25656221485445,
            79.08986351186958,
            18.277480442968702,
            41.636266847400314,
            56.087716996209615
        ],
        [
            54.95606757221491,
            1.0500905358917845,
            32.703309650347954,
            45.25548695164959,
            20.765853080939223,
            45.41515957692702,
            44.96413195172063,
            52.59818408454232,
            21.875083443266277,
            50.548147575764375,
            48.25656221485445,
            0.0,
            31.22711997857537,
            35.32995828886614,
            73.55811128303438,
            54.95606757221491
        ],
        [
            77.61215300981661,
            32.253966788760614,
            63.07514791760251,
            72.91763908094566,
            11.820075076569895,
            74.77374205395948,
            66.60989426308697,
            78.93388366367769,
            52.47108858590324,
            81.042605570347,
            79.08986351186958,
            31.22711997857537,
            0.0,
            64.34437360375613,
            98.46718199959075,
            77.61215300981661
        ],
        [
            61.85692734746774,
            34.55630806357768,
            28.02279359732345,
            10.788998277254466,
            52.61423035871644,
            10.443405563475103,
            22.443276122832,
            19.16112952894803,
            26.18364861726308,
            18.33028880949816,
            18.277480442968702,
            35.32995828886614,
            64.34437360375613,
            0.0,
            40.25674036510739,
            61.85692734746774
        ],
        [
            97.52720580429919,
            72.97892426664163,
            65.35997804361291,
            29.468047014051145,
            86.8134205413968,
            33.50459891548374,
            32.40961677564419,
            21.239414083522195,
            66.12294181767219,
            37.50145387476251,
            41.636266847400314,
            73.55811128303438,
            98.46718199959075,
            40.25674036510739,
            0.0,
            97.52720580429919
        ],
        [
            0.0,
            54.17402429815534,
            33.843538259650536,
            70.90168897506369,
            71.86274990641455,
            64.6542957923656,
            83.46891011601525,
            79.0065700453402,
            39.354508412811,
            60.302729335397395,
            56.087716996209615,
            54.95606757221491,
            77.61215300981661,
            61.85692734746774,
            97.52720580429919,
            0.0
        ]
    ],
    "scores_ave": [
        0,
        10.17443928371629,
        11.74036015994123,
        17.81318614948289,
        12.762673714276634,
        15.769086226655531,
        11.035326871580892,
        10.2494974361828,
        10.49923087868195,
        17.282311757645218,
        13.607410969826628,
        18.169186108611754,
        19.035806665552094,
        14.911734327666789,
        19.32725542574064,
        0
    ],
    "scores_var": [
        0,
        24.08580349994031,
        339.6620969615324,
        242.7447068090729,
        391.01047558149844,
        19.976173547696355,
        242.73826673485837,
        16.45789048022368,
        16.299978290791895,
        19.230460118521602,
        17.411874035559567,
        307.07124862097976,
        18.067185457699292,
        328.8480178967628,
        299.31786616325377,
        0
    ],
    "vertex_number": 16,
    "minimum_distances": {
        "cost": 328.1273815688157,
        "path": [
            0,
            8,
            1,
            11,
            12,
            4,
            13,
            3,
            6,
            14,
            7,
            5,
            9,
            10,
            2,
            15
        ]
    }
}