{
    "vertices": [
        [
            55.93780657513967,
            46.526852906185724
        ],
        [
            48.11359521657923,
            89.4464288991509
        ],
        [
            10.359651273516501,
            94.18637426297674
        ],
        [
            48.1054684376229,
            89.69630663489936
        ],
        [
            84.49392963858318,
            6.196107370238668
        ],
        [
            77.40009927431394,
            37.61182052957697
        ],
        [
            38.53678928296621,
            77.80889512808739
        ],
        [
            70.61508678762173,
            91.86837006004018
        ],
        [
            84.20610167711472,
            63.985025057372205
        ],
        [
            23.480501121891308,
            14.1895510095837
        ],
        [
            49.56150411948389,
            48.103181821316475
        ],
        [
            41.62788515387349,
            37.891694946553244
        ],
        [
            43.857410929319144,
            80.9469386549768
        ],
        [
            23.805131381518052,
            48.24531302659779
        ],
        [
            65.88548884991555,
            68.82148640242032
        ],
        [
            55.93780657513967,
            46.526852906185724
        ]
    ],
    "distances": [
        [
            0.0,
            43.62692158288663,
            65.94541846601096,
            43.87422085844884,
            49.41681090377893,
            23.240219667228015,
            35.79611107893367,
            47.657903145742736,
            33.22475406730364,
            45.81678481994832,
            6.568260489252779,
            16.71346176202335,
            36.47846298727086,
            32.17859413156878,
            24.41325593548136,
            0.0
        ],
        [
            43.62692158288663,
            0.0,
            38.05032674377418,
            0.2500098545237367,
            90.85232395114676,
            59.535921465538905,
            15.071410158400218,
            22.631458678320023,
            44.16958351850218,
            79.1857752021345,
            41.368593390759315,
            51.961091481421064,
            9.505600407019553,
            47.83757271396642,
            27.22551113033625,
            43.62692158288663
        ],
        [
            65.94541846601096,
            38.05032674377418,
            0.0,
            38.01193787076446,
            115.05728267504179,
            87.72172933932028,
            32.590994603069596,
            60.300005410276086,
            79.78358058554379,
            81.06570440931358,
            60.50161892190965,
            64.39560054332644,
            36.01919706456955,
            47.8681735901777,
            61.0450339891727,
            65.94541846601096
        ],
        [
            43.87422085844884,
            0.2500098545237367,
            38.01193787076446,
            0.0,
            91.08459466787913,
            59.75758603485863,
            15.260084308320423,
            22.61417205615626,
            44.32071435176997,
            79.42077285170416,
            41.61860247131247,
            52.208015451444204,
            9.726121150898235,
            48.04884236020426,
            27.420562459582396,
            43.87422085844884
        ],
        [
            49.41681090377893,
            90.85232395114676,
            115.05728267504179,
            91.08459466787913,
            0.0,
            32.20666798268411,
            85.09083452473931,
            86.7891633400855,
            57.789634471812484,
            61.534816165946694,
            54.55710074495892,
            53.311425056669954,
            85.0823920124943,
            73.83268876464906,
            65.33155567954714,
            49.41681090377893
        ],
        [
            23.240219667228015,
            59.535921465538905,
            87.72172933932028,
            59.75758603485863,
            32.20666798268411,
            0.0,
            55.912088762286466,
            54.679151066893645,
            27.237246295685786,
            58.78712252173892,
            29.7498914611186,
            35.77330894351146,
            54.80004018567694,
            54.63965360536266,
            33.266041200001354,
            23.240219667228015
        ],
        [
            35.79611107893367,
            15.071410158400218,
            32.590994603069596,
            15.260084308320423,
            85.09083452473931,
            55.912088762286466,
            0.0,
            35.024077520462946,
            47.71567329805104,
            65.37669890150399,
            31.68554465826017,
            40.03670495952195,
            6.177081178055861,
            33.030699829050185,
            28.787582107663216,
            35.79611107893367
        ],
        [
            47.657903145742736,
            22.631458678320023,
            60.300005410276086,
            22.61417205615626,
            86.7891633400855,
            54.679151066893645,
            35.024077520462946,
            0.0,
            31.019294225759378,
            90.8607071013298,
            48.565883547352804,
            61.267767340278496,
            28.900707279813997,
            63.98549077770977,
            23.527174564324973,
            47.657903145742736
        ],
        [
            33.22475406730364,
            44.16958351850218,
            79.78358058554379,
            44.32071435176997,
            57.789634471812484,
            27.237246295685786,
            47.71567329805104,
            31.019294225759378,
            0.0,
            78.53144464758385,
            38.11142984072952,
            49.93762507941465,
            43.768977117975325,
            62.41807228248287,
            18.948250914168288,
            33.22475406730364
        ],
        [
            45.81678481994832,
            79.1857752021345,
            81.06570440931358,
            79.42077285170416,
            61.534816165946694,
            58.78712252173892,
            65.37669890150399,
            90.8607071013298,
            78.53144464758385,
            0.0,
            42.78262582164568,
            29.851619292980807,
            69.79804623725032,
            34.05730922085544,
            69.15801724298464,
            45.81678481994832
        ],
        [
            6.568260489252779,
            41.368593390759315,
            60.50161892190965,
            41.61860247131247,
            54.55710074495892,
            29.7498914611186,
            31.68554465826017,
            48.565883547352804,
            38.11142984072952,
            42.78262582164568,
            0.0,
            12.931232504481342,
            33.33540223352185,
            25.75676489578116,
            26.37651649090066,
            6.568260489252779
        ],
        [
            16.71346176202335,
            51.961091481421064,
            64.39560054332644,
            52.208015451444204,
            53.311425056669954,
            35.77330894351146,
            40.03670495952195,
            61.267767340278496,
            49.93762507941465,
            29.851619292980807,
            12.931232504481342,
            0.0,
            43.11293072820639,
            20.61184027149045,
            39.307548086565525,
            16.71346176202335
        ],
        [
            36.47846298727086,
            9.505600407019553,
            36.01919706456955,
            9.726121150898235,
            85.0823920124943,
            54.80004018567694,
            6.177081178055861,
            28.900707279813997,
            43.768977117975325,
            69.79804623725032,
            33.33540223352185,
            43.11293072820639,
            0.0,
            38.36000826123239,
            25.144836631103686,
            36.47846298727086
        ],
        [
            32.17859413156878,
            47.83757271396642,
            47.8681735901777,
            48.04884236020426,
            73.83268876464906,
            54.63965360536266,
            33.030699829050185,
            63.98549077770977,
            62.41807228248287,
            34.05730922085544,
            25.75676489578116,
            20.61184027149045,
            38.36000826123239,
            0.0,
            46.84159898487694,
            32.17859413156878
        ],
        [
            24.41325593548136,
            27.22551113033625,
            61.0450339891727,
            27.420562459582396,
            65.33155567954714,
            33.266041200001354,
            28.787582107663216,
            23.527174564324973,
            18.948250914168288,
            69.15801724298464,
            26.37651649090066,
            39.307548086565525,
            25.144836631103686,
            46.84159898487694,
            0.0,
            24.41325593548136
        ],
        [
            0.0,
            43.62692158288663,
            65.94541846601096,
            43.87422085844884,
            49.41681090377893,
            23.240219667228015,
            35.79611107893367,
            47.657903145742736,
            33.22475406730364,
            45.81678481994832,
            6.568260489252779,
            16.71346176202335,
            36.47846298727086,
            32.17859413156878,
            24.41325593548136,
            0.0
        ]
    ],
    "scores_ave": [
        0,
        15.063123988846641,
        15.64806993484876,
        11.299191724907809,
        14.06696435965068,
        10.95854696255884,
        17.74566993790038,
        17.510298088395103,
        19.667315323763013,
        16.471987353758855,
        14.113397110778658,
        12.819136954026654,
        12.796092406347077,
        10.459507609705877,
        11.583206164369397,
        0
    ],
    "scores_var": [
        0,
        301.5662625966636,
        22.26177641156322,
        20.390625154534348,
        388.3932435888436,
        346.36161212951026,
        21.087370908112288,
        347.5831721678286,
        19.35232771026679,
        22.29355022145947,
        238.44930922235682,
        21.73148183115757,
        283.00678796103034,
        225.9933653534278,
        17.35177606182792,
        0
    ],
    "vertex_number": 16,
    "minimum_distances": {
        "cost": 353.75060385721514,
        "path": [
            0,
            4,
            5,
            8,
            14,
            7,
            3,
            1,
            12,
            6,
            2,
            13,
            9,
            11,
            10,
            15
        ]
    }
}