{
    "vertices": [
        [
            57.23761177047929,
            88.8074294143037
        ],
        [
            1.7085772478990013,
            69.45878568529018
        ],
        [
            73.62500846424467,
            70.95187453783616
        ],
        [
            9.826335957150645,
            77.11709867962007
        ],
        [
            41.67694644771611,
            44.93099034813367
        ],
        [
            43.92107925659816,
            42.18844469659311
        ],
        [
            40.63404624888815,
            54.98768220865203
        ],
        [
            74.5112340648394,
            0.5610138328462577
        ],
        [
            58.80845399485576,
            70.65210661615944
        ],
        [
            48.847031201335945,
            18.05187552582428
        ],
        [
            27.531576028587224,
            90.62393288940177
        ],
        [
            23.458595308826002,
            61.48081114803497
        ],
        [
            10.299903081882722,
            52.37496497684101
        ],
        [
            5.710590884298561,
            72.84973126449269
        ],
        [
            32.53438669891908,
            82.90079079170849
        ],
        [
            27.97228016737333,
            13.249364279211784
        ],
        [
            12.259095440302836,
            99.45623755614426
        ],
        [
            63.02359195602122,
            56.53595776905871
        ],
        [
            57.23761177047929,
            88.8074294143037
        ]
    ],
    "distances": [
        [
            0.0,
            58.803432630775966,
            24.235668143159913,
            48.831269765733204,
            46.55401390228748,
            48.483603148934655,
            37.67563787229029,
            89.92112037860466,
            18.223152614152706,
            71.2513175201189,
            29.76152288397911,
            43.448429419105764,
            59.41778321279361,
            53.94146838606998,
            25.399561192156344,
            81.02765479019212,
            46.22190007026626,
            32.78605570753114,
            0.0
        ],
        [
            58.803432630775966,
            0.0,
            71.93192888569703,
            11.160096970042552,
            46.89438431832031,
            50.25501789348246,
            41.52836347339654,
            100.23537202922236,
            57.11234489461717,
            69.74743187575936,
            33.388481879222034,
            23.167031820406844,
            19.12244256323216,
            5.24543850093022,
            33.62912472235301,
            62.04257526770233,
            31.798750806791944,
            62.66203403983768,
            58.803432630775966
        ],
        [
            24.235668143159913,
            71.93192888569703,
            0.0,
            64.09587040040778,
            41.20394496435826,
            41.348014542478175,
            36.650498286084236,
            70.39643930345086,
            14.819586605274619,
            58.415392258479955,
            50.115809815744974,
            51.05262040888592,
            65.99371591693136,
            67.94093004498987,
            42.79270728410512,
            73.578198476822,
            67.66294401178155,
            17.894375883644322,
            24.235668143159913
        ],
        [
            48.831269765733204,
            11.160096970042552,
            64.09587040040778,
            0.0,
            45.28141956860338,
            48.81047418045892,
            37.93186110336771,
            100.22459862862264,
            49.40692269146385,
            70.79064375711863,
            22.26903896349667,
            20.744444625049475,
            24.74666535086743,
            5.928725171602842,
            23.433025048810144,
            66.39550277482361,
            22.471213684345162,
            57.039735334148894,
            48.831269765733204
        ],
        [
            46.55401390228748,
            46.89438431832031,
            41.20394496435826,
            45.28141956860338,
            0.0,
            3.5436829308905264,
            10.110622730679436,
            55.197692517813934,
            30.90411579241514,
            27.81900301960845,
            47.8323792255204,
            24.613103963717055,
            32.24797061295838,
            45.53059220863436,
            39.0549887272448,
            34.51873850862101,
            61.95492346044044,
            24.29721266520039,
            46.55401390228748
        ],
        [
            48.483603148934655,
            50.25501789348246,
            41.348014542478175,
            48.81047418045892,
            3.5436829308905264,
            0.0,
            13.214577817087893,
            51.65849950887258,
            32.121861348133,
            24.63410184880249,
            51.133280087793,
            28.123098204315127,
            35.130452356768124,
            48.99138613724358,
            42.2747193009198,
            33.042920085732774,
            65.43761394020876,
            23.89052370284483,
            48.483603148934655
        ],
        [
            37.67563787229029,
            41.52836347339654,
            36.650498286084236,
            37.93186110336771,
            10.110622730679436,
            13.214577817087893,
            0.0,
            64.1087052186142,
            23.993400945576713,
            37.837903445359615,
            37.96863295478399,
            18.361831020296798,
            30.446453537477634,
            39.226273479337024,
            29.064516434905727,
            43.6165966563421,
            52.75026301434539,
            22.44301481937651,
            37.67563787229029
        ],
        [
            89.92112037860466,
            100.23537202922236,
            70.39643930345086,
            100.22459862862264,
            55.197692517813934,
            51.65849950887258,
            64.1087052186142,
            0.0,
            71.8285360388564,
            31.05771323491066,
            101.57961241406105,
            79.48329150755947,
            82.50927559829312,
            99.79572721298506,
            92.4223705842744,
            48.23762501326383,
            116.85715227836798,
            57.1415809186482,
            89.92112037860466
        ],
        [
            18.223152614152706,
            57.11234489461717,
            14.819586605274619,
            49.40692269146385,
            30.90411579241514,
            32.121861348133,
            23.993400945576713,
            71.8285360388564,
            0.0,
            53.53516839263624,
            37.10952627029112,
            36.52020221310274,
            51.8375676337172,
            53.143321508938755,
            28.988909539749077,
            65.1609119343853,
            54.7404853928801,
            14.732041484640254,
            18.223152614152706
        ],
        [
            71.2513175201189,
            69.74743187575936,
            58.415392258479955,
            70.79064375711863,
            27.81900301960845,
            24.63410184880249,
            37.837903445359615,
            31.05771323491066,
            53.53516839263624,
            0.0,
            75.63763705460293,
            50.30551785188388,
            51.61352105524323,
            69.73921046858247,
            66.86915717895704,
            21.42006874414185,
            89.24879383396107,
            41.01218673681415,
            71.2513175201189
        ],
        [
            29.76152288397911,
            33.388481879222034,
            50.115809815744974,
            22.26903896349667,
            47.8323792255204,
            51.133280087793,
            37.96863295478399,
            101.57961241406105,
            37.10952627029112,
            75.63763705460293,
            0.0,
            29.42636091628853,
            41.95133012096626,
            28.143873863954607,
            9.201904067330222,
            77.37582366444276,
            17.642513115927805,
            49.210499310597896,
            29.76152288397911
        ],
        [
            43.448429419105764,
            23.167031820406844,
            51.05262040888592,
            20.744444625049475,
            24.613103963717055,
            28.123098204315127,
            18.361831020296798,
            79.48329150755947,
            36.52020221310274,
            50.30551785188388,
            29.42636091628853,
            0.0,
            16.00211284852301,
            21.077096708689332,
            23.26339436307341,
            48.442190475476984,
            39.592446352590734,
            39.872804449049504,
            43.448429419105764
        ],
        [
            59.41778321279361,
            19.12244256323216,
            65.99371591693136,
            24.74666535086743,
            32.24797061295838,
            35.130452356768124,
            30.446453537477634,
            82.50927559829312,
            51.8375676337172,
            51.61352105524323,
            41.95133012096626,
            16.00211284852301,
            0.0,
            20.98279869275909,
            37.76504075723854,
            42.931638005113406,
            47.12201886999266,
            52.88762832188492,
            59.41778321279361
        ],
        [
            53.94146838606998,
            5.24543850093022,
            67.94093004498987,
            5.928725171602842,
            45.53059220863436,
            48.99138613724358,
            39.226273479337024,
            99.79572721298506,
            53.143321508938755,
            69.73921046858247,
            28.143873863954607,
            21.077096708689332,
            20.98279869275909,
            0.0,
            28.645066233543407,
            63.62221745991197,
            27.40053081543683,
            59.58959051300493,
            53.94146838606998
        ],
        [
            25.399561192156344,
            33.62912472235301,
            42.79270728410512,
            23.433025048810144,
            39.0549887272448,
            42.2747193009198,
            29.064516434905727,
            92.4223705842744,
            28.988909539749077,
            66.86915717895704,
            9.201904067330222,
            23.26339436307341,
            37.76504075723854,
            28.645066233543407,
            0.0,
            69.80067357290258,
            26.175756974570707,
            40.307518622732275,
            25.399561192156344
        ],
        [
            81.02765479019212,
            62.04257526770233,
            73.578198476822,
            66.39550277482361,
            34.51873850862101,
            33.042920085732774,
            43.6165966563421,
            48.23762501326383,
            65.1609119343853,
            21.42006874414185,
            77.37582366444276,
            48.442190475476984,
            42.931638005113406,
            63.62221745991197,
            69.80067357290258,
            0.0,
            87.62721708722773,
            55.69850656938896,
            81.02765479019212
        ],
        [
            46.22190007026626,
            31.798750806791944,
            67.66294401178155,
            22.471213684345162,
            61.95492346044044,
            65.43761394020876,
            52.75026301434539,
            116.85715227836798,
            54.7404853928801,
            89.24879383396107,
            17.642513115927805,
            39.592446352590734,
            47.12201886999266,
            27.40053081543683,
            26.175756974570707,
            87.62721708722773,
            0.0,
            66.47694730879336,
            46.22190007026626
        ],
        [
            32.78605570753114,
            62.66203403983768,
            17.894375883644322,
            57.039735334148894,
            24.29721266520039,
            23.89052370284483,
            22.44301481937651,
            57.1415809186482,
            14.732041484640254,
            41.01218673681415,
            49.210499310597896,
            39.872804449049504,
            52.88762832188492,
            59.58959051300493,
            40.307518622732275,
            55.69850656938896,
            66.47694730879336,
            0.0,
            32.78605570753114
        ],
        [
            0.0,
            58.803432630775966,
            24.235668143159913,
            48.831269765733204,
            46.55401390228748,
            48.483603148934655,
            37.67563787229029,
            89.92112037860466,
            18.223152614152706,
            71.2513175201189,
            29.76152288397911,
            43.448429419105764,
            59.41778321279361,
            53.94146838606998,
            25.399561192156344,
            81.02765479019212,
            46.22190007026626,
            32.78605570753114,
            0.0
        ]
    ],
    "scores_ave": [
        0,
        19.55539015533256,
        13.861217034914256,
        12.784164439692109,
        15.296836186289463,
        15.491236561962523,
        17.179494752709488,
        15.45356315118325,
        17.885771600398883,
        18.590605978825323,
        14.225541485270604,
        12.476333398829322,
        17.801321945446254,
        13.644873602405056,
        12.962751255947886,
        17.893074643931243,
        13.688071492135009,
        11.67811664106099,
        0
    ],
    "scores_var": [
        0,
        339.0565364306782,
        24.595956479853648,
        358.97537001941544,
        19.311438176678173,
        349.60539700670256,
        367.70500514317143,
        22.862854378390086,
        20.480064560828172,
        23.21254206684144,
        328.38646668411496,
        361.19197332092244,
        394.39011996386137,
        22.063332225825214,
        316.72712822677533,
        18.440114488640422,
        22.57516676483363,
        349.2949704418181,
        0
    ],
    "vertex_number": 19,
    "minimum_distances": {
        "cost": 346.6294459124196,
        "path": [
            0,
            8,
            2,
            17,
            7,
            9,
            15,
            5,
            4,
            6,
            11,
            12,
            1,
            13,
            3,
            16,
            10,
            14,
            18
        ]
    }
}