{
    "vertices": [
        [
            25.936904578665697,
            52.67126665799545
        ],
        [
            69.35893151900486,
            61.874370524725975
        ],
        [
            9.82462594097514,
            33.92924617050035
        ],
        [
            10.745876085741024,
            83.17032099535446
        ],
        [
            19.036113901641293,
            72.78237534280777
        ],
        [
            65.60014462626638,
            13.673178545447195
        ],
        [
            58.87526231703769,
            4.015058413786066
        ],
        [
            72.28832495013222,
            74.4783874735919
        ],
        [
            68.7747463515872,
            74.29740070860635
        ],
        [
            25.05250053011795,
            99.71996592673464
        ],
        [
            74.44614398054065,
            9.817296254127495
        ],
        [
            31.78850372785381,
            46.43404159229142
        ],
        [
            25.467658311544483,
            97.69395169144973
        ],
        [
            33.609946613336284,
            66.95729920130825
        ],
        [
            52.94577040983781,
            13.539479913109808
        ],
        [
            4.332496916026162,
            96.27884070670603
        ],
        [
            54.138745906731685,
            99.86137860341924
        ],
        [
            25.936904578665697,
            52.67126665799545
        ]
    ],
    "distances": [
        [
            0.0,
            44.38659194384459,
            24.7157612638629,
            34.072858144658575,
            21.262116651463472,
            55.623947068755136,
            58.75680395668947,
            51.225039665366985,
            47.987189558640026,
            47.05701088468484,
            64.72718970204104,
            8.552437612928006,
            45.025130312757945,
            16.21623568817418,
            47.54761368705547,
            48.66591152816614,
            54.97499904242873,
            0.0
        ],
        [
            44.38659194384459,
            0.0,
            65.76673563307939,
            62.36190963777745,
            51.4914608654846,
            48.347527208000116,
            58.80142275393881,
            12.93996093972588,
            12.436758068702373,
            58.26962260308142,
            52.305054366126136,
            40.61946333904315,
            56.652327919790196,
            36.10853203492136,
            51.04560223988325,
            73.56700867697572,
            40.9226933722935,
            44.38659194384459
        ],
        [
            24.7157612638629,
            65.76673563307939,
            0.0,
            49.249691894834356,
            39.93015347991419,
            59.33984125563532,
            57.452794170872714,
            74.47111221356008,
            71.44721546175238,
            67.53004494701614,
            68.97337691100505,
            25.27413373347916,
            65.65548059316961,
            40.70127475267709,
            47.69880153982433,
            62.59101708756567,
            79.44046396825372,
            24.7157612638629
        ],
        [
            34.072858144658575,
            62.36190963777745,
            49.249691894834356,
            0.0,
            13.290502545970433,
            88.53724406044482,
            92.63904907412625,
            62.15321971203861,
            58.70330909536014,
            21.87624854373348,
            97.15137862406428,
            42.33611227385579,
            20.680104460581028,
            28.029052727216232,
            81.42042195165624,
            14.593310844267839,
            46.49228490166061,
            34.072858144658575
        ],
        [
            21.262116651463472,
            51.4914608654846,
            39.93015347991419,
            13.290502545970433,
            0.0,
            75.2469674030318,
            79.47390530281305,
            53.279212069068606,
            49.76170073309216,
            27.601280668305566,
            83.87414749485262,
            29.27213927454376,
            25.728416190484293,
            15.694843483218873,
            68.26115632918916,
            27.717868551830257,
            44.3335898757703,
            21.262116651463472
        ],
        [
            55.623947068755136,
            48.347527208000116,
            59.33984125563532,
            88.53724406044482,
            75.2469674030318,
            0.0,
            11.76874362668229,
            61.17193138065754,
            60.70728464527538,
            95.12182220914615,
            9.649846258896234,
            47.07973245269444,
            93.11340815292586,
            62.14957990988221,
            12.655080487049505,
            102.84658515014553,
            86.94693490768472,
            55.623947068755136
        ],
        [
            58.75680395668947,
            58.80142275393881,
            57.452794170872714,
            92.63904907412625,
            79.47390530281305,
            11.76874362668229,
            0.0,
            71.72859256523715,
            70.97610458877399,
            101.50570691816672,
            16.61680834982166,
            50.32954027971095,
            99.45754396281734,
            67.82375581580632,
            11.219335059366449,
            107.17984316365234,
            95.96328298676939,
            58.75680395668947
        ],
        [
            51.225039665366985,
            12.93996093972588,
            74.47111221356008,
            62.15321971203861,
            53.279212069068606,
            61.17193138065754,
            71.72859256523715,
            0.0,
            3.518236884755424,
            53.55707601656925,
            64.6970857199912,
            49.26175854500657,
            52.260283642889306,
            39.40283897847727,
            63.93500505051395,
            71.36703948581722,
            31.20422180009522,
            51.225039665366985
        ],
        [
            47.987189558640026,
            12.436758068702373,
            71.44721546175238,
            58.70330909536014,
            49.76170073309216,
            60.70728464527538,
            70.97610458877399,
            3.518236884755424,
            0.0,
            50.57609714027933,
            64.72904001702946,
            46.30711527040313,
            49.22298723564835,
            35.92269798844084,
            62.785996995797646,
            68.08808424904554,
            29.457248256215195,
            47.987189558640026
        ],
        [
            47.05701088468484,
            58.26962260308142,
            67.53004494701614,
            21.87624854373348,
            27.601280668305566,
            95.12182220914615,
            101.50570691816672,
            53.55707601656925,
            50.57609714027933,
            0.0,
            102.57788274072243,
            53.70999414686168,
            2.0681125851984303,
            33.86181056040198,
            90.58206596301208,
            21.003806620417492,
            29.086589137499622,
            47.05701088468484
        ],
        [
            64.72718970204104,
            52.305054366126136,
            68.97337691100505,
            97.15137862406428,
            83.87414749485262,
            9.649846258896234,
            16.61680834982166,
            64.6970857199912,
            64.72904001702946,
            102.57788274072243,
            0.0,
            56.21797142451512,
            100.60416805121902,
            70.23229280193759,
            21.82019053241681,
            111.31721418456588,
            92.30561836992466,
            64.72718970204104
        ],
        [
            8.552437612928006,
            40.61946333904315,
            25.27413373347916,
            42.33611227385579,
            29.27213927454376,
            47.07973245269444,
            50.32954027971095,
            49.26175854500657,
            46.30711527040313,
            53.70999414686168,
            56.21797142451512,
            0.0,
            51.648150694392434,
            20.603925768434074,
            39.111150859033465,
            56.906381969050486,
            57.91384692416072,
            8.552437612928006
        ],
        [
            45.025130312757945,
            56.652327919790196,
            65.65548059316961,
            20.680104460581028,
            25.728416190484293,
            93.11340815292586,
            99.45754396281734,
            52.260283642889306,
            49.22298723564835,
            2.0681125851984303,
            100.60416805121902,
            51.648150694392434,
            0.0,
            31.796834199165424,
            88.52695501810611,
            21.182483006336867,
            28.7528955639189,
            45.025130312757945
        ],
        [
            16.21623568817418,
            36.10853203492136,
            40.70127475267709,
            28.029052727216232,
            15.694843483218873,
            62.14957990988221,
            67.82375581580632,
            39.40283897847727,
            35.92269798844084,
            33.86181056040198,
            70.23229280193759,
            20.603925768434074,
            31.796834199165424,
            0.0,
            56.809660264747045,
            41.43575577965593,
            38.78285757559564,
            16.21623568817418
        ],
        [
            47.54761368705547,
            51.04560223988325,
            47.69880153982433,
            81.42042195165624,
            68.26115632918916,
            12.655080487049505,
            11.219335059366449,
            63.93500505051395,
            62.785996995797646,
            90.58206596301208,
            21.82019053241681,
            39.111150859033465,
            88.52695501810611,
            56.809660264747045,
            0.0,
            95.96380663727872,
            86.33014180479628,
            47.54761368705547
        ],
        [
            48.66591152816614,
            73.56700867697572,
            62.59101708756567,
            14.593310844267839,
            27.717868551830257,
            102.84658515014553,
            107.17984316365234,
            71.36703948581722,
            68.08808424904554,
            21.003806620417492,
            111.31721418456588,
            56.906381969050486,
            21.182483006336867,
            41.43575577965593,
            95.96380663727872,
            0.0,
            49.93492781916823,
            48.66591152816614
        ],
        [
            54.97499904242873,
            40.9226933722935,
            79.44046396825372,
            46.49228490166061,
            44.3335898757703,
            86.94693490768472,
            95.96328298676939,
            31.20422180009522,
            29.457248256215195,
            29.086589137499622,
            92.30561836992466,
            57.91384692416072,
            28.7528955639189,
            38.78285757559564,
            86.33014180479628,
            49.93492781916823,
            0.0,
            54.97499904242873
        ],
        [
            0.0,
            44.38659194384459,
            24.7157612638629,
            34.072858144658575,
            21.262116651463472,
            55.623947068755136,
            58.75680395668947,
            51.225039665366985,
            47.987189558640026,
            47.05701088468484,
            64.72718970204104,
            8.552437612928006,
            45.025130312757945,
            16.21623568817418,
            47.54761368705547,
            48.66591152816614,
            54.97499904242873,
            0.0
        ]
    ],
    "scores_ave": [
        0,
        18.6764559882254,
        18.053445788820483,
        15.003458194365393,
        15.60880337858257,
        18.061652330162097,
        17.919875761119677,
        19.00361000600818,
        13.119172883207952,
        15.112605734635308,
        12.495028645754495,
        17.10275905838921,
        19.983965123102013,
        13.664394843972381,
        18.670025924980663,
        11.42250543715741,
        15.07911979493988,
        0
    ],
    "scores_var": [
        0,
        290.8681299599353,
        20.18036528919107,
        282.0732540934703,
        17.549097403636818,
        272.71335843232464,
        18.347530485325777,
        18.80082590500621,
        19.653918491104214,
        18.014712795779392,
        299.20352267046064,
        230.28432625870684,
        292.26724601638443,
        21.62290860334764,
        16.749536458605977,
        24.83252699067433,
        21.466098473833448,
        0
    ],
    "vertex_number": 18,
    "minimum_distances": {
        "cost": 324.00350560916525,
        "path": [
            0,
            11,
            2,
            14,
            6,
            5,
            10,
            1,
            7,
            8,
            16,
            12,
            9,
            15,
            3,
            4,
            13,
            17
        ]
    }
}