{
    "vertices": [
        [
            54.845421345145006,
            69.34952281408364
        ],
        [
            3.416197797781817,
            58.14448127059564
        ],
        [
            66.98816904226489,
            29.6626428112863
        ],
        [
            36.52388350317298,
            7.782783856476383
        ],
        [
            1.5333993447815386,
            24.81582720122223
        ],
        [
            5.983227200299412,
            73.8891230846892
        ],
        [
            46.04298122081041,
            65.04881291885009
        ],
        [
            45.985678097005234,
            43.68472939010968
        ],
        [
            47.95279672581921,
            88.29547556258227
        ],
        [
            76.43001153910761,
            43.772812317736275
        ],
        [
            50.708679263895625,
            35.58111819002304
        ],
        [
            75.10892499458024,
            41.76130099895623
        ],
        [
            0.5118745568021388,
            1.6468567214806606
        ],
        [
            37.42296891141108,
            66.87889085292434
        ],
        [
            93.56217070110307,
            9.789021160405875
        ],
        [
            31.037391257170487,
            18.23571778263147
        ],
        [
            75.66732116435223,
            66.71668708321667
        ],
        [
            20.65619815095535,
            74.06269939405861
        ],
        [
            3.2385020714760904,
            82.6439725640086
        ],
        [
            0.3100206829197427,
            17.877172900543524
        ],
        [
            13.9529117305371,
            8.532114178266337
        ],
        [
            93.52688307372526,
            51.9359533071837
        ],
        [
            54.845421345145006,
            69.34952281408364
        ]
    ],
    "distances": [
        [
            0.0,
            52.63571022296506,
            41.502948883089566,
            64.23505347369898,
            69.46525559375874,
            49.072619527242125,
            9.796890207890229,
            27.150997622890678,
            20.160788667392918,
            33.46733711628806,
            34.02084340372908,
            34.23038946712916,
            86.80890105655949,
            17.596757402806432,
            71.0382997961651,
            56.38655301987527,
            20.987694872635053,
            34.5125631632329,
            53.2918052900468,
            74.99008421792412,
            73.28679646264247,
            42.42037110199832,
            0.0
        ],
        [
            52.63571022296506,
            0.0,
            69.66068223848784,
            60.26955632156477,
            33.381793122757514,
            15.95253540373734,
            43.18231652543519,
            44.958259278926576,
            53.782814177693155,
            74.41479601224206,
            52.399276299663384,
            73.54084394897569,
            56.572225280439994,
            35.110545315142076,
            102.29636823052168,
            48.53493310244939,
            72.75786926666635,
            23.465022488878393,
            24.500135701811224,
            40.38693426886674,
            50.718924564749585,
            90.3243124544693,
            52.63571022296506
        ],
        [
            41.502948883089566,
            69.66068223848784,
            0.0,
            37.50734489789566,
            65.63397365472049,
            75.34974775349474,
            41.12033472331476,
            25.253188668556934,
            61.64539298006909,
            16.97778764256215,
            17.321955381906,
            14.571348845564636,
            72.13863041912919,
            47.53051837582002,
            33.18340551670786,
            37.723110144362906,
            38.05692944083257,
            64.1717737889996,
            82.89174471111811,
            67.71168857477906,
            57.089734264857576,
            34.64684261069521,
            41.502948883089566
        ],
        [
            64.23505347369898,
            60.26955632156477,
            37.50734489789566,
            0.0,
            38.91604485585134,
            72.82018795338145,
            58.051798472834236,
            37.12782312546542,
            81.31982281838314,
            53.73807964063012,
            31.208265291314316,
            51.41347152347735,
            36.53100587390758,
            59.10294592240671,
            57.07355950519675,
            11.805313415153766,
            70.748948129802,
            68.15284764487846,
            81.92749350345281,
            37.59442180080846,
            22.583406799955572,
            72.10301195222885,
            64.23505347369898
        ],
        [
            69.46525559375874,
            33.381793122757514,
            65.63397365472049,
            38.91604485585134,
            0.0,
            49.27463177751853,
            59.998300130368406,
            48.29120578406798,
            78.64112288936754,
            77.25846104405011,
            50.339841529317326,
            75.50170234421125,
            23.19147916765105,
            55.29342209924328,
            93.24751823583522,
            30.228850105932565,
            85.15585959404525,
            52.82930867386931,
            57.85327796597296,
            7.045678026607934,
            20.479345636858593,
            95.90778012544492,
            69.46525559375874
        ],
        [
            49.072619527242125,
            15.95253540373734,
            75.34974775349474,
            72.82018795338145,
            49.27463177751853,
            0.0,
            41.02359048172266,
            50.12485886464435,
            44.373277520087875,
            76.61423887170216,
            58.88861775676867,
            76.22702307921222,
            72.44915975387346,
            32.21181017584529,
            108.53061508818823,
            61.03288177944507,
            70.0522432887496,
            14.67399758940853,
            9.175015282730238,
            56.29852427568644,
            65.84113064571224,
            90.25427051926567,
            49.072619527242125
        ],
        [
            9.796890207890229,
            43.18231652543519,
            41.12033472331476,
            58.051798472834236,
            59.998300130368406,
            41.02359048172266,
            0.0,
            21.364160378329757,
            23.324980585944015,
            37.09501062331306,
            29.834774523374406,
            37.244292165097555,
            78.05696460728184,
            8.812139210145368,
            72.88153369716211,
            49.15926775684872,
            29.671254124466813,
            26.939541644649907,
            46.27972642728575,
            65.70134931321401,
            64.99161327759506,
            49.261222298807425,
            9.796890207890229
        ],
        [
            27.150997622890678,
            44.958259278926576,
            25.253188668556934,
            37.12782312546542,
            48.29120578406798,
            50.12485886464435,
            21.364160378329757,
            0.0,
            44.65409533026735,
            30.444460864598216,
            9.379512487577253,
            29.186693657093244,
            61.92777686076624,
            24.72426165854453,
            58.416108094437334,
            29.514462069357414,
            37.569548977256275,
            39.552542470720695,
            57.8372171429484,
            52.46232602707443,
            47.558432242039395,
            48.25193122319772,
            27.150997622890678
        ],
        [
            20.160788667392918,
            53.782814177693155,
            61.64539298006909,
            81.31982281838314,
            78.64112288936754,
            44.373277520087875,
            23.324980585944015,
            44.65409533026735,
            0.0,
            52.8509158476571,
            52.786346357420534,
            53.8784252263132,
            98.78574919145598,
            23.865191690557122,
            90.79360317345215,
            72.07288396029513,
            35.12462066828972,
            30.784350102293125,
            45.070030314814574,
            85.02100598602894,
            86.70747372065105,
            58.301048061653404,
            20.160788667392918
        ],
        [
            33.46733711628806,
            74.41479601224206,
            16.97778764256215,
            53.73807964063012,
            77.25846104405011,
            76.61423887170216,
            37.09501062331306,
            30.444460864598216,
            52.8509158476571,
            0.0,
            26.994273220330886,
            2.4065426328472794,
            86.82257573789087,
            45.33696328420346,
            38.05796814041697,
            52.08294512942802,
            22.956547777525095,
            63.468066923081814,
            82.87318116883034,
            80.4042110139226,
            71.73071033976537,
            18.945708935925726,
            33.46733711628806
        ],
        [
            34.02084340372908,
            52.399276299663384,
            17.321955381906,
            31.208265291314316,
            50.339841529317326,
            58.88861775676867,
            29.834774523374406,
            9.379512487577253,
            52.786346357420534,
            26.994273220330886,
            0.0,
            25.170749914724944,
            60.59086815863825,
            34.000892241656935,
            50.01653724063671,
            26.226370071671525,
            39.90435384538929,
            48.82605567733703,
            66.84556817401345,
            53.41773549650582,
            45.635896671308245,
            45.835348904634955,
            34.02084340372908
        ],
        [
            34.23038946712916,
            73.54084394897569,
            14.571348845564636,
            51.41347152347735,
            75.50170234421125,
            76.22702307921222,
            37.244292165097555,
            29.186693657093244,
            53.8784252263132,
            2.4065426328472794,
            25.170749914724944,
            0.0,
            84.69881093443462,
            45.289343183299934,
            36.9154297710304,
            49.95751346530237,
            24.961632576754983,
            63.31255640854781,
            82.6846450403084,
            78.51960049087317,
            69.6005518305432,
            21.041500169865788,
            34.23038946712916
        ],
        [
            86.80890105655949,
            56.572225280439994,
            72.13863041912919,
            36.53100587390758,
            23.19147916765105,
            72.44915975387346,
            78.05696460728184,
            61.92777686076624,
            98.78574919145598,
            86.82257573789087,
            60.59086815863825,
            84.69881093443462,
            0.0,
            74.95096505970206,
            93.40584807330107,
            34.74186928089265,
            99.41038164138298,
            75.16547108244264,
            81.04299644270114,
            16.231571342872233,
            15.101928703048092,
            105.73923134205889,
            86.80890105655949
        ],
        [
            17.596757402806432,
            35.110545315142076,
            47.53051837582002,
            59.10294592240671,
            55.29342209924328,
            32.21181017584529,
            8.812139210145368,
            24.72426165854453,
            23.865191690557122,
            45.33696328420346,
            34.000892241656935,
            45.289343183299934,
            74.95096505970206,
            0.0,
            80.06786620793947,
            49.060512515920614,
            38.24469622457409,
            18.240934923664053,
            37.644595554843974,
            61.469824210708126,
            62.890300781566545,
            58.05980164303201,
            17.596757402806432
        ],
        [
            71.0382997961651,
            102.29636823052168,
            33.18340551670786,
            57.07355950519675,
            93.24751823583522,
            108.53061508818823,
            72.88153369716211,
            58.416108094437334,
            90.79360317345215,
            38.05796814041697,
            50.01653724063671,
            36.9154297710304,
            93.40584807330107,
            80.06786620793947,
            0.0,
            63.092747034348825,
            59.67398752691247,
            97.19252310319975,
            116.04399622012323,
            93.60225254546634,
            79.61918066021774,
            42.14694691910365,
            71.0382997961651
        ],
        [
            56.38655301987527,
            48.53493310244939,
            37.723110144362906,
            11.805313415153766,
            30.228850105932565,
            61.03288177944507,
            49.15926775684872,
            29.514462069357414,
            72.07288396029513,
            52.08294512942802,
            26.226370071671525,
            49.95751346530237,
            34.74186928089265,
            49.060512515920614,
            63.092747034348825,
            0.0,
            65.89563739614513,
            56.78398582480058,
            70.15127599652986,
            30.729462358456615,
            19.64788445626153,
            70.99748208142003,
            56.38655301987527
        ],
        [
            20.987694872635053,
            72.75786926666635,
            38.05692944083257,
            70.748948129802,
            85.15585959404525,
            70.0522432887496,
            29.671254124466813,
            37.569548977256275,
            35.12462066828972,
            22.956547777525095,
            39.90435384538929,
            24.961632576754983,
            99.41038164138298,
            38.24469622457409,
            59.67398752691247,
            65.89563739614513,
            0.0,
            55.49943740314964,
            74.1593706686837,
            89.79989354920437,
            84.8181163189566,
            23.18262372020669,
            20.987694872635053
        ],
        [
            34.5125631632329,
            23.465022488878393,
            64.1717737889996,
            68.15284764487846,
            52.82930867386931,
            14.67399758940853,
            26.939541644649907,
            39.552542470720695,
            30.784350102293125,
            63.468066923081814,
            48.82605567733703,
            63.31255640854781,
            75.16547108244264,
            18.240934923664053,
            97.19252310319975,
            56.78398582480058,
            55.49943740314964,
            0.0,
            19.416858292072146,
            59.75600660112994,
            65.87254092228702,
            76.15595586365285,
            34.5125631632329
        ],
        [
            53.2918052900468,
            24.500135701811224,
            82.89174471111811,
            81.92749350345281,
            57.85327796597296,
            9.175015282730238,
            46.27972642728575,
            57.8372171429484,
            45.070030314814574,
            82.87318116883034,
            66.84556817401345,
            82.6846450403084,
            81.04299644270114,
            37.644595554843974,
            116.04399622012323,
            70.15127599652986,
            74.1593706686837,
            19.416858292072146,
            0.0,
            64.83297264425364,
            74.88234857248065,
            95.36757410506381,
            53.2918052900468
        ],
        [
            74.99008421792412,
            40.38693426886674,
            67.71168857477906,
            37.59442180080846,
            7.045678026607934,
            56.29852427568644,
            65.70134931321401,
            52.46232602707443,
            85.02100598602894,
            80.4042110139226,
            53.41773549650582,
            78.51960049087317,
            16.231571342872233,
            61.469824210708126,
            93.60225254546634,
            30.729462358456615,
            89.79989354920437,
            59.75600660112994,
            64.83297264425364,
            0.0,
            16.536583645359364,
            99.24406257693258,
            74.99008421792412
        ],
        [
            73.28679646264247,
            50.718924564749585,
            57.089734264857576,
            22.583406799955572,
            20.479345636858593,
            65.84113064571224,
            64.99161327759506,
            47.558432242039395,
            86.70747372065105,
            71.73071033976537,
            45.635896671308245,
            69.6005518305432,
            15.101928703048092,
            62.890300781566545,
            79.61918066021774,
            19.64788445626153,
            84.8181163189566,
            65.87254092228702,
            74.88234857248065,
            16.536583645359364,
            0.0,
            90.64165800808958,
            73.28679646264247
        ],
        [
            42.42037110199832,
            90.3243124544693,
            34.64684261069521,
            72.10301195222885,
            95.90778012544492,
            90.25427051926567,
            49.261222298807425,
            48.25193122319772,
            58.301048061653404,
            18.945708935925726,
            45.835348904634955,
            21.041500169865788,
            105.73923134205889,
            58.05980164303201,
            42.14694691910365,
            70.99748208142003,
            23.18262372020669,
            76.15595586365285,
            95.36757410506381,
            99.24406257693258,
            90.64165800808958,
            0.0,
            42.42037110199832
        ],
        [
            0.0,
            52.63571022296506,
            41.502948883089566,
            64.23505347369898,
            69.46525559375874,
            49.072619527242125,
            9.796890207890229,
            27.150997622890678,
            20.160788667392918,
            33.46733711628806,
            34.02084340372908,
            34.23038946712916,
            86.80890105655949,
            17.596757402806432,
            71.0382997961651,
            56.38655301987527,
            20.987694872635053,
            34.5125631632329,
            53.2918052900468,
            74.99008421792412,
            73.28679646264247,
            42.42037110199832,
            0.0
        ]
    ],
    "scores_ave": [
        0,
        10.41180271240661,
        10.95193869400868,
        13.866932673391645,
        10.148254091335335,
        17.288938734115327,
        11.301013833309526,
        13.790401953397145,
        17.12509694875138,
        11.808972257001958,
        18.564628292186185,
        17.062284993496686,
        16.40588285426142,
        12.628273412169236,
        18.187635922320993,
        19.776909842182423,
        14.373202114578469,
        15.253590081399855,
        10.461210457445896,
        18.275985353943916,
        16.885572715176924,
        10.65918681573687,
        0
    ],
    "scores_var": [
        0,
        381.0911345102355,
        22.542980655849096,
        323.41133760671954,
        18.222855272149253,
        397.808660116325,
        346.4900420154471,
        394.5801004876419,
        235.7921284611252,
        234.8621287936388,
        324.84761536531244,
        16.05505197375589,
        363.85648569591194,
        23.710582311656765,
        19.636226828018234,
        24.892318976289523,
        330.38078822453315,
        20.827288852697706,
        17.06728585569277,
        301.5843540859496,
        374.29123749243547,
        323.2277520937807,
        0
    ],
    "vertex_number": 23,
    "minimum_distances": {
        "cost": 470.5650922071918,
        "path": [
            0,
            7,
            4,
            19,
            12,
            20,
            3,
            15,
            10,
            2,
            14,
            11,
            9,
            21,
            16,
            8,
            17,
            18,
            5,
            1,
            13,
            6,
            22
        ]
    }
}