{
    "vertices": [
        [
            4.963814329277028,
            42.460812824318694
        ],
        [
            47.17562492342445,
            40.8841431432084
        ],
        [
            21.205700576065734,
            77.56821925664138
        ],
        [
            95.63712786368937,
            35.93227699662721
        ],
        [
            64.89283327756115,
            26.015984618792963
        ],
        [
            66.02439931414563,
            48.35127170616311
        ],
        [
            21.12374080239656,
            47.39936494919057
        ],
        [
            54.27392717959676,
            61.86378493757411
        ],
        [
            50.57131502107385,
            18.88743812169239
        ],
        [
            50.110714494500165,
            53.29887190398388
        ],
        [
            80.67275276856381,
            89.60110695464829
        ],
        [
            71.61599591792452,
            52.404873837715094
        ],
        [
            8.842716037660182,
            59.88192989602362
        ],
        [
            29.99600360365492,
            22.46987525141274
        ],
        [
            5.405598570194659,
            30.744011974831743
        ],
        [
            20.46014288229101,
            45.17424217406321
        ],
        [
            30.024346231895894,
            91.15399635605145
        ],
        [
            38.43274225182704,
            50.513975549663435
        ],
        [
            20.878495846721446,
            75.54824280835874
        ],
        [
            84.43564932374015,
            40.16766806031704
        ],
        [
            12.284250661910523,
            75.68193992692659
        ],
        [
            64.13502278797982,
            64.50385976707899
        ],
        [
            94.02404776675449,
            26.57949639492565
        ],
        [
            4.963814329277028,
            42.460812824318694
        ]
    ],
    "distances": [
        [
            0.0,
            42.24124573115131,
            38.68241015316803,
            90.90803906895856,
            62.144345573938196,
            61.344050604219646,
            16.897707557734158,
            52.99021188992392,
            51.33953753417213,
            46.42958237097269,
            89.18548475115053,
            67.38989286209164,
            17.847722501466304,
            32.03510706884094,
            11.725126671471882,
            15.732097681460388,
            54.76364105587929,
            34.4241567241048,
            36.715870012168295,
            79.50491224003609,
            34.01811391108816,
            63.14370775448647,
            90.4651390949491,
            0.0
        ],
        [
            42.24124573115131,
            0.0,
            44.94617237211284,
            48.713840390211104,
            23.129237120385934,
            20.27398098568706,
            26.85421347641019,
            22.147940417562022,
            22.25726270328096,
            12.7569683308325,
            59.121909110572155,
            27.019603440542,
            42.782330524992986,
            25.18381723808955,
            42.98322186227314,
            27.057751761457656,
            53.11520029892826,
            13.006601000481638,
            43.51021493020063,
            37.266912333281994,
            49.27772984683837,
            29.077692297021,
            48.983646674176924,
            42.24124573115131
        ],
        [
            38.68241015316803,
            44.94617237211284,
            0.0,
            85.28533904459803,
            67.57365211259378,
            53.50089513963446,
            30.16896563736804,
            36.60787986191464,
            65.61839213468016,
            37.74256285082973,
            60.672239803868585,
            56.34174144562474,
            21.578883614412398,
            55.79513365370997,
            49.41811015170255,
            32.40255557053096,
            16.196970414183856,
            32.073401245502055,
            2.046305887818791,
            73.46310399392617,
            9.11867963471079,
            44.87320129483586,
            88.89522791833397,
            38.68241015316803
        ],
        [
            90.90803906895856,
            48.713840390211104,
            85.28533904459803,
            0.0,
            32.30393945204403,
            32.11144845291853,
            75.39057605203625,
            48.819642306390485,
            48.18146966872367,
            48.72630637487841,
            55.7160284931598,
            29.126641183714664,
            90.0380797120192,
            67.00741343217805,
            90.38056744997334,
            75.74294020721888,
            85.75823810265942,
            59.033614711639174,
            84.6066061737776,
            11.97546069858386,
            92.34575161255249,
            42.529024985412285,
            9.49086573409889,
            90.90803906895856
        ],
        [
            62.144345573938196,
            23.129237120385934,
            67.57365211259378,
            32.30393945204403,
            0.0,
            22.36393281537027,
            48.713267293971825,
            37.38751067418893,
            15.997564199971942,
            31.030097878236813,
            65.51391944929118,
            27.23186350761406,
            65.48677646767342,
            35.07653935232272,
            59.674830002344876,
            48.387010739618965,
            73.88350263717166,
            36.05950605234557,
            66.26240639181181,
            24.128651086289473,
            72.34894665091721,
            38.49533491435258,
            29.136664241762958,
            62.144345573938196
        ],
        [
            61.344050604219646,
            20.27398098568706,
            53.50089513963446,
            32.11144845291853,
            22.36393281537027,
            0.0,
            44.910747725490765,
            17.907026811111514,
            33.27033669294866,
            16.665056623260856,
            43.7735441442972,
            6.906348008920088,
            58.33267506829849,
            44.36092852860127,
            63.12412057907337,
            45.67488347916872,
            55.929214721636825,
            27.67628637225895,
            52.70510257103809,
            20.14808912894966,
            60.29070411396584,
            16.26271332598803,
            35.46816197200936,
            61.344050604219646
        ],
        [
            16.897707557734158,
            26.85421347641019,
            30.16896563736804,
            75.39057605203625,
            48.713267293971825,
            44.910747725490765,
            0.0,
            36.1684158132957,
            40.9888960424786,
            29.581224216322777,
            72.98679232876277,
            50.73975705385923,
            17.51108211744704,
            26.461226422941998,
            22.90110866163934,
            2.3219676061390047,
            44.6507395970312,
            17.586993215696772,
            28.149946177899736,
            63.72358433506014,
            29.6317504261056,
            46.28751582250371,
            75.81504917966143,
            16.897707557734158
        ],
        [
            52.99021188992392,
            22.147940417562022,
            36.60787986191464,
            48.819642306390485,
            37.38751067418893,
            17.907026811111514,
            36.1684158132957,
            0.0,
            43.135550563721665,
            9.523133682476216,
            38.291735729208845,
            19.753945107748,
            45.474418030678976,
            46.274157945020576,
            57.93577314862674,
            37.70825965434867,
            38.02576312289074,
            19.487465537049808,
            36.09043115738672,
            37.15442060175489,
            44.204913090851086,
            10.208388790747389,
            53.151228627892074,
            52.99021188992392
        ],
        [
            51.33953753417213,
            22.25726270328096,
            65.61839213468016,
            48.18146966872367,
            15.997564199971942,
            33.27033669294866,
            40.9888960424786,
            43.135550563721665,
            0.0,
            34.41451623658412,
            76.85388418475004,
            39.576471432253605,
            58.49636167279349,
            20.8848580486478,
            46.696041438821844,
            39.9709739043115,
            75.1307750889305,
            33.875991772303195,
            63.969604487298035,
            39.99551629874877,
            68.49463287402499,
            47.59025207031079,
            44.12831000102273,
            51.33953753417213
        ],
        [
            46.42958237097269,
            12.7569683308325,
            37.74256285082973,
            48.72630637487841,
            31.030097878236813,
            16.665056623260856,
            29.581224216322777,
            9.523133682476216,
            34.41451623658412,
            0.0,
            47.45408784434718,
            21.52385564073438,
            41.789763688734894,
            36.81071350607769,
            50.07263819921281,
            30.74355225374996,
            42.85408542090801,
            12.005443907034481,
            36.73631871475399,
            36.750913803815855,
            43.952737118385386,
            17.950848896992895,
            51.40336435170504,
            46.42958237097269
        ],
        [
            89.18548475115053,
            59.121909110572155,
            60.672239803868585,
            55.7160284931598,
            65.51391944929118,
            43.7735441442972,
            72.98679232876277,
            38.291735729208845,
            76.85388418475004,
            47.45408784434718,
            0.0,
            38.28295446724089,
            77.73534371059826,
            84.11144497579738,
            95.54738159983363,
            74.8285019464433,
            50.67220688105637,
            57.550172284056515,
            61.42341696412992,
            49.576448757495115,
            69.79061850375979,
            30.05608639368508,
            64.4203420952579,
            89.18548475115053
        ],
        [
            67.38989286209164,
            27.019603440542,
            56.34174144562474,
            29.126641183714664,
            27.23186350761406,
            6.906348008920088,
            50.73975705385923,
            19.753945107748,
            39.576471432253605,
            21.52385564073438,
            38.28295446724089,
            0.0,
            63.217015385298666,
            51.26722052736802,
            69.66354608823174,
            51.66433328766316,
            56.84505096792831,
            33.23708501364596,
            55.76656203126281,
            17.722661162580085,
            63.73443183120141,
            14.224992776444571,
            34.19167892517696,
            67.38989286209164
        ],
        [
            17.847722501466304,
            42.782330524992986,
            21.578883614412398,
            90.0380797120192,
            65.48677646767342,
            58.33267506829849,
            17.51108211744704,
            45.474418030678976,
            58.49636167279349,
            41.789763688734894,
            77.73534371059826,
            63.217015385298666,
            0.0,
            42.97817361848939,
            29.33993928533717,
            18.7424834164807,
            37.77040638338109,
            31.03752921852141,
            19.75584358814892,
            78.12133948237532,
            16.170481673300532,
            55.48514595370906,
            91.45988930802979,
            17.847722501466304
        ],
        [
            32.03510706884094,
            25.18381723808955,
            55.79513365370997,
            67.00741343217805,
            35.07653935232272,
            44.36092852860127,
            26.461226422941998,
            46.274157945020576,
            20.8848580486478,
            36.81071350607769,
            84.11144497579738,
            51.26722052736802,
            42.97817361848939,
            0.0,
            25.945122050733517,
            24.625615059437514,
            68.68412695245716,
            29.28566407913445,
            53.855752248093225,
            57.24409922808899,
            56.08235033680792,
            54.150978616558476,
            64.15979601974306,
            32.03510706884094
        ],
        [
            11.725126671471882,
            42.98322186227314,
            49.41811015170255,
            90.38056744997334,
            59.674830002344876,
            63.12412057907337,
            22.90110866163934,
            57.93577314862674,
            46.696041438821844,
            50.07263819921281,
            95.54738159983363,
            69.66354608823174,
            29.33993928533717,
            25.945122050733517,
            0.0,
            20.853557203692716,
            65.23380219924123,
            38.49212490260003,
            47.40073470647814,
            79.58991277872768,
            45.461337675287716,
            67.74121782126649,
            88.71624838787164,
            11.725126671471882
        ],
        [
            15.732097681460388,
            27.057751761457656,
            32.40255557053096,
            75.74294020721888,
            48.387010739618965,
            45.67488347916872,
            2.3219676061390047,
            37.70825965434867,
            39.9709739043115,
            30.74355225374996,
            74.8285019464433,
            51.66433328766316,
            18.7424834164807,
            24.625615059437514,
            20.853557203692716,
            0.0,
            46.963941277842714,
            18.749055459418372,
            30.376881566991578,
            64.17110883252941,
            31.584249805549337,
            47.76116886204279,
            75.87761641249114,
            15.732097681460388
        ],
        [
            54.76364105587929,
            53.11520029892826,
            16.196970414183856,
            85.75823810265942,
            73.88350263717166,
            55.929214721636825,
            44.6507395970312,
            38.02576312289074,
            75.1307750889305,
            42.85408542090801,
            50.67220688105637,
            56.84505096792831,
            37.77040638338109,
            68.68412695245716,
            65.23380219924123,
            46.963941277842714,
            0.0,
            41.500751978387626,
            18.08828690228346,
            74.56671896518546,
            23.539233653163787,
            43.28704234900627,
            90.91659827435483,
            54.76364105587929
        ],
        [
            34.4241567241048,
            13.006601000481638,
            32.073401245502055,
            59.033614711639174,
            36.05950605234557,
            27.67628637225895,
            17.586993215696772,
            19.487465537049808,
            33.875991772303195,
            12.005443907034481,
            57.550172284056515,
            33.23708501364596,
            31.03752921852141,
            29.28566407913445,
            38.49212490260003,
            18.749055459418372,
            41.500751978387626,
            0.0,
            30.575580191239972,
            47.15202580728827,
            36.292837355642526,
            29.26301565416304,
            60.52480930381013,
            34.4241567241048
        ],
        [
            36.715870012168295,
            43.51021493020063,
            2.046305887818791,
            84.6066061737776,
            66.26240639181181,
            52.70510257103809,
            28.149946177899736,
            36.09043115738672,
            63.969604487298035,
            36.73631871475399,
            61.42341696412992,
            55.76656203126281,
            19.75584358814892,
            53.855752248093225,
            47.40073470647814,
            30.376881566991578,
            18.08828690228346,
            30.575580191239972,
            0.0,
            72.74130070051729,
            8.59528505729502,
            44.644210372480764,
            88.02391658514955,
            36.715870012168295
        ],
        [
            79.50491224003609,
            37.266912333281994,
            73.46310399392617,
            11.97546069858386,
            24.128651086289473,
            20.14808912894966,
            63.72358433506014,
            37.15442060175489,
            39.99551629874877,
            36.750913803815855,
            49.576448757495115,
            17.722661162580085,
            78.12133948237532,
            57.24409922808899,
            79.58991277872768,
            64.17110883252941,
            74.56671896518546,
            47.15202580728827,
            72.74130070051729,
            0.0,
            80.4182058682841,
            31.69172864538452,
            16.630568057349855,
            79.50491224003609
        ],
        [
            34.01811391108816,
            49.27772984683837,
            9.11867963471079,
            92.34575161255249,
            72.34894665091721,
            60.29070411396584,
            29.6317504261056,
            44.204913090851086,
            68.49463287402499,
            43.952737118385386,
            69.79061850375979,
            63.73443183120141,
            16.170481673300532,
            56.08235033680792,
            45.461337675287716,
            31.584249805549337,
            23.539233653163787,
            36.292837355642526,
            8.59528505729502,
            80.4182058682841,
            0.0,
            53.04198380650505,
            95.35430976916774,
            34.01811391108816
        ],
        [
            63.14370775448647,
            29.077692297021,
            44.87320129483586,
            42.529024985412285,
            38.49533491435258,
            16.26271332598803,
            46.28751582250371,
            10.208388790747389,
            47.59025207031079,
            17.950848896992895,
            30.05608639368508,
            14.224992776444571,
            55.48514595370906,
            54.150978616558476,
            67.74121782126649,
            47.76116886204279,
            43.28704234900627,
            29.26301565416304,
            44.644210372480764,
            31.69172864538452,
            53.04198380650505,
            0.0,
            48.2867595865051,
            63.14370775448647
        ],
        [
            90.4651390949491,
            48.983646674176924,
            88.89522791833397,
            9.49086573409889,
            29.136664241762958,
            35.46816197200936,
            75.81504917966143,
            53.151228627892074,
            44.12831000102273,
            51.40336435170504,
            64.4203420952579,
            34.19167892517696,
            91.45988930802979,
            64.15979601974306,
            88.71624838787164,
            75.87761641249114,
            90.91659827435483,
            60.52480930381013,
            88.02391658514955,
            16.630568057349855,
            95.35430976916774,
            48.2867595865051,
            0.0,
            90.4651390949491
        ],
        [
            0.0,
            42.24124573115131,
            38.68241015316803,
            90.90803906895856,
            62.144345573938196,
            61.344050604219646,
            16.897707557734158,
            52.99021188992392,
            51.33953753417213,
            46.42958237097269,
            89.18548475115053,
            67.38989286209164,
            17.847722501466304,
            32.03510706884094,
            11.725126671471882,
            15.732097681460388,
            54.76364105587929,
            34.4241567241048,
            36.715870012168295,
            79.50491224003609,
            34.01811391108816,
            63.14370775448647,
            90.4651390949491,
            0.0
        ]
    ],
    "scores_ave": [
        0,
        11.244412198416347,
        13.970499684366654,
        13.876357396326712,
        16.948716063919452,
        19.59336578624316,
        18.931519791807045,
        10.089707578055616,
        15.960212090975874,
        13.402522479422396,
        19.72244716605182,
        11.38503000741903,
        15.337375093424923,
        17.155066818052042,
        19.486117084040647,
        12.868048974394885,
        15.459089796611998,
        19.814878326594975,
        14.351768047206969,
        14.597027948756445,
        19.54587023925086,
        18.602763355348642,
        14.368870157147775,
        0
    ],
    "scores_var": [
        0,
        23.663981298836426,
        20.981139645137414,
        363.2629035249,
        245.33139431821036,
        363.19147510245506,
        18.932687978899413,
        23.187164663874185,
        234.48948465316556,
        22.900863698964002,
        24.16044162967267,
        359.26745549199836,
        309.49947125117194,
        20.07944429558793,
        376.65557995027365,
        258.2964626166713,
        20.38408501281749,
        263.04814129728925,
        22.786850183868918,
        17.238109715771465,
        24.088757131552754,
        396.4616985882477,
        365.59388070777254,
        0
    ],
    "vertex_number": 24,
    "minimum_distances": {
        "cost": 374.10470289558384,
        "path": [
            0,
            15,
            6,
            12,
            20,
            18,
            2,
            16,
            10,
            21,
            7,
            9,
            17,
            1,
            5,
            11,
            19,
            3,
            22,
            4,
            8,
            13,
            14,
            23
        ]
    }
}