{
    "vertices": [
        [
            6.311172673929488,
            64.2024937746879
        ],
        [
            53.9674118140308,
            42.457821668188956
        ],
        [
            46.712067149796034,
            85.83783240701169
        ],
        [
            57.68490060447048,
            62.65334036277933
        ],
        [
            59.67657467030265,
            49.475614500830076
        ],
        [
            53.51376023841963,
            3.4302038611551677
        ],
        [
            34.49997526603171,
            32.798257321107315
        ],
        [
            23.54694771894278,
            97.62418482377015
        ],
        [
            80.58955406851638,
            30.96808648822925
        ],
        [
            17.61376324974877,
            64.31927872171765
        ],
        [
            98.43631991165371,
            97.83597477470698
        ],
        [
            43.707308318337766,
            97.59041293386422
        ],
        [
            12.033926954116748,
            0.8545187733623449
        ],
        [
            58.23171697715088,
            6.826668639299682
        ],
        [
            65.61795282553663,
            91.8922770381219
        ],
        [
            92.12760179754649,
            99.88623174347053
        ],
        [
            21.025192452315757,
            15.049876629919556
        ],
        [
            6.311172673929488,
            64.2024937746879
        ]
    ],
    "distances": [
        [
            0.0,
            52.3827060583708,
            45.82924996315591,
            51.39707966193094,
            55.36015808667178,
            76.95034434047602,
            42.19993671569791,
            37.60427334735519,
            81.37446632870736,
            11.303193904753277,
            98.07269649474827,
            50.132066653138054,
            63.605941965511114,
            77.38041244856105,
            65.45241224834278,
            92.93970444838696,
            51.30772018145921,
            0.0
        ],
        [
            52.3827060583708,
            0.0,
            43.982557427885155,
            20.534816732822186,
            9.046764988729576,
            39.03025430924009,
            21.732194300755303,
            62.997875040147235,
            28.995731974269425,
            42.42064436614093,
            71.02269798369944,
            56.079161400740865,
            59.069890504853056,
            35.88541994588245,
            50.78878304884527,
            68.95086934443042,
            42.85306602445325,
            52.3827060583708
        ],
        [
            45.82924996315591,
            43.982557427885155,
            0.0,
            25.65002427626719,
            38.604265908133875,
            82.68784839033906,
            54.4273066894807,
            25.991168914416356,
            64.4854490340248,
            36.190598814697545,
            53.097586988939774,
            12.13061105943883,
            91.7863661094958,
            79.84651734467248,
            19.851670281750927,
            47.538703298024856,
            75.3043837689653,
            45.82924996315591
        ],
        [
            51.39707966193094,
            20.534816732822186,
            25.65002427626719,
            0.0,
            13.327386258272652,
            59.36984343118404,
            37.80035378636174,
            48.870848054124465,
            39.097039061835886,
            40.105752698543824,
            53.83768141100824,
            37.6294050704314,
            76.83167149727957,
            55.829349663654455,
            30.29601847515372,
            50.72068479468577,
            60.08347494250691,
            51.39707966193094
        ],
        [
            55.36015808667178,
            9.046764988729576,
            38.604265908133875,
            13.327386258272652,
            0.0,
            46.45600200940792,
            30.199261581422583,
            60.19663418985761,
            27.926354943803823,
            44.6050946877544,
            61.97614296641578,
            50.69567334666246,
            68.07226183364392,
            42.673413231814614,
            42.83075104625166,
            59.952476949639994,
            51.75964427348353,
            55.36015808667178
        ],
        [
            76.95034434047602,
            39.03025430924009,
            82.68784839033906,
            59.36984343118404,
            46.45600200940792,
            0.0,
            34.985805450250986,
            98.84592000767127,
            38.619083250543554,
            70.68443407965971,
            104.54896436300699,
            94.66948543156425,
            41.55972477008287,
            5.813354348198285,
            89.28633640682675,
            103.89799841569304,
            34.50396835213931,
            76.95034434047602
        ],
        [
            42.19993671569791,
            21.732194300755303,
            54.4273066894807,
            37.80035378636174,
            30.199261581422583,
            34.985805450250986,
            0.0,
            65.74473126439705,
            46.125901611436944,
            35.75917988987713,
            91.20175907414297,
            65.443092919603,
            39.05285852738548,
            35.181230554093354,
            66.78646340171608,
            88.44059956689239,
            22.28395810972865,
            42.19993671569791
        ],
        [
            37.60427334735519,
            62.997875040147235,
            25.991168914416356,
            48.870848054124465,
            60.19663418985761,
            98.84592000767127,
            65.74473126439705,
            0.0,
            87.73194620245076,
            33.82926910845132,
            74.88967166707106,
            20.160388886085148,
            97.45213140121032,
            97.19682177810299,
            42.45967778424869,
            68.61794932899139,
            82.61280544393698,
            37.60427334735519
        ],
        [
            81.37446632870736,
            28.995731974269425,
            64.4854490340248,
            39.097039061835886,
            27.926354943803823,
            38.619083250543554,
            46.125901611436944,
            87.73194620245076,
            0.0,
            71.26185692671972,
            69.20853657571904,
            76.1500783493052,
            74.87790708591207,
            32.90411729800169,
            62.73679811672271,
            69.87730168531061,
            61.65470444206753,
            81.37446632870736
        ],
        [
            11.303193904753277,
            42.42064436614093,
            36.190598814697545,
            40.105752698543824,
            44.6050946877544,
            70.68443407965971,
            35.75917988987713,
            33.82926910845132,
            71.26185692671972,
            0.0,
            87.49659753199153,
            42.282874382061046,
            63.709577995686146,
            70.39331203381701,
            55.35948385764278,
            82.56706536131003,
            49.387365101687756,
            11.303193904753277
        ],
        [
            98.07269649474827,
            71.02269798369944,
            53.097586988939774,
            53.83768141100824,
            61.97614296641578,
            104.54896436300699,
            91.20175907414297,
            74.88967166707106,
            69.20853657571904,
            87.49659753199153,
            0.0,
            54.72956249230382,
            129.8875525865715,
            99.49424053868303,
            33.352252712268466,
            6.6335117306919775,
            113.3402871911142,
            98.07269649474827
        ],
        [
            50.132066653138054,
            56.079161400740865,
            12.13061105943883,
            37.6294050704314,
            50.69567334666246,
            94.66948543156425,
            65.443092919603,
            20.160388886085148,
            76.1500783493052,
            42.282874382061046,
            54.72956249230382,
            0.0,
            101.78917578050823,
            91.9185276495294,
            22.639458814361948,
            48.474690350937216,
            85.60034178379462,
            50.132066653138054
        ],
        [
            63.605941965511114,
            59.069890504853056,
            91.7863661094958,
            76.83167149727957,
            68.07226183364392,
            41.55972477008287,
            39.05285852738548,
            97.45213140121032,
            74.87790708591207,
            63.709577995686146,
            129.8875525865715,
            101.78917578050823,
            0.0,
            46.582210950464415,
            105.63674199094648,
            127.3667025706442,
            16.803304434986124,
            63.605941965511114
        ],
        [
            77.38041244856105,
            35.88541994588245,
            79.84651734467248,
            55.829349663654455,
            42.673413231814614,
            5.813354348198285,
            35.181230554093354,
            97.19682177810299,
            32.90411729800169,
            70.39331203381701,
            99.49424053868303,
            91.9185276495294,
            46.582210950464415,
            0.0,
            85.38567919897196,
            99.04046290732228,
            38.10441728821151,
            77.38041244856105
        ],
        [
            65.45241224834278,
            50.78878304884527,
            19.851670281750927,
            30.29601847515372,
            42.83075104625166,
            89.28633640682675,
            66.78646340171608,
            42.45967778424869,
            62.73679811672271,
            55.35948385764278,
            33.352252712268466,
            22.639458814361948,
            105.63674199094648,
            85.38567919897196,
            0.0,
            27.688712509799885,
            88.84407002269761,
            65.45241224834278
        ],
        [
            92.93970444838696,
            68.95086934443042,
            47.538703298024856,
            50.72068479468577,
            59.952476949639994,
            103.89799841569304,
            88.44059956689239,
            68.61794932899139,
            69.87730168531061,
            82.56706536131003,
            6.6335117306919775,
            48.474690350937216,
            127.3667025706442,
            99.04046290732228,
            27.688712509799885,
            0.0,
            110.69218474512681,
            92.93970444838696
        ],
        [
            51.30772018145921,
            42.85306602445325,
            75.3043837689653,
            60.08347494250691,
            51.75964427348353,
            34.50396835213931,
            22.28395810972865,
            82.61280544393698,
            61.65470444206753,
            49.387365101687756,
            113.3402871911142,
            85.60034178379462,
            16.803304434986124,
            38.10441728821151,
            88.84407002269761,
            110.69218474512681,
            0.0,
            51.30772018145921
        ],
        [
            0.0,
            52.3827060583708,
            45.82924996315591,
            51.39707966193094,
            55.36015808667178,
            76.95034434047602,
            42.19993671569791,
            37.60427334735519,
            81.37446632870736,
            11.303193904753277,
            98.07269649474827,
            50.132066653138054,
            63.605941965511114,
            77.38041244856105,
            65.45241224834278,
            92.93970444838696,
            51.30772018145921,
            0.0
        ]
    ],
    "scores_ave": [
        0,
        13.261136164383732,
        13.258018394439267,
        17.480673062530915,
        16.51917343190645,
        18.7300548147375,
        12.072347964698054,
        15.958201468355604,
        11.202805176237074,
        19.246639021950926,
        12.09437480893783,
        11.359399006421443,
        15.779736596765382,
        19.967591172427,
        10.647326669150587,
        12.678514294660683,
        18.839795564265508,
        0
    ],
    "scores_var": [
        0,
        24.40555907141109,
        270.24390342796244,
        21.22130007265547,
        329.9620952317996,
        19.914360902460277,
        387.4619993548291,
        328.9626341443658,
        16.939254188097138,
        309.4309847430917,
        251.067463634931,
        298.00349958097934,
        364.7718493151353,
        244.04121032855326,
        18.74277554367301,
        22.88004784787256,
        285.3038544660356,
        0
    ],
    "vertex_number": 18,
    "minimum_distances": {
        "cost": 395.7035652030299,
        "path": [
            0,
            7,
            11,
            2,
            14,
            15,
            10,
            3,
            4,
            1,
            8,
            13,
            5,
            12,
            16,
            6,
            9,
            17
        ]
    }
}