{
    "vertices": [
        [
            61.48865701783044,
            61.90454607596937
        ],
        [
            82.13920135250999,
            66.50255186774143
        ],
        [
            56.204156245499505,
            88.5494616629393
        ],
        [
            83.78579367546914,
            32.98577792567035
        ],
        [
            38.42491852343449,
            7.719444449349355
        ],
        [
            57.208357587824864,
            89.37386700487481
        ],
        [
            87.60997078326469,
            77.76901880521146
        ],
        [
            44.21230468151977,
            46.99649145561813
        ],
        [
            91.61210331978721,
            17.54219933942166
        ],
        [
            52.06353112666242,
            55.98889890643506
        ],
        [
            29.56322212981671,
            95.35758109975376
        ],
        [
            29.116400810576504,
            58.770787038023244
        ],
        [
            53.97150572704954,
            25.721937991267463
        ],
        [
            21.11894260770445,
            76.33582328273754
        ],
        [
            48.635802010075025,
            4.864350431542242
        ],
        [
            96.5758355595861,
            30.68796492079716
        ],
        [
            98.07665048617139,
            24.70515956200646
        ],
        [
            7.755542821020478,
            88.84836518797249
        ],
        [
            91.40193672791082,
            69.1970924058891
        ],
        [
            61.48865701783044,
            61.90454607596937
        ]
    ],
    "distances": [
        [
            0.0,
            21.156243489328034,
            27.163900217927452,
            36.51653672598436,
            58.88939863528088,
            27.80080134646677,
            30.561487657002733,
            22.819343606066397,
            53.62312770699372,
            11.127797603244998,
            46.24217712317781,
            32.52358248496005,
            36.95522549436852,
            42.871617690188934,
            58.47033265686888,
            46.96365655523952,
            52.17734779628575,
            60.11004033959522,
            30.78937373490296,
            0.0
        ],
        [
            21.156243489328034,
            0.0,
            34.03957691012419,
            33.55719597585476,
            73.25566354229976,
            33.83258823857857,
            12.524479846188639,
            42.64898455876028,
            49.868346587579914,
            31.860364689135622,
            59.97371343518226,
            53.58355684994911,
            49.56286457611832,
            61.80748501600753,
            70.15515407857173,
            38.61477755224224,
            44.73280997710246,
            77.66765111339372,
            9.646699712669779,
            21.156243489328034
        ],
        [
            27.163900217927452,
            34.03957691012419,
            0.0,
            62.03281126769564,
            82.76226783218875,
            1.2992553650995136,
            33.20456497214258,
            43.24874376190647,
            79.34578765565571,
            32.822782078839616,
            27.497088224429916,
            40.2556326110871,
            62.86718109675364,
            37.150305227441365,
            84.02664950861819,
            70.55370504715094,
            76.35051201328173,
            48.44953545775116,
            40.16712519896385,
            27.163900217927452
        ],
        [
            36.51653672598436,
            33.55719597585476,
            62.03281126769564,
            0.0,
            51.92298722045114,
            62.33760260867523,
            44.94622335888511,
            41.98048504689403,
            17.3134410848446,
            39.184761273626805,
            82.64580507327639,
            60.445092531487575,
            30.686399861565775,
            76.19947936311102,
            45.01484864336189,
            12.994811118397621,
            16.51657436845312,
            94.34631789650676,
            37.00357998059857,
            36.51653672598436
        ],
        [
            58.88939863528088,
            73.25566354229976,
            82.76226783218875,
            51.92298722045114,
            0.0,
            83.78700559133243,
            85.59271133244746,
            39.701136760493945,
            54.086626260026726,
            50.159266215980466,
            88.08503084251952,
            51.893044641037775,
            23.786259634638025,
            70.76513439966655,
            10.602532877962053,
            62.52265257322904,
            62.02292837364707,
            86.73241831166486,
            81.15457877474105,
            58.88939863528088
        ],
        [
            27.80080134646677,
            33.83258823857857,
            1.2992553650995136,
            62.33760260867523,
            83.78700559133243,
            0.0,
            32.54121366240618,
            44.32538042235193,
            79.6455033256092,
            33.77906650944217,
            28.285302700534647,
            41.54162417422195,
            63.73417668034877,
            38.372339747632054,
            84.94319926039978,
            70.66706039789015,
            76.50005939054124,
            49.45560676525396,
            39.70268363256566,
            27.80080134646677
        ],
        [
            30.561487657002733,
            12.524479846188639,
            33.20456497214258,
            44.94622335888511,
            85.59271133244746,
            32.54121366240618,
            0.0,
            53.200619005421444,
            60.35964585552776,
            41.688403604186405,
            60.652968211172976,
            61.50146777459516,
            61.97132363110719,
            66.50647244628739,
            82.66847344807908,
            47.927156874306704,
            54.086269438609946,
            80.6193623234918,
            9.37320265014876,
            30.561487657002733
        ],
        [
            22.819343606066397,
            42.64898455876028,
            43.24874376190647,
            41.98048504689403,
            39.701136760493945,
            44.32538042235193,
            53.200619005421444,
            0.0,
            55.8058799322664,
            11.937552029390917,
            50.531085592679815,
            19.14472120827578,
            23.40616649848036,
            37.337645398902076,
            42.36371839072148,
            54.84439263730765,
            58.294692953597746,
            55.50382707761771,
            52.15101202495451,
            22.819343606066397
        ],
        [
            53.62312770699372,
            49.868346587579914,
            79.34578765565571,
            17.3134410848446,
            54.086626260026726,
            79.6455033256092,
            60.35964585552776,
            55.8058799322664,
            0.0,
            55.156488921168574,
            99.5253600618119,
            74.86994908333413,
            38.5191213756351,
            91.79311479390802,
            44.80725752815261,
            14.0516828340557,
            9.648749619341244,
            110.0749382316627,
            51.65532061370374,
            53.62312770699372
        ],
        [
            11.127797603244998,
            31.860364689135622,
            32.822782078839616,
            39.184761273626805,
            50.159266215980466,
            33.77906650944217,
            41.688403604186405,
            11.937552029390917,
            55.156488921168574,
            0.0,
            45.34486787489919,
            23.11513987238884,
            30.327038927597357,
            37.03464445870376,
            51.23932848563071,
            51.20041510061109,
            55.64062814672898,
            55.16287113630325,
            41.49658456749605,
            11.127797603244998
        ],
        [
            46.24217712317781,
            59.97371343518226,
            27.497088224429916,
            82.64580507327639,
            88.08503084251952,
            28.285302700534647,
            60.652968211172976,
            50.531085592679815,
            99.5253600618119,
            45.34486787489919,
            0.0,
            36.58952239380567,
            73.78947824246637,
            20.811850640843602,
            92.48128513412306,
            93.1281354662557,
            98.41673909599363,
            22.758399957411015,
            67.14460359437949,
            46.24217712317781
        ],
        [
            32.52358248496005,
            53.58355684994911,
            40.2556326110871,
            60.445092531487575,
            51.893044641037775,
            41.54162417422195,
            61.50146777459516,
            19.14472120827578,
            74.86994908333413,
            23.11513987238884,
            36.58952239380567,
            0.0,
            41.35217846406803,
            19.299995750901406,
            57.33158754818795,
            73.07133661514374,
            76.91542765047292,
            36.89101464335569,
            63.152164081158226,
            32.52358248496005
        ],
        [
            36.95522549436852,
            49.56286457611832,
            62.86718109675364,
            30.686399861565775,
            23.786259634638025,
            63.73417668034877,
            61.97132363110719,
            23.40616649848036,
            38.5191213756351,
            30.327038927597357,
            73.78947824246637,
            41.35217846406803,
            0.0,
            60.34116578098772,
            21.52925202989969,
            42.89277729343693,
            44.116863358553765,
            78.23593188524282,
            57.368338099385724,
            36.95522549436852
        ],
        [
            42.871617690188934,
            61.80748501600753,
            37.150305227441365,
            76.19947936311102,
            70.76513439966655,
            38.372339747632054,
            66.50647244628739,
            37.337645398902076,
            91.79311479390802,
            37.03464445870376,
            20.811850640843602,
            19.299995750901406,
            60.34116578098772,
            0.0,
            76.58556641358068,
            88.18996352750973,
            92.67261859983599,
            18.306942912157837,
            70.6446087188048,
            42.871617690188934
        ],
        [
            58.47033265686888,
            70.15515407857173,
            84.02664950861819,
            45.01484864336189,
            10.602532877962053,
            84.94319926039978,
            82.66847344807908,
            42.36371839072148,
            44.80725752815261,
            51.23932848563071,
            92.48128513412306,
            57.33158754818795,
            21.52925202989969,
            76.58556641358068,
            0.0,
            54.45278580585114,
            53.273400538991616,
            93.40508725959508,
            77.25052730332635,
            58.47033265686888
        ],
        [
            46.96365655523952,
            38.61477755224224,
            70.55370504715094,
            12.994811118397621,
            62.52265257322904,
            70.66706039789015,
            47.927156874306704,
            54.84439263730765,
            14.0516828340557,
            51.20041510061109,
            93.1281354662557,
            73.07133661514374,
            42.89277729343693,
            88.18996352750973,
            54.45278580585114,
            0.0,
            6.168176829909785,
            106.16815229343752,
            38.85514288718385,
            46.96365655523952
        ],
        [
            52.17734779628575,
            44.73280997710246,
            76.35051201328173,
            16.51657436845312,
            62.02292837364707,
            76.50005939054124,
            54.086269438609946,
            58.294692953597746,
            9.648749619341244,
            55.64062814672898,
            98.41673909599363,
            76.91542765047292,
            44.116863358553765,
            92.67261859983599,
            53.273400538991616,
            6.168176829909785,
            0.0,
            110.78020273421936,
            44.98981987004699,
            52.17734779628575
        ],
        [
            60.11004033959522,
            77.66765111339372,
            48.44953545775116,
            94.34631789650676,
            86.73241831166486,
            49.45560676525396,
            80.6193623234918,
            55.50382707761771,
            110.0749382316627,
            55.16287113630325,
            22.758399957411015,
            36.89101464335569,
            78.23593188524282,
            18.306942912157837,
            93.40508725959508,
            106.16815229343752,
            110.78020273421936,
            0.0,
            85.9237553624288,
            60.11004033959522
        ],
        [
            30.78937373490296,
            9.646699712669779,
            40.16712519896385,
            37.00357998059857,
            81.15457877474105,
            39.70268363256566,
            9.37320265014876,
            52.15101202495451,
            51.65532061370374,
            41.49658456749605,
            67.14460359437949,
            63.152164081158226,
            57.368338099385724,
            70.6446087188048,
            77.25052730332635,
            38.85514288718385,
            44.98981987004699,
            85.9237553624288,
            0.0,
            30.78937373490296
        ],
        [
            0.0,
            21.156243489328034,
            27.163900217927452,
            36.51653672598436,
            58.88939863528088,
            27.80080134646677,
            30.561487657002733,
            22.819343606066397,
            53.62312770699372,
            11.127797603244998,
            46.24217712317781,
            32.52358248496005,
            36.95522549436852,
            42.871617690188934,
            58.47033265686888,
            46.96365655523952,
            52.17734779628575,
            60.11004033959522,
            30.78937373490296,
            0.0
        ]
    ],
    "scores_ave": [
        0,
        17.957927390298288,
        19.24676698407516,
        12.38347034036325,
        15.681839969693673,
        18.06791939139515,
        11.891444380468505,
        15.544182433380028,
        15.308826682617193,
        16.270429112107298,
        17.793303226595675,
        14.138025984560137,
        18.30735854314709,
        13.543848769263342,
        19.410409268100075,
        16.73021322407247,
        18.15179554388725,
        10.674832419193555,
        19.33177656149151,
        0
    ],
    "scores_var": [
        0,
        17.55486654748796,
        314.47153353993417,
        21.605474443505326,
        324.0358483121979,
        310.09568470860677,
        275.32415928486273,
        20.91781466097867,
        17.025202675505327,
        320.74126753837436,
        371.84527078860594,
        358.6892191726363,
        342.5679580303311,
        17.821613064819644,
        314.7093630675091,
        22.86156960750848,
        279.17555328902597,
        392.16581979756677,
        23.667730778370863,
        0
    ],
    "vertex_number": 20,
    "minimum_distances": {
        "cost": 369.86441951963343,
        "path": [
            0,
            5,
            2,
            10,
            17,
            13,
            11,
            9,
            7,
            12,
            4,
            14,
            3,
            8,
            16,
            15,
            18,
            6,
            1,
            19
        ]
    }
}