{
    "vertices": [
        [
            22.12111184526828,
            29.63402681229819
        ],
        [
            40.03790546513555,
            5.960006574609422
        ],
        [
            88.479570169866,
            36.51696029633468
        ],
        [
            3.414885934823575,
            73.55233875363542
        ],
        [
            33.82016638773386,
            71.62158286948726
        ],
        [
            87.01742382895584,
            64.06764532018484
        ],
        [
            15.702355835123994,
            25.58471424188957
        ],
        [
            86.35551711185022,
            19.885733655779113
        ],
        [
            97.61210699071417,
            16.122277310604538
        ],
        [
            46.19301149970326,
            51.27215685701062
        ],
        [
            28.13685348791316,
            10.276800451758783
        ],
        [
            79.63992819883795,
            65.94167425336678
        ],
        [
            13.04886353056377,
            60.520896255100475
        ],
        [
            99.87747632052175,
            34.905104568492284
        ],
        [
            22.12111184526828,
            29.63402681229819
        ]
    ],
    "distances": [
        [
            0.0,
            29.689572712173103,
            66.71446443285774,
            47.736160419426255,
            43.58695608600328,
            73.46567492802869,
            7.589292523722659,
            64.96990102668255,
            76.6906625518795,
            32.36765398982561,
            20.2704553447675,
            68.01955231711399,
            32.1916820539153,
            77.93482198042351,
            0.0
        ],
        [
            29.689572712173103,
            0.0,
            57.27409798606335,
            76.87632229052979,
            65.95530972380246,
            74.72330845380728,
            31.26256750206163,
            48.36576292580425,
            58.46418072477884,
            45.72828767307696,
            12.659768858172063,
            71.87573068933328,
            60.87116778305464,
            66.47249760639559,
            29.689572712173103
        ],
        [
            66.71446443285774,
            57.27409798606335,
            0.0,
            92.77725885950161,
            64.96141122098298,
            27.589456631214002,
            73.59372887766938,
            16.76631447166584,
            22.34605832966025,
            44.78692744215993,
            65.80113559223216,
            30.723819125055407,
            79.15794619377769,
            11.511313717666402,
            66.71446443285774
        ],
        [
            47.736160419426255,
            76.87632229052979,
            92.77725885950161,
            0.0,
            30.46652093207069,
            84.13883616895568,
            49.516410591344666,
            98.78893056801871,
            110.32374364570222,
            48.23250493382342,
            67.93356627682866,
            76.60404220592035,
            16.205925394985837,
            103.91650520528626,
            47.736160419426255
        ],
        [
            43.58695608600328,
            65.95530972380246,
            64.96141122098298,
            30.46652093207069,
            0.0,
            53.73090518283131,
            49.473713548256605,
            73.73303987744883,
            84.55521629924671,
            23.815676249102097,
            61.60748635836165,
            46.170466039599305,
            23.55148117836983,
            75.57557789645959,
            43.58695608600328
        ],
        [
            73.46567492802869,
            74.72330845380728,
            27.589456631214002,
            84.13883616895568,
            53.73090518283131,
            0.0,
            81.0356397354996,
            44.186869529572924,
            49.10199206623018,
            42.782673678021276,
            79.75196897472534,
            7.6117952031575085,
            74.05354374739633,
            31.872162354944784,
            73.46567492802869
        ],
        [
            7.589292523722659,
            31.26256750206163,
            73.59372887766938,
            49.516410591344666,
            49.473713548256605,
            81.0356397354996,
            0.0,
            70.88263241525352,
            82.45450289128698,
            39.86884486614927,
            19.72178887634932,
            75.60884459594082,
            35.03680686179266,
            84.68955416443906,
            7.589292523722659
        ],
        [
            64.96990102668255,
            48.36576292580425,
            16.76631447166584,
            98.78893056801871,
            73.73303987744883,
            44.186869529572924,
            70.88263241525352,
            0.0,
            11.869053010370164,
            50.97189832066822,
            59.006308065125175,
            46.542977974954475,
            83.81576163681878,
            20.20952457270164,
            64.96990102668255
        ],
        [
            76.6906625518795,
            58.46418072477884,
            22.34605832966025,
            110.32374364570222,
            84.55521629924671,
            49.10199206623018,
            82.45450289128698,
            11.869053010370164,
            0.0,
            62.28512995282706,
            69.72073184488073,
            52.96198185743877,
            95.51010160542822,
            18.91894547801446,
            76.6906625518795
        ],
        [
            32.36765398982561,
            45.72828767307696,
            44.78692744215993,
            48.23250493382342,
            23.815676249102097,
            42.782673678021276,
            39.86884486614927,
            50.97189832066822,
            62.28512995282706,
            0.0,
            44.795581131852224,
            36.522472223561905,
            34.410372346924596,
            56.12398919992049,
            32.36765398982561
        ],
        [
            20.2704553447675,
            12.659768858172063,
            65.80113559223216,
            67.93356627682866,
            61.60748635836165,
            79.75196897472534,
            19.72178887634932,
            59.006308065125175,
            69.72073184488073,
            44.795581131852224,
            0.0,
            75.83630318012638,
            52.46061955456163,
            75.85031528000997,
            20.2704553447675
        ],
        [
            68.01955231711399,
            71.87573068933328,
            30.723819125055407,
            76.60404220592035,
            46.170466039599305,
            7.6117952031575085,
            75.60884459594082,
            46.542977974954475,
            52.96198185743877,
            36.522472223561905,
            75.83630318012638,
            0.0,
            66.81133682063818,
            37.05168028283654,
            68.01955231711399
        ],
        [
            32.1916820539153,
            60.87116778305464,
            79.15794619377769,
            16.205925394985837,
            23.55148117836983,
            74.05354374739633,
            35.03680686179266,
            83.81576163681878,
            95.51010160542822,
            34.410372346924596,
            52.46061955456163,
            66.81133682063818,
            0.0,
            90.52832033546277,
            32.1916820539153
        ],
        [
            77.93482198042351,
            66.47249760639559,
            11.511313717666402,
            103.91650520528626,
            75.57557789645959,
            31.872162354944784,
            84.68955416443906,
            20.20952457270164,
            18.91894547801446,
            56.12398919992049,
            75.85031528000997,
            37.05168028283654,
            90.52832033546277,
            0.0,
            77.93482198042351
        ],
        [
            0.0,
            29.689572712173103,
            66.71446443285774,
            47.736160419426255,
            43.58695608600328,
            73.46567492802869,
            7.589292523722659,
            64.96990102668255,
            76.6906625518795,
            32.36765398982561,
            20.2704553447675,
            68.01955231711399,
            32.1916820539153,
            77.93482198042351,
            0.0
        ]
    ],
    "scores_ave": [
        0,
        13.089004553474837,
        19.219566010055615,
        14.533178100321521,
        11.303984993948838,
        14.235178171759786,
        12.334601241918506,
        12.829050673587393,
        16.52060171038608,
        14.41237790221945,
        18.507969006338044,
        19.821274557785085,
        10.205647456160287,
        17.132546361381973,
        0
    ],
    "scores_var": [
        0,
        372.5325020871218,
        22.137740524971136,
        17.61524992257186,
        396.5075546249591,
        20.725125476855744,
        17.113754343023345,
        22.055754862616332,
        17.178001241923155,
        392.5279639472536,
        17.806566654802232,
        21.3504274719711,
        272.6036134222871,
        375.94054692559945,
        0
    ],
    "vertex_number": 15,
    "minimum_distances": {
        "cost": 305.03945407810664,
        "path": [
            0,
            12,
            3,
            4,
            9,
            11,
            5,
            2,
            13,
            8,
            7,
            1,
            10,
            6,
            14
        ]
    }
}