{
    "vertices": [
        [
            27.444202513215245,
            4.2905556287073265
        ],
        [
            47.36444451455786,
            17.348901526168504
        ],
        [
            68.0340887500537,
            87.47416426789327
        ],
        [
            41.90624691788302,
            48.16681810727078
        ],
        [
            13.796331197626099,
            82.90357781460727
        ],
        [
            90.29659109374568,
            63.87764491989567
        ],
        [
            70.19807965731856,
            66.48756684627038
        ],
        [
            49.98132521284451,
            41.009130842099026
        ],
        [
            25.661746287654797,
            66.41968142086424
        ],
        [
            74.07084767317637,
            10.135659173658663
        ],
        [
            60.735985597996425,
            14.059842363890551
        ],
        [
            3.5220964764375084,
            46.84960799759447
        ],
        [
            62.67273651938634,
            57.09503548647409
        ],
        [
            27.444202513215245,
            4.2905556287073265
        ]
    ],
    "distances": [
        [
            0.0,
            23.818825306252943,
            92.55836867056776,
            46.19823738467062,
            79.7889193350034,
            86.6085674773232,
            75.47424868954143,
            43.083357172806856,
            62.154689460198384,
            46.991587271809934,
            34.69555856703202,
            48.82151263298298,
            63.47726129310597,
            0.0
        ],
        [
            23.818825306252943,
            0.0,
            73.10804789773762,
            31.29753829623227,
            73.64939792653004,
            63.30950301255079,
            54.18471484905775,
            23.804506209360515,
            53.655834256879245,
            27.663384371886075,
            13.770113329927606,
            52.843572587486065,
            42.59224071231346,
            23.818825306252943
        ],
        [
            92.55836867056776,
            73.10804789773762,
            0.0,
            47.19885147964865,
            54.429997288653965,
            32.44094227890608,
            21.097870223887373,
            49.84878737332099,
            47.31497282791836,
            77.57375089878569,
            73.77618159163974,
            76.2374692606581,
            30.848590944471567,
            92.55836867056776
        ],
        [
            46.19823738467062,
            31.29753829623227,
            47.19885147964865,
            0.0,
            44.68567820639162,
            50.87686594705631,
            33.70575075730776,
            10.790707875564053,
            24.434623383023748,
            49.80894087993724,
            38.959528399621135,
            38.40674481890589,
            22.604427795006306,
            46.19823738467062
        ],
        [
            79.7889193350034,
            73.64939792653004,
            54.429997288653965,
            44.68567820639162,
            0.0,
            78.83067858827495,
            58.74217092875422,
            55.35791252398972,
            20.310266260646006,
            94.48908571733085,
            83.32341247233262,
            37.489313659657036,
            55.27190836473837,
            79.7889193350034
        ],
        [
            86.6085674773232,
            63.30950301255079,
            32.44094227890608,
            50.87686594705631,
            78.83067858827495,
            0.0,
            20.267260654118086,
            46.34964508142578,
            64.68481361710575,
            56.138006568624164,
            57.927910792505116,
            88.42944621287921,
            28.44435150028372,
            86.6085674773232
        ],
        [
            75.47424868954143,
            54.18471484905775,
            21.097870223887373,
            33.70575075730776,
            58.74217092875422,
            20.267260654118086,
            0.0,
            32.52488065292195,
            44.53638510751416,
            56.4848283209501,
            53.27473621133932,
            69.50781366781307,
            12.035382614955802,
            75.47424868954143
        ],
        [
            43.083357172806856,
            23.804506209360515,
            49.84878737332099,
            10.790707875564053,
            55.35791252398972,
            46.34964508142578,
            32.52488065292195,
            0.0,
            35.172972575750784,
            39.15962646947521,
            29.015976107683436,
            46.824898378807504,
            20.48971081249672,
            43.083357172806856
        ],
        [
            62.154689460198384,
            53.655834256879245,
            47.31497282791836,
            24.434623383023748,
            20.310266260646006,
            64.68481361710575,
            44.53638510751416,
            35.172972575750784,
            0.0,
            74.2383476195264,
            63.021861359938434,
            29.549143262631212,
            38.16755716226893,
            62.154689460198384
        ],
        [
            46.991587271809934,
            27.663384371886075,
            77.57375089878569,
            49.80894087993724,
            94.48908571733085,
            56.138006568624164,
            56.4848283209501,
            39.15962646947521,
            74.2383476195264,
            0.0,
            13.90027914376438,
            79.53012217811526,
            48.32287203346634,
            46.991587271809934
        ],
        [
            34.69555856703202,
            13.770113329927606,
            73.77618159163974,
            38.959528399621135,
            83.32341247233262,
            57.927910792505116,
            53.27473621133932,
            29.015976107683436,
            63.021861359938434,
            13.90027914376438,
            0.0,
            65.94389917746196,
            43.07875173713331,
            34.69555856703202
        ],
        [
            48.82151263298298,
            52.843572587486065,
            76.2374692606581,
            38.40674481890589,
            37.489313659657036,
            88.42944621287921,
            69.50781366781307,
            46.824898378807504,
            29.549143262631212,
            79.53012217811526,
            65.94389917746196,
            0.0,
            60.03138347498241,
            48.82151263298298
        ],
        [
            63.47726129310597,
            42.59224071231346,
            30.848590944471567,
            22.604427795006306,
            55.27190836473837,
            28.44435150028372,
            12.035382614955802,
            20.48971081249672,
            38.16755716226893,
            48.32287203346634,
            43.07875173713331,
            60.03138347498241,
            0.0,
            63.47726129310597
        ],
        [
            0.0,
            23.818825306252943,
            92.55836867056776,
            46.19823738467062,
            79.7889193350034,
            86.6085674773232,
            75.47424868954143,
            43.083357172806856,
            62.154689460198384,
            46.991587271809934,
            34.69555856703202,
            48.82151263298298,
            63.47726129310597,
            0.0
        ]
    ],
    "scores_ave": [
        0,
        17.819373437611578,
        16.790517497640046,
        16.22116057205823,
        19.60619702995519,
        18.978802684991756,
        19.628603953008096,
        10.617192320725762,
        16.874534049266643,
        16.856855595913714,
        14.075017133258642,
        17.6403955967716,
        13.598159338893424,
        0
    ],
    "scores_var": [
        0,
        21.017080843574952,
        297.47457935720354,
        296.2921586327703,
        353.9547084722768,
        16.056325224350026,
        278.9939107590662,
        248.78477626967143,
        21.48473965194841,
        397.4063370121688,
        21.51883738947206,
        19.01963918515917,
        23.74428101569727,
        0
    ],
    "vertex_number": 14,
    "minimum_distances": {
        "cost": 341.8984849128846,
        "path": [
            0,
            11,
            8,
            4,
            2,
            5,
            6,
            12,
            3,
            7,
            9,
            10,
            1,
            13
        ]
    }
}