{
    "vertices": [
        [
            58.69013530743491,
            2.506106640348793
        ],
        [
            6.265722738441893,
            85.06101622367468
        ],
        [
            88.05656008103045,
            71.74410691860523
        ],
        [
            65.12421376509677,
            40.36281261555099
        ],
        [
            43.25348935251208,
            36.356720772769194
        ],
        [
            59.846180715504495,
            63.868012772920935
        ],
        [
            85.47123267233215,
            59.1561327976794
        ],
        [
            52.890419878359175,
            10.827815187397672
        ],
        [
            30.51149039589006,
            45.539268412348264
        ],
        [
            39.972457894821304,
            6.56065261545783
        ],
        [
            36.91230089035632,
            33.93483094219992
        ],
        [
            53.29844735682758,
            59.18382234256728
        ],
        [
            43.37655093685915,
            36.29537125628117
        ],
        [
            1.0308723853398205,
            54.20457372479832
        ],
        [
            4.11288970535807,
            98.2915502178933
        ],
        [
            28.60553438784368,
            95.22925086819407
        ],
        [
            22.431568431260974,
            75.1207108421281
        ],
        [
            40.39525114255448,
            59.6773511259951
        ],
        [
            81.79006458763516,
            66.03594753116923
        ],
        [
            1.849290353771471,
            32.09561815511787
        ],
        [
            57.36752858411799,
            37.314338118814106
        ],
        [
            58.69013530743491,
            2.506106640348793
        ]
    ],
    "distances": [
        [
            0.0,
            97.7938245980548,
            75.20829466564898,
            38.399577509293756,
            37.20422174269549,
            61.372794992635896,
            62.66141268511545,
            10.143349160917484,
            51.43820604517627,
            19.151782966265525,
            38.23661573857525,
            56.93359075430101,
            37.09744289786349,
            77.44237922223981,
            110.24303578392777,
            97.4816120506266,
            81.16381222746405,
            60.02711039725248,
            67.59916727566409,
            64.08136114915989,
            34.833349927949605,
            0.0
        ],
        [
            97.7938245980548,
            0.0,
            82.86785351776179,
            73.90704548098303,
            61.15720132957376,
            57.61951815396786,
            83.33412139815235,
            87.6608836339295,
            46.36621398562799,
            85.43097261254,
            59.607881809850326,
            53.68152706648094,
            61.28051646859966,
            31.297343368181206,
            13.404541015660005,
            24.545064276077017,
            18.977466586518897,
            42.53416465476058,
            77.88375601181774,
            53.14920759116779,
            69.93668444198902,
            97.7938245980548
        ],
        [
            75.20829466564898,
            82.86785351776179,
            0.0,
            38.86744318435188,
            57.092751246888845,
            29.28921922719305,
            12.850720224145613,
            70.33812632588047,
            63.23075680558213,
            80.99977529564084,
            63.60248892946592,
            36.95791050342877,
            57.03434120931491,
            88.77559092208023,
            88.04150465472777,
            63.921642988152804,
            65.71180246415909,
            49.165099054993675,
            8.476558816000587,
            94.88780751527968,
            46.12185635710639,
            75.20829466564898
        ],
        [
            38.399577509293756,
            73.90704548098303,
            38.86744318435188,
            0.0,
            22.234598224029842,
            24.090497448384337,
            27.698196004061145,
            31.968449852068233,
            34.997661545443634,
            42.13308490995924,
            28.934943864553862,
            22.227891449424295,
            22.124758025836286,
            65.57095972934616,
            84.13156544201159,
            65.90857296277704,
            55.05246093254855,
            31.377906084672418,
            30.608176032469487,
            63.81271375639574,
            8.334228323850445,
            38.399577509293756
        ],
        [
            37.20422174269549,
            61.15720132957376,
            57.092751246888845,
            22.234598224029842,
            0.0,
            32.12769201460224,
            47.98073613128327,
            27.287276345337528,
            15.705977160421941,
            29.976171287566075,
            6.787946778223303,
            24.939481698430313,
            0.13750606064943155,
            45.839886982341014,
            73.26601967580471,
            60.667432651165164,
            44.002264907027126,
            23.495134086373355,
            48.64076615174591,
            41.622886615964866,
            14.14648841277428,
            37.20422174269549
        ],
        [
            61.372794992635896,
            57.61951815396786,
            29.28921922719305,
            24.090497448384337,
            32.12769201460224,
            0.0,
            26.054656027113445,
            53.494347072703974,
            34.589983029526124,
            60.655571771854014,
            37.708861270865036,
            8.050742333732163,
            32.11696226685781,
            59.60388031168037,
            65.50709623427895,
            44.266299120644796,
            39.07014750697781,
            19.89724368576906,
            22.05071383220002,
            66.12960268578877,
            26.66910860948641,
            61.372794992635896
        ],
        [
            62.66141268511545,
            83.33412139815235,
            12.850720224145613,
            27.698196004061145,
            47.98073613128327,
            26.054656027113445,
            0.0,
            58.284952134802175,
            56.621482378876614,
            69.54439619302995,
            54.718222952612365,
            32.172797231021775,
            47.901739516049275,
            84.58541471583207,
            90.28156438047671,
            67.34224148862114,
            65.02973950250978,
            45.07899488030573,
            7.802746262370414,
            87.89141419870872,
            35.5932883880039,
            62.66141268511545
        ],
        [
            10.143349160917484,
            87.6608836339295,
            70.33812632588047,
            31.968449852068233,
            27.287276345337528,
            53.494347072703974,
            58.284952134802175,
            0.0,
            41.30013885895855,
            13.604499925520743,
            28.093317060956984,
            48.357728590309115,
            27.186579673761162,
            67.60884444651225,
            100.14565589811063,
            87.82572520774913,
            71.1429410633722,
            50.422280820610965,
            62.31474417190347,
            55.29481301369511,
            26.862248590905974,
            10.143349160917484
        ],
        [
            51.43820604517627,
            46.36621398562799,
            63.23075680558213,
            34.997661545443634,
            15.705977160421941,
            34.589983029526124,
            56.621482378876614,
            41.30013885895855,
            0.0,
            40.11037765288966,
            13.252673088273633,
            26.559730034288265,
            15.841698689053048,
            30.727745677839017,
            58.98889178574043,
            49.72652234740403,
            30.665075822193472,
            17.250336498608483,
            55.2232380980889,
            31.65838662176507,
            28.087297226701125,
            51.43820604517627
        ],
        [
            19.151782966265525,
            85.43097261254,
            80.99977529564084,
            42.13308490995924,
            29.976171287566075,
            60.655571771854014,
            69.54439619302995,
            13.604499925520743,
            40.11037765288966,
            0.0,
            27.544694588182544,
            54.284251742744615,
            29.928938205151507,
            61.533651774174096,
            98.49094479028652,
            89.39422389684147,
            70.76838550664598,
            53.11838113863826,
            72.7050406424872,
            45.88475093617248,
            35.33238820579462,
            19.151782966265525
        ],
        [
            38.23661573857525,
            59.607881809850326,
            63.60248892946592,
            28.934943864553862,
            6.787946778223303,
            37.708861270865036,
            54.718222952612365,
            28.093317060956984,
            13.252673088273633,
            27.544694588182544,
            0.0,
            30.10012230467633,
            6.881764253308492,
            41.210913409354454,
            72.23287817893588,
            61.85473533846357,
            43.65739703284205,
            25.977072349908667,
            55.17694591699869,
            35.11121489730633,
            20.732520559749148,
            38.23661573857525
        ],
        [
            56.93359075430101,
            53.68152706648094,
            36.95791050342877,
            22.227891449424295,
            24.939481698430313,
            8.050742333732163,
            32.172797231021775,
            48.357728590309115,
            26.559730034288265,
            54.284251742744615,
            30.10012230467633,
            0.0,
            24.946447075643743,
            52.50421230908667,
            62.83815290933194,
            43.69225181299177,
            34.738287661498546,
            12.912631149541268,
            29.30399071845206,
            58.14453166400147,
            22.244814277653035,
            56.93359075430101
        ],
        [
            37.09744289786349,
            61.28051646859966,
            57.03434120931491,
            22.124758025836286,
            0.13750606064943155,
            32.11696226685781,
            47.901739516049275,
            27.186579673761162,
            15.841698689053048,
            29.928938205151507,
            6.881764253308492,
            24.946447075643743,
            0.0,
            45.977125019371805,
            73.38365825674214,
            60.75676996024996,
            44.11461533455943,
            23.571277672014908,
            48.580859483553695,
            41.73908597042343,
            14.02803439520437,
            37.09744289786349
        ],
        [
            77.44237922223981,
            31.297343368181206,
            88.77559092208023,
            65.57095972934616,
            45.839886982341014,
            59.60388031168037,
            84.58541471583207,
            67.60884444651225,
            30.727745677839017,
            61.533651774174096,
            41.210913409354454,
            52.50421230908667,
            45.977125019371805,
            0.0,
            44.194573502451654,
            49.43061924831802,
            29.92448133486771,
            39.742994444612535,
            81.62125048854226,
            22.124098272091366,
            58.814104519961774,
            77.44237922223981
        ],
        [
            110.24303578392777,
            13.404541015660005,
            88.04150465472777,
            84.13156544201159,
            73.26601967580471,
            65.50709623427895,
            90.28156438047671,
            100.14565589811063,
            58.98889178574043,
            98.49094479028652,
            72.23287817893588,
            62.83815290933194,
            73.38365825674214,
            44.194573502451654,
            0.0,
            24.683340958015773,
            29.53746413692886,
            52.985527485985344,
            84.10806978153559,
            66.23462314895498,
            80.95848910079299,
            110.24303578392777
        ],
        [
            97.4816120506266,
            24.545064276077017,
            63.921642988152804,
            65.90857296277704,
            60.667432651165164,
            44.266299120644796,
            67.34224148862114,
            87.82572520774913,
            49.72652234740403,
            89.39422389684147,
            61.85473533846357,
            43.69225181299177,
            60.75676996024996,
            49.43061924831802,
            24.683340958015773,
            0.0,
            21.035000299808395,
            37.45577387313838,
            60.66995312590968,
            68.569323858125,
            64.66366389955654,
            97.4816120506266
        ],
        [
            81.16381222746405,
            18.977466586518897,
            65.71180246415909,
            55.05246093254855,
            44.002264907027126,
            39.07014750697781,
            65.02973950250978,
            71.1429410633722,
            30.665075822193472,
            70.76838550664598,
            43.65739703284205,
            34.738287661498546,
            44.11461533455943,
            29.92448133486771,
            29.53746413692886,
            21.035000299808395,
            0.0,
            23.689475635266913,
            60.0496793527029,
            47.69474574400126,
            51.47662702912997,
            81.16381222746405
        ],
        [
            60.02711039725248,
            42.53416465476058,
            49.165099054993675,
            31.377906084672418,
            23.495134086373355,
            19.89724368576906,
            45.07899488030573,
            50.422280820610965,
            17.250336498608483,
            53.11838113863826,
            25.977072349908667,
            12.912631149541268,
            23.571277672014908,
            39.742994444612535,
            52.985527485985344,
            37.45577387313838,
            23.689475635266913,
            0.0,
            41.88033343225583,
            47.39771183092253,
            28.07423288912365,
            60.02711039725248
        ],
        [
            67.59916727566409,
            77.88375601181774,
            8.476558816000587,
            30.608176032469487,
            48.64076615174591,
            22.05071383220002,
            7.802746262370414,
            62.31474417190347,
            55.2232380980889,
            72.7050406424872,
            55.17694591699869,
            29.30399071845206,
            48.580859483553695,
            81.62125048854226,
            84.10806978153559,
            60.66995312590968,
            60.0496793527029,
            41.88033343225583,
            0.0,
            86.84741414264688,
            37.70134098515567,
            67.59916727566409
        ],
        [
            64.08136114915989,
            53.14920759116779,
            94.88780751527968,
            63.81271375639574,
            41.622886615964866,
            66.12960268578877,
            87.89141419870872,
            55.29481301369511,
            31.65838662176507,
            45.88475093617248,
            35.11121489730633,
            58.14453166400147,
            41.73908597042343,
            22.124098272091366,
            66.23462314895498,
            68.569323858125,
            47.69474574400126,
            47.39771183092253,
            86.84741414264688,
            0.0,
            55.7629788861839,
            64.08136114915989
        ],
        [
            34.833349927949605,
            69.93668444198902,
            46.12185635710639,
            8.334228323850445,
            14.14648841277428,
            26.66910860948641,
            35.5932883880039,
            26.862248590905974,
            28.087297226701125,
            35.33238820579462,
            20.732520559749148,
            22.244814277653035,
            14.02803439520437,
            58.814104519961774,
            80.95848910079299,
            64.66366389955654,
            51.47662702912997,
            28.07423288912365,
            37.70134098515567,
            55.7629788861839,
            0.0,
            34.833349927949605
        ],
        [
            0.0,
            97.7938245980548,
            75.20829466564898,
            38.399577509293756,
            37.20422174269549,
            61.372794992635896,
            62.66141268511545,
            10.143349160917484,
            51.43820604517627,
            19.151782966265525,
            38.23661573857525,
            56.93359075430101,
            37.09744289786349,
            77.44237922223981,
            110.24303578392777,
            97.4816120506266,
            81.16381222746405,
            60.02711039725248,
            67.59916727566409,
            64.08136114915989,
            34.833349927949605,
            0.0
        ]
    ],
    "scores_ave": [
        0,
        16.515352644881,
        13.381577156670732,
        16.2597308748087,
        10.196190622326434,
        13.426286008433276,
        18.738646369853747,
        13.751153941741205,
        19.173752531078097,
        12.223644028187769,
        12.525672823849622,
        10.84721791661131,
        10.056991552824798,
        16.105082630876122,
        17.057934031437593,
        17.79968601746836,
        13.541424624197793,
        13.755397272159069,
        19.172722877920293,
        19.622619587793153,
        14.176143897797314,
        0
    ],
    "scores_var": [
        0,
        16.20592610185303,
        24.575412015612606,
        22.08732941294778,
        23.247900261611267,
        357.68843015357663,
        19.59336038626945,
        18.635226129456527,
        395.5189632267495,
        17.48096168382468,
        233.55123562623515,
        293.60618026247755,
        330.7229276350489,
        254.33903865853284,
        352.7172389306865,
        16.985597324605557,
        239.15365714919176,
        237.9976600357889,
        263.3184214334734,
        18.76806567836366,
        320.3755679600894,
        0
    ],
    "vertex_number": 22,
    "minimum_distances": {
        "cost": 389.3747256729041,
        "path": [
            0,
            9,
            19,
            13,
            1,
            14,
            15,
            16,
            8,
            10,
            4,
            12,
            17,
            11,
            5,
            18,
            2,
            6,
            3,
            20,
            7,
            21
        ]
    }
}