{
    "vertices": [
        [
            40.508630655252034,
            28.61875489652772
        ],
        [
            39.048276101705724,
            30.179649498655603
        ],
        [
            6.058691445260078,
            38.35227997854592
        ],
        [
            33.17813697153792,
            83.54256152455952
        ],
        [
            83.23480720813504,
            57.650431699236094
        ],
        [
            88.50665882384364,
            1.3634930150480673
        ],
        [
            97.28291284702368,
            43.6598708598575
        ],
        [
            12.548886983864149,
            54.8958311745944
        ],
        [
            19.56140044588516,
            30.74528104480002
        ],
        [
            51.256359635702296,
            40.7267022234082
        ],
        [
            81.68814681379496,
            4.980844628419467
        ],
        [
            40.508630655252034,
            28.61875489652772
        ]
    ],
    "distances": [
        [
            0.0,
            2.137528334552646,
            35.79860083989902,
            55.41083533173275,
            51.65621376761023,
            55.19655793888737,
            58.73290634570414,
            38.36967557711492,
            21.054894131852055,
            16.18999897182587,
            47.48161068134521,
            0.0
        ],
        [
            2.137528334552646,
            0.0,
            33.98682957802369,
            53.68481082477508,
            52.02973578571368,
            57.240741574312494,
            59.77448690541927,
            36.23682188405591,
            19.495083017812618,
            16.13312197783645,
            49.529166571141914,
            2.137528334552646
        ],
        [
            35.79860083989902,
            33.98682957802369,
            0.0,
            52.703186543706515,
            79.55231928787151,
            90.36502468262269,
            91.37849359297496,
            17.77109237794889,
            15.49805094628266,
            45.25999437527814,
            82.66478825152144,
            35.79860083989902
        ],
        [
            55.41083533173275,
            53.68481082477508,
            52.703186543706515,
            0.0,
            56.35665552591664,
            99.06888831238619,
            75.49868412563606,
            35.30157382890387,
            54.5249331926912,
            46.476014699962086,
            92.33181692442282,
            55.41083533173275
        ],
        [
            51.65621376761023,
            52.02973578571368,
            79.55231928787151,
            56.35665552591664,
            0.0,
            56.53328122350225,
            19.82637295729425,
            70.73957267330884,
            69.12445197214102,
            36.180571146871564,
            52.692291282366476,
            51.65621376761023
        ],
        [
            55.19655793888737,
            57.240741574312494,
            90.36502468262269,
            99.06888831238619,
            56.53328122350225,
            0.0,
            43.19729405264027,
            92.92628439640961,
            74.94490056453961,
            54.19452950978698,
            7.71863580731328,
            55.19655793888737
        ],
        [
            58.73290634570414,
            59.77448690541927,
            91.37849359297496,
            75.49868412563606,
            19.82637295729425,
            43.19729405264027,
            0.0,
            85.47573891562992,
            78.78718246016616,
            46.11992062834073,
            41.70448174769008,
            58.73290634570414
        ],
        [
            38.36967557711492,
            36.23682188405591,
            17.77109237794889,
            35.30157382890387,
            70.73957267330884,
            92.92628439640961,
            85.47573891562992,
            0.0,
            25.148049956740923,
            41.21932379756054,
            85.27451630900939,
            38.36967557711492
        ],
        [
            21.054894131852055,
            19.495083017812618,
            15.49805094628266,
            54.5249331926912,
            69.12445197214102,
            74.94490056453961,
            78.78718246016616,
            25.148049956740923,
            0.0,
            33.22949302636051,
            67.2572583303565,
            21.054894131852055
        ],
        [
            16.18999897182587,
            16.13312197783645,
            45.25999437527814,
            46.476014699962086,
            36.180571146871564,
            54.19452950978698,
            46.11992062834073,
            41.21932379756054,
            33.22949302636051,
            0.0,
            46.94528736789177,
            16.18999897182587
        ],
        [
            47.48161068134521,
            49.529166571141914,
            82.66478825152144,
            92.33181692442282,
            52.692291282366476,
            7.71863580731328,
            41.70448174769008,
            85.27451630900939,
            67.2572583303565,
            46.94528736789177,
            0.0,
            47.48161068134521
        ],
        [
            0.0,
            2.137528334552646,
            35.79860083989902,
            55.41083533173275,
            51.65621376761023,
            55.19655793888737,
            58.73290634570414,
            38.36967557711492,
            21.054894131852055,
            16.18999897182587,
            47.48161068134521,
            0.0
        ]
    ],
    "scores_ave": [
        0,
        11.646518659140114,
        14.040098793606507,
        15.573455882431514,
        19.233435518885898,
        18.76053803525034,
        18.076987847932543,
        10.063318999846018,
        18.34774459618236,
        11.688714730201756,
        11.371424302371477,
        0
    ],
    "scores_var": [
        0,
        303.97824619224355,
        20.279511994016584,
        16.20518322484084,
        287.57055378456675,
        296.0568945224153,
        295.71271613654034,
        19.27900259889753,
        21.05831896687589,
        19.05582846197811,
        20.71146166836793,
        0
    ],
    "vertex_number": 12,
    "minimum_distances": {
        "cost": 291.0838278509273,
        "path": [
            0,
            1,
            8,
            2,
            7,
            3,
            9,
            4,
            6,
            5,
            10,
            11
        ]
    }
}