{
    "vertices": [
        [
            88.4315574168248,
            78.04970643877887
        ],
        [
            1.4914712316314582,
            65.2081148985624
        ],
        [
            82.21206874113032,
            67.61740266915234
        ],
        [
            22.100694112089457,
            99.9634535022181
        ],
        [
            62.23723026074409,
            77.3806268650601
        ],
        [
            44.47375413018263,
            39.33648813550993
        ],
        [
            76.22651827878634,
            21.649127298374815
        ],
        [
            20.681445610021708,
            61.56849778432718
        ],
        [
            33.293610145203026,
            21.50008558800215
        ],
        [
            21.740582786840523,
            37.05300853690133
        ],
        [
            0.8226615157773898,
            35.68068160449162
        ],
        [
            31.933999720483975,
            48.22191948159706
        ],
        [
            13.07557305340714,
            50.91096513288144
        ],
        [
            53.251887097341545,
            91.40605164713035
        ],
        [
            35.51350366482525,
            8.347698701820438
        ],
        [
            61.795320326092664,
            90.94176485284483
        ],
        [
            78.47361955460123,
            78.02258718553938
        ],
        [
            90.97455486185886,
            38.09677439859943
        ],
        [
            83.74871962182617,
            4.84466723526531
        ],
        [
            88.4315574168248,
            78.04970643877887
        ]
    ],
    "distances": [
        [
            0.0,
            87.88336053642126,
            12.14557538072428,
            69.85696627475228,
            26.202870885377333,
            58.574753445351234,
            57.70605087626454,
            69.725948459278,
            78.98134493470432,
            78.28419595266351,
            97.31625201583245,
            63.88795583217846,
            80.09391774066287,
            37.62979087255449,
            87.51394343453235,
            29.59213234130625,
            9.95797479017707,
            40.033780918277586,
            73.35466402760103,
            0.0
        ],
        [
            87.88336053642126,
            0.0,
            80.7565448112537,
            40.40635629688915,
            61.95334767062672,
            50.16789525720386,
            86.50267428174547,
            19.53207437476901,
            54.05337978046236,
            34.68049211028801,
            29.535006744062553,
            34.860843012439204,
            18.40108438216558,
            58.012692925541906,
            66.2616451723922,
            65.56504370148082,
            78.04141118927448,
            93.49998416940616,
            102.02941108585208,
            87.88336053642126
        ],
        [
            12.14557538072428,
            80.7565448112537,
            0.0,
            68.26158776565465,
            22.233189582627976,
            47.15920394296382,
            46.35632809984951,
            61.82723375025103,
            67.22962536088387,
            67.75679155768408,
            87.4310571871133,
            53.88941447560567,
            71.12636705984559,
            37.477886026811795,
            75.45630383580327,
            30.997894882056215,
            11.056394852768266,
            30.793646365835407,
            62.791540909440336,
            12.14557538072428
        ],
        [
            69.85696627475228,
            40.40635629688915,
            68.26158776565465,
            0.0,
            46.05350793301411,
            64.62339161750357,
            95.19841663854585,
            38.421177635380026,
            79.25769031309166,
            62.91147562965538,
            67.71284541373855,
            52.6676394192408,
            49.875840096661825,
            32.3052000599575,
            92.5923862298869,
            40.70693081473548,
            60.492217166122764,
            92.58020672848356,
            113.34929444044809,
            69.85696627475228
        ],
        [
            26.202870885377333,
            61.95334767062672,
            22.233189582627976,
            46.05350793301411,
            0.0,
            41.98687385260167,
            57.460423103238476,
            44.462418557732256,
            62.931455082571624,
            57.15151141174892,
            74.23364930316069,
            42.05372750958677,
            55.8346803661279,
            16.656798374285962,
            74.0250142449458,
            13.568336224979163,
            16.249075369224812,
            48.67293796183341,
            75.65850655377204,
            26.202870885377333
        ],
        [
            58.574753445351234,
            50.16789525720386,
            47.15920394296382,
            64.62339161750357,
            41.98687385260167,
            0.0,
            36.346674737310906,
            32.56280389867594,
            21.0507214926619,
            22.847567888136634,
            43.80391315651627,
            15.368680192572963,
            33.463626412758444,
            52.80430912984086,
            32.258195221795695,
            54.43474295477108,
            51.50344754079347,
            46.51732321228884,
            52.27053303137766,
            58.574753445351234
        ],
        [
            57.70605087626454,
            86.50267428174547,
            46.35632809984951,
            95.19841663854585,
            57.460423103238476,
            36.346674737310906,
            0.0,
            68.40183650877415,
            42.9331668321606,
            56.6215217354948,
            76.69827984369581,
            51.652110166480874,
            69.60098444930077,
            73.4429177832786,
            42.83080155292268,
            70.77943976611414,
            56.418227939146774,
            22.09139375841127,
            18.411230025662938,
            57.70605087626454
        ],
        [
            69.725948459278,
            19.53207437476901,
            61.82723375025103,
            38.421177635380026,
            44.462418557732256,
            32.56280389867594,
            68.40183650877415,
            0.0,
            42.00647985962515,
            24.53835741446383,
            32.627447529078445,
            17.45712251202321,
            13.093215783912473,
            44.17140793765359,
            55.2489221715828,
            50.52860093498772,
            60.08887107662799,
            74.10831941817891,
            84.82378206280778,
            69.725948459278
        ],
        [
            78.98134493470432,
            54.05337978046236,
            67.22962536088387,
            79.25769031309166,
            62.931455082571624,
            21.0507214926619,
            42.9331668321606,
            42.00647985962515,
            0.0,
            19.37436072229139,
            35.43235538709889,
            26.75640011555894,
            35.68989856315976,
            72.69922220738161,
            13.338411001399884,
            75.0632686628867,
            72.36039273716602,
            60.02117512079976,
            53.133050287017305,
            78.98134493470432
        ],
        [
            78.28419595266351,
            34.68049211028801,
            67.75679155768408,
            62.91147562965538,
            57.15151141174892,
            22.847567888136634,
            56.6215217354948,
            24.53835741446383,
            19.37436072229139,
            0.0,
            20.962888911402754,
            15.121187799694612,
            16.343969979676412,
            62.82687000552721,
            31.83846984764217,
            67.14447152683172,
            69.97959585149822,
            69.24183949360723,
            69.87407447078621,
            78.28419595266351
        ],
        [
            97.31625201583245,
            29.535006744062553,
            87.4310571871133,
            67.71284541373855,
            74.23364930316069,
            43.80391315651627,
            76.69827984369581,
            32.627447529078445,
            35.43235538709889,
            20.962888911402754,
            0.0,
            33.54397132686856,
            19.547260102227177,
            76.51235561313976,
            44.16499160384694,
            82.2888354771201,
            88.44494475424554,
            90.18426347358495,
            88.4736734581927,
            97.31625201583245
        ],
        [
            63.88795583217846,
            34.860843012439204,
            53.88941447560567,
            52.6676394192408,
            42.05372750958677,
            15.368680192572963,
            51.652110166480874,
            17.45712251202321,
            26.75640011555894,
            15.121187799694612,
            33.54397132686856,
            0.0,
            19.049179060321894,
            48.15933547197916,
            40.03456420746858,
            52.12181555600562,
            55.2631523703177,
            59.902468349421795,
            67.57478235922362,
            63.88795583217846
        ],
        [
            80.09391774066287,
            18.40108438216558,
            71.12636705984559,
            49.875840096661825,
            55.8346803661279,
            33.463626412758444,
            69.60098444930077,
            13.093215783912473,
            35.68989856315976,
            16.343969979676412,
            19.547260102227177,
            19.049179060321894,
            0.0,
            57.0437397262254,
            48.115406881832534,
            63.05615513599105,
            70.79508836422562,
            78.94589825296848,
            84.36111336316722,
            80.09391774066287
        ],
        [
            37.62979087255449,
            58.012692925541906,
            37.477886026811795,
            32.3052000599575,
            16.656798374285962,
            52.80430912984086,
            73.4429177832786,
            44.17140793765359,
            72.69922220738161,
            62.82687000552721,
            76.51235561313976,
            48.15933547197916,
            57.0437397262254,
            0.0,
            84.93138548726638,
            8.5560395956001,
            28.552634014049477,
            65.30603880218806,
            91.77652240810357,
            37.62979087255449
        ],
        [
            87.51394343453235,
            66.2616451723922,
            75.45630383580327,
            92.5923862298869,
            74.0250142449458,
            32.258195221795695,
            42.83080155292268,
            55.2489221715828,
            13.338411001399884,
            31.83846984764217,
            44.16499160384694,
            40.03456420746858,
            48.115406881832534,
            84.93138548726638,
            0.0,
            86.6747578616535,
            81.8545151013776,
            62.935965112904,
            48.3622506493876,
            87.51394343453235
        ],
        [
            29.59213234130625,
            65.56504370148082,
            30.997894882056215,
            40.70693081473548,
            13.568336224979163,
            54.43474295477108,
            70.77943976611414,
            50.52860093498772,
            75.0632686628867,
            67.14447152683172,
            82.2888354771201,
            52.12181555600562,
            63.05615513599105,
            8.5560395956001,
            86.6747578616535,
            0.0,
            21.09670156102781,
            60.36572491242475,
            88.85191027101742,
            29.59213234130625
        ],
        [
            9.95797479017707,
            78.04141118927448,
            11.056394852768266,
            60.492217166122764,
            16.249075369224812,
            51.50344754079347,
            56.418227939146774,
            60.08887107662799,
            72.36039273716602,
            69.97959585149822,
            88.44494475424554,
            55.2631523703177,
            70.79508836422562,
            28.552634014049477,
            81.8545151013776,
            21.09670156102781,
            0.0,
            41.83711163852039,
            73.36780389903979,
            9.95797479017707
        ],
        [
            40.033780918277586,
            93.49998416940616,
            30.793646365835407,
            92.58020672848356,
            48.67293796183341,
            46.51732321228884,
            22.09139375841127,
            74.10831941817891,
            60.02117512079976,
            69.24183949360723,
            90.18426347358495,
            59.902468349421795,
            78.94589825296848,
            65.30603880218806,
            62.935965112904,
            60.36572491242475,
            41.83711163852039,
            0.0,
            34.02815489734867,
            40.033780918277586
        ],
        [
            73.35466402760103,
            102.02941108585208,
            62.791540909440336,
            113.34929444044809,
            75.65850655377204,
            52.27053303137766,
            18.411230025662938,
            84.82378206280778,
            53.133050287017305,
            69.87407447078621,
            88.4736734581927,
            67.57478235922362,
            84.36111336316722,
            91.77652240810357,
            48.3622506493876,
            88.85191027101742,
            73.36780389903979,
            34.02815489734867,
            0.0,
            73.35466402760103
        ],
        [
            0.0,
            87.88336053642126,
            12.14557538072428,
            69.85696627475228,
            26.202870885377333,
            58.574753445351234,
            57.70605087626454,
            69.725948459278,
            78.98134493470432,
            78.28419595266351,
            97.31625201583245,
            63.88795583217846,
            80.09391774066287,
            37.62979087255449,
            87.51394343453235,
            29.59213234130625,
            9.95797479017707,
            40.033780918277586,
            73.35466402760103,
            0.0
        ]
    ],
    "scores_ave": [
        0,
        15.890227995604999,
        11.269491975085232,
        19.557000320399936,
        11.777657628293088,
        18.810290848439635,
        19.881861356220064,
        11.970524855211456,
        18.984468281703684,
        15.231623598155137,
        10.932942376943014,
        13.34981242932108,
        15.63762639747059,
        13.413580675478613,
        14.365751327528624,
        13.493171701811136,
        15.868137883197813,
        17.980897457318267,
        17.80849936758669,
        0
    ],
    "scores_var": [
        0,
        232.92029962804023,
        19.728283663667384,
        16.63922750542631,
        242.47620194756036,
        16.443712345044325,
        307.81748199661627,
        20.75935688583489,
        20.081052986152976,
        18.0764001775326,
        388.93061998761164,
        373.65639706214364,
        337.85886232988406,
        338.2028768603115,
        251.52315285212202,
        336.6458949024898,
        19.917273178601356,
        261.5557777806712,
        19.766841661377253,
        0
    ],
    "vertex_number": 20,
    "minimum_distances": {
        "cost": 390.86151817548995,
        "path": [
            0,
            16,
            4,
            15,
            13,
            3,
            1,
            7,
            12,
            10,
            9,
            11,
            5,
            8,
            14,
            18,
            6,
            17,
            2,
            19
        ]
    }
}