{
    "vertices": [
        [
            52.34084724767042,
            90.55752412310676
        ],
        [
            34.89230437481664,
            95.83566576401572
        ],
        [
            9.636141432812028,
            31.927063690730563
        ],
        [
            49.57212907409281,
            8.797501995614232
        ],
        [
            22.240881933795453,
            63.59726081377958
        ],
        [
            86.91215848490596,
            59.96379132806543
        ],
        [
            64.29233773667886,
            53.95832938300271
        ],
        [
            74.65763216212729,
            42.99967537009069
        ],
        [
            94.86096992613659,
            40.92787416071063
        ],
        [
            98.60082961453155,
            0.8298785154570387
        ],
        [
            23.80738965994844,
            51.501441402521664
        ],
        [
            80.8758824644681,
            17.51968019033282
        ],
        [
            90.2719612951865,
            81.40360012742693
        ],
        [
            42.954329246061185,
            94.37873170087147
        ],
        [
            77.19258019992293,
            25.70493147365278
        ],
        [
            94.48974596499026,
            55.73756047119054
        ],
        [
            95.72145217302283,
            26.409610331808388
        ],
        [
            76.11793802425775,
            31.59746750588328
        ],
        [
            16.22200251207879,
            63.84085933016276
        ],
        [
            52.34084724767042,
            90.55752412310676
        ]
    ],
    "distances": [
        [
            0.0,
            18.229383631031343,
            72.53428699067794,
            81.80688857677431,
            40.408708338732254,
            46.164402378848095,
            38.50115817131894,
            52.53368316549756,
            65.35337013484293,
            100.9506629739215,
            48.36874816849734,
            78.41412424539426,
            39.02004276528096,
            10.134512694101312,
            69.45118720429541,
            54.67137762855124,
            77.43921311238485,
            63.57388081676525,
            44.92606284432577,
            0.0
        ],
        [
            18.229383631031343,
            0.0,
            68.71814305927215,
            88.26743003722584,
            34.6319685192249,
            63.189054409633,
            51.16711115596743,
            66.12808159125136,
            81.30871064503513,
            114.38914196259095,
            45.69900200191678,
            90.81785645072439,
            57.22928375540512,
            8.192612641210108,
            81.90014180076588,
            71.8311429128665,
            92.30472574430812,
            76.32888696456315,
            37.043863329645724,
            18.229383631031343
        ],
        [
            72.53428699067794,
            68.71814305927215,
            0.0,
            46.150403390357525,
            34.08637365443725,
            82.20487155908468,
            58.92941932863682,
            65.9575392662911,
            85.6988096815416,
            94.24304042790553,
            24.165689295341465,
            72.68200190958527,
            94.60477314939796,
            70.78356077796455,
            67.84237133400632,
            88.13100452755316,
            86.26194419792853,
            66.48261360439608,
            32.58625351694855,
            72.53428699067794
        ],
        [
            81.80688857677431,
            88.26743003722584,
            46.150403390357525,
            0.0,
            61.23733041840657,
            63.34245780242902,
            47.49931445172205,
            42.415458605531235,
            55.528730592274044,
            49.67188843405866,
            49.874324436002,
            32.49617467927352,
            83.23534002304305,
            85.83671797330032,
            32.38441742488534,
            64.96892639445383,
            49.3958134110096,
            34.99311932492037,
            64.35838817404573,
            81.80688857677431
        ],
        [
            40.408708338732254,
            34.6319685192249,
            34.08637365443725,
            61.23733041840657,
            0.0,
            64.77326694905724,
            43.142020516766195,
            56.31852475526494,
            76.07613470229485,
            98.84627403391859,
            12.196835396358383,
            74.57349880046006,
            70.32278065341723,
            37.10183081103808,
            66.74966490666564,
            72.67512121265,
            82.35481498401462,
            62.66357749700304,
            6.02380691343509,
            40.408708338732254
        ],
        [
            46.164402378848095,
            63.189054409633,
            82.20487155908468,
            63.34245780242902,
            64.77326694905724,
            0.0,
            23.403458373828464,
            20.92736595062285,
            20.628857111595696,
            60.278061326702556,
            63.66964123280169,
            42.87119310757645,
            21.701467145728824,
            55.82722339732858,
            35.61094888601257,
            8.676454303108608,
            34.691306081107314,
            30.35067581682449,
            70.79639685574061,
            46.164402378848095
        ],
        [
            38.50115817131894,
            51.16711115596743,
            58.92941932863682,
            47.49931445172205,
            43.142020516766195,
            23.403458373828464,
            0.0,
            15.084144864756004,
            33.2300171115591,
            63.2432202415239,
            40.55942947483594,
            40.034848703661275,
            37.7913181362666,
            45.706887116539036,
            31.0591492001076,
            30.249778957414936,
            41.79379326663759,
            25.295315100808672,
            49.075671434652236,
            38.50115817131894
        ],
        [
            52.53368316549756,
            66.12808159125136,
            65.9575392662911,
            42.415458605531235,
            56.31852475526494,
            20.92736595062285,
            15.084144864756004,
            0.0,
            20.309288935308228,
            48.492973418897385,
            51.55605869537151,
            26.22778662378978,
            41.456829486137075,
            60.373063904603924,
            17.479534547512994,
            23.570457245003325,
            26.812586063747005,
            11.495339811835315,
            62.040936174877245,
            52.53368316549756
        ],
        [
            65.35337013484293,
            81.30871064503513,
            85.6988096815416,
            55.528730592274044,
            76.07613470229485,
            20.628857111595696,
            33.2300171115591,
            20.309288935308228,
            0.0,
            40.272022611928215,
            71.83600485035858,
            27.267677133656782,
            40.735038882363256,
            74.50700315050275,
            23.32187770250973,
            14.814338184480103,
            14.543741413502152,
            20.93699436928076,
            81.90904764020138,
            65.35337013484293
        ],
        [
            100.9506629739215,
            114.38914196259095,
            94.24304042790553,
            49.67188843405866,
            98.84627403391859,
            60.278061326702556,
            63.2432202415239,
            48.492973418897385,
            40.272022611928215,
            0.0,
            90.34193901869483,
            24.345907898848804,
            81.00305341086973,
            108.84815540726629,
            32.818918365344295,
            55.06137072871967,
            25.741279965206214,
            38.106757229444256,
            103.71429437646007,
            100.9506629739215
        ],
        [
            48.36874816849734,
            45.69900200191678,
            24.165689295341465,
            49.874324436002,
            12.196835396358383,
            63.66964123280169,
            40.55942947483594,
            51.55605869537151,
            71.83600485035858,
            90.34193901869483,
            0.0,
            66.41967303489031,
            72.88126219451142,
            46.958144329213155,
            59.29113334639179,
            70.80918159106787,
            76.16582155806883,
            55.969292000639115,
            14.484451421301964,
            48.36874816849734
        ],
        [
            78.41412424539426,
            90.81785645072439,
            72.68200190958527,
            32.49617467927352,
            74.57349880046006,
            42.87119310757645,
            40.034848703661275,
            26.22778662378978,
            27.267677133656782,
            24.345907898848804,
            66.41967303489031,
            0.0,
            64.57121281129946,
            85.70506401372151,
            8.975803815987438,
            40.57023111313051,
            17.303808768357136,
            14.860085161196151,
            79.53474605354684,
            78.41412424539426
        ],
        [
            39.02004276528096,
            57.22928375540512,
            94.60477314939796,
            83.23534002304305,
            70.32278065341723,
            21.701467145728824,
            37.7913181362666,
            41.456829486137075,
            40.735038882363256,
            81.00305341086973,
            72.88126219451142,
            64.57121281129946,
            0.0,
            49.064369374166105,
            57.213738731515015,
            26.010292177450264,
            55.26333200656849,
            51.77825046743842,
            76.10418030628696,
            39.02004276528096
        ],
        [
            10.134512694101312,
            8.192612641210108,
            70.78356077796455,
            85.83671797330032,
            37.10183081103808,
            55.82722339732858,
            45.706887116539036,
            60.373063904603924,
            74.50700315050275,
            108.84815540726629,
            46.958144329213155,
            85.70506401372151,
            49.064369374166105,
            0.0,
            76.73557627350925,
            64.4130366493864,
            86.04749108295668,
            71.00219772031133,
            40.585452338764,
            10.134512694101312
        ],
        [
            69.45118720429541,
            81.90014180076588,
            67.84237133400632,
            32.38441742488534,
            66.74966490666564,
            35.61094888601257,
            31.0591492001076,
            17.479534547512994,
            23.32187770250973,
            32.818918365344295,
            59.29113334639179,
            8.975803815987438,
            57.213738731515015,
            76.73557627350925,
            0.0,
            34.65762178811413,
            18.542267091395765,
            5.9897275978839915,
            71.91495211057553,
            69.45118720429541
        ],
        [
            54.67137762855124,
            71.8311429128665,
            88.13100452755316,
            64.96892639445383,
            72.67512121265,
            8.676454303108608,
            30.249778957414936,
            23.570457245003325,
            14.814338184480103,
            55.06137072871967,
            70.80918159106787,
            40.57023111313051,
            26.010292177450264,
            64.4130366493864,
            34.65762178811413,
            0.0,
            29.353803153271155,
            30.335909667996425,
            78.68610498435278,
            54.67137762855124
        ],
        [
            77.43921311238485,
            92.30472574430812,
            86.26194419792853,
            49.3958134110096,
            82.35481498401462,
            34.691306081107314,
            41.79379326663759,
            26.812586063747005,
            14.543741413502152,
            25.741279965206214,
            76.16582155806883,
            17.303808768357136,
            55.26333200656849,
            86.04749108295668,
            18.542267091395765,
            29.353803153271155,
            0.0,
            20.27835370633999,
            87.87070557341497,
            77.43921311238485
        ],
        [
            63.57388081676525,
            76.32888696456315,
            66.48261360439608,
            34.99311932492037,
            62.66357749700304,
            30.35067581682449,
            25.295315100808672,
            11.495339811835315,
            20.93699436928076,
            38.106757229444256,
            55.969292000639115,
            14.860085161196151,
            51.77825046743842,
            71.00219772031133,
            5.9897275978839915,
            30.335909667996425,
            20.27835370633999,
            0.0,
            68.0232269685371,
            63.57388081676525
        ],
        [
            44.92606284432577,
            37.043863329645724,
            32.58625351694855,
            64.35838817404573,
            6.02380691343509,
            70.79639685574061,
            49.075671434652236,
            62.040936174877245,
            81.90904764020138,
            103.71429437646007,
            14.484451421301964,
            79.53474605354684,
            76.10418030628696,
            40.585452338764,
            71.91495211057553,
            78.68610498435278,
            87.87070557341497,
            68.0232269685371,
            0.0,
            44.92606284432577
        ],
        [
            0.0,
            18.229383631031343,
            72.53428699067794,
            81.80688857677431,
            40.408708338732254,
            46.164402378848095,
            38.50115817131894,
            52.53368316549756,
            65.35337013484293,
            100.9506629739215,
            48.36874816849734,
            78.41412424539426,
            39.02004276528096,
            10.134512694101312,
            69.45118720429541,
            54.67137762855124,
            77.43921311238485,
            63.57388081676525,
            44.92606284432577,
            0.0
        ]
    ],
    "scores_ave": [
        0,
        10.907440578543941,
        18.467211974446077,
        10.785917773923147,
        18.923792172542846,
        16.608741813644368,
        17.59433949583424,
        17.967939202229832,
        18.868455481148047,
        17.136326647989964,
        13.821328657419068,
        12.948752546851182,
        10.356168838493042,
        16.915445038804474,
        10.528576179565096,
        19.868137517618862,
        12.42931498389939,
        13.147142846237939,
        13.573147122051424,
        0
    ],
    "scores_var": [
        0,
        21.85840452986136,
        18.850599952937078,
        331.9212439803765,
        286.5357091873762,
        24.400410921809424,
        299.6321214758619,
        19.911058317286866,
        23.30184886877801,
        293.6216644662338,
        227.82643920765975,
        308.7595980283654,
        286.78603035311323,
        24.026443843881452,
        19.94323261394865,
        395.7718745847209,
        276.7192298911225,
        239.57837024337738,
        21.58152579972088,
        0
    ],
    "vertex_number": 20,
    "minimum_distances": {
        "cost": 381.6710070933128,
        "path": [
            0,
            13,
            1,
            4,
            18,
            10,
            2,
            3,
            6,
            7,
            17,
            14,
            11,
            9,
            16,
            8,
            15,
            5,
            12,
            19
        ]
    }
}