{
    "vertices": [
        [
            48.528147612716545,
            58.818237873929014
        ],
        [
            53.6429845109637,
            11.039279831447624
        ],
        [
            5.506392831368101,
            19.68304851684437
        ],
        [
            45.57770769767171,
            52.46808099124832
        ],
        [
            25.682482767356106,
            87.9390107261456
        ],
        [
            93.93279915172845,
            60.60555532887755
        ],
        [
            28.249795266319744,
            46.26268915882805
        ],
        [
            83.04995928558218,
            40.05597747738013
        ],
        [
            44.439394234260064,
            61.856474701873374
        ],
        [
            23.26133230053079,
            39.01622111271923
        ],
        [
            37.16539257983315,
            43.493814492758574
        ],
        [
            85.95737652904381,
            11.998764942502039
        ],
        [
            18.73992279064024,
            48.87458738008069
        ],
        [
            93.35618384974569,
            90.80784843256419
        ],
        [
            48.528147612716545,
            58.818237873929014
        ]
    ],
    "distances": [
        [
            0.0,
            48.05195509155551,
            58.15870038507866,
            7.0021131186911525,
            37.012752042193945,
            45.43981607647482,
            23.850647316622037,
            39.29093911278666,
            5.093995211277361,
            32.101897511382994,
            19.077477660914195,
            59.941723555862595,
            31.404052655578912,
            55.07166255490696,
            0.0
        ],
        [
            48.05195509155551,
            0.0,
            48.90650463501514,
            42.20656649874909,
            81.82516892393959,
            63.875541723529075,
            43.42237470082092,
            41.312696688433604,
            51.64390930671553,
            41.30077522869785,
            36.397910048945015,
            32.32863348761427,
            51.47556910566759,
            89.1075908011931,
            48.05195509155551
        ],
        [
            58.15870038507866,
            48.90650463501514,
            0.0,
            51.77420814905976,
            71.17549425344818,
            97.43654806341594,
            34.98199038041082,
            80.17518901050468,
            57.3966590876305,
            26.248989279123066,
            39.61369512470483,
            80.81713303486205,
            32.05108822468887,
            113.0323977672941,
            58.15870038507866
        ],
        [
            7.0021131186911525,
            42.20656649874909,
            51.77420814905976,
            0.0,
            40.669482800816034,
            49.03502175104815,
            18.405527349752038,
            39.474421499328365,
            9.457150416837425,
            26.057113137446702,
            12.300589613011672,
            57.16890060500199,
            27.07729482517759,
            61.259452747053544,
            7.0021131186911525
        ],
        [
            37.012752042193945,
            81.82516892393959,
            71.17549425344818,
            40.669482800816034,
            0.0,
            73.52022490798953,
            41.75532149139547,
            74.72491040591215,
            32.12663090388924,
            48.982663393721126,
            45.9046041915815,
            96.95351333326158,
            39.67654609956464,
            67.73448197169877,
            37.012752042193945
        ],
        [
            45.43981607647482,
            63.875541723529075,
            97.43654806341594,
            49.03502175104815,
            73.52022490798953,
            0.0,
            67.23075791170709,
            23.253415951789446,
            49.5092105532114,
            73.89557211901749,
            59.29038811933484,
            49.25675017371199,
            76.10245899095244,
            30.207796906220718,
            45.43981607647482
        ],
        [
            23.850647316622037,
            43.42237470082092,
            34.98199038041082,
            18.405527349752038,
            41.75532149139547,
            67.23075791170709,
            0.0,
            55.15053260336374,
            22.478195263526462,
            8.797503163075541,
            9.335659718152161,
            67.11319868621995,
            9.862032590793305,
            78.88671021850624,
            23.850647316622037
        ],
        [
            39.29093911278666,
            41.312696688433604,
            80.17518901050468,
            39.474421499328365,
            74.72491040591215,
            23.253415951789446,
            55.15053260336374,
            0.0,
            44.34002044223158,
            59.79766726265723,
            46.013174038731975,
            28.207450261498266,
            64.91185311325485,
            51.787746332685906,
            39.29093911278666
        ],
        [
            5.093995211277361,
            51.64390930671553,
            57.3966590876305,
            9.457150416837425,
            32.12663090388924,
            49.5092105532114,
            22.478195263526462,
            44.34002044223158,
            0.0,
            31.147832850549037,
            19.750908587303357,
            64.88092228289983,
            28.792225181759616,
            56.84218809282254,
            5.093995211277361
        ],
        [
            32.101897511382994,
            41.30077522869785,
            26.248989279123066,
            26.057113137446702,
            48.982663393721126,
            73.89557211901749,
            8.797503163075541,
            59.79766726265723,
            31.147832850549037,
            0.0,
            14.607249389513616,
            68.26958986117661,
            10.845760896201753,
            87.15308872406177,
            32.101897511382994
        ],
        [
            19.077477660914195,
            36.397910048945015,
            39.61369512470483,
            12.300589613011672,
            45.9046041915815,
            59.29038811933484,
            9.335659718152161,
            46.013174038731975,
            19.750908587303357,
            14.607249389513616,
            0.0,
            58.074054825482484,
            19.195068476496807,
            73.45762609284319,
            19.077477660914195
        ],
        [
            59.941723555862595,
            32.32863348761427,
            80.81713303486205,
            57.16890060500199,
            96.95351333326158,
            49.25675017371199,
            67.11319868621995,
            28.207450261498266,
            64.88092228289983,
            68.26958986117661,
            58.074054825482484,
            0.0,
            76.66819658451772,
            79.1556314504057,
            59.941723555862595
        ],
        [
            31.404052655578912,
            51.47556910566759,
            32.05108822468887,
            27.07729482517759,
            39.67654609956464,
            76.10245899095244,
            9.862032590793305,
            64.91185311325485,
            28.792225181759616,
            10.845760896201753,
            19.195068476496807,
            76.66819658451772,
            0.0,
            85.59196689489211,
            31.404052655578912
        ],
        [
            55.07166255490696,
            89.1075908011931,
            113.0323977672941,
            61.259452747053544,
            67.73448197169877,
            30.207796906220718,
            78.88671021850624,
            51.787746332685906,
            56.84218809282254,
            87.15308872406177,
            73.45762609284319,
            79.1556314504057,
            85.59196689489211,
            0.0,
            55.07166255490696
        ],
        [
            0.0,
            48.05195509155551,
            58.15870038507866,
            7.0021131186911525,
            37.012752042193945,
            45.43981607647482,
            23.850647316622037,
            39.29093911278666,
            5.093995211277361,
            32.101897511382994,
            19.077477660914195,
            59.941723555862595,
            31.404052655578912,
            55.07166255490696,
            0.0
        ]
    ],
    "scores_ave": [
        0,
        15.503498014642187,
        10.073335525914617,
        13.262653845505236,
        16.006871607365582,
        17.32586109541836,
        12.23704739128264,
        12.089892469191005,
        13.363933822015051,
        19.11290683944282,
        15.897376594113538,
        14.894526097707708,
        19.23058677642722,
        10.118473670008935,
        0
    ],
    "scores_var": [
        0,
        381.12482415764543,
        397.67418883100277,
        19.763574574560277,
        229.48031568351473,
        291.81168755961596,
        324.7815684535443,
        17.52066539685682,
        296.9551633163085,
        325.93546435842774,
        18.74582067759057,
        20.67952036597694,
        377.1755857979923,
        24.69114224941384,
        0
    ],
    "vertex_number": 15,
    "minimum_distances": {
        "cost": 366.2918353136094,
        "path": [
            0,
            13,
            5,
            7,
            11,
            1,
            2,
            9,
            10,
            6,
            12,
            4,
            8,
            3,
            14
        ]
    }
}