{
    "vertices": [
        [
            10.138782827337977,
            75.7746201378761
        ],
        [
            56.728598712627424,
            57.200233674875314
        ],
        [
            45.22037065321474,
            12.304282815797707
        ],
        [
            96.10591618185606,
            71.70332950598258
        ],
        [
            41.504617451351976,
            73.01621708858518
        ],
        [
            73.2364410117085,
            21.317184411768352
        ],
        [
            0.27542040920077726,
            74.57199355363446
        ],
        [
            52.35832189899001,
            35.40971746916822
        ],
        [
            0.5323610379839638,
            82.94435160265886
        ],
        [
            85.00837316978854,
            76.68259369045721
        ],
        [
            9.866085698831206,
            55.74057114167812
        ],
        [
            59.93069428054428,
            38.30985493375806
        ],
        [
            3.5585768453024635,
            39.22362966522852
        ],
        [
            63.482778147631706,
            7.20887954347088
        ],
        [
            13.312331318575799,
            72.25439139673242
        ],
        [
            98.85875592349984,
            9.324485393553028
        ],
        [
            86.91883731199233,
            82.24674521522405
        ],
        [
            42.71201435265236,
            58.667571216649826
        ],
        [
            43.73803020474391,
            87.06970929193324
        ],
        [
            52.239105737319115,
            93.02191595301721
        ],
        [
            44.2567233128121,
            73.77513840885315
        ],
        [
            10.138782827337977,
            75.7746201378761
        ]
    ],
    "distances": [
        [
            0.0,
            50.155944579900755,
            72.52035248234196,
            86.06348485044536,
            31.4868920194314,
            83.34822598120981,
            9.936409255492954,
            58.41074256399257,
            11.987009171268346,
            74.87509581976208,
            20.035904843703893,
            62.312463263488716,
            37.13857853092374,
            86.87256540468219,
            4.7395590951281426,
            110.84608262686768,
            77.05235343377468,
            36.79220752815688,
            35.4469810185045,
            45.49622404177809,
            34.176480072632565,
            0.0
        ],
        [
            50.155944579900755,
            0.0,
            46.347445631967304,
            41.963232951700704,
            21.952561053016378,
            39.49812757321404,
            59.06555156640584,
            22.22444410866108,
            61.812431894115306,
            34.34105407707583,
            46.88524011540348,
            19.159849295047376,
            56.12672729717513,
            50.4455590486588,
            45.95214836268637,
            63.773328438379,
            39.22726407777383,
            14.093179789593206,
            32.57208074096638,
            36.101917794093545,
            20.74307457752972,
            50.155944579900755
        ],
        [
            72.52035248234196,
            46.347445631967304,
            0.0,
            78.21499531068318,
            60.825535632663524,
            29.430130708352667,
            76.79398643753169,
            24.182875315153073,
            83.58850113253277,
            75.68125299790685,
            56.00568371303724,
            29.87780785806092,
            49.601978771949796,
            18.95992252093283,
            67.91272703291133,
            53.72109052393812,
            81.42917270971354,
            46.43109262844414,
            74.78011988064475,
            81.02221264230936,
            61.4784084336846,
            72.52035248234196
        ],
        [
            86.06348485044536,
            41.963232951700704,
            78.21499531068318,
            0.0,
            54.617080632914636,
            55.333321895700465,
            95.87342256043222,
            56.84257453895847,
            96.23234913799374,
            12.163409584630472,
            87.70472060464041,
            49.23180703178539,
            98.08129750375797,
            72.27588263844987,
            82.79541873630826,
            62.4395573290359,
            13.98449258925673,
            54.96216650319153,
            54.57582898534747,
            48.77272994898506,
            51.89056940621612,
            86.06348485044536
        ],
        [
            31.4868920194314,
            21.952561053016378,
            60.825535632663524,
            54.617080632914636,
            0.0,
            60.66051933658474,
            41.258540075355675,
            39.1414321897128,
            42.15796070177396,
            43.65797841169649,
            36.04781039589161,
            39.294425575866526,
            50.811819121550464,
            69.38043832643395,
            28.20257746691055,
            85.70959039800782,
            46.342788166523306,
            14.39935573681952,
            14.229855081362507,
            22.703683089223716,
            2.854828934111543,
            31.4868920194314
        ],
        [
            83.34822598120981,
            39.49812757321404,
            29.430130708352667,
            55.333321895700465,
            60.66051933658474,
            0.0,
            90.32931541917132,
            25.18919104812159,
            95.30892393055177,
            56.60306468143899,
            72.11637460686194,
            21.582255385913335,
            71.94195949796818,
            17.151623990832377,
            78.64793689565971,
            28.29006629862341,
            62.446932256276824,
            48.236832579869514,
            72.06629425919684,
            74.71583911077815,
            59.93046783955548,
            83.34822598120981
        ],
        [
            9.936409255492954,
            59.06555156640584,
            76.79398643753169,
            95.87342256043222,
            41.258540075355675,
            90.32931541917132,
            0.0,
            65.16373604782837,
            8.376299767067982,
            84.75923499221517,
            21.13299152404253,
            69.81184998230694,
            35.50050627485581,
            92.37401799976159,
            13.241311332970707,
            118.21975876402705,
            86.98266209801824,
            45.319037450000714,
            45.22379184583003,
            55.141855513057834,
            43.988521039254934,
            9.936409255492954
        ],
        [
            58.41074256399257,
            22.22444410866108,
            24.182875315153073,
            56.84257453895847,
            39.1414321897128,
            25.18919104812159,
            65.16373604782837,
            0.0,
            70.32404753262816,
            52.625812673664385,
            47.10555963305283,
            8.108737312211034,
            48.94855507105557,
            30.315685486879442,
            53.68537396008641,
            53.31725515165325,
            58.20770046735376,
            25.178939815206178,
            52.374270248109774,
            57.612321829931616,
            39.211496063409456,
            58.41074256399257
        ],
        [
            11.987009171268346,
            61.812431894115306,
            83.58850113253277,
            96.23234913799374,
            42.15796070177396,
            95.30892393055177,
            8.376299767067982,
            70.32404753262816,
            0.0,
            84.70776964271822,
            28.76046048681671,
            74.29939626188333,
            43.825329534899865,
            98.48155534061529,
            16.661419194567472,
            122.83307629392436,
            86.3892929575859,
            48.667085588271355,
            43.40217073156556,
            52.679642658600464,
            44.67543314769175,
            11.987009171268346
        ],
        [
            74.87509581976208,
            34.34105407707583,
            75.68125299790685,
            12.163409584630472,
            43.65797841169649,
            56.60306468143899,
            84.75923499221517,
            52.625812673664385,
            84.70776964271822,
            0.0,
            78.0059720457451,
            45.840561276689535,
            89.65067376848677,
            72.7320300722802,
            71.8326624362831,
            68.76734585369552,
            5.882997146796151,
            45.973068245655725,
            42.557412738215604,
            36.616913306018716,
            40.85523543292996,
            74.87509581976208
        ],
        [
            20.035904843703893,
            46.88524011540348,
            56.00568371303724,
            87.70472060464041,
            36.04781039589161,
            72.11637460686194,
            21.13299152404253,
            47.10555963305283,
            28.76046048681671,
            78.0059720457451,
            0.0,
            53.01221462984908,
            17.680328720750765,
            72.31925607010044,
            16.869584117216714,
            100.37005713804255,
            81.48437761421893,
            32.9760876783586,
            46.13917556534143,
            56.43909547577865,
            38.83248088920432,
            20.035904843703893
        ],
        [
            62.312463263488716,
            19.159849295047376,
            29.87780785806092,
            49.23180703178539,
            39.294425575866526,
            21.582255385913335,
            69.81184998230694,
            8.108737312211034,
            74.29939626188333,
            45.840561276689535,
            53.01221462984908,
            0.0,
            56.37952295286444,
            31.30316230073364,
            57.66717715425327,
            48.53396368173523,
            51.56365184790037,
            26.663074667297927,
            51.37826161814129,
            55.25006927862996,
            38.77447224484383,
            62.312463263488716
        ],
        [
            37.13857853092374,
            56.12672729717513,
            49.601978771949796,
            98.08129750375797,
            50.811819121550464,
            71.94195949796818,
            35.50050627485581,
            48.94855507105557,
            43.825329534899865,
            89.65067376848677,
            17.680328720750765,
            56.37952295286444,
            0.0,
            67.94007747331952,
            34.44077448153978,
            99.8803432138424,
            93.8078967715546,
            43.71565545313305,
            62.47908296308852,
            72.55376972087213,
            53.38675755607973,
            37.13857853092374
        ],
        [
            86.87256540468219,
            50.4455590486588,
            18.95992252093283,
            72.27588263844987,
            69.38043832643395,
            17.151623990832377,
            92.37401799976159,
            30.315685486879442,
            98.48155534061529,
            72.7320300722802,
            72.31925607010044,
            31.30316230073364,
            67.94007747331952,
            0.0,
            82.14616453176565,
            35.43918158919049,
            78.61253178550787,
            55.49253623093939,
            82.26546784308141,
            86.5465041876132,
            69.28714169198044,
            86.87256540468219
        ],
        [
            4.7395590951281426,
            45.95214836268637,
            67.91272703291133,
            82.79541873630826,
            28.20257746691055,
            78.64793689565971,
            13.241311332970707,
            53.68537396008641,
            16.661419194567472,
            71.8326624362831,
            16.869584117216714,
            57.66717715425327,
            34.44077448153978,
            82.14616453176565,
            0.0,
            106.19964139419184,
            74.28165897038642,
            32.38739021764595,
            33.84105194948332,
            44.12010701305722,
            30.981737642808703,
            4.7395590951281426
        ],
        [
            110.84608262686768,
            63.773328438379,
            53.72109052393812,
            62.4395573290359,
            85.70959039800782,
            28.29006629862341,
            118.21975876402705,
            53.31725515165325,
            122.83307629392436,
            68.76734585369552,
            100.37005713804255,
            48.53396368173523,
            99.8803432138424,
            35.43918158919049,
            106.19964139419184,
            0.0,
            73.8932854456257,
            74.7475531878404,
            95.30275044704423,
            95.80527994707906,
            84.47051935034627,
            110.84608262686768
        ],
        [
            77.05235343377468,
            39.22726407777383,
            81.42917270971354,
            13.98449258925673,
            46.342788166523306,
            62.446932256276824,
            86.98266209801824,
            58.20770046735376,
            86.3892929575859,
            5.882997146796151,
            81.48437761421893,
            51.56365184790037,
            93.8078967715546,
            78.61253178550787,
            74.28165897038642,
            73.8932854456257,
            0.0,
            50.10210217758799,
            43.44931627676808,
            36.31512200888193,
            43.49510423899223,
            77.05235343377468
        ],
        [
            36.79220752815688,
            14.093179789593206,
            46.43109262844414,
            54.96216650319153,
            14.39935573681952,
            48.236832579869514,
            45.319037450000714,
            25.178939815206178,
            48.667085588271355,
            45.973068245655725,
            32.9760876783586,
            26.663074667297927,
            43.71565545313305,
            55.49253623093939,
            32.38739021764595,
            74.7475531878404,
            50.10210217758799,
            0.0,
            28.420664238828177,
            35.65089721896162,
            15.186333074133996,
            36.79220752815688
        ],
        [
            35.4469810185045,
            32.57208074096638,
            74.78011988064475,
            54.57582898534747,
            14.229855081362507,
            72.06629425919684,
            45.22379184583003,
            52.374270248109774,
            43.40217073156556,
            42.557412738215604,
            46.13917556534143,
            51.37826161814129,
            62.47908296308852,
            82.26546784308141,
            33.84105194948332,
            95.30275044704423,
            43.44931627676808,
            28.420664238828177,
            0.0,
            10.377718889370694,
            13.304685547039368,
            35.4469810185045
        ],
        [
            45.49622404177809,
            36.101917794093545,
            81.02221264230936,
            48.77272994898506,
            22.703683089223716,
            74.71583911077815,
            55.141855513057834,
            57.612321829931616,
            52.679642658600464,
            36.616913306018716,
            56.43909547577865,
            55.25006927862996,
            72.55376972087213,
            86.5465041876132,
            44.12010701305722,
            95.80527994707906,
            36.31512200888193,
            35.65089721896162,
            10.377718889370694,
            0.0,
            20.836431436443632,
            45.49622404177809
        ],
        [
            34.176480072632565,
            20.74307457752972,
            61.4784084336846,
            51.89056940621612,
            2.854828934111543,
            59.93046783955548,
            43.988521039254934,
            39.211496063409456,
            44.67543314769175,
            40.85523543292996,
            38.83248088920432,
            38.77447224484383,
            53.38675755607973,
            69.28714169198044,
            30.981737642808703,
            84.47051935034627,
            43.49510423899223,
            15.186333074133996,
            13.304685547039368,
            20.836431436443632,
            0.0,
            34.176480072632565
        ],
        [
            0.0,
            50.155944579900755,
            72.52035248234196,
            86.06348485044536,
            31.4868920194314,
            83.34822598120981,
            9.936409255492954,
            58.41074256399257,
            11.987009171268346,
            74.87509581976208,
            20.035904843703893,
            62.312463263488716,
            37.13857853092374,
            86.87256540468219,
            4.7395590951281426,
            110.84608262686768,
            77.05235343377468,
            36.79220752815688,
            35.4469810185045,
            45.49622404177809,
            34.176480072632565,
            0.0
        ]
    ],
    "scores_ave": [
        0,
        19.402768176629017,
        14.487357407656036,
        14.699640349329783,
        12.606663201225278,
        14.276930590253194,
        19.97361014735946,
        13.613023918322963,
        11.07885879037587,
        13.770879886663934,
        13.673947759160411,
        13.954435534291353,
        10.17464514532137,
        11.535967480081638,
        10.449346413100901,
        19.697150893790187,
        16.830223032670332,
        17.184110477283255,
        10.140879260950447,
        19.83500269399614,
        13.024815647632364,
        0
    ],
    "scores_var": [
        0,
        359.8713925770789,
        264.0934408267979,
        237.37661857883035,
        363.2165987256236,
        388.9938420801844,
        225.28631743435372,
        288.2661859987014,
        19.516346107560544,
        284.5939174867879,
        20.78968284288982,
        307.11064685792275,
        24.099872328375668,
        389.38006826333265,
        21.458259400027202,
        18.276757522386248,
        294.9605766057038,
        18.392989215314913,
        255.9554942503389,
        19.03842644071811,
        19.18141382749857,
        0
    ],
    "vertex_number": 22,
    "minimum_distances": {
        "cost": 442.6104001287322,
        "path": [
            0,
            14,
            10,
            12,
            7,
            2,
            13,
            15,
            5,
            11,
            1,
            17,
            4,
            20,
            9,
            3,
            16,
            19,
            18,
            8,
            6,
            21
        ]
    }
}