{
    "vertices": [
        [
            76.13774097673792,
            30.67289793207808
        ],
        [
            67.16089646931344,
            36.95531984471053
        ],
        [
            93.73018494058368,
            82.47073510664866
        ],
        [
            25.236211134580767,
            39.1481062760582
        ],
        [
            72.49643309415208,
            93.38379336810155
        ],
        [
            70.95423796170044,
            65.90584988230967
        ],
        [
            57.45447736403896,
            96.82419878960185
        ],
        [
            76.13774097673792,
            30.67289793207808
        ]
    ],
    "distances": [
        [
            0.0,
            10.956850021735322,
            54.703839175915064,
            51.60227608105949,
            62.81652274269606,
            35.61221148193735,
            68.73906418016051,
            0.0
        ],
        [
            10.956850021735322,
            0.0,
            52.7027524550307,
            41.98199081451297,
            56.68016033194539,
            29.19799015575892,
            60.65061613838139,
            10.956850021735322
        ],
        [
            54.703839175915064,
            52.7027524550307,
            0.0,
            81.04489259990737,
            23.87398287034869,
            28.1627268438343,
            39.01216322990614,
            54.703839175915064
        ],
        [
            51.60227608105949,
            41.98199081451297,
            81.04489259990737,
            0.0,
            71.93773928901285,
            52.972774326658836,
            66.0647283084029,
            51.60227608105949
        ],
        [
            62.81652274269606,
            56.68016033194539,
            23.87398287034869,
            71.93773928901285,
            0.0,
            27.521187184330007,
            15.430386309194326,
            62.81652274269606
        ],
        [
            35.61221148193735,
            29.19799015575892,
            28.1627268438343,
            52.972774326658836,
            27.521187184330007,
            0.0,
            33.737039516638525,
            35.61221148193735
        ],
        [
            68.73906418016051,
            60.65061613838139,
            39.01216322990614,
            66.0647283084029,
            15.430386309194326,
            33.737039516638525,
            0.0,
            68.73906418016051
        ],
        [
            0.0,
            10.956850021735322,
            54.703839175915064,
            51.60227608105949,
            62.81652274269606,
            35.61221148193735,
            68.73906418016051,
            0.0
        ]
    ],
    "scores_ave": [
        0,
        11.702881300735749,
        14.995884610621749,
        14.537479122521157,
        13.867579124013647,
        19.110657043034717,
        14.160126282764223,
        0
    ],
    "scores_var": [
        0,
        18.023678044769547,
        19.457379124868098,
        382.1683601617127,
        332.20622388114776,
        323.50357019456425,
        389.13342046967364,
        0
    ],
    "vertex_number": 8,
    "minimum_distances": {
        "cost": 222.08287664996587,
        "path": [
            0,
            5,
            2,
            4,
            6,
            3,
            1,
            7
        ]
    }
}