{
    "vertices": [
        [
            66.83267359550838,
            40.79832098545675
        ],
        [
            69.57063651426127,
            7.500567102485278
        ],
        [
            51.67199878627563,
            25.916616350022682
        ],
        [
            13.691515117467844,
            41.09046298442461
        ],
        [
            14.560478997476089,
            23.6763204665703
        ],
        [
            60.05287145277275,
            82.48629566392783
        ],
        [
            19.53116156829796,
            39.9771749227151
        ],
        [
            96.39304248625795,
            69.27554514776357
        ],
        [
            99.62960101266106,
            74.61373635193867
        ],
        [
            43.838282955297004,
            40.69810458261325
        ],
        [
            89.19997607337405,
            76.3301208418725
        ],
        [
            47.47182098840107,
            37.27663870039891
        ],
        [
            31.181906728771736,
            73.24491908266027
        ],
        [
            45.3960518631362,
            4.610690831333908
        ],
        [
            91.38916216416854,
            35.86810124934083
        ],
        [
            66.83267359550838,
            40.79832098545675
        ]
    ],
    "distances": [
        [
            0.0,
            33.41013101733376,
            21.24408608360464,
            53.141961493115595,
            55.00495641179351,
            42.23568337185382,
            47.30863896707121,
            41.04592190397807,
            47.10754466551703,
            22.99460902563989,
            41.98577165150978,
            19.678538050145498,
            48.20538254456507,
            42.060353392100644,
            25.046520665935297,
            0.0
        ],
        [
            33.41013101733376,
            0.0,
            25.680967707728495,
            65.19783212221938,
            57.33910033229702,
            75.58734907149498,
            59.65466543680135,
            67.34678444158428,
            73.53719353784066,
            42.002744129735646,
            71.57386701506454,
            37.08061606082184,
            76.13155976227252,
            24.346702608710185,
            35.78777801301273,
            33.41013101733376
        ],
        [
            21.24408608360464,
            25.680967707728495,
            0.0,
            40.899422506936766,
            37.17907780835713,
            57.187128309875,
            35.08180047330315,
            62.289392805704026,
            68.34720994879903,
            16.729001706340355,
            62.84799530940296,
            12.111630828868831,
            51.57336630546018,
            22.211032663745662,
            40.94490344948434,
            21.24408608360464
        ],
        [
            53.141961493115595,
            65.19783212221938,
            40.899422506936766,
            0.0,
            17.435809641565267,
            62.152959096719954,
            5.9448196759058805,
            87.37242978013664,
            92.24513247105607,
            30.149320990421035,
            83.32683338420823,
            33.994916096428746,
            36.60359061198962,
            48.33168139635582,
            77.87295691500191,
            53.141961493115595
        ],
        [
            55.00495641179351,
            57.33910033229702,
            37.17907780835713,
            17.435809641565267,
            0.0,
            74.35167082198315,
            17.041876106235726,
            93.67954813443252,
            99.15329473856835,
            33.866368850022376,
            91.34263636279147,
            35.610743992579444,
            52.281142189031414,
            36.25370032619344,
            77.79001269946642,
            55.00495641179351
        ],
        [
            42.23568337185382,
            75.58734907149498,
            57.187128309875,
            62.152959096719954,
            74.35167082198315,
            0.0,
            58.72847961723974,
            38.66693626269467,
            40.35213393090041,
            44.82371910039296,
            29.790135887638804,
            46.92756027695267,
            30.31395132956625,
            79.24286837643801,
            56.17133758444195,
            42.23568337185382
        ],
        [
            47.30863896707121,
            59.65466543680135,
            35.08180047330315,
            5.9448196759058805,
            17.041876106235726,
            58.72847961723974,
            0.0,
            82.25656956189377,
            87.2665536678439,
            24.317810133661855,
            78.58295229592665,
            28.070862913673288,
            35.24886756033262,
            43.81530265729014,
            71.97538979463296,
            47.30863896707121
        ],
        [
            41.04592190397807,
            67.34678444158428,
            62.289392805704026,
            87.37242978013664,
            93.67954813443252,
            38.66693626269467,
            82.25656956189377,
            0.0,
            6.242723478351821,
            59.822009817556534,
            10.075080279782942,
            58.456957897837704,
            65.3318311102355,
            82.35433465446636,
            33.78011435895468,
            41.04592190397807
        ],
        [
            47.10754466551703,
            73.53719353784066,
            68.34720994879903,
            92.24513247105607,
            99.15329473856835,
            40.35213393090041,
            87.2665536678439,
            6.242723478351821,
            0.0,
            65.29120345720725,
            10.569912586747488,
            64.14431290535202,
            68.4613797224205,
            88.55339765087385,
            39.612233866817036,
            47.10754466551703
        ],
        [
            22.99460902563989,
            42.002744129735646,
            16.729001706340355,
            30.149320990421035,
            33.866368850022376,
            44.82371910039296,
            24.317810133661855,
            59.822009817556534,
            65.29120345720725,
            0.0,
            57.68295922747648,
            4.9908944510148165,
            34.92103940732328,
            36.121019853075246,
            47.795554665011615,
            22.99460902563989
        ],
        [
            41.98577165150978,
            71.57386701506454,
            62.84799530940296,
            83.32683338420823,
            91.34263636279147,
            29.790135887638804,
            78.58295229592665,
            10.075080279782942,
            10.569912586747488,
            57.68295922747648,
            0.0,
            57.15254494919673,
            58.10004165549392,
            84.03844606638562,
            40.52119896111842,
            41.98577165150978
        ],
        [
            19.678538050145498,
            37.08061606082184,
            12.111630828868831,
            33.994916096428746,
            35.610743992579444,
            46.92756027695267,
            28.070862913673288,
            58.456957897837704,
            64.14431290535202,
            4.9908944510148165,
            57.15254494919673,
            0.0,
            39.48516810453062,
            32.73183416256833,
            43.93992300516461,
            19.678538050145498
        ],
        [
            48.20538254456507,
            76.13155976227252,
            51.57336630546018,
            36.60359061198962,
            52.281142189031414,
            30.31395132956625,
            35.24886756033262,
            65.3318311102355,
            68.4613797224205,
            34.92103940732328,
            58.10004165549392,
            39.48516810453062,
            0.0,
            70.09064994388298,
            70.8656483665271,
            48.20538254456507
        ],
        [
            42.060353392100644,
            24.346702608710185,
            22.211032663745662,
            48.33168139635582,
            36.25370032619344,
            79.24286837643801,
            43.81530265729014,
            82.35433465446636,
            88.55339765087385,
            36.121019853075246,
            84.03844606638562,
            32.73183416256833,
            70.09064994388298,
            0.0,
            55.609278912809636,
            42.060353392100644
        ],
        [
            25.046520665935297,
            35.78777801301273,
            40.94490344948434,
            77.87295691500191,
            77.79001269946642,
            56.17133758444195,
            71.97538979463296,
            33.78011435895468,
            39.612233866817036,
            47.795554665011615,
            40.52119896111842,
            43.93992300516461,
            70.8656483665271,
            55.609278912809636,
            0.0,
            25.046520665935297
        ],
        [
            0.0,
            33.41013101733376,
            21.24408608360464,
            53.141961493115595,
            55.00495641179351,
            42.23568337185382,
            47.30863896707121,
            41.04592190397807,
            47.10754466551703,
            22.99460902563989,
            41.98577165150978,
            19.678538050145498,
            48.20538254456507,
            42.060353392100644,
            25.046520665935297,
            0.0
        ]
    ],
    "scores_ave": [
        0,
        12.130962995542376,
        18.91424365873109,
        14.330703123422442,
        11.79006247017665,
        12.33490247081337,
        10.987978738591792,
        10.184369731957311,
        14.999893251363405,
        13.002155332673002,
        10.875113697406857,
        17.954837275084984,
        19.873949866107445,
        10.426484306768186,
        10.792438960854845,
        0
    ],
    "scores_var": [
        0,
        22.454806101367616,
        292.85813996544624,
        252.0291701444345,
        21.47493399452693,
        324.4380166482054,
        22.282680092502027,
        319.4600488318007,
        358.356505545252,
        338.2417755381115,
        380.716885705991,
        19.06822147827204,
        24.853091013379398,
        21.5361104679399,
        313.53652002121277,
        0
    ],
    "vertex_number": 16,
    "minimum_distances": {
        "cost": 325.30961560469376,
        "path": [
            0,
            14,
            7,
            8,
            10,
            5,
            12,
            6,
            3,
            4,
            9,
            11,
            2,
            13,
            1,
            15
        ]
    }
}