{
    "vertices": [
        [
            51.190334288531425,
            61.57321458286108
        ],
        [
            84.80786327360083,
            40.964630230365195
        ],
        [
            83.47841688223019,
            12.080028668407927
        ],
        [
            94.17739069447191,
            14.029806068837258
        ],
        [
            9.304320130142807,
            73.52461134963242
        ],
        [
            69.84698424630463,
            72.28051560213683
        ],
        [
            60.663633286582574,
            26.370755262301405
        ],
        [
            35.537111991978485,
            9.859565752314248
        ],
        [
            58.529872229989444,
            99.01167244247702
        ],
        [
            80.04660254527818,
            20.624473352465934
        ],
        [
            17.845895771180132,
            97.34969024612695
        ],
        [
            11.352716121055263,
            69.06906120202676
        ],
        [
            23.056530807834086,
            1.8820328948567888
        ],
        [
            83.61708947518504,
            79.4421439453254
        ],
        [
            61.0311575591648,
            56.492475770276315
        ],
        [
            11.764937329988602,
            19.94845006889674
        ],
        [
            32.531852723383196,
            63.42178912084307
        ],
        [
            39.317261399762515,
            73.84883352466004
        ],
        [
            66.58806201335025,
            92.47991166863105
        ],
        [
            51.190334288531425,
            61.57321458286108
        ]
    ],
    "distances": [
        [
            0.0,
            39.43161173571174,
            59.09395679373769,
            64.09573083738778,
            43.557709613265075,
            21.510854998448167,
            36.45485613909531,
            54.030776818720824,
            38.151106721828405,
            50.0947464916152,
            48.90611199964352,
            40.53669372057475,
            65.98899961054748,
            37.02422299651819,
            11.075003816051014,
            57.33221560503014,
            18.749830989623657,
            17.07807601067148,
            34.52989927351651,
            0.0
        ],
        [
            39.43161173571174,
            0.0,
            28.915180011553666,
            28.517938156586357,
            82.22491956641286,
            34.70608848440475,
            28.212143276424612,
            58.26776096641433,
            63.718065906482224,
            20.889987686464064,
            87.53959152735578,
            78.64806217220493,
            73.0799321003184,
            38.49593490128463,
            28.397987987571106,
            76.0062422369592,
            56.89556454134747,
            56.13168165256207,
            54.64234053942754,
            39.43161173571174
        ],
        [
            59.09395679373769,
            28.915180011553666,
            0.0,
            10.875186092488672,
            96.31839580193315,
            61.72450552872692,
            26.92098098319684,
            47.99269913374137,
            90.44081252137498,
            9.207870796347901,
            107.60363847459419,
            91.92315562146686,
            61.27645089742607,
            67.36225801343625,
            49.76288686052291,
            72.14385077624735,
            72.32930779391398,
            75.93150141355325,
            82.15488588055042,
            59.09395679373769
        ],
        [
            64.09573083738778,
            28.517938156586357,
            10.875186092488672,
            0.0,
            103.64878177005902,
            63.1277580709616,
            35.71373632918461,
            58.78837632222596,
            92.15564651730669,
            15.593870920947001,
            112.99867351673421,
            99.44468977179574,
            72.15084964226858,
            66.25929299585015,
            53.86790407314583,
            82.62471068846521,
            78.99202707586741,
            81.16618650640618,
            83.16002721075648,
            64.09573083738778
        ],
        [
            43.557709613265075,
            82.22491956641286,
            96.31839580193315,
            103.64878177005902,
            0.0,
            60.5554452754773,
            69.72277383901168,
            68.85780565611276,
            55.43234852218612,
            88.33399754014322,
            25.30993676119621,
            4.903861055680011,
            72.95054726437827,
            74.54800386160944,
            54.45878581828683,
            53.63263646869859,
            25.329533895367376,
            30.014692463399015,
            60.33846612506291,
            43.557709613265075
        ],
        [
            21.510854998448167,
            34.70608848440475,
            61.72450552872692,
            63.1277580709616,
            60.5554452754773,
            0.0,
            46.819227132776916,
            71.22880256091804,
            29.028120338952224,
            52.65338464281798,
            57.728474082800794,
            58.58235948536513,
            84.5298343809148,
            15.521105583701228,
            18.082616014009176,
            78.18036362773246,
            38.352262976821855,
            30.569978707758093,
            20.46060056722545,
            21.510854998448167
        ],
        [
            36.45485613909531,
            28.212143276424612,
            26.92098098319684,
            35.71373632918461,
            69.72277383901168,
            46.819227132776916,
            0.0,
            30.06595169627768,
            72.67224907090579,
            20.21680620352387,
            82.89371422114006,
            65.22815252502467,
            44.87751864839313,
            57.82243031684764,
            30.123962562244255,
            49.31864221825913,
            46.52070708451026,
            52.056080415423835,
            66.37408693530259,
            36.45485613909531
        ],
        [
            54.030776818720824,
            58.26776096641433,
            47.99269913374137,
            58.78837632222596,
            68.85780565611276,
            71.22880256091804,
            30.06595169627768,
            0.0,
            92.06934968086189,
            45.792772191188405,
            89.26085936912037,
            63.958184425850106,
            14.812357583647263,
            84.57788968029504,
            53.14672761445543,
            25.824443361155687,
            53.64646638364593,
            64.10082620049559,
            88.26258016034639,
            54.030776818720824
        ],
        [
            38.151106721828405,
            63.718065906482224,
            90.44081252137498,
            92.15564651730669,
            55.43234852218612,
            29.028120338952224,
            72.67224907090579,
            92.06934968086189,
            0.0,
            81.28666966137743,
            40.71790914722826,
            55.877043823232846,
            103.40466541845892,
            31.81721098255579,
            42.59270493813737,
            91.85832715815982,
            44.07421937043692,
            31.659009417822254,
            10.372961071526948,
            38.151106721828405
        ],
        [
            50.0947464916152,
            20.889987686464064,
            9.207870796347901,
            15.593870920947001,
            88.33399754014322,
            52.65338464281798,
            20.21680620352387,
            45.792772191188405,
            81.28666966137743,
            0.0,
            98.77088047889748,
            84.05788555500223,
            59.99289417044362,
            58.92594293591542,
            40.596807084596634,
            68.28501162080018,
            63.947335265947174,
            67.02023385431625,
            73.1049678808339,
            50.0947464916152
        ],
        [
            48.90611199964352,
            87.53959152735578,
            107.60363847459419,
            112.99867351673421,
            25.30993676119621,
            57.728474082800794,
            82.89371422114006,
            89.26085936912037,
            40.71790914722826,
            98.77088047889748,
            0.0,
            29.016467067835794,
            95.60975011799127,
            68.16546145787531,
            59.44980076015754,
            77.63974521169409,
            36.96998520920722,
            31.83252752451784,
            48.98482942068071,
            48.90611199964352
        ],
        [
            40.53669372057475,
            78.64806217220493,
            91.92315562146686,
            99.44468977179574,
            4.903861055680011,
            58.58235948536513,
            65.22815252502467,
            63.958184425850106,
            55.877043823232846,
            84.05788555500223,
            29.016467067835794,
            0.0,
            68.19879801705392,
            73.00507175439513,
            51.24566366866367,
            49.1223407872352,
            21.919112873904897,
            28.370090167306117,
            59.991760729379955,
            40.53669372057475
        ],
        [
            65.98899961054748,
            73.0799321003184,
            61.27645089742607,
            72.15084964226858,
            72.95054726437827,
            84.5298343809148,
            44.87751864839313,
            14.812357583647263,
            103.40466541845892,
            59.99289417044362,
            95.60975011799127,
            68.19879801705392,
            0.0,
            98.40300855290289,
            66.51595859605679,
            21.30482369735475,
            62.26494456559889,
            73.78097147824177,
            100.51353066828527,
            65.98899961054748
        ],
        [
            37.02422299651819,
            38.49593490128463,
            67.36225801343625,
            66.25929299585015,
            74.54800386160944,
            15.521105583701228,
            57.82243031684764,
            84.57788968029504,
            31.81721098255579,
            58.92594293591542,
            68.16546145787531,
            73.00507175439513,
            98.40300855290289,
            0.0,
            32.199558845735176,
            93.28575121077529,
            53.53833376833799,
            44.65153848384082,
            21.44693832468387,
            37.02422299651819
        ],
        [
            11.075003816051014,
            28.397987987571106,
            49.76288686052291,
            53.86790407314583,
            54.45878581828683,
            18.082616014009176,
            30.123962562244255,
            53.14672761445543,
            42.59270493813737,
            40.596807084596634,
            59.44980076015754,
            51.24566366866367,
            66.51595859605679,
            32.199558845735176,
            0.0,
            61.34025000057288,
            29.32960551444815,
            27.798137364209516,
            36.41393592638863,
            11.075003816051014
        ],
        [
            57.33221560503014,
            76.0062422369592,
            72.14385077624735,
            82.62471068846521,
            53.63263646869859,
            78.18036362773246,
            49.31864221825913,
            25.824443361155687,
            91.85832715815982,
            68.28501162080018,
            77.63974521169409,
            49.1223407872352,
            21.30482369735475,
            93.28575121077529,
            61.34025000057288,
            0.0,
            48.17879184124371,
            60.53413828844155,
            90.91967840814854,
            57.33221560503014
        ],
        [
            18.749830989623657,
            56.89556454134747,
            72.32930779391398,
            78.99202707586741,
            25.329533895367376,
            38.352262976821855,
            46.52070708451026,
            53.64646638364593,
            44.07421937043692,
            63.947335265947174,
            36.96998520920722,
            21.919112873904897,
            62.26494456559889,
            53.53833376833799,
            29.32960551444815,
            48.17879184124371,
            0.0,
            12.440459232064322,
            44.768290979266816,
            18.749830989623657
        ],
        [
            17.07807601067148,
            56.13168165256207,
            75.93150141355325,
            81.16618650640618,
            30.014692463399015,
            30.569978707758093,
            52.056080415423835,
            64.10082620049559,
            31.659009417822254,
            67.02023385431625,
            31.83252752451784,
            28.370090167306117,
            73.78097147824177,
            44.65153848384082,
            27.798137364209516,
            60.53413828844155,
            12.440459232064322,
            0.0,
            33.02746794582975,
            17.07807601067148
        ],
        [
            34.52989927351651,
            54.64234053942754,
            82.15488588055042,
            83.16002721075648,
            60.33846612506291,
            20.46060056722545,
            66.37408693530259,
            88.26258016034639,
            10.372961071526948,
            73.1049678808339,
            48.98482942068071,
            59.991760729379955,
            100.51353066828527,
            21.44693832468387,
            36.41393592638863,
            90.91967840814854,
            44.768290979266816,
            33.02746794582975,
            0.0,
            34.52989927351651
        ],
        [
            0.0,
            39.43161173571174,
            59.09395679373769,
            64.09573083738778,
            43.557709613265075,
            21.510854998448167,
            36.45485613909531,
            54.030776818720824,
            38.151106721828405,
            50.0947464916152,
            48.90611199964352,
            40.53669372057475,
            65.98899961054748,
            37.02422299651819,
            11.075003816051014,
            57.33221560503014,
            18.749830989623657,
            17.07807601067148,
            34.52989927351651,
            0.0
        ]
    ],
    "scores_ave": [
        0,
        15.312362921969097,
        17.212958292252967,
        10.170095148276545,
        17.168090910677993,
        14.077332268593759,
        12.028627290421749,
        12.37547446413442,
        16.613397629214912,
        18.813073346665206,
        15.468227187165088,
        11.228175408168442,
        16.45260219194951,
        12.900058894368026,
        17.60352684246826,
        15.79814939593658,
        19.560566888018574,
        10.389273732435294,
        17.896799797521354,
        0
    ],
    "scores_var": [
        0,
        18.004395065496375,
        21.553442948527053,
        23.87787694948358,
        398.70114674970614,
        368.39712377167285,
        269.3863082299518,
        17.79109419369803,
        308.78716647664476,
        17.46776101916108,
        341.76541232327855,
        249.71649087802533,
        369.9607574972216,
        22.035624059007656,
        17.795599761820743,
        24.947123649020313,
        17.781106726579477,
        18.90217960765677,
        18.96981281773657,
        0
    ],
    "vertex_number": 20,
    "minimum_distances": {
        "cost": 418.0778078733046,
        "path": [
            0,
            17,
            8,
            18,
            13,
            5,
            14,
            1,
            9,
            3,
            2,
            6,
            7,
            12,
            15,
            11,
            4,
            10,
            16,
            19
        ]
    }
}