{
    "vertices": [
        [
            5.905598324925276,
            29.33153020806757
        ],
        [
            80.3097869572458,
            62.787419809243836
        ],
        [
            37.1073360266801,
            68.77053783793943
        ],
        [
            55.17105754032411,
            67.33343774663182
        ],
        [
            65.81699241677796,
            86.18115705772337
        ],
        [
            29.204055074414793,
            62.35837638689784
        ],
        [
            94.34673857119232,
            22.26235685729616
        ],
        [
            89.03683264342243,
            52.38639012515943
        ],
        [
            64.71167227614724,
            21.6243391964109
        ],
        [
            14.494978410277826,
            84.36290271726425
        ],
        [
            94.629059914512,
            25.68111184906825
        ],
        [
            31.379448414664214,
            54.495086313859495
        ],
        [
            4.665163420313744,
            74.7178935100689
        ],
        [
            38.47612233424049,
            50.70914979965365
        ],
        [
            4.653821305770489,
            20.64976915819351
        ],
        [
            13.331635015604693,
            15.136289619971176
        ],
        [
            96.61516834786707,
            89.10325695411491
        ],
        [
            17.63720396505328,
            90.81911068428298
        ],
        [
            31.050560895793357,
            46.87484218099631
        ],
        [
            47.056034861439024,
            78.3736639792351
        ],
        [
            45.948538990783696,
            72.17343778038249
        ],
        [
            99.85688640641838,
            52.32347957590358
        ],
        [
            74.81638028282156,
            23.032634599146963
        ],
        [
            17.178508506172584,
            92.15889199060165
        ],
        [
            5.905598324925276,
            29.33153020806757
        ]
    ],
    "distances": [
        [
            0.0,
            81.57989847407282,
            50.28900236073688,
            62.219212854822516,
            82.59089062950216,
            40.41770225319531,
            88.7232128584348,
            86.26893232858285,
            59.308980153487276,
            55.697660727328746,
            88.79852583593147,
            35.80672554540321,
            45.40331103051662,
            38.959487338053414,
            8.771540379704945,
            16.020326971858474,
            108.63188027439796,
            62.59675010505377,
            30.660021814569237,
            64.0194447958957,
            58.64184633522577,
            96.72370065245045,
            69.1980632383653,
            63.83068143540294,
            0.0
        ],
        [
            81.57989847407282,
            0.0,
            43.614784967408006,
            25.54646738365713,
            27.51923029525196,
            51.10753280621232,
            42.88725612430338,
            13.5772878329149,
            44.01931834028425,
            69.26103151692394,
            39.77335374921362,
            49.628024589845595,
            76.57966618346056,
            43.542394309622566,
            86.59911512854605,
            82.19916694123229,
            30.95785436571783,
            68.65586902972689,
            51.76563994531778,
            36.72523704179403,
            35.62011643955188,
            22.17167431843522,
            40.1325362267518,
            69.62931636148109,
            81.57989847407282
        ],
        [
            50.28900236073688,
            43.614784967408006,
            0.0,
            18.12079721190328,
            33.57639098613484,
            10.17731125025974,
            73.75201761159474,
            54.452850385837905,
            54.63298844215015,
            27.467081379390645,
            71.87104668138886,
            15.38171683240337,
            32.9828076869159,
            18.11318066561744,
            58.04170049257614,
            58.667849291368114,
            62.885622953293485,
            29.414717524696826,
            22.717966750737308,
            13.827387323365535,
            9.473468101532465,
            64.86918990039966,
            59.2783924494649,
            30.727402693890188,
            50.28900236073688
        ],
        [
            62.219212854822516,
            25.54646738365713,
            18.12079721190328,
            0.0,
            21.646534425246692,
            26.439297505751895,
            59.717135872087546,
            37.01763033923427,
            46.69416472977339,
            44.097007728186995,
            57.374647746528794,
            27.034495229235375,
            51.04287930538261,
            23.560301595679405,
            68.78485349008776,
            66.89603538146748,
            46.81387987503705,
            44.27603186312196,
            31.628349481075677,
            13.70183156902321,
            10.415394794405225,
            47.13939059573082,
            48.46132339473502,
            45.38432505317059,
            62.219212854822516
        ],
        [
            82.59089062950216,
            27.51923029525196,
            33.57639098613484,
            21.646534425246692,
            0.0,
            43.68102631264597,
            69.99685303424329,
            41.003015159585686,
            64.56627962792929,
            51.35421278269189,
            67.0103775824558,
            46.79691780537119,
            62.21698000365966,
            44.78600758927662,
            89.63981425902793,
            88.3294171314216,
            30.936488302436782,
            48.402506434017035,
            52.47562434018034,
            20.32069084858759,
            24.30990828641052,
            48.01100610577625,
            63.78655713130175,
            49.00444298275384,
            82.59089062950216
        ],
        [
            40.41770225319531,
            51.10753280621232,
            10.17731125025974,
            26.439297505751895,
            43.68102631264597,
            0.0,
            76.4935291072358,
            60.65807268308681,
            54.03751164867548,
            26.468020616117997,
            75.00435315569806,
            8.15865595288494,
            27.47571413320624,
            14.888778034200406,
            48.39754017564746,
            49.818261683307135,
            72.52273318981379,
            30.72141665568976,
            15.5932490281438,
            23.98296518326276,
            19.40910023116501,
            71.36190670964342,
            60.22456457355515,
            32.13540882751542,
            40.41770225319531
        ],
        [
            88.7232128584348,
            42.88725612430338,
            73.75201761159474,
            59.717135872087546,
            69.99685303424329,
            76.4935291072358,
            0.0,
            30.588437052015237,
            29.64193348699302,
            101.1572112946092,
            3.4303922566756726,
            70.73774436520016,
            103.89594913697582,
            62.695660036418026,
            89.70741243993777,
            81.32790319683315,
            66.87938172115985,
            102.88042182448764,
            67.91303661393025,
            73.3818059487243,
            69.52338974428632,
            30.561950662044165,
            19.545542271109372,
            104.11753625114852,
            88.7232128584348
        ],
        [
            86.26893232858285,
            13.5772878329149,
            54.452850385837905,
            37.01763033923427,
            41.003015159585686,
            60.65807268308681,
            30.588437052015237,
            0.0,
            39.21756244639095,
            81.11094494621805,
            27.284517471543918,
            57.6959318818831,
            87.2769993235554,
            50.58852203888269,
            90.15378923157448,
            84.3732595999086,
            37.49079195995347,
            81.08625644944198,
            58.24761687769462,
            49.37333070371603,
            47.41443139811017,
            10.820236650431013,
            32.61693162792948,
            82.1308142687668,
            86.26893232858285
        ],
        [
            59.308980153487276,
            44.01931834028425,
            54.63298844215015,
            46.69416472977339,
            64.56627962792929,
            54.03751164867548,
            29.64193348699302,
            39.21756244639095,
            0.0,
            80.3607098990458,
            30.191182279922874,
            46.81370700565459,
            80.15303322664117,
            39.16925182564488,
            60.06575771551853,
            51.78805862552757,
            74.640722151847,
            83.68943761330353,
            42.07919106084558,
            59.43237666311276,
            53.91907397513792,
            46.66501147864863,
            10.202373245550053,
            85.05600975745166,
            59.308980153487276
        ],
        [
            55.697660727328746,
            69.26103151692394,
            27.467081379390645,
            44.097007728186995,
            51.35421278269189,
            26.468020616117997,
            101.1572112946092,
            81.11094494621805,
            80.3607098990458,
            0.0,
            99.32282516131897,
            34.30993710335998,
            13.77140026808478,
            41.323968218715336,
            64.46868822204762,
            69.23638731748096,
            82.25689365443216,
            7.180264810609704,
            40.98099552482343,
            33.107300975416514,
            33.73291461820373,
            91.17664159187221,
            86.02367878269958,
            8.244924652509852,
            55.697660727328746
        ],
        [
            88.79852583593147,
            39.77335374921362,
            71.87104668138886,
            57.374647746528794,
            67.0103775824558,
            75.00435315569806,
            3.4303922566756726,
            27.284517471543918,
            30.191182279922874,
            99.32282516131897,
            0.0,
            69.50365802847588,
            102.46027829401727,
            61.47808619784623,
            90.11580312005762,
            81.97843967188405,
            63.45323566560368,
            100.84991212092667,
            67.01790613601483,
            70.99082872238259,
            67.31515050795848,
            27.15043145000453,
            19.988914576118233,
            102.06803204726677,
            88.79852583593147
        ],
        [
            35.80672554540321,
            49.628024589845595,
            15.38171683240337,
            27.034495229235375,
            46.79691780537119,
            8.15865595288494,
            70.73774436520016,
            57.6959318818831,
            46.81370700565459,
            34.30993710335998,
            69.50365802847588,
            0.0,
            33.505446626696944,
            8.043388341388923,
            43.124988553404314,
            43.29940468041225,
            73.84730618152783,
            38.83663256483473,
            7.627338175569825,
            28.564695586415382,
            22.908131979475957,
            68.51186313142325,
            53.634437799044385,
            40.252067677822275,
            35.80672554540321
        ],
        [
            45.40331103051662,
            76.57966618346056,
            32.9828076869159,
            51.04287930538261,
            62.21698000365966,
            27.47571413320624,
            103.89594913697582,
            87.2769993235554,
            80.15303322664117,
            13.77140026808478,
            102.46027829401727,
            33.505446626696944,
            0.0,
            41.468068646027476,
            54.06812554151867,
            60.20859782479985,
            93.06848063439296,
            20.676630053893515,
            38.35915415194158,
            42.54821546506079,
            41.36171361842748,
            97.79045914872279,
            87.13529259708511,
            21.46560582037537,
            45.40331103051662
        ],
        [
            38.959487338053414,
            43.542394309622566,
            18.11318066561744,
            23.560301595679405,
            44.78600758927662,
            14.888778034200406,
            62.695660036418026,
            50.58852203888269,
            39.16925182564488,
            41.323968218715336,
            61.47808619784623,
            8.043388341388923,
            41.468068646027476,
            0.0,
            45.249468631229604,
            43.562295897717284,
            69.67249195746368,
            45.20032611568353,
            8.357085472259264,
            28.964465190412916,
            22.72779508022379,
            61.4019890452325,
            45.67935903023692,
            46.601174689760384,
            38.959487338053414
        ],
        [
            8.771540379704945,
            86.59911512854605,
            58.04170049257614,
            68.78485349008776,
            89.63981425902793,
            48.39754017564746,
            89.70741243993777,
            90.15378923157448,
            60.06575771551853,
            64.46868822204762,
            90.11580312005762,
            43.124988553404314,
            54.06812554151867,
            45.249468631229604,
            0.0,
            10.28119192511174,
            114.64191790624966,
            71.36038617806345,
            37.209438534259284,
            71.62398863321697,
            66.02985792029303,
            100.33368096598049,
            70.20301083228452,
            72.5976751537427,
            8.771540379704945
        ],
        [
            16.020326971858474,
            82.19916694123229,
            58.667849291368114,
            66.89603538146748,
            88.3294171314216,
            49.818261683307135,
            81.32790319683315,
            84.3732595999086,
            51.78805862552757,
            69.23638731748096,
            81.97843967188405,
            43.29940468041225,
            60.20859782479985,
            43.562295897717284,
            10.28119192511174,
            0.0,
            111.38787717214268,
            75.80519328008532,
            36.349636215739146,
            71.667989094263,
            65.70463222025339,
            94.17805596348921,
            61.98972628270512,
            77.11860807611016,
            16.020326971858474
        ],
        [
            108.63188027439796,
            30.95785436571783,
            62.885622953293485,
            46.81387987503705,
            30.936488302436782,
            72.52273318981379,
            66.87938172115985,
            37.49079195995347,
            74.640722151847,
            82.25689365443216,
            63.45323566560368,
            73.84730618152783,
            93.06848063439296,
            69.67249195746368,
            114.64191790624966,
            111.38787717214268,
            0.0,
            78.99660126914533,
            77.98690123729152,
            50.70731581667663,
            53.42027805677672,
            36.92236124575355,
            69.5738046931283,
            79.49540761755537,
            108.63188027439796
        ],
        [
            62.59675010505377,
            68.65586902972689,
            29.414717524696826,
            44.27603186312196,
            48.402506434017035,
            30.72141665568976,
            102.88042182448764,
            81.08625644944198,
            83.68943761330353,
            7.180264810609704,
            100.84991212092667,
            38.83663256483473,
            20.676630053893515,
            45.20032611568353,
            71.36038617806345,
            75.80519328008532,
            78.99660126914533,
            0.0,
            45.945803708721705,
            31.94302357320495,
            33.89974644416089,
            90.78540518823138,
            88.68181631213442,
            1.4161269267826018,
            62.59675010505377
        ],
        [
            30.660021814569237,
            51.76563994531778,
            22.717966750737308,
            31.628349481075677,
            52.47562434018034,
            15.5932490281438,
            67.91303661393025,
            58.24761687769462,
            42.07919106084558,
            40.98099552482343,
            67.01790613601483,
            7.627338175569825,
            38.35915415194158,
            8.357085472259264,
            37.209438534259284,
            36.349636215739146,
            77.98690123729152,
            45.945803708721705,
            0.0,
            35.33201057882447,
            29.359303306108842,
            69.02172179636835,
            49.83871797101094,
            47.36115501821298,
            30.660021814569237
        ],
        [
            64.0194447958957,
            36.72523704179403,
            13.827387323365535,
            13.70183156902321,
            20.32069084858759,
            23.98296518326276,
            73.3818059487243,
            49.37333070371603,
            59.43237666311276,
            33.107300975416514,
            70.99082872238259,
            28.564695586415382,
            42.54821546506079,
            28.964465190412916,
            71.62398863321697,
            71.667989094263,
            50.70731581667663,
            31.94302357320495,
            35.33201057882447,
            0.0,
            6.298361058279924,
            58.87734735297206,
            61.91337747823368,
            32.90439320873438,
            64.0194447958957
        ],
        [
            58.64184633522577,
            35.62011643955188,
            9.473468101532465,
            10.415394794405225,
            24.30990828641052,
            19.40910023116501,
            69.52338974428632,
            47.41443139811017,
            53.91907397513792,
            33.73291461820373,
            67.31515050795848,
            22.908131979475957,
            41.36171361842748,
            22.72779508022379,
            66.02985792029303,
            65.70463222025339,
            53.42027805677672,
            33.89974644416089,
            29.359303306108842,
            6.298361058279924,
            0.0,
            57.446764589525195,
            56.99272583548898,
            35.030458662058926,
            58.64184633522577
        ],
        [
            96.72370065245045,
            22.17167431843522,
            64.86918990039966,
            47.13939059573082,
            48.01100610577625,
            71.36190670964342,
            30.561950662044165,
            10.820236650431013,
            46.66501147864863,
            91.17664159187221,
            27.15043145000453,
            68.51186313142325,
            97.79045914872279,
            61.4019890452325,
            100.33368096598049,
            94.17805596348921,
            36.92236124575355,
            90.78540518823138,
            69.02172179636835,
            58.87734735297206,
            57.446764589525195,
            0.0,
            38.53544532476923,
            91.77458392422673,
            96.72370065245045
        ],
        [
            69.1980632383653,
            40.1325362267518,
            59.2783924494649,
            48.46132339473502,
            63.78655713130175,
            60.22456457355515,
            19.545542271109372,
            32.61693162792948,
            10.202373245550053,
            86.02367878269958,
            19.988914576118233,
            53.634437799044385,
            87.13529259708511,
            45.67935903023692,
            70.20301083228452,
            61.98972628270512,
            69.5738046931283,
            88.68181631213442,
            49.83871797101094,
            61.91337747823368,
            56.99272583548898,
            38.53544532476923,
            0.0,
            90.00313174490692,
            69.1980632383653
        ],
        [
            63.83068143540294,
            69.62931636148109,
            30.727402693890188,
            45.38432505317059,
            49.00444298275384,
            32.13540882751542,
            104.11753625114852,
            82.1308142687668,
            85.05600975745166,
            8.244924652509852,
            102.06803204726677,
            40.252067677822275,
            21.46560582037537,
            46.601174689760384,
            72.5976751537427,
            77.11860807611016,
            79.49540761755537,
            1.4161269267826018,
            47.36115501821298,
            32.90439320873438,
            35.030458662058926,
            91.77458392422673,
            90.00313174490692,
            0.0,
            63.83068143540294
        ],
        [
            0.0,
            81.57989847407282,
            50.28900236073688,
            62.219212854822516,
            82.59089062950216,
            40.41770225319531,
            88.7232128584348,
            86.26893232858285,
            59.308980153487276,
            55.697660727328746,
            88.79852583593147,
            35.80672554540321,
            45.40331103051662,
            38.959487338053414,
            8.771540379704945,
            16.020326971858474,
            108.63188027439796,
            62.59675010505377,
            30.660021814569237,
            64.0194447958957,
            58.64184633522577,
            96.72370065245045,
            69.1980632383653,
            63.83068143540294,
            0.0
        ]
    ],
    "scores_ave": [
        0,
        15.20736544759764,
        19.642402443431145,
        17.069642177681203,
        14.136898455578287,
        12.246679596606036,
        15.528635308295659,
        11.11204101908031,
        10.64648798162458,
        15.078618292752179,
        18.760260096247876,
        16.20046778300944,
        15.50514155341942,
        13.73206337316095,
        16.723329063578873,
        10.281421035055484,
        14.261737870775196,
        14.24763574087665,
        11.327991040512156,
        19.486007190678478,
        17.47492710474178,
        12.675821636264384,
        12.647601172453498,
        17.234869323706697,
        0
    ],
    "scores_var": [
        0,
        263.4280476363035,
        22.92375771277824,
        261.6423196780071,
        305.89916691580333,
        338.0348752238382,
        16.749456331955432,
        17.294732188297175,
        19.859781452362196,
        304.7051167615044,
        17.50437634407327,
        319.39848025659,
        24.22497666050424,
        18.440323699280256,
        24.116232538553916,
        23.99231979323362,
        311.280373150008,
        311.32195384144546,
        336.4575569279315,
        20.88422593872081,
        20.317899587278685,
        240.7865857285916,
        19.753666003544566,
        376.7789631238421,
        0
    ],
    "vertex_number": 25,
    "minimum_distances": {
        "cost": 413.43594958162475,
        "path": [
            0,
            14,
            15,
            8,
            22,
            6,
            10,
            21,
            7,
            1,
            16,
            4,
            3,
            13,
            18,
            11,
            5,
            2,
            20,
            19,
            23,
            17,
            9,
            12,
            24
        ]
    }
}