{
    "vertices": [
        [
            27.52938143647209,
            79.48026826485052
        ],
        [
            73.55420996862915,
            63.40000227072592
        ],
        [
            42.65817377958084,
            47.56597404022662
        ],
        [
            28.040212570132784,
            26.02820382113773
        ],
        [
            43.0934159764609,
            99.19958259504901
        ],
        [
            26.445712410197164,
            67.29454678673127
        ],
        [
            36.63167967912199,
            67.34251229034454
        ],
        [
            9.977300687532686,
            95.22234684424265
        ],
        [
            0.35818324921025324,
            67.47629747438432
        ],
        [
            56.98195087459723,
            22.876428054593678
        ],
        [
            34.650864333384824,
            14.40068167942351
        ],
        [
            54.895184072634166,
            5.829905098944099
        ],
        [
            77.81979740978178,
            89.76782554535656
        ],
        [
            56.18152411361148,
            5.560577210615369
        ],
        [
            92.82324343907834,
            29.942501287661916
        ],
        [
            19.498472729552052,
            32.027647181502296
        ],
        [
            61.10450928652753,
            35.61207977037483
        ],
        [
            27.52938143647209,
            79.48026826485052
        ]
    ],
    "distances": [
        [
            0.0,
            48.7530490929158,
            35.31858623468341,
            53.454505345592175,
            25.121515257148328,
            12.233811609666237,
            15.171583747084645,
            23.57728942472068,
            29.704702080139207,
            63.80790368799052,
            65.4680693833346,
            78.57011612815194,
            51.33185924519212,
            79.27840819255093,
            81.95900665760674,
            48.12740115920149,
            55.242258932219805,
            0.0
        ],
        [
            48.7530490929158,
            0.0,
            34.717164374401776,
            58.891215631424835,
            47.00499890470134,
            47.269207939206474,
            37.132420177445574,
            71.09630797652153,
            73.30944352603731,
            43.781272694270804,
            62.56519575630301,
            60.51838841010072,
            26.71062224023005,
            60.3921294963282,
            38.609584599125384,
            62.49997913843238,
            30.449362619920965,
            48.7530490929158
        ],
        [
            35.31858623468341,
            34.717164374401776,
            0.0,
            26.029989165022727,
            51.635442945350746,
            25.53547505467412,
            20.674382609917103,
            57.78554607247314,
            46.75157941847752,
            28.543725602037306,
            34.11823005293043,
            43.493032448701264,
            54.93028351258478,
            44.12861166035072,
            53.17067806416077,
            27.889269518853634,
            21.980966353862556,
            35.31858623468341
        ],
        [
            53.454505345592175,
            58.891215631424835,
            26.029989165022727,
            0.0,
            74.70374558526153,
            41.29713661398362,
            42.19816810447602,
            71.51292340815381,
            49.84214295967536,
            29.112847792111975,
            13.375350010038682,
            33.6029874515813,
            80.87488141786868,
            34.797372809666115,
            64.90117728688125,
            10.438133939473406,
            34.42525810448134,
            53.454505345592175
        ],
        [
            25.121515257148328,
            47.00499890470134,
            51.635442945350746,
            74.70374558526153,
            0.0,
            35.987183051195146,
            32.50579893457828,
            33.35409264313867,
            53.22280465269808,
            77.57651268665651,
            85.2181334854506,
            94.11258367467389,
            35.98443564232898,
            94.54925649626094,
            85.26194374209238,
            71.19543703094,
            66.08910649798402,
            25.121515257148328
        ],
        [
            12.233811609666237,
            47.269207939206474,
            25.53547505467412,
            41.29713661398362,
            35.987183051195146,
            0.0,
            10.186080202567851,
            32.42176122174003,
            26.088162277895407,
            53.90205127132899,
            53.52649329138478,
            67.7294220828723,
            56.074458247114826,
            68.5222700826944,
            76.16529346398288,
            35.94465672315748,
            46.95754377261701,
            12.233811609666237
        ],
        [
            15.171583747084645,
            37.132420177445574,
            20.674382609917103,
            42.19816810447602,
            32.50579893457828,
            10.186080202567851,
            0.0,
            38.5712469876203,
            36.27374314468094,
            48.9015969574643,
            52.97887369385426,
            64.1666302388973,
            46.89728901312004,
            64.80126479945133,
            67.50001970955284,
            39.25157930622047,
            40.0716824814913,
            15.171583747084645
        ],
        [
            23.57728942472068,
            71.09630797652153,
            57.78554607247314,
            71.51292340815381,
            33.35409264313867,
            32.42176122174003,
            38.5712469876203,
            0.0,
            29.366148469400176,
            86.27496221225942,
            84.50400169814478,
            100.04311515033991,
            68.06141464962641,
            100.86656133843692,
            105.47468163632168,
            63.90792425449044,
            78.53263907282744,
            23.57728942472068
        ],
        [
            29.704702080139207,
            73.30944352603731,
            46.75157941847752,
            49.84214295967536,
            53.22280465269808,
            26.088162277895407,
            36.27374314468094,
            29.366148469400176,
            0.0,
            72.07911911473529,
            63.19026007190663,
            82.30772838391833,
            80.60529692334245,
            83.36547127584907,
            99.79265109266485,
            40.285946544400915,
            68.59624258602335,
            29.704702080139207
        ],
        [
            63.80790368799052,
            43.781272694270804,
            28.543725602037306,
            29.112847792111975,
            77.57651268665651,
            53.90205127132899,
            48.9015969574643,
            86.27496221225942,
            72.07911911473529,
            0.0,
            23.885470536025206,
            17.173774790746013,
            70.06193621711536,
            17.33434087153609,
            36.53118727372287,
            38.58440028507348,
            13.386273285924524,
            63.80790368799052
        ],
        [
            65.4680693833346,
            62.56519575630301,
            34.11823005293043,
            13.375350010038682,
            85.2181334854506,
            53.52649329138478,
            52.97887369385426,
            84.50400169814478,
            63.19026007190663,
            23.885470536025206,
            0.0,
            21.983873473468112,
            86.85483957421538,
            23.274809507089664,
            60.212738249904824,
            23.244459213485214,
            33.90750271370255,
            65.4680693833346
        ],
        [
            78.57011612815194,
            60.51838841010072,
            43.493032448701264,
            33.6029874515813,
            94.11258367467389,
            67.7294220828723,
            64.1666302388973,
            100.04311515033991,
            82.30772838391833,
            17.173774790746013,
            21.983873473468112,
            0.0,
            87.01213929978962,
            1.314232936907736,
            44.943909289965895,
            44.03690343484336,
            30.42258450183846,
            78.57011612815194
        ],
        [
            51.33185924519212,
            26.71062224023005,
            54.93028351258478,
            80.87488141786868,
            35.98443564232898,
            56.074458247114826,
            46.89728901312004,
            68.06141464962641,
            80.60529692334245,
            70.06193621711536,
            86.85483957421538,
            87.01213929978962,
            0.0,
            86.94294418380672,
            61.677976744477625,
            82.0689046469275,
            56.676676485904295,
            51.33185924519212
        ],
        [
            79.27840819255093,
            60.3921294963282,
            44.12861166035072,
            34.797372809666115,
            94.54925649626094,
            68.5222700826944,
            64.80126479945133,
            100.86656133843692,
            83.36547127584907,
            17.33434087153609,
            23.274809507089664,
            1.314232936907736,
            86.94294418380672,
            0.0,
            44.01242798148216,
            45.23441225095523,
            30.45207035838418,
            79.27840819255093
        ],
        [
            81.95900665760674,
            38.609584599125384,
            53.17067806416077,
            64.90117728688125,
            85.26194374209238,
            76.16529346398288,
            67.50001970955284,
            105.47468163632168,
            99.79265109266485,
            36.53118727372287,
            60.212738249904824,
            44.943909289965895,
            61.677976744477625,
            44.01242798148216,
            0.0,
            73.3544124985212,
            32.22145583942219,
            81.95900665760674
        ],
        [
            48.12740115920149,
            62.49997913843238,
            27.889269518853634,
            10.438133939473406,
            71.19543703094,
            35.94465672315748,
            39.25157930622047,
            63.90792425449044,
            40.285946544400915,
            38.58440028507348,
            23.244459213485214,
            44.03690343484336,
            82.0689046469275,
            45.23441225095523,
            73.3544124985212,
            0.0,
            41.760153675059094,
            48.12740115920149
        ],
        [
            55.242258932219805,
            30.449362619920965,
            21.980966353862556,
            34.42525810448134,
            66.08910649798402,
            46.95754377261701,
            40.0716824814913,
            78.53263907282744,
            68.59624258602335,
            13.386273285924524,
            33.90750271370255,
            30.42258450183846,
            56.676676485904295,
            30.45207035838418,
            32.22145583942219,
            41.760153675059094,
            0.0,
            55.242258932219805
        ],
        [
            0.0,
            48.7530490929158,
            35.31858623468341,
            53.454505345592175,
            25.121515257148328,
            12.233811609666237,
            15.171583747084645,
            23.57728942472068,
            29.704702080139207,
            63.80790368799052,
            65.4680693833346,
            78.57011612815194,
            51.33185924519212,
            79.27840819255093,
            81.95900665760674,
            48.12740115920149,
            55.242258932219805,
            0.0
        ]
    ],
    "scores_ave": [
        0,
        10.767824317223013,
        19.781136140190874,
        12.178873128094462,
        13.297287791813043,
        11.274571772951875,
        12.19716207633736,
        16.68205060361555,
        14.760766584945173,
        12.046655845304356,
        10.808278848996029,
        11.263999752659233,
        13.60410480032896,
        10.591694583469106,
        15.177863671978931,
        16.562930456648083,
        17.796511535325784,
        0
    ],
    "scores_var": [
        0,
        236.68835370491306,
        262.2871822654305,
        16.251863654344,
        18.35970735445858,
        379.6877527882381,
        359.47092800773146,
        236.91634287705264,
        19.388389264182344,
        373.2666276377331,
        22.933804165303236,
        357.06806743295226,
        231.1951595076757,
        16.898983516138653,
        348.49116496035674,
        245.7144463551836,
        342.8842028055368,
        0
    ],
    "vertex_number": 18,
    "minimum_distances": {
        "cost": 412.72810975299734,
        "path": [
            0,
            1,
            12,
            4,
            7,
            8,
            15,
            3,
            10,
            11,
            13,
            9,
            14,
            16,
            2,
            6,
            5,
            17
        ]
    }
}