{
    "vertices": [
        [
            58.98861662661131,
            11.230804458418241
        ],
        [
            48.30022331353291,
            0.46144683881154114
        ],
        [
            3.590414297467903,
            46.024186740909975
        ],
        [
            25.448700200951112,
            59.925380709285434
        ],
        [
            39.691887642861566,
            10.977499987578698
        ],
        [
            20.859393268235838,
            25.28599034007567
        ],
        [
            98.1333399808706,
            85.94718363668315
        ],
        [
            85.89497496801735,
            8.927224017184088
        ],
        [
            65.92054969033777,
            47.9477894090142
        ],
        [
            86.60837470934406,
            79.2763396737321
        ],
        [
            46.79592145195075,
            30.982264447993323
        ],
        [
            59.86719283581567,
            68.36426036032496
        ],
        [
            75.70027391044842,
            39.42390054665948
        ],
        [
            85.01344753621483,
            68.26284768107426
        ],
        [
            49.74998413578584,
            63.2114838570302
        ],
        [
            94.57886536767217,
            96.78714918238063
        ],
        [
            95.02063856681848,
            52.59196064053878
        ],
        [
            98.269496557454,
            12.628146571676846
        ],
        [
            51.03266331210072,
            3.784679829263371
        ],
        [
            85.90609946743325,
            95.47174281509847
        ],
        [
            33.796276270287095,
            81.7739345531055
        ],
        [
            58.98861662661131,
            11.230804458418241
        ]
    ],
    "distances": [
        [
            0.0,
            15.173029201647243,
            65.41819526673233,
            59.12772403950443,
            19.298391451808484,
            40.63724798852437,
            84.3495505855944,
            27.004788502141373,
            37.365608249595965,
            73.43736037799289,
            23.211677822638677,
            57.14021070533867,
            32.7739249436687,
            62.68927961002869,
            52.79529677008945,
            92.66366023407487,
            54.854825182670474,
            39.30572595847539,
            10.89687868775177,
            88.4369073277664,
            74.90652318847039,
            0.0
        ],
        [
            15.173029201647243,
            0.0,
            63.83518065799831,
            63.70362265928801,
            13.590099957198559,
            37.00347434526971,
            98.9502436210011,
            38.53614842191957,
            50.65006053619054,
            87.63162554662786,
            30.557866935106915,
            68.88096157913915,
            47.63229546903785,
            77.10311789414293,
            62.766782235745936,
            106.86605467760573,
            70.00276902145738,
            51.42914398388674,
            4.30233725486516,
            102.18198599951037,
            82.59591477864075,
            15.173029201647243
        ],
        [
            65.41819526673233,
            63.83518065799831,
            0.0,
            25.90420538030092,
            50.31487483929872,
            26.98685651668979,
            102.62655834586542,
            90.27859851868361,
            62.35981097885261,
            89.42979048178313,
            45.74904670856226,
            60.54877944248853,
            72.41129491488032,
            84.40538123964417,
            49.25554861958545,
            104.1910580807639,
            91.66581458722979,
            100.39633517503638,
            63.52120067902897,
            96.02568836884674,
            46.80212138521697,
            65.41819526673233
        ],
        [
            59.12772403950443,
            63.70362265928801,
            25.90420538030092,
            0.0,
            50.9780679866531,
            34.94208212561424,
            77.20227384947272,
            79.08580226063202,
            42.207028969685844,
            64.14799606235778,
            35.96397967486082,
            35.43793624099681,
            54.272749599956576,
            60.14542776154706,
            24.522456540466624,
            78.34391942545514,
            69.95737028997547,
            86.83257878851136,
            61.69536014784884,
            70.13302349838068,
            23.388914709743492,
            59.12772403950443
        ],
        [
            19.298391451808484,
            13.590099957198559,
            50.31487483929872,
            50.9780679866531,
            0.0,
            23.651548375060113,
            95.05712397197057,
            46.24855576048564,
            45.329295303428495,
            82.86065568853714,
            21.228704564276885,
            60.82995319501604,
            45.88901378721719,
            73.04556695331678,
            53.193555774502386,
            101.86204503493353,
            69.23174137808485,
            58.600860917707806,
            13.42943984721158,
            96.30695948664487,
            71.04149055761252,
            19.298391451808484
        ],
        [
            40.63724798852437,
            37.00347434526971,
            26.98685651668979,
            34.94208212561424,
            23.651548375060113,
            0.0,
            98.23972319136233,
            67.06143543524794,
            50.43872475725453,
            85.07576847559739,
            26.55468005714192,
            58.11493590327697,
            56.633935892032376,
            77.21886392538639,
            47.676087288920044,
            102.69847263913955,
            79.02851585526784,
            78.43816099394871,
            37.05040591980554,
            95.69280975000095,
            57.950416592317374,
            40.63724798852437
        ],
        [
            84.3495505855944,
            98.9502436210011,
            102.62655834586542,
            77.20227384947272,
            95.05712397197057,
            98.23972319136233,
            0.0,
            77.98622800198184,
            49.815839047150924,
            13.316342729440892,
            75.21085614878139,
            42.11243531629694,
            51.649378726122244,
            22.019702903313135,
            53.458967136511426,
            11.40785443489619,
            33.500146435733086,
            73.31916348918006,
            94.70560054484778,
            15.499117333467064,
            64.47227136384495,
            84.3495505855944
        ],
        [
            27.004788502141373,
            38.53614842191957,
            90.27859851868361,
            79.08580226063202,
            46.24855576048564,
            67.06143543524794,
            77.98622800198184,
            0.0,
            43.835855058065135,
            70.35273280299276,
            44.89054236982296,
            64.88610584691615,
            32.15554709527817,
            59.34217156622956,
            65.21687840292596,
            88.28803091306972,
            44.60814903697997,
            12.916098959120244,
            35.23955922991912,
            86.54451951289026,
            89.5595759363632,
            27.004788502141373
        ],
        [
            37.365608249595965,
            50.65006053619054,
            62.35981097885261,
            42.207028969685844,
            45.329295303428495,
            50.43872475725453,
            49.815839047150924,
            43.835855058065135,
            0.0,
            37.54283108272442,
            25.565219390013702,
            21.294962205035862,
            12.97303692892276,
            27.87903048440338,
            22.23662651025231,
            56.626690884547315,
            29.468347409496804,
            47.89500530920302,
            46.60503630042976,
            51.55529407574386,
            46.6495127313813,
            37.365608249595965
        ],
        [
            73.43736037799289,
            87.63162554662786,
            89.42979048178313,
            64.14799606235778,
            82.86065568853714,
            85.07576847559739,
            13.316342729440892,
            70.35273280299276,
            37.54283108272442,
            0.0,
            62.58873010599786,
            28.881902342733785,
            41.318319997501064,
            11.128378074091671,
            40.207220098937285,
            19.239469093056375,
            27.978961160037684,
            67.66064887750716,
            83.45431053871886,
            16.210622240579806,
            52.87112370394747,
            73.43736037799289
        ],
        [
            23.211677822638677,
            30.557866935106915,
            45.74904670856226,
            35.96397967486082,
            21.228704564276885,
            26.55468005714192,
            75.21085614878139,
            44.89054236982296,
            25.565219390013702,
            62.58873010599786,
            0.0,
            39.60141100996561,
            30.111838387374554,
            53.38933588461352,
            32.364317852472446,
            81.32338276387044,
            52.84507839281848,
            54.64798786011801,
            27.52559882513954,
            75.42213762857727,
            52.428852046518216,
            23.211677822638677
        ],
        [
            57.14021070533867,
            68.88096157913915,
            60.54877944248853,
            35.43793624099681,
            60.82995319501604,
            58.11493590327697,
            42.11243531629694,
            64.88610584691615,
            21.294962205035862,
            28.881902342733785,
            39.60141100996561,
            0.0,
            32.988344645652006,
            25.146459193867816,
            11.35381070710913,
            44.863802992499174,
            38.5296014151889,
            67.68494154086335,
            65.18106422476745,
            37.58776747302174,
            29.31743598139641,
            57.14021070533867
        ],
        [
            32.7739249436687,
            47.63229546903785,
            72.41129491488032,
            54.272749599956576,
            45.88901378721719,
            56.633935892032376,
            51.649378726122244,
            32.15554709527817,
            12.97303692892276,
            41.318319997501064,
            30.111838387374554,
            32.988344645652006,
            0.0,
            30.305446289491293,
            35.203219442783706,
            60.389928874377105,
            23.381067064852488,
            35.0340154989106,
            43.34333934960471,
            56.96946110195725,
            59.577431956855776,
            32.7739249436687
        ],
        [
            62.68927961002869,
            77.10311789414293,
            84.40538123964417,
            60.14542776154706,
            73.04556695331678,
            77.21886392538639,
            22.019702903313135,
            59.34217156622956,
            27.87903048440338,
            11.128378074091671,
            53.38933588461352,
            25.146459193867816,
            30.305446289491293,
            0.0,
            35.623421052395514,
            30.085428273963306,
            18.59356267529752,
            57.192156832781556,
            72.8843455483556,
            27.223533971265265,
            52.969312823057734,
            62.68927961002869
        ],
        [
            52.79529677008945,
            62.766782235745936,
            49.25554861958545,
            24.522456540466624,
            53.193555774502386,
            47.676087288920044,
            53.458967136511426,
            65.21687840292596,
            22.23662651025231,
            40.207220098937285,
            32.364317852472446,
            11.35381070710913,
            35.203219442783706,
            35.623421052395514,
            0.0,
            56.00851626799722,
            46.49953145957038,
            70.09149089982486,
            59.440645208678184,
            48.45605208760834,
            24.476220510975605,
            52.79529677008945
        ],
        [
            92.66366023407487,
            106.86605467760573,
            104.1910580807639,
            78.34391942545514,
            101.86204503493353,
            102.69847263913955,
            11.40785443489619,
            88.28803091306972,
            56.626690884547315,
            19.239469093056375,
            81.32338276387044,
            44.863802992499174,
            60.389928874377105,
            30.085428273963306,
            56.00851626799722,
            0.0,
            44.197396459615504,
            84.23988650875211,
            102.69240974503506,
            8.77195316172136,
            62.609262500737344,
            92.66366023407487
        ],
        [
            54.854825182670474,
            70.00276902145738,
            91.66581458722979,
            69.95737028997547,
            69.23174137808485,
            79.02851585526784,
            33.500146435733086,
            44.60814903697997,
            29.468347409496804,
            27.978961160037684,
            52.84507839281848,
            38.5296014151889,
            23.381067064852488,
            18.59356267529752,
            46.49953145957038,
            44.197396459615504,
            0.0,
            40.09565454228031,
            65.70458604390073,
            43.83777528949101,
            67.82337458465672,
            54.854825182670474
        ],
        [
            39.30572595847539,
            51.42914398388674,
            100.39633517503638,
            86.83257878851136,
            58.600860917707806,
            78.43816099394871,
            73.31916348918006,
            12.916098959120244,
            47.89500530920302,
            67.66064887750716,
            54.64798786011801,
            67.68494154086335,
            35.0340154989106,
            57.192156832781556,
            70.09149089982486,
            84.23988650875211,
            40.09565454228031,
            0.0,
            48.05752094182019,
            83.76105912742862,
            94.54065860660288,
            39.30572595847539
        ],
        [
            10.89687868775177,
            4.30233725486516,
            63.52120067902897,
            61.69536014784884,
            13.42943984721158,
            37.05040591980554,
            94.70560054484778,
            35.23955922991912,
            46.60503630042976,
            83.45431053871886,
            27.52559882513954,
            65.18106422476745,
            43.34333934960471,
            72.8843455483556,
            59.440645208678184,
            102.69240974503506,
            65.70458604390073,
            48.05752094182019,
            0.0,
            98.09522958966224,
            79.87125196612067,
            10.89687868775177
        ],
        [
            88.4369073277664,
            102.18198599951037,
            96.02568836884674,
            70.13302349838068,
            96.30695948664487,
            95.69280975000095,
            15.499117333467064,
            86.54451951289026,
            51.55529407574386,
            16.210622240579806,
            75.42213762857727,
            37.58776747302174,
            56.96946110195725,
            27.223533971265265,
            48.45605208760834,
            8.77195316172136,
            43.83777528949101,
            83.76105912742862,
            98.09522958966224,
            0.0,
            53.88008560516728,
            88.4369073277664
        ],
        [
            74.90652318847039,
            82.59591477864075,
            46.80212138521697,
            23.388914709743492,
            71.04149055761252,
            57.950416592317374,
            64.47227136384495,
            89.5595759363632,
            46.6495127313813,
            52.87112370394747,
            52.428852046518216,
            29.31743598139641,
            59.577431956855776,
            52.969312823057734,
            24.476220510975605,
            62.609262500737344,
            67.82337458465672,
            94.54065860660288,
            79.87125196612067,
            53.88008560516728,
            0.0,
            74.90652318847039
        ],
        [
            0.0,
            15.173029201647243,
            65.41819526673233,
            59.12772403950443,
            19.298391451808484,
            40.63724798852437,
            84.3495505855944,
            27.004788502141373,
            37.365608249595965,
            73.43736037799289,
            23.211677822638677,
            57.14021070533867,
            32.7739249436687,
            62.68927961002869,
            52.79529677008945,
            92.66366023407487,
            54.854825182670474,
            39.30572595847539,
            10.89687868775177,
            88.4369073277664,
            74.90652318847039,
            0.0
        ]
    ],
    "scores_ave": [
        0,
        16.812511103285573,
        11.729018115717466,
        12.954391135136868,
        13.604616362449958,
        12.053904730832933,
        11.509321903135316,
        19.342774108406772,
        13.739598915868338,
        11.091925522398535,
        13.010203820074064,
        11.43309007890773,
        11.178670664799398,
        19.65058355733351,
        11.545700422311484,
        17.03912084602654,
        10.827024574516704,
        17.927079447307783,
        13.105084707670864,
        16.951086779563663,
        19.280273820792942,
        0
    ],
    "scores_var": [
        0,
        320.4549331908646,
        358.02537384875166,
        21.639965746014347,
        17.61564774491552,
        369.3209464138039,
        246.98673735256946,
        250.14575294673133,
        237.83594795486542,
        285.3491301110039,
        372.08208116837244,
        21.121546800513944,
        257.50686705960055,
        18.217346431572693,
        317.5147378648514,
        343.50686218217794,
        16.540222828476853,
        22.90610800601899,
        375.28829380862476,
        17.074096259311773,
        311.60239998915546,
        0
    ],
    "vertex_number": 22,
    "minimum_distances": {
        "cost": 438.02590802770743,
        "path": [
            0,
            18,
            1,
            4,
            5,
            2,
            3,
            20,
            19,
            15,
            6,
            9,
            13,
            11,
            14,
            10,
            8,
            12,
            16,
            17,
            7,
            21
        ]
    }
}