{
    "vertices": [
        [
            96.39888204414365,
            76.77852385069674
        ],
        [
            60.197073081267014,
            75.00749972697581
        ],
        [
            56.78083954853551,
            10.734369074545679
        ],
        [
            31.903115471309984,
            14.664479468865988
        ],
        [
            29.412425284319767,
            32.85065642472937
        ],
        [
            76.72426775098266,
            95.67171226559587
        ],
        [
            26.84783630271038,
            72.40941313325962
        ],
        [
            85.4777851735516,
            41.25762201877007
        ],
        [
            40.61603090485847,
            78.24390912688311
        ],
        [
            46.58242230217227,
            65.72421605516261
        ],
        [
            91.79653785575177,
            62.0048670637903
        ],
        [
            96.39888204414365,
            76.77852385069674
        ]
    ],
    "distances": [
        [
            0.0,
            36.24510309864515,
            77.01571054843296,
            89.54249502490697,
            80.10519911859105,
            27.277151905313232,
            69.68814168987552,
            37.1618732548593,
            55.802095258469585,
            51.028201830574645,
            15.473929910844605,
            0.0
        ],
        [
            36.24510309864515,
            0.0,
            64.36385612604727,
            66.64704142799361,
            52.20051702035382,
            26.460495904119785,
            33.450286211939684,
            42.16833704584313,
            19.846701451830693,
            16.478412289054386,
            34.170083848413974,
            36.24510309864515
        ],
        [
            77.01571054843296,
            64.36385612604727,
            0.0,
            25.186244717585655,
            35.187501552307225,
            87.24730710354562,
            68.55505629024663,
            41.89491208371528,
            69.41785819632328,
            55.92755121836271,
            62.08673845522185,
            77.01571054843296
        ],
        [
            89.54249502490697,
            66.64704142799361,
            25.186244717585655,
            0.0,
            18.355940996787545,
            92.58027574522121,
            57.965793459398945,
            59.81170842221282,
            64.17366103777245,
            53.12794697046553,
            76.34352849167253,
            89.54249502490697
        ],
        [
            80.10519911859105,
            52.20051702035382,
            35.187501552307225,
            18.355940996787545,
            0.0,
            78.64410654684553,
            39.64180052632926,
            56.692165684585284,
            46.75540792017704,
            37.08746041950991,
            68.86033327912256,
            80.10519911859105
        ],
        [
            27.277151905313232,
            26.460495904119785,
            87.24730710354562,
            92.58027574522121,
            78.64410654684553,
            0.0,
            55.034470788193254,
            55.11367602199041,
            40.09405305500464,
            42.48980320422638,
            36.88671565690629,
            27.277151905313232
        ],
        [
            69.68814168987552,
            33.450286211939684,
            68.55505629024663,
            57.965793459398945,
            39.64180052632926,
            55.034470788193254,
            0.0,
            66.3920552042053,
            14.953411854898814,
            20.836164343351534,
            65.77680755659817,
            69.68814168987552
        ],
        [
            37.1618732548593,
            42.16833704584313,
            41.89491208371528,
            59.81170842221282,
            56.692165684585284,
            55.11367602199041,
            66.3920552042053,
            0.0,
            58.14260425977129,
            45.95066350595944,
            21.688126069739827,
            37.1618732548593
        ],
        [
            55.802095258469585,
            19.846701451830693,
            69.41785819632328,
            64.17366103777245,
            46.75540792017704,
            40.09405305500464,
            14.953411854898814,
            58.14260425977129,
            0.0,
            13.868689228475283,
            53.694979084429626,
            55.802095258469585
        ],
        [
            51.028201830574645,
            16.478412289054386,
            55.92755121836271,
            53.12794697046553,
            37.08746041950991,
            42.48980320422638,
            20.836164343351534,
            45.95066350595944,
            13.868689228475283,
            0.0,
            45.366835929035894,
            51.028201830574645
        ],
        [
            15.473929910844605,
            34.170083848413974,
            62.08673845522185,
            76.34352849167253,
            68.86033327912256,
            36.88671565690629,
            65.77680755659817,
            21.688126069739827,
            53.694979084429626,
            45.366835929035894,
            0.0,
            15.473929910844605
        ],
        [
            0.0,
            36.24510309864515,
            77.01571054843296,
            89.54249502490697,
            80.10519911859105,
            27.277151905313232,
            69.68814168987552,
            37.1618732548593,
            55.802095258469585,
            51.028201830574645,
            15.473929910844605,
            0.0
        ]
    ],
    "scores_ave": [
        0,
        17.913629156656675,
        12.58046606195678,
        13.303008896496081,
        12.161665082541091,
        19.01197294655201,
        10.059923053182354,
        10.089898504513098,
        19.468476024518736,
        10.617990144374506,
        18.138743025788827,
        0
    ],
    "scores_var": [
        0,
        20.63669101744385,
        262.1976166037809,
        19.2259898743895,
        288.0836908962958,
        20.487567175870037,
        269.52507229836414,
        318.1868690265778,
        288.04137666078003,
        20.69821171269824,
        19.042039157910928,
        0
    ],
    "vertex_number": 12,
    "minimum_distances": {
        "cost": 261.2791154868637,
        "path": [
            0,
            10,
            7,
            2,
            3,
            4,
            6,
            8,
            9,
            1,
            5,
            11
        ]
    }
}