{
    "vertices": [
        [
            63.02230398197403,
            26.35522546435717
        ],
        [
            46.7092171710407,
            45.64882372598754
        ],
        [
            31.456900820046542,
            86.20244905942364
        ],
        [
            11.391292753186487,
            94.39644964235762
        ],
        [
            33.63224997887746,
            32.789316315489316
        ],
        [
            31.14488118398272,
            86.22002434537477
        ],
        [
            42.28380328209658,
            30.94456437969
        ],
        [
            6.256169114391719,
            66.88694394094176
        ],
        [
            98.46029205475013,
            64.95558918393203
        ],
        [
            81.71651175497911,
            27.190213111950467
        ],
        [
            43.013094807340394,
            42.59634838211345
        ],
        [
            56.858390218440746,
            12.272994366038304
        ],
        [
            97.99407684166529,
            65.7770427576488
        ],
        [
            12.419653381985663,
            45.8427896404184
        ],
        [
            5.503931307298471,
            43.08791455278897
        ],
        [
            62.40004434020722,
            73.17074348312252
        ],
        [
            97.53265422046053,
            48.02447507325657
        ],
        [
            74.14647675743429,
            50.968637087447064
        ],
        [
            91.79219323202157,
            44.674703095188015
        ],
        [
            2.0645785791920224,
            10.05862498042831
        ],
        [
            82.90062268522018,
            57.00102323217953
        ],
        [
            55.94917880059938,
            27.63185822882551
        ],
        [
            62.75877768754074,
            25.390852776013418
        ],
        [
            53.81394655585314,
            16.476618962457824
        ],
        [
            63.02230398197403,
            26.35522546435717
        ]
    ],
    "distances": [
        [
            0.0,
            25.26578190324284,
            67.66139851357569,
            85.41293525074582,
            30.086089798868095,
            67.82303612568948,
            21.240231706801264,
            69.75108795187107,
            52.40075455496507,
            18.71284608582877,
            25.770962834630584,
            15.37215227581141,
            52.6982407263801,
            54.225394468464756,
            59.90280527047951,
            46.81965329247019,
            40.749486526774696,
            27.010502617795694,
            34.107327484376626,
            63.09852196061144,
            36.52824215992459,
            7.187411985319212,
            0.9997303585872998,
            13.504840351020949,
            0.0
        ],
        [
            25.26578190324284,
            0.0,
            43.3270086869093,
            60.19706652045114,
            18.340501677587024,
            43.45423885441551,
            15.35576539973303,
            45.68924214011871,
            55.23517850127199,
            39.5756361905565,
            4.79363392974524,
            34.88483479981697,
            55.093393731210526,
            34.290112388553574,
            41.28478943758933,
            31.68056382659297,
            50.87892955674403,
            27.948231210792393,
            45.09349888307985,
            57.094710803586615,
            37.93007074499291,
            20.248158845723324,
            25.845188716331567,
            30.024901505196038,
            25.26578190324284
        ],
        [
            67.66139851357569,
            43.3270086869093,
            0.0,
            21.674184474760793,
            53.457411960213484,
            0.3125142300210736,
            56.30857515691093,
            31.751623840088808,
            70.29141833481188,
            77.51433727286222,
            45.11139141892743,
            78.17160568210204,
            69.60167394197111,
            44.624196333783466,
            50.32315284492241,
            33.57534037261066,
            76.31227217899341,
            55.351796716914215,
            73.24548583570609,
            81.619792649107,
            59.153865382453105,
            63.485319491375485,
            68.39486631293492,
            73.22246155889525,
            67.66139851357569
        ],
        [
            85.41293525074582,
            60.19706652045114,
            21.674184474760793,
            0.0,
            65.4988477384873,
            21.37891920866038,
            70.5725793078697,
            27.984681501170254,
            91.91177783020072,
            97.27442961144068,
            60.689281225959846,
            93.8696908402097,
            91.20916983674502,
            48.56454905758702,
            51.645201111352314,
            55.2487406229733,
            97.82992477188624,
            76.3163679868968,
            94.53336383260947,
            84.85196677738072,
            80.69697753774608,
            80.26777607253186,
            86.02552474330817,
            88.71967971563673,
            85.41293525074582
        ],
        [
            30.086089798868095,
            18.340501677587024,
            53.457411960213484,
            65.4988477384873,
            0.0,
            53.488574145294635,
            8.846043424213843,
            43.7275429584476,
            72.36949737035785,
            48.409153961172976,
            13.571224250283898,
            30.98988636251166,
            72.3231280638374,
            24.90717607893558,
            29.954355892644575,
            49.58069838667686,
            65.69148898154235,
            44.40597116598246,
            59.36195261370687,
            38.89989982208612,
            54.896077281995304,
            22.905123574202698,
            30.05148713638785,
            25.950047623399705,
            30.086089798868095
        ],
        [
            67.82303612568948,
            43.45423885441551,
            0.3125142300210736,
            21.37891920866038,
            53.488574145294635,
            0.0,
            56.38663015224326,
            31.515329387573853,
            70.59419766124857,
            77.73035721558882,
            45.20928664729489,
            78.29015129395293,
            69.90515328840378,
            44.50792332445782,
            50.17805502147636,
            33.86988271228815,
            76.59135977994971,
            55.60393444236727,
            73.51265317231733,
            81.52436907338237,
            59.434054248350066,
            63.62253051517258,
            68.55382240220072,
            73.33504700509862,
            67.82303612568948
        ],
        [
            21.240231706801264,
            15.35576539973303,
            56.30857515691093,
            70.5725793078697,
            8.846043424213843,
            56.38663015224326,
            0.0,
            50.8905204556513,
            65.66999085624145,
            39.61102941036649,
            11.674585070482093,
            23.686411951575764,
            65.70339511800702,
            33.37401032503737,
            38.73267271837875,
            46.7729981504626,
            57.828702901844245,
            37.63234577861883,
            51.377012219285895,
            45.31896402492404,
            48.25624380696697,
            14.061170296375442,
            21.21481297302443,
            18.500422927851226,
            21.240231706801264
        ],
        [
            69.75108795187107,
            45.68924214011871,
            31.751623840088808,
            27.984681501170254,
            43.7275429584476,
            31.515329387573853,
            50.8905204556513,
            0.0,
            92.22434829478684,
            85.26484474825624,
            44.05796884786588,
            74.45312799898446,
            91.7446216124653,
            21.92817750158717,
            23.8109147564007,
            56.494432133248765,
            93.20509355771708,
            69.73153063678568,
            88.37304490194693,
            56.982692697806314,
            77.27938723508885,
            63.327379275784985,
            70.10328350040773,
            69.30326875124968,
            69.75108795187107
        ],
        [
            52.40075455496507,
            55.23517850127199,
            70.29141833481188,
            91.91177783020072,
            72.36949737035785,
            70.59419766124857,
            65.66999085624145,
            92.22434829478684,
            0.0,
            41.31074688970411,
            59.78567831702565,
            67.1280420773933,
            0.9445330056084791,
            88.13790676892518,
            95.49387518152098,
            36.98418885677642,
            16.95650721641457,
            28.049892036536527,
            21.34895506703512,
            110.93155662489671,
            17.475080267909174,
            56.57080203175847,
            53.29133602322369,
            65.9052859802722,
            52.40075455496507
        ],
        [
            18.71284608582877,
            39.5756361905565,
            77.51433727286222,
            97.27442961144068,
            48.409153961172976,
            77.73035721558882,
            39.61102941036649,
            85.26484474825624,
            41.31074688970411,
            0.0,
            41.65697405459652,
            28.990509161425667,
            41.87961971242633,
            71.76331368824229,
            77.85303031736294,
            49.873190058389284,
            26.157538759614425,
            24.954335828118626,
            20.17985994006774,
            81.47344211795745,
            29.83431780214637,
            25.77111751537219,
            19.04293513590425,
            29.888697601125386,
            18.71284608582877
        ],
        [
            25.770962834630584,
            4.79363392974524,
            45.11139141892743,
            60.689281225959846,
            13.571224250283898,
            45.20928664729489,
            11.674585070482093,
            44.05796884786588,
            59.78567831702565,
            41.65697405459652,
            0.0,
            33.334636698258116,
            59.6678554767199,
            30.765208256896877,
            37.512384405327126,
            36.202865190237816,
            54.78911313368593,
            32.23945858441002,
            48.82335508174437,
            52.30185871889736,
            42.408837967395,
            19.78075414711236,
            26.190094911186645,
            28.264795478640462,
            25.770962834630584
        ],
        [
            15.37215227581141,
            34.88483479981697,
            78.17160568210204,
            93.8696908402097,
            30.98988636251166,
            78.29015129395293,
            23.686411951575764,
            74.45312799898446,
            67.1280420773933,
            28.990509161425667,
            33.334636698258116,
            0.0,
            67.48946516498656,
            55.69319964217806,
            59.89023089095595,
            61.1493726699843,
            54.153154339009674,
            42.381961986234714,
            47.64704945282893,
            54.83853777895063,
            51.757071382605716,
            15.38575199845506,
            14.383767988592805,
            5.19028871666047,
            15.37215227581141
        ],
        [
            52.6982407263801,
            55.093393731210526,
            69.60167394197111,
            91.20916983674502,
            72.3231280638374,
            69.90515328840378,
            65.70339511800702,
            91.7446216124653,
            0.9445330056084791,
            41.87961971242633,
            59.6678554767199,
            67.48946516498656,
            0.0,
            87.86555865524544,
            95.23247114122852,
            36.35384381510055,
            17.758563292797277,
            28.071282626033987,
            21.994819834166247,
            110.93696731246418,
            17.459406550170254,
            56.769961722918296,
            53.59636785933723,
            66.19981645334653,
            52.6982407263801
        ],
        [
            54.225394468464756,
            34.290112388553574,
            44.624196333783466,
            48.56454905758702,
            24.90717607893558,
            44.50792332445782,
            33.37401032503737,
            21.92817750158717,
            88.13790676892518,
            71.76331368824229,
            30.765208256896877,
            55.69319964217806,
            87.86555865524544,
            0.0,
            7.4442292121318365,
            56.96364227790953,
            85.14095761182206,
            61.93928507880956,
            79.381134461676,
            37.2523021380523,
            71.3587640785054,
            47.1853537238779,
            54.33515581422155,
            50.75292590236747,
            54.225394468464756
        ],
        [
            59.90280527047951,
            41.28478943758933,
            50.32315284492241,
            51.645201111352314,
            29.954355892644575,
            50.17805502147636,
            38.73267271837875,
            23.8109147564007,
            95.49387518152098,
            77.85303031736294,
            37.512384405327126,
            59.89023089095595,
            95.23247114122852,
            7.4442292121318365,
            0.0,
            64.35949249881669,
            92.1610301092593,
            69.09345000462945,
            86.30285072851248,
            33.20787733118735,
            78.63728396488395,
            52.75995329556227,
            59.927484759133286,
            55.15449778858985,
            59.90280527047951
        ],
        [
            46.81965329247019,
            31.68056382659297,
            33.57534037261066,
            55.2487406229733,
            49.58069838667686,
            33.86988271228815,
            46.7729981504626,
            56.494432133248765,
            36.98418885677642,
            49.873190058389284,
            36.202865190237816,
            61.1493726699843,
            36.35384381510055,
            56.96364227790953,
            64.35949249881669,
            0.0,
            43.204572581372624,
            25.11796574042922,
            40.93803530055367,
            87.31270199974774,
            26.1100280634428,
            45.99351841742627,
            47.78123738035444,
            57.34060367947938,
            46.81965329247019
        ],
        [
            40.749486526774696,
            50.87892955674403,
            76.31227217899341,
            97.82992477188624,
            65.69148898154235,
            76.59135977994971,
            57.828702901844245,
            93.20509355771708,
            16.95650721641457,
            26.157538759614425,
            54.78911313368593,
            54.153154339009674,
            17.758563292797277,
            85.14095761182206,
            92.1610301092593,
            43.204572581372624,
            0.0,
            23.57077398597591,
            6.646342201906462,
            102.74025131329043,
            17.166093431463405,
            46.31462241838931,
            41.491003210587856,
            53.91282430972303,
            40.749486526774696
        ],
        [
            27.010502617795694,
            27.948231210792393,
            55.351796716914215,
            76.3163679868968,
            44.40597116598246,
            55.60393444236727,
            37.63234577861883,
            69.73153063678568,
            28.049892036536527,
            24.954335828118626,
            32.23945858441002,
            42.381961986234714,
            28.071282626033987,
            61.93928507880956,
            69.09345000462945,
            25.11796574042922,
            23.57077398597591,
            0.0,
            18.734591402014487,
            82.88201937437883,
            10.631310056814758,
            29.59302114394598,
            27.99826316735871,
            40.03886984834607,
            27.010502617795694
        ],
        [
            34.107327484376626,
            45.09349888307985,
            73.24548583570609,
            94.53336383260947,
            59.36195261370687,
            73.51265317231733,
            51.377012219285895,
            88.37304490194693,
            21.34895506703512,
            20.17985994006774,
            48.82335508174437,
            47.64704945282893,
            21.994819834166247,
            79.381134461676,
            86.30285072851248,
            40.93803530055367,
            6.646342201906462,
            18.734591402014487,
            0.0,
            96.17337310988847,
            15.198624770299068,
            39.68854047039319,
            34.85406864787569,
            47.30199963376209,
            34.107327484376626
        ],
        [
            63.09852196061144,
            57.094710803586615,
            81.619792649107,
            84.85196677738072,
            38.89989982208612,
            81.52436907338237,
            45.31896402492404,
            56.982692697806314,
            110.93155662489671,
            81.47344211795745,
            52.30185871889736,
            54.83853777895063,
            110.93696731246418,
            37.2523021380523,
            33.20787733118735,
            87.31270199974774,
            102.74025131329043,
            82.88201937437883,
            96.17337310988847,
            0.0,
            93.47756297817004,
            56.67776166913674,
            62.6008227947492,
            52.14583140326029,
            63.09852196061144
        ],
        [
            36.52824215992459,
            37.93007074499291,
            59.153865382453105,
            80.69697753774608,
            54.896077281995304,
            59.434054248350066,
            48.25624380696697,
            77.27938723508885,
            17.475080267909174,
            29.83431780214637,
            42.408837967395,
            51.757071382605716,
            17.459406550170254,
            71.3587640785054,
            78.63728396488395,
            26.1100280634428,
            17.166093431463405,
            10.631310056814758,
            15.198624770299068,
            93.47756297817004,
            0.0,
            39.861361999561666,
            37.481952939760504,
            49.88248259329651,
            36.52824215992459
        ],
        [
            7.187411985319212,
            20.248158845723324,
            63.485319491375485,
            80.26777607253186,
            22.905123574202698,
            63.62253051517258,
            14.061170296375442,
            63.327379275784985,
            56.57080203175847,
            25.77111751537219,
            19.78075414711236,
            15.38575199845506,
            56.769961722918296,
            47.1853537238779,
            52.75995329556227,
            45.99351841742627,
            46.31462241838931,
            29.59302114394598,
            39.68854047039319,
            56.67776166913674,
            39.861361999561666,
            0.0,
            7.16887316393355,
            11.357754171882553,
            7.187411985319212
        ],
        [
            0.9997303585872998,
            25.845188716331567,
            68.39486631293492,
            86.02552474330817,
            30.05148713638785,
            68.55382240220072,
            21.21481297302443,
            70.10328350040773,
            53.29133602322369,
            19.04293513590425,
            26.190094911186645,
            14.383767988592805,
            53.59636785933723,
            54.33515581422155,
            59.927484759133286,
            47.78123738035444,
            41.491003210587856,
            27.99826316735871,
            34.85406864787569,
            62.6008227947492,
            37.481952939760504,
            7.16887316393355,
            0.0,
            12.628284462156591,
            0.9997303585872998
        ],
        [
            13.504840351020949,
            30.024901505196038,
            73.22246155889525,
            88.71967971563673,
            25.950047623399705,
            73.33504700509862,
            18.500422927851226,
            69.30326875124968,
            65.9052859802722,
            29.888697601125386,
            28.264795478640462,
            5.19028871666047,
            66.19981645334653,
            50.75292590236747,
            55.15449778858985,
            57.34060367947938,
            53.91282430972303,
            40.03886984834607,
            47.30199963376209,
            52.14583140326029,
            49.88248259329651,
            11.357754171882553,
            12.628284462156591,
            0.0,
            13.504840351020949
        ],
        [
            0.0,
            25.26578190324284,
            67.66139851357569,
            85.41293525074582,
            30.086089798868095,
            67.82303612568948,
            21.240231706801264,
            69.75108795187107,
            52.40075455496507,
            18.71284608582877,
            25.770962834630584,
            15.37215227581141,
            52.6982407263801,
            54.225394468464756,
            59.90280527047951,
            46.81965329247019,
            40.749486526774696,
            27.010502617795694,
            34.107327484376626,
            63.09852196061144,
            36.52824215992459,
            7.187411985319212,
            0.9997303585872998,
            13.504840351020949,
            0.0
        ]
    ],
    "scores_ave": [
        0,
        18.050705652053715,
        18.51536225666755,
        19.172292222038106,
        10.818437143634412,
        16.24451460480401,
        15.15764029726113,
        16.97032133250285,
        13.46157723637458,
        12.718506114850292,
        18.739819556184543,
        18.249598407307833,
        15.152186634009585,
        14.612547026020506,
        16.80976464515864,
        19.5315936278187,
        10.291552818903218,
        19.78062630958863,
        11.30359298568144,
        13.588149698288131,
        10.776223368134394,
        10.288737257828958,
        11.5853185095314,
        19.90021732339551,
        0
    ],
    "scores_var": [
        0,
        22.96480282875983,
        379.4584136423836,
        253.15293346159305,
        17.803195526451663,
        23.84673359631762,
        350.5879121017904,
        394.189826766721,
        18.852195143923314,
        299.70215742130455,
        24.031179256491,
        302.10509175794596,
        24.522229218039982,
        337.35135659771515,
        16.635530857862925,
        374.2228734645546,
        21.365566343808133,
        23.3602230095062,
        18.13314903295446,
        293.6940470041677,
        18.698511878457346,
        24.590869187565538,
        21.222410926363366,
        346.68350444523696,
        0
    ],
    "vertex_number": 25,
    "minimum_distances": {
        "cost": 378.87437248258266,
        "path": [
            0,
            9,
            18,
            16,
            8,
            12,
            20,
            17,
            15,
            2,
            5,
            3,
            7,
            13,
            14,
            19,
            4,
            6,
            10,
            1,
            21,
            23,
            11,
            22,
            24
        ]
    }
}