{
    "vertices": [
        [
            97.05548842005247,
            73.63925341588194
        ],
        [
            12.368277814052442,
            78.49469542196607
        ],
        [
            47.30677510577671,
            26.973629089691407
        ],
        [
            56.40137588672701,
            25.10985218239159
        ],
        [
            77.69280447935752,
            62.88496446313609
        ],
        [
            43.340972447947244,
            47.506494937028876
        ],
        [
            95.6172637162384,
            17.884326424572183
        ],
        [
            36.8022996489918,
            8.921063957143149
        ],
        [
            35.08420840574041,
            33.7767465228364
        ],
        [
            93.48240253716631,
            75.6987757335921
        ],
        [
            31.52975230216859,
            31.238870956765464
        ],
        [
            10.465968126818781,
            72.22192183442135
        ],
        [
            73.42463479506941,
            5.5001345612214365
        ],
        [
            1.3129987381794272,
            57.7612848433428
        ],
        [
            3.4800998724707877,
            71.85229123917601
        ],
        [
            69.29427620520407,
            78.11153400289072
        ],
        [
            46.677469454333874,
            49.72236248524899
        ],
        [
            64.04397570569816,
            42.47162570399389
        ],
        [
            63.175174740984396,
            24.193050166640408
        ],
        [
            94.27371056198392,
            62.81449025007944
        ],
        [
            60.59600215088151,
            73.78458053494973
        ],
        [
            70.83849978188763,
            35.87311730002843
        ],
        [
            97.05548842005247,
            73.63925341588194
        ]
    ],
    "distances": [
        [
            0.0,
            84.82628694749906,
            68.2100796816654,
            63.30765869903407,
            22.14877559293961,
            59.73416352332737,
            55.773473749668334,
            88.42449210427098,
            73.68486277662717,
            4.124145354328168,
            78.04751454383351,
            86.60111923886512,
            72.1204323429562,
            97.05016340261416,
            93.5924493517071,
            28.11914289744237,
            55.767037456709986,
            45.400231154442686,
            59.93999224855932,
            11.176483599386483,
            36.45977590418518,
            45.97403104334923,
            0.0
        ],
        [
            84.82628694749906,
            0.0,
            62.25045276155403,
            69.2015549940297,
            67.16366193599936,
            43.812970478833755,
            102.97577619878668,
            73.73948479772076,
            50.156838580512215,
            81.16229664382784,
            50.99289215610914,
            6.5548814349873386,
            95.16346275249936,
            23.496670182542953,
            11.096001101692698,
            56.92728788114243,
            44.77686650080432,
            62.99237497105917,
            74.36403332780654,
            83.39285789477648,
            48.45718292428965,
            72.3558275370571,
            84.82628694749906
        ],
        [
            68.2100796816654,
            62.25045276155403,
            0.0,
            9.283610705164554,
            47.041840837664246,
            20.9123449336894,
            49.15809936032609,
            20.886337938640505,
            13.98833598202436,
            67.12919248845563,
            16.343400402921418,
            58.34940492561699,
            33.81203279919458,
            55.34715179083648,
            62.728556322724764,
            55.66449068758946,
            22.757436074942515,
            22.81056296935571,
            16.11017461512987,
            59.080118101318526,
            48.660751439601476,
            25.158357590236598,
            68.2100796816654
        ],
        [
            63.30765869903407,
            69.2015549940297,
            9.283610705164554,
            0.0,
            43.36224209306915,
            25.926506603523297,
            39.87598375882069,
            25.420477052457134,
            23.011664149314946,
            62.72353404839207,
            25.615669635373386,
            65.7997628640616,
            25.96791037111939,
            64.0378431216515,
            70.60819402841497,
            54.54727449124854,
            26.463749162093386,
            18.96946261253461,
            6.835559732313376,
            53.44112148495765,
            48.855133503975416,
            18.007732293566445,
            63.30765869903407
        ],
        [
            22.14877559293961,
            67.16366193599936,
            47.041840837664246,
            43.36224209306915,
            0.0,
            37.63702550520741,
            48.43907165514683,
            67.70624744514252,
            51.6021395973524,
            20.33482643402752,
            55.96876468645544,
            67.87213197568073,
            57.54333997367162,
            76.55146515845655,
            74.75251483781204,
            17.389183336796997,
            33.692804833417114,
            24.55595500460467,
            41.325849115872536,
            16.5810558510483,
            20.27565733513764,
            27.867927444444895,
            22.14877559293961
        ],
        [
            59.73416352332737,
            43.812970478833755,
            20.9123449336894,
            25.926506603523297,
            37.63702550520741,
            0.0,
            60.08563469039496,
            39.13553022351078,
            16.021240400346677,
            57.523627388268125,
            20.10324628748523,
            41.12928683839007,
            51.667795116860376,
            43.260967281968775,
            46.707675601168724,
            40.12782565925259,
            4.005281671104041,
            21.306436869739795,
            30.609022977923903,
            53.18344227574426,
            31.436822879241454,
            29.857151316323883,
            59.73416352332737
        ],
        [
            55.773473749668334,
            102.97577619878668,
            49.15809936032609,
            39.87598375882069,
            48.43907165514683,
            60.08563469039496,
            0.0,
            59.494033921827246,
            62.58450129068315,
            57.85385191289464,
            65.46413505814357,
            101.01147170238228,
            25.41418868547625,
            102.38879922034597,
            106.77920297231852,
            65.7283516010248,
            58.38462128504817,
            40.01759365144755,
            33.04979776537267,
            44.95024756845314,
            65.96459028322639,
            30.619989210892616,
            55.773473749668334
        ],
        [
            88.42449210427098,
            73.73948479772076,
            20.886337938640505,
            25.420477052457134,
            67.70624744514252,
            39.13553022351078,
            59.494033921827246,
            0.0,
            24.914991337077453,
            87.58936495666889,
            22.932166596222068,
            68.56092885926486,
            36.78176436066536,
            60.37265652057197,
            71.20890650170985,
            76.43984357441438,
            41.979339445302756,
            43.217462997123896,
            30.475598491267043,
            78.78746391350687,
            69.0899128787106,
            43.41515978185814,
            88.42449210427098
        ],
        [
            73.68486277662717,
            50.156838580512215,
            13.98833598202436,
            23.011664149314946,
            51.6021395973524,
            16.021240400346677,
            62.58450129068315,
            24.914991337077453,
            0.0,
            71.88745099778654,
            4.367490192442205,
            45.65182646038624,
            47.639847604115,
            41.42164507667705,
            49.48299487327604,
            55.99912606233674,
            19.714623256902012,
            30.23688221431945,
            29.680795567093128,
            65.92865633601976,
            47.449746073455785,
            35.81569659026473,
            73.68486277662717
        ],
        [
            4.124145354328168,
            81.16229664382784,
            67.12919248845563,
            62.72353404839207,
            20.33482643402752,
            57.523627388268125,
            57.85385191289464,
            87.58936495666889,
            71.88745099778654,
            0.0,
            76.25492773522545,
            83.08921046227188,
            73.0079671627909,
            93.89862925569506,
            90.08445996903818,
            24.3081644292002,
            53.530139231437815,
            44.39216680227642,
            59.7609222056337,
            12.908562306112787,
            32.9420623766263,
            45.81298289412509,
            4.124145354328168
        ],
        [
            78.04751454383351,
            50.99289215610914,
            16.343400402921418,
            25.615669635373386,
            55.96876468645544,
            20.10324628748523,
            65.46413505814357,
            22.932166596222068,
            4.367490192442205,
            76.25492773522545,
            0.0,
            46.079208576387764,
            49.16974405397358,
            40.20560451377099,
            49.35821014241266,
            60.193071085121865,
            23.897547865953207,
            34.39984742329554,
            32.42030770886768,
            70.24118472709405,
            51.526539606100116,
            39.580978608346264,
            78.04751454383351
        ],
        [
            86.60111923886512,
            6.5548814349873386,
            58.34940492561699,
            65.7997628640616,
            67.87213197568073,
            41.12928683839007,
            101.01147170238228,
            68.56092885926486,
            45.65182646038624,
            83.08921046227188,
            46.079208576387764,
            0.0,
            91.73652819664605,
            17.113937910870145,
            6.995640216881405,
            59.12239307453983,
            42.632182671070886,
            61.283627633900586,
            71.30941715913103,
            84.33408244057117,
            50.1543837911306,
            70.47040633856025,
            86.60111923886512
        ],
        [
            72.1204323429562,
            95.16346275249936,
            33.81203279919458,
            25.96791037111939,
            57.54333997367162,
            51.667795116860376,
            25.41418868547625,
            36.78176436066536,
            47.639847604115,
            73.0079671627909,
            49.16974405397358,
            91.73652819664605,
            0.0,
            89.05793554541802,
            96.4097850913197,
            72.7287782858926,
            51.68187589793241,
            38.14299309533935,
            21.31845503857164,
            60.98868196939061,
            69.47905711405804,
            30.48288330782166,
            72.1204323429562
        ],
        [
            97.05016340261416,
            23.496670182542953,
            55.34715179083648,
            64.0378431216515,
            76.55146515845655,
            43.260967281968775,
            102.38879922034597,
            60.37265652057197,
            41.42164507667705,
            93.89862925569506,
            40.20560451377099,
            17.113937910870145,
            89.05793554541802,
            0.0,
            14.25667522859588,
            70.9618681187599,
            46.07124348263561,
            64.5674000397789,
            70.38291837592544,
            93.09795286509309,
            61.41026378750637,
            72.8895546274147,
            97.05016340261416
        ],
        [
            93.5924493517071,
            11.096001101692698,
            62.728556322724764,
            70.60819402841497,
            74.75251483781204,
            46.707675601168724,
            106.77920297231852,
            71.20890650170985,
            49.48299487327604,
            90.08445996903818,
            49.35821014241266,
            6.995640216881405,
            96.4097850913197,
            14.25667522859588,
            0.0,
            66.11114827569723,
            48.53603285648669,
            67.31423744820127,
            76.38655132395695,
            91.24232345111224,
            57.148578591243414,
            76.36527349325978,
            93.5924493517071
        ],
        [
            28.11914289744237,
            56.92728788114243,
            55.66449068758946,
            54.54727449124854,
            17.389183336796997,
            40.12782565925259,
            65.7283516010248,
            76.43984357441438,
            55.99912606233674,
            24.3081644292002,
            60.193071085121865,
            59.12239307453983,
            72.7287782858926,
            70.9618681187599,
            66.11114827569723,
            0.0,
            36.29690079144896,
            36.02455716436897,
            54.26459528946477,
            29.29115375604205,
            9.715065508674021,
            42.26663544711622,
            28.11914289744237
        ],
        [
            55.767037456709986,
            44.77686650080432,
            22.757436074942515,
            26.463749162093386,
            33.692804833417114,
            4.005281671104041,
            58.38462128504817,
            41.979339445302756,
            19.714623256902012,
            53.530139231437815,
            23.897547865953207,
            42.632182671070886,
            51.68187589793241,
            46.07124348263561,
            48.53603285648669,
            36.29690079144896,
            0.0,
            18.819370957864678,
            30.396053480447698,
            49.36401500068851,
            27.797767714264562,
            27.848823650009482,
            55.767037456709986
        ],
        [
            45.400231154442686,
            62.99237497105917,
            22.81056296935571,
            18.96946261253461,
            24.55595500460467,
            21.306436869739795,
            40.01759365144755,
            43.217462997123896,
            30.23688221431945,
            44.39216680227642,
            34.39984742329554,
            61.283627633900586,
            38.14299309533935,
            64.5674000397789,
            67.31423744820127,
            36.02455716436897,
            18.819370957864678,
            0.0,
            18.299211425387288,
            36.437192639138964,
            31.502216777239592,
            9.471318312627929,
            45.400231154442686
        ],
        [
            59.93999224855932,
            74.36403332780654,
            16.11017461512987,
            6.835559732313376,
            41.325849115872536,
            30.609022977923903,
            33.04979776537267,
            30.475598491267043,
            29.680795567093128,
            59.7609222056337,
            32.42030770886768,
            71.30941715913103,
            21.31845503857164,
            70.38291837592544,
            76.38655132395695,
            54.26459528946477,
            30.396053480447698,
            18.299211425387288,
            0.0,
            49.58562860677135,
            49.65855430356872,
            13.969628446132194,
            59.93999224855932
        ],
        [
            11.176483599386483,
            83.39285789477648,
            59.080118101318526,
            53.44112148495765,
            16.5810558510483,
            53.18344227574426,
            44.95024756845314,
            78.78746391350687,
            65.92865633601976,
            12.908562306112787,
            70.24118472709405,
            84.33408244057117,
            60.98868196939061,
            93.09795286509309,
            91.24232345111224,
            29.29115375604205,
            49.36401500068851,
            36.437192639138964,
            49.58562860677135,
            0.0,
            35.41935805010367,
            35.70779579785458,
            11.176483599386483
        ],
        [
            36.45977590418518,
            48.45718292428965,
            48.660751439601476,
            48.855133503975416,
            20.27565733513764,
            31.436822879241454,
            65.96459028322639,
            69.0899128787106,
            47.449746073455785,
            32.9420623766263,
            51.526539606100116,
            50.1543837911306,
            69.47905711405804,
            61.41026378750637,
            57.148578591243414,
            9.715065508674021,
            27.797767714264562,
            31.502216777239592,
            49.65855430356872,
            35.41935805010367,
            0.0,
            39.27069903037066,
            36.45977590418518
        ],
        [
            45.97403104334923,
            72.3558275370571,
            25.158357590236598,
            18.007732293566445,
            27.867927444444895,
            29.857151316323883,
            30.619989210892616,
            43.41515978185814,
            35.81569659026473,
            45.81298289412509,
            39.580978608346264,
            70.47040633856025,
            30.48288330782166,
            72.8895546274147,
            76.36527349325978,
            42.26663544711622,
            27.848823650009482,
            9.471318312627929,
            13.969628446132194,
            35.70779579785458,
            39.27069903037066,
            0.0,
            45.97403104334923
        ],
        [
            0.0,
            84.82628694749906,
            68.2100796816654,
            63.30765869903407,
            22.14877559293961,
            59.73416352332737,
            55.773473749668334,
            88.42449210427098,
            73.68486277662717,
            4.124145354328168,
            78.04751454383351,
            86.60111923886512,
            72.1204323429562,
            97.05016340261416,
            93.5924493517071,
            28.11914289744237,
            55.767037456709986,
            45.400231154442686,
            59.93999224855932,
            11.176483599386483,
            36.45977590418518,
            45.97403104334923,
            0.0
        ]
    ],
    "scores_ave": [
        0,
        19.789101401424997,
        11.009828029524938,
        10.594515242406132,
        12.700865661972708,
        15.726923239770535,
        11.116494833947142,
        10.725356134599943,
        16.394668677986058,
        18.181217081178715,
        12.993007214881604,
        14.951041471798403,
        12.608082403216317,
        10.921315647070456,
        18.286819980751005,
        19.124033514358025,
        14.446957959083708,
        12.103847970615018,
        14.588029706084281,
        17.124950126684208,
        17.7801666369619,
        12.43412952455617,
        0
    ],
    "scores_var": [
        0,
        372.7617083904289,
        20.784263261900854,
        379.6925410354539,
        24.5175199733111,
        334.32197368513965,
        323.1116835793739,
        377.0216151124457,
        298.9854482409994,
        21.189023875942844,
        360.2896939647149,
        371.2079899053565,
        317.43417001752135,
        319.39055459779087,
        351.1933524975964,
        17.978425263008287,
        325.16788326414303,
        22.814102068765926,
        326.35216688602685,
        18.940019907854772,
        316.87298668147884,
        21.78599530991594,
        0
    ],
    "vertex_number": 23,
    "minimum_distances": {
        "cost": 406.20667028347066,
        "path": [
            0,
            19,
            4,
            16,
            5,
            2,
            3,
            18,
            17,
            21,
            6,
            12,
            7,
            10,
            8,
            13,
            14,
            11,
            1,
            20,
            15,
            9,
            22
        ]
    }
}