{
    "vertices": [
        [
            49.388381523617554,
            91.74495688971687
        ],
        [
            13.245513110140305,
            28.00281673506475
        ],
        [
            66.06203503795652,
            25.39456672314041
        ],
        [
            77.42855339061175,
            7.467759445088074
        ],
        [
            34.64125898537945,
            97.51560406076224
        ],
        [
            28.159447253325776,
            18.567056465156107
        ],
        [
            70.0782149071662,
            9.628173221154878
        ],
        [
            10.598468145994511,
            19.62067203350858
        ],
        [
            74.30200318535353,
            66.06336611825365
        ],
        [
            92.4516699286827,
            78.44724276569313
        ],
        [
            88.27252721265734,
            14.97316906870112
        ],
        [
            22.493080210177474,
            0.05408442874829111
        ],
        [
            86.52153063957466,
            74.64703334689422
        ],
        [
            59.266387511375505,
            94.47725588569953
        ],
        [
            89.71472621746356,
            17.75364356907536
        ],
        [
            40.53380200079009,
            85.40758366516246
        ],
        [
            97.76279742286408,
            23.504648483383573
        ],
        [
            27.189480153508562,
            21.030741079805072
        ],
        [
            93.71390240014883,
            41.14252203715538
        ],
        [
            58.78719885479451,
            9.513439443519967
        ],
        [
            81.96532847919046,
            35.444944536908665
        ],
        [
            75.1937914206247,
            0.9072381040360233
        ],
        [
            30.570122231362873,
            43.4835307716663
        ],
        [
            28.275660318580808,
            18.170028841180287
        ],
        [
            49.388381523617554,
            91.74495688971687
        ]
    ],
    "distances": [
        [
            0.0,
            73.27596719695514,
            68.41333931897458,
            88.81946435017225,
            15.835971455218784,
            76.19496545572613,
            84.68314688005172,
            81.8936496064437,
            35.78033885889043,
            45.069679488344256,
            86.05744704092456,
            95.55403353806858,
            40.880432394290004,
            10.248924826421051,
            84.2670073236271,
            10.888795980886712,
            83.64701910399891,
            74.1167426405843,
            67.2707827662466,
            82.76690297896266,
            65.04574439479164,
            94.43204082375318,
            51.800503218970604,
            76.54421620232938,
            0.0
        ],
        [
            73.27596719695514,
            0.0,
            52.88088460565116,
            67.3880645036437,
            72.73104937607778,
            17.648201140582568,
            59.72925177677132,
            8.790176155233512,
            71.94790059240624,
            93.90556637134493,
            76.15001354857965,
            29.438905122300785,
            86.86229152114996,
            80.8503057572803,
            77.15300450299817,
            63.56066375423089,
            84.63690013946763,
            15.589870296099477,
            81.53412494381813,
            49.151828176517824,
            69.12161955984047,
            67.61478807911396,
            23.233479900483708,
            17.960763983570207,
            73.27596719695514
        ],
        [
            68.41333931897458,
            52.88088460565116,
            0.0,
            21.22659083898492,
            78.66834938144338,
            38.51260906631126,
            16.269875992191725,
            55.76329538563967,
            41.4951601914016,
            59.25368566546624,
            24.533884562262028,
            50.40232006264643,
            53.33288318473524,
            69.41612757303803,
            24.856256891967014,
            65.21696776517061,
            31.75704845758396,
            39.11672912565479,
            31.821751447531742,
            17.468069302683332,
            18.812890168112915,
            26.134617608306613,
            39.835743937068735,
            38.470820917169846,
            68.41333931897458
        ],
        [
            88.81946435017225,
            67.3880645036437,
            21.22659083898492,
            0.0,
            99.69637346688506,
            50.50385345601701,
            7.661257305758626,
            67.92608908353694,
            58.67896077455979,
            72.55191991240832,
            13.187984753988504,
            55.433462735121594,
            67.79186586327336,
            88.88485101677153,
            16.023403350829234,
            86.23131032039836,
            25.89716761326983,
            52.03766857331993,
            37.40591167174683,
            18.75326386488545,
            28.34263950069465,
            6.930699916234996,
            59.100324491109525,
            50.304527306963536,
            88.81946435017225
        ],
        [
            15.835971455218784,
            72.73104937607778,
            78.66834938144338,
            99.69637346688506,
            0.0,
            79.21418465644568,
            94.7627476627257,
            81.52101708686466,
            50.61835538703282,
            60.87401757657273,
            98.43559572677387,
            98.21571186187934,
            56.6968615834093,
            24.811862375781697,
            96.92810291365895,
            13.465742500461122,
            97.27255604841258,
            76.8470121278304,
            81.65477069252478,
            91.25462941406104,
            78.05340689029025,
            104.77444468829388,
            54.185229522335135,
            79.60050975535952,
            15.835971455218784
        ],
        [
            76.19496545572613,
            17.648201140582568,
            38.51260906631126,
            50.50385345601701,
            79.21418465644568,
            0.0,
            42.86124957658775,
            17.592557886049427,
            66.21959603171283,
            87.85856024272593,
            60.220415216232006,
            19.360729559820182,
            80.93884471772346,
            82.03657786795196,
            61.56065309020311,
            67.97632478878866,
            69.7782643074606,
            2.6477496209396083,
            69.33280778527117,
            31.937863881852373,
            56.39092090269909,
            50.24040919216006,
            25.032819372110623,
            0.4136863675973083,
            76.19496545572613
        ],
        [
            84.68314688005172,
            59.72925177677132,
            16.269875992191725,
            7.661257305758626,
            94.7627476627257,
            42.86124957658775,
            0.0,
            60.313268086615935,
            56.59303300541242,
            72.36460338159682,
            18.963174335538678,
            48.53872907622784,
            67.06589896755376,
            85.53515324503196,
            21.251255135035468,
            81.33505628708821,
            30.967606862199247,
            44.378622359653335,
            39.3928915486346,
            11.2915989715649,
            28.421983573356222,
            10.11058021985114,
            52.02955527152655,
            42.66634349888705,
            84.68314688005172
        ],
        [
            81.8936496064437,
            8.790176155233512,
            55.76329538563967,
            67.92608908353694,
            81.52101708686466,
            17.592557886049427,
            60.313268086615935,
            0.0,
            78.83567853681515,
            100.79936540567198,
            77.81297279823795,
            22.898321917821093,
            93.76679507051172,
            89.2864744593229,
            79.13828458159992,
            72.2775342345677,
            87.25081988926937,
            16.650825029072852,
            85.8566563455398,
            49.23728178883733,
            73.10018026024123,
            67.2513821299363,
            31.11756729024429,
            17.73661435500007,
            81.8936496064437
        ],
        [
            35.78033885889043,
            71.94790059240624,
            41.4951601914016,
            58.67896077455979,
            50.61835538703282,
            66.21959603171283,
            56.59303300541242,
            78.83567853681515,
            0.0,
            21.972045961013873,
            52.96587369391332,
            83.9129892746778,
            14.933057098146449,
            32.14683297639348,
            50.70878941606791,
            38.916451068195904,
            48.59684468131043,
            65.17305535479849,
            31.589085153574505,
            58.6396057313936,
            31.56286258709963,
            65.16223065596883,
            49.217134984200435,
            66.4243629493368,
            35.78033885889043
        ],
        [
            45.069679488344256,
            93.90556637134493,
            59.25368566546624,
            72.55191991240832,
            60.87401757657273,
            87.85856024272593,
            72.36460338159682,
            100.79936540567198,
            21.972045961013873,
            0.0,
            63.611502619668414,
            105.06993646825647,
            7.043304878744836,
            36.85409461300082,
            60.75527832475186,
            52.382357293414415,
            55.198702355489516,
            86.92415130501091,
            37.326068898910556,
            76.71483463545174,
            44.26241080140867,
            79.43731298029091,
            71.07592491003493,
            88.04489041379617,
            45.069679488344256
        ],
        [
            86.05744704092456,
            76.15001354857965,
            24.533884562262028,
            13.187984753988504,
            98.43559572677387,
            60.220415216232006,
            18.963174335538678,
            77.81297279823795,
            52.96587369391332,
            63.611502619668414,
            0.0,
            67.45009069264572,
            59.69954829721208,
            84.6301126135083,
            3.132247821724114,
            85.08814632133183,
            12.761323194163214,
            61.382675216219546,
            26.72907777531043,
            29.98655091788768,
            21.421352587643725,
            19.20686710061065,
            64.36154337070562,
            60.08197691080439,
            86.05744704092456
        ],
        [
            95.55403353806858,
            29.438905122300785,
            50.40232006264643,
            55.433462735121594,
            98.21571186187934,
            19.360729559820182,
            48.53872907622784,
            22.898321917821093,
            83.9129892746778,
            105.06993646825647,
            67.45009069264572,
            0.0,
            98.30437677283194,
            101.33119676514808,
            69.51276203468554,
            87.2392542071907,
            78.83818417339634,
            21.495960008430536,
            82.22326446034285,
            37.50656536508007,
            69.20593394620505,
            52.70761646366316,
            44.174148746346994,
            19.01645799470627,
            95.55403353806858
        ],
        [
            40.880432394290004,
            86.86229152114996,
            53.33288318473524,
            67.79186586327336,
            56.6968615834093,
            80.93884471772346,
            67.06589896755376,
            93.76679507051172,
            14.933057098146449,
            7.043304878744836,
            59.69954829721208,
            98.30437677283194,
            0.0,
            33.70579405498651,
            56.98292988614636,
            47.229870087757696,
            52.36324673299516,
            79.96873771262756,
            34.26780543960646,
            70.79250111641726,
            39.46596945714478,
            74.60479259585935,
            64.04470310352566,
            81.13096478773357,
            40.880432394290004
        ],
        [
            10.248924826421051,
            80.8503057572803,
            69.41612757303803,
            88.88485101677153,
            24.811862375781697,
            82.03657786795196,
            85.53515324503196,
            89.2864744593229,
            32.14683297639348,
            36.85409461300082,
            84.6301126135083,
            101.33119676514808,
            33.70579405498651,
            0.0,
            82.54461833985486,
            20.812705592963557,
            80.74084825883754,
            80.14560825633339,
            63.49192953996044,
            84.96516772294973,
            63.2459935825261,
            94.91591238011249,
            58.513550926485756,
            82.36029426344976,
            10.248924826421051
        ],
        [
            84.2670073236271,
            77.15300450299817,
            24.856256891967014,
            16.023403350829234,
            96.92810291365895,
            61.56065309020311,
            21.251255135035468,
            79.13828458159992,
            50.70878941606791,
            60.75527832475186,
            3.132247821724114,
            69.51276203468554,
            56.98292988614636,
            82.54461833985486,
            0.0,
            83.64101217304297,
            9.891688816961144,
            62.61106741984959,
            23.728317389456297,
            32.00645111222835,
            19.31412165335022,
            22.240929037847156,
            64.49892461220365,
            61.440476847287606,
            84.2670073236271
        ],
        [
            10.888795980886712,
            63.56066375423089,
            65.21696776517061,
            86.23131032039836,
            13.465742500461122,
            67.97632478878866,
            81.33505628708821,
            72.2775342345677,
            38.916451068195904,
            52.382357293414415,
            85.08814632133183,
            87.2392542071907,
            47.229870087757696,
            20.812705592963557,
            83.64101217304297,
            0.0,
            84.30380359829137,
            65.74533281400072,
            69.191898076416,
            78.05836037123281,
            64.90636867820066,
            91.33248746493675,
            43.09177561396556,
            68.3458178399317,
            10.888795980886712
        ],
        [
            83.64701910399891,
            84.63690013946763,
            31.75704845758396,
            25.89716761326983,
            97.27255604841258,
            69.7782643074606,
            30.967606862199247,
            87.25081988926937,
            48.59684468131043,
            55.198702355489516,
            12.761323194163214,
            78.83818417339634,
            52.36324673299516,
            80.74084825883754,
            9.891688816961144,
            84.30380359829137,
            0.0,
            70.61666466382135,
            18.096633233941922,
            41.410762056939596,
            19.802290142106276,
            31.937485620846257,
            70.10000953551746,
            69.69160917697656,
            83.64701910399891
        ],
        [
            74.1167426405843,
            15.589870296099477,
            39.11672912565479,
            52.03766857331993,
            76.8470121278304,
            2.6477496209396083,
            44.378622359653335,
            16.650825029072852,
            65.17305535479849,
            86.92415130501091,
            61.382675216219546,
            21.495960008430536,
            79.96873771262756,
            80.14560825633339,
            62.61106741984959,
            65.74533281400072,
            70.61666466382135,
            0.0,
            69.49807543037234,
            33.631295902875515,
            56.64064636902447,
            52.0516020142124,
            22.705869413116712,
            3.059977428546492,
            74.1167426405843
        ],
        [
            67.2707827662466,
            81.53412494381813,
            31.821751447531742,
            37.40591167174683,
            81.65477069252478,
            69.33280778527117,
            39.3928915486346,
            85.8566563455398,
            31.589085153574505,
            37.326068898910556,
            26.72907777531043,
            82.22326446034285,
            34.26780543960646,
            63.49192953996044,
            23.728317389456297,
            69.191898076416,
            18.096633233941922,
            69.49807543037234,
            0.0,
            47.119778079486714,
            13.05723472055016,
            44.29303087250434,
            63.18716084695547,
            69.35343517350113,
            67.2707827662466
        ],
        [
            82.76690297896266,
            49.151828176517824,
            17.468069302683332,
            18.75326386488545,
            91.25462941406104,
            31.937863881852373,
            11.2915989715649,
            49.23728178883733,
            58.6396057313936,
            76.71483463545174,
            29.98655091788768,
            37.50656536508007,
            70.79250111641726,
            84.96516772294973,
            32.00645111222835,
            78.05836037123281,
            41.410762056939596,
            33.631295902875515,
            47.119778079486714,
            0.0,
            34.78029110421224,
            18.526817889667125,
            44.160735025758065,
            31.715777207039068,
            82.76690297896266
        ],
        [
            65.04574439479164,
            69.12161955984047,
            18.812890168112915,
            28.34263950069465,
            78.05340689029025,
            56.39092090269909,
            28.421983573356222,
            73.10018026024123,
            31.56286258709963,
            44.26241080140867,
            21.421352587643725,
            69.20593394620505,
            39.46596945714478,
            63.2459935825261,
            19.31412165335022,
            64.90636867820066,
            19.802290142106276,
            56.64064636902447,
            13.05723472055016,
            34.78029110421224,
            0.0,
            35.19526786059202,
            52.02005472806013,
            56.40038279560614,
            65.04574439479164
        ],
        [
            94.43204082375318,
            67.61478807911396,
            26.134617608306613,
            6.930699916234996,
            104.77444468829388,
            50.24040919216006,
            10.11058021985114,
            67.2513821299363,
            65.16223065596883,
            79.43731298029091,
            19.20686710061065,
            52.70761646366316,
            74.60479259585935,
            94.91591238011249,
            22.240929037847156,
            91.33248746493675,
            31.937485620846257,
            52.0516020142124,
            44.29303087250434,
            18.526817889667125,
            35.19526786059202,
            0.0,
            61.67667751453853,
            49.993149232099924,
            94.43204082375318
        ],
        [
            51.800503218970604,
            23.233479900483708,
            39.835743937068735,
            59.100324491109525,
            54.185229522335135,
            25.032819372110623,
            52.02955527152655,
            31.11756729024429,
            49.217134984200435,
            71.07592491003493,
            64.36154337070562,
            44.174148746346994,
            64.04470310352566,
            58.513550926485756,
            64.49892461220365,
            43.09177561396556,
            70.10000953551746,
            22.705869413116712,
            63.18716084695547,
            44.160735025758065,
            52.02005472806013,
            61.67667751453853,
            0.0,
            25.41727631855795,
            51.800503218970604
        ],
        [
            76.54421620232938,
            17.960763983570207,
            38.470820917169846,
            50.304527306963536,
            79.60050975535952,
            0.4136863675973083,
            42.66634349888705,
            17.73661435500007,
            66.4243629493368,
            88.04489041379617,
            60.08197691080439,
            19.01645799470627,
            81.13096478773357,
            82.36029426344976,
            61.440476847287606,
            68.3458178399317,
            69.69160917697656,
            3.059977428546492,
            69.35343517350113,
            31.715777207039068,
            56.40038279560614,
            49.993149232099924,
            25.41727631855795,
            0.0,
            76.54421620232938
        ],
        [
            0.0,
            73.27596719695514,
            68.41333931897458,
            88.81946435017225,
            15.835971455218784,
            76.19496545572613,
            84.68314688005172,
            81.8936496064437,
            35.78033885889043,
            45.069679488344256,
            86.05744704092456,
            95.55403353806858,
            40.880432394290004,
            10.248924826421051,
            84.2670073236271,
            10.888795980886712,
            83.64701910399891,
            74.1167426405843,
            67.2707827662466,
            82.76690297896266,
            65.04574439479164,
            94.43204082375318,
            51.800503218970604,
            76.54421620232938,
            0.0
        ]
    ],
    "scores_ave": [
        0,
        12.662579500360476,
        15.328106048185552,
        19.63524415830992,
        15.039452948631636,
        16.894514628960373,
        10.145834125454755,
        16.0687902761992,
        19.32749972076958,
        15.997615178403475,
        11.627320794442243,
        14.08684963870469,
        11.073486002351274,
        11.570934978395783,
        10.97844787275507,
        11.660922174586114,
        19.817772780357963,
        17.519769289640656,
        15.487779669742586,
        16.885143990568025,
        14.380861032986296,
        17.43912913160388,
        13.74258359793553,
        12.314442143234183,
        0
    ],
    "scores_var": [
        0,
        369.38050821952766,
        390.2719350461776,
        241.22622022982264,
        23.231973790677532,
        22.49076805721301,
        374.8878424876025,
        284.0920840216206,
        24.82124883508574,
        17.667664160354693,
        23.92349283624668,
        21.846519409006678,
        23.10408526524337,
        377.65593705673166,
        21.229556160331658,
        235.6504136580432,
        308.69254751130893,
        17.548323577418543,
        16.36527724178045,
        283.3079053788898,
        16.106264287897464,
        19.63329736265431,
        306.04848146275754,
        21.319583083236736,
        0
    ],
    "vertex_number": 25,
    "minimum_distances": {
        "cost": 389.43968878429865,
        "path": [
            0,
            4,
            15,
            22,
            1,
            7,
            17,
            5,
            23,
            11,
            19,
            2,
            6,
            21,
            3,
            10,
            14,
            16,
            18,
            20,
            8,
            12,
            9,
            13,
            24
        ]
    }
}