{
    "vertices": [
        [
            92.36983342302068,
            34.53125278030349
        ],
        [
            16.80014589689991,
            98.81258627161162
        ],
        [
            15.611633618403232,
            66.0777387200702
        ],
        [
            0.7524361811445224,
            86.19869679563092
        ],
        [
            35.825378394986544,
            73.70341738253275
        ],
        [
            75.60781694979441,
            34.754654200964374
        ],
        [
            23.734636336134884,
            62.22957264196294
        ],
        [
            7.464212252039692,
            81.42775110527462
        ],
        [
            88.83774806402126,
            21.733953016502305
        ],
        [
            92.36983342302068,
            34.53125278030349
        ]
    ],
    "distances": [
        [
            0.0,
            99.21122672468225,
            82.98796305726194,
            105.18209091120376,
            68.78759971129621,
            16.763505135963126,
            74.0134258247411,
            96.99611364159988,
            13.275786538952936,
            0.0
        ],
        [
            99.21122672468225,
            0.0,
            32.75641625176348,
            20.41174159236312,
            31.502854377128084,
            86.95838565562899,
            37.23444700648719,
            19.733021836047833,
            105.50133568094809,
            99.21122672468225
        ],
        [
            82.98796305726194,
            32.75641625176348,
            0.0,
            25.01297068238613,
            21.604315609525464,
            67.68070358769143,
            8.98841228009548,
            17.378243730222174,
            85.60627995262206,
            82.98796305726194
        ],
        [
            105.18209091120376,
            20.41174159236312,
            25.01297068238613,
            0.0,
            37.232288180380436,
            90.82850625492762,
            33.206933563007425,
            8.23467429873036,
            109.15459385665986,
            105.18209091120376
        ],
        [
            68.78759971129621,
            31.502854377128084,
            21.604315609525464,
            37.232288180380436,
            0.0,
            55.67448761094223,
            16.668387944381003,
            29.39423542887486,
            74.23702960395505,
            68.78759971129621
        ],
        [
            16.763505135963126,
            86.95838565562899,
            67.68070358769143,
            90.82850625492762,
            55.67448761094223,
            0.0,
            58.70006823093876,
            82.59496858673047,
            18.562589706779587,
            16.763505135963126
        ],
        [
            74.0134258247411,
            37.23444700648719,
            8.98841228009548,
            33.206933563007425,
            16.668387944381003,
            58.70006823093876,
            0.0,
            25.165388059504853,
            76.67013998620094,
            74.0134258247411
        ],
        [
            96.99611364159988,
            19.733021836047833,
            17.378243730222174,
            8.23467429873036,
            29.39423542887486,
            82.59496858673047,
            25.165388059504853,
            0.0,
            100.92077021508983,
            96.99611364159988
        ],
        [
            13.275786538952936,
            105.50133568094809,
            85.60627995262206,
            109.15459385665986,
            74.23702960395505,
            18.562589706779587,
            76.67013998620094,
            100.92077021508983,
            0.0,
            13.275786538952936
        ],
        [
            0.0,
            99.21122672468225,
            82.98796305726194,
            105.18209091120376,
            68.78759971129621,
            16.763505135963126,
            74.0134258247411,
            96.99611364159988,
            13.275786538952936,
            0.0
        ]
    ],
    "scores_ave": [
        0,
        16.264043521925128,
        17.056730682751144,
        13.83321066905251,
        15.136399751343003,
        10.804933846428465,
        17.333021081057787,
        10.024843458014352,
        18.665285864244908,
        0
    ],
    "scores_var": [
        0,
        383.2844248809215,
        22.21324726656075,
        22.870030764486234,
        280.2787510247869,
        301.88304934624233,
        23.721891869785694,
        20.12862208550337,
        373.72065098378783,
        0
    ],
    "vertex_number": 10,
    "minimum_distances": {
        "cost": 245.84197046650672,
        "path": [
            0,
            8,
            5,
            6,
            2,
            7,
            3,
            1,
            4,
            9
        ]
    }
}