{
    "vertices": [
        [
            76.81231545112045,
            61.2530476201343
        ],
        [
            45.692454386699566,
            36.73719220501277
        ],
        [
            48.33617748787481,
            43.62598390803849
        ],
        [
            60.2060494901265,
            90.44793810469729
        ],
        [
            66.59715060058396,
            90.17008588268413
        ],
        [
            71.6835430457316,
            14.006433205652025
        ],
        [
            18.198986891163884,
            51.364663995368865
        ],
        [
            71.90964396904404,
            64.99890122835191
        ],
        [
            21.813498973868107,
            94.11507158788869
        ],
        [
            58.42910936860741,
            5.862321994181363
        ],
        [
            38.069181887242756,
            22.71664014169773
        ],
        [
            49.02285322150306,
            76.58607188667806
        ],
        [
            59.88518651689726,
            69.02381184053611
        ],
        [
            81.38848378285041,
            47.04385075327505
        ],
        [
            48.71805775860258,
            89.51098719292374
        ],
        [
            33.63786302659864,
            33.504634059139626
        ],
        [
            27.042267857405868,
            83.31181520661511
        ],
        [
            68.42196235574508,
            72.52760959829769
        ],
        [
            76.81231545112045,
            61.2530476201343
        ]
    ],
    "distances": [
        [
            0.0,
            39.616573796884595,
            33.490353960686726,
            33.58734433641476,
            30.668301139799173,
            47.52417153425237,
            59.4415882660276,
            6.169895211051985,
            64.06857601941647,
            58.36158626392658,
            54.6450830330833,
            31.738869610774596,
            18.62558644781133,
            14.92791318977609,
            39.847188912055245,
            51.322585645203915,
            54.439387073285374,
            14.053959330541787,
            0.0
        ],
        [
            39.616573796884595,
            0.0,
            7.37866674700543,
            55.637115920280195,
            57.376654229434855,
            34.52859821030508,
            31.142473984989383,
            38.5495165536026,
            62.1484155396085,
            33.398802233970045,
            15.959015125035192,
            39.98780774539531,
            35.26839169580188,
            37.1541885267507,
            52.860455098212384,
            12.480488973813117,
            50.16996078649887,
            42.39793048841482,
            39.616573796884595
        ],
        [
            33.490353960686726,
            7.37866674700543,
            0.0,
            48.30309779034728,
            49.99816564284433,
            37.71494746520854,
            31.11490682223755,
            31.819960979230675,
            57.03157415240223,
            39.08914728020058,
            23.294030467104896,
            32.967240150228136,
            27.900345396449815,
            33.22855346217544,
            45.886592366344885,
            17.846068776242156,
            45.037715230789196,
            35.19577703785238,
            33.490353960686726
        ],
        [
            33.58734433641476,
            55.637115920280195,
            48.30309779034728,
            0.0,
            6.3971380523925045,
            77.2983604583546,
            57.37678644973126,
            28.01120493053692,
            38.56728928933166,
            84.60427866834536,
            71.2570672356099,
            17.810536595757466,
            21.42652886564481,
            48.297104689364744,
            11.526136865170187,
            62.83636214474553,
            33.92286341391763,
            19.71393917999939,
            33.58734433641476
        ],
        [
            30.668301139799173,
            57.376654229434855,
            49.99816564284433,
            6.3971380523925045,
            0.0,
            76.33330450867193,
            62.034208452243135,
            25.725689936179016,
            44.95707247182936,
            84.70251442222245,
            73.23805254948805,
            22.212189550155983,
            22.185927245132746,
            45.592276689653204,
            17.891237294693553,
            65.5537036920959,
            40.14504484357685,
            17.7365979654192,
            30.668301139799173
        ],
        [
            47.52417153425237,
            34.52859821030508,
            37.71494746520854,
            77.2983604583546,
            76.33330450867193,
            0.0,
            65.23982797945482,
            50.992969286692784,
            94.36320913992681,
            15.556560015828879,
            34.72452996027537,
            66.55612699637551,
            56.26822521313151,
            34.433368016024495,
            78.91990361936693,
            42.751065538079835,
            82.43833710561636,
            58.611995316457545,
            47.52417153425237
        ],
        [
            59.4415882660276,
            31.142473984989383,
            31.11490682223755,
            57.37678644973126,
            62.034208452243135,
            65.23982797945482,
            0.0,
            55.414141775027964,
            42.90293750924978,
            60.7365284004868,
            34.86450802611028,
            39.82750496290736,
            45.27233969935692,
            63.337050329941285,
            48.85238643202662,
            23.608040275471858,
            33.148515634370874,
            54.49970211944694,
            59.4415882660276
        ],
        [
            6.169895211051985,
            38.5495165536026,
            31.819960979230675,
            28.01120493053692,
            25.725689936179016,
            50.992969286692784,
            55.414141775027964,
            0.0,
            57.94286081807886,
            60.6536051412684,
            54.15686915350462,
            25.652830537523567,
            12.680200410662337,
            20.303503189803443,
            33.74451109870904,
            49.56428231127986,
            48.46074965906396,
            8.2973111762447,
            6.169895211051985
        ],
        [
            64.06857601941647,
            62.1484155396085,
            57.03157415240223,
            38.56728928933166,
            44.95707247182936,
            94.36320913992681,
            42.90293750924978,
            57.94286081807886,
            0.0,
            95.54711264831059,
            73.22556411497702,
            32.36687796341088,
            45.59632340532685,
            75.92679794283069,
            27.295656733575637,
            61.75306245586448,
            12.002098669690277,
            51.365040387132986,
            64.06857601941647
        ],
        [
            58.36158626392658,
            33.398802233970045,
            39.08914728020058,
            84.60427866834536,
            84.70251442222245,
            15.556560015828879,
            60.7365284004868,
            60.6536051412684,
            95.54711264831059,
            0.0,
            26.43094185351947,
            71.34652376648329,
            63.17827126689164,
            47.149243731256774,
            84.21047270324203,
            37.13089429958159,
            83.56768405856481,
            67.41007107370598,
            58.36158626392658
        ],
        [
            54.6450830330833,
            15.959015125035192,
            23.294030467104896,
            71.2570672356099,
            73.23805254948805,
            34.72452996027537,
            34.86450802611028,
            54.15686915350462,
            73.22556411497702,
            26.43094185351947,
            0.0,
            54.9717981534722,
            51.18878987382691,
            49.682744417582626,
            67.6378840245853,
            11.662649767847084,
            61.59032451748731,
            58.33030053390287,
            54.6450830330833
        ],
        [
            31.738869610774596,
            39.98780774539531,
            32.967240150228136,
            17.810536595757466,
            22.212189550155983,
            66.55612699637551,
            39.82750496290736,
            25.652830537523567,
            32.36687796341088,
            71.34652376648329,
            54.9717981534722,
            0.0,
            13.235484941085614,
            43.82096383157843,
            12.92850865134214,
            45.74612779881336,
            22.986555987229615,
            19.819095623878447,
            31.738869610774596
        ],
        [
            18.62558644781133,
            35.26839169580188,
            27.900345396449815,
            21.42652886564481,
            22.185927245132746,
            56.26822521313151,
            45.27233969935692,
            12.680200410662337,
            45.59632340532685,
            63.17827126689164,
            51.18878987382691,
            13.235484941085614,
            0.0,
            30.749154178699925,
            23.33300492058001,
            44.164850058285396,
            35.8162581276025,
            9.227845926868904,
            18.62558644781133
        ],
        [
            14.92791318977609,
            37.1541885267507,
            33.22855346217544,
            48.297104689364744,
            45.592276689653204,
            34.433368016024495,
            63.337050329941285,
            20.303503189803443,
            75.92679794283069,
            47.149243731256774,
            49.682744417582626,
            43.82096383157843,
            30.749154178699925,
            0.0,
            53.57998146686491,
            49.63297463680913,
            65.33663926927815,
            28.592877483577112,
            14.92791318977609
        ],
        [
            39.847188912055245,
            52.860455098212384,
            45.886592366344885,
            11.526136865170187,
            17.891237294693553,
            78.91990361936693,
            48.85238643202662,
            33.74451109870904,
            27.295656733575637,
            84.21047270324203,
            67.6378840245853,
            12.92850865134214,
            23.33300492058001,
            53.57998146686491,
            0.0,
            58.00106778759585,
            22.54483535439226,
            26.013053855611403,
            39.847188912055245
        ],
        [
            51.322585645203915,
            12.480488973813117,
            17.846068776242156,
            62.83636214474553,
            65.5537036920959,
            42.751065538079835,
            23.608040275471858,
            49.56428231127986,
            61.75306245586448,
            37.13089429958159,
            11.662649767847084,
            45.74612779881336,
            44.164850058285396,
            49.63297463680913,
            58.00106778759585,
            0.0,
            50.24198612210027,
            52.27548360435946,
            51.322585645203915
        ],
        [
            54.439387073285374,
            50.16996078649887,
            45.037715230789196,
            33.92286341391763,
            40.14504484357685,
            82.43833710561636,
            33.148515634370874,
            48.46074965906396,
            12.002098669690277,
            83.56768405856481,
            61.59032451748731,
            22.986555987229615,
            35.8162581276025,
            65.33663926927815,
            22.54483535439226,
            50.24198612210027,
            0.0,
            42.76187796833003,
            54.439387073285374
        ],
        [
            14.053959330541787,
            42.39793048841482,
            35.19577703785238,
            19.71393917999939,
            17.7365979654192,
            58.611995316457545,
            54.49970211944694,
            8.2973111762447,
            51.365040387132986,
            67.41007107370598,
            58.33030053390287,
            19.819095623878447,
            9.227845926868904,
            28.592877483577112,
            26.013053855611403,
            52.27548360435946,
            42.76187796833003,
            0.0,
            14.053959330541787
        ],
        [
            0.0,
            39.616573796884595,
            33.490353960686726,
            33.58734433641476,
            30.668301139799173,
            47.52417153425237,
            59.4415882660276,
            6.169895211051985,
            64.06857601941647,
            58.36158626392658,
            54.6450830330833,
            31.738869610774596,
            18.62558644781133,
            14.92791318977609,
            39.847188912055245,
            51.322585645203915,
            54.439387073285374,
            14.053959330541787,
            0.0
        ]
    ],
    "scores_ave": [
        0,
        18.079838195823385,
        12.53095438730831,
        14.194731436779424,
        10.752134688243096,
        15.996666167327993,
        11.150931889817507,
        11.178957985638975,
        13.073027540331722,
        12.91262526267105,
        10.609430772007393,
        11.882915327323852,
        17.655634095005347,
        13.837490369460852,
        14.839773309811411,
        10.636819652321742,
        10.542789448900676,
        13.957288844591083,
        0
    ],
    "scores_var": [
        0,
        24.36962647302412,
        22.61033742153455,
        278.6283481705811,
        387.9687851062072,
        313.763053169365,
        22.610378257007955,
        293.74391421853744,
        385.06796493396905,
        234.01294129833883,
        394.22436638136026,
        22.751047221308802,
        276.719592003706,
        21.96975105822888,
        18.259940416274667,
        20.78390132995683,
        317.4841847156716,
        322.491556447945,
        0
    ],
    "vertex_number": 19,
    "minimum_distances": {
        "cost": 333.6185996376829,
        "path": [
            0,
            7,
            17,
            4,
            3,
            14,
            8,
            16,
            6,
            15,
            10,
            9,
            5,
            1,
            2,
            11,
            12,
            13,
            18
        ]
    }
}