{
    "vertices": [
        [
            85.02447753084057,
            67.08301320674137
        ],
        [
            92.24215289070304,
            73.68791118052714
        ],
        [
            25.31516747826941,
            93.4131914953732
        ],
        [
            25.589779394841194,
            2.862435285534448
        ],
        [
            44.79924060683075,
            13.937909268137616
        ],
        [
            43.01701486961983,
            19.374635200282377
        ],
        [
            84.9669603216276,
            27.102630149935802
        ],
        [
            18.309382023166908,
            53.73367026885268
        ],
        [
            83.2240831286695,
            94.09636687274886
        ],
        [
            22.187294865122443,
            34.479269808164446
        ],
        [
            32.02841377725695,
            25.432740477913928
        ],
        [
            51.82135711604076,
            14.668445285828946
        ],
        [
            12.311593544800647,
            70.90269588660777
        ],
        [
            88.71825752972963,
            64.26791713979485
        ],
        [
            97.56888572379782,
            80.71061752373512
        ],
        [
            23.085466659142906,
            26.43382884598897
        ],
        [
            46.990049006629576,
            26.764672321073625
        ],
        [
            66.53383433153277,
            59.65031885604793
        ],
        [
            10.209463296225197,
            14.015267616922689
        ],
        [
            85.02447753084057,
            67.08301320674137
        ]
    ],
    "distances": [
        [
            0.0,
            9.783635052703323,
            65.25703023939424,
            87.50294835633356,
            66.65186987802907,
            63.56662844009453,
            39.98042442994148,
            68.03755525789693,
            27.073283810579188,
            70.79205894000454,
            67.40421345702067,
            62.0462257967045,
            72.81314080124667,
            4.644219691867582,
            18.522250844108548,
            74.08641749307843,
            55.42730703305206,
            19.92859330798182,
            91.72498011398761,
            0.0
        ],
        [
            9.783635052703323,
            0.0,
            69.77326178340351,
            97.25629505787302,
            76.2947747523102,
            73.3010652098653,
            47.14993993226612,
            76.57823671587602,
            22.312118814094745,
            80.28076165091363,
            77.16382492826861,
            71.53417424946205,
            79.97907064715311,
            10.057540765143427,
            8.814334181213214,
            83.75915202418044,
            65.1885208529562,
            29.2911529545707,
            101.44055674124101,
            9.783635052703323
        ],
        [
            65.25703023939424,
            69.77326178340351,
            0.0,
            90.55117261459608,
            81.82878216604396,
            76.12531260578173,
            89.19320005120309,
            40.29324303911039,
            57.91294536113153,
            59.016868033792925,
            68.31112205496298,
            83.08617902346353,
            25.996448749693403,
            69.78107798920497,
            73.36181013176503,
            67.01646504151454,
            70.08441765039805,
            53.28142327321607,
            80.82210474272277,
            65.25703023939424
        ],
        [
            87.50294835633356,
            97.25629505787302,
            90.55117261459608,
            0.0,
            22.173622256957724,
            24.007525535089705,
            64.13452004869512,
            51.389558614736735,
            107.91359154315872,
            31.79938877095507,
            23.47071982678798,
            28.76590936977983,
            69.32378583235474,
            88.06723541352363,
            106.02514430882584,
            23.704054013185537,
            32.082526003423325,
            70.00913765414494,
            18.998415520916613,
            87.50294835633356
        ],
        [
            66.65186987802907,
            76.2947747523102,
            81.82878216604396,
            22.173622256957724,
            0.0,
            5.721391215397906,
            42.27003173623285,
            47.80601637250842,
            88.89233289985343,
            30.549101182544337,
            17.18211751945055,
            7.060014386817073,
            65.57769534006871,
            66.7981267689069,
            85.10716781539487,
            25.052664232520584,
            13.012512895701327,
            50.616370422134494,
            34.58986381458316,
            66.65186987802907
        ],
        [
            63.56662844009453,
            73.3010652098653,
            76.12531260578173,
            24.007525535089705,
            5.721391215397906,
            0.0,
            42.65582995756027,
            42.32033095000987,
            84.85249272779181,
            25.729889663645807,
            12.547907934071954,
            9.983219215414211,
            59.98303040717677,
            64.06255024566846,
            82.08537836468699,
            21.144711608204783,
            8.390330678853926,
            46.63873381153811,
            33.24241659588718,
            63.56662844009453
        ],
        [
            39.98042442994148,
            47.14993993226612,
            89.19320005120309,
            64.13452004869512,
            42.27003173623285,
            42.65582995756027,
            0.0,
            71.78053386838786,
            67.01640382022393,
            63.21155912867565,
            52.96487743540263,
            35.40112943250529,
            84.83659634858081,
            37.35412678382537,
            55.069273048691045,
            61.88510768419405,
            37.97841503434963,
            37.40497525566202,
            75.8944162608394,
            39.98042442994148
        ],
        [
            68.03755525789693,
            76.57823671587602,
            40.29324303911039,
            51.389558614736735,
            47.80601637250842,
            42.32033095000987,
            71.78053386838786,
            0.0,
            76.43994830424019,
            19.641032180370637,
            31.450826051176705,
            51.46983852315508,
            18.186503437834162,
            71.19255654376097,
            83.72469534171525,
            27.71447863777183,
            39.36886471469042,
            48.58605284385853,
            40.53591238154016,
            68.03755525789693
        ],
        [
            27.073283810579188,
            22.312118814094745,
            57.91294536113153,
            107.91359154315872,
            88.89233289985343,
            84.85249272779181,
            67.01640382022393,
            76.43994830424019,
            0.0,
            85.32108639684071,
            85.64864359713256,
            85.41033853487602,
            74.60916534043035,
            30.330221987658263,
            19.620184686384114,
            90.52553365261949,
            76.4621626685856,
            38.27655455862231,
            108.37027806228907,
            27.073283810579188
        ],
        [
            70.79205894000454,
            80.28076165091363,
            59.016868033792925,
            31.79938877095507,
            30.549101182544337,
            25.729889663645807,
            63.21155912867565,
            19.641032180370637,
            85.32108639684071,
            0.0,
            13.367397441755609,
            35.646127612211565,
            37.7385140653422,
            72.89535309556848,
            88.42919061024325,
            8.095420486140606,
            25.97482680196111,
            50.99212951835651,
            23.711681399175784,
            70.79205894000454
        ],
        [
            67.40421345702067,
            77.16382492826861,
            68.31112205496298,
            23.47071982678798,
            17.18211751945055,
            12.547907934071954,
            52.96487743540263,
            31.450826051176705,
            85.64864359713256,
            13.367397441755609,
            0.0,
            22.53066037635493,
            49.56076921263032,
            68.71615043815584,
            85.73912265511139,
            8.99880442492665,
            15.020804611325815,
            48.59492481413243,
            24.625703779286948,
            67.40421345702067
        ],
        [
            62.0462257967045,
            71.53417424946205,
            83.08617902346353,
            28.76590936977983,
            7.060014386817073,
            9.983219215414211,
            35.40112943250529,
            51.46983852315508,
            85.41033853487602,
            35.646127612211565,
            22.53066037635493,
            0.0,
            68.72635853940238,
            61.818192049994714,
            80.33931097301505,
            31.05117792723034,
            13.025369343563604,
            47.326799339312366,
            41.61701993582388,
            62.0462257967045
        ],
        [
            72.81314080124667,
            79.97907064715311,
            25.996448749693403,
            69.32378583235474,
            65.57769534006871,
            59.98303040717677,
            84.83659634858081,
            18.186503437834162,
            74.60916534043035,
            37.7385140653422,
            49.56076921263032,
            68.72635853940238,
            0.0,
            76.69418876502316,
            85.81958515708943,
            45.75539834555241,
            56.13163455209282,
            55.37749890318475,
            56.92625445890975,
            72.81314080124667
        ],
        [
            4.644219691867582,
            10.057540765143427,
            69.78107798920497,
            88.06723541352363,
            66.7981267689069,
            64.06255024566846,
            37.35412678382537,
            71.19255654376097,
            30.330221987658263,
            72.89535309556848,
            68.71615043815584,
            61.818192049994714,
            76.69418876502316,
            0.0,
            18.67340395711678,
            75.7567256056231,
            56.104694620684455,
            22.65989511332206,
            93.21458875126449,
            4.644219691867582
        ],
        [
            18.522250844108548,
            8.814334181213214,
            73.36181013176503,
            106.02514430882584,
            85.10716781539487,
            82.08537836468699,
            55.069273048691045,
            83.72469534171525,
            19.620184686384114,
            88.42919061024325,
            85.73912265511139,
            80.33931097301505,
            85.81958515708943,
            18.67340395711678,
            0.0,
            92.16154026886548,
            73.94852079298492,
            37.50614076245008,
            109.90877301685806,
            18.522250844108548
        ],
        [
            74.08641749307843,
            83.75915202418044,
            67.01646504151454,
            23.704054013185537,
            25.052664232520584,
            21.144711608204783,
            61.88510768419405,
            27.71447863777183,
            90.52553365261949,
            8.095420486140606,
            8.99880442492665,
            31.05117792723034,
            45.75539834555241,
            75.7567256056231,
            92.16154026886548,
            0.0,
            23.906871702771515,
            54.6909120602639,
            17.88888273766521,
            74.08641749307843
        ],
        [
            55.42730703305206,
            65.1885208529562,
            70.08441765039805,
            32.082526003423325,
            13.012512895701327,
            8.390330678853926,
            37.97841503434963,
            39.36886471469042,
            76.4621626685856,
            25.97482680196111,
            15.020804611325815,
            13.025369343563604,
            56.13163455209282,
            56.104694620684455,
            73.94852079298492,
            23.906871702771515,
            0.0,
            38.254742096231276,
            38.92760980988467,
            55.42730703305206
        ],
        [
            19.92859330798182,
            29.2911529545707,
            53.28142327321607,
            70.00913765414494,
            50.616370422134494,
            46.63873381153811,
            37.40497525566202,
            48.58605284385853,
            38.27655455862231,
            50.99212951835651,
            48.59492481413243,
            47.326799339312366,
            55.37749890318475,
            22.65989511332206,
            37.50614076245008,
            54.6909120602639,
            38.254742096231276,
            0.0,
            72.49132826842519,
            19.92859330798182
        ],
        [
            91.72498011398761,
            101.44055674124101,
            80.82210474272277,
            18.998415520916613,
            34.58986381458316,
            33.24241659588718,
            75.8944162608394,
            40.53591238154016,
            108.37027806228907,
            23.711681399175784,
            24.625703779286948,
            41.61701993582388,
            56.92625445890975,
            93.21458875126449,
            109.90877301685806,
            17.88888273766521,
            38.92760980988467,
            72.49132826842519,
            0.0,
            91.72498011398761
        ],
        [
            0.0,
            9.783635052703323,
            65.25703023939424,
            87.50294835633356,
            66.65186987802907,
            63.56662844009453,
            39.98042442994148,
            68.03755525789693,
            27.073283810579188,
            70.79205894000454,
            67.40421345702067,
            62.0462257967045,
            72.81314080124667,
            4.644219691867582,
            18.522250844108548,
            74.08641749307843,
            55.42730703305206,
            19.92859330798182,
            91.72498011398761,
            0.0
        ]
    ],
    "scores_ave": [
        0,
        17.317388152896314,
        12.317539711110777,
        10.424285928495342,
        19.113922019921105,
        19.712183765802585,
        19.124329343905288,
        17.420958411514658,
        17.126463786193778,
        19.56383965896419,
        14.5998252015894,
        18.679886835736923,
        15.39454923840477,
        13.416532831249025,
        15.829750353540074,
        10.856864728667237,
        17.93124050868412,
        16.589084798943478,
        13.48821605746965,
        0
    ],
    "scores_var": [
        0,
        385.8279965060695,
        292.655116288293,
        21.89197168642015,
        375.2242706236418,
        384.72756891906863,
        255.39036286959956,
        21.232195241501707,
        344.44014403228084,
        271.96567542872396,
        338.05377304921285,
        359.6051798033254,
        333.7397557002549,
        19.879127297925507,
        23.051572836392815,
        389.0175649667316,
        383.0538605629087,
        16.46043219247747,
        297.43420600814125,
        0
    ],
    "vertex_number": 20,
    "minimum_distances": {
        "cost": 380.0005800726518,
        "path": [
            0,
            17,
            2,
            12,
            7,
            9,
            15,
            18,
            3,
            10,
            16,
            5,
            4,
            11,
            6,
            13,
            1,
            14,
            8,
            19
        ]
    }
}