{
    "vertices": [
        [
            38.13626953052014,
            40.266195603502275
        ],
        [
            8.75314777448708,
            46.53797010370432
        ],
        [
            16.45589715358372,
            62.68791773432649
        ],
        [
            39.24491053913782,
            13.500133422402838
        ],
        [
            50.43977842930006,
            64.62363879370382
        ],
        [
            22.605119155799347,
            54.662168508652506
        ],
        [
            70.77907644508777,
            47.773299064529425
        ],
        [
            70.59036565177288,
            71.42291788655511
        ],
        [
            13.258876046080925,
            14.83185851781007
        ],
        [
            72.7054296110995,
            15.731451558194287
        ],
        [
            28.858730930764096,
            4.026217704833557
        ],
        [
            80.04752752598854,
            76.63464230965626
        ],
        [
            2.126565987624418,
            8.431119712859624
        ],
        [
            13.71056678685485,
            20.364366559226312
        ],
        [
            25.884083848787974,
            42.83884891125878
        ],
        [
            73.418898944378,
            2.140671587820553
        ],
        [
            45.781342303570774,
            97.90449824227349
        ],
        [
            52.86109065185711,
            74.39523215603452
        ],
        [
            75.62337429768344,
            34.747737915537854
        ],
        [
            49.74123123477226,
            15.782261266864793
        ],
        [
            33.98870847955815,
            12.70969590850447
        ],
        [
            38.13626953052014,
            40.266195603502275
        ]
    ],
    "distances": [
        [
            0.0,
            30.04501621752346,
            31.189295755347217,
            26.789012105123817,
            27.288484200963826,
            21.17688994748779,
            33.494916713380704,
            44.988995304082906,
            35.577945550133116,
            42.39080671614422,
            37.40867172950625,
            55.490697081412456,
            48.06423624910952,
            31.50710640204023,
            12.519368954606025,
            51.94631382327288,
            58.14310852357157,
            37.17003488106318,
            37.891112402226085,
            27.094984346884832,
            27.86687887281012,
            0.0
        ],
        [
            30.04501621752346,
            0.0,
            17.892824161350617,
            44.95827230973284,
            45.440803110367916,
            16.05863353064814,
            62.038229061538324,
            66.6565986302791,
            32.024663919463976,
            70.98546285687205,
            47.02641349366188,
            77.38668013310703,
            38.678723258248844,
            26.63894753491018,
            17.5257658428436,
            78.43965508513372,
            63.32146084144049,
            52.168358934564296,
            67.90166986396189,
            51.24389340988595,
            42.20409528854932,
            30.04501621752346
        ],
        [
            31.189295755347217,
            17.892824161350617,
            0.0,
            54.210490281893655,
            34.03896594465967,
            10.11066673696346,
            56.333415113965465,
            54.834668844088675,
            47.96272873488898,
            73.272911894092,
            59.95853013587456,
            65.10304585655471,
            56.11710847153463,
            42.41249607007123,
            21.97444510112838,
            83.13093641324878,
            45.82782207259703,
            38.241330058138146,
            65.43274409577981,
            57.51568545657665,
            52.96434772432574,
            31.189295755347217
        ],
        [
            26.789012105123817,
            44.95827230973284,
            54.210490281893655,
            0.0,
            52.334862840439605,
            44.398150746654686,
            46.57309848524814,
            65.86035618108104,
            26.020136056602013,
            33.534834384386386,
            14.058015716345048,
            75.17193469247896,
            37.46286697828133,
            26.440885148126526,
            32.23774055956156,
            36.01248195685521,
            84.65708322908903,
            62.39882539472008,
            42.129008083843,
            10.7415481027677,
            5.3153035242126485,
            26.789012105123817
        ],
        [
            27.288484200963826,
            45.440803110367916,
            34.03896594465967,
            52.334862840439605,
            0.0,
            29.563476573499262,
            26.412515835558313,
            21.266790110239242,
            62.14210235479125,
            53.723413845563535,
            64.32564849075308,
            31.95125994436963,
            74.10644841770196,
            57.514503967270066,
            32.826196955384134,
            66.57447837195541,
            33.6053066162615,
            10.067114269633063,
            39.07407009954369,
            48.84637270977446,
            54.45819652154339,
            27.288484200963826
        ],
        [
            21.17688994748779,
            16.05863353064814,
            10.11066673696346,
            44.398150746654686,
            29.563476573499262,
            0.0,
            48.66401836191045,
            50.82820674574506,
            40.91217244577171,
            63.44794582958658,
            51.020654386618276,
            61.50138115768929,
            50.563633301224996,
            35.43236204948746,
            12.269576022013986,
            73.07905209570747,
            49.06155725398958,
            36.12225923280394,
            56.6349708584537,
            47.413244625237326,
            43.46948427527254,
            21.17688994748779
        ],
        [
            33.494916713380704,
            62.038229061538324,
            56.333415113965465,
            46.57309848524814,
            26.412515835558313,
            48.66401836191045,
            0.0,
            23.65037171358254,
            66.28508097026776,
            32.09970137149937,
            60.589788706779025,
            30.313055262577524,
            79.1263184297808,
            63.30927558969606,
            45.16535351945035,
            45.708919843459924,
            56.01806711417854,
            32.09020935448988,
            13.897210688867808,
            38.288607058298716,
            50.82309948559091,
            33.494916713380704
        ],
        [
            44.988995304082906,
            66.6565986302791,
            54.834668844088675,
            65.86035618108104,
            21.266790110239242,
            50.82820674574506,
            23.65037171358254,
            0.0,
            80.55710832002593,
            55.73161506142622,
            79.27070412121097,
            10.798147164095662,
            93.03364177332972,
            76.43485580910715,
            53.0631758551295,
            69.33996144205659,
            36.28721176431178,
            17.976702816122575,
            37.01891411071259,
            59.418591997862485,
            69.18759818635264,
            44.988995304082906
        ],
        [
            35.577945550133116,
            32.024663919463976,
            47.96272873488898,
            26.020136056602013,
            62.14210235479125,
            40.91217244577171,
            66.28508097026776,
            80.55710832002593,
            0.0,
            59.45335985793343,
            18.976758042464397,
            90.99619800258827,
            12.841253228825074,
            5.55091611841111,
            30.721122749018523,
            61.484100227746396,
            89.21196266342346,
            71.52713387833099,
            65.46734219715178,
            36.49473257196501,
            20.83817474877248,
            35.577945550133116
        ],
        [
            42.39080671614422,
            70.98546285687205,
            73.272911894092,
            33.534834384386386,
            53.723413845563535,
            63.44794582958658,
            32.09970137149937,
            55.73161506142622,
            59.45335985793343,
            0.0,
            45.38221551143123,
            61.3441524963935,
            70.95541441943034,
            59.1764965257173,
            54.102212618809375,
            13.609494431926585,
            86.47147552047026,
            61.929289861590064,
            19.238855163924242,
            22.964254586069327,
            38.83446281827487,
            42.39080671614422
        ],
        [
            37.40867172950625,
            47.02641349366188,
            59.95853013587456,
            14.058015716345048,
            64.32564849075308,
            51.020654386618276,
            60.589788706779025,
            79.27070412121097,
            18.976758042464397,
            45.38221551143123,
            0.0,
            88.83848389330765,
            27.092652218775818,
            22.280080451360877,
            38.92645458333294,
            44.600043246177265,
            95.391332584996,
            74.34992580368913,
            55.95304882928067,
            23.96421038088418,
            10.085606742519701,
            37.40867172950625
        ],
        [
            55.490697081412456,
            77.38668013310703,
            65.10304585655471,
            75.17193469247896,
            31.95125994436963,
            61.50138115768929,
            30.313055262577524,
            10.798147164095662,
            90.99619800258827,
            61.3441524963935,
            88.83848389330765,
            0.0,
            103.55383499260165,
            86.98813880716605,
            63.84226094367621,
            74.78830383675418,
            40.33085941424177,
            27.278513664554332,
            42.119898996905704,
            67.98149655213598,
            78.78967942784098,
            55.490697081412456
        ],
        [
            48.06423624910952,
            38.678723258248844,
            56.11710847153463,
            37.46286697828133,
            74.10644841770196,
            50.563633301224996,
            79.1263184297808,
            93.03364177332972,
            12.841253228825074,
            70.95541441943034,
            27.092652218775818,
            103.55383499260165,
            0.0,
            16.631038897582187,
            41.812814824092804,
            71.56931239037037,
            99.55513528022092,
            83.21812376713054,
            78.0662873806043,
            48.17878816185573,
            32.148131181115765,
            48.06423624910952
        ],
        [
            31.50710640204023,
            26.63894753491018,
            42.41249607007123,
            26.440885148126526,
            57.514503967270066,
            35.43236204948746,
            63.30927558969606,
            76.43485580910715,
            5.55091611841111,
            59.1764965257173,
            22.280080451360877,
            86.98813880716605,
            16.631038897582187,
            0.0,
            25.559672819678184,
            62.427461805234024,
            83.91070649010103,
            66.72404331307017,
            63.56160087227568,
            36.3208544705202,
            21.674801343504264,
            31.50710640204023
        ],
        [
            12.519368954606025,
            17.5257658428436,
            21.97444510112838,
            32.23774055956156,
            32.826196955384134,
            12.269576022013986,
            45.16535351945035,
            53.0631758551295,
            30.721122749018523,
            54.102212618809375,
            38.92645458333294,
            63.84226094367621,
            41.812814824092804,
            25.559672819678184,
            0.0,
            62.57715464626012,
            58.55020606507467,
            41.515830950903556,
            50.39308575097044,
            36.07246063627141,
            31.200173093575387,
            12.519368954606025
        ],
        [
            51.94631382327288,
            78.43965508513372,
            83.13093641324878,
            36.01248195685521,
            66.57447837195541,
            73.07905209570747,
            45.708919843459924,
            69.33996144205659,
            61.484100227746396,
            13.609494431926585,
            44.600043246177265,
            74.78830383675418,
            71.56931239037037,
            62.427461805234024,
            62.57715464626012,
            0.0,
            99.67218785889041,
            75.12220047827235,
            32.68150067061619,
            27.326267896255295,
            40.822104247370426,
            51.94631382327288
        ],
        [
            58.14310852357157,
            63.32146084144049,
            45.82782207259703,
            84.65708322908903,
            33.6053066162615,
            49.06155725398958,
            56.01806711417854,
            36.28721176431178,
            89.21196266342346,
            86.47147552047026,
            95.391332584996,
            40.33085941424177,
            99.55513528022092,
            83.91070649010103,
            58.55020606507467,
            99.67218785889041,
            0.0,
            24.552157310278233,
            69.85215278362129,
            82.21765337318158,
            86.00709597002576,
            58.14310852357157
        ],
        [
            37.17003488106318,
            52.168358934564296,
            38.241330058138146,
            62.39882539472008,
            10.067114269633063,
            36.12225923280394,
            32.09020935448988,
            17.976702816122575,
            71.52713387833099,
            61.929289861590064,
            74.34992580368913,
            27.278513664554332,
            83.21812376713054,
            66.72404331307017,
            41.515830950903556,
            75.12220047827235,
            24.552157310278233,
            0.0,
            45.71701386052319,
            58.69594431676716,
            64.50792347458295,
            37.17003488106318
        ],
        [
            37.891112402226085,
            67.90166986396189,
            65.43274409577981,
            42.129008083843,
            39.07407009954369,
            56.6349708584537,
            13.897210688867808,
            37.01891411071259,
            65.46734219715178,
            19.238855163924242,
            55.95304882928067,
            42.119898996905704,
            78.0662873806043,
            63.56160087227568,
            50.39308575097044,
            32.68150067061619,
            69.85215278362129,
            45.71701386052319,
            0.0,
            32.08698543086223,
            47.107543910617316,
            37.891112402226085
        ],
        [
            27.094984346884832,
            51.24389340988595,
            57.51568545657665,
            10.7415481027677,
            48.84637270977446,
            47.413244625237326,
            38.288607058298716,
            59.418591997862485,
            36.49473257196501,
            22.964254586069327,
            23.96421038088418,
            67.98149655213598,
            48.17878816185573,
            36.3208544705202,
            36.07246063627141,
            27.326267896255295,
            82.21765337318158,
            58.69594431676716,
            32.08698543086223,
            0.0,
            16.04938101718986,
            27.094984346884832
        ],
        [
            27.86687887281012,
            42.20409528854932,
            52.96434772432574,
            5.3153035242126485,
            54.45819652154339,
            43.46948427527254,
            50.82309948559091,
            69.18759818635264,
            20.83817474877248,
            38.83446281827487,
            10.085606742519701,
            78.78967942784098,
            32.148131181115765,
            21.674801343504264,
            31.200173093575387,
            40.822104247370426,
            86.00709597002576,
            64.50792347458295,
            47.107543910617316,
            16.04938101718986,
            0.0,
            27.86687887281012
        ],
        [
            0.0,
            30.04501621752346,
            31.189295755347217,
            26.789012105123817,
            27.288484200963826,
            21.17688994748779,
            33.494916713380704,
            44.988995304082906,
            35.577945550133116,
            42.39080671614422,
            37.40867172950625,
            55.490697081412456,
            48.06423624910952,
            31.50710640204023,
            12.519368954606025,
            51.94631382327288,
            58.14310852357157,
            37.17003488106318,
            37.891112402226085,
            27.094984346884832,
            27.86687887281012,
            0.0
        ]
    ],
    "scores_ave": [
        0,
        18.202379303721976,
        13.424063295305121,
        10.534432711199809,
        13.175942784253673,
        15.223881827964062,
        11.543956268347062,
        16.775360966319596,
        13.150846208941974,
        14.493031012299848,
        12.4582850863087,
        17.464256448233648,
        13.972311683789217,
        10.003807942480151,
        16.077032097608292,
        13.192976155107747,
        13.716591729399713,
        15.728677580422543,
        17.18410114205197,
        17.00809683613263,
        16.925223609154642,
        0
    ],
    "scores_var": [
        0,
        19.224821289227517,
        392.0986391228229,
        275.31257213445735,
        21.001750435609427,
        23.151720944136745,
        22.61973263501388,
        24.46522652550366,
        16.837667576749446,
        313.8653135292752,
        265.4415769274745,
        18.747809089441088,
        295.15850596234935,
        23.189332223156974,
        19.86556330329846,
        21.971808151927032,
        258.3832344152677,
        366.17534966679875,
        24.728049535056577,
        22.976478640025242,
        394.32405433432973,
        0
    ],
    "vertex_number": 22,
    "minimum_distances": {
        "cost": 374.21696665962037,
        "path": [
            0,
            14,
            1,
            2,
            5,
            4,
            17,
            16,
            11,
            7,
            6,
            18,
            9,
            15,
            19,
            3,
            20,
            10,
            12,
            8,
            13,
            21
        ]
    }
}