{
    "vertices": [
        [
            68.89722961754353,
            84.32863149120904
        ],
        [
            23.312684646578376,
            54.22699174022082
        ],
        [
            9.717064959712973,
            80.00007251564081
        ],
        [
            32.47167482944802,
            93.91698525887739
        ],
        [
            81.87584611777325,
            98.07289284004209
        ],
        [
            19.496528210941744,
            52.90815109153889
        ],
        [
            53.03958899458932,
            21.21409223659808
        ],
        [
            24.972285619669734,
            43.83575266403496
        ],
        [
            62.3201049063068,
            72.61080063248137
        ],
        [
            66.06610563806036,
            91.82211615376806
        ],
        [
            7.1628908341003665,
            58.26094701371992
        ],
        [
            5.385991781112864,
            98.11522829582519
        ],
        [
            7.440058447814202,
            2.0851018588189607
        ],
        [
            82.52440726115138,
            3.150615971850157
        ],
        [
            39.40695903613401,
            56.78601359030584
        ],
        [
            83.94892261333848,
            39.65482942567278
        ],
        [
            73.94806341556934,
            6.145775890389538
        ],
        [
            11.513445698217527,
            70.9564127238697
        ],
        [
            96.25717717678889,
            36.59931175426089
        ],
        [
            21.78195627252071,
            48.25253966323317
        ],
        [
            94.69632080596888,
            87.33145281332261
        ],
        [
            68.89722961754353,
            84.32863149120904
        ]
    ],
    "distances": [
        [
            0.0,
            54.626545341145444,
            59.338253359303636,
            37.66639841549106,
            18.903682347232277,
            58.546356744124424,
            65.07618482554578,
            59.74172696640558,
            13.437489702355538,
            8.010466614075112,
            67.01233288766227,
            64.99036530878031,
            102.66928486445805,
            82.31385165445556,
            40.35185076052771,
            47.1412988050857,
            78.34583480922181,
            58.921260099063396,
            55.015040607060214,
            59.34082392381121,
            25.973256284902487,
            0.0
        ],
        [
            54.626545341145444,
            0.0,
            29.139192976577192,
            40.73306625680054,
            73.1580954150431,
            4.037621898824437,
            44.42454699546284,
            10.522933285369513,
            43.12242183257139,
            56.931962781419976,
            16.645979554659565,
            47.40826536642551,
            54.504283711006906,
            78.19734174904501,
            16.296449335837515,
            62.36265925442159,
            69.82653435963472,
            20.47182371477117,
            75.04421424851719,
            6.16743114881449,
            78.68626852429054,
            54.626545341145444
        ],
        [
            59.338253359303636,
            29.139192976577192,
            0.0,
            26.67307126348041,
            74.38761007516592,
            28.80295311130174,
            73.02487635128485,
            39.25022022502834,
            53.119498779508426,
            57.57582045574196,
            21.888658776914955,
            18.625709753422466,
            77.94823545859546,
            105.86192924784051,
            37.68796017374813,
            84.48732053211732,
            97.87787437744458,
            9.220345231441584,
            96.81331033081467,
            33.962736117759505,
            85.29491814435755,
            59.338253359303636
        ],
        [
            37.66639841549106,
            40.73306625680054,
            26.67307126348041,
            0.0,
            49.57866182652938,
            43.0125436301552,
            75.55626874663419,
            50.63961588261157,
            36.67263668441638,
            33.65968297417823,
            43.72513705711278,
            27.409112915089956,
            95.18233358916562,
            103.65235075688679,
            37.77310185938893,
            74.79497707113117,
            97.07768025737874,
            31.08754186893051,
            85.75491825944704,
            46.89895174077846,
            62.572164773921706,
            37.66639841549106
        ],
        [
            18.903682347232277,
            73.1580954150431,
            74.38761007516592,
            49.57866182652938,
            0.0,
            77.01320146397329,
            82.09022447937599,
            78.61095707236474,
            32.10522004154731,
            17.000591260822052,
            84.65823478964178,
            76.48986605253235,
            121.46745450326274,
            94.92449250535071,
            59.2301677199662,
            58.454835379476854,
            92.26832917772198,
            75.40670319469396,
            63.1333814597248,
            78.059869250437,
            16.72552256517793,
            18.903682347232277
        ],
        [
            58.546356744124424,
            4.037621898824437,
            28.80295311130174,
            43.0125436301552,
            77.01320146397329,
            0.0,
            46.1481342356972,
            10.5968076526195,
            47.13865844417949,
            60.6879083393454,
            13.445111941815007,
            47.358072888281995,
            52.233521769651745,
            80.30146847197075,
            20.284552575891574,
            65.80092460886107,
            71.775270257895,
            19.734977941564253,
            78.47404328940338,
            5.1863184626499175,
            82.70412630433898,
            58.546356744124424
        ],
        [
            65.07618482554578,
            44.42454699546284,
            73.02487635128485,
            75.55626874663419,
            82.09022447937599,
            46.1481342356972,
            0.0,
            36.04875919132358,
            52.227862387035344,
            71.79960429800624,
            58.96728654928736,
            90.46905578474892,
            49.449322128411865,
            34.57808096148922,
            38.094752766995924,
            35.99232824966537,
            25.772436053314618,
            64.79752329008608,
            45.87444722165999,
            41.329375057344436,
            78.145944711404,
            65.07618482554578
        ],
        [
            59.74172696640558,
            10.522933285369513,
            39.25022022502834,
            50.63961588261157,
            78.61095707236474,
            10.5968076526195,
            36.04875919132358,
            0.0,
            47.14724796903518,
            63.17747323748135,
            22.918568337800863,
            57.705150387052974,
            45.282400911001105,
            70.48068567414525,
            19.392499959996876,
            59.12464655461421,
            61.799362131912524,
            30.2765680702485,
            71.65125149884605,
            5.44850518395336,
            82.17856785158173,
            59.74172696640558
        ],
        [
            13.437489702355538,
            43.12242183257139,
            53.119498779508426,
            36.67263668441638,
            32.10522004154731,
            47.13865844417949,
            52.227862387035344,
            47.14724796903518,
            0.0,
            19.57312355094938,
            56.993302791530596,
            62.38564793113171,
            89.36270859144588,
            72.33900114554365,
            27.84665399285923,
            39.41956105270585,
            67.47450580078382,
            50.83358751100578,
            49.482847589019386,
            47.29340727946057,
            35.56567104119979,
            13.437489702355538
        ],
        [
            8.010466614075112,
            56.931962781419976,
            57.57582045574196,
            33.65968297417823,
            17.000591260822052,
            60.6879083393454,
            71.79960429800624,
            63.17747323748135,
            19.57312355094938,
            0.0,
            67.79336832086433,
            61.00556923859181,
            107.19022876981312,
            90.18597804996355,
            44.02543106410709,
            55.14726600242846,
            86.03813421578045,
            58.40693696930705,
            62.93694405039739,
            62.12402015801937,
            28.98025668964924,
            8.010466614075112
        ],
        [
            67.01233288766227,
            16.645979554659565,
            21.888658776914955,
            43.72513705711278,
            84.65823478964178,
            13.445111941815007,
            58.96728654928736,
            22.918568337800863,
            56.993302791530596,
            67.79336832086433,
            0.0,
            39.89387304784626,
            56.17652891335937,
            93.36223404422773,
            32.277784354272235,
            79.00811533065703,
            84.71275192053794,
            13.420215245042922,
            91.68979387601878,
            17.716808177154636,
            92.23446031763152,
            67.01233288766227
        ],
        [
            64.99036530878031,
            47.40826536642551,
            18.625709753422466,
            27.409112915089956,
            76.48986605253235,
            47.358072888281995,
            90.46905578474892,
            57.705150387052974,
            62.38564793113171,
            61.00556923859181,
            39.89387304784626,
            0.0,
            96.05209197814828,
            122.34628207107038,
            53.53064730733357,
            97.92728086190479,
            114.71328537952364,
            27.841461074766407,
            109.73504601158204,
            52.48919288076669,
            89.95901669196404,
            64.99036530878031
        ],
        [
            102.66928486445805,
            54.504283711006906,
            77.94823545859546,
            95.18233358916562,
            121.46745450326274,
            52.233521769651745,
            49.449322128411865,
            45.282400911001105,
            89.36270859144588,
            107.19022876981312,
            56.17652891335937,
            96.05209197814828,
            0.0,
            75.09190873221932,
            63.35670822793306,
            85.23550155508126,
            66.63185273111964,
            68.99166575726524,
            95.28751893098806,
            48.34379325868809,
            121.98604703724737,
            102.66928486445805
        ],
        [
            82.31385165445556,
            78.19734174904501,
            105.86192924784051,
            103.65235075688679,
            94.92449250535071,
            80.30146847197075,
            34.57808096148922,
            70.48068567414525,
            72.33900114554365,
            90.18597804996355,
            93.36223404422773,
            122.34628207107038,
            75.09190873221932,
            0.0,
            68.81765920987792,
            36.53199753463888,
            9.084308267296846,
            98.18443224497788,
            36.15804501214218,
            75.6559903297124,
            85.05626826209294,
            82.31385165445556
        ],
        [
            40.35185076052771,
            16.296449335837515,
            37.68796017374813,
            37.77310185938893,
            59.2301677199662,
            20.284552575891574,
            38.094752766995924,
            19.392499959996876,
            27.84665399285923,
            44.02543106410709,
            32.277784354272235,
            53.53064730733357,
            63.35670822793306,
            68.81765920987792,
            0.0,
            47.72278271638803,
            61.29862613513512,
            31.28655139092566,
            60.32785619974761,
            19.58215768707334,
            63.165951130673946,
            40.35185076052771
        ],
        [
            47.1412988050857,
            62.36265925442159,
            84.48732053211732,
            74.79497707113117,
            58.454835379476854,
            65.80092460886107,
            35.99232824966537,
            59.12464655461421,
            39.41956105270585,
            55.14726600242846,
            79.00811533065703,
            97.92728086190479,
            85.23550155508126,
            36.53199753463888,
            47.72278271638803,
            0.0,
            34.969613288168944,
            78.90936213716964,
            12.681849969109713,
            62.75868326653628,
            48.87296784070673,
            47.1412988050857
        ],
        [
            78.34583480922181,
            69.82653435963472,
            97.87787437744458,
            97.07768025737874,
            92.26832917772198,
            71.775270257895,
            25.772436053314618,
            61.799362131912524,
            67.47450580078382,
            86.03813421578045,
            84.71275192053794,
            114.71328537952364,
            66.63185273111964,
            9.084308267296846,
            61.29862613513512,
            34.969613288168944,
            0.0,
            89.99166703797144,
            37.750687456298515,
            67.03940848398118,
            83.79501370710035,
            78.34583480922181
        ],
        [
            58.921260099063396,
            20.47182371477117,
            9.220345231441584,
            31.08754186893051,
            75.40670319469396,
            19.734977941564253,
            64.79752329008608,
            30.2765680702485,
            50.83358751100578,
            58.40693696930705,
            13.420215245042922,
            27.841461074766407,
            68.99166575726524,
            98.18443224497788,
            31.28655139092566,
            78.90936213716964,
            89.99166703797144,
            0.0,
            91.44348206377589,
            24.918028841946416,
            84.77931734286936,
            58.921260099063396
        ],
        [
            55.015040607060214,
            75.04421424851719,
            96.81331033081467,
            85.75491825944704,
            63.1333814597248,
            78.47404328940338,
            45.87444722165999,
            71.65125149884605,
            49.482847589019386,
            62.93694405039739,
            91.68979387601878,
            109.73504601158204,
            95.28751893098806,
            36.15804501214218,
            60.32785619974761,
            12.681849969109713,
            37.750687456298515,
            91.44348206377589,
            0.0,
            75.3814051967592,
            50.75614651494798,
            55.015040607060214
        ],
        [
            59.34082392381121,
            6.16743114881449,
            33.962736117759505,
            46.89895174077846,
            78.059869250437,
            5.1863184626499175,
            41.329375057344436,
            5.44850518395336,
            47.29340727946057,
            62.12402015801937,
            17.716808177154636,
            52.48919288076669,
            48.34379325868809,
            75.6559903297124,
            19.58215768707334,
            62.75868326653628,
            67.03940848398118,
            24.918028841946416,
            75.3814051967592,
            0.0,
            82.72645289330855,
            59.34082392381121
        ],
        [
            25.973256284902487,
            78.68626852429054,
            85.29491814435755,
            62.572164773921706,
            16.72552256517793,
            82.70412630433898,
            78.145944711404,
            82.17856785158173,
            35.56567104119979,
            28.98025668964924,
            92.23446031763152,
            89.95901669196404,
            121.98604703724737,
            85.05626826209294,
            63.165951130673946,
            48.87296784070673,
            83.79501370710035,
            84.77931734286936,
            50.75614651494798,
            82.72645289330855,
            0.0,
            25.973256284902487
        ],
        [
            0.0,
            54.626545341145444,
            59.338253359303636,
            37.66639841549106,
            18.903682347232277,
            58.546356744124424,
            65.07618482554578,
            59.74172696640558,
            13.437489702355538,
            8.010466614075112,
            67.01233288766227,
            64.99036530878031,
            102.66928486445805,
            82.31385165445556,
            40.35185076052771,
            47.1412988050857,
            78.34583480922181,
            58.921260099063396,
            55.015040607060214,
            59.34082392381121,
            25.973256284902487,
            0.0
        ]
    ],
    "scores_ave": [
        0,
        13.211824327388413,
        11.046113551005568,
        18.892675069299163,
        13.827854440667743,
        15.419908099664422,
        17.41198690116738,
        13.511443934504515,
        16.28553550466112,
        12.070878717021433,
        11.625176247211883,
        17.653000489101792,
        19.737552824280158,
        11.433509164980686,
        19.888285501232698,
        13.56112439481444,
        14.107283972136635,
        13.40348264019875,
        18.960845364730915,
        10.644818119587994,
        15.879549359809575,
        0
    ],
    "scores_var": [
        0,
        304.59836196552334,
        24.384905384616765,
        19.059925632420477,
        20.868535103037168,
        17.907771718900122,
        295.22170810214703,
        21.612085656950782,
        227.17405300049987,
        19.047270073478394,
        23.402457589107982,
        21.328928772025506,
        19.757097424863545,
        327.4449088386835,
        353.53772372415915,
        297.249469739519,
        19.83255785164816,
        19.913060610709145,
        375.3396175908284,
        285.4208064397456,
        233.31668184895818,
        0
    ],
    "vertex_number": 22,
    "minimum_distances": {
        "cost": 452.12969537391893,
        "path": [
            0,
            20,
            4,
            9,
            3,
            11,
            2,
            17,
            10,
            5,
            1,
            14,
            19,
            7,
            12,
            6,
            16,
            13,
            18,
            15,
            8,
            21
        ]
    }
}