{
    "vertices": [
        [
            53.02897573063,
            22.40645421882369
        ],
        [
            80.27062236325226,
            46.00085491603888
        ],
        [
            87.37042279116226,
            58.51236690646202
        ],
        [
            98.48871074680743,
            13.758541744502805
        ],
        [
            76.32408816898172,
            99.46255846088505
        ],
        [
            88.70646197487086,
            74.55599829656487
        ],
        [
            35.016056830464095,
            15.651275321979785
        ],
        [
            71.03293182346516,
            1.5663391440444596
        ],
        [
            98.80859275142194,
            72.73730964503586
        ],
        [
            93.68206365867653,
            21.013405251390793
        ],
        [
            4.38451605294804,
            47.026266000456
        ],
        [
            53.569001585323825,
            30.053822855029356
        ],
        [
            22.735503847432504,
            38.0705054222212
        ],
        [
            56.07402344162986,
            19.4084514987934
        ],
        [
            94.763482075736,
            71.5893077306637
        ],
        [
            84.28978168450476,
            79.13768127433426
        ],
        [
            83.48077468739649,
            40.39596958920687
        ],
        [
            53.02897573063,
            22.40645421882369
        ]
    ],
    "distances": [
        [
            0.0,
            36.03891029869533,
            49.82942822488235,
            46.27498133878157,
            80.50034449913166,
            63.1859001061492,
            19.237923204761977,
            27.540022355161167,
            68.03652212234731,
            40.67694855211177,
            54.51989168639853,
            7.6664121322662995,
            34.10362061190478,
            4.273211423692315,
            64.5036595817385,
            64.77399255958912,
            35.368555567969935,
            0.0
        ],
        [
            36.03891029869533,
            0.0,
            14.385586481011226,
            37.03330262078224,
            53.60717189018242,
            29.775150770992752,
            54.48919785698397,
            45.38459120010329,
            32.534510255855416,
            28.359114907978586,
            75.89303392822583,
            31.101195856802118,
            58.07908664677432,
            35.95318231922436,
            29.407684371470243,
            33.379677990499395,
            6.4590879751823636,
            36.03891029869533
        ],
        [
            49.82942822488235,
            14.385586481011226,
            0.0,
            46.114218996876204,
            42.41390923894099,
            16.099164850447927,
            67.66130952738119,
            59.24325859570534,
            18.253238834669638,
            38.026424176472055,
            83.77703283828176,
            44.18625131261802,
            67.79043035564388,
            50.08573462030397,
            15.022107272446652,
            20.85411092330682,
            18.529252929564596,
            49.82942822488235
        ],
        [
            46.27498133878157,
            37.03330262078224,
            46.114218996876204,
            0.0,
            88.52371984580962,
            61.57940495194743,
            63.500867990754294,
            30.041131811868684,
            58.97963536307956,
            8.702695027025383,
            99.81152707052392,
            47.78406070671848,
            79.55890857349794,
            42.789334879472236,
            57.950624010426985,
            66.90322467697257,
            30.57434720390907,
            46.27498133878157
        ],
        [
            80.50034449913166,
            53.60717189018242,
            42.41390923894099,
            88.52371984580962,
            0.0,
            27.814742858557413,
            93.43813265714219,
            98.0391049122933,
            34.92551890218417,
            80.34655532371968,
            89.02172096310909,
            73.0435934482508,
            81.49061630574349,
            82.57557243495168,
            33.4204930232669,
            21.83009175041687,
            59.49857210772975,
            80.50034449913166
        ],
        [
            63.1859001061492,
            29.775150770992752,
            16.099164850447927,
            61.57940495194743,
            27.814742858557413,
            0.0,
            79.70210783463102,
            75.09889487345171,
            10.264534798895705,
            53.77328223306638,
            88.70217993011838,
            56.70171727254999,
            75.38805281034925,
            64.07907585505697,
            6.744534484758098,
            6.363873324956286,
            34.55742132905743,
            63.1859001061492
        ],
        [
            19.237923204761977,
            54.48919785698397,
            67.66130952738119,
            63.500867990754294,
            93.43813265714219,
            79.70210783463102,
            0.0,
            38.672997186641446,
            85.60550773145285,
            58.91054909392504,
            43.848390283784624,
            23.487126995838157,
            25.562352392857292,
            21.39051964353807,
            81.84630897721856,
            80.36431858566868,
            54.41625466099815,
            19.237923204761977
        ],
        [
            27.540022355161167,
            45.38459120010329,
            59.24325859570534,
            30.041131811868684,
            98.0391049122933,
            75.09889487345171,
            38.672997186641446,
            0.0,
            76.39891610512424,
            29.85249659697298,
            80.6759956524244,
            33.41445177683299,
            60.54085979538809,
            23.283253923273424,
            73.93480334022819,
            78.69597949153831,
            40.77608358429006,
            27.540022355161167
        ],
        [
            68.03652212234731,
            32.534510255855416,
            18.253238834669638,
            58.97963536307956,
            34.92551890218417,
            10.264534798895705,
            85.60550773145285,
            76.39891610512424,
            0.0,
            51.97733723712385,
            97.86196414160494,
            62.19727207384873,
            83.59965412857424,
            68.33893857293567,
            4.204857759062792,
            15.866966685222621,
            35.78972315079615,
            68.03652212234731
        ],
        [
            40.67694855211177,
            28.359114907978586,
            38.026424176472055,
            8.702695027025383,
            80.34655532371968,
            53.77328223306638,
            58.91054909392504,
            29.85249659697298,
            51.97733723712385,
            0.0,
            93.00925186640092,
            41.1191792154078,
            72.9682055095791,
            37.64227099306012,
            50.58746265020296,
            58.87823387189592,
            21.90319832775888,
            40.67694855211177
        ],
        [
            54.51989168639853,
            75.89303392822583,
            83.77703283828176,
            99.81152707052392,
            89.02172096310909,
            88.70217993011838,
            43.848390283784624,
            80.6759956524244,
            97.86196414160494,
            93.00925186640092,
            0.0,
            52.030543370305324,
            20.41970618221482,
            58.60502411852449,
            93.65735699019156,
            86.11616843857546,
            79.3736666689185,
            54.51989168639853
        ],
        [
            7.6664121322662995,
            31.101195856802118,
            44.18625131261802,
            47.78406070671848,
            73.0435934482508,
            56.70171727254999,
            23.487126995838157,
            33.41445177683299,
            62.19727207384873,
            41.1191792154078,
            52.030543370305324,
            0.0,
            31.858621786506504,
            10.936135780646648,
            58.499416464858854,
            57.90502126092866,
            31.649236470745016,
            7.6664121322662995
        ],
        [
            34.10362061190478,
            58.07908664677432,
            67.79043035564388,
            79.55890857349794,
            81.49061630574349,
            75.38805281034925,
            25.562352392857292,
            60.54085979538809,
            83.59965412857424,
            72.9682055095791,
            20.41970618221482,
            31.858621786506504,
            0.0,
            38.20640188991379,
            79.44519970299912,
            73.99622998850592,
            60.789766515528854,
            34.10362061190478
        ],
        [
            4.273211423692315,
            35.95318231922436,
            50.08573462030397,
            42.789334879472236,
            82.57557243495168,
            64.07907585505697,
            21.39051964353807,
            23.283253923273424,
            68.33893857293567,
            37.64227099306012,
            58.60502411852449,
            10.936135780646648,
            38.20640188991379,
            0.0,
            64.95934087174321,
            66.05838253242142,
            34.51964555789591,
            4.273211423692315
        ],
        [
            64.5036595817385,
            29.407684371470243,
            15.022107272446652,
            57.950624010426985,
            33.4204930232669,
            6.744534484758098,
            81.84630897721856,
            73.93480334022819,
            4.204857759062792,
            50.58746265020296,
            93.65735699019156,
            58.499416464858854,
            79.44519970299912,
            64.95934087174321,
            0.0,
            12.910319246248823,
            33.17112947154734,
            64.5036595817385
        ],
        [
            64.77399255958912,
            33.379677990499395,
            20.85411092330682,
            66.90322467697257,
            21.83009175041687,
            6.363873324956286,
            80.36431858566868,
            78.69597949153831,
            15.866966685222621,
            58.87823387189592,
            86.11616843857546,
            57.90502126092866,
            73.99622998850592,
            66.05838253242142,
            12.910319246248823,
            0.0,
            38.750157633420095,
            64.77399255958912
        ],
        [
            35.368555567969935,
            6.4590879751823636,
            18.529252929564596,
            30.57434720390907,
            59.49857210772975,
            34.55742132905743,
            54.41625466099815,
            40.77608358429006,
            35.78972315079615,
            21.90319832775888,
            79.3736666689185,
            31.649236470745016,
            60.789766515528854,
            34.51964555789591,
            33.17112947154734,
            38.750157633420095,
            0.0,
            35.368555567969935
        ],
        [
            0.0,
            36.03891029869533,
            49.82942822488235,
            46.27498133878157,
            80.50034449913166,
            63.1859001061492,
            19.237923204761977,
            27.540022355161167,
            68.03652212234731,
            40.67694855211177,
            54.51989168639853,
            7.6664121322662995,
            34.10362061190478,
            4.273211423692315,
            64.5036595817385,
            64.77399255958912,
            35.368555567969935,
            0.0
        ]
    ],
    "scores_ave": [
        0,
        16.71408289309626,
        19.8010749748029,
        16.445850960210155,
        10.006822216981025,
        12.466019041251196,
        11.527197075458732,
        10.772389423330818,
        15.381668996562851,
        10.804947090519022,
        14.209431256046523,
        12.534244555324534,
        12.8186804501637,
        19.6550724629721,
        15.832787521339899,
        18.77462690903507,
        17.01984837686544,
        0
    ],
    "scores_var": [
        0,
        22.25796715183394,
        18.916323344247292,
        252.51738970286064,
        21.872119427026504,
        249.14191902406722,
        18.54235095401193,
        18.07144515840409,
        314.7112141413989,
        235.30124929348398,
        17.46487893943114,
        19.950414248809736,
        21.05488224826251,
        19.470639848263783,
        19.75558138036864,
        17.02968842647753,
        375.2507911080751,
        0
    ],
    "vertex_number": 18,
    "minimum_distances": {
        "cost": 332.60207978996164,
        "path": [
            0,
            11,
            6,
            12,
            10,
            4,
            15,
            5,
            14,
            8,
            2,
            1,
            16,
            9,
            3,
            7,
            13,
            17
        ]
    }
}