{
    "vertices": [
        [
            22.88007692242853,
            53.15772235320364
        ],
        [
            95.8554755929665,
            48.58839809813315
        ],
        [
            87.28933895130858,
            20.256389059867864
        ],
        [
            83.56770575635595,
            56.03789429210796
        ],
        [
            76.19320516634274,
            37.443695036660074
        ],
        [
            84.27923364327754,
            95.5701907517825
        ],
        [
            28.777721632007868,
            32.74547957245104
        ],
        [
            76.58175883583868,
            88.08947224932126
        ],
        [
            92.96716890217691,
            76.03454382321104
        ],
        [
            27.656178933555275,
            67.25734863528085
        ],
        [
            14.082678853221209,
            75.58323111216936
        ],
        [
            14.355221399375594,
            0.20774141859863926
        ],
        [
            29.35612814096238,
            77.16390451696303
        ],
        [
            99.5326894428434,
            46.102883406813056
        ],
        [
            0.402169330438773,
            82.686883266722
        ],
        [
            82.2910594003488,
            40.29215106461146
        ],
        [
            36.87032885489885,
            1.9363197425641854
        ],
        [
            22.88007692242853,
            53.15772235320364
        ]
    ],
    "distances": [
        [
            0.0,
            73.11831190113685,
            72.3260033983912,
            60.755935379863836,
            55.580754741701014,
            74.62354803741128,
            21.2471614212538,
            64.06323275587954,
            73.72617867995262,
            14.886591675562656,
            24.08936810890939,
            53.63183422803996,
            24.86435242399595,
            76.97657928723758,
            37.11101822869445,
            60.78805609306484,
            53.097638690766765,
            0.0
        ],
        [
            73.11831190113685,
            0.0,
            29.59867282679918,
            14.369560922365068,
            22.60109034223992,
            48.386963312737855,
            68.92331350028307,
            43.95237213998411,
            27.597703359197688,
            70.70837135019337,
            86.11336305182488,
            94.77858077837482,
            72.3790216750334,
            4.4384327164545985,
            101.36094103371569,
            15.90034909955648,
            75.20414849332128,
            73.11831190113685
        ],
        [
            72.3260033983912,
            29.59867282679918,
            0.0,
            35.9745280764404,
            20.457948863797114,
            75.37393089957882,
            59.829647693696025,
            68.67298920912435,
            56.066391909542745,
            75.92894029757413,
            91.76205389046834,
            75.63949877757618,
            81.20789512292225,
            28.59966610443618,
            106.99040541860681,
            20.649807688699422,
            53.64421235224428,
            72.3260033983912
        ],
        [
            60.755935379863836,
            14.369560922365068,
            35.9745280764404,
            0.0,
            20.00318736860213,
            39.53869921114583,
            59.53552673672087,
            32.804071453458434,
            22.095608158623097,
            57.026090409700195,
            72.18164001419618,
            88.92341626784629,
            58.18250128320818,
            18.803859853783713,
            87.3308368354481,
            15.79741294340811,
            71.46765267039754,
            60.755935379863836
        ],
        [
            55.580754741701014,
            22.60109034223992,
            20.457948863797114,
            20.00318736860213,
            0.0,
            58.6862280322219,
            47.64767892922922,
            50.647267679792854,
            42.07872941852596,
            56.962240619737315,
            72.8858126863386,
            72.1834640219636,
            61.411780835932134,
            24.894036826573846,
            88.2679284581897,
            6.730343824973452,
            52.981716673593034,
            55.580754741701014
        ],
        [
            74.62354803741128,
            48.386963312737855,
            75.37393089957882,
            39.53869921114583,
            58.6862280322219,
            0.0,
            83.82936341344558,
            10.733697765645434,
            21.38040504716014,
            63.307087702516775,
            72.98653889607935,
            118.251275811762,
            57.925287146258896,
            51.76564893624901,
            84.86071841255355,
            55.31378226515253,
            104.95192258079169,
            74.62354803741128
        ],
        [
            21.2471614212538,
            68.92331350028307,
            59.829647693696025,
            59.53552673672087,
            47.64767892922922,
            83.82936341344558,
            0.0,
            73.13127578815171,
            77.42240130967419,
            34.530087810985385,
            45.28815782573861,
            35.59091059707436,
            44.42219072311547,
            72.00476169745028,
            57.439670710870416,
            54.04284938564149,
            31.854271630151914,
            21.2471614212538
        ],
        [
            64.06323275587954,
            43.95237213998411,
            68.67298920912435,
            32.804071453458434,
            50.647267679792854,
            10.733697765645434,
            73.13127578815171,
            0.0,
            20.34214743827943,
            53.17602601779658,
            63.73806606772916,
            107.68166313321467,
            48.472963854123776,
            47.84996194729292,
            76.37092264027022,
            48.13709614601014,
            94.8649743476676,
            64.06323275587954
        ],
        [
            73.72617867995262,
            27.597703359197688,
            56.066391909542745,
            22.095608158623097,
            42.07872941852596,
            21.38040504716014,
            77.42240130967419,
            20.34214743827943,
            0.0,
            65.89813780410203,
            78.88578106000433,
            109.22244390733675,
            63.621065397409744,
            30.643275857069842,
            92.80373249922427,
            37.302787485723044,
            92.93762572389964,
            73.72617867995262
        ],
        [
            14.886591675562656,
            70.70837135019337,
            75.92894029757413,
            57.026090409700195,
            56.962240619737315,
            63.307087702516775,
            34.530087810985385,
            53.17602601779658,
            65.89813780410203,
            0.0,
            15.923574455811988,
            68.35616504191421,
            10.051351985909948,
            74.92492350409347,
            31.318550068443596,
            60.92694021240564,
            65.96769947766954,
            14.886591675562656
        ],
        [
            24.08936810890939,
            86.11336305182488,
            91.76205389046834,
            72.18164001419618,
            72.8858126863386,
            72.98653889607935,
            45.28815782573861,
            63.73806606772916,
            78.88578106000433,
            15.923574455811988,
            0.0,
            75.37598242135918,
            15.355024635532933,
            90.3924510708458,
            15.41486992276683,
            76.79741862709263,
            77.0917929930381,
            24.08936810890939
        ],
        [
            53.63183422803996,
            94.77858077837482,
            75.63949877757618,
            88.92341626784629,
            72.1834640219636,
            118.251275811762,
            35.59091059707436,
            107.68166313321467,
            109.22244390733675,
            68.35616504191421,
            75.37598242135918,
            0.0,
            78.40458049050352,
            96.75518136210765,
            83.65104005355413,
            78.87989592769402,
            22.581365033049764,
            53.63183422803996
        ],
        [
            24.86435242399595,
            72.3790216750334,
            81.20789512292225,
            58.18250128320818,
            61.411780835932134,
            57.925287146258896,
            44.42219072311547,
            48.472963854123776,
            63.621065397409744,
            10.051351985909948,
            15.355024635532933,
            78.40458049050352,
            0.0,
            76.74331754988083,
            29.47600761758259,
            64.51072120265721,
            75.60193597626115,
            24.86435242399595
        ],
        [
            76.97657928723758,
            4.4384327164545985,
            28.59966610443618,
            18.803859853783713,
            24.894036826573846,
            51.76564893624901,
            72.00476169745028,
            47.84996194729292,
            30.643275857069842,
            74.92492350409347,
            90.3924510708458,
            96.75518136210765,
            76.74331754988083,
            0.0,
            105.66574214713906,
            18.19446115923635,
            76.6632687821341,
            76.97657928723758
        ],
        [
            37.11101822869445,
            101.36094103371569,
            106.99040541860681,
            87.3308368354481,
            88.2679284581897,
            84.86071841255355,
            57.439670710870416,
            76.37092264027022,
            92.80373249922427,
            31.318550068443596,
            15.41486992276683,
            83.65104005355413,
            29.47600761758259,
            105.66574214713906,
            0.0,
            92.21227486278862,
            88.60349975351153,
            37.11101822869445
        ],
        [
            60.78805609306484,
            15.90034909955648,
            20.649807688699422,
            15.79741294340811,
            6.730343824973452,
            55.31378226515253,
            54.04284938564149,
            48.13709614601014,
            37.302787485723044,
            60.92694021240564,
            76.79741862709263,
            78.87989592769402,
            64.51072120265721,
            18.19446115923635,
            92.21227486278862,
            0.0,
            59.449243558582914,
            60.78805609306484
        ],
        [
            53.097638690766765,
            75.20414849332128,
            53.64421235224428,
            71.46765267039754,
            52.981716673593034,
            104.95192258079169,
            31.854271630151914,
            94.8649743476676,
            92.93762572389964,
            65.96769947766954,
            77.0917929930381,
            22.581365033049764,
            75.60193597626115,
            76.6632687821341,
            88.60349975351153,
            59.449243558582914,
            0.0,
            53.097638690766765
        ],
        [
            0.0,
            73.11831190113685,
            72.3260033983912,
            60.755935379863836,
            55.580754741701014,
            74.62354803741128,
            21.2471614212538,
            64.06323275587954,
            73.72617867995262,
            14.886591675562656,
            24.08936810890939,
            53.63183422803996,
            24.86435242399595,
            76.97657928723758,
            37.11101822869445,
            60.78805609306484,
            53.097638690766765,
            0.0
        ]
    ],
    "scores_ave": [
        0,
        12.28712200496824,
        11.165516605543154,
        10.473275812125667,
        12.59621938514616,
        13.350893905029597,
        12.342028804057033,
        18.69689963556391,
        11.802950523733452,
        11.605889711461495,
        13.256512573790342,
        15.086319123667105,
        11.290998752403643,
        16.222966173978936,
        17.30578354222333,
        12.05764691437731,
        15.070008669790717,
        0
    ],
    "scores_var": [
        0,
        18.60393849816913,
        348.3452756309879,
        20.45237406193346,
        18.6378638588755,
        23.56428856667941,
        397.06696176267076,
        18.567573186932297,
        311.9413598051013,
        384.49579861019436,
        19.08746506593492,
        21.62329985657301,
        295.33115015700116,
        23.84023076233008,
        229.03438381924826,
        394.7927229421292,
        24.744985137326097,
        0
    ],
    "vertex_number": 18,
    "minimum_distances": {
        "cost": 375.6381153877253,
        "path": [
            0,
            9,
            10,
            14,
            12,
            7,
            5,
            8,
            3,
            1,
            13,
            15,
            4,
            2,
            16,
            11,
            6,
            17
        ]
    }
}