{
    "vertices": [
        [
            94.73596935437718,
            52.59792355332282
        ],
        [
            36.34261907156442,
            58.41269235496412
        ],
        [
            97.01154405594964,
            50.979759950650504
        ],
        [
            52.71916139540265,
            13.782777287968695
        ],
        [
            27.81450200954034,
            56.238960557371584
        ],
        [
            74.49683509071983,
            50.579858067099906
        ],
        [
            53.64166095580296,
            59.18495855087216
        ],
        [
            22.991471732189783,
            93.68712635808535
        ],
        [
            65.33216639293354,
            5.823164818187665
        ],
        [
            31.8056883269332,
            48.456391626634854
        ],
        [
            86.96507221699555,
            45.14998546531448
        ],
        [
            74.33957815933307,
            44.638864664417824
        ],
        [
            54.902845193084346,
            83.97150909644834
        ],
        [
            43.572078601727796,
            35.656985195655146
        ],
        [
            62.64924684982951,
            58.40952285326839
        ],
        [
            14.521793808556993,
            43.62040812500152
        ],
        [
            94.17273922120783,
            70.04472594356757
        ],
        [
            42.64075517020485,
            31.852091594192355
        ],
        [
            59.017068279817806,
            6.512754662698772
        ],
        [
            32.460003828608066,
            55.91308792138352
        ],
        [
            95.33808007228069,
            61.276765030351996
        ],
        [
            11.088454947508165,
            59.08990361700543
        ],
        [
            89.72071134828738,
            76.94225213522591
        ],
        [
            94.73596935437718,
            52.59792355332282
        ]
    ],
    "distances": [
        [
            0.0,
            58.682151404560905,
            2.7922560175331483,
            57.20164097875322,
            67.0204442095911,
            20.339497143465298,
            41.61888048489612,
            82.67766038169536,
            55.24908762437172,
            63.06641385787566,
            10.76376440110853,
            21.894277612616733,
            50.7048286682914,
            53.89563163547985,
            32.60877868775483,
            80.7149908118771,
            17.455891321475388,
            56.074066060624396,
            58.3067979368744,
            62.36414191628104,
            8.699702678828524,
            83.89906120806485,
            24.855565714167753,
            0.0
        ],
        [
            58.682151404560905,
            0.0,
            61.122556743710064,
            47.53967245755581,
            8.800789200489415,
            38.949935725460655,
            17.31627111100948,
            37.716559089055906,
            60.05041432362702,
            10.941282592754376,
            52.3309865806305,
            40.4164227655841,
            31.586945197450238,
            23.87650086211327,
            26.30662796920064,
            26.362095665912136,
            58.98836327555285,
            27.29710664319769,
            56.636862372122,
            4.617653457029103,
            59.06494164034142,
            25.263242481878798,
            56.50279038023385,
            58.682151404560905
        ],
        [
            2.7922560175331483,
            61.122556743710064,
            0.0,
            57.839698140258086,
            69.39661244610052,
            22.518260174921753,
            44.13923474857112,
            85.45694970143467,
            55.160683943123566,
            65.25466273801399,
            11.615415057619444,
            23.541983575058254,
            53.49390649057821,
            55.59284031442622,
            35.15634858842494,
            82.81738317026745,
            19.2751586556593,
            57.63723085656423,
            58.48841550924248,
            64.73977966126326,
            10.432104069459598,
            86.30499216282968,
            26.966780341843872,
            2.7922560175331483
        ],
        [
            57.20164097875322,
            47.53967245755581,
            57.839698140258086,
            0.0,
            49.22163708097228,
            42.75853394874077,
            45.41155215216148,
            85.2551495983166,
            14.91453404357082,
            40.492380605394786,
            46.440113660944476,
            37.676790590881104,
            70.22269254173426,
            23.70970466334482,
            45.718191312454785,
            48.46981642766619,
            69.88423270728047,
            20.68995871279604,
            9.618568505588573,
            46.74822498645522,
            63.81262493315879,
            61.52927283453021,
            73.19995875611639,
            57.20164097875322
        ],
        [
            67.0204442095911,
            8.800789200489415,
            69.39661244610052,
            49.22163708097228,
            0.0,
            47.024096619686205,
            25.994634896709414,
            37.75747267619998,
            62.843675901398754,
            8.746310501109175,
            60.181021297908785,
            47.949399740452805,
            38.76690063574471,
            25.92139907198214,
            34.90230348799949,
            18.32822841425113,
            67.77916201708767,
            28.54009741769268,
            58.70515901120148,
            4.656917448897645,
            67.71124772371995,
            16.96727811555494,
            65.27637426244219,
            67.0204442095911
        ],
        [
            20.339497143465298,
            38.949935725460655,
            22.518260174921753,
            42.75853394874077,
            47.024096619686205,
            0.0,
            22.56071901632399,
            67.1642690290396,
            45.68536683575399,
            42.74392496871282,
            13.599281360007975,
            5.943074318328957,
            38.71597601216361,
            34.337045572395375,
            14.201021012217725,
            60.37747527260236,
            27.677107594553622,
            36.95320101108966,
            46.70688153767158,
            42.37379524231785,
            23.426081852540065,
            63.976898546643426,
            30.442441250807967,
            20.339497143465298
        ],
        [
            41.61888048489612,
            17.31627111100948,
            44.13923474857112,
            45.41155215216148,
            25.994634896709414,
            22.56071901632399,
            0.0,
            46.150121157375004,
            54.6273644590799,
            24.329238559736886,
            36.15840438397283,
            25.29807549830089,
            24.818615465588927,
            25.59222575293723,
            9.040901733753348,
            42.10248490977278,
            41.960729893316035,
            29.463630872232375,
            52.94578421684185,
            21.43286579228631,
            41.748856529066316,
            42.55331217455145,
            40.212179158363966,
            41.61888048489612
        ],
        [
            82.67766038169536,
            37.716559089055906,
            85.45694970143467,
            85.2551495983166,
            37.75747267619998,
            67.1642690290396,
            46.150121157375004,
            0.0,
            97.53363605361463,
            46.08155573031245,
            80.30240099171526,
            71.00957688103576,
            33.35759246311557,
            61.57157349337478,
            53.077758395813575,
            50.77806336166319,
            75.00490609755825,
            64.88193788628163,
            94.32504803655223,
            38.942664005924534,
            79.2746066512395,
            36.58756113725414,
            68.7981266640448,
            82.67766038169536
        ],
        [
            55.24908762437172,
            60.05041432362702,
            55.160683943123566,
            14.91453404357082,
            62.843675901398754,
            45.68536683575399,
            54.6273644590799,
            97.53363605361463,
            0.0,
            54.236673566974055,
            44.884088902460924,
            39.84710806673559,
            78.8411976958949,
            36.926389736826096,
            52.65475390378792,
            63.32713134003188,
            70.40019569890343,
            34.531220256307066,
            6.352637116342378,
            59.91309930340372,
            63.05122228968273,
            76.02450719101078,
            75.18461083125871,
            55.24908762437172
        ],
        [
            63.06641385787566,
            10.941282592754376,
            65.25466273801399,
            40.492380605394786,
            8.746310501109175,
            42.74392496871282,
            24.329238559736886,
            46.08155573031245,
            54.236673566974055,
            0.0,
            55.258392600897174,
            42.704862678411494,
            42.36510621011406,
            17.385992783967946,
            32.409719584870174,
            17.947694730812227,
            65.99776674879762,
            19.826786251572255,
            49.997278732974216,
            7.48534891690765,
            64.81301393312177,
            23.286806052933017,
            64.54141414997731,
            63.06641385787566
        ],
        [
            10.76376440110853,
            52.3309865806305,
            11.615415057619444,
            46.440113660944476,
            60.181021297908785,
            13.599281360007975,
            36.15840438397283,
            80.30240099171526,
            44.884088902460924,
            55.258392600897174,
            0.0,
            12.635835733072025,
            50.34974775284884,
            44.419240752340876,
            27.696113356011946,
            72.45942446226398,
            25.917148128665378,
            46.276117631798456,
            47.685705700630024,
            55.55759943070468,
            18.17086348206871,
            77.14649937836528,
            31.911467641471276,
            10.76376440110853
        ],
        [
            21.894277612616733,
            40.4164227655841,
            23.541983575058254,
            37.676790590881104,
            47.949399740452805,
            5.943074318328957,
            25.29807549830089,
            71.00957688103576,
            39.84710806673559,
            42.704862678411494,
            12.635835733072025,
            0.0,
            43.87303849082944,
            32.05172675252648,
            18.06363399430238,
            59.82645383405765,
            32.230607581019406,
            34.180651609434356,
            41.08989623826063,
            43.37057592620401,
            26.790983766461753,
            64.88094569568679,
            35.778318857452106,
            21.894277612616733
        ],
        [
            50.7048286682914,
            31.586945197450238,
            53.49390649057821,
            70.22269254173426,
            38.76690063574471,
            38.71597601216361,
            24.818615465588927,
            33.35759246311557,
            78.8411976958949,
            42.36510621011406,
            50.34974775284884,
            43.87303849082944,
            0.0,
            49.62539159853672,
            26.70995842984682,
            57.0862563190803,
            41.66629172325529,
            53.54243674417208,
            77.56794099391404,
            35.92987792003159,
            46.36873545786419,
            50.386457345464216,
            35.52033582370143,
            50.7048286682914
        ],
        [
            53.89563163547985,
            23.87650086211327,
            55.59284031442622,
            23.70970466334482,
            25.92139907198214,
            34.337045572395375,
            25.59222575293723,
            61.57157349337478,
            36.926389736826096,
            17.385992783967946,
            44.419240752340876,
            32.05172675252648,
            49.62539159853672,
            0.0,
            29.6920244885304,
            30.122004437221147,
            61.17960092116844,
            3.9172156760326797,
            32.983842703881756,
            23.103850402014476,
            57.75891296611825,
            40.053557538009464,
            61.92067159397132,
            53.89563163547985
        ],
        [
            32.60877868775483,
            26.30662796920064,
            35.15634858842494,
            45.718191312454785,
            34.90230348799949,
            14.201021012217725,
            9.040901733753348,
            53.077758395813575,
            52.65475390378792,
            32.409719584870174,
            27.696113356011946,
            18.06363399430238,
            26.70995842984682,
            29.6920244885304,
            0.0,
            50.348482109054004,
            33.60221007970837,
            33.251118693574185,
            52.02371833875556,
            30.292285842496316,
            32.814339779237905,
            51.56528075729007,
            32.807411429882585,
            32.60877868775483
        ],
        [
            80.7149908118771,
            26.362095665912136,
            82.81738317026745,
            48.46981642766619,
            18.32822841425113,
            60.37747527260236,
            42.10248490977278,
            50.77806336166319,
            63.32713134003188,
            17.947694730812227,
            72.45942446226398,
            59.82645383405765,
            57.0862563190803,
            30.122004437221147,
            50.348482109054004,
            0.0,
            83.91970970699118,
            30.482277835279323,
            57.93796161197927,
            21.74601929778963,
            82.72254266298427,
            15.845917660770471,
            82.25097256196365,
            80.7149908118771
        ],
        [
            17.455891321475388,
            58.98836327555285,
            19.2751586556593,
            69.88423270728047,
            67.77916201708767,
            27.677107594553622,
            41.960729893316035,
            75.00490609755825,
            70.40019569890343,
            65.99776674879762,
            25.917148128665378,
            32.230607581019406,
            41.66629172325529,
            61.17960092116844,
            33.60221007970837,
            83.91970970699118,
            0.0,
            64.14220684368368,
            72.61014098714058,
            63.31006952157827,
            8.845064040178302,
            83.803379558819,
            8.209532248908793,
            17.455891321475388
        ],
        [
            56.074066060624396,
            27.29710664319769,
            57.63723085656423,
            20.68995871279604,
            28.54009741769268,
            36.95320101108966,
            29.463630872232375,
            64.88193788628163,
            34.531220256307066,
            19.826786251572255,
            46.276117631798456,
            34.180651609434356,
            53.54243674417208,
            3.9172156760326797,
            33.251118693574185,
            30.482277835279323,
            64.14220684368368,
            0.0,
            30.170608664590045,
            26.12621752448164,
            60.355774029164614,
            41.68268289269881,
            65.18930012928772,
            56.074066060624396
        ],
        [
            58.3067979368744,
            56.636862372122,
            58.48841550924248,
            9.618568505588573,
            58.70515901120148,
            46.70688153767158,
            52.94578421684185,
            94.32504803655223,
            6.352637116342378,
            49.997278732974216,
            47.685705700630024,
            41.08989623826063,
            77.56794099391404,
            32.983842703881756,
            52.02371833875556,
            57.93796161197927,
            72.61014098714058,
            30.170608664590045,
            0.0,
            56.0862781644033,
            65.71387014304254,
            71.14427993958053,
            76.83116432743088,
            58.3067979368744
        ],
        [
            62.36414191628104,
            4.617653457029103,
            64.73977966126326,
            46.74822498645522,
            4.656917448897645,
            42.37379524231785,
            21.43286579228631,
            38.942664005924534,
            59.91309930340372,
            7.48534891690765,
            55.55759943070468,
            43.37057592620401,
            35.92987792003159,
            23.103850402014476,
            30.292285842496316,
            21.74601929778963,
            63.31006952157827,
            26.12621752448164,
            56.0862781644033,
            0.0,
            63.10642997535496,
            21.606370809119984,
            61.0001178128945,
            62.36414191628104
        ],
        [
            8.699702678828524,
            59.06494164034142,
            10.432104069459598,
            63.81262493315879,
            67.71124772371995,
            23.426081852540065,
            41.748856529066316,
            79.2746066512395,
            63.05122228968273,
            64.81301393312177,
            18.17086348206871,
            26.790983766461753,
            46.36873545786419,
            57.75891296611825,
            32.814339779237905,
            82.72254266298427,
            8.845064040178302,
            60.355774029164614,
            65.71387014304254,
            63.10642997535496,
            0.0,
            84.27800244729276,
            16.642184881026566,
            8.699702678828524
        ],
        [
            83.89906120806485,
            25.263242481878798,
            86.30499216282968,
            61.52927283453021,
            16.96727811555494,
            63.976898546643426,
            42.55331217455145,
            36.58756113725414,
            76.02450719101078,
            23.286806052933017,
            77.14649937836528,
            64.88094569568679,
            50.386457345464216,
            40.053557538009464,
            51.56528075729007,
            15.845917660770471,
            83.803379558819,
            41.68268289269881,
            71.14427993958053,
            21.606370809119984,
            84.27800244729276,
            0.0,
            80.63335596571615,
            83.89906120806485
        ],
        [
            24.855565714167753,
            56.50279038023385,
            26.966780341843872,
            73.19995875611639,
            65.27637426244219,
            30.442441250807967,
            40.212179158363966,
            68.7981266640448,
            75.18461083125871,
            64.54141414997731,
            31.911467641471276,
            35.778318857452106,
            35.52033582370143,
            61.92067159397132,
            32.807411429882585,
            82.25097256196365,
            8.209532248908793,
            65.18930012928772,
            76.83116432743088,
            61.0001178128945,
            16.642184881026566,
            80.63335596571615,
            0.0,
            24.855565714167753
        ],
        [
            0.0,
            58.682151404560905,
            2.7922560175331483,
            57.20164097875322,
            67.0204442095911,
            20.339497143465298,
            41.61888048489612,
            82.67766038169536,
            55.24908762437172,
            63.06641385787566,
            10.76376440110853,
            21.894277612616733,
            50.7048286682914,
            53.89563163547985,
            32.60877868775483,
            80.7149908118771,
            17.455891321475388,
            56.074066060624396,
            58.3067979368744,
            62.36414191628104,
            8.699702678828524,
            83.89906120806485,
            24.855565714167753,
            0.0
        ]
    ],
    "scores_ave": [
        0,
        16.70429515098221,
        17.204241830624127,
        14.922272982112208,
        18.570844292183075,
        16.425229692209786,
        17.44848942495397,
        16.978563409686412,
        15.338067682011683,
        11.58979993761818,
        13.589265828629927,
        11.810796585982077,
        17.153333698338514,
        17.06333106749423,
        19.73873727612722,
        17.61316411621425,
        19.881261010947988,
        11.226038148148255,
        10.557562568818375,
        11.224704295505928,
        16.665518538348987,
        14.327794036338643,
        17.25952705204952,
        0
    ],
    "scores_var": [
        0,
        24.004259590998636,
        358.78400262637376,
        377.2771682927412,
        23.985331528142282,
        19.670640082702047,
        259.8299632481743,
        21.867120162868282,
        380.3726073781602,
        24.72330695355612,
        381.3173054418071,
        227.48011793750297,
        18.764367737048943,
        22.416124174274426,
        22.78826440546748,
        16.65636053684458,
        17.33084922737922,
        22.539937727325704,
        297.10245686194594,
        19.21599172644392,
        17.576844246539313,
        20.361584622215133,
        18.667444218970502,
        0
    ],
    "vertex_number": 24,
    "minimum_distances": {
        "cost": 365.1969054175208,
        "path": [
            0,
            20,
            16,
            22,
            12,
            7,
            21,
            15,
            4,
            19,
            1,
            6,
            14,
            9,
            13,
            17,
            3,
            18,
            8,
            11,
            5,
            10,
            2,
            23
        ]
    }
}