{
    "vertices": [
        [
            53.2430792400444,
            98.13926248428967
        ],
        [
            2.127370288836916,
            63.19269972586958
        ],
        [
            27.703678337917935,
            39.60647063057091
        ],
        [
            2.0542869923211304,
            74.80791170078251
        ],
        [
            21.98436854164132,
            25.88968441114783
        ],
        [
            94.57309615506347,
            20.644969565910408
        ],
        [
            30.020244889181992,
            5.359576164240131
        ],
        [
            86.02104825611171,
            57.09745795180148
        ],
        [
            53.82354290894658,
            72.19145207569764
        ],
        [
            73.99306154926215,
            26.857163583073262
        ],
        [
            54.30563397056467,
            95.5041387908662
        ],
        [
            53.2430792400444,
            98.13926248428967
        ]
    ],
    "distances": [
        [
            0.0,
            61.91993176847619,
            63.861950491903265,
            56.2551720392324,
            78.721715722369,
            87.8267370059672,
            95.64188532716396,
            52.52451781883616,
            25.954302207363472,
            74.2408202378964,
            2.8412848211667914,
            0.0
        ],
        [
            61.91993176847619,
            0.0,
            34.791633137255864,
            11.615441893892388,
            42.25890830561341,
            101.76699648067742,
            64.20811969186822,
            84.11480948775402,
            52.47353435229718,
            80.52917960046047,
            61.37263474294466,
            61.91993176847619
        ],
        [
            63.861950491903265,
            34.791633137255864,
            0.0,
            43.55493921266745,
            14.861383809562978,
            69.50580955451926,
            34.325154932999695,
            60.88390815024033,
            41.761565356055925,
            48.01303810714387,
            61.90487338844814,
            63.861950491903265
        ],
        [
            56.2551720392324,
            11.615441893892388,
            43.55493921266745,
            0.0,
            52.822354280388836,
            107.20706296507447,
            74.86765730196964,
            85.81420144198279,
            51.83533272904456,
            86.45496821931278,
            56.20086366600707,
            56.2551720392324
        ],
        [
            78.721715722369,
            42.25890830561341,
            14.861383809562978,
            52.822354280388836,
            0.0,
            72.77795277653425,
            22.046783286972072,
            71.23637749225031,
            56.192407968102046,
            52.01769087828734,
            76.75178471874648,
            78.721715722369
        ],
        [
            87.8267370059672,
            101.76699648067742,
            69.50580955451926,
            107.20706296507447,
            72.77795277653425,
            0.0,
            66.3378764960022,
            37.44224128961151,
            65.7081878375132,
            21.49719002295076,
            85.00213954854671,
            87.8267370059672
        ],
        [
            95.64188532716396,
            64.20811969186822,
            34.325154932999695,
            74.86765730196964,
            22.046783286972072,
            66.3378764960022,
            0.0,
            76.24236610707462,
            70.94432066389939,
            48.946449001448464,
            93.35856840151227,
            95.64188532716396
        ],
        [
            52.52451781883616,
            84.11480948775402,
            60.88390815024033,
            85.81420144198279,
            71.23637749225031,
            37.44224128961151,
            76.24236610707462,
            0.0,
            35.55992138901517,
            32.54455204373668,
            49.80904171310328,
            52.52451781883616
        ],
        [
            25.954302207363472,
            52.47353435229718,
            41.761565356055925,
            51.83533272904456,
            56.192407968102046,
            65.7081878375132,
            70.94432066389939,
            35.55992138901517,
            0.0,
            49.61861742647141,
            23.317670845761768,
            25.954302207363472
        ],
        [
            74.2408202378964,
            80.52917960046047,
            48.01303810714387,
            86.45496821931278,
            52.01769087828734,
            21.49719002295076,
            48.946449001448464,
            32.54455204373668,
            49.61861742647141,
            0.0,
            71.41429835716231,
            74.2408202378964
        ],
        [
            2.8412848211667914,
            61.37263474294466,
            61.90487338844814,
            56.20086366600707,
            76.75178471874648,
            85.00213954854671,
            93.35856840151227,
            49.80904171310328,
            23.317670845761768,
            71.41429835716231,
            0.0,
            2.8412848211667914
        ],
        [
            0.0,
            61.91993176847619,
            63.861950491903265,
            56.2551720392324,
            78.721715722369,
            87.8267370059672,
            95.64188532716396,
            52.52451781883616,
            25.954302207363472,
            74.2408202378964,
            2.8412848211667914,
            0.0
        ]
    ],
    "scores_ave": [
        0,
        11.722691163396986,
        19.77805698809264,
        19.330234832034236,
        10.994574470546384,
        14.5514103186382,
        15.382884691359333,
        10.83903508688394,
        11.329847131270519,
        11.661501488726906,
        15.959876272604886,
        0
    ],
    "scores_var": [
        0,
        386.47775029229064,
        326.5891337212111,
        22.41548300220576,
        336.21293574464954,
        251.68921012747776,
        20.326487476949943,
        16.07033533416774,
        262.4655717997207,
        241.9769770661675,
        19.290006782819464,
        0
    ],
    "vertex_number": 12,
    "minimum_distances": {
        "cost": 309.17517153687015,
        "path": [
            0,
            3,
            1,
            2,
            4,
            6,
            9,
            5,
            7,
            8,
            10,
            11
        ]
    }
}