{
    "vertices": [
        [
            48.63504744973712,
            57.89333868679864
        ],
        [
            82.42951955066191,
            74.56888866654793
        ],
        [
            15.233626159697966,
            80.47264712501709
        ],
        [
            76.69169619408734,
            64.98410016914988
        ],
        [
            18.03943957920364,
            1.3492859843251992
        ],
        [
            66.14957657839902,
            98.47797327814133
        ],
        [
            14.531263306176678,
            3.9816434967431813
        ],
        [
            39.2020414566375,
            9.44449630760511
        ],
        [
            78.27840842694246,
            69.89642760922766
        ],
        [
            79.83722214987498,
            43.379096442593124
        ],
        [
            89.91080123571322,
            60.091150141638785
        ],
        [
            68.19233291603372,
            12.683295106839909
        ],
        [
            38.135661357939114,
            66.28579146188268
        ],
        [
            68.4658320065474,
            54.59103499754744
        ],
        [
            29.639731965672812,
            14.199090608307118
        ],
        [
            52.92595480171541,
            82.09966516650871
        ],
        [
            41.484762963753,
            34.1248080740857
        ],
        [
            40.20690557732224,
            39.011686494663344
        ],
        [
            97.37564833598029,
            66.39806716930062
        ],
        [
            66.47236822971233,
            70.97524784639326
        ],
        [
            6.59784641467559,
            1.5702428317510009
        ],
        [
            48.63504744973712,
            57.89333868679864
        ]
    ],
    "distances": [
        [
            0.0,
            37.68474905989557,
            40.31724337976102,
            28.938805040351003,
            64.29091006501265,
            44.20261638762525,
            63.79293825476308,
            49.35860542954787,
            31.981291307647954,
            34.41277283133986,
            41.334225839993024,
            49.25886169322211,
            13.44136793212124,
            20.103860967353192,
            47.64461486342285,
            24.583696376777322,
            24.82074970096547,
            20.677291044194373,
            49.47703084576851,
            22.120270338936205,
            70.28098887721389,
            0.0
        ],
        [
            37.68474905989557,
            0.0,
            67.45474373641737,
            11.170979697909518,
            97.50483380670595,
            28.925436386413672,
            97.94249528015867,
            78.16521823989805,
            6.250089270853804,
            31.29733446777215,
            16.296456315614225,
            63.502158809812215,
            45.06168630776005,
            24.37415038621152,
            80.19522548668995,
            30.449514406434133,
            57.55168761149234,
            55.200215190105304,
            17.033763225053985,
            16.356800806513625,
            105.25799230612935,
            37.68474905989557
        ],
        [
            40.31724337976102,
            67.45474373641737,
            0.0,
            63.379724353739604,
            79.17309433857835,
            54.005793919912,
            76.494228211275,
            74.9632119134952,
            63.925745911725045,
            74.49534292216912,
            77.40856474975682,
            86.02337396514918,
            26.940120449398243,
            59.19058696818385,
            67.82123692374309,
            37.727428035385444,
            53.26578984860971,
            48.40119772549517,
            83.33910011596426,
            52.11150815295087,
            79.37358562558802,
            40.31724337976102
        ],
        [
            28.938805040351003,
            11.170979697909518,
            63.379724353739604,
            0.0,
            86.54176322652164,
            35.113755450431405,
            87.09316354847437,
            67.00837118920677,
            5.162229807789764,
            21.832785428411675,
            14.095591441059138,
            52.98691712392858,
            38.57800179516627,
            13.254457563138065,
            69.23152846678232,
            29.28742100472343,
            46.816920617376276,
            44.78511157101036,
            20.73222561341722,
            11.846033704746741,
            94.5222993758971,
            28.938805040351003
        ],
        [
            64.29091006501265,
            97.50483380670595,
            79.17309433857835,
            86.54176322652164,
            0.0,
            108.39080762454569,
            4.385955635413192,
            22.658070270896964,
            91.25482996961466,
            74.73600804036764,
            92.82294560633744,
            51.41762803596352,
            67.9750533167645,
            73.33147271958626,
            17.311391114699063,
            87.96415566830026,
            40.297866405834384,
            43.701864502316866,
            102.59423937799653,
            84.81463990894156,
            11.443726494066492,
            64.29091006501265
        ],
        [
            44.20261638762525,
            28.925436386413672,
            54.005793919912,
            35.113755450431405,
            108.39080762454569,
            0.0,
            107.6754689203815,
            93.02219988046711,
            31.048563812750498,
            56.77356664706963,
            45.14580808589524,
            85.8189935618691,
            42.67453592097012,
            43.94801919146169,
            91.8471492084599,
            21.05025295554312,
            68.91794325446534,
            64.87882121682668,
            44.76815758283616,
            27.504619623333824,
            113.74320544877912,
            44.20261638762525
        ],
        [
            63.79293825476308,
            97.94249528015867,
            76.494228211275,
            87.09316354847437,
            4.385955635413192,
            107.6754689203815,
            0.0,
            25.26836075772224,
            91.69764051295655,
            76.26944053233429,
            93.96994984783178,
            54.362019208427334,
            66.62562916061688,
            73.96112633658771,
            18.239025486921804,
            87.04353878741117,
            40.436388495113206,
            43.432044834108055,
            103.72560954286331,
            84.77040405964333,
            8.291800572944304,
            63.79293825476308
        ],
        [
            49.35860542954787,
            78.16521823989805,
            74.9632119134952,
            67.00837118920677,
            22.658070270896964,
            93.02219988046711,
            25.26836075772224,
            0.0,
            71.98193143903568,
            52.941240978027594,
            71.66911373050769,
            29.170649916699936,
            56.85129727042822,
            53.80129545867326,
            10.679135253627113,
            73.93997132416948,
            24.785653236695776,
            29.584260806359726,
            81.41177906943497,
            67.30307650648938,
            33.54157721599112,
            49.35860542954787
        ],
        [
            31.981291307647954,
            6.250089270853804,
            63.925745911725045,
            5.162229807789764,
            91.25482996961466,
            31.048563812750498,
            91.69764051295655,
            71.98193143903568,
            0.0,
            26.563108862175188,
            15.213678998649463,
            58.09536513309414,
            40.30479916380295,
            18.180805785326694,
            73.94534601243123,
            28.136558277421265,
            51.31647991277103,
            49.023530706613734,
            19.41502248031131,
            11.855228308334333,
            99.02812982501648,
            31.981291307647954
        ],
        [
            34.41277283133986,
            31.29733446777215,
            74.49534292216912,
            21.832785428411675,
            74.73600804036764,
            56.77356664706963,
            76.26944053233429,
            52.941240978027594,
            26.563108862175188,
            0.0,
            19.513321973421736,
            32.83040762635245,
            47.57874366973415,
            15.969222897556365,
            58.06255903146225,
            47.153989784403066,
            39.45317450891175,
            39.87024280455317,
            28.939063675289862,
            30.66214103106218,
            84.33259392627822,
            34.41277283133986
        ],
        [
            41.334225839993024,
            16.296456315614225,
            77.40856474975682,
            14.095591441059138,
            92.82294560633744,
            45.14580808589524,
            93.96994984783178,
            71.66911373050769,
            15.213678998649463,
            19.513321973421736,
            0.0,
            52.14591628453208,
            52.14440229257162,
            22.13905986798292,
            75.75409506531557,
            43.037815922120465,
            54.94844950575524,
            53.98908251919435,
            9.772468706738147,
            25.842285592095635,
            101.81230295688599,
            41.334225839993024
        ],
        [
            49.25886169322211,
            63.502158809812215,
            86.02337396514918,
            52.98691712392858,
            51.41762803596352,
            85.8189935618691,
            54.362019208427334,
            29.170649916699936,
            58.09536513309414,
            32.83040762635245,
            52.14591628453208,
            0.0,
            61.454301075218055,
            41.9086323386926,
            38.582388158848296,
            71.07527511723202,
            34.249565998425986,
            38.42353883234488,
            61.13053767653447,
            58.3173218924919,
            62.588982243162,
            49.25886169322211
        ],
        [
            13.44136793212124,
            45.06168630776005,
            26.940120449398243,
            38.57800179516627,
            67.9750533167645,
            42.67453592097012,
            66.62562916061688,
            56.85129727042822,
            40.30479916380295,
            47.57874366973415,
            52.14440229257162,
            61.454301075218055,
            0.0,
            32.506715926617545,
            52.77504355325767,
            21.65251444287418,
            32.334893444021404,
            27.352638892421815,
            59.240093374276206,
            28.72211617410922,
            71.99122172803067,
            13.44136793212124
        ],
        [
            20.103860967353192,
            24.37415038621152,
            59.19058696818385,
            13.254457563138065,
            73.33147271958626,
            43.94801919146169,
            73.96112633658771,
            53.80129545867326,
            18.180805785326694,
            15.969222897556365,
            22.13905986798292,
            41.9086323386926,
            32.506715926617545,
            0.0,
            56.02655813029643,
            31.594501377833822,
            33.86509310742654,
            32.26891728438804,
            31.227928027750398,
            16.505039488163547,
            81.47915097179548,
            20.103860967353192
        ],
        [
            47.64461486342285,
            80.19522548668995,
            67.82123692374309,
            69.23152846678232,
            17.311391114699063,
            91.8471492084599,
            18.239025486921804,
            10.679135253627113,
            73.94534601243123,
            58.06255903146225,
            75.75409506531557,
            38.582388158848296,
            52.77504355325767,
            56.02655813029643,
            0.0,
            71.78256194441465,
            23.180573242944494,
            26.96905769133141,
            85.51542270573442,
            67.67699110394108,
            26.27577374519504,
            47.64461486342285
        ],
        [
            24.583696376777322,
            30.449514406434133,
            37.727428035385444,
            29.28742100472343,
            87.96415566830026,
            21.05025295554312,
            87.04353878741117,
            73.93997132416948,
            28.136558277421265,
            47.153989784403066,
            43.037815922120465,
            71.07527511723202,
            21.65251444287418,
            31.594501377833822,
            71.78256194441465,
            0.0,
            49.320257336225126,
            44.92602941723137,
            47.14144073907794,
            17.528775698099967,
            92.90469034602657,
            24.583696376777322
        ],
        [
            24.82074970096547,
            57.55168761149234,
            53.26578984860971,
            46.816920617376276,
            40.297866405834384,
            68.91794325446534,
            40.436388495113206,
            24.785653236695776,
            51.31647991277103,
            39.45317450891175,
            54.94844950575524,
            34.249565998425986,
            32.334893444021404,
            33.86509310742654,
            23.180573242944494,
            49.320257336225126,
            0.0,
            5.051187998635877,
            64.53955624513019,
            44.52342449025979,
            47.71683837409723,
            24.82074970096547
        ],
        [
            20.677291044194373,
            55.200215190105304,
            48.40119772549517,
            44.78511157101036,
            43.701864502316866,
            64.87882121682668,
            43.432044834108055,
            29.584260806359726,
            49.023530706613734,
            39.87024280455317,
            53.98908251919435,
            38.42353883234488,
            27.352638892421815,
            32.26891728438804,
            26.96905769133141,
            44.92602941723137,
            5.051187998635877,
            0.0,
            63.389896632363765,
            41.3708083390922,
            50.313323894981544,
            20.677291044194373
        ],
        [
            49.47703084576851,
            17.033763225053985,
            83.33910011596426,
            20.73222561341722,
            102.59423937799653,
            44.76815758283616,
            103.72560954286331,
            81.41177906943497,
            19.41502248031131,
            28.939063675289862,
            9.772468706738147,
            61.13053767653447,
            59.240093374276206,
            31.227928027750398,
            85.51542270573442,
            47.14144073907794,
            64.53955624513019,
            63.389896632363765,
            0.0,
            31.24041139737451,
            111.54934392457815,
            49.47703084576851
        ],
        [
            22.120270338936205,
            16.356800806513625,
            52.11150815295087,
            11.846033704746741,
            84.81463990894156,
            27.504619623333824,
            84.77040405964333,
            67.30307650648938,
            11.855228308334333,
            30.66214103106218,
            25.842285592095635,
            58.3173218924919,
            28.72211617410922,
            16.505039488163547,
            67.67699110394108,
            17.528775698099967,
            44.52342449025979,
            41.3708083390922,
            31.24041139737451,
            0.0,
            91.66249551295137,
            22.120270338936205
        ],
        [
            70.28098887721389,
            105.25799230612935,
            79.37358562558802,
            94.5222993758971,
            11.443726494066492,
            113.74320544877912,
            8.291800572944304,
            33.54157721599112,
            99.02812982501648,
            84.33259392627822,
            101.81230295688599,
            62.588982243162,
            71.99122172803067,
            81.47915097179548,
            26.27577374519504,
            92.90469034602657,
            47.71683837409723,
            50.313323894981544,
            111.54934392457815,
            91.66249551295137,
            0.0,
            70.28098887721389
        ],
        [
            0.0,
            37.68474905989557,
            40.31724337976102,
            28.938805040351003,
            64.29091006501265,
            44.20261638762525,
            63.79293825476308,
            49.35860542954787,
            31.981291307647954,
            34.41277283133986,
            41.334225839993024,
            49.25886169322211,
            13.44136793212124,
            20.103860967353192,
            47.64461486342285,
            24.583696376777322,
            24.82074970096547,
            20.677291044194373,
            49.47703084576851,
            22.120270338936205,
            70.28098887721389,
            0.0
        ]
    ],
    "scores_ave": [
        0,
        12.705090334866448,
        15.737171728887244,
        12.460787632700303,
        14.48275364697143,
        14.861681541886696,
        16.784167822871453,
        11.627763034952586,
        16.884121575581865,
        13.547334923951006,
        10.027641443243047,
        19.07448009136692,
        17.675580248098605,
        16.994348770609644,
        15.374613979351796,
        18.286779567416787,
        10.220052969015223,
        12.593717193098158,
        18.773107320866174,
        11.514641417282544,
        10.419681487401242,
        0
    ],
    "scores_var": [
        0,
        287.34485934213444,
        20.062110285947334,
        23.58660288260586,
        20.300759304567293,
        366.1382986299735,
        18.849580056619384,
        18.67489064053942,
        19.373556233798848,
        227.7954055840087,
        293.83479318943705,
        21.21403661797514,
        18.385756395805082,
        286.2074643991059,
        23.17464943190436,
        24.244119550887504,
        19.0817705648713,
        20.987130627948304,
        19.608308649035195,
        264.49613171533395,
        20.60016803552395,
        0
    ],
    "vertex_number": 22,
    "minimum_distances": {
        "cost": 446.23364009201185,
        "path": [
            0,
            12,
            15,
            19,
            13,
            9,
            3,
            8,
            10,
            18,
            1,
            5,
            2,
            20,
            6,
            4,
            14,
            7,
            11,
            16,
            17,
            21
        ]
    }
}