{
    "vertices": [
        [
            55.3662044990579,
            54.66984650007658
        ],
        [
            42.914699576475655,
            70.08503782749905
        ],
        [
            14.41685117988396,
            41.85171242762451
        ],
        [
            88.97539436348289,
            29.8397171879924
        ],
        [
            19.353217213035055,
            56.644246054609646
        ],
        [
            22.356812760981526,
            75.5867882828533
        ],
        [
            23.460118743874002,
            23.188227257479888
        ],
        [
            77.4624321472834,
            61.57892790267654
        ],
        [
            86.87810212115781,
            32.129142590457306
        ],
        [
            63.21598284901213,
            24.885019887446845
        ],
        [
            97.5607460008303,
            33.7181502188149
        ],
        [
            22.929282116081275,
            88.78189030121706
        ],
        [
            34.1064333605708,
            95.55542909004707
        ],
        [
            20.518542757314982,
            14.611452320114326
        ],
        [
            51.808161567052316,
            29.186591312036548
        ],
        [
            55.3662044990579,
            54.66984650007658
        ]
    ],
    "distances": [
        [
            0.0,
            19.815854725399326,
            42.908671598616266,
            41.78651654538566,
            36.06706956302638,
            39.0786181493391,
            44.82288096890898,
            23.15121340469992,
            38.743812725218866,
            30.801865470906574,
            47.1100085927293,
            47.07213045922371,
            46.082629401783784,
            53.09458044983656,
            25.73044819828765,
            0.0
        ],
        [
            19.815854725399326,
            0.0,
            40.115433767695,
            61.165949985580504,
            27.125602936061973,
            21.28135259779458,
            50.7719564032399,
            35.57948470449247,
            58.081242639522216,
            49.5498105374058,
            65.64100017637901,
            27.36766711815627,
            26.950443128036568,
            59.82396283525158,
            41.85423029463066,
            19.815854725399326
        ],
        [
            42.908671598616266,
            40.115433767695,
            0.0,
            75.51996021779627,
            15.594446470418045,
            34.65686559496323,
            20.73900592916938,
            66.05988427113728,
            73.11060971030712,
            51.66453239325629,
            83.54078094081456,
            47.69594401718625,
            57.199377879552,
            27.915271999944824,
            39.47803674629827,
            42.908671598616266
        ],
        [
            41.78651654538566,
            61.165949985580504,
            75.51996021779627,
            0.0,
            74.60382241500538,
            80.8135504014481,
            65.8520588729694,
            33.762787144765724,
            3.1048515943871737,
            26.231589866263963,
            9.420748670433733,
            88.52270168892113,
            85.610499778549,
            70.13016884847165,
            37.172970921812365,
            41.78651654538566
        ],
        [
            36.06706956302638,
            27.125602936061973,
            15.594446470418045,
            74.60382241500538,
            0.0,
            19.17919425534968,
            33.707148113388456,
            58.318367134345515,
            71.83731885109103,
            54.15339930210891,
            81.49860998425599,
            32.335992607500046,
            41.614150861374334,
            42.04894449032913,
            42.511718584229264,
            36.06706956302638
        ],
        [
            39.0786181493391,
            21.28135259779458,
            34.65686559496323,
            80.8135504014481,
            19.17919425534968,
            0.0,
            52.41017536339359,
            56.85815192545827,
            77.79179744565246,
            65.11636582844632,
            86.07330845320794,
            13.207514468572638,
            23.16894904653676,
            61.00303953390576,
            54.957804044807325,
            39.0786181493391
        ],
        [
            44.82288096890898,
            50.7719564032399,
            20.73900592916938,
            65.8520588729694,
            33.707148113388456,
            52.41017536339359,
            0.0,
            66.25779764638388,
            64.04514487947479,
            39.79205744838184,
            74.84505486300364,
            65.59581098683617,
            73.1461271428174,
            9.067190171763395,
            28.975712299022934,
            44.82288096890898
        ],
        [
            23.15121340469992,
            35.57948470449247,
            66.05988427113728,
            33.762787144765724,
            58.318367134345515,
            56.85815192545827,
            66.25779764638388,
            0.0,
            30.918355324834533,
            39.36247201381478,
            34.35353188400341,
            60.94149338161979,
            55.08307601912601,
            73.81429605066714,
            41.32075832804892,
            23.15121340469992
        ],
        [
            38.743812725218866,
            58.081242639522216,
            73.11060971030712,
            3.1048515943871737,
            71.83731885109103,
            77.79179744565246,
            64.04514487947479,
            30.918355324834533,
            0.0,
            24.74617550623772,
            10.800177105162808,
            85.43409976830488,
            82.50904703670476,
            68.63279530494916,
            35.193171759513646,
            38.743812725218866
        ],
        [
            30.801865470906574,
            49.5498105374058,
            51.66453239325629,
            26.231589866263963,
            54.15339930210891,
            65.11636582844632,
            39.79205744838184,
            39.36247201381478,
            24.74617550623772,
            0.0,
            35.46247238145448,
            75.53693338108766,
            76.43083545456622,
            43.91602874742448,
            12.191878572311238,
            30.801865470906574
        ],
        [
            47.1100085927293,
            65.64100017637901,
            83.54078094081456,
            9.420748670433733,
            81.49860998425599,
            86.07330845320794,
            74.84505486300364,
            34.35353188400341,
            10.800177105162808,
            35.46247238145448,
            0.0,
            92.74627148000582,
            88.60191223019024,
            79.37611092266573,
            45.976450586094465,
            47.1100085927293
        ],
        [
            47.07213045922371,
            27.36766711815627,
            47.69594401718625,
            88.52270168892113,
            32.335992607500046,
            13.207514468572638,
            65.59581098683617,
            60.94149338161979,
            85.43409976830488,
            75.53693338108766,
            92.74627148000582,
            0.0,
            13.069412292294492,
            74.20960540633882,
            66.22378228365953,
            47.07213045922371
        ],
        [
            46.082629401783784,
            26.950443128036568,
            57.199377879552,
            85.610499778549,
            41.614150861374334,
            23.16894904653676,
            73.1461271428174,
            55.08307601912601,
            82.50904703670476,
            76.43083545456622,
            88.60191223019024,
            13.069412292294492,
            0.0,
            82.07653834304575,
            68.68896424826931,
            46.082629401783784
        ],
        [
            53.09458044983656,
            59.82396283525158,
            27.915271999944824,
            70.13016884847165,
            42.04894449032913,
            61.00303953390576,
            9.067190171763395,
            73.81429605066714,
            68.63279530494916,
            43.91602874742448,
            79.37611092266573,
            74.20960540633882,
            82.07653834304575,
            0.0,
            34.51774792613968,
            53.09458044983656
        ],
        [
            25.73044819828765,
            41.85423029463066,
            39.47803674629827,
            37.172970921812365,
            42.511718584229264,
            54.957804044807325,
            28.975712299022934,
            41.32075832804892,
            35.193171759513646,
            12.191878572311238,
            45.976450586094465,
            66.22378228365953,
            68.68896424826931,
            34.51774792613968,
            0.0,
            25.73044819828765
        ],
        [
            0.0,
            19.815854725399326,
            42.908671598616266,
            41.78651654538566,
            36.06706956302638,
            39.0786181493391,
            44.82288096890898,
            23.15121340469992,
            38.743812725218866,
            30.801865470906574,
            47.1100085927293,
            47.07213045922371,
            46.082629401783784,
            53.09458044983656,
            25.73044819828765,
            0.0
        ]
    ],
    "scores_ave": [
        0,
        15.241137982172276,
        16.857602048241603,
        12.345590267012263,
        15.020009554539872,
        13.456586409095507,
        16.475789201695257,
        14.909647152681305,
        19.691948845632904,
        19.657391768933447,
        10.704795626241525,
        10.775830178933857,
        10.50809435296335,
        17.82051211910954,
        13.7838649637617,
        0
    ],
    "scores_var": [
        0,
        22.39836878980919,
        22.57233641435671,
        384.2859577282793,
        389.03834808272563,
        356.4613646284319,
        333.00592694871307,
        393.29269652190766,
        378.683715154888,
        228.72278204180026,
        372.17363772699025,
        233.20999244757257,
        21.60871153847319,
        259.0434426751883,
        22.64171842836223,
        0
    ],
    "vertex_number": 16,
    "minimum_distances": {
        "cost": 314.93347288544203,
        "path": [
            0,
            14,
            9,
            8,
            3,
            10,
            7,
            1,
            12,
            11,
            5,
            4,
            2,
            13,
            6,
            15
        ]
    }
}