{
    "vertices": [
        [
            22.69462239449317,
            12.540149018838054
        ],
        [
            38.977592167951755,
            51.69760207377687
        ],
        [
            65.3108277380621,
            38.67430328204318
        ],
        [
            15.43270259322066,
            73.12826009193921
        ],
        [
            42.268796801898986,
            41.44940031812564
        ],
        [
            79.4920819607962,
            80.2081175795493
        ],
        [
            25.828706006587588,
            91.92415126607325
        ],
        [
            0.43811752095721523,
            37.278683282097326
        ],
        [
            59.129256136194876,
            74.79294637092181
        ],
        [
            95.4521588715418,
            26.133341885368978
        ],
        [
            63.3957286954379,
            95.59056803444517
        ],
        [
            64.87717313371593,
            68.01642140899787
        ],
        [
            91.22453373031699,
            31.36738204596341
        ],
        [
            61.832254972251434,
            66.11886924557801
        ],
        [
            87.65900959753489,
            81.71291134304155
        ],
        [
            9.163215431620397,
            70.86074048772454
        ],
        [
            29.9412545859287,
            23.33271405302192
        ],
        [
            12.014968211880117,
            91.25647761852879
        ],
        [
            19.26941332764568,
            86.33530470901546
        ],
        [
            40.87728907356703,
            11.032684978305085
        ],
        [
            22.69462239449317,
            12.540149018838054
        ]
    ],
    "distances": [
        [
            0.0,
            42.40803266355447,
            49.99134902098798,
            61.021755813861645,
            34.912649776505106,
            88.34537555706713,
            79.44584503217675,
            33.27682506911052,
            72.13108424286685,
            74.0164441628735,
            92.48757837022612,
            69.69206830891383,
            71.06907520964063,
            66.35083680653078,
            94.8959569856771,
            59.869778383385025,
            12.999736079437842,
            79.43749367694511,
            73.87460362322858,
            18.245049065316397,
            0.0
        ],
        [
            42.40803266355447,
            0.0,
            29.377637873213992,
            31.83763383446871,
            10.763719950233222,
            49.54062350818151,
            42.32101684984371,
            41.148466863145515,
            30.651011221371693,
            61.99119359504911,
            50.22785932427679,
            30.611961039726882,
            56.063006956463866,
            27.024221704587692,
            57.19090131728059,
            35.44182464332238,
            29.769485540167636,
            47.87366421072968,
            39.85201070270737,
            40.70926590734347,
            42.40803266355447
        ],
        [
            49.99134902098798,
            29.377637873213992,
            0.0,
            60.62097415765145,
            23.20854052332399,
            43.888104327135586,
            66.29015195895454,
            64.88772061104252,
            36.64380174123328,
            32.64621808496269,
            56.948474937513275,
            29.3453224976662,
            26.924176054306667,
            27.664140496568017,
            48.4949792891213,
            64.71878481329631,
            38.553483176441226,
            74.86877653993746,
            66.26751012323878,
            36.89250430804236,
            49.99134902098798
        ],
        [
            61.021755813861645,
            31.83763383446871,
            60.62097415765145,
            0.0,
            41.517780636084126,
            64.44942565301751,
            21.479348500376513,
            38.859101108158676,
            43.728251416463536,
            92.79889934864731,
            52.96231821763412,
            49.708013053735314,
            86.5353835276934,
            46.92600580713718,
            72.73469365154777,
            6.666941909524064,
            51.866120794204804,
            18.44757921768455,
            13.753049726409591,
            67.10653790688954,
            61.021755813861645
        ],
        [
            34.912649776505106,
            10.763719950233222,
            23.20854052332399,
            41.517780636084126,
            0.0,
            53.738358011494526,
            53.08462177142662,
            42.03808522874975,
            37.36398201929747,
            55.34484300227383,
            58.11723748528376,
            34.8847429402011,
            49.9831098536764,
            31.48510112331971,
            60.67472074667204,
            44.2832524599989,
            21.913069577645377,
            58.27554455826713,
            50.43526596721641,
            30.4485281388392,
            34.912649776505106
        ],
        [
            88.34537555706713,
            49.54062350818151,
            43.888104327135586,
            64.44942565301751,
            53.738358011494526,
            0.0,
            54.927437261777456,
            89.95813261042368,
            21.07056607644414,
            56.380895890122474,
            22.264599040641556,
            19.032420117759777,
            50.23014903407923,
            22.59151185471319,
            8.30440312691836,
            70.94732500789155,
            75.43272512536744,
            68.37563264376483,
            60.533562916928545,
            79.22337221611363,
            88.34537555706713
        ],
        [
            79.44584503217675,
            42.32101684984371,
            66.29015195895454,
            21.479348500376513,
            53.08462177142662,
            54.927437261777456,
            0.0,
            60.25619598708803,
            37.44869583969712,
            95.79068737516536,
            37.74551371519526,
            45.78604953364415,
            89.12764207612216,
            44.29636687449942,
            62.66782159062518,
            26.858999417732914,
            68.71461500124558,
            13.829864061535636,
            8.617396723277723,
            82.27933623036172,
            79.44584503217675
        ],
        [
            33.27682506911052,
            41.148466863145515,
            64.88772061104252,
            38.859101108158676,
            42.03808522874975,
            89.95813261042368,
            60.25619598708803,
            0.0,
            69.65608147929785,
            95.6654937196282,
            85.81338303649491,
            71.39468070817408,
            90.97866151160623,
            67.83064528512578,
            97.88710148945066,
            34.69700130721209,
            32.63319099341669,
            55.205305481864826,
            52.54683442019096,
            48.20973991657777,
            33.27682506911052
        ],
        [
            72.13108424286685,
            30.651011221371693,
            36.64380174123328,
            43.728251416463536,
            37.36398201929747,
            21.07056607644414,
            37.44869583969712,
            69.65608147929785,
            0.0,
            60.72158077497576,
            21.230729025585294,
            8.885934974439644,
            53.998948885926076,
            9.0854728376753,
            29.35698805702327,
            50.12052939464073,
            59.16160025481537,
            49.90795515502677,
            41.497386721662494,
            66.32122763120465,
            72.13108424286685
        ],
        [
            74.0164441628735,
            61.99119359504911,
            32.64621808496269,
            92.79889934864731,
            55.34484300227383,
            56.380895890122474,
            95.79068737516536,
            95.6654937196282,
            60.72158077497576,
            0.0,
            76.49784951199176,
            51.855781772632426,
            6.728149131628359,
            52.24117472331135,
            56.1232725053271,
            97.19219076506072,
            65.5707411623056,
            105.84322176169945,
            97.09833699104088,
            56.62549118984095,
            74.0164441628735
        ],
        [
            92.48757837022612,
            50.22785932427679,
            56.948474937513275,
            52.96231821763412,
            58.11723748528376,
            22.264599040641556,
            37.74551371519526,
            85.81338303649491,
            21.230729025585294,
            76.49784951199176,
            0.0,
            27.61391387951682,
            69.99328545068042,
            29.5131407949884,
            27.95167535906433,
            59.60478055827976,
            79.62662431589389,
            51.563231935188774,
            45.08649029544105,
            87.50494677410933,
            92.48757837022612
        ],
        [
            69.69206830891383,
            30.611961039726882,
            29.3453224976662,
            49.708013053735314,
            34.8847429402011,
            19.032420117759777,
            45.78604953364415,
            71.39468070817408,
            8.885934974439644,
            51.855781772632426,
            27.61391387951682,
            0.0,
            45.136852976703814,
            3.587789127431503,
            26.582059912233124,
            55.786514802884916,
            56.71994453322502,
            57.74524155132021,
            49.14925472362587,
            61.83155062347421,
            69.69206830891383
        ],
        [
            71.06907520964063,
            56.063006956463866,
            26.924176054306667,
            86.5353835276934,
            49.9831098536764,
            50.23014903407923,
            89.12764207612216,
            90.97866151160623,
            53.998948885926076,
            6.728149131628359,
            69.99328545068042,
            45.136852976703814,
            0.0,
            45.514524200268305,
            50.47162849110781,
            91.0702219275292,
            61.80773570068568,
            99.30185818059708,
            90.5483952041901,
            54.29866434232126,
            71.06907520964063
        ],
        [
            66.35083680653078,
            27.024221704587692,
            27.664140496568017,
            46.92600580713718,
            31.48510112331971,
            22.59151185471319,
            44.29636687449942,
            67.83064528512578,
            9.0854728376753,
            52.24117472331135,
            29.5131407949884,
            3.587789127431503,
            45.514524200268305,
            0.0,
            30.16944486416788,
            52.882067556116326,
            53.36376094131608,
            55.800191889248126,
            47.120056788071864,
            58.937240289506036,
            66.35083680653078
        ],
        [
            94.8959569856771,
            57.19090131728059,
            48.4949792891213,
            72.73469365154777,
            60.67472074667204,
            8.30440312691836,
            62.66782159062518,
            97.88710148945066,
            29.35698805702327,
            56.1232725053271,
            27.95167535906433,
            26.582059912233124,
            50.47162849110781,
            30.16944486416788,
            0.0,
            79.24240855760637,
            82.09498571290092,
            76.24369255492068,
            68.54563004589166,
            84.75980046079052,
            94.8959569856771
        ],
        [
            59.869778383385025,
            35.44182464332238,
            64.71878481329631,
            6.666941909524064,
            44.2832524599989,
            70.94732500789155,
            26.858999417732914,
            34.69700130721209,
            50.12052939464073,
            97.19219076506072,
            59.60478055827976,
            55.786514802884916,
            91.0702219275292,
            52.882067556116326,
            79.24240855760637,
            0.0,
            51.871381395483965,
            20.594139628267705,
            18.482353036139173,
            67.713947551483,
            59.869778383385025
        ],
        [
            12.999736079437842,
            29.769485540167636,
            38.553483176441226,
            51.866120794204804,
            21.913069577645377,
            75.43272512536744,
            68.71461500124558,
            32.63319099341669,
            59.16160025481537,
            65.5707411623056,
            79.62662431589389,
            56.71994453322502,
            61.80773570068568,
            53.36376094131608,
            82.09498571290092,
            51.871381395483965,
            0.0,
            70.24947971385467,
            63.900036190980956,
            16.4586623257692,
            12.999736079437842
        ],
        [
            79.43749367694511,
            47.87366421072968,
            74.86877653993746,
            18.44757921768455,
            58.27554455826713,
            68.37563264376483,
            13.829864061535636,
            55.205305481864826,
            49.90795515502677,
            105.84322176169945,
            51.563231935188774,
            57.74524155132021,
            99.30185818059708,
            55.800191889248126,
            76.24369255492068,
            20.594139628267705,
            70.24947971385467,
            0.0,
            8.76612324479771,
            85.25778833106439,
            79.43749367694511
        ],
        [
            73.87460362322858,
            39.85201070270737,
            66.26751012323878,
            13.753049726409591,
            50.43526596721641,
            60.533562916928545,
            8.617396723277723,
            52.54683442019096,
            41.497386721662494,
            97.09833699104088,
            45.08649029544105,
            49.14925472362587,
            90.5483952041901,
            47.120056788071864,
            68.54563004589166,
            18.482353036139173,
            63.900036190980956,
            8.76612324479771,
            0.0,
            78.34146304837016,
            73.87460362322858
        ],
        [
            18.245049065316397,
            40.70926590734347,
            36.89250430804236,
            67.10653790688954,
            30.4485281388392,
            79.22337221611363,
            82.27933623036172,
            48.20973991657777,
            66.32122763120465,
            56.62549118984095,
            87.50494677410933,
            61.83155062347421,
            54.29866434232126,
            58.937240289506036,
            84.75980046079052,
            67.713947551483,
            16.4586623257692,
            85.25778833106439,
            78.34146304837016,
            0.0,
            18.245049065316397
        ],
        [
            0.0,
            42.40803266355447,
            49.99134902098798,
            61.021755813861645,
            34.912649776505106,
            88.34537555706713,
            79.44584503217675,
            33.27682506911052,
            72.13108424286685,
            74.0164441628735,
            92.48757837022612,
            69.69206830891383,
            71.06907520964063,
            66.35083680653078,
            94.8959569856771,
            59.869778383385025,
            12.999736079437842,
            79.43749367694511,
            73.87460362322858,
            18.245049065316397,
            0.0
        ]
    ],
    "scores_ave": [
        0,
        12.464315611556458,
        12.196836576038876,
        14.253621816577924,
        11.028995773357666,
        13.74001599065495,
        18.06096885919589,
        10.243149466430692,
        15.351744794697028,
        18.03295186580702,
        12.743476632735309,
        19.227612388453437,
        13.533368873540113,
        18.448041855646093,
        10.742968337198317,
        18.501247784661473,
        11.876704471704576,
        10.452995528486541,
        11.150363233387449,
        13.64790423303396,
        0
    ],
    "scores_var": [
        0,
        234.78905560790645,
        326.3017355208264,
        18.1428555899031,
        23.260932349530847,
        17.99850548973183,
        17.106115811057695,
        300.54060710619626,
        24.30286950203012,
        228.66552446662357,
        350.3286909491678,
        282.1420416363518,
        19.64504785611246,
        309.79229829536655,
        23.4126423437257,
        387.28039856732516,
        18.918160179601962,
        23.868046653336187,
        269.216031712302,
        387.5943216998611,
        0
    ],
    "vertex_number": 21,
    "minimum_distances": {
        "cost": 417.5045065332031,
        "path": [
            0,
            7,
            15,
            17,
            6,
            18,
            3,
            1,
            13,
            11,
            8,
            10,
            5,
            14,
            9,
            12,
            2,
            4,
            16,
            19,
            20
        ]
    }
}