{
    "vertices": [
        [
            23.354658135199678,
            35.70077000405247
        ],
        [
            32.41740204733238,
            63.0577931478435
        ],
        [
            59.047105892482335,
            18.18210865985055
        ],
        [
            72.99087297382071,
            4.538760241135931
        ],
        [
            73.8653679920674,
            86.12017325526553
        ],
        [
            85.99971318085751,
            49.74862457998752
        ],
        [
            61.35057634983434,
            87.93202114979071
        ],
        [
            10.085774801861502,
            14.204805778446017
        ],
        [
            75.20992302069698,
            95.4187290034142
        ],
        [
            91.31798415597136,
            32.67868827827554
        ],
        [
            80.32410228453773,
            67.41525700145236
        ],
        [
            77.76896569234147,
            13.688047714434425
        ],
        [
            20.65895931595303,
            69.38468471517211
        ],
        [
            55.13321329519434,
            32.27845355105933
        ],
        [
            60.11667845190198,
            43.096942176469575
        ],
        [
            57.23333825563507,
            58.064913110687385
        ],
        [
            81.92620581392637,
            31.879087660948013
        ],
        [
            73.52386455737262,
            97.32866751841142
        ],
        [
            1.5976353041594504,
            18.925770422519903
        ],
        [
            25.2592335201385,
            98.62466489569388
        ],
        [
            67.98546697179209,
            22.712118719123332
        ],
        [
            36.97621300945401,
            23.13661002966979
        ],
        [
            43.08322421284885,
            5.685157070843716
        ],
        [
            86.59010035124275,
            47.79550203780904
        ],
        [
            23.354658135199678,
            35.70077000405247
        ]
    ],
    "distances": [
        [
            0.0,
            28.819091632229078,
            39.75995878014949,
            58.60737731693723,
            71.36839660839459,
            64.20081884104064,
            64.58942171302039,
            25.261427966413386,
            79.08984209994692,
            68.03048332742446,
            65.20219514857452,
            58.69818403939823,
            33.79160994078367,
            31.96230307661278,
            37.49865998365369,
            40.59457923906627,
            58.69609402177415,
            79.46664095751707,
            27.473053223673986,
            62.95271206017458,
            46.482406990279095,
            18.53118649882413,
            35.918704587392604,
            64.38170310908916,
            0.0
        ],
        [
            28.819091632229078,
            0.0,
            52.18206765878759,
            71.20873370141416,
            47.43213317124932,
            55.210488445380534,
            38.155678396692345,
            53.715137069034526,
            53.65100204753133,
            66.27343800809439,
            48.1044636063324,
            67.03831806666189,
            13.352547785792112,
            38.25409555410581,
            34.142136500783685,
            25.313228576378407,
            58.50840389412172,
            53.51853968684677,
            53.82837032580558,
            36.28004606656043,
            53.78532037255951,
            40.18063736357498,
            58.35562640303229,
            56.28160242436183,
            28.819091632229078
        ],
        [
            39.75995878014949,
            52.18206765878759,
            0.0,
            19.508193060687567,
            69.53532564547876,
            41.507685637453164,
            69.78793784388677,
            49.12261068363349,
            78.90964566905556,
            35.37739962928681,
            53.634070058999875,
            19.253691026571914,
            63.99494974044505,
            14.629610198327693,
            24.937780868006406,
            39.92402589799988,
            26.665716697136144,
            80.45964404962973,
            57.45428359744669,
            87.25035915803794,
            10.020742982495465,
            22.620154651939302,
            20.273611353168388,
            40.44217614215415,
            39.75995878014949
        ],
        [
            58.60737731693723,
            71.20873370141416,
            19.508193060687567,
            0.0,
            81.58609986338931,
            47.0442531779343,
            84.20173674261926,
            63.64341138211542,
            90.90705641116763,
            33.58181880450055,
            63.302686332995705,
            10.321803684232606,
            83.32840516886738,
            32.9907046624689,
            40.65068607965297,
            55.79739188716098,
            28.763408636425538,
            92.79143803473207,
            72.82843158352365,
            105.5010277656236,
            18.850067575862443,
            40.53314383446992,
            29.929612094058722,
            45.344070131902264,
            58.60737731693723
        ],
        [
            71.36839660839459,
            47.43213317124932,
            69.53532564547876,
            81.58609986338931,
            0.0,
            38.34229891645558,
            12.645267994052238,
            96.12313242312771,
            9.395263020610003,
            56.21909041873951,
            19.788611389455706,
            72.53723792210661,
            55.77632563090991,
            57.0072311228487,
            45.16663454953588,
            32.614751799354906,
            54.83678029243138,
            11.213695565819627,
            98.67985083035042,
            50.188829628601404,
            63.680095917536256,
            72.99136244737377,
            86.1239351413571,
            40.38191720979555,
            71.36839660839459
        ],
        [
            64.20081884104064,
            55.210488445380534,
            41.507685637453164,
            47.0442531779343,
            38.34229891645558,
            0.0,
            45.448341225190624,
            83.8229628157274,
            46.92736951659441,
            17.879226255888227,
            18.555927898156334,
            36.987976534222256,
            68.22747960511671,
            35.46755828883131,
            26.724078385934813,
            29.94436476641835,
            18.327951657764658,
            49.18848732069703,
            89.854098895469,
            77.9632810132871,
            32.48823965137803,
            55.780846959166205,
            61.509464265839455,
            2.040403066975061,
            64.20081884104064
        ],
        [
            64.58942171302039,
            38.155678396692345,
            69.78793784388677,
            84.20173674261926,
            12.645267994052238,
            45.448341225190624,
            0.0,
            89.79856437697478,
            15.75221522925137,
            62.85679218692107,
            27.945165905991757,
            76.03769525749739,
            44.719250727745774,
            55.99977848009549,
            44.85205469726515,
            30.149557080391684,
            59.710031657571875,
            15.378098346697593,
            91.28130478385408,
            37.64196670642276,
            65.55652100768556,
            69.22828100187355,
            84.25107005206172,
            47.41280141738243,
            64.58942171302039
        ],
        [
            25.261427966413386,
            53.715137069034526,
            49.12261068363349,
            63.64341138211542,
            96.12313242312771,
            83.8229628157274,
            89.79856437697478,
            0.0,
            104.10022097392435,
            83.30639934103166,
            88.1179593892165,
            67.68516357381336,
            56.18372780655244,
            48.53790743964036,
            57.77410203267232,
            64.39411273418818,
            73.98261801302648,
            104.56561395790285,
            9.712673128600866,
            85.7726440239033,
            58.52135274276679,
            28.335010043734407,
            34.079555186821594,
            83.55385510528221,
            25.261427966413386
        ],
        [
            79.08984209994692,
            53.65100204753133,
            78.90964566905556,
            90.90705641116763,
            9.395263020610003,
            46.92736951659441,
            15.75221522925137,
            104.10022097392435,
            0.0,
            64.77485888622063,
            28.466634393748752,
            81.77073414954819,
            60.44484347831867,
            66.25532927698224,
            54.45526061252205,
            41.45437445630058,
            63.89361843320401,
            2.547677034637139,
            106.15998123266937,
            50.053465479690914,
            73.06465591675847,
            81.77115203149803,
            95.31127272294705,
            48.96407032398563,
            79.08984209994692
        ],
        [
            68.03048332742446,
            66.27343800809439,
            35.37739962928681,
            33.58181880450055,
            56.21909041873951,
            17.879226255888227,
            62.85679218692107,
            83.30639934103166,
            64.77485888622063,
            0.0,
            36.434799920721716,
            23.3285303941931,
            79.62429256054833,
            36.186984263458704,
            32.89470309831094,
            42.49968820348069,
            9.425755225621756,
            67.05408643803325,
            90.76829704053056,
            93.34147185250636,
            25.372009516934998,
            55.17317598836395,
            55.2742507304916,
            15.838906007405827,
            68.03048332742446
        ],
        [
            65.20219514857452,
            48.1044636063324,
            53.634070058999875,
            63.302686332995705,
            19.788611389455706,
            18.555927898156334,
            27.945165905991757,
            88.1179593892165,
            28.466634393748752,
            36.434799920721716,
            0.0,
            53.787933040560375,
            59.69763756616521,
            43.23396633186659,
            31.618355647926297,
            24.91209172899841,
            35.57226542006961,
            30.676625660298374,
            92.46127249773855,
            63.29428815580166,
            46.374696696258454,
            61.964813259273754,
            72.0936074627517,
            20.59605585070496,
            65.20219514857452
        ],
        [
            58.69818403939823,
            67.03831806666189,
            19.253691026571914,
            10.321803684232606,
            72.53723792210661,
            36.987976534222256,
            76.03769525749739,
            67.68516357381336,
            81.77073414954819,
            23.3285303941931,
            53.787933040560375,
            0.0,
            79.77260307588735,
            29.291303756496898,
            34.29994633083417,
            48.898038576371974,
            18.660026253040705,
            83.74827857836567,
            76.35119718951613,
            99.8574028852759,
            13.309797320495091,
            41.87271189297522,
            35.59700718649626,
            35.22968715574345,
            58.69818403939823
        ],
        [
            33.79160994078367,
            13.352547785792112,
            63.99494974044505,
            83.32840516886738,
            55.77632563090991,
            68.22747960511671,
            44.719250727745774,
            56.18372780655244,
            60.44484347831867,
            79.62429256054833,
            59.69763756616521,
            79.77260307588735,
            0.0,
            50.64925052387064,
            47.41262497681965,
            38.286060439814854,
            71.83554345752003,
            59.79602312104047,
            53.939188950852795,
            29.59964465514747,
            66.46899084199882,
            49.04219795455616,
            67.5313073935098,
            69.3758471435976,
            33.79160994078367
        ],
        [
            31.96230307661278,
            38.25409555410581,
            14.629610198327693,
            32.9907046624689,
            57.0072311228487,
            35.46755828883131,
            55.99977848009549,
            48.53790743964036,
            66.25532927698224,
            36.186984263458704,
            43.23396633186659,
            29.291303756496898,
            50.64925052387064,
            0.0,
            11.911113344530394,
            25.87183838597094,
            26.795968749478256,
            67.59989934197645,
            55.1756491358766,
            72.76176487268131,
            16.021709855203735,
            20.32855042411894,
            29.195986960013762,
            35.07583979033328,
            31.96230307661278
        ],
        [
            37.49865998365369,
            34.142136500783685,
            24.937780868006406,
            40.65068607965297,
            45.16663454953588,
            26.724078385934813,
            44.85205469726515,
            57.77410203267232,
            54.45526061252205,
            32.89470309831094,
            31.618355647926297,
            34.29994633083417,
            47.41262497681965,
            11.911113344530394,
            0.0,
            15.243155991296478,
            24.525410163467157,
            55.86441329532194,
            63.3144845583243,
            65.56195129458841,
            21.85083202438589,
            30.559712045497058,
            41.106936496210054,
            26.887144359918288,
            37.49865998365369
        ],
        [
            40.59457923906627,
            25.313228576378407,
            39.92402589799988,
            55.79739188716098,
            32.614751799354906,
            29.94436476641835,
            30.149557080391684,
            64.39411273418818,
            41.45437445630058,
            42.49968820348069,
            24.91209172899841,
            48.898038576371974,
            38.286060439814854,
            25.87183838597094,
            15.243155991296478,
            0.0,
            35.99215418303736,
            42.509100877078914,
            68.0235542534317,
            51.647234567765985,
            36.95170284602607,
            40.37743775128493,
            54.25739184864487,
            31.101129955708437,
            40.59457923906627
        ],
        [
            58.69609402177415,
            58.50840389412172,
            26.665716697136144,
            28.763408636425538,
            54.83678029243138,
            18.327951657764658,
            59.710031657571875,
            73.98261801302648,
            63.89361843320401,
            9.425755225621756,
            35.57226542006961,
            18.660026253040705,
            71.83554345752003,
            26.795968749478256,
            24.525410163467157,
            35.99215418303736,
            0.0,
            65.98671716421468,
            81.36625632055315,
            87.55636943903252,
            16.68464920353346,
            45.792278478533014,
            46.849751540652264,
            16.585661243108696,
            58.69609402177415
        ],
        [
            79.46664095751707,
            53.51853968684677,
            80.45964404962973,
            92.79143803473207,
            11.213695565819627,
            49.18848732069703,
            15.378098346697593,
            104.56561395790285,
            2.547677034637139,
            67.05408643803325,
            30.676625660298374,
            83.74827857836567,
            59.79602312104047,
            67.59989934197645,
            55.86441329532194,
            42.509100877078914,
            65.98671716421468,
            0.0,
            106.39735301037678,
            48.28202790233925,
            74.8218096715958,
            82.70545464527004,
            96.56689697685279,
            51.227541424020664,
            79.46664095751707
        ],
        [
            27.473053223673986,
            53.82837032580558,
            57.45428359744669,
            72.82843158352365,
            98.67985083035042,
            89.854098895469,
            91.28130478385408,
            9.712673128600866,
            106.15998123266937,
            90.76829704053056,
            92.46127249773855,
            76.35119718951613,
            53.939188950852795,
            55.1756491358766,
            63.3144845583243,
            68.0235542534317,
            81.36625632055315,
            106.39735301037678,
            0.0,
            83.13714579164085,
            66.49571886184192,
            35.62828834853995,
            43.547306794213554,
            89.76179876940135,
            27.473053223673986
        ],
        [
            62.95271206017458,
            36.28004606656043,
            87.25035915803794,
            105.5010277656236,
            50.188829628601404,
            77.9632810132871,
            37.64196670642276,
            85.7726440239033,
            50.053465479690914,
            93.34147185250636,
            63.29428815580166,
            99.8574028852759,
            29.59964465514747,
            72.76176487268131,
            65.56195129458841,
            51.647234567765985,
            87.55636943903252,
            48.28202790233925,
            83.13714579164085,
            0.0,
            87.11053720403265,
            76.39197625280357,
            94.63322227917217,
            79.65600431284527,
            62.95271206017458
        ],
        [
            46.482406990279095,
            53.78532037255951,
            10.020742982495465,
            18.850067575862443,
            63.680095917536256,
            32.48823965137803,
            65.55652100768556,
            58.52135274276679,
            73.06465591675847,
            25.372009516934998,
            46.374696696258454,
            13.309797320495091,
            66.46899084199882,
            16.021709855203735,
            21.85083202438589,
            36.95170284602607,
            16.68464920353346,
            74.8218096715958,
            66.49571886184192,
            87.11053720403265,
            0.0,
            31.01215929556518,
            30.16685461557645,
            31.229929585189428,
            46.482406990279095
        ],
        [
            18.53118649882413,
            40.18063736357498,
            22.620154651939302,
            40.53314383446992,
            72.99136244737377,
            55.780846959166205,
            69.22828100187355,
            28.335010043734407,
            81.77115203149803,
            55.17317598836395,
            61.964813259273754,
            41.87271189297522,
            49.04219795455616,
            20.32855042411894,
            30.559712045497058,
            40.37743775128493,
            45.792278478533014,
            82.70545464527004,
            35.62828834853995,
            76.39197625280357,
            31.01215929556518,
            0.0,
            18.48915347474052,
            55.40395989667868,
            18.53118649882413
        ],
        [
            35.918704587392604,
            58.35562640303229,
            20.273611353168388,
            29.929612094058722,
            86.1239351413571,
            61.509464265839455,
            84.25107005206172,
            34.079555186821594,
            95.31127272294705,
            55.2742507304916,
            72.0936074627517,
            35.59700718649626,
            67.5313073935098,
            29.195986960013762,
            41.106936496210054,
            54.25739184864487,
            46.849751540652264,
            96.56689697685279,
            43.547306794213554,
            94.63322227917217,
            30.16685461557645,
            18.48915347474052,
            0.0,
            60.54857078873432,
            35.918704587392604
        ],
        [
            64.38170310908916,
            56.28160242436183,
            40.44217614215415,
            45.344070131902264,
            40.38191720979555,
            2.040403066975061,
            47.41280141738243,
            83.55385510528221,
            48.96407032398563,
            15.838906007405827,
            20.59605585070496,
            35.22968715574345,
            69.3758471435976,
            35.07583979033328,
            26.887144359918288,
            31.101129955708437,
            16.585661243108696,
            51.227541424020664,
            89.76179876940135,
            79.65600431284527,
            31.229929585189428,
            55.40395989667868,
            60.54857078873432,
            0.0,
            64.38170310908916
        ],
        [
            0.0,
            28.819091632229078,
            39.75995878014949,
            58.60737731693723,
            71.36839660839459,
            64.20081884104064,
            64.58942171302039,
            25.261427966413386,
            79.08984209994692,
            68.03048332742446,
            65.20219514857452,
            58.69818403939823,
            33.79160994078367,
            31.96230307661278,
            37.49865998365369,
            40.59457923906627,
            58.69609402177415,
            79.46664095751707,
            27.473053223673986,
            62.95271206017458,
            46.482406990279095,
            18.53118649882413,
            35.918704587392604,
            64.38170310908916,
            0.0
        ]
    ],
    "scores_ave": [
        0,
        17.358008129369132,
        16.047531701855497,
        11.372498496563196,
        15.557611288670937,
        15.376774276233885,
        18.6278088636942,
        10.750231044278788,
        19.369131913767987,
        13.164995519469269,
        16.856365002983118,
        10.947452017097852,
        18.649957184950757,
        13.235001432794071,
        14.335275223734268,
        15.75786347670166,
        13.658949364063337,
        17.234444280521494,
        17.355583393208214,
        16.115255855618486,
        16.487657252701325,
        16.663684711620007,
        13.684327832040957,
        18.42006723344689,
        0
    ],
    "scores_var": [
        0,
        373.4387204586578,
        16.38294364288479,
        17.049027899106676,
        265.8999160506241,
        322.329724791627,
        362.8605247971411,
        23.678530047618082,
        22.44239035632965,
        248.44121871698127,
        18.59347783730148,
        286.65069765572576,
        304.00477141074805,
        255.56037125006273,
        19.953368853964896,
        227.69579538011047,
        18.386106479156012,
        382.776692051469,
        287.92655604559303,
        349.2189441633187,
        20.936645586529817,
        19.03077334760915,
        19.097554468114154,
        20.625143902638953,
        0
    ],
    "vertex_number": 25,
    "minimum_distances": {
        "cost": 414.2835693599661,
        "path": [
            0,
            21,
            13,
            14,
            15,
            1,
            12,
            19,
            6,
            17,
            8,
            4,
            10,
            5,
            23,
            9,
            16,
            11,
            3,
            20,
            2,
            22,
            7,
            18,
            24
        ]
    }
}