{
    "vertices": [
        [
            86.97861291902453,
            56.20047314984304
        ],
        [
            17.28481839031142,
            61.74977213309687
        ],
        [
            52.31418504067528,
            64.85454211519254
        ],
        [
            55.60770695089627,
            84.2135979662506
        ],
        [
            12.94682042509302,
            65.30676299498296
        ],
        [
            33.91700046500298,
            10.86523377157943
        ],
        [
            34.86239190036361,
            80.83784879765966
        ],
        [
            88.06488244336269,
            60.11578372364509
        ],
        [
            84.47221449458657,
            29.36917401277682
        ],
        [
            77.50567448435213,
            0.5326731156729547
        ],
        [
            15.31771811565138,
            36.76360174142111
        ],
        [
            91.4649560423451,
            40.03512091554823
        ],
        [
            73.84369325582138,
            30.59524445996804
        ],
        [
            35.77301378403141,
            6.0833247305406175
        ],
        [
            42.01285820350271,
            12.53387243500168
        ],
        [
            22.4213628210174,
            93.65130896907068
        ],
        [
            49.93466419656908,
            82.86938200115254
        ],
        [
            97.72773140555137,
            1.8632822303734198
        ],
        [
            86.97861291902453,
            56.20047314984304
        ]
    ],
    "distances": [
        [
            0.0,
            69.91437416594691,
            35.728356662324984,
            42.05792319219738,
            74.58975006398823,
            69.7912504953539,
            57.64634222635068,
            4.0632054303015455,
            26.948110257395705,
            56.468048693322494,
            74.25008965764043,
            16.77634905094032,
            28.777662358496016,
            71.65013571833619,
            62.67927181394067,
            74.63379692723254,
            45.64520606012599,
            55.390196472447045,
            0.0
        ],
        [
            69.91437416594691,
            0.0,
            35.16669055466189,
            44.42147294596692,
            5.609849404197954,
            53.533781155737834,
            25.948521369309564,
            70.79892220561175,
            74.58317055410316,
            85.87249105975816,
            25.06348328410123,
            77.2930714849297,
            64.57175017442353,
            58.65634437414192,
            55.0788592483154,
            32.31241466039966,
            38.885091643858516,
            100.2868581981032,
            69.91437416594691
        ],
        [
            35.728356662324984,
            35.16669055466189,
            0.0,
            19.637217980597228,
            39.369961906259405,
            57.037722743225714,
            23.664977843176345,
            36.063391352893895,
            47.88893617238296,
            69.07904148135121,
            46.452551017324865,
            46.3550055410475,
            40.46256541317313,
            61.054617674797,
            53.325133008647015,
            41.507042793876394,
            18.17131188341423,
            77.65493555023771,
            35.728356662324984
        ],
        [
            42.05792319219738,
            44.42147294596692,
            19.637217980597228,
            0.0,
            46.66282940197916,
            76.48836040791628,
            21.01817734712264,
            40.42490435634801,
            61.9763715824678,
            86.49865990837263,
            62.24777379216457,
            56.89885892463612,
            56.634609818008805,
            80.60865120388986,
            72.95754220572186,
            34.50222928564903,
            5.8301226962430865,
            92.49687001114906,
            42.05792319219738
        ],
        [
            74.58975006398823,
            5.609849404197954,
            39.369961906259405,
            46.66282940197916,
            0.0,
            58.34062525452516,
            26.860880463934905,
            75.29720783120757,
            80.04618853293594,
            91.45232833087219,
            28.6414596381876,
            82.48486839536234,
            70.09506858238022,
            63.47007754148294,
            60.24792552604364,
            29.886121195119,
            40.945649014504454,
            105.89087835222533,
            74.58975006398823
        ],
        [
            69.7912504953539,
            53.533781155737834,
            57.037722743225714,
            76.48836040791628,
            58.34062525452516,
            0.0,
            69.97900126862402,
            73.19569518300436,
            53.83516945294042,
            44.79658817893468,
            31.885086912414454,
            64.5185981490889,
            44.53553770840001,
            5.129467761588884,
            8.26603094060829,
            83.58040399188374,
            73.76423871825605,
            64.44256756769768,
            69.7912504953539
        ],
        [
            57.64634222635068,
            25.948521369309564,
            23.664977843176345,
            21.01817734712264,
            26.860880463934905,
            69.97900126862402,
            0.0,
            57.09561262399766,
            71.48537600056608,
            90.92508339755675,
            48.21341646186432,
            69.77616262068847,
            63.591360623899554,
            74.76007022947807,
            68.67723316575055,
            17.859562315954854,
            15.20856730030337,
            100.94074041532114,
            57.64634222635068
        ],
        [
            4.0632054303015455,
            70.79892220561175,
            36.063391352893895,
            40.42490435634801,
            75.29720783120757,
            73.19569518300436,
            57.09561262399766,
            0.0,
            30.955795446129667,
            60.51151908887657,
            76.40336590133933,
            20.36648028725095,
            32.767429870622145,
            75.192726727565,
            66.21802789625332,
            73.7136562781674,
            44.40315054275206,
            59.04849346333646,
            4.0632054303015455
        ],
        [
            26.948110257395705,
            74.58317055410316,
            47.88893617238296,
            61.9763715824678,
            80.04618853293594,
            53.83516945294042,
            71.48537600056608,
            30.955795446129667,
            0.0,
            29.666082715836776,
            69.54870186321456,
            12.753856580912586,
            10.69900520910044,
            53.98002340349582,
            45.67520460674304,
            89.34484354429448,
            63.679781998586876,
            30.533306590052785,
            26.948110257395705
        ],
        [
            56.468048693322494,
            85.87249105975816,
            69.07904148135121,
            86.49865990837263,
            91.45232833087219,
            44.79658817893468,
            90.92508339755675,
            60.51151908887657,
            29.666082715836776,
            0.0,
            71.97237043754697,
            41.896359314350846,
            30.284786648562402,
            42.1001746133876,
            37.46690262949935,
            108.1913200521238,
            86.83026107516464,
            20.265786605516848,
            56.468048693322494
        ],
        [
            74.25008965764043,
            25.06348328410123,
            46.452551017324865,
            62.24777379216457,
            28.6414596381876,
            31.885086912414454,
            48.21341646186432,
            76.40336590133933,
            69.54870186321456,
            71.97237043754697,
            0.0,
            76.21748278165046,
            58.85013506916914,
            36.87409006803028,
            36.051494928398846,
            57.329512484573314,
            57.65479970763756,
            89.49548922942826,
            74.25008965764043
        ],
        [
            16.77634905094032,
            77.2930714849297,
            46.3550055410475,
            56.89885892463612,
            82.48486839536234,
            64.5185981490889,
            69.77616262068847,
            20.36648028725095,
            12.753856580912586,
            41.896359314350846,
            76.21748278165046,
            0.0,
            19.990501986902245,
            65.22512473496423,
            56.58470330973914,
            87.41689416985055,
            59.66187277939778,
            38.68218742337345,
            16.77634905094032
        ],
        [
            28.777662358496016,
            64.57175017442353,
            40.46256541317313,
            56.634609818008805,
            70.09506858238022,
            44.53553770840001,
            63.591360623899554,
            32.767429870622145,
            10.69900520910044,
            30.284786648562402,
            58.85013506916914,
            19.990501986902245,
            0.0,
            45.279254016223184,
            36.59802207158409,
            81.36536940690604,
            57.482407101919854,
            37.362721152247595,
            28.777662358496016
        ],
        [
            71.65013571833619,
            58.65634437414192,
            61.054617674797,
            80.60865120388986,
            63.47007754148294,
            5.129467761588884,
            74.76007022947807,
            75.192726727565,
            53.98002340349582,
            42.1001746133876,
            36.87409006803028,
            65.22512473496423,
            45.279254016223184,
            0.0,
            8.974699107309112,
            88.58001155473849,
            78.08105361464216,
            62.098275292197066,
            71.65013571833619
        ],
        [
            62.67927181394067,
            55.0788592483154,
            53.325133008647015,
            72.95754220572186,
            60.24792552604364,
            8.26603094060829,
            68.67723316575055,
            66.21802789625332,
            45.67520460674304,
            37.46690262949935,
            36.051494928398846,
            56.58470330973914,
            36.59802207158409,
            8.974699107309112,
            0.0,
            83.44977651965675,
            70.7802155699026,
            56.727494138516896,
            62.67927181394067
        ],
        [
            74.63379692723254,
            32.31241466039966,
            41.507042793876394,
            34.50222928564903,
            29.886121195119,
            83.58040399188374,
            17.859562315954854,
            73.7136562781674,
            89.34484354429448,
            108.1913200521238,
            57.329512484573314,
            87.41689416985055,
            81.36536940690604,
            88.58001155473849,
            83.44977651965675,
            0.0,
            29.55049410286492,
            118.72695987842648,
            74.63379692723254
        ],
        [
            45.64520606012599,
            38.885091643858516,
            18.17131188341423,
            5.8301226962430865,
            40.945649014504454,
            73.76423871825605,
            15.20856730030337,
            44.40315054275206,
            63.679781998586876,
            86.83026107516464,
            57.65479970763756,
            59.66187277939778,
            57.482407101919854,
            78.08105361464216,
            70.7802155699026,
            29.55049410286492,
            0.0,
            94.05405612367666,
            45.64520606012599
        ],
        [
            55.390196472447045,
            100.2868581981032,
            77.65493555023771,
            92.49687001114906,
            105.89087835222533,
            64.44256756769768,
            100.94074041532114,
            59.04849346333646,
            30.533306590052785,
            20.265786605516848,
            89.49548922942826,
            38.68218742337345,
            37.362721152247595,
            62.098275292197066,
            56.727494138516896,
            118.72695987842648,
            94.05405612367666,
            0.0,
            55.390196472447045
        ],
        [
            0.0,
            69.91437416594691,
            35.728356662324984,
            42.05792319219738,
            74.58975006398823,
            69.7912504953539,
            57.64634222635068,
            4.0632054303015455,
            26.948110257395705,
            56.468048693322494,
            74.25008965764043,
            16.77634905094032,
            28.777662358496016,
            71.65013571833619,
            62.67927181394067,
            74.63379692723254,
            45.64520606012599,
            55.390196472447045,
            0.0
        ]
    ],
    "scores_ave": [
        0,
        18.87609414558343,
        19.214165373988592,
        17.746442006573428,
        13.322970494242,
        13.122374805861288,
        15.209252074922533,
        14.24691697091457,
        12.12558207613148,
        13.714960188691508,
        19.128816919162077,
        12.498391079720477,
        17.401825163331974,
        19.03943917831303,
        12.343984785036287,
        18.361013832887817,
        15.112256048175423,
        11.208456224910517,
        0
    ],
    "scores_var": [
        0,
        23.07418809897422,
        24.083477185355406,
        233.90718702305918,
        24.837656640020686,
        245.74190954609986,
        24.842266226069825,
        19.029040056415216,
        278.26950484381285,
        265.4979496134277,
        371.2854538208811,
        252.55957456033846,
        21.966531151168393,
        20.473378664069152,
        341.74449637126827,
        289.338143244092,
        19.692207518335213,
        18.963684812602445,
        0
    ],
    "vertex_number": 19,
    "minimum_distances": {
        "cost": 340.53539596924173,
        "path": [
            0,
            11,
            8,
            12,
            17,
            9,
            14,
            13,
            5,
            10,
            1,
            4,
            15,
            6,
            16,
            3,
            2,
            7,
            18
        ]
    }
}