{
    "vertices": [
        [
            45.07520875340681,
            86.78473931259539
        ],
        [
            97.59094763927716,
            85.06077182239457
        ],
        [
            10.432825654386624,
            96.75531542389756
        ],
        [
            42.27167389846018,
            19.739663195909042
        ],
        [
            63.87895892948152,
            67.48246280130653
        ],
        [
            61.29759463887535,
            59.37127211901693
        ],
        [
            96.14928507605644,
            94.34517052124822
        ],
        [
            50.10461837446901,
            76.58456063730507
        ],
        [
            84.14127437153758,
            92.98061380165028
        ],
        [
            98.84197555818864,
            99.24015339076982
        ],
        [
            72.44620633525605,
            49.698394293212154
        ],
        [
            58.14556768347816,
            81.36832446430635
        ],
        [
            33.29621347405906,
            67.87827457201556
        ],
        [
            57.07855595015591,
            99.18586814188468
        ],
        [
            43.54101851285884,
            32.020503619272354
        ],
        [
            48.70513129985018,
            29.95682125642197
        ],
        [
            45.07520875340681,
            86.78473931259539
        ]
    ],
    "distances": [
        [
            0.0,
            52.544028153884284,
            36.04867674090894,
            67.10366636164649,
            26.947335660552483,
            31.853790785249586,
            51.630624558227176,
            11.372713227030758,
            39.55434670885388,
            55.19060203058646,
            46.093041725648014,
            14.148209511088739,
            22.27552780020454,
            17.25886265564259,
            54.78572123070052,
            56.94373194911218,
            0.0
        ],
        [
            52.544028153884284,
            0.0,
            87.93918681668892,
            85.59830184883673,
            38.01966768411126,
            44.46524335952312,
            9.395661240459209,
            48.23689068648612,
            15.60825448233497,
            14.23446284604641,
            43.39073357022869,
            39.61782638345524,
            66.55111609233421,
            42.904221545293815,
            75.72757020814798,
            73.66320931882711,
            52.544028153884284
        ],
        [
            36.04867674090894,
            87.93918681668892,
            0.0,
            83.33740424090264,
            60.93758333510725,
            63.12520429801868,
            85.75033652551188,
            44.50517370245874,
            73.80503901920159,
            88.44406258440725,
            77.84608666959423,
            50.13247692589285,
            36.83229548852485,
            46.709011350493846,
            72.71002883876496,
            76.98576623286964,
            36.04867674090894
        ],
        [
            67.10366636164649,
            85.59830184883673,
            83.33740424090264,
            0.0,
            52.40467231624429,
            43.96191631235751,
            92.02596758239211,
            57.38203015132063,
            84.36409360271554,
            97.5731877674181,
            42.52091222845252,
            63.64017908234457,
            48.96820187682821,
            80.81425144373233,
            12.346265721027441,
            12.07392616214809,
            67.10366636164649
        ],
        [
            26.947335660552483,
            38.01966768411126,
            60.93758333510725,
            52.40467231624429,
            0.0,
            8.51204181646673,
            41.98784366520067,
            16.51001643674384,
            32.56865258971753,
            47.23307573465162,
            19.74008158069121,
            15.022946758333276,
            30.58530671006905,
            32.424549200724755,
            40.88009747320023,
            40.47738650517013,
            26.947335660552483
        ],
        [
            31.853790785249586,
            44.46524335952312,
            63.12520429801868,
            43.96191631235751,
            8.51204181646673,
            0.0,
            49.37422298911342,
            20.532413868549266,
            40.6376863523065,
            54.76411445897417,
            14.759949464331584,
            22.22173678651049,
            29.265106148323696,
            40.0375117099086,
            32.60920933180748,
            31.996563135635462,
            31.853790785249586
        ],
        [
            51.630624558227176,
            9.395661240459209,
            85.75033652551188,
            92.02596758239211,
            41.98784366520067,
            49.37422298911342,
            0.0,
            49.35129780573043,
            12.085294209113801,
            5.586719907555345,
            50.548695031117376,
            40.15820052293834,
            68.1982785046171,
            39.36945805931202,
            81.55975610082892,
            79.98004281437687,
            51.630624558227176
        ],
        [
            11.372713227030758,
            48.23689068648612,
            44.50517370245874,
            57.38203015132063,
            16.51001643674384,
            20.532413868549266,
            49.35129780573043,
            0.0,
            37.77994852869466,
            53.74575209506619,
            34.95729527998154,
            9.356348761273313,
            18.929392286779304,
            23.652799120318598,
            45.04482235562485,
            46.648736787222674,
            11.372713227030758
        ],
        [
            39.55434670885388,
            15.60825448233497,
            73.80503901920159,
            84.36409360271554,
            32.56865258971753,
            40.6376863523065,
            12.085294209113801,
            37.77994852869466,
            0.0,
            15.977873802448144,
            44.83441916596975,
            28.471424795148703,
            56.70403559243343,
            27.76501233174566,
            73.24285500468856,
            72.30296441074235,
            39.55434670885388
        ],
        [
            55.19060203058646,
            14.23446284604641,
            88.44406258440725,
            97.5731877674181,
            47.23307573465162,
            54.76411445897417,
            5.586719907555345,
            53.74575209506619,
            15.977873802448144,
            0.0,
            56.13486017931062,
            44.44772078612775,
            72.66233116430787,
            41.76345488875243,
            87.04411045861858,
            85.52124451750713,
            55.19060203058646
        ],
        [
            46.093041725648014,
            43.39073357022869,
            77.84608666959423,
            42.52091222845252,
            19.74008158069121,
            14.759949464331584,
            50.548695031117376,
            34.95729527998154,
            44.83441916596975,
            56.13486017931062,
            0.0,
            34.74899628609014,
            43.165147839239474,
            51.81867179194885,
            33.88240991617668,
            30.876663514759702,
            46.093041725648014
        ],
        [
            14.148209511088739,
            39.61782638345524,
            50.13247692589285,
            63.64017908234457,
            15.022946758333276,
            22.22173678651049,
            40.15820052293834,
            9.356348761273313,
            28.471424795148703,
            44.44772078612775,
            34.74899628609014,
            0.0,
            28.274933257598857,
            17.84946432645694,
            51.46358206179016,
            52.27106753460879,
            14.148209511088739
        ],
        [
            22.27552780020454,
            66.55111609233421,
            36.83229548852485,
            48.96820187682821,
            30.58530671006905,
            29.265106148323696,
            68.1982785046171,
            18.929392286779304,
            56.70403559243343,
            72.66233116430787,
            43.165147839239474,
            28.274933257598857,
            0.0,
            39.31622093724766,
            37.29256987634952,
            40.93252215694419,
            22.27552780020454
        ],
        [
            17.25886265564259,
            42.904221545293815,
            46.709011350493846,
            80.81425144373233,
            32.424549200724755,
            40.0375117099086,
            39.36945805931202,
            23.652799120318598,
            27.76501233174566,
            41.76345488875243,
            51.81867179194885,
            17.84946432645694,
            39.31622093724766,
            0.0,
            68.51606462225928,
            69.73360146331137,
            17.25886265564259
        ],
        [
            54.78572123070052,
            75.72757020814798,
            72.71002883876496,
            12.346265721027441,
            40.88009747320023,
            32.60920933180748,
            81.55975610082892,
            45.04482235562485,
            73.24285500468856,
            87.04411045861858,
            33.88240991617668,
            51.46358206179016,
            37.29256987634952,
            68.51606462225928,
            0.0,
            5.561191038932865,
            54.78572123070052
        ],
        [
            56.94373194911218,
            73.66320931882711,
            76.98576623286964,
            12.07392616214809,
            40.47738650517013,
            31.996563135635462,
            79.98004281437687,
            46.648736787222674,
            72.30296441074235,
            85.52124451750713,
            30.876663514759702,
            52.27106753460879,
            40.93252215694419,
            69.73360146331137,
            5.561191038932865,
            0.0,
            56.94373194911218
        ],
        [
            0.0,
            52.544028153884284,
            36.04867674090894,
            67.10366636164649,
            26.947335660552483,
            31.853790785249586,
            51.630624558227176,
            11.372713227030758,
            39.55434670885388,
            55.19060203058646,
            46.093041725648014,
            14.148209511088739,
            22.27552780020454,
            17.25886265564259,
            54.78572123070052,
            56.94373194911218,
            0.0
        ]
    ],
    "scores_ave": [
        0,
        15.67867658832974,
        19.23607633081626,
        15.723215937616905,
        10.234497950779195,
        12.160957134093302,
        13.194704769491484,
        13.099462404004967,
        11.922621032129173,
        15.396205274562396,
        18.207815693670547,
        14.437233193509257,
        14.256613424636846,
        15.794257562722109,
        19.107619642136022,
        13.39842304668306,
        0
    ],
    "scores_var": [
        0,
        355.3161966310008,
        19.473622410150355,
        343.5637759769344,
        17.529208261848563,
        17.31138533732271,
        23.779668918449968,
        22.79419789168008,
        19.172952812982572,
        287.04970026497983,
        17.53258497926877,
        23.53827310183749,
        16.931814436989598,
        367.4908900096756,
        308.19889014274327,
        267.7035230246933,
        0
    ],
    "vertex_number": 17,
    "minimum_distances": {
        "cost": 324.0658500655975,
        "path": [
            0,
            7,
            11,
            13,
            8,
            9,
            6,
            1,
            4,
            5,
            10,
            15,
            3,
            14,
            12,
            2,
            16
        ]
    }
}