{
    "vertices": [
        [
            97.80536276397311,
            1.3702934983390591
        ],
        [
            29.81980085431627,
            30.69467680665471
        ],
        [
            97.4657831127986,
            39.59986594012894
        ],
        [
            8.532781574971082,
            30.16958689456397
        ],
        [
            91.05915246735697,
            59.292632053685566
        ],
        [
            40.29630232343276,
            25.976083736961442
        ],
        [
            37.72405574468326,
            16.73764089827987
        ],
        [
            17.81199906226677,
            87.4699673562871
        ],
        [
            4.8936960248435195,
            54.80543763990776
        ],
        [
            51.97653424090435,
            83.34739657221893
        ],
        [
            22.34322582589864,
            35.86879544345675
        ],
        [
            97.80536276397311,
            1.3702934983390591
        ]
    ],
    "distances": [
        [
            0.0,
            74.04023287770511,
            38.231080594479046,
            93.80294799348687,
            58.31388048386379,
            62.55187404083755,
            62.01547241823314,
            117.52485726329765,
            107.18158631814191,
            93.91766049142389,
            82.97397632823193,
            0.0
        ],
        [
            74.04023287770511,
            0.0,
            68.22962193371626,
            21.29349452802412,
            67.58772987974082,
            11.490091539659609,
            16.039828450440332,
            58.03120643991751,
            34.679092980183235,
            57.124685846623116,
            9.092341712851551,
            74.04023287770511
        ],
        [
            38.231080594479046,
            68.22962193371626,
            0.0,
            89.43158796199727,
            20.708692702108358,
            58.770374979618886,
            63.96682986353453,
            92.93154428482305,
            93.81258294353192,
            63.11194973485437,
            75.21515472545877,
            38.231080594479046
        ],
        [
            93.80294799348687,
            21.29349452802412,
            89.43158796199727,
            0.0,
            87.51430541350295,
            32.03914354458898,
            32.13327964740602,
            58.04685588586823,
            24.90317420707656,
            68.66759852952246,
            14.940192384696742,
            93.80294799348687
        ],
        [
            58.31388048386379,
            67.58772987974082,
            20.708692702108358,
            87.51430541350295,
            0.0,
            60.71951372067401,
            68.23166284543868,
            78.4799828408751,
            86.28221599874287,
            45.89207713186164,
            72.59858604502554,
            58.31388048386379
        ],
        [
            62.55187404083755,
            11.490091539659609,
            58.770374979618886,
            32.03914354458898,
            60.71951372067401,
            0.0,
            9.589852894881929,
            65.4755039364131,
            45.65606399148131,
            58.54823100732337,
            20.498260917310557,
            62.55187404083755
        ],
        [
            62.01547241823314,
            16.039828450440332,
            63.96682986353453,
            32.13327964740602,
            68.23166284543868,
            9.589852894881929,
            0.0,
            73.4816440173046,
            50.269172144525825,
            68.11749183746493,
            24.547321711788072,
            62.01547241823314
        ],
        [
            117.52485726329765,
            58.03120643991751,
            92.93154428482305,
            58.04685588586823,
            78.4799828408751,
            65.4755039364131,
            73.4816440173046,
            0.0,
            35.12625876689585,
            34.4123677453618,
            51.799738983521195,
            117.52485726329765
        ],
        [
            107.18158631814191,
            34.679092980183235,
            93.81258294353192,
            24.90317420707656,
            86.28221599874287,
            45.65606399148131,
            50.269172144525825,
            35.12625876689585,
            0.0,
            55.05848775777896,
            25.750388501036632,
            107.18158631814191
        ],
        [
            93.91766049142389,
            57.124685846623116,
            63.11194973485437,
            68.66759852952246,
            45.89207713186164,
            58.54823100732337,
            68.11749183746493,
            34.4123677453618,
            55.05848775777896,
            0.0,
            55.96740598565334,
            93.91766049142389
        ],
        [
            82.97397632823193,
            9.092341712851551,
            75.21515472545877,
            14.940192384696742,
            72.59858604502554,
            20.498260917310557,
            24.547321711788072,
            51.799738983521195,
            25.750388501036632,
            55.96740598565334,
            0.0,
            82.97397632823193
        ],
        [
            0.0,
            74.04023287770511,
            38.231080594479046,
            93.80294799348687,
            58.31388048386379,
            62.55187404083755,
            62.01547241823314,
            117.52485726329765,
            107.18158631814191,
            93.91766049142389,
            82.97397632823193,
            0.0
        ]
    ],
    "scores_ave": [
        0,
        14.858721077117643,
        10.49537796058175,
        10.725059332463747,
        14.689346459865508,
        18.633111659882,
        10.930105231995007,
        10.456158236937803,
        12.807262872875992,
        17.002345654698466,
        18.590432897806686,
        0
    ],
    "scores_var": [
        0,
        19.034537718897422,
        397.3264847165615,
        380.0229630725195,
        16.514704632119706,
        22.494064757567806,
        21.4372007965173,
        378.3299141455898,
        22.846460503605094,
        19.432184132138108,
        24.34361939853932,
        0
    ],
    "vertex_number": 12,
    "minimum_distances": {
        "cost": 306.4016020981062,
        "path": [
            0,
            2,
            4,
            9,
            7,
            8,
            3,
            10,
            1,
            5,
            6,
            11
        ]
    }
}