{
    "vertices": [
        [
            88.95376212443469,
            6.4658941086329635
        ],
        [
            15.498042105501696,
            52.58705387064138
        ],
        [
            9.26187836274348,
            50.431400314791276
        ],
        [
            27.297171711863722,
            9.05696303404726
        ],
        [
            97.05539389290932,
            20.698961720641286
        ],
        [
            46.89069851074802,
            7.919352332321116
        ],
        [
            63.802822793625104,
            90.25125331315591
        ],
        [
            63.869552468410575,
            54.209555397821894
        ],
        [
            71.71634888848061,
            57.744310424637476
        ],
        [
            56.003652103021395,
            86.60458305523319
        ],
        [
            11.325052610777785,
            33.009432772590664
        ],
        [
            35.931983005528345,
            68.24842781324844
        ],
        [
            73.00191391810681,
            1.4060761896509955
        ],
        [
            96.8135633938686,
            82.1620606316857
        ],
        [
            19.45352509391778,
            38.060255329002224
        ],
        [
            39.295533202482815,
            20.574192900834042
        ],
        [
            3.2769636185425943,
            30.970571903006473
        ],
        [
            70.77326794603718,
            21.381347066969436
        ],
        [
            8.77354312416536,
            98.55714838835432
        ],
        [
            88.95376212443469,
            6.4658941086329635
        ]
    ],
    "distances": [
        [
            0.0,
            86.7346769250487,
            91.0151749624789,
            61.71101019655881,
            16.377321238833833,
            42.088167712280594,
            87.47888983207893,
            53.9321311220331,
            54.09809973506022,
            86.64824993329748,
            82.04130658126272,
            81.41492818823855,
            16.735089440184566,
            76.10312807158931,
            76.3445257253014,
            51.62348103794435,
            89.1122496406936,
            23.515975538409926,
            122.10514581189217,
            0.0
        ],
        [
            86.7346769250487,
            0.0,
            6.598225555355116,
            45.10086770462253,
            87.56969824969056,
            54.59580970087641,
            61.25311222275332,
            48.39871409443337,
            56.454364868527826,
            52.89514848353981,
            20.017419643448466,
            25.74537967239857,
            76.98173646925976,
            86.52684570302254,
            15.055687348673871,
            39.889144513051534,
            24.831976402241917,
            63.47556009078564,
            46.459320663538065,
            86.7346769250487
        ],
        [
            91.0151749624789,
            6.598225555355116,
            0.0,
            45.13441997508156,
            92.69152751951157,
            56.773253644605546,
            67.53025479164052,
            54.73821815753756,
            62.881154115719426,
            59.104082447498826,
            17.5437065929422,
            32.07399180859585,
            80.41314903779134,
            93.12428445864954,
            16.028564856295443,
            42.34941862166068,
            20.36033022738786,
            68.0261467537962,
            48.1282255952294,
            91.0151749624789
        ],
        [
            61.71101019655881,
            45.10086770462253,
            45.13441997508156,
            0.0,
            70.72302097110091,
            19.626524158069326,
            89.02345384690186,
            58.105900142507366,
            65.90539505214801,
            82.69035849116968,
            28.789397269743453,
            59.817969447187124,
            46.34068978387022,
            100.88054325411893,
            30.04519522675479,
            16.63151413022809,
            32.51425303629437,
            45.189173322313145,
            91.39698022642935,
            61.71101019655881
        ],
        [
            16.377321238833833,
            87.56969824969056,
            92.69152751951157,
            70.72302097110091,
            0.0,
            51.76693036005783,
            77.0925077454556,
            47.16206059587594,
            44.88234688980887,
            77.64532456936635,
            86.60969411025322,
            77.44044863118756,
            30.834807134310406,
            61.46357465799639,
            79.52021476864617,
            57.75999544871756,
            94.33928111058897,
            26.290983132019488,
            117.70973794185095,
            16.377321238833833
        ],
        [
            42.088167712280594,
            54.59580970087641,
            56.773253644605546,
            19.626524158069326,
            51.76693036005783,
            0.0,
            84.05094804270483,
            49.30582502667338,
            55.66721984775686,
            79.21118265177485,
            43.52501929673628,
            61.316317517507265,
            26.911304988055985,
            89.46659808980587,
            40.758710953127014,
            14.759116703731147,
            49.33068613898984,
            27.4153684102021,
            98.32663733017597,
            42.088167712280594
        ],
        [
            87.47888983207893,
            61.25311222275332,
            67.53025479164052,
            89.02345384690186,
            77.0925077454556,
            84.05094804270483,
            0.0,
            36.041759688862165,
            33.45631825547095,
            8.609603209857589,
            77.65656689657364,
            35.50926696614753,
            89.32014764667309,
            33.987409922124336,
            68.48912670664738,
            73.86135654593993,
            84.72059264035845,
            69.22175302591882,
            55.65257868185283,
            87.47888983207893
        ],
        [
            53.9321311220331,
            48.39871409443337,
            54.73821815753756,
            58.105900142507366,
            47.16206059587594,
            49.30582502667338,
            36.041759688862165,
            0.0,
            8.606201668426202,
            33.33631961513857,
            56.66012411399761,
            31.26655923170943,
            53.58738137039012,
            43.2047497933489,
            47.260801732984525,
            41.65597235914636,
            64.89616458159487,
            33.546274750110065,
            70.72679301166622,
            53.9321311220331
        ],
        [
            54.09809973506022,
            56.454364868527826,
            62.881154115719426,
            65.90539505214801,
            44.88234688980887,
            55.66721984775686,
            33.45631825547095,
            8.606201668426202,
            0.0,
            32.86037395685102,
            65.26042321777425,
            37.294199599384314,
            56.35289978485225,
            35.01566365361738,
            55.84679736555649,
            49.322681663498386,
            73.49001653661317,
            36.37519080108183,
            75.01656177229748,
            54.09809973506022
        ],
        [
            86.64824993329748,
            52.89514848353981,
            59.104082447498826,
            82.69035849116968,
            77.64532456936635,
            79.21118265177485,
            8.609603209857589,
            33.33631961513857,
            32.86037395685102,
            0.0,
            69.7754784032854,
            27.199638520155037,
            86.87765234431032,
            41.05100321612787,
            60.76564439527752,
            68.11147965751961,
            76.65015900456669,
            66.87459954968708,
            48.71906210301207,
            86.64824993329748
        ],
        [
            82.04130658126272,
            20.017419643448466,
            17.5437065929422,
            28.789397269743453,
            86.60969411025322,
            43.52501929673628,
            77.65656689657364,
            56.66012411399761,
            65.26042321777425,
            69.7754784032854,
            0.0,
            42.98008602745698,
            69.30228977481146,
            98.61169454666785,
            9.569894116735037,
            30.610177640763105,
            8.30233040010206,
            60.57476936583946,
            65.59735683017493,
            82.04130658126272
        ],
        [
            81.41492818823855,
            25.74537967239857,
            32.07399180859585,
            59.817969447187124,
            77.44044863118756,
            61.316317517507265,
            35.50926696614753,
            31.26655923170943,
            37.294199599384314,
            27.199638520155037,
            42.98008602745698,
            0.0,
            76.43349886297226,
            62.45122904145468,
            34.392809322347034,
            47.79274154525459,
            49.55793410170744,
            58.398958843321545,
            40.696429815027436,
            81.41492818823855
        ],
        [
            16.735089440184566,
            76.98173646925976,
            80.41314903779134,
            46.34068978387022,
            30.834807134310406,
            26.911304988055985,
            89.32014764667309,
            53.58738137039012,
            56.35289978485225,
            86.87765234431032,
            69.30228977481146,
            76.43349886297226,
            0.0,
            84.1933707245333,
            64.89190083551401,
            38.775466460123,
            75.73392965548344,
            20.099211663422732,
            116.46293163149251,
            16.735089440184566
        ],
        [
            76.10312807158931,
            86.52684570302254,
            93.12428445864954,
            100.88054325411893,
            61.46357465799639,
            89.46659808980587,
            33.987409922124336,
            43.2047497933489,
            35.01566365361738,
            41.05100321612787,
            98.61169454666785,
            62.45122904145468,
            84.1933707245333,
            0.0,
            89.0479913121327,
            84.26974100310294,
            106.62862662431702,
            66.12406618203718,
            89.55358212622555,
            76.10312807158931
        ],
        [
            76.3445257253014,
            15.055687348673871,
            16.028564856295443,
            30.04519522675479,
            79.52021476864617,
            40.758710953127014,
            68.48912670664738,
            47.260801732984525,
            55.84679736555649,
            60.76564439527752,
            9.569894116735037,
            34.392809322347034,
            64.89190083551401,
            89.0479913121327,
            0.0,
            26.447451011811243,
            17.66195776938195,
            53.96204209646783,
            61.43237000726018,
            76.3445257253014
        ],
        [
            51.62348103794435,
            39.889144513051534,
            42.34941862166068,
            16.63151413022809,
            57.75999544871756,
            14.759116703731147,
            73.86135654593993,
            41.65597235914636,
            49.322681663498386,
            68.11147965751961,
            30.610177640763105,
            47.79274154525459,
            38.775466460123,
            84.26974100310294,
            26.447451011811243,
            0.0,
            37.48895905770065,
            31.48808159341371,
            83.74325778777344,
            51.62348103794435
        ],
        [
            89.1122496406936,
            24.831976402241917,
            20.36033022738786,
            32.51425303629437,
            94.33928111058897,
            49.33068613898984,
            84.72059264035845,
            64.89616458159487,
            73.49001653661317,
            76.65015900456669,
            8.30233040010206,
            49.55793410170744,
            75.73392965548344,
            106.62862662431702,
            17.66195776938195,
            37.48895905770065,
            0.0,
            68.17407374380552,
            67.80971690894607,
            89.1122496406936
        ],
        [
            23.515975538409926,
            63.47556009078564,
            68.0261467537962,
            45.189173322313145,
            26.290983132019488,
            27.4153684102021,
            69.22175302591882,
            33.546274750110065,
            36.37519080108183,
            66.87459954968708,
            60.57476936583946,
            58.398958843321545,
            20.099211663422732,
            66.12406618203718,
            53.96204209646783,
            31.48808159341371,
            68.17407374380552,
            0.0,
            98.99530386632338,
            23.515975538409926
        ],
        [
            122.10514581189217,
            46.459320663538065,
            48.1282255952294,
            91.39698022642935,
            117.70973794185095,
            98.32663733017597,
            55.65257868185283,
            70.72679301166622,
            75.01656177229748,
            48.71906210301207,
            65.59735683017493,
            40.696429815027436,
            116.46293163149251,
            89.55358212622555,
            61.43237000726018,
            83.74325778777344,
            67.80971690894607,
            98.99530386632338,
            0.0,
            122.10514581189217
        ],
        [
            0.0,
            86.7346769250487,
            91.0151749624789,
            61.71101019655881,
            16.377321238833833,
            42.088167712280594,
            87.47888983207893,
            53.9321311220331,
            54.09809973506022,
            86.64824993329748,
            82.04130658126272,
            81.41492818823855,
            16.735089440184566,
            76.10312807158931,
            76.3445257253014,
            51.62348103794435,
            89.1122496406936,
            23.515975538409926,
            122.10514581189217,
            0.0
        ]
    ],
    "scores_ave": [
        0,
        18.879006412458356,
        13.50560211222459,
        10.76854359205701,
        19.654368881163933,
        13.714498470730337,
        19.29567795885356,
        18.335156534745366,
        14.305599563093686,
        14.546361575710375,
        16.704181937617236,
        12.612916785347004,
        17.56214682186989,
        18.244466694968292,
        13.670619268403946,
        12.6748521865367,
        14.207819561863051,
        10.362355357259835,
        18.372435465699382,
        0
    ],
    "scores_var": [
        0,
        286.7546426940469,
        227.65325117547295,
        324.92436076840573,
        19.940994881668942,
        285.6694256217911,
        22.176563152782943,
        19.53058338150959,
        297.93717385761363,
        246.6290798728669,
        312.29298760315766,
        242.91911804969317,
        20.46835396477974,
        21.22812830139828,
        20.553895821306256,
        389.9923318920654,
        24.60900659595145,
        23.005617832200507,
        397.93353796577014,
        0
    ],
    "vertex_number": 20,
    "minimum_distances": {
        "cost": 432.76721760000646,
        "path": [
            0,
            12,
            17,
            5,
            15,
            3,
            16,
            10,
            14,
            2,
            1,
            18,
            11,
            9,
            6,
            13,
            8,
            7,
            4,
            19
        ]
    }
}