{
    "vertices": [
        [
            49.826349205403034,
            51.886900293130644
        ],
        [
            17.428929978761865,
            36.68995093297056
        ],
        [
            25.83678855642525,
            96.92730233215681
        ],
        [
            89.59858422585566,
            21.477215477972354
        ],
        [
            15.310315655906193,
            69.01375613553158
        ],
        [
            85.99388563630099,
            77.8012254351475
        ],
        [
            84.02901718892365,
            89.3253959359659
        ],
        [
            12.337983094343564,
            80.19646392146463
        ],
        [
            96.21775737508872,
            2.419918133672283
        ],
        [
            35.55040680331383,
            53.17001541154338
        ],
        [
            27.87473467494622,
            48.13435254087369
        ],
        [
            97.69504214140532,
            22.108946158869912
        ],
        [
            34.78333844390388,
            65.35964027062623
        ],
        [
            27.141457481507402,
            30.279837102703866
        ],
        [
            33.99851716935894,
            23.67594393934709
        ],
        [
            47.48611221938756,
            29.11188794357107
        ],
        [
            95.69017625516275,
            82.77183841043639
        ],
        [
            10.980838423571072,
            51.82259637880718
        ],
        [
            46.83186683176122,
            88.60008025242358
        ],
        [
            73.54763716762722,
            31.971988641982573
        ],
        [
            2.816970439597166,
            30.358399884503118
        ],
        [
            49.826349205403034,
            51.886900293130644
        ]
    ],
    "distances": [
        [
            0.0,
            35.784634166105555,
            51.03074402718518,
            50.06575285641261,
            38.531620301206836,
            44.4931785675793,
            50.70959922134606,
            46.976685563197435,
            67.81699695452868,
            14.33348931261568,
            22.27004703916746,
            56.37497951949438,
            20.19422925669081,
            31.328413497015205,
            32.34777156708487,
            22.894931680904968,
            55.2934899799251,
            38.84556400536386,
            36.83509885163171,
            30.972620306648178,
            51.70452612481112,
            0.0
        ],
        [
            35.784634166105555,
            0.0,
            60.821300458400536,
            73.7555849693352,
            32.39316146074847,
            79.94554418798867,
            84.88852506119129,
            43.803360745472155,
            85.91923225072001,
            24.494498311267606,
            15.494810870539949,
            81.57974296311802,
            33.51308072816762,
            11.637128073909166,
            21.069304632495097,
            30.997761901748504,
            90.8204989097797,
            16.44915933698505,
            59.65898273976689,
            56.31668016430649,
            15.924757462942265,
            35.784634166105555
        ],
        [
            51.03074402718518,
            60.821300458400536,
            0.0,
            98.78401790418414,
            29.832410110423414,
            63.12434670194938,
            58.68666334077458,
            21.497411537853097,
            117.83516639736052,
            44.82247804505206,
            48.83549092326881,
            103.7371439203727,
            32.81094395045868,
            66.660233891843,
            73.70464924509875,
            71.18724354657442,
            71.27322731453418,
            47.48824858307563,
            22.5861891285954,
            80.59477558620019,
            70.43671485253327,
            51.03074402718518
        ],
        [
            50.06575285641261,
            73.7555849693352,
            98.78401790418414,
            0.0,
            88.19563223203698,
            56.439241220780985,
            68.0763958243923,
            97.04200443607489,
            20.17409317041523,
            62.654920399980725,
            67.23419189499947,
            8.121066089587874,
            70.21665312316378,
            63.074391226771056,
            55.64352490212847,
            42.79893132021559,
            61.59657696564367,
            84.27094456008777,
            79.58939057560126,
            19.17741289199566,
            87.23487793199537,
            50.06575285641261
        ],
        [
            38.531620301206836,
            32.39316146074847,
            29.832410110423414,
            88.19563223203698,
            0.0,
            71.22771007034454,
            71.65767685158738,
            11.570985882028076,
            104.78909001113044,
            25.703801465626263,
            24.368301536106852,
            94.80139427791788,
            19.81290436195638,
            40.50052346006337,
            49.038414437499014,
            51.258569719639354,
            81.54880022317292,
            17.72795382683881,
            37.11108029880015,
            69.01940419842602,
            40.624133733383125,
            38.531620301206836
        ],
        [
            44.4931785675793,
            79.94554418798867,
            63.12434670194938,
            56.439241220780985,
            71.22771007034454,
            0.0,
            11.690475343091574,
            73.69483799206472,
            76.07147325910432,
            56.13591598968454,
            65.25303867095954,
            56.90823345126646,
            52.70021997250834,
            75.64317979010434,
            75.05374367087032,
            62.076567228681185,
            10.896102290063954,
            79.38416983118346,
            40.623625911675255,
            47.489241370945756,
            95.75604898839829,
            44.4931785675793
        ],
        [
            50.70959922134606,
            84.88852506119129,
            58.68666334077458,
            68.0763958243923,
            71.65767685158738,
            11.690475343091574,
            0.0,
            72.26992299204166,
            87.75606793476325,
            60.47633591567488,
            69.64198087817405,
            68.59162746748846,
            54.76763934723179,
            81.99129507086137,
            82.54030215394187,
            70.43472473405956,
            13.37653718301396,
            82.11270544537751,
            37.204221232733005,
            58.303281686199895,
            100.36186108551404,
            50.70959922134606
        ],
        [
            46.976685563197435,
            43.803360745472155,
            21.497411537853097,
            97.04200443607489,
            11.570985882028076,
            73.69483799206472,
            72.26992299204166,
            0.0,
            114.38971810468506,
            35.626472369632516,
            35.6282140425082,
            103.2472142432102,
            26.905860194651158,
            52.065463475271606,
            60.528901488989945,
            62.00826464135201,
            83.39196998798481,
            28.406305655358917,
            35.50279964634404,
            77.92446193431446,
            50.73935660731339,
            46.976685563197435
        ],
        [
            67.81699695452868,
            85.91923225072001,
            117.83516639736052,
            20.17409317041523,
            104.78909001113044,
            76.07147325910432,
            87.75606793476325,
            114.38971810468506,
            0.0,
            79.09551061287875,
            82.22273569373931,
            19.744371219611143,
            87.95223960814923,
            74.48295302919313,
            65.74992383896588,
            55.5628877211554,
            80.35365227543522,
            98.51881531027418,
            99.32767251663446,
            37.24592892584232,
            97.48982389311512,
            67.81699695452868
        ],
        [
            14.33348931261568,
            24.494498311267606,
            44.82247804505206,
            62.654920399980725,
            25.703801465626263,
            56.13591598968454,
            60.47633591567488,
            35.626472369632516,
            79.09551061287875,
            0.0,
            9.180078603652618,
            69.47478481020109,
            12.213736040752575,
            24.3858707391632,
            29.53487114315889,
            26.856182920223336,
            67.03029012751871,
            24.60648752700464,
            37.182802947094125,
            43.5102959571837,
            39.897965601406206,
            14.33348931261568
        ],
        [
            22.27004703916746,
            15.494810870539949,
            48.83549092326881,
            67.23419189499947,
            24.368301536106852,
            65.25303867095954,
            69.64198087817405,
            35.6282140425082,
            82.22273569373931,
            9.180078603652618,
            0.0,
            74.51306672026945,
            18.559077116312096,
            17.869566781941362,
            25.21337865812724,
            27.321425448652008,
            76.14912700802233,
            17.2918152072095,
            44.68610498618386,
            48.44828200159552,
            30.722565669485782,
            22.27004703916746
        ],
        [
            56.37497951949438,
            81.57974296311802,
            103.7371439203727,
            8.121066089587874,
            94.80139427791788,
            56.90823345126646,
            68.59162746748846,
            103.2472142432102,
            19.744371219611143,
            69.47478481020109,
            74.51306672026945,
            0.0,
            76.34464619913389,
            71.02514883601027,
            63.71579690750598,
            50.694948836683956,
            60.6960129130982,
            91.66381039325627,
            83.71459559495301,
            26.08403293187863,
            95.23603297399998,
            56.37497951949438
        ],
        [
            20.19422925669081,
            33.51308072816762,
            32.81094395045868,
            70.21665312316378,
            19.81290436195638,
            52.70021997250834,
            54.76763934723179,
            26.905860194651158,
            87.95223960814923,
            12.213736040752575,
            18.559077116312096,
            76.34464619913389,
            0.0,
            35.90251989684866,
            41.69108399012038,
            38.40911363667025,
            63.3468826085941,
            27.382669054476388,
            26.17795039456926,
            51.16059163866002,
            47.40185135576394,
            20.19422925669081
        ],
        [
            31.328413497015205,
            11.637128073909166,
            66.660233891843,
            63.074391226771056,
            40.50052346006337,
            75.64317979010434,
            81.99129507086137,
            52.065463475271606,
            74.48295302919313,
            24.3858707391632,
            17.869566781941362,
            71.02514883601027,
            35.90251989684866,
            0.0,
            9.520014310692448,
            20.378152066413392,
            86.33850269028693,
            26.930579005358762,
            61.55455288947352,
            46.43702068277338,
            24.324613911894737,
            31.328413497015205
        ],
        [
            32.34777156708487,
            21.069304632495097,
            73.70464924509875,
            55.64352490212847,
            49.038414437499014,
            75.05374367087032,
            82.54030215394187,
            60.528901488989945,
            65.74992383896588,
            29.53487114315889,
            25.21337865812724,
            63.71579690750598,
            41.69108399012038,
            9.520014310692448,
            0.0,
            14.541826138783778,
            85.42941849326357,
            36.359972200100195,
            66.18034707944963,
            40.409865755104285,
            31.889560578961703,
            32.34777156708487
        ],
        [
            22.894931680904968,
            30.997761901748504,
            71.18724354657442,
            42.79893132021559,
            51.258569719639354,
            62.076567228681185,
            70.43472473405956,
            62.00826464135201,
            55.5628877211554,
            26.856182920223336,
            27.321425448652008,
            50.694948836683956,
            38.40911363667025,
            20.378152066413392,
            14.541826138783778,
            0.0,
            72.13197677640309,
            42.993154019423024,
            59.49178986383121,
            26.21799493921631,
            44.686530625703114,
            22.894931680904968
        ],
        [
            55.2934899799251,
            90.8204989097797,
            71.27322731453418,
            61.59657696564367,
            81.54880022317292,
            10.896102290063954,
            13.37653718301396,
            83.39196998798481,
            80.35365227543522,
            67.03029012751871,
            76.14912700802233,
            60.6960129130982,
            63.3468826085941,
            86.33850269028693,
            85.42941849326357,
            72.13197677640309,
            0.0,
            90.18607153102465,
            49.20470305450016,
            55.41585309043357,
            106.64239727506218,
            55.2934899799251
        ],
        [
            38.84556400536386,
            16.44915933698505,
            47.48824858307563,
            84.27094456008777,
            17.72795382683881,
            79.38416983118346,
            82.11270544537751,
            28.406305655358917,
            98.51881531027418,
            24.60648752700464,
            17.2918152072095,
            91.66381039325627,
            27.382669054476388,
            26.930579005358762,
            36.359972200100195,
            42.993154019423024,
            90.18607153102465,
            0.0,
            51.3602916463582,
            65.64031484233227,
            22.964330419279563,
            38.84556400536386
        ],
        [
            36.83509885163171,
            59.65898273976689,
            22.5861891285954,
            79.58939057560126,
            37.11108029880015,
            40.623625911675255,
            37.204221232733005,
            35.50279964634404,
            99.32767251663446,
            37.182802947094125,
            44.68610498618386,
            83.71459559495301,
            26.17795039456926,
            61.55455288947352,
            66.18034707944963,
            59.49178986383121,
            49.20470305450016,
            51.3602916463582,
            0.0,
            62.613681764285644,
            73.00277006040214,
            36.83509885163171
        ],
        [
            30.972620306648178,
            56.31668016430649,
            80.59477558620019,
            19.17741289199566,
            69.01940419842602,
            47.489241370945756,
            58.303281686199895,
            77.92446193431446,
            37.24592892584232,
            43.5102959571837,
            48.44828200159552,
            26.08403293187863,
            51.16059163866002,
            46.43702068277338,
            40.409865755104285,
            26.21799493921631,
            55.41585309043357,
            65.64031484233227,
            62.613681764285644,
            0.0,
            70.74906984879675,
            30.972620306648178
        ],
        [
            51.70452612481112,
            15.924757462942265,
            70.43671485253327,
            87.23487793199537,
            40.624133733383125,
            95.75604898839829,
            100.36186108551404,
            50.73935660731339,
            97.48982389311512,
            39.897965601406206,
            30.722565669485782,
            95.23603297399998,
            47.40185135576394,
            24.324613911894737,
            31.889560578961703,
            44.686530625703114,
            106.64239727506218,
            22.964330419279563,
            73.00277006040214,
            70.74906984879675,
            0.0,
            51.70452612481112
        ],
        [
            0.0,
            35.784634166105555,
            51.03074402718518,
            50.06575285641261,
            38.531620301206836,
            44.4931785675793,
            50.70959922134606,
            46.976685563197435,
            67.81699695452868,
            14.33348931261568,
            22.27004703916746,
            56.37497951949438,
            20.19422925669081,
            31.328413497015205,
            32.34777156708487,
            22.894931680904968,
            55.2934899799251,
            38.84556400536386,
            36.83509885163171,
            30.972620306648178,
            51.70452612481112,
            0.0
        ]
    ],
    "scores_ave": [
        0,
        19.725715255134414,
        11.446520399871677,
        19.98067599284891,
        18.398379800209156,
        18.86727426892827,
        16.325564167636564,
        16.817005856868956,
        17.10755502115746,
        17.663228454128685,
        15.967636690113167,
        17.723448550609344,
        11.301122711111592,
        14.672874893361096,
        19.8573688630839,
        12.673933078967297,
        16.18101110229893,
        14.386113563700716,
        13.559515083721918,
        17.62158120542685,
        16.941525827029757,
        0
    ],
    "scores_var": [
        0,
        16.63261127101222,
        20.166675961692846,
        21.843543125095017,
        303.453427501543,
        19.54331571236796,
        16.071121372475655,
        20.341103099727995,
        21.72709257524286,
        24.469706292517284,
        21.486043929008325,
        17.01578629929537,
        19.23997789546943,
        21.171032319148495,
        18.591557140772498,
        310.33859845260054,
        370.5813476543058,
        21.507381603082926,
        21.942907842102056,
        232.6919700030499,
        267.18401253641355,
        0
    ],
    "vertex_number": 22,
    "minimum_distances": {
        "cost": 436.7268014811844,
        "path": [
            0,
            19,
            3,
            8,
            11,
            5,
            16,
            6,
            18,
            2,
            7,
            4,
            12,
            17,
            20,
            1,
            13,
            14,
            15,
            10,
            9,
            21
        ]
    }
}