{
    "vertices": [
        [
            75.8271001740862,
            20.66567623631075
        ],
        [
            69.10540918528594,
            67.38906743362952
        ],
        [
            46.49521740268837,
            18.770406141814522
        ],
        [
            24.960050862537642,
            29.14453194921127
        ],
        [
            89.96147211048324,
            31.155278075997618
        ],
        [
            73.47013027794954,
            81.14233521035908
        ],
        [
            4.799496127984993,
            8.102695820696892
        ],
        [
            15.044273324476688,
            19.797028154909825
        ],
        [
            32.4574870948504,
            14.757359163040961
        ],
        [
            21.96686619263295,
            43.63713763163014
        ],
        [
            96.51746989461115,
            38.148080561153584
        ],
        [
            78.28463393006763,
            21.12319969963051
        ],
        [
            3.1816220062017453,
            79.72447320591338
        ],
        [
            52.79332085177416,
            61.23847065358768
        ],
        [
            37.08042370135081,
            12.962355330125163
        ],
        [
            26.956746246835937,
            47.41393685299384
        ],
        [
            96.78604367045173,
            97.8986666842
        ],
        [
            81.03504220749772,
            43.0847465991413
        ],
        [
            27.362275772989598,
            8.674057330908791
        ],
        [
            76.00983330522509,
            20.4167907537655
        ],
        [
            75.8271001740862,
            20.66567623631075
        ]
    ],
    "distances": [
        [
            0.0,
            47.204410966842964,
            29.39305012492097,
            51.568863666593415,
            17.601483369067804,
            60.52257089511842,
            72.13008396953957,
            60.789033462615045,
            43.770213036732095,
            58.55435802033475,
            27.08737455253461,
            2.4997599647318753,
            93.62321826201726,
            46.655188743542645,
            39.50501348773978,
            55.711587116081205,
            80.02632145742797,
            23.016024334296347,
            49.92632700491317,
            0.30876428005454776,
            0.0
        ],
        [
            47.204410966842964,
            0.0,
            53.61897983227649,
            58.40768062389371,
            41.80744971835796,
            14.429246853358984,
            87.46498907082703,
            72.02505545480734,
            64.13397624525531,
            52.78443335671324,
            40.080623568103846,
            47.16766566298467,
            67.06793534618521,
            17.433131289328145,
            63.149558079562226,
            46.642423063264154,
            41.195305217121046,
            27.074271093981167,
            72.04124928427719,
            47.47700336918596,
            47.204410966842964
        ],
        [
            29.39305012492097,
            53.61897983227649,
            0.0,
            23.90367930214348,
            45.19624266627721,
            67.95515771712611,
            43.038740875088706,
            31.46769512005241,
            14.600082816526633,
            34.9284174859156,
            53.64438470397049,
            31.876364922570986,
            74.77610472487324,
            42.932535569559754,
            11.06217856798157,
            34.67280932820919,
            93.75739343197418,
            42.23963363266449,
            21.633439733822676,
            29.560499558781856,
            29.39305012492097
        ],
        [
            51.568863666593415,
            58.40768062389371,
            23.90367930214348,
            0.0,
            65.03251390065788,
            71.11258221211351,
            29.141153629603377,
            13.627122637181852,
            16.223510435066625,
            14.798472013496264,
            72.12162024066961,
            53.92451140607646,
            55.069323774510984,
            42.48189990871412,
            20.217969182960417,
            18.378192185196912,
            99.42889060026522,
            57.78178120154719,
            20.610944073937077,
            51.79047937430586,
            51.568863666593415
        ],
        [
            17.601483369067804,
            41.80744971835796,
            45.19624266627721,
            65.03251390065788,
            0.0,
            52.63715642387413,
            88.22688763569195,
            75.77332324249684,
            59.79632126940609,
            69.13076921234348,
            9.585426101217074,
            15.394516765432565,
            99.44701654493913,
            47.81704658017523,
            55.92305176656842,
            65.06872879025795,
            67.09139065396282,
            14.899441937790485,
            66.51364272304961,
            17.60577562398559,
            17.601483369067804
        ],
        [
            60.52257089511842,
            14.429246853358984,
            67.95515771712611,
            71.11258221211351,
            52.63715642387413,
            0.0,
            100.25190729721888,
            84.71615819001133,
            78.03205716670047,
            63.71205582039679,
            48.78202328979876,
            60.211926334169526,
            70.30280739580184,
            28.700074430925703,
            77.28337726316089,
            57.45519776120322,
            28.71247919960753,
            38.80216415874911,
            85.89287249745335,
            60.77862980535573,
            60.52257089511842
        ],
        [
            72.13008396953957,
            87.46498907082703,
            43.038740875088706,
            29.141153629603377,
            88.22688763569195,
            100.25190729721888,
            0.0,
            15.547117692639183,
            28.447302306600996,
            39.46409950513468,
            96.51379101484716,
            74.62974607388396,
            71.64004824461975,
            71.60180010802428,
            32.64467147245421,
            45.12557372852635,
            128.54898409595305,
            83.87849761832392,
            22.57001283305762,
            72.26720594375327,
            72.13008396953957
        ],
        [
            60.789033462615045,
            72.02505545480734,
            31.46769512005241,
            13.627122637181852,
            75.77332324249684,
            84.71615819001133,
            15.547117692639183,
            0.0,
            18.127831568070608,
            24.824848677892433,
            83.51432741615342,
            63.25426420796629,
            61.090270638130434,
            56.05696875134605,
            23.071728935085456,
            30.076579878108664,
            113.05566310563142,
            69.97927841947283,
            16.596796807611653,
            60.96871008513441,
            60.789033462615045
        ],
        [
            43.770213036732095,
            64.13397624525531,
            14.600082816526633,
            16.223510435066625,
            59.79632126940609,
            78.03205716670047,
            28.447302306600996,
            18.127831568070608,
            0.0,
            30.72612457354212,
            68.19682722700351,
            46.267173166229284,
            71.25869900403984,
            50.73499640273836,
            4.959191630488172,
            33.116615411254564,
            105.12202532023571,
            56.23361752259251,
            7.93522145848754,
            43.91851575768959,
            43.770213036732095
        ],
        [
            58.55435802033475,
            52.78443335671324,
            34.9284174859156,
            14.798472013496264,
            69.13076921234348,
            63.71205582039679,
            39.46409950513468,
            24.824848677892433,
            30.72612457354212,
            0.0,
            74.75240638168349,
            60.65120249536336,
            40.68391805117565,
            35.49756655042627,
            34.19593381988632,
            6.258044048568713,
            92.42414648553823,
            59.07075887083067,
            35.376933567714616,
            58.82029244623894,
            58.55435802033475
        ],
        [
            27.08737455253461,
            40.080623568103846,
            53.64438470397049,
            72.12162024066961,
            9.585426101217074,
            48.78202328979876,
            96.51379101484716,
            83.51432741615342,
            68.19682722700351,
            74.75240638168349,
            0.0,
            24.945598322329463,
            102.17718398155009,
            49.44661084585072,
            64.55294893025899,
            70.1751406640784,
            59.75118972807701,
            16.250422722419184,
            75.17419051360758,
            27.110178839615035,
            27.08737455253461
        ],
        [
            2.4997599647318753,
            47.16766566298467,
            31.876364922570986,
            53.92451140607646,
            15.394516765432565,
            60.211926334169526,
            74.62974607388396,
            63.25426420796629,
            46.267173166229284,
            60.65120249536336,
            24.945598322329463,
            0.0,
            95.26054616993602,
            47.52938045214744,
            42.00459881245837,
            57.66935853717889,
            78.97325175703669,
            22.133103892404424,
            52.422015470548565,
            2.381959588570329,
            2.4997599647318753
        ],
        [
            93.62321826201726,
            67.06793534618521,
            74.77610472487324,
            55.069323774510984,
            99.44701654493913,
            70.30280739580184,
            71.64004824461975,
            61.090270638130434,
            71.25869900403984,
            40.68391805117565,
            102.17718398155009,
            95.26054616993602,
            0.0,
            52.94386605366446,
            74.87529058125706,
            40.11517533391729,
            95.35244655322121,
            86.0443176674588,
            75.05241909892295,
            93.92203979290484,
            93.62321826201726
        ],
        [
            46.655188743542645,
            17.433131289328145,
            42.932535569559754,
            42.48189990871412,
            47.81704658017523,
            28.700074430925703,
            71.60180010802428,
            56.05696875134605,
            50.73499640273836,
            35.49756655042627,
            49.44661084585072,
            47.52938045214744,
            52.94386605366446,
            0.0,
            50.76887282168115,
            29.302667491549304,
            57.26543140502756,
            33.573092234396846,
            58.39311262260811,
            46.96185686644842,
            46.655188743542645
        ],
        [
            39.50501348773978,
            63.149558079562226,
            11.06217856798157,
            20.217969182960417,
            55.92305176656842,
            77.28337726316089,
            32.64467147245421,
            23.071728935085456,
            4.959191630488172,
            34.19593381988632,
            64.55294893025899,
            42.00459881245837,
            74.87529058125706,
            50.76887282168115,
            0.0,
            35.90822071100042,
            103.82166460970969,
            53.28571050276624,
            10.622236058739913,
            39.63669435751981,
            39.50501348773978
        ],
        [
            55.711587116081205,
            46.642423063264154,
            34.67280932820919,
            18.378192185196912,
            65.06872879025795,
            57.45519776120322,
            45.12557372852635,
            30.076579878108664,
            33.116615411254564,
            6.258044048568713,
            70.1751406640784,
            57.66935853717889,
            40.11517533391729,
            29.302667491549304,
            35.90822071100042,
            0.0,
            86.1675038793957,
            54.251303968319334,
            38.74200200792735,
            55.9915283543947,
            55.711587116081205
        ],
        [
            80.02632145742797,
            41.195305217121046,
            93.75739343197418,
            99.42889060026522,
            67.09139065396282,
            28.71247919960753,
            128.54898409595305,
            113.05566310563142,
            105.12202532023571,
            92.42414648553823,
            59.75118972807701,
            78.97325175703669,
            95.35244655322121,
            57.26543140502756,
            103.82166460970969,
            86.1675038793957,
            0.0,
            57.03209519364671,
            113.05171587962792,
            80.21902526732293,
            80.02632145742797
        ],
        [
            23.016024334296347,
            27.074271093981167,
            42.23963363266449,
            57.78178120154719,
            14.899441937790485,
            38.80216415874911,
            83.87849761832392,
            69.97927841947283,
            56.23361752259251,
            59.07075887083067,
            16.250422722419184,
            22.133103892404424,
            86.0443176674588,
            33.573092234396846,
            53.28571050276624,
            54.251303968319334,
            57.03209519364671,
            0.0,
            63.756265516795395,
            23.21828905667657,
            23.016024334296347
        ],
        [
            49.92632700491317,
            72.04124928427719,
            21.633439733822676,
            20.610944073937077,
            66.51364272304961,
            85.89287249745335,
            22.57001283305762,
            16.596796807611653,
            7.93522145848754,
            35.376933567714616,
            75.17419051360758,
            52.422015470548565,
            75.05241909892295,
            58.39311262260811,
            10.622236058739913,
            38.74200200792735,
            113.05171587962792,
            63.756265516795395,
            0.0,
            50.04474639852257,
            49.92632700491317
        ],
        [
            0.30876428005454776,
            47.47700336918596,
            29.560499558781856,
            51.79047937430586,
            17.60577562398559,
            60.77862980535573,
            72.26720594375327,
            60.96871008513441,
            43.91851575768959,
            58.82029244623894,
            27.110178839615035,
            2.381959588570329,
            93.92203979290484,
            46.96185686644842,
            39.63669435751981,
            55.9915283543947,
            80.21902526732293,
            23.21828905667657,
            50.04474639852257,
            0.0,
            0.30876428005454776
        ],
        [
            0.0,
            47.204410966842964,
            29.39305012492097,
            51.568863666593415,
            17.601483369067804,
            60.52257089511842,
            72.13008396953957,
            60.789033462615045,
            43.770213036732095,
            58.55435802033475,
            27.08737455253461,
            2.4997599647318753,
            93.62321826201726,
            46.655188743542645,
            39.50501348773978,
            55.711587116081205,
            80.02632145742797,
            23.016024334296347,
            49.92632700491317,
            0.30876428005454776,
            0.0
        ]
    ],
    "scores_ave": [
        0,
        13.923933178442002,
        18.932709821616353,
        18.13378206553616,
        15.345942309867098,
        16.11281495027497,
        18.81334648438404,
        14.285377887807776,
        19.19804379518343,
        15.874840100406564,
        10.10727292940579,
        14.724108689164977,
        19.536864023794628,
        13.245293265365047,
        18.0657371821382,
        10.172131234606914,
        15.548489629294968,
        10.411203424354056,
        17.789428631356785,
        14.579012290682904,
        0
    ],
    "scores_var": [
        0,
        233.03653877558054,
        16.126121717088264,
        23.79313544478338,
        23.561842626085618,
        18.219313869571508,
        275.6616684645095,
        305.72075490218026,
        18.020086640243388,
        383.5747703118559,
        23.87560369943073,
        396.0829085070805,
        338.91585857003855,
        350.6987597068828,
        244.8240036216347,
        20.906714988667943,
        20.406819948195622,
        283.27556406166036,
        383.6714259758136,
        20.47946030083443,
        0
    ],
    "vertex_number": 21,
    "minimum_distances": {
        "cost": 388.8126717937328,
        "path": [
            0,
            2,
            14,
            8,
            18,
            6,
            7,
            3,
            9,
            15,
            12,
            13,
            5,
            16,
            1,
            17,
            10,
            4,
            11,
            19,
            20
        ]
    }
}