{
    "vertices": [
        [
            49.889974138368444,
            34.833763168048314
        ],
        [
            44.73648766899609,
            95.79126234208758
        ],
        [
            59.55524131863994,
            22.822317752719357
        ],
        [
            89.19112000592744,
            60.91794888660566
        ],
        [
            75.2243811508872,
            86.78421725668328
        ],
        [
            67.38149620251139,
            12.84108020068947
        ],
        [
            54.049699764653795,
            15.551202187633395
        ],
        [
            31.945406387930355,
            65.70263693364201
        ],
        [
            53.97221266516704,
            91.59729578830606
        ],
        [
            72.92085816728866,
            92.03450321219073
        ],
        [
            36.71793169321812,
            84.15017282857404
        ],
        [
            75.44423155553069,
            59.115413184158406
        ],
        [
            58.01038756600641,
            92.41714330298247
        ],
        [
            30.34999079141206,
            67.04290544308019
        ],
        [
            58.89035317602157,
            14.745352150504331
        ],
        [
            67.13609832115567,
            36.52283724641406
        ],
        [
            29.9100759698645,
            48.08581424312883
        ],
        [
            39.02335444707291,
            95.24694740103922
        ],
        [
            78.89337869870214,
            78.35934263122788
        ],
        [
            49.889974138368444,
            34.833763168048314
        ]
    ],
    "distances": [
        [
            0.0,
            61.17495507430309,
            15.417269882552501,
            47.16953265724965,
            57.79863197941045,
            28.10038163838981,
            19.726136855689585,
            35.705670128233436,
            56.91013360484004,
            61.663167942874374,
            51.04518551226587,
            35.250795730698776,
            58.153132177038344,
            37.6727991433153,
            22.01252098309524,
            17.328640182378003,
            23.97526201150532,
            61.382703204441505,
            52.30366663720569,
            0.0
        ],
        [
            61.17495507430309,
            0.0,
            74.4584604609518,
            56.500994040601086,
            31.790541205422155,
            85.98563326959976,
            80.77872970732538,
            32.69460413139432,
            10.143370823307949,
            28.433641686303353,
            14.135494508446438,
            47.833915228174426,
            13.696024889211545,
            32.14715099042901,
            82.27254382583016,
            63.359993455569445,
            49.95630352812939,
            5.739004266115404,
            38.34794687621584,
            61.17495507430309
        ],
        [
            15.417269882552501,
            74.4584604609518,
            0.0,
            48.26554067921283,
            65.85321959659754,
            12.683665423582143,
            9.120313007978595,
            51.000242724509015,
            69.00121602363927,
            70.49089536827535,
            65.44194770277257,
            39.618793352947435,
            69.6119696351754,
            52.994405686251795,
            8.104285877334243,
            15.658021180522793,
            38.94971223869527,
            75.2787178304939,
            58.807522390305074,
            15.417269882552501
        ],
        [
            47.16953265724965,
            56.500994040601086,
            48.26554067921283,
            0.0,
            29.396149979848875,
            52.79247098866808,
            57.38519950843169,
            57.445321544414654,
            46.70753430220804,
            35.11354971225428,
            57.3861631492368,
            13.864561912525351,
            44.321973380825995,
            59.159053238350566,
            55.22721394235779,
            32.88685837007184,
            60.653984712580524,
            60.788854571970454,
            20.254522748894416,
            47.16953265724965
        ],
        [
            57.79863197941045,
            31.790541205422155,
            65.85321959659754,
            29.396149979848875,
            0.0,
            74.35790719214025,
            74.31358938737912,
            48.14044749947279,
            21.790373798927934,
            5.733386499318314,
            38.59643558523606,
            27.66967750090685,
            18.112190121114363,
            49.02479273037735,
            73.86743907615818,
            50.90802136864504,
            59.589870362657614,
            37.17703775055869,
            9.189127023853482,
            57.79863197941045
        ],
        [
            28.10038163838981,
            85.98563326959976,
            12.683665423582143,
            52.79247098866808,
            74.35790719214025,
            0.0,
            13.60446828966826,
            63.64008675024111,
            79.88961370959328,
            79.38691818716354,
            77.62242510916424,
            46.97149768144282,
            80.12594770695254,
            65.64427052393029,
            8.702055019083614,
            23.683028456954155,
            51.44218708388964,
            87.14878744344766,
            66.52192233033409,
            28.10038163838981
        ],
        [
            19.726136855689585,
            80.77872970732538,
            9.120313007978595,
            57.38519950843169,
            74.31358938737912,
            13.60446828966826,
            0.0,
            54.806625445902256,
            76.04613307836799,
            78.77700143487559,
            70.75456845659279,
            48.53417837257156,
            76.96791507770035,
            56.68396342497007,
            4.907272127295101,
            24.719694662723747,
            40.512003388570484,
            81.09995597238806,
            67.54310393341697,
            19.726136855689585
        ],
        [
            35.705670128233436,
            32.69460413139432,
            51.000242724509015,
            57.445321544414654,
            48.14044749947279,
            63.64008675024111,
            54.806625445902256,
            0.0,
            33.99578726804756,
            48.70682529414013,
            19.054883321196638,
            43.99476454860534,
            37.323559508318475,
            2.0836675845742407,
            57.6426494002736,
            45.71482810342742,
            17.73400720704952,
            30.380316484886663,
            48.624112364220046,
            35.705670128233436
        ],
        [
            56.91013360484004,
            10.143370823307949,
            69.00121602363927,
            46.70753430220804,
            21.790373798927934,
            79.88961370959328,
            76.04613307836799,
            33.99578726804756,
            0.0,
            18.95368873587866,
            18.79281384562531,
            38.9373893929442,
            4.120559000559282,
            34.07238546798022,
            77.00915106006792,
            56.62582334276936,
            49.721579305164106,
            15.387927700603685,
            28.218928403821778,
            56.91013360484004
        ],
        [
            61.663167942874374,
            28.433641686303353,
            70.49089536827535,
            35.11354971225428,
            5.733386499318314,
            79.38691818716354,
            78.77700143487559,
            48.70682529414013,
            18.95368873587866,
            0.0,
            37.051512126834695,
            33.0156614583168,
            14.915379545649628,
            49.364549103455666,
            78.55232614089891,
            55.812261240460415,
            61.493208139871854,
            34.04938407854842,
            14.922500407548188,
            61.663167942874374
        ],
        [
            51.04518551226587,
            14.135494508446438,
            65.44194770277257,
            57.3861631492368,
            38.59643558523606,
            77.62242510916424,
            70.75456845659279,
            19.054883321196638,
            18.79281384562531,
            37.051512126834695,
            0.0,
            46.113615033733936,
            22.841004310655368,
            18.254020618145372,
            72.86045160281466,
            56.51219298222867,
            36.701292344133805,
            11.333727541550537,
            42.57114098173652,
            51.04518551226587
        ],
        [
            35.250795730698776,
            47.833915228174426,
            39.618793352947435,
            13.864561912525351,
            27.66967750090685,
            46.97149768144282,
            48.53417837257156,
            43.99476454860534,
            38.9373893929442,
            33.0156614583168,
            46.113615033733936,
            0.0,
            37.58914930080309,
            45.785758523885605,
            47.35750421563374,
            24.07175866742751,
            46.850948525079154,
            51.302710008487985,
            19.55058660447392,
            35.250795730698776
        ],
        [
            58.153132177038344,
            13.696024889211545,
            69.6119696351754,
            44.321973380825995,
            18.112190121114363,
            80.12594770695254,
            76.96791507770035,
            37.323559508318475,
            4.120559000559282,
            14.915379545649628,
            22.841004310655368,
            37.58914930080309,
            0.0,
            37.535976032319816,
            77.67677568172478,
            56.63437159827931,
            52.48708648813812,
            19.196750190927013,
            25.17381731829784,
            58.153132177038344
        ],
        [
            37.6727991433153,
            32.14715099042901,
            52.994405686251795,
            59.159053238350566,
            49.02479273037735,
            65.64427052393029,
            56.68396342497007,
            2.0836675845742407,
            34.07238546798022,
            49.364549103455666,
            18.254020618145372,
            45.785758523885605,
            37.535976032319816,
            0.0,
            59.57840519378347,
            47.798454681286614,
            18.962194804755338,
            29.50754513458638,
            49.84498229662569,
            37.6727991433153
        ],
        [
            22.01252098309524,
            82.27254382583016,
            8.104285877334243,
            55.22721394235779,
            73.86743907615818,
            8.702055019083614,
            4.907272127295101,
            57.6426494002736,
            77.00915106006792,
            78.55232614089891,
            72.86045160281466,
            47.35750421563374,
            77.67677568172478,
            59.57840519378347,
            0.0,
            23.28628716865514,
            44.17513870374872,
            82.91685278866407,
            66.68478698280887,
            22.01252098309524
        ],
        [
            17.328640182378003,
            63.359993455569445,
            15.658021180522793,
            32.88685837007184,
            50.90802136864504,
            23.683028456954155,
            24.719694662723747,
            45.71482810342742,
            56.62582334276936,
            55.812261240460415,
            56.51219298222867,
            24.07175866742751,
            56.63437159827931,
            47.798454681286614,
            23.28628716865514,
            0.0,
            38.98049739453545,
            65.10643195247553,
            43.457183809927145,
            17.328640182378003
        ],
        [
            23.97526201150532,
            49.95630352812939,
            38.94971223869527,
            60.653984712580524,
            59.589870362657614,
            51.44218708388964,
            40.512003388570484,
            17.73400720704952,
            49.721579305164106,
            61.493208139871854,
            36.701292344133805,
            46.850948525079154,
            52.48708648813812,
            18.962194804755338,
            44.17513870374872,
            38.98049739453545,
            0.0,
            48.033574979812876,
            57.583421809492975,
            23.97526201150532
        ],
        [
            61.382703204441505,
            5.739004266115404,
            75.2787178304939,
            60.788854571970454,
            37.17703775055869,
            87.14878744344766,
            81.09995597238806,
            30.380316484886663,
            15.387927700603685,
            34.04938407854842,
            11.333727541550537,
            51.302710008487985,
            19.196750190927013,
            29.50754513458638,
            82.91685278866407,
            65.10643195247553,
            48.033574979812876,
            0.0,
            43.299076533880694,
            61.382703204441505
        ],
        [
            52.30366663720569,
            38.34794687621584,
            58.807522390305074,
            20.254522748894416,
            9.189127023853482,
            66.52192233033409,
            67.54310393341697,
            48.624112364220046,
            28.218928403821778,
            14.922500407548188,
            42.57114098173652,
            19.55058660447392,
            25.17381731829784,
            49.84498229662569,
            66.68478698280887,
            43.457183809927145,
            57.583421809492975,
            43.299076533880694,
            0.0,
            52.30366663720569
        ],
        [
            0.0,
            61.17495507430309,
            15.417269882552501,
            47.16953265724965,
            57.79863197941045,
            28.10038163838981,
            19.726136855689585,
            35.705670128233436,
            56.91013360484004,
            61.663167942874374,
            51.04518551226587,
            35.250795730698776,
            58.153132177038344,
            37.6727991433153,
            22.01252098309524,
            17.328640182378003,
            23.97526201150532,
            61.382703204441505,
            52.30366663720569,
            0.0
        ]
    ],
    "scores_ave": [
        0,
        10.368283379490126,
        16.31820973821739,
        11.525123575566049,
        17.433977977090702,
        12.120826965351217,
        17.93368763172673,
        17.30133112411285,
        11.878456465924645,
        16.62860736069751,
        13.551943179926859,
        16.95718143133052,
        18.422538312113367,
        10.483697272664452,
        19.228855631243924,
        16.306058936477914,
        18.48543110260084,
        10.158609428674266,
        14.515262734877027,
        0
    ],
    "scores_var": [
        0,
        226.647706896494,
        16.466081413544703,
        236.86634528147732,
        253.34890470199582,
        364.39121502729137,
        298.7458303196917,
        18.575535037854937,
        23.727800446812044,
        19.943488225476756,
        279.68506240799854,
        19.530834067605692,
        352.0320198068467,
        358.9315988770977,
        399.9994935201792,
        23.191490796954035,
        259.9097028548665,
        397.9545726149303,
        232.13997636088178,
        0
    ],
    "vertex_number": 20,
    "minimum_distances": {
        "cost": 243.08950605664953,
        "path": [
            0,
            6,
            14,
            5,
            2,
            15,
            11,
            3,
            18,
            4,
            9,
            12,
            8,
            1,
            17,
            10,
            13,
            7,
            16,
            19
        ]
    }
}