{
    "vertices": [
        [
            84.00232689736443,
            48.44611910092684
        ],
        [
            74.60547674061505,
            24.68844319649064
        ],
        [
            38.295981715262386,
            98.2340543595572
        ],
        [
            42.3894085014324,
            53.623963243538
        ],
        [
            36.972110096184366,
            10.442536073666952
        ],
        [
            10.391420582478917,
            92.70591622150765
        ],
        [
            67.57295019554799,
            54.716379647324196
        ],
        [
            96.6823131460193,
            67.76301317580666
        ],
        [
            80.56361768560609,
            73.97841410350013
        ],
        [
            24.70030682365829,
            62.64559620869794
        ],
        [
            40.05138466516471,
            33.45027962358511
        ],
        [
            46.48154056620925,
            65.5877622717726
        ],
        [
            26.554527838542953,
            64.77992315443454
        ],
        [
            64.08003372267046,
            97.8273607387587
        ],
        [
            68.84369973673448,
            68.5251657818219
        ],
        [
            20.4750059316231,
            99.29831393339038
        ],
        [
            99.55674401064253,
            52.584598418820974
        ],
        [
            95.0359743009478,
            7.265034300937401
        ],
        [
            45.87124582643487,
            77.41152420736003
        ],
        [
            84.00232689736443,
            48.44611910092684
        ]
    ],
    "distances": [
        [
            0.0,
            25.548541196096295,
            67.58630399143772,
            41.93381746742921,
            60.46580533885111,
            85.89234639741672,
            17.585237733107164,
            23.106805230628567,
            25.762818346241943,
            60.978313644740616,
            46.4387825500234,
            41.25100407874704,
            59.724724960112745,
            53.24851914403251,
            25.158539166822674,
            81.37362120714027,
            16.09555537403032,
            42.6335914547499,
            47.885008474652984,
            0.0
        ],
        [
            25.548541196096295,
            0.0,
            82.020341076742,
            43.30287950223117,
            40.239485020887955,
            93.54048131685649,
            30.840450663088102,
            48.40253386522214,
            49.64877315235716,
            62.69985206706984,
            35.64765148973855,
            49.63577426376841,
            62.57971281180316,
            73.89239615805326,
            44.21375714939569,
            92.1777667411183,
            37.42674464295143,
            26.85107834155653,
            60.04481074587648,
            25.548541196096295
        ],
        [
            67.58630399143772,
            82.020341076742,
            0.0,
            44.797504084862474,
            87.80149952595116,
            28.446877566555667,
            52.44929833425192,
            65.85930495202643,
            48.73283425733362,
            38.09699107952826,
            64.80755286660423,
            33.65685310279709,
            35.4547688446659,
            25.787259211128326,
            42.611983488728406,
            17.85272601933815,
            76.39865067326967,
            107.21375550296338,
            22.157671093623048,
            67.58630399143772
        ],
        [
            41.93381746742921,
            43.30287950223117,
            44.797504084862474,
            0.0,
            43.51991239005865,
            50.51010076641823,
            25.20722408077731,
            56.10376304432165,
            43.26169109787161,
            19.856842133750554,
            20.30871404734705,
            12.64428851393237,
            19.370051294239797,
            49.23843592772513,
            30.362400462564533,
            50.65952379297779,
            57.17678312445933,
            70.14849380555363,
            24.041032585255778,
            41.93381746742921
        ],
        [
            60.46580533885111,
            40.239485020887955,
            87.80149952595116,
            43.51991239005865,
            0.0,
            86.45112358073874,
            53.819927903811724,
            82.77043822204543,
            77.05210789420657,
            53.62608174220119,
            23.212888556359584,
            55.95913902397424,
            55.32700655972537,
            91.49288007866093,
            66.2524724069243,
            90.37424248574867,
            75.45057866517391,
            58.150742419206544,
            67.55767897431161,
            60.46580533885111
        ],
        [
            85.89234639741672,
            93.54048131685649,
            28.446877566555667,
            50.51010076641823,
            86.45112358073874,
            0.0,
            68.65079910686778,
            89.82353005621472,
            72.62820789376609,
            33.29214719322772,
            66.26419801077553,
            45.143006480313005,
            32.26619167105479,
            53.932331442840756,
            63.25644338842789,
            12.047340000394769,
            97.77614762442427,
            120.26988308618078,
            38.63594733436825,
            85.89234639741672
        ],
        [
            17.585237733107164,
            30.840450663088102,
            52.44929833425192,
            25.20722408077731,
            53.819927903811724,
            68.65079910686778,
            0.0,
            31.89936767098675,
            23.233239404529048,
            43.5997250561331,
            34.780505739032265,
            23.728348453268335,
            42.234889375694515,
            43.25225030160306,
            13.867133045612624,
            64.85187135753986,
            32.054758742075705,
            54.825613249610214,
            31.40117130180509,
            17.585237733107164
        ],
        [
            23.106805230628567,
            48.40253386522214,
            65.85930495202643,
            56.10376304432165,
            82.77043822204543,
            89.82353005621472,
            31.89936767098675,
            0.0,
            17.27551886449487,
            72.1636833220677,
            66.21499637113497,
            50.2478784040213,
            70.19120385210033,
            44.34832147876732,
            27.849044384798347,
            82.47441340646577,
            15.448191717174526,
            60.52037573856361,
            51.71903254394215,
            23.106805230628567
        ],
        [
            25.762818346241943,
            49.64877315235716,
            48.73283425733362,
            43.26169109787161,
            77.05210789420657,
            72.62820789376609,
            23.233239404529048,
            17.27551886449487,
            0.0,
            57.00124789770276,
            57.30419451248414,
            35.09972961339996,
            54.786805180154275,
            28.991046822675436,
            12.926499680353123,
            65.20535706455858,
            28.608288958775848,
            68.26510199715965,
            34.86182597340879,
            25.762818346241943
        ],
        [
            60.978313644740616,
            62.69985206706984,
            38.09699107952826,
            19.856842133750554,
            53.62608174220119,
            33.29214719322772,
            43.5997250561331,
            72.1636833220677,
            57.00124789770276,
            0.0,
            32.9851800268083,
            21.979046487287583,
            2.827275558437352,
            52.8064337565928,
            44.53322889981626,
            36.89545885653432,
            75.52952975397653,
            89.52157704539805,
            25.81165023629756,
            60.978313644740616
        ],
        [
            46.4387825500234,
            35.64765148973855,
            64.80755286660423,
            20.30871404734705,
            23.212888556359584,
            66.26419801077553,
            34.780505739032265,
            66.21499637113497,
            57.30419451248414,
            32.9851800268083,
            0.0,
            32.77445187755686,
            34.11321896227945,
            68.71524247529372,
            45.37890529964131,
            68.69642077127709,
            62.50607927707641,
            60.90133143062398,
            44.34480588852477,
            46.4387825500234
        ],
        [
            41.25100407874704,
            49.63577426376841,
            33.65685310279709,
            12.64428851393237,
            55.95913902397424,
            45.143006480313005,
            23.728348453268335,
            50.2478784040213,
            35.09972961339996,
            21.979046487287583,
            32.77445187755686,
            0.0,
            19.943380864037973,
            36.730078555463294,
            22.554256852061336,
            42.57629783142881,
            54.6448487128905,
            75.88856062188266,
            11.839501931198052,
            41.25100407874704
        ],
        [
            59.724724960112745,
            62.57971281180316,
            35.4547688446659,
            19.370051294239797,
            55.32700655972537,
            32.26619167105479,
            42.234889375694515,
            70.19120385210033,
            54.786805180154275,
            2.827275558437352,
            34.11321896227945,
            19.943380864037973,
            0.0,
            50.00296713945573,
            42.45469234575598,
            35.049677439106645,
            74.01384675481356,
            89.4296983636496,
            23.080141658664395,
            59.724724960112745
        ],
        [
            53.24851914403251,
            73.89239615805326,
            25.787259211128326,
            49.23843592772513,
            91.49288007866093,
            53.932331442840756,
            43.25225030160306,
            44.34832147876732,
            28.991046822675436,
            52.8064337565928,
            68.71524247529372,
            36.730078555463294,
            50.00296713945573,
            0.0,
            29.68688503679497,
            43.629830987053,
            57.49351715798121,
            95.70687136729705,
            27.35628516313734,
            53.24851914403251
        ],
        [
            25.158539166822674,
            44.21375714939569,
            42.611983488728406,
            30.362400462564533,
            66.2524724069243,
            63.25644338842789,
            13.867133045612624,
            27.849044384798347,
            12.926499680353123,
            44.53322889981626,
            45.37890529964131,
            22.554256852061336,
            42.45469234575598,
            29.68688503679497,
            0.0,
            57.32815353359117,
            34.603363657676496,
            66.62461223828917,
            24.631301320230165,
            25.158539166822674
        ],
        [
            81.37362120714027,
            92.1777667411183,
            17.85272601933815,
            50.65952379297779,
            90.37424248574867,
            12.047340000394769,
            64.85187135753986,
            82.47441340646577,
            65.20535706455858,
            36.89545885653432,
            68.69642077127709,
            42.57629783142881,
            35.049677439106645,
            43.629830987053,
            57.32815353359117,
            0.0,
            91.8482036556772,
            118.44603228507371,
            33.52611765931594,
            81.37362120714027
        ],
        [
            16.09555537403032,
            37.42674464295143,
            76.39865067326967,
            57.17678312445933,
            75.45057866517391,
            97.77614762442427,
            32.054758742075705,
            15.448191717174526,
            28.608288958775848,
            75.52952975397653,
            62.50607927707641,
            54.6448487128905,
            74.01384675481356,
            57.49351715798121,
            34.603363657676496,
            91.8482036556772,
            0.0,
            45.5444865005969,
            59.148194895501156,
            16.09555537403032
        ],
        [
            42.6335914547499,
            26.85107834155653,
            107.21375550296338,
            70.14849380555363,
            58.150742419206544,
            120.26988308618078,
            54.825613249610214,
            60.52037573856361,
            68.26510199715965,
            89.52157704539805,
            60.90133143062398,
            75.88856062188266,
            89.4296983636496,
            95.70687136729705,
            66.62461223828917,
            118.44603228507371,
            45.5444865005969,
            0.0,
            85.66037924364119,
            42.6335914547499
        ],
        [
            47.885008474652984,
            60.04481074587648,
            22.157671093623048,
            24.041032585255778,
            67.55767897431161,
            38.63594733436825,
            31.40117130180509,
            51.71903254394215,
            34.86182597340879,
            25.81165023629756,
            44.34480588852477,
            11.839501931198052,
            23.080141658664395,
            27.35628516313734,
            24.631301320230165,
            33.52611765931594,
            59.148194895501156,
            85.66037924364119,
            0.0,
            47.885008474652984
        ],
        [
            0.0,
            25.548541196096295,
            67.58630399143772,
            41.93381746742921,
            60.46580533885111,
            85.89234639741672,
            17.585237733107164,
            23.106805230628567,
            25.762818346241943,
            60.978313644740616,
            46.4387825500234,
            41.25100407874704,
            59.724724960112745,
            53.24851914403251,
            25.158539166822674,
            81.37362120714027,
            16.09555537403032,
            42.6335914547499,
            47.885008474652984,
            0.0
        ]
    ],
    "scores_ave": [
        0,
        19.7021312754785,
        10.807301208719862,
        12.198608898163332,
        18.939507997677364,
        16.417255210983594,
        15.755360959127332,
        17.75220586541473,
        11.923043300699387,
        15.361254453111172,
        16.89449540622495,
        13.99885474626095,
        14.83769038961135,
        16.265979890282892,
        18.625261987036055,
        14.759762418059214,
        10.610900708522559,
        13.210960646218314,
        19.754896182341597,
        0
    ],
    "scores_var": [
        0,
        18.30037246681392,
        226.86835314930067,
        18.229066825556025,
        229.14140032664682,
        273.3870782936218,
        234.64571134068882,
        319.0553466873129,
        18.4794045052978,
        394.5753749896181,
        23.249124289349172,
        312.2503808174146,
        398.79929755201783,
        21.31347675961797,
        19.02687383128549,
        24.352315129961717,
        21.294056362871217,
        269.5352096896223,
        281.58153658075264,
        0
    ],
    "vertex_number": 20,
    "minimum_distances": {
        "cost": 407.75244251983383,
        "path": [
            0,
            16,
            7,
            8,
            14,
            13,
            2,
            15,
            5,
            9,
            12,
            18,
            11,
            3,
            10,
            4,
            17,
            1,
            6,
            19
        ]
    }
}