{
    "vertices": [
        [
            83.74006806063416,
            29.13704217637302
        ],
        [
            79.60299846433924,
            34.64068790691625
        ],
        [
            11.406844756745748,
            53.95430310874426
        ],
        [
            63.322322155466026,
            69.77370349079764
        ],
        [
            96.3821447505929,
            73.37864971703146
        ],
        [
            93.70250814596727,
            15.333093528454677
        ],
        [
            87.51510934236289,
            85.89574674256134
        ],
        [
            9.488347572202704,
            95.62562760825652
        ],
        [
            61.14274637800712,
            32.0882800157095
        ],
        [
            70.7311822728833,
            48.51853653439976
        ],
        [
            8.128428108131903,
            30.16971842699303
        ],
        [
            26.37117264100004,
            33.239741102949175
        ],
        [
            11.229436330590293,
            70.2657507927323
        ],
        [
            43.12554128070284,
            10.8140024053742
        ],
        [
            77.21797946939162,
            5.660184319454242
        ],
        [
            43.92889683549921,
            5.662692679194148
        ],
        [
            27.854834901585267,
            99.54324089650508
        ],
        [
            55.65848438135207,
            64.61054649095318
        ],
        [
            64.76270061911382,
            15.08121526204933
        ],
        [
            98.37729008716084,
            43.12372983646442
        ],
        [
            58.90843849586367,
            40.850931496510846
        ],
        [
            41.78672590329497,
            44.943441546304484
        ],
        [
            86.8260590784953,
            93.4117087918912
        ],
        [
            61.06487019967468,
            74.03409587321146
        ],
        [
            83.74006806063416,
            29.13704217637302
        ]
    ],
    "distances": [
        [
            0.0,
            6.88516239255942,
            76.47216247573745,
            45.477715318947865,
            46.012410725981795,
            17.023489969105004,
            56.88410569491801,
            99.66970446542432,
            22.789224471500948,
            23.342524134912413,
            75.6186915818135,
            57.51540924092469,
            83.36283576234335,
            44.556408876920976,
            24.365970007902106,
            46.216603495201966,
            89.88988877209708,
            45.24317462660042,
            23.615815574650444,
            20.24538713768623,
            27.455874232055017,
            44.832189096814616,
            64.34870712841344,
            50.29821098896516,
            0.0
        ],
        [
            6.88516239255942,
            0.0,
            70.87828378758897,
            38.72194733082981,
            42.2157486644196,
            23.907726239555355,
            51.86214953886486,
            92.92592286387202,
            18.635871139660303,
            16.471302470124385,
            71.61427075447209,
            53.25025758091567,
            77.09791893738752,
            43.56966633534643,
            29.07847836096585,
            45.960480137208,
            83.00731182663321,
            38.36055497796588,
            24.552136572614195,
            20.601845216320356,
            21.606293937899952,
            39.19460680967621,
            59.213220656352874,
            43.53737234556222,
            6.88516239255942
        ],
        [
            76.47216247573745,
            70.87828378758897,
            0.0,
            54.27218644927387,
            87.1671202358045,
            90.90750267231361,
            82.5392255818203,
            41.715463763342605,
            54.33031268072106,
            59.572851031148126,
            24.009466553951256,
            25.554337951107243,
            16.312412430328934,
            53.545879897113274,
            81.62981907244483,
            58.221675596744774,
            48.465323979326335,
            45.516624792342625,
            66.01487948593604,
            87.64222543030809,
            49.27575220495869,
            31.68805460383947,
            85.1172412155988,
            53.56414442847497,
            76.47216247573745
        ],
        [
            45.477715318947865,
            38.72194733082981,
            54.27218644927387,
            0.0,
            33.255789079727144,
            62.3436902492097,
            29.072516755214377,
            59.71950100265652,
            37.74839987425176,
            22.509405380502724,
            67.93262524768495,
            51.96265830572129,
            52.095209608090464,
            62.322999845848905,
            65.60207796038378,
            66.98004667754921,
            46.305161801401894,
            9.240811632804709,
            54.711451806457426,
            44.03489380558113,
            29.257633342326333,
            32.86827975676046,
            33.33438080963102,
            4.8215176640592965,
            45.477715318947865
        ],
        [
            46.012410725981795,
            42.2157486644196,
            87.1671202358045,
            33.255789079727144,
            0.0,
            58.1073751392547,
            15.339557844909796,
            89.69648830011056,
            54.28360551523497,
            35.72110165554983,
            98.2635753696916,
            80.70110408451572,
            85.20958802256285,
            82.16204054416595,
            70.377949577464,
            85.65508773209277,
            73.35242345506308,
            41.65688596201642,
            66.32028431194084,
            30.320632940187114,
            49.62188139419264,
            61.55664726757357,
            22.19554525730983,
            35.323356173622386,
            46.012410725981795
        ],
        [
            17.023489969105004,
            23.907726239555355,
            90.90750267231361,
            62.3436902492097,
            58.1073751392547,
            0.0,
            70.83340972005458,
            116.35684711309405,
            36.617951343692155,
            40.3603201160279,
            86.8507260343964,
            69.67177885083464,
            99.09290796408652,
            50.77845765547395,
            19.112950014438127,
            50.70432955350986,
            106.89838629019461,
            62.254438513843006,
            28.940903620177643,
            28.18107614342964,
            43.148433776676406,
            59.7663881760204,
            78.38083766606017,
            67.16415031095397,
            17.023489969105004
        ],
        [
            56.88410569491801,
            51.86214953886486,
            82.5392255818203,
            29.072516755214377,
            15.339557844909796,
            70.83340972005458,
            0.0,
            78.63107613404482,
            59.92282539971719,
            40.97262562759077,
            96.99296566871705,
            80.69222964610121,
            77.87040952923493,
            87.2221421739657,
            80.8936113730445,
            91.30772631617043,
            61.201327134555115,
            38.3132392738797,
            74.3799030082334,
            44.12972241866133,
            53.360818935533324,
            61.385473467570385,
            7.547481420520534,
            28.988168483913306,
            56.88410569491801
        ],
        [
            99.66970446542432,
            92.92592286387202,
            41.715463763342605,
            59.71950100265652,
            89.69648830011056,
            116.35684711309405,
            78.63107613404482,
            0.0,
            81.88511131509334,
            77.2642403160448,
            65.4700345783823,
            64.62993592257926,
            25.41957399649228,
            91.23854761085002,
            112.6103193454286,
            96.33006329598389,
            18.779657896155403,
            55.620291168677596,
            97.68652140879225,
            103.23610497818697,
            73.77406536877986,
            60.09882883082412,
            77.36939354522562,
            55.91361130357783,
            99.66970446542432
        ],
        [
            22.789224471500948,
            18.635871139660303,
            54.33031268072106,
            37.74839987425176,
            54.28360551523497,
            36.617951343692155,
            59.92282539971719,
            81.88511131509334,
            0.0,
            19.023444277525396,
            53.04902280145529,
            34.79063383704797,
            62.83993789637281,
            27.878568244440768,
            30.93311107975997,
            31.53772791676503,
            75.22138524310596,
            32.98143335779562,
            17.388051076612825,
            38.83545284885035,
            9.043019002866153,
            23.23597870964692,
            66.48455059740186,
            41.94588814950298,
            22.789224471500948
        ],
        [
            23.342524134912413,
            16.471302470124385,
            59.572851031148126,
            22.509405380502724,
            35.72110165554983,
            40.3603201160279,
            40.97262562759077,
            77.2642403160448,
            19.023444277525396,
            0.0,
            65.23636987870337,
            46.91750253771924,
            63.35139381401964,
            46.73011136811048,
            43.34647497143168,
            50.54686792679419,
            66.64759274830912,
            22.04856018363069,
            33.96582439926583,
            28.167556098936696,
            14.091466830465729,
            29.164410823894702,
            47.69111001778661,
            27.285185677746078,
            23.342524134912413
        ],
        [
            75.6186915818135,
            71.61427075447209,
            24.009466553951256,
            67.93262524768495,
            98.2635753696916,
            86.8507260343964,
            96.99296566871705,
            65.4700345783823,
            53.04902280145529,
            65.23636987870337,
            0.0,
            18.499263967044072,
            40.21576884096792,
            39.99302030508936,
            73.3081398581955,
            43.385111180017525,
            72.12362126799165,
            58.69648104500593,
            58.60975815175045,
            91.1738092881203,
            51.89121088984708,
            36.7579094246933,
            100.95972694922156,
            68.74845823766216,
            75.6186915818135
        ],
        [
            57.51540924092469,
            53.25025758091567,
            25.554337951107243,
            51.96265830572129,
            80.70110408451572,
            69.67177885083464,
            80.69222964610121,
            64.62993592257926,
            34.79063383704797,
            46.91750253771924,
            18.499263967044072,
            0.0,
            40.002469574288725,
            27.99326034328564,
            57.84487632468229,
            32.69200634186026,
            66.32009754650211,
            42.91706024028886,
            42.46930045584598,
            72.68131935342505,
            33.41562341954913,
            19.354996420832716,
            85.29630114916785,
            53.55214310758074,
            57.51540924092469
        ],
        [
            83.36283576234335,
            77.09791893738752,
            16.312412430328934,
            52.095209608090464,
            85.20958802256285,
            99.09290796408652,
            77.87040952923493,
            25.41957399649228,
            62.83993789637281,
            63.35139381401964,
            40.21576884096792,
            40.002469574288725,
            0.0,
            67.46756181530745,
            92.34915833354732,
            72.40724987826347,
            33.66861007557269,
            44.787516635684995,
            76.88396027210176,
            91.27670960309149,
            56.022485143962555,
            39.68585757674703,
            79.06063965455817,
            49.97770396452256,
            83.36283576234335
        ],
        [
            44.556408876920976,
            43.56966633534643,
            53.545879897113274,
            62.322999845848905,
            82.16204054416595,
            50.77845765547395,
            87.2221421739657,
            91.23854761085002,
            27.878568244440768,
            46.73011136811048,
            39.99302030508936,
            27.99326034328564,
            67.46756181530745,
            0.0,
            34.47979382931866,
            5.213575744386897,
            90.03372832740631,
            55.23715070779588,
            22.05392867041967,
            64.00526722734058,
            33.931061783125834,
            34.155688291838715,
            93.4457936779845,
            65.71605389967613,
            44.556408876920976
        ],
        [
            24.365970007902106,
            29.07847836096585,
            81.62981907244483,
            65.60207796038378,
            70.377949577464,
            19.112950014438127,
            80.8936113730445,
            112.6103193454286,
            30.93311107975997,
            43.34647497143168,
            73.3081398581955,
            57.84487632468229,
            92.34915833354732,
            34.47979382931866,
            0.0,
            33.2890827283959,
            106.06954489330043,
            62.769077009321194,
            15.616971385627616,
            43.025965050470795,
            39.66898004159946,
            52.90130459275951,
            88.27596071984476,
            70.2560653626463,
            24.365970007902106
        ],
        [
            46.216603495201966,
            45.960480137208,
            58.221675596744774,
            66.98004667754921,
            85.65508773209277,
            50.70432955350986,
            91.30772631617043,
            96.33006329598389,
            31.53772791676503,
            50.54686792679419,
            43.385111180017525,
            32.69200634186026,
            72.40724987826347,
            5.213575744386897,
            33.2890827283959,
            0.0,
            95.24669443418047,
            60.103516477892875,
            22.863856799278363,
            66.09051999028284,
            38.24393833562527,
            39.339117019371066,
            97.67321207602572,
            70.48610045857701,
            46.216603495201966
        ],
        [
            89.88988877209708,
            83.00731182663321,
            48.465323979326335,
            46.305161801401894,
            73.35242345506308,
            106.89838629019461,
            61.201327134555115,
            18.779657896155403,
            75.22138524310596,
            66.64759274830912,
            72.12362126799165,
            66.32009754650211,
            33.66861007557269,
            90.03372832740631,
            106.06954489330043,
            95.24669443418047,
            0.0,
            44.64679230163589,
            92.17388093217396,
            90.31377477248732,
            66.4011557045149,
            56.34922959513897,
            59.28913025903896,
            41.876281166309056,
            89.88988877209708
        ],
        [
            45.24317462660042,
            38.36055497796588,
            45.516624792342625,
            9.240811632804709,
            41.65688596201642,
            62.254438513843006,
            38.3132392738797,
            55.620291168677596,
            32.98143335779562,
            22.04856018363069,
            58.69648104500593,
            42.91706024028886,
            44.787516635684995,
            55.23715070779588,
            62.769077009321194,
            60.103516477892875,
            44.64679230163589,
            0.0,
            50.35912434987721,
            47.8181937224134,
            23.98085708290177,
            24.067004387280402,
            42.43730272280481,
            10.864266683785893,
            45.24317462660042
        ],
        [
            23.615815574650444,
            24.552136572614195,
            66.01487948593604,
            54.711451806457426,
            66.32028431194084,
            28.940903620177643,
            74.3799030082334,
            97.68652140879225,
            17.388051076612825,
            33.96582439926583,
            58.60975815175045,
            42.46930045584598,
            76.88396027210176,
            22.05392867041967,
            15.616971385627616,
            22.863856799278363,
            92.17388093217396,
            50.35912434987721,
            0.0,
            43.775829503981086,
            26.426325128787592,
            37.67821615727058,
            81.37848611970955,
            59.06874031300198,
            23.615815574650444
        ],
        [
            20.24538713768623,
            20.601845216320356,
            87.64222543030809,
            44.03489380558113,
            30.320632940187114,
            28.18107614342964,
            44.12972241866133,
            103.23610497818697,
            38.83545284885035,
            28.167556098936696,
            91.1738092881203,
            72.68131935342505,
            91.27670960309149,
            64.00526722734058,
            43.025965050470795,
            66.09051999028284,
            90.31377477248732,
            47.8181937224134,
            43.775829503981086,
            0.0,
            39.534236532781776,
            56.61981371706527,
            51.597594568322684,
            48.452733734906616,
            20.24538713768623
        ],
        [
            27.455874232055017,
            21.606293937899952,
            49.27575220495869,
            29.257633342326333,
            49.62188139419264,
            43.148433776676406,
            53.360818935533324,
            73.77406536877986,
            9.043019002866153,
            14.091466830465729,
            51.89121088984708,
            33.41562341954913,
            56.022485143962555,
            33.931061783125834,
            39.66898004159946,
            38.24393833562527,
            66.4011557045149,
            23.98085708290177,
            26.426325128787592,
            39.534236532781776,
            0.0,
            17.604024557191106,
            59.514946432726866,
            33.25315918441936,
            27.455874232055017
        ],
        [
            44.832189096814616,
            39.19460680967621,
            31.68805460383947,
            32.86827975676046,
            61.55664726757357,
            59.7663881760204,
            61.385473467570385,
            60.09882883082412,
            23.23597870964692,
            29.164410823894702,
            36.7579094246933,
            19.354996420832716,
            39.68585757674703,
            34.155688291838715,
            52.90130459275951,
            39.339117019371066,
            56.34922959513897,
            24.067004387280402,
            37.67821615727058,
            56.61981371706527,
            17.604024557191106,
            0.0,
            66.16429900374004,
            34.89861052648986,
            44.832189096814616
        ],
        [
            64.34870712841344,
            59.213220656352874,
            85.1172412155988,
            33.33438080963102,
            22.19554525730983,
            78.38083766606017,
            7.547481420520534,
            77.36939354522562,
            66.48455059740186,
            47.69111001778661,
            100.95972694922156,
            85.29630114916785,
            79.06063965455817,
            93.4457936779845,
            88.27596071984476,
            97.67321207602572,
            59.28913025903896,
            42.43730272280481,
            81.37848611970955,
            51.597594568322684,
            59.514946432726866,
            66.16429900374004,
            0.0,
            32.23555079219922,
            64.34870712841344
        ],
        [
            50.29821098896516,
            43.53737234556222,
            53.56414442847497,
            4.8215176640592965,
            35.323356173622386,
            67.16415031095397,
            28.988168483913306,
            55.91361130357783,
            41.94588814950298,
            27.285185677746078,
            68.74845823766216,
            53.55214310758074,
            49.97770396452256,
            65.71605389967613,
            70.2560653626463,
            70.48610045857701,
            41.876281166309056,
            10.864266683785893,
            59.06874031300198,
            48.452733734906616,
            33.25315918441936,
            34.89861052648986,
            32.23555079219922,
            0.0,
            50.29821098896516
        ],
        [
            0.0,
            6.88516239255942,
            76.47216247573745,
            45.477715318947865,
            46.012410725981795,
            17.023489969105004,
            56.88410569491801,
            99.66970446542432,
            22.789224471500948,
            23.342524134912413,
            75.6186915818135,
            57.51540924092469,
            83.36283576234335,
            44.556408876920976,
            24.365970007902106,
            46.216603495201966,
            89.88988877209708,
            45.24317462660042,
            23.615815574650444,
            20.24538713768623,
            27.455874232055017,
            44.832189096814616,
            64.34870712841344,
            50.29821098896516,
            0.0
        ]
    ],
    "scores_ave": [
        0,
        12.797744290537295,
        15.159657012491223,
        11.37865571457214,
        15.973864708884662,
        12.857764825506562,
        13.513285567530096,
        12.312721986790963,
        10.321615648904475,
        13.635523108036088,
        16.931454645201047,
        17.032536020045875,
        16.8947258812868,
        13.10953815546512,
        17.365171035296584,
        11.021862592657563,
        10.412418046143557,
        10.297764929392423,
        19.676411230576555,
        14.783178591457876,
        10.853814526304607,
        15.235474553457701,
        19.910842500838868,
        17.82732712292811,
        0
    ],
    "scores_var": [
        0,
        21.194283134213705,
        21.272758357808467,
        393.71086879786515,
        304.69090710765346,
        359.8727217509148,
        18.66882343835943,
        19.59110891169422,
        20.409561074471583,
        308.5255070768641,
        280.0087336141078,
        286.67707383804304,
        24.016009090192007,
        299.0845485998411,
        372.5813926370481,
        16.937383790488777,
        16.441744793472218,
        17.991839915268326,
        322.3569309296234,
        362.90204723931015,
        292.6011318396055,
        24.341056515495225,
        24.685750074044726,
        372.3295173451804,
        0
    ],
    "vertex_number": 25,
    "minimum_distances": {
        "cost": 463.10478746122624,
        "path": [
            0,
            5,
            14,
            18,
            15,
            13,
            8,
            20,
            21,
            11,
            10,
            2,
            12,
            7,
            16,
            23,
            3,
            17,
            9,
            22,
            6,
            4,
            19,
            1,
            24
        ]
    }
}