{
    "vertices": [
        [
            31.08150702534417,
            79.72662097533495
        ],
        [
            31.128510836942837,
            89.72249871928558
        ],
        [
            78.98219565866307,
            54.23124681880252
        ],
        [
            8.248577605504192,
            64.03506548098645
        ],
        [
            33.826530316561765,
            29.700240232184427
        ],
        [
            20.27274910630631,
            62.00162363974353
        ],
        [
            21.225800372942516,
            26.784996305198703
        ],
        [
            27.372383754405792,
            64.13425266058705
        ],
        [
            85.31964626113103,
            50.6569992050554
        ],
        [
            43.543271867586206,
            46.149935439880316
        ],
        [
            74.6910150172341,
            53.668967763170905
        ],
        [
            63.15676001876638,
            91.65669770033946
        ],
        [
            64.30651775617005,
            9.81289248795405
        ],
        [
            94.45413145526392,
            10.82938557257923
        ],
        [
            49.09430454470517,
            20.540737726773916
        ],
        [
            3.3475030154067054,
            46.95249035881799
        ],
        [
            30.927803286041346,
            37.28163213797227
        ],
        [
            31.08150702534417,
            79.72662097533495
        ]
    ],
    "distances": [
        [
            0.0,
            9.995988256811446,
            54.263155777449484,
            27.705010011252707,
            50.10163593265183,
            20.760654572991832,
            53.8511891821506,
            16.027462216513598,
            61.53713234810112,
            35.81465334929473,
            50.80148106325361,
            34.22204823292339,
            77.40691680380192,
            93.61046187942028,
            61.86622382516809,
            42.93388657100289,
            42.44526713596368,
            0.0
        ],
        [
            9.995988256811446,
            0.0,
            59.57855413217142,
            34.39964492617861,
            60.0828663015072,
            29.770698311056265,
            63.71179549076461,
            25.86245980220499,
            66.80413468385788,
            45.30667238040946,
            56.546873166085966,
            32.086599560428496,
            86.52355350526669,
            101.16450725760761,
            71.47647023723879,
            51.00056872952222,
            52.4412506651023,
            9.995988256811446
        ],
        [
            54.263155777449484,
            59.57855413217142,
            0.0,
            71.40980033056492,
            51.388757492671,
            59.22143083735357,
            63.94605432437487,
            52.55132928380818,
            7.275886622474157,
            36.34865765159494,
            4.3278619471717,
            40.6338379540851,
            46.779971391168324,
            46.07713486025968,
            45.03705627724648,
            75.98412351829576,
            50.956001257266074,
            54.263155777449484
        ],
        [
            27.705010011252707,
            34.39964492617861,
            71.40980033056492,
            0.0,
            42.814855946912516,
            12.194899999689184,
            39.445861181582686,
            19.124063368368233,
            78.22354045300908,
            39.56757914809955,
            67.2462152920664,
            61.46432349248851,
            77.99061929502783,
            101.30272399624657,
            59.66682458437545,
            17.77174456664927,
            35.07268842144609,
            27.705010011252707
        ],
        [
            50.10163593265183,
            60.0828663015072,
            51.388757492671,
            42.814855946912516,
            0.0,
            35.029763846443615,
            12.93356262852003,
            35.033658383976636,
            55.59430489112946,
            19.1051704728196,
            47.37516236706902,
            68.54826763957927,
            36.39417858145206,
            63.49657609208155,
            17.804533580753564,
            35.02301014556692,
            8.116657047492835,
            50.10163593265183
        ],
        [
            20.760654572991832,
            29.770698311056265,
            59.22143083735357,
            12.194899999689184,
            35.029763846443615,
            0.0,
            35.22952096661331,
            7.413023585355617,
            66.02877655260976,
            28.15658445850505,
            55.052527813987126,
            52.13887042772814,
            68.28350050153759,
            90.11922900249857,
            50.49442660905242,
            22.648186853357004,
            26.918546755364275,
            20.760654572991832
        ],
        [
            53.8511891821506,
            63.71179549076461,
            63.94605432437487,
            39.445861181582686,
            12.93356262852003,
            35.22952096661331,
            0.0,
            37.851650394213955,
            68.39512850481111,
            29.547764748017016,
            59.843772427155976,
            77.24340113381865,
            46.30335320726625,
            74.94644746052317,
            28.559486864539146,
            26.951091495656375,
            14.293642794320983,
            53.8511891821506
        ],
        [
            16.027462216513598,
            25.86245980220499,
            52.55132928380818,
            19.124063368368233,
            35.033658383976636,
            7.413023585355617,
            37.851650394213955,
            0.0,
            59.49387861560182,
            24.185394110165095,
            48.46209913501064,
            45.144286079143235,
            65.6882061367579,
            85.68179345620494,
            48.70560940081368,
            29.53655109043068,
            27.086975412132826,
            16.027462216513598
        ],
        [
            61.53713234810112,
            66.80413468385788,
            7.275886622474157,
            78.22354045300908,
            55.59430489112946,
            66.02877655260976,
            68.39512850481111,
            59.49387861560182,
            0.0,
            42.01879438124066,
            11.047160572464694,
            46.60653176644015,
            45.93247895644178,
            40.86168899372167,
            47.10907118485828,
            82.05580816791337,
            56.01225782278398,
            61.53713234810112
        ],
        [
            35.81465334929473,
            45.30667238040946,
            36.34865765159494,
            39.56757914809955,
            19.1051704728196,
            28.15658445850505,
            29.547764748017016,
            24.185394110165095,
            42.01879438124066,
            0.0,
            32.04243671126036,
            49.553550113855955,
            41.85084312555636,
            61.96335099786597,
            26.203911373904024,
            40.20378002148249,
            15.420663117602261,
            35.81465334929473
        ],
        [
            50.80148106325361,
            56.546873166085966,
            4.3278619471717,
            67.2462152920664,
            47.37516236706902,
            55.052527813987126,
            59.843772427155976,
            48.46209913501064,
            11.047160572464694,
            32.04243671126036,
            0.0,
            39.70020987537635,
            45.068759933134764,
            47.178496940953764,
            41.864916246887525,
            71.65896854880116,
            46.73075507545445,
            50.80148106325361
        ],
        [
            34.22204823292339,
            32.086599560428496,
            40.6338379540851,
            61.46432349248851,
            68.54826763957927,
            52.13887042772814,
            77.24340113381865,
            45.144286079143235,
            46.60653176644015,
            49.553550113855955,
            39.70020987537635,
            0.0,
            81.85188082443558,
            86.6751397151021,
            72.492981845981,
            74.67002998076049,
            63.20880798584635,
            34.22204823292339
        ],
        [
            77.40691680380192,
            86.52355350526669,
            46.779971391168324,
            77.99061929502783,
            36.39417858145206,
            68.28350050153759,
            46.30335320726625,
            65.6882061367579,
            45.93247895644178,
            41.85084312555636,
            45.068759933134764,
            81.85188082443558,
            0.0,
            30.164745481122214,
            18.61445927925753,
            71.38172881188913,
            43.22811859934298,
            77.40691680380192
        ],
        [
            93.61046187942028,
            101.16450725760761,
            46.07713486025968,
            101.30272399624657,
            63.49657609208155,
            90.11922900249857,
            74.94644746052317,
            85.68179345620494,
            40.86168899372167,
            61.96335099786597,
            47.178496940953764,
            86.6751397151021,
            30.164745481122214,
            0.0,
            46.38775978659275,
            98.00661429248429,
            68.81363032873726,
            93.61046187942028
        ],
        [
            61.86622382516809,
            71.47647023723879,
            45.03705627724648,
            59.66682458437545,
            17.804533580753564,
            50.49442660905242,
            28.559486864539146,
            48.70560940081368,
            47.10907118485828,
            26.203911373904024,
            41.864916246887525,
            72.492981845981,
            18.61445927925753,
            46.38775978659275,
            0.0,
            52.823768582498076,
            24.703831963238542,
            61.86622382516809
        ],
        [
            42.93388657100289,
            51.00056872952222,
            75.98412351829576,
            17.77174456664927,
            35.02301014556692,
            22.648186853357004,
            26.951091495656375,
            29.53655109043068,
            82.05580816791337,
            40.20378002148249,
            71.65896854880116,
            74.67002998076049,
            71.38172881188913,
            98.00661429248429,
            52.823768582498076,
            0.0,
            29.226673805721866,
            42.93388657100289
        ],
        [
            42.44526713596368,
            52.4412506651023,
            50.956001257266074,
            35.07268842144609,
            8.116657047492835,
            26.918546755364275,
            14.293642794320983,
            27.086975412132826,
            56.01225782278398,
            15.420663117602261,
            46.73075507545445,
            63.20880798584635,
            43.22811859934298,
            68.81363032873726,
            24.703831963238542,
            29.226673805721866,
            0.0,
            42.44526713596368
        ],
        [
            0.0,
            9.995988256811446,
            54.263155777449484,
            27.705010011252707,
            50.10163593265183,
            20.760654572991832,
            53.8511891821506,
            16.027462216513598,
            61.53713234810112,
            35.81465334929473,
            50.80148106325361,
            34.22204823292339,
            77.40691680380192,
            93.61046187942028,
            61.86622382516809,
            42.93388657100289,
            42.44526713596368,
            0.0
        ]
    ],
    "scores_ave": [
        0,
        11.99010254608181,
        11.680401398827833,
        10.921350164475395,
        11.63291413981463,
        19.972745420694153,
        11.693136054951644,
        13.59005615043717,
        14.587445220706682,
        16.095267988823903,
        10.075692357725469,
        10.02112194573645,
        15.855040661297727,
        17.556135716026482,
        15.650788061706079,
        18.373094905116098,
        17.204444198273798,
        0
    ],
    "scores_var": [
        0,
        372.69905748734345,
        17.6967233473264,
        18.606301410800363,
        361.24021468679626,
        232.4434228735862,
        270.96408568450244,
        278.5416370877841,
        17.26787823098499,
        235.83829443877806,
        390.33326616540035,
        253.48581891351134,
        20.402437739812214,
        309.7444530378972,
        305.4384440052259,
        24.855418039464826,
        345.40889654226925,
        0
    ],
    "vertex_number": 18,
    "minimum_distances": {
        "cost": 326.06045604774675,
        "path": [
            0,
            1,
            11,
            10,
            2,
            8,
            13,
            12,
            14,
            9,
            16,
            4,
            6,
            15,
            3,
            5,
            7,
            17
        ]
    }
}