{
    "vertices": [
        [
            0.20545381666285945,
            30.224409105908634
        ],
        [
            17.291285214097908,
            50.85471423004395
        ],
        [
            74.51505799920486,
            16.09149505373978
        ],
        [
            42.831036715418314,
            40.03822808437012
        ],
        [
            34.670083629336204,
            79.33149848337968
        ],
        [
            55.198616395675494,
            96.19667474672585
        ],
        [
            45.12732016404867,
            42.865795578295895
        ],
        [
            18.775495382256292,
            44.09530293899087
        ],
        [
            83.3108375813628,
            13.870976075183306
        ],
        [
            28.99024772027844,
            23.516287037956285
        ],
        [
            2.6762301067061345,
            25.410007067440333
        ],
        [
            24.527736053315664,
            84.40273102237624
        ],
        [
            29.923895660709675,
            34.700544128344035
        ],
        [
            42.567368671253405,
            69.08527334132401
        ],
        [
            42.23295899505516,
            86.71677784330366
        ],
        [
            47.74670461230044,
            48.03033579043026
        ],
        [
            22.951796004739332,
            44.81330044368943
        ],
        [
            16.23640474253464,
            7.427176456787432
        ],
        [
            15.531888725030175,
            63.93757800187513
        ],
        [
            79.70507275901238,
            22.109425732169687
        ],
        [
            10.301587066472184,
            3.238299819715096
        ],
        [
            44.395847940236635,
            86.09001530619128
        ],
        [
            64.22032074046176,
            82.77490829212606
        ],
        [
            85.74939226157574,
            70.51504882357726
        ],
        [
            0.20545381666285945,
            30.224409105908634
        ]
    ],
    "distances": [
        [
            0.0,
            26.786846101333044,
            75.64163227596332,
            43.74072885081688,
            59.99430752372713,
            85.88706400980456,
            46.66667684843918,
            23.178613838547516,
            84.69911205301077,
            29.556103629405786,
            5.411395611434055,
            59.38740589454797,
            30.053644876737753,
            57.48650797596741,
            70.41092896050725,
            50.766342711566985,
            27.022802101237446,
            27.869431354906883,
            37.03346276016305,
            79.91271718027637,
            28.812879082179318,
            71.23030878019442,
            82.82184586202074,
            94.55739555172838,
            0.0
        ],
        [
            26.786846101333044,
            0.0,
            66.95551940849468,
            27.735812216135873,
            33.36090340156451,
            59.10041574139851,
            28.95975937329467,
            6.920442242001638,
            75.6728364915795,
            29.736430940146402,
            29.343363106207686,
            34.3196103044167,
            20.507073374094613,
            31.1646222573444,
            43.68265900328386,
            30.586102796704353,
            8.278892616100448,
            43.440347717955795,
            13.200636366404334,
            68.71515470787898,
            48.126695310306694,
            44.45428846019175,
            56.75590862981318,
            71.22528467372815,
            26.786846101333044
        ],
        [
            75.64163227596332,
            66.95551940849468,
            0.0,
            39.715528796073215,
            74.7457023267315,
            82.40124228352475,
            39.75553173644035,
            62.3787792185995,
            9.071738697297015,
            46.12630363405603,
            72.4406782071892,
            84.64725225832619,
            48.318407115291585,
            61.87887677219858,
            77.65348984572162,
            41.67294434822042,
            59.02297935861958,
            58.91919756887981,
            75.94907445851985,
            7.946807085704785,
            65.48720849870499,
            76.20340971445513,
            67.47339635995763,
            55.570976878736545,
            75.64163227596332
        ],
        [
            43.74072885081688,
            27.735812216135873,
            39.715528796073215,
            0.0,
            40.131810997298814,
            57.50415775121103,
            3.6425342289619485,
            24.39526440126162,
            48.201030651416694,
            21.55323585796711,
            42.7363234719977,
            47.99187364610473,
            13.967288935959028,
            29.04824192609669,
            46.68238109347925,
            9.3828341378127,
            20.444694355011812,
            42.08034146760207,
            36.282535846884514,
            41.001664453148024,
            49.11618689136075,
            46.078365210727775,
            47.790431116322615,
            52.638596534825545,
            43.74072885081688
        ],
        [
            59.99430752372713,
            33.36090340156451,
            74.7457023267315,
            40.131810997298814,
            0.0,
            26.567928559306253,
            37.935488454806546,
            38.65523783378672,
            81.5536813330678,
            56.103461253751036,
            62.69875516903608,
            11.339515590067652,
            44.88260672994395,
            12.93646940610083,
            10.57068753778664,
            33.92286547835529,
            36.45304185880865,
            74.22959007973567,
            24.561011623833622,
            72.81837581170579,
            79.8999280825849,
            11.84348095263432,
            29.750186292437107,
            51.83459804948245,
            59.99430752372713
        ],
        [
            85.88706400980456,
            59.10041574139851,
            82.40124228352475,
            57.50415775121103,
            26.567928559306253,
            0.0,
            54.27350809246493,
            63.570407333963345,
            86.99320457225741,
            77.26135739244164,
            88.14393559755158,
            32.86031055161347,
            66.48748445582513,
            29.909471831520907,
            16.0616536237641,
            48.73938035798118,
            60.6638984907106,
            96.94368346391386,
            51.128256442898355,
            78.03516431733189,
            103.23275987620423,
            14.793389447613803,
            16.172042667719982,
            39.91109890826122,
            85.88706400980456
        ],
        [
            46.66667684843918,
            28.95975937329467,
            39.75553173644035,
            3.6425342289619485,
            37.935488454806546,
            54.27350809246493,
            0.0,
            26.380491990868745,
            47.944557150696575,
            25.195408069887737,
            45.8998867056589,
            46.364424633773496,
            17.2573302648373,
            26.34415240259953,
            43.94639885340553,
            5.790824681381408,
            22.26087704788029,
            45.72286866692009,
            36.33055981633516,
            40.32924328211102,
            52.75575898307192,
            43.2304085419001,
            44.24115672782653,
            49.13892496299028,
            46.66667684843918
        ],
        [
            23.178613838547516,
            6.920442242001638,
            62.3787792185995,
            24.39526440126162,
            38.65523783378672,
            63.570407333963345,
            26.380491990868745,
            0.0,
            71.26233456129583,
            22.974704802938454,
            24.66427830324493,
            40.71580812700484,
            14.579037069671159,
            34.504374437296796,
            48.650207832698385,
            29.237227087959326,
            4.2375709204809295,
            36.7559312355379,
            20.105642586546697,
            64.7749349352319,
            41.726512267775576,
            49.193071991888296,
            59.67699742875875,
            71.99656822243567,
            23.178613838547516
        ],
        [
            84.69911205301077,
            75.6728364915795,
            9.071738697297015,
            48.201030651416694,
            81.5536813330678,
            86.99320457225741,
            47.944557150696575,
            71.26233456129583,
            0.0,
            55.17026831931063,
            81.45605661233685,
            91.81601974158744,
            57.30651335511911,
            68.61959546239547,
            83.62955783926948,
            49.3119601110804,
            67.82802766832017,
            67.38324787491702,
            84.26535786760284,
            8.99297463049901,
            73.77943117901935,
            82.03637026477236,
            71.49964830829427,
            56.69653892834848,
            84.69911205301077
        ],
        [
            29.556103629405786,
            29.736430940146402,
            46.12630363405603,
            21.55323585796711,
            56.103461253751036,
            77.26135739244164,
            25.195408069887737,
            22.974704802938454,
            55.17026831931063,
            0.0,
            26.382071535750608,
            61.0497589794234,
            11.223159320822285,
            47.54861434399449,
            64.57299311588318,
            30.866539510948588,
            22.1365236458861,
            20.53095199921388,
            42.60291292898606,
            50.73433489702132,
            27.57649003510561,
            64.44225312265304,
            68.94013517503856,
            73.6918183955412,
            29.556103629405786
        ],
        [
            5.411395611434055,
            29.343363106207686,
            72.4406782071892,
            42.7363234719977,
            62.69875516903608,
            88.14393559755158,
            45.8998867056589,
            24.66427830324493,
            81.45605661233685,
            26.382071535750608,
            0.0,
            62.90969553064123,
            28.788007173523773,
            59.15092408467134,
            72.96063968545366,
            50.42843388105116,
            28.063969183461534,
            22.522445092076516,
            40.615781177010426,
            77.09952293953894,
            23.446335983319106,
            73.63823675259151,
            84.1332691891494,
            94.52838231045804,
            5.411395611434055
        ],
        [
            59.38740589454797,
            34.3196103044167,
            84.64725225832619,
            47.99187364610473,
            11.339515590067652,
            32.86031055161347,
            46.364424633773496,
            40.71580812700484,
            91.81601974158744,
            61.0497589794234,
            62.90969553064123,
            0.0,
            49.99425887597273,
            23.665435867547195,
            17.855803877343153,
            43.15172807492199,
            39.62078495665336,
            77.42081228962324,
            22.355038745355532,
            83.21655105754326,
            82.40174881304027,
            19.939628838211096,
            39.725949780809316,
            62.77705716053618,
            59.38740589454797
        ],
        [
            30.053644876737753,
            20.507073374094613,
            48.318407115291585,
            13.967288935959028,
            44.88260672994395,
            66.48748445582513,
            17.2573302648373,
            14.579037069671159,
            57.30651335511911,
            11.223159320822285,
            28.788007173523773,
            49.99425887597273,
            0.0,
            36.6355976178676,
            53.45279796285907,
            22.25614217872287,
            12.283241180826009,
            30.51530749940156,
            32.58732903075445,
            51.34882526172393,
            37.07974934520648,
            53.388342835488885,
            59.054121473466836,
            66.32620008185447,
            30.053644876737753
        ],
        [
            57.48650797596741,
            31.1646222573444,
            61.87887677219858,
            29.04824192609669,
            12.93646940610083,
            29.909471831520907,
            26.34415240259953,
            34.504374437296796,
            68.61959546239547,
            47.54861434399449,
            59.15092408467134,
            23.665435867547195,
            36.6355976178676,
            0.0,
            17.6346755239461,
            21.68261783231576,
            31.207360660248117,
            67.04506374699324,
            27.521190803277793,
            59.88271306068589,
            73.3273795012675,
            17.10276544096946,
            25.617502579245606,
            43.205687348829514,
            57.48650797596741
        ],
        [
            70.41092896050725,
            43.68265900328386,
            77.65348984572162,
            46.68238109347925,
            10.57068753778664,
            16.0616536237641,
            43.94639885340553,
            48.650207832698385,
            83.62955783926948,
            64.57299311588318,
            72.96063968545366,
            17.855803877343153,
            53.45279796285907,
            17.6346755239461,
            0.0,
            39.077387188014804,
            46.126615575382345,
            83.44256540301765,
            35.09756542811124,
            74.68781196922963,
            89.377115674966,
            2.251870304239523,
            22.33791422854584,
            46.43464210552487,
            70.41092896050725
        ],
        [
            50.766342711566985,
            30.586102796704353,
            41.67294434822042,
            9.3828341378127,
            33.92286547835529,
            48.73938035798118,
            5.790824681381408,
            29.237227087959326,
            49.3119601110804,
            30.866539510948588,
            50.42843388105116,
            43.15172807492199,
            22.25614217872287,
            21.68261783231576,
            39.077387188014804,
            0.0,
            25.00273603587191,
            51.395676333284584,
            35.92818834041447,
            41.14888665382341,
            58.3820461650903,
            38.20690311029086,
            38.452117583607965,
            44.15616139058457,
            50.766342711566985
        ],
        [
            27.022802101237446,
            8.278892616100448,
            59.02297935861958,
            20.444694355011812,
            36.45304185880865,
            60.6638984907106,
            22.26087704788029,
            4.2375709204809295,
            67.82802766832017,
            22.1365236458861,
            28.063969183461534,
            39.62078495665336,
            12.283241180826009,
            31.207360660248117,
            46.126615575382345,
            25.00273603587191,
            0.0,
            37.98445401172042,
            20.51324002106947,
            61.126102029030896,
            43.456972548318184,
            46.51467030144991,
            56.07294181957478,
            67.85365108392989,
            27.022802101237446
        ],
        [
            27.869431354906883,
            43.440347717955795,
            58.91919756887981,
            42.08034146760207,
            74.22959007973567,
            96.94368346391386,
            45.72286866692009,
            36.7559312355379,
            67.38324787491702,
            20.53095199921388,
            22.522445092076516,
            77.42081228962324,
            30.51530749940156,
            67.04506374699324,
            83.44256540301765,
            51.395676333284584,
            37.98445401172042,
            0.0,
            56.514792980298274,
            65.14476389987401,
            7.264210096680423,
            83.55116071636517,
            89.32937303723914,
            93.87297307314138,
            27.869431354906883
        ],
        [
            37.03346276016305,
            13.200636366404334,
            75.94907445851985,
            36.282535846884514,
            24.561011623833622,
            51.128256442898355,
            36.33055981633516,
            20.105642586546697,
            84.26535786760284,
            42.60291292898606,
            40.615781177010426,
            22.355038745355532,
            32.58732903075445,
            27.521190803277793,
            35.09756542811124,
            35.92818834041447,
            20.51324002106947,
            56.514792980298274,
            0.0,
            76.6015135056548,
            60.92420231135377,
            36.38486800991257,
            52.20544439601399,
            70.5248957837949,
            37.03346276016305
        ],
        [
            79.91271718027637,
            68.71515470787898,
            7.946807085704785,
            41.001664453148024,
            72.81837581170579,
            78.03516431733189,
            40.32924328211102,
            64.7749349352319,
            8.99297463049901,
            50.73433489702132,
            77.09952293953894,
            83.21655105754326,
            51.34882526172393,
            59.88271306068589,
            74.68781196922963,
            41.14888665382341,
            61.126102029030896,
            65.14476389987401,
            76.6015135056548,
            0.0,
            71.92331485324037,
            73.07706342993163,
            62.61052882150396,
            48.7815348786452,
            79.91271718027637
        ],
        [
            28.812879082179318,
            48.126695310306694,
            65.48720849870499,
            49.11618689136075,
            79.8999280825849,
            103.23275987620423,
            52.75575898307192,
            41.726512267775576,
            73.77943117901935,
            27.57649003510561,
            23.446335983319106,
            82.40174881304027,
            37.07974934520648,
            73.3273795012675,
            89.377115674966,
            58.3820461650903,
            43.456972548318184,
            7.264210096680423,
            60.92420231135377,
            71.92331485324037,
            0.0,
            89.59255205417637,
            96.09007195491225,
            101.08675613198281,
            28.812879082179318
        ],
        [
            71.23030878019442,
            44.45428846019175,
            76.20340971445513,
            46.078365210727775,
            11.84348095263432,
            14.793389447613803,
            43.2304085419001,
            49.193071991888296,
            82.03637026477236,
            64.44225312265304,
            73.63823675259151,
            19.939628838211096,
            53.388342835488885,
            17.10276544096946,
            2.251870304239523,
            38.20690311029086,
            46.51467030144991,
            83.55116071636517,
            36.38486800991257,
            73.07706342993163,
            89.59255205417637,
            0.0,
            20.099742692919484,
            44.18931102508284,
            71.23030878019442
        ],
        [
            82.82184586202074,
            56.75590862981318,
            67.47339635995763,
            47.790431116322615,
            29.750186292437107,
            16.172042667719982,
            44.24115672782653,
            59.67699742875875,
            71.49964830829427,
            68.94013517503856,
            84.1332691891494,
            39.725949780809316,
            59.054121473466836,
            25.617502579245606,
            22.33791422854584,
            38.452117583607965,
            56.07294181957478,
            89.32937303723914,
            52.20544439601399,
            62.61052882150396,
            96.09007195491225,
            20.099742692919484,
            0.0,
            24.775089803062396,
            82.82184586202074
        ],
        [
            94.55739555172838,
            71.22528467372815,
            55.570976878736545,
            52.638596534825545,
            51.83459804948245,
            39.91109890826122,
            49.13892496299028,
            71.99656822243567,
            56.69653892834848,
            73.6918183955412,
            94.52838231045804,
            62.77705716053618,
            66.32620008185447,
            43.205687348829514,
            46.43464210552487,
            44.15616139058457,
            67.85365108392989,
            93.87297307314138,
            70.5248957837949,
            48.7815348786452,
            101.08675613198281,
            44.18931102508284,
            24.775089803062396,
            0.0,
            94.55739555172838
        ],
        [
            0.0,
            26.786846101333044,
            75.64163227596332,
            43.74072885081688,
            59.99430752372713,
            85.88706400980456,
            46.66667684843918,
            23.178613838547516,
            84.69911205301077,
            29.556103629405786,
            5.411395611434055,
            59.38740589454797,
            30.053644876737753,
            57.48650797596741,
            70.41092896050725,
            50.766342711566985,
            27.022802101237446,
            27.869431354906883,
            37.03346276016305,
            79.91271718027637,
            28.812879082179318,
            71.23030878019442,
            82.82184586202074,
            94.55739555172838,
            0.0
        ]
    ],
    "scores_ave": [
        0,
        10.031594109279666,
        11.218526440564858,
        12.14195689098375,
        18.71125774278574,
        11.257511360311232,
        14.68471454462457,
        15.92312839393335,
        19.043178047221566,
        11.473155087370177,
        14.221057995336945,
        10.336948128346382,
        18.98872635861943,
        12.998627854156318,
        11.771068102131744,
        11.382349562010672,
        19.559325134095896,
        10.580162988546459,
        12.649701752172405,
        11.36194217478751,
        16.381618021036925,
        14.805291073114002,
        13.893638319564019,
        11.349721395082952,
        0
    ],
    "scores_var": [
        0,
        306.4715737594988,
        19.373419408440416,
        324.94581307037413,
        321.06825755285547,
        17.785766954874653,
        18.30468062380061,
        247.79787083659494,
        378.095549768315,
        321.22202720679223,
        357.63439914586377,
        23.84881277486764,
        16.36022357112525,
        17.881904633141634,
        388.72360217252015,
        390.3048413994191,
        20.97234434636959,
        386.47583231915166,
        363.81228100198746,
        18.38758767474021,
        16.050509201902745,
        16.574408646974568,
        227.19872388576243,
        275.5210769816523,
        0
    ],
    "vertex_number": 25,
    "minimum_distances": {
        "cost": 388.5082457757862,
        "path": [
            0,
            18,
            1,
            7,
            16,
            12,
            3,
            6,
            15,
            13,
            4,
            11,
            14,
            21,
            5,
            22,
            23,
            19,
            8,
            2,
            9,
            17,
            20,
            10,
            24
        ]
    }
}