{
    "vertices": [
        [
            35.36670933934805,
            15.470425555211254
        ],
        [
            92.63504041848647,
            98.12729183553941
        ],
        [
            78.66095142936663,
            53.699537718332245
        ],
        [
            95.55379427383797,
            6.236351430189191
        ],
        [
            21.202457564187217,
            22.756091769477937
        ],
        [
            52.224701177644604,
            93.83250819811464
        ],
        [
            6.514181759796578,
            60.437464673231304
        ],
        [
            75.04080155019446,
            72.07984780318361
        ],
        [
            37.00241507601111,
            58.00566214651629
        ],
        [
            88.87746874638637,
            99.74205648818172
        ],
        [
            49.21046881031918,
            88.22045636222752
        ],
        [
            37.176777659971464,
            76.32948348265649
        ],
        [
            15.116280071719979,
            73.1311117363614
        ],
        [
            7.269877436194349,
            26.59652428458761
        ],
        [
            68.11204547061877,
            53.77130278851855
        ],
        [
            59.32090500932049,
            41.482387699870735
        ],
        [
            90.69296112368384,
            25.22928115674057
        ],
        [
            79.66823119631883,
            77.27724502705928
        ],
        [
            76.74791979596844,
            3.0022742726336538
        ],
        [
            29.049857997177664,
            96.15339935385113
        ],
        [
            87.57445517318281,
            48.78462567225387
        ],
        [
            35.36670933934805,
            15.470425555211254
        ]
    ],
    "distances": [
        [
            0.0,
            100.55754217299597,
            57.756873313308965,
            60.89132383072243,
            15.928181331710592,
            80.1548993197128,
            53.427548650207825,
            69.12785458846507,
            42.56667575857019,
            99.82539332464823,
            74.05549715390424,
            60.88596947689557,
            61.11329328717515,
            30.219563794500836,
            50.3906165391016,
            35.36135835641109,
            56.18032929019925,
            76.04411727457472,
            43.21873870510743,
            80.92987626254651,
            61.9312897854441,
            0.0
        ],
        [
            100.55754217299597,
            0.0,
            46.57360302762562,
            91.93728325683631,
            103.84330355220115,
            40.63792174868463,
            94.00704956350187,
            31.43289013077266,
            68.59106480730075,
            4.089842265221504,
            44.54030543730161,
            59.588282045898126,
            81.44916957986716,
            111.37262570946953,
            50.68363686193582,
            65.7151183716452,
            72.92387560266918,
            24.55326033992032,
            96.44257134698123,
            63.61581308983155,
            49.60149420255835,
            100.55754217299597
        ],
        [
            57.756873313308965,
            46.57360302762562,
            0.0,
            50.37977959450574,
            65.26082564942409,
            48.057576373582954,
            72.46072062437379,
            18.733426914554613,
            41.880500936531874,
            47.162387140187306,
            45.37647794301859,
            47.25517028459035,
            66.449313967636,
            76.3626792555653,
            10.549150067745035,
            22.875667205638695,
            30.908328424018617,
            23.599213852688216,
            50.733344172377876,
            65.29617874964174,
            10.17874792947106,
            57.756873313308965
        ],
        [
            60.89132383072243,
            91.93728325683631,
            50.37977959450574,
            0.0,
            76.16444768649862,
            97.72664421256653,
            104.23921178441302,
            68.96483803432572,
            78.1557773808906,
            93.74374752985285,
            94.17588479289749,
            91.21909465490361,
            104.6188446095452,
            90.60125060316197,
            54.88734989064166,
            50.548049786104436,
            19.60507787567691,
            72.79532730424157,
            19.081933076562414,
            111.83849537433974,
            43.29001609448983,
            60.89132383072243
        ],
        [
            15.928181331710592,
            103.84330355220115,
            65.26082564942409,
            76.16444768649862,
            0.0,
            77.55150914811185,
            40.442938938924385,
            73.01643782346657,
            38.62862758552548,
            102.50241900648142,
            71.20415525442249,
            55.904268192833406,
            50.74134599253082,
            14.452187063764894,
            56.23568930943096,
            42.46987396849716,
            69.53450043465965,
            79.94249707721376,
            58.953470468165534,
            73.81562472939443,
            71.29324402589963,
            15.928181331710592
        ],
        [
            80.1548993197128,
            40.63792174868463,
            48.057576373582954,
            97.72664421256653,
            77.55150914811185,
            0.0,
            56.60989769888578,
            31.523842888637013,
            38.92660905042863,
            37.126111181227195,
            6.370300037903724,
            23.08237155024759,
            42.492149068284625,
            80.88024301672768,
            43.096495072724295,
            52.828886274474385,
            78.65246203245239,
            32.050336637058514,
            94.08251509371813,
            23.290768389986855,
            57.26182696708884,
            80.1548993197128
        ],
        [
            53.427548650207825,
            94.00704956350187,
            72.46072062437379,
            104.23921178441302,
            40.442938938924385,
            56.60989769888578,
            0.0,
            69.50858008075225,
            30.585062273483626,
            91.26095540248974,
            50.93984251145126,
            34.536228068168434,
            15.333778762304707,
            33.84937698604012,
            61.9575219647318,
            56.10565892508379,
            91.24518114248501,
            75.06725751835026,
            90.72804998944108,
            42.231323606848555,
            81.89356862804081,
            53.427548650207825
        ],
        [
            69.12785458846507,
            31.43289013077266,
            18.733426914554613,
            68.96483803432572,
            73.01643782346657,
            31.523842888637013,
            69.50858008075225,
            0.0,
            40.55861865815544,
            30.92977769772292,
            30.458583915030495,
            38.10175466520705,
            59.93374200132468,
            81.61881445820461,
            19.575762599813935,
            34.39941441405078,
            49.39600889147601,
            6.958882312022615,
            69.09866436895571,
            51.910526612233696,
            26.45297426132661,
            69.12785458846507
        ],
        [
            42.56667575857019,
            68.59106480730075,
            41.880500936531874,
            78.1557773808906,
            38.62862758552548,
            38.92660905042863,
            30.585062273483626,
            40.55861865815544,
            0.0,
            66.58038604534607,
            32.587886790608714,
            18.324650901708107,
            26.60417506183951,
            43.24994492173097,
            31.3964791411674,
            27.76929223697288,
            62.90441864991837,
            46.81629814427394,
            67.8607237144501,
            38.96784595191249,
            51.405824117989006,
            42.56667575857019
        ],
        [
            99.82539332464823,
            4.089842265221504,
            47.162387140187306,
            93.74374752985285,
            102.50241900648142,
            37.126111181227195,
            91.26095540248974,
            30.92977769772292,
            66.58038604534607,
            0.0,
            41.30639361394725,
            56.7548238791378,
            78.41463725149895,
            109.59045506246588,
            50.44316603403167,
            65.32824402405849,
            74.53488914706891,
            24.279164117352806,
            97.49723801653181,
            59.93514384721717,
            50.974087532117984,
            99.82539332464823
        ],
        [
            74.05549715390424,
            44.54030543730161,
            45.37647794301859,
            94.17588479289749,
            71.20415525442249,
            6.370300037903724,
            50.93984251145126,
            30.458583915030495,
            32.587886790608714,
            41.30639361394725,
            0.0,
            16.917593171744343,
            37.28407202789656,
            74.5420834798766,
            39.293940782138,
            47.81911733210112,
            75.42337384588886,
            32.36401031837942,
            89.55696380205289,
            21.665221274367557,
            55.01799879910442,
            74.05549715390424
        ],
        [
            60.88596947689557,
            59.588282045898126,
            47.25517028459035,
            91.21909465490361,
            55.904268192833406,
            23.08237155024759,
            34.536228068168434,
            38.10175466520705,
            18.324650901708107,
            56.7548238791378,
            16.917593171744343,
            0.0,
            22.29114478147653,
            58.03266245479129,
            38.28658134054083,
            41.2878003841187,
            73.99467933757984,
            42.5020220175066,
            83.32319545287334,
            21.42508958379655,
            57.43383228133873,
            60.88596947689557
        ],
        [
            61.11329328717515,
            81.44916957986716,
            66.449313967636,
            104.6188446095452,
            50.74134599253082,
            42.492149068284625,
            15.333778762304707,
            59.93374200132468,
            26.60417506183951,
            78.41463725149895,
            37.28407202789656,
            22.29114478147653,
            0.0,
            47.191459647118,
            56.42121367634778,
            54.36626342698085,
            89.47860130617248,
            64.68496591370231,
            93.36226678435729,
            26.910412872106264,
            76.4391164437687,
            61.11329328717515
        ],
        [
            30.219563794500836,
            111.37262570946953,
            76.3626792555653,
            90.60125060316197,
            14.452187063764894,
            80.88024301672768,
            33.84937698604012,
            81.61881445820461,
            43.24994492173097,
            109.59045506246588,
            74.5420834798766,
            58.03266245479129,
            47.191459647118,
            0.0,
            66.63511084906247,
            54.137772405565435,
            83.43428699102378,
            88.37452733764707,
            73.37497532383334,
            72.88707994314181,
            83.31348659554094,
            30.219563794500836
        ],
        [
            50.3906165391016,
            50.68363686193582,
            10.549150067745035,
            54.88734989064166,
            56.23568930943096,
            43.096495072724295,
            61.9575219647318,
            19.575762599813935,
            31.3964791411674,
            50.44316603403167,
            39.293940782138,
            38.28658134054083,
            56.42121367634778,
            66.63511084906247,
            0.0,
            15.109652036571575,
            36.39429557718794,
            26.19302863451432,
            51.498277464493576,
            57.63763179974898,
            20.09110101742403,
            50.3906165391016
        ],
        [
            35.36135835641109,
            65.7151183716452,
            22.875667205638695,
            50.548049786104436,
            42.46987396849716,
            52.828886274474385,
            56.10565892508379,
            34.39941441405078,
            27.76929223697288,
            65.32824402405849,
            47.81911733210112,
            41.2878003841187,
            54.36626342698085,
            54.137772405565435,
            15.109652036571575,
            0.0,
            35.33227104426071,
            41.17384478080584,
            42.242395454650506,
            62.49204591370826,
            29.1819426403932,
            35.36135835641109
        ],
        [
            56.18032929019925,
            72.92387560266918,
            30.908328424018617,
            19.60507787567691,
            69.53450043465965,
            78.65246203245239,
            91.24518114248501,
            49.39600889147601,
            62.90441864991837,
            74.53488914706891,
            75.42337384588886,
            73.99467933757984,
            89.47860130617248,
            83.43428699102378,
            36.39429557718794,
            35.33227104426071,
            0.0,
            53.20277448608615,
            26.23935998948577,
            93.96862617439282,
            23.76087823730076,
            56.18032929019925
        ],
        [
            76.04411727457472,
            24.55326033992032,
            23.599213852688216,
            72.79532730424157,
            79.94249707721376,
            32.050336637058514,
            75.06725751835026,
            6.958882312022615,
            46.81629814427394,
            24.279164117352806,
            32.36401031837942,
            42.5020220175066,
            64.68496591370231,
            88.37452733764707,
            26.19302863451432,
            41.17384478080584,
            53.20277448608615,
            0.0,
            74.33235835923543,
            54.023410735498686,
            29.569202479440854,
            76.04411727457472
        ],
        [
            43.21873870510743,
            96.44257134698123,
            50.733344172377876,
            19.081933076562414,
            58.953470468165534,
            94.08251509371813,
            90.72804998944108,
            69.09866436895571,
            67.8607237144501,
            97.49723801653181,
            89.55696380205289,
            83.32319545287334,
            93.36226678435729,
            73.37497532383334,
            51.498277464493576,
            42.242395454650506,
            26.23935998948577,
            74.33235835923543,
            0.0,
            104.6529369069874,
            47.045058911137325,
            43.21873870510743
        ],
        [
            80.92987626254651,
            63.61581308983155,
            65.29617874964174,
            111.83849537433974,
            73.81562472939443,
            23.290768389986855,
            42.231323606848555,
            51.910526612233696,
            38.96784595191249,
            59.93514384721717,
            21.665221274367557,
            21.42508958379655,
            26.910412872106264,
            72.88707994314181,
            57.63763179974898,
            62.49204591370826,
            93.96862617439282,
            54.023410735498686,
            104.6529369069874,
            0.0,
            75.29229173502458,
            80.92987626254651
        ],
        [
            61.9312897854441,
            49.60149420255835,
            10.17874792947106,
            43.29001609448983,
            71.29324402589963,
            57.26182696708884,
            81.89356862804081,
            26.45297426132661,
            51.405824117989006,
            50.974087532117984,
            55.01799879910442,
            57.43383228133873,
            76.4391164437687,
            83.31348659554094,
            20.09110101742403,
            29.1819426403932,
            23.76087823730076,
            29.569202479440854,
            47.045058911137325,
            75.29229173502458,
            0.0,
            61.9312897854441
        ],
        [
            0.0,
            100.55754217299597,
            57.756873313308965,
            60.89132383072243,
            15.928181331710592,
            80.1548993197128,
            53.427548650207825,
            69.12785458846507,
            42.56667575857019,
            99.82539332464823,
            74.05549715390424,
            60.88596947689557,
            61.11329328717515,
            30.219563794500836,
            50.3906165391016,
            35.36135835641109,
            56.18032929019925,
            76.04411727457472,
            43.21873870510743,
            80.92987626254651,
            61.9312897854441,
            0.0
        ]
    ],
    "scores_ave": [
        0,
        18.763010092392065,
        18.920562632932075,
        10.65511295615242,
        18.899204212937455,
        15.768302556859801,
        19.897222779488906,
        14.716689789593596,
        16.321472570180546,
        15.728827505613307,
        14.11256399005626,
        14.407723821553207,
        13.95438622078154,
        12.269271941987402,
        16.97841233564001,
        12.880768904989917,
        15.35470750291508,
        19.72776165006615,
        16.634707277666184,
        15.396364727980643,
        18.50781671146693,
        0
    ],
    "scores_var": [
        0,
        21.155200411025078,
        16.03294295392435,
        356.499367570496,
        18.865857738534594,
        20.147658399607053,
        17.568020838339546,
        391.9665392488454,
        18.61063257410893,
        350.68593534206207,
        18.278921808142723,
        341.6049731635167,
        20.43310060378681,
        306.36026789123264,
        18.06954515384822,
        234.8533170904666,
        22.739908443926417,
        16.354546475809613,
        24.496137803788155,
        21.5579676193523,
        383.45279388587164,
        0
    ],
    "vertex_number": 22,
    "minimum_distances": {
        "cost": 431.57882393696906,
        "path": [
            0,
            18,
            3,
            16,
            20,
            2,
            1,
            9,
            17,
            7,
            14,
            15,
            8,
            11,
            10,
            5,
            19,
            12,
            6,
            13,
            4,
            21
        ]
    }
}