{
    "vertices": [
        [
            15.093515935576374,
            95.84081670010455
        ],
        [
            66.78543377948478,
            98.1499764159485
        ],
        [
            49.817291934115225,
            68.18202432591724
        ],
        [
            84.91724443228709,
            7.069206306962162
        ],
        [
            39.9505733435707,
            80.83273007304028
        ],
        [
            44.32317038769096,
            88.1222956729893
        ],
        [
            44.614820994338245,
            68.31433545023977
        ],
        [
            92.12532452991587,
            83.80835766370258
        ],
        [
            10.073757073314127,
            27.22446720356414
        ],
        [
            86.40395970023684,
            49.92815740798666
        ],
        [
            23.03466246671929,
            62.476305755496966
        ],
        [
            97.07201595674995,
            62.865469261471915
        ],
        [
            9.2728712732561,
            72.07791529363762
        ],
        [
            73.70924613471963,
            41.67633892861821
        ],
        [
            60.93113840928762,
            82.02598961128444
        ],
        [
            57.40276297482667,
            11.574738207200907
        ],
        [
            2.9782331799493744,
            93.48113322213166
        ],
        [
            61.824710239924464,
            7.136167459469034
        ],
        [
            63.29518927836296,
            18.05985009687755
        ],
        [
            15.093515935576374,
            95.84081670010455
        ]
    ],
    "distances": [
        [
            0.0,
            51.743469046582604,
            44.39312351248902,
            112.94136475611687,
            29.036459274329424,
            30.231577303145173,
            40.36353084619378,
            77.96588744943296,
            68.79971945630768,
            84.8124499892964,
            34.29653625079248,
            88.36202806873601,
            24.46539162855289,
            79.80973924927079,
            47.874179695703155,
            94.29127409045076,
            12.342940588247648,
            100.26125531836769,
            91.50562867265062,
            0.0
        ],
        [
            51.743469046582604,
            0.0,
            34.43829249766879,
            92.86802055172218,
            31.9373880509342,
            24.598936110430376,
            37.171246187121305,
            29.11686953775346,
            90.81102428593809,
            52.059873105299154,
            56.45122468868381,
            46.50025274248029,
            63.14623676196686,
            56.89649293744651,
            17.153883664013012,
            87.08218177290905,
            63.97778477813842,
            91.14890124846536,
            80.16614086060494,
            51.743469046582604
        ],
        [
            44.39312351248902,
            34.43829249766879,
            0.0,
            70.47540841734684,
            16.043456349717438,
            20.683321613361482,
            5.204153160010134,
            45.10157331746767,
            57.07074599707392,
            40.88750317255974,
            27.383653255047324,
            47.552862166316025,
            40.73116758892464,
            35.684406032668804,
            17.753111228631283,
            57.113257765913566,
            53.23478501805672,
            62.21555058769121,
            51.9026595298188,
            44.39312351248902
        ],
        [
            112.94136475611687,
            92.86802055172218,
            70.47540841734684,
            0.0,
            86.38899783646974,
            90.65032897521847,
            73.31610449791015,
            77.07693409604813,
            77.50988415591162,
            42.88472935402489,
            83.06263070734664,
            57.10482843421116,
            99.74068094181524,
            36.37681753715085,
            78.70103331899588,
            27.8809344817745,
            119.08409918290235,
            23.092631275395668,
            24.255051432560244,
            112.94136475611687
        ],
        [
            29.036459274329424,
            31.9373880509342,
            16.043456349717438,
            86.38899783646974,
            0.0,
            8.500433609305423,
            13.359094657941883,
            52.25953521526322,
            61.371573210481756,
            55.79435200458264,
            24.96209835969876,
            59.8805616814142,
            31.902479310182652,
            51.69981582244597,
            21.014470700029342,
            71.42302402036749,
            39.076028961455016,
            76.87432084913955,
            66.97317040162193,
            29.036459274329424
        ],
        [
            30.231577303145173,
            24.598936110430376,
            20.683321613361482,
            90.65032897521847,
            8.500433609305423,
            0.0,
            19.810107224908837,
            47.99641655149892,
            69.86821755756004,
            56.82943803147287,
            33.33042706521162,
            58.48374123848402,
            38.547965053536586,
            54.96151695241041,
            17.691510659193487,
            77.6569655357691,
            41.69077802812262,
            82.85563867484252,
            72.58569956192221,
            30.231577303145173
        ],
        [
            40.36353084619378,
            37.171246187121305,
            5.204153160010134,
            73.31610449791015,
            13.359094657941883,
            19.810107224908837,
            0.0,
            49.97311947993054,
            53.67925455262429,
            45.65505072587547,
            22.35589033775805,
            52.73942970935095,
            35.5417774362106,
            39.44703325898133,
            21.31271155478519,
            58.16281763634394,
            48.651548330105776,
            63.552722416528376,
            53.61407890991035,
            40.36353084619378
        ],
        [
            77.96588744943296,
            29.11686953775346,
            45.10157331746767,
            77.07693409604813,
            52.25953521526322,
            47.99641655149892,
            49.97311947993054,
            0.0,
            99.67043885571195,
            34.35988918610916,
            72.3088931110497,
            21.519161942338773,
            83.67874454629687,
            45.981071607255025,
            31.245064947967016,
            80.14581748746254,
            89.6703210831935,
            82.44241612825887,
            71.79166348461138,
            77.96588744943296
        ],
        [
            68.79971945630768,
            90.81102428593809,
            57.07074599707392,
            77.50988415591162,
            61.371573210481756,
            69.86821755756004,
            53.67925455262429,
            99.67043885571195,
            0.0,
            79.635151672898,
            37.55898281248224,
            94.01583949761394,
            44.86059767361164,
            65.25589677907796,
            74.76416317030838,
            49.849260950238985,
            66.63551794063967,
            55.51306999492379,
            54.00473176184455,
            68.79971945630768
        ],
        [
            84.8124499892964,
            52.059873105299154,
            40.88750317255974,
            42.88472935402489,
            55.79435200458264,
            56.82943803147287,
            45.65505072587547,
            34.35988918610916,
            79.635151672898,
            0.0,
            64.59972026890689,
            16.768466306924395,
            80.2484677506286,
            15.14094649376231,
            40.97725535796287,
            48.08382447244752,
            94.11011395012385,
            49.348697123493544,
            39.365013416562725,
            84.8124499892964
        ],
        [
            34.29653625079248,
            56.45122468868381,
            27.383653255047324,
            83.06263070734664,
            24.96209835969876,
            33.33042706521162,
            22.35589033775805,
            72.3088931110497,
            37.55898281248224,
            64.59972026890689,
            0.0,
            74.03837626557012,
            16.780280169752665,
            54.777295021974425,
            42.64191632334196,
            61.41771659227586,
            36.92640900454561,
            67.5810529133058,
            59.94774017780139,
            34.29653625079248
        ],
        [
            88.36202806873601,
            46.50025274248029,
            47.552862166316025,
            57.10482843421116,
            59.8805616814142,
            58.48374123848402,
            52.73942970935095,
            21.519161942338773,
            94.01583949761394,
            16.768466306924395,
            74.03837626557012,
            0.0,
            88.28113597506918,
            31.54042260369749,
            40.905850070329144,
            64.84125788589692,
            98.94927405999385,
            65.94033393632519,
            56.110761260069005,
            88.36202806873601
        ],
        [
            24.46539162855289,
            63.14623676196686,
            40.73116758892464,
            99.74068094181524,
            31.902479310182652,
            38.547965053536586,
            35.5417774362106,
            83.67874454629687,
            44.86059767361164,
            80.2484677506286,
            16.780280169752665,
            88.28113597506918,
            0.0,
            71.24817366617306,
            52.60742101763798,
            77.3118419956324,
            22.309643798597882,
            83.5411658437646,
            76.39608766321948,
            24.46539162855289
        ],
        [
            79.80973924927079,
            56.89649293744651,
            35.684406032668804,
            36.37681753715085,
            51.69981582244597,
            54.96151695241041,
            39.44703325898133,
            45.981071607255025,
            65.25589677907796,
            15.14094649376231,
            54.777295021974425,
            31.54042260369749,
            71.24817366617306,
            0.0,
            42.32463050347792,
            34.23459885898334,
            87.67333063937473,
            36.527601051162684,
            25.810678506136963,
            79.80973924927079
        ],
        [
            47.874179695703155,
            17.153883664013012,
            17.753111228631283,
            78.70103331899588,
            21.014470700029342,
            17.691510659193487,
            21.31271155478519,
            31.245064947967016,
            74.76416317030838,
            40.97725535796287,
            42.64191632334196,
            40.905850070329144,
            52.60742101763798,
            42.32463050347792,
            0.0,
            70.53955101648926,
            59.07418674569963,
            74.89515293092771,
            64.0098097238864,
            47.874179695703155
        ],
        [
            94.29127409045076,
            87.08218177290905,
            57.113257765913566,
            27.8809344817745,
            71.42302402036749,
            77.6569655357691,
            58.16281763634394,
            80.14581748746254,
            49.849260950238985,
            48.08382447244752,
            61.41771659227586,
            64.84125788589692,
            77.3118419956324,
            34.23459885898334,
            70.53955101648926,
            0.0,
            98.33965114711035,
            6.265343398244578,
            8.762269338717665,
            94.29127409045076
        ],
        [
            12.342940588247648,
            63.97778477813842,
            53.23478501805672,
            119.08409918290235,
            39.076028961455016,
            41.69077802812262,
            48.651548330105776,
            89.6703210831935,
            66.63551794063967,
            94.11011395012385,
            36.92640900454561,
            98.94927405999385,
            22.309643798597882,
            87.67333063937473,
            59.07418674569963,
            98.33965114711035,
            0.0,
            104.49096121160699,
            96.57383259060236,
            12.342940588247648
        ],
        [
            100.26125531836769,
            91.14890124846536,
            62.21555058769121,
            23.092631275395668,
            76.87432084913955,
            82.85563867484252,
            63.552722416528376,
            82.44241612825887,
            55.51306999492379,
            49.348697123493544,
            67.5810529133058,
            65.94033393632519,
            83.5411658437646,
            36.527601051162684,
            74.89515293092771,
            6.265343398244578,
            104.49096121160699,
            0.0,
            11.022211709330723,
            100.26125531836769
        ],
        [
            91.50562867265062,
            80.16614086060494,
            51.9026595298188,
            24.255051432560244,
            66.97317040162193,
            72.58569956192221,
            53.61407890991035,
            71.79166348461138,
            54.00473176184455,
            39.365013416562725,
            59.94774017780139,
            56.110761260069005,
            76.39608766321948,
            25.810678506136963,
            64.0098097238864,
            8.762269338717665,
            96.57383259060236,
            11.022211709330723,
            0.0,
            91.50562867265062
        ],
        [
            0.0,
            51.743469046582604,
            44.39312351248902,
            112.94136475611687,
            29.036459274329424,
            30.231577303145173,
            40.36353084619378,
            77.96588744943296,
            68.79971945630768,
            84.8124499892964,
            34.29653625079248,
            88.36202806873601,
            24.46539162855289,
            79.80973924927079,
            47.874179695703155,
            94.29127409045076,
            12.342940588247648,
            100.26125531836769,
            91.50562867265062,
            0.0
        ]
    ],
    "scores_ave": [
        0,
        19.397453438689688,
        16.455192980828635,
        16.956854333126653,
        13.013119073510756,
        14.83630317953502,
        16.014266434608466,
        10.954465782788256,
        13.64359283520087,
        10.05576475119606,
        12.428105002791575,
        16.583323520002978,
        15.708640984282637,
        11.23682932736086,
        11.931351120997146,
        16.17741510354814,
        15.160946313850488,
        14.139174512245837,
        13.441744828896438,
        0
    ],
    "scores_var": [
        0,
        16.63134982582123,
        17.875340278798223,
        22.502740252658484,
        293.82189812844365,
        22.245012527012616,
        310.84878573537003,
        368.08077717795817,
        331.3400293231115,
        372.4018255043971,
        258.1249427413241,
        284.08320025444675,
        331.52963456863944,
        250.4563789768014,
        20.213491451461362,
        19.01832755263118,
        360.5888708180462,
        16.5275793739618,
        348.44219563733094,
        0
    ],
    "vertex_number": 20,
    "minimum_distances": {
        "cost": 391.50823030043165,
        "path": [
            0,
            16,
            12,
            10,
            8,
            15,
            17,
            18,
            3,
            13,
            9,
            11,
            7,
            1,
            14,
            2,
            6,
            4,
            5,
            19
        ]
    }
}