{
    "vertices": [
        [
            41.67897224389952,
            96.43531937740303
        ],
        [
            13.66017632981016,
            52.43938045871425
        ],
        [
            48.260880901611614,
            45.447388082428574
        ],
        [
            19.87300240234803,
            15.488929730297219
        ],
        [
            15.389125654365044,
            20.535657904409643
        ],
        [
            14.043724185409678,
            28.984266613385067
        ],
        [
            0.3848959257177542,
            57.26192585760492
        ],
        [
            58.22084509110957,
            36.877869594555236
        ],
        [
            13.0037092957484,
            23.276513296922175
        ],
        [
            33.99977826083872,
            51.5651626514858
        ],
        [
            19.553743165576552,
            92.35030362014267
        ],
        [
            92.07328752080595,
            94.95456520703793
        ],
        [
            39.07259310859401,
            41.302608031451435
        ],
        [
            22.663471587368235,
            36.007256596504455
        ],
        [
            12.204228438704645,
            63.23335247539206
        ],
        [
            62.13030932603027,
            82.23237462487907
        ],
        [
            14.056271141171006,
            81.66294823435328
        ],
        [
            41.67897224389952,
            96.43531937740303
        ]
    ],
    "distances": [
        [
            0.0,
            52.16028724817747,
            51.41099745501444,
            83.8320840587405,
            80.32381119827579,
            72.89273937936892,
            56.91885011864506,
            61.81200030681504,
            78.57786973612234,
            45.52253271554487,
            22.49918032963276,
            50.4160653476776,
            55.19428478160557,
            63.34934914165071,
            44.39742254392822,
            24.899414211787878,
            31.324695775038077,
            0.0
        ],
        [
            52.16028724817747,
            0.0,
            35.300095102635616,
            37.46912084424694,
            31.950536436637854,
            23.45824960338873,
            14.124093384413792,
            47.19972267746479,
            29.170254885124677,
            20.35838066957134,
            40.343722159031,
            89.19729222815883,
            27.74560553736855,
            18.736969341859215,
            10.891722368773374,
            56.894431133955436,
            29.226251977237094,
            52.16028724817747
        ],
        [
            51.41099745501444,
            35.300095102635616,
            0.0,
            41.2720349937502,
            41.24495840096461,
            37.97167605262644,
            49.31220173803927,
            13.139160314498204,
            41.64871952893498,
            15.517932021002768,
            54.9907559771061,
            66.10966314097409,
            10.079872729270658,
            27.28265833954693,
            40.20475987017731,
            39.312800456700316,
            49.81487856034285,
            51.41099745501444
        ],
        [
            83.8320840587405,
            37.46912084424694,
            41.2720349937502,
            0.0,
            6.750897418453533,
            14.700496662307133,
            46.095222089675886,
            43.909495412710534,
            10.3842980307551,
            38.74352046394191,
            76.86203694083888,
            107.36697999342651,
            32.170953836074666,
            20.707207819043806,
            48.356385280206624,
            78.99599625828114,
            66.42917346723432,
            83.8320840587405
        ],
        [
            80.32381119827579,
            31.950536436637854,
            41.24495840096461,
            6.750897418453533,
            0.0,
            8.555062491299678,
            39.672984101525834,
            45.843473612211476,
            3.63352438916005,
            36.18268308580317,
            71.93529994579116,
            106.85801067433218,
            31.49877534499657,
            17.09638777175547,
            42.81631338580218,
            77.40299157729109,
            61.14181976548099,
            80.32381119827579
        ],
        [
            72.89273937936892,
            23.45824960338873,
            37.97167605262644,
            14.700496662307133,
            8.555062491299678,
            0.0,
            31.403655866156274,
            44.876797786174144,
            5.801730680780546,
            30.135377219224605,
            63.605148809696004,
            102.17970958486981,
            27.895982055951926,
            11.11856256791167,
            34.29844933791137,
            71.7473391652254,
            52.678683115178885,
            72.89273937936892
        ],
        [
            56.91885011864506,
            14.124093384413792,
            49.31220173803927,
            46.095222089675886,
            39.672984101525834,
            31.403655866156274,
            0.0,
            61.32297094561679,
            36.25248567736393,
            34.09418462774289,
            39.98298336182026,
            99.13372894439443,
            41.85018206400196,
            30.79116592321009,
            13.242150765799554,
            66.6034487666709,
            27.969919437000232,
            56.91885011864506
        ],
        [
            61.81200030681504,
            47.19972267746479,
            13.139160314498204,
            43.909495412710534,
            45.843473612211476,
            44.876797786174144,
            61.32297094561679,
            0.0,
            47.21849492170726,
            28.326253824616618,
            67.61904841124806,
            67.22269283300747,
            19.65283349089534,
            35.56803027266117,
            53.029618950323155,
            45.52268705985835,
            62.898432897429856,
            61.81200030681504
        ],
        [
            78.57786973612234,
            29.170254885124677,
            41.64871952893498,
            10.3842980307551,
            3.63352438916005,
            5.801730680780546,
            36.25248567736393,
            47.21849492170726,
            0.0,
            35.22900217565467,
            69.38365407869583,
            106.72273106661834,
            31.694270690865682,
            15.980701877278719,
            39.96483662890273,
            76.74123021855054,
            58.39592169956148,
            78.57786973612234
        ],
        [
            45.52253271554487,
            20.35838066957134,
            15.517932021002768,
            38.74352046394191,
            36.18268308580317,
            30.135377219224605,
            34.09418462774289,
            28.326253824616618,
            35.22900217565467,
            0.0,
            43.267951809702744,
            72.49257018409027,
            11.44785909280837,
            19.249942592397428,
            24.722310689250676,
            41.61495726575654,
            36.10568062264583,
            45.52253271554487
        ],
        [
            22.49918032963276,
            40.343722159031,
            54.9907559771061,
            76.86203694083888,
            71.93529994579116,
            63.605148809696004,
            39.98298336182026,
            67.61904841124806,
            69.38365407869583,
            43.267951809702744,
            0.0,
            72.56629032755542,
            54.65210634562697,
            56.42879901934123,
            30.030188322524733,
            43.762272257832876,
            12.018392729532641,
            22.49918032963276
        ],
        [
            50.4160653476776,
            89.19729222815883,
            66.10966314097409,
            107.36697999342651,
            106.85801067433218,
            102.17970958486981,
            99.13372894439443,
            67.22269283300747,
            106.72273106661834,
            72.49257018409027,
            72.56629032755542,
            0.0,
            75.41621919022221,
            91.06320739101594,
            85.9377794443545,
            32.53361456065992,
            79.14115191560447,
            50.4160653476776
        ],
        [
            55.19428478160557,
            27.74560553736855,
            10.079872729270658,
            32.170953836074666,
            31.49877534499657,
            27.895982055951926,
            41.85018206400196,
            19.65283349089534,
            31.694270690865682,
            11.44785909280837,
            54.65210634562697,
            75.41621919022221,
            0.0,
            17.24239008716454,
            34.682366872801396,
            46.977697586794186,
            47.48445457275197,
            55.19428478160557
        ],
        [
            63.34934914165071,
            18.736969341859215,
            27.28265833954693,
            20.707207819043806,
            17.09638777175547,
            11.11856256791167,
            30.79116592321009,
            35.56803027266117,
            15.980701877278719,
            19.249942592397428,
            56.42879901934123,
            91.06320739101594,
            17.24239008716454,
            0.0,
            29.166008709613436,
            60.78151707408299,
            46.45994057735499,
            63.34934914165071
        ],
        [
            44.39742254392822,
            10.891722368773374,
            40.20475987017731,
            48.356385280206624,
            42.81631338580218,
            34.29844933791137,
            13.242150765799554,
            53.029618950323155,
            39.96483662890273,
            24.722310689250676,
            30.030188322524733,
            85.9377794443545,
            34.682366872801396,
            29.166008709613436,
            0.0,
            53.41887677033727,
            18.52242052245009,
            44.39742254392822
        ],
        [
            24.899414211787878,
            56.894431133955436,
            39.312800456700316,
            78.99599625828114,
            77.40299157729109,
            71.7473391652254,
            66.6034487666709,
            45.52268705985835,
            76.74123021855054,
            41.61495726575654,
            43.762272257832876,
            32.53361456065992,
            46.977697586794186,
            60.78151707408299,
            53.41887677033727,
            0.0,
            48.07741043165213,
            24.899414211787878
        ],
        [
            31.324695775038077,
            29.226251977237094,
            49.81487856034285,
            66.42917346723432,
            61.14181976548099,
            52.678683115178885,
            27.969919437000232,
            62.898432897429856,
            58.39592169956148,
            36.10568062264583,
            12.018392729532641,
            79.14115191560447,
            47.48445457275197,
            46.45994057735499,
            18.52242052245009,
            48.07741043165213,
            0.0,
            31.324695775038077
        ],
        [
            0.0,
            52.16028724817747,
            51.41099745501444,
            83.8320840587405,
            80.32381119827579,
            72.89273937936892,
            56.91885011864506,
            61.81200030681504,
            78.57786973612234,
            45.52253271554487,
            22.49918032963276,
            50.4160653476776,
            55.19428478160557,
            63.34934914165071,
            44.39742254392822,
            24.899414211787878,
            31.324695775038077,
            0.0
        ]
    ],
    "scores_ave": [
        0,
        19.43206070291639,
        18.147126664706583,
        10.14438991629002,
        14.131160314882314,
        11.918865360909088,
        12.710353324941302,
        18.98618243857834,
        19.977283276132127,
        13.260636572075903,
        18.805988604442355,
        18.08822821560078,
        11.640770203015103,
        15.376100826032403,
        16.57254476136314,
        15.593988697089987,
        12.279961628723903,
        0
    ],
    "scores_var": [
        0,
        21.302715268807646,
        295.411454220995,
        385.76572064985857,
        17.67536402336,
        24.307117599521902,
        366.83658986799355,
        373.595297825817,
        21.42727176934404,
        354.2966506870098,
        17.071433747246274,
        20.25689828975116,
        274.11683461992186,
        315.82501370211037,
        16.09769385751262,
        19.680232076062694,
        281.07487647737423,
        0
    ],
    "vertex_number": 18,
    "minimum_distances": {
        "cost": 319.3304039770854,
        "path": [
            0,
            15,
            11,
            7,
            2,
            12,
            9,
            13,
            3,
            4,
            8,
            5,
            1,
            6,
            14,
            16,
            10,
            17
        ]
    }
}