{
    "vertices": [
        [
            90.11810815312491,
            78.93418555281254
        ],
        [
            91.08099281386654,
            37.531481599078255
        ],
        [
            85.43668800688035,
            79.2347329032101
        ],
        [
            23.063260380790407,
            57.21429746028569
        ],
        [
            69.8660336049002,
            16.16683656119283
        ],
        [
            46.52258308069217,
            58.47155693859616
        ],
        [
            89.00571970209857,
            95.91272550105633
        ],
        [
            33.6348918686405,
            36.48536411812962
        ],
        [
            89.715867123045,
            95.12951843580086
        ],
        [
            96.33186991533998,
            9.31011254647548
        ],
        [
            94.71151073366288,
            21.73672538321356
        ],
        [
            62.62925413446647,
            73.07398283228898
        ],
        [
            27.206708719388008,
            1.2819955962335872
        ],
        [
            73.13156609610625,
            84.25987057949159
        ],
        [
            65.98874993033576,
            8.093011518631776
        ],
        [
            8.310485967444759,
            81.65408908682161
        ],
        [
            20.09695823523696,
            71.98450649592777
        ],
        [
            90.11810815312491,
            78.93418555281254
        ]
    ],
    "distances": [
        [
            0.0,
            41.41389913483703,
            4.691057801338143,
            70.48479373966303,
            65.95367027651027,
            48.15899683490571,
            17.014941282299127,
            70.65589970436609,
            16.20032731265275,
            69.90080383822004,
            57.38160678405367,
            28.106566335729198,
            99.93851501680328,
            17.801840692980512,
            74.83781040880852,
            81.85282477049465,
            70.3651865258456,
            0.0
        ],
        [
            41.41389913483703,
            0.0,
            42.08348067935615,
            70.80836931863165,
            30.108512946224167,
            49.23351128219614,
            58.41811703599046,
            57.45562527371055,
            57.61421192376231,
            28.705702944501876,
            16.20663395910942,
            45.527692976842744,
            73.44351165387305,
            50.05720983236142,
            38.68131556195373,
            93.79638210043616,
            78.90338452565271,
            41.41389913483703
        ],
        [
            4.691057801338143,
            42.08348067935615,
            0.0,
            66.1463835060019,
            64.96156423234696,
            44.1068819839252,
            17.055598035111107,
            67.1634916801574,
            16.46072844789307,
            70.7683369936859,
            58.24125003279738,
            23.624857275354838,
            97.30035838306185,
            13.291652790552284,
            73.75206313717658,
            77.16413885588963,
            65.7407489278015,
            4.691057801338143
        ],
        [
            70.48479373966303,
            70.80836931863165,
            66.1463835060019,
            0.0,
            62.25265960366678,
            23.49298880376713,
            76.4589842606419,
            23.26903671874823,
            76.6820315795023,
            87.53913453640497,
            79.95079673844243,
            42.62625343394454,
            56.08556459505488,
            56.90604767991397,
            65.23418111412033,
            28.547290022689744,
            15.065126065694837,
            70.48479373966303
        ],
        [
            65.95367027651027,
            30.108512946224167,
            64.96156423234696,
            62.25265960366678,
            0.0,
            48.317761212482026,
            82.01057484683504,
            41.53959789881143,
            81.41941426667607,
            27.339626109824447,
            25.462156138974972,
            57.36544494574781,
            45.1815945960278,
            68.17129149626194,
            8.956560696546969,
            89.87583484064288,
            74.783508476764,
            65.95367027651027
        ],
        [
            48.15899683490571,
            49.23351128219614,
            44.1068819839252,
            23.49298880376713,
            48.317761212482026,
            0.0,
            56.62736088248893,
            25.485000677181244,
            56.65214848082916,
            69.98437446813249,
            60.59389901422071,
            21.740646136103713,
            60.363473465942455,
            37.05502796592911,
            54.008605707327575,
            44.69445337618257,
            29.68018622265919,
            48.15899683490571
        ],
        [
            17.014941282299127,
            58.41811703599046,
            17.055598035111107,
            76.4589842606419,
            82.01057484683504,
            56.62736088248893,
            0.0,
            81.22524149486675,
            1.0572240380084745,
            86.9119384636421,
            74.3951278295702,
            34.89020066624233,
            113.02253227016591,
            19.69207405352911,
            90.78591884994665,
            81.94528332908338,
            72.94502773770279,
            17.014941282299127
        ],
        [
            70.65589970436609,
            57.45562527371055,
            67.1634916801574,
            23.26903671874823,
            41.53959789881143,
            25.485000677181244,
            81.22524149486675,
            0.0,
            81.1431612714218,
            68.33304730634372,
            62.832123285118044,
            46.68404505408765,
            35.78545366330786,
            61.98702075964995,
            43.04529959949791,
            51.78358088763134,
            37.99295667122557,
            70.65589970436609
        ],
        [
            16.20032731265275,
            57.61421192376231,
            16.46072844789307,
            76.6820315795023,
            81.41941426667607,
            56.65214848082916,
            1.0572240380084745,
            81.1431612714218,
            0.0,
            86.07404905164175,
            73.56261636962225,
            34.93037723745353,
            112.75971101176424,
            19.828975895700975,
            90.21269105075504,
            82.51317032588122,
            73.36541455226559,
            16.20032731265275
        ],
        [
            69.90080383822004,
            28.705702944501876,
            70.7683369936859,
            87.53913453640497,
            27.339626109824447,
            69.98437446813249,
            86.9119384636421,
            68.33304730634372,
            86.07404905164175,
            0.0,
            12.531810342956396,
            72.12279434616516,
            69.58978784371386,
            78.45839869964473,
            30.36751990756474,
            113.93601262890034,
            98.69063489411874,
            69.90080383822004
        ],
        [
            57.38160678405367,
            16.20663395910942,
            58.24125003279738,
            79.95079673844243,
            25.462156138974972,
            60.59389901422071,
            74.3951278295702,
            62.832123285118044,
            73.56261636962225,
            12.531810342956396,
            0.0,
            60.53746931355267,
            70.53576586133318,
            66.14255586076844,
            31.79855210829144,
            105.14384220601359,
            89.9564947699253,
            57.38160678405367
        ],
        [
            28.106566335729198,
            45.527692976842744,
            23.624857275354838,
            42.62625343394454,
            57.36544494574781,
            21.740646136103713,
            34.89020066624233,
            46.68404505408765,
            34.93037723745353,
            72.12279434616516,
            60.53746931355267,
            0.0,
            80.05526937675768,
            15.343488561361124,
            65.06775580015652,
            54.99224307592591,
            42.54624722754178,
            28.106566335729198
        ],
        [
            99.93851501680328,
            73.44351165387305,
            97.30035838306185,
            56.08556459505488,
            45.1815945960278,
            60.363473465942455,
            113.02253227016591,
            35.78545366330786,
            112.75971101176424,
            69.58978784371386,
            70.53576586133318,
            80.05526937675768,
            0.0,
            94.83891744325801,
            39.37558454655387,
            82.56355519447355,
            71.05908527041606,
            99.93851501680328
        ],
        [
            17.801840692980512,
            50.05720983236142,
            13.291652790552284,
            56.90604767991397,
            68.17129149626194,
            37.05502796592911,
            19.69207405352911,
            61.98702075964995,
            19.828975895700975,
            78.45839869964473,
            66.14255586076844,
            15.343488561361124,
            94.83891744325801,
            0.0,
            76.50104732599989,
            64.87343467270632,
            54.43669896623258,
            17.801840692980512
        ],
        [
            74.83781040880852,
            38.68131556195373,
            73.75206313717658,
            65.23418111412033,
            8.956560696546969,
            54.008605707327575,
            90.78591884994665,
            43.04529959949791,
            90.21269105075504,
            30.36751990756474,
            31.79855210829144,
            65.06775580015652,
            39.37558454655387,
            76.50104732599989,
            0.0,
            93.47734627580188,
            78.6649837946985,
            74.83781040880852
        ],
        [
            81.85282477049465,
            93.79638210043616,
            77.16413885588963,
            28.547290022689744,
            89.87583484064288,
            44.69445337618257,
            81.94528332908338,
            51.78358088763134,
            82.51317032588122,
            113.93601262890034,
            105.14384220601359,
            54.99224307592591,
            82.56355519447355,
            64.87343467270632,
            93.47734627580188,
            0.0,
            15.245384744293988,
            81.85282477049465
        ],
        [
            70.3651865258456,
            78.90338452565271,
            65.7407489278015,
            15.065126065694837,
            74.783508476764,
            29.68018622265919,
            72.94502773770279,
            37.99295667122557,
            73.36541455226559,
            98.69063489411874,
            89.9564947699253,
            42.54624722754178,
            71.05908527041606,
            54.43669896623258,
            78.6649837946985,
            15.245384744293988,
            0.0,
            70.3651865258456
        ],
        [
            0.0,
            41.41389913483703,
            4.691057801338143,
            70.48479373966303,
            65.95367027651027,
            48.15899683490571,
            17.014941282299127,
            70.65589970436609,
            16.20032731265275,
            69.90080383822004,
            57.38160678405367,
            28.106566335729198,
            99.93851501680328,
            17.801840692980512,
            74.83781040880852,
            81.85282477049465,
            70.3651865258456,
            0.0
        ]
    ],
    "scores_ave": [
        0,
        14.984923733533435,
        15.501762978774885,
        17.96958621673304,
        14.221852086138831,
        14.028031344567975,
        19.17240266369454,
        18.941779802263262,
        18.37959729744471,
        14.711905140088424,
        13.319617238341369,
        11.362470060673788,
        15.023986862208085,
        14.26253627958792,
        19.842151890194117,
        14.699763716527567,
        12.818653832966788,
        0
    ],
    "scores_var": [
        0,
        360.59706711098374,
        377.1261317673442,
        16.298246849460348,
        16.802697708806612,
        311.7205819568286,
        298.890419444645,
        324.72523174487355,
        286.50185586486,
        348.9890096371222,
        290.5534794896665,
        24.721644496491443,
        18.113612938795853,
        20.57735383663647,
        365.18211321438736,
        282.3877941796647,
        17.149018966620474,
        0
    ],
    "vertex_number": 18,
    "minimum_distances": {
        "cost": 357.3366851997608,
        "path": [
            0,
            2,
            8,
            6,
            13,
            11,
            5,
            16,
            15,
            3,
            7,
            12,
            14,
            4,
            9,
            10,
            1,
            17
        ]
    }
}