{
    "vertices": [
        [
            86.2020890010488,
            94.43508883482853
        ],
        [
            48.005242484578524,
            97.04702698955082
        ],
        [
            15.857378528919819,
            10.937991707982464
        ],
        [
            44.04706468064442,
            33.84245999382608
        ],
        [
            43.543554676388915,
            22.40564029865755
        ],
        [
            71.24045018798148,
            82.88710283077933
        ],
        [
            24.47848307899727,
            48.45151372511405
        ],
        [
            52.17550058901048,
            82.75708742113105
        ],
        [
            37.65233537639111,
            60.043183637499354
        ],
        [
            48.616305589758944,
            54.837798280435976
        ],
        [
            12.80219331715079,
            66.92260782833125
        ],
        [
            59.22027703192169,
            79.96667089447935
        ],
        [
            81.84257144050395,
            94.76811232356567
        ],
        [
            87.18411916634979,
            25.57950675899803
        ],
        [
            87.86947865792423,
            27.753708696788525
        ],
        [
            86.2020890010488,
            94.43508883482853
        ]
    ],
    "distances": [
        [
            0.0,
            38.28604582255631,
            109.17940978049671,
            73.81404165412816,
            83.71375040668701,
            18.899910495089625,
            76.96942709863097,
            35.97477499555183,
            59.496905130578355,
            54.5952061438491,
            78.38674184796804,
            30.616226005730187,
            4.372218888018948,
            68.86258466138919,
            66.70222369143065,
            0.0
        ],
        [
            38.28604582255631,
            0.0,
            91.91436837640741,
            63.328385899568076,
            74.7746164499505,
            27.20989395794178,
            53.99103923395211,
            14.886014427195393,
            38.42482411688986,
            42.21365165840166,
            46.33287494301629,
            20.43319760175939,
            33.91398358975765,
            81.50209092992591,
            79.94198700123954,
            38.28604582255631
        ],
        [
            109.17940978049671,
            91.91436837640741,
            0.0,
            36.32179886500598,
            29.96717060164171,
            90.79625112169187,
            38.49139875080123,
            80.47973968040678,
            53.724668620828425,
            54.77536233815538,
            56.06791773216685,
            81.51870654527065,
            106.68427628288154,
            72.81399517227659,
            73.94938067920094,
            109.17940978049671
        ],
        [
            73.81404165412816,
            63.328385899568076,
            36.32179886500598,
            0.0,
            11.447897932117506,
            56.07902643907933,
            24.420357016718285,
            49.58540356464259,
            26.96980686484083,
            21.486791111162063,
            45.5031665631523,
            48.55583594445569,
            71.69683007664209,
            43.921314482420364,
            44.24338209442477,
            73.81404165412816
        ],
        [
            83.71375040668701,
            74.7746164499505,
            29.96717060164171,
            11.447897932117506,
            0.0,
            66.52161551709735,
            32.27792554611685,
            60.96562687297769,
            38.09581516943642,
            32.8264782330382,
            54.09983083390633,
            59.65762203663162,
            81.87271854930417,
            43.75582586708321,
            44.64738931234317,
            83.71375040668701
        ],
        [
            18.899910495089625,
            27.20989395794178,
            90.79625112169187,
            56.07902643907933,
            66.52161551709735,
            0.0,
            58.073155286723775,
            19.065392920631098,
            40.620267117606225,
            36.03630675525996,
            60.57965802795837,
            12.36986197967549,
            15.923672994032119,
            59.48412517653956,
            57.58659337543886,
            18.899910495089625
        ],
        [
            76.96942709863097,
            53.99103923395211,
            38.49139875080123,
            24.420357016718285,
            32.27792554611685,
            58.073155286723775,
            0.0,
            44.090783226915256,
            17.54756951008451,
            24.968362100517854,
            21.852163736630438,
            46.90626161268081,
            73.7283252168177,
            66.74672650982627,
            66.68446185940256,
            76.96942709863097
        ],
        [
            35.97477499555183,
            14.886014427195393,
            80.47973968040678,
            49.58540356464259,
            60.96562687297769,
            19.065392920631098,
            44.090783226915256,
            0.0,
            26.960039927365013,
            28.14524071960357,
            42.43804978435122,
            7.5772884017178335,
            32.00624645462879,
            67.04385956273963,
            65.57005216924532,
            35.97477499555183
        ],
        [
            59.496905130578355,
            38.42482411688986,
            53.724668620828425,
            26.96980686484083,
            38.09581516943642,
            40.620267117606225,
            17.54756951008451,
            26.960039927365013,
            0.0,
            12.136913922210498,
            25.784802453418717,
            29.36190477021911,
            56.20140243494294,
            60.34188122192546,
            59.70235900954685,
            59.496905130578355
        ],
        [
            54.5952061438491,
            42.21365165840166,
            54.77536233815538,
            21.486791111162063,
            32.8264782330382,
            36.03630675525996,
            24.968362100517854,
            28.14524071960357,
            12.136913922210498,
            0.0,
            37.7980589406901,
            27.2746118065688,
            51.9462676423181,
            48.409956277940516,
            47.69024538094113,
            54.5952061438491
        ],
        [
            78.38674184796804,
            46.33287494301629,
            56.06791773216685,
            45.5031665631523,
            54.09983083390633,
            60.57965802795837,
            21.852163736630438,
            42.43804978435122,
            25.784802453418717,
            37.7980589406901,
            0.0,
            48.21603547602321,
            74.44424713844381,
            85.09948824208544,
            84.67171893619538,
            78.38674184796804
        ],
        [
            30.616226005730187,
            20.43319760175939,
            81.51870654527065,
            48.55583594445569,
            59.65762203663162,
            12.36986197967549,
            46.90626161268081,
            7.5772884017178335,
            29.36190477021911,
            27.2746118065688,
            48.21603547602321,
            0.0,
            27.034253692070827,
            61.15504958397959,
            59.556445287347685,
            30.616226005730187
        ],
        [
            4.372218888018948,
            33.91398358975765,
            106.68427628288154,
            71.69683007664209,
            81.87271854930417,
            15.923672994032119,
            73.7283252168177,
            32.00624645462879,
            56.20140243494294,
            51.9462676423181,
            74.44424713844381,
            27.034253692070827,
            0.0,
            69.39449021411433,
            67.28487128664212,
            4.372218888018948
        ],
        [
            68.86258466138919,
            81.50209092992591,
            72.81399517227659,
            43.921314482420364,
            43.75582586708321,
            59.48412517653956,
            66.74672650982627,
            67.04385956273963,
            60.34188122192546,
            48.409956277940516,
            85.09948824208544,
            61.15504958397959,
            69.39449021411433,
            0.0,
            2.27966482163127,
            68.86258466138919
        ],
        [
            66.70222369143065,
            79.94198700123954,
            73.94938067920094,
            44.24338209442477,
            44.64738931234317,
            57.58659337543886,
            66.68446185940256,
            65.57005216924532,
            59.70235900954685,
            47.69024538094113,
            84.67171893619538,
            59.556445287347685,
            67.28487128664212,
            2.27966482163127,
            0.0,
            66.70222369143065
        ],
        [
            0.0,
            38.28604582255631,
            109.17940978049671,
            73.81404165412816,
            83.71375040668701,
            18.899910495089625,
            76.96942709863097,
            35.97477499555183,
            59.496905130578355,
            54.5952061438491,
            78.38674184796804,
            30.616226005730187,
            4.372218888018948,
            68.86258466138919,
            66.70222369143065,
            0.0
        ]
    ],
    "scores_ave": [
        0,
        19.101807890141295,
        17.426346379095282,
        19.68337377423671,
        19.028101357505648,
        16.135418973680594,
        17.395181381088356,
        19.863590390265372,
        18.168036690782493,
        12.548239214792488,
        10.614171116541106,
        16.402262300797187,
        19.11415216682087,
        12.166294717007702,
        13.843617790625286,
        0
    ],
    "scores_var": [
        0,
        284.88419519733014,
        24.509257731293296,
        253.8512918329775,
        23.410337457188856,
        382.9954830542723,
        341.28551087282403,
        325.4376174410172,
        235.60641109611097,
        305.39233380131907,
        334.9704991268202,
        20.33214324594582,
        22.157326465633368,
        23.450908202133416,
        383.7224291553539,
        0
    ],
    "vertex_number": 16,
    "minimum_distances": {
        "cost": 350.3919476846588,
        "path": [
            0,
            12,
            1,
            7,
            11,
            9,
            8,
            10,
            6,
            2,
            4,
            3,
            13,
            14,
            5,
            15
        ]
    }
}