{
    "vertices": [
        [
            32.90683380256733,
            85.04301864122053
        ],
        [
            36.523023459221015,
            75.06842439998967
        ],
        [
            34.6904637351854,
            13.656530541684509
        ],
        [
            75.2083909157098,
            79.957069740467
        ],
        [
            5.37287409057191,
            66.697791600611
        ],
        [
            76.81826619933923,
            54.86182190265356
        ],
        [
            81.89089824195577,
            33.83219799239073
        ],
        [
            32.90683380256733,
            85.04301864122053
        ]
    ],
    "distances": [
        [
            0.0,
            10.609870777256667,
            71.40876710125816,
            42.6062038958827,
            33.08574153005034,
            53.2833795072005,
            70.86597717190367,
            0.0
        ],
        [
            10.609870777256667,
            0.0,
            61.43922999522289,
            38.99303153780855,
            32.25522126960508,
            45.07785899940679,
            61.30799646571937,
            10.609870777256667
        ],
        [
            71.40876710125816,
            61.43922999522289,
            0.0,
            77.7011191750516,
            60.604425888635724,
            58.92900624141829,
            51.33165275645627,
            71.40876710125816
        ],
        [
            42.6062038958827,
            38.99303153780855,
            77.7011191750516,
            0.0,
            71.08310535580294,
            25.146832056347005,
            46.606434083094314,
            42.6062038958827
        ],
        [
            33.08574153005034,
            32.25522126960508,
            60.604425888635724,
            71.08310535580294,
            0.0,
            72.41915652827281,
            83.27757959530555,
            33.08574153005034
        ],
        [
            53.2833795072005,
            45.07785899940679,
            58.92900624141829,
            25.146832056347005,
            72.41915652827281,
            0.0,
            21.632768607990933,
            53.2833795072005
        ],
        [
            70.86597717190367,
            61.30799646571937,
            51.33165275645627,
            46.606434083094314,
            83.27757959530555,
            21.632768607990933,
            0.0,
            70.86597717190367
        ],
        [
            0.0,
            10.609870777256667,
            71.40876710125816,
            42.6062038958827,
            33.08574153005034,
            53.2833795072005,
            70.86597717190367,
            0.0
        ]
    ],
    "scores_ave": [
        0,
        16.825948369221315,
        18.34087778888164,
        16.37511300094041,
        11.110155507129468,
        10.784262633100486,
        17.447957557030723,
        0
    ],
    "scores_var": [
        0,
        388.23604098056853,
        17.447332711143854,
        339.02503559553503,
        17.670042328318562,
        21.992839544145266,
        19.99837646389383,
        0
    ],
    "vertex_number": 8,
    "minimum_distances": {
        "cost": 241.40432315454547,
        "path": [
            0,
            1,
            3,
            5,
            6,
            2,
            4,
            7
        ]
    }
}