{
    "vertices": [
        [
            69.33634313253074,
            67.0524704922806
        ],
        [
            47.43872531030959,
            20.79220792517289
        ],
        [
            23.27916291703619,
            38.108142253065104
        ],
        [
            83.94169545678317,
            91.08038851283914
        ],
        [
            29.52366509823552,
            97.88159825750493
        ],
        [
            55.34100827786723,
            8.530161386947189
        ],
        [
            30.03023797395522,
            70.65764757448261
        ],
        [
            90.6909171517413,
            50.85832443200554
        ],
        [
            14.423646807725154,
            24.182105630633398
        ],
        [
            85.52423289788219,
            49.32937431367
        ],
        [
            3.4789200305760604,
            5.220486872883701
        ],
        [
            23.150519948900094,
            52.19105140703022
        ],
        [
            64.71078874652764,
            88.23718497259941
        ],
        [
            90.23445398863528,
            82.20117019252271
        ],
        [
            32.54279328378379,
            14.746861495770558
        ],
        [
            67.89938182782504,
            6.3014103123679055
        ],
        [
            52.435619543074296,
            64.29440421804338
        ],
        [
            8.608277620179672,
            78.61797418406684
        ],
        [
            35.135440390471906,
            32.41832131788277
        ],
        [
            69.33634313253074,
            67.0524704922806
        ]
    ],
    "distances": [
        [
            0.0,
            51.18122271952679,
            54.39704023770035,
            28.11862658307171,
            50.35359422153476,
            60.17250252992932,
            39.471093277625734,
            26.80052607997584,
            69.66543189438411,
            24.003247972127685,
            90.33490120622949,
            48.51795585530205,
            21.68381610765277,
            25.81112434517624,
            63.95030917023013,
            60.76805222133252,
            17.124292318816984,
            61.81956661541008,
            48.67469606896596,
            0.0
        ],
        [
            51.18122271952679,
            0.0,
            29.72416587025356,
            79.20161084118632,
            79.14368884638174,
            14.587798374153806,
            52.81682973029488,
            52.67564390579812,
            33.188654913769845,
            47.59071079200035,
            46.63628390815883,
            39.69640149530151,
            69.62147013869091,
            74.8500837665641,
            16.075913796433618,
            25.072328982027614,
            43.78824082190186,
            69.65359223503232,
            16.927413637022447,
            51.18122271952679
        ],
        [
            54.39704023770035,
            29.72416587025356,
            0.0,
            80.53571709460347,
            60.098750820676024,
            43.62131222302099,
            33.24225189563939,
            68.60693663614819,
            16.50317125802118,
            63.24843702320527,
            38.38811658271853,
            14.083496698337575,
            65.03461034596792,
            80.16985789779315,
            25.130942803501597,
            54.796278453870265,
            39.18953021770623,
            43.08458376811279,
            13.15086984961597,
            54.39704023770035
        ],
        [
            28.11862658307171,
            79.20161084118632,
            80.53571709460347,
            0.0,
            54.84139387446995,
            87.3644052554732,
            57.65009623025783,
            40.78438956770565,
            96.47869889545784,
            41.78099581641997,
            117.66979620493554,
            72.16611088426123,
            19.439948026416705,
            10.882983410813434,
            92.02529267247726,
            86.28343393308957,
            41.35361863394098,
            76.35728919917389,
            76.3104754354434,
            28.11862658307171
        ],
        [
            50.35359422153476,
            79.14368884638174,
            60.098750820676024,
            54.84139387446995,
            0.0,
            93.00652923149076,
            27.228663332415834,
            77.15323068443087,
            75.23048428550783,
            74.1173531892169,
            96.25180678134076,
            46.13288469833555,
            36.4849061702269,
            62.70307577779394,
            83.18954015646223,
            99.29565176067035,
            40.65780687551665,
            28.43484914326009,
            65.70336863208934,
            50.35359422153476
        ],
        [
            60.17250252992932,
            14.587798374153806,
            43.62131222302099,
            87.3644052554732,
            93.00652923149076,
            0.0,
            67.08546514230783,
            55.14788703259848,
            43.808832765616216,
            50.750397278271066,
            51.96758742484452,
            54.244823312489046,
            80.25585582943222,
            81.51668597288229,
            23.630615039805793,
            12.75461005177023,
            55.839878780542904,
            84.23924036580613,
            31.28752400779099,
            60.17250252992932
        ],
        [
            39.471093277625734,
            52.81682973029488,
            33.24225189563939,
            57.65009623025783,
            27.228663332415834,
            67.08546514230783,
            0.0,
            63.810118282373665,
            49.0259287194474,
            59.451482007639854,
            70.61865536256896,
            19.706488629789824,
            38.8816246705402,
            61.30090162775309,
            55.96721302802605,
            74.6712617461543,
            23.291457431236218,
            22.853165757285925,
            38.578610191041015,
            39.471093277625734
        ],
        [
            26.80052607997584,
            52.67564390579812,
            68.60693663614819,
            40.78438956770565,
            77.15323068443087,
            55.14788703259848,
            63.810118282373665,
            0.0,
            80.7980022974945,
            5.388164311102065,
            98.43142109578082,
            67.55354480341886,
            45.5208335519524,
            31.34616944678954,
            68.44882807439733,
            50.04770402611978,
            40.546220972421814,
            86.64962704377555,
            58.53584126858348,
            26.80052607997584
        ],
        [
            69.66543189438411,
            33.188654913769845,
            16.50317125802118,
            96.47869889545784,
            75.23048428550783,
            43.808832765616216,
            49.0259287194474,
            80.7980022974945,
            0.0,
            75.4166988443585,
            21.893607060982198,
            29.336996409436637,
            81.43617030459394,
            95.4646025396734,
            20.428590281890024,
            56.38593353846843,
            55.26216218352716,
            54.74561447234049,
            22.289316774212757,
            69.66543189438411
        ],
        [
            24.003247972127685,
            47.59071079200035,
            63.24843702320527,
            41.78099581641997,
            74.1173531892169,
            50.750397278271066,
            59.451482007639854,
            5.388164311102065,
            75.4166988443585,
            0.0,
            93.15056261106587,
            62.439324650645275,
            44.12501770778858,
            33.207546537266694,
            63.26913257175678,
            46.49775329345541,
            36.31540243178865,
            82.30362239081425,
            53.15086192886406,
            24.003247972127685
        ],
        [
            90.33490120622949,
            46.63628390815883,
            38.38811658271853,
            117.66979620493554,
            96.25180678134076,
            51.96758742484452,
            70.61865536256896,
            98.43142109578082,
            21.893607060982198,
            93.15056261106587,
            0.0,
            50.923528707298246,
            103.15577497080264,
            115.9851209281023,
            30.58529944162892,
            64.42952967120621,
            76.72343929764752,
            73.57650068382782,
            41.735566125237575,
            90.33490120622949
        ],
        [
            48.51795585530205,
            39.69640149530151,
            14.083496698337575,
            72.16611088426123,
            46.13288469833555,
            54.244823312489046,
            19.706488629789824,
            67.55354480341886,
            29.336996409436637,
            62.439324650645275,
            50.923528707298246,
            0.0,
            55.01435892162979,
            73.49055337774311,
            38.60417278621117,
            64.09617616719441,
            31.687666488849604,
            30.16387010001675,
            23.121400761395986,
            48.51795585530205
        ],
        [
            21.68381610765277,
            69.62147013869091,
            65.03461034596792,
            19.439948026416705,
            36.4849061702269,
            80.25585582943222,
            38.8816246705402,
            45.5208335519524,
            81.43617030459394,
            44.12501770778858,
            103.15577497080264,
            55.01435892162979,
            0.0,
            26.227675493960152,
            80.22223866746708,
            81.99779445210909,
            26.90606863207904,
            56.92118209310326,
            63.169983141408984,
            21.68381610765277
        ],
        [
            25.81112434517624,
            74.8500837665641,
            80.16985789779315,
            10.882983410813434,
            62.70307577779394,
            81.51668597288229,
            61.30090162775309,
            31.34616944678954,
            95.4646025396734,
            33.207546537266694,
            115.9851209281023,
            73.49055337774311,
            26.227675493960152,
            0.0,
            88.7604161585582,
            79.11781719874327,
            41.82587898786705,
            81.70478543004218,
            74.25788403641617,
            25.81112434517624
        ],
        [
            63.95030917023013,
            16.075913796433618,
            25.130942803501597,
            92.02529267247726,
            83.18954015646223,
            23.630615039805793,
            55.96721302802605,
            68.44882807439733,
            20.428590281890024,
            63.26913257175678,
            30.58529944162892,
            38.60417278621117,
            80.22223866746708,
            88.7604161585582,
            0.0,
            36.35125856368478,
            53.39179268761977,
            68.20835781700329,
            17.860635802354416,
            63.95030917023013
        ],
        [
            60.76805222133252,
            25.072328982027614,
            54.796278453870265,
            86.28343393308957,
            99.29565176067035,
            12.75461005177023,
            74.6712617461543,
            50.04770402611978,
            56.38593353846843,
            46.49775329345541,
            64.42952967120621,
            64.09617616719441,
            81.99779445210909,
            79.11781719874327,
            36.35125856368478,
            0.0,
            60.019290950018664,
            93.51534873148564,
            41.89950953150036,
            60.76805222133252
        ],
        [
            17.124292318816984,
            43.78824082190186,
            39.18953021770623,
            41.35361863394098,
            40.65780687551665,
            55.839878780542904,
            23.291457431236218,
            40.546220972421814,
            55.26216218352716,
            36.31540243178865,
            76.72343929764752,
            31.687666488849604,
            26.90606863207904,
            41.82587898786705,
            53.39179268761977,
            60.019290950018664,
            0.0,
            46.10857356932532,
            36.268179714042034,
            17.124292318816984
        ],
        [
            61.81956661541008,
            69.65359223503232,
            43.08458376811279,
            76.35728919917389,
            28.43484914326009,
            84.23924036580613,
            22.853165757285925,
            86.64962704377555,
            54.74561447234049,
            82.30362239081425,
            73.57650068382782,
            30.16387010001675,
            56.92118209310326,
            81.70478543004218,
            68.20835781700329,
            93.51534873148564,
            46.10857356932532,
            0.0,
            53.273804910082106,
            61.81956661541008
        ],
        [
            48.67469606896596,
            16.927413637022447,
            13.15086984961597,
            76.3104754354434,
            65.70336863208934,
            31.28752400779099,
            38.578610191041015,
            58.53584126858348,
            22.289316774212757,
            53.15086192886406,
            41.735566125237575,
            23.121400761395986,
            63.169983141408984,
            74.25788403641617,
            17.860635802354416,
            41.89950953150036,
            36.268179714042034,
            53.273804910082106,
            0.0,
            48.67469606896596
        ],
        [
            0.0,
            51.18122271952679,
            54.39704023770035,
            28.11862658307171,
            50.35359422153476,
            60.17250252992932,
            39.471093277625734,
            26.80052607997584,
            69.66543189438411,
            24.003247972127685,
            90.33490120622949,
            48.51795585530205,
            21.68381610765277,
            25.81112434517624,
            63.95030917023013,
            60.76805222133252,
            17.124292318816984,
            61.81956661541008,
            48.67469606896596,
            0.0
        ]
    ],
    "scores_ave": [
        0,
        11.656392651377153,
        11.821599324714244,
        18.309357579829488,
        13.706876207313655,
        14.225426731435963,
        12.574269957478045,
        12.37597484803068,
        14.040521503273778,
        10.555178797290761,
        17.26795688182069,
        17.93785184929553,
        13.46490600634296,
        16.6227690612683,
        16.489624663525092,
        18.425456608434757,
        15.469743723164727,
        17.534506222847583,
        11.696384971088222,
        0
    ],
    "scores_var": [
        0,
        16.744149524711787,
        249.03629780099112,
        22.710481128144707,
        24.78041590338204,
        20.944198665772888,
        23.060302246053972,
        320.1716065626027,
        345.6970666186135,
        260.07311073320136,
        275.0166203541212,
        329.82155897514616,
        317.3562709136605,
        377.8209073699038,
        269.4974325817669,
        19.88538503018858,
        388.13749381725074,
        388.1593233114479,
        18.9772131576862,
        0
    ],
    "vertex_number": 20,
    "minimum_distances": {
        "cost": 406.9028789691108,
        "path": [
            0,
            16,
            6,
            4,
            17,
            11,
            2,
            18,
            8,
            10,
            14,
            1,
            5,
            15,
            9,
            7,
            13,
            3,
            12,
            19
        ]
    }
}