{
    "vertices": [
        [
            19.398671833914307,
            84.76714839299859
        ],
        [
            80.29641045132942,
            90.9294744543298
        ],
        [
            62.67880506813168,
            52.263737292661695
        ],
        [
            89.49408043453263,
            35.48261521936058
        ],
        [
            52.60439017698175,
            62.686911936519664
        ],
        [
            43.33027295331867,
            59.32766946600631
        ],
        [
            44.68660197915659,
            73.06625320148234
        ],
        [
            5.669180425745147,
            51.35607349246204
        ],
        [
            37.21380661906003,
            30.26314738521474
        ],
        [
            28.2361677497324,
            59.66464470969868
        ],
        [
            66.4497542218533,
            67.43977098131316
        ],
        [
            64.11363193736995,
            29.666026068921923
        ],
        [
            44.33859552871736,
            5.6215433353771544
        ],
        [
            91.76422041137587,
            86.28282794289828
        ],
        [
            7.564856427940747,
            3.4148740981246317
        ],
        [
            39.413810359513356,
            83.09450578394487
        ],
        [
            94.06017104922175,
            24.546520949497996
        ],
        [
            59.93787257522648,
            82.81072321307764
        ],
        [
            22.14788868316724,
            70.07007775496504
        ],
        [
            89.41642466076053,
            97.63977329291907
        ],
        [
            84.77821685344892,
            27.432733193278946
        ],
        [
            35.26595518686057,
            34.44998743331613
        ],
        [
            42.412854288378064,
            47.646082575750015
        ],
        [
            48.44302387571457,
            87.40317660145936
        ],
        [
            19.398671833914307,
            84.76714839299859
        ]
    ],
    "distances": [
        [
            0.0,
            61.208731658164375,
            54.126164337860764,
            85.6874058250748,
            39.87676732952593,
            34.92690395977234,
            27.86378221479456,
            36.12199967244691,
            57.34165286481907,
            26.612722995443125,
            50.140226982370244,
            70.96168923036211,
            82.98208598149115,
            72.38141961453184,
            82.20846501432239,
            20.08490735593623,
            95.92113132551269,
            40.586381906115186,
            14.95199246333291,
            71.19122265234236,
            86.95815127551411,
            52.759713494723215,
            43.67637944536896,
            29.163727989470555,
            0.0
        ],
        [
            61.208731658164375,
            0.0,
            42.49022534293364,
            56.204549034241076,
            39.55363857405911,
            48.633007310281194,
            39.83909051362761,
            84.47057194656743,
            74.40775492531083,
            60.72691700646392,
            27.267124123888465,
            63.36475699080211,
            92.57649575245756,
            12.373438854333884,
            113.79228544221885,
            41.62659876008695,
            67.7948200220397,
            21.917668356147097,
            61.776735220339226,
            11.322666191467349,
            63.654714981680016,
            72.23347115764396,
            57.520568843381554,
            32.04797985650139,
            61.208731658164375
        ],
        [
            54.126164337860764,
            42.49022534293364,
            0.0,
            31.633290233786045,
            14.496082403718155,
            20.597689985713536,
            27.50389136343548,
            57.01684975022734,
            33.65251999905622,
            35.22880491930351,
            15.63752077661411,
            22.643217101291558,
            50.118435162109506,
            44.75779166087218,
            73.64617281374642,
            38.623778486252974,
            41.869251398285805,
            30.669709156637815,
            44.2698649609917,
            52.667684063159484,
            33.240980217806175,
            32.69241536907972,
            20.785367355233657,
            37.91355511021159,
            54.126164337860764
        ],
        [
            85.6874058250748,
            56.204549034241076,
            31.633290233786045,
            0.0,
            45.83582667710136,
            51.95848085912505,
            58.48281772880111,
            85.31459745571748,
            52.54017391189787,
            65.85819931314695,
            39.39924840641099,
            26.038430737318418,
            54.13595322093938,
            50.85091098762286,
            87.98146263242569,
            69.10083627511915,
            11.85104811317857,
            55.79891781466245,
            75.70866600372456,
            62.15720658299034,
            9.329521421231846,
            54.23795615638295,
            48.62706852726473,
            66.18862393816302,
            85.6874058250748
        ],
        [
            39.87676732952593,
            39.55363857405911,
            14.496082403718155,
            45.83582667710136,
            0.0,
            9.863759945068862,
            13.054581381269045,
            48.283556354497236,
            35.89109318385034,
            24.554925441837828,
            14.638434842383154,
            34.9691513963376,
            57.66090230608204,
            45.71935647148418,
            74.44282416624947,
            24.299409099039252,
            56.33179557203963,
            21.418397334531992,
            31.33862825245205,
            50.76247038742891,
            47.72852650006824,
            33.135256650677604,
            18.16848787402208,
            25.06413191157174,
            39.87676732952593
        ],
        [
            34.92690395977234,
            48.633007310281194,
            20.597689985713536,
            51.95848085912505,
            9.863759945068862,
            0.0,
            13.805372558646031,
            38.49550925414394,
            29.701138096088847,
            15.09786621386584,
            24.50135925047358,
            36.21824263649114,
            53.715590831481194,
            55.429485248234144,
            66.37323033486005,
            24.08736573003282,
            61.50813647760855,
            28.76223528325698,
            23.750636606521685,
            59.931216230320985,
            52.29932134731468,
            26.15209904306053,
            11.717556455225177,
            28.537244486939088,
            34.92690395977234
        ],
        [
            27.86378221479456,
            39.83909051362761,
            27.50389136343548,
            58.48281772880111,
            13.054581381269045,
            13.805372558646031,
            0.0,
            44.65076805245989,
            43.45052977827177,
            21.21838581286661,
            22.47870320353633,
            47.54986023276149,
            67.44560769548046,
            48.897648257815696,
            78.92615918546188,
            11.329968284238323,
            69.22365015311418,
            18.098506861103928,
            22.73698890233974,
            51.03542815350895,
            60.74335956767355,
            39.74876813013005,
            25.521657532430474,
            14.82086630537328,
            27.86378221479456
        ],
        [
            36.12199967244691,
            84.47057194656743,
            57.01684975022734,
            85.31459745571748,
            48.283556354497236,
            38.49550925414394,
            44.65076805245989,
            0.0,
            37.94700216672935,
            24.04789538718294,
            62.87259717792024,
            62.33949045131891,
            59.89132585855219,
            92.90981695476762,
            47.97866387127633,
            46.325242942568636,
            92.36730661307321,
            62.72548076070681,
            24.9351515208994,
            95.68584944587232,
            82.64723743471576,
            34.08496475133056,
            36.930496903313106,
            55.93742330527191,
            36.12199967244691
        ],
        [
            57.34165286481907,
            74.40775492531083,
            33.65251999905622,
            52.54017391189787,
            35.89109318385034,
            29.701138096088847,
            43.45052977827177,
            37.94700216672935,
            0.0,
            30.741601204063823,
            47.2952637611765,
            26.90645194041679,
            25.650950609210337,
            78.19176590087852,
            39.99862530054938,
            52.87714484267358,
            57.13308119410585,
            57.250597367758566,
            42.56258437540189,
            85.23334470214347,
            47.648550507262556,
            4.6177651294004916,
            18.14377393229399,
            58.23296539787784,
            57.34165286481907
        ],
        [
            26.612722995443125,
            60.72691700646392,
            35.22880491930351,
            65.85819931314695,
            24.554925441837828,
            15.09786621386584,
            21.21838581286661,
            24.04789538718294,
            30.741601204063823,
            0.0,
            38.99654830368722,
            46.766543135985295,
            56.391000935722175,
            68.87917793946684,
            59.92778825901329,
            25.9595470736773,
            74.60617954839904,
            39.25224883910903,
            12.055711461871372,
            72.00787614290208,
            65.08378781885241,
            26.176265069269075,
            18.585593264208754,
            34.31826315544492,
            26.612722995443125
        ],
        [
            50.140226982370244,
            27.267124123888465,
            15.63752077661411,
            39.39924840641099,
            14.638434842383154,
            24.50135925047358,
            22.47870320353633,
            62.87259717792024,
            47.2952637611765,
            38.99654830368722,
            0.0,
            37.84591486586713,
            65.65361077684766,
            31.557613885051943,
            86.98631276874801,
            31.24120647907704,
            51.01143024531701,
            16.693435089605153,
            44.37988062096763,
            37.94084989388585,
            44.005631628360874,
            45.39554097924716,
            31.137801128346016,
            26.884566236282076,
            50.140226982370244
        ],
        [
            70.96168923036211,
            63.36475699080211,
            22.643217101291558,
            26.038430737318418,
            34.9691513963376,
            36.21824263649114,
            47.54986023276149,
            62.33949045131891,
            26.90645194041679,
            46.766543135985295,
            37.84591486586713,
            0.0,
            31.131803913157164,
            63.00807327157308,
            62.34490349186302,
            58.861563270410755,
            30.380989737753406,
            53.3084965159829,
            58.2547079601821,
            72.5304186619292,
            20.78491440497739,
            29.241661037600025,
            28.18166394235296,
            59.82596851400658,
            70.96168923036211
        ],
        [
            82.98208598149115,
            92.57649575245756,
            50.118435162109506,
            54.13595322093938,
            57.66090230608204,
            53.715590831481194,
            67.44560769548046,
            59.89132585855219,
            25.650950609210337,
            56.391000935722175,
            65.65361077684766,
            31.131803913157164,
            0.0,
            93.57046932684565,
            36.83988703259856,
            77.62933349913546,
            53.201408345420674,
            78.74964720280178,
            68.16187394092059,
            102.46641070993336,
            45.946610058905556,
            30.222375682276866,
            42.06863888564,
            81.88456430685576,
            82.98208598149115
        ],
        [
            72.38141961453184,
            12.373438854333884,
            44.75779166087218,
            50.85091098762286,
            45.71935647148418,
            55.429485248234144,
            48.897648257815696,
            92.90981695476762,
            78.19176590087852,
            68.87917793946684,
            31.557613885051943,
            63.00807327157308,
            93.57046932684565,
            0.0,
            118.1381846383062,
            52.447410143756585,
            61.77898502334584,
            32.015182770717,
            71.47927610117716,
            11.597083795936218,
            59.26329300461239,
            76.67266350317729,
            62.67659396275478,
            43.33568103074108,
            72.38141961453184
        ],
        [
            82.20846501432239,
            113.79228544221885,
            73.64617281374642,
            87.98146263242569,
            74.44282416624947,
            66.37323033486005,
            78.92615918546188,
            47.97866387127633,
            39.99862530054938,
            59.92778825901329,
            86.98631276874801,
            62.34490349186302,
            36.83988703259856,
            118.1381846383062,
            0.0,
            85.80908793434062,
            89.03923826092374,
            95.1137933059566,
            68.2318181224262,
            124.81190187815074,
            80.86260312229702,
            41.59962899088898,
            56.30970394410011,
            93.40802712443883,
            82.20846501432239
        ],
        [
            20.08490735593623,
            41.62659876008695,
            38.623778486252974,
            69.10083627511915,
            24.299409099039252,
            24.08736573003282,
            11.329968284238323,
            46.325242942568636,
            52.87714484267358,
            25.9595470736773,
            31.24120647907704,
            58.861563270410755,
            77.62933349913546,
            52.447410143756585,
            85.80908793434062,
            0.0,
            80.0880219808451,
            20.52602402760922,
            21.62747735672827,
            52.075197972421655,
            71.80642244592076,
            48.82103919518672,
            35.57506110233049,
            10.004566004322815,
            20.08490735593623
        ],
        [
            95.92113132551269,
            67.7948200220397,
            41.869251398285805,
            11.85104811317857,
            56.33179557203963,
            61.50813647760855,
            69.22365015311418,
            92.36730661307321,
            57.13308119410585,
            74.60617954839904,
            51.01143024531701,
            30.380989737753406,
            53.201408345420674,
            61.77898502334584,
            89.03923826092374,
            80.0880219808451,
            0.0,
            67.52072658495122,
            85.11034355068566,
            73.24061659120149,
            9.720334089349802,
            59.62246612868367,
            56.57769062024306,
            77.66519990316552,
            95.92113132551269
        ],
        [
            40.586381906115186,
            21.917668356147097,
            30.669709156637815,
            55.79891781466245,
            21.418397334531992,
            28.76223528325698,
            18.098506861103928,
            62.72548076070681,
            57.250597367758566,
            39.25224883910903,
            16.693435089605153,
            53.3084965159829,
            78.74964720280178,
            32.015182770717,
            95.1137933059566,
            20.52602402760922,
            67.52072658495122,
            0.0,
            39.87990633453672,
            32.998269035359854,
            60.694023449541895,
            54.2905541763782,
            39.2896706159108,
            12.378294500823987,
            40.586381906115186
        ],
        [
            14.95199246333291,
            61.776735220339226,
            44.2698649609917,
            75.70866600372456,
            31.33862825245205,
            23.750636606521685,
            22.73698890233974,
            24.9351515208994,
            42.56258437540189,
            12.055711461871372,
            44.37988062096763,
            58.2547079601821,
            68.16187394092059,
            71.47927610117716,
            68.2318181224262,
            21.62747735672827,
            85.11034355068566,
            39.87990633453672,
            0.0,
            72.69899617342901,
            75.76609504249986,
            37.958852766090644,
            30.22423515620927,
            31.493974827205985,
            14.95199246333291
        ],
        [
            71.19122265234236,
            11.322666191467349,
            52.667684063159484,
            62.15720658299034,
            50.76247038742891,
            59.931216230320985,
            51.03542815350895,
            95.68584944587232,
            85.23334470214347,
            72.00787614290208,
            37.94084989388585,
            72.5304186619292,
            102.46641070993336,
            11.597083795936218,
            124.81190187815074,
            52.075197972421655,
            73.24061659120149,
            32.998269035359854,
            72.69899617342901,
            0.0,
            70.36008421837117,
            83.21792103403116,
            68.62000247213247,
            42.232777362087,
            71.19122265234236
        ],
        [
            86.95815127551411,
            63.654714981680016,
            33.240980217806175,
            9.329521421231846,
            47.72852650006824,
            52.29932134731468,
            60.74335956767355,
            82.64723743471576,
            47.648550507262556,
            65.08378781885241,
            44.005631628360874,
            20.78491440497739,
            45.946610058905556,
            59.26329300461239,
            80.86260312229702,
            71.80642244592076,
            9.720334089349802,
            60.694023449541895,
            75.76609504249986,
            70.36008421837117,
            0.0,
            50.00705862585835,
            46.940424353937736,
            70.11918661324421,
            86.95815127551411
        ],
        [
            52.759713494723215,
            72.23347115764396,
            32.69241536907972,
            54.23795615638295,
            33.135256650677604,
            26.15209904306053,
            39.74876813013005,
            34.08496475133056,
            4.6177651294004916,
            26.176265069269075,
            45.39554097924716,
            29.241661037600025,
            30.222375682276866,
            76.67266350317729,
            41.59962899088898,
            48.82103919518672,
            59.62246612868367,
            54.2905541763782,
            37.958852766090644,
            83.21792103403116,
            50.00705862585835,
            0.0,
            15.007168079802353,
            54.56808025125988,
            52.759713494723215
        ],
        [
            43.67637944536896,
            57.520568843381554,
            20.785367355233657,
            48.62706852726473,
            18.16848787402208,
            11.717556455225177,
            25.521657532430474,
            36.930496903313106,
            18.14377393229399,
            18.585593264208754,
            31.137801128346016,
            28.18166394235296,
            42.06863888564,
            62.67659396275478,
            56.30970394410011,
            35.57506110233049,
            56.57769062024306,
            39.2896706159108,
            30.22423515620927,
            68.62000247213247,
            46.940424353937736,
            15.007168079802353,
            0.0,
            40.21180760201078,
            43.67637944536896
        ],
        [
            29.163727989470555,
            32.04797985650139,
            37.91355511021159,
            66.18862393816302,
            25.06413191157174,
            28.537244486939088,
            14.82086630537328,
            55.93742330527191,
            58.23296539787784,
            34.31826315544492,
            26.884566236282076,
            59.82596851400658,
            81.88456430685576,
            43.33568103074108,
            93.40802712443883,
            10.004566004322815,
            77.66519990316552,
            12.378294500823987,
            31.493974827205985,
            42.232777362087,
            70.11918661324421,
            54.56808025125988,
            40.21180760201078,
            0.0,
            29.163727989470555
        ],
        [
            0.0,
            61.208731658164375,
            54.126164337860764,
            85.6874058250748,
            39.87676732952593,
            34.92690395977234,
            27.86378221479456,
            36.12199967244691,
            57.34165286481907,
            26.612722995443125,
            50.140226982370244,
            70.96168923036211,
            82.98208598149115,
            72.38141961453184,
            82.20846501432239,
            20.08490735593623,
            95.92113132551269,
            40.586381906115186,
            14.95199246333291,
            71.19122265234236,
            86.95815127551411,
            52.759713494723215,
            43.67637944536896,
            29.163727989470555,
            0.0
        ]
    ],
    "scores_ave": [
        0,
        18.759610663255415,
        16.38304414617827,
        10.829999139225274,
        10.764964218660465,
        11.319222394933984,
        19.5755269432035,
        19.788252292103998,
        11.506523190564225,
        11.514303609300306,
        15.12738783819492,
        18.400092385974766,
        10.17658197669782,
        11.798658750849459,
        19.770930820409813,
        16.071244885196872,
        10.50812779327999,
        13.600322780954325,
        17.059741180187466,
        13.975778017708365,
        12.20607762562458,
        12.615513509669295,
        11.79464429439055,
        13.091651603526438,
        0
    ],
    "scores_var": [
        0,
        235.22777298096022,
        23.49148898652527,
        391.9763993498431,
        22.50874563488357,
        19.308935019086746,
        276.5052635916953,
        279.764099823794,
        235.66196388612363,
        280.8268507754188,
        24.659119898288765,
        398.2851417699777,
        23.29201443038824,
        17.606555514236817,
        238.2263904473342,
        24.4774084358203,
        21.8300923850522,
        22.71598961991377,
        386.41311638053,
        259.74244906298424,
        248.0830942213676,
        21.733286808757757,
        21.674915366322853,
        393.5346805182734,
        0
    ],
    "vertex_number": 25,
    "minimum_distances": {
        "cost": 487.4813448326177,
        "path": [
            0,
            18,
            9,
            7,
            14,
            12,
            11,
            20,
            16,
            3,
            2,
            10,
            4,
            8,
            21,
            22,
            5,
            6,
            17,
            13,
            19,
            1,
            23,
            15,
            24
        ]
    }
}