{
    "vertices": [
        [
            55.659904792839185,
            82.55118871812068
        ],
        [
            63.01962673036328,
            87.10896787418699
        ],
        [
            4.573812832108038,
            38.590509759383586
        ],
        [
            28.81397143363944,
            95.33833675365203
        ],
        [
            11.978690179692396,
            44.30919911980815
        ],
        [
            25.16118422627428,
            10.18272056340912
        ],
        [
            66.24673526068749,
            82.14378744424835
        ],
        [
            76.66900956379678,
            39.647609998974566
        ],
        [
            70.79169297076952,
            72.3169928342941
        ],
        [
            17.038591792395696,
            97.02034728385989
        ],
        [
            94.0069674411337,
            37.48129256915114
        ],
        [
            76.32761152211333,
            0.8230393454664475
        ],
        [
            46.72091007968414,
            33.22013860096532
        ],
        [
            58.46990157149564,
            20.178605720792785
        ],
        [
            80.54001467047706,
            30.188491364106305
        ],
        [
            62.65782419970608,
            51.22627392076979
        ],
        [
            82.60881876173191,
            85.96781387078919
        ],
        [
            55.659904792839185,
            82.55118871812068
        ]
    ],
    "distances": [
        [
            0.0,
            8.656723273453174,
            67.39681065401707,
            29.735757814610793,
            58.05599261503702,
            78.53258648011608,
            10.594666354015775,
            47.77132560634089,
            18.267725059521922,
            41.242725024890504,
            59.175947416421856,
            84.30091637299186,
            50.13440068598714,
            62.43584861003025,
            57.97302770868051,
            32.09705848027662,
            27.16463310145433,
            0.0
        ],
        [
            8.656723273453174,
            0.0,
            75.96021287534296,
            35.18166236027796,
            66.61079048771238,
            85.73744336142974,
            5.92176039437066,
            49.38508016691496,
            16.70950445782509,
            47.037123804172836,
            58.507447735373276,
            87.3061505352339,
            56.29968103726306,
            67.08482225515498,
            59.55589508778062,
            35.8845179210449,
            19.62240242430338,
            8.656723273453174
        ],
        [
            67.39681065401707,
            75.96021287534296,
            0.0,
            61.70819360181287,
            9.356047057053585,
            35.08336283659618,
            75.50124077110598,
            72.102946213712,
            74.3120670595319,
            59.744594966118306,
            89.44003301708355,
            81.08630863414558,
            42.48786524145226,
            56.95424998830394,
            76.42942976931333,
            59.442534539615906,
            91.29113371681306,
            67.39681065401707
        ],
        [
            29.735757814610793,
            35.18166236027796,
            61.70819360181287,
            0.0,
            53.73452877390182,
            85.23392413307187,
            39.690149145724334,
            73.42725461913281,
            47.87600005537423,
            11.894903325338454,
            87.16400799757002,
            105.7860455760343,
            64.6477299942516,
            80.79888217836402,
            83.18705369960466,
            55.599284684457466,
            54.604874307620506,
            29.735757814610793
        ],
        [
            58.05599261503702,
            66.61079048771238,
            9.356047057053585,
            53.73452877390182,
            0.0,
            36.584076972755916,
            66.15494532227189,
            64.85805913800463,
            65.14142926016011,
            52.953448849936606,
            82.31195890236359,
            77.66485543572878,
            36.469015708817,
            52.38051426309158,
            70.00035430947909,
            51.14900340007229,
            82.00033686812567,
            58.05599261503702
        ],
        [
            78.53258648011608,
            85.73744336142974,
            35.08336283659618,
            85.23392413307187,
            36.584076972755916,
            0.0,
            82.8638500821075,
            59.34000152048212,
            77.08963042403253,
            87.2166837381888,
            74.0604746137918,
            52.015448808232854,
            31.552248869316895,
            34.77626160563342,
            58.881624694787334,
            55.592906755229805,
            95.09790261266443,
            78.53258648011608
        ],
        [
            10.594666354015775,
            5.92176039437066,
            75.50124077110598,
            39.690149145724334,
            66.15494532227189,
            82.8638500821075,
            0.0,
            43.75555849385822,
            10.826935526392496,
            51.4077174776077,
            52.586775325935,
            81.94320067915166,
            52.676192583936555,
            62.45128412010613,
            53.88553263225239,
            31.125117270110227,
            16.80300433273862,
            10.594666354015775
        ],
        [
            47.77132560634089,
            49.38508016691496,
            72.102946213712,
            73.42725461913281,
            64.85805913800463,
            59.34000152048212,
            43.75555849385822,
            0.0,
            33.19384619436777,
            82.74912511412008,
            17.47277066074714,
            38.82607164074302,
            30.63006776490275,
            26.650509550462626,
            10.22054821839107,
            18.176324532775922,
            46.69949271709859,
            47.77132560634089
        ],
        [
            18.267725059521922,
            16.70950445782509,
            74.3120670595319,
            47.87600005537423,
            65.14142926016011,
            77.08963042403253,
            10.826935526392496,
            33.19384619436777,
            0.0,
            59.15785330244308,
            41.86257256425152,
            71.70796175927583,
            45.9125973991009,
            53.57460176319129,
            43.24165135704931,
            22.604827924011566,
            18.05517590415129,
            18.267725059521922
        ],
        [
            41.242725024890504,
            47.037123804172836,
            59.744594966118306,
            11.894903325338454,
            52.953448849936606,
            87.2166837381888,
            51.4077174776077,
            82.74912511412008,
            59.15785330244308,
            0.0,
            97.3089404234078,
            113.00048634897526,
            70.36694285592343,
            87.29952277336307,
            92.18962888101687,
            64.63908663197736,
            66.49521155434661,
            41.242725024890504
        ],
        [
            59.175947416421856,
            58.507447735373276,
            89.44003301708355,
            87.16400799757002,
            82.31195890236359,
            74.0604746137918,
            52.586775325935,
            17.47277066074714,
            41.86257256425152,
            97.3089404234078,
            0.0,
            40.698736529813665,
            47.47766479020302,
            39.52551103775063,
            15.31482178621089,
            34.23000575997456,
            49.80823768466366,
            59.175947416421856
        ],
        [
            84.30091637299186,
            87.3061505352339,
            81.08630863414558,
            105.7860455760343,
            77.66485543572878,
            52.015448808232854,
            81.94320067915166,
            38.82607164074302,
            71.70796175927583,
            113.00048634897526,
            40.698736529813665,
            0.0,
            43.88768404087625,
            26.335067009408835,
            29.666043088746846,
            52.22402838821322,
            85.37614534139549,
            84.30091637299186
        ],
        [
            50.13440068598714,
            56.29968103726306,
            42.48786524145226,
            64.6477299942516,
            36.469015708817,
            31.552248869316895,
            52.676192583936555,
            30.63006776490275,
            45.9125973991009,
            70.36694285592343,
            47.47766479020302,
            43.88768404087625,
            0.0,
            17.55335811003924,
            33.95471572980322,
            24.045917342119946,
            63.79858333804747,
            50.13440068598714
        ],
        [
            62.43584861003025,
            67.08482225515498,
            56.95424998830394,
            80.79888217836402,
            52.38051426309158,
            34.77626160563342,
            62.45128412010613,
            26.650509550462626,
            53.57460176319129,
            87.29952277336307,
            39.52551103775063,
            26.335067009408835,
            17.55335811003924,
            0.0,
            24.234019534407526,
            31.328842886320274,
            70.07786549346831,
            62.43584861003025
        ],
        [
            57.97302770868051,
            59.55589508778062,
            76.42942976931333,
            83.18705369960466,
            70.00035430947909,
            58.881624694787334,
            53.88553263225239,
            10.22054821839107,
            43.24165135704931,
            92.18962888101687,
            15.31482178621089,
            29.666043088746846,
            33.95471572980322,
            24.234019534407526,
            0.0,
            27.610886094697996,
            55.817674348476146,
            57.97302770868051
        ],
        [
            32.09705848027662,
            35.8845179210449,
            59.442534539615906,
            55.599284684457466,
            51.14900340007229,
            55.592906755229805,
            31.125117270110227,
            18.176324532775922,
            22.604827924011566,
            64.63908663197736,
            34.23000575997456,
            52.22402838821322,
            24.045917342119946,
            31.328842886320274,
            27.610886094697996,
            0.0,
            40.06266069687307,
            32.09705848027662
        ],
        [
            27.16463310145433,
            19.62240242430338,
            91.29113371681306,
            54.604874307620506,
            82.00033686812567,
            95.09790261266443,
            16.80300433273862,
            46.69949271709859,
            18.05517590415129,
            66.49521155434661,
            49.80823768466366,
            85.37614534139549,
            63.79858333804747,
            70.07786549346831,
            55.817674348476146,
            40.06266069687307,
            0.0,
            27.16463310145433
        ],
        [
            0.0,
            8.656723273453174,
            67.39681065401707,
            29.735757814610793,
            58.05599261503702,
            78.53258648011608,
            10.594666354015775,
            47.77132560634089,
            18.267725059521922,
            41.242725024890504,
            59.175947416421856,
            84.30091637299186,
            50.13440068598714,
            62.43584861003025,
            57.97302770868051,
            32.09705848027662,
            27.16463310145433,
            0.0
        ]
    ],
    "scores_ave": [
        0,
        15.278217782933428,
        12.92557538272778,
        13.940577129210874,
        18.96917553082377,
        16.791077962399243,
        19.796372986976177,
        15.562194634303431,
        12.916939153013654,
        18.658900854978867,
        17.73710529646837,
        17.21442743405214,
        18.590068027745296,
        11.35250635464679,
        11.012024206591772,
        14.14149173168477,
        19.480499445154205,
        0
    ],
    "scores_var": [
        0,
        22.093188437650632,
        23.021519202748795,
        24.218823120724814,
        20.266871835880586,
        353.2320917004022,
        322.7896936782154,
        255.85546574409636,
        318.36649455254627,
        18.433501302103156,
        22.525921412667394,
        23.667296202710922,
        273.15936458004865,
        242.5963970949264,
        381.21200022715857,
        367.196666022495,
        318.3661183111001,
        0
    ],
    "vertex_number": 18,
    "minimum_distances": {
        "cost": 367.13564576950665,
        "path": [
            0,
            1,
            6,
            16,
            8,
            15,
            7,
            10,
            14,
            11,
            13,
            12,
            5,
            2,
            4,
            9,
            3,
            17
        ]
    }
}