{
    "vertices": [
        [
            49.36968912597507,
            12.719364121830079
        ],
        [
            96.34340711771314,
            11.728911629988637
        ],
        [
            76.9634467675813,
            22.81192552018191
        ],
        [
            57.29094232888702,
            7.571102244280037
        ],
        [
            68.87164073483193,
            10.91662228187359
        ],
        [
            21.41155472409808,
            4.6986196491691885
        ],
        [
            58.18273739232861,
            89.53674366619452
        ],
        [
            35.54016339711432,
            52.01038405863443
        ],
        [
            3.6632711391103134,
            21.257610882978973
        ],
        [
            44.14029280492743,
            3.48974250610512
        ],
        [
            44.12310931272629,
            81.48489912619652
        ],
        [
            31.58912475405218,
            78.87945752865043
        ],
        [
            90.20822011583967,
            20.809718582388868
        ],
        [
            98.09484045706705,
            57.7223945666393
        ],
        [
            13.747255695216886,
            84.52966316395487
        ],
        [
            18.962711507029837,
            59.40901194062336
        ],
        [
            6.562446968413338,
            85.19007362366767
        ],
        [
            59.46186673525998,
            22.20566225404692
        ],
        [
            59.21503023727562,
            91.51495800369226
        ],
        [
            8.702465515988056,
            38.59673132526182
        ],
        [
            30.843695837564834,
            45.283175860633726
        ],
        [
            36.55633374628108,
            44.03832439378018
        ],
        [
            71.535014452914,
            37.31159628238102
        ],
        [
            59.194029785868516,
            41.23844001901511
        ],
        [
            49.36968912597507,
            12.719364121830079
        ]
    ],
    "distances": [
        [
            0.0,
            46.98415879959895,
            29.381546187415047,
            9.447266941527475,
            19.585096239123367,
            29.085900727485438,
            77.32127533743878,
            41.653811705047815,
            46.497078434502356,
            10.608133721444316,
            68.96539280083552,
            68.50771072648163,
            41.63219245617043,
            66.32807189610023,
            80.16031943579183,
            55.71810748187688,
            84.1692563638046,
            13.850700384841641,
            79.40828896779743,
            48.20229465000531,
            37.46484034775095,
            33.83872557591852,
            33.10709183071621,
            30.163808768639207,
            0.0
        ],
        [
            46.98415879959895,
            0.0,
            22.325233706792392,
            39.27317640540921,
            27.483772706465604,
            75.26092949515099,
            86.66196074440221,
            72.93580374525457,
            93.16868419413387,
            52.849305121313826,
            87.1370030148652,
            93.28618814659015,
            10.959086387775105,
            46.02681817577852,
            110.10028907191034,
            90.89094574722728,
            116.00501336921484,
            38.3407136686477,
            88.00187251259254,
            91.66686631501426,
            73.59416298758167,
            67.95875436955902,
            35.636078637170684,
            47.44352961033286,
            46.98415879959895
        ],
        [
            29.381546187415047,
            22.325233706792392,
            0.0,
            24.88554048072331,
            14.386645335273528,
            58.43033937251844,
            69.31750429188978,
            50.679763083618866,
            73.31665323210079,
            38.08813716218684,
            67.23842350859246,
            72.12764548845385,
            13.39525489374807,
            40.80780131670534,
            88.3479821702979,
            68.58157205277405,
            94.06026862359501,
            17.51207751169498,
            70.95852987318372,
            70.06226984429244,
            51.302909446833624,
            45.64312425609386,
            15.482516901560158,
            25.598605751987606,
            29.381546187415047
        ],
        [
            9.447266941527475,
            39.27317640540921,
            24.88554048072331,
            0.0,
            12.054255675544422,
            35.99418857473935,
            81.97049269182808,
            49.47672333849986,
            55.34661359067949,
            13.769425558621315,
            75.07756786046481,
            75.79884537387152,
            35.479686293019114,
            64.65377192444093,
            88.42325906953761,
            64.46876887004908,
            92.7258591738669,
            14.794703763768096,
            83.96590399701661,
            57.64919547459689,
            46.06145181622083,
            41.94975905025999,
            32.975605776161295,
            33.721082051248345,
            9.447266941527475
        ],
        [
            19.585096239123367,
            27.483772706465604,
            14.386645335273528,
            12.054255675544422,
            0.0,
            47.865679989806615,
            79.34340641257305,
            52.912046251113296,
            66.02323462676168,
            25.82243430882748,
            74.78216033472124,
            77.51730756829491,
            23.518566582453822,
            55.1794864164119,
            91.9650891039785,
            69.58744909451545,
            96.94834295666405,
            14.696471352550839,
            81.17476114796092,
            66.23079407020423,
            51.256068889365416,
            46.27446614013133,
            26.529006993282533,
            31.82874148570638,
            19.585096239123367
        ],
        [
            29.085900727485438,
            75.26092949515099,
            58.43033937251844,
            35.99418857473935,
            47.865679989806615,
            0.0,
            92.46419394310723,
            49.37631653507551,
            24.273478549530875,
            22.760863751052263,
            80.07463660708295,
            74.87576136652301,
            70.65796966980615,
            93.2300757122008,
            80.19811087715043,
            54.765170115563315,
            81.84968029301486,
            41.88463662150808,
            94.6899116387931,
            36.20225025747082,
            41.66619119701097,
            42.154201463483126,
            59.79939347572558,
            52.56114434117575,
            29.085900727485438
        ],
        [
            77.32127533743878,
            86.66196074440221,
            69.31750429188978,
            81.97049269182808,
            79.34340641257305,
            92.46419394310723,
            0.0,
            43.828230885180304,
            87.37512331415498,
            87.18530070278281,
            16.20201661007165,
            28.649572090559843,
            75.82239458460776,
            51.04046218128,
            44.71669586195138,
            49.45594655217402,
            51.80297215322649,
            67.34323051358017,
            2.231358438891067,
            71.015365677091,
            52.017318814549334,
            50.376656210492804,
            53.9050027545095,
            48.30888994274632,
            77.32127533743878
        ],
        [
            41.653811705047815,
            72.93580374525457,
            50.679763083618866,
            49.47672333849986,
            52.912046251113296,
            49.37631653507551,
            43.828230885180304,
            0.0,
            44.292994006069506,
            49.276920383686374,
            30.69876217469143,
            27.15801567670378,
            62.945039133853534,
            62.81492407158139,
            39.14631961798134,
            18.153556282563745,
            44.05224000041522,
            38.21739567850096,
            46.05551739455231,
            30.003134956369536,
            8.2043974597254,
            8.036562541193948,
            38.880376343607324,
            25.991155678994453,
            41.653811705047815
        ],
        [
            46.497078434502356,
            93.16868419413387,
            73.31665323210079,
            55.34661359067949,
            66.02323462676168,
            24.273478549530875,
            87.37512331415498,
            44.292994006069506,
            0.0,
            44.20504982004818,
            72.5556665889495,
            64.03226148575763,
            86.54610794771546,
            101.2274751880546,
            64.07058095861424,
            41.1047719642471,
            63.99816413444032,
            55.806648993689244,
            89.5661362532793,
            18.05653836370491,
            36.276759216940356,
            40.0114293138905,
            69.74456242359737,
            59.016088389929585,
            46.497078434502356
        ],
        [
            10.608133721444316,
            52.849305121313826,
            38.08813716218684,
            13.769425558621315,
            25.82243430882748,
            22.760863751052263,
            87.18530070278281,
            49.276920383686374,
            44.20504982004818,
            0.0,
            77.99515851298075,
            76.42735734422529,
            49.21621173969544,
            76.50015530615586,
            86.55175009774686,
            61.32597568814123,
            89.92796340645205,
            24.187523224051777,
            89.30669780061793,
            49.88326640176131,
            43.8576169265032,
            41.25171424443732,
            43.524574288951435,
            40.6396255028578,
            10.608133721444316
        ],
        [
            68.96539280083552,
            87.1370030148652,
            67.23842350859246,
            75.07756786046481,
            74.78216033472124,
            80.07463660708295,
            16.20201661007165,
            30.69876217469143,
            72.5556665889495,
            77.99515851298075,
            0.0,
            12.801917623360362,
            76.19261756731352,
            58.971216586229424,
            30.52807021477096,
            33.47223345955642,
            37.742968534552226,
            61.23157194954049,
            18.120931495893934,
            55.62388825222975,
            38.56044073452339,
            38.20342984161755,
            51.9874333617855,
            42.97569213606459,
            68.96539280083552
        ],
        [
            68.50771072648163,
            93.28618814659015,
            72.12764548845385,
            75.79884537387152,
            77.51730756829491,
            74.87576136652301,
            28.649572090559843,
            27.15801567670378,
            64.03226148575763,
            76.42735734422529,
            12.801917623360362,
            0.0,
            82.51238041846389,
            69.78990997521592,
            18.715157365992148,
            23.206132010330897,
            25.81004603802324,
            63.1570171586551,
            30.378389128174277,
            46.33030543236724,
            33.60455037917114,
            35.19343295693436,
            57.650335579446036,
            46.678442358076516,
            68.50771072648163
        ],
        [
            41.63219245617043,
            10.959086387775105,
            13.39525489374807,
            35.479686293019114,
            23.518566582453822,
            70.65796966980615,
            75.82239458460776,
            62.945039133853534,
            86.54610794771546,
            49.21621173969544,
            76.19261756731352,
            82.51238041846389,
            0.0,
            37.7457869003273,
            99.53145441321344,
            81.02979664717813,
            105.55304581428155,
            30.7780263327252,
            77.19979728258721,
            83.4240124616789,
            64.2113452120103,
            58.46445962251793,
            24.91988317298894,
            37.1377525081816,
            41.63219245617043
        ],
        [
            66.32807189610023,
            46.02681817577852,
            40.80780131670534,
            64.65377192444093,
            55.1794864164119,
            93.2300757122008,
            51.04046218128,
            62.81492407158139,
            101.2274751880546,
            76.50015530615586,
            58.971216586229424,
            69.78990997521592,
            37.7457869003273,
            0.0,
            88.50505468506371,
            79.15010113911127,
            95.56491223530554,
            52.47804238683241,
            51.512881751793365,
            91.41546746600942,
            68.3918899771679,
            63.041586153024284,
            33.49664227906381,
            42.249187310581185,
            66.32807189610023
        ],
        [
            80.16031943579183,
            110.10028907191034,
            88.3479821702979,
            88.42325906953761,
            91.9650891039785,
            80.19811087715043,
            44.71669586195138,
            39.14631961798134,
            64.07058095861424,
            86.55175009774686,
            30.52807021477096,
            18.715157365992148,
            99.53145441321344,
            88.50505468506371,
            0.0,
            25.65634613909861,
            7.215096563182677,
            77.2923460114948,
            46.00122678587547,
            46.20913475981199,
            42.808585951776465,
            46.47367595683163,
            74.62553786922129,
            62.76574923181983,
            80.16031943579183
        ],
        [
            55.71810748187688,
            90.89094574722728,
            68.58157205277405,
            64.46876887004908,
            69.58744909451545,
            54.765170115563315,
            49.45594655217402,
            18.153556282563745,
            41.1047719642471,
            61.32597568814123,
            33.47223345955642,
            23.206132010330897,
            81.02979664717813,
            79.15010113911127,
            25.65634613909861,
            0.0,
            28.60821039723746,
            54.993370528655255,
            51.488260174198786,
            23.203958115141532,
            18.457980215103575,
            23.36222547532995,
            57.027561896042464,
            44.14440683044181,
            55.71810748187688
        ],
        [
            84.1692563638046,
            116.00501336921484,
            94.06026862359501,
            92.7258591738669,
            96.94834295666405,
            81.84968029301486,
            51.80297215322649,
            44.05224000041522,
            63.99816413444032,
            89.92796340645205,
            37.742968534552226,
            25.81004603802324,
            105.55304581428155,
            95.56491223530554,
            7.215096563182677,
            28.60821039723746,
            0.0,
            82.25195856176713,
            53.03111056073741,
            46.64246161943406,
            46.71337641099083,
            50.922487259786266,
            80.70801148614734,
            68.56988848166714,
            84.1692563638046
        ],
        [
            13.850700384841641,
            38.3407136686477,
            17.51207751169498,
            14.794703763768096,
            14.696471352550839,
            41.88463662150808,
            67.34323051358017,
            38.21739567850096,
            55.806648993689244,
            24.187523224051777,
            61.23157194954049,
            63.1570171586551,
            30.7780263327252,
            52.47804238683241,
            77.2923460114948,
            54.993370528655255,
            82.25195856176713,
            0.0,
            69.30973528710483,
            53.34026581707633,
            36.76372314921171,
            31.643776285660707,
            19.33779042912288,
            19.03466222663609,
            13.850700384841641
        ],
        [
            79.40828896779743,
            88.00187251259254,
            70.95852987318372,
            83.96590399701661,
            81.17476114796092,
            94.6899116387931,
            2.231358438891067,
            46.05551739455231,
            89.5661362532793,
            89.30669780061793,
            18.120931495893934,
            30.378389128174277,
            77.19979728258721,
            51.512881751793365,
            46.00122678587547,
            51.488260174198786,
            53.03111056073741,
            69.30973528710483,
            0.0,
            73.15639349716477,
            54.24306679884018,
            52.60653253732697,
            55.58584741609043,
            50.27652237061076,
            79.40828896779743
        ],
        [
            48.20229465000531,
            91.66686631501426,
            70.06226984429244,
            57.64919547459689,
            66.23079407020423,
            36.20225025747082,
            71.015365677091,
            30.003134956369536,
            18.05653836370491,
            49.88326640176131,
            55.62388825222975,
            46.33030543236724,
            83.4240124616789,
            91.41546746600942,
            46.20913475981199,
            23.203958115141532,
            46.64246161943406,
            53.34026581707633,
            73.15639349716477,
            0.0,
            23.128826616966883,
            28.38043182395,
            62.845690210145946,
            50.56062388106105,
            48.20229465000531
        ],
        [
            37.46484034775095,
            73.59416298758167,
            51.302909446833624,
            46.06145181622083,
            51.256068889365416,
            41.66619119701097,
            52.017318814549334,
            8.2043974597254,
            36.276759216940356,
            43.8576169265032,
            38.56044073452339,
            33.60455037917114,
            64.2113452120103,
            68.3918899771679,
            42.808585951776465,
            18.457980215103575,
            46.71337641099083,
            36.76372314921171,
            54.24306679884018,
            23.128826616966883,
            0.0,
            5.846698816480058,
            41.4647982224474,
            28.637411248379532,
            37.46484034775095
        ],
        [
            33.83872557591852,
            67.95875436955902,
            45.64312425609386,
            41.94975905025999,
            46.27446614013133,
            42.154201463483126,
            50.376656210492804,
            8.036562541193948,
            40.0114293138905,
            41.25171424443732,
            38.20342984161755,
            35.19343295693436,
            58.46445962251793,
            63.041586153024284,
            46.47367595683163,
            23.36222547532995,
            50.922487259786266,
            31.643776285660707,
            52.60653253732697,
            28.38043182395,
            5.846698816480058,
            0.0,
            35.61961503246859,
            22.810187077111102,
            33.83872557591852
        ],
        [
            33.10709183071621,
            35.636078637170684,
            15.482516901560158,
            32.975605776161295,
            26.529006993282533,
            59.79939347572558,
            53.9050027545095,
            38.880376343607324,
            69.74456242359737,
            43.524574288951435,
            51.9874333617855,
            57.650335579446036,
            24.91988317298894,
            33.49664227906381,
            74.62553786922129,
            57.027561896042464,
            80.70801148614734,
            19.33779042912288,
            55.58584741609043,
            62.845690210145946,
            41.4647982224474,
            35.61961503246859,
            0.0,
            12.950675823453928,
            33.10709183071621
        ],
        [
            30.163808768639207,
            47.44352961033286,
            25.598605751987606,
            33.721082051248345,
            31.82874148570638,
            52.56114434117575,
            48.30888994274632,
            25.991155678994453,
            59.016088389929585,
            40.6396255028578,
            42.97569213606459,
            46.678442358076516,
            37.1377525081816,
            42.249187310581185,
            62.76574923181983,
            44.14440683044181,
            68.56988848166714,
            19.03466222663609,
            50.27652237061076,
            50.56062388106105,
            28.637411248379532,
            22.810187077111102,
            12.950675823453928,
            0.0,
            30.163808768639207
        ],
        [
            0.0,
            46.98415879959895,
            29.381546187415047,
            9.447266941527475,
            19.585096239123367,
            29.085900727485438,
            77.32127533743878,
            41.653811705047815,
            46.497078434502356,
            10.608133721444316,
            68.96539280083552,
            68.50771072648163,
            41.63219245617043,
            66.32807189610023,
            80.16031943579183,
            55.71810748187688,
            84.1692563638046,
            13.850700384841641,
            79.40828896779743,
            48.20229465000531,
            37.46484034775095,
            33.83872557591852,
            33.10709183071621,
            30.163808768639207,
            0.0
        ]
    ],
    "scores_ave": [
        0,
        10.399356361695158,
        17.050170387056358,
        17.328742651545173,
        17.036668903712798,
        15.09371079663777,
        16.488331171218064,
        18.29581657241667,
        14.739292759230878,
        12.395804672939756,
        10.25523037514766,
        17.776034115823776,
        17.032722689801254,
        12.499985872999012,
        13.674058505236703,
        18.264347299336364,
        14.009617739508315,
        10.120387761290399,
        12.360551794393297,
        11.308067571084399,
        14.926525033446527,
        10.756125863014898,
        10.77381495228402,
        12.859059955144177,
        0
    ],
    "scores_var": [
        0,
        378.09848679069523,
        24.32439881057311,
        19.38958566305538,
        16.381430662743234,
        22.547924747551626,
        380.16119132341805,
        345.7916930917985,
        364.46919872903214,
        20.95836244997669,
        360.9731289282439,
        347.8021378403299,
        275.1116954130656,
        364.4702554534344,
        321.82964229865416,
        17.658822925354063,
        326.4047225271208,
        371.5254819723219,
        24.694856684650773,
        329.95403999659607,
        19.624400626288168,
        331.0378770903488,
        363.67234632973737,
        21.66512306127722,
        0
    ],
    "vertex_number": 25,
    "minimum_distances": {
        "cost": 429.6102334748962,
        "path": [
            0,
            9,
            5,
            8,
            19,
            20,
            21,
            7,
            15,
            16,
            14,
            11,
            10,
            6,
            18,
            13,
            23,
            22,
            2,
            12,
            1,
            4,
            17,
            3,
            24
        ]
    }
}