{
    "vertices": [
        [
            70.70035547431776,
            51.33032148966487
        ],
        [
            67.39622317600423,
            8.676113324542401
        ],
        [
            26.52052779833537,
            62.316601563004845
        ],
        [
            29.168707541801876,
            14.51782958279214
        ],
        [
            86.01093429244582,
            11.880123169999624
        ],
        [
            64.75483308382341,
            88.48633389145665
        ],
        [
            20.982226706844763,
            1.3647320044331224
        ],
        [
            90.68576640935287,
            93.3622642419689
        ],
        [
            33.852746262966185,
            93.06801954983516
        ],
        [
            14.025614485775728,
            23.68850178497007
        ],
        [
            41.969151679115804,
            36.593261976005124
        ],
        [
            5.050019936336003,
            26.1201507988439
        ],
        [
            96.09791864465484,
            45.21404697464122
        ],
        [
            88.78017227588559,
            12.664206203601092
        ],
        [
            63.7060441364375,
            20.686265984485974
        ],
        [
            98.85734983304587,
            85.43146950049379
        ],
        [
            17.28692036922217,
            87.85982787507571
        ],
        [
            9.459197663786922,
            90.81483342010846
        ],
        [
            9.151900157899329,
            60.779618253978875
        ],
        [
            70.70035547431776,
            51.33032148966487
        ]
    ],
    "distances": [
        [
            0.0,
            42.781991122882054,
            45.52532837146117,
            55.49808411453517,
            42.31704114428407,
            37.62869243141429,
            70.48725034178683,
            46.54138869624739,
            55.675683596651275,
            63.05629597990339,
            32.29029257579709,
            70.32438597321644,
            26.12364884418695,
            42.684285713754534,
            31.43212574573481,
            44.22334934142719,
            64.71012197862116,
            72.86635775417682,
            62.269587771055875,
            0.0
        ],
        [
            42.781991122882054,
            0.0,
            67.43978388954555,
            38.67128909675865,
            18.888439560703823,
            79.85391817912615,
            46.98633168323731,
            87.83021678913899,
            90.81386832281798,
            55.441804437195906,
            37.76113284497358,
            64.74058620221825,
            46.46297362625624,
            21.75265877814286,
            12.564282242102303,
            82.95292154124276,
            93.70700548946229,
            100.51600998916076,
            78.1484253825319,
            42.781991122882054
        ],
        [
            45.52532837146117,
            67.43978388954555,
            0.0,
            47.87207389251142,
            77.99324853807913,
            46.33267735418184,
            61.20296709854146,
            71.28121082855448,
            31.613464470282658,
            40.598681643006465,
            30.00583575436496,
            42.08522015832285,
            71.6485218998233,
            79.63431229939447,
            55.81977665407982,
            75.9401931907533,
            27.160926283627436,
            33.215029804913414,
            17.43650033132633,
            45.52532837146117
        ],
        [
            55.49808411453517,
            38.67128909675865,
            47.87207389251142,
            0.0,
            56.90339389783099,
            82.08356693488312,
            15.49265775672315,
            100.00396696351063,
            78.68972336080431,
            17.70351648524288,
            25.518152077684068,
            26.764247596569902,
            73.63271732740762,
            59.64027705648918,
            35.0838599172454,
            99.42460053112815,
            74.29822057034613,
            78.8016343370049,
            50.406603425561194,
            55.49808411453517
        ],
        [
            42.31704114428407,
            18.888439560703823,
            77.99324853807913,
            56.90339389783099,
            0.0,
            79.50052427306048,
            65.87341088495786,
            81.61613424436108,
            96.49845126789064,
            72.94740621285352,
            50.501661808347585,
            82.20369845844893,
            34.826681287991846,
            2.8781009732994463,
            23.98033102650434,
            74.66479049237377,
            102.44952716723489,
            109.95843243304351,
            91.09594803043379,
            42.31704114428407
        ],
        [
            37.62869243141429,
            79.85391817912615,
            46.33267735418184,
            82.08356693488312,
            79.50052427306048,
            0.0,
            97.49981838134332,
            26.385374735184268,
            31.23989137874825,
            82.29345457124116,
            56.675199072425514,
            86.33774091622784,
            53.431075485009615,
            79.53748783062683,
            67.80817920019675,
            34.23906898673168,
            47.47204700947247,
            55.34464026950149,
            62.12365283352926,
            37.62869243141429
        ],
        [
            70.48725034178683,
            46.98633168323731,
            61.20296709854146,
            15.49265775672315,
            65.87341088495786,
            97.49981838134332,
            0.0,
            115.42152912197776,
            92.60206920085096,
            23.38258221002851,
            41.006101299071105,
            29.43919109392973,
            86.97775346979539,
            68.73310367326856,
            46.889724365787316,
            114.59385304261549,
            86.57399666528354,
            90.189250144359,
            60.581229224085114,
            70.48725034178683
        ],
        [
            46.54138869624739,
            87.83021678913899,
            71.28121082855448,
            100.00396696351063,
            81.61613424436108,
            26.385374735184268,
            115.42152912197776,
            0.0,
            56.83378184582162,
            103.59156369058354,
            74.80660511644243,
            108.88059007136633,
            48.451441855117956,
            80.72055413688192,
            77.52229444905065,
            11.387373748225867,
            73.60480559035882,
            81.26650524029144,
            87.80318995052853,
            46.54138869624739
        ],
        [
            55.675683596651275,
            90.81386832281798,
            31.613464470282658,
            78.68972336080431,
            96.49845126789064,
            31.23989137874825,
            92.60206920085096,
            56.83378184582162,
            0.0,
            72.15699993621759,
            57.05501099730132,
            72.88082171701076,
            78.51410176556533,
            97.37451067410188,
            78.29647273739185,
            65.45162627436628,
            17.365248286819092,
            24.49738886076868,
            40.65307683987093,
            55.675683596651275
        ],
        [
            63.05629597990339,
            55.441804437195906,
            40.598681643006465,
            17.70351648524288,
            72.94740621285352,
            82.29345457124116,
            23.38258221002851,
            103.59156369058354,
            72.15699993621759,
            0.0,
            30.779442919970194,
            9.299151275390978,
            84.84817149273248,
            75.56307963192253,
            49.77106096996589,
            104.92195854228744,
            64.25414545558966,
            67.28147264576425,
            37.40994536573562,
            63.05629597990339
        ],
        [
            32.29029257579709,
            37.76113284497358,
            30.00583575436496,
            25.518152077684068,
            50.501661808347585,
            56.675199072425514,
            41.006101299071105,
            74.80660511644243,
            57.05501099730132,
            30.779442919970194,
            0.0,
            38.37588235298193,
            54.81096010108142,
            52.572534269046116,
            26.935571558357083,
            74.97624692798269,
            56.89879894618902,
            63.22085035766919,
            40.76704339796873,
            32.29029257579709
        ],
        [
            70.32438597321644,
            64.74058620221825,
            42.08522015832285,
            26.764247596569902,
            82.20369845844893,
            86.33774091622784,
            29.43919109392973,
            108.88059007136633,
            72.88082171701076,
            9.299151275390978,
            38.37588235298193,
            0.0,
            93.02847268644378,
            84.80448605913737,
            58.90718359536978,
            110.98489838026993,
            62.94068205605778,
            64.8447592924702,
            34.90134819209156,
            70.32438597321644
        ],
        [
            26.12364884418695,
            46.46297362625624,
            71.6485218998233,
            73.63271732740762,
            34.826681287991846,
            53.431075485009615,
            86.97775346979539,
            48.451441855117956,
            78.51410176556533,
            84.84817149273248,
            54.81096010108142,
            93.02847268644378,
            0.0,
            33.362277292440666,
            40.630598992103494,
            40.3119775638261,
            89.6093526244784,
            97.90658658969677,
            88.32834845026467,
            26.12364884418695
        ],
        [
            42.684285713754534,
            21.75265877814286,
            79.63431229939447,
            59.64027705648918,
            2.8781009732994463,
            79.53748783062683,
            68.73310367326856,
            80.72055413688192,
            97.37451067410188,
            75.56307963192253,
            52.572534269046116,
            84.80448605913737,
            33.362277292440666,
            0.0,
            26.326134260114102,
            73.46171870598891,
            103.75773025056579,
            111.3523127184465,
            93.03630795164707,
            42.684285713754534
        ],
        [
            31.43212574573481,
            12.564282242102303,
            55.81977665407982,
            35.0838599172454,
            23.98033102650434,
            67.80817920019675,
            46.889724365787316,
            77.52229444905065,
            78.29647273739185,
            49.77106096996589,
            26.935571558357083,
            58.90718359536978,
            40.630598992103494,
            26.326134260114102,
            0.0,
            73.67194629236887,
            81.65183689535064,
            88.66079360574196,
            67.70252226790907,
            31.43212574573481
        ],
        [
            44.22334934142719,
            82.95292154124276,
            75.9401931907533,
            99.42460053112815,
            74.66479049237377,
            34.23906898673168,
            114.59385304261549,
            11.387373748225867,
            65.45162627436628,
            104.92195854228744,
            74.97624692798269,
            110.98489838026993,
            40.3119775638261,
            73.46171870598891,
            73.67194629236887,
            0.0,
            81.60656767263306,
            89.56009277780471,
            93.03107798634038,
            44.22334934142719
        ],
        [
            64.71012197862116,
            93.70700548946229,
            27.160926283627436,
            74.29822057034613,
            102.44952716723489,
            47.47204700947247,
            86.57399666528354,
            73.60480559035882,
            17.365248286819092,
            64.25414545558966,
            56.89879894618902,
            62.94068205605778,
            89.6093526244784,
            103.75773025056579,
            81.65183689535064,
            81.60656767263306,
            0.0,
            8.36691702626247,
            28.275719388924074,
            64.71012197862116
        ],
        [
            72.86635775417682,
            100.51600998916076,
            33.215029804913414,
            78.8016343370049,
            109.95843243304351,
            55.34464026950149,
            90.189250144359,
            81.26650524029144,
            24.49738886076868,
            67.28147264576425,
            63.22085035766919,
            64.8447592924702,
            97.90658658969677,
            111.3523127184465,
            88.66079360574196,
            89.56009277780471,
            8.36691702626247,
            0.0,
            30.036787142316424,
            72.86635775417682
        ],
        [
            62.269587771055875,
            78.1484253825319,
            17.43650033132633,
            50.406603425561194,
            91.09594803043379,
            62.12365283352926,
            60.581229224085114,
            87.80318995052853,
            40.65307683987093,
            37.40994536573562,
            40.76704339796873,
            34.90134819209156,
            88.32834845026467,
            93.03630795164707,
            67.70252226790907,
            93.03107798634038,
            28.275719388924074,
            30.036787142316424,
            0.0,
            62.269587771055875
        ],
        [
            0.0,
            42.781991122882054,
            45.52532837146117,
            55.49808411453517,
            42.31704114428407,
            37.62869243141429,
            70.48725034178683,
            46.54138869624739,
            55.675683596651275,
            63.05629597990339,
            32.29029257579709,
            70.32438597321644,
            26.12364884418695,
            42.684285713754534,
            31.43212574573481,
            44.22334934142719,
            64.71012197862116,
            72.86635775417682,
            62.269587771055875,
            0.0
        ]
    ],
    "scores_ave": [
        0,
        12.812374145999588,
        12.004175787658236,
        17.504445646144074,
        19.586579712084514,
        19.87472443248899,
        10.325473757683309,
        14.766086387779428,
        16.249445933937267,
        19.228149867476294,
        19.48295321898606,
        10.864147636719556,
        12.95813598245303,
        10.598268216009263,
        19.16159574318577,
        11.438083307951558,
        12.909148120649473,
        16.816994904601167,
        19.817129140435043,
        0
    ],
    "scores_var": [
        0,
        18.018626514585446,
        398.1194146350948,
        18.48788030753729,
        24.47002115968599,
        22.645542919799023,
        17.787130648150693,
        23.10962419260714,
        341.0820717442317,
        371.46532891606455,
        391.03309526329485,
        360.915066351158,
        20.825343847585277,
        16.527333346823347,
        20.890653250957477,
        18.55932116367037,
        237.51634295687035,
        378.4760353207924,
        246.95753829924024,
        0
    ],
    "vertex_number": 20,
    "minimum_distances": {
        "cost": 430.3583296206675,
        "path": [
            0,
            15,
            7,
            5,
            8,
            16,
            17,
            18,
            2,
            10,
            9,
            11,
            6,
            3,
            14,
            1,
            4,
            13,
            12,
            19
        ]
    }
}