{
    "vertices": [
        [
            31.931616043373666,
            64.16475562781014
        ],
        [
            41.22455150153906,
            59.97347581866559
        ],
        [
            71.13490446395905,
            79.1454794520974
        ],
        [
            36.55237411397106,
            16.328958022818274
        ],
        [
            19.172736628808384,
            0.571188804895495
        ],
        [
            22.723560109287156,
            24.895040061298225
        ],
        [
            73.21093807025336,
            0.5295301599724023
        ],
        [
            30.63535826470699,
            93.13315253463637
        ],
        [
            34.736743182917884,
            19.34600315679209
        ],
        [
            65.36279811495812,
            63.12112673983024
        ],
        [
            25.684579123610707,
            82.27722447876121
        ],
        [
            52.73961591300731,
            2.769086522749109
        ],
        [
            91.25672645566468,
            39.76797251198483
        ],
        [
            76.4762573365267,
            41.98561300803129
        ],
        [
            62.79613273835679,
            96.52038923315381
        ],
        [
            28.700998369152085,
            49.42633914698755
        ],
        [
            46.45606842187554,
            29.561855694092642
        ],
        [
            83.81242747223871,
            63.19380015733502
        ],
        [
            36.996873747192616,
            10.215264993083329
        ],
        [
            75.85879670565873,
            72.47909905747426
        ],
        [
            33.769044411408025,
            26.234770296658073
        ],
        [
            43.760455353502216,
            37.29491208912381
        ],
        [
            31.931616043373666,
            64.16475562781014
        ]
    ],
    "distances": [
        [
            0.0,
            10.194384526207084,
            41.96808203012346,
            48.05845334228659,
            64.86085680266588,
            40.33483425973155,
            75.85133055748844,
            28.9973844265336,
            44.90645066499237,
            33.44746770622937,
            19.159514559444204,
            64.82592878958866,
            64.14570719721732,
            49.760822293086804,
            44.715829600021245,
            15.088333603124491,
            37.52759518964991,
            51.889896406170436,
            54.18675461173674,
            44.707108021023124,
            37.97446418620108,
            29.358302594297335,
            0.0
        ],
        [
            10.194384526207084,
            0.0,
            35.5273829272136,
            43.89388539617944,
            63.36335093449135,
            39.65833251259978,
            67.50341918152661,
            34.80941213687276,
            41.142231243218305,
            24.342609882503265,
            27.18359699891634,
            58.351853981849004,
            53.95814020624248,
            39.57582561072734,
            42.43830813289716,
            16.373193794454867,
            30.85831181204016,
            42.70945642995147,
            49.93748896127725,
            36.822840105702305,
            34.55263862965801,
            22.819904933660208,
            10.194384526207084
        ],
        [
            41.96808203012346,
            35.5273829272136,
            0.0,
            71.70681118194369,
            94.20183669567875,
            72.7101673517631,
            78.64335571830868,
            42.84703304324975,
            70.00573912068542,
            17.03223683346732,
            45.55809368768127,
            78.56042284618242,
            44.22076178769993,
            37.541786380646805,
            19.272327409826584,
            51.806019794399376,
            55.38574449592073,
            20.37585978427441,
            76.92060586464828,
            8.170421376955192,
            64.77461416942845,
            50.00830383750064,
            41.96808203012346
        ],
        [
            48.05845334228659,
            43.89388539617944,
            71.70681118194369,
            0.0,
            23.459733371054888,
            16.266956023365605,
            39.91831950533627,
            77.03178156559558,
            3.5212323152885148,
            54.950410229205424,
            66.83773497431335,
            21.116271265515945,
            59.51431395343072,
            47.45714273529872,
            84.37654002326119,
            34.015889498363094,
            16.528543242610287,
            66.55693856931433,
            6.129830534832406,
            68.54074113378184,
            10.289414027908727,
            22.170423204488333,
            48.05845334228659
        ],
        [
            64.86085680266588,
            63.36335093449135,
            94.20183669567875,
            23.459733371054888,
            0.0,
            24.58166160643182,
            54.038217498996794,
            93.26901320520999,
            24.38712680830905,
            77.75613490753307,
            81.96511671568662,
            33.638759478585555,
            82.05174856356606,
            70.70253190358306,
            105.40042576267255,
            49.775631454969165,
            39.81003592576853,
            89.99933935831385,
            20.265933719879136,
            91.56449619764862,
            29.52408535194135,
            44.19488391138994,
            64.86085680266588
        ],
        [
            40.33483425973155,
            39.65833251259978,
            72.7101673517631,
            16.266956023365605,
            24.58166160643182,
            0.0,
            56.05937393625675,
            68.69524396911369,
            13.23285222951344,
            57.26550724876973,
            57.45853045565051,
            37.28969597626235,
            70.12844650456005,
            56.40425642494447,
            82.07314859990626,
            25.249047565839767,
            24.187003099961995,
            72.10162786360699,
            20.47494269245708,
            71.32738631622462,
            11.126437011547583,
            24.41941415805321,
            40.33483425973155
        ],
        [
            75.85133055748844,
            67.50341918152661,
            78.64335571830868,
            39.91831950533627,
            54.038217498996794,
            56.05937393625675,
            0.0,
            101.92208236043754,
            42.82900101880402,
            63.08170307762444,
            94.55918951198375,
            20.593461184750044,
            43.189186570983814,
            41.584481661021314,
            96.5541982293296,
            66.12134799978232,
            39.48036190083392,
            63.554719036769946,
            37.486956585619474,
            71.99827511745998,
            47.07889490929391,
            47.10652015003901,
            75.85133055748844
        ],
        [
            28.9973844265336,
            34.80941213687276,
            42.84703304324975,
            77.03178156559558,
            93.26901320520999,
            68.69524396911369,
            101.92208236043754,
            0.0,
            73.90104716142818,
            45.89898442080084,
            11.931529158421034,
            93.02828941984885,
            80.7638082323615,
            68.68375956030938,
            32.338657782857155,
            43.749597537672145,
            65.51034003778075,
            61.025941289543724,
            83.16155935038461,
            49.716690451598076,
            66.97173683670356,
            57.36006685527114,
            28.9973844265336
        ],
        [
            44.90645066499237,
            41.142231243218305,
            70.00573912068542,
            3.5212323152885148,
            24.38712680830905,
            13.23285222951344,
            42.82900101880402,
            73.90104716142818,
            0.0,
            53.42486954041731,
            63.57892961690432,
            24.472384265285807,
            60.09630056414461,
            47.48409182026795,
            82.11708231840198,
            30.679909203580593,
            15.546904100827923,
            65.81072929443884,
            9.406304778273798,
            67.18741821143487,
            6.956403784979639,
            20.08956727255939,
            44.90645066499237
        ],
        [
            33.44746770622937,
            24.342609882503265,
            17.03223683346732,
            54.950410229205424,
            77.75613490753307,
            57.26550724876973,
            63.08170307762444,
            45.89898442080084,
            53.42486954041731,
            0.0,
            44.06038064870525,
            61.658036680288696,
            34.869260636026965,
            23.879257035689566,
            33.497738822991835,
            39.13610568023678,
            38.51868508670269,
            18.449772487666113,
            60.030457872680685,
            14.061921359251762,
            48.567155205275654,
            33.66978728723705,
            33.44746770622937
        ],
        [
            19.159514559444204,
            27.18359699891634,
            45.55809368768127,
            66.83773497431335,
            81.96511671568662,
            57.45853045565051,
            94.55918951198375,
            11.931529158421034,
            63.57892961690432,
            44.06038064870525,
            0.0,
            83.98523094513617,
            78.14565252470206,
            64.83215660914468,
            39.75091387529279,
            32.98908080177764,
            56.66008183696473,
            61.18025692552048,
            72.9444584225985,
            51.1219656482609,
            56.622568378189364,
            48.47830163482713,
            19.159514559444204
        ],
        [
            64.82592878958866,
            58.351853981849004,
            78.56042284618242,
            21.116271265515945,
            33.638759478585555,
            37.28969597626235,
            20.593461184750044,
            93.02828941984885,
            24.472384265285807,
            61.658036680288696,
            83.98523094513617,
            0.0,
            53.40866380092045,
            45.84063803700354,
            94.28913134903976,
            52.48575383722473,
            27.51972835880116,
            67.94604945114334,
            17.414921897941113,
            73.44373607132769,
            30.17483882433153,
            35.67433188432693,
            64.82592878958866
        ],
        [
            64.14570719721732,
            53.95814020624248,
            44.22076178769993,
            59.51431395343072,
            82.05174856356606,
            70.12844650456005,
            43.189186570983814,
            80.7638082323615,
            60.09630056414461,
            34.869260636026965,
            78.14565252470206,
            53.40866380092045,
            0.0,
            14.945909030617594,
            63.488913980591015,
            63.296944337699536,
            45.948490516675044,
            24.580215381975197,
            61.78587328542682,
            36.15403214665193,
            59.05913264705531,
            47.560611817608425,
            64.14570719721732
        ],
        [
            49.760822293086804,
            39.57582561072734,
            37.541786380646805,
            47.45714273529872,
            70.70253190358306,
            56.40425642494447,
            41.584481661021314,
            68.68375956030938,
            47.48409182026795,
            23.879257035689566,
            64.83215660914468,
            45.84063803700354,
            14.945909030617594,
            0.0,
            56.2244397655116,
            48.35121275495223,
            32.489405785070744,
            22.441180771519235,
            50.67520835265198,
            30.499736869000113,
            45.519172685252556,
            33.050361185667974,
            49.760822293086804
        ],
        [
            44.715829600021245,
            42.43830813289716,
            19.272327409826584,
            84.37654002326119,
            105.40042576267255,
            82.07314859990626,
            96.5541982293296,
            32.338657782857155,
            82.11708231840198,
            33.497738822991835,
            39.75091387529279,
            94.28913134903976,
            63.488913980591015,
            56.2244397655116,
            0.0,
            58.14058600644183,
            68.9234569328057,
            39.3998246667403,
            90.07872242981229,
            27.360862984085035,
            76.04367222870535,
            62.209437840558266,
            44.715829600021245
        ],
        [
            15.088333603124491,
            16.373193794454867,
            51.806019794399376,
            34.015889498363094,
            49.775631454969165,
            25.249047565839767,
            66.12134799978232,
            43.749597537672145,
            30.679909203580593,
            39.13610568023678,
            32.98908080177764,
            52.48575383722473,
            63.296944337699536,
            48.35121275495223,
            58.14058600644183,
            0.0,
            26.642826716162325,
            56.805040273341774,
            40.07904545508731,
            52.490834280254795,
            23.738870159002907,
            19.33801352579319,
            15.088333603124491
        ],
        [
            37.52759518964991,
            30.85831181204016,
            55.38574449592073,
            16.528543242610287,
            39.81003592576853,
            24.187003099961995,
            39.48036190083392,
            65.51034003778075,
            15.546904100827923,
            38.51868508670269,
            56.66008183696473,
            27.51972835880116,
            45.948490516675044,
            32.489405785070744,
            68.9234569328057,
            26.642826716162325,
            0.0,
            50.26534840104333,
            21.535248678525395,
            52.02316991919761,
            13.116023615562822,
            8.189413350363843,
            37.52759518964991
        ],
        [
            51.889896406170436,
            42.70945642995147,
            20.37585978427441,
            66.55693856931433,
            89.99933935831385,
            72.10162786360699,
            63.554719036769946,
            61.025941289543724,
            65.81072929443884,
            18.449772487666113,
            61.18025692552048,
            67.94604945114334,
            24.580215381975197,
            22.441180771519235,
            39.3998246667403,
            56.805040273341774,
            50.26534840104333,
            0.0,
            70.69951385075099,
            12.226079422121163,
            62.21181621215897,
            47.69604673104238,
            51.889896406170436
        ],
        [
            54.18675461173674,
            49.93748896127725,
            76.92060586464828,
            6.129830534832406,
            20.265933719879136,
            20.47494269245708,
            37.486956585619474,
            83.16155935038461,
            9.406304778273798,
            60.030457872680685,
            72.9444584225985,
            17.414921897941113,
            61.78587328542682,
            50.67520835265198,
            90.07872242981229,
            40.07904545508731,
            21.535248678525395,
            70.69951385075099,
            0.0,
            73.39641740867032,
            16.341463593944425,
            27.91152670477384,
            54.18675461173674
        ],
        [
            44.707108021023124,
            36.822840105702305,
            8.170421376955192,
            68.54074113378184,
            91.56449619764862,
            71.32738631622462,
            71.99827511745998,
            49.716690451598076,
            67.18741821143487,
            14.061921359251762,
            51.1219656482609,
            73.44373607132769,
            36.15403214665193,
            30.499736869000113,
            27.360862984085035,
            52.490834280254795,
            52.02316991919761,
            12.226079422121163,
            73.39641740867032,
            0.0,
            62.53067399868511,
            47.6259438770866,
            44.707108021023124
        ],
        [
            37.97446418620108,
            34.55263862965801,
            64.77461416942845,
            10.289414027908727,
            29.52408535194135,
            11.126437011547583,
            47.07889490929391,
            66.97173683670356,
            6.956403784979639,
            48.567155205275654,
            56.622568378189364,
            30.17483882433153,
            59.05913264705531,
            45.519172685252556,
            76.04367222870535,
            23.738870159002907,
            13.116023615562822,
            62.21181621215897,
            16.341463593944425,
            62.53067399868511,
            0.0,
            14.904865953212957,
            37.97446418620108
        ],
        [
            29.358302594297335,
            22.819904933660208,
            50.00830383750064,
            22.170423204488333,
            44.19488391138994,
            24.41941415805321,
            47.10652015003901,
            57.36006685527114,
            20.08956727255939,
            33.66978728723705,
            48.47830163482713,
            35.67433188432693,
            47.560611817608425,
            33.050361185667974,
            62.209437840558266,
            19.33801352579319,
            8.189413350363843,
            47.69604673104238,
            27.91152670477384,
            47.6259438770866,
            14.904865953212957,
            0.0,
            29.358302594297335
        ],
        [
            0.0,
            10.194384526207084,
            41.96808203012346,
            48.05845334228659,
            64.86085680266588,
            40.33483425973155,
            75.85133055748844,
            28.9973844265336,
            44.90645066499237,
            33.44746770622937,
            19.159514559444204,
            64.82592878958866,
            64.14570719721732,
            49.760822293086804,
            44.715829600021245,
            15.088333603124491,
            37.52759518964991,
            51.889896406170436,
            54.18675461173674,
            44.707108021023124,
            37.97446418620108,
            29.358302594297335,
            0.0
        ]
    ],
    "scores_ave": [
        0,
        19.582304796690163,
        12.059450855169699,
        10.364825986239701,
        12.556577905555276,
        18.820808064416035,
        12.595362819382427,
        10.087141694637767,
        13.279286432462754,
        15.639384103115738,
        18.182929125579623,
        11.064681380078627,
        18.276826327643313,
        16.684211767124538,
        13.200576694199034,
        13.60079603363339,
        18.26001266779171,
        12.426862820512998,
        19.195691686398007,
        13.046996708556787,
        11.836335478807799,
        18.501779355591125,
        0
    ],
    "scores_var": [
        0,
        23.763823768037774,
        23.263599727515754,
        325.6856929310068,
        381.44395828866357,
        16.648364680930715,
        392.40766225160786,
        17.821953736510842,
        19.268106624537126,
        286.90401296703925,
        281.13466394849826,
        24.09977269998752,
        17.22954027972951,
        337.12276516559854,
        361.48883233203907,
        20.968776203598615,
        340.8649821027916,
        238.6745328704153,
        317.7885914274442,
        290.9969256423571,
        19.274927943455637,
        270.7249772632745,
        0
    ],
    "vertex_number": 23,
    "minimum_distances": {
        "cost": 406.4998631378096,
        "path": [
            0,
            1,
            9,
            15,
            21,
            16,
            20,
            5,
            8,
            3,
            18,
            4,
            11,
            6,
            12,
            13,
            17,
            19,
            2,
            14,
            7,
            10,
            22
        ]
    }
}