{
    "vertices": [
        [
            27.513078087114174,
            12.154237619292607
        ],
        [
            10.278408004797235,
            17.99786736388502
        ],
        [
            10.961353955615504,
            94.75603373570277
        ],
        [
            85.33372611861788,
            44.60267017954934
        ],
        [
            71.67941148958008,
            99.22426285925319
        ],
        [
            76.12262190280524,
            35.623108446102734
        ],
        [
            42.154651267061595,
            24.72076799011631
        ],
        [
            97.6422829438444,
            66.75357576392828
        ],
        [
            44.79996142282824,
            6.111775114330776
        ],
        [
            96.48066919857217,
            25.482005532380903
        ],
        [
            54.55213974124883,
            60.372518976810305
        ],
        [
            76.15720469852421,
            1.9930836081802572
        ],
        [
            32.02158059162144,
            93.54528229511993
        ],
        [
            68.39433918730606,
            88.72018940318878
        ],
        [
            87.99652913545823,
            6.950413788128628
        ],
        [
            76.46723961862814,
            77.44484027244114
        ],
        [
            82.58885636434137,
            25.03745083986835
        ],
        [
            30.7649040827493,
            60.585937776284496
        ],
        [
            30.3355435985152,
            16.994443258764214
        ],
        [
            28.965382642765547,
            66.2932110631432
        ],
        [
            27.513078087114174,
            12.154237619292607
        ]
    ],
    "distances": [
        [
            0.0,
            18.198402716672575,
            84.24379082984234,
            66.30330394784684,
            97.631215814949,
            53.978473930402,
            19.294904787134612,
            88.87740488824764,
            18.31250088290669,
            70.24356213392376,
            55.2821265167037,
            49.694065084519245,
            81.51581900622521,
            86.79644279413746,
            60.70689938699902,
            81.60497978717285,
            56.56251882412158,
            48.54074528066762,
            5.603026164084995,
            54.15844933227248,
            0.0
        ],
        [
            18.198402716672575,
            0.0,
            76.76120452373968,
            79.63112651486976,
            101.82244621942787,
            68.16237691757034,
            32.57748113874422,
            100.04781729730801,
            36.51050313757511,
            86.52654020036242,
            61.284373384967175,
            67.795051123812,
            78.61410469459408,
            91.53746933273331,
            78.49937950448135,
            88.96574632067482,
            72.6522998773861,
            47.25928758459485,
            20.082219702003204,
            51.78458500509151,
            18.198402716672575
        ],
        [
            84.24379082984234,
            76.76120452373968,
            0.0,
            89.70289636989337,
            60.88224357066989,
            87.99257749259806,
            76.66785666245787,
            91.09182785916296,
            94.88338074632874,
            110.05655029637643,
            55.51921012211853,
            113.3819380256523,
            21.095000948348105,
            57.74927886502069,
            116.8085832007515,
            67.75469338443025,
            99.95588978302062,
            39.494000247047076,
            80.13878073580943,
            33.67903388545005,
            84.24379082984234
        ],
        [
            66.30330394784684,
            79.63112651486976,
            89.70289636989337,
            0.0,
            56.302386227017344,
            12.863785204959699,
            47.53653899587645,
            25.34093899854346,
            55.89754094175618,
            22.132649108889293,
            34.58604040644006,
            43.58652788599287,
            72.37101727478233,
            47.257785941121845,
            37.74629692131105,
            34.01797641343378,
            19.756824587412044,
            56.861420853256384,
            61.53872174675139,
            60.39759688956607,
            66.30330394784684
        ],
        [
            97.631215814949,
            101.82244621942787,
            60.88224357066989,
            56.302386227017344,
            0.0,
            63.75616802680036,
            80.14039065235903,
            41.574225363717275,
            96.91460266615827,
            77.80117543848864,
            42.45940932523819,
            97.33423267574642,
            40.06238100486397,
            11.005782989027391,
            93.7054510189781,
            22.299474128513495,
            74.98465886483045,
            56.275368337850786,
            92.03835419933793,
            53.93461256674217,
            97.631215814949
        ],
        [
            53.978473930402,
            68.16237691757034,
            87.99257749259806,
            12.863785204959699,
            63.75616802680036,
            0.0,
            35.674697707604764,
            37.844442217417125,
            43.035193209312624,
            22.74405544320056,
            32.83015416198227,
            33.63004261919753,
            72.80027519265646,
            53.65655933708416,
            31.034063412951035,
            41.82315165460664,
            12.40436758033175,
            51.773211355020294,
            49.43160634963369,
            56.25353685919154,
            53.978473930402
        ],
        [
            19.294904787134612,
            32.57748113874422,
            76.66785666245787,
            47.53653899587645,
            80.14039065235903,
            35.674697707604764,
            0.0,
            69.61058970047976,
            18.79607091046528,
            54.3313510497444,
            37.74579538021211,
            40.89891535510899,
            69.566463835911,
            69.16969830323002,
            49.16567150934781,
            62.90613258988247,
            40.435445216742856,
            37.630263681154574,
            14.120460330137798,
            43.614502518129235,
            19.294904787134612
        ],
        [
            88.87740488824764,
            100.04781729730801,
            91.09182785916296,
            25.34093899854346,
            41.574225363717275,
            37.844442217417125,
            69.61058970047976,
            0.0,
            80.43468735412586,
            41.287914162267306,
            43.56005425777863,
            68.23144386177265,
            70.87927846735276,
            36.578331410305964,
            60.576057554414405,
            23.720994848778425,
            44.34907812417597,
            67.16117599980718,
            83.70285794981294,
            68.67844327459711,
            88.87740488824764
        ],
        [
            18.31250088290669,
            36.51050313757511,
            94.88338074632874,
            55.89754094175618,
            96.91460266615827,
            43.035193209312624,
            18.79607091046528,
            80.43468735412586,
            0.0,
            55.191497376409295,
            55.13014879776657,
            31.626576254378477,
            88.36235168102115,
            85.9118430334985,
            43.20470781034189,
            78.04628558221975,
            42.26324387181985,
            56.25315308727411,
            18.101156011099707,
            62.22972857086093,
            18.31250088290669
        ],
        [
            70.24356213392376,
            86.52654020036242,
            110.05655029637643,
            22.132649108889293,
            77.80117543848864,
            22.74405544320056,
            54.3313510497444,
            41.287914162267306,
            55.191497376409295,
            0.0,
            54.54676443996967,
            31.060789791083927,
            93.74211298941334,
            69.19472402416136,
            20.3813769207621,
            55.68369202714732,
            13.898924156060952,
            74.50401226606911,
            66.6874527478433,
            78.89149773953342,
            70.24356213392376
        ],
        [
            55.2821265167037,
            61.284373384967175,
            55.51921012211853,
            34.58604040644006,
            42.45940932523819,
            32.83015416198227,
            37.74579538021211,
            43.56005425777863,
            55.13014879776657,
            54.54676443996967,
            0.0,
            62.248994415718414,
            40.100602511277145,
            31.546741576698537,
            63.02736314286102,
            27.780132416112796,
            45.10681233744992,
            23.788193034717047,
            49.67998572605271,
            26.262839404716882,
            55.2821265167037
        ],
        [
            49.694065084519245,
            67.795051123812,
            113.3819380256523,
            43.58652788599287,
            97.33423267574642,
            33.63004261919753,
            40.89891535510899,
            68.23144386177265,
            31.626576254378477,
            31.060789791083927,
            62.248994415718414,
            0.0,
            101.63541902171062,
            87.07383625707473,
            12.835292191298569,
            75.45239363581861,
            23.92507062182489,
            74.1187123117881,
            48.21478421947201,
            79.7594788076431,
            49.694065084519245
        ],
        [
            81.51581900622521,
            78.61410469459408,
            21.095000948348105,
            72.37101727478233,
            40.06238100486397,
            72.80027519265646,
            69.566463835911,
            70.87927846735276,
            88.36235168102115,
            93.74211298941334,
            40.100602511277145,
            101.63541902171062,
            0.0,
            36.69140347923084,
            103.11094081729782,
            47.27198789632803,
            85.14911831472753,
            32.98329314909654,
            76.56940431995122,
            27.42290524972372,
            81.51581900622521
        ],
        [
            86.79644279413746,
            91.53746933273331,
            57.74927886502069,
            47.257785941121845,
            11.005782989027391,
            53.65655933708416,
            69.16969830323002,
            36.578331410305964,
            85.9118430334985,
            69.19472402416136,
            31.546741576698537,
            87.07383625707473,
            36.69140347923084,
            0.0,
            84.08651529764285,
            13.86741574318344,
            65.24550182819786,
            46.98415159278728,
            81.19762669957665,
            45.360907967721914,
            86.79644279413746
        ],
        [
            60.70689938699902,
            78.49937950448135,
            116.8085832007515,
            37.74629692131105,
            93.7054510189781,
            31.034063412951035,
            49.16567150934781,
            60.576057554414405,
            43.20470781034189,
            20.3813769207621,
            63.02736314286102,
            12.835292191298569,
            103.11094081729782,
            84.08651529764285,
            0.0,
            71.43100644758569,
            18.878131107460934,
            78.43614179482508,
            58.529238685451475,
            83.70330844515777,
            60.70689938699902
        ],
        [
            81.60497978717285,
            88.96574632067482,
            67.75469338443025,
            34.01797641343378,
            22.299474128513495,
            41.82315165460664,
            62.90613258988247,
            23.720994848778425,
            78.04628558221975,
            55.68369202714732,
            27.780132416112796,
            75.45239363581861,
            47.27198789632803,
            13.86741574318344,
            71.43100644758569,
            0.0,
            52.763705884999574,
            48.712688971242095,
            76.04198759108854,
            48.7932910365449,
            81.60497978717285
        ],
        [
            56.56251882412158,
            72.6522998773861,
            99.95588978302062,
            19.756824587412044,
            74.98465886483045,
            12.40436758033175,
            40.435445216742856,
            44.34907812417597,
            42.26324387181985,
            13.898924156060952,
            45.10681233744992,
            23.92507062182489,
            85.14911831472753,
            65.24550182819786,
            18.878131107460934,
            52.763705884999574,
            0.0,
            62.84438681022579,
            52.868692682465216,
            67.65733282925717,
            56.56251882412158
        ],
        [
            48.54074528066762,
            47.25928758459485,
            39.494000247047076,
            56.861420853256384,
            56.275368337850786,
            51.773211355020294,
            37.630263681154574,
            67.16117599980718,
            56.25315308727411,
            74.50401226606911,
            23.788193034717047,
            74.1187123117881,
            32.98329314909654,
            46.98415159278728,
            78.43614179482508,
            48.712688971242095,
            62.84438681022579,
            0.0,
            43.59360898912159,
            5.984249809612915,
            48.54074528066762
        ],
        [
            5.603026164084995,
            20.082219702003204,
            80.13878073580943,
            61.53872174675139,
            92.03835419933793,
            49.43160634963369,
            14.120460330137798,
            83.70285794981294,
            18.101156011099707,
            66.6874527478433,
            49.67998572605271,
            48.21478421947201,
            76.56940431995122,
            81.19762669957665,
            58.529238685451475,
            76.04198759108854,
            52.868692682465216,
            43.59360898912159,
            0.0,
            49.31780457476524,
            5.603026164084995
        ],
        [
            54.15844933227248,
            51.78458500509151,
            33.67903388545005,
            60.39759688956607,
            53.93461256674217,
            56.25353685919154,
            43.614502518129235,
            68.67844327459711,
            62.22972857086093,
            78.89149773953342,
            26.262839404716882,
            79.7594788076431,
            27.42290524972372,
            45.360907967721914,
            83.70330844515777,
            48.7932910365449,
            67.65733282925717,
            5.984249809612915,
            49.31780457476524,
            0.0,
            54.15844933227248
        ],
        [
            0.0,
            18.198402716672575,
            84.24379082984234,
            66.30330394784684,
            97.631215814949,
            53.978473930402,
            19.294904787134612,
            88.87740488824764,
            18.31250088290669,
            70.24356213392376,
            55.2821265167037,
            49.694065084519245,
            81.51581900622521,
            86.79644279413746,
            60.70689938699902,
            81.60497978717285,
            56.56251882412158,
            48.54074528066762,
            5.603026164084995,
            54.15844933227248,
            0.0
        ]
    ],
    "scores_ave": [
        0,
        12.823826321870047,
        11.246076493805454,
        14.354494232189754,
        17.66649997741063,
        19.25212143972923,
        15.847027018652003,
        10.591814746611378,
        12.213244492845021,
        11.403643485118693,
        12.07878565552942,
        17.97822111620347,
        15.626841959764938,
        13.432616969562122,
        13.179597422179032,
        14.761913615595661,
        13.66966341289374,
        19.02357329424081,
        18.373512239136204,
        19.289413806600443,
        0
    ],
    "scores_var": [
        0,
        288.47189492138347,
        258.0444376739025,
        24.908197301009416,
        311.0651606076701,
        24.915194454947944,
        267.65141559656706,
        396.04241937850173,
        300.72949676844587,
        17.26129874050551,
        18.602808746501317,
        17.695209497405273,
        326.7451600902853,
        264.9833982487751,
        266.7541175066596,
        21.232600021809372,
        336.85668355764824,
        24.597992185424857,
        341.72219366980494,
        21.01724490000561,
        0
    ],
    "vertex_number": 21,
    "minimum_distances": {
        "cost": 422.76038970999656,
        "path": [
            0,
            1,
            17,
            19,
            2,
            12,
            10,
            13,
            4,
            15,
            7,
            3,
            5,
            16,
            9,
            14,
            11,
            8,
            6,
            18,
            20
        ]
    }
}