{
    "vertices": [
        [
            26.17340985681178,
            22.06529413404378
        ],
        [
            37.36902515013849,
            12.06932439077345
        ],
        [
            97.14548658036061,
            6.238041898918811
        ],
        [
            12.885740106557309,
            36.899878322374214
        ],
        [
            98.2991381985355,
            19.102022008133403
        ],
        [
            8.663183896002657,
            18.214092113268798
        ],
        [
            72.2042398322258,
            80.09600740470168
        ],
        [
            54.5510163142646,
            25.524840625709288
        ],
        [
            65.64908595980133,
            55.26256469956128
        ],
        [
            34.14804446816815,
            82.06519440103332
        ],
        [
            50.88268519731667,
            54.291088451342006
        ],
        [
            56.04631317585994,
            87.65519948845615
        ],
        [
            98.67784698707865,
            21.173941996330647
        ],
        [
            87.69018688566412,
            70.28379279965088
        ],
        [
            87.78057169334548,
            52.00234960573762
        ],
        [
            23.311259412619243,
            75.63166915351451
        ],
        [
            65.60159312489748,
            63.43655064826069
        ],
        [
            10.29950424115771,
            84.31786574839141
        ],
        [
            68.06757760361928,
            87.95985569566625
        ],
        [
            9.090928928019537,
            94.31151522859513
        ],
        [
            76.11430036003425,
            32.10652590060832
        ],
        [
            86.16329109092568,
            48.30824678469976
        ],
        [
            26.17340985681178,
            22.06529413404378
        ]
    ],
    "distances": [
        [
            0.0,
            15.008704571166252,
            72.71545631959943,
            19.915497870565304,
            72.18657541756863,
            17.928741456204197,
            74.07024362675463,
            28.58770732643776,
            51.57894703062786,
            60.527537776067966,
            40.6084979682048,
            72.07236666788438,
            72.50991595782074,
            78.1622509244884,
            68.49576395565005,
            53.642785515778066,
            57.15034996731768,
            64.24456048642698,
            78.08466260794177,
            74.23831636779855,
            50.94034628508842,
            65.4788394392239,
            0.0
        ],
        [
            15.008704571166252,
            0.0,
            60.06021309168527,
            34.87101454037981,
            61.33463549959077,
            29.356149142404004,
            76.42723195186767,
            21.823650874973453,
            51.6276848964867,
            70.06994030999901,
            44.33166326968816,
            77.85926792796249,
            61.98117211522458,
            76.94896783285085,
            64.31151162658898,
            65.09832908200121,
            58.614587159147284,
            77.15316384015098,
            81.86436260350426,
            86.96797502386784,
            43.61978674221472,
            60.779436366038134,
            15.008704571166252
        ],
        [
            72.71545631959943,
            60.06021309168527,
            0.0,
            89.66522786837909,
            12.915606695249982,
            89.28910161415543,
            77.95553128550121,
            46.75756091133351,
            58.27029335674809,
            98.58212195554512,
            66.70338878030353,
            91.20249779744397,
            15.014301187066415,
            64.7399482603682,
            46.7126694883244,
            101.32605096917281,
            65.31987919062733,
            116.78477443924706,
            86.74087641181586,
            124.54132578266004,
            33.33900505983512,
            43.4800041041828,
            72.71545631959943
        ],
        [
            19.915497870565304,
            34.87101454037981,
            89.66522786837909,
            0.0,
            87.24799288809517,
            19.156946186793128,
            73.37976544934735,
            43.19012299201158,
            55.86733317973907,
            49.91984939130885,
            41.78782150316159,
            66.62535323990963,
            87.22150352023046,
            81.91575552819096,
            76.40235884629597,
            40.110386108691024,
            59.018269523789954,
            47.488463309370246,
            75.1808252077167,
            57.53691549025289,
            63.409991792830354,
            74.16030170676822,
            19.915497870565304
        ],
        [
            72.18657541756863,
            61.33463549959077,
            12.915606695249982,
            87.24799288809517,
            0.0,
            89.64035209225781,
            66.34161571219694,
            44.21708682619539,
            48.719716326459135,
            89.88728444324265,
            59.047357369837854,
            80.5285003278061,
            2.1062461356667432,
            52.26971885627765,
            34.54087140408857,
            93.90837540492628,
            55.087928655784985,
            109.5310086294572,
            75.20205127617214,
            116.68150012633043,
            25.71544577505885,
            31.62724064344849,
            72.18657541756863
        ],
        [
            17.928741456204197,
            29.356149142404004,
            89.28910161415543,
            19.156946186793128,
            89.64035209225781,
            0.0,
            88.69519282140556,
            46.466549343141914,
            67.97045207295682,
            68.74911913432261,
            55.53409722782035,
            84.06680875258658,
            90.06331263466927,
            94.63889755854821,
            86.03027023235778,
            59.25659684383717,
            72.71212554633618,
            66.12402311622834,
            91.61524725427094,
            76.09862528722459,
            68.8669211507235,
            83.13798626748527,
            17.928741456204197
        ],
        [
            74.07024362675463,
            76.42723195186767,
            77.95553128550121,
            73.37976544934735,
            66.34161571219694,
            88.69519282140556,
            0.0,
            57.35545784139205,
            25.684040158835067,
            38.10710830034003,
            33.473908260597184,
            17.838721332864484,
            64.59614282430361,
            18.33286970437163,
            32.12282245963182,
            49.09637308735792,
            17.920168608624216,
            62.04853242804567,
            8.8854985418313,
            64.69444084295169,
            48.148508890336835,
            34.71767326992919,
            74.07024362675463
        ],
        [
            28.58770732643776,
            21.823650874973453,
            46.75756091133351,
            43.19012299201158,
            44.21708682619539,
            46.466549343141914,
            57.35545784139205,
            0.0,
            31.741130776167065,
            60.10900818672192,
            28.999201146743466,
            62.14834997904614,
            44.34081081927045,
            55.69172672731115,
            42.48837290928995,
            59.04757976741108,
            39.48940370126803,
            73.58543418253817,
            63.88136297759022,
            82.45135625378359,
            22.54537202834246,
            38.96690278634738,
            28.58770732643776
        ],
        [
            51.57894703062786,
            51.6276848964867,
            58.27029335674809,
            55.86733317973907,
            48.719716326459135,
            67.97045207295682,
            25.684040158835067,
            31.741130776167065,
            0.0,
            41.36056786326593,
            14.79832279615368,
            33.786033115870936,
            47.46507403133597,
            26.672971781543037,
            22.370329975931604,
            46.98289021543197,
            8.174123919962469,
            62.51229251488828,
            32.78661221162053,
            68.72878337531242,
            25.411077216471117,
            21.660912949892317,
            51.57894703062786
        ],
        [
            60.527537776067966,
            70.06994030999901,
            98.58212195554512,
            49.91984939130885,
            89.88728444324265,
            68.74911913432261,
            38.10710830034003,
            60.10900818672192,
            41.36056786326593,
            0.0,
            32.426056831479755,
            22.600494005036406,
            88.72339056045367,
            54.82301011754533,
            61.483514975523526,
            12.6026250222178,
            36.55614984060758,
            23.95469472062926,
            34.427921225444486,
            27.889629129910123,
            65.24595919991478,
            62.00901058393189,
            60.527537776067966
        ],
        [
            40.6084979682048,
            44.33166326968816,
            66.70338878030353,
            41.78782150316159,
            59.047357369837854,
            55.53409722782035,
            33.473908260597184,
            28.999201146743466,
            14.79832279615368,
            32.426056831479755,
            0.0,
            33.76132342189323,
            58.147423673213545,
            40.131767627530664,
            36.9688024336359,
            34.86551167711461,
            17.328754409243324,
            50.48367985168023,
            37.80087849202288,
            57.86350707921025,
            33.59745852422316,
            35.78429189781837,
            40.6084979682048
        ],
        [
            72.07236666788438,
            77.85926792796249,
            91.20249779744397,
            66.62535323990963,
            80.5285003278061,
            84.06680875258658,
            17.838721332864484,
            62.14834997904614,
            33.786033115870936,
            22.600494005036406,
            33.76132342189323,
            0.0,
            78.97597908751355,
            36.09848353753803,
            47.73037678894087,
            34.87332829824995,
            26.035482068691937,
            45.86838044013246,
            12.025124275728038,
            47.4248315663299,
            59.06250288460054,
            49.55012659729741,
            72.07236666788438
        ],
        [
            72.50991595782074,
            61.98117211522458,
            15.014301187066415,
            87.22150352023046,
            2.1062461356667432,
            90.06331263466927,
            64.59614282430361,
            44.34081081927045,
            47.46507403133597,
            88.72339056045367,
            58.147423673213545,
            78.97597908751355,
            0.0,
            50.3240113706031,
            32.69772659618936,
            92.9826143413108,
            53.66718419687815,
            108.61807664160483,
            73.46663773702355,
            115.6499913775415,
            25.072595143201234,
            29.881174769845448,
            72.50991595782074
        ],
        [
            78.1622509244884,
            76.94896783285085,
            64.7399482603682,
            81.91575552819096,
            52.26971885627765,
            94.63889755854821,
            18.33286970437163,
            55.69172672731115,
            26.672971781543037,
            54.82301011754533,
            40.131767627530664,
            36.09848353753803,
            50.3240113706031,
            0.0,
            18.28166662713597,
            64.6006662819803,
            23.12554214300615,
            78.65286367140918,
            26.41003586782273,
            82.18987040149622,
            39.89366938168248,
            22.028527718012022,
            78.1622509244884
        ],
        [
            68.49576395565005,
            64.31151162658898,
            46.7126694883244,
            76.40235884629597,
            34.54087140408857,
            86.03027023235778,
            32.12282245963182,
            42.48837290928995,
            22.370329975931604,
            61.483514975523526,
            36.9688024336359,
            47.73037678894087,
            32.69772659618936,
            18.28166662713597,
            0.0,
            68.66321408323928,
            24.95291653936492,
            83.95003512266442,
            41.006638245396736,
            89.34274102710863,
            23.063947791478036,
            4.032616049088136,
            68.49576395565005
        ],
        [
            53.642785515778066,
            65.09832908200121,
            101.32605096917281,
            40.110386108691024,
            93.90837540492628,
            59.25659684383717,
            49.09637308735792,
            59.04757976741108,
            46.98289021543197,
            12.6026250222178,
            34.86551167711461,
            34.87332829824995,
            92.9826143413108,
            64.6006662819803,
            68.66321408323928,
            0.0,
            44.013557466456184,
            15.644672701175537,
            46.42318603275881,
            23.47667882133119,
            68.42952015380781,
            68.53427825574208,
            53.642785515778066
        ],
        [
            57.15034996731768,
            58.614587159147284,
            65.31987919062733,
            59.018269523789954,
            55.087928655784985,
            72.71212554633618,
            17.920168608624216,
            39.48940370126803,
            8.174123919962469,
            36.55614984060758,
            17.328754409243324,
            26.035482068691937,
            53.66718419687815,
            23.12554214300615,
            24.95291653936492,
            44.013557466456184,
            0.0,
            59.11303033355676,
            24.646978920293737,
            64.39502003889127,
            33.04674664925743,
            25.5274166541466,
            57.15034996731768
        ],
        [
            64.24456048642698,
            77.15316384015098,
            116.78477443924706,
            47.488463309370246,
            109.5310086294572,
            66.12402311622834,
            62.04853242804567,
            73.58543418253817,
            62.51229251488828,
            23.95469472062926,
            50.48367985168023,
            45.86838044013246,
            108.61807664160483,
            78.65286367140918,
            83.95003512266442,
            15.644672701175537,
            59.11303033355676,
            0.0,
            57.882764194419686,
            10.06646334224205,
            84.00959110048085,
            83.97622766650863,
            64.24456048642698
        ],
        [
            78.08466260794177,
            81.86436260350426,
            86.74087641181586,
            75.1808252077167,
            75.20205127617214,
            91.61524725427094,
            8.8854985418313,
            63.88136297759022,
            32.78661221162053,
            34.427921225444486,
            37.80087849202288,
            12.025124275728038,
            73.46663773702355,
            26.41003586782273,
            41.006638245396736,
            46.42318603275881,
            24.646978920293737,
            57.882764194419686,
            0.0,
            59.31769270485297,
            56.4299937649661,
            43.58560468598456,
            78.08466260794177
        ],
        [
            74.23831636779855,
            86.96797502386784,
            124.54132578266004,
            57.53691549025289,
            116.68150012633043,
            76.09862528722459,
            64.69444084295169,
            82.45135625378359,
            68.72878337531242,
            27.889629129910123,
            57.86350707921025,
            47.4248315663299,
            115.6499913775415,
            82.18987040149622,
            89.34274102710863,
            23.47667882133119,
            64.39502003889127,
            10.06646334224205,
            59.31769270485297,
            0.0,
            91.44174656801323,
            89.75772789510252,
            74.23831636779855
        ],
        [
            50.94034628508842,
            43.61978674221472,
            33.33900505983512,
            63.409991792830354,
            25.71544577505885,
            68.8669211507235,
            48.148508890336835,
            22.54537202834246,
            25.411077216471117,
            65.24595919991478,
            33.59745852422316,
            59.06250288460054,
            25.072595143201234,
            39.89366938168248,
            23.063947791478036,
            68.42952015380781,
            33.04674664925743,
            84.00959110048085,
            56.4299937649661,
            91.44174656801323,
            0.0,
            19.06509832955358,
            50.94034628508842
        ],
        [
            65.4788394392239,
            60.779436366038134,
            43.4800041041828,
            74.16030170676822,
            31.62724064344849,
            83.13798626748527,
            34.71767326992919,
            38.96690278634738,
            21.660912949892317,
            62.00901058393189,
            35.78429189781837,
            49.55012659729741,
            29.881174769845448,
            22.028527718012022,
            4.032616049088136,
            68.53427825574208,
            25.5274166541466,
            83.97622766650863,
            43.58560468598456,
            89.75772789510252,
            19.06509832955358,
            0.0,
            65.4788394392239
        ],
        [
            0.0,
            15.008704571166252,
            72.71545631959943,
            19.915497870565304,
            72.18657541756863,
            17.928741456204197,
            74.07024362675463,
            28.58770732643776,
            51.57894703062786,
            60.527537776067966,
            40.6084979682048,
            72.07236666788438,
            72.50991595782074,
            78.1622509244884,
            68.49576395565005,
            53.642785515778066,
            57.15034996731768,
            64.24456048642698,
            78.08466260794177,
            74.23831636779855,
            50.94034628508842,
            65.4788394392239,
            0.0
        ]
    ],
    "scores_ave": [
        0,
        12.188670670634783,
        16.377617369944588,
        11.405961013537713,
        17.280544377185315,
        13.582763595663792,
        12.844133032159613,
        13.211709697649924,
        16.965444938063527,
        19.012500835891508,
        19.269046214202486,
        14.952820521920078,
        15.877717354726304,
        14.940920116944964,
        16.819729414143325,
        13.021566048064118,
        10.30172481652386,
        15.239883716940309,
        10.497655325006201,
        11.880085948837738,
        13.732344095486521,
        17.636532313458442,
        0
    ],
    "scores_var": [
        0,
        17.81525539101555,
        283.5249322285708,
        258.19118893288544,
        345.3978635135727,
        238.8250969773406,
        296.6523338273,
        326.5727205853894,
        315.3767416519362,
        360.4932311906758,
        23.976059467791202,
        16.821136851930355,
        18.44231086775084,
        294.7147695707086,
        18.646839939965897,
        325.48152158946874,
        24.120693603917484,
        364.611621506923,
        22.997784266934588,
        23.760924658094275,
        306.7199270293346,
        258.0957179200056,
        0
    ],
    "vertex_number": 23,
    "minimum_distances": {
        "cost": 421.23830784032987,
        "path": [
            0,
            1,
            7,
            20,
            2,
            4,
            12,
            21,
            14,
            13,
            6,
            18,
            11,
            9,
            19,
            17,
            15,
            16,
            8,
            10,
            3,
            5,
            22
        ]
    }
}