{
    "vertices": [
        [
            51.58173758685772,
            93.54633141257784
        ],
        [
            50.00520333339509,
            25.756265540851466
        ],
        [
            64.41628385978973,
            35.15238494616907
        ],
        [
            7.88423596542872,
            44.34197028038831
        ],
        [
            91.62426400078564,
            48.8199930890491
        ],
        [
            94.57886316820536,
            72.41811025787317
        ],
        [
            15.818643674662635,
            92.28614799131608
        ],
        [
            35.70186920693323,
            15.531943352612632
        ],
        [
            24.780421249832628,
            75.69401549117282
        ],
        [
            64.36461169376776,
            72.43786088827898
        ],
        [
            83.25767366929345,
            61.14260404757521
        ],
        [
            83.72478645565864,
            6.939397553868954
        ],
        [
            54.50356379807572,
            95.56769724672655
        ],
        [
            73.37118520746628,
            23.951203360441
        ],
        [
            52.0687454535631,
            46.95226334014196
        ],
        [
            3.111508605105795,
            10.700060771758679
        ],
        [
            41.533237928055925,
            6.886675611115467
        ],
        [
            84.06921085614255,
            20.785656985229018
        ],
        [
            4.048959254705887,
            45.68415669234231
        ],
        [
            3.089378113274832,
            20.680381351865485
        ],
        [
            68.68578071186884,
            4.981094065741953
        ],
        [
            51.58173758685772,
            93.54633141257784
        ]
    ],
    "distances": [
        [
            0.0,
            67.80839543261101,
            59.787779369649165,
            65.80684464690367,
            60.032068608710055,
            47.90777115897054,
            35.78528955349822,
            79.61416308757235,
            32.202728784296205,
            24.677305329154258,
            45.314086924972614,
            92.37930819717639,
            3.552884496296527,
            72.92641411864818,
            46.59661314088205,
            95.98368432517748,
            87.24029051430807,
            79.68407408350271,
            67.45482032385704,
            87.52688504434173,
            90.20171593447441,
            0.0
        ],
        [
            67.80839543261101,
            0.0,
            17.203671172665935,
            46.039160642636936,
            47.582367945000655,
            64.5301394967098,
            74.79937245841514,
            17.581869392704558,
            55.94701512381187,
            48.84018788498777,
            48.558415710896504,
            38.61456728721389,
            69.95620947202804,
            23.435600235849986,
            21.296209258674065,
            49.25147619431157,
            20.68418772748057,
            34.42475211127921,
            50.0908895465605,
            47.18960962314553,
            27.93871366067789,
            67.80839543261101
        ],
        [
            59.787779369649165,
            17.203671172665935,
            0.0,
            57.274085918024255,
            30.447950599344917,
            47.942835476678326,
            75.00664978028338,
            34.77756945478421,
            56.69766672520992,
            37.285511747090155,
            32.101237653597835,
            34.18758444366554,
            61.22313271465124,
            14.340736629025477,
            17.079193037312674,
            66.00145170038127,
            36.36734957798789,
            24.344206945958007,
            61.27913263166389,
            63.01133434926972,
            30.47187878620644,
            59.787779369649165
        ],
        [
            65.80684464690367,
            46.039160642636936,
            57.274085918024255,
            0.0,
            83.85967435923688,
            91.12753712168318,
            48.59628588764139,
            40.047950893123314,
            35.61505041501392,
            63.08258009518086,
            77.22315977915899,
            84.56205736158319,
            69.26353175226951,
            68.58807401154243,
            44.26154661288775,
            33.97877281248986,
            50.3503170977398,
            79.74365363562417,
            4.063349826466695,
            24.142523738100696,
            72.43001049246143,
            65.80684464690367
        ],
        [
            60.032068608710055,
            47.582367945000655,
            30.447950599344917,
            83.85967435923688,
            0.0,
            23.7823630060948,
            87.38305725377306,
            65.08001609353641,
            72.04382273161234,
            36.06788492941339,
            14.8945149169151,
            42.61908056102709,
            59.693334867078775,
            30.84852651263669,
            39.599589163962534,
            96.3723876824179,
            65.32621225606198,
            29.03451099640446,
            87.63142970005482,
            92.89921295594492,
            49.47750077733955,
            60.032068608710055
        ],
        [
            47.90777115897054,
            64.5301394967098,
            47.942835476678326,
            91.12753712168318,
            23.7823630060948,
            0.0,
            81.22752672615692,
            81.86901980046441,
            69.87527494994214,
            30.214257929791298,
            15.978309421485772,
            66.37222912224188,
            46.28102199995159,
            52.903749098629824,
            49.55420736274632,
            110.34217046597482,
            84.31018493622615,
            52.69120441470501,
            94.3947444290804,
            105.10527326432246,
            72.23712945562282,
            47.90777115897054
        ],
        [
            35.78528955349822,
            74.79937245841514,
            75.00664978028338,
            48.59628588764139,
            87.38305725377306,
            81.22752672615692,
            0.0,
            79.28777072971029,
            18.85768591872105,
            52.44678743103877,
            74.28285869561317,
            109.06563178941796,
            38.823853627255176,
            89.34181380848416,
            58.04507710862829,
            82.56973361633905,
            89.18693985350824,
            98.84563791440287,
            48.065279197930394,
            72.72839897698691,
            102.06422791290858,
            35.78528955349822
        ],
        [
            79.61416308757235,
            17.581869392704558,
            34.77756945478421,
            40.047950893123314,
            65.08001609353641,
            81.86901980046441,
            79.28777072971029,
            0.0,
            61.14534282743844,
            63.716844377626295,
            65.8929958879792,
            48.785575986980376,
            82.21450979539907,
            38.598721572448916,
            35.42754784332712,
            32.946603670671514,
            10.428111788998985,
            48.65183701716593,
            43.7157028735486,
            33.01637456120976,
            34.63031675915892,
            79.61416308757235
        ],
        [
            32.202728784296205,
            55.94701512381187,
            56.69766672520992,
            35.61505041501392,
            72.04382273161234,
            69.87527494994214,
            18.85768591872105,
            61.14534282743844,
            0.0,
            39.71788861331468,
            60.260539538990194,
            90.56288244762541,
            35.75511752832324,
            70.98155358389022,
            39.63257441246013,
            68.5109912734742,
            70.81741938269064,
            80.8089624162972,
            36.474445048295514,
            59.135448705201966,
            83.2345952474677,
            32.202728784296205
        ],
        [
            24.677305329154258,
            48.84018788498777,
            37.285511747090155,
            63.08258009518086,
            36.06788492941339,
            30.214257929791298,
            52.44678743103877,
            63.716844377626295,
            39.71788861331468,
            0.0,
            22.012056194470343,
            68.29981746666685,
            25.144176175999398,
            49.31606558394032,
            28.29671374881917,
            86.96837701841781,
            69.4134678522162,
            55.2831022663536,
            65.98286608926131,
            80.20904523996174,
            67.5950286029463,
            24.677305329154258
        ],
        [
            45.314086924972614,
            48.558415710896504,
            32.101237653597835,
            77.22315977915899,
            14.8945149169151,
            15.978309421485772,
            74.28285869561317,
            65.8929958879792,
            60.260539538990194,
            22.012056194470343,
            0.0,
            54.20521920031821,
            44.85405083441536,
            38.483021440328834,
            34.26536170302333,
            94.69877478947991,
            68.44438843635686,
            40.36510583162953,
            80.70306087036722,
            89.8005961997712,
            58.02116224104959,
            45.314086924972614
        ],
        [
            92.37930819717639,
            38.61456728721389,
            34.18758444366554,
            84.56205736158319,
            42.61908056102709,
            66.37222912224188,
            109.06563178941796,
            48.785575986980376,
            90.56288244762541,
            68.29981746666685,
            54.20521920031821,
            0.0,
            93.32124817023731,
            19.91478334321237,
            51.020920810552326,
            80.70094890178692,
            42.19158146787464,
            13.85054253118542,
            88.59680468760935,
            81.79782218543342,
            15.165970008982379,
            92.37930819717639
        ],
        [
            3.552884496296527,
            69.95620947202804,
            61.22313271465124,
            69.26353175226951,
            59.693334867078775,
            46.28102199995159,
            38.823853627255176,
            82.21450979539907,
            35.75511752832324,
            25.144176175999398,
            44.85405083441536,
            93.32124817023731,
            0.0,
            74.06017373874079,
            48.67636751336597,
            99.21521585827732,
            89.6245108857517,
            80.4144329808674,
            70.95093190275045,
            90.83792474274111,
            91.69006463330172,
            3.552884496296527
        ],
        [
            72.92641411864818,
            23.435600235849986,
            14.340736629025477,
            68.58807401154243,
            30.84852651263669,
            52.903749098629824,
            89.34181380848416,
            38.598721572448916,
            70.98155358389022,
            49.31606558394032,
            38.483021440328834,
            19.91478334321237,
            74.06017373874079,
            0.0,
            31.350322161956736,
            71.49835617812393,
            36.1227489855633,
            11.156542324275604,
            72.64910372174022,
            70.35787578542235,
            19.540165350891783,
            72.92641411864818
        ],
        [
            46.59661314088205,
            21.296209258674065,
            17.079193037312674,
            44.26154661288775,
            39.599589163962534,
            49.55420736274632,
            58.04507710862829,
            35.42754784332712,
            39.63257441246013,
            28.29671374881917,
            34.26536170302333,
            51.020920810552326,
            48.67636751336597,
            31.350322161956736,
            0.0,
            60.91825039259615,
            41.42762651772772,
            41.33667952454157,
            48.036527362561834,
            55.58048405925252,
            45.140944950633404,
            46.59661314088205
        ],
        [
            95.98368432517748,
            49.25147619431157,
            66.00145170038127,
            33.97877281248986,
            96.3723876824179,
            110.34217046597482,
            82.56973361633905,
            32.946603670671514,
            68.5109912734742,
            86.96837701841781,
            94.69877478947991,
            80.70094890178692,
            99.21521585827732,
            71.49835617812393,
            60.91825039259615,
            0.0,
            38.61050621980317,
            81.58350816647129,
            34.99665385577644,
            9.980345116295936,
            65.82318544795845,
            95.98368432517748
        ],
        [
            87.24029051430807,
            20.68418772748057,
            36.36734957798789,
            50.3503170977398,
            65.32621225606198,
            84.31018493622615,
            89.18693985350824,
            10.428111788998985,
            70.81741938269064,
            69.4134678522162,
            68.44438843635686,
            42.19158146787464,
            89.6245108857517,
            36.1227489855633,
            41.42762651772772,
            38.61050621980317,
            0.0,
            44.749197491987196,
            53.94734178724212,
            40.84356345277602,
            27.219328071296307,
            87.24029051430807
        ],
        [
            79.68407408350271,
            34.42475211127921,
            24.344206945958007,
            79.74365363562417,
            29.03451099640446,
            52.69120441470501,
            98.84563791440287,
            48.65183701716593,
            80.8089624162972,
            55.2831022663536,
            40.36510583162953,
            13.85054253118542,
            80.4144329808674,
            11.156542324275604,
            41.33667952454157,
            81.58350816647129,
            44.749197491987196,
            0.0,
            83.80439101874285,
            80.97990117320353,
            22.055251802683514,
            79.68407408350271
        ],
        [
            67.45482032385704,
            50.0908895465605,
            61.27913263166389,
            4.063349826466695,
            87.63142970005482,
            94.3947444290804,
            48.065279197930394,
            43.7157028735486,
            36.474445048295514,
            65.98286608926131,
            80.70306087036722,
            88.59680468760935,
            70.95093190275045,
            72.64910372174022,
            48.036527362561834,
            34.99665385577644,
            53.94734178724212,
            83.80439101874285,
            0.0,
            25.022181704320413,
            76.3849330383297,
            67.45482032385704
        ],
        [
            87.52688504434173,
            47.18960962314553,
            63.01133434926972,
            24.142523738100696,
            92.89921295594492,
            105.10527326432246,
            72.72839897698691,
            33.01637456120976,
            59.135448705201966,
            80.20904523996174,
            89.8005961997712,
            81.79782218543342,
            90.83792474274111,
            70.35787578542235,
            55.58048405925252,
            9.980345116295936,
            40.84356345277602,
            80.97990117320353,
            25.022181704320413,
            0.0,
            67.44891144539747,
            87.52688504434173
        ],
        [
            90.20171593447441,
            27.93871366067789,
            30.47187878620644,
            72.43001049246143,
            49.47750077733955,
            72.23712945562282,
            102.06422791290858,
            34.63031675915892,
            83.2345952474677,
            67.5950286029463,
            58.02116224104959,
            15.165970008982379,
            91.69006463330172,
            19.540165350891783,
            45.140944950633404,
            65.82318544795845,
            27.219328071296307,
            22.055251802683514,
            76.3849330383297,
            67.44891144539747,
            0.0,
            90.20171593447441
        ],
        [
            0.0,
            67.80839543261101,
            59.787779369649165,
            65.80684464690367,
            60.032068608710055,
            47.90777115897054,
            35.78528955349822,
            79.61416308757235,
            32.202728784296205,
            24.677305329154258,
            45.314086924972614,
            92.37930819717639,
            3.552884496296527,
            72.92641411864818,
            46.59661314088205,
            95.98368432517748,
            87.24029051430807,
            79.68407408350271,
            67.45482032385704,
            87.52688504434173,
            90.20171593447441,
            0.0
        ]
    ],
    "scores_ave": [
        0,
        11.585353389592909,
        16.522721294298137,
        11.208404827401177,
        16.907228755989575,
        18.203928089688283,
        17.066090654744357,
        11.341488173012694,
        10.08703051560335,
        17.380050833747724,
        15.300548036575414,
        19.551974235032972,
        19.291482960740506,
        12.890824470811488,
        13.898109939703328,
        11.751524022193294,
        19.395082201527217,
        19.56285831782389,
        17.21410867435248,
        17.957531709970326,
        19.77308726377072,
        0
    ],
    "scores_var": [
        0,
        23.679553452718462,
        388.04893865569863,
        17.301934336573204,
        20.00761962388274,
        286.7523503158575,
        375.48339015024703,
        375.11080574434334,
        17.50530922531073,
        250.2229139609898,
        16.522842938447578,
        395.9337103171151,
        352.235195122098,
        242.9784836999823,
        22.40716691090987,
        17.58144904587922,
        20.849457687929124,
        16.659841202053776,
        23.25330729825004,
        18.917122373068374,
        301.58929911115524,
        0
    ],
    "vertex_number": 22,
    "minimum_distances": {
        "cost": 422.29508676160447,
        "path": [
            0,
            12,
            9,
            5,
            10,
            4,
            14,
            1,
            2,
            13,
            17,
            11,
            20,
            16,
            7,
            15,
            19,
            3,
            18,
            8,
            6,
            21
        ]
    }
}