{
    "vertices": [
        [
            14.27568389213989,
            20.719313474792557
        ],
        [
            47.008811781901215,
            14.455846495069192
        ],
        [
            4.754050600888271,
            49.682542710980336
        ],
        [
            13.72335861026609,
            54.058789886959644
        ],
        [
            71.86367803988112,
            12.30457930553499
        ],
        [
            66.72419451200851,
            80.05936546028401
        ],
        [
            52.487842818587794,
            16.88308718362519
        ],
        [
            9.72682685434153,
            23.263004158063406
        ],
        [
            20.409627330550673,
            65.64601678705233
        ],
        [
            84.98106424925433,
            74.1786225798638
        ],
        [
            83.87842974945838,
            67.40718740107269
        ],
        [
            7.6306522107656765,
            51.300706924732296
        ],
        [
            21.85388275738559,
            96.9096405197914
        ],
        [
            82.94153657305343,
            49.26463424583493
        ],
        [
            71.90516501746232,
            19.6995139890237
        ],
        [
            67.27572392897076,
            26.06708980597209
        ],
        [
            14.27568389213989,
            20.719313474792557
        ]
    ],
    "distances": [
        [
            0.0,
            33.3269962650935,
            30.488196868969368,
            33.344051203392226,
            58.19952595253289,
            79.19651530139,
            38.4042409373907,
            5.211761951824602,
            45.34351036932889,
            88.6405581065224,
            83.81109593982586,
            31.295016718105202,
            76.5662786954224,
            74.36285808331081,
            57.638503500395196,
            53.26915576197918,
            0.0
        ],
        [
            33.3269962650935,
            0.0,
            55.012589184226975,
            51.73310852966787,
            24.94779203101618,
            68.50195629917377,
            5.992601977535017,
            38.30812480714274,
            57.688388329014714,
            70.7721833824485,
            64.52296670812194,
            53.92757357132961,
            86.20556016464212,
            50.02811625070989,
            25.442571670666258,
            23.3574120827206,
            33.3269962650935
        ],
        [
            30.488196868969368,
            55.012589184226975,
            0.0,
            9.979981238076352,
            76.81675756850997,
            69.01485417435558,
            57.916484720444316,
            26.88346184954558,
            22.359105244078297,
            83.88344084429197,
            81.08532792704666,
            3.3004987872466764,
            50.22751265216491,
            78.18860281481415,
            73.54083341062633,
            66.83299523178745,
            30.488196868969368
        ],
        [
            33.344051203392226,
            51.73310852966787,
            9.979981238076352,
            0.0,
            71.58010089861305,
            59.034892533378766,
            53.70957184174839,
            31.05402847838268,
            13.377967582338044,
            74.04369169971977,
            71.4136802212287,
            6.687906465931029,
            43.61537369854981,
            69.38400456012485,
            67.56983377983805,
            60.42674163523929,
            33.344051203392226
        ],
        [
            58.19952595253289,
            24.94779203101618,
            76.81675756850997,
            71.58010089861305,
            0.0,
            67.94943221108653,
            19.90943808630583,
            63.095763332433066,
            74.11361741942551,
            63.24921384554411,
            56.39726657891504,
            75.14372612837705,
            98.28019132696673,
            38.58451257785912,
            7.395051057455459,
            14.507102336388913,
            58.19952595253289
        ],
        [
            79.19651530139,
            68.50195629917377,
            69.01485417435558,
            59.034892533378766,
            67.94943221108653,
            0.0,
            64.76044970835669,
            80.46444293646506,
            48.50550229800656,
            19.180626408654526,
            21.315379335675804,
            65.71991465661864,
            47.929913900800074,
            34.803989054346935,
            60.581796977400636,
            53.99509250875471,
            79.19651530139
        ],
        [
            38.4042409373907,
            5.992601977535017,
            57.916484720444316,
            53.70957184174839,
            19.90943808630583,
            64.76044970835669,
            0.0,
            43.23433620278272,
            58.368100983377346,
            65.86795742456235,
            59.481540419252944,
            56.53972141662824,
            85.68949030013883,
            44.4521321584565,
            19.620516336862106,
            17.407680256200024,
            38.4042409373907
        ],
        [
            5.211761951824602,
            38.30812480714274,
            26.88346184954558,
            31.05402847838268,
            63.095763332433066,
            80.46444293646506,
            43.23433620278272,
            0.0,
            43.70860310652273,
            90.86033482859433,
            86.29698213789104,
            28.115951425631014,
            74.63841190882984,
            77.6947777293722,
            62.28036768446575,
            57.61717149276834,
            5.211761951824602
        ],
        [
            45.34351036932889,
            57.688388329014714,
            22.359105244078297,
            13.377967582338044,
            74.11361741942551,
            48.50550229800656,
            58.368100983377346,
            43.70860310652273,
            0.0,
            65.13275541048179,
            63.49323272933921,
            19.211718303110228,
            31.296965390277496,
            64.64200930876378,
            69.01356041412,
            61.342664364584984,
            45.34351036932889
        ],
        [
            88.6405581065224,
            70.7721833824485,
            83.88344084429197,
            74.04369169971977,
            63.24921384554411,
            19.180626408654526,
            65.86795742456235,
            90.86033482859433,
            65.13275541048179,
            0.0,
            6.860622218189109,
            80.66278737588532,
            67.09500890299252,
            24.997329614383137,
            56.026354633980304,
            51.26596006816136,
            88.6405581065224
        ],
        [
            83.81109593982586,
            64.52296670812194,
            81.08532792704666,
            71.4136802212287,
            56.39726657891504,
            21.315379335675804,
            59.481540419252944,
            86.29698213789104,
            63.49323272933921,
            6.860622218189109,
            0.0,
            77.93036823295976,
            68.68361645686721,
            18.16672793363246,
            49.18720535599869,
            44.54945016197277,
            83.81109593982586
        ],
        [
            31.295016718105202,
            53.92757357132961,
            3.3004987872466764,
            6.687906465931029,
            75.14372612837705,
            65.71991465661864,
            56.53972141662824,
            28.115951425631014,
            19.211718303110228,
            80.66278737588532,
            77.93036823295976,
            0.0,
            47.77525626159228,
            75.33840252742044,
            71.62295994650103,
            64.76318408761274,
            31.295016718105202
        ],
        [
            76.5662786954224,
            86.20556016464212,
            50.22751265216491,
            43.61537369854981,
            98.28019132696673,
            47.929913900800074,
            85.68949030013883,
            74.63841190882984,
            31.296965390277496,
            67.09500890299252,
            68.68361645686721,
            47.77525626159228,
            0.0,
            77.47094985572481,
            92.01377339711175,
            84.15349456235772,
            76.5662786954224
        ],
        [
            74.36285808331081,
            50.02811625070989,
            78.18860281481415,
            69.38400456012485,
            38.58451257785912,
            34.803989054346935,
            44.4521321584565,
            77.6947777293722,
            64.64200930876378,
            24.997329614383137,
            18.16672793363246,
            75.33840252742044,
            77.47094985572481,
            0.0,
            31.55784899058822,
            27.9918515614618,
            74.36285808331081
        ],
        [
            57.638503500395196,
            25.442571670666258,
            73.54083341062633,
            67.56983377983805,
            7.395051057455459,
            60.581796977400636,
            19.620516336862106,
            62.28036768446575,
            69.01356041412,
            56.026354633980304,
            49.18720535599869,
            71.62295994650103,
            92.01377339711175,
            31.55784899058822,
            0.0,
            7.872594653378254,
            57.638503500395196
        ],
        [
            53.26915576197918,
            23.3574120827206,
            66.83299523178745,
            60.42674163523929,
            14.507102336388913,
            53.99509250875471,
            17.407680256200024,
            57.61717149276834,
            61.342664364584984,
            51.26596006816136,
            44.54945016197277,
            64.76318408761274,
            84.15349456235772,
            27.9918515614618,
            7.872594653378254,
            0.0,
            53.26915576197918
        ],
        [
            0.0,
            33.3269962650935,
            30.488196868969368,
            33.344051203392226,
            58.19952595253289,
            79.19651530139,
            38.4042409373907,
            5.211761951824602,
            45.34351036932889,
            88.6405581065224,
            83.81109593982586,
            31.295016718105202,
            76.5662786954224,
            74.36285808331081,
            57.638503500395196,
            53.26915576197918,
            0.0
        ]
    ],
    "scores_ave": [
        0,
        19.52813075165396,
        10.102225737476813,
        16.99757576188183,
        17.56814823638284,
        18.094677221221346,
        18.685801637467463,
        16.239576628611076,
        10.841789195984035,
        17.665003463098436,
        14.41956011302834,
        16.89934495093783,
        19.240787662598276,
        13.296446680325928,
        19.079681708947007,
        12.524981357721078,
        0
    ],
    "scores_var": [
        0,
        21.738414644453165,
        291.33376481552483,
        275.83561464619083,
        376.8701174329933,
        325.58643535955684,
        21.958237070795516,
        298.9815450928701,
        248.38213757278717,
        280.11535939141487,
        21.05276422736476,
        326.18779018792594,
        234.50882900519602,
        251.85670739287696,
        22.210901162980324,
        378.2111056730443,
        0
    ],
    "vertex_number": 17,
    "minimum_distances": {
        "cost": 281.38498608966944,
        "path": [
            0,
            7,
            2,
            11,
            3,
            8,
            12,
            5,
            9,
            10,
            13,
            15,
            14,
            4,
            6,
            1,
            16
        ]
    }
}