{
    "vertices": [
        [
            69.74663890656237,
            27.527766692008115
        ],
        [
            41.71976018470664,
            26.92897764962926
        ],
        [
            4.2255411766090045,
            19.638096793492675
        ],
        [
            84.13809238129022,
            94.05607311443876
        ],
        [
            72.08657005402506,
            82.44767217638628
        ],
        [
            49.41085534524979,
            13.573689516658472
        ],
        [
            52.04428107328568,
            2.966467354181035
        ],
        [
            88.15923554936256,
            25.801639566044678
        ],
        [
            67.64000439374477,
            64.65098110542147
        ],
        [
            50.83730009145798,
            41.14432709392025
        ],
        [
            19.698336192490316,
            76.26126138382574
        ],
        [
            73.02403770468443,
            33.49353916778897
        ],
        [
            82.15824778540417,
            62.317304119637285
        ],
        [
            25.156455317993508,
            12.317594013186284
        ],
        [
            29.694738447892043,
            89.8406655003507
        ],
        [
            34.13238917447479,
            65.93851325637416
        ],
        [
            92.19028109597325,
            97.16565763799012
        ],
        [
            16.664389284954883,
            70.864989022677
        ],
        [
            17.49146971471658,
            88.21895082496691
        ],
        [
            40.846573109260596,
            6.8319941249946
        ],
        [
            90.5780121890917,
            8.143214010947764
        ],
        [
            22.14373320300084,
            57.09309413426665
        ],
        [
            61.892581711027574,
            33.63399256723627
        ],
        [
            63.78387160067807,
            45.92960937210331
        ],
        [
            69.74663890656237,
            27.527766692008115
        ]
    ],
    "distances": [
        [
            0.0,
            28.033274500259196,
            65.9944023296343,
            68.06709549078823,
            54.969730726900025,
            24.662935001093537,
            30.275912835449198,
            18.49332933750556,
            37.182939062893546,
            23.30179846285121,
            69.8554658522639,
            6.806745486259667,
            36.93724339186339,
            47.11298998558523,
            74.074638630573,
            52.38091480311754,
            73.16524400376717,
            68.52619983793406,
            80.08759291381618,
            35.546150357442656,
            28.455350911223718,
            56.036998654372425,
            9.948477716215567,
            19.343795076641392,
            0.0
        ],
        [
            28.033274500259196,
            0.0,
            38.196510346961915,
            79.40630864031753,
            63.28087059763554,
            15.411575710588478,
            26.09209901939986,
            46.453156655917205,
            45.76907913182189,
            16.8880340411342,
            54.024229129865674,
            31.98517248622384,
            53.736439496673384,
            22.087000699031012,
            64.05061760824383,
            39.740559471411636,
            86.48967971291148,
            50.5781050089533,
            65.90501400448846,
            20.115943986255356,
            52.34533125707014,
            35.95962674566084,
            21.257938596630904,
            29.117847077513954,
            28.033274500259196
        ],
        [
            65.9944023296343,
            38.196510346961915,
            0.0,
            109.19730326224035,
            92.46708603649674,
            45.5904557132092,
            50.64163419033533,
            84.15969528561686,
            77.76602020932118,
            51.33394598967658,
            58.69914951536717,
            70.17981481815873,
            88.8539334940248,
            22.174149989356604,
            74.67985446346727,
            55.11939877941082,
            117.25322238462638,
            52.71545721819137,
            69.85211807572159,
            38.7955699193658,
            87.1141870199459,
            41.52033756235656,
            59.34115488013161,
            65.10328990591667,
            65.9944023296343
        ],
        [
            68.06709549078823,
            79.40630864031753,
            109.19730326224035,
            0.0,
            16.73302610836272,
            87.65497739283029,
            96.57809794064582,
            68.37278180233913,
            33.71715206395054,
            62.51876225638514,
            66.85160807489927,
            61.57388025286121,
            31.80045977543769,
            100.7968872359278,
            54.60630411289684,
            57.36869813391233,
            8.631758743499429,
            71.34792912820652,
            66.90175116903067,
            97.37656595114304,
            86.15388515016146,
            72.17729826625127,
            64.38703722515422,
            52.25371580977024,
            68.06709549078823
        ],
        [
            54.969730726900025,
            63.28087059763554,
            92.46708603649674,
            16.73302610836272,
            0.0,
            72.5107821290479,
            81.96923366469159,
            58.8821160168085,
            18.34377712595044,
            46.44887284900814,
            52.752239057931604,
            48.9631084002994,
            22.509340515104793,
            84.38402415335278,
            43.031659707835125,
            41.389276080693115,
            24.91542280809482,
            56.61957850636751,
            54.89929542625045,
            81.81484080703581,
            76.57079035437678,
            56.01019175491152,
            49.866749596518886,
            37.45001618937923,
            54.969730726900025
        ],
        [
            24.662935001093537,
            15.411575710588478,
            45.5904557132092,
            87.65497739283029,
            72.5107821290479,
            0.0,
            10.929231128914507,
            40.63200377599858,
            54.23275385849186,
            27.60751348873535,
            69.37265643612301,
            30.89308646386047,
            58.72249718969051,
            24.28690380834932,
            78.7742146340245,
            54.54820156359885,
            93.90258996406536,
            65.9895752261398,
            81.18350950049116,
            10.899421405361938,
            41.52378675920108,
            51.355959032924495,
            23.626452369138562,
            35.40464864916435,
            24.662935001093537
        ],
        [
            30.275912835449198,
            26.09209901939986,
            50.64163419033533,
            96.57809794064582,
            81.96923366469159,
            10.929231128914507,
            0.0,
            42.72862069801195,
            63.62551235640685,
            38.196934136101746,
            80.11483621701721,
            37.041224356463914,
            66.55353345915162,
            28.46750329129184,
            89.70300083667344,
            65.46995063769795,
            102.39721074300267,
            76.56334624166587,
            91.98849227331362,
            11.84613695950993,
            38.87990663123539,
            61.83635249215365,
            32.21003148313776,
            44.538180899122935,
            30.275912835449198
        ],
        [
            18.49332933750556,
            46.453156655917205,
            84.15969528561686,
            68.37278180233913,
            58.8821160168085,
            40.63200377599858,
            42.72862069801195,
            0.0,
            43.935295438415146,
            40.35250830991828,
            85.04744660920325,
            16.977618598639314,
            37.005480836406896,
            64.42957241324629,
            86.71271108633712,
            67.30429970551056,
            71.47777559194051,
            84.51164716547568,
            94.28602161960987,
            50.97387051549242,
            17.82331264153213,
            73.05615428584775,
            27.40953953276474,
            31.61160445381467,
            18.49332933750556
        ],
        [
            37.182939062893546,
            45.76907913182189,
            77.76602020932118,
            33.71715206395054,
            18.34377712595044,
            54.23275385849186,
            63.62551235640685,
            43.935295438415146,
            0.0,
            28.894526379342384,
            49.32749900473645,
            31.619203070132052,
            14.704606062504377,
            67.40649335648231,
            45.54517985053558,
            33.532342845712265,
            40.74211919099881,
            51.35296710137792,
            55.410510980815765,
            63.725373403685495,
            60.985899547540335,
            46.11976092447215,
            31.544990814259624,
            19.114379919182536,
            37.182939062893546
        ],
        [
            23.30179846285121,
            16.8880340411342,
            51.33394598967658,
            62.51876225638514,
            46.44887284900814,
            27.60751348873535,
            38.196934136101746,
            40.35250830991828,
            28.894526379342384,
            0.0,
            46.934359978833754,
            23.468827874625386,
            37.80604079480493,
            38.60681712323174,
            53.08805220617515,
            29.896583687819003,
            69.63087328109376,
            45.289133116815854,
            57.688513613491814,
            35.737246947732686,
            51.65653552787051,
            32.82809697331851,
            13.365043074778875,
            13.802631644916199,
            23.30179846285121
        ],
        [
            69.8554658522639,
            54.024229129865674,
            58.69914951536717,
            66.85160807489927,
            52.752239057931604,
            69.37265643612301,
            80.11483621701721,
            85.04744660920325,
            49.32749900473645,
            46.934359978833754,
            0.0,
            68.35721253324851,
            63.99745698369685,
            64.17619232390751,
            16.86203647877965,
            17.745450526530448,
            75.44584719280928,
            6.190685683625174,
            12.159629781432512,
            72.57872330639366,
            98.30562978424399,
            19.323524581351187,
            59.978649548321634,
            53.51208784925889,
            69.8554658522639
        ],
        [
            6.806745486259667,
            31.98517248622384,
            70.17981481815873,
            61.57388025286121,
            48.9631084002994,
            30.89308646386047,
            37.041224356463914,
            16.977618598639314,
            31.619203070132052,
            23.468827874625386,
            68.35721253324851,
            0.0,
            30.236455146033926,
            52.34239292139197,
            71.08042501295516,
            50.648165504846496,
            66.49423701507862,
            67.62422076631962,
            77.96625416555544,
            41.78788355323475,
            30.83473699833999,
            56.086935919158975,
            11.132342057991906,
            15.493111751880674,
            6.806745486259667
        ],
        [
            36.93724339186339,
            53.736439496673384,
            88.8539334940248,
            31.80045977543769,
            22.509340515104793,
            58.72249718969051,
            66.55353345915162,
            37.005480836406896,
            14.704606062504377,
            37.80604079480493,
            63.99745698369685,
            30.236455146033926,
            0.0,
            75.82331669893433,
            59.244875168241926,
            48.16218694088721,
            36.26361034542013,
            66.04928779690609,
            69.66123375372615,
            69.17567556409635,
            54.824487883773386,
            60.24146686903257,
            35.12021615893388,
            24.62060599002759,
            36.93724339186339
        ],
        [
            47.11298998558523,
            22.087000699031012,
            22.174149989356604,
            100.7968872359278,
            84.38402415335278,
            24.28690380834932,
            28.46750329129184,
            64.42957241324629,
            67.40649335648231,
            38.60681712323174,
            64.17619232390751,
            52.34239292139197,
            75.82331669893433,
            0.0,
            77.65579583373753,
            54.36699705777765,
            108.1329168168107,
            59.16005956645773,
            76.28740374509857,
            16.621419988591967,
            65.55459977638048,
            44.87674125463027,
            42.47271865186026,
            51.2039536087193,
            47.11298998558523
        ],
        [
            74.074638630573,
            64.05061760824383,
            74.67985446346727,
            54.60630411289684,
            43.031659707835125,
            78.7742146340245,
            89.70300083667344,
            86.71271108633712,
            45.54517985053558,
            53.08805220617515,
            16.86203647877965,
            71.08042501295516,
            59.244875168241926,
            77.65579583373753,
            0.0,
            24.310607270600475,
            62.92335306302912,
            23.018824841711538,
            12.310553450696398,
            83.75442041955974,
            101.8884026830787,
            33.606861064150905,
            64.77569909315946,
            55.59001573490034,
            74.074638630573
        ],
        [
            52.38091480311754,
            39.740559471411636,
            55.11939877941082,
            57.36869813391233,
            41.389276080693115,
            54.54820156359885,
            65.46995063769795,
            67.30429970551056,
            33.532342845712265,
            29.896583687819003,
            17.745450526530448,
            50.648165504846496,
            48.16218694088721,
            54.36699705777765,
            24.310607270600475,
            0.0,
            65.92308670411819,
            18.1494127622972,
            27.80895716696544,
            59.48664446527703,
            80.78616819961591,
            14.898634549786879,
            42.59354818069774,
            35.77103080317132,
            52.38091480311754
        ],
        [
            73.16524400376717,
            86.48967971291148,
            117.25322238462638,
            8.631758743499429,
            24.91542280809482,
            93.90258996406536,
            102.39721074300267,
            71.47777559194051,
            40.74211919099881,
            69.63087328109376,
            75.44584719280928,
            66.49423701507862,
            36.26361034542013,
            108.1329168168107,
            62.92335306302912,
            65.92308670411819,
            0.0,
            79.97428026223285,
            75.23267896712674,
            103.90547200943712,
            89.03704218109468,
            80.69900381964098,
            70.38624194175296,
            58.5837583492104,
            73.16524400376717
        ],
        [
            68.52619983793406,
            50.5781050089533,
            52.71545721819137,
            71.34792912820652,
            56.61957850636751,
            65.9895752261398,
            76.56334624166587,
            84.51164716547568,
            51.35296710137792,
            45.289133116815854,
            6.190685683625174,
            67.62422076631962,
            66.04928779690609,
            59.16005956645773,
            23.018824841711538,
            18.1494127622972,
            79.97428026223285,
            0.0,
            17.373659725936626,
            68.44707773220952,
            96.93938679111251,
            14.821885797348804,
            58.58102497562585,
            53.31058780411256,
            68.52619983793406
        ],
        [
            80.08759291381618,
            65.90501400448846,
            69.85211807572159,
            66.90175116903067,
            54.89929542625045,
            81.18350950049116,
            91.98849227331362,
            94.28602161960987,
            55.410510980815765,
            57.688513613491814,
            12.159629781432512,
            77.96625416555544,
            69.66123375372615,
            76.28740374509857,
            12.310553450696398,
            27.80895716696544,
            75.23267896712674,
            17.373659725936626,
            0.0,
            84.67170469202217,
            108.41478827709206,
            31.47161435793266,
            70.36317513093869,
            62.70067681363781,
            80.08759291381618
        ],
        [
            35.546150357442656,
            20.115943986255356,
            38.7955699193658,
            97.37656595114304,
            81.81484080703581,
            10.899421405361938,
            11.84613695950993,
            50.97387051549242,
            63.725373403685495,
            35.737246947732686,
            72.57872330639366,
            41.78788355323475,
            69.17567556409635,
            16.621419988591967,
            83.75442041955974,
            59.48664446527703,
            103.90547200943712,
            68.44707773220952,
            84.67170469202217,
            0.0,
            49.74872189856007,
            53.62811198150863,
            34.07758205277444,
            45.329275089012064,
            35.546150357442656
        ],
        [
            28.455350911223718,
            52.34533125707014,
            87.1141870199459,
            86.15388515016146,
            76.57079035437678,
            41.52378675920108,
            38.87990663123539,
            17.82331264153213,
            60.985899547540335,
            51.65653552787051,
            98.30562978424399,
            30.83473699833999,
            54.824487883773386,
            65.55459977638048,
            101.8884026830787,
            80.78616819961591,
            89.03704218109468,
            96.93938679111251,
            108.41478827709206,
            49.74872189856007,
            0.0,
            84.13882162493962,
            38.374909942794496,
            46.32210751100636,
            28.455350911223718
        ],
        [
            56.036998654372425,
            35.95962674566084,
            41.52033756235656,
            72.17729826625127,
            56.01019175491152,
            51.355959032924495,
            61.83635249215365,
            73.05615428584775,
            46.11976092447215,
            32.82809697331851,
            19.323524581351187,
            56.086935919158975,
            60.24146686903257,
            44.87674125463027,
            33.606861064150905,
            14.898634549786879,
            80.69900381964098,
            14.821885797348804,
            31.47161435793266,
            53.62811198150863,
            84.13882162493962,
            0.0,
            46.15517743489138,
            43.11060794993231,
            56.036998654372425
        ],
        [
            9.948477716215567,
            21.257938596630904,
            59.34115488013161,
            64.38703722515422,
            49.866749596518886,
            23.626452369138562,
            32.21003148313776,
            27.40953953276474,
            31.544990814259624,
            13.365043074778875,
            59.978649548321634,
            11.132342057991906,
            35.12021615893388,
            42.47271865186026,
            64.77569909315946,
            42.59354818069774,
            70.38624194175296,
            58.58102497562585,
            70.36317513093869,
            34.07758205277444,
            38.374909942794496,
            46.15517743489138,
            0.0,
            12.440223874947865,
            9.948477716215567
        ],
        [
            19.343795076641392,
            29.117847077513954,
            65.10328990591667,
            52.25371580977024,
            37.45001618937923,
            35.40464864916435,
            44.538180899122935,
            31.61160445381467,
            19.114379919182536,
            13.802631644916199,
            53.51208784925889,
            15.493111751880674,
            24.62060599002759,
            51.2039536087193,
            55.59001573490034,
            35.77103080317132,
            58.5837583492104,
            53.31058780411256,
            62.70067681363781,
            45.329275089012064,
            46.32210751100636,
            43.11060794993231,
            12.440223874947865,
            0.0,
            19.343795076641392
        ],
        [
            0.0,
            28.033274500259196,
            65.9944023296343,
            68.06709549078823,
            54.969730726900025,
            24.662935001093537,
            30.275912835449198,
            18.49332933750556,
            37.182939062893546,
            23.30179846285121,
            69.8554658522639,
            6.806745486259667,
            36.93724339186339,
            47.11298998558523,
            74.074638630573,
            52.38091480311754,
            73.16524400376717,
            68.52619983793406,
            80.08759291381618,
            35.546150357442656,
            28.455350911223718,
            56.036998654372425,
            9.948477716215567,
            19.343795076641392,
            0.0
        ]
    ],
    "scores_ave": [
        0,
        13.561559753779894,
        14.890324730593447,
        15.925506953243065,
        18.650546701019326,
        16.513347008796885,
        19.103203439204083,
        15.367507754113845,
        12.557785056531117,
        17.628833437641074,
        14.520463983866556,
        18.35451150810281,
        18.042823116316264,
        11.781069798926808,
        13.01189422389606,
        14.927935381240033,
        16.507484414279077,
        12.316194250649236,
        19.221479996067302,
        15.950246226137597,
        14.380449040620949,
        14.380198487514196,
        14.287026057103748,
        12.072275321339786,
        0
    ],
    "scores_var": [
        0,
        351.8618624925285,
        268.60647924098566,
        241.69849855920577,
        19.78992849076368,
        357.71339259500246,
        303.8085055800423,
        20.652183122434373,
        254.181310225371,
        247.84102316729658,
        21.692269634619166,
        378.25807583139726,
        326.2795819281972,
        250.53118837249855,
        327.6211947647693,
        326.23368289294905,
        352.90641950813597,
        24.2189621817392,
        24.445561711181234,
        316.705912262919,
        368.3243627750443,
        242.98647485991202,
        313.2228148687506,
        19.951880577077453,
        0
    ],
    "vertex_number": 25,
    "minimum_distances": {
        "cost": 446.56435127428296,
        "path": [
            0,
            11,
            7,
            20,
            6,
            5,
            1,
            19,
            13,
            2,
            21,
            15,
            17,
            10,
            18,
            14,
            4,
            3,
            16,
            12,
            8,
            23,
            9,
            22,
            24
        ]
    }
}