{
    "vertices": [
        [
            77.28562302606696,
            44.39755914822445
        ],
        [
            4.825024185640048,
            7.167998550374999
        ],
        [
            9.014268765418098,
            35.89745758490004
        ],
        [
            87.79334940094245,
            0.9025734694396381
        ],
        [
            60.14947997700436,
            67.75751870688023
        ],
        [
            87.49097490814214,
            39.93902481655104
        ],
        [
            26.69490945215167,
            32.649607607433495
        ],
        [
            39.697849838701046,
            63.807212624528695
        ],
        [
            7.252875066386954,
            64.62478532299916
        ],
        [
            29.307149682263432,
            1.9449867933172604
        ],
        [
            76.29850825811475,
            9.581593538428423
        ],
        [
            7.375717426673988,
            48.948052150814256
        ],
        [
            83.43543776929138,
            25.687094453070525
        ],
        [
            47.242602312254625,
            51.413247025031914
        ],
        [
            52.93266821090239,
            99.8002136858873
        ],
        [
            71.65254442024607,
            82.04161192250217
        ],
        [
            16.92553369346762,
            70.670483860451
        ],
        [
            62.69865931040871,
            27.741735759108877
        ],
        [
            7.343690153063898,
            39.255572471200786
        ],
        [
            58.60508296832525,
            38.973640454202375
        ],
        [
            25.253562908351988,
            44.36810324578254
        ],
        [
            10.13011067879761,
            81.13656285801389
        ],
        [
            34.273684168405204,
            9.981795669907145
        ],
        [
            77.28562302606696,
            44.39755914822445
        ]
    ],
    "distances": [
        [
            0.0,
            81.46519849986387,
            68.79847047115109,
            44.7462411020965,
            28.971280765267693,
            11.136774013316687,
            51.936833416398315,
            42.30337269361715,
            72.89531168401405,
            64.06367772732608,
            34.82995631504021,
            70.0578467231377,
            19.695220498501204,
            30.851304186295593,
            60.51876186811046,
            38.063188041097696,
            65.8301371498928,
            22.14036953646754,
            70.13069228945594,
            19.452029992991857,
            52.03206845536408,
            76.54813669980588,
            55.08603870392853,
            0.0
        ],
        [
            81.46519849986387,
            0.0,
            29.03328411609083,
            83.20455841164592,
            82.04806738373658,
            88.9246848259444,
            33.57981956037209,
            66.51401762009719,
            57.5080586190661,
            25.033064547649378,
            71.51422492221147,
            41.857841736829116,
            80.7623305560578,
            61.29349840490084,
            104.37946490844448,
            100.35923196251284,
            64.64509239613975,
            61.421790150474266,
            32.18627158246072,
            62.481145792819575,
            42.440228365250626,
            74.15856288004233,
            29.582782644815573,
            81.46519849986387
        ],
        [
            68.79847047115109,
            29.03328411609083,
            0.0,
            86.20200380520717,
            60.24843002394213,
            78.58070801856786,
            17.976473084826956,
            41.4781457378799,
            28.78127632220548,
            39.55466203570127,
            72.24744690729865,
            13.153055501044987,
            75.1183194113586,
            41.25706251926686,
            77.53959019207788,
            77.7999778698083,
            35.66162460014888,
            54.30036451707082,
            3.7507023995046533,
            49.68613241491681,
            18.315744925417434,
            45.25286454013195,
            36.18921937529014,
            68.79847047115109
        ],
        [
            44.7462411020965,
            83.20455841164592,
            86.20200380520717,
            0.0,
            72.34478018094269,
            39.03762241875511,
            68.85414686665531,
            79.18440948427617,
            102.69999167256594,
            58.49548857023939,
            14.403359408719703,
            93.67691046395215,
            25.164734732901902,
            64.77415559071638,
            104.86186310292,
            82.72888943115598,
            99.44751692966902,
            36.743490622845506,
            89.12407197569499,
            47.972502943871284,
            76.16086379024959,
            111.66499765825772,
            54.28431488347548,
            44.7462411020965
        ],
        [
            28.971280765267693,
            82.04806738373658,
            60.24843002394213,
            72.34478018094269,
            0.0,
            39.00546048178018,
            48.4950895531599,
            20.82964458309887,
            52.98928976240799,
            72.68107521826875,
            60.37573505663851,
            56.0255838509731,
            48.084887721608666,
            20.826010368356307,
            32.845344777989965,
            18.34000574094644,
            43.32199093195034,
            40.09689763805929,
            60.00676943605393,
            28.82528073385233,
            42.00940113443775,
            51.77775707181967,
            63.3055367339488,
            28.971280765267693
        ],
        [
            11.136774013316687,
            88.9246848259444,
            78.58070801856786,
            39.03762241875511,
            39.00546048178018,
            0.0,
            61.23150478452784,
            53.42165472109725,
            83.94962440652839,
            69.49031906119393,
            32.35498328724515,
            80.62020252288778,
            14.817722516301066,
            41.85199244847232,
            69.12046364594809,
            44.98314930431303,
            76.96690242427964,
            27.630287241511162,
            80.15019875658426,
            28.902019308793037,
            62.394808984112665,
            87.64667965752528,
            61.06976020766923,
            11.136774013316687
        ],
        [
            51.936833416398315,
            33.57981956037209,
            17.976473084826956,
            68.85414686665531,
            48.4950895531599,
            61.23150478452784,
            0.0,
            33.76200244501906,
            37.421981387939155,
            30.815540533284086,
            54.7051212190482,
            25.27588722579167,
            57.16611009271849,
            27.82592039927483,
            72.09454820848853,
            66.78891399165124,
            39.25592609736311,
            36.33671985657925,
            20.447700607714186,
            32.53079410772687,
            11.806803965736407,
            51.23843662596955,
            23.901203405577427,
            51.936833416398315
        ],
        [
            42.30337269361715,
            66.51401762009719,
            41.4781457378799,
            79.18440948427617,
            20.82964458309887,
            53.42165472109725,
            33.76200244501906,
            0.0,
            32.45527404126149,
            62.7287943016028,
            65.42190735529988,
            35.574076146039374,
            58.01827304730861,
            14.509778536170097,
            38.34914005226349,
            36.79124656161787,
            23.78408868710965,
            42.775645616214014,
            40.614956397640164,
            31.212013253822075,
            24.218100634961225,
            34.271819014211665,
            54.09803215975307,
            42.30337269361715
        ],
        [
            72.89531168401405,
            57.5080586190661,
            28.78127632220548,
            102.69999167256594,
            52.98928976240799,
            83.94962440652839,
            37.421981387939155,
            32.45527404126149,
            0.0,
            66.44658134587517,
            88.30091972725799,
            15.677214459123897,
            85.55656976681621,
            42.115591286334165,
            57.65374456389104,
            66.71329149190241,
            11.406611930007323,
            66.59274987239225,
            25.369375398299024,
            57.40235613181652,
            27.099039310671085,
            16.760587165584063,
            60.95884220320817,
            72.89531168401405
        ],
        [
            64.06367772732608,
            25.033064547649378,
            39.55466203570127,
            58.49548857023939,
            72.68107521826875,
            69.49031906119393,
            30.815540533284086,
            62.7287943016028,
            66.44658134587517,
            0.0,
            47.607830693949005,
            51.86786937770476,
            59.10633847024875,
            52.61928573627068,
            100.66682947199354,
            90.60133449679836,
            69.83192938490681,
            42.19555868157914,
            43.29518862549825,
            47.21747649729186,
            42.61633929929998,
            81.48045498492925,
            9.447579675285594,
            64.06367772732608
        ],
        [
            34.82995631504021,
            71.51422492221147,
            72.24744690729865,
            14.403359408719703,
            60.37573505663851,
            32.35498328724515,
            54.7051212190482,
            65.42190735529988,
            88.30091972725799,
            47.607830693949005,
            0.0,
            79.37297499574538,
            17.615984859185176,
            50.932631031176236,
            93.19528905703005,
            72.60880968727616,
            85.18804276088481,
            22.688028933244993,
            75.06871495905112,
            34.30670080879856,
            61.771253050105024,
            97.45958379010963,
            42.0267296076803,
            34.82995631504021
        ],
        [
            70.0578467231377,
            41.857841736829116,
            13.153055501044987,
            93.67691046395215,
            56.0255838509731,
            80.62020252288778,
            25.27588722579167,
            35.574076146039374,
            15.677214459123897,
            51.86786937770476,
            79.37297499574538,
            0.0,
            79.5371184517857,
            39.94303063424215,
            68.274285771041,
            72.29587945881755,
            23.728949199434606,
            59.24808649717053,
            9.692532594011482,
            52.191347774258844,
            18.455169764579672,
            32.30614343642475,
            47.34838707891869,
            70.0578467231377
        ],
        [
            19.695220498501204,
            80.7623305560578,
            75.1183194113586,
            25.164734732901902,
            48.084887721608666,
            14.817722516301066,
            57.16611009271849,
            58.01827304730861,
            85.55656976681621,
            59.10633847024875,
            17.615984859185176,
            79.5371184517857,
            0.0,
            44.404462214691584,
            80.14470283898928,
            57.57315533204214,
            80.29366514707937,
            20.838318832124138,
            77.29202837951753,
            28.16165521026871,
            61.10736986524126,
            91.91471332836268,
            51.609441258191104,
            19.695220498501204
        ],
        [
            30.851304186295593,
            61.29349840490084,
            41.25706251926686,
            64.77415559071638,
            20.826010368356307,
            41.85199244847232,
            27.82592039927483,
            14.509778536170097,
            42.115591286334165,
            52.61928573627068,
            50.932631031176236,
            39.94303063424215,
            44.404462214691584,
            0.0,
            48.720379643119415,
            39.165571743663875,
            35.916094166427136,
            28.2706587037322,
            41.710097602902955,
            16.847841947757125,
            23.090082389993306,
            47.54800247487389,
            43.41379964036708,
            30.851304186295593
        ],
        [
            60.51876186811046,
            104.37946490844448,
            77.53959019207788,
            104.86186310292,
            32.845344777989965,
            69.12046364594809,
            72.09454820848853,
            38.34914005226349,
            57.65374456389104,
            100.66682947199354,
            93.19528905703005,
            68.274285771041,
            80.14470283898928,
            48.720379643119415,
            0.0,
            25.803133567139806,
            46.3147373506485,
            72.71725258341138,
            75.78923736371277,
            61.090492716049994,
            61.95846784898449,
            46.69465487091558,
            91.73606651907151,
            60.51876186811046
        ],
        [
            38.063188041097696,
            100.35923196251284,
            77.7999778698083,
            82.72888943115598,
            18.34000574094644,
            44.98314930431303,
            66.78891399165124,
            36.79124656161787,
            66.71329149190241,
            90.60133449679836,
            72.60880968727616,
            72.29587945881755,
            57.57315533204214,
            39.165571743663875,
            25.803133567139806,
            0.0,
            55.89586976237593,
            55.03315918534947,
            77.24165915544535,
            45.00096017568564,
            59.76753919441521,
            61.529090414860256,
            81.17756039746703,
            38.063188041097696
        ],
        [
            65.8301371498928,
            64.64509239613975,
            35.66162460014888,
            99.44751692966902,
            43.32199093195034,
            76.96690242427964,
            39.25592609736311,
            23.78408868710965,
            11.406611930007323,
            69.83192938490681,
            85.18804276088481,
            23.728949199434606,
            80.29366514707937,
            35.916094166427136,
            46.3147373506485,
            55.89586976237593,
            0.0,
            62.75393567173897,
            32.84369624794413,
            52.36291349491099,
            27.589333022073124,
            12.47864509999118,
            63.11953104380715,
            65.8301371498928
        ],
        [
            22.14036953646754,
            61.421790150474266,
            54.30036451707082,
            36.743490622845506,
            40.09689763805929,
            27.630287241511162,
            36.33671985657925,
            42.775645616214014,
            66.59274987239225,
            42.19555868157914,
            22.688028933244993,
            59.24808649717053,
            20.838318832124138,
            28.2706587037322,
            72.71725258341138,
            55.03315918534947,
            62.75393567173897,
            0.0,
            56.53972980341621,
            11.954624642711654,
            40.970371494059464,
            74.92969949329853,
            33.517080478400146,
            22.14036953646754
        ],
        [
            70.13069228945594,
            32.18627158246072,
            3.7507023995046533,
            89.12407197569499,
            60.00676943605393,
            80.15019875658426,
            20.447700607714186,
            40.614956397640164,
            25.369375398299024,
            43.29518862549825,
            75.06871495905112,
            9.692532594011482,
            77.29202837951753,
            41.710097602902955,
            75.78923736371277,
            77.24165915544535,
            32.84369624794413,
            56.53972980341621,
            0.0,
            51.262168106925955,
            18.62529229385827,
            41.973580918555925,
            39.7766085265986,
            70.13069228945594
        ],
        [
            19.452029992991857,
            62.481145792819575,
            49.68613241491681,
            47.972502943871284,
            28.82528073385233,
            28.902019308793037,
            32.53079410772687,
            31.212013253822075,
            57.40235613181652,
            47.21747649729186,
            34.30670080879856,
            52.191347774258844,
            28.16165521026871,
            16.847841947757125,
            61.090492716049994,
            45.00096017568564,
            52.36291349491099,
            11.954624642711654,
            51.262168106925955,
            0.0,
            33.784968834091615,
            64.24589453109283,
            37.848963414569454,
            19.452029992991857
        ],
        [
            52.03206845536408,
            42.440228365250626,
            18.315744925417434,
            76.16086379024959,
            42.00940113443775,
            62.394808984112665,
            11.806803965736407,
            24.218100634961225,
            27.099039310671085,
            42.61633929929998,
            61.771253050105024,
            18.455169764579672,
            61.10736986524126,
            23.090082389993306,
            61.95846784898449,
            59.76753919441521,
            27.589333022073124,
            40.970371494059464,
            18.62529229385827,
            33.784968834091615,
            0.0,
            39.75724373741094,
            35.54969389810227,
            52.03206845536408
        ],
        [
            76.54813669980588,
            74.15856288004233,
            45.25286454013195,
            111.66499765825772,
            51.77775707181967,
            87.64667965752528,
            51.23843662596955,
            34.271819014211665,
            16.760587165584063,
            81.48045498492925,
            97.45958379010963,
            32.30614343642475,
            91.91471332836268,
            47.54800247487389,
            46.69465487091558,
            61.529090414860256,
            12.47864509999118,
            74.92969949329853,
            41.973580918555925,
            64.24589453109283,
            39.75724373741094,
            0.0,
            75.13929088327727,
            76.54813669980588
        ],
        [
            55.08603870392853,
            29.582782644815573,
            36.18921937529014,
            54.28431488347548,
            63.3055367339488,
            61.06976020766923,
            23.901203405577427,
            54.09803215975307,
            60.95884220320817,
            9.447579675285594,
            42.0267296076803,
            47.34838707891869,
            51.609441258191104,
            43.41379964036708,
            91.73606651907151,
            81.17756039746703,
            63.11953104380715,
            33.517080478400146,
            39.7766085265986,
            37.848963414569454,
            35.54969389810227,
            75.13929088327727,
            0.0,
            55.08603870392853
        ],
        [
            0.0,
            81.46519849986387,
            68.79847047115109,
            44.7462411020965,
            28.971280765267693,
            11.136774013316687,
            51.936833416398315,
            42.30337269361715,
            72.89531168401405,
            64.06367772732608,
            34.82995631504021,
            70.0578467231377,
            19.695220498501204,
            30.851304186295593,
            60.51876186811046,
            38.063188041097696,
            65.8301371498928,
            22.14036953646754,
            70.13069228945594,
            19.452029992991857,
            52.03206845536408,
            76.54813669980588,
            55.08603870392853,
            0.0
        ]
    ],
    "scores_ave": [
        0,
        11.723932342471956,
        13.024993769563537,
        17.434142201859757,
        15.644755317196852,
        17.854172791939014,
        18.666242616660114,
        19.795362462134023,
        18.030242555474068,
        16.86172104817517,
        10.514856969250525,
        18.426174366419833,
        13.766976765251819,
        10.885185999179381,
        13.917362486664484,
        18.11272643570939,
        18.873080750179852,
        19.73425382277751,
        10.20619493686615,
        18.80787123181753,
        19.427854092461676,
        17.553149899029908,
        17.015724890987315,
        0
    ],
    "scores_var": [
        0,
        255.60582291893456,
        360.56698337392726,
        254.46771654764885,
        378.8226635804008,
        23.848619181566775,
        23.91474156548204,
        393.2713910169231,
        22.70102475444766,
        378.10473704698103,
        308.47391102035544,
        23.186655590416812,
        246.9909071235775,
        335.01671816881725,
        19.815453265545997,
        20.808321590941674,
        21.999403198918312,
        364.38855412950556,
        304.5062809644861,
        241.70784358929217,
        302.98357643792576,
        16.024014350663755,
        334.3587556356448,
        0
    ],
    "vertex_number": 24,
    "minimum_distances": {
        "cost": 441.74156588758734,
        "path": [
            0,
            19,
            13,
            7,
            4,
            15,
            14,
            21,
            16,
            8,
            11,
            20,
            6,
            18,
            2,
            1,
            9,
            22,
            17,
            10,
            3,
            12,
            5,
            23
        ]
    }
}