{
    "vertices": [
        [
            58.52437787069089,
            13.842672934251265
        ],
        [
            43.81955863773616,
            53.941918044038694
        ],
        [
            56.21691029451629,
            8.336901612891545
        ],
        [
            81.93430900069032,
            3.3037155474391233
        ],
        [
            22.118498159043988,
            63.32784566438272
        ],
        [
            82.28823778762111,
            66.38712839123656
        ],
        [
            13.196379556244164,
            1.7492902610596217
        ],
        [
            72.91967685508544,
            24.062059623954323
        ],
        [
            0.15969760611177497,
            78.04683060522474
        ],
        [
            66.01357845108774,
            77.82884316553826
        ],
        [
            48.44427469939194,
            20.853880084494737
        ],
        [
            10.60385585865643,
            12.447072555913397
        ],
        [
            18.853683237965924,
            4.299190036322075
        ],
        [
            68.54283737685837,
            54.30472901076906
        ],
        [
            33.56886643581757,
            92.31849480829901
        ],
        [
            15.70605909172177,
            78.10346158632595
        ],
        [
            58.52437787069089,
            13.842672934251265
        ]
    ],
    "distances": [
        [
            0.0,
            42.71043393655333,
            5.969750786942806,
            25.672835805815424,
            61.43427705857577,
            57.668369470816444,
            46.91350909572569,
            17.65390883526339,
            86.767561707275,
            64.42296256926295,
            12.27866058035877,
            47.940839900046555,
            40.80247637663651,
            41.68389992330358,
            82.34823719900362,
            77.21954015172604,
            0.0
        ],
        [
            42.71043393655333,
            0.0,
            47.26004498291417,
            63.379505735820764,
            23.643850430803187,
            40.43170211755615,
            60.51321749791303,
            41.70878587861304,
            49.87213926515663,
            32.60612990275862,
            33.40967307028248,
            53.15171787620374,
            55.56703499850415,
            24.725940698179965,
            39.72201322644207,
            37.06951635872249,
            42.71043393655333
        ],
        [
            5.969750786942806,
            47.26004498291417,
            0.0,
            26.20529637653019,
            64.70475745905209,
            63.63601925222859,
            43.52197937049051,
            22.940422952721665,
            89.45325759584811,
            70.17908981831019,
            14.73392731600003,
            45.797862833865686,
            37.58076437294617,
            47.59169711325992,
            86.98184802741577,
            80.67528714359669,
            5.969750786942806
        ],
        [
            25.672835805815424,
            63.379505735820764,
            26.20529637653019,
            0.0,
            84.73976293889068,
            63.084405692747914,
            68.7555029236249,
            22.63122713242847,
            110.78637243486094,
            76.20672088291826,
            37.80992823029246,
            71.91407736203189,
            63.088480058366486,
            52.729829191252435,
            101.30571040842473,
            99.90587116624707,
            25.672835805815424
        ],
        [
            61.43427705857577,
            23.643850430803187,
            64.70475745905209,
            84.73976293889068,
            0.0,
            60.24746283266699,
            62.22156126233541,
            64.2071780276928,
            26.43553365098178,
            46.2283138603766,
            49.97083411885221,
            52.167423354248676,
            59.11887348152931,
            47.29308518119133,
            31.169996333965088,
            16.107085418066873,
            61.43427705857577
        ],
        [
            57.668369470816444,
            40.43170211755615,
            63.63601925222859,
            63.084405692747914,
            60.24746283266699,
            0.0,
            94.61360891546018,
            43.3495257194563,
            82.95206910056358,
            19.894154254370473,
            56.73350455313709,
            89.7116505034628,
            88.76291342715628,
            18.300830780085313,
            55.19069585691859,
            67.6051697981081,
            57.668369470816444
        ],
        [
            46.91350909572569,
            60.51321749791303,
            43.52197937049051,
            68.7555029236249,
            62.22156126233541,
            94.61360891546018,
            0.0,
            63.755250112343795,
            77.40329281651015,
            92.616169588484,
            40.09238661322173,
            11.007439536542588,
            6.205406820757693,
            76.32368266444884,
            92.8322090331695,
            76.39540542558117,
            46.91350909572569
        ],
        [
            17.65390883526339,
            41.70878587861304,
            22.940422952721665,
            22.63122713242847,
            64.2071780276928,
            43.3495257194563,
            63.755250112343795,
            0.0,
            90.60005561925055,
            54.20849755871528,
            24.684767097145826,
            63.389032734769984,
            57.564769435342726,
            30.557744934113646,
            78.78722754817439,
            78.70115109470068,
            17.65390883526339
        ],
        [
            86.767561707275,
            49.87213926515663,
            89.45325759584811,
            110.78637243486094,
            26.43553365098178,
            82.95206910056358,
            77.40329281651015,
            90.60005561925055,
            0.0,
            65.85424163156199,
            74.84940864391372,
            66.42596403314283,
            76.08008667374156,
            72.38743808857252,
            36.32978063541117,
            15.546464630560811,
            86.767561707275
        ],
        [
            64.42296256926295,
            32.60612990275862,
            70.17908981831019,
            76.20672088291826,
            46.2283138603766,
            19.894154254370473,
            92.616169588484,
            54.20849755871528,
            65.85424163156199,
            0.0,
            59.622368725216084,
            85.70305295507154,
            87.3536811234391,
            23.659693520419978,
            35.53321463760879,
            50.308268896574226,
            64.42296256926295
        ],
        [
            12.27866058035877,
            33.40967307028248,
            14.73392731600003,
            37.80992823029246,
            49.97083411885221,
            56.73350455313709,
            40.09238661322173,
            24.684767097145826,
            74.84940864391372,
            59.622368725216084,
            0.0,
            38.763019888353675,
            33.906649283408775,
            39.02449891527724,
            72.9963624342323,
            65.94926340232401,
            12.27866058035877
        ],
        [
            47.940839900046555,
            53.15171787620374,
            45.797862833865686,
            71.91407736203189,
            52.167423354248676,
            89.7116505034628,
            11.007439536542588,
            63.389032734769984,
            66.42596403314283,
            85.70305295507154,
            38.763019888353675,
            0.0,
            11.595155942955937,
            71.47719204934722,
            83.1073751446164,
            65.85433849295262,
            47.940839900046555
        ],
        [
            40.80247637663651,
            55.56703499850415,
            37.58076437294617,
            63.088480058366486,
            59.11887348152931,
            88.76291342715628,
            6.205406820757693,
            57.564769435342726,
            76.08008667374156,
            87.3536811234391,
            33.906649283408775,
            11.595155942955937,
            0.0,
            70.49514853636063,
            89.24087980902304,
            73.87136141152897,
            40.80247637663651
        ],
        [
            41.68389992330358,
            24.725940698179965,
            47.59169711325992,
            52.729829191252435,
            47.29308518119133,
            18.300830780085313,
            76.32368266444884,
            30.557744934113646,
            72.38743808857252,
            23.659693520419978,
            39.02449891527724,
            71.47719204934722,
            70.49514853636063,
            0.0,
            51.65486456757218,
            57.94915712722279,
            41.68389992330358
        ],
        [
            82.34823719900362,
            39.72201322644207,
            86.98184802741577,
            101.30571040842473,
            31.169996333965088,
            55.19069585691859,
            92.8322090331695,
            78.78722754817439,
            36.32978063541117,
            35.53321463760879,
            72.9963624342323,
            83.1073751446164,
            89.24087980902304,
            51.65486456757218,
            0.0,
            22.828645507652894,
            82.34823719900362
        ],
        [
            77.21954015172604,
            37.06951635872249,
            80.67528714359669,
            99.90587116624707,
            16.107085418066873,
            67.6051697981081,
            76.39540542558117,
            78.70115109470068,
            15.546464630560811,
            50.308268896574226,
            65.94926340232401,
            65.85433849295262,
            73.87136141152897,
            57.94915712722279,
            22.828645507652894,
            0.0,
            77.21954015172604
        ],
        [
            0.0,
            42.71043393655333,
            5.969750786942806,
            25.672835805815424,
            61.43427705857577,
            57.668369470816444,
            46.91350909572569,
            17.65390883526339,
            86.767561707275,
            64.42296256926295,
            12.27866058035877,
            47.940839900046555,
            40.80247637663651,
            41.68389992330358,
            82.34823719900362,
            77.21954015172604,
            0.0
        ]
    ],
    "scores_ave": [
        0,
        12.735122174720736,
        12.408094949302791,
        16.299830287923932,
        19.308508019147453,
        13.579035594768104,
        12.786870725750273,
        15.977944978730203,
        12.967751765517374,
        17.30799788203177,
        19.16243712130509,
        17.661057660677095,
        16.53132999688725,
        10.79853869930504,
        10.155845902587211,
        11.035989823173264,
        0
    ],
    "scores_var": [
        0,
        264.8548929297098,
        16.60113276903402,
        346.6553837984185,
        20.196570074740375,
        245.1414381456164,
        24.09423780293502,
        18.237469514057995,
        245.39014493499542,
        322.87701183441635,
        20.150003776010465,
        17.511988995756827,
        363.7829076629157,
        19.109928495499616,
        22.00811271822419,
        21.861316048092867,
        0
    ],
    "vertex_number": 17,
    "minimum_distances": {
        "cost": 403.00323844344365,
        "path": [
            0,
            7,
            3,
            2,
            12,
            6,
            11,
            8,
            15,
            14,
            4,
            1,
            9,
            5,
            13,
            10,
            16
        ]
    }
}