{
    "vertices": [
        [
            76.64970370888567,
            87.56704934525634
        ],
        [
            79.01884778891332,
            36.94183515687596
        ],
        [
            10.591820543485786,
            2.88664308299007
        ],
        [
            37.01094433113079,
            43.19774630092606
        ],
        [
            47.288385273139546,
            58.313592030727214
        ],
        [
            36.21004397390158,
            50.51429877063993
        ],
        [
            78.3874850575153,
            93.63058572473382
        ],
        [
            76.64970370888567,
            87.56704934525634
        ]
    ],
    "distances": [
        [
            0.0,
            50.68061912892659,
            107.39839446209652,
            59.496775523108525,
            41.44697558493578,
            54.847720140640575,
            6.307642780063877,
            0.0
        ],
        [
            50.68061912892659,
            0.0,
            76.4330698378375,
            42.471171130081025,
            38.25668887057442,
            44.908857173380746,
            56.69226631422846,
            50.68061912892659
        ],
        [
            107.39839446209652,
            76.4330698378375,
            0.0,
            48.19704497533017,
            66.47393874754773,
            54.080374980505,
            113.27274717718699,
            107.39839446209652
        ],
        [
            59.496775523108525,
            42.471171130081025,
            48.19704497533017,
            0.0,
            18.278801504574243,
            7.360256885753785,
            65.23411235565128,
            59.496775523108525
        ],
        [
            41.44697558493578,
            38.25668887057442,
            66.47393874754773,
            18.278801504574243,
            0.0,
            13.548380763000592,
            47.05787979691672,
            41.44697558493578
        ],
        [
            54.847720140640575,
            44.908857173380746,
            54.080374980505,
            7.360256885753785,
            13.548380763000592,
            0.0,
            60.31542702385082,
            54.847720140640575
        ],
        [
            6.307642780063877,
            56.69226631422846,
            113.27274717718699,
            65.23411235565128,
            47.05787979691672,
            60.31542702385082,
            0.0,
            6.307642780063877
        ],
        [
            0.0,
            50.68061912892659,
            107.39839446209652,
            59.496775523108525,
            41.44697558493578,
            54.847720140640575,
            6.307642780063877,
            0.0
        ]
    ],
    "scores_ave": [
        0,
        10.852606195483435,
        17.458511965665043,
        17.60923734138657,
        10.750876248410448,
        11.570017679397697,
        10.484718746231572,
        0
    ],
    "scores_var": [
        0,
        21.216787050816315,
        21.487755989238686,
        18.24404636097939,
        23.36802512515529,
        20.0308323908558,
        236.84268845757046,
        0
    ],
    "vertex_number": 8,
    "minimum_distances": {
        "cost": 249.58489416782922,
        "path": [
            0,
            1,
            2,
            3,
            5,
            4,
            6,
            7
        ]
    }
}