{
    "vertices": [
        [
            18.454589031547407,
            36.377094041903625
        ],
        [
            96.06245704928364,
            6.502428882486633
        ],
        [
            79.08560042931643,
            3.95334323383314
        ],
        [
            77.23726377615552,
            99.90733290599833
        ],
        [
            43.25099717634203,
            71.6309927384017
        ],
        [
            24.430493051105305,
            65.65059733118245
        ],
        [
            23.20189394588985,
            48.89546587126933
        ],
        [
            74.85025360682535,
            35.5591045821495
        ],
        [
            75.24337131491046,
            25.110567585883025
        ],
        [
            28.283444105966204,
            18.433209022091358
        ],
        [
            89.49227449461009,
            36.475604447387575
        ],
        [
            65.17838731188917,
            49.63014977675624
        ],
        [
            62.637841915019074,
            61.88751064871394
        ],
        [
            95.71720573647991,
            4.577983682438147
        ],
        [
            38.87884105323105,
            44.83292976795611
        ],
        [
            8.42501811135442,
            83.25626938640382
        ],
        [
            67.66019266008921,
            5.149158238769614
        ],
        [
            52.367636505880945,
            28.422048740604
        ],
        [
            64.59017794736859,
            76.75119240521343
        ],
        [
            92.20034149683156,
            54.66089061546799
        ],
        [
            18.454589031547407,
            36.377094041903625
        ]
    ],
    "distances": [
        [
            0.0,
            83.1593458166047,
            68.75622996921987,
            86.55341761166521,
            43.10103514054141,
            29.877239224506447,
            13.388298518034201,
            56.40159651679665,
            57.89559924218266,
            20.459457511824972,
            71.03775376691618,
            48.56703421100755,
            51.01902773297263,
            83.55055571177716,
            22.10545698399456,
            47.94006021923184,
            58.27842999750272,
            34.83356907843538,
            61.307098963006375,
            75.97850501171003,
            0.0
        ],
        [
            83.1593458166047,
            0.0,
            17.167163374858866,
            95.28307298472306,
            83.84974730937076,
            92.89587771839832,
            84.29609267858106,
            35.975658126010956,
            27.923057798529506,
            68.8210586253218,
            30.684826091182455,
            53.04550945252825,
            64.68935135805114,
            1.9551695059463146,
            68.84179861475859,
            116.49666405395492,
            28.434485468684823,
            48.88463027419292,
            76.97657519233256,
            48.313076625563,
            83.1593458166047
        ],
        [
            68.75622996921987,
            17.167163374858866,
            0.0,
            95.97179003430853,
            76.57925980813155,
            82.42409796701857,
            71.71319988317443,
            31.88827861634293,
            21.50327572372548,
            52.825425699639034,
            34.14668855897923,
            47.74705470134428,
            60.223720527712985,
            16.643331120400806,
            57.33867887148497,
            106.21615691538442,
            11.487815989958621,
            36.229368548058886,
            74.2269770158343,
            52.37606127544063,
            68.75622996921987
        ],
        [
            86.55341761166521,
            95.28307298472306,
            95.97179003430853,
            0.0,
            44.211058918185124,
            62.94504719714551,
            74.31037458566911,
            64.39248640925948,
            74.82333666376695,
            95.05003589137479,
            64.60471703332789,
            51.70311059299801,
            40.72652702054186,
            97.10403224503324,
            67.11600758986013,
            70.79818549769838,
            95.24091535378699,
            75.68780755689494,
            26.384761186199768,
            47.656418610983394,
            86.55341761166521
        ],
        [
            43.10103514054141,
            83.84974730937076,
            76.57925980813155,
            44.211058918185124,
            0.0,
            19.74782278517664,
            30.312880468068787,
            47.955126129712234,
            56.45938327145661,
            55.263295569861285,
            58.08749481529518,
            31.061994932384405,
            21.69758493827449,
            85.13993812621086,
            27.152383470568918,
            36.715063325255734,
            70.8212054585366,
            44.160230457615526,
            21.94486456113522,
            51.807554231681685,
            43.10103514054141
        ],
        [
            29.877239224506447,
            92.89587771839832,
            82.42409796701857,
            62.94504719714551,
            19.74782278517664,
            0.0,
            16.800115654372938,
            58.716694307166556,
            65.00340459700588,
            47.37432839167903,
            71.30368584001718,
            43.78407960129051,
            38.39221703143209,
            93.87044020018197,
            25.340284977946425,
            23.793589820852922,
            74.35879948288516,
            46.54512664687652,
            41.66561534364707,
            68.65512371304945,
            29.877239224506447
        ],
        [
            13.388298518034201,
            84.29609267858106,
            71.71319988317443,
            74.31037458566911,
            30.312880468068787,
            16.800115654372938,
            0.0,
            53.34239953450991,
            57.219199165983234,
            30.88318708253185,
            67.44381002792304,
            41.982922191609845,
            41.52092508269768,
            84.98534974714089,
            16.194779103065805,
            37.403487506313574,
            62.37210719575124,
            35.634272099790344,
            49.889192750744506,
            69.2389044318371,
            13.388298518034201
        ],
        [
            56.40159651679665,
            35.975658126010956,
            31.88827861634293,
            64.39248640925948,
            47.955126129712234,
            58.716694307166556,
            53.34239953450991,
            0.0,
            10.45592974798317,
            49.616167181910825,
            14.670676456159272,
            17.074522262593117,
            29.022886922842012,
            37.353173136747394,
            37.14762919323093,
            81.77610556264567,
            31.248388966873538,
            23.588252113987092,
            42.45064489216611,
            25.80511149856984,
            56.40159651679665
        ],
        [
            57.89559924218266,
            27.923057798529506,
            21.50327572372548,
            74.82333666376695,
            56.45938327145661,
            65.00340459700588,
            57.219199165983234,
            10.45592974798317,
            0.0,
            47.43228732476208,
            18.22622573896777,
            26.50497715139671,
            38.877280158187936,
            28.995946228289323,
            41.36847388040154,
            88.575476079501,
            21.353277538447422,
            23.114176396556225,
            52.72802538173681,
            34.069934383608384,
            57.89559924218266
        ],
        [
            20.459457511824972,
            68.8210586253218,
            52.825425699639034,
            95.05003589137479,
            55.263295569861285,
            47.37432839167903,
            30.88318708253185,
            49.616167181910825,
            47.43228732476208,
            0.0,
            63.81260808201248,
            48.3165183619262,
            55.394051834832865,
            68.8424249780142,
            28.446576102050507,
            67.79665358982528,
            41.557121314023895,
            26.073458582977572,
            68.69618699829368,
            73.46982159843245,
            20.459457511824972
        ],
        [
            71.03775376691618,
            30.684826091182455,
            34.14668855897923,
            64.60471703332789,
            58.08749481529518,
            71.30368584001718,
            67.44381002792304,
            14.670676456159272,
            18.22622573896777,
            63.81260808201248,
            0.0,
            27.644297291783264,
            36.97195593901962,
            32.49935352327089,
            51.29877709301385,
            93.59663813217337,
            38.1835832432035,
            37.98813637593265,
            47.35226919374302,
            18.38581681360656,
            71.03775376691618
        ],
        [
            48.56703421100755,
            53.04550945252825,
            47.74705470134428,
            51.70311059299801,
            31.061994932384405,
            43.78407960129051,
            41.982922191609845,
            17.074522262593117,
            26.50497715139671,
            48.3165183619262,
            27.644297291783264,
            0.0,
            12.517877873623688,
            54.42717244685919,
            26.73348935743575,
            65.96711935210247,
            44.550173579782964,
            24.776982983674223,
            27.127420509718608,
            27.486257681965505,
            48.56703421100755
        ],
        [
            51.01902773297263,
            64.68935135805114,
            60.223720527712985,
            40.72652702054186,
            21.69758493827449,
            38.39221703143209,
            41.52092508269768,
            29.022886922842012,
            38.877280158187936,
            55.394051834832865,
            36.97195593901962,
            12.517877873623688,
            0.0,
            66.17118853346119,
            29.24634765177961,
            58.272241374060656,
            56.96020225737915,
            35.00591749788952,
            14.9913525521117,
            30.432965984760255,
            51.01902773297263
        ],
        [
            83.55055571177716,
            1.9551695059463146,
            16.643331120400806,
            97.10403224503324,
            85.13993812621086,
            93.87044020018197,
            84.98534974714089,
            37.353173136747394,
            28.995946228289323,
            68.8424249780142,
            32.49935352327089,
            54.42717244685919,
            66.17118853346119,
            0.0,
            69.64955408481772,
            117.51680161447112,
            28.062826356989763,
            49.474484241642564,
            78.59938877831937,
            50.20623368609367,
            83.55055571177716
        ],
        [
            22.10545698399456,
            68.84179861475859,
            57.33867887148497,
            67.11600758986013,
            27.152383470568918,
            25.340284977946425,
            16.194779103065805,
            37.14762919323093,
            41.36847388040154,
            28.446576102050507,
            51.29877709301385,
            26.73348935743575,
            29.24634765177961,
            69.64955408481772,
            0.0,
            49.02844438904568,
            49.02211667296986,
            21.2429898756586,
            40.98595289443415,
            54.2196571731795,
            22.10545698399456
        ],
        [
            47.94006021923184,
            116.49666405395492,
            106.21615691538442,
            70.79818549769838,
            36.715063325255734,
            23.793589820852922,
            37.403487506313574,
            81.77610556264567,
            88.575476079501,
            67.79665358982528,
            93.59663813217337,
            65.96711935210247,
            58.272241374060656,
            117.51680161447112,
            49.02844438904568,
            0.0,
            98.02819347334705,
            70.26909324304135,
            56.54061554260116,
            88.52118670349239,
            47.94006021923184
        ],
        [
            58.27842999750272,
            28.434485468684823,
            11.487815989958621,
            95.24091535378699,
            70.8212054585366,
            74.35879948288516,
            62.37210719575124,
            31.248388966873538,
            21.353277538447422,
            41.557121314023895,
            38.1835832432035,
            44.550173579782964,
            56.96020225737915,
            28.062826356989763,
            49.02211667296986,
            98.02819347334705,
            0.0,
            27.84761580530704,
            71.66781904808397,
            55.25966474628007,
            58.27842999750272
        ],
        [
            34.83356907843538,
            48.88463027419292,
            36.229368548058886,
            75.68780755689494,
            44.160230457615526,
            46.54512664687652,
            35.634272099790344,
            23.588252113987092,
            23.114176396556225,
            26.073458582977572,
            37.98813637593265,
            24.776982983674223,
            35.00591749788952,
            49.474484241642564,
            21.2429898756586,
            70.26909324304135,
            27.84761580530704,
            0.0,
            49.85074369197857,
            47.69823067819411,
            34.83356907843538
        ],
        [
            61.307098963006375,
            76.97657519233256,
            74.2269770158343,
            26.384761186199768,
            21.94486456113522,
            41.66561534364707,
            49.889192750744506,
            42.45064489216611,
            52.72802538173681,
            68.69618699829368,
            47.35226919374302,
            27.127420509718608,
            14.9913525521117,
            78.59938877831937,
            40.98595289443415,
            56.54061554260116,
            71.66781904808397,
            49.85074369197857,
            0.0,
            35.359617707069795,
            61.307098963006375
        ],
        [
            75.97850501171003,
            48.313076625563,
            52.37606127544063,
            47.656418610983394,
            51.807554231681685,
            68.65512371304945,
            69.2389044318371,
            25.80511149856984,
            34.069934383608384,
            73.46982159843245,
            18.38581681360656,
            27.486257681965505,
            30.432965984760255,
            50.20623368609367,
            54.2196571731795,
            88.52118670349239,
            55.25966474628007,
            47.69823067819411,
            35.359617707069795,
            0.0,
            75.97850501171003
        ],
        [
            0.0,
            83.1593458166047,
            68.75622996921987,
            86.55341761166521,
            43.10103514054141,
            29.877239224506447,
            13.388298518034201,
            56.40159651679665,
            57.89559924218266,
            20.459457511824972,
            71.03775376691618,
            48.56703421100755,
            51.01902773297263,
            83.55055571177716,
            22.10545698399456,
            47.94006021923184,
            58.27842999750272,
            34.83356907843538,
            61.307098963006375,
            75.97850501171003,
            0.0
        ]
    ],
    "scores_ave": [
        0,
        18.858980983052227,
        15.132480629306462,
        10.33898907137089,
        13.458822958585644,
        13.107095665850704,
        10.913074599252527,
        10.575637356031372,
        12.519414156102421,
        12.038503205987297,
        12.242903439029366,
        18.179596448347482,
        10.827556903727771,
        18.20478246252776,
        16.243681724278606,
        16.820735817388325,
        15.302671123906265,
        16.39968211352956,
        11.934174336824201,
        14.336718375912692,
        0
    ],
    "scores_var": [
        0,
        241.20979311757307,
        382.40401992887644,
        22.266382477739736,
        238.4231780385081,
        21.711696096453416,
        279.2886454422849,
        383.13803194719446,
        23.619777875699064,
        276.4010253571146,
        22.762354214032488,
        20.408906735785685,
        17.543634540380687,
        298.39080634389217,
        271.33940009518574,
        20.16133508139501,
        23.219245048049913,
        19.291561775099247,
        18.955633822194333,
        21.751812833441083,
        0
    ],
    "vertex_number": 21,
    "minimum_distances": {
        "cost": 433.51546063990764,
        "path": [
            0,
            6,
            14,
            5,
            15,
            4,
            18,
            3,
            19,
            10,
            1,
            13,
            2,
            16,
            8,
            7,
            11,
            12,
            17,
            9,
            20
        ]
    }
}