{
    "vertices": [
        [
            63.30537795952797,
            33.0722537439432
        ],
        [
            15.811104615941684,
            79.48232237964329
        ],
        [
            41.34789371261027,
            33.79963874998684
        ],
        [
            4.66830604856775,
            67.20462424915478
        ],
        [
            23.4984093544899,
            95.34504740854783
        ],
        [
            44.15799980997538,
            99.020194550822
        ],
        [
            39.52732872813195,
            80.93313515615546
        ],
        [
            81.10399702008574,
            96.54887201178927
        ],
        [
            72.45467699061386,
            38.185358747779
        ],
        [
            72.92432253761412,
            26.035603156585285
        ],
        [
            98.74099100653082,
            17.64590660301146
        ],
        [
            86.81264235967548,
            10.578943651870908
        ],
        [
            40.29817312968903,
            61.775979753639774
        ],
        [
            70.94470073357344,
            11.110784682477526
        ],
        [
            58.72638279363686,
            32.427478197970295
        ],
        [
            22.710948297909383,
            75.60630090432998
        ],
        [
            16.30345942897885,
            36.64619373742389
        ],
        [
            59.31955251295514,
            20.521770637222524
        ],
        [
            37.319879556901924,
            95.6431098959242
        ],
        [
            38.27682439246025,
            63.06837833574635
        ],
        [
            12.795816410194682,
            24.64170821800744
        ],
        [
            53.08966921607081,
            47.22086720957327
        ],
        [
            4.369333002104014,
            55.957830219313266
        ],
        [
            63.30537795952797,
            33.0722537439432
        ]
    ],
    "distances": [
        [
            0.0,
            66.4048226502088,
            21.969528975393537,
            67.84780702864433,
            73.90869759586424,
            68.6713403587665,
            53.442114430517606,
            65.92474427090863,
            10.4811027826503,
            11.917992544252463,
            38.64783122155047,
            32.53521904761921,
            36.78634748003525,
            23.252212277195554,
            4.624168274829416,
            58.79670813399426,
            47.137600624441816,
            13.168197701379965,
            67.7521820078496,
            39.06655838676548,
            51.20829918842026,
            17.451188158144294,
            63.22346878994785,
            0.0
        ],
        [
            66.4048226502088,
            0.0,
            52.33579254176833,
            16.580224102721647,
            17.627271470251436,
            34.42782183233278,
            23.760558576180944,
            67.48650913216385,
            70.09945432438292,
            78.22065876146048,
            103.44616171157102,
            98.93883950237989,
            30.218059063850973,
            87.83154665572671,
            63.685786970331804,
            7.913999324783869,
            42.83895809090938,
            73.27572381203622,
            26.903502608531475,
            27.823122113688772,
            54.92344603708995,
            49.30002909062467,
            26.159431742005605,
            66.4048226502088
        ],
        [
            21.969528975393537,
            52.33579254176833,
            0.0,
            49.61134151989644,
            64.08152166420564,
            65.28106613136998,
            47.16864361345383,
            74.28333612014713,
            31.414431489424057,
            32.51693568029035,
            59.62307170270294,
            51.051386370797836,
            27.99602774064351,
            37.29282886471431,
            17.432576037977594,
            45.77261992586756,
            25.20568515005366,
            22.344625789123803,
            61.97450944878042,
            29.429416978733585,
            29.98480965275044,
            17.832517078025713,
            43.10915681629516,
            21.969528975393537
        ],
        [
            67.84780702864433,
            16.580224102721647,
            49.61134151989644,
            0.0,
            33.859359209846325,
            50.71160051694372,
            37.4649632843542,
            81.87490293764188,
            73.73676054541596,
            79.71055190295324,
            106.32843716490115,
            99.77053518498326,
            36.04105449729593,
            86.82787184870291,
            64.2784998956976,
            19.90289199980354,
            32.698539256761556,
            71.87522216636489,
            43.29980044355471,
            33.862088469672784,
            43.331954095711545,
            52.38300255250977,
            11.25076712194286,
            67.84780702864433
        ],
        [
            73.90869759586424,
            17.627271470251436,
            64.08152166420564,
            33.859359209846325,
            0.0,
            20.983931574081932,
            21.555265506538642,
            57.61816487856947,
            75.25919311722538,
            85.12766857198449,
            108.16007847437338,
            105.80162780941818,
            37.53817212015373,
            96.67761676124175,
            72.10846432976545,
            19.754447814945447,
            59.13816641336314,
            82.95587407759386,
            13.824683714376413,
            35.49908333280801,
            71.50879434324062,
            56.49406499818352,
            43.78669249906121,
            73.90869759586424
        ],
        [
            68.6713403587665,
            34.42782183233278,
            65.28106613136998,
            50.71160051694372,
            20.983931574081932,
            0.0,
            18.67042667467501,
            37.02855850477323,
            67.09380885483003,
            78.44904017420708,
            97.9850890032582,
            98.18998620844135,
            37.443688358126494,
            91.89990037954811,
            68.167643746942,
            31.75195166049563,
            68.31099031126949,
            79.94920410663511,
            7.626571271668519,
            36.429676274353035,
            80.72016957837837,
            52.563723530450346,
            58.63024158373731,
            68.6713403587665
        ],
        [
            53.442114430517606,
            23.760558576180944,
            47.16864361345383,
            37.4649632843542,
            21.555265506538642,
            18.67042667467501,
            0.0,
            44.412504813436904,
            53.95908312285632,
            64.2580595346173,
            86.66908963614515,
            84.76799600943143,
            19.172657724153627,
            76.56508270352361,
            52.16706273076257,
            17.639892684491976,
            50.00681239041644,
            63.57094529254626,
            14.87468280966685,
            17.908469988971348,
            62.31611747804005,
            36.33805291444409,
            43.12598428047356,
            53.442114430517606
        ],
        [
            65.92474427090863,
            67.48650913216385,
            74.28333612014713,
            81.87490293764188,
            57.61816487856947,
            37.02855850477323,
            44.412504813436904,
            0.0,
            59.000935734024814,
            70.98611243958553,
            80.85011754584336,
            86.15925495164588,
            53.61221222231875,
            86.039979471919,
            67.91399534039084,
            62.03498548127057,
            88.24647605733944,
            79.08654857751033,
            43.793485212305434,
            54.36092504794215,
            99.17987569612731,
            56.72789983842385,
            86.80922379419755,
            65.92474427090863
        ],
        [
            10.4811027826503,
            70.09945432438292,
            31.414431489424057,
            73.73676054541596,
            75.25919311722538,
            67.09380885483003,
            53.95908312285632,
            59.000935734024814,
            0.0,
            12.158829214425214,
            33.359247577704565,
            31.11696199802858,
            39.8818021157499,
            27.116647822220227,
            14.886881808646761,
            62.247614059796106,
            56.172308681263665,
            22.012129383205554,
            67.34869826292228,
            42.276355945567055,
            61.17687565924297,
            21.369228794490194,
            70.36671662256393,
            10.4811027826503
        ],
        [
            11.917992544252463,
            78.22065876146048,
            32.51693568029035,
            79.71055190295324,
            85.12766857198449,
            78.44904017420708,
            64.2580595346173,
            70.98611243958553,
            12.158829214425214,
            0.0,
            27.14566961957296,
            20.779647507225427,
            48.39256290472257,
            15.055534164289938,
            15.570406530283327,
            70.55945739399436,
            57.60648202798878,
            14.679649739535398,
            78.18491769154649,
            50.71366251010401,
            60.14466054617741,
            29.021179944665136,
            74.80057661948436,
            11.917992544252463
        ],
        [
            38.64783122155047,
            103.44616171157102,
            59.62307170270294,
            106.32843716490115,
            108.16007847437338,
            97.9850890032582,
            86.66908963614515,
            80.85011754584336,
            33.359247577704565,
            27.14566961957296,
            0.0,
            13.864612031850326,
            73.23268612897866,
            28.55418658366489,
            42.657516679341455,
            95.60321491372096,
            84.59880332362862,
            39.52619899314933,
            99.27797667772893,
            75.62483971979833,
            86.22942813582311,
            54.3941308975133,
            101.85191861563452,
            38.64783122155047
        ],
        [
            32.53521904761921,
            98.93883950237989,
            51.051386370797836,
            99.77053518498326,
            105.80162780941818,
            98.18998620844135,
            84.76799600943143,
            86.15925495164588,
            31.11696199802858,
            20.779647507225427,
            13.864612031850326,
            0.0,
            69.17175979656135,
            15.87685190241499,
            35.58365408755816,
            91.31037385109757,
            75.17344214932028,
            29.23576230886537,
            98.41466328066943,
            71.49032367516236,
            75.34090436727129,
            49.7982879188912,
            94.10708051963482,
            32.53521904761921
        ],
        [
            36.78634748003525,
            30.218059063850973,
            27.99602774064351,
            36.04105449729593,
            37.53817212015373,
            37.443688358126494,
            19.172657724153627,
            53.61221222231875,
            39.8818021157499,
            48.39256290472257,
            73.23268612897866,
            69.17175979656135,
            0.0,
            59.21293478434059,
            34.654486794375615,
            22.373829811071587,
            34.74553828622962,
            45.428214178671226,
            33.99783429396842,
            2.399196701508131,
            46.2096715808324,
            19.3771430633714,
            36.39687372450204,
            36.78634748003525
        ],
        [
            23.252212277195554,
            87.83154665572671,
            37.29282886471431,
            86.82787184870291,
            96.67761676124175,
            91.89990037954811,
            76.56508270352361,
            86.039979471919,
            27.116647822220227,
            15.055534164289938,
            28.55418658366489,
            15.87685190241499,
            59.21293478434059,
            0.0,
            24.570077649751692,
            80.53673998088178,
            60.31353386189845,
            14.956962518899099,
            90.97440631933274,
            61.37411248137495,
            59.70241736963455,
            40.28324975228138,
            80.2716455665598,
            23.252212277195554
        ],
        [
            4.624168274829416,
            63.685786970331804,
            17.432576037977594,
            64.2784998956976,
            72.10846432976545,
            68.167643746942,
            52.16706273076257,
            67.91399534039084,
            14.886881808646761,
            15.570406530283327,
            42.657516679341455,
            35.58365408755816,
            34.654486794375615,
            24.570077649751692,
            0.0,
            56.22741548589335,
            42.6321708057011,
            11.92047494179501,
            66.74169964718982,
            36.83814870560541,
            46.58578262179009,
            15.830884321607972,
            59.23146400594451,
            4.624168274829416
        ],
        [
            58.79670813399426,
            7.913999324783869,
            45.77261992586756,
            19.90289199980354,
            19.754447814945447,
            31.75195166049563,
            17.639892684491976,
            62.03498548127057,
            62.247614059796106,
            70.55945739399436,
            95.60321491372096,
            91.31037385109757,
            22.373829811071587,
            80.53673998088178,
            56.22741548589335,
            0.0,
            39.483488499147036,
            66.13996807771942,
            24.797068114912296,
            19.98739605167989,
            51.92012661804224,
            41.57642998939385,
            26.878936956644747,
            58.79670813399426
        ],
        [
            47.137600624441816,
            42.83895809090938,
            25.20568515005366,
            32.698539256761556,
            59.13816641336314,
            68.31099031126949,
            50.00681239041644,
            88.24647605733944,
            56.172308681263665,
            57.60648202798878,
            84.59880332362862,
            75.17344214932028,
            34.74553828622962,
            60.31353386189845,
            42.6321708057011,
            39.483488499147036,
            0.0,
            45.93888640926791,
            62.62847620057895,
            34.36510740222094,
            12.506447622450773,
            38.27595785271115,
            22.701600762529345,
            47.137600624441816
        ],
        [
            13.168197701379965,
            73.27572381203622,
            22.344625789123803,
            71.87522216636489,
            82.95587407759386,
            79.94920410663511,
            63.57094529254626,
            79.08654857751033,
            22.012129383205554,
            14.679649739535398,
            39.52619899314933,
            29.23576230886537,
            45.428214178671226,
            14.956962518899099,
            11.92047494179501,
            66.13996807771942,
            45.93888640926791,
            0.0,
            78.27644104195242,
            47.46588494282134,
            46.70580163779293,
            27.416294492008028,
            65.38532666429226,
            13.168197701379965
        ],
        [
            67.7521820078496,
            26.903502608531475,
            61.97450944878042,
            43.29980044355471,
            13.824683714376413,
            7.626571271668519,
            14.87468280966685,
            43.793485212305434,
            67.34869826292228,
            78.18491769154649,
            99.27797667772893,
            98.41466328066943,
            33.99783429396842,
            90.97440631933274,
            66.74169964718982,
            24.797068114912296,
            62.62847620057895,
            78.27644104195242,
            0.0,
            32.58878456825213,
            75.1174328199025,
            50.925434241352285,
            51.581585292337934,
            67.7521820078496
        ],
        [
            39.06655838676548,
            27.823122113688772,
            29.429416978733585,
            33.862088469672784,
            35.49908333280801,
            36.429676274353035,
            17.908469988971348,
            54.36092504794215,
            42.276355945567055,
            50.71366251010401,
            75.62483971979833,
            71.49032367516236,
            2.399196701508131,
            61.37411248137495,
            36.83814870560541,
            19.98739605167989,
            34.36510740222094,
            47.46588494282134,
            32.58878456825213,
            0.0,
            46.10738275081128,
            21.692486733026847,
            34.64502658251531,
            39.06655838676548
        ],
        [
            51.20829918842026,
            54.92344603708995,
            29.98480965275044,
            43.331954095711545,
            71.50879434324062,
            80.72016957837837,
            62.31611747804005,
            99.17987569612731,
            61.17687565924297,
            60.14466054617741,
            86.22942813582311,
            75.34090436727129,
            46.2096715808324,
            59.70241736963455,
            46.58578262179009,
            51.92012661804224,
            12.506447622450773,
            46.70580163779293,
            75.1174328199025,
            46.10738275081128,
            0.0,
            46.18888388679704,
            32.43000338926128,
            51.20829918842026
        ],
        [
            17.451188158144294,
            49.30002909062467,
            17.832517078025713,
            52.38300255250977,
            56.49406499818352,
            52.563723530450346,
            36.33805291444409,
            56.72789983842385,
            21.369228794490194,
            29.021179944665136,
            54.3941308975133,
            49.7982879188912,
            19.3771430633714,
            40.28324975228138,
            15.830884321607972,
            41.57642998939385,
            38.27595785271115,
            27.416294492008028,
            50.925434241352285,
            21.692486733026847,
            46.18888388679704,
            0.0,
            49.49753209439365,
            17.451188158144294
        ],
        [
            63.22346878994785,
            26.159431742005605,
            43.10915681629516,
            11.25076712194286,
            43.78669249906121,
            58.63024158373731,
            43.12598428047356,
            86.80922379419755,
            70.36671662256393,
            74.80057661948436,
            101.85191861563452,
            94.10708051963482,
            36.39687372450204,
            80.2716455665598,
            59.23146400594451,
            26.878936956644747,
            22.701600762529345,
            65.38532666429226,
            51.581585292337934,
            34.64502658251531,
            32.43000338926128,
            49.49753209439365,
            0.0,
            63.22346878994785
        ],
        [
            0.0,
            66.4048226502088,
            21.969528975393537,
            67.84780702864433,
            73.90869759586424,
            68.6713403587665,
            53.442114430517606,
            65.92474427090863,
            10.4811027826503,
            11.917992544252463,
            38.64783122155047,
            32.53521904761921,
            36.78634748003525,
            23.252212277195554,
            4.624168274829416,
            58.79670813399426,
            47.137600624441816,
            13.168197701379965,
            67.7521820078496,
            39.06655838676548,
            51.20829918842026,
            17.451188158144294,
            63.22346878994785,
            0.0
        ]
    ],
    "scores_ave": [
        0,
        19.206185109879964,
        13.526984780503028,
        13.094114178387045,
        16.50261141383748,
        10.398083842581553,
        10.699990865031111,
        11.000382982737353,
        10.81404301119919,
        14.2556457028556,
        13.850298863243898,
        17.417933919215294,
        13.663832708519887,
        12.015989371893026,
        12.87910100508177,
        18.96759951920664,
        13.908909770500191,
        16.85530906417455,
        15.93121613112195,
        18.968708436356053,
        16.099240772890347,
        17.581347625514947,
        19.19476682553562,
        0
    ],
    "scores_var": [
        0,
        260.2822153327995,
        22.716934202265428,
        18.769347828436157,
        329.01836234875486,
        24.522276316634866,
        18.18564128608073,
        18.340091328532047,
        262.18427361983976,
        322.064927809312,
        381.2091255406664,
        356.24938498236577,
        274.22175888364734,
        253.8628142931925,
        20.438015385450548,
        20.594665569078778,
        284.8516529594621,
        18.54754064903289,
        18.33003543910438,
        287.347170568969,
        21.259562889345165,
        262.35616454064143,
        24.332443598757308,
        0
    ],
    "vertex_number": 24,
    "minimum_distances": {
        "cost": 413.3906617965927,
        "path": [
            0,
            8,
            10,
            11,
            13,
            9,
            17,
            14,
            2,
            20,
            16,
            22,
            3,
            1,
            15,
            4,
            18,
            5,
            7,
            6,
            19,
            12,
            21,
            23
        ]
    }
}