{
    "vertices": [
        [
            89.65724653947657,
            40.27093487458722
        ],
        [
            79.58324908143733,
            94.01982839462266
        ],
        [
            27.5077450839209,
            58.38337754280335
        ],
        [
            94.36299410093105,
            88.28269916665995
        ],
        [
            81.25751210274498,
            72.92782248159678
        ],
        [
            21.63026812371356,
            66.38232066073326
        ],
        [
            32.97718746346953,
            17.72847702203
        ],
        [
            63.9208050568475,
            83.3087915871886
        ],
        [
            87.00685454850824,
            32.527403200947994
        ],
        [
            27.810140055410272,
            65.78260359684583
        ],
        [
            58.1297170618177,
            10.69969418207748
        ],
        [
            16.86848953880412,
            55.105247751237954
        ],
        [
            2.606867094652998,
            62.368290530521506
        ],
        [
            33.62654039689774,
            87.43504000710533
        ],
        [
            65.87316424496807,
            4.632448752485208
        ],
        [
            61.48405765844519,
            39.765482708648214
        ],
        [
            84.37868792994688,
            69.8381332970587
        ],
        [
            27.60704987902717,
            37.46675112171
        ],
        [
            82.83127822921327,
            39.36038620846682
        ],
        [
            89.65724653947657,
            40.27093487458722
        ]
    ],
    "distances": [
        [
            0.0,
            54.68481488871193,
            64.7350068400671,
            48.24182387254534,
            33.71984351660709,
            72.86613932446014,
            60.99829098338713,
            50.14600213978376,
            8.184550108982348,
            66.90224078045297,
            43.225494688424256,
            74.28499164855113,
            89.81125591189901,
            73.23860214249889,
            42.84605306988277,
            28.177722647835168,
            30.03468667304589,
            62.11352793168608,
            6.886431749904484,
            0.0
        ],
        [
            54.68481488871193,
            0.0,
            63.1016223714532,
            15.854195489509815,
            21.158352253888705,
            64.20576170116738,
            89.4007565616433,
            18.974679504898553,
            61.938907597167066,
            58.97283851487113,
            86.03777543215182,
            73.8070840173272,
            83.22970162711124,
            46.4260542284612,
            90.43268250754699,
            57.19366010301602,
            24.652598474427467,
            76.80999825911113,
            54.75586099630354,
            54.68481488871193
        ],
        [
            64.7350068400671,
            63.1016223714532,
            0.0,
            73.23656023253179,
            55.68283697114815,
            9.926118396515644,
            41.02116205444673,
            44.126944171061595,
            64.87430489990341,
            7.4054026843651855,
            56.6695582006871,
            11.132829536314958,
            25.21771710833658,
            29.689034137570722,
            66.038380758652,
            38.742945476788904,
            58.01306378382028,
            20.916862151907768,
            58.502713774529354,
            64.7350068400671
        ],
        [
            48.24182387254534,
            15.854195489509815,
            73.23656023253179,
            0.0,
            20.18727065301983,
            75.9583833870881,
            93.52066893989588,
            30.84585272617444,
            56.238472750767826,
            70.2533748816038,
            85.62694101409257,
            84.29793306927637,
            95.3453901253385,
            60.742368529659416,
            88.36874334048132,
            58.60840173919256,
            20.973516153330415,
            83.89646395805364,
            50.26303986156646,
            48.24182387254534
        ],
        [
            33.71984351660709,
            21.158352253888705,
            55.68283697114815,
            20.18727065301983,
            0.0,
            59.98543005282088,
            73.33455860941977,
            20.20707625478073,
            40.80746030581753,
            53.922868355431696,
            66.38700818018971,
            66.8101069955655,
            79.35633355451021,
            49.79125250458802,
            70.0066870506533,
            38.609976429380076,
            4.39180120239532,
            64.3106498086402,
            33.60430802399389,
            33.71984351660709
        ],
        [
            72.86613932446014,
            64.20576170116738,
            9.926118396515644,
            75.9583833870881,
            59.98543005282088,
            0.0,
            49.95947436995623,
            45.55211226844375,
            73.62237084451655,
            6.208903095466269,
            66.57901068915615,
            12.241197192177529,
            19.44227930564496,
            24.230714812598418,
            75.96367907020537,
            47.92473894395502,
            62.84351063679272,
            29.52680277166391,
            66.90103571302959,
            72.86613932446014
        ],
        [
            60.99829098338713,
            89.4007565616433,
            41.02116205444673,
            93.52066893989588,
            73.33455860941977,
            49.95947436995623,
            0.0,
            72.51403400880663,
            56.01975670572999,
            48.33112309667088,
            26.11615464433828,
            40.70028426156132,
            53.991381806520316,
            69.70958744982231,
            35.406937806672964,
            36.031531579232585,
            73.1951537146204,
            20.455753276521953,
            54.34491568793961,
            60.99829098338713
        ],
        [
            50.14600213978376,
            18.974679504898553,
            44.126944171061595,
            30.84585272617444,
            20.20707625478073,
            45.55211226844375,
            72.51403400880663,
            0.0,
            55.78274901406008,
            40.139100541976006,
            72.83967137591364,
            54.85763648313601,
            64.79123067928337,
            30.573982359351657,
            78.70056307449917,
            43.61143755914948,
            24.494562792973017,
            58.48231774778809,
            47.84420895923796,
            50.14600213978376
        ],
        [
            8.184550108982348,
            61.938907597167066,
            64.87430489990341,
            56.238472750767826,
            40.80746030581753,
            73.62237084451655,
            56.01975670572999,
            55.78274901406008,
            0.0,
            67.89815432063436,
            36.19859044821648,
            73.68276128628423,
            89.52003372892139,
            76.57876023129072,
            34.99659054147649,
            26.529284876362617,
            37.40317954505662,
            59.6048148445647,
            8.00781458197541,
            8.184550108982348
        ],
        [
            66.90224078045297,
            58.97283851487113,
            7.4054026843651855,
            70.2533748816038,
            53.922868355431696,
            6.208903095466269,
            48.33112309667088,
            40.139100541976006,
            67.89815432063436,
            0.0,
            62.8760976798262,
            15.288088300414946,
            25.433491731363034,
            22.420047177309566,
            72.02871127504741,
            42.55376958680715,
            56.71373669388262,
            28.316580778995892,
            61.036540020380244,
            66.90224078045297
        ],
        [
            43.225494688424256,
            86.03777543215182,
            56.6695582006871,
            85.62694101409257,
            66.38700818018971,
            66.57901068915615,
            26.11615464433828,
            72.83967137591364,
            36.19859044821648,
            62.8760976798262,
            0.0,
            60.6163516263514,
            75.84478042090124,
            80.55258509544494,
            9.837298479824003,
            29.258702355188518,
            64.70211320036027,
            40.59690319668395,
            37.836521927076255,
            43.225494688424256
        ],
        [
            74.28499164855113,
            73.8070840173272,
            11.132829536314958,
            84.29793306927637,
            66.8101069955655,
            12.241197192177529,
            40.70028426156132,
            54.85763648313601,
            73.68276128628423,
            15.288088300414946,
            60.6163516263514,
            0.0,
            16.00455138868997,
            36.4149383614746,
            70.34885629365584,
            47.1789922550301,
            69.09909408463838,
            20.65026008384593,
            67.81585475990555,
            74.28499164855113
        ],
        [
            89.81125591189901,
            83.22970162711124,
            25.21771710833658,
            95.3453901253385,
            79.35633355451021,
            19.44227930564496,
            53.991381806520316,
            64.79123067928337,
            89.52003372892139,
            25.433491731363034,
            75.84478042090124,
            16.00455138868997,
            0.0,
            39.881851274731595,
            85.65075470146428,
            63.066714597461285,
            82.11229648278137,
            35.28591509626343,
            83.45849149834774,
            89.81125591189901
        ],
        [
            73.23860214249889,
            46.4260542284612,
            29.689034137570722,
            60.742368529659416,
            49.79125250458802,
            24.230714812598418,
            69.70958744982231,
            30.573982359351657,
            76.57876023129072,
            22.420047177309566,
            80.55258509544494,
            36.4149383614746,
            39.881851274731595,
            0.0,
            88.86008028399834,
            55.212570679223944,
            53.71621361356802,
            50.32955553379204,
            68.79155880633795,
            73.23860214249889
        ],
        [
            42.84605306988277,
            90.43268250754699,
            66.038380758652,
            88.36874334048132,
            70.0066870506533,
            75.96367907020537,
            35.406937806672964,
            78.70056307449917,
            34.99659054147649,
            72.02871127504741,
            9.837298479824003,
            70.34885629365584,
            85.65075470146428,
            88.86008028399834,
            0.0,
            35.406134095559786,
            67.78079155470039,
            50.42208762775445,
            38.64721555104874,
            42.84605306988277
        ],
        [
            28.177722647835168,
            57.19366010301602,
            38.742945476788904,
            58.60840173919256,
            38.609976429380076,
            47.92473894395502,
            36.031531579232585,
            43.61143755914948,
            26.529284876362617,
            42.55376958680715,
            29.258702355188518,
            47.1789922550301,
            63.066714597461285,
            55.212570679223944,
            35.406134095559786,
            0.0,
            37.79587819698581,
            33.954908673055456,
            21.351063890857596,
            28.177722647835168
        ],
        [
            30.03468667304589,
            24.652598474427467,
            58.01306378382028,
            20.973516153330415,
            4.39180120239532,
            62.84351063679272,
            73.1951537146204,
            24.494562792973017,
            37.40317954505662,
            56.71373669388262,
            64.70211320036027,
            69.09909408463838,
            82.11229648278137,
            53.71621361356802,
            67.78079155470039,
            37.79587819698581,
            0.0,
            65.3523164924329,
            30.517004184193695,
            30.03468667304589
        ],
        [
            62.11352793168608,
            76.80999825911113,
            20.916862151907768,
            83.89646395805364,
            64.3106498086402,
            29.52680277166391,
            20.455753276521953,
            58.48231774778809,
            59.6048148445647,
            28.316580778995892,
            40.59690319668395,
            20.65026008384593,
            35.28591509626343,
            50.32955553379204,
            50.42208762775445,
            33.954908673055456,
            65.3523164924329,
            0.0,
            55.25668512239306,
            62.11352793168608
        ],
        [
            6.886431749904484,
            54.75586099630354,
            58.502713774529354,
            50.26303986156646,
            33.60430802399389,
            66.90103571302959,
            54.34491568793961,
            47.84420895923796,
            8.00781458197541,
            61.036540020380244,
            37.836521927076255,
            67.81585475990555,
            83.45849149834774,
            68.79155880633795,
            38.64721555104874,
            21.351063890857596,
            30.517004184193695,
            55.25668512239306,
            0.0,
            6.886431749904484
        ],
        [
            0.0,
            54.68481488871193,
            64.7350068400671,
            48.24182387254534,
            33.71984351660709,
            72.86613932446014,
            60.99829098338713,
            50.14600213978376,
            8.184550108982348,
            66.90224078045297,
            43.225494688424256,
            74.28499164855113,
            89.81125591189901,
            73.23860214249889,
            42.84605306988277,
            28.177722647835168,
            30.03468667304589,
            62.11352793168608,
            6.886431749904484,
            0.0
        ]
    ],
    "scores_ave": [
        0,
        14.461943755682467,
        19.518488002181783,
        14.647870257403813,
        19.495402806483632,
        18.062792513355394,
        10.090410012655033,
        10.99751954067969,
        12.941823376258501,
        17.967716928234672,
        10.026771695919699,
        12.099135699766162,
        10.386011694003571,
        12.033389799032436,
        18.579587596364167,
        13.626524324918755,
        15.542300512210748,
        17.928502173811804,
        16.046530831670715,
        0
    ],
    "scores_var": [
        0,
        17.86994249721801,
        22.15347964538065,
        284.89370687660977,
        22.96330689930254,
        20.75415971679717,
        21.6212017063155,
        234.5224708555405,
        16.57121771428256,
        17.450902717412685,
        19.203283228002334,
        20.679185596145047,
        16.867836493897435,
        22.212711021658205,
        24.13760368255081,
        21.24951901320736,
        20.096588261800033,
        19.724386594138547,
        19.18923694552511,
        0
    ],
    "vertex_number": 20,
    "minimum_distances": {
        "cost": 352.6632836039017,
        "path": [
            0,
            8,
            18,
            15,
            14,
            10,
            6,
            17,
            2,
            9,
            11,
            12,
            5,
            13,
            7,
            1,
            3,
            4,
            16,
            19
        ]
    }
}