{
    "vertices": [
        [
            49.753815729247144,
            92.42908220279337
        ],
        [
            32.64318337864833,
            92.78341485800894
        ],
        [
            45.43788986219378,
            44.056910693702214
        ],
        [
            74.86883537646742,
            63.88223442025034
        ],
        [
            73.42989635677712,
            49.03956486992554
        ],
        [
            11.830918691120363,
            41.17384520965075
        ],
        [
            32.87690109520731,
            88.32202118889806
        ],
        [
            28.690422002732262,
            41.81653244739915
        ],
        [
            2.8561744155271906,
            1.4669202686863003
        ],
        [
            31.575795559257692,
            93.42675798375146
        ],
        [
            21.239971073942588,
            86.40957123389842
        ],
        [
            87.15714487895968,
            36.685604857076484
        ],
        [
            48.90857102777099,
            19.079417790293373
        ],
        [
            78.54975522874952,
            28.82334205960062
        ],
        [
            95.59661987308323,
            82.19670951260302
        ],
        [
            9.756887834433591,
            0.10699220219274608
        ],
        [
            57.20573372330914,
            15.196427678894231
        ],
        [
            30.419020583130475,
            38.024364556361036
        ],
        [
            1.6016502732428606,
            32.142278034583114
        ],
        [
            91.18959753768628,
            60.67012606321357
        ],
        [
            95.8079095474191,
            38.321842523574055
        ],
        [
            2.346708150408028,
            40.766538937531514
        ],
        [
            95.87530053552655,
            21.606707362652887
        ],
        [
            39.162515659102034,
            44.21542399633024
        ],
        [
            49.753815729247144,
            92.42908220279337
        ]
    ],
    "distances": [
        [
            0.0,
            17.114300776482537,
            48.564330455539384,
            38.022187341076815,
            49.428807473583035,
            63.759277277801544,
            17.36946164210413,
            54.82058689963509,
            102.34013711402311,
            18.205377619386358,
            29.142303432149745,
            67.12931027557327,
            73.35453433859246,
            69.82045768127249,
            46.97088611726489,
            100.61372939664803,
            77.59132687741705,
            57.73826812028849,
            77.15652788273034,
            52.20685117063017,
            71.05331057113011,
            70.11741741982999,
            84.51627144362928,
            49.363270503740985,
            0.0
        ],
        [
            17.114300776482537,
            0.0,
            50.37833584065953,
            51.16916959788192,
            59.80869809099846,
            55.64798325826784,
            4.467511325314817,
            51.11993177960882,
            96.05190308916764,
            1.2462773104023266,
            13.06365696927192,
            78.22235157139004,
            75.47742721591706,
            78.72930998939464,
            63.83739888599232,
            95.46047265762215,
            81.38218145863446,
            54.804201390763566,
            68.12432937483814,
            66.77533922114907,
            83.40171157185371,
            60.19660947081424,
            95.20727036324824,
            49.00358588637235,
            17.114300776482537
        ],
        [
            48.564330455539384,
            50.37833584065953,
            0.0,
            35.485546560910905,
            28.432011364527693,
            33.73041028328426,
            46.012807412244015,
            16.89665571615296,
            60.22549107133815,
            51.27903548143506,
            48.77793690302914,
            42.365462217365454,
            25.217469728204918,
            36.44800737190988,
            63.01224047954119,
            56.610328042816995,
            31.16744501860251,
            16.18511808176701,
            45.426582225627044,
            48.67461022070427,
            50.695462223023505,
            43.216622815902035,
            55.208188025290966,
            6.277375873399599,
            48.564330455539384
        ],
        [
            38.022187341076815,
            51.16916959788192,
            35.485546560910905,
            0.0,
            14.912256196918234,
            67.0033572335658,
            48.58627092068947,
            51.179498485919645,
            95.29687707010002,
            52.41341592768763,
            58.16816990669524,
            29.843914120395535,
            51.780572641018054,
            35.25159719097204,
            27.659736948253023,
            91.14190711570875,
            51.790857668766975,
            51.42388033841661,
            79.8467610132949,
            16.63384855108459,
            33.04207107686034,
            76.11697783702748,
            47.206903800995256,
            40.7642576285786,
            38.022187341076815
        ],
        [
            49.428807473583035,
            59.80869809099846,
            28.432011364527693,
            14.912256196918234,
            0.0,
            62.09914327289962,
            56.45933757260076,
            45.31879039485835,
            85.1105560021592,
            61.00810328221155,
            64.18960723256706,
            18.46774701984075,
            38.71570493900569,
            20.854462821794673,
            39.88433116279868,
            80.30347864301635,
            37.531072301337,
            44.398987294351834,
            73.78899130515737,
            21.229153061438975,
            24.812195522646288,
            71.56299744742498,
            35.44513845031146,
            34.605284495979625,
            49.428807473583035
        ],
        [
            63.759277277801544,
            55.64798325826784,
            33.73041028328426,
            67.0033572335658,
            62.09914327289962,
            0.0,
            51.632198031104686,
            16.871748540083722,
            40.7085485258278,
            55.858992614579805,
            46.203908662400956,
            75.45982144932498,
            43.16151093030439,
            67.85232550911043,
            93.27147522219391,
            41.11919284142931,
            52.28479760669062,
            18.853030534457744,
            13.645773631522154,
            81.71844880682323,
            84.02540635189021,
            9.49295254280072,
            86.29212596252204,
            27.50031625883171,
            63.759277277801544
        ],
        [
            17.36946164210413,
            4.467511325314817,
            46.012807412244015,
            48.58627092068947,
            56.45933757260076,
            51.632198031104686,
            0.0,
            46.6935444175896,
            91.89696723089521,
            5.267942042240864,
            11.79303205923694,
            74.9177172424307,
            71.07427499625393,
            75.00734912550182,
            63.0181130049734,
            91.19444255163586,
            77.06649416728716,
            50.35767507874289,
            64.2985602860716,
            64.53679470220499,
            80.37617614303801,
            56.512092275960825,
            91.7590945409576,
            44.55222627830485,
            17.36946164210413
        ],
        [
            54.82058689963509,
            51.11993177960882,
            16.89665571615296,
            51.179498485919645,
            45.31879039485835,
            16.871748540083722,
            46.6935444175896,
            0.0,
            47.91137183769155,
            51.690818918584064,
            45.211152686660526,
            58.69143124701177,
            30.42613897504987,
            51.52451946594561,
            78.14728410689506,
            45.80572522696945,
            39.00965240050015,
            4.167564080608138,
            28.764435545587794,
            65.28096916237743,
            67.20840715249007,
            26.364630585386625,
            70.15871245556293,
            10.743343344197514,
            54.82058689963509
        ],
        [
            102.34013711402311,
            96.05190308916764,
            60.22549107133815,
            95.29687707010002,
            85.1105560021592,
            40.7085485258278,
            91.89696723089521,
            47.91137183769155,
            0.0,
            96.34017018471854,
            86.90925113344274,
            91.36196892149944,
            49.30540845262332,
            80.4853526396588,
            122.95563872809225,
            7.033437995455122,
            56.05688156397091,
            45.783809602362766,
            30.70100006334224,
            106.33820205752745,
            99.99155143532482,
            39.30292079975662,
            95.17441278158037,
            56.08551493431518,
            102.34013711402311
        ],
        [
            18.205377619386358,
            1.2462773104023266,
            51.27903548143506,
            52.41341592768763,
            61.00810328221155,
            55.858992614579805,
            5.267942042240864,
            51.690818918584064,
            96.34017018471854,
            0.0,
            12.492805036241952,
            79.42823710962944,
            76.34102500807599,
            79.87586767040386,
            64.99830716631054,
            95.83654532499263,
            82.32179729512814,
            55.41446856037462,
            68.22196763702394,
            68.02060218125754,
            84.63046836253159,
            60.2282178115046,
            96.3978527323632,
            49.792707444915074,
            18.205377619386358
        ],
        [
            29.142303432149745,
            13.06365696927192,
            48.77793690302914,
            58.16816990669524,
            64.18960723256706,
            46.203908662400956,
            11.79303205923694,
            45.211152686660526,
            86.90925113344274,
            12.492805036241952,
            0.0,
            82.56843606781075,
            72.79355044332151,
            81.24398531820867,
            74.47589827938633,
            87.06317446664403,
            79.77999685344821,
            49.2481794091937,
            57.71137457253681,
            74.53502049447604,
            88.72884029841669,
            49.398803437988235,
            98.8425190378835,
            45.8428147642857,
            29.142303432149745
        ],
        [
            67.12931027557327,
            78.22235157139004,
            42.365462217365454,
            29.843914120395535,
            18.46774701984075,
            75.45982144932498,
            74.9177172424307,
            58.69143124701177,
            91.36196892149944,
            79.42823710962944,
            82.56843606781075,
            0.0,
            42.106189861829066,
            11.657715594708858,
            46.28698937220616,
            85.60837981363,
            36.862877885620065,
            56.753916394742255,
            85.67604376863365,
            24.32114166589453,
            8.804146923486181,
            84.90856376748273,
            17.41778940335033,
            48.58171065556961,
            67.12931027557327
        ],
        [
            73.35453433859246,
            75.47742721591706,
            25.217469728204918,
            51.780572641018054,
            38.71570493900569,
            43.16151093030439,
            71.07427499625393,
            30.42613897504987,
            49.30540845262332,
            76.34102500807599,
            72.79355044332151,
            42.106189861829066,
            0.0,
            31.201664394745578,
            78.5083843888116,
            43.506404466095255,
            9.160814428938803,
            26.472145428998456,
            49.07731725590804,
            59.30828118716064,
            50.693380861770514,
            51.36475735623925,
            47.03467734807196,
            26.95931014026666,
            73.35453433859246
        ],
        [
            69.82045768127249,
            78.72930998939464,
            36.44800737190988,
            35.25159719097204,
            20.854462821794673,
            67.85232550911043,
            75.00734912550182,
            51.52451946594561,
            80.4853526396588,
            79.87586767040386,
            81.24398531820867,
            11.657715594708858,
            31.201664394745578,
            0.0,
            56.02956315620755,
            74.54587415454314,
            25.323112951685147,
            49.002310481373065,
            77.01964809222191,
            34.263439187675914,
            19.699375663992935,
            77.1332894131253,
            18.76843990656585,
            42.28795132497911,
            69.82045768127249
        ],
        [
            46.97088611726489,
            63.83739888599232,
            63.01224047954119,
            27.659736948253023,
            39.88433116279868,
            93.27147522219391,
            63.0181130049734,
            78.14728410689506,
            122.95563872809225,
            64.99830716631054,
            74.47589827938633,
            46.28698937220616,
            78.5083843888116,
            56.02956315620755,
            0.0,
            118.7736556841215,
            77.21980254546966,
            78.73573209245524,
            106.4917856957179,
            21.973066260042437,
            43.87537574347899,
            102.03923299479587,
            60.59064303539435,
            68.0248937368014,
            46.97088611726489
        ],
        [
            100.61372939664803,
            95.46047265762215,
            56.610328042816995,
            91.14190711570875,
            80.30347864301635,
            41.11919284142931,
            91.19444255163586,
            45.80572522696945,
            7.033437995455122,
            95.83654532499263,
            87.06317446664403,
            85.60837981363,
            43.506404466095255,
            74.54587415454314,
            118.7736556841215,
            0.0,
            49.79040107482364,
            43.18160321212516,
            33.05703311010242,
            101.48487272831431,
            94.15494210573485,
            41.32928143184614,
            88.76158379691458,
            53.011741181562726,
            100.61372939664803
        ],
        [
            77.59132687741705,
            81.38218145863446,
            31.16744501860251,
            51.790857668766975,
            37.531072301337,
            52.28479760669062,
            77.06649416728716,
            39.00965240050015,
            56.05688156397091,
            82.32179729512814,
            79.77999685344821,
            36.862877885620065,
            9.160814428938803,
            25.323112951685147,
            77.21980254546966,
            49.79040107482364,
            0.0,
            35.194356123330756,
            58.12895956921417,
            56.76936008536805,
            44.99903099061176,
            60.525558870507815,
            39.19728412873212,
            34.17103840072605,
            77.59132687741705
        ],
        [
            57.73826812028849,
            54.804201390763566,
            16.18511808176701,
            51.42388033841661,
            44.398987294351834,
            18.853030534457744,
            50.35767507874289,
            4.167564080608138,
            45.783809602362766,
            55.41446856037462,
            49.2481794091937,
            56.753916394742255,
            26.472145428998456,
            49.002310481373065,
            78.73573209245524,
            43.18160321212516,
            35.194356123330756,
            0.0,
            29.411558500475177,
            64.85286067410469,
            65.38956562881454,
            28.20592571884729,
            67.48380585693552,
            10.713445903759007,
            57.73826812028849
        ],
        [
            77.15652788273034,
            68.12432937483814,
            45.426582225627044,
            79.8467610132949,
            73.78899130515737,
            13.645773631522154,
            64.2985602860716,
            28.764435545587794,
            30.70100006334224,
            68.22196763702394,
            57.71137457253681,
            85.67604376863365,
            49.07731725590804,
            77.01964809222191,
            106.4917856957179,
            33.05703311010242,
            58.12895956921417,
            29.411558500475177,
            0.0,
            94.02041484806014,
            94.40871942626335,
            8.65638419679084,
            94.86052594814461,
            39.453510134692515,
            77.15652788273034
        ],
        [
            52.20685117063017,
            66.77533922114907,
            48.67461022070427,
            16.63384855108459,
            21.229153061438975,
            81.71844880682323,
            64.53679470220499,
            65.28096916237743,
            106.33820205752745,
            68.02060218125754,
            74.53502049447604,
            24.32114166589453,
            59.30828118716064,
            34.263439187675914,
            21.973066260042437,
            101.48487272831431,
            56.76936008536805,
            64.85286067410469,
            94.02041484806014,
            0.0,
            22.82048603749195,
            91.04510846360597,
            39.34344282290613,
            54.56715558750341,
            52.20685117063017
        ],
        [
            71.05331057113011,
            83.40171157185371,
            50.695462223023505,
            33.04207107686034,
            24.812195522646288,
            84.02540635189021,
            80.37617614303801,
            67.20840715249007,
            99.99155143532482,
            84.63046836253159,
            88.72884029841669,
            8.804146923486181,
            50.693380861770514,
            19.699375663992935,
            43.87537574347899,
            94.15494210573485,
            44.99903099061176,
            65.38956562881454,
            94.40871942626335,
            22.82048603749195,
            0.0,
            93.49316930733004,
            16.715271011657013,
            56.95116286203999,
            71.05331057113011
        ],
        [
            70.11741741982999,
            60.19660947081424,
            43.216622815902035,
            76.11697783702748,
            71.56299744742498,
            9.49295254280072,
            56.512092275960825,
            26.364630585386625,
            39.30292079975662,
            60.2282178115046,
            49.398803437988235,
            84.90856376748273,
            51.36475735623925,
            77.1332894131253,
            102.03923299479587,
            41.32928143184614,
            60.525558870507815,
            28.20592571884729,
            8.65638419679084,
            91.04510846360597,
            93.49316930733004,
            0.0,
            95.47092091060694,
            36.97699948165096,
            70.11741741982999
        ],
        [
            84.51627144362928,
            95.20727036324824,
            55.208188025290966,
            47.206903800995256,
            35.44513845031146,
            86.29212596252204,
            91.7590945409576,
            70.15871245556293,
            95.17441278158037,
            96.3978527323632,
            98.8425190378835,
            17.41778940335033,
            47.03467734807196,
            18.76843990656585,
            60.59064303539435,
            88.76158379691458,
            39.19728412873212,
            67.48380585693552,
            94.86052594814461,
            39.34344282290613,
            16.715271011657013,
            95.47092091060694,
            0.0,
            61.05320660097653,
            84.51627144362928
        ],
        [
            49.363270503740985,
            49.00358588637235,
            6.277375873399599,
            40.7642576285786,
            34.605284495979625,
            27.50031625883171,
            44.55222627830485,
            10.743343344197514,
            56.08551493431518,
            49.792707444915074,
            45.8428147642857,
            48.58171065556961,
            26.95931014026666,
            42.28795132497911,
            68.0248937368014,
            53.011741181562726,
            34.17103840072605,
            10.713445903759007,
            39.453510134692515,
            54.56715558750341,
            56.95116286203999,
            36.97699948165096,
            61.05320660097653,
            0.0,
            49.363270503740985
        ],
        [
            0.0,
            17.114300776482537,
            48.564330455539384,
            38.022187341076815,
            49.428807473583035,
            63.759277277801544,
            17.36946164210413,
            54.82058689963509,
            102.34013711402311,
            18.205377619386358,
            29.142303432149745,
            67.12931027557327,
            73.35453433859246,
            69.82045768127249,
            46.97088611726489,
            100.61372939664803,
            77.59132687741705,
            57.73826812028849,
            77.15652788273034,
            52.20685117063017,
            71.05331057113011,
            70.11741741982999,
            84.51627144362928,
            49.363270503740985,
            0.0
        ]
    ],
    "scores_ave": [
        0,
        19.50267639440513,
        13.098502700961756,
        11.261762375608669,
        18.61458314793714,
        10.61727670504128,
        15.595790411368059,
        18.52855832637707,
        19.779673438449144,
        14.31714285855784,
        13.073410641948769,
        12.014084520202797,
        12.018598804599208,
        10.94678038059725,
        13.126742913485245,
        18.979171977227345,
        15.596501583642997,
        13.856631002434128,
        10.780042761505161,
        14.884400220249692,
        11.725316539137125,
        16.999936638957166,
        18.030263257290578,
        18.58461391606317,
        0
    ],
    "scores_var": [
        0,
        251.44933575306996,
        336.8351933313185,
        18.411554027124083,
        344.8931353481494,
        377.2993538132224,
        21.974390968253232,
        295.24417057237247,
        373.02820475422914,
        320.0111767147921,
        18.232525042808454,
        367.6475980364436,
        18.44351746324266,
        21.601204651552866,
        229.64556764129657,
        22.003771380109075,
        19.02444378614976,
        294.46973831264427,
        24.55696170964132,
        22.74627853808258,
        16.66885505721302,
        19.98457548080292,
        368.1941893763641,
        16.132021022694815,
        0
    ],
    "vertex_number": 25,
    "minimum_distances": {
        "cost": 419.3493921212104,
        "path": [
            0,
            14,
            19,
            3,
            4,
            11,
            20,
            22,
            13,
            16,
            12,
            15,
            8,
            18,
            21,
            5,
            7,
            17,
            23,
            2,
            10,
            6,
            9,
            1,
            24
        ]
    }
}