{
    "vertices": [
        [
            37.6687285372816,
            14.32276861775269
        ],
        [
            53.30973746723756,
            86.14463266576531
        ],
        [
            6.691628272156736,
            11.819390076719072
        ],
        [
            62.06608375980288,
            48.12992016977202
        ],
        [
            67.91229369074107,
            88.61495159541415
        ],
        [
            86.117981766219,
            40.82367922021445
        ],
        [
            31.651362544148263,
            4.955390724904762
        ],
        [
            55.777177989139204,
            67.43583928497253
        ],
        [
            27.20526840761511,
            63.01434774296671
        ],
        [
            65.08229451923316,
            24.13406527830706
        ],
        [
            20.9327792010665,
            63.15219942170207
        ],
        [
            4.335720936964959,
            85.38985013520606
        ],
        [
            82.42815787793761,
            85.43138061734867
        ],
        [
            52.264157220231326,
            43.32891099243283
        ],
        [
            88.69066251212267,
            6.563065624448871
        ],
        [
            91.44054390437616,
            48.17678824333576
        ],
        [
            19.301388907959538,
            9.776073217439496
        ],
        [
            37.6687285372816,
            14.32276861775269
        ]
    ],
    "distances": [
        [
            0.0,
            73.50524685815408,
            31.078089467586434,
            41.691179377838296,
            80.21222902262397,
            55.22344068601097,
            11.133573643836629,
            56.115187046392094,
            49.80315126166313,
            29.116406749601108,
            51.61787784113213,
            78.49598378956168,
            84.0228612665045,
            32.47126166164916,
            51.608630451479044,
            63.54134695363539,
            18.92172307487069,
            0.0
        ],
        [
            73.50524685815408,
            0.0,
            87.73533946389593,
            39.01015209593973,
            14.810034566967166,
            55.94970701617156,
            84.02843692013255,
            18.870803175655194,
            34.87769180285057,
            63.118171450518055,
            39.71044463427836,
            48.97983250048791,
            29.127154610411974,
            42.82848655347516,
            87.09211026139694,
            53.809995443526525,
            83.59859235622226,
            73.50524685815408
        ],
        [
            31.078089467586434,
            87.73533946389593,
            0.0,
            66.21770847886393,
            98.2116497329412,
            84.5564569863427,
            25.886344315683814,
            74.17938132360362,
            55.151909505074954,
            59.6751299127038,
            53.27164062640047,
            73.6081713710471,
            105.61603603658425,
            55.40492128918603,
            82.16733270001309,
            92.2184314672666,
            12.774239980509918,
            31.078089467586434
        ],
        [
            41.691179377838296,
            39.01015209593973,
            66.21770847886393,
            0.0,
            40.904962291778624,
            25.137123035941002,
            52.81188558848947,
            20.304404661918834,
            37.905443292501,
            24.18467653944427,
            43.79061106955156,
            68.71024066822613,
            42.497211836949226,
            10.914552350328083,
            49.3626538035642,
            29.374497534450583,
            57.4442051195264,
            41.691179377838296
        ],
        [
            80.21222902262397,
            14.810034566967166,
            98.2116497329412,
            40.904962291778624,
            0.0,
            51.141497763969774,
            91.17991693714363,
            24.409339019104223,
            48.08796964949761,
            64.54295930270337,
            53.436191199835925,
            63.65832139276704,
            14.860869331015463,
            47.91335563801152,
            84.6419080731859,
            46.78486521734135,
            92.6206716003384,
            80.21222902262397
        ],
        [
            55.22344068601097,
            55.94970701617156,
            84.5564569863427,
            25.137123035941002,
            51.141497763969774,
            0.0,
            65.21615389659844,
            40.35804055143863,
            62.95342377313322,
            26.852250398856935,
            68.90336310985268,
            93.13689803922173,
            44.76004718789315,
            33.94639336694033,
            34.3570710360866,
            9.07732780175157,
            73.67775050644501,
            55.22344068601097
        ],
        [
            11.133573643836629,
            84.02843692013255,
            25.886344315683814,
            52.81188558848947,
            91.17991693714363,
            65.21615389659844,
            0.0,
            66.97657368926122,
            58.22894677989702,
            38.5415200835161,
            59.17564170648438,
            84.94613903550585,
            95.15601869318758,
            43.559320036942104,
            57.06195194189548,
            73.77557462448162,
            13.257481982201124,
            11.133573643836629
        ],
        [
            56.115187046392094,
            18.870803175655194,
            74.17938132360362,
            20.304404661918834,
            24.409339019104223,
            40.35804055143863,
            66.97657368926122,
            0.0,
            28.911997589077398,
            44.29027913394718,
            35.106718692871915,
            54.48458506092334,
            32.15764663153065,
            24.361553863093977,
            69.20109852141088,
            40.53130537533247,
            68.2285263805202,
            56.115187046392094
        ],
        [
            49.80315126166313,
            34.87769180285057,
            55.151909505074954,
            37.905443292501,
            48.08796964949761,
            62.95342377313322,
            58.22894677989702,
            28.911997589077398,
            0.0,
            54.2802493692864,
            6.274003819858496,
            31.994988807896615,
            59.59942016783868,
            31.86635103965203,
            83.4697606382761,
            65.92665462504434,
            53.821790992129536,
            49.80315126166313
        ],
        [
            29.116406749601108,
            63.118171450518055,
            59.6751299127038,
            24.18467653944427,
            64.54295930270337,
            26.852250398856935,
            38.5415200835161,
            44.29027913394718,
            54.2802493692864,
            0.0,
            58.920238414835026,
            86.26944638990459,
            63.70431573632002,
            23.08130728111288,
            29.42949316796969,
            35.67646056186781,
            47.97961290598623,
            29.116406749601108
        ],
        [
            51.61787784113213,
            39.71044463427836,
            53.27164062640047,
            43.79061106955156,
            53.436191199835925,
            68.90336310985268,
            59.17564170648438,
            35.106718692871915,
            6.274003819858496,
            58.920238414835026,
            0.0,
            27.748431528246524,
            65.40675434051307,
            37.07584136239938,
            88.28058005426861,
            72.08056481062297,
            53.401051327308245,
            51.61787784113213
        ],
        [
            78.49598378956168,
            48.97983250048791,
            73.6081713710471,
            68.71024066822613,
            63.65832139276704,
            93.13689803922173,
            84.94613903550585,
            54.48458506092334,
            31.994988807896615,
            86.26944638990459,
            27.748431528246524,
            0.0,
            78.09244798417282,
            63.76721419453101,
            115.45309924143925,
            94.72097000956133,
            77.08057133667225,
            78.49598378956168
        ],
        [
            84.0228612665045,
            29.127154610411974,
            105.61603603658425,
            42.497211836949226,
            14.860869331015463,
            44.76004718789315,
            95.15601869318758,
            32.15764663153065,
            59.59942016783868,
            63.70431573632002,
            65.40675434051307,
            78.09244798417282,
            0.0,
            51.79271072453213,
            79.11656004979268,
            38.329202376822366,
            98.53280924830945,
            84.0228612665045
        ],
        [
            32.47126166164916,
            42.82848655347516,
            55.40492128918603,
            10.914552350328083,
            47.91335563801152,
            33.94639336694033,
            43.559320036942104,
            24.361553863093977,
            31.86635103965203,
            23.08130728111288,
            37.07584136239938,
            63.76721419453101,
            51.79271072453213,
            0.0,
            51.755363716263226,
            39.475197117499775,
            47.03548678990714,
            32.47126166164916
        ],
        [
            51.608630451479044,
            87.09211026139694,
            82.16733270001309,
            49.3626538035642,
            84.6419080731859,
            34.3570710360866,
            57.06195194189548,
            69.20109852141088,
            83.4697606382761,
            29.42949316796969,
            88.28058005426861,
            115.45309924143925,
            79.11656004979268,
            51.755363716263226,
            0.0,
            41.704481268481445,
            69.46362147992305,
            51.608630451479044
        ],
        [
            63.54134695363539,
            53.809995443526525,
            92.2184314672666,
            29.374497534450583,
            46.78486521734135,
            9.07732780175157,
            73.77557462448162,
            40.53130537533247,
            65.92665462504434,
            35.67646056186781,
            72.08056481062297,
            94.72097000956133,
            38.329202376822366,
            39.475197117499775,
            41.704481268481445,
            0.0,
            81.72314603646336,
            63.54134695363539
        ],
        [
            18.92172307487069,
            83.59859235622226,
            12.774239980509918,
            57.4442051195264,
            92.6206716003384,
            73.67775050644501,
            13.257481982201124,
            68.2285263805202,
            53.821790992129536,
            47.97961290598623,
            53.401051327308245,
            77.08057133667225,
            98.53280924830945,
            47.03548678990714,
            69.46362147992305,
            81.72314603646336,
            0.0,
            18.92172307487069
        ],
        [
            0.0,
            73.50524685815408,
            31.078089467586434,
            41.691179377838296,
            80.21222902262397,
            55.22344068601097,
            11.133573643836629,
            56.115187046392094,
            49.80315126166313,
            29.116406749601108,
            51.61787784113213,
            78.49598378956168,
            84.0228612665045,
            32.47126166164916,
            51.608630451479044,
            63.54134695363539,
            18.92172307487069,
            0.0
        ]
    ],
    "scores_ave": [
        0,
        11.996610413994814,
        16.3144237973534,
        19.183754179560417,
        14.34655696274719,
        15.516463574233645,
        12.422689892806021,
        19.264390958135195,
        12.082881437324371,
        13.454151687037381,
        11.534453658518245,
        11.1272623751241,
        16.00817032703872,
        14.627878687839393,
        16.18595131809485,
        10.750119576425066,
        14.409571385080024,
        0
    ],
    "scores_var": [
        0,
        16.308995090109345,
        339.6440855256324,
        288.81559435483433,
        24.733363255394416,
        16.128288045204467,
        237.7311009923811,
        20.514454936518987,
        21.846349705781172,
        17.64641898170756,
        20.95372100156843,
        306.6407362132692,
        21.42005086942175,
        231.25155294432878,
        242.37185129677846,
        19.854707032703924,
        22.383190728120965,
        0
    ],
    "vertex_number": 18,
    "minimum_distances": {
        "cost": 401.0131919224667,
        "path": [
            0,
            13,
            3,
            9,
            14,
            5,
            15,
            12,
            4,
            1,
            7,
            8,
            10,
            11,
            2,
            16,
            6,
            17
        ]
    }
}