{
    "vertices": [
        [
            85.33693398399502,
            28.694267260650598
        ],
        [
            12.319549709685894,
            26.837220530148798
        ],
        [
            64.53239903952002,
            84.77569754472515
        ],
        [
            61.77013486723115,
            81.18631675177315
        ],
        [
            55.71784015656447,
            69.36797243817819
        ],
        [
            91.37665586747926,
            57.307810753015396
        ],
        [
            59.221421161752005,
            59.7231459684346
        ],
        [
            19.8012881595079,
            52.97889095093079
        ],
        [
            71.69969240151468,
            0.0038232605925281327
        ],
        [
            66.61681529712841,
            10.386410919543444
        ],
        [
            1.144985686352329,
            40.68295951975721
        ],
        [
            69.09687207760506,
            55.498675028563184
        ],
        [
            49.75021170362063,
            55.78075021326937
        ],
        [
            46.58727840989769,
            3.4692860255045255
        ],
        [
            5.953368301073558,
            73.90810419343522
        ],
        [
            63.10291071771904,
            86.60587987430962
        ],
        [
            38.55554846157517,
            22.76019735802087
        ],
        [
            67.09912410187103,
            33.12378531626842
        ],
        [
            15.032502815069915,
            38.827211836935305
        ],
        [
            72.67655470247406,
            4.672784869876912
        ],
        [
            85.33693398399502,
            28.694267260650598
        ]
    ],
    "distances": [
        [
            0.0,
            73.04099553553056,
            59.81601371675812,
            57.53963225802162,
            50.315415252450904,
            29.24402693917666,
            40.55627354468247,
            69.89037001913164,
            31.766585194184767,
            26.18435501319423,
            85.04124234885391,
            31.340323650401427,
            44.722392169952215,
            46.236733074738794,
            91.35667217406261,
            62.03310943455771,
            47.15624260908167,
            18.768013733518632,
            71.03090600416262,
            27.153578397740056,
            0.0
        ],
        [
            73.04099553553056,
            0.0,
            77.99390203027767,
            73.47914420113382,
            60.76410512443985,
            84.7259281600058,
            57.28236759805436,
            27.19123650407118,
            65.16158803411545,
            56.734664774876876,
            17.79256500002019,
            63.60144109401368,
            47.31577292850527,
            41.47695255542123,
            47.49943530790662,
            78.42985652843286,
            26.550889786506286,
            55.13912102490413,
            12.29308773615599,
            64.29798021584962,
            73.04099553553056
        ],
        [
            59.81601371675812,
            77.99390203027767,
            0.0,
            4.529211612888431,
            17.75089973099978,
            38.40701666945272,
            25.60931132422032,
            54.880863605842634,
            85.07432493873624,
            74.41848396560106,
            77.21485425838603,
            29.63070133370555,
            32.54566074283204,
            83.26319660296828,
            59.57858195278615,
            2.3222842680620777,
            67.23629250156489,
            51.71564670776049,
            67.53890038392908,
            80.51586111106798,
            59.81601371675812
        ],
        [
            57.53963225802162,
            73.47914420113382,
            4.529211612888431,
            0.0,
            13.27793408552122,
            38.03589271294736,
            21.613968669063407,
            50.56721234442728,
            81.78748903268905,
            70.96560418288668,
            72.9104290226584,
            26.71209492813836,
            28.105539738660838,
            79.18621088997612,
            56.28928679549312,
            5.581035379461504,
            62.86913749526601,
            48.35705795694965,
            63.076937299059225,
            77.2869365071778,
            57.53963225802162
        ],
        [
            50.315415252450904,
            60.76410512443985,
            17.75089973099978,
            13.27793408552122,
            0.0,
            37.6430423554905,
            10.261469558078774,
            39.47911725650541,
            71.18149192247783,
            59.98009885196194,
            61.652464761410236,
            19.270596923307185,
            14.839986426592207,
            66.52821979224751,
            49.97114622870922,
            18.75325891598224,
            49.66718186233674,
            37.98913955819087,
            50.87273073753404,
            66.88097856302142,
            50.315415252450904
        ],
        [
            29.24402693917666,
            84.7259281600058,
            38.40701666945272,
            38.03589271294736,
            37.6430423554905,
            0.0,
            32.24582086384607,
            71.70615600619091,
            60.58819912963796,
            53.05343973204502,
            91.75042224536973,
            22.353114722405703,
            41.65444475225771,
            70.03338545202935,
            87.02130659189673,
            40.71586323571838,
            63.115821937736506,
            34.267559512684024,
            78.54910719789706,
            55.85821097475363,
            29.24402693917666
        ],
        [
            40.55627354468247,
            57.28236759805436,
            25.60931132422032,
            21.613968669063407,
            10.261469558078774,
            32.24582086384607,
            0.0,
            39.992897640152805,
            61.00905471990588,
            49.88792719388174,
            61.11792746427729,
            10.741074690795188,
            10.258961589271209,
            57.655167344766475,
            55.12439111149479,
            27.161504807855614,
            42.34782006710618,
            27.741380476046366,
            48.880472255060035,
            56.67082914233969,
            40.55627354468247
        ],
        [
            69.89037001913164,
            27.19123650407118,
            54.880863605842634,
            50.56721234442728,
            39.47911725650541,
            71.70615600619091,
            39.992897640152805,
            0.0,
            74.16065101967935,
            63.29149181681067,
            22.34384818535055,
            49.35994231787602,
            30.079701407711184,
            56.29112055702719,
            25.095753651879892,
            54.82522138785052,
            35.565316277798956,
            51.29630108101654,
            14.933564055737751,
            71.61894788883559,
            69.89037001913164
        ],
        [
            31.766585194184767,
            65.16158803411545,
            85.07432493873624,
            81.78748903268905,
            71.18149192247783,
            60.58819912963796,
            61.00905471990588,
            74.16065101967935,
            0.0,
            11.560007186593529,
            81.44175075754612,
            55.55585699444833,
            59.94034770662807,
            25.35039977320579,
            98.91623664960562,
            87.02770171068696,
            40.20431369360179,
            33.437959196833425,
            68.69079906490954,
            4.770058958126942,
            31.766585194184767
        ],
        [
            26.18435501319423,
            56.734664774876876,
            74.41848396560106,
            70.96560418288668,
            59.98009885196194,
            53.05343973204502,
            49.88792719388174,
            63.29149181681067,
            11.560007186593529,
            0.0,
            72.14181401702906,
            45.18038351626001,
            48.42652534194911,
            21.190303554141668,
            87.83541038684537,
            76.30042577299132,
            30.668310798626784,
            22.742489226994845,
            58.90518186941937,
            8.328623193309136,
            26.18435501319423
        ],
        [
            85.04124234885391,
            17.79256500002019,
            77.21485425838603,
            72.9104290226584,
            61.652464761410236,
            91.75042224536973,
            61.11792746427729,
            22.34384818535055,
            81.44175075754612,
            72.14181401702906,
            0.0,
            69.5482874711347,
            50.89608315003069,
            58.735504279006825,
            33.57127912302997,
            77.12132706380915,
            41.48223246963761,
            66.38591333085725,
            14.010957549815188,
            80.08431834150223,
            85.04124234885391
        ],
        [
            31.340323650401427,
            63.60144109401368,
            29.63070133370555,
            26.71209492813836,
            19.270596923307185,
            22.353114722405703,
            10.741074690795188,
            49.35994231787602,
            55.55585699444833,
            45.18038351626001,
            69.5482874711347,
            0.0,
            19.34871659919919,
            56.68985030070986,
            65.77240417799312,
            31.67942180815548,
            44.77254033895846,
            22.463897404767135,
            56.57644128703711,
            50.95179327675947,
            31.340323650401427
        ],
        [
            44.722392169952215,
            47.31577292850527,
            32.54566074283204,
            28.105539738660838,
            14.839986426592207,
            41.65444475225771,
            10.258961589271209,
            30.079701407711184,
            59.94034770662807,
            48.42652534194911,
            50.89608315003069,
            19.34871659919919,
            0.0,
            52.406997934325005,
            47.40004698678542,
            33.592903857526935,
            34.86656558895733,
            28.536342087697573,
            38.63601653830252,
            56.01465276909677,
            44.722392169952215
        ],
        [
            46.236733074738794,
            41.47695255542123,
            83.26319660296828,
            79.18621088997612,
            66.52821979224751,
            70.03338545202935,
            57.655167344766475,
            56.29112055702719,
            25.35039977320579,
            21.190303554141668,
            58.735504279006825,
            56.68985030070986,
            52.406997934325005,
            0.0,
            81.31876631889347,
            84.7611901008258,
            20.89612275044795,
            36.05724811847461,
            47.39078792894861,
            26.117020253826684,
            46.236733074738794
        ],
        [
            91.35667217406261,
            47.49943530790662,
            59.57858195278615,
            56.28928679549312,
            49.97114622870922,
            87.02130659189673,
            55.12439111149479,
            25.095753651879892,
            98.91623664960562,
            87.83541038684537,
            33.57127912302997,
            65.77240417799312,
            47.40004698678542,
            81.31876631889347,
            0.0,
            58.543178130963874,
            60.654847496816195,
            73.49941577131877,
            36.23671745690515,
            96.15359091261816,
            91.35667217406261
        ],
        [
            62.03310943455771,
            78.42985652843286,
            2.3222842680620777,
            5.581035379461504,
            18.75325891598224,
            40.71586323571838,
            27.161504807855614,
            54.82522138785052,
            87.02770171068696,
            76.30042577299132,
            77.12132706380915,
            31.67942180815548,
            33.592903857526935,
            84.7611901008258,
            58.543178130963874,
            0.0,
            68.4020772323845,
            53.63118644713108,
            67.7758455155868,
            82.49052500834404,
            62.03310943455771
        ],
        [
            47.15624260908167,
            26.550889786506286,
            67.23629250156489,
            62.86913749526601,
            49.66718186233674,
            63.115821937736506,
            42.34782006710618,
            35.565316277798956,
            40.20431369360179,
            30.668310798626784,
            41.48223246963761,
            44.77254033895846,
            34.86656558895733,
            20.89612275044795,
            60.654847496816195,
            68.4020772323845,
            0.0,
            30.366752636751013,
            28.486534200446638,
            38.618616720536835,
            47.15624260908167
        ],
        [
            18.768013733518632,
            55.13912102490413,
            51.71564670776049,
            48.35705795694965,
            37.98913955819087,
            34.267559512684024,
            27.741380476046366,
            51.29630108101654,
            33.437959196833425,
            22.742489226994845,
            66.38591333085725,
            22.463897404767135,
            28.536342087697573,
            36.05724811847461,
            73.49941577131877,
            53.63118644713108,
            30.366752636751013,
            0.0,
            52.37806913489477,
            28.99253625513147,
            18.768013733518632
        ],
        [
            71.03090600416262,
            12.29308773615599,
            67.53890038392908,
            63.076937299059225,
            50.87273073753404,
            78.54910719789706,
            48.880472255060035,
            14.933564055737751,
            68.69079906490954,
            58.90518186941937,
            14.010957549815188,
            56.57644128703711,
            38.63601653830252,
            47.39078792894861,
            36.23671745690515,
            67.7758455155868,
            28.486534200446638,
            52.37806913489477,
            0.0,
            67.00269844898686,
            71.03090600416262
        ],
        [
            27.153578397740056,
            64.29798021584962,
            80.51586111106798,
            77.2869365071778,
            66.88097856302142,
            55.85821097475363,
            56.67082914233969,
            71.61894788883559,
            4.770058958126942,
            8.328623193309136,
            80.08431834150223,
            50.95179327675947,
            56.01465276909677,
            26.117020253826684,
            96.15359091261816,
            82.49052500834404,
            38.618616720536835,
            28.99253625513147,
            67.00269844898686,
            0.0,
            27.153578397740056
        ],
        [
            0.0,
            73.04099553553056,
            59.81601371675812,
            57.53963225802162,
            50.315415252450904,
            29.24402693917666,
            40.55627354468247,
            69.89037001913164,
            31.766585194184767,
            26.18435501319423,
            85.04124234885391,
            31.340323650401427,
            44.722392169952215,
            46.236733074738794,
            91.35667217406261,
            62.03310943455771,
            47.15624260908167,
            18.768013733518632,
            71.03090600416262,
            27.153578397740056,
            0.0
        ]
    ],
    "scores_ave": [
        0,
        15.323503190392346,
        15.574579254176053,
        17.839544054842534,
        16.697144174963025,
        19.70110273150945,
        17.42176980995483,
        18.777342828304235,
        12.96288150678653,
        13.151023430160238,
        18.20540358149446,
        15.563040508857728,
        15.020691178704215,
        10.951386142218874,
        11.1164424919862,
        12.666017566195281,
        11.299576943968564,
        10.60747547106549,
        13.373757384550636,
        14.18925685699328,
        0
    ],
    "scores_var": [
        0,
        23.149026350291805,
        364.90536608931416,
        20.99337472948541,
        20.841630641607583,
        21.016856577164226,
        20.907966094619013,
        313.10551564300386,
        322.55626320392963,
        21.654122622858416,
        18.328317011809634,
        17.717828433239767,
        273.6170160453147,
        281.7979840597455,
        280.8269408569882,
        397.44484333914073,
        22.17269981623935,
        22.232902552803754,
        21.929285534484677,
        264.0008332701201,
        0
    ],
    "vertex_number": 21,
    "minimum_distances": {
        "cost": 369.56901254203063,
        "path": [
            0,
            5,
            11,
            2,
            15,
            3,
            4,
            6,
            12,
            14,
            7,
            18,
            10,
            1,
            16,
            13,
            8,
            19,
            9,
            17,
            20
        ]
    }
}