{
    "vertices": [
        [
            55.23596436701864,
            9.757080304963694
        ],
        [
            80.3918964762494,
            83.29471632694195
        ],
        [
            41.8669667315645,
            37.011860426144786
        ],
        [
            20.525968136919815,
            56.85095402162585
        ],
        [
            44.030062015296615,
            31.638342395714545
        ],
        [
            11.098516546261106,
            57.53109586882481
        ],
        [
            90.44941078055983,
            91.42814158914639
        ],
        [
            66.51716628608251,
            1.4025708341934506
        ],
        [
            61.24862718347796,
            73.00812018744355
        ],
        [
            68.52014537649505,
            12.840490132426119
        ],
        [
            9.896352853410795,
            53.433328327243956
        ],
        [
            73.72813197742121,
            90.03496940596628
        ],
        [
            72.43982859587231,
            57.15608132726365
        ],
        [
            99.8953707005924,
            32.478870374528334
        ],
        [
            20.11919086088544,
            12.64900902280408
        ],
        [
            45.86974395351402,
            93.3279941428572
        ],
        [
            61.56799194843875,
            59.64000151189936
        ],
        [
            76.20141607261006,
            69.70792044064382
        ],
        [
            46.733892069002216,
            20.965328843898646
        ],
        [
            57.47953121418673,
            50.380773524807964
        ],
        [
            32.30725225836809,
            15.590423600419145
        ],
        [
            55.23596436701864,
            9.757080304963694
        ]
    ],
    "distances": [
        [
            0.0,
            77.7213280379664,
            30.357093688802067,
            58.503134787243646,
            24.583772660038562,
            65.04206994881189,
            88.93901876906482,
            14.037925246840437,
            63.53617993206304,
            13.63733409639236,
            62.95470604735297,
            82.38021450229473,
            50.42457974358164,
            50.107308030192705,
            35.23565003217804,
            84.09413608887941,
            50.283201980673596,
            63.51104941813953,
            14.068051345912687,
            40.685599946636316,
            23.659115219382432,
            0.0
        ],
        [
            77.7213280379664,
            0.0,
            60.218543341456396,
            65.44617590654019,
            63.17091081414391,
            73.92791516897806,
            12.934689809859156,
            83.05920557804184,
            21.731976885518478,
            71.44743846242858,
            76.55928528890567,
            9.478226039989751,
            27.32148647530973,
            54.43009927125839,
            92.8634212308498,
            35.95060053092774,
            30.230529513277233,
            14.218338456697857,
            70.83652874534174,
            40.10366707277932,
            83.04218363674522,
            77.7213280379664
        ],
        [
            30.357093688802067,
            60.218543341456396,
            0.0,
            29.13808256743886,
            5.792553601811812,
            36.98292240964244,
            72.9478274205929,
            43.3088194634882,
            40.88250822388669,
            35.98120445113875,
            35.941407314862126,
            61.85938842819103,
            36.61269613518132,
            58.205185902982436,
            32.6575302774498,
            56.458207041024515,
            30.002719269971667,
            47.4118840800969,
            16.768367185275256,
            20.554318455342784,
            23.457751309270797,
            30.357093688802067
        ],
        [
            58.503134787243646,
            65.44617590654019,
            29.13808256743886,
            0.0,
            34.46909070518959,
            9.451954106243038,
            78.00557500087999,
            72.03966619367336,
            43.81083174663622,
            65.1180618618699,
            11.16552222076101,
            62.70286368531901,
            51.914757154630294,
            83.02710716757169,
            44.20381668398288,
            44.41712990106076,
            41.136680766054624,
            57.1406780528505,
            44.43684699915315,
            37.515717503027275,
            42.90955635041702,
            58.503134787243646
        ],
        [
            24.583772660038562,
            63.17091081414391,
            5.792553601811812,
            34.46909070518959,
            0.0,
            41.89178164507231,
            75.69396295202179,
            37.681185496288265,
            44.81001563253401,
            30.8726972056357,
            40.4985371699247,
            65.51443662010465,
            38.18729942456645,
            55.87163145807139,
            30.533989934340116,
            61.71707674799207,
            33.04045852585613,
            49.84264032332135,
            11.010173260969486,
            23.06874392680936,
            19.873599730736608,
            24.583772660038562
        ],
        [
            65.04206994881189,
            73.92791516897806,
            36.98292240964244,
            9.451954106243038,
            41.89178164507231,
            0.0,
            86.28774028996492,
            78.87736089365723,
            52.48401545884429,
            72.76327163207675,
            4.270467933288005,
            70.56182058290086,
            61.34245837814262,
            92.26318501939254,
            45.77962739848666,
            49.90447055573597,
            50.51351730361297,
            66.2318849451738,
            51.05815612385503,
            46.9289423623597,
            46.998196357220074,
            65.04206994881189
        ],
        [
            88.93901876906482,
            12.934689809859156,
            72.9478274205929,
            78.00557500087999,
            75.69396295202179,
            86.28774028996492,
            0.0,
            93.15232534026447,
            34.52510609864648,
            81.58989914594122,
            89.0640273972689,
            16.779216118289902,
            38.715877428532295,
            59.70127917846869,
            105.6053576380247,
            44.62013148945496,
            42.94906522064336,
            25.97640005731401,
            82.9219787281538,
            52.64883079072523,
            95.56081868295917,
            88.93901876906482
        ],
        [
            14.037925246840437,
            83.05920557804184,
            43.3088194634882,
            72.03966619367336,
            37.681185496288265,
            78.87736089365723,
            93.15232534026447,
            0.0,
            71.79911003944554,
            11.611973265104993,
            76.89678952386797,
            88.92525008560426,
            56.06720843003238,
            45.60527297426719,
            47.74153847005175,
            94.21570728629312,
            58.447349457139566,
            68.98844453085798,
            27.82228315028224,
            49.80505181701631,
            37.0352991603917,
            14.037925246840437
        ],
        [
            63.53617993206304,
            21.731976885518478,
            40.88250822388669,
            43.81083174663622,
            44.81001563253401,
            52.48401545884429,
            34.52510609864648,
            71.79911003944554,
            0.0,
            60.60543443676331,
            54.95660611100917,
            21.110462671679194,
            19.40438417155853,
            56.00170421402651,
            73.04007689480822,
            25.483471642709194,
            13.371932948400989,
            15.312648821537358,
            54.02897062013257,
            22.939112916955033,
            64.29926176804344,
            63.53617993206304
        ],
        [
            13.63733409639236,
            71.44743846242858,
            35.98120445113875,
            65.1180618618699,
            30.8726972056357,
            72.76327163207675,
            81.58989914594122,
            11.611973265104993,
            60.60543443676331,
            0.0,
            71.30587326791735,
            77.36996028658957,
            44.48860010708619,
            37.01446666738925,
            48.40133327747751,
            83.61386838588047,
            47.31307116056492,
            57.38385268842614,
            23.251964159306738,
            39.13014232355031,
            36.31715520333711,
            13.63733409639236
        ],
        [
            62.95470604735297,
            76.55928528890567,
            35.941407314862126,
            11.16552222076101,
            40.4985371699247,
            4.270467933288005,
            89.0640273972689,
            76.89678952386797,
            54.95660611100917,
            71.30587326791735,
            0.0,
            73.58108558449015,
            62.65417183114807,
            92.40623637801423,
            42.04601191615651,
            53.718425403025776,
            52.043069459707525,
            68.27315546361945,
            49.10371967489578,
            47.6809915347331,
            43.98106240534277,
            62.95470604735297
        ],
        [
            82.38021450229473,
            9.478226039989751,
            61.85938842819103,
            62.70286368531901,
            65.51443662010465,
            70.56182058290086,
            16.779216118289902,
            88.92525008560426,
            21.110462671679194,
            77.36996028658957,
            73.58108558449015,
            0.0,
            32.904118388049305,
            63.22522374900797,
            94.14088076951771,
            28.052340280417805,
            32.73718190079624,
            20.476963980388575,
            74.15729388001223,
            42.85408122622929,
            85.19201650914522,
            82.38021450229473
        ],
        [
            50.42457974358164,
            27.32148647530973,
            36.61269613518132,
            51.914757154630294,
            38.18729942456645,
            61.34245837814262,
            38.715877428532295,
            56.06720843003238,
            19.40438417155853,
            44.48860010708619,
            62.65417183114807,
            32.904118388049305,
            0.0,
            36.915735569941674,
            68.69009112026366,
            44.88180783614877,
            11.151981508777716,
            13.103366188629947,
            44.39105470740321,
            16.42301109926208,
            57.77826222508594,
            50.42457974358164
        ],
        [
            50.107308030192705,
            54.43009927125839,
            58.205185902982436,
            83.02710716757169,
            55.87163145807139,
            92.26318501939254,
            59.70127917846869,
            45.60527297426719,
            56.00170421402651,
            37.01446666738925,
            92.40623637801423,
            63.22522374900797,
            36.915735569941674,
            0.0,
            82.20378501654211,
            81.37188832015659,
            46.975685270919726,
            44.129419379119625,
            54.39397438020643,
            46.03891371153887,
            69.6661566975103,
            50.107308030192705
        ],
        [
            35.23565003217804,
            92.8634212308498,
            32.6575302774498,
            44.20381668398288,
            30.533989934340116,
            45.77962739848666,
            105.6053576380247,
            47.74153847005175,
            73.04007689480822,
            48.40133327747751,
            42.04601191615651,
            94.14088076951771,
            68.69009112026366,
            82.20378501654211,
            0.0,
            84.68878098413057,
            62.659049519648555,
            80.00584576696558,
            27.88374967187991,
            53.09878608545767,
            12.537972736699226,
            35.23565003217804
        ],
        [
            84.09413608887941,
            35.95060053092774,
            56.458207041024515,
            44.41712990106076,
            61.71707674799207,
            49.90447055573597,
            44.62013148945496,
            94.21570728629312,
            25.483471642709194,
            83.61386838588047,
            53.718425403025776,
            28.052340280417805,
            44.88180783614877,
            81.37188832015659,
            84.68878098413057,
            0.0,
            37.16605760117191,
            38.44370189300635,
            72.36782490260849,
            44.488772955134095,
            78.91179287547226,
            84.09413608887941
        ],
        [
            50.283201980673596,
            30.230529513277233,
            30.002719269971667,
            41.136680766054624,
            33.04045852585613,
            50.51351730361297,
            42.94906522064336,
            58.447349457139566,
            13.371932948400989,
            47.31307116056492,
            52.043069459707525,
            32.73718190079624,
            11.151981508777716,
            46.975685270919726,
            62.659049519648555,
            37.16605760117191,
            0.0,
            17.762322290557893,
            41.421984805295125,
            10.12170015819759,
            52.88247537123846,
            50.283201980673596
        ],
        [
            63.51104941813953,
            14.218338456697857,
            47.4118840800969,
            57.1406780528505,
            49.84264032332135,
            66.2318849451738,
            25.97640005731401,
            68.98844453085798,
            15.312648821537358,
            57.38385268842614,
            68.27315546361945,
            20.476963980388575,
            13.103366188629947,
            44.129419379119625,
            80.00584576696558,
            38.44370189300635,
            17.762322290557893,
            0.0,
            56.95766152564813,
            26.90813223838407,
            69.68070809918078,
            63.51104941813953
        ],
        [
            14.068051345912687,
            70.83652874534174,
            16.768367185275256,
            44.43684699915315,
            11.010173260969486,
            51.05815612385503,
            82.9219787281538,
            27.82228315028224,
            54.02897062013257,
            23.251964159306738,
            49.10371967489578,
            74.15729388001223,
            44.39105470740321,
            54.39397438020643,
            27.88374967187991,
            72.36782490260849,
            41.421984805295125,
            56.95766152564813,
            0.0,
            31.316723111049757,
            15.395374065028655,
            14.068051345912687
        ],
        [
            40.685599946636316,
            40.10366707277932,
            20.554318455342784,
            37.515717503027275,
            23.06874392680936,
            46.9289423623597,
            52.64883079072523,
            49.80505181701631,
            22.939112916955033,
            39.13014232355031,
            47.6809915347331,
            42.85408122622929,
            16.42301109926208,
            46.03891371153887,
            53.09878608545767,
            44.488772955134095,
            10.12170015819759,
            26.90813223838407,
            31.316723111049757,
            0.0,
            42.94196171218743,
            40.685599946636316
        ],
        [
            23.659115219382432,
            83.04218363674522,
            23.457751309270797,
            42.90955635041702,
            19.873599730736608,
            46.998196357220074,
            95.56081868295917,
            37.0352991603917,
            64.29926176804344,
            36.31715520333711,
            43.98106240534277,
            85.19201650914522,
            57.77826222508594,
            69.6661566975103,
            12.537972736699226,
            78.91179287547226,
            52.88247537123846,
            69.68070809918078,
            15.395374065028655,
            42.94196171218743,
            0.0,
            23.659115219382432
        ],
        [
            0.0,
            77.7213280379664,
            30.357093688802067,
            58.503134787243646,
            24.583772660038562,
            65.04206994881189,
            88.93901876906482,
            14.037925246840437,
            63.53617993206304,
            13.63733409639236,
            62.95470604735297,
            82.38021450229473,
            50.42457974358164,
            50.107308030192705,
            35.23565003217804,
            84.09413608887941,
            50.283201980673596,
            63.51104941813953,
            14.068051345912687,
            40.685599946636316,
            23.659115219382432,
            0.0
        ]
    ],
    "scores_ave": [
        0,
        18.658528453357672,
        18.233938446282416,
        13.062256064826173,
        10.789342859377962,
        11.165044106186903,
        12.942770953877105,
        12.680205512709374,
        13.270903541271988,
        13.685256658145146,
        17.553810169962436,
        15.613474173032499,
        14.257140291179041,
        11.503483822393706,
        18.620685099310464,
        14.383912160663286,
        18.725528547032347,
        18.529596441731353,
        15.246571380797143,
        17.78761465990788,
        16.282810047794815,
        0
    ],
    "scores_var": [
        0,
        20.218029243417604,
        19.59564447087417,
        21.16541184488191,
        299.20383763287117,
        23.229937429216367,
        233.83833182866587,
        256.8846360616943,
        17.70636024733947,
        16.978336132856306,
        302.53642541923244,
        22.642472215727075,
        18.702204714572755,
        388.6643045312361,
        20.645250737404535,
        16.07552698874975,
        17.213518054617104,
        22.82103204331459,
        20.51158206994142,
        299.4603373922341,
        327.80778088129614,
        0
    ],
    "vertex_number": 22,
    "minimum_distances": {
        "cost": 415.486575117478,
        "path": [
            0,
            7,
            9,
            18,
            4,
            2,
            19,
            16,
            12,
            13,
            17,
            1,
            6,
            11,
            8,
            15,
            3,
            5,
            10,
            14,
            20,
            21
        ]
    }
}