{
    "vertices": [
        [
            32.834532737453834,
            89.05484258148589
        ],
        [
            64.79121100782994,
            77.27161461969196
        ],
        [
            91.76982737540953,
            78.66839358026571
        ],
        [
            19.72281318420295,
            74.58787822644595
        ],
        [
            57.33963508822377,
            90.51122913069266
        ],
        [
            44.97028538597877,
            47.675909225491765
        ],
        [
            63.88591622657462,
            72.76343199706622
        ],
        [
            49.51556246388681,
            28.044315670999442
        ],
        [
            69.24829878640718,
            14.506302792514415
        ],
        [
            53.31268937352964,
            67.11194450401324
        ],
        [
            98.56415727544027,
            33.404832032202115
        ],
        [
            23.231679379526547,
            73.38525995005152
        ],
        [
            30.126638420578633,
            66.89873351628451
        ],
        [
            5.588195980747557,
            47.01725037800835
        ],
        [
            58.015741129396844,
            55.84980171079004
        ],
        [
            80.57593190907485,
            86.78953721840088
        ],
        [
            21.189857573831418,
            52.63417255334545
        ],
        [
            41.387903488553754,
            26.64887616042295
        ],
        [
            29.880670949370213,
            13.185753155044132
        ],
        [
            49.632776720833284,
            24.10320955947788
        ],
        [
            89.41887156641944,
            95.86831413643932
        ],
        [
            32.834532737453834,
            89.05484258148589
        ]
    ],
    "distances": [
        [
            0.0,
            34.05985536193498,
            59.84352326624492,
            19.524606200717535,
            24.5483421640326,
            43.12183458557837,
            35.06563097134549,
            63.249831198425596,
            82.96654230794344,
            30.014091278098167,
            86.12379007010819,
            18.37799261228508,
            22.320973557183024,
            50.09512975255897,
            41.67334874116841,
            47.79511275488402,
            38.23694110366272,
            62.989402252701254,
            75.92656998614197,
            67.0887146482234,
            56.99307673166404,
            0.0
        ],
        [
            34.05985536193498,
            0.0,
            27.01475027783405,
            45.148232782880214,
            15.19254343701392,
            35.61986623061977,
            4.598181075154915,
            51.54291804139552,
            62.92336609105377,
            15.32890588947937,
            55.361597828937306,
            41.74084835963671,
            36.183273138872366,
            66.48551379033937,
            22.467778269725542,
            18.432261514128207,
            50.080750522022285,
            55.770749071151656,
            72.9776914326519,
            55.2870457402111,
            30.860312660523974,
            34.05985536193498
        ],
        [
            59.84352326624492,
            27.01475027783405,
            0.0,
            72.16247542470174,
            36.41003837964253,
            56.13137462151984,
            28.502299420488548,
            65.94103553460927,
            67.99994958998786,
            40.1559830977608,
            45.77065569560691,
            68.74146660975643,
            62.75673384221538,
            91.8099583697498,
            40.74342245331097,
            13.829543365652077,
            75.22840422121298,
            72.4180118971396,
            90.10129788291412,
            68.94120933874576,
            17.359846207685937,
            59.84352326624492
        ],
        [
            19.524606200717535,
            45.148232782880214,
            72.16247542470174,
            0.0,
            40.84823612077509,
            36.90106947078583,
            44.200772327811606,
            55.262203403364815,
            77.86250336816396,
            34.41176205073642,
            88.94942850828275,
            3.70923613368071,
            12.936866928389241,
            30.982687479385326,
            42.631723424257515,
            62.06434194204681,
            22.002668293238106,
            52.60726239771304,
            62.23666955791771,
            58.679704235588176,
            72.8724742720917,
            19.524606200717535
        ],
        [
            24.5483421640326,
            15.19254343701392,
            36.41003837964253,
            40.84823612077509,
            0.0,
            44.58548467200203,
            18.916609099907067,
            62.954994953630965,
            76.93221106109151,
            23.743268789900206,
            70.43153994578562,
            38.1661035868573,
            36.0291151261547,
            67.60131387357625,
            34.6680208573274,
            23.53245589896456,
            52.359123649118004,
            65.82444734236078,
            82.05622430041149,
            66.85372636783877,
            32.523464956593955,
            24.5483421640326
        ],
        [
            43.12183458557837,
            35.61986623061977,
            56.13137462151984,
            36.90106947078583,
            44.58548467200203,
            0.0,
            31.41949854647537,
            20.150905915212366,
            41.105288292262266,
            21.150772365080098,
            55.46139872344407,
            33.668051707548834,
            24.286844771359746,
            39.38759699955041,
            15.394688496838617,
            52.892702323622565,
            24.29183241661876,
            21.33001593010412,
            37.64661113047682,
            24.029377748740906,
            65.56054228376077,
            43.12183458557837
        ],
        [
            35.06563097134549,
            4.598181075154915,
            28.502299420488548,
            44.200772327811606,
            18.916609099907067,
            31.41949854647537,
            0.0,
            46.97133628340893,
            58.50340374605429,
            11.9888463569305,
            52.456456165446696,
            40.65899216186987,
            34.2649022507419,
            63.72982075780716,
            17.90334731642005,
            21.801106649939932,
            47.20318326374938,
            51.309968204736194,
            68.59924578715103,
            50.704725947841396,
            34.434973312910124,
            35.06563097134549
        ],
        [
            63.249831198425596,
            51.54291804139552,
            65.94103553460927,
            55.262203403364815,
            62.954994953630965,
            20.150905915212366,
            46.97133628340893,
            0.0,
            23.930287826771767,
            39.2517234704677,
            49.34065046841874,
            52.408431937126544,
            43.42345174733558,
            47.84961627370118,
            29.075730278955707,
            66.45109182492676,
            37.51008689689704,
            8.246580615442374,
            24.623278515002585,
            3.942848787907562,
            78.69160593844973,
            63.249831198425596
        ],
        [
            82.96654230794344,
            62.92336609105377,
            67.99994958998786,
            77.86250336816396,
            76.93221106109151,
            41.105288292262266,
            58.50340374605429,
            23.930287826771767,
            0.0,
            54.96632775835016,
            34.87942038469596,
            74.72791217207124,
            65.38708669855454,
            71.48125909728988,
            42.842213461999364,
            73.16543754553386,
            61.346134550446564,
            30.391507270086073,
            39.38976990108562,
            21.83733787344065,
            83.82498968805625,
            82.96654230794344
        ],
        [
            30.014091278098167,
            15.32890588947937,
            40.1559830977608,
            34.41176205073642,
            23.743268789900206,
            21.150772365080098,
            11.9888463569305,
            39.2517234704677,
            54.96632775835016,
            0.0,
            56.42574570588298,
            30.728189809112035,
            23.187031239857525,
            51.78246809119276,
            12.204694019651404,
            33.62279061269726,
            35.23467331319033,
            42.18365107693475,
            58.79705435509314,
            43.16587817548453,
            46.15826239128667,
            30.014091278098167
        ],
        [
            86.12379007010819,
            55.361597828937306,
            45.77065569560691,
            88.94942850828275,
            70.43153994578562,
            55.46139872344407,
            52.456456165446696,
            49.34065046841874,
            34.87942038469596,
            56.42574570588298,
            0.0,
            85.28432940718172,
            76.19406422835678,
            93.96716081639073,
            46.34598920969803,
            56.33385305168207,
            79.7279737055475,
            57.57401268666169,
            71.59771256502674,
            49.80763178073074,
            63.12941348758107,
            86.12379007010819
        ],
        [
            18.37799261228508,
            41.74084835963671,
            68.74146660975643,
            3.70923613368071,
            38.1661035868573,
            33.668051707548834,
            40.65899216186987,
            52.408431937126544,
            74.72791217207124,
            30.728189809112035,
            85.28432940718172,
            0.0,
            9.466545587158183,
            31.726399657609278,
            38.954117208321804,
            58.89004964558439,
            20.85129886678395,
            50.139186706893014,
            60.56558187005218,
            55.90830377970873,
            69.90158893138802,
            18.37799261228508
        ],
        [
            22.320973557183024,
            36.183273138872366,
            62.75673384221538,
            12.936866928389241,
            36.0291151261547,
            24.286844771359746,
            34.2649022507419,
            43.42345174733558,
            65.38708669855454,
            23.187031239857525,
            76.19406422835678,
            9.466545587158183,
            0.0,
            31.581775269139985,
            29.998015666798338,
            54.22891558388895,
            16.832817689507383,
            41.79553933254599,
            53.71354353683889,
            47.031333195288774,
            65.99095023356152,
            22.320973557183024
        ],
        [
            50.09512975255897,
            66.48551379033937,
            91.8099583697498,
            30.982687479385326,
            67.60131387357625,
            39.38759699955041,
            63.72982075780716,
            47.84961627370118,
            71.48125909728988,
            51.78246809119276,
            93.96716081639073,
            31.726399657609278,
            31.581775269139985,
            0.0,
            53.16635640477804,
            84.8822439628631,
            16.581967892530177,
            41.188465932977806,
            41.649664397790694,
            49.64854840982978,
            97.0258140882129,
            50.09512975255897
        ],
        [
            41.67334874116841,
            22.467778269725542,
            40.74342245331097,
            42.631723424257515,
            34.6680208573274,
            15.394688496838617,
            17.90334731642005,
            29.075730278955707,
            42.842213461999364,
            12.204694019651404,
            46.34598920969803,
            38.954117208321804,
            29.998015666798338,
            53.16635640477804,
            0.0,
            38.29137554719579,
            36.96601101723409,
            33.603259330135224,
            51.105804104837915,
            32.83474083188412,
            50.868830712003806,
            41.67334874116841
        ],
        [
            47.79511275488402,
            18.432261514128207,
            13.829543365652077,
            62.06434194204681,
            23.53245589896456,
            52.892702323622565,
            21.801106649939932,
            66.45109182492676,
            73.16543754553386,
            33.62279061269726,
            56.33385305168207,
            58.89004964558439,
            54.22891558388895,
            84.8822439628631,
            38.29137554719579,
            0.0,
            68.50762556353837,
            71.78161800891752,
            89.37296298220062,
            69.90747119132158,
            12.673664509957062,
            47.79511275488402
        ],
        [
            38.23694110366272,
            50.080750522022285,
            75.22840422121298,
            22.002668293238106,
            52.359123649118004,
            24.29183241661876,
            47.20318326374938,
            37.51008689689704,
            61.346134550446564,
            35.23467331319033,
            79.7279737055475,
            20.85129886678395,
            16.832817689507383,
            16.581967892530177,
            36.96601101723409,
            68.50762556353837,
            0.0,
            32.91195356403601,
            40.39440592647353,
            40.28666651586261,
            80.77369218271367,
            38.23694110366272
        ],
        [
            62.989402252701254,
            55.770749071151656,
            72.4180118971396,
            52.60726239771304,
            65.82444734236078,
            21.33001593010412,
            51.309968204736194,
            8.246580615442374,
            30.391507270086073,
            42.18365107693475,
            57.57401268666169,
            50.139186706893014,
            41.79553933254599,
            41.188465932977806,
            33.603259330135224,
            71.78161800891752,
            32.91195356403601,
            0.0,
            17.710789981500117,
            8.628925371071809,
            84.2514361195851,
            62.989402252701254
        ],
        [
            75.92656998614197,
            72.9776914326519,
            90.10129788291412,
            62.23666955791771,
            82.05622430041149,
            37.64661113047682,
            68.59924578715103,
            24.623278515002585,
            39.38976990108562,
            58.79705435509314,
            71.59771256502674,
            60.56558187005218,
            53.71354353683889,
            41.649664397790694,
            51.105804104837915,
            89.37296298220062,
            40.39440592647353,
            17.710789981500117,
            0.0,
            22.568485477536505,
            101.88818981196071,
            75.92656998614197
        ],
        [
            67.0887146482234,
            55.2870457402111,
            68.94120933874576,
            58.679704235588176,
            66.85372636783877,
            24.029377748740906,
            50.704725947841396,
            3.942848787907562,
            21.83733787344065,
            43.16587817548453,
            49.80763178073074,
            55.90830377970873,
            47.031333195288774,
            49.64854840982978,
            32.83474083188412,
            69.90747119132158,
            40.28666651586261,
            8.628925371071809,
            22.568485477536505,
            0.0,
            82.0558564515915,
            67.0887146482234
        ],
        [
            56.99307673166404,
            30.860312660523974,
            17.359846207685937,
            72.8724742720917,
            32.523464956593955,
            65.56054228376077,
            34.434973312910124,
            78.69160593844973,
            83.82498968805625,
            46.15826239128667,
            63.12941348758107,
            69.90158893138802,
            65.99095023356152,
            97.0258140882129,
            50.868830712003806,
            12.673664509957062,
            80.77369218271367,
            84.2514361195851,
            101.88818981196071,
            82.0558564515915,
            0.0,
            56.99307673166404
        ],
        [
            0.0,
            34.05985536193498,
            59.84352326624492,
            19.524606200717535,
            24.5483421640326,
            43.12183458557837,
            35.06563097134549,
            63.249831198425596,
            82.96654230794344,
            30.014091278098167,
            86.12379007010819,
            18.37799261228508,
            22.320973557183024,
            50.09512975255897,
            41.67334874116841,
            47.79511275488402,
            38.23694110366272,
            62.989402252701254,
            75.92656998614197,
            67.0887146482234,
            56.99307673166404,
            0.0
        ]
    ],
    "scores_ave": [
        0,
        18.07910743487208,
        17.463784530718883,
        14.419041045405459,
        10.213128378077942,
        12.380500636111332,
        12.708241571364063,
        13.273613767927616,
        11.467312324527159,
        13.381701569637691,
        14.290307424793669,
        12.2599675232449,
        10.53273597283456,
        10.211069179092103,
        14.57793399220755,
        16.017376838718768,
        16.364225592115194,
        18.25594327858257,
        18.566199376129347,
        11.93143065633144,
        10.266714701828715,
        0
    ],
    "scores_var": [
        0,
        274.3667157679603,
        314.5274180871203,
        387.76627261484714,
        23.178419175603395,
        266.04371239606934,
        20.7901434700491,
        292.60682756697895,
        294.5002273941756,
        16.982183340801775,
        18.674661044613945,
        346.2783234035136,
        305.05881971740223,
        20.248260234338513,
        313.6535280161128,
        21.367368366310927,
        16.452897031745458,
        20.58726607030414,
        235.91179310327112,
        16.959676095775738,
        16.3690815841343,
        0
    ],
    "vertex_number": 22,
    "minimum_distances": {
        "cost": 395.9568436791759,
        "path": [
            0,
            3,
            11,
            12,
            16,
            13,
            18,
            17,
            7,
            19,
            8,
            10,
            2,
            20,
            15,
            1,
            6,
            14,
            5,
            9,
            4,
            21
        ]
    }
}