{
    "vertices": [
        [
            56.420000724166165,
            39.3939786597078
        ],
        [
            72.52779718423558,
            15.702630224293834
        ],
        [
            17.164764746912343,
            29.71494280481527
        ],
        [
            37.62893365407049,
            3.780628484082471
        ],
        [
            48.88550773470212,
            87.95509084440161
        ],
        [
            17.46033930258496,
            91.84136871767372
        ],
        [
            67.42845518257589,
            48.15030575023138
        ],
        [
            66.41698875648666,
            72.06439991345783
        ],
        [
            97.06690808808774,
            50.044601405909816
        ],
        [
            77.04997809091584,
            43.81684344231235
        ],
        [
            19.249450390837552,
            1.2813857776970639
        ],
        [
            99.58524081670569,
            8.540028776639453
        ],
        [
            10.525398330019552,
            51.47013923542251
        ],
        [
            70.50166282576964,
            45.93712531230144
        ],
        [
            68.87648339751236,
            9.750030274200505
        ],
        [
            88.39994325449254,
            44.089094915471215
        ],
        [
            56.420000724166165,
            39.3939786597078
        ]
    ],
    "distances": [
        [
            0.0,
            28.648579327555083,
            40.43089520045503,
            40.266796648908475,
            49.142142822863356,
            65.33440090776577,
            14.066248031337926,
            34.165716655967294,
            42.01912473068827,
            21.098760604305827,
            53.237388631228065,
            53.05849767599413,
            47.45680333911308,
            15.527587567329416,
            32.15474516263493,
            32.32276041581399,
            0.0
        ],
        [
            28.648579327555083,
            0.0,
            57.108758211944554,
            36.87905640320384,
            76.022206729848,
            93.96559166477192,
            32.845927234383524,
            56.69207230411509,
            42.20828056898905,
            28.47558787840824,
            55.195602437387016,
            27.989428636937873,
            71.57941159676055,
            30.302308718401513,
            6.983232670831338,
            32.52255215291435,
            28.648579327555083
        ],
        [
            40.43089520045503,
            57.108758211944554,
            0.0,
            33.03590271730537,
            66.318326120088,
            62.127129026085306,
            53.537848137008986,
            64.95581642382801,
            82.44784732999885,
            61.52318570138136,
            28.509876875363226,
            85.09707315573208,
            22.74576352097396,
            55.749295080571216,
            55.43193644600477,
            72.67094953216926,
            40.43089520045503
        ],
        [
            40.266796648908475,
            36.87905640320384,
            33.03590271730537,
            0.0,
            84.92379274197268,
            90.34083334020563,
            53.44791618042811,
            74.1041534409437,
            75.32083374027708,
            56.18645079263617,
            18.548628497246913,
            62.13884363564866,
            54.85335963060288,
            53.45826922023867,
            31.812625209195463,
            64.82644431014663,
            40.266796648908475
        ],
        [
            49.142142822863356,
            76.022206729848,
            66.318326120088,
            84.92379274197268,
            0.0,
            31.664560105822044,
            43.91197805209514,
            23.661506399212424,
            61.3078506349654,
            52.35859312638262,
            91.60036596476519,
            94.21897376756407,
            52.94005749381806,
            47.25217019754587,
            80.71970395597283,
            59.03910749058299,
            49.142142822863356
        ],
        [
            65.33440090776577,
            93.96559166477192,
            62.127129026085306,
            90.34083334020563,
            31.664560105822044,
            0.0,
            66.37560988662337,
            52.80039792307575,
            89.912043417524,
            76.53286927097123,
            90.5776541348636,
            116.97697501934208,
            40.962538693317775,
            70.14685711926664,
            96.86386179082062,
            85.5143675772324,
            65.33440090776577
        ],
        [
            14.066248031337926,
            32.845927234383524,
            53.537848137008986,
            53.44791618042811,
            43.91197805209514,
            66.37560988662337,
            0.0,
            23.935475010510388,
            29.698926692110717,
            10.552374076475186,
            67.21541610459741,
            51.019926540951076,
            56.99981731141473,
            3.7871853491769163,
            38.42756747891168,
            21.361103562197243,
            14.066248031337926
        ],
        [
            34.165716655967294,
            56.69207230411509,
            64.95581642382801,
            74.1041534409437,
            23.661506399212424,
            52.80039792307575,
            23.935475010510388,
            0.0,
            37.739754654033824,
            30.182526547269664,
            85.05887235096812,
            71.66225417232191,
            59.5650354929368,
            26.44464105138326,
            62.362887821421715,
            35.579038466374726,
            34.165716655967294
        ],
        [
            42.01912473068827,
            42.20828056898905,
            82.44784732999885,
            75.32083374027708,
            61.3078506349654,
            89.912043417524,
            29.698926692110717,
            37.739754654033824,
            0.0,
            20.963359839606625,
            91.83358819553386,
            41.580903656250754,
            86.553249906108,
            26.88091545514547,
            49.17674762449611,
            10.515908756946887,
            42.01912473068827
        ],
        [
            21.098760604305827,
            28.47558787840824,
            61.52318570138136,
            56.18645079263617,
            52.35859312638262,
            76.53286927097123,
            10.552374076475186,
            30.182526547269664,
            20.963359839606625,
            0.0,
            71.76465816225837,
            41.860383647030844,
            66.96336796234706,
            6.883024627295125,
            35.03360921935011,
            11.353229940375638,
            21.098760604305827
        ],
        [
            53.237388631228065,
            55.195602437387016,
            28.509876875363226,
            18.548628497246913,
            91.60036596476519,
            90.5776541348636,
            67.21541610459741,
            85.05887235096812,
            91.83358819553386,
            71.76465816225837,
            0.0,
            80.6630468153485,
            50.94133938168696,
            67.97738118564024,
            50.344417214362,
            81.32828920437632,
            53.237388631228065
        ],
        [
            53.05849767599413,
            27.989428636937873,
            85.09707315573208,
            62.13884363564866,
            94.21897376756407,
            116.97697501934208,
            51.019926540951076,
            71.66225417232191,
            41.580903656250754,
            41.860383647030844,
            80.6630468153485,
            0.0,
            98.86682925914363,
            47.37507085010514,
            30.732586709467878,
            37.26723741972681,
            53.05849767599413
        ],
        [
            47.45680333911308,
            71.57941159676055,
            22.74576352097396,
            54.85335963060288,
            52.94005749381806,
            40.962538693317775,
            56.99981731141473,
            59.5650354929368,
            86.553249906108,
            66.96336796234706,
            50.94133938168696,
            98.86682925914363,
            0.0,
            60.230943425598305,
            71.73155944415274,
            78.22355503585123,
            47.45680333911308
        ],
        [
            15.527587567329416,
            30.302308718401513,
            55.749295080571216,
            53.45826922023867,
            47.25217019754587,
            70.14685711926664,
            3.7871853491769163,
            26.44464105138326,
            26.88091545514547,
            6.883024627295125,
            67.97738118564024,
            47.37507085010514,
            60.230943425598305,
            0.0,
            36.2235704406755,
            17.99343376492696,
            15.527587567329416
        ],
        [
            32.15474516263493,
            6.983232670831338,
            55.43193644600477,
            31.812625209195463,
            80.71970395597283,
            96.86386179082062,
            38.42756747891168,
            62.362887821421715,
            49.17674762449611,
            35.03360921935011,
            50.344417214362,
            30.732586709467878,
            71.73155944415274,
            36.2235704406755,
            0.0,
            39.50109929134232,
            32.15474516263493
        ],
        [
            32.32276041581399,
            32.52255215291435,
            72.67094953216926,
            64.82644431014663,
            59.03910749058299,
            85.5143675772324,
            21.361103562197243,
            35.579038466374726,
            10.515908756946887,
            11.353229940375638,
            81.32828920437632,
            37.26723741972681,
            78.22355503585123,
            17.99343376492696,
            39.50109929134232,
            0.0,
            32.32276041581399
        ],
        [
            0.0,
            28.648579327555083,
            40.43089520045503,
            40.266796648908475,
            49.142142822863356,
            65.33440090776577,
            14.066248031337926,
            34.165716655967294,
            42.01912473068827,
            21.098760604305827,
            53.237388631228065,
            53.05849767599413,
            47.45680333911308,
            15.527587567329416,
            32.15474516263493,
            32.32276041581399,
            0.0
        ]
    ],
    "scores_ave": [
        0,
        18.42443627998737,
        11.240513339447014,
        12.111057048325886,
        18.862384241846012,
        11.523161416108744,
        18.906373455388724,
        15.50695152946627,
        12.482575232933181,
        11.387778115284794,
        18.72250379892364,
        11.993526586060456,
        13.259560127711405,
        10.032498876210916,
        17.08775410981028,
        13.893940694344268,
        0
    ],
    "scores_var": [
        0,
        350.3208556378829,
        368.24664881761646,
        21.379199413781354,
        324.7107622156939,
        261.25438964531645,
        18.82179992976938,
        21.575041398926672,
        381.4255362117744,
        340.1925280006415,
        19.25704882382835,
        334.51384010092056,
        378.29406092808824,
        335.5209430957996,
        17.925234590129694,
        17.947929427775968,
        0
    ],
    "vertex_number": 17,
    "minimum_distances": {
        "cost": 355.23037762625154,
        "path": [
            0,
            6,
            13,
            9,
            15,
            8,
            11,
            1,
            14,
            3,
            10,
            2,
            12,
            5,
            4,
            7,
            16
        ]
    }
}