{
    "vertices": [
        [
            83.19200037714806,
            57.13811769992264
        ],
        [
            95.30796178842805,
            99.5598664604221
        ],
        [
            80.36559094605586,
            9.90874665824084
        ],
        [
            17.179789441138904,
            25.44506594218984
        ],
        [
            51.94563057542613,
            26.708090527426776
        ],
        [
            31.841157500789986,
            42.323887947953786
        ],
        [
            39.48098449388484,
            94.96652867515888
        ],
        [
            90.07923518553159,
            47.1526546196572
        ],
        [
            24.38854253594027,
            9.421778477206388
        ],
        [
            49.76091537309668,
            74.90984181962801
        ],
        [
            95.18622349318065,
            91.60473419099148
        ],
        [
            27.656297640610994,
            87.2786501887829
        ],
        [
            7.28181006529841,
            33.62526636202349
        ],
        [
            97.44943848708687,
            0.9868675903350388
        ],
        [
            48.67885355570507,
            58.51233967733235
        ],
        [
            97.14804457773738,
            49.12084064941704
        ],
        [
            15.624347571511965,
            24.935373271270556
        ],
        [
            83.19200037714806,
            57.13811769992264
        ]
    ],
    "distances": [
        [
            0.0,
            44.11803813428883,
            47.31386772675659,
            73.22609864234539,
            43.61561852713769,
            53.44502284831146,
            57.80693372302551,
            12.130271070060793,
            75.72777352398545,
            37.86121528338766,
            36.493958958978254,
            63.187546060541486,
            79.46830293405904,
            57.93304264690572,
            34.5404949235195,
            16.09496508332238,
            74.84921144808452,
            0.0
        ],
        [
            44.11803813428883,
            0.0,
            90.88783047347995,
            107.68943759805357,
            84.78014522762648,
            85.46339849763223,
            56.015624122694284,
            52.66740391181861,
            114.69280244365846,
            51.78954674403036,
            7.956063702401215,
            68.75737004190759,
            109.98170246599743,
            98.5962576809743,
            62.122243919448564,
            50.4725789853733,
            109.17093641811466,
            44.11803813428883
        ],
        [
            47.31386772675659,
            90.88783047347995,
            0.0,
            65.0678317505015,
            33.01381683330965,
            58.35547982851388,
            94.3736050301484,
            38.48978519879726,
            55.979166541828434,
            71.8455881673036,
            83.02942567577016,
            93.61822244138584,
            76.83561891913462,
            19.273239813470045,
            58.02032903052632,
            42.65253878812347,
            66.46223063552213,
            47.31386772675659
        ],
        [
            73.22609864234539,
            107.68943759805357,
            65.0678317505015,
            0.0,
            34.788776076162996,
            22.35733315229744,
            73.01080112772509,
            76.06279376955439,
            17.57019813113398,
            59.2308519236325,
            102.28443408606721,
            62.714825717960245,
            12.840781698682148,
            83.91316955388068,
            45.66875991712929,
            83.39942528326851,
            1.6368219294038617,
            73.22609864234539
        ],
        [
            43.61561852713769,
            84.78014522762648,
            33.01381683330965,
            34.788776076162996,
            0.0,
            25.456688054177583,
            69.38718743619641,
            43.26837183765035,
            32.53013503681731,
            48.25123633805162,
            77.9828393601737,
            65.2592092513248,
            45.196285069545645,
            52.270238605165105,
            31.97158263342381,
            50.45383632259413,
            36.364517397054755,
            43.61561852713769
        ],
        [
            53.44502284831146,
            85.46339849763223,
            58.35547982851388,
            22.35733315229744,
            25.456688054177583,
            0.0,
            53.19412166036783,
            58.43792159192309,
            33.735593628085866,
            37.188198557189864,
            80.25708188073031,
            45.149127346813835,
            26.054319487417033,
            77.54479857490811,
            23.35752507934269,
            65.65963802601327,
            23.776992386413347,
            53.44502284831146
        ],
        [
            57.80693372302551,
            56.015624122694284,
            94.3736050301484,
            73.01080112772509,
            69.38718743619641,
            53.19412166036783,
            0.0,
            69.61572757107483,
            86.86590867932033,
            22.537694347519178,
            55.806588447265305,
            14.104137506394,
            69.27869294416155,
            110.41973716677799,
            37.596657973384374,
            73.67032597503766,
            73.98311869912948,
            57.80693372302551
        ],
        [
            12.130271070060793,
            52.66740391181861,
            38.48978519879726,
            76.06279376955439,
            43.26837183765035,
            58.43792159192309,
            69.61572757107483,
            0.0,
            75.7554362092915,
            48.949242626949854,
            44.74448242845925,
            74.20726818951465,
            83.89519556931366,
            46.75039880838437,
            42.930572366378314,
            7.337698717655192,
            77.6990211014892,
            12.130271070060793
        ],
        [
            75.72777352398545,
            114.69280244365846,
            55.979166541828434,
            17.57019813113398,
            32.53013503681731,
            33.735593628085866,
            86.86590867932033,
            75.7554362092915,
            0.0,
            70.23135869203087,
            108.47280690927639,
            77.92541752301996,
            29.638642371279435,
            73.54619119202387,
            54.77136485774496,
            82.88522591344807,
            17.81804525779765,
            75.72777352398545
        ],
        [
            37.86121528338766,
            51.78954674403036,
            71.8455881673036,
            59.2308519236325,
            48.25123633805162,
            37.188198557189864,
            22.537694347519178,
            48.949242626949854,
            70.23135869203087,
            0.0,
            48.39605406534686,
            25.329854827302047,
            59.23588910842528,
            87.97045728935532,
            16.433165680514747,
            53.950093564464325,
            60.52068049818144,
            37.86121528338766
        ],
        [
            36.493958958978254,
            7.956063702401215,
            83.02942567577016,
            102.28443408606721,
            77.9828393601737,
            80.25708188073031,
            55.806588447265305,
            44.74448242845925,
            108.47280690927639,
            48.39605406534686,
            0.0,
            67.6683521924963,
            105.30339305943743,
            90.64612451375407,
            57.07926097234323,
            42.529165903173336,
            103.80219547590994,
            36.493958958978254
        ],
        [
            63.187546060541486,
            68.75737004190759,
            93.61822244138584,
            62.714825717960245,
            65.2592092513248,
            45.149127346813835,
            14.104137506394,
            74.20726818951465,
            77.92541752301996,
            25.329854827302047,
            67.6683521924963,
            0.0,
            57.39168354403046,
            110.98357650226365,
            35.62932047688319,
            79.27875706149872,
            63.493716218842636,
            63.187546060541486
        ],
        [
            79.46830293405904,
            109.98170246599743,
            76.83561891913462,
            12.840781698682148,
            45.196285069545645,
            26.054319487417033,
            69.27869294416155,
            83.89519556931366,
            29.638642371279435,
            59.23588910842528,
            105.30339305943743,
            57.39168354403046,
            0.0,
            95.89299395466526,
            48.301983685436554,
            91.19239512119862,
            12.046251448948565,
            79.46830293405904
        ],
        [
            57.93304264690572,
            98.5962576809743,
            19.273239813470045,
            83.91316955388068,
            52.270238605165105,
            77.54479857490811,
            110.41973716677799,
            46.75039880838437,
            73.54619119202387,
            87.97045728935532,
            90.64612451375407,
            110.98357650226365,
            95.89299395466526,
            0.0,
            75.41717240377706,
            48.13491664832323,
            85.257705972492,
            57.93304264690572
        ],
        [
            34.5404949235195,
            62.122243919448564,
            58.02032903052632,
            45.66875991712929,
            31.97158263342381,
            23.35752507934269,
            37.596657973384374,
            42.930572366378314,
            54.77136485774496,
            16.433165680514747,
            57.07926097234323,
            35.62932047688319,
            48.301983685436554,
            75.41717240377706,
            0.0,
            49.37066671943566,
            47.11701432490029,
            34.5404949235195
        ],
        [
            16.09496508332238,
            50.4725789853733,
            42.65253878812347,
            83.39942528326851,
            50.45383632259413,
            65.65963802601327,
            73.67032597503766,
            7.337698717655192,
            82.88522591344807,
            53.950093564464325,
            42.529165903173336,
            79.27875706149872,
            91.19239512119862,
            48.13491664832323,
            49.37066671943566,
            0.0,
            85.03558082274874,
            16.09496508332238
        ],
        [
            74.84921144808452,
            109.17093641811466,
            66.46223063552213,
            1.6368219294038617,
            36.364517397054755,
            23.776992386413347,
            73.98311869912948,
            77.6990211014892,
            17.81804525779765,
            60.52068049818144,
            103.80219547590994,
            63.493716218842636,
            12.046251448948565,
            85.257705972492,
            47.11701432490029,
            85.03558082274874,
            0.0,
            74.84921144808452
        ],
        [
            0.0,
            44.11803813428883,
            47.31386772675659,
            73.22609864234539,
            43.61561852713769,
            53.44502284831146,
            57.80693372302551,
            12.130271070060793,
            75.72777352398545,
            37.86121528338766,
            36.493958958978254,
            63.187546060541486,
            79.46830293405904,
            57.93304264690572,
            34.5404949235195,
            16.09496508332238,
            74.84921144808452,
            0.0
        ]
    ],
    "scores_ave": [
        0,
        13.602846505526212,
        15.780776923109688,
        16.11859094440799,
        19.587559312150677,
        14.863830107602464,
        16.983575437648092,
        11.765631904902467,
        10.035515069660779,
        12.527297636123773,
        15.82817628325208,
        19.27722989661263,
        10.598051537838952,
        18.811695901685887,
        12.074025043138926,
        17.137978376111977,
        17.027905326021127,
        0
    ],
    "scores_var": [
        0,
        17.426774672605777,
        21.629818411462697,
        240.2146407985732,
        370.87303918563407,
        331.7207847418732,
        21.996260120904225,
        17.375992443521657,
        22.714130575106914,
        19.811560504522145,
        287.4351580525008,
        16.137316663675843,
        363.03152267604776,
        354.47699773217323,
        18.95831806244284,
        342.41438872322186,
        21.293087695529273,
        0
    ],
    "vertex_number": 18,
    "minimum_distances": {
        "cost": 389.41799899416696,
        "path": [
            0,
            7,
            15,
            13,
            2,
            4,
            8,
            3,
            16,
            12,
            5,
            14,
            9,
            11,
            6,
            1,
            10,
            17
        ]
    }
}