{
    "vertices": [
        [
            10.158438310451,
            70.7980823921703
        ],
        [
            16.140779158020845,
            62.06413602330896
        ],
        [
            92.91588019735289,
            45.2950206959979
        ],
        [
            40.522557392935674,
            20.101366577271772
        ],
        [
            2.571869110698044,
            93.49498022075626
        ],
        [
            87.13122854053935,
            42.84671383222034
        ],
        [
            10.409458965292572,
            88.73469158593612
        ],
        [
            74.52897247976922,
            66.44708289852876
        ],
        [
            91.27011389294356,
            23.437053200797408
        ],
        [
            64.51757994739647,
            3.254293619292936
        ],
        [
            56.314684069622245,
            5.900687079909883
        ],
        [
            64.79818994999253,
            33.67746812911827
        ],
        [
            32.37749281243112,
            12.44327579925315
        ],
        [
            54.14100716989515,
            3.936331399550219
        ],
        [
            56.669319288430295,
            93.21206717284997
        ],
        [
            69.14636638321228,
            26.78603769191308
        ],
        [
            10.158438310451,
            70.7980823921703
        ]
    ],
    "distances": [
        [
            0.0,
            10.586322363816853,
            86.5979234366663,
            59.09430363471501,
            23.931259959808013,
            81.89071644685582,
            17.938365609470715,
            64.5174152135455,
            93.92641269560758,
            86.70109388756622,
            79.63712037044542,
            66.05635822914464,
            62.44173152194556,
            80.03099467877979,
            51.62992119978779,
            73.59779709349118,
            0.0
        ],
        [
            10.586322363816853,
            0.0,
            78.5851090758313,
            48.53189806176798,
            34.23467959301714,
            73.545585994011,
            27.279416510819235,
            58.55246658074159,
            84.47762109037653,
            76.15059039955065,
            69.05270185202158,
            56.33246434440588,
            52.20977532675847,
            69.44680697722757,
            51.11512672388436,
            63.672101417866,
            10.586322363816853
        ],
        [
            86.5979234366663,
            78.5851090758313,
            0.0,
            58.13587947508725,
            102.397638827338,
            6.281433060209741,
            93.24330834729278,
            28.02656080996512,
            21.919837813039823,
            50.73348194461591,
            53.773237572571794,
            30.42321535424412,
            68.87767047401974,
            56.692432992557,
            60.08208152843106,
            30.12593963358026,
            86.5979234366663
        ],
        [
            59.09430363471501,
            48.53189806176798,
            58.13587947508725,
            0.0,
            82.62491915121394,
            51.86250136556913,
            74.94886255746562,
            57.483577553840945,
            50.85706731587912,
            29.31867961966473,
            21.237951011321925,
            27.81396896150004,
            11.179822511335484,
            21.136947192642147,
            74.87250804725373,
            29.394000561726195,
            59.09430363471501
        ],
        [
            23.931259959808013,
            34.23467959301714,
            102.397638827338,
            82.62491915121394,
            0.0,
            98.5673990493266,
            9.169959793567303,
            76.87270955821029,
            113.02872097739152,
            109.45616752548656,
            102.76697110722732,
            86.3148293054448,
            86.35828850712605,
            103.3447027130498,
            54.09818994684478,
            94.24567205131761,
            23.931259959808013
        ],
        [
            81.89071644685582,
            73.545585994011,
            6.281433060209741,
            51.86250136556913,
            98.5673990493266,
            0.0,
            89.39763100375075,
            26.7543319461949,
            19.846039851500734,
            45.5953598627226,
            48.110999843179854,
            24.14207280766731,
            62.62859267465613,
            51.013454765784616,
            58.86082510813283,
            24.112249685624324,
            81.89071644685582
        ],
        [
            17.938365609470715,
            27.279416510819235,
            93.24330834729278,
            74.94886255746562,
            9.169959793567303,
            89.39763100375075,
            0.0,
            67.88261570045862,
            103.9337630128198,
            101.16613659100405,
            94.70354795034636,
            77.39142015042776,
            79.39127555245327,
            95.41074467098304,
            46.47603220222768,
            85.3677925935931,
            17.938365609470715
        ],
        [
            64.5174152135455,
            58.55246658074159,
            28.02656080996512,
            57.483577553840945,
            76.87270955821029,
            26.7543319461949,
            67.88261570045862,
            0.0,
            46.15331483670088,
            63.98090806894781,
            63.226785059125724,
            34.18385263216207,
            68.50663047736174,
            65.75152608452275,
            32.176569042077254,
            40.02462935833266,
            64.5174152135455
        ],
        [
            93.92641269560758,
            84.47762109037653,
            21.919837813039823,
            50.85706731587912,
            113.02872097739152,
            19.846039851500734,
            103.9337630128198,
            46.15331483670088,
            0.0,
            33.51181667460688,
            39.1076234366006,
            28.3836018705442,
            59.90996544221606,
            41.93863036415419,
            77.88303770439263,
            22.375788276529477,
            93.92641269560758
        ],
        [
            86.70109388756622,
            76.15059039955065,
            50.73348194461591,
            29.31867961966473,
            109.45616752548656,
            45.5953598627226,
            101.16613659100405,
            63.98090806894781,
            33.51181667460688,
            0.0,
            8.619216851315525,
            30.424468594025477,
            33.42787152282944,
            10.398963320469969,
            90.29948071879551,
            23.98267380772389,
            86.70109388756622
        ],
        [
            79.63712037044542,
            69.05270185202158,
            53.773237572571794,
            21.237951011321925,
            102.76697110722732,
            48.110999843179854,
            94.70354795034636,
            63.226785059125724,
            39.1076234366006,
            8.619216851315525,
            0.0,
            29.043406092914434,
            24.815208893616532,
            2.929772090687002,
            87.31210030615615,
            24.512240639794676,
            79.63712037044542
        ],
        [
            66.05635822914464,
            56.33246434440588,
            30.42321535424412,
            27.81396896150004,
            86.3148293054448,
            24.14207280766731,
            77.39142015042776,
            34.18385263216207,
            28.3836018705442,
            30.424468594025477,
            29.043406092914434,
            0.0,
            38.75554833552462,
            31.59289095311263,
            60.08699544435807,
            8.148524514612795,
            66.05635822914464
        ],
        [
            62.44173152194556,
            52.20977532675847,
            68.87767047401974,
            11.179822511335484,
            86.35828850712605,
            62.62859267465613,
            79.39127555245327,
            68.50663047736174,
            59.90996544221606,
            33.42787152282944,
            24.815208893616532,
            38.75554833552462,
            0.0,
            23.367042179257087,
            84.342696740688,
            39.467263426460505,
            62.44173152194556
        ],
        [
            80.03099467877979,
            69.44680697722757,
            56.692432992557,
            21.136947192642147,
            103.3447027130498,
            51.013454765784616,
            95.41074467098304,
            65.75152608452275,
            41.93863036415419,
            10.398963320469969,
            2.929772090687002,
            31.59289095311263,
            23.367042179257087,
            0.0,
            89.31152982696447,
            27.336237538621297,
            80.03099467877979
        ],
        [
            51.62992119978779,
            51.11512672388436,
            60.08208152843106,
            74.87250804725373,
            54.09818994684478,
            58.86082510813283,
            46.47603220222768,
            32.176569042077254,
            77.88303770439263,
            90.29948071879551,
            87.31210030615615,
            60.08699544435807,
            84.342696740688,
            89.31152982696447,
            0.0,
            67.58767710764815,
            51.62992119978779
        ],
        [
            73.59779709349118,
            63.672101417866,
            30.12593963358026,
            29.394000561726195,
            94.24567205131761,
            24.112249685624324,
            85.3677925935931,
            40.02462935833266,
            22.375788276529477,
            23.98267380772389,
            24.512240639794676,
            8.148524514612795,
            39.467263426460505,
            27.336237538621297,
            67.58767710764815,
            0.0,
            73.59779709349118
        ],
        [
            0.0,
            10.586322363816853,
            86.5979234366663,
            59.09430363471501,
            23.931259959808013,
            81.89071644685582,
            17.938365609470715,
            64.5174152135455,
            93.92641269560758,
            86.70109388756622,
            79.63712037044542,
            66.05635822914464,
            62.44173152194556,
            80.03099467877979,
            51.62992119978779,
            73.59779709349118,
            0.0
        ]
    ],
    "scores_ave": [
        0,
        19.52743749255156,
        12.472064994884075,
        12.67069822038487,
        10.353961227211228,
        17.284352723246553,
        17.106942602556813,
        12.4310569656855,
        10.540068940923327,
        12.94308343591316,
        10.7072993240083,
        14.158292435984386,
        17.96155511988303,
        16.826520804823588,
        16.545791554807032,
        19.49270332902141,
        0
    ],
    "scores_var": [
        0,
        281.4640746883279,
        18.254210256083383,
        20.357429972368962,
        21.734671339495087,
        16.407646387483442,
        267.70758601936365,
        20.271275093434234,
        22.82251259222161,
        16.838670051643973,
        20.10174539729079,
        16.36112765984174,
        277.8988986470763,
        19.728755159878144,
        346.1030508448249,
        17.67217970317388,
        0
    ],
    "vertex_number": 17,
    "minimum_distances": {
        "cost": 331.6367289704167,
        "path": [
            0,
            1,
            3,
            12,
            13,
            10,
            9,
            15,
            11,
            8,
            5,
            2,
            7,
            14,
            6,
            4,
            16
        ]
    }
}