{
    "vertices": [
        [
            98.83425138366307,
            14.559035947084276
        ],
        [
            3.0574180938779727,
            30.116257963480574
        ],
        [
            18.636745592639812,
            71.98747641701291
        ],
        [
            29.787446926685046,
            75.00032420913895
        ],
        [
            99.1143877536399,
            99.74602227087131
        ],
        [
            78.8458174465852,
            98.98937037292349
        ],
        [
            79.69062581064824,
            98.66528068608312
        ],
        [
            83.67726182727988,
            60.30906247624941
        ],
        [
            96.48771661633214,
            75.82454267743482
        ],
        [
            5.4657573449511165,
            19.14923498015978
        ],
        [
            38.001477091497314,
            46.57859855327226
        ],
        [
            32.444472750184396,
            90.4856779056284
        ],
        [
            63.44763450554761,
            31.243698210780114
        ],
        [
            55.27680397350463,
            10.87730774617085
        ],
        [
            24.73662105626655,
            38.775783006082484
        ],
        [
            0.43142480853889387,
            98.11760927841084
        ],
        [
            36.46129489065429,
            46.375835452150014
        ],
        [
            38.41510757520095,
            32.43426145608465
        ],
        [
            95.53920322818776,
            65.07774604832328
        ],
        [
            37.08931306585143,
            49.41476195820762
        ],
        [
            82.51404850295913,
            0.9905688277839553
        ],
        [
            51.441223484327104,
            12.358927493463822
        ],
        [
            39.828108633423895,
            36.99213037166126
        ],
        [
            41.76094295679144,
            79.09842628593313
        ],
        [
            98.83425138366307,
            14.559035947084276
        ]
    ],
    "distances": [
        [
            0.0,
            97.03210268713511,
            98.63906786821003,
            91.76388468508158,
            85.18744693506704,
            86.76415655393636,
            86.25739854746465,
            48.19542778969414,
            61.310427663986495,
            93.48125804791161,
            68.74502758435096,
            100.85860234061968,
            39.12276330900109,
            43.71277098782597,
            77.95453584144423,
            129.09357635119048,
            70.01924330085494,
            63.007909230074,
            50.62605468175383,
            70.90387185219764,
            21.22386209046015,
            47.444067813320245,
            63.12660776347475,
            86.15506624743036,
            0.0
        ],
        [
            97.03210268713511,
            0.0,
            44.67565757878784,
            52.24053832176069,
            118.63913982206381,
            102.40794446432949,
            102.81836918170575,
            86.08812141024113,
            104.01186458037758,
            11.228343202135662,
            38.6276574092114,
            67.14213167247624,
            60.400739728578856,
            55.6507094933162,
            23.344704218470774,
            68.05203612965018,
            37.15094675999869,
            35.43359064008871,
            98.86954147125009,
            39.12291057446938,
            84.62660269439247,
            51.53945488150064,
            37.408037961494756,
            62.427683365500876,
            97.03210268713511
        ],
        [
            98.63906786821003,
            44.67565757878784,
            0.0,
            11.550558084335012,
            85.13041616082197,
            65.98662448344967,
            66.62793355863396,
            66.08066361834071,
            77.9454730360824,
            54.45507037512611,
            31.946891872564596,
            23.08325773305429,
            60.56460375238704,
            71.2526953394182,
            33.76721871717295,
            31.84678238388181,
            31.203697066059203,
            44.222623355683226,
            77.21225527178466,
            29.155182804986577,
            95.50324975795434,
            68.05657658503172,
            40.91146675884671,
            24.19285249354721,
            98.63906786821003
        ],
        [
            91.76388468508158,
            52.24053832176069,
            11.550558084335012,
            0.0,
            73.61096587456602,
            54.60950516087831,
            55.23004099021194,
            55.856470720272306,
            66.70536194906025,
            60.917064540025386,
            29.584874189453586,
            15.711650624047177,
            55.205530036441694,
            69.00339530030628,
            36.574967222749834,
            37.3655577179716,
            29.392203102951683,
            43.431627031034736,
            66.49624812039923,
            26.607108914923227,
            90.87099870360814,
            66.27843255312307,
            39.3120552285994,
            12.6553959959694,
            91.76388468508158
        ],
        [
            85.18744693506704,
            118.63913982206381,
            85.13041616082197,
            73.61096587456602,
            0.0,
            20.282688785924996,
            19.453805036318773,
            42.35066297838702,
            24.06525684888412,
            123.55528357382127,
            81.00347396479816,
            67.30996615903821,
            77.23137761877649,
            99.09279576716506,
            96.17391670767337,
            98.6963976267533,
            82.30301869532558,
            90.63815840013343,
            34.85213509433707,
            79.87706588681668,
            100.14095489852035,
            99.54514013795189,
            86.33026028234771,
            60.95687697071086,
            85.18744693506704
        ],
        [
            86.76415655393636,
            102.40794446432949,
            65.98662448344967,
            54.60950516087831,
            20.282688785924996,
            0.0,
            0.9048399289969246,
            38.980880874927045,
            29.117792644312797,
            108.43929380097545,
            66.44658863910026,
            47.17411976086606,
            69.47359307381669,
            91.20983486683349,
            80.95357458191866,
            78.41923832963182,
            67.56205894696865,
            77.87313287415839,
            37.79771677213092,
            64.81703061364857,
            98.06743100217619,
            90.86168281364569,
            73.2532550048307,
            42.08250910527476,
            86.76415655393636
        ],
        [
            86.25739854746465,
            102.81836918170575,
            66.62793355863396,
            55.23004099021194,
            19.453805036318773,
            0.9048399289969246,
            0.0,
            38.56284146804387,
            28.35209996303804,
            108.77560674828034,
            66.71587199858787,
            47.94898206071532,
            69.3505915620888,
            91.1194978563565,
            81.2815758392233,
            79.26109315082371,
            67.84512609364681,
            78.03983799220222,
            37.138926871982456,
            65.11900984002139,
            97.71551080714475,
            90.81197791703198,
            73.43430904835817,
            42.679299812799506,
            86.25739854746465
        ],
        [
            48.19542778969414,
            86.08812141024113,
            66.08066361834071,
            55.856470720272306,
            42.35066297838702,
            38.980880874927045,
            38.56284146804387,
            0.0,
            20.120583435271662,
            88.38082842391323,
            47.694894388914676,
            59.45945505460666,
            35.41233148862972,
            57.00951132923969,
            62.750946281613565,
            91.42951160452526,
            49.22887718672461,
            53.157004613247025,
            12.784599986278007,
            47.84477770431051,
            59.32989763989917,
            57.77869514722256,
            49.663140844979026,
            45.93493202373459,
            48.19542778969414
        ],
        [
            61.310427663986495,
            104.01186458037758,
            77.9454730360824,
            66.70536194906025,
            24.06525684888412,
            29.117792644312797,
            28.35209996303804,
            20.120583435271662,
            0.0,
            107.22447282305356,
            65.3908668046998,
            65.6999693384879,
            55.48962713199145,
            76.91867553508418,
            80.75165823223251,
            98.60928969594842,
            66.86103246607452,
            72.4923749460033,
            10.788573373480498,
            65.00497567097017,
            76.1274394858577,
            77.8271858297065,
            68.68964566994383,
            54.82461189160021,
            61.310427663986495
        ],
        [
            93.48125804791161,
            11.228343202135662,
            54.45507037512611,
            60.917064540025386,
            123.55528357382127,
            108.43929380097545,
            108.77560674828034,
            88.38082842391323,
            107.22447282305356,
            0.0,
            42.555176482442015,
            76.26754994212949,
            59.22984146444534,
            50.49321881595924,
            27.505773495648956,
            79.12868407471375,
            41.255437472028746,
            35.5267731304391,
            101.10714011492352,
            43.77272438050696,
            79.15918346472893,
            46.474205345511685,
            38.71873063550085,
            70.08028279633405,
            93.48125804791161
        ],
        [
            68.74502758435096,
            38.6276574092114,
            31.946891872564596,
            29.584874189453586,
            81.00347396479816,
            66.44658863910026,
            66.71587199858787,
            47.694894388914676,
            65.3908668046998,
            42.555176482442015,
            0.0,
            44.25733740865429,
            29.7096969970209,
            39.661304620163826,
            15.389617802234872,
            63.77913808660461,
            1.5534716241278372,
            14.150383814438621,
            60.438467775287315,
            2.9792391762289006,
            63.71528441365143,
            36.76428525818328,
            9.758942308826358,
            32.73641366054398,
            68.74502758435096
        ],
        [
            100.85860234061968,
            67.14213167247624,
            23.08325773305429,
            15.711650624047177,
            67.30996615903821,
            47.17411976086606,
            47.94898206071532,
            59.45945505460666,
            65.6999693384879,
            76.26754994212949,
            44.25733740865429,
            0.0,
            66.86410245411236,
            82.81792045527718,
            52.28120320208323,
            32.91020533197801,
            44.29235895026199,
            58.357651015201604,
            68.01843878947345,
            41.33273131935693,
            102.54919290232431,
            80.40314464260592,
            54.000719500994286,
            14.71278751837494,
            100.85860234061968
        ],
        [
            39.12276330900109,
            60.400739728578856,
            60.56460375238704,
            55.205530036441694,
            77.23137761877649,
            69.47359307381669,
            69.3505915620888,
            35.41233148862972,
            55.48962713199145,
            59.22984146444534,
            29.7096969970209,
            66.86410245411236,
            0.0,
            21.94430067558073,
            39.43697330721571,
            91.88668383426817,
            30.939361714521755,
            25.060822918643375,
            46.632730738753594,
            32.01481948772196,
            35.76003327997606,
            22.378303569665245,
            24.30897930255761,
            52.53939083656881,
            39.12276330900109
        ],
        [
            43.71277098782597,
            55.6507094933162,
            71.2526953394182,
            69.00339530030628,
            99.09279576716506,
            91.20983486683349,
            91.1194978563565,
            57.00951132923969,
            76.91867553508418,
            50.49321881595924,
            39.661304620163826,
            82.81792045527718,
            21.94430067558073,
            0.0,
            41.364570521718974,
            103.04797827800898,
            40.17672026608187,
            27.368212559097344,
            67.51850343342143,
            42.61361522636631,
            28.97611250664321,
            4.111797023751024,
            30.34215134876659,
            69.54710284288917,
            43.71277098782597
        ],
        [
            77.95453584144423,
            23.344704218470774,
            33.76721871717295,
            36.574967222749834,
            96.17391670767337,
            80.95357458191866,
            81.2815758392233,
            62.750946281613565,
            80.75165823223251,
            27.505773495648956,
            15.389617802234872,
            52.28120320208323,
            39.43697330721571,
            41.364570521718974,
            0.0,
            64.12639791829692,
            13.972429055312947,
            15.076998674064976,
            75.53011917167254,
            16.302664598998035,
            69.0358858338018,
            37.56309420182726,
            15.196526379793912,
            43.769202611502706,
            77.95453584144423
        ],
        [
            129.09357635119048,
            68.05203612965018,
            31.84678238388181,
            37.3655577179716,
            98.6963976267533,
            78.41923832963182,
            79.26109315082371,
            91.42951160452526,
            98.60928969594842,
            79.12868407471375,
            63.77913808660461,
            32.91020533197801,
            91.88668383426817,
            103.04797827800898,
            64.12639791829692,
            0.0,
            63.050477371880724,
            75.87530782584741,
            100.68327606004841,
            60.95710055916897,
            127.1661082964227,
            99.78251882186703,
            72.72154335530458,
            45.495696412606875,
            129.09357635119048
        ],
        [
            70.01924330085494,
            37.15094675999869,
            31.203697066059203,
            29.392203102951683,
            82.30301869532558,
            67.56205894696865,
            67.84512609364681,
            49.22887718672461,
            66.86103246607452,
            41.255437472028746,
            1.5534716241278372,
            44.29235895026199,
            30.939361714521755,
            40.17672026608187,
            13.972429055312947,
            63.050477371880724,
            0.0,
            14.077814798258338,
            61.96741654680518,
            3.10314052817423,
            64.65816686112012,
            37.16918465262945,
            9.969421037156206,
            33.14897012729201,
            70.01924330085494
        ],
        [
            63.007909230074,
            35.43359064008871,
            44.222623355683226,
            43.431627031034736,
            90.63815840013343,
            77.87313287415839,
            78.03983799220222,
            53.157004613247025,
            72.4923749460033,
            35.5267731304391,
            14.150383814438621,
            58.357651015201604,
            25.060822918643375,
            27.368212559097344,
            15.076998674064976,
            75.87530782584741,
            14.077814798258338,
            0.0,
            65.79330809812885,
            17.03217920242797,
            54.16107824861832,
            23.93112469961967,
            4.771869763742373,
            46.783959790380834,
            63.007909230074
        ],
        [
            50.62605468175383,
            98.86954147125009,
            77.21225527178466,
            66.49624812039923,
            34.85213509433707,
            37.79771677213092,
            37.138926871982456,
            12.784599986278007,
            10.788573373480498,
            101.10714011492352,
            60.438467775287315,
            68.01843878947345,
            46.632730738753594,
            67.51850343342143,
            75.53011917167254,
            100.68327606004841,
            61.96741654680518,
            65.79330809812885,
            0.0,
            60.51213705196997,
            65.39740774459611,
            68.73067471886289,
            62.39012637336048,
            55.575900821699214,
            50.62605468175383
        ],
        [
            70.90387185219764,
            39.12291057446938,
            29.155182804986577,
            26.607108914923227,
            79.87706588681668,
            64.81703061364857,
            65.11900984002139,
            47.84477770431051,
            65.00497567097017,
            43.77272438050696,
            2.9792391762289006,
            41.33273131935693,
            32.01481948772196,
            42.61361522636631,
            16.302664598998035,
            60.95710055916897,
            3.10314052817423,
            17.03217920242797,
            60.51213705196997,
            0.0,
            66.39509823672076,
            39.73804474981683,
            12.72095816737143,
            30.04902750105248,
            70.90387185219764
        ],
        [
            21.22386209046015,
            84.62660269439247,
            95.50324975795434,
            90.87099870360814,
            100.14095489852035,
            98.06743100217619,
            97.71551080714475,
            59.32989763989917,
            76.1274394858577,
            79.15918346472893,
            63.71528441365143,
            102.54919290232431,
            35.76003327997606,
            28.97611250664321,
            69.0358858338018,
            127.1661082964227,
            64.65816686112012,
            54.16107824861832,
            65.39740774459611,
            66.39509823672076,
            0.0,
            33.08715813408675,
            55.840862243908475,
            88.10024408796852,
            21.22386209046015
        ],
        [
            47.444067813320245,
            51.53945488150064,
            68.05657658503172,
            66.27843255312307,
            99.54514013795189,
            90.86168281364569,
            90.81197791703198,
            57.77869514722256,
            77.8271858297065,
            46.474205345511685,
            36.76428525818328,
            80.40314464260592,
            22.378303569665245,
            4.111797023751024,
            37.56309420182726,
            99.78251882186703,
            37.16918465262945,
            23.93112469961967,
            68.73067471886289,
            39.73804474981683,
            33.08715813408675,
            0.0,
            27.233419186336175,
            67.43788645977718,
            47.444067813320245
        ],
        [
            63.12660776347475,
            37.408037961494756,
            40.91146675884671,
            39.3120552285994,
            86.33026028234771,
            73.2532550048307,
            73.43430904835817,
            49.663140844979026,
            68.68964566994383,
            38.71873063550085,
            9.758942308826358,
            54.000719500994286,
            24.30897930255761,
            30.34215134876659,
            15.196526379793912,
            72.72154335530458,
            9.969421037156206,
            4.771869763742373,
            62.39012637336048,
            12.72095816737143,
            55.840862243908475,
            27.233419186336175,
            0.0,
            42.15063468255034,
            63.12660776347475
        ],
        [
            86.15506624743036,
            62.427683365500876,
            24.19285249354721,
            12.6553959959694,
            60.95687697071086,
            42.08250910527476,
            42.679299812799506,
            45.93493202373459,
            54.82461189160021,
            70.08028279633405,
            32.73641366054398,
            14.71278751837494,
            52.53939083656881,
            69.54710284288917,
            43.769202611502706,
            45.495696412606875,
            33.14897012729201,
            46.783959790380834,
            55.575900821699214,
            30.04902750105248,
            88.10024408796852,
            67.43788645977718,
            42.15063468255034,
            0.0,
            86.15506624743036
        ],
        [
            0.0,
            97.03210268713511,
            98.63906786821003,
            91.76388468508158,
            85.18744693506704,
            86.76415655393636,
            86.25739854746465,
            48.19542778969414,
            61.310427663986495,
            93.48125804791161,
            68.74502758435096,
            100.85860234061968,
            39.12276330900109,
            43.71277098782597,
            77.95453584144423,
            129.09357635119048,
            70.01924330085494,
            63.007909230074,
            50.62605468175383,
            70.90387185219764,
            21.22386209046015,
            47.444067813320245,
            63.12660776347475,
            86.15506624743036,
            0.0
        ]
    ],
    "scores_ave": [
        0,
        19.806498679509968,
        15.509058369933706,
        11.865071763186712,
        10.12358064389137,
        19.75068809361408,
        15.468937632639566,
        14.285819584977748,
        18.81140845037865,
        11.449524355622087,
        16.48383737739671,
        15.557004727276901,
        11.740127059717953,
        15.421038440712508,
        12.10848502417678,
        13.452887782858866,
        16.54904998767818,
        12.231376131675772,
        12.587353712432567,
        10.307347269807984,
        16.087087891189427,
        16.522236406992327,
        18.152177275605823,
        14.090780013934399,
        0
    ],
    "scores_var": [
        0,
        22.262043972080022,
        262.2145366739288,
        243.53651513743756,
        240.02365984643933,
        16.76702285453742,
        235.82462418959207,
        382.072148190338,
        18.808510334770027,
        18.353761954760298,
        384.72339004234004,
        234.1172927020983,
        374.17425975999714,
        342.407844240408,
        347.0864494090409,
        19.240979251150343,
        306.2799828837387,
        263.22733566323967,
        24.03490939496583,
        245.54221680680308,
        22.01344363775688,
        377.2028806677452,
        18.111645621470533,
        24.789642737052606,
        0
    ],
    "vertex_number": 25,
    "minimum_distances": {
        "cost": 524.9433209105687,
        "path": [
            0,
            18,
            8,
            4,
            6,
            5,
            7,
            12,
            22,
            10,
            16,
            19,
            23,
            11,
            15,
            2,
            3,
            14,
            1,
            9,
            17,
            21,
            13,
            20,
            24
        ]
    }
}