{
    "vertices": [
        [
            46.01937535789909,
            80.62268576433715
        ],
        [
            94.08107447546267,
            58.512919841995384
        ],
        [
            41.67062251699084,
            32.48993511818533
        ],
        [
            31.780712821026157,
            26.268108117592703
        ],
        [
            88.66573750157774,
            72.09746319969447
        ],
        [
            23.871901824212628,
            42.92045617373309
        ],
        [
            59.607571289913,
            61.03900590008683
        ],
        [
            92.25091405377997,
            68.29271970429053
        ],
        [
            69.1073858239215,
            88.88317833958766
        ],
        [
            62.140128745721434,
            64.3775160615544
        ],
        [
            13.12752908389726,
            21.622526185761604
        ],
        [
            80.7026646160056,
            25.187872317694403
        ],
        [
            93.84545161147774,
            54.15090527218922
        ],
        [
            14.994494555623394,
            15.248063305097537
        ],
        [
            10.295284172901464,
            91.81572466609829
        ],
        [
            0.4274828758113802,
            42.04084030837618
        ],
        [
            23.67823469447875,
            44.646467300410144
        ],
        [
            91.9212982100302,
            68.32882919735468
        ],
        [
            14.917415174312588,
            46.59621564133515
        ],
        [
            64.46025038185415,
            6.1367762102720995
        ],
        [
            79.85155012255683,
            20.046876136810766
        ],
        [
            63.80852703858362,
            51.00098176438872
        ],
        [
            80.97316801074673,
            72.41180187187318
        ],
        [
            46.01937535789909,
            80.62268576433715
        ]
    ],
    "distances": [
        [
            0.0,
            52.903389978412136,
            48.32880441347516,
            56.18860758191931,
            43.490132488490765,
            43.72606430983656,
            23.836098374361583,
            47.84749975945068,
            24.521255368861716,
            22.88633278756551,
            67.54918490707307,
            65.39074166596959,
            54.66341310453989,
            72.3628667928761,
            37.436543788794964,
            59.72586926019496,
            42.348729155748416,
            47.51973727634165,
            46.09916047275642,
            76.73471570120977,
            69.38331760111116,
            34.55284742794669,
            35.90523966099921,
            0.0
        ],
        [
            52.903389978412136,
            0.0,
            58.515392918675126,
            70.15028827749578,
            14.624147591498511,
            71.91976673779689,
            34.565930229880806,
            9.949571473970225,
            39.31968624079663,
            32.47487494862361,
            88.96278803846097,
            35.91017464263488,
            4.36837375246598,
            90.14729576962073,
            90.16171840519152,
            95.09113851288222,
            71.75540645355532,
            10.050706939780682,
            80.05556066229629,
            60.171867527237396,
            41.01360605505341,
            31.190645103939246,
            19.104871985129915,
            52.903389978412136
        ],
        [
            48.32880441347516,
            58.515392918675126,
            0.0,
            11.684239171620874,
            61.45971943592063,
            20.62983828801759,
            33.71622122647281,
            61.96938983131619,
            62.71342648738607,
            37.89219581481067,
            30.541918073932962,
            39.70919832433758,
            56.492569591509685,
            31.76315391503497,
            67.11155758652413,
            42.334576381651004,
            21.714218711552782,
            61.72160672264565,
            30.24435903301853,
            34.84043803749719,
            40.15735237332557,
            28.857332942340253,
            56.02183081074698,
            48.32880441347516
        ],
        [
            56.18860758191931,
            70.15028827749578,
            11.684239171620874,
            0.0,
            73.0495435998633,
            18.4350206717042,
            44.534810933112915,
            73.63907397667734,
            72.89669084650164,
            48.72392748052985,
            19.222973105543417,
            48.93387657659748,
            68.04029819372752,
            20.08030157450687,
            68.97908146230697,
            35.097066953802425,
            20.085174583354494,
            73.38933348029276,
            26.412170736584482,
            38.38258328398796,
            48.47173533337688,
            40.46598475735828,
            67.44729884051317,
            56.18860758191931
        ],
        [
            43.490132488490765,
            14.624147591498511,
            61.45971943592063,
            73.0495435998633,
            0.0,
            71.0601075201719,
            31.091260853043256,
            5.227768546548254,
            25.77381138102236,
            27.626174249874662,
            90.85009739958139,
            47.58067093366338,
            18.67908937035205,
            93.05539374790494,
            80.81298033236797,
            93.21689846284576,
            70.54737909352285,
            4.980088128739407,
            78.03286918420291,
            70.26178075468667,
            52.79160456685635,
            32.60279805402881,
            7.698989165604213,
            43.490132488490765
        ],
        [
            43.72606430983656,
            71.91976673779689,
            20.62983828801759,
            18.4350206717042,
            71.0601075201719,
            0.0,
            40.06644376967019,
            72.93449849114872,
            64.48892030095911,
            43.87325621316067,
            23.85462989348959,
            59.5330171393025,
            70.86903877423401,
            29.06148115441663,
            50.74516556077411,
            23.46091438752427,
            1.7368423551239016,
            72.63818395431994,
            9.6795681115897,
            54.77639227158834,
            60.47248702767071,
            40.745906878291144,
            64.26736396642256,
            43.72606430983656
        ],
        [
            23.836098374361583,
            34.565930229880806,
            33.71622122647281,
            44.534810933112915,
            31.091260853043256,
            40.06644376967019,
            0.0,
            33.4395602655388,
            29.420136216904517,
            4.1904053938960555,
            60.94303238716315,
            41.5969559172195,
            34.92389410094232,
            63.93072062347817,
            58.12837584788297,
            62.154751713372185,
            39.49218340292039,
            33.125797668483344,
            46.96599029185937,
            55.11627091234073,
            45.71841403095469,
            10.881633965133478,
            24.20390901183487,
            23.836098374361583
        ],
        [
            47.84749975945068,
            9.949571473970225,
            61.96938983131619,
            73.63907397667734,
            5.227768546548254,
            72.93449849114872,
            33.4395602655388,
            0.0,
            30.97724787223903,
            30.364258782853366,
            91.86194539715126,
            44.62499224984582,
            14.231425278407562,
            93.7138726453218,
            85.26462942864865,
            95.50237528518736,
            72.53521632463472,
            0.3315878464905165,
            80.3194144493996,
            68.08584507045285,
            49.81370943261148,
            33.28623709740183,
            12.006431348008828,
            47.84749975945068
        ],
        [
            24.521255368861716,
            39.31968624079663,
            62.71342648738607,
            72.89669084650164,
            25.77381138102236,
            64.48892030095911,
            29.420136216904517,
            30.97724787223903,
            0.0,
            25.476855278443434,
            87.50851209334795,
            64.74212306905595,
            42.641560610955494,
            91.38016834935931,
            58.885169003468484,
            83.13322862244739,
            63.40894555112425,
            30.707586473408448,
            68.73674514587431,
            82.87679369499834,
            69.66974642861919,
            38.250996350277816,
            20.30032092471341,
            24.521255368861716
        ],
        [
            22.88633278756551,
            32.47487494862361,
            37.89219581481067,
            48.72392748052985,
            27.626174249874662,
            43.87325621316067,
            4.1904053938960555,
            30.364258782853366,
            25.476855278443434,
            0.0,
            65.04017285408605,
            43.36353208291793,
            33.313826953068755,
            68.09121787231793,
            58.657848581467135,
            65.63061590422222,
            43.22767145271267,
            30.042152555351702,
            50.45948197991544,
            58.286934580840615,
            47.73782654588598,
            13.48017888111561,
            20.475182940327404,
            22.88633278756551
        ],
        [
            67.54918490707307,
            88.96278803846097,
            30.541918073932962,
            19.222973105543417,
            90.85009739958139,
            23.85462989348959,
            60.94303238716315,
            91.86194539715126,
            87.50851209334795,
            65.04017285408605,
            0.0,
            67.66912615974363,
            87.02573448790206,
            6.6422388612260574,
            70.25031476182724,
            24.04576314649378,
            25.326256204420723,
            91.5965981579725,
            25.037748645596864,
            53.61769044034898,
            66.74262248851362,
            58.58034829077316,
            84.75011059646044,
            67.54918490707307
        ],
        [
            65.39074166596959,
            35.91017464263488,
            39.70919832433758,
            48.93387657659748,
            47.58067093366338,
            59.5330171393025,
            41.5969559172195,
            44.62499224984582,
            64.74212306905595,
            43.36353208291793,
            67.66912615974363,
            0.0,
            31.805504679717068,
            66.45572523034424,
            96.93539048985521,
            82.02516280700793,
            60.25298769834155,
            44.57577705671192,
            69.18103936750767,
            25.035180907035745,
            5.210972808681571,
            30.85009730603586,
            47.22470428308267,
            65.39074166596959
        ],
        [
            54.66341310453989,
            4.36837375246598,
            56.492569591509685,
            68.04029819372752,
            18.67908937035205,
            70.86903877423401,
            34.92389410094232,
            14.231425278407562,
            42.641560610955494,
            33.313826953068755,
            87.02573448790206,
            31.805504679717068,
            0.0,
            87.92556250454527,
            91.6475264204655,
            94.19963140121999,
            70.80799863741798,
            14.30789618148249,
            79.28876510102175,
            56.292509633874964,
            36.86345184798034,
            30.20163664278353,
            22.341800055546056,
            54.66341310453989
        ],
        [
            72.3628667928761,
            90.14729576962073,
            31.76315391503497,
            20.08030157450687,
            93.05539374790494,
            29.06148115441663,
            63.93072062347817,
            93.7138726453218,
            91.38016834935931,
            68.09121787231793,
            6.6422388612260574,
            66.45572523034424,
            87.92556250454527,
            0.0,
            76.71172885885163,
            30.49673308449934,
            30.654094347587236,
            93.46283126565483,
            31.348247098154992,
            50.29787820559248,
            65.03434678234346,
            60.50686692933473,
            87.29764233831558,
            72.3628667928761
        ],
        [
            37.436543788794964,
            90.16171840519152,
            67.11155758652413,
            68.97908146230697,
            80.81298033236797,
            50.74516556077411,
            58.12837584788297,
            85.26462942864865,
            58.885169003468484,
            58.657848581467135,
            70.25031476182724,
            96.93539048985521,
            91.6475264204655,
            76.71172885885163,
            0.0,
            50.743596790762304,
            49.031033082054385,
            84.93786214845078,
            45.45512172940296,
            101.36432199207523,
            99.94419318839391,
            67.3016374253564,
            73.29307937043032,
            37.436543788794964
        ],
        [
            59.72586926019496,
            95.09113851288222,
            42.334576381651004,
            35.097066953802425,
            93.21689846284576,
            23.46091438752427,
            62.154751713372185,
            95.50237528518736,
            83.13322862244739,
            65.63061590422222,
            24.04576314649378,
            82.02516280700793,
            94.19963140121999,
            30.49673308449934,
            50.743596790762304,
            0.0,
            23.39629783010295,
            95.19546525039516,
            15.18912711248673,
            73.41183237900887,
            82.4130870553679,
            64.0112559951376,
            86.08137255032332,
            59.72586926019496
        ],
        [
            42.348729155748416,
            71.75540645355532,
            21.714218711552782,
            20.085174583354494,
            70.54737909352285,
            1.7368423551239016,
            39.49218340292039,
            72.53521632463472,
            63.40894555112425,
            43.22767145271267,
            25.326256204420723,
            60.25298769834155,
            70.80799863741798,
            30.654094347587236,
            49.031033082054385,
            23.39629783010295,
            0.0,
            72.23551746201754,
            8.97515889875295,
            56.090722150665805,
            61.323578268057645,
            40.63028695070015,
            63.66807039310109,
            42.348729155748416
        ],
        [
            47.51973727634165,
            10.050706939780682,
            61.72160672264565,
            73.38933348029276,
            4.980088128739407,
            72.63818395431994,
            33.125797668483344,
            0.3315878464905165,
            30.707586473408448,
            30.042152555351702,
            91.5965981579725,
            44.57577705671192,
            14.30789618148249,
            93.46283126565483,
            84.93786214845078,
            95.19546525039516,
            72.23551746201754,
            0.0,
            80.01190220557042,
            67.98500277685851,
            49.7677185556625,
            33.02396402006069,
            11.684700283761131,
            47.51973727634165
        ],
        [
            46.09916047275642,
            80.05556066229629,
            30.24435903301853,
            26.412170736584482,
            78.03286918420291,
            9.6795681115897,
            46.96599029185937,
            80.3194144493996,
            68.73674514587431,
            50.45948197991544,
            25.037748645596864,
            69.18103936750767,
            79.28876510102175,
            31.348247098154992,
            45.45512172940296,
            15.18912711248673,
            8.97515889875295,
            80.01190220557042,
            0.0,
            63.96451171921411,
            70.15204422968223,
            49.089131016177745,
            70.92113207792458,
            46.09916047275642
        ],
        [
            76.73471570120977,
            60.171867527237396,
            34.84043803749719,
            38.38258328398796,
            70.26178075468667,
            54.77639227158834,
            55.11627091234073,
            68.08584507045285,
            82.87679369499834,
            58.286934580840615,
            53.61769044034898,
            25.035180907035745,
            56.292509633874964,
            50.29787820559248,
            101.36432199207523,
            73.41183237900887,
            56.090722150665805,
            67.98500277685851,
            63.96451171921411,
            0.0,
            20.745673950837205,
            44.86893895913065,
            68.30121137333124,
            76.73471570120977
        ],
        [
            69.38331760111116,
            41.01360605505341,
            40.15735237332557,
            48.47173533337688,
            52.79160456685635,
            60.47248702767071,
            45.71841403095469,
            49.81370943261148,
            69.66974642861919,
            47.73782654588598,
            66.74262248851362,
            5.210972808681571,
            36.86345184798034,
            65.03434678234346,
            99.94419318839391,
            82.4130870553679,
            61.323578268057645,
            49.7677185556625,
            70.15204422968223,
            20.745673950837205,
            0.0,
            34.8645270278567,
            52.37693646945867,
            69.38331760111116
        ],
        [
            34.55284742794669,
            31.190645103939246,
            28.857332942340253,
            40.46598475735828,
            32.60279805402881,
            40.745906878291144,
            10.881633965133478,
            33.28623709740183,
            38.250996350277816,
            13.48017888111561,
            58.58034829077316,
            30.85009730603586,
            30.20163664278353,
            60.50686692933473,
            67.3016374253564,
            64.0112559951376,
            40.63028695070015,
            33.02396402006069,
            49.089131016177745,
            44.86893895913065,
            34.8645270278567,
            0.0,
            27.44172220139111,
            34.55284742794669
        ],
        [
            35.90523966099921,
            19.104871985129915,
            56.02183081074698,
            67.44729884051317,
            7.698989165604213,
            64.26736396642256,
            24.20390901183487,
            12.006431348008828,
            20.30032092471341,
            20.475182940327404,
            84.75011059646044,
            47.22470428308267,
            22.341800055546056,
            87.29764233831558,
            73.29307937043032,
            86.08137255032332,
            63.66807039310109,
            11.684700283761131,
            70.92113207792458,
            68.30121137333124,
            52.37693646945867,
            27.44172220139111,
            0.0,
            35.90523966099921
        ],
        [
            0.0,
            52.903389978412136,
            48.32880441347516,
            56.18860758191931,
            43.490132488490765,
            43.72606430983656,
            23.836098374361583,
            47.84749975945068,
            24.521255368861716,
            22.88633278756551,
            67.54918490707307,
            65.39074166596959,
            54.66341310453989,
            72.3628667928761,
            37.436543788794964,
            59.72586926019496,
            42.348729155748416,
            47.51973727634165,
            46.09916047275642,
            76.73471570120977,
            69.38331760111116,
            34.55284742794669,
            35.90523966099921,
            0.0
        ]
    ],
    "scores_ave": [
        0,
        18.48183040147793,
        13.842573325158956,
        13.58890235432704,
        13.839130482807064,
        13.688012229881014,
        19.335919313271397,
        16.19355047290693,
        12.10173573754654,
        15.878208906039946,
        10.464954080340975,
        12.159589387830497,
        15.438368423456993,
        19.65705002810477,
        14.866185096764912,
        12.708939860111236,
        17.683573369918907,
        12.025290599407892,
        18.202091953674014,
        16.948422001210957,
        17.905514401267933,
        19.703114492337882,
        13.143350179916535,
        0
    ],
    "scores_var": [
        0,
        281.7959265210635,
        282.90060259627506,
        18.24108774992098,
        268.74682432158204,
        353.3053343174388,
        241.2143760440088,
        24.58209714842956,
        19.2542188520044,
        21.918878913176822,
        344.5485869967948,
        17.827811234188047,
        17.794086428414904,
        244.6025986458534,
        265.6699599280137,
        20.25859870835547,
        349.1241896791338,
        18.55434608225392,
        233.22984188044347,
        351.3210055368209,
        334.6099840433518,
        17.457115793223295,
        268.178929892471,
        0
    ],
    "vertex_number": 24,
    "minimum_distances": {
        "cost": 408.9633921261558,
        "path": [
            0,
            14,
            15,
            18,
            16,
            5,
            10,
            13,
            3,
            2,
            21,
            19,
            20,
            11,
            12,
            1,
            7,
            17,
            4,
            22,
            8,
            9,
            6,
            23
        ]
    }
}