{
    "vertices": [
        [
            70.94394971987079,
            59.337476960475946
        ],
        [
            51.7853351275279,
            43.024385492118654
        ],
        [
            35.358384948280055,
            58.18691493618851
        ],
        [
            34.546011889474435,
            55.4511624269424
        ],
        [
            57.395558249138354,
            40.65973073283825
        ],
        [
            18.2393818814791,
            23.43883044788997
        ],
        [
            20.823851756997303,
            32.28445389751611
        ],
        [
            54.43687534052395,
            69.56518777055325
        ],
        [
            34.10145760252,
            85.05858990855184
        ],
        [
            62.194031839615874,
            57.67941660217789
        ],
        [
            21.34384004043104,
            0.5576484416648153
        ],
        [
            36.08431892106998,
            34.73976200456682
        ],
        [
            6.972217004029691,
            68.75913128164987
        ],
        [
            44.47334934759196,
            61.87346342175781
        ],
        [
            81.78573057380095,
            98.99834050665383
        ],
        [
            9.685535476846162,
            4.107305872575518
        ],
        [
            70.94394971987079,
            59.337476960475946
        ]
    ],
    "distances": [
        [
            0.0,
            25.162858866848282,
            35.60416005307262,
            36.60482644350267,
            23.074165544787302,
            63.768991621847306,
            56.955160228490904,
            19.41879432353773,
            44.932670482675874,
            8.90562895381141,
            76.91059173425526,
            42.664287647643405,
            64.66181374516732,
            26.591801582455687,
            41.11603469831677,
            82.48008919714354,
            0.0
        ],
        [
            25.162858866848282,
            0.0,
            22.35502161335963,
            21.251330562907295,
            6.0882013439800104,
            38.84488313248739,
            32.7713225726455,
            26.672923557122385,
            45.60256423976584,
            17.975285924875713,
            52.250439030214196,
            17.752658850041303,
            51.676810048632056,
            20.21763771669666,
            63.50675056166839,
            57.33177318678886,
            25.162858866848282
        ],
        [
            35.60416005307262,
            22.35502161335963,
            0.0,
            2.8538205582200775,
            28.157400327271564,
            38.736154192266866,
            29.701685860375697,
            22.21382201108547,
            26.90105541001797,
            26.840445201886748,
            59.30885115790853,
            23.45838785449047,
            30.291026542763902,
            9.832253848288135,
            61.8148111614458,
            59.86400685266662,
            35.60416005307262
        ],
        [
            36.60482644350267,
            21.251330562907295,
            2.8538205582200775,
            0.0,
            27.21926193716096,
            35.926251974770715,
            26.925713784201484,
            24.389591227168747,
            29.61076477554761,
            27.737666156922312,
            56.45879222214676,
            20.76844953239013,
            30.617253296506576,
            11.823619542058614,
            64.24910692048884,
            57.045901634896175,
            36.60482644350267
        ],
        [
            23.074165544787302,
            6.0882013439800104,
            28.157400327271564,
            27.21926193716096,
            0.0,
            42.775758957140305,
            37.51846182635417,
            29.05648380504625,
            50.138546259735456,
            17.683185682718758,
            53.924979275731616,
            22.1182040736114,
            57.72425533104114,
            24.839604213677383,
            63.231905683509716,
            60.10262919455182,
            23.074165544787302
        ],
        [
            63.768991621847306,
            38.84488313248739,
            38.736154192266866,
            35.926251974770715,
            42.775758957140305,
            0.0,
            9.215451087713335,
            58.63360275964293,
            63.628611505908744,
            55.71740296470705,
            23.09082394508011,
            21.122330174383155,
            46.699878715454155,
            46.5343105767024,
            98.72881034655786,
            21.139444900943793,
            63.768991621847306
        ],
        [
            56.955160228490904,
            32.7713225726455,
            29.701685860375697,
            26.925713784201484,
            37.51846182635417,
            9.215451087713335,
            0.0,
            50.1964986083585,
            54.41878580692844,
            48.54272273821745,
            31.731066358512816,
            15.456726560507217,
            39.01627705978954,
            37.878862455374886,
            90.37197206751404,
            30.298741894278272,
            56.955160228490904
        ],
        [
            19.41879432353773,
            26.672923557122385,
            22.21382201108547,
            24.389591227168747,
            29.05648380504625,
            58.63360275964293,
            50.1964986083585,
            0.0,
            25.56510755676308,
            14.19313331221782,
            76.53227730573082,
            39.36529698746693,
            47.471502167757826,
            12.587075659965024,
            40.17798355514333,
            79.29323251175977,
            19.41879432353773
        ],
        [
            44.932670482675874,
            45.60256423976584,
            26.90105541001797,
            29.61076477554761,
            50.138546259735456,
            63.628611505908744,
            54.41878580692844,
            25.56510755676308,
            0.0,
            39.22769249149385,
            85.45856255900159,
            50.35788101816301,
            31.649139751040057,
            25.39933519957028,
            49.68004162173095,
            84.55322371335278,
            44.932670482675874
        ],
        [
            8.90562895381141,
            17.975285924875713,
            26.840445201886748,
            27.737666156922312,
            17.683185682718758,
            55.71740296470705,
            48.54272273821745,
            14.19313331221782,
            39.22769249149385,
            0.0,
            70.2255976678988,
            34.75550117242709,
            56.32236599357553,
            18.210233845504327,
            45.72841711578198,
            75.01408693241409,
            8.90562895381141
        ],
        [
            76.91059173425526,
            52.250439030214196,
            59.30885115790853,
            56.45879222214676,
            53.924979275731616,
            23.09082394508011,
            31.731066358512816,
            76.53227730573082,
            85.45856255900159,
            70.2255976678988,
            0.0,
            37.22497287114783,
            69.6992525804488,
            65.53322338679092,
            115.51533225283067,
            12.186719541128513,
            76.91059173425526
        ],
        [
            42.664287647643405,
            17.752658850041303,
            23.45838785449047,
            20.76844953239013,
            22.1182040736114,
            21.122330174383155,
            15.456726560507217,
            39.36529698746693,
            50.35788101816301,
            34.75550117242709,
            37.22497287114783,
            0.0,
            44.775349959980026,
            28.400943366275428,
            78.85292599619403,
            40.43813962107304,
            42.664287647643405
        ],
        [
            64.66181374516732,
            51.676810048632056,
            30.291026542763902,
            30.617253296506576,
            57.72425533104114,
            46.699878715454155,
            39.01627705978954,
            47.471502167757826,
            31.649139751040057,
            56.32236599357553,
            69.6992525804488,
            44.775349959980026,
            0.0,
            38.128038881197696,
            80.69368988469863,
            64.7087368587918,
            64.66181374516732
        ],
        [
            26.591801582455687,
            20.21763771669666,
            9.832253848288135,
            11.823619542058614,
            24.839604213677383,
            46.5343105767024,
            37.878862455374886,
            12.587075659965024,
            25.39933519957028,
            18.210233845504327,
            65.53322338679092,
            28.400943366275428,
            38.128038881197696,
            0.0,
            52.63525711287625,
            67.43234351483423,
            26.591801582455687
        ],
        [
            41.11603469831677,
            63.50675056166839,
            61.8148111614458,
            64.24910692048884,
            63.231905683509716,
            98.72881034655786,
            90.37197206751404,
            40.17798355514333,
            49.68004162173095,
            45.72841711578198,
            115.51533225283067,
            78.85292599619403,
            80.69368988469863,
            52.63525711287625,
            0.0,
            119.17527674373066,
            41.11603469831677
        ],
        [
            82.48008919714354,
            57.33177318678886,
            59.86400685266662,
            57.045901634896175,
            60.10262919455182,
            21.139444900943793,
            30.298741894278272,
            79.29323251175977,
            84.55322371335278,
            75.01408693241409,
            12.186719541128513,
            40.43813962107304,
            64.7087368587918,
            67.43234351483423,
            119.17527674373066,
            0.0,
            82.48008919714354
        ],
        [
            0.0,
            25.162858866848282,
            35.60416005307262,
            36.60482644350267,
            23.074165544787302,
            63.768991621847306,
            56.955160228490904,
            19.41879432353773,
            44.932670482675874,
            8.90562895381141,
            76.91059173425526,
            42.664287647643405,
            64.66181374516732,
            26.591801582455687,
            41.11603469831677,
            82.48008919714354,
            0.0
        ]
    ],
    "scores_ave": [
        0,
        15.551145412815972,
        15.101323816705317,
        10.291206811383386,
        11.1927454696854,
        14.175273036821524,
        17.02628733743167,
        13.353787293152411,
        15.853147432463878,
        11.940419203719983,
        15.57692039131258,
        16.95060452132236,
        19.283717244129242,
        11.901665786512016,
        18.81581952332049,
        14.88172419029257,
        0
    ],
    "scores_var": [
        0,
        236.76942653440463,
        377.6984049984189,
        23.617666048708735,
        385.391738133304,
        18.482016137139205,
        24.100320119276063,
        21.95491509163165,
        271.74794203441905,
        319.0540237788302,
        18.737773198952404,
        340.8045657442185,
        330.59260792189656,
        20.984801798621397,
        22.0227132655788,
        345.76823319984254,
        0
    ],
    "vertex_number": 17,
    "minimum_distances": {
        "cost": 339.05772984481194,
        "path": [
            0,
            9,
            7,
            13,
            2,
            3,
            1,
            4,
            11,
            10,
            15,
            5,
            6,
            12,
            8,
            14,
            16
        ]
    }
}