{
    "vertices": [
        [
            55.218236324809524,
            16.89213105924593
        ],
        [
            41.27954272986434,
            46.44901982002643
        ],
        [
            5.506888513059238,
            76.45306366127372
        ],
        [
            52.36086409885549,
            59.161703366526254
        ],
        [
            30.56646839417795,
            4.782138170281469
        ],
        [
            59.507429307215695,
            52.84039107552096
        ],
        [
            75.34150966022514,
            87.59215881201902
        ],
        [
            25.364788310087448,
            22.358581829741553
        ],
        [
            27.257682271348614,
            99.47699565201393
        ],
        [
            38.72553638657619,
            35.22330631470454
        ],
        [
            49.45925050956143,
            13.119731137144864
        ],
        [
            66.37624755524544,
            19.85222520496621
        ],
        [
            66.77900840935409,
            28.70463943279087
        ],
        [
            55.218236324809524,
            16.89213105924593
        ]
    ],
    "distances": [
        [
            0.0,
            32.67869110522817,
            77.58042790346097,
            42.36603969074822,
            27.465643809612132,
            36.20323983620859,
            73.50809515947707,
            30.3498013567464,
            87.18974964284698,
            24.658490170708745,
            6.884542017628835,
            11.543975570403012,
            16.52836365965652,
            0.0
        ],
        [
            32.67869110522817,
            0.0,
            46.68967162598805,
            16.864400559649525,
            43.02207559074522,
            19.315938382650415,
            53.413251888266586,
            28.872627362357743,
            54.85051313849249,
            11.512584075919813,
            34.31834936980645,
            36.56821128915118,
            31.065829866050347,
            32.67869110522817
        ],
        [
            77.58042790346097,
            46.68967162598805,
            0.0,
            49.94282900514507,
            75.92564852902827,
            58.937396555186545,
            70.71742183893265,
            57.62420627627574,
            31.67330853305146,
            52.94687391529067,
            77.09034397175463,
            83.11879320685301,
            77.68001475855357,
            77.58042790346097
        ],
        [
            42.36603969074822,
            16.864400559649525,
            49.94282900514507,
            0.0,
            58.58440743973352,
            9.54108921233625,
            36.55681697379366,
            45.64271971349049,
            47.492025961514564,
            27.549392284257717,
            46.133312998230494,
            41.73327265820181,
            33.69741279122194,
            42.36603969074822
        ],
        [
            27.465643809612132,
            43.02207559074522,
            75.92564852902827,
            58.58440743973352,
            0.0,
            56.09968708356526,
            94.13981006493071,
            18.329998565504535,
            94.75264692393691,
            31.515632763782722,
            20.650730557063685,
            38.85161266662424,
            43.40085392023407,
            27.465643809612132
        ],
        [
            36.20323983620859,
            19.315938382650415,
            58.937396555186545,
            9.54108921233625,
            56.09968708356526,
            0.0,
            38.189048972671046,
            45.76964746592294,
            56.70113817465732,
            27.244242489647547,
            40.97190162891814,
            33.69569336914882,
            25.207347539917883,
            36.20323983620859
        ],
        [
            73.50809515947707,
            53.413251888266586,
            70.71742183893265,
            36.55681697379366,
            94.13981006493071,
            38.189048972671046,
            0.0,
            82.17720026145956,
            49.530836890532875,
            63.90012684386515,
            78.84182787411437,
            68.33062658646493,
            59.506775801669335,
            73.50809515947707
        ],
        [
            30.3498013567464,
            28.872627362357743,
            57.62420627627574,
            45.64271971349049,
            18.329998565504535,
            45.76964746592294,
            82.17720026145956,
            0.0,
            77.14164114155098,
            18.54752612176092,
            25.805028013973843,
            41.087974067211086,
            41.89761417469641,
            30.3498013567464
        ],
        [
            87.18974964284698,
            54.85051313849249,
            31.67330853305146,
            47.492025961514564,
            94.75264692393691,
            56.70113817465732,
            49.530836890532875,
            77.14164114155098,
            0.0,
            65.26904527770886,
            89.16550211111404,
            88.71508450435891,
            81.0596177176231,
            87.18974964284698
        ],
        [
            24.658490170708745,
            11.512584075919813,
            52.94687391529067,
            27.549392284257717,
            31.515632763782722,
            27.244242489647547,
            63.90012684386515,
            18.54752612176092,
            65.26904527770886,
            0.0,
            24.571948528840867,
            31.635928350774297,
            28.800873432070436,
            24.658490170708745
        ],
        [
            6.884542017628835,
            34.31834936980645,
            77.09034397175463,
            46.133312998230494,
            20.650730557063685,
            40.97190162891814,
            78.84182787411437,
            25.805028013973843,
            89.16550211111404,
            24.571948528840867,
            0.0,
            18.207450821488745,
            23.299428754609544,
            6.884542017628835
        ],
        [
            11.543975570403012,
            36.56821128915118,
            83.11879320685301,
            41.73327265820181,
            38.85161266662424,
            33.69569336914882,
            68.33062658646493,
            41.087974067211086,
            88.71508450435891,
            31.635928350774297,
            18.207450821488745,
            0.0,
            8.861571754863514,
            11.543975570403012
        ],
        [
            16.52836365965652,
            31.065829866050347,
            77.68001475855357,
            33.69741279122194,
            43.40085392023407,
            25.207347539917883,
            59.506775801669335,
            41.89761417469641,
            81.0596177176231,
            28.800873432070436,
            23.299428754609544,
            8.861571754863514,
            0.0,
            16.52836365965652
        ],
        [
            0.0,
            32.67869110522817,
            77.58042790346097,
            42.36603969074822,
            27.465643809612132,
            36.20323983620859,
            73.50809515947707,
            30.3498013567464,
            87.18974964284698,
            24.658490170708745,
            6.884542017628835,
            11.543975570403012,
            16.52836365965652,
            0.0
        ]
    ],
    "scores_ave": [
        0,
        15.273355641286715,
        13.32328579970104,
        11.370875662851123,
        12.79338636501473,
        16.97266156061694,
        15.5326541237045,
        12.902099167858934,
        16.91704515313567,
        18.99583108814953,
        12.196331137290866,
        12.49574758601032,
        10.592973110484833,
        0
    ],
    "scores_var": [
        0,
        19.831466409574766,
        345.07614307422756,
        20.587583291214905,
        332.3470274892286,
        274.082159743228,
        321.61878885750906,
        18.237367056449457,
        324.23088004018496,
        19.068038399287474,
        359.72596326899566,
        24.29161095754459,
        249.90116862405412,
        0
    ],
    "vertex_number": 14,
    "minimum_distances": {
        "cost": 314.62973253680667,
        "path": [
            0,
            11,
            12,
            1,
            3,
            5,
            6,
            8,
            2,
            9,
            7,
            4,
            10,
            13
        ]
    }
}