{
    "vertices": [
        [
            37.553740279003534,
            23.46837087017919
        ],
        [
            97.56724854385517,
            51.93935353472521
        ],
        [
            97.94489605212269,
            5.064442695859006
        ],
        [
            53.54917372171296,
            58.154661482177275
        ],
        [
            34.51135316168759,
            37.910998633143414
        ],
        [
            13.116459413080639,
            84.21916043992566
        ],
        [
            96.9664792417618,
            15.877094888047793
        ],
        [
            41.551787980014176,
            86.22849279852429
        ],
        [
            13.529021104458561,
            57.78760613968815
        ],
        [
            38.1039988787642,
            3.741962427046508
        ],
        [
            46.02330326417161,
            85.18798482672572
        ],
        [
            13.736230732169808,
            42.52155147733872
        ],
        [
            16.157872521071237,
            93.92741077238287
        ],
        [
            64.59272521592725,
            99.0655113254182
        ],
        [
            10.612449309359107,
            68.68928692637355
        ],
        [
            43.494392263612745,
            62.202049634132365
        ],
        [
            59.920039523524984,
            81.84784456986428
        ],
        [
            60.36611396184338,
            96.26552087550651
        ],
        [
            75.7925931490238,
            25.811054092219244
        ],
        [
            62.76432057345136,
            8.95547303551314
        ],
        [
            37.553740279003534,
            23.46837087017919
        ]
    ],
    "distances": [
        [
            0.0,
            66.42452881383726,
            63.13316297999554,
            38.19676226383768,
            14.759594034767861,
            65.48159382198648,
            59.89575128582777,
            62.88733807278139,
            41.89268481369578,
            19.734081549236258,
            62.29802761006855,
            30.5007778960235,
            73.63599297256239,
            80.28719917538737,
            52.63805095244715,
            39.186594858335916,
            62.5173119331574,
            76.28780664001064,
            38.31054728784079,
            29.089475112869522,
            0.0
        ],
        [
            66.42452881383726,
            0.0,
            46.87643207190749,
            44.45470688160446,
            64.59752846426555,
            90.40974349398174,
            36.067262475189295,
            65.67706520263701,
            84.24147274167997,
            76.54323334116144,
            61.337181038799045,
            84.35836972663247,
            91.59958217705932,
            57.51690131446023,
            88.55335893423904,
            55.03813875425421,
            48.08149522445642,
            57.868242804770745,
            34.01211033324625,
            55.3069414999931,
            66.42452881383726
        ],
        [
            63.13316297999554,
            46.87643207190749,
            0.0,
            69.20658561161635,
            71.43325976443903,
            116.02298480804066,
            10.856829504235652,
            98.83210848251933,
            99.52774440679538,
            59.85550875712161,
            95.47582836108094,
            92.16362793008659,
            120.7714548783696,
            99.7425095081624,
            108.0512705035664,
            78.92758383135238,
            85.68302350737535,
            98.63975630808743,
            30.350393874581393,
            35.395098645357656,
            63.13316297999554
        ],
        [
            38.19676226383768,
            44.45470688160446,
            69.20658561161635,
            0.0,
            27.78928745436051,
            48.105742820186734,
            60.60078428322786,
            30.529940540620505,
            40.021835854103244,
            56.56231293355573,
            28.061348812817283,
            42.77224050610391,
            51.747454017149636,
            42.37520105558873,
            44.210187021906286,
            10.838818248441218,
            24.534768307268678,
            38.71573682542566,
            39.254027141364965,
            50.05476076568016,
            38.19676226383768
        ],
        [
            14.759594034767861,
            64.59752846426555,
            71.43325976443903,
            27.78928745436051,
            0.0,
            51.011639146740876,
            66.22790716855022,
            48.827737658555506,
            28.90221072044579,
            34.35738841213037,
            48.658384875684625,
            21.2805758730954,
            58.946489976745966,
            68.15250081468169,
            38.96743044651557,
            25.898844573443093,
            50.75478079453566,
            63.8256917092774,
            43.01801288745782,
            40.455563649579865,
            14.759594034767861
        ],
        [
            65.48159382198648,
            90.40974349398174,
            116.02298480804066,
            48.105742820186734,
            51.011639146740876,
            0.0,
            108.17330423522893,
            28.506233129559188,
            26.434773876006513,
            84.26717349331977,
            32.921102547341,
            41.70221468561084,
            10.173510613898852,
            53.574434907150255,
            15.73044938793761,
            37.51762215954014,
            46.863613284833114,
            48.761097759600766,
            85.6726597416633,
            90.16392160675228,
            65.48159382198648
        ],
        [
            59.89575128582777,
            36.067262475189295,
            10.856829504235652,
            60.60078428322786,
            66.22790716855022,
            108.17330423522893,
            0.0,
            89.55505120088428,
            93.37183929744613,
            60.100358021648475,
            86.01864125162201,
            87.39108269101058,
            112.3471527444453,
            89.26574135177839,
            101.22324887820633,
            70.74790115632776,
            75.66094441241032,
            88.32828409611831,
            23.38839450963632,
            34.895508402110565,
            59.89575128582777
        ],
        [
            62.88733807278139,
            65.67706520263701,
            98.83210848251933,
            30.529940540620505,
            48.827737658555506,
            28.506233129559188,
            89.55505120088428,
            0.0,
            39.92692697043563,
            82.55855462889006,
            4.5909809165177204,
            51.80735415615881,
            26.535340214592008,
            26.37562953502917,
            35.5649605651852,
            24.10484769780574,
            18.88339862601405,
            21.32418333181046,
            69.44565960844639,
            80.13171109069334,
            62.88733807278139
        ],
        [
            41.89268481369578,
            84.24147274167997,
            99.52774440679538,
            40.021835854103244,
            28.90221072044579,
            26.434773876006513,
            93.37183929744613,
            39.92692697043563,
            0.0,
            59.37054098558828,
            42.50481296592315,
            15.267460849259024,
            36.23529134228079,
            65.66100314574659,
            11.285080195140633,
            30.28878967657028,
            52.25917778988763,
            60.61570085174464,
            69.9946589719048,
            69.34473258514498,
            41.89268481369578
        ],
        [
            19.734081549236258,
            76.54323334116144,
            59.85550875712161,
            56.56231293355573,
            34.35738841213037,
            84.26717349331977,
            60.100358021648475,
            82.55855462889006,
            59.37054098558828,
            0.0,
            81.83012859990984,
            45.80005077896447,
            92.81728047813704,
            98.93549210240668,
            70.52616718174855,
            58.708075569750214,
            81.09542807533353,
            95.16412473163328,
            43.67464876783832,
            25.20539940072468,
            19.734081549236258
        ],
        [
            62.29802761006855,
            61.337181038799045,
            95.47582836108094,
            28.061348812817283,
            48.658384875684625,
            32.921102547341,
            86.01864125162201,
            4.5909809165177204,
            42.50481296592315,
            81.83012859990984,
            0.0,
            53.50588367127889,
            31.11786495456509,
            23.18208733794815,
            39.065785672582415,
            23.124632051707323,
            14.292509072851178,
            18.122583249120023,
            66.42161187218166,
            78.04907119592757,
            62.29802761006855
        ],
        [
            30.5007778960235,
            84.35836972663247,
            92.16362793008659,
            42.77224050610391,
            21.2805758730954,
            41.70221468561084,
            87.39108269101058,
            51.80735415615881,
            15.267460849259024,
            45.80005077896447,
            53.50588367127889,
            0.0,
            51.462867378485925,
            76.04999951661851,
            26.35352706770332,
            35.67730630850665,
            60.658894837242784,
            71.15307622783564,
            64.26688758038632,
            59.4174655757679,
            30.5007778960235
        ],
        [
            73.63599297256239,
            91.59958217705932,
            120.7714548783696,
            51.747454017149636,
            58.946489976745966,
            10.173510613898852,
            112.3471527444453,
            26.535340214592008,
            36.23529134228079,
            92.81728047813704,
            31.11786495456509,
            51.462867378485925,
            0.0,
            48.70662206379644,
            25.840174416274742,
            41.878202575883996,
            45.39871342220704,
            44.270027898567356,
            90.5325242758271,
            96.91434982920575,
            73.63599297256239
        ],
        [
            80.28719917538737,
            57.51690131446023,
            99.7425095081624,
            42.37520105558873,
            68.15250081468169,
            53.574434907150255,
            89.26574135177839,
            26.37562953502917,
            65.66100314574659,
            98.93549210240668,
            23.18208733794815,
            76.04999951661851,
            48.70662206379644,
            0.0,
            61.94017432725174,
            42.47416227816174,
            17.84046075877211,
            5.069929902152991,
            74.10568497928739,
            90.12858627619089,
            80.28719917538737
        ],
        [
            52.63805095244715,
            88.55335893423904,
            108.0512705035664,
            44.210187021906286,
            38.96743044651557,
            15.73044938793761,
            101.22324887820633,
            35.5649605651852,
            11.285080195140633,
            70.52616718174855,
            39.065785672582415,
            26.35352706770332,
            25.840174416274742,
            61.94017432725174,
            0.0,
            33.515763755770735,
            51.033186182965046,
            56.884759164201235,
            78.01918995951783,
            79.29657116354024,
            52.63805095244715
        ],
        [
            39.186594858335916,
            55.03813875425421,
            78.92758383135238,
            10.838818248441218,
            25.898844573443093,
            37.51762215954014,
            70.74790115632776,
            24.10484769780574,
            30.28878967657028,
            58.708075569750214,
            23.124632051707323,
            35.67730630850665,
            41.878202575883996,
            42.47416227816174,
            33.515763755770735,
            0.0,
            25.60779464467591,
            38.01282765165557,
            48.65673989249493,
            56.626213510519534,
            39.186594858335916
        ],
        [
            62.5173119331574,
            48.08149522445642,
            85.68302350737535,
            24.534768307268678,
            50.75478079453566,
            46.863613284833114,
            75.66094441241032,
            18.88339862601405,
            52.25917778988763,
            81.09542807533353,
            14.292509072851178,
            60.658894837242784,
            45.39871342220704,
            17.84046075877211,
            51.033186182965046,
            25.60779464467591,
            0.0,
            14.424575295612641,
            58.24139288881942,
            72.94784275489478,
            62.5173119331574
        ],
        [
            76.28780664001064,
            57.868242804770745,
            98.63975630808743,
            38.71573682542566,
            63.8256917092774,
            48.761097759600766,
            88.32828409611831,
            21.32418333181046,
            60.61570085174464,
            95.16412473163328,
            18.122583249120023,
            71.15307622783564,
            44.270027898567356,
            5.069929902152991,
            56.884759164201235,
            38.01282765165557,
            14.424575295612641,
            0.0,
            72.12356168291913,
            87.34297824538554,
            76.28780664001064
        ],
        [
            38.31054728784079,
            34.01211033324625,
            30.350393874581393,
            39.254027141364965,
            43.01801288745782,
            85.6726597416633,
            23.38839450963632,
            69.44565960844639,
            69.9946589719048,
            43.67464876783832,
            66.42161187218166,
            64.26688758038632,
            90.5325242758271,
            74.10568497928739,
            78.01918995951783,
            48.65673989249493,
            58.24139288881942,
            72.12356168291913,
            0.0,
            21.30367337016325,
            38.31054728784079
        ],
        [
            29.089475112869522,
            55.3069414999931,
            35.395098645357656,
            50.05476076568016,
            40.455563649579865,
            90.16392160675228,
            34.895508402110565,
            80.13171109069334,
            69.34473258514498,
            25.20539940072468,
            78.04907119592757,
            59.4174655757679,
            96.91434982920575,
            90.12858627619089,
            79.29657116354024,
            56.626213510519534,
            72.94784275489478,
            87.34297824538554,
            21.30367337016325,
            0.0,
            29.089475112869522
        ],
        [
            0.0,
            66.42452881383726,
            63.13316297999554,
            38.19676226383768,
            14.759594034767861,
            65.48159382198648,
            59.89575128582777,
            62.88733807278139,
            41.89268481369578,
            19.734081549236258,
            62.29802761006855,
            30.5007778960235,
            73.63599297256239,
            80.28719917538737,
            52.63805095244715,
            39.186594858335916,
            62.5173119331574,
            76.28780664001064,
            38.31054728784079,
            29.089475112869522,
            0.0
        ]
    ],
    "scores_ave": [
        0,
        13.343684635478223,
        19.819127665327493,
        17.933598919253697,
        14.60177364976233,
        16.046751324190378,
        17.30691304162958,
        11.423593999690782,
        18.86885202374149,
        18.757110805962405,
        13.446914340295399,
        16.151944645873183,
        18.66362032361737,
        19.72722209563453,
        15.265727883700144,
        11.431808201626179,
        15.889806176658418,
        13.558458951712566,
        10.602186346409226,
        10.341116228838533,
        0
    ],
    "scores_var": [
        0,
        20.596821627873837,
        300.7595123571952,
        280.1739080159261,
        282.6498063868854,
        336.5193961632509,
        23.024962342150072,
        24.08836629299796,
        284.4333811094963,
        17.90582479139426,
        18.33168840237743,
        239.61962051683489,
        236.92900055476798,
        20.491610886795492,
        19.971980341013733,
        18.252493506571778,
        16.061891098490957,
        19.44927257262067,
        341.15828986115196,
        19.02761176628797,
        0
    ],
    "vertex_number": 21,
    "minimum_distances": {
        "cost": 385.07492594410627,
        "path": [
            0,
            9,
            19,
            18,
            2,
            6,
            1,
            3,
            15,
            16,
            13,
            17,
            10,
            7,
            12,
            5,
            14,
            8,
            11,
            4,
            20
        ]
    }
}