{
    "vertices": [
        [
            42.1969435757094,
            3.936143527035385
        ],
        [
            2.4926978483634787,
            39.84340179060055
        ],
        [
            5.067069549421122,
            47.04319700227359
        ],
        [
            18.352960563030486,
            34.80515369633821
        ],
        [
            82.74360792829097,
            24.869867904917164
        ],
        [
            81.95265179999797,
            49.19646816157383
        ],
        [
            31.344893210450152,
            24.138007190108368
        ],
        [
            63.56377474431546,
            48.312508246809635
        ],
        [
            45.17566455792489,
            75.37387057595149
        ],
        [
            80.2890116607279,
            46.46257408325831
        ],
        [
            58.97228159250009,
            88.11046449724896
        ],
        [
            43.34728766491751,
            0.5742688080367819
        ],
        [
            92.2329145834311,
            34.28654499188719
        ],
        [
            48.301162907404475,
            39.329530489626954
        ],
        [
            30.773402084623235,
            75.90518877725994
        ],
        [
            44.651667852593114,
            67.88050284239026
        ],
        [
            63.20537152644313,
            53.63268093061778
        ],
        [
            89.38836424603677,
            86.40796945038718
        ],
        [
            83.24826178799695,
            51.71680516851376
        ],
        [
            25.946904494867262,
            40.50707207841141
        ],
        [
            18.55433728715774,
            94.13571331157733
        ],
        [
            21.241241255703113,
            68.77222849835962
        ],
        [
            39.65380553394975,
            36.77180809492182
        ],
        [
            42.1969435757094,
            3.936143527035385
        ]
    ],
    "distances": [
        [
            0.0,
            53.532778040970705,
            56.89328259579582,
            39.005529284211,
            45.63170834463719,
            60.241292503054524,
            22.93212359533046,
            49.252443796527906,
            71.4998015703913,
            57.0920567754126,
            85.82964683822321,
            3.553236996010536,
            58.52132315458396,
            35.91592034645899,
            72.87002658451166,
            63.991458488822815,
            53.95460939407156,
            95.01911521381076,
            62.99366915701875,
            40.01870294298338,
            93.24663651538278,
            68.13853076001487,
            32.93400095211935,
            0.0
        ],
        [
            53.532778040970705,
            0.0,
            7.646204335828096,
            16.641270301199803,
            81.63587009202705,
            80.00852537408564,
            32.849788382411006,
            61.65551230342574,
            55.536023077245325,
            78.07739675880447,
            74.29436534649496,
            56.667118457542536,
            89.91209683428764,
            45.81134722729015,
            45.828492368503646,
            50.63060129216126,
            62.258918753398696,
            98.58557602427737,
            81.62376378838991,
            23.46359451720527,
            56.61829520351721,
            34.472958889315734,
            37.28783464148961,
            53.532778040970705
        ],
        [
            56.89328259579582,
            7.646204335828096,
            0.0,
            18.063349744259945,
            80.7793360815977,
            76.91572878609219,
            34.8593134856591,
            58.510474871546585,
            49.10525897187046,
            75.22418293322217,
            67.76645442188315,
            60.20578366312587,
            88.09436253817344,
            43.91682456138133,
            38.650098339199225,
            44.73403332472992,
            58.51054140249693,
            93.05732668202577,
            78.32075991163963,
            21.87894961759833,
            48.98582941393797,
            27.087905791001855,
            36.07968592088291,
            56.89328259579582
        ],
        [
            39.005529284211,
            16.641270301199803,
            18.063349744259945,
            0.0,
            65.15263135034947,
            65.20759662397394,
            16.810066284832445,
            47.18544633556855,
            48.63412627832378,
            63.02356603409525,
            67.01779913184858,
            42.38478344302666,
            73.88177421424612,
            30.2880307882044,
            42.93576890244662,
            42.25636906118817,
            48.64375140743565,
            87.80022306437489,
            67.06268766307737,
            9.496307581144626,
            59.33090136549809,
            34.089651449755,
            21.391440484422848,
            39.005529284211
        ],
        [
            45.63170834463719,
            81.63587009202705,
            80.7793360815977,
            65.15263135034947,
            0.0,
            24.339455450852892,
            51.40392489637213,
            30.288997790690477,
            62.94445690348655,
            21.731774040351755,
            67.5607061324607,
            46.285485692283984,
            13.36864795540495,
            37.354569480592936,
            72.83890630683702,
            57.45355181757815,
            34.77128261721021,
            61.89580541799907,
            26.851679946580763,
            58.90999639507569,
            94.43526780467134,
            75.56426650213773,
            44.703324827912105,
            45.63170834463719
        ],
        [
            60.241292503054524,
            80.00852537408564,
            76.91572878609219,
            65.20759662397394,
            24.339455450852892,
            0.0,
            56.47186640900412,
            18.41011093122245,
            45.14203349172333,
            3.200293009153884,
            45.192881360747435,
            62.08455854701115,
            18.110483478427597,
            35.06820730676759,
            57.729293762832924,
            41.71877940926011,
            19.2650071733038,
            37.94714281401874,
            2.8338496554252197,
            56.67582672971108,
            77.71024409768071,
            63.789385974793575,
            44.08587725349965,
            60.241292503054524
        ],
        [
            22.93212359533046,
            32.849788382411006,
            34.8593134856591,
            16.810066284832445,
            51.40392489637213,
            56.47186640900412,
            0.0,
            40.27980671048084,
            53.06980245826159,
            53.79510217335352,
            69.68319655933239,
            26.444417920978005,
            61.72798365596205,
            22.766147284854053,
            51.770336019616714,
            45.7217254406117,
            43.41688447577687,
            85.1269212984678,
            58.7754180557686,
            17.236141316751723,
            71.15670863027889,
            45.76349521853214,
            15.121208592637982,
            22.93212359533046
        ],
        [
            49.252443796527906,
            61.65551230342574,
            58.510474871546585,
            47.18544633556855,
            30.288997790690477,
            18.41011093122245,
            40.27980671048084,
            0.0,
            32.7175782620893,
            16.827234066227273,
            40.061941179566546,
            51.842510110382115,
            31.916253294257487,
            17.70991839253513,
            42.85515789280191,
            27.213492969051295,
            5.332231263938166,
            46.02361988420399,
            19.97669311232439,
            38.418143645194,
            64.23095501872554,
            47.00847789140166,
            26.54947057167844,
            49.252443796527906
        ],
        [
            71.4998015703913,
            55.536023077245325,
            49.10525897187046,
            48.63412627832378,
            62.94445690348655,
            45.14203349172333,
            53.06980245826159,
            32.7175782620893,
            0.0,
            45.48417537617163,
            18.77677997726879,
            74.82194455306218,
            62.4704178280721,
            36.17959635196641,
            14.412059650893578,
            7.511666428800942,
            28.244462476120884,
            45.56878483876865,
            44.82387091199373,
            39.817569627373075,
            32.56841734708101,
            24.828175465196153,
            38.99500166521312,
            71.4998015703913
        ],
        [
            57.0920567754126,
            78.07739675880447,
            75.22418293322217,
            63.02356603409525,
            21.731774040351755,
            3.200293009153884,
            53.79510217335352,
            16.827234066227273,
            45.48417537617163,
            0.0,
            46.78621331906934,
            58.910334685983216,
            17.056157288817253,
            32.77350726996029,
            57.6078393251532,
            41.57821480090811,
            18.527309368613036,
            40.968681068689634,
            6.030265799532105,
            54.667473101979176,
            77.99934758633196,
            63.12178601660261,
            41.77476418133856,
            57.0920567754126
        ],
        [
            85.82964683822321,
            74.29436534649496,
            67.76645442188315,
            67.01779913184858,
            67.5607061324607,
            45.192881360747435,
            69.68319655933239,
            40.061941179566546,
            18.77677997726879,
            46.78621331906934,
            0.0,
            88.91977277848298,
            63.27151031765459,
            49.93448003781925,
            30.72695170205972,
            24.785708108598907,
            34.736675287890066,
            30.463692707407684,
            43.747247385272026,
            57.93753966318117,
            40.864579346229924,
            42.39809873621387,
            54.85308704549806,
            85.82964683822321
        ],
        [
            3.553236996010536,
            56.667118457542536,
            60.20578366312587,
            42.38478344302666,
            46.285485692283984,
            62.08455854701115,
            26.444417920978005,
            51.842510110382115,
            74.82194455306218,
            58.910334685983216,
            88.91977277848298,
            0.0,
            59.38284335321362,
            39.07059236723519,
            76.37309802539005,
            67.31887215009743,
            56.652789795569944,
            97.4022838475008,
            64.86637620025775,
            43.55917941714479,
            96.79067251560534,
            71.69127557638545,
            36.38548695121949,
            3.553236996010536
        ],
        [
            58.52132315458396,
            89.91209683428764,
            88.09436253817344,
            73.88177421424612,
            13.36864795540495,
            18.110483478427597,
            61.72798365596205,
            31.916253294257487,
            62.4704178280721,
            17.056157288817253,
            63.27151031765459,
            59.38284335321362,
            0.0,
            44.22024997729526,
            74.22521934709836,
            58.24542080303186,
            34.88368145258085,
            52.19898805728988,
            19.609639356178803,
            66.57724904721859,
            94.92342019207658,
            78.92452121349504,
            52.63781189533392,
            58.52132315458396
        ],
        [
            35.91592034645899,
            45.81134722729015,
            43.91682456138133,
            30.2880307882044,
            37.354569480592936,
            35.06820730676759,
            22.766147284854053,
            17.70991839253513,
            36.17959635196641,
            32.77350726996029,
            49.93448003781925,
            39.07059236723519,
            44.22024997729526,
            0.0,
            40.55861411136135,
            28.783273553286936,
            20.657094352726432,
            62.486298728788015,
            37.077544338050465,
            22.385251246474937,
            62.358570461440316,
            39.988896281713586,
            9.017690025312355,
            35.91592034645899
        ],
        [
            72.87002658451166,
            45.828492368503646,
            38.650098339199225,
            42.93576890244662,
            72.83890630683702,
            57.729293762832924,
            51.770336019616714,
            42.85515789280191,
            14.412059650893578,
            57.6078393251532,
            30.72695170205972,
            76.37309802539005,
            74.22521934709836,
            40.55861411136135,
            0.0,
            16.03127708823286,
            39.34332532531885,
            59.54848605171886,
            57.78138802843538,
            35.72564547785272,
            21.946698369481663,
            11.905511849927697,
            40.12833224856976,
            72.87002658451166
        ],
        [
            63.991458488822815,
            50.63060129216126,
            44.73403332472992,
            42.25636906118817,
            57.45355181757815,
            41.71877940926011,
            45.7217254406117,
            27.213492969051295,
            7.511666428800942,
            41.57821480090811,
            24.785708108598907,
            67.31887215009743,
            58.24542080303186,
            28.783273553286936,
            16.03127708823286,
            0.0,
            23.39316885859245,
            48.421472748250814,
            41.8445000675947,
            33.15377631671643,
            37.0190051111982,
            23.42740378475363,
            31.507610456003885,
            63.991458488822815
        ],
        [
            53.95460939407156,
            62.258918753398696,
            58.51054140249693,
            48.64375140743565,
            34.77128261721021,
            19.2650071733038,
            43.41688447577687,
            5.332231263938166,
            28.244462476120884,
            18.527309368613036,
            34.736675287890066,
            56.652789795569944,
            34.88368145258085,
            20.657094352726432,
            39.34332532531885,
            23.39316885859245,
            0.0,
            41.94959648564479,
            20.134250171598314,
            39.50284766044271,
            60.2844133312326,
            44.61159187851916,
            28.964897608662117,
            53.95460939407156
        ],
        [
            95.01911521381076,
            98.58557602427737,
            93.05732668202577,
            87.80022306437489,
            61.89580541799907,
            37.94714281401874,
            85.1269212984678,
            46.02361988420399,
            45.56878483876865,
            40.968681068689634,
            30.463692707407684,
            97.4022838475008,
            52.19898805728988,
            62.486298728788015,
            59.54848605171886,
            48.421472748250814,
            41.94959648564479,
            0.0,
            35.230352502170014,
            78.3052437255125,
            71.25431495983499,
            70.39211412357697,
            70.26574445910201,
            95.01911521381076
        ],
        [
            62.99366915701875,
            81.62376378838991,
            78.32075991163963,
            67.06268766307737,
            26.851679946580763,
            2.8338496554252197,
            58.7754180557686,
            19.97669311232439,
            44.82387091199373,
            6.030265799532105,
            43.747247385272026,
            64.86637620025775,
            19.609639356178803,
            37.077544338050465,
            57.78138802843538,
            41.8445000675947,
            20.134250171598314,
            35.230352502170014,
            0.0,
            58.38753003498472,
            77.36063362828635,
            64.30985974368596,
            46.08502526434923,
            62.99366915701875
        ],
        [
            40.01870294298338,
            23.46359451720527,
            21.87894961759833,
            9.496307581144626,
            58.90999639507569,
            56.67582672971108,
            17.236141316751723,
            38.418143645194,
            39.817569627373075,
            54.667473101979176,
            57.93753966318117,
            43.55917941714479,
            66.57724904721859,
            22.385251246474937,
            35.72564547785272,
            33.15377631671643,
            39.50284766044271,
            78.3052437255125,
            58.38753003498472,
            0.0,
            54.13576646207317,
            28.654185278324707,
            14.206735484324156,
            40.01870294298338
        ],
        [
            93.24663651538278,
            56.61829520351721,
            48.98582941393797,
            59.33090136549809,
            94.43526780467134,
            77.71024409768071,
            71.15670863027889,
            64.23095501872554,
            32.56841734708101,
            77.99934758633196,
            40.864579346229924,
            96.79067251560534,
            94.92342019207658,
            62.358570461440316,
            21.946698369481663,
            37.0190051111982,
            60.2844133312326,
            71.25431495983499,
            77.36063362828635,
            54.13576646207317,
            0.0,
            25.5054075600942,
            61.12123347906864,
            93.24663651538278
        ],
        [
            68.13853076001487,
            34.472958889315734,
            27.087905791001855,
            34.089651449755,
            75.56426650213773,
            63.789385974793575,
            45.76349521853214,
            47.00847789140166,
            24.828175465196153,
            63.12178601660261,
            42.39809873621387,
            71.69127557638545,
            78.92452121349504,
            39.988896281713586,
            11.905511849927697,
            23.42740378475363,
            44.61159187851916,
            70.39211412357697,
            64.30985974368596,
            28.654185278324707,
            25.5054075600942,
            0.0,
            36.919499309948975,
            68.13853076001487
        ],
        [
            32.93400095211935,
            37.28783464148961,
            36.07968592088291,
            21.391440484422848,
            44.703324827912105,
            44.08587725349965,
            15.121208592637982,
            26.54947057167844,
            38.99500166521312,
            41.77476418133856,
            54.85308704549806,
            36.38548695121949,
            52.63781189533392,
            9.017690025312355,
            40.12833224856976,
            31.507610456003885,
            28.964897608662117,
            70.26574445910201,
            46.08502526434923,
            14.206735484324156,
            61.12123347906864,
            36.919499309948975,
            0.0,
            32.93400095211935
        ],
        [
            0.0,
            53.532778040970705,
            56.89328259579582,
            39.005529284211,
            45.63170834463719,
            60.241292503054524,
            22.93212359533046,
            49.252443796527906,
            71.4998015703913,
            57.0920567754126,
            85.82964683822321,
            3.553236996010536,
            58.52132315458396,
            35.91592034645899,
            72.87002658451166,
            63.991458488822815,
            53.95460939407156,
            95.01911521381076,
            62.99366915701875,
            40.01870294298338,
            93.24663651538278,
            68.13853076001487,
            32.93400095211935,
            0.0
        ]
    ],
    "scores_ave": [
        0,
        10.143831557491849,
        12.639956578320996,
        11.166653258509067,
        16.88009849007708,
        19.033147345455568,
        12.738548490551523,
        12.471864061635292,
        18.83322263569005,
        12.615932559709394,
        15.35990746652331,
        11.613809025370047,
        16.25323979452885,
        17.78915323118733,
        13.499679318180766,
        12.433328930855085,
        10.180855266413221,
        11.474349335521069,
        19.677972419306784,
        15.493360864334978,
        11.362653383051915,
        12.170570871865952,
        14.47689393200056,
        0
    ],
    "scores_var": [
        0,
        16.977395860179687,
        327.8028131375712,
        388.2316451571786,
        16.08066488649973,
        19.238095101065124,
        21.828778772768263,
        22.023036597749257,
        21.941699276778483,
        258.03516963605176,
        24.999820491288197,
        23.58385490185059,
        275.45802928520493,
        18.374153066184224,
        24.082886556758048,
        22.477539495407388,
        359.8493310573855,
        19.21882813012394,
        20.96309756480891,
        379.48282496142997,
        337.90690569589447,
        328.70889022805636,
        325.63751452294093,
        0
    ],
    "vertex_number": 24,
    "minimum_distances": {
        "cost": 426.7120205327692,
        "path": [
            0,
            6,
            19,
            3,
            1,
            2,
            21,
            20,
            14,
            8,
            10,
            17,
            18,
            5,
            12,
            4,
            9,
            7,
            16,
            15,
            13,
            22,
            11,
            23
        ]
    }
}