{
    "vertices": [
        [
            60.61839369577374,
            96.87949876975368
        ],
        [
            77.17156248389415,
            1.2147070919576008
        ],
        [
            82.82169463403251,
            7.395418439981272
        ],
        [
            50.36223910665928,
            4.887791078083037
        ],
        [
            35.82792875398876,
            72.0200106157493
        ],
        [
            51.69844648378334,
            62.49040079029157
        ],
        [
            57.41947277953079,
            31.13040585487822
        ],
        [
            97.81323675447938,
            1.983271305983214
        ],
        [
            11.456079767217043,
            18.631706444978935
        ],
        [
            79.23407215030609,
            75.06269423267217
        ],
        [
            40.92152148722982,
            96.78813789563033
        ],
        [
            30.774934878658044,
            26.121491602631753
        ],
        [
            44.93875081736771,
            31.115952441991002
        ],
        [
            67.1145566035217,
            4.473132760413345
        ],
        [
            96.0573354840426,
            9.690370736002063
        ],
        [
            27.946472866480278,
            95.91872237387346
        ],
        [
            77.4564424103536,
            56.52281481444722
        ],
        [
            73.30755650176398,
            63.784656526077754
        ],
        [
            23.130589752927932,
            49.03409112366022
        ],
        [
            47.414932680863565,
            5.553898273709579
        ],
        [
            60.05833669976091,
            31.71983729323221
        ],
        [
            60.61839369577374,
            96.87949876975368
        ]
    ],
    "distances": [
        [
            0.0,
            97.08635209793458,
            92.1975444630715,
            92.5616712845311,
            35.107852445129055,
            35.52710962217079,
            65.82686620337705,
            101.92521933759774,
            92.41022732636814,
            28.67954749524058,
            19.697084088997297,
            76.79405974703616,
            67.60691700113338,
            92.63442454927956,
            94.1162188061029,
            32.6860444526177,
            43.72850128215069,
            35.444088870370514,
            60.78255076317631,
            92.27511413558534,
            65.16206831872098,
            0.0
        ],
        [
            97.08635209793458,
            0.0,
            8.374078222802538,
            27.05977394425687,
            81.99199385969851,
            66.35955301964553,
            35.848208883611285,
            20.65597752816412,
            67.98438449488995,
            73.87678357142511,
            102.21715192590851,
            52.6592344019557,
            43.9663350918934,
            10.571693578358067,
            20.70046608219518,
            106.73312493485693,
            55.30884139461806,
            62.68914670354264,
            72.16037848348974,
            30.07134179491168,
            34.97749941513028,
            97.08635209793458
        ],
        [
            92.1975444630715,
            8.374078222802538,
            0.0,
            32.55617373279085,
            79.90464282801534,
            63.27806614936167,
            34.76524849228956,
            15.938559274576102,
            72.24475865728867,
            67.7623143663927,
            98.72528957368736,
            55.3130275534309,
            44.696545342532694,
            15.976668573345528,
            13.433130489631477,
            104.15212577480257,
            49.41950026009553,
            57.186230828149185,
            72.77916641996924,
            35.45461871930309,
            33.31437853228176,
            92.1975444630715
        ],
        [
            92.5616712845311,
            27.05977394425687,
            32.55617373279085,
            0.0,
            68.68756130101843,
            57.61810562498304,
            27.174977045745234,
            47.53980871732602,
            41.26238534256673,
            75.88214398694979,
            92.38398613588438,
            28.88827659945286,
            26.783029585080126,
            16.757448583722272,
            45.94678012993954,
            93.75018415295655,
            58.31184724322163,
            63.208609777160014,
            51.86963017256538,
            3.0216409388943246,
            28.530212277984408,
            92.5616712845311
        ],
        [
            35.107852445129055,
            81.99199385969851,
            79.90464282801534,
            68.68756130101843,
            0.0,
            18.51180154488441,
            46.24018329231807,
            93.52712580347918,
            58.688142288410376,
            43.51265572375873,
            25.286455186216056,
            46.175824786371095,
            41.906432128645314,
            74.44080729142347,
            86.67505663449683,
            25.16477241313031,
            44.419547802088765,
            38.37373519862346,
            26.259758426243398,
            67.4685315526139,
            47.0235753536825,
            35.107852445129055
        ],
        [
            35.52710962217079,
            66.35955301964553,
            63.27806614936167,
            57.61810562498304,
            18.51180154488441,
            0.0,
            31.87756929607062,
            76.0768466758523,
            59.52338320883786,
            30.270005669774704,
            35.951034518192536,
            41.95820412493913,
            32.09438416082693,
            60.030490926483594,
            68.96052644137221,
            41.00742535946908,
            26.44024274722727,
            21.64783438773511,
            31.578389889906628,
            57.09740632743795,
            31.885974069326455,
            35.52710962217079
        ],
        [
            65.82686620337705,
            35.848208883611285,
            34.76524849228956,
            27.174977045745234,
            46.24018329231807,
            31.87756929607062,
            0.0,
            49.8117618688121,
            47.63245725493731,
            49.050205991586616,
            67.69874573120495,
            27.111263746594368,
            12.480730331112998,
            28.365557621649025,
            44.18777591451449,
            71.17712891961988,
            32.34585885019156,
            36.31434002239648,
            38.68164222749152,
            27.46358612117903,
            2.7038920485130884,
            65.82686620337705
        ],
        [
            101.92521933759774,
            20.65597752816412,
            15.938559274576102,
            47.53980871732602,
            93.52712580347918,
            76.0768466758523,
            49.8117618688121,
            0.0,
            87.94730783543075,
            75.40416044680053,
            110.56504870496185,
            71.2515796139516,
            60.3690680173723,
            30.79948657158199,
            7.9045917602187625,
            117.06935407487913,
            58.21478233301804,
            66.48262614977574,
            88.26821290064645,
            50.52463191790015,
            48.059294989167235,
            101.92521933759774
        ],
        [
            92.41022732636814,
            67.98438449488995,
            72.24475865728867,
            41.26238534256673,
            58.688142288410376,
            59.52338320883786,
            47.63245725493731,
            87.94730783543075,
            0.0,
            88.1947426674451,
            83.526283485235,
            20.71991902794619,
            35.73437642895857,
            57.431100046218305,
            85.07243944500671,
            79.02667837990805,
            76.10377101361223,
            76.57933190666006,
            32.56684168839493,
            38.263143747342355,
            50.33367210961274,
            92.41022732636814
        ],
        [
            28.67954749524058,
            73.87678357142511,
            67.7623143663927,
            75.88214398694979,
            43.51265572375873,
            30.270005669774704,
            49.050205991586616,
            75.40416044680053,
            88.1947426674451,
            0.0,
            44.043687864019226,
            68.87328437055332,
            55.744821995825774,
            71.62240463663976,
            67.5023175050274,
            55.365980079150326,
            18.624905270488885,
            12.740397256121174,
            61.84730323077464,
            76.44560387779359,
            47.395274846149526,
            28.67954749524058
        ],
        [
            19.697084088997297,
            102.21715192590851,
            98.72528957368736,
            92.38398613588438,
            25.286455186216056,
            35.951034518192536,
            67.69874573120495,
            110.56504870496185,
            83.526283485235,
            44.043687864019226,
            0.0,
            71.39137285488366,
            65.7949395755336,
            95.95902907865646,
            103.08238952063518,
            13.004144341719924,
            54.369998065945936,
            46.23943172740163,
            50.960437940368,
            91.46502538303733,
            67.82404765098147,
            19.697084088997297
        ],
        [
            76.79405974703616,
            52.6592344019557,
            55.3130275534309,
            28.88827659945286,
            46.175824786371095,
            41.95820412493913,
            27.111263746594368,
            71.2515796139516,
            20.71991902794619,
            68.87328437055332,
            71.39137285488366,
            0.0,
            15.01859916974746,
            42.299167221916306,
            67.31844889579459,
            69.85451753958583,
            55.70820045972603,
            56.81142397603665,
            24.154155526788916,
            26.455914692206893,
            29.813740065406673,
            76.79405974703616
        ],
        [
            67.60691700113338,
            43.9663350918934,
            44.696545342532694,
            26.783029585080126,
            41.906432128645314,
            32.09438416082693,
            12.480730331112998,
            60.3690680173723,
            35.73437642895857,
            55.744821995825774,
            65.7949395755336,
            15.01859916974746,
            0.0,
            34.664191939958485,
            55.42711655646554,
            66.99355566623333,
            41.266317041256265,
            43.2670008492923,
            28.22508782675579,
            25.681707301565048,
            15.13164082869476,
            67.60691700113338
        ],
        [
            92.63442454927956,
            10.571693578358067,
            15.976668573345528,
            16.757448583722272,
            74.44080729142347,
            60.030490926483594,
            28.365557621649025,
            30.79948657158199,
            57.431100046218305,
            71.62240463663976,
            95.95902907865646,
            42.299167221916306,
            34.664191939958485,
            0.0,
            29.409250609640686,
            99.48082550615096,
            53.06716502666755,
            59.63396766226949,
            62.61204636621577,
            19.729248257064825,
            28.145570650263284,
            92.63442454927956
        ],
        [
            94.1162188061029,
            20.70046608219518,
            13.433130489631477,
            45.94678012993954,
            86.67505663449683,
            68.96052644137221,
            44.18777591451449,
            7.9045917602187625,
            85.07243944500671,
            67.5023175050274,
            103.08238952063518,
            67.31844889579459,
            55.42711655646554,
            29.409250609640686,
            0.0,
            109.88365771438829,
            50.39118019554121,
            58.68342354431028,
            82.86276954623759,
            48.81796549322824,
            42.204565040607115,
            94.1162188061029
        ],
        [
            32.6860444526177,
            106.73312493485693,
            104.15212577480257,
            93.75018415295655,
            25.16477241313031,
            41.00742535946908,
            71.17712891961988,
            117.06935407487913,
            79.02667837990805,
            55.365980079150326,
            13.004144341719924,
            69.85451753958583,
            66.99355566623333,
            99.48082550615096,
            109.88365771438829,
            0.0,
            63.27143602500359,
            55.589802090650345,
            47.13132055896452,
            92.43820834588811,
            71.78209139085136,
            32.6860444526177
        ],
        [
            43.72850128215069,
            55.30884139461806,
            49.41950026009553,
            58.31184724322163,
            44.419547802088765,
            26.44024274722727,
            32.34585885019156,
            58.21478233301804,
            76.10377101361223,
            18.624905270488885,
            54.369998065945936,
            55.70820045972603,
            41.266317041256265,
            53.06716502666755,
            50.39118019554121,
            63.27143602500359,
            0.0,
            8.363468139908859,
            54.83957740057156,
            59.16352558936734,
            30.296563769425326,
            43.72850128215069
        ],
        [
            35.444088870370514,
            62.68914670354264,
            57.186230828149185,
            63.208609777160014,
            38.37373519862346,
            21.64783438773511,
            36.31434002239648,
            66.48262614977574,
            76.57933190666006,
            12.740397256121174,
            46.23943172740163,
            56.81142397603665,
            43.2670008492923,
            59.63396766226949,
            58.68342354431028,
            55.589802090650345,
            8.363468139908859,
            0.0,
            52.30016416613619,
            63.72793088573019,
            34.69430007648017,
            35.444088870370514
        ],
        [
            60.78255076317631,
            72.16037848348974,
            72.77916641996924,
            51.86963017256538,
            26.259758426243398,
            31.578389889906628,
            38.68164222749152,
            88.26821290064645,
            32.56684168839493,
            61.84730323077464,
            50.960437940368,
            24.154155526788916,
            28.22508782675579,
            62.61204636621577,
            82.86276954623759,
            47.13132055896452,
            54.83957740057156,
            52.30016416613619,
            0.0,
            49.802173463720194,
            40.78531451728456,
            60.78255076317631
        ],
        [
            92.27511413558534,
            30.07134179491168,
            35.45461871930309,
            3.0216409388943246,
            67.4685315526139,
            57.09740632743795,
            27.46358612117903,
            50.52463191790015,
            38.263143747342355,
            76.44560387779359,
            91.46502538303733,
            26.455914692206893,
            25.681707301565048,
            19.729248257064825,
            48.81796549322824,
            92.43820834588811,
            59.16352558936734,
            63.72793088573019,
            49.802173463720194,
            0.0,
            29.06048915552604,
            92.27511413558534
        ],
        [
            65.16206831872098,
            34.97749941513028,
            33.31437853228176,
            28.530212277984408,
            47.0235753536825,
            31.885974069326455,
            2.7038920485130884,
            48.059294989167235,
            50.33367210961274,
            47.395274846149526,
            67.82404765098147,
            29.813740065406673,
            15.13164082869476,
            28.145570650263284,
            42.204565040607115,
            71.78209139085136,
            30.296563769425326,
            34.69430007648017,
            40.78531451728456,
            29.06048915552604,
            0.0,
            65.16206831872098
        ],
        [
            0.0,
            97.08635209793458,
            92.1975444630715,
            92.5616712845311,
            35.107852445129055,
            35.52710962217079,
            65.82686620337705,
            101.92521933759774,
            92.41022732636814,
            28.67954749524058,
            19.697084088997297,
            76.79405974703616,
            67.60691700113338,
            92.63442454927956,
            94.1162188061029,
            32.6860444526177,
            43.72850128215069,
            35.444088870370514,
            60.78255076317631,
            92.27511413558534,
            65.16206831872098,
            0.0
        ]
    ],
    "scores_ave": [
        0,
        19.30310615527999,
        16.6127885196734,
        13.72838386358639,
        10.232386421608954,
        18.901674638512183,
        17.63489254573328,
        12.45526190080334,
        16.623228980794917,
        18.45826406064564,
        18.0608422742063,
        18.928976750461775,
        10.783775050000298,
        16.31009632545636,
        19.2036756838275,
        15.700900953566082,
        16.941683269641352,
        17.629031156944798,
        10.692991562165524,
        12.827418575338378,
        10.464960078404275,
        0
    ],
    "scores_var": [
        0,
        19.161750357259617,
        20.095706179022407,
        19.953769445191885,
        227.40200665533428,
        20.65217453548805,
        264.99549849793874,
        18.122601692511164,
        18.4805839006979,
        256.8491625251635,
        24.216349960434236,
        20.25729792547653,
        20.93521049494762,
        370.8274235174746,
        23.466617919548227,
        18.837353563546323,
        296.23964275301466,
        352.6854266531838,
        270.2542827935509,
        381.6882805343989,
        240.8622658021965,
        0
    ],
    "vertex_number": 22,
    "minimum_distances": {
        "cost": 383.2492691452631,
        "path": [
            0,
            10,
            15,
            4,
            5,
            18,
            8,
            11,
            12,
            6,
            20,
            19,
            3,
            13,
            1,
            2,
            7,
            14,
            16,
            17,
            9,
            21
        ]
    }
}