{
    "vertices": [
        [
            27.2773729691315,
            53.79402463343021
        ],
        [
            59.722606850277536,
            99.7460341255892
        ],
        [
            98.70261042458345,
            89.23108521843483
        ],
        [
            76.04626517657096,
            85.09340259927919
        ],
        [
            94.12624598444457,
            35.20695510394851
        ],
        [
            18.626484979103907,
            1.3642122848757543
        ],
        [
            8.97283007712778,
            0.2066704200720748
        ],
        [
            90.8279382070846,
            89.05955417268856
        ],
        [
            68.07794966484722,
            44.68177433354283
        ],
        [
            17.835964320913035,
            74.19902325370975
        ],
        [
            33.094321663523814,
            31.00974633072703
        ],
        [
            77.54229053332078,
            96.44530406728123
        ],
        [
            81.59759123540134,
            45.482048768706804
        ],
        [
            7.257745950628025,
            48.34082299309198
        ],
        [
            58.783850274377414,
            52.235548833203715
        ],
        [
            69.53280057096441,
            21.46697422786483
        ],
        [
            85.53467342158463,
            55.89185846040934
        ],
        [
            27.2773729691315,
            53.79402463343021
        ]
    ],
    "distances": [
        [
            0.0,
            56.25193665972521,
            79.73299071571934,
            57.948735173340246,
            69.38480364684503,
            53.13871550875724,
            56.62738579585955,
            72.67965269418696,
            41.805743196728116,
            22.483419801183814,
            23.515106418815616,
            65.92187478431714,
            54.95247997380045,
            20.749045136829356,
            31.544998953968403,
            53.20300132264821,
            58.29505950569923,
            0.0
        ],
        [
            56.25193665972521,
            0.0,
            40.3733182829077,
            21.9353922189548,
            73.13619559859244,
            106.62023307772422,
            111.73014261793345,
            32.88985394617179,
            55.694564007584766,
            49.06261903802827,
            73.7139256301359,
            18.122801811020707,
            58.50722219231877,
            73.45105418437633,
            47.51975880227901,
            78.89138811878598,
            50.886653495332574,
            56.25193665972521
        ],
        [
            79.73299071571934,
            40.3733182829077,
            0.0,
            23.031074604846413,
            54.21761472174809,
            118.88134094752799,
            126.39928762217608,
            7.876540194317752,
            54.060252931036906,
            82.25191389242933,
            87.71642865525192,
            22.35629869856854,
            46.97403401605955,
            100.17073815999049,
            54.42588652801751,
            73.77569074728193,
            35.84548236163085,
            79.73299071571934
        ],
        [
            57.948735173340246,
            21.9353922189548,
            23.031074604846413,
            0.0,
            53.06169380746776,
            101.52639296572602,
            108.18781352862092,
            15.304516192427387,
            41.189728709745566,
            59.22099819347339,
            69.06454464428832,
            11.450054969617629,
            39.99845713652279,
            77.99110516595498,
            37.11643197248725,
            63.958952527939445,
            30.704398237360188,
            57.948735173340246
        ],
        [
            69.38480364684503,
            73.13619559859244,
            54.21761472174809,
            53.06169380746776,
            0.0,
            82.73780969654356,
            92.06586864108147,
            53.95351017915938,
            27.717971437084618,
            85.67723416927393,
            61.17607659698851,
            63.444172010987515,
            16.203232382468613,
            87.85576124452317,
            39.23082893494608,
            28.171344159996575,
            22.398221937667554,
            69.38480364684503
        ],
        [
            53.13871550875724,
            106.62023307772422,
            118.88134094752799,
            101.52639296572602,
            82.73780969654356,
            0.0,
            9.72280598053982,
            113.59367428273751,
            65.74084378379578,
            72.8391008440989,
            32.987512594780064,
            111.85475474308863,
            76.88786457664145,
            48.33270301492444,
            64.81131745051388,
            54.73183721450057,
            86.31320801649474,
            53.13871550875724
        ],
        [
            56.62738579585955,
            111.73014261793345,
            126.39928762217608,
            108.18781352862092,
            92.06586864108147,
            9.72280598053982,
            0.0,
            120.81015552561342,
            73.96925056800724,
            74.52129512079678,
            39.123852595445484,
            118.16787005584536,
            85.58163247980434,
            48.16469824969042,
            72.02875760430167,
            64.18341331071456,
            94.67077702960334,
            56.62738579585955
        ],
        [
            72.67965269418696,
            32.88985394617179,
            7.876540194317752,
            15.304516192427387,
            53.95351017915938,
            113.59367428273751,
            120.81015552561342,
            0.0,
            49.869322455028616,
            74.48935246727197,
            81.87154981852716,
            15.200583397253592,
            44.544340633258024,
            92.96231549750343,
            48.81424936103677,
            70.86776242085459,
            33.58741864079107,
            72.67965269418696
        ],
        [
            41.805743196728116,
            55.694564007584766,
            54.060252931036906,
            41.189728709745566,
            27.717971437084618,
            65.74084378379578,
            73.96925056800724,
            49.869322455028616,
            0.0,
            58.27113414989615,
            37.56033250444888,
            52.621637741239844,
            13.543306367642723,
            60.93017164699334,
            11.976635281733277,
            23.260342540590784,
            20.74616086051741,
            41.805743196728116
        ],
        [
            22.483419801183814,
            49.06261903802827,
            82.25191389242933,
            59.22099819347339,
            85.67723416927393,
            72.8391008440989,
            74.52129512079678,
            74.48935246727197,
            58.27113414989615,
            0.0,
            45.805361148285826,
            63.716107852086566,
            69.93003425106204,
            27.93823946865028,
            46.466370341120346,
            73.84600106118637,
            70.13036073389623,
            22.483419801183814
        ],
        [
            23.515106418815616,
            73.7139256301359,
            87.71642865525192,
            69.06454464428832,
            61.17607659698851,
            32.987512594780064,
            39.123852595445484,
            81.87154981852716,
            37.56033250444888,
            45.805361148285826,
            0.0,
            79.10394524260063,
            50.61634812013383,
            31.111008708252577,
            33.32396393171153,
            37.66732329878456,
            58.044034978137375,
            23.515106418815616
        ],
        [
            65.92187478431714,
            18.122801811020707,
            22.35629869856854,
            11.450054969617629,
            63.444172010987515,
            111.85475474308863,
            118.16787005584536,
            15.200583397253592,
            52.621637741239844,
            63.716107852086566,
            79.10394524260063,
            0.0,
            51.124346982743646,
            85.17017263463516,
            48.02480128855706,
            75.40491943477831,
            41.33352313585342,
            65.92187478431714
        ],
        [
            54.95247997380045,
            58.50722219231877,
            46.97403401605955,
            39.99845713652279,
            16.203232382468613,
            76.88786457664145,
            85.58163247980434,
            44.544340633258024,
            13.543306367642723,
            69.93003425106204,
            50.61634812013383,
            51.124346982743646,
            0.0,
            74.39479274136089,
            23.79236305535582,
            26.875322862784007,
            11.12945434233978,
            54.95247997380045
        ],
        [
            20.749045136829356,
            73.45105418437633,
            100.17073815999049,
            77.99110516595498,
            87.85576124452317,
            48.33270301492444,
            48.16469824969042,
            92.96231549750343,
            60.93017164699334,
            27.93823946865028,
            31.111008708252577,
            85.17017263463516,
            74.39479274136089,
            0.0,
            51.67309083218788,
            67.82614669448782,
            78.64029190511748,
            20.749045136829356
        ],
        [
            31.544998953968403,
            47.51975880227901,
            54.42588652801751,
            37.11643197248725,
            39.23082893494608,
            64.81131745051388,
            72.02875760430167,
            48.81424936103677,
            11.976635281733277,
            46.466370341120346,
            33.32396393171153,
            48.02480128855706,
            23.79236305535582,
            51.67309083218788,
            0.0,
            32.592102045170435,
            26.99953960983694,
            31.544998953968403
        ],
        [
            53.20300132264821,
            78.89138811878598,
            73.77569074728193,
            63.958952527939445,
            28.171344159996575,
            54.73183721450057,
            64.18341331071456,
            70.86776242085459,
            23.260342540590784,
            73.84600106118637,
            37.66732329878456,
            75.40491943477831,
            26.875322862784007,
            67.82614669448782,
            32.592102045170435,
            0.0,
            37.962252161212824,
            53.20300132264821
        ],
        [
            58.29505950569923,
            50.886653495332574,
            35.84548236163085,
            30.704398237360188,
            22.398221937667554,
            86.31320801649474,
            94.67077702960334,
            33.58741864079107,
            20.74616086051741,
            70.13036073389623,
            58.044034978137375,
            41.33352313585342,
            11.12945434233978,
            78.64029190511748,
            26.99953960983694,
            37.962252161212824,
            0.0,
            58.29505950569923
        ],
        [
            0.0,
            56.25193665972521,
            79.73299071571934,
            57.948735173340246,
            69.38480364684503,
            53.13871550875724,
            56.62738579585955,
            72.67965269418696,
            41.805743196728116,
            22.483419801183814,
            23.515106418815616,
            65.92187478431714,
            54.95247997380045,
            20.749045136829356,
            31.544998953968403,
            53.20300132264821,
            58.29505950569923,
            0.0
        ]
    ],
    "scores_ave": [
        0,
        15.566592112863177,
        19.294998966277436,
        18.053563457454903,
        18.51586958368299,
        14.813527322112972,
        13.282794022946756,
        18.40420593765638,
        17.633823605665416,
        10.758401934549765,
        18.446231371841975,
        12.780134480575033,
        17.4499920321511,
        16.06512541872982,
        14.521992120458567,
        12.049334863473193,
        12.598262464200948,
        0
    ],
    "scores_var": [
        0,
        17.568016364618128,
        289.78516607642683,
        395.7087311044064,
        293.272029360181,
        18.596644035412464,
        20.317721123279338,
        284.7160175392401,
        392.7961226817804,
        22.751098685127584,
        381.7435737285806,
        290.2658092163721,
        353.79830997622935,
        323.154802318735,
        338.71323511603373,
        18.264409613972376,
        19.946121363818463,
        0
    ],
    "vertex_number": 18,
    "minimum_distances": {
        "cost": 395.83446896890655,
        "path": [
            0,
            13,
            6,
            5,
            10,
            14,
            8,
            15,
            4,
            12,
            16,
            2,
            7,
            3,
            11,
            1,
            9,
            17
        ]
    }
}