{
    "vertices": [
        [
            41.501813869868045,
            30.474584330061425
        ],
        [
            70.8218309465306,
            12.688427881828346
        ],
        [
            78.20432565854321,
            12.828221781032322
        ],
        [
            38.810727492015964,
            39.31342855834061
        ],
        [
            28.255854678410806,
            33.286201910329936
        ],
        [
            23.772659186635536,
            61.72394341544391
        ],
        [
            30.31358760544188,
            64.24338226026929
        ],
        [
            48.49844300411908,
            51.857861212337205
        ],
        [
            85.71762889436118,
            45.82930990776497
        ],
        [
            66.54260315081345,
            27.267327571439147
        ],
        [
            88.86504957852749,
            27.406359114781875
        ],
        [
            21.301040244049062,
            26.911670934056964
        ],
        [
            96.38902232377731,
            56.96356539678277
        ],
        [
            83.97691308610615,
            13.457258725855292
        ],
        [
            0.33520029364982884,
            83.75137552429125
        ],
        [
            16.227254205332176,
            54.691922302310914
        ],
        [
            21.13233461746551,
            36.9974011055906
        ],
        [
            12.764429182137016,
            21.421536907958792
        ],
        [
            4.87653071587022,
            58.477972725460425
        ],
        [
            7.650341029037577,
            75.91470079133677
        ],
        [
            85.80560846658423,
            19.799682156886433
        ],
        [
            41.501813869868045,
            30.474584330061425
        ]
    ],
    "distances": [
        [
            0.0,
            34.293013320161975,
            40.72429843238084,
            9.239432514221061,
            13.541071904373945,
            35.92833657475896,
            35.57398094949743,
            22.49882995771825,
            46.806045505327376,
            25.245348556287325,
            47.46251260485174,
            20.512571924286135,
            60.944825619703025,
            45.75722264461471,
            67.32834880856086,
            35.00404011965391,
            21.38838057687356,
            30.12963568179139,
            46.104241971147125,
            56.66327203319403,
            45.57169902554517,
            0.0
        ],
        [
            34.293013320161975,
            0.0,
            7.383818152361885,
            41.63653930623818,
            47.28774292126187,
            67.95665049823718,
            65.56547185481078,
            45.084123110698094,
            36.334595882707205,
            15.193949673714604,
            23.28465671595759,
            51.5229012646003,
            51.1269897108062,
            13.17752962302521,
            100.09149628430507,
            68.88295400955242,
            55.317015688030054,
            58.710553505264215,
            80.28365362574706,
            89.37672361651865,
            16.585642168303178,
            34.293013320161975
        ],
        [
            40.72429843238084,
            7.383818152361885,
            0.0,
            47.46916635609473,
            53.97572328578715,
            73.16828485798244,
            70.26408412821203,
            49.0484680537128,
            33.84555425845066,
            18.560267990356465,
            18.06026363649732,
            58.620196442942884,
            47.73480647166111,
            5.8067592585546315,
            105.32660832849135,
            74.7912214584822,
            61.97871723919033,
            66.00170540003813,
            86.37630040956266,
            94.645488962856,
            10.31410491026361,
            40.72429843238084
        ],
        [
            9.239432514221061,
            41.63653930623818,
            47.46916635609473,
            0.0,
            12.154538295545054,
            26.988417414100724,
            26.33826072147353,
            15.849751495026647,
            47.357302593466116,
            30.235169530558828,
            51.45107833927259,
            21.456764427403595,
            60.22281433268432,
            52.043499493463386,
            58.78007590792014,
            27.32235962583931,
            17.82945758537954,
            31.59951649117761,
            38.97190608599567,
            48.06893813676419,
            50.88521530301414,
            9.239432514221061
        ],
        [
            13.541071904373945,
            47.28774292126187,
            53.97572328578715,
            12.154538295545054,
            0.0,
            28.78895940684825,
            31.02549403341805,
            27.47123789263844,
            58.81483702502438,
            38.7569601090744,
            60.89373578407461,
            9.434197845279169,
            72.13006360084003,
            59.14408962767894,
            57.674055598341006,
            24.553861098422335,
            8.032280966549505,
            19.512932622368485,
            34.36885371593712,
            47.347398129173975,
            59.108885762966324,
            13.541071904373945
        ],
        [
            35.92833657475896,
            67.95665049823718,
            73.16828485798244,
            26.988417414100724,
            28.78895940684825,
            0.0,
            7.009373486465355,
            26.621494387569417,
            63.95168994197478,
            54.92291399880599,
            73.58475303460298,
            34.89990280094894,
            72.77222955321484,
            77.16362509962897,
            32.16398987486274,
            10.314187184040525,
            24.867110978791423,
            41.7787637218542,
            19.172897457189393,
            21.478052464696848,
            74.87142631501334,
            35.92833657475896
        ],
        [
            35.57398094949743,
            65.56547185481078,
            70.26408412821203,
            26.33826072147353,
            31.02549403341805,
            7.009373486465355,
            0.0,
            22.002047575159178,
            58.38395200521748,
            51.766496769031335,
            69.17542897161437,
            38.4042013389811,
            66.47524958044843,
            73.88492975767433,
            35.76682131536071,
            17.01925897292618,
            28.751328586872837,
            46.27832538827921,
            26.082250867349813,
            25.49200701468091,
            71.09575836948989,
            35.57398094949743
        ],
        [
            22.49882995771825,
            45.084123110698094,
            49.0484680537128,
            15.849751495026647,
            27.47123789263844,
            26.621494387569417,
            22.002047575159178,
            0.0,
            37.70426009304859,
            30.500591144167885,
            47.1946912391619,
            36.90543491538378,
            48.16197465627361,
            52.281240523568805,
            57.76585672829918,
            32.39539363472302,
            31.140603122198492,
            46.9392115505885,
            44.12139059605742,
            47.40568494913218,
            49.18893614620157,
            22.49882995771825
        ],
        [
            46.806045505327376,
            36.334595882707205,
            33.84555425845066,
            47.357302593466116,
            58.81483702502438,
            63.95168994197478,
            58.38395200521748,
            37.70426009304859,
            0.0,
            26.687615114876607,
            18.68987353846447,
            67.13697906283151,
            15.422395501999961,
            32.41881844314023,
            93.42506181094929,
            70.05325169381935,
            65.18637012384673,
            76.92794505939783,
            81.82464070058705,
            83.66380447520066,
            26.02977643496837,
            46.806045505327376
        ],
        [
            25.245348556287325,
            15.193949673714604,
            18.560267990356465,
            30.235169530558828,
            38.7569601090744,
            54.92291399880599,
            51.766496769031335,
            30.500591144167885,
            26.687615114876607,
            0.0,
            22.32287939062091,
            45.242960843543756,
            42.10315045727141,
            22.24124916544958,
            87.02797174604756,
            57.30395043675526,
            46.44100364172554,
            54.094965236022304,
            69.11446202121448,
            76.3862910411022,
            20.659842734950903,
            25.245348556287325
        ],
        [
            47.46251260485174,
            23.28465671595759,
            18.06026363649732,
            51.45107833927259,
            60.89373578407461,
            73.58475303460298,
            69.17542897161437,
            47.1946912391619,
            18.68987353846447,
            22.32287939062091,
            0.0,
            67.56582030690988,
            30.499813262838433,
            14.78077399965553,
            104.93948298229333,
            77.59350021193035,
            68.40839687104155,
            76.33559144699676,
            89.55175304322212,
            94.59856286956997,
            8.198884939991904,
            47.46251260485174
        ],
        [
            20.512571924286135,
            51.5229012646003,
            58.620196442942884,
            21.456764427403595,
            9.434197845279169,
            34.89990280094894,
            38.4042013389811,
            36.90543491538378,
            67.13697906283151,
            45.242960843543756,
            67.56582030690988,
            0.0,
            80.87843602348157,
            64.10371474713392,
            60.58315329141309,
            28.239788789048227,
            10.087141055890157,
            10.149645316309336,
            35.5836468342861,
            50.86883647433044,
            64.89545212064012,
            20.512571924286135
        ],
        [
            60.944825619703025,
            51.1269897108062,
            47.73480647166111,
            60.22281433268432,
            72.13006360084003,
            72.77222955321484,
            66.47524958044843,
            48.16197465627361,
            15.422395501999961,
            42.10315045727141,
            30.499813262838433,
            80.87843602348157,
            0.0,
            45.24222779519893,
            99.71922331237266,
            80.1939488379518,
            77.86023863968192,
            90.86423040561807,
            91.52502144137645,
            90.73973270112774,
            38.641465633969865,
            60.944825619703025
        ],
        [
            45.75722264461471,
            13.17752962302521,
            5.8067592585546315,
            52.043499493463386,
            59.14408962767894,
            77.16362509962897,
            73.88492975767433,
            52.281240523568805,
            32.41881844314023,
            22.24124916544958,
            14.78077399965553,
            64.10371474713392,
            45.24222779519893,
            0.0,
            109.2574893328961,
            79.31149827562655,
            67.10871289303157,
            71.65645533191683,
            91.0150272216175,
            98.6239203811421,
            6.600792510984928,
            45.75722264461471
        ],
        [
            67.32834880856086,
            100.09149628430507,
            105.32660832849135,
            58.78007590792014,
            57.674055598341006,
            32.16398987486274,
            35.76682131536071,
            57.76585672829918,
            93.42506181094929,
            87.02797174604756,
            104.93948298229333,
            60.58315329141309,
            99.71922331237266,
            109.2574893328961,
            0.0,
            33.12112919410028,
            51.170840524925396,
            63.557017808425,
            25.678173047078996,
            10.720296397425601,
            106.74741101219541,
            67.32834880856086
        ],
        [
            35.00404011965391,
            68.88295400955242,
            74.7912214584822,
            27.32235962583931,
            24.553861098422335,
            10.314187184040525,
            17.01925897292618,
            32.39539363472302,
            70.05325169381935,
            57.30395043675526,
            77.59350021193035,
            28.239788789048227,
            80.1939488379518,
            79.31149827562655,
            33.12112919410028,
            0.0,
            18.361805309682342,
            33.450107644520145,
            11.965496293127753,
            22.89038589512974,
            77.83711071250181,
            35.00404011965391
        ],
        [
            21.38838057687356,
            55.317015688030054,
            61.97871723919033,
            17.82945758537954,
            8.032280966549505,
            24.867110978791423,
            28.751328586872837,
            31.140603122198492,
            65.18637012384673,
            46.44100364172554,
            68.40839687104155,
            10.087141055890157,
            77.86023863968192,
            67.10871289303157,
            51.170840524925396,
            18.361805309682342,
            0.0,
            17.681328764481147,
            26.9381906891216,
            41.186409966742566,
            66.92080309889982,
            21.38838057687356
        ],
        [
            30.12963568179139,
            58.710553505264215,
            66.00170540003813,
            31.59951649117761,
            19.512932622368485,
            41.7787637218542,
            46.27832538827921,
            46.9392115505885,
            76.92794505939783,
            54.094965236022304,
            76.33559144699676,
            10.149645316309336,
            90.86423040561807,
            71.65645533191683,
            63.557017808425,
            33.450107644520145,
            17.681328764481147,
            0.0,
            37.8866517088902,
            54.7326119206672,
            73.05918343436598,
            30.12963568179139
        ],
        [
            46.104241971147125,
            80.28365362574706,
            86.37630040956266,
            38.97190608599567,
            34.36885371593712,
            19.172897457189393,
            26.082250867349813,
            44.12139059605742,
            81.82464070058705,
            69.11446202121448,
            89.55175304322212,
            35.5836468342861,
            91.52502144137645,
            91.0150272216175,
            25.678173047078996,
            11.965496293127753,
            26.9381906891216,
            37.8866517088902,
            0.0,
            17.6559765885876,
            89.69685494424068,
            46.104241971147125
        ],
        [
            56.66327203319403,
            89.37672361651865,
            94.645488962856,
            48.06893813676419,
            47.347398129173975,
            21.478052464696848,
            25.49200701468091,
            47.40568494913218,
            83.66380447520066,
            76.3862910411022,
            94.59856286956997,
            50.86883647433044,
            90.73973270112774,
            98.6239203811421,
            10.720296397425601,
            22.89038589512974,
            41.186409966742566,
            54.7326119206672,
            17.6559765885876,
            0.0,
            96.21403818871313,
            56.66327203319403
        ],
        [
            45.57169902554517,
            16.585642168303178,
            10.31410491026361,
            50.88521530301414,
            59.108885762966324,
            74.87142631501334,
            71.09575836948989,
            49.18893614620157,
            26.02977643496837,
            20.659842734950903,
            8.198884939991904,
            64.89545212064012,
            38.641465633969865,
            6.600792510984928,
            106.74741101219541,
            77.83711071250181,
            66.92080309889982,
            73.05918343436598,
            89.69685494424068,
            96.21403818871313,
            0.0,
            45.57169902554517
        ],
        [
            0.0,
            34.293013320161975,
            40.72429843238084,
            9.239432514221061,
            13.541071904373945,
            35.92833657475896,
            35.57398094949743,
            22.49882995771825,
            46.806045505327376,
            25.245348556287325,
            47.46251260485174,
            20.512571924286135,
            60.944825619703025,
            45.75722264461471,
            67.32834880856086,
            35.00404011965391,
            21.38838057687356,
            30.12963568179139,
            46.104241971147125,
            56.66327203319403,
            45.57169902554517,
            0.0
        ]
    ],
    "scores_ave": [
        0,
        15.287500259915962,
        17.03503365328598,
        13.769691782728065,
        10.614852506338817,
        19.413413247848094,
        17.42077081843122,
        12.696374757810919,
        18.212883241585,
        15.005298782950621,
        16.410731252503567,
        18.658007338539853,
        14.623519770503353,
        13.023975299553209,
        15.540319114822827,
        16.183884765434435,
        10.210587237229227,
        19.237390040684435,
        13.832248911795824,
        10.872806463939336,
        14.348950780641749,
        0
    ],
    "scores_var": [
        0,
        22.341840166559585,
        300.62276770752544,
        17.604466312202376,
        297.0685562719384,
        16.571158419383856,
        280.22504583635873,
        285.4995610543518,
        24.81867203366664,
        21.668996360604684,
        364.3385487383234,
        311.7533222900531,
        265.99642601302946,
        19.481618296750607,
        305.12287852870924,
        23.616406262801043,
        21.924869770218393,
        23.500346202890327,
        16.75460245344642,
        23.69159794889047,
        295.4189836992913,
        0
    ],
    "vertex_number": 22,
    "minimum_distances": {
        "cost": 348.99950149143547,
        "path": [
            0,
            4,
            11,
            17,
            16,
            15,
            18,
            14,
            19,
            5,
            6,
            7,
            3,
            9,
            8,
            12,
            10,
            20,
            13,
            2,
            1,
            21
        ]
    }
}