{
    "vertices": [
        [
            5.188031563608131,
            58.8354174457424
        ],
        [
            90.6668551100555,
            33.71069744785843
        ],
        [
            77.3199387475011,
            38.665919988538214
        ],
        [
            59.271081546689,
            94.21870830307041
        ],
        [
            31.387260365520987,
            74.64002171953264
        ],
        [
            31.950991790874404,
            17.128036530870403
        ],
        [
            81.04359202945732,
            9.087679913100033
        ],
        [
            77.50365730949821,
            82.10564683112811
        ],
        [
            7.008755221346863,
            57.396971307847785
        ],
        [
            40.66475347604105,
            90.16665218869382
        ],
        [
            78.20168864385258,
            19.692758717828763
        ],
        [
            53.79921739619182,
            46.100433236733565
        ],
        [
            55.2188349637279,
            74.13995502047607
        ],
        [
            75.92452613192067,
            86.77955648592636
        ],
        [
            23.855429688594587,
            47.9784813797515
        ],
        [
            25.597258318915905,
            89.85058674173014
        ],
        [
            18.05656599290212,
            59.69956314066322
        ],
        [
            55.05739486115535,
            83.36372927692875
        ],
        [
            67.25203893976041,
            78.9691340303952
        ],
        [
            19.112280399720593,
            51.25134006038753
        ],
        [
            44.928086892316,
            84.83701633358982
        ],
        [
            28.274158756032076,
            82.50421568611992
        ],
        [
            79.70478395884376,
            36.55321542341138
        ],
        [
            93.18512242130808,
            4.286843326385725
        ],
        [
            5.188031563608131,
            58.8354174457424
        ]
    ],
    "distances": [
        [
            0.0,
            89.09478564908697,
            74.8987360484936,
            64.62935530675435,
            30.597142122526556,
            49.55564208951858,
            90.71330356240354,
            75.96744896775267,
            2.320379695108851,
            47.331216635218915,
            82.84408157811542,
            50.25163888724118,
            52.31930962118929,
            76.05607517161296,
            21.595018256481328,
            37.1278502368283,
            12.8975162779496,
            55.57509763365843,
            65.24804636997347,
            15.855690947954,
            47.49057951060684,
            33.063292015292035,
            77.7768790483189,
            103.53277228913194,
            0.0
        ],
        [
            89.09478564908697,
            0.0,
            14.237078591364286,
            68.16827689839779,
            72.03665690752246,
            61.01259909563399,
            26.43672038728373,
            50.15317439749782,
            86.94663447402415,
            75.41541615291639,
            18.758544220408346,
            38.893807521491595,
            53.76882926164106,
            55.078490023800384,
            68.31790559710258,
            85.940325787663,
            77.12117235672217,
            61.10202311737861,
            50.95664527992609,
            73.67313828823482,
            68.59982070589973,
            79.20641375793329,
            11.324615329695314,
            29.5314215982338,
            89.09478564908697
        ],
        [
            74.8987360484936,
            14.237078591364286,
            0.0,
            58.41124494285781,
            58.343353851954376,
            50.221726093288424,
            29.811707091753075,
            43.44011533903711,
            72.76341671729793,
            63.21335321304515,
            18.99363923749382,
            24.667718178289782,
            41.795525477116186,
            48.13386742586266,
            54.269489849960934,
            72.76747749752536,
            62.88530428090079,
            49.93510804506987,
            41.54168591478255,
            59.552701775123936,
            56.40037415046371,
            65.7821001841701,
            3.1860645413380753,
            37.86324028851452,
            74.8987360484936
        ],
        [
            64.62935530675435,
            68.16827689839779,
            58.41124494285781,
            0.0,
            34.07099135628072,
            81.78850150574249,
            87.8711227164886,
            21.889565486085623,
            63.93114317984542,
            19.042442149751658,
            76.8926852610127,
            48.428397584900026,
            20.483579661582915,
            18.239468092899525,
            58.24454465830919,
            33.95595465820327,
            53.76065173597397,
            11.644128354746822,
            17.21177493484792,
            58.81261806163763,
            17.138775915029317,
            33.13666488593163,
            61.17879749817339,
            96.11400785853215,
            64.62935530675435
        ],
        [
            30.597142122526556,
            72.03665690752246,
            58.343353851954376,
            34.07099135628072,
            0.0,
            57.514747964855374,
            82.23661465932446,
            46.71678098286906,
            29.860246157130543,
            18.08723671934526,
            72.18581859621368,
            36.287793108870005,
            23.836820562596145,
            46.16206609643246,
            27.70498523074262,
            16.275300672927337,
            20.02310452959493,
            25.226540400704767,
            36.12510976563649,
            26.414116735443418,
            16.95089030664368,
            8.457951783683225,
            61.523880729596094,
            93.64051187752042,
            30.597142122526556
        ],
        [
            49.55564208951858,
            61.01259909563399,
            50.221726093288424,
            81.78850150574249,
            57.514747964855374,
            0.0,
            49.74666554379534,
            79.35449058612735,
            47.36773451583615,
            73.55657020224044,
            46.32175254977257,
            36.28697745724709,
            61.57719850546909,
            82.3711475851389,
            31.894953725091426,
            72.9995838221267,
            44.78158043374146,
            70.15035891851542,
            71.20733999914337,
            36.45863894816835,
            68.94135872752237,
            65.47949222547003,
            51.55348912953255,
            62.566085037981395,
            49.55564208951858
        ],
        [
            90.71330356240354,
            26.43672038728373,
            29.811707091753075,
            87.8711227164886,
            82.23661465932446,
            49.74666554379534,
            0.0,
            73.10372514902244,
            88.40217585708055,
            90.57731696285424,
            10.97925823121117,
            45.9586755439478,
            69.99083207213411,
            77.86033984687327,
            69.15909448975869,
            97.96398849245935,
            80.80178322766258,
            78.69062175613932,
            71.2293799367477,
            74.9217031119523,
            83.91836318384327,
            90.41349906352252,
            27.49814626330498,
            13.056216610816874,
            90.71330356240354
        ],
        [
            75.96744896775267,
            50.15317439749782,
            43.44011533903711,
            21.889565486085623,
            46.71678098286906,
            79.35449058612735,
            73.10372514902244,
            0.0,
            74.69973136854507,
            37.71053755948605,
            62.416791413745095,
            43.107724105797175,
            23.66570415189104,
            4.9334659963573,
            63.58298316853276,
            52.4810284806649,
            63.52943610915991,
            22.48149170629739,
            10.72069921916975,
            66.04196502014972,
            32.68987866853859,
            49.23111196142022,
            45.6055804225886,
            79.38308715943602,
            75.96744896775267
        ],
        [
            2.320379695108851,
            86.94663447402415,
            72.76341671729793,
            63.93114317984542,
            29.860246157130543,
            47.36773451583615,
            88.40217585708055,
            74.69973136854507,
            0.0,
            46.974229142716794,
            80.56079329509286,
            48.13480157773303,
            51.034687148723414,
            74.91808721494252,
            19.300735559326945,
            37.4001283706174,
            11.285213865613743,
            54.61633721388688,
            63.98915093752483,
            13.574391521290623,
            46.80632206644433,
            32.90275228249576,
            75.62522564312091,
            101.22772326783722,
            2.320379695108851
        ],
        [
            47.331216635218915,
            75.41541615291639,
            63.21335321304515,
            19.042442149751658,
            18.08723671934526,
            73.55657020224044,
            90.57731696285424,
            37.71053755948605,
            46.974229142716794,
            0.0,
            79.84729903218594,
            45.982015997472786,
            21.648933231731952,
            35.4220832962154,
            45.413600632362396,
            15.070809788354241,
            37.939078221978264,
            15.91941852530811,
            28.84905823826369,
            44.48494817069051,
            6.825029682450973,
            14.568451210457862,
            66.32137349213377,
            100.66643295743394,
            47.331216635218915
        ],
        [
            82.84408157811542,
            18.758544220408346,
            18.99363923749382,
            76.8926852610127,
            72.18581859621368,
            46.32175254977257,
            10.97925823121117,
            62.416791413745095,
            80.56079329509286,
            79.84729903218594,
            0.0,
            35.95616604268764,
            59.09914338212552,
            67.12543410573501,
            61.26661381975643,
            87.68892132329168,
            72.23558803543307,
            67.7469617520784,
            60.27921282530621,
            66.98882162716845,
            73.14989319082086,
            80.23738135793504,
            16.927323942276708,
            21.4905913555606,
            82.84408157811542
        ],
        [
            50.25163888724118,
            38.893807521491595,
            24.667718178289782,
            48.428397584900026,
            36.287793108870005,
            36.28697745724709,
            45.9586755439478,
            43.107724105797175,
            48.13480157773303,
            45.982015997472786,
            35.95616604268764,
            0.0,
            28.075435809601018,
            46.306806788790105,
            30.002624670270837,
            52.0521510363127,
            38.2422994010695,
            37.284530871563454,
            35.51520659304062,
            35.0672987169404,
            39.739398918912265,
            44.460814153654944,
            27.60883458074619,
            57.442369517963144,
            50.25163888724118
        ],
        [
            52.31930962118929,
            53.76882926164106,
            41.795525477116186,
            20.483579661582915,
            23.836820562596145,
            61.57719850546909,
            69.99083207213411,
            23.66570415189104,
            51.034687148723414,
            21.648933231731952,
            59.09914338212552,
            28.075435809601018,
            0.0,
            24.258713320330685,
            40.84220725556574,
            33.53001270511758,
            39.86927579857158,
            9.225186959662006,
            12.966069868647482,
            42.750110845175904,
            14.843403134247298,
            28.21305429088468,
            44.8589421601643,
            79.5040640260526,
            52.31930962118929
        ],
        [
            76.05607517161296,
            55.078490023800384,
            48.13386742586266,
            18.239468092899525,
            46.16206609643246,
            82.3711475851389,
            77.86033984687327,
            4.9334659963573,
            74.91808721494252,
            35.4220832962154,
            67.12543410573501,
            46.306806788790105,
            24.258713320330685,
            0.0,
            64.93623205745322,
            50.42087972610125,
            63.89074150634453,
            21.144858547483366,
            11.671106761230885,
            67.00660734223017,
            31.057248876517438,
            47.8417814259841,
            50.368399674459496,
            84.27915465100172,
            76.05607517161296
        ],
        [
            21.595018256481328,
            68.31790559710258,
            54.269489849960934,
            58.24454465830919,
            27.70498523074262,
            31.894953725091426,
            69.15909448975869,
            63.58298316853276,
            19.300735559326945,
            45.413600632362396,
            61.26661381975643,
            30.002624670270837,
            40.84220725556574,
            64.93623205745322,
            0.0,
            41.908318678062564,
            13.077101276934332,
            47.1770961312201,
            53.32622475115991,
            5.762731046991562,
            42.45713698035788,
            34.80734830413489,
            57.006026651371734,
            81.94855416783622,
            21.595018256481328
        ],
        [
            37.1278502368283,
            85.940325787663,
            72.76747749752536,
            33.95595465820327,
            16.275300672927337,
            72.9995838221267,
            97.96398849245935,
            52.4810284806649,
            37.4001283706174,
            15.070809788354241,
            87.68892132329168,
            52.0521510363127,
            33.53001270511758,
            50.42087972610125,
            41.908318678062564,
            0.0,
            31.07967607533414,
            30.165857601865746,
            43.05260458647887,
            39.140219506022056,
            19.97039863326624,
            7.8188850635458484,
            75.94889150157623,
            109.0379455105897,
            37.1278502368283
        ],
        [
            12.8975162779496,
            77.12117235672217,
            62.88530428090079,
            53.76065173597397,
            20.02310452959493,
            44.78158043374146,
            80.80178322766258,
            63.52943610915991,
            11.285213865613743,
            37.939078221978264,
            72.23558803543307,
            38.2422994010695,
            39.86927579857158,
            63.89074150634453,
            13.077101276934332,
            31.07967607533414,
            0.0,
            43.92099834774408,
            52.83475107104671,
            8.513930122033363,
            36.79633389991743,
            24.989025182911202,
            65.85025581593574,
            93.35346543236517,
            12.8975162779496
        ],
        [
            55.57509763365843,
            61.10202311737861,
            49.93510804506987,
            11.644128354746822,
            25.226540400704767,
            70.15035891851542,
            78.69062175613932,
            22.48149170629739,
            54.61633721388688,
            15.91941852530811,
            67.7469617520784,
            37.284530871563454,
            9.225186959662006,
            21.144858547483366,
            47.1770961312201,
            30.165857601865746,
            43.92099834774408,
            0.0,
            12.962322769654856,
            48.20017422001999,
            10.235890517141993,
            26.79702408618472,
            52.902911040539074,
            87.78882332356676,
            55.57509763365843
        ],
        [
            65.24804636997347,
            50.95664527992609,
            41.54168591478255,
            17.21177493484792,
            36.12510976563649,
            71.20733999914337,
            71.2293799367477,
            10.72069921916975,
            63.98915093752483,
            28.84905823826369,
            60.27921282530621,
            35.51520659304062,
            12.966069868647482,
            11.671106761230885,
            53.32622475115991,
            43.05260458647887,
            52.83475107104671,
            12.962322769654856,
            0.0,
            55.549189506752754,
            23.08226327162789,
            39.13785821847848,
            44.206119596551126,
            79.0567477427392,
            65.24804636997347
        ],
        [
            15.855690947954,
            73.67313828823482,
            59.552701775123936,
            58.81261806163763,
            26.414116735443418,
            36.45863894816835,
            74.9217031119523,
            66.04196502014972,
            13.574391521290623,
            44.48494817069051,
            66.98882162716845,
            35.0672987169404,
            42.750110845175904,
            67.00660734223017,
            5.762731046991562,
            39.140219506022056,
            8.513930122033363,
            48.20017422001999,
            55.549189506752754,
            0.0,
            42.360990493512716,
            32.56811707626566,
            62.34971014693203,
            87.70661251372739,
            15.855690947954
        ],
        [
            47.49057951060684,
            68.59982070589973,
            56.40037415046371,
            17.138775915029317,
            16.95089030664368,
            68.94135872752237,
            83.91836318384327,
            32.68987866853859,
            46.80632206644433,
            6.825029682450973,
            73.14989319082086,
            39.739398918912265,
            14.843403134247298,
            31.057248876517438,
            42.45713698035788,
            19.97039863326624,
            36.79633389991743,
            10.235890517141993,
            23.08226327162789,
            42.360990493512716,
            0.0,
            16.816518106592262,
            59.504151865149616,
            93.89926437164944,
            47.49057951060684
        ],
        [
            33.063292015292035,
            79.20641375793329,
            65.7821001841701,
            33.13666488593163,
            8.457951783683225,
            65.47949222547003,
            90.41349906352252,
            49.23111196142022,
            32.90275228249576,
            14.568451210457862,
            80.23738135793504,
            44.460814153654944,
            28.21305429088468,
            47.8417814259841,
            34.80734830413489,
            7.8188850635458484,
            24.989025182911202,
            26.79702408618472,
            39.13785821847848,
            32.56811707626566,
            16.816518106592262,
            0.0,
            68.96813491675361,
            101.64344810569982,
            33.063292015292035
        ],
        [
            77.7768790483189,
            11.324615329695314,
            3.1860645413380753,
            61.17879749817339,
            61.523880729596094,
            51.55348912953255,
            27.49814626330498,
            45.6055804225886,
            75.62522564312091,
            66.32137349213377,
            16.927323942276708,
            27.60883458074619,
            44.8589421601643,
            50.368399674459496,
            57.006026651371734,
            75.94889150157623,
            65.85025581593574,
            52.902911040539074,
            44.206119596551126,
            62.34971014693203,
            59.504151865149616,
            68.96813491675361,
            0.0,
            34.96910484079211,
            77.7768790483189
        ],
        [
            103.53277228913194,
            29.5314215982338,
            37.86324028851452,
            96.11400785853215,
            93.64051187752042,
            62.566085037981395,
            13.056216610816874,
            79.38308715943602,
            101.22772326783722,
            100.66643295743394,
            21.4905913555606,
            57.442369517963144,
            79.5040640260526,
            84.27915465100172,
            81.94855416783622,
            109.0379455105897,
            93.35346543236517,
            87.78882332356676,
            79.0567477427392,
            87.70661251372739,
            93.89926437164944,
            101.64344810569982,
            34.96910484079211,
            0.0,
            103.53277228913194
        ],
        [
            0.0,
            89.09478564908697,
            74.8987360484936,
            64.62935530675435,
            30.597142122526556,
            49.55564208951858,
            90.71330356240354,
            75.96744896775267,
            2.320379695108851,
            47.331216635218915,
            82.84408157811542,
            50.25163888724118,
            52.31930962118929,
            76.05607517161296,
            21.595018256481328,
            37.1278502368283,
            12.8975162779496,
            55.57509763365843,
            65.24804636997347,
            15.855690947954,
            47.49057951060684,
            33.063292015292035,
            77.7768790483189,
            103.53277228913194,
            0.0
        ]
    ],
    "scores_ave": [
        0,
        10.420038962446315,
        11.919042963621651,
        10.848594964307525,
        14.775801158691086,
        14.920963147976904,
        11.69221696287701,
        18.35452662783965,
        16.2662896315827,
        15.782036850123655,
        10.324880813077195,
        14.288857421873423,
        14.011401890459812,
        12.744853885869873,
        18.234256511888645,
        10.38143977498199,
        19.672065336275146,
        19.10984818155644,
        16.822459185529638,
        12.80365801505965,
        11.61969046908135,
        12.939397248669389,
        14.70498213271632,
        14.549267228387203,
        0
    ],
    "scores_var": [
        0,
        24.396599837511065,
        245.50616018464754,
        239.1369061594624,
        318.7037922988625,
        226.2529077651863,
        342.74717831331094,
        20.775601578348336,
        342.1494614648179,
        257.50242485881404,
        302.34551091212427,
        23.242711560795705,
        18.882412256874524,
        324.8513230255169,
        310.74247744527463,
        23.912095683526015,
        21.564816844213816,
        24.712817796009062,
        24.687019849332906,
        329.1557121674035,
        19.248445889942804,
        394.10321055407906,
        231.87513885484728,
        393.6780090733788,
        0
    ],
    "vertex_number": 25,
    "minimum_distances": {
        "cost": 375.5017204513704,
        "path": [
            0,
            16,
            4,
            21,
            15,
            9,
            20,
            17,
            3,
            13,
            7,
            18,
            12,
            2,
            22,
            1,
            23,
            6,
            10,
            11,
            5,
            14,
            19,
            8,
            24
        ]
    }
}