{
    "vertices": [
        [
            7.1686286699250035,
            28.880168232835224
        ],
        [
            84.37541100585295,
            31.78555940179647
        ],
        [
            92.80114400222132,
            65.2640481062411
        ],
        [
            57.66796609902691,
            90.40417722704916
        ],
        [
            1.3019454539856423,
            54.39737971443991
        ],
        [
            53.39963881915285,
            59.03482098317328
        ],
        [
            85.2493674671683,
            36.9921283711382
        ],
        [
            84.31509165940855,
            84.56156942223568
        ],
        [
            53.04673255087013,
            47.77736103771979
        ],
        [
            50.28329623161365,
            20.895529616125675
        ],
        [
            47.23923020553627,
            57.88258557060521
        ],
        [
            61.26347578731648,
            3.8870579261501503
        ],
        [
            55.967248449236585,
            91.00304779401407
        ],
        [
            71.36122568808919,
            19.938036148498494
        ],
        [
            77.62700416497458,
            88.23207437617826
        ],
        [
            11.683241327651261,
            43.711674276229715
        ],
        [
            7.1686286699250035,
            28.880168232835224
        ]
    ],
    "distances": [
        [
            0.0,
            77.26142981146566,
            93.04146600725073,
            79.595142838608,
            26.182934399205955,
            55.1960993360172,
            78.50099151226532,
            95.14197386118664,
            49.61758067072369,
            43.84779370497877,
            49.46507170579977,
            59.58949611681646,
            78.99719904742541,
            64.81243120073607,
            92.12508583577876,
            15.503396368684813,
            0.0
        ],
        [
            77.26142981146566,
            0.0,
            34.52248806878956,
            64.41606918459229,
            86.0958483124974,
            41.25555379936915,
            5.279409088978335,
            52.776044490858304,
            35.174192432782654,
            35.789174878903026,
            45.38888299230658,
            36.2282753402983,
            65.67902733236512,
            17.599228014959465,
            56.84848324839566,
            73.66399221140979,
            77.26142981146566
        ],
        [
            93.04146600725073,
            34.52248806878956,
            0.0,
            43.20146157004886,
            92.1422151725626,
            39.89087466128231,
            29.26312994782818,
            21.080972778935582,
            43.43037479087319,
            61.45187395069643,
            46.155974455985174,
            69.00550296896908,
            44.935865036019564,
            50.14097583125088,
            27.527890412031976,
            83.9322283275595,
            93.04146600725073
        ],
        [
            79.595142838608,
            64.41606918459229,
            43.20146157004886,
            0.0,
            66.88510858532908,
            31.658413240769217,
            60.113065671422305,
            27.280127686497583,
            42.87658169613667,
            69.89982433275654,
            34.1527810903397,
            86.59179881515672,
            1.8030769479656716,
            71.78427680680255,
            20.076883007895162,
            65.53460722482016,
            79.595142838608
        ],
        [
            26.182934399205955,
            86.0958483124974,
            92.1422151725626,
            66.88510858532908,
            0.0,
            52.303685486702925,
            85.73279674070415,
            88.3236139639384,
            52.16653754066898,
            59.3426211420675,
            46.06930420795277,
            78.4007508068101,
            65.78959102407117,
            78.07527845557927,
            83.4883294244709,
            14.898174543506386,
            26.182934399205955
        ],
        [
            55.1960993360172,
            41.25555379936915,
            39.89087466128231,
            31.658413240769217,
            52.303685486702925,
            0.0,
            38.73351923774655,
            40.092145243042914,
            11.26299015615671,
            38.26639697049439,
            6.267238684835388,
            55.70561643187716,
            32.071173109848324,
            43.02530868290434,
            37.94001630594357,
            44.44160938435371,
            55.1960993360172
        ],
        [
            78.50099151226532,
            5.279409088978335,
            29.26312994782818,
            60.113065671422305,
            85.73279674070415,
            38.73351923774655,
            0.0,
            47.57861487263793,
            33.960726423689536,
            38.49320237561112,
            43.37259199829854,
            40.88115322303428,
            61.437951716221036,
            21.993693269073813,
            51.80378836446279,
            73.87237110277404,
            78.50099151226532
        ],
        [
            95.14197386118664,
            52.776044490858304,
            21.080972778935582,
            27.280127686497583,
            88.3236139639384,
            40.092145243042914,
            47.57861487263793,
            0.0,
            48.27823803553736,
            72.1909116484372,
            45.67699291659086,
            83.90324069692733,
            29.070480874636072,
            65.90905625469631,
            7.629096994410356,
            83.33126433730904,
            95.14197386118664
        ],
        [
            49.61758067072369,
            35.174192432782654,
            43.43037479087319,
            42.87658169613667,
            52.16653754066898,
            11.26299015615671,
            33.960726423689536,
            48.27823803553736,
            0.0,
            27.023497939193412,
            11.655155355081611,
            44.652811519983224,
            43.32423581167803,
            33.32339522258889,
            47.33681003109523,
            41.562822510217714,
            49.61758067072369
        ],
        [
            43.84779370497877,
            35.789174878903026,
            61.45187395069643,
            69.89982433275654,
            59.3426211420675,
            38.26639697049439,
            38.49320237561112,
            72.1909116484372,
            27.023497939193412,
            0.0,
            37.112109157940864,
            20.2448129728129,
            70.33755339699535,
            21.099665966851422,
            72.67660300101754,
            44.839053243123956,
            43.84779370497877
        ],
        [
            49.46507170579977,
            45.38888299230658,
            46.155974455985174,
            34.1527810903397,
            46.06930420795277,
            6.267238684835388,
            43.37259199829854,
            45.67699291659086,
            11.655155355081611,
            37.112109157940864,
            0.0,
            55.78706364150377,
            34.25117983887006,
            44.962867979111415,
            42.947738904039184,
            38.27588107408295,
            49.46507170579977
        ],
        [
            59.58949611681646,
            36.2282753402983,
            69.00550296896908,
            86.59179881515672,
            78.4007508068101,
            55.70561643187716,
            40.88115322303428,
            83.90324069692733,
            44.652811519983224,
            20.2448129728129,
            55.78706364150377,
            0.0,
            87.27683378007244,
            18.963081367564087,
            85.91767490407277,
            63.5940226476231,
            59.58949611681646
        ],
        [
            78.99719904742541,
            65.67902733236512,
            44.935865036019564,
            1.8030769479656716,
            65.78959102407117,
            32.071173109848324,
            61.437951716221036,
            29.070480874636072,
            43.32423581167803,
            70.33755339699535,
            34.25117983887006,
            87.27683378007244,
            0.0,
            72.71320660930569,
            21.836284284369384,
            64.78848119799703,
            78.99719904742541
        ],
        [
            64.81243120073607,
            17.599228014959465,
            50.14097583125088,
            71.78427680680255,
            78.07527845557927,
            43.02530868290434,
            21.993693269073813,
            65.90905625469631,
            33.32339522258889,
            21.099665966851422,
            44.962867979111415,
            18.963081367564087,
            72.71320660930569,
            0.0,
            68.58086932494503,
            64.23898883974584,
            64.81243120073607
        ],
        [
            92.12508583577876,
            56.84848324839566,
            27.527890412031976,
            20.076883007895162,
            83.4883294244709,
            37.94001630594357,
            51.80378836446279,
            7.629096994410356,
            47.33681003109523,
            72.67660300101754,
            42.947738904039184,
            85.91767490407277,
            21.836284284369384,
            68.58086932494503,
            0.0,
            79.565356042719,
            92.12508583577876
        ],
        [
            15.503396368684813,
            73.66399221140979,
            83.9322283275595,
            65.53460722482016,
            14.898174543506386,
            44.44160938435371,
            73.87237110277404,
            83.33126433730904,
            41.562822510217714,
            44.839053243123956,
            38.27588107408295,
            63.5940226476231,
            64.78848119799703,
            64.23898883974584,
            79.565356042719,
            0.0,
            15.503396368684813
        ],
        [
            0.0,
            77.26142981146566,
            93.04146600725073,
            79.595142838608,
            26.182934399205955,
            55.1960993360172,
            78.50099151226532,
            95.14197386118664,
            49.61758067072369,
            43.84779370497877,
            49.46507170579977,
            59.58949611681646,
            78.99719904742541,
            64.81243120073607,
            92.12508583577876,
            15.503396368684813,
            0.0
        ]
    ],
    "scores_ave": [
        0,
        18.199452911129868,
        13.47522133601629,
        15.043465792062435,
        12.452031075155602,
        12.068458296203886,
        10.21983583920001,
        15.589536123327873,
        13.110261095051015,
        12.446355828915246,
        14.765621564675328,
        15.154917608522652,
        16.68926175474043,
        11.984151455609783,
        16.503621445940677,
        14.473256113402599,
        0
    ],
    "scores_var": [
        0,
        305.3275052164782,
        296.8340563144369,
        23.51783119347076,
        24.63859404482929,
        16.189054943935684,
        17.051313459905174,
        256.5388069684103,
        22.809574067611162,
        21.327213593775255,
        298.111146649366,
        267.37981499524074,
        338.3082992826897,
        22.70960404184754,
        304.1003454435404,
        367.62100596362484,
        0
    ],
    "vertex_number": 17,
    "minimum_distances": {
        "cost": 351.4951313815683,
        "path": [
            0,
            15,
            4,
            10,
            5,
            12,
            3,
            14,
            7,
            2,
            6,
            1,
            8,
            13,
            11,
            9,
            16
        ]
    }
}