{
    "vertices": [
        [
            2.05885622704739,
            71.18251922756713
        ],
        [
            4.670928756500359,
            70.00106741260906
        ],
        [
            8.894123977097468,
            20.183546404719166
        ],
        [
            80.47054699503991,
            43.15970995289581
        ],
        [
            40.0696782271386,
            89.74788640336924
        ],
        [
            7.629950769337657,
            3.4505930501736115
        ],
        [
            66.66942048286957,
            81.43966177808112
        ],
        [
            44.603262958074794,
            71.97664444009663
        ],
        [
            9.165116559916841,
            10.787465668000829
        ],
        [
            93.73279923983566,
            76.99496567660186
        ],
        [
            91.2048544942624,
            70.15779478210331
        ],
        [
            8.416052240695782,
            15.88503828952117
        ],
        [
            99.8696572042879,
            80.38093057875577
        ],
        [
            47.82765399538651,
            67.80110691927612
        ],
        [
            90.33752557662415,
            6.474794937981121
        ],
        [
            53.66120685948707,
            55.945598225346814
        ],
        [
            67.59437389249867,
            3.0480894649537738
        ],
        [
            75.74725790662228,
            55.98921649754958
        ],
        [
            25.871562578337436,
            16.040256902588258
        ],
        [
            79.71140731892679,
            97.78820023564097
        ],
        [
            75.92783046596001,
            70.24012115855498
        ],
        [
            2.05885622704739,
            71.18251922756713
        ]
    ],
    "distances": [
        [
            0.0,
            2.8668364603148437,
            51.45499114955185,
            83.268668109559,
            42.302428387682056,
            67.96065713410239,
            65.41967583806337,
            42.55181757514319,
            60.81168827109963,
            91.85802284631892,
            89.15188762582335,
            55.66170442278518,
            98.242371506367,
            45.89353765354972,
            109.45415955946572,
            53.80489152875555,
            94.5367896363906,
            75.23840103256006,
            60.064249584004244,
            82.08398718983089,
            73.87498540933606,
            0.0
        ],
        [
            2.8668364603148437,
            0.0,
            49.99620762860744,
            80.41169439446256,
            40.53403908246572,
            66.61622511924278,
            63.044860356752956,
            39.981173311669686,
            59.38390653688462,
            89.33605871604966,
            86.53406766734628,
            54.24546578252203,
            95.76293362999863,
            43.21276153541843,
            106.6506123060825,
            50.9666907173897,
            91.8806900487921,
            72.44429951019144,
            57.976167046002566,
            80.01998608724446,
            71.25730269891673,
            2.8668364603148437
        ],
        [
            51.45499114955185,
            49.99620762860744,
            0.0,
            75.17372162821262,
            76.23065382275718,
            16.78063949510313,
            84.20389870406544,
            62.9099961124222,
            9.399987776102293,
            102.1035659515474,
            96.29372699794015,
            4.3250115146169446,
            109.08837109136878,
            61.50814441228501,
            82.58908844925325,
            57.297609550660994,
            61.150169457370374,
            75.83790297071506,
            17.475705117600864,
            105.0598396921209,
            83.66109299860555,
            51.45499114955185
        ],
        [
            83.268668109559,
            80.41169439446256,
            75.17372162821262,
            0.0,
            61.665941833248844,
            82.96123446351223,
            40.69183953501536,
            46.00954006972855,
            78.3098117069572,
            36.34159964136379,
            29.0537767240844,
            77.04387015622137,
            41.97314310114853,
            40.89935094645828,
            37.98868589436801,
            29.702182704632406,
            42.12763857534976,
            13.671345873471234,
            60.9632170499815,
            54.63376468466942,
            27.458786290205303,
            83.268668109559
        ],
        [
            42.302428387682056,
            40.53403908246572,
            76.23065382275718,
            61.665941833248844,
            0.0,
            92.19305156910637,
            27.867057334701908,
            18.34040434204652,
            84.79292408302422,
            55.15766079056092,
            54.75927265403929,
            80.35964391147459,
            60.52914460892173,
            23.277614090454634,
            97.26903021699187,
            36.43246267594359,
            90.96407895775764,
            49.11758835280902,
            75.0626480654735,
            40.44889778360031,
            40.82107282800485,
            42.302428387682056
        ],
        [
            67.96065713410239,
            66.61622511924278,
            16.78063949510313,
            82.96123446351223,
            92.19305156910637,
            0.0,
            97.81591805581202,
            77.86427636150091,
            7.495761056409644,
            113.23636897988415,
            106.93276062804516,
            12.459268996759182,
            120.1101172902074,
            75.87386888690371,
            82.76284629929731,
            69.81835077956497,
            59.9657739850792,
            86.02484806949867,
            22.164296454140747,
            118.72371501848251,
            95.52717642636867,
            67.96065713410239
        ],
        [
            65.41967583806337,
            63.044860356752956,
            84.20389870406544,
            40.69183953501536,
            27.867057334701908,
            97.81591805581202,
            0.0,
            24.009664825816543,
            91.09598116734108,
            27.425932858838333,
            27.00496334088135,
            87.69756879346859,
            33.217113512625374,
            23.259886994684067,
            78.61240652138144,
            28.620987021806386,
            78.39702895221386,
            27.020960332109134,
            77.0814333524425,
            20.913348137737376,
            14.53092789547194,
            65.41967583806337
        ],
        [
            42.55181757514319,
            39.981173311669686,
            62.9099961124222,
            46.00954006972855,
            18.34040434204652,
            77.86427636150091,
            24.009664825816543,
            0.0,
            70.71052127470689,
            49.38516865713447,
            46.637072675973734,
            66.75164792014701,
            55.901756309424805,
            5.275586332273982,
            79.88814095634115,
            18.4130603230581,
            72.66179789242953,
            35.00780303836969,
            58.98945710771185,
            43.57543130077914,
            31.372663939541294,
            42.55181757514319
        ],
        [
            60.81168827109963,
            59.38390653688462,
            9.399987776102293,
            78.3098117069572,
            84.79292408302422,
            7.495761056409644,
            91.09598116734108,
            70.71052127470689,
            0.0,
            107.40170394942693,
            101.26872458687798,
            5.152314430040529,
            114.32656756760802,
            68.88647973062794,
            81.28689386611592,
            63.39683736602591,
            58.93959667701636,
            80.47595805188823,
            17.51277117764518,
            112.00851286917323,
            89.39730540110641,
            60.81168827109963
        ],
        [
            91.85802284631892,
            89.33605871604966,
            102.1035659515474,
            36.34159964136379,
            55.15766079056092,
            113.23636897988415,
            27.425932858838333,
            49.38516865713447,
            107.40170394942693,
            0.0,
            7.289541170557279,
            104.94460702565672,
            7.008978812528902,
            46.81676407830455,
            70.60185807931913,
            45.26376460254677,
            78.4305921251339,
            27.653592815798504,
            91.21745426700245,
            25.07903576350069,
            19.043236003937846,
            91.85802284631892
        ],
        [
            89.15188762582335,
            86.53406766734628,
            96.29372699794015,
            29.0537767240844,
            54.75927265403929,
            106.93276062804516,
            27.00496334088135,
            46.637072675973734,
            101.26872458687798,
            7.289541170557279,
            0.0,
            98.99251424164999,
            13.401168289386641,
            43.441172875539124,
            63.68890585178739,
            40.14364219514782,
            71.1418817715761,
            20.96868863023511,
            84.83600025173402,
            29.92555151537084,
            15.277245851055364,
            89.15188762582335
        ],
        [
            55.66170442278518,
            54.24546578252203,
            4.3250115146169446,
            77.04387015622137,
            80.35964391147459,
            12.459268996759182,
            87.69756879346859,
            66.75164792014701,
            5.152314430040529,
            104.94460702565672,
            98.99251424164999,
            0.0,
            111.90836422279308,
            65.18092155561908,
            82.46017507539277,
            60.43155201424343,
            60.55461178678965,
            78.36986899420334,
            17.456200444694634,
            108.5870875956408,
            86.6736132443825,
            55.66170442278518
        ],
        [
            98.242371506367,
            95.76293362999863,
            109.08837109136878,
            41.97314310114853,
            60.52914460892173,
            120.1101172902074,
            33.217113512625374,
            55.901756309424805,
            114.32656756760802,
            7.008978812528902,
            13.401168289386641,
            111.90836422279308,
            0.0,
            53.54084479440819,
            74.51830928516621,
            52.271467843264915,
            83.79774595768555,
            34.305187125205,
            98.0583514922324,
            26.633964694505732,
            26.000905431637282,
            98.242371506367
        ],
        [
            45.89353765354972,
            43.21276153541843,
            61.50814441228501,
            40.89935094645828,
            23.277614090454634,
            75.87386888690371,
            23.259886994684067,
            5.275586332273982,
            68.88647973062794,
            46.81676407830455,
            43.441172875539124,
            65.18092155561908,
            53.54084479440819,
            0.0,
            74.61907077336491,
            13.213002134643334,
            67.70285433370343,
            30.315425741611595,
            56.22504375066215,
            43.769846830446404,
            28.20582755631853,
            45.89353765354972
        ],
        [
            109.45415955946572,
            106.6506123060825,
            82.58908844925325,
            37.98868589436801,
            97.26903021699187,
            82.76284629929731,
            78.61240652138144,
            79.88814095634115,
            81.28689386611592,
            70.60185807931913,
            63.68890585178739,
            82.46017507539277,
            74.51830928516621,
            74.61907077336491,
            0.0,
            61.583380327311126,
            22.999853454446512,
            51.61931666596294,
            65.17176112314917,
            91.92960554838285,
            65.37320660024642,
            109.45415955946572
        ],
        [
            53.80489152875555,
            50.9666907173897,
            57.297609550660994,
            29.702182704632406,
            36.43246267594359,
            69.81835077956497,
            28.620987021806386,
            18.4130603230581,
            63.39683736602591,
            45.26376460254677,
            40.14364219514782,
            60.43155201424343,
            52.271467843264915,
            13.213002134643334,
            61.583380327311126,
            0.0,
            54.70173284847254,
            22.08609411847944,
            48.62818725141515,
            49.289109212572164,
            26.46008149496808,
            53.80489152875555
        ],
        [
            94.5367896363906,
            91.8806900487921,
            61.150169457370374,
            42.12763857534976,
            90.96407895775764,
            59.9657739850792,
            78.39702895221386,
            72.66179789242953,
            58.93959667701636,
            78.4305921251339,
            71.1418817715761,
            60.55461178678965,
            83.79774595768555,
            67.70285433370343,
            22.999853454446512,
            54.70173284847254,
            0.0,
            53.565216785048094,
            43.69884894004223,
            95.51183742290407,
            67.70683585558902,
            94.5367896363906
        ],
        [
            75.23840103256006,
            72.44429951019144,
            75.83790297071506,
            13.671345873471234,
            49.11758835280902,
            86.02484806949867,
            27.020960332109134,
            35.00780303836969,
            80.47595805188823,
            27.653592815798504,
            20.96868863023511,
            78.36986899420334,
            34.305187125205,
            30.315425741611595,
            51.61931666596294,
            22.08609411847944,
            53.565216785048094,
            0.0,
            63.90230322296488,
            41.986539772887966,
            14.252048628399056,
            75.23840103256006
        ],
        [
            60.064249584004244,
            57.976167046002566,
            17.475705117600864,
            60.9632170499815,
            75.0626480654735,
            22.164296454140747,
            77.0814333524425,
            58.98945710771185,
            17.51277117764518,
            91.21745426700245,
            84.83600025173402,
            17.456200444694634,
            98.0583514922324,
            56.22504375066215,
            65.17176112314917,
            48.62818725141515,
            43.69884894004223,
            63.90230322296488,
            0.0,
            97.88490752345209,
            73.77841988144404,
            60.064249584004244
        ],
        [
            82.08398718983089,
            80.01998608724446,
            105.0598396921209,
            54.63376468466942,
            40.44889778360031,
            118.72371501848251,
            20.913348137737376,
            43.57543130077914,
            112.00851286917323,
            25.07903576350069,
            29.92555151537084,
            108.5870875956408,
            26.633964694505732,
            43.769846830446404,
            91.92960554838285,
            49.289109212572164,
            95.51183742290407,
            41.986539772887966,
            97.88490752345209,
            0.0,
            27.80669190392285,
            82.08398718983089
        ],
        [
            73.87498540933606,
            71.25730269891673,
            83.66109299860555,
            27.458786290205303,
            40.82107282800485,
            95.52717642636867,
            14.53092789547194,
            31.372663939541294,
            89.39730540110641,
            19.043236003937846,
            15.277245851055364,
            86.6736132443825,
            26.000905431637282,
            28.20582755631853,
            65.37320660024642,
            26.46008149496808,
            67.70683585558902,
            14.252048628399056,
            73.77841988144404,
            27.80669190392285,
            0.0,
            73.87498540933606
        ],
        [
            0.0,
            2.8668364603148437,
            51.45499114955185,
            83.268668109559,
            42.302428387682056,
            67.96065713410239,
            65.41967583806337,
            42.55181757514319,
            60.81168827109963,
            91.85802284631892,
            89.15188762582335,
            55.66170442278518,
            98.242371506367,
            45.89353765354972,
            109.45415955946572,
            53.80489152875555,
            94.5367896363906,
            75.23840103256006,
            60.064249584004244,
            82.08398718983089,
            73.87498540933606,
            0.0
        ]
    ],
    "scores_ave": [
        0,
        18.805253296039268,
        14.900373103752463,
        15.28105158883072,
        19.85255556789326,
        14.908074166742,
        18.66090205760091,
        14.372047470562224,
        13.964019537588738,
        13.592419225012856,
        16.330647531242036,
        18.930558076588138,
        12.162787746978697,
        15.718036669330415,
        19.10020804743329,
        19.703701812290706,
        16.934754509711198,
        18.819272055191483,
        18.244362032257634,
        11.302528664582548,
        16.72375136718046,
        0
    ],
    "scores_var": [
        0,
        250.1835127465053,
        348.71808952031245,
        22.198279398743097,
        229.1724720778344,
        346.70212737189235,
        23.19746419491448,
        22.803128275431217,
        318.53547274325007,
        373.0487368698201,
        368.47474640099813,
        379.90742881918527,
        16.87507437526593,
        17.125706905789986,
        296.88852372091657,
        306.3426858047964,
        264.1025547658171,
        20.821719339363483,
        300.5437700028151,
        16.025571452225186,
        20.17326808992278,
        0
    ],
    "vertex_number": 22,
    "minimum_distances": {
        "cost": 429.2894668358929,
        "path": [
            0,
            2,
            11,
            8,
            5,
            18,
            16,
            14,
            3,
            17,
            15,
            13,
            7,
            20,
            10,
            9,
            12,
            19,
            6,
            4,
            1,
            21
        ]
    }
}