{
    "vertices": [
        [
            27.758059340110087,
            20.42757977846117
        ],
        [
            32.689680596327605,
            7.645888133195289
        ],
        [
            60.54414471853593,
            97.18285676300134
        ],
        [
            80.01797206833233,
            70.49564136625625
        ],
        [
            66.0391469118687,
            40.56644926325741
        ],
        [
            8.344402107540871,
            19.3990339600166
        ],
        [
            50.33804606441006,
            68.56392834424406
        ],
        [
            21.751760144646415,
            58.29726252290175
        ],
        [
            58.36286171502418,
            13.348986265022988
        ],
        [
            70.01751439322386,
            41.97129183603317
        ],
        [
            11.03426618760528,
            47.96488382822878
        ],
        [
            60.42327216082454,
            86.40068477210744
        ],
        [
            81.08313476828006,
            36.99016415122234
        ],
        [
            9.311086073555941,
            11.743360682382919
        ],
        [
            27.758059340110087,
            20.42757977846117
        ]
    ],
    "distances": [
        [
            0.0,
            13.700092318281511,
            83.46436329005878,
            72.37340167161308,
            43.25523933354558,
            19.440884590067572,
            53.169200235814266,
            38.3430371930812,
            31.4127428687155,
            47.434091860240315,
            32.2178269245012,
            73.61702731790548,
            55.8380056102011,
            20.388881381911403,
            0.0
        ],
        [
            13.700092318281511,
            0.0,
            93.76961087127462,
            78.67692581129293,
            46.86096721845984,
            27.033849550574725,
            63.422964506950954,
            51.81891383822626,
            26.29900296693118,
            50.71095064511714,
            45.766564073236125,
            83.49532977779502,
            56.59516712330674,
            23.734952351995894,
            13.700092318281511
        ],
        [
            83.46436329005878,
            93.76961087127462,
            0.0,
            33.03690992332585,
            56.88244586233781,
            93.67569705371967,
            30.384330066264468,
            54.92666511207656,
            83.86224322192446,
            56.01840442817092,
            69.81143840342722,
            10.78284948501205,
            63.60039588021134,
            99.62295814033014,
            83.46436329005878
        ],
        [
            72.37340167161308,
            78.67692581129293,
            33.03690992332585,
            0.0,
            33.03277300944001,
            88.02251938766496,
            29.74272218203493,
            59.5294204435242,
            61.112060950955204,
            30.22660533096586,
            72.56987468830324,
            25.237326922780394,
            33.522404075252666,
            91.93092087341962,
            72.37340167161308
        ],
        [
            43.25523933354558,
            46.86096721845984,
            56.88244586233781,
            33.03277300944001,
            0.0,
            61.45521172900136,
            32.09958570935693,
            47.70486731475013,
            28.279244093213567,
            4.219122002382419,
            55.500213850962844,
            46.176998537152066,
            15.463226889185073,
            63.63052193575227,
            43.25523933354558
        ],
        [
            19.440884590067572,
            27.033849550574725,
            93.67569705371967,
            88.02251938766496,
            61.45521172900136,
            0.0,
            64.65796913442718,
            41.14400849292145,
            50.38302669170578,
            65.67404056873502,
            28.692214056472856,
            84.86123919418193,
            74.83562714706436,
            7.716463647554172,
            19.440884590067572
        ],
        [
            53.169200235814266,
            63.422964506950954,
            30.384330066264468,
            29.74272218203493,
            32.09958570935693,
            64.65796913442718,
            0.0,
            30.374004835938173,
            55.79504901904899,
            33.082469529383935,
            44.37462954861825,
            20.490526232450087,
            44.06997917772796,
            70.08415195682461,
            53.169200235814266
        ],
        [
            38.3430371930812,
            51.81891383822626,
            54.92666511207656,
            59.5294204435242,
            47.70486731475013,
            41.14400849292145,
            30.374004835938173,
            0.0,
            57.9717198015645,
            50.95213785556564,
            14.886998562817997,
            47.80468788450102,
            63.04129167260441,
            48.187510289698146,
            38.3430371930812
        ],
        [
            31.4127428687155,
            26.29900296693118,
            83.86224322192446,
            61.112060950955204,
            28.279244093213567,
            50.38302669170578,
            55.79504901904899,
            57.9717198015645,
            0.0,
            30.904163234906516,
            58.63664655063736,
            73.08074948969207,
            32.7889630738977,
            49.078047303173804,
            31.4127428687155
        ],
        [
            47.434091860240315,
            50.71095064511714,
            56.01840442817092,
            30.22660533096586,
            4.219122002382419,
            65.67404056873502,
            33.082469529383935,
            50.95213785556564,
            30.904163234906516,
            0.0,
            59.2869860412428,
            45.45349756269633,
            12.13505613078274,
            67.81591451245643,
            47.434091860240315
        ],
        [
            32.2178269245012,
            45.766564073236125,
            69.81143840342722,
            72.56987468830324,
            55.500213850962844,
            28.692214056472856,
            44.37462954861825,
            14.886998562817997,
            58.63664655063736,
            59.2869860412428,
            0.0,
            62.58262302924152,
            70.90337411873654,
            36.262488727478456,
            32.2178269245012
        ],
        [
            73.61702731790548,
            83.49532977779502,
            10.78284948501205,
            25.237326922780394,
            46.176998537152066,
            84.86123919418193,
            20.490526232450087,
            47.80468788450102,
            73.08074948969207,
            45.45349756269633,
            62.58262302924152,
            0.0,
            53.555853750881894,
            90.47746463544243,
            73.61702731790548
        ],
        [
            55.8380056102011,
            56.59516712330674,
            63.60039588021134,
            33.522404075252666,
            15.463226889185073,
            74.83562714706436,
            44.06997917772796,
            63.04129167260441,
            32.7889630738977,
            12.13505613078274,
            70.90337411873654,
            53.555853750881894,
            0.0,
            76.08303397756987,
            55.8380056102011
        ],
        [
            20.388881381911403,
            23.734952351995894,
            99.62295814033014,
            91.93092087341962,
            63.63052193575227,
            7.716463647554172,
            70.08415195682461,
            48.187510289698146,
            49.078047303173804,
            67.81591451245643,
            36.262488727478456,
            90.47746463544243,
            76.08303397756987,
            0.0,
            20.388881381911403
        ],
        [
            0.0,
            13.700092318281511,
            83.46436329005878,
            72.37340167161308,
            43.25523933354558,
            19.440884590067572,
            53.169200235814266,
            38.3430371930812,
            31.4127428687155,
            47.434091860240315,
            32.2178269245012,
            73.61702731790548,
            55.8380056102011,
            20.388881381911403,
            0.0
        ]
    ],
    "scores_ave": [
        0,
        12.176282542118333,
        15.748301886563018,
        12.096260407430206,
        13.074929308794914,
        16.16896642805599,
        10.833176756007779,
        10.202178616963755,
        14.447222176693632,
        14.512055380980843,
        19.900831117147256,
        14.936870716616355,
        10.635223795455383,
        18.557793592000557,
        0
    ],
    "scores_var": [
        0,
        17.334045049320416,
        309.28063709558825,
        307.8959726757754,
        17.149406647327485,
        24.60523137238476,
        24.27432473336581,
        243.10793518564216,
        262.0703265164127,
        341.5797424859979,
        17.364331324191767,
        256.7734538940972,
        353.4485571146753,
        394.2462106673058,
        0
    ],
    "vertex_number": 15,
    "minimum_distances": {
        "cost": 284.52376971232667,
        "path": [
            0,
            1,
            8,
            4,
            9,
            12,
            3,
            2,
            11,
            6,
            7,
            10,
            5,
            13,
            14
        ]
    }
}