{
    "vertices": [
        [
            78.41692389619087,
            42.93165126513375
        ],
        [
            94.01507987378828,
            76.77807425389202
        ],
        [
            40.90180181460909,
            39.887314865905246
        ],
        [
            83.91788305783228,
            62.89325140446348
        ],
        [
            27.61013365675077,
            31.528614441969737
        ],
        [
            78.89746803896884,
            53.640601866267566
        ],
        [
            34.030983965842786,
            85.89811628403076
        ],
        [
            78.41692389619087,
            42.93165126513375
        ]
    ],
    "distances": [
        [
            0.0,
            37.26771818927746,
            37.638442700351625,
            20.705700466792596,
            52.07071329667858,
            10.719726939184715,
            61.77563257240325,
            0.0
        ],
        [
            37.26771818927746,
            0.0,
            64.66798616327881,
            17.168042669453172,
            80.35627228386353,
            27.638466239579156,
            60.6734450029426,
            37.26771818927746
        ],
        [
            37.638442700351625,
            64.66798616327881,
            0.0,
            48.78172159261855,
            15.701474936951763,
            40.408211481669014,
            46.5209843516784,
            37.638442700351625
        ],
        [
            20.705700466792596,
            17.168042669453172,
            48.78172159261855,
            0.0,
            64.45388347030786,
            10.526922173090606,
            54.93565790214486,
            20.705700466792596
        ],
        [
            52.07071329667858,
            80.35627228386353,
            15.701474936951763,
            64.45388347030786,
            0.0,
            55.85096826274145,
            54.747329151709714,
            52.07071329667858
        ],
        [
            10.719726939184715,
            27.638466239579156,
            40.408211481669014,
            10.526922173090606,
            55.85096826274145,
            0.0,
            55.25892352820741,
            10.719726939184715
        ],
        [
            61.77563257240325,
            60.6734450029426,
            46.5209843516784,
            54.93565790214486,
            54.747329151709714,
            55.25892352820741,
            0.0,
            61.77563257240325
        ],
        [
            0.0,
            37.26771818927746,
            37.638442700351625,
            20.705700466792596,
            52.07071329667858,
            10.719726939184715,
            61.77563257240325,
            0.0
        ]
    ],
    "scores_ave": [
        0,
        15.032684396734597,
        17.599551080409633,
        10.197019467533664,
        13.198957071401338,
        13.485443937288482,
        11.285523221256721,
        0
    ],
    "scores_var": [
        0,
        387.7323167349926,
        16.84742929864519,
        289.4404239988047,
        17.64452984120086,
        316.0539121978071,
        19.784044038110867,
        0
    ],
    "vertex_number": 8,
    "minimum_distances": {
        "cost": 207.1753835736842,
        "path": [
            0,
            2,
            4,
            6,
            1,
            3,
            5,
            7
        ]
    }
}