{
    "vertices": [
        [
            71.59686361513407,
            89.32160815857604
        ],
        [
            6.275784048959931,
            85.29709423701237
        ],
        [
            73.84710606683014,
            86.21055781647652
        ],
        [
            23.16829607008726,
            59.44565950014935
        ],
        [
            26.795010526235675,
            97.7143341691084
        ],
        [
            66.48971566612144,
            19.52322766582969
        ],
        [
            44.609355604626245,
            94.69067853915587
        ],
        [
            96.25229192204642,
            80.17652475623325
        ],
        [
            42.70831126020064,
            56.158546846666034
        ],
        [
            22.815190256798513,
            91.92415204859465
        ],
        [
            68.08804321990269,
            96.60241461485825
        ],
        [
            54.08252851636296,
            11.16140592544278
        ],
        [
            73.5387717282997,
            99.3494124040218
        ],
        [
            56.145442386284174,
            75.72511428362756
        ],
        [
            19.765732328123352,
            72.74238016755265
        ],
        [
            92.15427326036776,
            9.871876293294267
        ],
        [
            83.39681890436114,
            32.075734272449786
        ],
        [
            11.207605006901977,
            22.17505886861212
        ],
        [
            71.59686361513407,
            89.32160815857604
        ]
    ],
    "distances": [
        [
            0.0,
            65.44493981963244,
            3.8395605637224492,
            56.90253476521155,
            45.58117912128976,
            69.9849760990407,
            27.516404295780426,
            26.29681911245352,
            43.98109926708554,
            48.85104799632059,
            8.082200394684135,
            80.0984965344315,
            10.214101287189127,
            20.581813906525944,
            54.41816765814221,
            82.06623535161776,
            58.44937144070953,
            90.30792676615653,
            0.0
        ],
        [
            65.44493981963244,
            0.0,
            67.57749606898525,
            30.88128300991103,
            23.983880060510934,
            89.17353354286206,
            39.467735357566006,
            90.12209607439833,
            46.651730761218865,
            17.817683714387318,
            62.83761335905059,
            88.21329320460589,
            68.71518869520679,
            50.77997265565878,
            18.42822698851938,
            114.29819950940289,
            93.70254624953131,
            63.31440757845539,
            65.44493981963244
        ],
        [
            3.8395605637224492,
            67.57749606898525,
            0.0,
            57.31231599376611,
            48.43796615396441,
            67.09196074143169,
            30.442708479393215,
            23.20348913803467,
            43.275257426605634,
            51.350770104171254,
            11.880971870723899,
            77.60807770658853,
            13.142471987300437,
            20.574095925209548,
            55.73317499163901,
            78.50316342256527,
            54.970684327395965,
            89.57819052949598,
            3.8395605637224492
        ],
        [
            56.90253476521155,
            30.88128300991103,
            57.31231599376611,
            0.0,
            38.44014202191589,
            58.91133981994938,
            41.254459165326324,
            75.96735630489646,
            19.814573001368252,
            32.480411972984506,
            58.29586721764929,
            57.332878098076755,
            64.26114155419184,
            36.77652549123111,
            13.725167413371599,
            84.95072118786378,
            66.15578409911348,
            39.142761810384606,
            56.90253476521155
        ],
        [
            45.58117912128976,
            23.983880060510934,
            48.43796615396441,
            38.44014202191589,
            0.0,
            87.68990108529914,
            18.06912792418389,
            71.63720191282718,
            44.49850110102217,
            7.02603575038869,
            41.30800060684827,
            90.75250974829649,
            46.77234965393414,
            36.673882280764545,
            25.942421603278927,
            109.49032208744975,
            86.67289373309089,
            77.13072879046537,
            45.58117912128976
        ],
        [
            69.9849760990407,
            89.17353354286206,
            67.09196074143169,
            58.91133981994938,
            87.68990108529914,
            0.0,
            78.28726478307043,
            67.56207067080246,
            43.67724587241857,
            84.55387644105055,
            77.09575676840115,
            14.961896797770631,
            80.1368140196733,
            57.145918918919854,
            70.81955105739635,
            27.419301592573937,
            21.05743483945128,
            55.345677045874474,
            69.9849760990407
        ],
        [
            27.516404295780426,
            39.467735357566006,
            30.442708479393215,
            41.254459165326324,
            18.06912792418389,
            78.28726478307043,
            0.0,
            53.6437650759102,
            38.57899872167307,
            21.96905350786492,
            23.556389939013943,
            84.06473926915888,
            29.302131637140427,
            22.198511791661073,
            33.1501646890889,
            97.23553059100269,
            73.6552683434864,
            79.83853730621274,
            27.516404295780426
        ],
        [
            26.29681911245352,
            90.12209607439833,
            23.20348913803467,
            75.96735630489646,
            71.63720191282718,
            67.56207067080246,
            53.6437650759102,
            0.0,
            58.68407899916786,
            74.37079163214676,
            32.60421387802326,
            80.87877084204142,
            29.723788795280853,
            40.35312174887956,
            76.84699281221195,
            70.42398279314297,
            49.78904730634307,
            102.9406082049636,
            26.29681911245352
        ],
        [
            43.98109926708554,
            46.651730761218865,
            43.275257426605634,
            19.814573001368252,
            44.49850110102217,
            43.67724587241857,
            38.57899872167307,
            58.68407899916786,
            0.0,
            40.925722702430335,
            47.74764113961378,
            46.41244993829571,
            53.06569664358134,
            23.736197129378713,
            28.30875228033807,
            67.73004524609698,
            47.281460592855375,
            46.33758679097504,
            43.98109926708554
        ],
        [
            48.85104799632059,
            17.817683714387318,
            51.350770104171254,
            32.480411972984506,
            7.02603575038869,
            84.55387644105055,
            21.96905350786492,
            74.37079163214676,
            40.925722702430335,
            0.0,
            45.51392485885779,
            86.60408537240438,
            51.26418056149826,
            37.05825861432122,
            19.422656001564082,
            107.42664654730557,
            85.15848072798829,
            70.70835901619766,
            48.85104799632059
        ],
        [
            8.082200394684135,
            62.83761335905059,
            11.880971870723899,
            58.29586721764929,
            41.30800060684827,
            77.09575676840115,
            23.556389939013943,
            32.60421387802326,
            47.74764113961378,
            45.51392485885779,
            0.0,
            86.58129363768964,
            6.103805216905379,
            24.051764671049614,
            53.89199359597291,
            90.00760915560896,
            66.31780371037954,
            93.67398536777043,
            8.082200394684135
        ],
        [
            80.0984965344315,
            88.21329320460589,
            77.60807770658853,
            57.332878098076755,
            90.75250974829649,
            14.961896797770631,
            84.06473926915888,
            80.87877084204142,
            46.41244993829571,
            86.60408537240438,
            86.58129363768964,
            0.0,
            90.30874756405345,
            64.59665665183805,
            70.49722611019938,
            38.09357733955746,
            36.01023120112259,
            44.266913345011,
            80.0984965344315
        ],
        [
            10.214101287189127,
            68.71518869520679,
            13.142471987300437,
            64.26114155419184,
            46.77234965393414,
            80.1368140196733,
            29.302131637140427,
            29.723788795280853,
            53.06569664358134,
            51.26418056149826,
            6.103805216905379,
            90.30874756405345,
            0.0,
            29.336587519360208,
            59.995615929544606,
            91.39347003882159,
            67.99212353997927,
            99.20209266169277,
            10.214101287189127
        ],
        [
            20.581813906525944,
            50.77997265565878,
            20.574095925209548,
            36.77652549123111,
            36.673882280764545,
            57.145918918919854,
            22.198511791661073,
            40.35312174887956,
            23.736197129378713,
            37.05825861432122,
            24.051764671049614,
            64.59665665183805,
            29.336587519360208,
            0.0,
            36.501780870569114,
            75.05521204240137,
            51.45780696347448,
            69.90720752030526,
            20.581813906525944
        ],
        [
            54.41816765814221,
            18.42822698851938,
            55.73317499163901,
            13.725167413371599,
            25.942421603278927,
            70.81955105739635,
            33.1501646890889,
            76.84699281221195,
            28.30875228033807,
            19.422656001564082,
            53.89199359597291,
            70.49722611019938,
            59.995615929544606,
            36.501780870569114,
            0.0,
            95.87909634379312,
            75.51616560201104,
            51.286406840375555,
            54.41816765814221
        ],
        [
            82.06623535161776,
            114.29819950940289,
            78.50316342256527,
            84.95072118786378,
            109.49032208744975,
            27.419301592573937,
            97.23553059100269,
            70.42398279314297,
            67.73004524609698,
            107.42664654730557,
            90.00760915560896,
            38.09357733955746,
            91.39347003882159,
            75.05521204240137,
            95.87909634379312,
            0.0,
            23.868479548476635,
            81.87631771653052,
            82.06623535161776
        ],
        [
            58.44937144070953,
            93.70254624953131,
            54.970684327395965,
            66.15578409911348,
            86.67289373309089,
            21.05743483945128,
            73.6552683434864,
            49.78904730634307,
            47.281460592855375,
            85.15848072798829,
            66.31780371037954,
            36.01023120112259,
            67.99212353997927,
            51.45780696347448,
            75.51616560201104,
            23.868479548476635,
            0.0,
            72.86498457136506,
            58.44937144070953
        ],
        [
            90.30792676615653,
            63.31440757845539,
            89.57819052949598,
            39.142761810384606,
            77.13072879046537,
            55.345677045874474,
            79.83853730621274,
            102.9406082049636,
            46.33758679097504,
            70.70835901619766,
            93.67398536777043,
            44.266913345011,
            99.20209266169277,
            69.90720752030526,
            51.286406840375555,
            81.87631771653052,
            72.86498457136506,
            0.0,
            90.30792676615653
        ],
        [
            0.0,
            65.44493981963244,
            3.8395605637224492,
            56.90253476521155,
            45.58117912128976,
            69.9849760990407,
            27.516404295780426,
            26.29681911245352,
            43.98109926708554,
            48.85104799632059,
            8.082200394684135,
            80.0984965344315,
            10.214101287189127,
            20.581813906525944,
            54.41816765814221,
            82.06623535161776,
            58.44937144070953,
            90.30792676615653,
            0.0
        ]
    ],
    "scores_ave": [
        0,
        19.125712644332843,
        18.767317779216558,
        11.464232957316284,
        10.675615470923134,
        12.00386510665179,
        10.301697171223124,
        19.396242649616163,
        17.20979080130917,
        11.03319098618757,
        11.586875885565341,
        12.230536012719604,
        14.742555901647474,
        11.273154319466844,
        12.164695077406671,
        16.358582121262437,
        17.000716596568218,
        10.800606940577518,
        0
    ],
    "scores_var": [
        0,
        308.8856737872749,
        24.3207559638293,
        295.3202619840613,
        256.82501032079495,
        225.83176810669053,
        18.61832834635103,
        302.8886584806002,
        253.84211058895062,
        383.723244674293,
        24.356015450168247,
        17.935015256389594,
        18.64608190661033,
        24.34762915334997,
        16.091287718250417,
        17.596025470324204,
        19.63061485602789,
        257.73394499107496,
        0
    ],
    "vertex_number": 19,
    "minimum_distances": {
        "cost": 402.75210016678494,
        "path": [
            0,
            2,
            7,
            12,
            10,
            6,
            4,
            9,
            1,
            14,
            3,
            17,
            11,
            5,
            15,
            16,
            8,
            13,
            18
        ]
    }
}