{
    "vertices": [
        [
            41.548159512074065,
            55.87937428854366
        ],
        [
            5.6721254076014915,
            1.0813764810602144
        ],
        [
            51.2230288342468,
            2.8460851722922786
        ],
        [
            41.801180756608225,
            98.53380234287002
        ],
        [
            19.800789849057697,
            1.3092216922441668
        ],
        [
            86.25798367680038,
            89.36512038085745
        ],
        [
            80.12050079769992,
            49.27600808546867
        ],
        [
            44.23306731783554,
            96.03652467234728
        ],
        [
            72.8734486701112,
            98.94295118266702
        ],
        [
            16.11571673228076,
            66.415837955641
        ],
        [
            66.67309162118842,
            22.79324150287705
        ],
        [
            45.26153961705166,
            37.16839483871338
        ],
        [
            62.807215072978295,
            54.6482233113013
        ],
        [
            33.43685329623474,
            4.335663617235019
        ],
        [
            41.548159512074065,
            55.87937428854366
        ]
    ],
    "distances": [
        [
            0.0,
            65.49740748132128,
            53.90856008918274,
            42.65517849443241,
            58.74393280708483,
            55.85931943910214,
            39.133488950855245,
            40.246806791009625,
            53.251717303301255,
            27.528643489200896,
            41.54460730586303,
            19.07589955352078,
            21.294674828942043,
            52.17803559252389,
            0.0
        ],
        [
            65.49740748132128,
            0.0,
            45.58507430890595,
            103.93403651722147,
            14.130501489314824,
            119.5328406336451,
            88.68643139573076,
            102.48622545997941,
            118.7135445149815,
            66.16389087659822,
            64.74969468435174,
            53.56859725056287,
            78.31874328923541,
            27.9547938553394,
            65.49740748132128
        ],
        [
            53.90856008918274,
            45.58507430890595,
            0.0,
            96.15045729748029,
            31.459800574680116,
            93.34340637795853,
            54.688222019023996,
            93.45222082012992,
            98.5055751522984,
            72.61981018951319,
            25.230804303415027,
            34.83619230806429,
            53.08158707674997,
            17.848442066819633,
            53.90856008918274
        ],
        [
            42.65517849443241,
            103.93403651722147,
            96.15045729748029,
            0.0,
            99.68267794745024,
            45.39242287877284,
            62.40753627180048,
            3.485752144138977,
            31.074961561707745,
            41.12549937112414,
            79.71978742076712,
            61.46289385958209,
            48.6538541601442,
            94.56876499795446,
            42.65517849443241
        ],
        [
            58.74393280708483,
            14.130501489314824,
            31.459800574680116,
            99.68267794745024,
            0.0,
            110.31953546547179,
            77.06672515308391,
            97.82738937636843,
            111.12628963726367,
            65.21082153404603,
            51.56137876978617,
            43.978745747200016,
            68.51716357423484,
            13.967876612455457,
            58.74393280708483
        ],
        [
            55.85931943910214,
            119.5328406336451,
            93.34340637795853,
            45.39242287877284,
            110.31953546547179,
            0.0,
            40.556203233581215,
            42.55116015102878,
            16.45845133095396,
            73.8011326196868,
            69.39296112844923,
            66.37173029887062,
            41.895124898347824,
            100.1003513090611,
            55.85931943910214
        ],
        [
            39.133488950855245,
            88.68643139573076,
            54.688222019023996,
            62.40753627180048,
            77.06672515308391,
            40.556203233581215,
            0.0,
            58.944497565450845,
            50.19287799240373,
            66.2599890676069,
            29.701342384285546,
            36.901781435683375,
            18.127618680304302,
            64.79967210537839,
            39.133488950855245
        ],
        [
            40.246806791009625,
            102.48622545997941,
            93.45222082012992,
            3.485752144138977,
            97.82738937636843,
            42.55116015102878,
            58.944497565450845,
            0.0,
            28.787475732749975,
            40.84079437915303,
            76.60374155469346,
            58.877113256169686,
            45.36507968010896,
            92.33420902054242,
            40.246806791009625
        ],
        [
            53.251717303301255,
            118.7135445149815,
            98.5055751522984,
            31.074961561707745,
            111.12628963726367,
            16.45845133095396,
            50.19287799240373,
            28.787475732749975,
            0.0,
            65.41752998707906,
            76.40171929904734,
            67.66471261334621,
            45.42413429037905,
            102.49772639025316,
            53.251717303301255
        ],
        [
            27.528643489200896,
            66.16389087659822,
            72.61981018951319,
            41.12549937112414,
            65.21082153404603,
            73.8011326196868,
            66.2599890676069,
            40.84079437915303,
            65.41752998707906,
            0.0,
            66.77558743237115,
            41.29033689022592,
            48.15156042868225,
            64.45129803001662,
            27.528643489200896
        ],
        [
            41.54460730586303,
            64.74969468435174,
            25.230804303415027,
            79.71978742076712,
            51.56137876978617,
            69.39296112844923,
            29.701342384285546,
            76.60374155469346,
            76.40171929904734,
            66.77558743237115,
            0.0,
            25.78952486291012,
            32.08870311341736,
            38.01749228181235,
            41.54460730586303
        ],
        [
            19.07589955352078,
            53.56859725056287,
            34.83619230806429,
            61.46289385958209,
            43.978745747200016,
            66.37173029887062,
            36.901781435683375,
            58.877113256169686,
            67.66471261334621,
            41.29033689022592,
            25.78952486291012,
            0.0,
            24.76681510884679,
            34.89715527156268,
            19.07589955352078
        ],
        [
            21.294674828942043,
            78.31874328923541,
            53.08158707674997,
            48.6538541601442,
            68.51716357423484,
            41.895124898347824,
            18.127618680304302,
            45.36507968010896,
            45.42413429037905,
            48.15156042868225,
            32.08870311341736,
            24.76681510884679,
            0.0,
            58.25780474636666,
            21.294674828942043
        ],
        [
            52.17803559252389,
            27.9547938553394,
            17.848442066819633,
            94.56876499795446,
            13.967876612455457,
            100.1003513090611,
            64.79967210537839,
            92.33420902054242,
            102.49772639025316,
            64.45129803001662,
            38.01749228181235,
            34.89715527156268,
            58.25780474636666,
            0.0,
            52.17803559252389
        ],
        [
            0.0,
            65.49740748132128,
            53.90856008918274,
            42.65517849443241,
            58.74393280708483,
            55.85931943910214,
            39.133488950855245,
            40.246806791009625,
            53.251717303301255,
            27.528643489200896,
            41.54460730586303,
            19.07589955352078,
            21.294674828942043,
            52.17803559252389,
            0.0
        ]
    ],
    "scores_ave": [
        0,
        17.094239183156724,
        17.99241599789606,
        18.13875815470812,
        11.562222917624425,
        10.830163169378316,
        16.021115219035337,
        14.384944465215316,
        13.31622629690364,
        10.665378652952654,
        17.83177802976175,
        17.07114741772982,
        12.536814438581668,
        17.245965509697783,
        0
    ],
    "scores_var": [
        0,
        23.94043932434772,
        290.1927980101309,
        324.8064633327316,
        324.4901974335661,
        24.835834416862404,
        17.79952178891265,
        394.8460710197611,
        24.597811621600894,
        16.2755224497367,
        20.63927167614016,
        270.5003208716642,
        21.123079148731513,
        22.794993977736468,
        0
    ],
    "vertex_number": 15,
    "minimum_distances": {
        "cost": 352.0426150868287,
        "path": [
            0,
            11,
            10,
            2,
            13,
            4,
            1,
            9,
            3,
            7,
            8,
            5,
            6,
            12,
            14
        ]
    }
}