{
    "vertices": [
        [
            8.284401983352618,
            96.28047557971942
        ],
        [
            61.88581313334976,
            34.868107284286
        ],
        [
            7.962760041727179,
            7.242648536522845
        ],
        [
            46.167182849368594,
            89.46652724667419
        ],
        [
            30.846117521353843,
            91.94943052297467
        ],
        [
            35.784356709971156,
            38.3944670884799
        ],
        [
            47.73343027331877,
            4.85959523409093
        ],
        [
            16.557021457481603,
            31.755097495212738
        ],
        [
            66.41694065744475,
            79.75780287828458
        ],
        [
            17.423497304869606,
            2.2537594916275827
        ],
        [
            64.47624333556222,
            6.036872775776658
        ],
        [
            55.11390381402836,
            7.638830381098227
        ],
        [
            71.36467715103451,
            41.544940170973575
        ],
        [
            43.58222090046928,
            36.51702821874569
        ],
        [
            42.30925127868913,
            41.859048537174225
        ],
        [
            28.658216882003316,
            11.962908468096334
        ],
        [
            49.1761358975379,
            30.574864782594958
        ],
        [
            16.868283424819385,
            33.29414851235132
        ],
        [
            7.84845790680807,
            54.98456750949092
        ],
        [
            8.284401983352618,
            96.28047557971942
        ]
    ],
    "distances": [
        [
            0.0,
            81.51435614003826,
            89.03840799403817,
            38.490712880226006,
            22.97365794341944,
            64.08617236981722,
            99.56908755327765,
            65.05352142591724,
            60.43501274835274,
            94.46981741067569,
            106.30818821514963,
            100.251401512535,
            83.5170638355572,
            69.40897392105316,
            64.18241262929769,
            86.74413211939783,
            77.39096324979894,
            63.56854896911385,
            41.298209048125045,
            0.0
        ],
        [
            81.51435614003826,
            0.0,
            60.587635914816076,
            56.816043512319645,
            64.97491951795722,
            26.33858843769283,
            33.17831725816729,
            45.4355607948347,
            45.117800114383535,
            55.14157425003388,
            28.947373143641105,
            28.058729060661086,
            11.59435036828332,
            18.377715551059712,
            20.78737678618175,
            40.35741921198218,
            13.41520878021809,
            45.04503665526497,
            57.66027863158228,
            81.51435614003826
        ],
        [
            89.03840799403817,
            60.587635914816076,
            0.0,
            90.66611358278632,
            87.74330153373911,
            41.76693716642986,
            39.84200238080708,
            25.97540150285848,
            93.14149902521677,
            10.695539419051645,
            56.52634508959318,
            47.152808178200665,
            72.08640859767108,
            46.10569701941836,
            48.764501528220315,
            21.22693542764359,
            47.35963116817733,
            27.53159998469746,
            47.7420558019813,
            89.03840799403817
        ],
        [
            38.490712880226006,
            56.816043512319645,
            90.66611358278632,
            0.0,
            15.520948793960999,
            52.1167766409548,
            84.62142799300256,
            64.8642488710959,
            22.45689248643061,
            91.82737237979065,
            85.41503931404849,
            82.31534359002623,
            54.14233303928122,
            53.012559602285364,
            47.7635390761566,
            79.45674806472691,
            58.968480616589794,
            63.35425510699386,
            51.54929901114406,
            38.490712880226006
        ],
        [
            22.97365794341944,
            64.97491951795722,
            87.74330153373911,
            15.520948793960999,
            0.0,
            53.782156099900526,
            88.71201013745306,
            61.8670832913568,
            37.60211753619511,
            90.69443276871856,
            92.26024572341609,
            87.73370360260814,
            64.67121710706363,
            56.876704849185884,
            51.38530726795317,
            80.01643968362507,
            64.05331290020396,
            60.297777353531,
            43.53496807569896,
            22.97365794341944
        ],
        [
            64.08617236981722,
            26.33858843769283,
            41.76693716642986,
            52.1167766409548,
            53.782156099900526,
            0.0,
            35.60011220926954,
            20.341377768175587,
            51.471164227741674,
            40.537290285551705,
            43.24625148890082,
            36.325481146495626,
            35.71952803904705,
            8.020689661309794,
            7.387663619001762,
            27.375338535815814,
            15.507608778620476,
            19.591607338532356,
            32.490704423262336,
            64.08617236981722
        ],
        [
            99.56908755327765,
            33.17831725816729,
            39.84200238080708,
            84.62142799300256,
            88.71201013745306,
            35.60011220926954,
            0.0,
            41.17446427739185,
            77.19336155775632,
            30.42174249559977,
            16.784152395858047,
            7.88641475497422,
            43.637717196636345,
            31.92844503628607,
            37.394936321550574,
            20.354872262547282,
            25.755707861955024,
            41.9664283697536,
            64.05719215113116,
            99.56908755327765
        ],
        [
            65.05352142591724,
            45.4355607948347,
            25.97540150285848,
            64.8642488710959,
            61.8670832913568,
            20.341377768175587,
            41.17446427739185,
            0.0,
            69.21178560563835,
            29.51405977489177,
            54.38454659294433,
            45.47776947670045,
            55.67513037469415,
            27.441526727734896,
            27.66346267954619,
            23.19848437263892,
            32.64045918962266,
            1.5702108284132714,
            24.808211468390237,
            65.05352142591724
        ],
        [
            60.43501274835274,
            45.117800114383535,
            93.14149902521677,
            22.45689248643061,
            37.60211753619511,
            51.471164227741674,
            77.19336155775632,
            69.21178560563835,
            0.0,
            91.69097138117144,
            73.7464700258529,
            72.9993481884157,
            38.531843619243034,
            48.89978547536406,
            44.9165478169282,
            77.60070186047714,
            52.11724041517993,
            67.92599362978143,
            63.59229797978114,
            60.43501274835274
        ],
        [
            94.46981741067569,
            55.14157425003388,
            10.695539419051645,
            91.82737237979065,
            90.69443276871856,
            40.537290285551705,
            30.42174249559977,
            29.51405977489177,
            91.69097138117144,
            0.0,
            47.20458510727072,
            38.073162875052304,
            66.73415738865157,
            43.10742864075394,
            46.774776014715144,
            14.8487877560458,
            42.54779738715822,
            31.045354129248825,
            53.5930918467221,
            94.46981741067569
        ],
        [
            106.30818821514963,
            28.947373143641105,
            56.52634508959318,
            85.41503931404849,
            92.26024572341609,
            43.24625148890082,
            16.784152395858047,
            54.38454659294433,
            73.7464700258529,
            47.20458510727072,
            0.0,
            9.498403522999135,
            36.170061799394105,
            36.95402615880605,
            42.12604673037732,
            36.30494343824945,
            28.917232567134874,
            54.85869965140041,
            74.85040348795656,
            106.30818821514963
        ],
        [
            100.251401512535,
            28.058729060661086,
            47.152808178200665,
            82.31534359002623,
            87.73370360260814,
            36.325481146495626,
            7.88641475497422,
            45.47776947670045,
            72.9993481884157,
            38.073162875052304,
            9.498403522999135,
            0.0,
            37.599360568151035,
            31.095498406830163,
            36.53741174741587,
            26.806734645379283,
            23.692166677970693,
            46.05347790744236,
            66.90023319121713,
            100.251401512535
        ],
        [
            83.5170638355572,
            11.59435036828332,
            72.08640859767108,
            54.14233303928122,
            64.67121710706363,
            35.71952803904705,
            43.637717196636345,
            55.67513037469415,
            38.531843619243034,
            66.73415738865157,
            36.170061799394105,
            37.599360568151035,
            0.0,
            28.233752388124522,
            29.05712368231024,
            51.95130747517693,
            24.752250745837873,
            55.11744272148927,
            64.9225206694785,
            83.5170638355572
        ],
        [
            69.40897392105316,
            18.377715551059712,
            46.10569701941836,
            53.012559602285364,
            56.876704849185884,
            8.020689661309794,
            31.92844503628607,
            27.441526727734896,
            48.89978547536406,
            43.10742864075394,
            36.95402615880605,
            31.095498406830163,
            28.233752388124522,
            0.0,
            5.491596556601583,
            28.7337900854102,
            8.16095529312322,
            26.90764592183457,
            40.223771891039384,
            69.40897392105316
        ],
        [
            64.18241262929769,
            20.78737678618175,
            48.764501528220315,
            47.7635390761566,
            51.38530726795317,
            7.387663619001762,
            37.394936321550574,
            27.66346267954619,
            44.9165478169282,
            46.774776014715144,
            42.12604673037732,
            36.53741174741587,
            29.05712368231024,
            5.491596556601583,
            0.0,
            32.86533023003761,
            13.209349241188697,
            26.84400040561848,
            36.8758122366427,
            64.18241262929769
        ],
        [
            86.74413211939783,
            40.35741921198218,
            21.22693542764359,
            79.45674806472691,
            80.01643968362507,
            27.375338535815814,
            20.354872262547282,
            23.19848437263892,
            77.60070186047714,
            14.8487877560458,
            36.30494343824945,
            26.806734645379283,
            51.95130747517693,
            28.7337900854102,
            32.86533023003761,
            0.0,
            27.70180352577862,
            24.372614401217866,
            47.79026276638085,
            86.74413211939783
        ],
        [
            77.39096324979894,
            13.41520878021809,
            47.35963116817733,
            58.968480616589794,
            64.05331290020396,
            15.507608778620476,
            25.755707861955024,
            32.64045918962266,
            52.11724041517993,
            42.54779738715822,
            28.917232567134874,
            23.692166677970693,
            24.752250745837873,
            8.16095529312322,
            13.209349241188697,
            27.70180352577862,
            0.0,
            32.422088695854576,
            47.99802657735927,
            77.39096324979894
        ],
        [
            63.56854896911385,
            45.04503665526497,
            27.53159998469746,
            63.35425510699386,
            60.297777353531,
            19.591607338532356,
            41.9664283697536,
            1.5702108284132714,
            67.92599362978143,
            31.045354129248825,
            54.85869965140041,
            46.05347790744236,
            55.11744272148927,
            26.90764592183457,
            26.84400040561848,
            24.372614401217866,
            32.422088695854576,
            0.0,
            23.491094666848596,
            63.56854896911385
        ],
        [
            41.298209048125045,
            57.66027863158228,
            47.7420558019813,
            51.54929901114406,
            43.53496807569896,
            32.490704423262336,
            64.05719215113116,
            24.808211468390237,
            63.59229797978114,
            53.5930918467221,
            74.85040348795656,
            66.90023319121713,
            64.9225206694785,
            40.223771891039384,
            36.8758122366427,
            47.79026276638085,
            47.99802657735927,
            23.491094666848596,
            0.0,
            41.298209048125045
        ],
        [
            0.0,
            81.51435614003826,
            89.03840799403817,
            38.490712880226006,
            22.97365794341944,
            64.08617236981722,
            99.56908755327765,
            65.05352142591724,
            60.43501274835274,
            94.46981741067569,
            106.30818821514963,
            100.251401512535,
            83.5170638355572,
            69.40897392105316,
            64.18241262929769,
            86.74413211939783,
            77.39096324979894,
            63.56854896911385,
            41.298209048125045,
            0.0
        ]
    ],
    "scores_ave": [
        0,
        19.30092668108982,
        13.392778004432383,
        14.90241084930459,
        19.795014212658565,
        15.8398884365623,
        19.00275676057905,
        16.882385642651087,
        13.704922375791398,
        13.397618614436247,
        17.930369645645165,
        16.476921462885738,
        16.115720171667824,
        12.816381570708801,
        14.227556351898677,
        16.02759192670775,
        17.854710571737446,
        18.577651311747104,
        18.877737336678436,
        0
    ],
    "scores_var": [
        0,
        226.42933478273628,
        24.978255559069822,
        398.04971059609886,
        21.71273222582288,
        24.739071706081745,
        16.055296577973785,
        323.2855020837648,
        20.144644340026954,
        24.788203403741832,
        16.061123885672238,
        18.961614524157604,
        333.7303992294246,
        354.1143844192556,
        16.29271942535022,
        337.0669629984246,
        18.389651815635524,
        22.294245186789112,
        259.8372558864011,
        0
    ],
    "vertex_number": 20,
    "minimum_distances": {
        "cost": 342.37844404561923,
        "path": [
            0,
            18,
            17,
            7,
            2,
            9,
            15,
            6,
            11,
            10,
            16,
            5,
            14,
            13,
            1,
            12,
            8,
            3,
            4,
            19
        ]
    }
}