{
    "vertices": [
        [
            28.60567871816241,
            67.40087449467082
        ],
        [
            12.251496762945402,
            63.085971410154585
        ],
        [
            76.27340484201555,
            60.008002909949774
        ],
        [
            7.532390159397339,
            10.801176294359404
        ],
        [
            90.2758932404652,
            45.50090264517023
        ],
        [
            20.469781826673838,
            99.93465965140282
        ],
        [
            27.873499710169114,
            71.82092066151104
        ],
        [
            77.51158073212811,
            55.014690529756294
        ],
        [
            59.93223967307505,
            22.917704842705533
        ],
        [
            24.826181766207235,
            25.25834498636256
        ],
        [
            24.985319857801013,
            48.33875639226362
        ],
        [
            39.08015944243092,
            26.929241736315745
        ],
        [
            82.9094701939392,
            40.64918835513216
        ],
        [
            29.089138630470135,
            7.709742701662192
        ],
        [
            18.736812089300116,
            62.82487139207582
        ],
        [
            93.54673652237383,
            4.56064534695625
        ],
        [
            47.66670480969585,
            64.0948467928524
        ],
        [
            66.5538411108725,
            8.000543178621488
        ],
        [
            7.722565246447866,
            7.6488049444675354
        ],
        [
            38.597714779261935,
            33.66276021946932
        ],
        [
            97.71121780246112,
            79.75142327859248
        ],
        [
            22.243753318999826,
            16.322798340289737
        ],
        [
            28.60567871816241,
            67.40087449467082
        ]
    ],
    "distances": [
        [
            0.0,
            16.913830318798674,
            48.237606326255936,
            60.39544127703111,
            65.44328939040093,
            33.53565259322278,
            4.4802783637565415,
            50.45002284451732,
            54.40685438019168,
            42.31166967360743,
            19.402869499842478,
            41.805116966350326,
            60.5355637617511,
            59.69308961862448,
            10.878158526755842,
            90.3672251873831,
            19.34560763654917,
            70.48732077075938,
            63.296241940614735,
            35.186661385997795,
            70.20050987988311,
            51.47274966831734,
            0.0
        ],
        [
            16.913830318798674,
            0.0,
            64.09585481271905,
            52.49733105060037,
            79.98150466920731,
            37.75402011030624,
            17.898220987205377,
            65.75731240489577,
            62.345351739287864,
            39.862915395003746,
            19.484111511562105,
            45.02317449799244,
            74.13473169327023,
            57.87946863641959,
            6.4905691662358915,
            100.17050363428665,
            35.42957508258364,
            77.35081774055291,
            55.62185403620973,
            39.4949181608843,
            87.06951938612654,
            47.81882000472351,
            16.913830318798674
        ],
        [
            48.237606326255936,
            64.09585481271905,
            0.0,
            84.53779560156927,
            20.16248098427085,
            68.61619531996942,
            49.82063671388481,
            5.144535747863892,
            40.53053034189925,
            62.083455831793955,
            52.59884956573236,
            49.77491279887933,
            20.464629591634925,
            70.43765327391127,
            57.60550541083223,
            58.07561836139263,
            28.897155217466278,
            52.90789909672736,
            86.25951090080333,
            45.973138180082785,
            29.14416703870577,
            69.48093509727371,
            48.237606326255936
        ],
        [
            60.39544127703111,
            52.49733105060037,
            84.53779560156927,
            0.0,
            89.72490351595727,
            90.06749668172671,
            64.32083597395973,
            82.77633692220388,
            53.78247384714613,
            22.54073988867279,
            41.396553898410374,
            35.43128902023667,
            81.07162276970756,
            21.777290150593945,
            53.21657563582468,
            86.24043139244831,
            66.71565429231065,
            59.08786015981926,
            3.1581025460478256,
            38.570797415952,
            113.51809333434097,
            15.713450163214096,
            60.39544127703111
        ],
        [
            65.44328939040093,
            79.98150466920731,
            20.16248098427085,
            89.72490351595727,
            0.0,
            88.52077209631776,
            67.72593348703614,
            15.919793771383697,
            37.825099270233714,
            68.50858247426935,
            65.35221791589746,
            54.46016661774606,
            8.82061902887484,
            71.91655379382107,
            73.60679333524008,
            41.070708338410356,
            46.48954396093741,
            44.37355876374449,
            90.81758234632403,
            53.01674966611167,
            35.04828405218583,
            74.0252243030734,
            65.44328939040093
        ],
        [
            33.53565259322278,
            37.75402011030624,
            68.61619531996942,
            90.06749668172671,
            88.52077209631776,
            0.0,
            29.072278178535463,
            72.60558138504203,
            86.53841290019082,
            74.80327661530124,
            51.793120362042366,
            75.34014334972818,
            86.10157832596418,
            92.62682450617481,
            37.1502297269174,
            120.15175367901283,
            44.990719103836824,
            102.837844647486,
            93.16206582903128,
            68.70652521740448,
            79.83484491174502,
            83.63067814363576,
            33.53565259322278
        ],
        [
            4.4802783637565415,
            17.898220987205377,
            49.82063671388481,
            64.32083597395973,
            67.72593348703614,
            29.072278178535463,
            0.0,
            52.405996401023295,
            58.47467251237831,
            46.66218597703628,
            23.65911286645265,
            46.26934253993157,
            63.25057266200012,
            64.12270204369088,
            12.82216686599604,
            94.00488640906721,
            21.247663060579185,
            74.62713576798646,
            67.26158335456289,
            39.63652352526335,
            70.28655447593079,
            55.78293310332584,
            4.4802783637565415
        ],
        [
            50.45002284451732,
            65.75731240489577,
            5.144535747863892,
            82.77633692220388,
            15.919793771383697,
            72.60558138504203,
            52.405996401023295,
            0.0,
            36.59576098765061,
            60.50777937006203,
            52.948807144694065,
            47.60006907847048,
            15.346167709596488,
            67.69409862098117,
            59.29141889110176,
            52.94088114609993,
            31.195606366724466,
            48.274238562212986,
            84.34473190270499,
            44.38686620356284,
            31.93636304998608,
            67.46551169426226,
            50.45002284451732
        ],
        [
            54.40685438019168,
            62.345351739287864,
            40.53053034189925,
            53.78247384714613,
            37.825099270233714,
            86.53841290019082,
            58.47467251237831,
            36.59576098765061,
            0.0,
            35.184000597465534,
            43.214778334043125,
            21.234445558903012,
            29.02341520152975,
            34.388646300890414,
            57.35542865160389,
            38.30033983872723,
            42.96510636164322,
            16.32076339248443,
            54.39659371538646,
            23.8876153580564,
            68.24458029580303,
            38.26113949475264,
            54.40685438019168
        ],
        [
            42.31166967360743,
            39.862915395003746,
            62.083455831793955,
            22.54073988867279,
            68.50858247426935,
            74.80327661530124,
            46.66218597703628,
            60.50777937006203,
            35.184000597465534,
            0.0,
            23.08096002331454,
            14.351577458359317,
            60.087822844409175,
            18.058965733761084,
            38.056856534049,
            71.7698363963467,
            45.055114753661684,
            45.1556118065042,
            24.548515200355595,
            16.1334843397244,
            91.00397826342059,
            9.30123274351789,
            42.31166967360743
        ],
        [
            19.402869499842478,
            19.484111511562105,
            52.59884956573236,
            41.396553898410374,
            65.35221791589746,
            51.793120362042366,
            23.65911286645265,
            52.948807144694065,
            43.214778334043125,
            23.08096002331454,
            0.0,
            25.63263195069318,
            58.432325375268185,
            40.83574515041926,
            15.776291614977206,
            81.34611768086063,
            27.61701663915868,
            57.92334075686854,
            44.20039417919027,
            20.017046714280507,
            79.22002191850605,
            32.1331255416031,
            19.402869499842478
        ],
        [
            41.805116966350326,
            45.02317449799244,
            49.77491279887933,
            35.43128902023667,
            54.46016661774606,
            75.34014334972818,
            46.26934253993157,
            47.60006907847048,
            21.234445558903012,
            14.351577458359317,
            25.63263195069318,
            0.0,
            45.92652192552198,
            21.661247425023387,
            41.259520233682025,
            58.88091476221671,
            38.14460591699122,
            33.363135546691645,
            36.81078587376809,
            6.7507795117298155,
            78.91630926052301,
            19.89877414983676,
            41.805116966350326
        ],
        [
            60.5355637617511,
            74.13473169327023,
            20.464629591634925,
            81.07162276970756,
            8.82061902887484,
            86.10157832596418,
            63.25057266200012,
            15.346167709596488,
            29.02341520152975,
            60.087822844409175,
            58.432325375268185,
            45.92652192552198,
            0.0,
            63.10019944152036,
            67.89617784801948,
            37.623587965464054,
            42.32908469961361,
            36.51630642007144,
            82.11026720717675,
            44.85913336239301,
            41.81000488251424,
            65.3613223175949,
            60.5355637617511
        ],
        [
            59.69308961862448,
            57.87946863641959,
            70.43765327391127,
            21.777290150593945,
            71.91655379382107,
            92.62682450617481,
            64.12270204369088,
            67.69409862098117,
            34.388646300890414,
            18.058965733761084,
            40.83574515041926,
            21.661247425023387,
            63.10019944152036,
            0.0,
            56.07894502730832,
            64.5344771431811,
            59.36670723998313,
            37.465831057944875,
            21.366660281500724,
            27.640045923568504,
            99.49368568022523,
            11.002001067832488,
            59.69308961862448
        ],
        [
            10.878158526755842,
            6.4905691662358915,
            57.60550541083223,
            53.21657563582468,
            73.60679333524008,
            37.1502297269174,
            12.82216686599604,
            59.29141889110176,
            57.35542865160389,
            38.056856534049,
            15.776291614977206,
            41.259520233682025,
            67.89617784801948,
            56.07894502730832,
            0.0,
            94.82217478163527,
            28.957754234957235,
            72.74733829155855,
            56.264659797657764,
            35.28291631517431,
            80.76796961985549,
            46.63412307422771,
            10.878158526755842
        ],
        [
            90.3672251873831,
            100.17050363428665,
            58.07561836139263,
            86.24043139244831,
            41.070708338410356,
            120.15175367901283,
            94.00488640906721,
            52.94088114609993,
            38.30033983872723,
            71.7698363963467,
            81.34611768086063,
            58.88091476221671,
            37.623587965464054,
            64.5344771431811,
            94.82217478163527,
            0.0,
            75.16181511749753,
            27.211198058676967,
            85.87971299963209,
            62.179804443066004,
            75.30601563153392,
            72.26661509119698,
            90.3672251873831
        ],
        [
            19.34560763654917,
            35.42957508258364,
            28.897155217466278,
            66.71565429231065,
            46.48954396093741,
            44.990719103836824,
            21.247663060579185,
            31.195606366724466,
            42.96510636164322,
            45.055114753661684,
            27.61701663915868,
            38.14460591699122,
            42.32908469961361,
            59.36670723998313,
            28.957754234957235,
            75.16181511749753,
            0.0,
            59.18863755506409,
            69.14976446668382,
            31.754660656067355,
            52.43645361708667,
            54.11557147302685,
            19.34560763654917
        ],
        [
            70.48732077075938,
            77.35081774055291,
            52.90789909672736,
            59.08786015981926,
            44.37355876374449,
            102.837844647486,
            74.62713576798646,
            48.274238562212986,
            16.32076339248443,
            45.1556118065042,
            57.92334075686854,
            33.363135546691645,
            36.51630642007144,
            37.465831057944875,
            72.74733829155855,
            27.211198058676967,
            59.18863755506409,
            0.0,
            58.83232733473492,
            37.94857550581511,
            78.2238513333495,
            45.084851237409865,
            70.48732077075938
        ],
        [
            63.296241940614735,
            55.62185403620973,
            86.25951090080333,
            3.1581025460478256,
            90.81758234632403,
            93.16206582903128,
            67.26158335456289,
            84.34473190270499,
            54.39659371538646,
            24.548515200355595,
            44.20039417919027,
            36.81078587376809,
            82.11026720717675,
            21.366660281500724,
            56.264659797657764,
            85.87971299963209,
            69.14976446668382,
            58.83232733473492,
            0.0,
            40.373267488815195,
            115.31151355993624,
            16.914581415725088,
            63.296241940614735
        ],
        [
            35.186661385997795,
            39.4949181608843,
            45.973138180082785,
            38.570797415952,
            53.01674966611167,
            68.70652521740448,
            39.63652352526335,
            44.38686620356284,
            23.8876153580564,
            16.1334843397244,
            20.017046714280507,
            6.7507795117298155,
            44.85913336239301,
            27.640045923568504,
            35.28291631517431,
            62.179804443066004,
            31.754660656067355,
            37.94857550581511,
            40.373267488815195,
            0.0,
            74.95712842853015,
            23.835400844440176,
            35.186661385997795
        ],
        [
            70.20050987988311,
            87.06951938612654,
            29.14416703870577,
            113.51809333434097,
            35.04828405218583,
            79.83484491174502,
            70.28655447593079,
            31.93636304998608,
            68.24458029580303,
            91.00397826342059,
            79.22002191850605,
            78.91630926052301,
            41.81000488251424,
            99.49368568022523,
            80.76796961985549,
            75.30601563153392,
            52.43645361708667,
            78.2238513333495,
            115.31151355993624,
            74.95712842853015,
            0.0,
            98.58259814554683,
            70.20050987988311
        ],
        [
            51.47274966831734,
            47.81882000472351,
            69.48093509727371,
            15.713450163214096,
            74.0252243030734,
            83.63067814363576,
            55.78293310332584,
            67.46551169426226,
            38.26113949475264,
            9.30123274351789,
            32.1331255416031,
            19.89877414983676,
            65.3613223175949,
            11.002001067832488,
            46.63412307422771,
            72.26661509119698,
            54.11557147302685,
            45.084851237409865,
            16.914581415725088,
            23.835400844440176,
            98.58259814554683,
            0.0,
            51.47274966831734
        ],
        [
            0.0,
            16.913830318798674,
            48.237606326255936,
            60.39544127703111,
            65.44328939040093,
            33.53565259322278,
            4.4802783637565415,
            50.45002284451732,
            54.40685438019168,
            42.31166967360743,
            19.402869499842478,
            41.805116966350326,
            60.5355637617511,
            59.69308961862448,
            10.878158526755842,
            90.3672251873831,
            19.34560763654917,
            70.48732077075938,
            63.296241940614735,
            35.186661385997795,
            70.20050987988311,
            51.47274966831734,
            0.0
        ]
    ],
    "scores_ave": [
        0,
        17.88355940188817,
        16.970725592917546,
        10.397290135683265,
        12.524940872368155,
        13.17622502478736,
        15.501655161808909,
        15.901602098847158,
        11.553822339883546,
        15.36348574272482,
        11.353968029829202,
        19.88740586517507,
        11.954434271826305,
        19.2781047003006,
        14.758879946943413,
        12.96219400735281,
        13.61574774766396,
        12.435224810018846,
        11.173829680821806,
        15.880294571612549,
        17.444836998362717,
        15.170447846060384,
        0
    ],
    "scores_var": [
        0,
        250.33706418649638,
        395.03660899034116,
        396.13001460213627,
        334.01453357803746,
        16.33114656938273,
        24.61310501563901,
        19.418381322153103,
        17.26388059186996,
        18.706028278621805,
        16.47337400230073,
        17.970239838810382,
        284.6935407304673,
        314.2114408650986,
        344.5618418501052,
        24.067415897136023,
        287.3493216728086,
        384.0873074723811,
        371.85594269825856,
        21.631633201182897,
        305.20032282839395,
        233.6852739086474,
        0
    ],
    "vertex_number": 23,
    "minimum_distances": {
        "cost": 430.8249245540675,
        "path": [
            0,
            14,
            1,
            10,
            9,
            21,
            3,
            18,
            13,
            11,
            19,
            8,
            17,
            15,
            12,
            4,
            20,
            2,
            7,
            16,
            5,
            6,
            22
        ]
    }
}