{
    "vertices": [
        [
            8.750440654489712,
            46.66770822577932
        ],
        [
            72.01005639608202,
            80.11301916500273
        ],
        [
            89.6646440185381,
            38.66024477956132
        ],
        [
            0.2563092676298284,
            54.53096235404388
        ],
        [
            43.78771699387593,
            63.23781235463676
        ],
        [
            39.31491354274781,
            36.665430910554655
        ],
        [
            74.7972105508956,
            65.89591079930285
        ],
        [
            81.38322985985657,
            52.939632828796526
        ],
        [
            3.6044607069379064,
            43.015316524984605
        ],
        [
            93.37010835872164,
            83.1138381391628
        ],
        [
            80.95134878104734,
            15.909115376723149
        ],
        [
            91.04353571238548,
            88.53764055251226
        ],
        [
            6.40864313164915,
            17.798825134531416
        ],
        [
            46.678060777708666,
            8.164058372894056
        ],
        [
            73.40057976924115,
            11.920220734490862
        ],
        [
            47.2955924810207,
            65.97161307284121
        ],
        [
            73.91618924899086,
            79.86148503379017
        ],
        [
            26.222497311091054,
            19.178995858813842
        ],
        [
            65.87269622195225,
            92.55323995739472
        ],
        [
            11.252711662479209,
            76.72662210724314
        ],
        [
            8.750440654489712,
            46.66770822577932
        ]
    ],
    "distances": [
        [
            0.0,
            71.55674536754205,
            81.309456872378,
            11.575017645900495,
            38.757955107612325,
            32.159486227670406,
            68.78880423409935,
            72.90308022283551,
            6.310394183934898,
            92.13473041170663,
            78.47969271317024,
            92.33225182596308,
            28.963708784859055,
            54.04660415053656,
            73.39637848364157,
            43.10880967592058,
            73.13276699716597,
            32.57149169757578,
            73.26959876652519,
            30.162885537207533,
            0.0
        ],
        [
            71.55674536754205,
            0.0,
            45.05570960898615,
            76.17769921475042,
            32.88271652746981,
            54.375226816335996,
            14.487732692341748,
            28.74455262756276,
            77.81751128604576,
            21.56981071688724,
            64.8235140297724,
            20.814600174085367,
            90.47985521627527,
            76.27819453207893,
            68.2069740791638,
            28.474270717127965,
            1.9226575025477748,
            76.21978590392857,
            13.871780104602882,
            60.85164438296352,
            71.55674536754205
        ],
        [
            81.309456872378,
            45.05570960898615,
            0.0,
            90.80600200019524,
            52.04564593828746,
            50.389231402718444,
            31.02937449343251,
            16.507051327485843,
            86.17030695972954,
            44.607761976557136,
            24.36258202654978,
            49.89645229267253,
            85.82983463390626,
            52.70544302129482,
            31.297742280174226,
            50.40880246782282,
            44.10845753498034,
            66.36584240677848,
            58.91104912657252,
            87.16352573562294,
            81.309456872378
        ],
        [
            11.575017645900495,
            76.17769921475042,
            90.80600200019524,
            0.0,
            44.39361097682304,
            42.95057370604689,
            75.40230777161244,
            81.14252630054962,
            11.992506698804508,
            97.4020552623185,
            89.46136856773202,
            96.94727767000744,
            37.24380642049698,
            65.61149897739476,
            84.6508098518921,
            48.41056345570782,
            77.89360242085131,
            43.86347519962658,
            75.83669185220073,
            24.77030838542869,
            11.575017645900495
        ],
        [
            38.757955107612325,
            32.88271652746981,
            52.04564593828746,
            44.39361097682304,
            0.0,
            26.946195024942252,
            31.123209635324898,
            38.98044495901183,
            44.98492440142634,
            53.41788028782001,
            60.17591781800778,
            53.60218008251766,
            58.83788509444151,
            55.149546370122216,
            59.248770885518624,
            4.447342667275177,
            34.410337600361636,
            47.43117385767604,
            36.70341405151714,
            35.22037138441363,
            38.757955107612325
        ],
        [
            32.159486227670406,
            54.375226816335996,
            50.389231402718444,
            42.95057370604689,
            26.946195024942252,
            0.0,
            45.97188657756963,
            45.10646168601597,
            36.27061467710394,
            71.27004013375817,
            46.52329925846925,
            73.25692107035572,
            37.93114084596218,
            29.4371223752293,
            42.12075579523093,
            30.37340200314932,
            55.34570780392042,
            21.844605137234662,
            61.876999126427506,
            48.91202525419063,
            32.159486227670406
        ],
        [
            68.78880423409935,
            14.487732692341748,
            31.02937449343251,
            75.40230777161244,
            31.123209635324898,
            45.97188657756963,
            0.0,
            14.53412498869589,
            74.77920315629409,
            25.326064733010647,
            50.36420488774394,
            27.867382501236584,
            83.608168279787,
            64.21567852597653,
            53.99375607894777,
            27.50172226053286,
            13.993336351041735,
            67.39416078479002,
            28.111566193479334,
            64.46090013656261,
            68.78880423409935
        ],
        [
            72.90308022283551,
            28.74455262756276,
            16.507051327485843,
            81.14252630054962,
            38.98044495901183,
            45.10646168601597,
            14.53412498869589,
            0.0,
            78.40936796736166,
            32.46795223383651,
            37.03303584685631,
            36.88549393816123,
            82.8013588081187,
            56.65069133626297,
            41.788932398802345,
            36.493828672149206,
            27.938196463477006,
            64.67215029620864,
            42.54191490132393,
            74.05478000484244,
            72.90308022283551
        ],
        [
            6.310394183934898,
            77.81751128604576,
            86.17030695972954,
            11.992506698804508,
            44.98492440142634,
            36.27061467710394,
            74.77920315629409,
            78.40936796736166,
            0.0,
            98.31461200649119,
            81.95905828789655,
            98.57927684191799,
            25.37193089056998,
            55.4070863503971,
            76.4094445626926,
            49.3549039801862,
            79.38122765711451,
            32.85948512571874,
            79.56971165053082,
            34.56801797528106,
            6.310394183934898
        ],
        [
            92.13473041170663,
            21.56981071688724,
            44.607761976557136,
            97.4020552623185,
            53.41788028782001,
            71.27004013375817,
            25.326064733010647,
            32.46795223383651,
            98.31461200649119,
            0.0,
            68.34252227584558,
            5.901743208386409,
            108.75820593515924,
            88.3041153872217,
            73.94128232083132,
            49.160114865497825,
            19.723913644355047,
            92.71712747285142,
            29.0724952645175,
            82.3654258096591,
            92.13473041170663
        ],
        [
            78.47969271317024,
            64.8235140297724,
            24.36258202654978,
            89.46136856773202,
            60.17591781800778,
            46.52329925846925,
            50.36420488774394,
            37.03303584685631,
            81.95905828789655,
            68.34252227584558,
            0.0,
            73.32635887774126,
            74.5666545347287,
            35.13750387481104,
            8.539636592764483,
            60.32382288698727,
            64.3381617268914,
            54.826447099804795,
            78.11329973657116,
            92.50226559983646,
            78.47969271317024
        ],
        [
            92.33225182596308,
            20.814600174085367,
            49.89645229267253,
            96.94727767000744,
            53.60218008251766,
            73.25692107035572,
            27.867382501236584,
            36.88549393816123,
            98.57927684191799,
            5.901743208386409,
            73.32635887774126,
            0.0,
            110.3043292391189,
            91.80527260764097,
            78.62253439048293,
            49.22507626391232,
            19.199522688395348,
            94.93360107553482,
            25.489138848412377,
            80.66024894133162,
            92.33225182596308
        ],
        [
            28.963708784859055,
            90.47985521627527,
            85.82983463390626,
            37.24380642049698,
            58.83788509444151,
            37.93114084596218,
            83.608168279787,
            82.8013588081187,
            25.37193089056998,
            108.75820593515924,
            74.5666545347287,
            110.3043292391189,
            0.0,
            41.40597454599906,
            67.24936850370655,
            63.1851258196693,
            91.70083171136497,
            19.86186518613883,
            95.52065821294947,
            59.12656134080953,
            28.963708784859055
        ],
        [
            54.04660415053656,
            76.27819453207893,
            52.70544302129482,
            65.61149897739476,
            55.149546370122216,
            29.4371223752293,
            64.21567852597653,
            56.65069133626297,
            55.4070863503971,
            88.3041153872217,
            35.13750387481104,
            91.80527260764097,
            41.40597454599906,
            0.0,
            26.985214042869675,
            57.81085301041646,
            76.69704448290462,
            23.23271238051085,
            86.54460120850543,
            77.17370346019796,
            54.04660415053656
        ],
        [
            73.39637848364157,
            68.2069740791638,
            31.297742280174226,
            84.6508098518921,
            59.248770885518624,
            42.12075579523093,
            53.99375607894777,
            41.788932398802345,
            76.4094445626926,
            73.94128232083132,
            8.539636592764483,
            78.62253439048293,
            67.24936850370655,
            26.985214042869675,
            0.0,
            60.025189504344176,
            67.94322076353794,
            47.733230361389744,
            80.98365773230255,
            89.78990571941674,
            73.39637848364157
        ],
        [
            43.10880967592058,
            28.474270717127965,
            50.40880246782282,
            48.41056345570782,
            4.447342667275177,
            30.37340200314932,
            27.50172226053286,
            36.493828672149206,
            49.3549039801862,
            49.160114865497825,
            60.32382288698727,
            49.22507626391232,
            63.1851258196693,
            57.81085301041646,
            60.025189504344176,
            0.0,
            30.026400306637154,
            51.318850004451605,
            32.42979604053888,
            37.6132885697283,
            43.10880967592058
        ],
        [
            73.13276699716597,
            1.9226575025477748,
            44.10845753498034,
            77.89360242085131,
            34.410337600361636,
            55.34570780392042,
            13.993336351041735,
            27.938196463477006,
            79.38122765711451,
            19.723913644355047,
            64.3381617268914,
            19.199522688395348,
            91.70083171136497,
            76.69704448290462,
            67.94322076353794,
            30.026400306637154,
            0.0,
            77.1819457071303,
            15.025925033649642,
            62.7418424084238,
            73.13276699716597
        ],
        [
            32.57149169757578,
            76.21978590392857,
            66.36584240677848,
            43.86347519962658,
            47.43117385767604,
            21.844605137234662,
            67.39416078479002,
            64.67215029620864,
            32.85948512571874,
            92.71712747285142,
            54.826447099804795,
            94.93360107553482,
            19.86186518613883,
            23.23271238051085,
            47.733230361389744,
            51.318850004451605,
            77.1819457071303,
            0.0,
            83.40214607975618,
            59.462793149954656,
            32.57149169757578
        ],
        [
            73.26959876652519,
            13.871780104602882,
            58.91104912657252,
            75.83669185220073,
            36.70341405151714,
            61.876999126427506,
            28.111566193479334,
            42.54191490132393,
            79.56971165053082,
            29.0724952645175,
            78.11329973657116,
            25.489138848412377,
            95.52065821294947,
            86.54460120850543,
            80.98365773230255,
            32.42979604053888,
            15.025925033649642,
            83.40214607975618,
            0.0,
            56.866726174906624,
            73.26959876652519
        ],
        [
            30.162885537207533,
            60.85164438296352,
            87.16352573562294,
            24.77030838542869,
            35.22037138441363,
            48.91202525419063,
            64.46090013656261,
            74.05478000484244,
            34.56801797528106,
            82.3654258096591,
            92.50226559983646,
            80.66024894133162,
            59.12656134080953,
            77.17370346019796,
            89.78990571941674,
            37.6132885697283,
            62.7418424084238,
            59.462793149954656,
            56.866726174906624,
            0.0,
            30.162885537207533
        ],
        [
            0.0,
            71.55674536754205,
            81.309456872378,
            11.575017645900495,
            38.757955107612325,
            32.159486227670406,
            68.78880423409935,
            72.90308022283551,
            6.310394183934898,
            92.13473041170663,
            78.47969271317024,
            92.33225182596308,
            28.963708784859055,
            54.04660415053656,
            73.39637848364157,
            43.10880967592058,
            73.13276699716597,
            32.57149169757578,
            73.26959876652519,
            30.162885537207533,
            0.0
        ]
    ],
    "scores_ave": [
        0,
        15.807370976769493,
        15.267415224276313,
        19.78373593362422,
        19.798100799776407,
        19.552712036434574,
        17.90782224315525,
        13.526639985464119,
        16.584356492151322,
        12.007588610705024,
        16.222127031630144,
        16.67366392784912,
        15.03284978886975,
        15.528717423589008,
        13.541294195346477,
        15.915968143297118,
        15.941810432957716,
        15.853962459283217,
        19.94226086380621,
        10.422283327951627,
        0
    ],
    "scores_var": [
        0,
        290.17292455153336,
        261.0676632691212,
        227.15869605993174,
        23.89006342793606,
        328.3436622596967,
        396.08774070708637,
        250.7312272844074,
        17.553208283211816,
        233.59760665952402,
        386.58792024785976,
        18.39631464014954,
        348.36707867737607,
        294.495163356213,
        381.68659560939113,
        19.48971915892918,
        18.19845208292075,
        24.811916760132966,
        313.9226183211415,
        376.38349001110913,
        0
    ],
    "vertex_number": 21,
    "minimum_distances": {
        "cost": 368.41913111197323,
        "path": [
            0,
            8,
            12,
            17,
            5,
            13,
            14,
            10,
            2,
            7,
            6,
            9,
            11,
            16,
            1,
            18,
            15,
            4,
            19,
            3,
            20
        ]
    }
}