{
    "vertices": [
        [
            7.083310557065559,
            73.61615325258019
        ],
        [
            36.17855176701782,
            54.858554821808255
        ],
        [
            89.56820183908748,
            43.12064788245793
        ],
        [
            57.754232481027024,
            45.543218837317326
        ],
        [
            14.364827860451612,
            15.03420727679755
        ],
        [
            69.79623977465678,
            81.83829238830931
        ],
        [
            74.47501406289977,
            72.64362914626957
        ],
        [
            92.15402804340827,
            52.23574702489352
        ],
        [
            59.78627949288684,
            98.60732427270254
        ],
        [
            91.21953163335574,
            52.44752593747067
        ],
        [
            92.79004234894542,
            54.33897201744966
        ],
        [
            51.69415188711524,
            36.676554053284825
        ],
        [
            87.01207897376997,
            97.93545024551418
        ],
        [
            86.96538587438071,
            80.69165910977193
        ],
        [
            40.23119162665139,
            69.1757031288506
        ],
        [
            73.09362674111567,
            28.77397053644295
        ],
        [
            12.92252828572844,
            71.82737364640187
        ],
        [
            65.69818253469948,
            94.59321412816608
        ],
        [
            3.5596223158110396,
            64.72373914968284
        ],
        [
            65.43619657985596,
            57.51514440297032
        ],
        [
            88.33546574042595,
            92.0434978312967
        ],
        [
            41.18110316817596,
            79.1763231736051
        ],
        [
            7.083310557065559,
            73.61615325258019
        ]
    ],
    "distances": [
        [
            0.0,
            34.61763365620767,
            87.9416462069373,
            57.92781693890983,
            59.03274420649125,
            63.24962500298239,
            67.39872034805722,
            87.71629691284305,
            58.32805125843951,
            86.75836835374659,
            87.84790032105091,
            57.919436747774505,
            83.54661110327392,
            80.19481741444622,
            33.44397728597388,
            79.80089719712245,
            6.107061172299683,
            62.25544393812039,
            9.565114081858251,
            60.53347663205859,
            83.31554326873007,
            34.548154082395854,
            0.0
        ],
        [
            34.61763365620767,
            0.0,
            54.66473446505431,
            23.50075494057202,
            45.40723739733236,
            43.1051642629537,
            42.22473082337555,
            56.036890216252246,
            49.711966736855885,
            55.09376121601907,
            56.61387490887956,
            23.90228020573254,
            66.63082175408395,
            56.97939799437694,
            14.87967155140651,
            45.20097673373433,
            28.788599140357036,
            49.500017685376505,
            34.07809296844158,
            29.378006198463048,
            64.05516108674148,
            24.826988905883884,
            34.61763365620767
        ],
        [
            87.9416462069373,
            54.66473446505431,
            0.0,
            31.906073032370152,
            80.27699299093018,
            43.47397474304334,
            33.157363284052536,
            9.474783878030259,
            62.974075264912415,
            9.471934561773342,
            11.671805887209556,
            38.418355053849915,
            54.874368535806546,
            37.661061264774354,
            55.794323014036095,
            21.845795374153177,
            81.84519154192483,
            56.73801985891532,
            88.68015169084802,
            28.099025034876583,
            48.93837845092067,
            60.34337609455712,
            87.9416462069373
        ],
        [
            57.92781693890983,
            23.50075494057202,
            31.906073032370152,
            0.0,
            53.04187232487123,
            38.240584510853786,
            31.843630063519146,
            35.044769485261654,
            53.10299898043506,
            34.17009955923572,
            36.12302931796745,
            10.739754242863675,
            60.00806190273903,
            45.70234497437028,
            29.420252795883393,
            22.72673986393162,
            51.96862991346486,
            49.68911732449599,
            57.48867828027357,
            14.224611564652035,
            55.65507860190017,
            37.4947239290557,
            57.92781693890983
        ],
        [
            59.03274420649125,
            45.40723739733236,
            80.27699299093018,
            53.04187232487123,
            0.0,
            86.80683852317394,
            83.25911345569199,
            86.22710840990361,
            95.11873712791227,
            85.47749355956758,
            87.72330818479355,
            43.14938709044864,
            110.22812336277762,
            97.88637292868317,
            60.00308615049104,
            60.31461607601087,
            56.811477487817555,
            94.68235777212264,
            50.8507821435267,
            66.42977285819362,
            106.78055113211192,
            69.5221090955903,
            59.03274420649125
        ],
        [
            63.24962500298239,
            43.1051642629537,
            43.47397474304334,
            38.240584510853786,
            86.80683852317394,
            0.0,
            10.31662546450342,
            37.09691885134683,
            19.529458138474006,
            36.36996819672433,
            35.84588648205732,
            48.65458041468962,
            23.569124090841697,
            17.20739218095278,
            32.16260621820994,
            53.16667202679734,
            57.74805237047336,
            13.397093032887295,
            68.41196843350765,
            24.71083779593944,
            21.162445925351566,
            28.738686871664683,
            63.24962500298239
        ],
        [
            67.39872034805722,
            42.22473082337555,
            33.157363284052536,
            31.843630063519146,
            83.25911345569199,
            10.31662546450342,
            0.0,
            27.00054051316372,
            29.830728919801004,
            26.234737534188636,
            25.894028920241624,
            42.57461887341441,
            28.228606254924582,
            14.858673368860003,
            34.41897566615834,
            43.891402090563496,
            61.55789777429005,
            23.639311592174323,
            71.35627123246488,
            17.623032432587102,
            23.84254654396913,
            33.92875762418357,
            67.39872034805722
        ],
        [
            87.71629691284305,
            56.036890216252246,
            9.474783878030259,
            35.044769485261654,
            86.22710840990361,
            37.09691885134683,
            27.00054051316372,
            0.0,
            56.55081186578405,
            0.9581930119831967,
            2.197286864785908,
            43.348472458788294,
            45.9880692646208,
            28.92509187782366,
            54.61632589588289,
            30.22836174519634,
            81.61778229974038,
            49.94063256493138,
            89.47021109584415,
            27.234436928095835,
            39.99047939605689,
            57.65443359847189,
            87.71629691284305
        ],
        [
            58.32805125843951,
            49.711966736855885,
            62.974075264912415,
            53.10299898043506,
            95.11873712791227,
            19.529458138474006,
            29.830728919801004,
            56.55081186578405,
            0.0,
            55.846005429892365,
            55.217165574249684,
            62.4572079840142,
            27.234088420243967,
            32.55264784816753,
            35.335842774885414,
            71.08996261666275,
            53.975706875904294,
            7.145885377492708,
            65.64704348329276,
            41.47877541027521,
            29.294024184969437,
            26.901977432648113,
            58.32805125843951
        ],
        [
            86.75836835374659,
            55.09376121601907,
            9.471934561773342,
            34.17009955923572,
            85.47749355956758,
            36.36996819672433,
            26.234737534188636,
            0.9581930119831967,
            55.846005429892365,
            0.0,
            2.4584694794220834,
            42.55560125596041,
            45.682096227482276,
            28.56271721656211,
            53.66230267874732,
            29.815862447496993,
            80.65977454989401,
            49.27066361317661,
            88.51533828886298,
            26.276626940931816,
            39.70086682040358,
            56.72982394609825,
            86.75836835374659
        ],
        [
            87.84790032105091,
            56.61387490887956,
            11.671805887209556,
            36.12302931796745,
            87.72330818479355,
            35.84588648205732,
            25.894028920241624,
            2.197286864785908,
            55.217165574249684,
            2.4584694794220834,
            0.0,
            44.73067427606695,
            43.97769633183361,
            26.988715049674695,
            54.61283163616771,
            32.27255937356433,
            81.75979448465915,
            48.52188038506885,
            89.83268474046794,
            27.537627882257347,
            37.96675545274085,
            57.27457215744642,
            87.84790032105091
        ],
        [
            57.919436747774505,
            23.90228020573254,
            38.418355053849915,
            10.739754242863675,
            43.14938709044864,
            48.65458041468962,
            42.57461887341441,
            43.348472458788294,
            62.4572079840142,
            42.55560125596041,
            44.73067427606695,
            0.0,
            70.71073706579922,
            56.40380678746806,
            34.461487904163704,
            22.812022055654285,
            52.33372636030684,
            59.58567267899074,
            55.70976152239722,
            24.96178359210914,
            66.39340587900539,
            43.78075568839944,
            57.919436747774505
        ],
        [
            83.54661110327392,
            66.63082175408395,
            54.874368535806546,
            60.00806190273903,
            110.22812336277762,
            23.569124090841697,
            28.228606254924582,
            45.9880692646208,
            27.234088420243967,
            45.682096227482276,
            43.97769633183361,
            70.71073706579922,
            0.0,
            17.2438543539034,
            54.9142465595062,
            70.5480941493174,
            78.5550328423392,
            21.574353378016404,
            89.81831815482563,
            45.81833503610529,
            6.038746209732881,
            49.52154270408966,
            83.54661110327392
        ],
        [
            80.19481741444622,
            56.97939799437694,
            37.661061264774354,
            45.70234497437028,
            97.88637292868317,
            17.20739218095278,
            14.858673368860003,
            28.92509187782366,
            32.55264784816753,
            28.56271721656211,
            26.988715049674695,
            56.40380678746806,
            17.2438543539034,
            0.0,
            48.132132241767714,
            53.7389252613829,
            74.57157847779244,
            25.407620310072094,
            84.92052674495042,
            31.633160222052915,
            11.434218871390021,
            45.8093526031652,
            80.19481741444622
        ],
        [
            33.44397728597388,
            14.87967155140651,
            55.794323014036095,
            29.420252795883393,
            60.00308615049104,
            32.16260621820994,
            34.41897566615834,
            54.61632589588289,
            35.335842774885414,
            53.66230267874732,
            54.61283163616771,
            34.461487904163704,
            54.9142465595062,
            48.132132241767714,
            0.0,
            52.079167025988326,
            27.437099883215055,
            35.980793366891284,
            36.940817248560904,
            27.771584479297715,
            53.26309437656043,
            10.045632544358122,
            33.44397728597388
        ],
        [
            79.80089719712245,
            45.20097673373433,
            21.845795374153177,
            22.72673986393162,
            60.31461607601087,
            53.16667202679734,
            43.891402090563496,
            30.22836174519634,
            71.08996261666275,
            29.815862447496993,
            32.27255937356433,
            22.812022055654285,
            70.5480941493174,
            53.7389252613829,
            52.079167025988326,
            0.0,
            73.98754360482936,
            66.23341620358111,
            78.27747846452243,
            29.743760890319937,
            65.07954164094228,
            59.65573159516426,
            79.80089719712245
        ],
        [
            6.107061172299683,
            28.788599140357036,
            81.84519154192483,
            51.96862991346486,
            56.811477487817555,
            57.74805237047336,
            61.55789777429005,
            81.61778229974038,
            53.975706875904294,
            80.65977454989401,
            81.75979448465915,
            52.33372636030684,
            78.5550328423392,
            74.57157847779244,
            27.437099883215055,
            73.98754360482936,
            0.0,
            57.47654455730677,
            11.752686129753123,
            54.429084721518066,
            78.07562239652789,
            29.198529304406318,
            6.107061172299683
        ],
        [
            62.25544393812039,
            49.500017685376505,
            56.73801985891532,
            49.68911732449599,
            94.68235777212264,
            13.397093032887295,
            23.639311592174323,
            49.94063256493138,
            7.145885377492708,
            49.27066361317661,
            48.52188038506885,
            59.58567267899074,
            21.574353378016404,
            25.407620310072094,
            35.980793366891284,
            66.23341620358111,
            57.47654455730677,
            0.0,
            68.94480547196186,
            37.078995282868895,
            22.780422387014397,
            28.961486622223624,
            62.25544393812039
        ],
        [
            9.565114081858251,
            34.07809296844158,
            88.68015169084802,
            57.48867828027357,
            50.8507821435267,
            68.41196843350765,
            71.35627123246488,
            89.47021109584415,
            65.64704348329276,
            88.51533828886298,
            89.83268474046794,
            55.70976152239722,
            89.81831815482563,
            84.92052674495042,
            36.940817248560904,
            78.27747846452243,
            11.752686129753123,
            68.94480547196186,
            0.0,
            62.295058238003094,
            89.06914641320213,
            40.3020223623256,
            9.565114081858251
        ],
        [
            60.53347663205859,
            29.378006198463048,
            28.099025034876583,
            14.224611564652035,
            66.42977285819362,
            24.71083779593944,
            17.623032432587102,
            27.234436928095835,
            41.47877541027521,
            26.276626940931816,
            27.537627882257347,
            24.96178359210914,
            45.81833503610529,
            31.633160222052915,
            27.771584479297715,
            29.743760890319937,
            54.429084721518066,
            37.078995282868895,
            62.295058238003094,
            0.0,
            41.431675304767126,
            32.519474505943684,
            60.53347663205859
        ],
        [
            83.31554326873007,
            64.05516108674148,
            48.93837845092067,
            55.65507860190017,
            106.78055113211192,
            21.162445925351566,
            23.84254654396913,
            39.99047939605689,
            29.294024184969437,
            39.70086682040358,
            37.96675545274085,
            66.39340587900539,
            6.038746209732881,
            11.434218871390021,
            53.26309437656043,
            65.07954164094228,
            78.07562239652789,
            22.780422387014397,
            89.06914641320213,
            41.431675304767126,
            0.0,
            48.87840109155323,
            83.31554326873007
        ],
        [
            34.548154082395854,
            24.826988905883884,
            60.34337609455712,
            37.4947239290557,
            69.5221090955903,
            28.738686871664683,
            33.92875762418357,
            57.65443359847189,
            26.901977432648113,
            56.72982394609825,
            57.27457215744642,
            43.78075568839944,
            49.52154270408966,
            45.8093526031652,
            10.045632544358122,
            59.65573159516426,
            29.198529304406318,
            28.961486622223624,
            40.3020223623256,
            32.519474505943684,
            48.87840109155323,
            0.0,
            34.548154082395854
        ],
        [
            0.0,
            34.61763365620767,
            87.9416462069373,
            57.92781693890983,
            59.03274420649125,
            63.24962500298239,
            67.39872034805722,
            87.71629691284305,
            58.32805125843951,
            86.75836835374659,
            87.84790032105091,
            57.919436747774505,
            83.54661110327392,
            80.19481741444622,
            33.44397728597388,
            79.80089719712245,
            6.107061172299683,
            62.25544393812039,
            9.565114081858251,
            60.53347663205859,
            83.31554326873007,
            34.548154082395854,
            0.0
        ]
    ],
    "scores_ave": [
        0,
        17.968547643797198,
        17.215604497044637,
        18.256213797749865,
        10.49968197496164,
        14.661621518844282,
        17.452329772105443,
        15.423029289831499,
        14.363422039885188,
        11.46895399114083,
        14.965268053858818,
        14.985733034957066,
        16.795180379783535,
        17.419582879684434,
        10.269086108820561,
        10.115153953349424,
        19.24103157612948,
        12.896509734629095,
        15.110616362026466,
        19.11424211393839,
        14.308746589651006,
        15.504513471887709,
        0
    ],
    "scores_var": [
        0,
        328.8125166948096,
        334.9935923720358,
        332.5670657368826,
        19.824525647010304,
        249.2969216517763,
        18.636858549219372,
        324.24421587813185,
        375.0411581963182,
        299.5690613464874,
        335.55010401467405,
        19.16014558360476,
        369.509168827339,
        342.20783606915506,
        22.265778592116934,
        24.929132020106458,
        24.576089744000107,
        348.9578298999603,
        16.31467565298616,
        24.588085006738275,
        17.36353134708694,
        233.32498768305925,
        0
    ],
    "vertex_number": 23,
    "minimum_distances": {
        "cost": 384.4796675583223,
        "path": [
            0,
            18,
            4,
            15,
            2,
            9,
            7,
            10,
            13,
            20,
            12,
            8,
            17,
            5,
            6,
            19,
            3,
            11,
            1,
            14,
            21,
            16,
            22
        ]
    }
}