{
    "vertices": [
        [
            23.1816627021464,
            80.05500207322727
        ],
        [
            34.65852439656556,
            62.664545988459494
        ],
        [
            60.15972271081975,
            6.891775642415343
        ],
        [
            59.05115212274188,
            18.825190170155558
        ],
        [
            65.32121151319895,
            92.41849243365807
        ],
        [
            18.836105050503416,
            72.83844882904238
        ],
        [
            95.99716706267942,
            7.4295294803057965
        ],
        [
            16.262781732027975,
            69.1324492092109
        ],
        [
            21.128031360004517,
            90.355646294407
        ],
        [
            52.73539824011759,
            0.4634847439011103
        ],
        [
            29.137276330549376,
            12.26604528634515
        ],
        [
            92.94482495294778,
            24.33057300005561
        ],
        [
            86.95570237060372,
            82.1373716659351
        ],
        [
            10.458303968024873,
            93.63997679889114
        ],
        [
            23.1816627021464,
            80.05500207322727
        ]
    ],
    "distances": [
        [
            0.0,
            20.836178084981476,
            81.97703717365799,
            70.96273766548013,
            43.91579975238463,
            8.423924977699434,
            102.84238885121248,
            12.929542719906959,
            10.503364844693852,
            84.90131279923042,
            68.05006977178341,
            89.28667763313058,
            63.80802769835941,
            18.61277506913122,
            0.0
        ],
        [
            20.836178084981476,
            0.0,
            61.326283333783586,
            50.16860976698163,
            42.72584358764962,
            18.811093880268157,
            82.54293508700316,
            19.49966974727764,
            30.81998179698477,
            64.77457362194674,
            50.70003011071599,
            69.76235602117092,
            55.80489014336983,
            39.308115989980955,
            20.836178084981476
        ],
        [
            81.97703717365799,
            61.326283333783586,
            0.0,
            11.984794993642259,
            85.68232169909105,
            77.82419341644217,
            35.841478720370965,
            76.1632645922162,
            92.1395172220785,
            9.820566059152997,
            31.48451926935547,
            37.13454701901761,
            79.87442799083001,
            99.97740459189282,
            81.97703717365799
        ],
        [
            70.96273766548013,
            50.16860976698163,
            11.984794993642259,
            0.0,
            73.8599200027126,
            67.3400484256892,
            38.663537118327326,
            66.04290236441413,
            80.9615293934633,
            19.417542925571865,
            30.62453830701023,
            34.33788429744611,
            69.18884483997385,
            89.21052174542315,
            70.96273766548013
        ],
        [
            43.91579975238463,
            42.72584358764962,
            85.68232169909105,
            73.8599200027126,
            0.0,
            50.44049197229137,
            90.35562003970747,
            54.30441364792465,
            44.24129865009527,
            92.81231672018609,
            87.94141202530795,
            73.47808375471841,
            23.953134218712073,
            54.876503609147946,
            43.91579975238463
        ],
        [
            8.423924977699434,
            18.811093880268157,
            77.82419341644217,
            67.3400484256892,
            50.44049197229137,
            0.0,
            101.15412112818932,
            4.511809624042274,
            17.666497481073034,
            79.92056997469994,
            61.44208818619533,
            88.57266160062794,
            68.75136002275956,
            22.425233930953297,
            8.423924977699434
        ],
        [
            102.84238885121248,
            82.54293508700316,
            35.841478720370965,
            38.663537118327326,
            90.35562003970747,
            101.15412112818932,
            0.0,
            100.82074442855752,
            111.7234457521406,
            43.81901894071083,
            67.03459460498317,
            17.174459654129393,
            75.25297182045999,
            121.44603050901512,
            102.84238885121248
        ],
        [
            12.929542719906959,
            19.49966974727764,
            76.1632645922162,
            66.04290236441413,
            54.30441364792465,
            4.511809624042274,
            100.82074442855752,
            0.0,
            21.773716918789997,
            77.75396090029209,
            58.30557868922904,
            88.81071931020202,
            71.87918361053761,
            25.18552899328788,
            12.929542719906959
        ],
        [
            10.503364844693852,
            30.81998179698477,
            92.1395172220785,
            80.9615293934633,
            44.24129865009527,
            17.666497481073034,
            111.7234457521406,
            21.773716918789997,
            0.0,
            95.28707335896259,
            78.49925980922681,
            97.55491861252251,
            66.33869390143785,
            11.163776667501272,
            10.503364844693852
        ],
        [
            84.90131279923042,
            64.77457362194674,
            9.820566059152997,
            19.417542925571865,
            92.81231672018609,
            79.92056997469994,
            43.81901894071083,
            77.75396090029209,
            95.28707335896259,
            0.0,
            26.38506761440835,
            46.75934022632837,
            88.55310847020652,
            102.31916424485217,
            84.90131279923042
        ],
        [
            68.05006977178341,
            50.70003011071599,
            31.48451926935547,
            30.62453830701023,
            87.94141202530795,
            61.44208818619533,
            67.03459460498317,
            58.30557868922904,
            78.49925980922681,
            26.38506761440835,
            0.0,
            64.9380942910602,
            90.69163489425262,
            83.490243372076,
            68.05006977178341
        ],
        [
            89.28667763313058,
            69.76235602117092,
            37.13454701901761,
            34.33788429744611,
            73.47808375471841,
            88.57266160062794,
            17.174459654129393,
            88.81071931020202,
            97.55491861252251,
            46.75934022632837,
            64.9380942910602,
            0.0,
            58.11622459609598,
            107.7395916046936,
            89.28667763313058
        ],
        [
            63.80802769835941,
            55.80489014336983,
            79.87442799083001,
            69.18884483997385,
            23.953134218712073,
            68.75136002275956,
            75.25297182045999,
            71.87918361053761,
            66.33869390143785,
            88.55310847020652,
            90.69163489425262,
            58.11622459609598,
            0.0,
            77.35736478970556,
            63.80802769835941
        ],
        [
            18.61277506913122,
            39.308115989980955,
            99.97740459189282,
            89.21052174542315,
            54.876503609147946,
            22.425233930953297,
            121.44603050901512,
            25.18552899328788,
            11.163776667501272,
            102.31916424485217,
            83.490243372076,
            107.7395916046936,
            77.35736478970556,
            0.0,
            18.61277506913122
        ],
        [
            0.0,
            20.836178084981476,
            81.97703717365799,
            70.96273766548013,
            43.91579975238463,
            8.423924977699434,
            102.84238885121248,
            12.929542719906959,
            10.503364844693852,
            84.90131279923042,
            68.05006977178341,
            89.28667763313058,
            63.80802769835941,
            18.61277506913122,
            0.0
        ]
    ],
    "scores_ave": [
        0,
        17.44577345314371,
        18.33576063478928,
        18.974007415652984,
        11.05032226551179,
        19.818512209377865,
        13.516244460753894,
        19.732604872737607,
        15.159859499404515,
        16.196751069710157,
        19.29551035935384,
        16.680380198784885,
        16.338483858782507,
        15.580449502571597,
        0
    ],
    "scores_var": [
        0,
        22.495363395509795,
        19.146580751971577,
        314.39305363310234,
        225.91712491578403,
        313.8496953889991,
        226.534757044576,
        233.56568543544128,
        226.76187555557556,
        22.403184274527025,
        295.4351984941763,
        18.321886784731692,
        231.72660182771585,
        239.1621524995574,
        0
    ],
    "vertex_number": 15,
    "minimum_distances": {
        "cost": 343.25106910093143,
        "path": [
            0,
            5,
            7,
            1,
            10,
            9,
            2,
            3,
            6,
            11,
            12,
            4,
            8,
            13,
            14
        ]
    }
}