{
    "vertices": [
        [
            42.96405519992612,
            93.96526261909425
        ],
        [
            21.070540659338167,
            38.60562079571761
        ],
        [
            73.46149549547901,
            47.470920445449984
        ],
        [
            95.62714116651082,
            48.252091790016195
        ],
        [
            8.733836342108582,
            27.260867414118728
        ],
        [
            32.86908985517515,
            96.19477359034838
        ],
        [
            34.09009725592546,
            89.29272962948775
        ],
        [
            18.842085242968498,
            24.552657010421598
        ],
        [
            73.96083695415251,
            99.3075982889114
        ],
        [
            13.128291233384315,
            13.718523261345972
        ],
        [
            69.93048086961835,
            79.5372648395471
        ],
        [
            55.65763838324047,
            17.501244997089827
        ],
        [
            93.31582844599531,
            93.80055782425401
        ],
        [
            6.973104412171349,
            0.3453199059322398
        ],
        [
            64.29715343870325,
            45.48536187238129
        ],
        [
            57.91229545005301,
            5.511937473241801
        ],
        [
            25.137228425909885,
            42.814281317331734
        ],
        [
            96.04207734619786,
            62.9536286589909
        ],
        [
            46.81122739948081,
            69.9740523138003
        ],
        [
            65.1284819584819,
            52.28530417302433
        ],
        [
            91.35859153404009,
            10.633694922940029
        ],
        [
            96.37637549051755,
            87.64388070073429
        ],
        [
            94.19669560140605,
            92.08533405493696
        ],
        [
            42.96405519992612,
            93.96526261909425
        ]
    ],
    "distances": [
        [
            0.0,
            59.53163798982427,
            55.604116023373024,
            69.73589184037415,
            74.97455716918672,
            10.338232173958257,
            10.028942822194846,
            73.48455111102945,
            31.453791973753223,
            85.61373715133327,
            30.583577837225867,
            77.51047055030645,
            50.35204262681914,
            100.29976177550135,
            52.96604437634035,
            89.70752820100108,
            54.168428452042434,
            61.47355428015813,
            24.297714004528675,
            47.20678711373502,
            96.36483446617137,
            53.785089273724296,
            51.267119812933586,
            0.0
        ],
        [
            59.53163798982427,
            0.0,
            53.13572890741309,
            75.17806250383141,
            16.76000306384371,
            58.78534071288448,
            52.33251241721726,
            14.228555959533933,
            80.51157378748385,
            26.123685605775293,
            63.73925981279448,
            40.51742843286669,
            90.91678987382369,
            40.774849269124765,
            43.770662431120485,
            49.522790429331366,
            5.852415977780229,
            78.8261174998437,
            40.577844321240114,
            46.132807510730984,
            75.64944634825063,
            89.86500817410987,
            90.59533247855344,
            59.53163798982427
        ],
        [
            55.604116023373024,
            53.13572890741309,
            0.0,
            22.17940658997221,
            67.80941013608746,
            63.41732618892567,
            57.4384080799911,
            59.232818396640646,
            51.83908285974157,
            69.13262509268077,
            32.26016904929182,
            34.85912756442778,
            50.404660861486136,
            81.49557273286113,
            9.376972228852747,
            44.74744544792174,
            48.54811093936164,
            27.378767874808766,
            34.88019113297608,
            9.623793705400683,
            40.95469729847527,
            46.24887523886034,
            49.1975042573423,
            55.604116023373024
        ],
        [
            69.73589184037415,
            75.17806250383141,
            22.17940658997221,
            0.0,
            89.39282926558347,
            78.9751463601312,
            73.96716655059849,
            80.35924353833715,
            55.46254125156172,
            89.43504679717505,
            40.48555795778274,
            50.429909093948275,
            45.60707099303937,
            100.7700204683587,
            31.451914495968435,
            57.00114365903464,
            70.69934639665611,
            14.707391282720259,
            53.43067476559645,
            30.764183974452138,
            37.85979792357207,
            39.39891350860887,
            43.856576496233316,
            69.73589184037415
        ],
        [
            74.97455716918672,
            16.76000306384371,
            67.80941013608746,
            89.39282926558347,
            0.0,
            73.03693505927822,
            67.01411715031456,
            10.464755106185194,
            97.18689746353868,
            14.237496933927526,
            80.48509818101563,
            47.9280025425461,
            107.61804582939892,
            26.973076847006986,
            58.47575912321252,
            53.773011760593576,
            22.604865757167744,
            94.32233114438799,
            57.22153330705528,
            61.69747555043723,
            84.28115468821024,
            106.4298969366784,
            107.26654552115045,
            74.97455716918672
        ],
        [
            10.338232173958257,
            58.78534071288448,
            63.41732618892567,
            78.9751463601312,
            73.03693505927822,
            0.0,
            7.009213216213332,
            73.0023953472945,
            41.20948139991935,
            84.80584295057957,
            40.63273682276979,
            81.92673181858281,
            60.49413587614557,
            99.28605054923526,
            59.65875977082144,
            94.0773028562646,
            53.93754384907556,
            71.38487280151463,
            29.696959837107208,
            54.48586865771533,
            103.64226931793989,
            64.08036437145641,
            61.46513418077224,
            10.338232173958257
        ],
        [
            10.028942822194846,
            52.33251241721726,
            57.4384080799911,
            73.96716655059849,
            67.01411715031456,
            7.009213216213332,
            0.0,
            66.51149429286069,
            41.10928700852503,
            78.42740579606802,
            37.144342649243875,
            74.9611639184068,
            59.39703485892156,
            92.98910149806949,
            53.21232670195755,
            87.10176956370276,
            47.33286403539535,
            67.31861612540423,
            23.130898066372815,
            48.30042301946833,
            97.29812011466782,
            62.308098663872514,
            60.17143677977092,
            10.028942822194846
        ],
        [
            73.48455111102945,
            14.228555959533933,
            59.232818396640646,
            80.35924353833715,
            10.464755106185194,
            73.0023953472945,
            66.51149429286069,
            0.0,
            92.87829690379561,
            12.248505871199947,
            75.05552122147861,
            37.484761762694305,
            101.69370773943074,
            26.960487303686065,
            50.043394744129905,
            43.46297649861675,
            19.31620433782125,
            86.2233924424973,
            53.34206655424016,
            53.95859745722926,
            73.84024099537986,
            99.96033548829382,
            101.18784398864696,
            73.48455111102945
        ],
        [
            31.453791973753223,
            80.51157378748385,
            51.83908285974157,
            55.46254125156172,
            97.18689746353868,
            41.20948139991935,
            41.10928700852503,
            92.87829690379561,
            0.0,
            105.0051826480178,
            20.17696346993754,
            83.8289121773184,
            20.123200300366758,
            119.50267299883407,
            54.682903287623866,
            95.15871831974692,
            74.66752715987357,
            42.53460103379925,
            39.96946607655745,
            47.844609296038094,
            90.36450078753064,
            25.26853133547769,
            21.48606701695245,
            31.453791973753223
        ],
        [
            85.61373715133327,
            26.123685605775293,
            69.13262509268077,
            89.43504679717505,
            14.237496933927526,
            84.80584295057957,
            78.42740579606802,
            12.248505871199947,
            105.0051826480178,
            0.0,
            86.94018340450356,
            42.69724057504239,
            113.32772557480658,
            14.721715008424898,
            60.227771789486624,
            45.52971649347394,
            31.47662163172033,
            96.43024178689275,
            65.56847365724525,
            64.74114939770473,
            78.29109815942176,
            111.33374153878094,
            112.75390556754819,
            85.61373715133327
        ],
        [
            30.583577837225867,
            63.73925981279448,
            32.26016904929182,
            40.48555795778274,
            80.48509818101563,
            40.63273682276979,
            37.144342649243875,
            75.05552122147861,
            20.17696346993754,
            86.94018340450356,
            0.0,
            63.656749764142894,
            27.391896758631905,
            101.16815404450844,
            34.514728358038354,
            74.99457228671767,
            57.92247390485576,
            30.932708570779447,
            25.019091007250186,
            27.67180069515282,
            72.15861607527867,
            27.66048739665584,
            27.31855081155377,
            30.583577837225867
        ],
        [
            77.51047055030645,
            40.51742843286669,
            34.85912756442778,
            50.429909093948275,
            47.9280025425461,
            81.92673181858281,
            74.9611639184068,
            37.484761762694305,
            83.8289121773184,
            42.69724057504239,
            63.656749764142894,
            0.0,
            85.08657013124943,
            51.618888148754166,
            29.28740373750361,
            12.199466110872502,
            39.651547658488816,
            60.80149743963123,
            53.21329246523097,
            36.05034883023471,
            36.35548514181243,
            81.10490056134537,
            83.95263707504317,
            77.51047055030645
        ],
        [
            50.35204262681914,
            90.91678987382369,
            50.404660861486136,
            45.60707099303937,
            107.61804582939892,
            60.49413587614557,
            59.39703485892156,
            101.69370773943074,
            20.123200300366758,
            113.32772557480658,
            27.391896758631905,
            85.08657013124943,
            0.0,
            127.2357948375818,
            56.3599295514703,
            95.12250328959989,
            85.13472788902968,
            30.967167645631005,
            52.25304090036443,
            50.180103504607025,
            83.18989037843167,
            6.875436089078638,
            1.92819073857116,
            50.35204262681914
        ],
        [
            100.29976177550135,
            40.774849269124765,
            81.49557273286113,
            100.7700204683587,
            26.973076847006986,
            99.28605054923526,
            92.98910149806949,
            26.960487303686065,
            119.50267299883407,
            14.721715008424898,
            101.16815404450844,
            51.618888148754166,
            127.2357948375818,
            0.0,
            72.96348391852608,
            51.200538285067225,
            46.1903462267757,
            108.87186167435857,
            80.21992532954945,
            77.97313577905979,
            85.010358764598,
            124.95592661555514,
            126.58667013554914,
            100.29976177550135
        ],
        [
            52.96604437634035,
            43.770662431120485,
            9.376972228852747,
            31.451914495968435,
            58.47575912321252,
            59.65875977082144,
            53.21232670195755,
            50.043394744129905,
            54.682903287623866,
            60.227771789486624,
            34.514728358038354,
            29.28740373750361,
            56.3599295514703,
            72.96348391852608,
            0.0,
            40.480131789915795,
            39.250915891723636,
            36.23369341401441,
            30.090755540278543,
            6.850570954298036,
            44.124371054356395,
            52.97562833275508,
            55.36731914183858,
            52.96604437634035
        ],
        [
            89.70752820100108,
            49.522790429331366,
            44.74744544792174,
            57.00114365903464,
            53.773011760593576,
            94.0773028562646,
            87.10176956370276,
            43.46297649861675,
            95.15871831974692,
            45.52971649347394,
            74.99457228671767,
            12.199466110872502,
            95.12250328959989,
            51.200538285067225,
            40.480131789915795,
            0.0,
            49.65551202736498,
            68.9451097158206,
            65.41099266622383,
            47.326749097701146,
            33.836180651948126,
            90.69256613241964,
            93.8696473309396,
            89.70752820100108
        ],
        [
            54.168428452042434,
            5.852415977780229,
            48.54811093936164,
            70.69934639665611,
            22.604865757167744,
            53.93754384907556,
            47.33286403539535,
            19.31620433782125,
            74.66752715987357,
            31.47662163172033,
            57.92247390485576,
            39.651547658488816,
            85.13472788902968,
            46.1903462267757,
            39.250915891723636,
            49.65551202736498,
            0.0,
            73.7095035375823,
            34.74788327491286,
            41.09745287775759,
            73.62648350006766,
            84.17071376297794,
            84.83423038158186,
            54.168428452042434
        ],
        [
            61.47355428015813,
            78.8261174998437,
            27.378767874808766,
            14.707391282720259,
            94.32233114438799,
            71.38487280151463,
            67.31861612540423,
            86.2233924424973,
            42.53460103379925,
            96.43024178689275,
            30.932708570779447,
            60.80149743963123,
            30.967167645631005,
            108.87186167435857,
            36.23369341401441,
            68.9451097158206,
            73.7095035375823,
            0.0,
            49.72889436503869,
            32.70265321244268,
            52.52913958459092,
            24.692515083201002,
            29.190095804231337,
            61.47355428015813
        ],
        [
            24.297714004528675,
            40.577844321240114,
            34.88019113297608,
            53.43067476559645,
            57.22153330705528,
            29.696959837107208,
            23.130898066372815,
            53.34206655424016,
            39.96946607655745,
            65.56847365724525,
            25.019091007250186,
            53.21329246523097,
            52.25304090036443,
            80.21992532954945,
            30.090755540278543,
            65.41099266622383,
            34.74788327491286,
            49.72889436503869,
            0.0,
            25.463967196158798,
            74.20071203574831,
            52.62059236183208,
            52.29045206298748,
            24.297714004528675
        ],
        [
            47.20678711373502,
            46.132807510730984,
            9.623793705400683,
            30.764183974452138,
            61.69747555043723,
            54.48586865771533,
            48.30042301946833,
            53.95859745722926,
            47.844609296038094,
            64.74114939770473,
            27.67180069515282,
            36.05034883023471,
            50.180103504607025,
            77.97313577905979,
            6.850570954298036,
            47.326749097701146,
            41.09745287775759,
            32.70265321244268,
            25.463967196158798,
            0.0,
            49.222710220664375,
            47.18749605833474,
            49.284920847981695,
            47.20678711373502
        ],
        [
            96.36483446617137,
            75.64944634825063,
            40.95469729847527,
            37.85979792357207,
            84.28115468821024,
            103.64226931793989,
            97.29812011466782,
            73.84024099537986,
            90.36450078753064,
            78.29109815942176,
            72.15861607527867,
            36.35548514181243,
            83.18989037843167,
            85.010358764598,
            44.124371054356395,
            33.836180651948126,
            73.62648350006766,
            52.52913958459092,
            74.20071203574831,
            49.222710220664375,
            0.0,
            77.17348553333761,
            81.50106963706828,
            96.36483446617137
        ],
        [
            53.785089273724296,
            89.86500817410987,
            46.24887523886034,
            39.39891350860887,
            106.4298969366784,
            64.08036437145641,
            62.308098663872514,
            99.96033548829382,
            25.26853133547769,
            111.33374153878094,
            27.66048739665584,
            81.10490056134537,
            6.875436089078638,
            124.95592661555514,
            52.97562833275508,
            90.69256613241964,
            84.17071376297794,
            24.692515083201002,
            52.62059236183208,
            47.18749605833474,
            77.17348553333761,
            0.0,
            4.947475347746094,
            53.785089273724296
        ],
        [
            51.267119812933586,
            90.59533247855344,
            49.1975042573423,
            43.856576496233316,
            107.26654552115045,
            61.46513418077224,
            60.17143677977092,
            101.18784398864696,
            21.48606701695245,
            112.75390556754819,
            27.31855081155377,
            83.95263707504317,
            1.92819073857116,
            126.58667013554914,
            55.36731914183858,
            93.8696473309396,
            84.83423038158186,
            29.190095804231337,
            52.29045206298748,
            49.284920847981695,
            81.50106963706828,
            4.947475347746094,
            0.0,
            51.267119812933586
        ],
        [
            0.0,
            59.53163798982427,
            55.604116023373024,
            69.73589184037415,
            74.97455716918672,
            10.338232173958257,
            10.028942822194846,
            73.48455111102945,
            31.453791973753223,
            85.61373715133327,
            30.583577837225867,
            77.51047055030645,
            50.35204262681914,
            100.29976177550135,
            52.96604437634035,
            89.70752820100108,
            54.168428452042434,
            61.47355428015813,
            24.297714004528675,
            47.20678711373502,
            96.36483446617137,
            53.785089273724296,
            51.267119812933586,
            0.0
        ]
    ],
    "scores_ave": [
        0,
        11.567588064496494,
        12.681976699963881,
        15.79691169885179,
        10.00616943551216,
        17.227221209138314,
        15.546129126400835,
        12.059927197050182,
        16.07156996317886,
        16.987211814507226,
        17.55059879954084,
        16.175806301327256,
        12.015063522663588,
        15.648791100187827,
        13.499384606562348,
        15.51542567730696,
        14.409744513689514,
        12.829558168511562,
        18.040810782371096,
        17.179913059008225,
        11.327046933947114,
        10.486790395158378,
        14.782228609086516,
        0
    ],
    "scores_var": [
        0,
        289.3466697394859,
        23.124891662518998,
        349.85879737091864,
        316.00822318189404,
        18.42235918205733,
        316.54782913550366,
        22.405650772794193,
        397.0025454539276,
        24.984987016001895,
        353.52411938733525,
        17.085489027181506,
        23.753423387076666,
        19.24072914786543,
        384.12464566965855,
        17.246741022260508,
        275.25864608442134,
        18.84956151252798,
        23.24412120499764,
        384.0780277971097,
        241.80334520930916,
        380.8976217106489,
        390.38444117409654,
        0
    ],
    "vertex_number": 24,
    "minimum_distances": {
        "cost": 436.37257835944763,
        "path": [
            0,
            5,
            6,
            18,
            19,
            2,
            14,
            16,
            1,
            7,
            4,
            9,
            13,
            11,
            15,
            20,
            3,
            17,
            21,
            22,
            12,
            8,
            10,
            23
        ]
    }
}