{
    "vertices": [
        [
            21.87875171884087,
            63.693995437237746
        ],
        [
            25.062371035572927,
            91.7908633628045
        ],
        [
            44.8968598762153,
            17.148920959444126
        ],
        [
            26.411620415798353,
            68.80813998298495
        ],
        [
            2.613251252521265,
            72.11396920391023
        ],
        [
            22.518203443827545,
            85.93746452950654
        ],
        [
            89.84929086892872,
            14.913924138845037
        ],
        [
            24.692132058113557,
            15.443835636355107
        ],
        [
            59.113594533606026,
            36.82084255868296
        ],
        [
            23.657028488809985,
            66.19840786675577
        ],
        [
            68.60282878902765,
            41.52192639779654
        ],
        [
            88.32122742744714,
            65.93580395025673
        ],
        [
            18.38188207658439,
            11.248109087934077
        ],
        [
            89.55837237821306,
            46.87462027646715
        ],
        [
            3.370059082774346,
            97.97067460537644
        ],
        [
            57.73751677776124,
            96.10398113172444
        ],
        [
            74.0400226649844,
            47.82902698146976
        ],
        [
            34.14391168019232,
            48.79198928156827
        ],
        [
            41.176902253134514,
            27.194387291755163
        ],
        [
            96.29970462262936,
            79.85517802379022
        ],
        [
            91.12845026577794,
            11.03359498762736
        ],
        [
            5.655233717499463,
            23.566601385766727
        ],
        [
            21.87875171884087,
            63.693995437237746
        ]
    ],
    "distances": [
        [
            0.0,
            28.276658557556114,
            51.92568980079073,
            6.833840286299713,
            21.025115135218968,
            22.252658622450166,
            83.66295206499649,
            48.33211178651433,
            45.919493301586485,
            3.071538684069626,
            51.717888815674804,
            66.48028492491423,
            52.56233530066004,
            69.7382422591455,
            38.95462023806543,
            48.334854962725196,
            54.520596207483926,
            19.30036104173053,
            41.287286285466095,
            76.15551230018606,
            86.99792252896033,
            43.28290990335423,
            0.0
        ],
        [
            28.276658557556114,
            0.0,
            77.23228931810927,
            23.022294582498564,
            29.852020748588007,
            6.382402888923686,
            100.53560944231664,
            76.34792544374511,
            64.6621141698797,
            25.63101180193589,
            66.50366519953859,
            68.33862018825184,
            80.81933060173986,
            78.59518485365874,
            22.555408771541842,
            32.95858210181106,
            65.81377832301713,
            43.947440798457,
            66.57614315323032,
            72.23031414237045,
            104.33821553137716,
            70.93086000602305,
            28.276658557556114
        ],
        [
            51.92568980079073,
            77.23228931810927,
            0.0,
            54.866920708484436,
            69.34738702184978,
            72.33718262559874,
            45.007957773517674,
            20.27654660346747,
            24.271383226451142,
            53.450749323428056,
            34.000240531401865,
            65.31336501194619,
            27.163645345532583,
            53.649491133208016,
            90.86600600082465,
            79.99239961691126,
            42.31539723145028,
            33.42019849948486,
            10.71211830363684,
            81.08222445791557,
            46.63429169280774,
            39.76294563579031,
            51.92568980079073
        ],
        [
            6.833840286299713,
            23.022294582498564,
            54.866920708484436,
            0.0,
            24.02687831720012,
            17.566230532977112,
            83.2401617848903,
            53.39199957495459,
            45.74501402024618,
            3.7945326988586534,
            50.24575122146921,
            61.976203131699684,
            58.1174143818826,
            66.84752478677824,
            37.16674554310196,
            41.54966578563129,
            52.04409556463264,
            21.457740260783446,
            44.155610750875184,
            70.75578678508282,
            86.753478980683,
            49.775741113647975,
            6.833840286299713
        ],
        [
            21.025115135218968,
            29.852020748588007,
            69.34738702184978,
            24.02687831720012,
            0.0,
            24.23419370961146,
            104.31668976439437,
            60.81924873090829,
            66.6175170602783,
            21.85942419882509,
            72.7358056702315,
            85.93036079234808,
            62.8752943986998,
            90.53440683984427,
            25.867778650478368,
            60.118261135813206,
            75.44230970188767,
            39.218583535145974,
            59.20239874920532,
            94.00573311805205,
            107.54418892138054,
            48.64257990061125,
            21.025115135218968
        ],
        [
            22.252658622450166,
            6.382402888923686,
            72.33718262559874,
            17.566230532977112,
            24.23419370961146,
            0.0,
            97.8663303872713,
            70.52714144317325,
            61.250838384781545,
            19.77188105412241,
            64.00416174544313,
            68.77575438565783,
            74.8038031835993,
            77.59052810677449,
            22.615250986928054,
            36.65730611402006,
            64.08393611670704,
            38.92227412924731,
            61.6351860921735,
            74.03177780747369,
            101.57733822716467,
            64.61024932072448,
            22.252658622450166
        ],
        [
            83.66295206499649,
            100.53560944231664,
            45.007957773517674,
            83.2401617848903,
            104.31668976439437,
            97.8663303872713,
            0.0,
            65.15931361281349,
            37.74382206230052,
            83.73478291747595,
            34.04993296799631,
            51.044756805879025,
            71.56136331484707,
            31.962020135930917,
            119.90446750802523,
            87.30974395672673,
            36.51488677628354,
            65.19825586912204,
            50.197720952418514,
            65.26081744617392,
            4.085731646148259,
            84.6375099064093,
            83.66295206499649
        ],
        [
            48.33211178651433,
            76.34792544374511,
            20.27654660346747,
            53.39199957495459,
            60.81924873090829,
            70.52714144317325,
            65.15931361281349,
            0.0,
            40.51929791974423,
            50.765126235341356,
            51.07069712816036,
            81.22869346315866,
            7.577821329281518,
            72.079978887053,
            85.2367875168021,
            87.16683155078928,
            59.025544688781835,
            34.66172946592664,
            20.244088336817647,
            96.31440949688573,
            66.58253975007058,
            20.697410993906704,
            48.33211178651433
        ],
        [
            45.919493301586485,
            64.6621141698797,
            24.271383226451142,
            45.74501402024618,
            66.6175170602783,
            61.250838384781545,
            37.74382206230052,
            40.51929791974423,
            0.0,
            46.045731823037265,
            10.589889329763656,
            41.24035397634482,
            48.09404429705877,
            32.061861212445066,
            82.7444481756749,
            59.29910715230516,
            18.54665417392824,
            27.691034933005128,
            20.35665913087136,
            56.87495769208405,
            41.10879619792696,
            55.07695752503823,
            45.919493301586485
        ],
        [
            3.071538684069626,
            25.63101180193589,
            53.450749323428056,
            3.7945326988586534,
            21.85942419882509,
            19.77188105412241,
            83.73478291747595,
            50.765126235341356,
            46.045731823037265,
            0.0,
            51.27429865258944,
            64.66473215897986,
            55.20292116865003,
            68.67602123932309,
            37.69665849105843,
            45.34118430654136,
            53.62723427760504,
            20.32137118977108,
            42.75815241252758,
            73.91526071796702,
            87.15244882729779,
            46.276727831825816,
            3.071538684069626
        ],
        [
            51.717888815674804,
            66.50366519953859,
            34.000240531401865,
            50.24575122146921,
            72.7358056702315,
            64.00416174544313,
            34.04993296799631,
            51.07069712816036,
            10.589889329763656,
            51.27429865258944,
            0.0,
            31.382362275809367,
            58.63998212145869,
            21.628364221017907,
            86.26572562583493,
            55.65299366682507,
            8.327220125426772,
            35.21747836866774,
            30.942847690336333,
            47.292230981036376,
            37.90701749135828,
            65.45833347692793,
            51.717888815674804
        ],
        [
            66.48028492491423,
            68.33862018825184,
            65.31336501194619,
            61.976203131699684,
            85.93036079234808,
            68.77575438565783,
            51.044756805879025,
            81.22869346315866,
            41.24035397634482,
            64.66473215897986,
            31.382362275809367,
            0.0,
            88.78207024766745,
            19.101289241178144,
            90.79060491601093,
            42.95907670744496,
            23.06096662468385,
            56.82509941013815,
            61.020363493254855,
            16.043848445837398,
            54.973930631166134,
            92.89141963606701,
            66.48028492491423
        ],
        [
            52.56233530066004,
            80.81933060173986,
            27.163645345532583,
            58.1174143818826,
            62.8752943986998,
            74.8038031835993,
            71.56136331484707,
            7.577821329281518,
            48.09404429705877,
            55.20292116865003,
            58.63998212145869,
            88.78207024766745,
            0.0,
            79.59485580817716,
            88.0122616430493,
            93.53814731458282,
            66.6032444231638,
            40.71835602303918,
            27.818999503989836,
            103.81771033058989,
            72.74688446665066,
            17.711940349593586,
            52.56233530066004
        ],
        [
            69.7382422591455,
            78.59518485365874,
            53.649491133208016,
            66.84752478677824,
            90.53440683984427,
            77.59052810677449,
            31.962020135930917,
            72.079978887053,
            32.061861212445066,
            68.67602123932309,
            21.628364221017907,
            19.101289241178144,
            79.59485580817716,
            0.0,
            100.19596856508524,
            58.618229428753175,
            15.547670886040068,
            55.44762175561913,
            52.23100824028207,
            33.662482822188245,
            35.87539878981519,
            87.08042502036943,
            69.7382422591455
        ],
        [
            38.95462023806543,
            22.555408771541842,
            90.86600600082465,
            37.16674554310196,
            25.867778650478368,
            22.615250986928054,
            119.90446750802523,
            85.2367875168021,
            82.7444481756749,
            37.69665849105843,
            86.26572562583493,
            90.79060491601093,
            88.0122616430493,
            100.19596856508524,
            0.0,
            54.3994944897539,
            86.65118913870093,
            58.013559568998645,
            80.2411380552923,
            94.6788795696303,
            123.52971721610928,
            74.4391572680685,
            38.95462023806543
        ],
        [
            48.334854962725196,
            32.95858210181106,
            79.99239961691126,
            41.54966578563129,
            60.118261135813206,
            36.65730611402006,
            87.30974395672673,
            87.16683155078928,
            59.29910715230516,
            45.34118430654136,
            55.65299366682507,
            42.95907670744496,
            93.53814731458282,
            58.618229428753175,
            54.3994944897539,
            0.0,
            50.95334038522045,
            52.8685423889223,
            70.87161686192019,
            41.845739733254895,
            91.38886714423667,
            89.29857596388929,
            48.334854962725196
        ],
        [
            54.520596207483926,
            65.81377832301713,
            42.31539723145028,
            52.04409556463264,
            75.44230970188767,
            64.08393611670704,
            36.51488677628354,
            59.025544688781835,
            18.54665417392824,
            53.62723427760504,
            8.327220125426772,
            23.06096662468385,
            66.6032444231638,
            15.547670886040068,
            86.65118913870093,
            50.95334038522045,
            0.0,
            39.90773068093774,
            38.80429149370067,
            39.00215111299668,
            40.569917099755614,
            72.56131652043727,
            54.520596207483926
        ],
        [
            19.30036104173053,
            43.947440798457,
            33.42019849948486,
            21.457740260783446,
            39.218583535145974,
            38.92227412924731,
            65.19825586912204,
            34.66172946592664,
            27.691034933005128,
            20.32137118977108,
            35.21747836866774,
            56.82509941013815,
            40.71835602303918,
            55.44762175561913,
            58.013559568998645,
            52.8685423889223,
            39.90773068093774,
            0.0,
            22.71385850333388,
            69.48571285622685,
            68.35886173327351,
            38.051609250538576,
            19.30036104173053
        ],
        [
            41.287286285466095,
            66.57614315323032,
            10.71211830363684,
            44.155610750875184,
            59.20239874920532,
            61.6351860921735,
            50.197720952418514,
            20.244088336817647,
            20.35665913087136,
            42.75815241252758,
            30.942847690336333,
            61.020363493254855,
            27.818999503989836,
            52.23100824028207,
            80.2411380552923,
            70.87161686192019,
            38.80429149370067,
            22.71385850333388,
            0.0,
            76.2343900191349,
            52.50074624952086,
            35.70643872098159,
            41.287286285466095
        ],
        [
            76.15551230018606,
            72.23031414237045,
            81.08222445791557,
            70.75578678508282,
            94.00573311805205,
            74.03177780747369,
            65.26081744617392,
            96.31440949688573,
            56.87495769208405,
            73.91526071796702,
            47.292230981036376,
            16.043848445837398,
            103.81771033058989,
            33.662482822188245,
            94.6788795696303,
            41.845739733254895,
            39.00215111299668,
            69.48571285622685,
            76.2343900191349,
            0.0,
            69.01559362366388,
            106.69969056002732,
            76.15551230018606
        ],
        [
            86.99792252896033,
            104.33821553137716,
            46.63429169280774,
            86.753478980683,
            107.54418892138054,
            101.57733822716467,
            4.085731646148259,
            66.58253975007058,
            41.10879619792696,
            87.15244882729779,
            37.90701749135828,
            54.973930631166134,
            72.74688446665066,
            35.87539878981519,
            123.52971721610928,
            91.38886714423667,
            40.569917099755614,
            68.35886173327351,
            52.50074624952086,
            69.01559362366388,
            0.0,
            86.38719231740727,
            86.99792252896033
        ],
        [
            43.28290990335423,
            70.93086000602305,
            39.76294563579031,
            49.775741113647975,
            48.64257990061125,
            64.61024932072448,
            84.6375099064093,
            20.697410993906704,
            55.07695752503823,
            46.276727831825816,
            65.45833347692793,
            92.89141963606701,
            17.711940349593586,
            87.08042502036943,
            74.4391572680685,
            89.29857596388929,
            72.56131652043727,
            38.051609250538576,
            35.70643872098159,
            106.69969056002732,
            86.38719231740727,
            0.0,
            43.28290990335423
        ],
        [
            0.0,
            28.276658557556114,
            51.92568980079073,
            6.833840286299713,
            21.025115135218968,
            22.252658622450166,
            83.66295206499649,
            48.33211178651433,
            45.919493301586485,
            3.071538684069626,
            51.717888815674804,
            66.48028492491423,
            52.56233530066004,
            69.7382422591455,
            38.95462023806543,
            48.334854962725196,
            54.520596207483926,
            19.30036104173053,
            41.287286285466095,
            76.15551230018606,
            86.99792252896033,
            43.28290990335423,
            0.0
        ]
    ],
    "scores_ave": [
        0,
        19.384667133703317,
        17.49071901164889,
        19.12617992902493,
        12.730867330908282,
        11.202433748730726,
        13.037838641432774,
        11.965494280596376,
        13.709026548548657,
        13.22075818097278,
        15.496272192814434,
        15.8270777439561,
        10.303516187611582,
        14.948299454082687,
        13.482393671964967,
        16.51644613536714,
        10.92803761010506,
        15.652750103344921,
        10.717850266279,
        19.377808610095737,
        17.910587240034467,
        14.953029998574053,
        0
    ],
    "scores_var": [
        0,
        20.016638030681854,
        21.447296164690307,
        396.5500986070375,
        393.72965535277024,
        21.392420826999203,
        326.8296337314713,
        16.184712157320536,
        294.98888796723406,
        256.7762208418477,
        16.34935517770314,
        299.90847014644044,
        290.0947029906954,
        23.586463650007175,
        367.9920564470388,
        248.54173036296515,
        249.01709359167546,
        231.707740046955,
        22.941660170119512,
        356.7686282027368,
        249.7976054946447,
        17.42175388106587,
        0
    ],
    "vertex_number": 23,
    "minimum_distances": {
        "cost": 461.20268352582747,
        "path": [
            0,
            9,
            4,
            14,
            1,
            5,
            3,
            15,
            19,
            11,
            13,
            20,
            6,
            16,
            10,
            8,
            17,
            18,
            2,
            7,
            12,
            21,
            22
        ]
    }
}