{
    "vertices": [
        [
            77.321012394136,
            86.96956154585742
        ],
        [
            18.406730289743845,
            3.0003152167944136
        ],
        [
            11.10711006525148,
            96.77714576637229
        ],
        [
            62.8827800715427,
            25.836824339788812
        ],
        [
            27.365937925045046,
            13.387667754091737
        ],
        [
            18.089340616009586,
            80.43028177433033
        ],
        [
            52.18887053023155,
            30.0629256792186
        ],
        [
            88.36348260587667,
            89.8593183991849
        ],
        [
            27.893236623794326,
            80.60970086001808
        ],
        [
            51.11476210019362,
            93.31312627561938
        ],
        [
            77.75753976867544,
            84.64809262249673
        ],
        [
            57.20970336883931,
            22.848691527390518
        ],
        [
            24.900921623859475,
            81.7518274770214
        ],
        [
            50.32643840367055,
            25.475309194081277
        ],
        [
            3.227404939790346,
            57.70151186077071
        ],
        [
            77.321012394136,
            86.96956154585742
        ]
    ],
    "distances": [
        [
            0.0,
            102.5754696062697,
            66.93630980164318,
            62.81460109646023,
            88.93708202541339,
            59.591552434569124,
            62.20924175977105,
            11.41432621964753,
            49.835257053079005,
            26.963092700011902,
            2.362154548468771,
            67.20082382408796,
            52.67912931301279,
            67.1583955826123,
            79.66480652061719,
            0.0
        ],
        [
            102.5754696062697,
            0.0,
            94.06050395009618,
            49.996251390655836,
            13.717306375033564,
            77.43061705363145,
            43.285307949336456,
            111.52772582842024,
            78.18702285126727,
            96.05321018196327,
            100.93997295965335,
            43.584730834823795,
            79.01882816365213,
            39.038354478094476,
            56.76823788319225,
            102.5754696062697
        ],
        [
            66.93630980164318,
            94.06050395009618,
            0.0,
            87.82510579957955,
            84.95972296644464,
            17.775587355647573,
            78.34856861959368,
            77.56547836259422,
            23.305800128710793,
            40.15733622118536,
            67.74506409929816,
            87.12557291336019,
            20.396799430564833,
            81.37633325419877,
            39.862199111298644,
            66.93630980164318
        ],
        [
            62.81460109646023,
            49.996251390655836,
            87.82510579957955,
            0.0,
            37.63545636437051,
            70.61797089207255,
            11.498679655024569,
            68.9067917351303,
            64.99489328387388,
            68.49479958295642,
            60.66319933096252,
            6.411921473262701,
            67.59518582692539,
            12.56154486044285,
            67.63225630510871,
            62.81460109646023
        ],
        [
            88.93708202541339,
            13.717306375033564,
            84.95972296644464,
            37.63545636437051,
            0.0,
            67.68136635958746,
            29.903882858102847,
            97.81929160178593,
            67.22410117518835,
            83.37916747952427,
            87.2774981813329,
            31.307527955798957,
            68.4085860107293,
            25.947941301974506,
            50.461723654580766,
            88.93708202541339
        ],
        [
            59.591552434569124,
            77.43061705363145,
            17.775587355647573,
            70.61797089207255,
            67.68136635958746,
            0.0,
            60.82473592530186,
            70.90389103628128,
            9.805537626248068,
            35.449205162491275,
            59.81708717810576,
            69.6135210808896,
            6.938596318478438,
            63.7124751133335,
            27.15647462075317,
            59.591552434569124
        ],
        [
            62.20924175977105,
            43.285307949336456,
            78.34856861959368,
            11.498679655024569,
            29.903882858102847,
            60.82473592530186,
            0.0,
            69.8871314416599,
            56.08256688217746,
            63.25932013865163,
            60.27683880936766,
            8.789421868965258,
            58.44976239968537,
            4.951250189674346,
            56.22380775862696,
            62.20924175977105
        ],
        [
            11.41432621964753,
            111.52772582842024,
            77.56547836259422,
            68.9067917351303,
            97.81929160178593,
            70.90389103628128,
            69.8871314416599,
            0.0,
            61.17357332831236,
            37.40850128189866,
            11.817059598800336,
            73.89845786280598,
            63.97834051809421,
            74.78046117110706,
            91.00701204702831,
            11.41432621964753
        ],
        [
            49.835257053079005,
            78.18702285126727,
            23.305800128710793,
            64.99489328387388,
            67.22410117518835,
            9.805537626248068,
            56.08256688217746,
            61.17357332831236,
            0.0,
            26.469156819604336,
            50.02756576280578,
            64.77491352010604,
            3.2028740637281614,
            59.52352212755528,
            33.662863453498026,
            49.835257053079005
        ],
        [
            26.963092700011902,
            96.05321018196327,
            40.15733622118536,
            68.49479958295642,
            83.37916747952427,
            35.449205162491275,
            63.25932013865163,
            37.40850128189866,
            26.469156819604336,
            0.0,
            28.016431073602174,
            70.72753971018392,
            28.650114527330565,
            67.84239736800818,
            59.6773496147398,
            26.963092700011902
        ],
        [
            2.362154548468771,
            100.93997295965335,
            67.74506409929816,
            60.66319933096252,
            87.2774981813329,
            59.81708717810576,
            60.27683880936766,
            11.817059598800336,
            50.02756576280578,
            28.016431073602174,
            0.0,
            65.12587470758643,
            52.93590873405107,
            65.22180326212495,
            79.25187198016218,
            2.362154548468771
        ],
        [
            67.20082382408796,
            43.584730834823795,
            87.12557291336019,
            6.411921473262701,
            31.307527955798957,
            69.6135210808896,
            8.789421868965258,
            73.89845786280598,
            64.77491352010604,
            70.72753971018392,
            65.12587470758643,
            0.0,
            67.18211668699819,
            7.367391461548086,
            64.25579840663238,
            67.20082382408796
        ],
        [
            52.67912931301279,
            79.01882816365213,
            20.396799430564833,
            67.59518582692539,
            68.4085860107293,
            6.938596318478438,
            58.44976239968537,
            63.97834051809421,
            3.2028740637281614,
            28.650114527330565,
            52.93590873405107,
            67.18211668699819,
            0.0,
            61.75357004716851,
            32.37528388595062,
            52.67912931301279
        ],
        [
            67.1583955826123,
            39.038354478094476,
            81.37633325419877,
            12.56154486044285,
            25.947941301974506,
            63.7124751133335,
            4.951250189674346,
            74.78046117110706,
            59.52352212755528,
            67.84239736800818,
            65.22180326212495,
            7.367391461548086,
            61.75357004716851,
            0.0,
            57.06879262386973,
            67.1583955826123
        ],
        [
            79.66480652061719,
            56.76823788319225,
            39.862199111298644,
            67.63225630510871,
            50.461723654580766,
            27.15647462075317,
            56.22380775862696,
            91.00701204702831,
            33.662863453498026,
            59.6773496147398,
            79.25187198016218,
            64.25579840663238,
            32.37528388595062,
            57.06879262386973,
            0.0,
            79.66480652061719
        ],
        [
            0.0,
            102.5754696062697,
            66.93630980164318,
            62.81460109646023,
            88.93708202541339,
            59.591552434569124,
            62.20924175977105,
            11.41432621964753,
            49.835257053079005,
            26.963092700011902,
            2.362154548468771,
            67.20082382408796,
            52.67912931301279,
            67.1583955826123,
            79.66480652061719,
            0.0
        ]
    ],
    "scores_ave": [
        0,
        12.457600895907182,
        10.449843495621927,
        10.2393650569881,
        17.905153367802995,
        11.00960901697782,
        17.08920072961026,
        11.32848818734441,
        18.189982618844546,
        15.794393514408204,
        12.556475874812246,
        18.582177513297772,
        13.46100663549797,
        18.651888574456322,
        15.63125016436706,
        0
    ],
    "scores_var": [
        0,
        20.980396102388397,
        23.655592045537087,
        20.20941171615172,
        340.07770615460106,
        249.79912500051057,
        226.74493526680445,
        22.121885859608923,
        354.8864024338926,
        246.11934179528134,
        23.946783769888995,
        360.131454364711,
        16.390998040185398,
        16.935247835007672,
        361.86593432561347,
        0
    ],
    "vertex_number": 16,
    "minimum_distances": {
        "cost": 320.88359134327106,
        "path": [
            0,
            9,
            8,
            12,
            5,
            2,
            14,
            1,
            4,
            13,
            6,
            11,
            3,
            7,
            10,
            15
        ]
    }
}