{
    "vertices": [
        [
            65.35239057782435,
            47.58188733435087
        ],
        [
            90.3447222275016,
            50.03272617375255
        ],
        [
            36.537134383677675,
            49.571772218619934
        ],
        [
            61.575113363276024,
            0.9854479527620419
        ],
        [
            82.54984148352268,
            0.16282624809637047
        ],
        [
            23.476497172323985,
            35.63100666534861
        ],
        [
            71.4285147593327,
            40.7446329691487
        ],
        [
            50.72475333549732,
            9.384883952336164
        ],
        [
            46.93945096720512,
            97.77416617712011
        ],
        [
            40.3403746454564,
            74.98881267661088
        ],
        [
            58.031093563736825,
            78.05986104436543
        ],
        [
            53.274534626246314,
            28.415360345859852
        ],
        [
            51.82515354039576,
            56.5861144307097
        ],
        [
            33.70075621056535,
            95.45802315764422
        ],
        [
            25.33381346148684,
            94.5190175790241
        ],
        [
            57.836794591409216,
            4.853741266790623
        ],
        [
            94.02869653143175,
            53.0786603470672
        ],
        [
            32.072872339118454,
            77.86193778819082
        ],
        [
            31.87693846588191,
            94.69337723240483
        ],
        [
            80.39644119139183,
            41.5424657569611
        ],
        [
            66.668233257629,
            80.43428209448605
        ],
        [
            65.35239057782435,
            47.58188733435087
        ]
    ],
    "distances": [
        [
            0.0,
            25.112213209993644,
            28.883881861462996,
            46.74928861702205,
            50.44124970652333,
            43.5478357358154,
            9.146984876099152,
            40.902063990204155,
            53.46308259476451,
            37.10445387978702,
            31.344987979529137,
            22.654588082497185,
            16.24999222983145,
            57.39294677474824,
            61.68128330394618,
            43.38408290377686,
            29.19837387078646,
            44.9934194042579,
            57.793584198537054,
            16.211047833283978,
            32.878736037654384,
            0.0
        ],
        [
            25.112213209993644,
            0.0,
            53.80956223683278,
            56.86234162508415,
            50.47541069082861,
            68.40152810302287,
            21.073480499343656,
            56.76256699851186,
            64.52334977955705,
            55.88596452280427,
            42.77488616554351,
            42.9128106062654,
            39.073060661881726,
            72.60851528713823,
            78.77466840030387,
            55.658836103685395,
            4.780102683016712,
            64.57610632807962,
            73.57347002132099,
            13.078716202990151,
            38.53350142852302,
            25.112213209993644
        ],
        [
            28.883881861462996,
            53.80956223683278,
            0.0,
            54.65831407068736,
            67.51602148064,
            19.103015169806913,
            35.99064895008424,
            42.617772349676,
            49.31205708175623,
            25.70001132552208,
            35.68699323531774,
            26.97655148846495,
            16.820360471894872,
            45.97383023394956,
            46.32244882531549,
            49.53158403658808,
            57.59841996560768,
            28.64023574547224,
            45.36162105802942,
            44.58821095209402,
            43.132095186644534,
            28.883881861462996
        ],
        [
            46.74928861702205,
            56.86234162508415,
            54.65831407068736,
            0.0,
            20.99085339349625,
            51.495818220247315,
            40.96196177234528,
            13.72154648147794,
            97.88901158600973,
            76.98968839308976,
            77.15585026266415,
            28.6583269096898,
            56.44905516782146,
            98.4989708195928,
            100.3093239215689,
            5.379472130557978,
            61.37538462617231,
            82.34304411948996,
            98.30136114070213,
            44.7114535033645,
            79.6119156705667,
            46.74928861702205
        ],
        [
            50.44124970652333,
            50.47541069082861,
            67.51602148064,
            20.99085339349625,
            0.0,
            68.90320624049498,
            42.07810529065003,
            33.13431127894336,
            103.90415581421209,
            85.9102283535206,
            81.66466206141527,
            40.68475481716685,
            64.24635319254129,
            107.08598267763226,
            110.34837880593005,
            25.154311169348492,
            54.14655678434882,
            92.65568707923532,
            107.25562069016323,
            41.435633200202794,
            81.82745323874906,
            50.44124970652333
        ],
        [
            43.5478357358154,
            68.40152810302287,
            19.103015169806913,
            51.495818220247315,
            68.90320624049498,
            0.0,
            48.22390656759061,
            37.83287487622928,
            66.42501392462184,
            42.8185387122094,
            54.71953778760615,
            30.6592333223339,
            35.252841861797656,
            60.694376800906944,
            58.91729332859031,
            46.12884243227083,
            72.67759939214059,
            43.09697448209704,
            59.656776906959884,
            57.22608999159059,
            62.23230314910248,
            43.5478357358154
        ],
        [
            9.146984876099152,
            21.073480499343656,
            35.99064895008424,
            40.96196177234528,
            42.07810529065003,
            48.22390656759061,
            0.0,
            37.57764755133786,
            62.065142417737256,
            46.250797826383156,
            39.64741026848595,
            21.944884554079454,
            25.204053364034557,
            66.46005440136689,
            70.8265905427364,
            38.37826161140619,
            25.746775477545945,
            54.09769780071472,
            66.89390252391372,
            9.003346136194772,
            39.974098209563834,
            9.146984876099152
        ],
        [
            40.902063990204155,
            56.76256699851186,
            42.617772349676,
            13.72154648147794,
            33.13431127894336,
            37.83287487622928,
            37.57764755133786,
            0.0,
            88.47029855398875,
            66.42071051139014,
            69.06254474113689,
            19.20053166959488,
            47.214055526754734,
            87.7405366450766,
            88.83985893759834,
            8.43281595094816,
            61.51729506366051,
            70.97182234338932,
            87.36577791718457,
            43.755218291522475,
            72.81628614801188,
            40.902063990204155
        ],
        [
            53.46308259476451,
            64.52334977955705,
            49.31205708175623,
            97.88901158600973,
            103.90415581421209,
            66.42501392462184,
            62.065142417737256,
            88.47029855398875,
            0.0,
            23.721723007476353,
            22.620308626465597,
            69.64752135794576,
            41.476809138344564,
            13.439775197009366,
            21.849475152144656,
            93.55724164157557,
            64.92368819785527,
            24.84978872179731,
            15.374346925134668,
            65.43221169274226,
            26.265879590490187,
            53.46308259476451
        ],
        [
            37.10445387978702,
            55.88596452280427,
            25.70001132552208,
            76.98968839308976,
            85.9102283535206,
            42.8185387122094,
            46.250797826383156,
            66.42071051139014,
            23.721723007476353,
            0.0,
            17.955302111707642,
            48.33610406738844,
            21.692382280315336,
            21.51913359496126,
            24.62977430059941,
            72.28452775377121,
            57.98698717846882,
            8.75251062793382,
            21.445270254748056,
            52.18377707105891,
            26.88511253990886,
            37.10445387978702
        ],
        [
            31.344987979529137,
            42.77488616554351,
            35.68699323531774,
            77.15585026266415,
            81.66466206141527,
            54.71953778760615,
            39.64741026848595,
            69.06254474113689,
            22.620308626465597,
            17.955302111707642,
            0.0,
            49.87184879799166,
            22.35252749021456,
            29.910890335111397,
            36.6062284306563,
            73.20637762503536,
            43.81652436807936,
            25.958975764878755,
            30.995381747292914,
            42.82206128950816,
            8.957569838693063,
            31.344987979529137
        ],
        [
            22.654588082497185,
            42.9128106062654,
            26.97655148846495,
            28.6583269096898,
            40.68475481716685,
            30.6592333223339,
            21.944884554079454,
            19.20053166959488,
            69.64752135794576,
            48.33610406738844,
            49.87184879799166,
            0.0,
            28.208014663231896,
            69.84161680803783,
            71.76612988594623,
            23.9992522720373,
            47.63591165857564,
            53.80032067281619,
            69.64648335598275,
            30.131689501298247,
            53.71554135367155,
            22.654588082497185
        ],
        [
            16.24999222983145,
            39.073060661881726,
            16.820360471894872,
            56.44905516782146,
            64.24635319254129,
            35.252841861797656,
            25.204053364034557,
            47.214055526754734,
            41.476809138344564,
            21.692382280315336,
            22.35252749021456,
            28.208014663231896,
            0.0,
            42.88961490436457,
            46.26765868763846,
            52.08049789793877,
            42.34904101800988,
            29.031246480181867,
            43.01272791740276,
            32.28977924135033,
            28.09007149175183,
            16.24999222983145
        ],
        [
            57.39294677474824,
            72.60851528713823,
            45.97383023394956,
            98.4989708195928,
            107.08598267763226,
            60.694376800906944,
            66.46005440136689,
            87.7405366450766,
            13.439775197009366,
            21.51913359496126,
            29.910890335111397,
            69.84161680803783,
            42.88961490436457,
            0.0,
            8.419469249485813,
            93.76398160103287,
            73.72564530466,
            17.67122594015506,
            1.9776234618368087,
            71.3258321062919,
            36.229371211511435,
            57.39294677474824
        ],
        [
            61.68128330394618,
            78.77466840030387,
            46.32244882531549,
            100.3093239215689,
            110.34837880593005,
            58.91729332859031,
            70.8265905427364,
            88.83985893759834,
            21.849475152144656,
            24.62977430059941,
            36.6062284306563,
            71.76612988594623,
            46.26765868763846,
            8.419469249485813,
            0.0,
            95.37455404079888,
            80.22649292787018,
            17.968673343192922,
            6.545447739602466,
            76.4094759534302,
            43.66822681942918,
            61.68128330394618
        ],
        [
            43.38408290377686,
            55.658836103685395,
            49.53158403658808,
            5.379472130557978,
            25.154311169348492,
            46.12884243227083,
            38.37826161140619,
            8.43281595094816,
            93.55724164157557,
            72.28452775377121,
            73.20637762503536,
            23.9992522720373,
            52.08049789793877,
            93.76398160103287,
            95.37455404079888,
            0.0,
            60.29507928791064,
            77.42077530695153,
            93.51510209849614,
            43.069712785572904,
            76.09475974547878,
            43.38408290377686
        ],
        [
            29.19837387078646,
            4.780102683016712,
            57.59841996560768,
            61.37538462617231,
            54.14655678434882,
            72.67759939214059,
            25.746775477545945,
            61.51729506366051,
            64.92368819785527,
            57.98698717846882,
            43.81652436807936,
            47.63591165857564,
            42.34904101800988,
            73.72564530466,
            80.22649292787018,
            60.29507928791064,
            0.0,
            66.72881680408052,
            74.79723051079796,
            17.858392180620296,
            38.69011490994779,
            29.19837387078646
        ],
        [
            44.9934194042579,
            64.57610632807962,
            28.64023574547224,
            82.34304411948996,
            92.65568707923532,
            43.09697448209704,
            54.09769780071472,
            70.97182234338932,
            24.84978872179731,
            8.75251062793382,
            25.958975764878755,
            53.80032067281619,
            29.031246480181867,
            17.67122594015506,
            17.968673343192922,
            77.42077530695153,
            66.72881680408052,
            0.0,
            16.832579833374467,
            60.45056951963053,
            34.69086266312984,
            44.9934194042579
        ],
        [
            57.793584198537054,
            73.57347002132099,
            45.36162105802942,
            98.30136114070213,
            107.25562069016323,
            59.656776906959884,
            66.89390252391372,
            87.36577791718457,
            15.374346925134668,
            21.445270254748056,
            30.995381747292914,
            69.64648335598275,
            43.01272791740276,
            1.9776234618368087,
            6.545447739602466,
            93.51510209849614,
            74.79723051079796,
            16.832579833374467,
            0.0,
            71.96639170752707,
            37.59994664143112,
            57.793584198537054
        ],
        [
            16.211047833283978,
            13.078716202990151,
            44.58821095209402,
            44.7114535033645,
            41.435633200202794,
            57.22608999159059,
            9.003346136194772,
            43.755218291522475,
            65.43221169274226,
            52.18377707105891,
            42.82206128950816,
            30.131689501298247,
            32.28977924135033,
            71.3258321062919,
            76.4094759534302,
            43.069712785572904,
            17.858392180620296,
            60.45056951963053,
            71.96639170752707,
            0.0,
            41.24363067316457,
            16.211047833283978
        ],
        [
            32.878736037654384,
            38.53350142852302,
            43.132095186644534,
            79.6119156705667,
            81.82745323874906,
            62.23230314910248,
            39.974098209563834,
            72.81628614801188,
            26.265879590490187,
            26.88511253990886,
            8.957569838693063,
            53.71554135367155,
            28.09007149175183,
            36.229371211511435,
            43.66822681942918,
            76.09475974547878,
            38.69011490994779,
            34.69086266312984,
            37.59994664143112,
            41.24363067316457,
            0.0,
            32.878736037654384
        ],
        [
            0.0,
            25.112213209993644,
            28.883881861462996,
            46.74928861702205,
            50.44124970652333,
            43.5478357358154,
            9.146984876099152,
            40.902063990204155,
            53.46308259476451,
            37.10445387978702,
            31.344987979529137,
            22.654588082497185,
            16.24999222983145,
            57.39294677474824,
            61.68128330394618,
            43.38408290377686,
            29.19837387078646,
            44.9934194042579,
            57.793584198537054,
            16.211047833283978,
            32.878736037654384,
            0.0
        ]
    ],
    "scores_ave": [
        0,
        14.339875198572692,
        15.495297386114531,
        15.536721253914166,
        15.338501556192178,
        10.652204280909803,
        17.21834205703044,
        10.994051927969716,
        14.600716970248747,
        11.205114909069623,
        10.899297282286081,
        17.1463408419614,
        12.782019502741237,
        16.704196370049324,
        19.423578256700317,
        13.248442879901393,
        12.686165570706658,
        16.25167393850384,
        12.801134504129566,
        19.04996289879338,
        15.140709195500241,
        0
    ],
    "scores_var": [
        0,
        18.42128424767851,
        344.8477536560315,
        22.49516944018778,
        253.71915926814816,
        17.910751406160756,
        349.7620634016853,
        16.652175635361882,
        24.291072436963432,
        19.807469029505697,
        284.0602427549782,
        18.78611298327694,
        19.911754074275766,
        22.715963683240453,
        20.34677666833254,
        17.59334177712206,
        24.9227746863629,
        24.752467707817694,
        319.3828073698528,
        342.74360610456176,
        20.61272288234056,
        0
    ],
    "vertex_number": 22,
    "minimum_distances": {
        "cost": 348.55229081589545,
        "path": [
            0,
            11,
            4,
            3,
            15,
            7,
            5,
            2,
            12,
            9,
            17,
            14,
            18,
            13,
            8,
            10,
            20,
            16,
            1,
            19,
            6,
            21
        ]
    }
}