{
    "vertices": [
        [
            10.507603132848597,
            30.133753239960825
        ],
        [
            50.49292827199704,
            41.70113367292464
        ],
        [
            72.96937746058269,
            53.22288578027159
        ],
        [
            15.481950390176857,
            30.06004531818014
        ],
        [
            55.81808906391822,
            81.2182257744615
        ],
        [
            22.952207505131405,
            44.98995089397797
        ],
        [
            32.82821852823602,
            65.74624762867593
        ],
        [
            4.47732308913894,
            99.91993371671916
        ],
        [
            0.8467186642101998,
            15.9786580630072
        ],
        [
            10.507603132848597,
            30.133753239960825
        ]
    ],
    "distances": [
        [
            0.0,
            41.62487857717222,
            66.59265194924151,
            4.9748933148583605,
            68.28369841651674,
            19.379751977718005,
            42.029271088315,
            70.0462366079738,
            17.137660522515738,
            0.0
        ],
        [
            41.62487857717222,
            0.0,
            25.25750462239345,
            36.895575755424524,
            39.87427623946498,
            27.73639520687504,
            29.836378390756323,
            74.20825155522805,
            55.914147404061374,
            41.62487857717222
        ],
        [
            66.59265194924151,
            25.25750462239345,
            0.0,
            61.97839502155191,
            32.831475066707654,
            50.690221021361204,
            42.04934282979919,
            82.89617480921353,
            81.17148766724317,
            66.59265194924151
        ],
        [
            4.9748933148583605,
            36.895575755424524,
            61.97839502155191,
            0.0,
            65.14724484354456,
            16.694514723877663,
            39.67868513021924,
            70.7213251367017,
            20.309492231537643,
            4.9748933148583605
        ],
        [
            68.28369841651674,
            39.87427623946498,
            32.831475066707654,
            65.14724484354456,
            0.0,
            48.91476332818219,
            27.711301936053,
            54.640901629041196,
            85.31150425821436,
            68.28369841651674
        ],
        [
            19.379751977718005,
            27.73639520687504,
            50.690221021361204,
            16.694514723877663,
            48.91476332818219,
            0.0,
            22.986070735715515,
            57.953639808824114,
            36.47338411253373,
            19.379751977718005
        ],
        [
            42.029271088315,
            29.836378390756323,
            42.04934282979919,
            39.67868513021924,
            27.711301936053,
            22.986070735715515,
            0.0,
            44.40286131594151,
            59.15766480118652,
            42.029271088315
        ],
        [
            70.0462366079738,
            74.20825155522805,
            82.89617480921353,
            70.7213251367017,
            54.640901629041196,
            57.953639808824114,
            44.40286131594151,
            0.0,
            84.01975390860632,
            70.0462366079738
        ],
        [
            17.137660522515738,
            55.914147404061374,
            81.17148766724317,
            20.309492231537643,
            85.31150425821436,
            36.47338411253373,
            59.15766480118652,
            84.01975390860632,
            0.0,
            17.137660522515738
        ],
        [
            0.0,
            41.62487857717222,
            66.59265194924151,
            4.9748933148583605,
            68.28369841651674,
            19.379751977718005,
            42.029271088315,
            70.0462366079738,
            17.137660522515738,
            0.0
        ]
    ],
    "scores_ave": [
        0,
        13.215330840472244,
        13.181173660234075,
        19.587562313494267,
        16.655951796992206,
        12.337315679552349,
        14.608716977297785,
        12.588758007181138,
        13.701090094111027,
        0
    ],
    "scores_var": [
        0,
        18.303707273113368,
        320.6647435958736,
        22.087080896314482,
        274.82996319018974,
        23.245191168908686,
        19.600541869023697,
        377.47572154440525,
        309.5134109114831,
        0
    ],
    "vertex_number": 10,
    "minimum_distances": {
        "cost": 274.84002933511243,
        "path": [
            0,
            3,
            5,
            6,
            7,
            4,
            2,
            1,
            8,
            9
        ]
    }
}