{
    "vertices": [
        [
            5.6829272210482396,
            24.684108589908284
        ],
        [
            11.762285977435582,
            92.46188848880695
        ],
        [
            20.117202787134204,
            93.98348125381382
        ],
        [
            46.370043283267634,
            97.18601087219581
        ],
        [
            80.8250499177395,
            76.13724922987456
        ],
        [
            96.81911741043685,
            87.18528684178379
        ],
        [
            85.5424139267505,
            38.712099738811546
        ],
        [
            94.2420913828658,
            27.20894161769958
        ],
        [
            2.6981094433033093,
            60.63547349867453
        ],
        [
            35.65761430409741,
            52.83339440407268
        ],
        [
            54.0146276825505,
            68.53208939733871
        ],
        [
            84.10388388189173,
            50.627373379348896
        ],
        [
            46.62039971931586,
            26.01053656672223
        ],
        [
            37.96186984439228,
            36.43692013813864
        ],
        [
            34.05759284069333,
            23.19366313635275
        ],
        [
            75.75507021631968,
            2.9326448039949327
        ],
        [
            19.245273711973777,
            18.091323530533433
        ],
        [
            14.092097123135028,
            29.640149267729974
        ],
        [
            34.56056821685283,
            51.33010821056261
        ],
        [
            64.11358893099187,
            11.155962414402786
        ],
        [
            5.6829272210482396,
            24.684108589908284
        ]
    ],
    "distances": [
        [
            0.0,
            68.04987913958713,
            70.78666090958497,
            83.13824179047137,
            91.07010642950162,
            110.50883424011461,
            81.08219380709888,
            88.5951485063261,
            36.075057532450465,
            41.12011864737541,
            65.25793967318586,
            82.60084401225524,
            40.958955867112785,
            34.351982710890994,
            28.413783216542875,
            73.37050770425176,
            15.079856006575014,
            9.760967044426776,
            39.29284216325518,
            59.97627003080232,
            0.0
        ],
        [
            68.04987913958713,
            0.0,
            8.492342400039336,
            34.92870163680018,
            70.96590174167042,
            85.22034439242404,
            91.28278627915788,
            105.17064882884956,
            33.09199279834987,
            46.27530939132429,
            48.558167841505586,
            83.56693988542052,
            75.03912490104489,
            61.84832474283425,
            72.76790330636994,
            110.04799820723149,
            74.74607707196432,
            62.864926141176895,
            47.027492192608975,
            96.70218475169787,
            68.04987913958713
        ],
        [
            70.78666090958497,
            8.492342400039336,
            0.0,
            26.44745413214734,
            63.27662049039296,
            77.00259186640515,
            85.64685555956102,
            99.76641846305104,
            37.62332300791524,
            43.986748434702484,
            42.38878108618171,
            77.29196237348641,
            72.9571151914631,
            60.24980363971762,
            72.14937854166583,
            106.70439124178202,
            75.89716637798395,
            64.62481156130173,
            45.032444269694494,
            93.78741851022673,
            70.78666090958497
        ],
        [
            83.13824179047137,
            34.92870163680018,
            26.44745413214734,
            0.0,
            40.37570864835384,
            51.43076473688753,
            70.38233375688333,
            84.78515914179086,
            56.94892086436228,
            45.627959873329786,
            29.65614416145558,
            59.92953738777484,
            71.17591461269888,
            61.32821052006099,
            75.00975909415233,
            98.7277915434275,
            83.61652163281558,
            74.86193444071607,
            47.35216478955795,
            87.84078010698155,
            83.13824179047137
        ],
        [
            91.07010642950162,
            70.96590174167042,
            63.27662049039296,
            40.37570864835384,
            0.0,
            19.43886133586839,
            37.721284941289134,
            50.73456698808553,
            79.65000865484271,
            50.824864875910436,
            27.86821121829555,
            25.71973013220999,
            60.68480384421423,
            58.424039024979464,
            70.64147754609547,
            73.37996186509179,
            84.62504551163101,
            81.33429346577356,
            52.49568089475274,
            67.09575668033109,
            91.07010642950162
        ],
        [
            110.50883424011461,
            85.22034439242404,
            77.00259186640515,
            51.43076473688753,
            19.43886133586839,
            0.0,
            49.76759899149987,
            60.03168371439625,
            97.79395037170325,
            70.14828562608528,
            46.692248990235846,
            38.706048628248226,
            79.13445096194835,
            77.71468531840233,
            89.63223120494102,
            86.8458506466704,
            103.88299664627503,
            100.77302587514392,
            71.84511662156797,
            82.76538990425732,
            110.50883424011461
        ],
        [
            81.08219380709888,
            91.28278627915788,
            85.64685555956102,
            70.38233375688333,
            37.721284941289134,
            49.76759899149987,
            0.0,
            14.422448980660146,
            85.69605068123477,
            51.845001653152465,
            43.396233577289095,
            12.00179630800513,
            40.94206757087775,
            47.63490965026124,
            53.77275031879855,
            37.09395492986266,
            69.4300166505068,
            72.02394085779235,
            52.52011738163761,
            34.90752418806758,
            81.08219380709888
        ],
        [
            88.5951485063261,
            105.17064882884956,
            99.76641846305104,
            84.78515914179086,
            50.73456698808553,
            60.03168371439625,
            14.422448980660146,
            0.0,
            97.45580363908954,
            63.94336193221156,
            57.670194885903406,
            25.518742083179415,
            47.63676827372349,
            57.03173611239046,
            60.3182918031962,
            30.514071157408846,
            75.54901468811119,
            80.18685896375067,
            64.37169319829947,
            34.13831866530706,
            88.5951485063261
        ],
        [
            36.075057532450465,
            33.09199279834987,
            37.62332300791524,
            56.94892086436228,
            79.65000865484271,
            97.79395037170325,
            85.69605068123477,
            97.45580363908954,
            0.0,
            33.87036165834568,
            51.92053145770009,
            82.01866970357896,
            55.92900714863425,
            42.76801120426473,
            48.83959830055164,
            93.09637993368803,
            45.64880438572345,
            33.02322030677105,
            33.19346475198606,
            78.86750368714141,
            36.075057532450465
        ],
        [
            41.12011864737541,
            46.27530939132429,
            43.986748434702484,
            45.627959873329786,
            50.824864875910436,
            70.14828562608528,
            51.845001653152465,
            63.94336193221156,
            33.87036165834568,
            0.0,
            24.15427425256867,
            48.49646961136288,
            28.9766866053184,
            16.557595294861414,
            29.68288628664686,
            64.01477002444254,
            38.42364392264083,
            31.670146056449884,
            1.8610157165205883,
            50.46534285249651,
            41.12011864737541
        ],
        [
            65.25793967318586,
            48.558167841505586,
            42.38878108618171,
            29.65614416145558,
            27.86821121829555,
            46.692248990235846,
            43.396233577289095,
            57.670194885903406,
            51.92053145770009,
            24.15427425256867,
            0.0,
            35.0134573316383,
            43.15966939515627,
            35.88580393396881,
            49.536412218710005,
            69.10813246296922,
            61.26319316491042,
            55.73501101921962,
            25.968607710947847,
            58.25812360400486,
            65.25793967318586
        ],
        [
            82.60084401225524,
            83.56693988542052,
            77.29196237348641,
            59.92953738777484,
            25.71973013220999,
            38.706048628248226,
            12.00179630800513,
            25.518742083179415,
            82.01866970357896,
            48.49646961136288,
            35.0134573316383,
            0.0,
            44.84417732131528,
            48.27478039958101,
            57.07223234355746,
            48.41993208895618,
            72.56193115496575,
            73.08976577514076,
            49.54829929804544,
            44.244820892254054,
            82.60084401225524
        ],
        [
            40.958955867112785,
            75.03912490104489,
            72.9571151914631,
            71.17591461269888,
            60.68480384421423,
            79.13445096194835,
            40.94206757087775,
            47.63676827372349,
            55.92900714863425,
            28.9766866053184,
            43.15966939515627,
            44.84417732131528,
            0.0,
            13.552845235346199,
            12.874738544618571,
            37.16743350274728,
            28.49756935302377,
            32.730178095268926,
            28.04496824914169,
            22.94929284405632,
            40.958955867112785
        ],
        [
            34.351982710890994,
            61.84832474283425,
            60.24980363971762,
            61.32821052006099,
            58.424039024979464,
            77.71468531840233,
            47.63490965026124,
            57.03173611239046,
            42.76801120426473,
            16.557595294861414,
            35.88580393396881,
            48.27478039958101,
            13.552845235346199,
            0.0,
            13.806782207920984,
            50.506063596550106,
            26.208240796990534,
            24.818584650001956,
            15.276645696032034,
            36.373606291014596,
            34.351982710890994
        ],
        [
            28.413783216542875,
            72.76790330636994,
            72.14937854166583,
            75.00975909415233,
            70.64147754609547,
            89.63223120494102,
            53.77275031879855,
            60.3182918031962,
            48.83959830055164,
            29.68288628664686,
            49.536412218710005,
            57.07223234355746,
            12.874738544618571,
            13.806782207920984,
            0.0,
            46.3593408425423,
            15.666482292593436,
            20.98042427335248,
            28.140940383062023,
            32.37698472142326,
            28.413783216542875
        ],
        [
            73.37050770425176,
            110.04799820723149,
            106.70439124178202,
            98.7277915434275,
            73.37996186509179,
            86.8458506466704,
            37.09395492986266,
            30.514071157408846,
            93.09637993368803,
            64.01477002444254,
            69.10813246296922,
            48.41993208895618,
            37.16743350274728,
            50.506063596550106,
            46.3593408425423,
            0.0,
            58.5076289187743,
            67.19831132827106,
            63.55549904747925,
            14.252965973378371,
            73.37050770425176
        ],
        [
            15.079856006575014,
            74.74607707196432,
            75.89716637798395,
            83.61652163281558,
            84.62504551163101,
            103.88299664627503,
            69.4300166505068,
            75.54901468811119,
            45.64880438572345,
            38.42364392264083,
            61.26319316491042,
            72.56193115496575,
            28.49756935302377,
            26.208240796990534,
            15.666482292593436,
            58.5076289187743,
            0.0,
            12.646367259568615,
            36.597473311371104,
            45.40115576066656,
            15.079856006575014
        ],
        [
            9.760967044426776,
            62.864926141176895,
            64.62481156130173,
            74.86193444071607,
            81.33429346577356,
            100.77302587514392,
            72.02394085779235,
            80.18685896375067,
            33.02322030677105,
            31.670146056449884,
            55.73501101921962,
            73.08976577514076,
            32.730178095268926,
            24.818584650001956,
            20.98042427335248,
            67.19831132827106,
            12.646367259568615,
            0.0,
            29.823021776073038,
            53.32743014914747,
            9.760967044426776
        ],
        [
            39.29284216325518,
            47.027492192608975,
            45.032444269694494,
            47.35216478955795,
            52.49568089475274,
            71.84511662156797,
            52.52011738163761,
            64.37169319829947,
            33.19346475198606,
            1.8610157165205883,
            25.968607710947847,
            49.54829929804544,
            28.04496824914169,
            15.276645696032034,
            28.140940383062023,
            63.55549904747925,
            36.597473311371104,
            29.823021776073038,
            0.0,
            49.87326963195251,
            39.29284216325518
        ],
        [
            59.97627003080232,
            96.70218475169787,
            93.78741851022673,
            87.84078010698155,
            67.09575668033109,
            82.76538990425732,
            34.90752418806758,
            34.13831866530706,
            78.86750368714141,
            50.46534285249651,
            58.25812360400486,
            44.244820892254054,
            22.94929284405632,
            36.373606291014596,
            32.37698472142326,
            14.252965973378371,
            45.40115576066656,
            53.32743014914747,
            49.87326963195251,
            0.0,
            59.97627003080232
        ],
        [
            0.0,
            68.04987913958713,
            70.78666090958497,
            83.13824179047137,
            91.07010642950162,
            110.50883424011461,
            81.08219380709888,
            88.5951485063261,
            36.075057532450465,
            41.12011864737541,
            65.25793967318586,
            82.60084401225524,
            40.958955867112785,
            34.351982710890994,
            28.413783216542875,
            73.37050770425176,
            15.079856006575014,
            9.760967044426776,
            39.29284216325518,
            59.97627003080232,
            0.0
        ]
    ],
    "scores_ave": [
        0,
        14.308644642402044,
        15.787550195300263,
        16.864663600491316,
        15.495516648166834,
        18.43907740145305,
        14.47964387068781,
        16.337910594200522,
        18.45081235288307,
        16.980065908299032,
        11.603474718555505,
        16.369615248945927,
        14.152065386810968,
        16.207448086339355,
        15.764521984815813,
        17.00920670179939,
        14.279032725996469,
        11.477865080891124,
        10.460746875407867,
        14.95937969008908,
        0
    ],
    "scores_var": [
        0,
        243.75892174868613,
        21.634995187758776,
        16.59314505248621,
        268.8948689419417,
        18.41493332982144,
        231.12191544581938,
        20.378113542654287,
        24.83569233356871,
        351.2576741938116,
        23.65673424594627,
        255.87470427539785,
        17.758352825883215,
        368.9398251497135,
        20.859810444542283,
        19.592434271780498,
        266.4267063571882,
        22.716603337936068,
        21.45842227720447,
        244.27033813707544,
        0
    ],
    "vertex_number": 21,
    "minimum_distances": {
        "cost": 411.48455221806955,
        "path": [
            0,
            16,
            14,
            18,
            9,
            13,
            12,
            19,
            15,
            7,
            6,
            11,
            5,
            4,
            10,
            3,
            2,
            1,
            8,
            17,
            20
        ]
    }
}