{
    "vertices": [
        [
            4.642134355182293,
            79.9569814225825
        ],
        [
            87.82382145887038,
            59.180892945179174
        ],
        [
            48.952661117853836,
            95.56000146036673
        ],
        [
            63.07785048122737,
            25.14141188707839
        ],
        [
            98.8122261052319,
            5.451503998502105
        ],
        [
            90.81824978016967,
            29.265225864328094
        ],
        [
            37.769903977768315,
            23.029167238594184
        ],
        [
            75.29789048324666,
            49.93168552314042
        ],
        [
            62.57322074969949,
            24.20140634709208
        ],
        [
            77.63583516998587,
            74.90205824170853
        ],
        [
            79.90136170714418,
            58.807595501271024
        ],
        [
            30.745884946730584,
            29.212166716261667
        ],
        [
            96.88181238487425,
            30.11949493338615
        ],
        [
            85.62997375141231,
            53.14853720067677
        ],
        [
            48.25351336101645,
            82.74938516439803
        ],
        [
            98.04702921251554,
            86.30124932481061
        ],
        [
            4.883197369375036,
            17.36056757655473
        ],
        [
            53.125575744153174,
            60.06787198992887
        ],
        [
            4.642134355182293,
            79.9569814225825
        ]
    ],
    "distances": [
        [
            0.0,
            85.7370335493173,
            46.9774096378773,
            80.12165489220384,
            120.07944181417116,
            99.97988273307068,
            65.86520437935219,
            76.77079046015847,
            80.40332656580611,
            73.16852196816328,
            78.17447042649445,
            57.06524348957598,
            104.84242110225263,
            85.30957045764899,
            43.70068532011618,
            93.62010531143788,
            62.59687801927496,
            52.40439640852517,
            0.0
        ],
        [
            85.7370335493173,
            0.0,
            53.23914577279401,
            42.08383716263469,
            54.84151961110746,
            30.065158204534967,
            61.744165123265965,
            15.570702769688546,
            43.14113256324799,
            18.733662292869962,
            7.931249554726548,
            64.46716519490887,
            30.440303119637555,
            6.418900497106199,
            46.05738929256047,
            28.983231478432597,
            92.88749505876767,
            34.7095806299171,
            85.7370335493173
        ],
        [
            46.9774096378773,
            53.23914577279401,
            0.0,
            71.82129720384056,
            102.98309344530995,
            78.4074281262391,
            73.38784620194537,
            52.68789543702137,
            72.64687702320677,
            35.347914955909445,
            48.04749121387832,
            68.80059501033736,
            81.11512458034392,
            56.07100465187642,
            12.829680333836443,
            49.95979853564066,
            89.76229216562582,
            35.736598478656404,
            46.9774096378773
        ],
        [
            80.12165489220384,
            42.08383716263469,
            71.82129720384056,
            0.0,
            40.79997639580282,
            28.04524193127451,
            25.395939314721076,
            27.638506555199104,
            1.066893425393023,
            51.84647378393918,
            37.63565396154398,
            32.587222038756344,
            34.16854037267536,
            35.95827209871492,
            59.484784240795875,
            70.45118293223051,
            58.71251305295518,
            36.316737019702245,
            80.12165489220384
        ],
        [
            120.07944181417116,
            54.84151961110746,
            102.98309344530995,
            40.79997639580282,
            0.0,
            25.119653791176628,
            63.52274660068718,
            50.3131248106112,
            40.80225909480953,
            72.6072931442216,
            56.60824403507595,
            72.09435408887869,
            24.743408695959143,
            49.48513669183035,
            92.36420230310584,
            80.85336632208684,
            94.68098137729416,
            71.20546098292182,
            120.07944181417116
        ],
        [
            99.97988273307068,
            30.065158204534967,
            78.4074281262391,
            28.04524193127451,
            25.119653791176628,
            0.0,
            53.41362578551229,
            25.84538851584363,
            28.69536431264192,
            47.50259492276087,
            31.494921002674918,
            60.072388265783154,
            6.123444055719068,
            24.44035123601008,
            68.354312830042,
            57.49228838954159,
            86.75571521112987,
            48.677928102214665,
            99.97988273307068
        ],
        [
            65.86520437935219,
            61.744165123265965,
            73.38784620194537,
            25.395939314721076,
            63.52274660068718,
            53.41362578551229,
            0.0,
            46.174617066151285,
            24.831002142810387,
            65.42239135680998,
            55.27346252361705,
            9.357688063256683,
            59.53562347325856,
            56.548764139023184,
            60.63341071394576,
            87.38814678256034,
            33.37167202396386,
            40.09566441715976,
            65.86520437935219
        ],
        [
            76.77079046015847,
            15.570702769688546,
            52.68789543702137,
            27.638506555199104,
            50.3131248106112,
            25.84538851584363,
            46.174617066151285,
            0.0,
            28.70478159305934,
            25.07958331118088,
            9.998686176149887,
            49.134302243080256,
            29.298269242743793,
            10.821279008304746,
            42.52528358133792,
            42.89835059821391,
            77.58290230850555,
            24.379372776569284,
            76.77079046015847
        ],
        [
            80.40332656580611,
            43.14113256324799,
            72.64687702320677,
            1.066893425393023,
            40.80225909480953,
            28.69536431264192,
            24.831002142810387,
            28.70478159305934,
            0.0,
            52.89081636459484,
            38.702103260880854,
            32.21935790471602,
            34.815272977594304,
            37.00743497780612,
            60.273707728073354,
            71.51770119847154,
            58.09419827062655,
            37.089909057041595,
            80.40332656580611
        ],
        [
            73.16852196816328,
            18.733662292869962,
            35.347914955909445,
            51.84647378393918,
            72.6072931442216,
            47.50259492276087,
            65.42239135680998,
            25.07958331118088,
            52.89081636459484,
            0.0,
            16.253133279275715,
            65.46933342830413,
            48.743057099651686,
            23.17589112292475,
            30.412191218611778,
            23.378588485853307,
            92.75758435251993,
            28.64971027557014,
            73.16852196816328
        ],
        [
            78.17447042649445,
            7.931249554726548,
            48.04749121387832,
            37.63565396154398,
            56.60824403507595,
            31.494921002674918,
            55.27346252361705,
            9.998686176149887,
            38.702103260880854,
            16.253133279275715,
            0.0,
            57.377262922800014,
            33.336808776664576,
            8.052449118327829,
            39.68369434935355,
            32.94186166239126,
            85.70636560023269,
            26.805428755454923,
            78.17447042649445
        ],
        [
            57.06524348957598,
            64.46716519490887,
            68.80059501033736,
            32.587222038756344,
            72.09435408887869,
            60.072388265783154,
            9.357688063256683,
            49.134302243080256,
            32.21935790471602,
            65.46933342830413,
            57.377262922800014,
            0.0,
            66.14215102789593,
            59.87664850246186,
            56.32717649462099,
            88.25308704271893,
            28.44888417657542,
            38.11725472963203,
            57.06524348957598
        ],
        [
            104.84242110225263,
            30.440303119637555,
            81.11512458034392,
            34.16854037267536,
            24.743408695959143,
            6.123444055719068,
            59.53562347325856,
            29.298269242743793,
            34.815272977594304,
            48.743057099651686,
            33.336808776664576,
            66.14215102789593,
            0.0,
            25.630853680322954,
            71.65624056341562,
            56.19383646587729,
            92.87914401019712,
            53.02370727589345,
            104.84242110225263
        ],
        [
            85.30957045764899,
            6.418900497106199,
            56.07100465187642,
            35.95827209871492,
            49.48513669183035,
            24.44035123601008,
            56.548764139023184,
            10.821279008304746,
            37.00743497780612,
            23.17589112292475,
            8.052449118327829,
            59.87664850246186,
            25.630853680322954,
            0.0,
            47.67819199053349,
            35.40177379044452,
            88.32225464687716,
            33.23271105010944,
            85.30957045764899
        ],
        [
            43.70068532011618,
            46.05738929256047,
            12.829680333836443,
            59.484784240795875,
            92.36420230310584,
            68.354312830042,
            60.63341071394576,
            42.52528358133792,
            60.273707728073354,
            30.412191218611778,
            39.68369434935355,
            56.32717649462099,
            71.65624056341562,
            47.67819199053349,
            0.0,
            49.920035655711565,
            78.46452558163513,
            23.198879967550035,
            43.70068532011618
        ],
        [
            93.62010531143788,
            28.983231478432597,
            49.95979853564066,
            70.45118293223051,
            80.85336632208684,
            57.49228838954159,
            87.38814678256034,
            42.89835059821391,
            71.51770119847154,
            23.378588485853307,
            32.94186166239126,
            88.25308704271893,
            56.19383646587729,
            35.40177379044452,
            49.920035655711565,
            0.0,
            115.89787385285057,
            52.02044855731766,
            93.62010531143788
        ],
        [
            62.59687801927496,
            92.88749505876767,
            89.76229216562582,
            58.71251305295518,
            94.68098137729416,
            86.75571521112987,
            33.37167202396386,
            77.58290230850555,
            58.09419827062655,
            92.75758435251993,
            85.70636560023269,
            28.44888417657542,
            92.87914401019712,
            88.32225464687716,
            78.46452558163513,
            115.89787385285057,
            0.0,
            64.43012433258117,
            62.59687801927496
        ],
        [
            52.40439640852517,
            34.7095806299171,
            35.736598478656404,
            36.316737019702245,
            71.20546098292182,
            48.677928102214665,
            40.09566441715976,
            24.379372776569284,
            37.089909057041595,
            28.64971027557014,
            26.805428755454923,
            38.11725472963203,
            53.02370727589345,
            33.23271105010944,
            23.198879967550035,
            52.02044855731766,
            64.43012433258117,
            0.0,
            52.40439640852517
        ],
        [
            0.0,
            85.7370335493173,
            46.9774096378773,
            80.12165489220384,
            120.07944181417116,
            99.97988273307068,
            65.86520437935219,
            76.77079046015847,
            80.40332656580611,
            73.16852196816328,
            78.17447042649445,
            57.06524348957598,
            104.84242110225263,
            85.30957045764899,
            43.70068532011618,
            93.62010531143788,
            62.59687801927496,
            52.40439640852517,
            0.0
        ]
    ],
    "scores_ave": [
        0,
        17.808746392261767,
        14.565826417535227,
        11.698325165315328,
        18.633123042311432,
        18.88321251792351,
        18.47002484386831,
        17.853188440602736,
        11.533292902324522,
        10.895061886159008,
        11.377766041147046,
        17.503733999022614,
        11.65872029899459,
        10.225725154125266,
        15.969447479879051,
        18.432313254676693,
        13.87403774454637,
        19.56200923108244,
        0
    ],
    "scores_var": [
        0,
        16.08084752582043,
        270.97207966411463,
        20.571558127977276,
        23.370296452001394,
        20.64369927991392,
        17.5555706079162,
        287.06601224089167,
        16.439717404375983,
        394.37918674799647,
        22.525526498604535,
        16.57529905246852,
        23.427489641137875,
        21.73151519738957,
        17.33939520924274,
        283.42755047015714,
        298.5818072693726,
        24.68964441075525,
        0
    ],
    "vertex_number": 19,
    "minimum_distances": {
        "cost": 412.3010994613389,
        "path": [
            0,
            2,
            14,
            17,
            9,
            15,
            1,
            13,
            10,
            7,
            5,
            12,
            4,
            3,
            8,
            6,
            11,
            16,
            18
        ]
    }
}