{
    "vertices": [
        [
            55.209899422772146,
            10.353749870865492
        ],
        [
            18.728561692860403,
            61.42313069424248
        ],
        [
            43.538024889239104,
            66.15294322932837
        ],
        [
            44.71658324270192,
            5.469670741335742
        ],
        [
            62.86448873313674,
            36.826722681353196
        ],
        [
            77.19595330654619,
            10.408275728182437
        ],
        [
            37.78411562111529,
            58.52946476515878
        ],
        [
            57.82847469842913,
            57.73266526420493
        ],
        [
            40.63978211498615,
            26.406528304590758
        ],
        [
            81.60200532326257,
            40.72379672387356
        ],
        [
            78.6561685403375,
            98.73940136373855
        ],
        [
            77.13283227939527,
            74.42350195086935
        ],
        [
            38.25092930857908,
            48.14926728878053
        ],
        [
            8.243568692090076,
            21.525832894443443
        ],
        [
            40.27823034170282,
            38.7131456935766
        ],
        [
            94.21015253844111,
            8.138500142417737
        ],
        [
            21.025884616383095,
            77.46686626645774
        ],
        [
            7.287714370260467,
            23.27661626833534
        ],
        [
            86.56800653682672,
            63.217101030881786
        ],
        [
            10.959338312337296,
            74.23927249624074
        ],
        [
            29.201148468831338,
            32.86155235939086
        ],
        [
            86.63328201722732,
            12.064258918736515
        ],
        [
            64.75878580407645,
            88.86937969572247
        ],
        [
            68.45466259988633,
            83.58306406525767
        ],
        [
            55.209899422772146,
            10.353749870865492
        ]
    ],
    "distances": [
        [
            0.0,
            62.761211430683744,
            57.00686480224697,
            11.57427809405112,
            27.55741328454413,
            21.986121496283324,
            51.230434769561725,
            47.451222959197786,
            21.679022436561112,
            40.23534515468467,
            91.4426100095186,
            67.7166753217342,
            41.42593154320144,
            48.27682323216317,
            32.050118142929925,
            39.06311654803844,
            75.31744326921711,
            49.634023573895654,
            61.464337445739346,
            77.71404094309896,
            34.39558545869783,
            31.469903318573394,
            79.09415501740332,
            74.41744559576637,
            0.0
        ],
        [
            62.761211430683744,
            0.0,
            25.256298040479425,
            61.6941402790943,
            50.52685763869667,
            77.594789189199,
            19.27400939145175,
            39.27369007533345,
            41.30694885006569,
            66.1931442126919,
            70.596190542726,
            59.833673425215274,
            23.607589606525345,
            41.25202358614728,
            31.307054118926157,
            92.39438516286641,
            16.20737929852042,
            39.82523760512903,
            67.86316089238909,
            14.98713857363687,
            30.42102612927622,
            83.94849173916901,
            53.59177283856186,
            54.44031372451447,
            62.761211430683744
        ],
        [
            57.00686480224697,
            25.256298040479425,
            0.0,
            60.69471607680919,
            35.12177980026018,
            65.11777100114747,
            9.551172480876822,
            16.58668251215181,
            39.85194236857112,
            45.7767200493614,
            47.907841396214565,
            34.59787891111461,
            18.763947533802583,
            56.89707914378791,
            27.63274776954323,
            77.02817748838028,
            25.195263724653334,
            56.14681136438962,
            43.130018432710024,
            33.56723908945932,
            36.247244468359284,
            69.15769629895348,
            31.08628603639245,
            30.408024387630714,
            57.00686480224697
        ],
        [
            11.57427809405112,
            61.6941402790943,
            60.69471607680919,
            0.0,
            36.22997626356808,
            32.85269089374948,
            53.510754518833636,
            53.88267155630117,
            21.330079982479518,
            51.02340405004119,
            99.25289970852774,
            76.1934645496697,
            43.16656857162148,
            39.85073567070038,
            33.53844962686964,
            49.56547237749496,
            75.7947581623275,
            41.44885443618374,
            71.31835203361048,
            76.60815694700442,
            31.480849651808615,
            42.43227815453481,
            85.77412976642539,
            81.64066773456545,
            11.57427809405112
        ],
        [
            27.55741328454413,
            50.52685763869667,
            35.12177980026018,
            36.22997626356808,
            0.0,
            30.055369174847733,
            33.16676241954276,
            21.503950163522642,
            24.546242790137523,
            19.13848776831981,
            63.89488972336869,
            40.213224677893926,
            27.092938635988027,
            56.72355890105602,
            22.66489929176093,
            42.491937492172,
            58.327438355000204,
            57.20474833775749,
            35.472648980603566,
            63.98315031207247,
            33.896062506323304,
            34.323973339005114,
            52.07712079702804,
            47.08933534749358,
            27.55741328454413
        ],
        [
            21.986121496283324,
            77.594789189199,
            65.11777100114747,
            32.85269089374948,
            30.055369174847733,
            0.0,
            62.200818194579746,
            51.1341087004855,
            39.90360557249432,
            30.634035118054555,
            88.34319433082209,
            64.01525734233873,
            54.231884884995196,
            69.84290530443994,
            46.51971552650333,
            17.164931013911684,
            87.47531755665541,
            71.0827409392052,
            53.63401356976961,
            91.98741932620422,
            52.98727132895133,
            9.581516243311599,
            79.44071985631561,
            73.6950460437749,
            21.986121496283324
        ],
        [
            51.230434769561725,
            19.27400939145175,
            9.551172480876822,
            53.510754518833636,
            33.16676241954276,
            62.200818194579746,
            0.0,
            20.060189935915712,
            32.24961826090205,
            47.29745524175683,
            57.33553619783726,
            42.43750606143522,
            10.39068884470192,
            47.34884037111533,
            19.972659056475255,
            75.65148351358191,
            25.287615190629733,
            46.61323649343742,
            49.008590539167244,
            31.086439754547218,
            27.06490444112744,
            67.41851683288083,
            40.59733081710392,
            39.602591958947805,
            51.230434769561725
        ],
        [
            47.451222959197786,
            39.27369007533345,
            16.58668251215181,
            53.88267155630117,
            21.503950163522642,
            51.1341087004855,
            20.060189935915712,
            0.0,
            35.73203058238663,
            29.231530363499065,
            45.99288245271285,
            25.519448483748775,
            21.7972888279026,
            61.397048902284276,
            25.87959044649505,
            61.50778565825234,
            41.75966146826898,
            61.16851941117386,
            29.25815657161388,
            49.69088475657055,
            37.92223706718562,
            53.993705770283164,
            31.898655106617444,
            27.9492215900648,
            47.451222959197786
        ],
        [
            21.679022436561112,
            41.30694885006569,
            39.85194236857112,
            21.330079982479518,
            24.546242790137523,
            39.90360557249432,
            32.24961826090205,
            35.73203058238663,
            0.0,
            43.39225628098236,
            81.71468755268191,
            60.310633129237615,
            21.873575753984177,
            32.76180446539025,
            12.311927194539978,
            56.599518021270505,
            54.69792580953853,
            33.49860851145115,
            58.85932435035687,
            56.292985009022416,
            13.134293861452653,
            48.17782398981787,
            66.95770413376609,
            63.583203898357496,
            21.679022436561112
        ],
        [
            40.23534515468467,
            66.1931442126919,
            45.7767200493614,
            51.02340405004119,
            19.13848776831981,
            30.634035118054555,
            47.29745524175683,
            29.231530363499065,
            43.39225628098236,
            0.0,
            58.090346324331364,
            33.994759009036045,
            43.98242154248861,
            75.82889976892622,
            41.3726612183966,
            34.939475232193324,
            70.84856779996058,
            76.33490646942306,
            23.03497138484863,
            78.18998349318538,
            52.98740119618468,
            29.09781525089663,
            51.0067760544683,
            44.830451901873005,
            40.23534515468467
        ],
        [
            91.4426100095186,
            70.596190542726,
            47.907841396214565,
            99.25289970852774,
            63.89488972336869,
            88.34319433082209,
            57.33553619783726,
            45.99288245271285,
            81.71468755268191,
            58.090346324331364,
            0.0,
            24.3635694761805,
            64.74523166301792,
            104.49817880303914,
            71.24617540723062,
            91.92632767781379,
            61.43102127281169,
            103.86572189602012,
            36.3927328105539,
            71.9938687489614,
            82.37529969422091,
            87.04145367171077,
            17.045661461064913,
            18.269791563079835,
            91.4426100095186
        ],
        [
            67.7166753217342,
            59.833673425215274,
            34.59787891111461,
            76.1934645496697,
            40.213224677893926,
            64.01525734233873,
            42.43750606143522,
            25.519448483748775,
            60.310633129237615,
            33.994759009036045,
            24.3635694761805,
            0.0,
            46.92694093706167,
            86.85559296443938,
            51.31755282560278,
            68.44951666722308,
            56.189426428976695,
            86.56988166078979,
            14.649434625527196,
            66.17375041736875,
            63.4416422136161,
            63.07878991199562,
            19.021051758317487,
            12.617773461022598,
            67.7166753217342
        ],
        [
            41.42593154320144,
            23.607589606525345,
            18.763947533802583,
            43.16656857162148,
            27.092938635988027,
            54.231884884995196,
            10.39068884470192,
            21.7972888279026,
            21.873575753984177,
            43.98242154248861,
            64.74523166301792,
            46.92694093706167,
            0.0,
            40.11544528130763,
            9.65144239160026,
            68.7916866498416,
            34.00329064170186,
            39.71611068699162,
            50.61204960836946,
            37.75604998978901,
            17.76549354816097,
            60.357103001139706,
            48.58800274162202,
            46.55984813902537,
            41.42593154320144
        ],
        [
            48.27682323216317,
            41.25202358614728,
            56.89707914378791,
            39.85073567070038,
            56.72355890105602,
            69.84290530443994,
            47.34884037111533,
            61.397048902284276,
            32.76180446539025,
            75.82889976892622,
            104.49817880303914,
            86.85559296443938,
            40.11544528130763,
            0.0,
            36.35413687959619,
            87.00272533906717,
            57.38280940418701,
            1.9947180018380117,
            88.72924772879804,
            52.783350777329304,
            23.826848005694377,
            78.9586508072103,
            87.91543130185403,
            86.46661650695798,
            48.27682323216317
        ],
        [
            32.050118142929925,
            31.307054118926157,
            27.63274776954323,
            33.53844962686964,
            22.66489929176093,
            46.51971552650333,
            19.972659056475255,
            25.87959044649505,
            12.311927194539978,
            41.3726612183966,
            71.24617540723062,
            51.31755282560278,
            9.65144239160026,
            36.35413687959619,
            0.0,
            61.99565454460522,
            43.27243550076871,
            36.42335219002134,
            52.37544469851598,
            46.061948671637474,
            12.527684836672137,
            53.46918722197667,
            55.81169595187343,
            52.983213468808465,
            32.050118142929925
        ],
        [
            39.06311654803844,
            92.39438516286641,
            77.02817748838028,
            49.56547237749496,
            42.491937492172,
            17.164931013911684,
            75.65148351358191,
            61.50778565825234,
            56.599518021270505,
            34.939475232193324,
            91.92632767781379,
            68.44951666722308,
            68.7916866498416,
            87.00272533906717,
            61.99565454460522,
            0.0,
            100.8085285118105,
            88.23079290668849,
            55.6062466935209,
            106.30150598689174,
            69.55141925975141,
            8.533495700185386,
            85.93519602568111,
            79.71968067850295,
            39.06311654803844
        ],
        [
            75.31744326921711,
            16.20737929852042,
            25.195263724653334,
            75.7947581623275,
            58.327438355000204,
            87.47531755665541,
            25.287615190629733,
            41.75966146826898,
            54.69792580953853,
            70.84856779996058,
            61.43102127281169,
            56.189426428976695,
            34.00329064170186,
            57.38280940418701,
            43.27243550076871,
            100.8085285118105,
            0.0,
            55.904566151348085,
            67.07328495834481,
            10.571315719296331,
            45.348307220943994,
            92.6381759405511,
            45.19495501488096,
            47.82151039566281,
            75.31744326921711
        ],
        [
            49.634023573895654,
            39.82523760512903,
            56.14681136438962,
            41.44885443618374,
            57.20474833775749,
            71.0827409392052,
            46.61323649343742,
            61.16851941117386,
            33.49860851145115,
            76.33490646942306,
            103.86572189602012,
            86.56988166078979,
            39.71611068699162,
            1.9947180018380117,
            36.42335219002134,
            88.23079290668849,
            55.904566151348085,
            0.0,
            88.7727832676396,
            51.094746815848865,
            23.917976374727594,
            80.13386339466291,
            87.20856991025569,
            85.89681717973403,
            49.634023573895654
        ],
        [
            61.464337445739346,
            67.86316089238909,
            43.130018432710024,
            71.31835203361048,
            35.472648980603566,
            53.63401356976961,
            49.008590539167244,
            29.25815657161388,
            58.85932435035687,
            23.03497138484863,
            36.3927328105539,
            14.649434625527196,
            50.61204960836946,
            88.72924772879804,
            52.37544469851598,
            55.6062466935209,
            67.07328495834481,
            88.7727832676396,
            0.0,
            76.40784628879871,
            64.90312580870648,
            51.15288376072657,
            33.670187253243256,
            27.255562347811868,
            61.464337445739346
        ],
        [
            77.71404094309896,
            14.98713857363687,
            33.56723908945932,
            76.60815694700442,
            63.98315031207247,
            91.98741932620422,
            31.086439754547218,
            49.69088475657055,
            56.292985009022416,
            78.18998349318538,
            71.9938687489614,
            66.17375041736875,
            37.75604998978901,
            52.783350777329304,
            46.061948671637474,
            106.30150598689174,
            10.571315719296331,
            51.094746815848865,
            76.40784628879871,
            0.0,
            45.22034234179393,
            97.94017597091451,
            55.75321145086376,
            58.249624512228905,
            77.71404094309896
        ],
        [
            34.39558545869783,
            30.42102612927622,
            36.247244468359284,
            31.480849651808615,
            33.896062506323304,
            52.98727132895133,
            27.06490444112744,
            37.92223706718562,
            13.134293861452653,
            52.98740119618468,
            82.37529969422091,
            63.4416422136161,
            17.76549354816097,
            23.826848005694377,
            12.527684836672137,
            69.55141925975141,
            45.348307220943994,
            23.917976374727594,
            64.90312580870648,
            45.22034234179393,
            0.0,
            61.081727041542266,
            66.34170856860074,
            64.1366519344853,
            34.39558545869783
        ],
        [
            31.469903318573394,
            83.94849173916901,
            69.15769629895348,
            42.43227815453481,
            34.323973339005114,
            9.581516243311599,
            67.41851683288083,
            53.993705770283164,
            48.17782398981787,
            29.09781525089663,
            87.04145367171077,
            63.07878991199562,
            60.357103001139706,
            78.9586508072103,
            53.46918722197667,
            8.533495700185386,
            92.6381759405511,
            80.13386339466291,
            51.15288376072657,
            97.94017597091451,
            61.081727041542266,
            0.0,
            79.85937742148101,
            73.79296506786123,
            31.469903318573394
        ],
        [
            79.09415501740332,
            53.59177283856186,
            31.08628603639245,
            85.77412976642539,
            52.07712079702804,
            79.44071985631561,
            40.59733081710392,
            31.898655106617444,
            66.95770413376609,
            51.0067760544683,
            17.045661461064913,
            19.021051758317487,
            48.58800274162202,
            87.91543130185403,
            55.81169595187343,
            85.93519602568111,
            45.19495501488096,
            87.20856991025569,
            33.670187253243256,
            55.75321145086376,
            66.34170856860074,
            79.85937742148101,
            0.0,
            6.4501657524983305,
            79.09415501740332
        ],
        [
            74.41744559576637,
            54.44031372451447,
            30.408024387630714,
            81.64066773456545,
            47.08933534749358,
            73.6950460437749,
            39.602591958947805,
            27.9492215900648,
            63.583203898357496,
            44.830451901873005,
            18.269791563079835,
            12.617773461022598,
            46.55984813902537,
            86.46661650695798,
            52.983213468808465,
            79.71968067850295,
            47.82151039566281,
            85.89681717973403,
            27.255562347811868,
            58.249624512228905,
            64.1366519344853,
            73.79296506786123,
            6.4501657524983305,
            0.0,
            74.41744559576637
        ],
        [
            0.0,
            62.761211430683744,
            57.00686480224697,
            11.57427809405112,
            27.55741328454413,
            21.986121496283324,
            51.230434769561725,
            47.451222959197786,
            21.679022436561112,
            40.23534515468467,
            91.4426100095186,
            67.7166753217342,
            41.42593154320144,
            48.27682323216317,
            32.050118142929925,
            39.06311654803844,
            75.31744326921711,
            49.634023573895654,
            61.464337445739346,
            77.71404094309896,
            34.39558545869783,
            31.469903318573394,
            79.09415501740332,
            74.41744559576637,
            0.0
        ]
    ],
    "scores_ave": [
        0,
        15.093729188416408,
        10.24604815335715,
        18.956047944310093,
        11.79363509914635,
        12.509200247662328,
        14.913714529500938,
        15.69719436716693,
        16.328002211535143,
        10.77844737759447,
        11.526638454404953,
        10.191718784731805,
        18.25436305727947,
        15.074578099361359,
        17.905312097639356,
        19.77436751165419,
        19.145988149696937,
        12.845291881623478,
        16.801264697022017,
        10.458714482400527,
        13.884524305640422,
        14.067716085815551,
        17.78591614257347,
        13.090513598494011,
        0
    ],
    "scores_var": [
        0,
        19.003995603942922,
        310.12793194606996,
        266.94234703143405,
        258.3305204176023,
        21.471854109052614,
        225.7286303833093,
        396.1149094154616,
        22.63568589499313,
        241.07395584390213,
        269.1994485794868,
        281.8306176805703,
        23.680728279609298,
        365.4998442761044,
        16.299837482638047,
        251.31368485766131,
        379.74415342573553,
        20.275622630195944,
        337.65953912576475,
        269.17275128406976,
        243.48499940574982,
        21.14870465231666,
        357.0109385915558,
        19.539505109461224,
        0
    ],
    "vertex_number": 25,
    "minimum_distances": {
        "cost": 441.91029109431577,
        "path": [
            0,
            5,
            21,
            15,
            9,
            18,
            11,
            23,
            10,
            22,
            7,
            2,
            6,
            16,
            19,
            1,
            17,
            13,
            20,
            14,
            12,
            4,
            8,
            3,
            24
        ]
    }
}