{
    "vertices": [
        [
            16.25455227226238,
            72.48049416884687
        ],
        [
            4.6665975613099375,
            81.66225198326607
        ],
        [
            74.1952310098755,
            83.92488937089573
        ],
        [
            41.82688828916138,
            6.426933042259886
        ],
        [
            49.64479769782246,
            7.1238207277931735
        ],
        [
            66.53358032547355,
            11.7798150595947
        ],
        [
            57.07146366607022,
            11.117845988903785
        ],
        [
            72.1246026084372,
            73.67640731383102
        ],
        [
            62.73097999613649,
            79.92579363014339
        ],
        [
            89.62388235698995,
            75.43501528745469
        ],
        [
            99.99735383395172,
            24.862407435326194
        ],
        [
            6.187079329422163,
            1.385539309553896
        ],
        [
            99.90868914768377,
            62.302148396323645
        ],
        [
            3.4816533906133262,
            83.90190571873069
        ],
        [
            9.41203558080378,
            33.2523804398763
        ],
        [
            20.27087514330932,
            98.8370849246387
        ],
        [
            18.041076206679595,
            80.97934441748025
        ],
        [
            76.07876211226487,
            58.42536358182401
        ],
        [
            37.63381787015769,
            7.663215377748999
        ],
        [
            90.24384744849962,
            55.80668368292259
        ],
        [
            66.62755805156367,
            97.90154207448471
        ],
        [
            16.25455227226238,
            72.48049416884687
        ]
    ],
    "distances": [
        [
            0.0,
            14.784632932397509,
            59.06010865309995,
            70.83090643825585,
            73.39211982808284,
            78.81975073736278,
            73.69799758056818,
            55.88284828833489,
            47.069000605928274,
            73.42879402606317,
            96.33451612771809,
            71.80422423437027,
            84.27107059386856,
            17.134631237136414,
            39.8204086042062,
            26.660846304511526,
            8.684591142762056,
            61.453094135274554,
            68.25212544227658,
            75.84478727504536,
            56.42401428347911,
            0.0
        ],
        [
            14.784632932397509,
            0.0,
            69.56543967497717,
            83.91209938461417,
            87.05754546015547,
            93.33315888114056,
            87.87936736547022,
            67.9290524004464,
            58.09034166838688,
            85.1852024515992,
            110.96925444547226,
            80.29111073154303,
            97.1898637752125,
            2.533799822884294,
            48.641904206603144,
            23.204921146604804,
            13.39190209712035,
            75.09760467840327,
            81.01046249366041,
            89.3978529405949,
            64.05368972620965,
            14.784632932397509
        ],
        [
            59.06010865309995,
            69.56543967497717,
            0.0,
            83.98596814707058,
            80.62957224574687,
            72.55075904904749,
            74.79364260464942,
            10.455567246726508,
            12.141738674906465,
            17.61025963305199,
            64.45251208927542,
            106.94789854663007,
            33.596500660905996,
            70.71358135438823,
            82.2469791017612,
            55.94827729123697,
            56.23135545879969,
            25.56899499161439,
            84.57292622943895,
            32.37578695113435,
            15.893913765989337,
            59.06010865309995
        ],
        [
            70.83090643825585,
            83.91209938461417,
            83.98596814707058,
            0.0,
            7.848908202309374,
            25.279912524941174,
            15.949976260021414,
            73.75936064510836,
            76.41376549948811,
            83.94443434248402,
            61.02187950067618,
            35.994605616048574,
            80.59488371994871,
            86.44494450599598,
            42.07525762472291,
            94.89097888455186,
            78.2548841816485,
            62.26578224813109,
            4.3715253118066455,
            69.15606775671283,
            94.77698728205134,
            70.83090643825585
        ],
        [
            73.39211982808284,
            87.05754546015547,
            80.62957224574687,
            7.848908202309374,
            0.0,
            17.51882592703681,
            8.432532549022218,
            70.24662561370022,
            73.96874627583762,
            79.15015168875428,
            53.385741240735015,
            43.83493081347462,
            74.63984611438556,
            89.58744458462826,
            47.97266701146088,
            96.30238914938157,
            80.33326578427926,
            57.71137473555772,
            12.023085419682046,
            63.39009375419689,
            92.35263310880843,
            73.39211982808284
        ],
        [
            78.81975073736278,
            93.33315888114056,
            72.55075904904749,
            25.279912524941174,
            17.51882592703681,
            0.0,
            9.485244052037322,
            62.148593410114955,
            68.25199018784987,
            67.71371031006643,
            35.93018731785674,
            61.23513003851888,
            60.55083859602547,
            95.79739793566203,
            61.024109481644864,
            98.5860341383451,
            84.49909951629138,
            47.61215908024484,
            29.191482711816064,
            50.005418984556314,
            86.12177829004831,
            78.81975073736278
        ],
        [
            73.69799758056818,
            87.87936736547022,
            74.79364260464942,
            15.949976260021414,
            8.432532549022218,
            9.485244052037322,
            0.0,
            64.34415736539634,
            69.04030550113359,
            72.08576994946645,
            45.0726637337922,
            51.80674051337947,
            66.74474286336572,
            90.38466195165238,
            52.54863176882888,
            95.12595962767533,
            80.02499676923549,
            50.983120883554875,
            19.742252828562492,
            55.655181791555954,
            87.30824042539705,
            73.69799758056818
        ],
        [
            55.88284828833489,
            67.9290524004464,
            10.455567246726508,
            73.75936064510836,
            70.24662561370022,
            62.148593410114955,
            64.34415736539634,
            0.0,
            11.282507483393905,
            17.587424306105806,
            56.211180782990944,
            97.84542182944723,
            30.022145671867605,
            69.40039837745424,
            74.61211705816709,
            57.63565519591806,
            54.57435953256317,
            15.755307432649515,
            74.48057291302437,
            25.448655292945755,
            24.840987360249684,
            55.88284828833489
        ],
        [
            47.069000605928274,
            58.09034166838688,
            12.141738674906465,
            76.41376549948811,
            73.96874627583762,
            68.25199018784987,
            69.04030550113359,
            11.282507483393905,
            0.0,
            27.265276222946277,
            66.48878941791153,
            96.77698203266175,
            41.14334610948142,
            59.38259147720791,
            70.8612540983769,
            46.481151476037375,
            44.702320632965034,
            25.306753637760643,
            76.49671733127565,
            36.58810380571024,
            18.39322844625913,
            47.069000605928274
        ],
        [
            73.42879402606317,
            85.1852024515992,
            17.61025963305199,
            83.94443434248402,
            79.15015168875428,
            67.71371031006643,
            72.08576994946645,
            17.587424306105806,
            27.265276222946277,
            0.0,
            51.6255515752472,
            111.55727225090641,
            16.680810636838597,
            86.55733270423072,
            90.62734160246842,
            73.19492108667409,
            71.79719856550784,
            21.74393095994664,
            85.41653041622658,
            19.63812002947747,
            32.149273046721866,
            73.42879402606317
        ],
        [
            96.33451612771809,
            110.96925444547226,
            64.45251208927542,
            61.02187950067618,
            53.385741240735015,
            35.93018731785674,
            45.0726637337922,
            56.211180782990944,
            66.48878941791153,
            51.6255515752472,
            0.0,
            96.70331400531262,
            37.43984594857705,
            113.14125149398141,
            90.97302638717247,
            108.75920335335883,
            99.32744866741297,
            41.21372411273315,
            64.69175237494234,
            32.44501686389781,
            80.30104893085401,
            96.33451612771809
        ],
        [
            71.80422423437027,
            80.29111073154303,
            106.94789854663007,
            35.994605616048574,
            43.83493081347462,
            61.23513003851888,
            51.80674051337947,
            97.84542182944723,
            96.77698203266175,
            111.55727225090641,
            96.70331400531262,
            0.0,
            111.77912779028466,
            82.56070527123603,
            32.0296098391556,
            98.46398858108593,
            80.47167858025949,
            90.21301943305615,
            32.067219737086205,
            100.13591374492668,
            113.8788402552545,
            71.80422423437027
        ],
        [
            84.27107059386856,
            97.1898637752125,
            33.596500660905996,
            80.59488371994871,
            74.63984611438556,
            60.55083859602547,
            66.74474286336572,
            30.022145671867605,
            41.14334610948142,
            16.680810636838597,
            37.43984594857705,
            111.77912779028466,
            0.0,
            98.81661166667382,
            95.04490162616472,
            87.61839422474799,
            83.97108847615817,
            24.143216086746268,
            82.8466812494063,
            11.644751045571006,
            48.733464039506025,
            84.27107059386856
        ],
        [
            17.134631237136414,
            2.533799822884294,
            70.71358135438823,
            86.44494450599598,
            89.58744458462826,
            95.79739793566203,
            90.38466195165238,
            69.40039837745424,
            59.38259147720791,
            86.55733270423072,
            113.14125149398141,
            82.56070527123603,
            98.81661166667382,
            0.0,
            50.99552768522979,
            22.470815405182506,
            14.849853780309006,
            76.9376006514167,
            83.5386631659015,
            91.19769634689067,
            64.67917047661619,
            17.134631237136414
        ],
        [
            39.8204086042062,
            48.641904206603144,
            82.2469791017612,
            42.07525762472291,
            47.97266701146088,
            61.024109481644864,
            52.54863176882888,
            74.61211705816709,
            70.8612540983769,
            90.62734160246842,
            90.97302638717247,
            32.0296098391556,
            95.04490162616472,
            50.99552768522979,
            0.0,
            66.477574105843,
            48.50075703164354,
            71.26100972260639,
            38.09559507560535,
            83.9194757168672,
            86.33151285399646,
            39.8204086042062
        ],
        [
            26.660846304511526,
            23.204921146604804,
            55.94827729123697,
            94.89097888455186,
            96.30238914938157,
            98.5860341383451,
            95.12595962767533,
            57.63565519591806,
            46.481151476037375,
            73.19492108667409,
            108.75920335335883,
            98.46398858108593,
            87.61839422474799,
            22.470815405182506,
            66.477574105843,
            0.0,
            17.99641351266421,
            68.9030294677166,
            92.81242518267194,
            82.14519026848748,
            46.36612223036249,
            26.660846304511526
        ],
        [
            8.684591142762056,
            13.39190209712035,
            56.23135545879969,
            78.2548841816485,
            80.33326578427926,
            84.49909951629138,
            80.02499676923549,
            54.57435953256317,
            44.702320632965034,
            71.79719856550784,
            99.32744866741297,
            80.47167858025949,
            83.97108847615817,
            14.849853780309006,
            48.50075703164354,
            17.99641351266421,
            0.0,
            62.26600225492657,
            75.88893399740383,
            76.46504445467703,
            51.449071824533206,
            8.684591142762056
        ],
        [
            61.453094135274554,
            75.09760467840327,
            25.56899499161439,
            62.26578224813109,
            57.71137473555772,
            47.61215908024484,
            50.983120883554875,
            15.755307432649515,
            25.306753637760643,
            21.74393095994664,
            41.21372411273315,
            90.21301943305615,
            24.143216086746268,
            76.9376006514167,
            71.26100972260639,
            68.9030294677166,
            62.26600225492657,
            0.0,
            63.677385531059656,
            14.405107670396747,
            40.59179629656,
            61.453094135274554
        ],
        [
            68.25212544227658,
            81.01046249366041,
            84.57292622943895,
            4.3715253118066455,
            12.023085419682046,
            29.191482711816064,
            19.742252828562492,
            74.48057291302437,
            76.49671733127565,
            85.41653041622658,
            64.69175237494234,
            32.067219737086205,
            82.8466812494063,
            83.5386631659015,
            38.09559507560535,
            92.81242518267194,
            75.88893399740383,
            63.677385531059656,
            0.0,
            71.31345421927946,
            94.78181563324097,
            68.25212544227658
        ],
        [
            75.84478727504536,
            89.3978529405949,
            32.37578695113435,
            69.15606775671283,
            63.39009375419689,
            50.005418984556314,
            55.655181791555954,
            25.448655292945755,
            36.58810380571024,
            19.63812002947747,
            32.44501686389781,
            100.13591374492668,
            11.644751045571006,
            91.19769634689067,
            83.9194757168672,
            82.14519026848748,
            76.46504445467703,
            14.405107670396747,
            71.31345421927946,
            0.0,
            48.267030444035996,
            75.84478727504536
        ],
        [
            56.42401428347911,
            64.05368972620965,
            15.893913765989337,
            94.77698728205134,
            92.35263310880843,
            86.12177829004831,
            87.30824042539705,
            24.840987360249684,
            18.39322844625913,
            32.149273046721866,
            80.30104893085401,
            113.8788402552545,
            48.733464039506025,
            64.67917047661619,
            86.33151285399646,
            46.36612223036249,
            51.449071824533206,
            40.59179629656,
            94.78181563324097,
            48.267030444035996,
            0.0,
            56.42401428347911
        ],
        [
            0.0,
            14.784632932397509,
            59.06010865309995,
            70.83090643825585,
            73.39211982808284,
            78.81975073736278,
            73.69799758056818,
            55.88284828833489,
            47.069000605928274,
            73.42879402606317,
            96.33451612771809,
            71.80422423437027,
            84.27107059386856,
            17.134631237136414,
            39.8204086042062,
            26.660846304511526,
            8.684591142762056,
            61.453094135274554,
            68.25212544227658,
            75.84478727504536,
            56.42401428347911,
            0.0
        ]
    ],
    "scores_ave": [
        0,
        19.213799842303168,
        10.915333854347985,
        10.071882022361095,
        11.879781771254097,
        10.21735664147408,
        14.788212810147144,
        15.992833201078207,
        10.979211588025379,
        15.008600098571186,
        13.691853548642811,
        10.321061050276136,
        15.609836075361711,
        13.28862033189979,
        10.828701456271135,
        10.415234714847848,
        14.05096749331199,
        15.73200069870418,
        14.903193676010236,
        14.337053639893707,
        17.074779175471534,
        0
    ],
    "scores_var": [
        0,
        366.6141450674653,
        301.1403402220203,
        264.18605517010457,
        232.0349066301682,
        19.19280388329928,
        20.53996437942358,
        319.6851994216672,
        398.78620230485217,
        19.519903627924396,
        257.3251083778303,
        396.3133462305192,
        16.836670387987738,
        358.0708243666428,
        271.496241121211,
        334.2799521473179,
        280.0373613367317,
        318.26272814170244,
        18.434786108082985,
        293.85976514367314,
        20.50348638566261,
        0
    ],
    "vertex_number": 22,
    "minimum_distances": {
        "cost": 404.28284400772696,
        "path": [
            0,
            16,
            1,
            13,
            15,
            20,
            2,
            8,
            7,
            9,
            12,
            19,
            17,
            10,
            5,
            6,
            4,
            3,
            18,
            11,
            14,
            21
        ]
    }
}