{
    "vertices": [
        [
            37.524704625396254,
            8.083057751679101
        ],
        [
            49.80851546796039,
            87.77615746518404
        ],
        [
            2.5892311867121043,
            88.40809073196564
        ],
        [
            99.8219521517464,
            46.889938745481544
        ],
        [
            21.96169884572201,
            90.50997328410713
        ],
        [
            3.530418123436485,
            35.331001845621145
        ],
        [
            36.43073105660651,
            31.63537630935518
        ],
        [
            61.44614648875899,
            91.20460740499627
        ],
        [
            61.479759831777706,
            88.887395596579
        ],
        [
            96.90311712800981,
            26.69819356011741
        ],
        [
            13.060204691315402,
            67.97856874165788
        ],
        [
            42.34661205526403,
            64.10685245951946
        ],
        [
            45.10168950596075,
            17.284257648026667
        ],
        [
            16.836103974485773,
            92.42266354023818
        ],
        [
            24.903189305585528,
            92.90543616584917
        ],
        [
            90.27153284506161,
            74.82565143908566
        ],
        [
            37.524704625396254,
            8.083057751679101
        ]
    ],
    "distances": [
        [
            0.0,
            80.63424924163762,
            87.59336862839062,
            73.39564743107377,
            83.88327338086062,
            43.566753059229875,
            23.577711670377678,
            86.49524494208403,
            84.28039917141768,
            62.22796117901611,
            64.6991807813307,
            56.23092000606477,
            11.919428652953522,
            86.84000979653561,
            85.75627399091498,
            85.06939343475494,
            0.0
        ],
        [
            80.63424924163762,
            0.0,
            47.22351265722412,
            64.59896849113322,
            27.980688785738742,
            69.94395357562654,
            57.71267126501191,
            12.132136034765367,
            11.72402640668314,
            77.12599548989532,
            41.741859855578696,
            24.817655046188147,
            70.64886517467005,
            33.298197224482465,
            25.428031210523766,
            42.484954767442154,
            80.63424924163762
        ],
        [
            87.59336862839062,
            47.22351265722412,
            0.0,
            105.7258670838741,
            19.486159535998407,
            53.08543300660526,
            66.09378349251422,
            58.923314438131015,
            58.892479122962165,
            112.70856440532015,
            22.956625511746555,
            46.59613197574775,
            82.86077929212267,
            14.801695141568315,
            22.76266335213237,
            88.72806028112286,
            87.59336862839062
        ],
        [
            73.39564743107377,
            64.59896849113322,
            105.7258670838741,
            0.0,
            89.24643666852572,
            96.98282604554335,
            65.20083271746294,
            58.621602832794956,
            56.86747834976736,
            20.40162178667341,
            89.2879114858402,
            59.99864029328449,
            62.21578173797997,
            94.65664279349019,
            87.92182339580518,
            29.52311895164689,
            73.39564743107377
        ],
        [
            83.88327338086062,
            27.980688785738742,
            19.486159535998407,
            89.24643666852572,
            0.0,
            58.1758626757949,
            60.6264881224295,
            39.49055738069079,
            39.551357782630944,
            98.42844815247167,
            24.22603535117618,
            33.356700613794764,
            76.79495164509224,
            5.4708415074777905,
            3.793495557302253,
            70.0873124948842,
            83.88327338086062
        ],
        [
            43.566753059229875,
            69.94395357562654,
            53.08543300660526,
            96.98282604554335,
            58.1758626757949,
            0.0,
            33.10722336899934,
            80.47416598070748,
            78.90762647575792,
            93.77092458909057,
            34.010005237584416,
            48.319214500099626,
            45.319483453509164,
            58.621660766472786,
            61.413441812837284,
            95.30922478784872,
            43.566753059229875
        ],
        [
            23.577711670377678,
            57.71267126501191,
            66.09378349251422,
            65.20083271746294,
            60.6264881224295,
            33.10722336899934,
            0.0,
            64.60854666813877,
            62.49197992577929,
            60.6735959925586,
            43.20890115198662,
            33.00597538872264,
            16.76723373911031,
            63.8673915184991,
            62.34504353707589,
            69.0234148894817,
            23.577711670377678
        ],
        [
            86.49524494208403,
            12.132136034765367,
            58.923314438131015,
            58.621602832794956,
            39.49055738069079,
            80.47416598070748,
            64.60854666813877,
            0.0,
            2.317455592216888,
            73.60892740720702,
            53.67167069894963,
            33.1523836045219,
            75.70574206924636,
            44.626668639658334,
            36.58251683748664,
            33.1537795299926,
            86.49524494208403
        ],
        [
            84.28039917141768,
            11.72402640668314,
            58.892479122962165,
            56.86747834976736,
            39.551357782630944,
            78.90762647575792,
            62.49197992577929,
            2.317455592216888,
            0.0,
            71.57032270479405,
            52.74118277446326,
            31.307389894489425,
            73.45236927204473,
            44.78341353378258,
            36.796605298231135,
            32.04214165749945,
            84.28039917141768
        ],
        [
            62.22796117901611,
            77.12599548989532,
            112.70856440532015,
            20.40162178667341,
            98.42844815247167,
            93.77092458909057,
            60.6735959925586,
            73.60892740720702,
            71.57032270479405,
            0.0,
            93.45428476531158,
            66.14998115195762,
            52.64988217498059,
            103.58780116159619,
            97.81302868170746,
            48.58219953844935,
            62.22796117901611
        ],
        [
            64.6991807813307,
            41.741859855578696,
            22.956625511746555,
            89.2879114858402,
            24.22603535117618,
            34.010005237584416,
            43.20890115198662,
            53.67167069894963,
            52.74118277446326,
            93.45428476531158,
            0.0,
            29.541222778627837,
            59.971409241279375,
            24.734008690841577,
            27.59719196144868,
            77.5143324600741,
            64.6991807813307
        ],
        [
            56.23092000606477,
            24.817655046188147,
            46.59613197574775,
            59.99864029328449,
            33.356700613794764,
            48.319214500099626,
            33.00597538872264,
            33.1523836045219,
            31.307389894489425,
            66.14998115195762,
            29.541222778627837,
            0.0,
            46.90358021132896,
            38.11261181942803,
            33.66944342745334,
            49.108967452724166,
            56.23092000606477
        ],
        [
            11.919428652953522,
            70.64886517467005,
            82.86077929212267,
            62.21578173797997,
            76.79495164509224,
            45.319483453509164,
            16.76723373911031,
            75.70574206924636,
            73.45236927204473,
            52.64988217498059,
            59.971409241279375,
            46.90358021132896,
            0.0,
            80.27903440786923,
            78.27223039347312,
            73.15276308313061,
            11.919428652953522
        ],
        [
            86.84000979653561,
            33.298197224482465,
            14.801695141568315,
            94.65664279349019,
            5.4708415074777905,
            58.621660766472786,
            63.8673915184991,
            44.626668639658334,
            44.78341353378258,
            103.58780116159619,
            24.734008690841577,
            38.11261181942803,
            80.27903440786923,
            0.0,
            8.08151812144749,
            75.51434994948649,
            86.84000979653561
        ],
        [
            85.75627399091498,
            25.428031210523766,
            22.76266335213237,
            87.92182339580518,
            3.793495557302253,
            61.413441812837284,
            62.34504353707589,
            36.58251683748664,
            36.796605298231135,
            97.81302868170746,
            27.59719196144868,
            33.66944342745334,
            78.27223039347312,
            8.08151812144749,
            0.0,
            67.82255489777037,
            85.75627399091498
        ],
        [
            85.06939343475494,
            42.484954767442154,
            88.72806028112286,
            29.52311895164689,
            70.0873124948842,
            95.30922478784872,
            69.0234148894817,
            33.1537795299926,
            32.04214165749945,
            48.58219953844935,
            77.5143324600741,
            49.108967452724166,
            73.15276308313061,
            75.51434994948649,
            67.82255489777037,
            0.0,
            85.06939343475494
        ],
        [
            0.0,
            80.63424924163762,
            87.59336862839062,
            73.39564743107377,
            83.88327338086062,
            43.566753059229875,
            23.577711670377678,
            86.49524494208403,
            84.28039917141768,
            62.22796117901611,
            64.6991807813307,
            56.23092000606477,
            11.919428652953522,
            86.84000979653561,
            85.75627399091498,
            85.06939343475494,
            0.0
        ]
    ],
    "scores_ave": [
        0,
        15.8420573383337,
        12.47309146682945,
        17.469498067909797,
        19.56934219642033,
        19.2843185072309,
        10.412593172617541,
        15.688774871168878,
        11.537780991498176,
        17.32919925518954,
        14.101464579469894,
        19.726965023773808,
        13.94794806329136,
        15.843646279463025,
        19.13129077794455,
        12.350202536281023,
        0
    ],
    "scores_var": [
        0,
        23.907241241973406,
        337.86605246473925,
        19.147540114014802,
        369.37841793235515,
        376.820106326286,
        20.268277268611435,
        22.545065053429884,
        278.6469321607984,
        259.73760004807406,
        18.980167100603172,
        268.14618079997916,
        298.61479274015414,
        235.5376618754548,
        19.435508694256516,
        20.951751506139242,
        0
    ],
    "vertex_number": 17,
    "minimum_distances": {
        "cost": 357.1904813194339,
        "path": [
            0,
            6,
            5,
            10,
            2,
            13,
            4,
            14,
            11,
            1,
            7,
            8,
            15,
            3,
            9,
            12,
            16
        ]
    }
}