{
    "vertices": [
        [
            94.36939495051722,
            66.15905100278998
        ],
        [
            86.01454750938392,
            22.12126893591908
        ],
        [
            71.2597075663266,
            5.535104613291764
        ],
        [
            69.47693764850952,
            89.77052767988808
        ],
        [
            27.90819319910589,
            21.71213023823323
        ],
        [
            38.76514928721816,
            51.28582789011744
        ],
        [
            63.14600331401049,
            9.475016147707205
        ],
        [
            27.345881404743633,
            40.48238202130064
        ],
        [
            28.902591438933523,
            7.202021159074357
        ],
        [
            33.416596521958375,
            64.49240525532663
        ],
        [
            17.648327664907647,
            51.38997297463369
        ],
        [
            42.79088015421223,
            8.740279756128345
        ],
        [
            54.56105571149203,
            75.13022023449585
        ],
        [
            38.90249758294237,
            53.811096339440326
        ],
        [
            94.36939495051722,
            66.15905100278998
        ]
    ],
    "distances": [
        [
            0.0,
            44.82331675739568,
            64.87927655909684,
            34.30941942681957,
            79.95386234380791,
            57.5590557735605,
            64.71460416891165,
            71.77355152147253,
            88.10126974123064,
            60.975579901465984,
            78.12968597943294,
            77.18327850039223,
            40.80668756899068,
            56.82471898701498,
            0.0
        ],
        [
            44.82331675739568,
            0.0,
            22.199237569845387,
            69.64132931326739,
            58.10779470695398,
            55.525463810306995,
            26.13231760099177,
            61.47473347833187,
            59.02846330728881,
            67.54152530905293,
            74.36798405180235,
            45.24750038466447,
            61.63822729487713,
            56.778432605492796,
            44.82331675739568
        ],
        [
            64.87927655909684,
            22.199237569845387,
            0.0,
            84.25428634667995,
            46.27148102234632,
            56.116174122146404,
            9.019706181083299,
            56.12251176116457,
            42.389903248298005,
            70.05757883706565,
            70.54678594642186,
            28.648687263415958,
            71.5704205108349,
            58.11678255936046,
            64.87927655909684
        ],
        [
            34.30941942681957,
            69.64132931326739,
            84.25428634667995,
            0.0,
            79.74901866121034,
            49.23703953587709,
            80.54470747207621,
            64.84093770664869,
            91.99910781856632,
            44.037843674212205,
            64.49241654888844,
            85.31146900138872,
            20.90029033421908,
            47.20039287602736,
            34.30941942681957
        ],
        [
            79.95386234380791,
            58.10779470695398,
            46.27148102234632,
            79.74901866121034,
            0.0,
            31.50360437004407,
            37.302147699008216,
            18.778672651543403,
            14.54414292244342,
            43.1334491746876,
            31.401260966183298,
            19.742423253840375,
            59.69813580802143,
            33.92960880486081,
            79.95386234380791
        ],
        [
            57.5590557735605,
            55.525463810306995,
            56.116174122146404,
            49.23703953587709,
            31.50360437004407,
            0.0,
            48.400103529176725,
            15.719863918373118,
            45.17357704688351,
            14.248533341576733,
            21.117078434932935,
            42.73558441199853,
            28.60184794793981,
            2.529000849245402,
            57.5590557735605
        ],
        [
            64.71460416891165,
            26.13231760099177,
            9.019706181083299,
            80.54470747207621,
            37.302147699008216,
            48.400103529176725,
            0.0,
            47.36143438639983,
            34.31876692226154,
            62.53599549400741,
            61.861960001879,
            20.36837932717441,
            66.21410083219325,
            50.5315305220426,
            64.71460416891165
        ],
        [
            71.77355152147253,
            61.47473347833187,
            56.12251176116457,
            64.84093770664869,
            18.778672651543403,
            15.719863918373118,
            47.36143438639983,
            0.0,
            33.31674901983311,
            24.765597059890315,
            14.595139223119457,
            35.30026972395172,
            44.05835227734293,
            17.641145168746462,
            71.77355152147253
        ],
        [
            88.10126974123064,
            59.02846330728881,
            42.389903248298005,
            91.99910781856632,
            14.54414292244342,
            45.17357704688351,
            34.31876692226154,
            33.31674901983311,
            0.0,
            57.46794194840885,
            45.59861334239831,
            13.973217344275026,
            72.61265054008327,
            47.669738955211336,
            88.10126974123064
        ],
        [
            60.975579901465984,
            67.54152530905293,
            70.05757883706565,
            44.037843674212205,
            43.1334491746876,
            14.248533341576733,
            62.53599549400741,
            24.765597059890315,
            57.46794194840885,
            0.0,
            20.50151297876282,
            56.534738800991185,
            23.669627414661417,
            12.007725455201646,
            60.975579901465984
        ],
        [
            78.12968597943294,
            74.36798405180235,
            70.54678594642186,
            64.49241654888844,
            31.401260966183298,
            21.117078434932935,
            61.861960001879,
            14.595139223119457,
            45.59861334239831,
            20.50151297876282,
            0.0,
            49.50903228008054,
            43.887912137631815,
            21.391623997544098,
            78.12968597943294
        ],
        [
            77.18327850039223,
            45.24750038466447,
            28.648687263415958,
            85.31146900138872,
            19.742423253840375,
            42.73558441199853,
            20.36837932717441,
            35.30026972395172,
            13.973217344275026,
            56.534738800991185,
            49.50903228008054,
            0.0,
            67.4252269508258,
            45.23823633285349,
            77.18327850039223
        ],
        [
            40.80668756899068,
            61.63822729487713,
            71.5704205108349,
            20.90029033421908,
            59.69813580802143,
            28.60184794793981,
            66.21410083219325,
            44.05835227734293,
            72.61265054008327,
            23.669627414661417,
            43.887912137631815,
            67.4252269508258,
            0.0,
            26.451757716981614,
            40.80668756899068
        ],
        [
            56.82471898701498,
            56.778432605492796,
            58.11678255936046,
            47.20039287602736,
            33.92960880486081,
            2.529000849245402,
            50.5315305220426,
            17.641145168746462,
            47.669738955211336,
            12.007725455201646,
            21.391623997544098,
            45.23823633285349,
            26.451757716981614,
            0.0,
            56.82471898701498
        ],
        [
            0.0,
            44.82331675739568,
            64.87927655909684,
            34.30941942681957,
            79.95386234380791,
            57.5590557735605,
            64.71460416891165,
            71.77355152147253,
            88.10126974123064,
            60.975579901465984,
            78.12968597943294,
            77.18327850039223,
            40.80668756899068,
            56.82471898701498,
            0.0
        ]
    ],
    "scores_ave": [
        0,
        13.911522218197405,
        12.037502967893992,
        19.144827915793655,
        10.539829885849404,
        18.621070074325424,
        13.731310424794987,
        14.446603669609782,
        16.155787422888555,
        19.141447543138682,
        18.926490696359224,
        15.01654933654406,
        17.975824697042462,
        11.047025564071623,
        0
    ],
    "scores_var": [
        0,
        22.914034833682535,
        228.9768913645426,
        22.165667157342707,
        246.31082386522687,
        16.737854067110174,
        24.61678883838716,
        327.4255053981294,
        24.6429222532051,
        19.88945258879783,
        22.911741045502218,
        324.9287048073789,
        20.752557416925015,
        394.80903359250965,
        0
    ],
    "vertex_number": 15,
    "minimum_distances": {
        "cost": 272.83495389196014,
        "path": [
            0,
            1,
            2,
            6,
            11,
            8,
            4,
            7,
            10,
            5,
            13,
            9,
            12,
            3,
            14
        ]
    }
}