{
    "vertices": [
        [
            44.48731181108337,
            75.71282335743761
        ],
        [
            80.84916416896426,
            77.35694501196684
        ],
        [
            54.41949226016114,
            13.24898150619408
        ],
        [
            97.24552515169084,
            92.54814166649878
        ],
        [
            8.05615681300309,
            84.37043705006342
        ],
        [
            62.39482886086585,
            81.77835827305752
        ],
        [
            11.206638298806414,
            1.7492663246603257
        ],
        [
            56.0397816346243,
            19.530121111073186
        ],
        [
            21.209186439901128,
            98.07141444999695
        ],
        [
            68.35834178798436,
            55.10963237676877
        ],
        [
            72.37165662641377,
            25.503858277885694
        ],
        [
            35.83221274910009,
            29.606914775623306
        ],
        [
            35.59669281330628,
            95.07910461411876
        ],
        [
            27.15241341454474,
            59.60920287764586
        ],
        [
            44.48731181108337,
            75.71282335743761
        ]
    ],
    "distances": [
        [
            0.0,
            36.39900332304746,
            63.24855529804777,
            55.379211058487115,
            37.44573846707915,
            18.9068739008027,
            81.1061711485117,
            57.35813447739968,
            32.27658154824876,
            31.532801187715933,
            57.432367704456574,
            46.9112518051625,
            21.30952734990888,
            23.66062752708571,
            0.0
        ],
        [
            36.39900332304746,
            0.0,
            69.34232864610524,
            22.352026961162622,
            73.13009633860374,
            18.97660103625189,
            102.79398078709954,
            62.924137055665526,
            63.13490466946339,
            25.51398759977421,
            52.54151442417836,
            65.62462421004888,
            48.59898254859655,
            56.553721296203015,
            36.39900332304746
        ],
        [
            63.24855529804777,
            69.34232864610524,
            0.0,
            90.12450219200124,
            84.89888286935397,
            68.99189426265423,
            44.71682230147586,
            6.4867597761115725,
            91.09209374682926,
            44.12035377767775,
            21.736195852133307,
            24.760229006804636,
            83.96705798629976,
            53.78441888115067,
            63.24855529804777
        ],
        [
            55.379211058487115,
            22.352026961162622,
            90.12450219200124,
            0.0,
            89.56348741226967,
            36.47683191146081,
            125.08847194776251,
            83.8423796455398,
            76.23667980004731,
            47.28753895610979,
            71.50975647074621,
            87.93857505547194,
            61.70076419403957,
            77.44687212232556,
            55.379211058487115
        ],
        [
            37.44573846707915,
            73.13009633860374,
            84.89888286935397,
            89.56348741226967,
            0.0,
            54.400460956791406,
            82.68121543390974,
            80.66408632154815,
            18.992603035907084,
            67.02647389565975,
            87.18805888761278,
            61.4048259933068,
            29.54922476447473,
            31.269565617917074,
            37.44573846707915
        ],
        [
            18.9068739008027,
            18.97660103625189,
            68.99189426265423,
            36.47683191146081,
            54.400460956791406,
            0.0,
            94.99940216181743,
            62.571796002851066,
            44.291317673021126,
            27.327356757712437,
            57.15204669974647,
            58.54427462448406,
            29.91738539466251,
            41.635313106028185,
            18.9068739008027
        ],
        [
            81.1061711485117,
            102.79398078709954,
            44.71682230147586,
            125.08847194776251,
            82.68121543390974,
            94.99940216181743,
            0.0,
            48.23037982750594,
            96.84011146624218,
            78.18980673291067,
            65.61585255013291,
            37.181547765314946,
            96.4641564227705,
            60.016997608654265,
            81.1061711485117
        ],
        [
            57.35813447739968,
            62.924137055665526,
            6.4867597761115725,
            83.8423796455398,
            80.66408632154815,
            62.571796002851066,
            48.23037982750594,
            0.0,
            85.91801394916868,
            37.6516738825475,
            17.39010283136921,
            22.5806911059233,
            78.26601298711817,
            49.40458316729411,
            57.35813447739968
        ],
        [
            32.27658154824876,
            63.13490466946339,
            91.09209374682926,
            76.23667980004731,
            18.992603035907084,
            44.291317673021126,
            96.84011146624218,
            85.91801394916868,
            0.0,
            63.78681344090826,
            88.78991251475765,
            70.00871812925755,
            14.69538219301108,
            38.91868016657848,
            32.27658154824876
        ],
        [
            31.532801187715933,
            25.51398759977421,
            44.12035377767775,
            47.28753895610979,
            67.02647389565975,
            27.327356757712437,
            78.18980673291067,
            37.6516738825475,
            63.78681344090826,
            0.0,
            29.876555289833092,
            41.332041750897396,
            51.6805994012484,
            41.45087053138208,
            31.532801187715933
        ],
        [
            57.432367704456574,
            52.54151442417836,
            21.736195852133307,
            71.50975647074621,
            87.18805888761278,
            57.15204669974647,
            65.61585255013291,
            17.39010283136921,
            88.78991251475765,
            29.876555289833092,
            0.0,
            36.769090707916384,
            78.69633324496687,
            56.63880725194126,
            57.432367704456574
        ],
        [
            46.9112518051625,
            65.62462421004888,
            24.760229006804636,
            87.93857505547194,
            61.4048259933068,
            58.54427462448406,
            37.181547765314946,
            22.5806911059233,
            70.00871812925755,
            41.332041750897396,
            36.769090707916384,
            0.0,
            65.47261344935104,
            31.23261448942294,
            46.9112518051625
        ],
        [
            21.30952734990888,
            48.59898254859655,
            83.96705798629976,
            61.70076419403957,
            29.54922476447473,
            29.91738539466251,
            96.4641564227705,
            78.26601298711817,
            14.69538219301108,
            51.6805994012484,
            78.69633324496687,
            65.47261344935104,
            0.0,
            36.46120930193336,
            21.30952734990888
        ],
        [
            23.66062752708571,
            56.553721296203015,
            53.78441888115067,
            77.44687212232556,
            31.269565617917074,
            41.635313106028185,
            60.016997608654265,
            49.40458316729411,
            38.91868016657848,
            41.45087053138208,
            56.63880725194126,
            31.23261448942294,
            36.46120930193336,
            0.0,
            23.66062752708571
        ],
        [
            0.0,
            36.39900332304746,
            63.24855529804777,
            55.379211058487115,
            37.44573846707915,
            18.9068739008027,
            81.1061711485117,
            57.35813447739968,
            32.27658154824876,
            31.532801187715933,
            57.432367704456574,
            46.9112518051625,
            21.30952734990888,
            23.66062752708571,
            0.0
        ]
    ],
    "scores_ave": [
        0,
        19.717956629386165,
        19.244573937044137,
        15.361066364013578,
        14.779641471799145,
        15.297946889505457,
        17.75379853205768,
        11.734962556882326,
        13.55103346484604,
        12.96478980316401,
        18.37912059447634,
        16.09267987241511,
        17.016767265836016,
        13.842442761731675,
        0
    ],
    "scores_var": [
        0,
        21.26565153386051,
        317.59804132301565,
        387.57941917120445,
        18.208007049855432,
        395.91621071378665,
        313.72514011581995,
        24.66698467641074,
        386.9992522365259,
        16.19283829152176,
        239.08054892499578,
        367.6898625785842,
        313.2612952109823,
        321.2864570125958,
        0
    ],
    "vertex_number": 15,
    "minimum_distances": {
        "cost": 375.93898554367075,
        "path": [
            0,
            4,
            8,
            12,
            5,
            3,
            1,
            9,
            10,
            7,
            2,
            6,
            11,
            13,
            14
        ]
    }
}