{
    "vertices": [
        [
            97.8384027106377,
            6.802618317331888
        ],
        [
            91.21143116558925,
            92.64000022452123
        ],
        [
            63.24416370416436,
            87.76599938967323
        ],
        [
            41.92770095074268,
            17.555931441274485
        ],
        [
            10.951682257579332,
            13.797860475120372
        ],
        [
            48.20615985406174,
            69.37957522992383
        ],
        [
            9.694920393728513,
            91.63025759256557
        ],
        [
            56.533811960108174,
            11.87804038601261
        ],
        [
            46.10588668971053,
            32.61239690448533
        ],
        [
            63.33111907364657,
            82.87120374243537
        ],
        [
            6.871497383811953,
            39.749249407509836
        ],
        [
            5.020180844898025,
            45.81466359853151
        ],
        [
            77.87373957187089,
            26.26527173812143
        ],
        [
            16.118639131187706,
            53.75146503383418
        ],
        [
            4.648988611142402,
            13.25667738404961
        ],
        [
            59.22932147985068,
            61.20880233408873
        ],
        [
            47.48132404568006,
            14.876233437727803
        ],
        [
            33.149402883569515,
            28.666894499494365
        ],
        [
            58.39387707951116,
            61.831561590103846
        ],
        [
            97.8384027106377,
            6.802618317331888
        ]
    ],
    "distances": [
        [
            0.0,
            86.09281552219998,
            88.04447993544036,
            56.93540475332974,
            87.16785877795789,
            79.87011373107292,
            122.33152439155023,
            41.615251125566694,
            57.81347493944098,
            83.52952958433335,
            96.7494618327769,
            100.68347425143833,
            27.881582674270934,
            94.24602892159875,
            93.41264249898883,
            66.71352196332252,
            51.000182673996534,
            68.2840630864648,
            67.70565116725894,
            0.0
        ],
        [
            86.09281552219998,
            0.0,
            28.388799435639655,
            89.81371526073903,
            112.50649001298038,
            48.89274722806423,
            81.52276435819431,
            87.892157959156,
            75.085440018775,
            29.542193335169586,
            99.55227748425331,
            98.08946825210803,
            67.70154059319802,
            84.56503760301408,
            117.45113199193294,
            44.84167192219912,
            89.21617394614907,
            86.39304013823987,
            45.012795372908386,
            86.09281552219998
        ],
        [
            88.04447993544036,
            28.388799435639655,
            0.0,
            73.37469063401073,
            90.5858111975823,
            23.752939884947242,
            53.688489926416054,
            76.18406094630446,
            57.755003299439615,
            4.895567961381034,
            74.05056236731347,
            71.76312949319635,
            63.21680149880512,
            58.11887484907791,
            94.78941718314132,
            26.85895890639244,
            74.5746947337263,
            66.3204254183368,
            26.384092637819155,
            88.04447993544036
        ],
        [
            56.93540475332974,
            89.81371526073903,
            73.37469063401073,
            0.0,
            31.203154190976523,
            52.202577539174065,
            80.78340137184419,
            15.670894219964941,
            15.62544041984658,
            68.73275131346516,
            41.490731144154495,
            46.483556054791244,
            36.986082530567124,
            44.4547446742834,
            37.52580417722225,
            46.95656727357699,
            6.166320691533477,
            14.1602265884859,
            47.23839943710574,
            56.93540475332974
        ],
        [
            87.16785877795789,
            112.50649001298038,
            90.5858111975823,
            31.203154190976523,
            0.0,
            66.91205508778778,
            77.84254294041351,
            45.62254111064731,
            39.872357220359746,
            86.68755476591038,
            26.270182643526987,
            32.561609162507764,
            68.07347573598787,
            40.28632473393181,
            6.325885419362048,
            67.66481993495786,
            36.54555537152826,
            26.717540564346514,
            67.5129490714611,
            87.16785877795789
        ],
        [
            79.87011373107292,
            48.89274722806423,
            23.752939884947242,
            52.202577539174065,
            66.91205508778778,
            0.0,
            44.47705510006596,
            58.10143112699441,
            36.82711703866444,
            20.26791630419167,
            50.85774798270062,
            49.196888551769796,
            52.33553717977686,
            35.69099066209835,
            71.04228902071944,
            13.72121065881504,
            54.50816134732536,
            43.40769865733899,
            12.679199192875997,
            79.87011373107292
        ],
        [
            122.33152439155023,
            81.52276435819431,
            53.688489926416054,
            80.78340137184419,
            77.84254294041351,
            44.47705510006596,
            0.0,
            92.48944757391664,
            69.34599012779891,
            54.34669109689313,
            51.95777831846495,
            46.05346721882697,
            94.45068957015357,
            38.41961853175261,
            78.53584851680917,
            58.13021444141015,
            85.5511106000947,
            67.19001295472549,
            57.092474685643666,
            122.33152439155023
        ],
        [
            41.615251125566694,
            87.892157959156,
            76.18406094630446,
            15.670894219964941,
            45.62254111064731,
            58.10143112699441,
            92.48944757391664,
            0.0,
            23.208945811478166,
            71.31782825736835,
            56.94865917117797,
            61.68750753387936,
            25.736840063503823,
            58.195961084325276,
            51.903136070238965,
            49.40435047593255,
            9.536073563905656,
            28.78708408822743,
            49.98813982272207,
            41.615251125566694
        ],
        [
            57.81347493944098,
            75.085440018775,
            57.755003299439615,
            15.62544041984658,
            39.872357220359746,
            36.82711703866444,
            69.34599012779891,
            23.208945811478166,
            0.0,
            53.12867677116542,
            39.87821420094856,
            43.15478039136779,
            32.39571691782841,
            36.68917030287528,
            45.75279528564962,
            31.46393084446557,
            17.789416023010446,
            13.54390866207329,
            31.697859434749354,
            57.81347493944098
        ],
        [
            83.52952958433335,
            29.542193335169586,
            4.895567961381034,
            68.73275131346516,
            86.68755476591038,
            20.26791630419167,
            54.34669109689313,
            71.31782825736835,
            53.12867677116542,
            0.0,
            71.04359103411544,
            69.08945422098576,
            58.44415581589307,
            55.470509685546304,
            91.04819995870729,
            22.0473213401721,
            69.81784864321313,
            62.0406570942212,
            21.61117535921681,
            83.52952958433335
        ],
        [
            96.7494618327769,
            99.55227748425331,
            74.05056236731347,
            41.490731144154495,
            26.270182643526987,
            50.85774798270062,
            51.95777831846495,
            56.94865917117797,
            39.87821420094856,
            71.04359103411544,
            0.0,
            6.3416576883259275,
            72.27126710886105,
            16.78009752481019,
            26.585633670514994,
            56.5849286990836,
            47.62168565832173,
            28.519237503155715,
            56.05518817056399,
            96.7494618327769
        ],
        [
            100.68347425143833,
            98.08946825210803,
            71.76312949319635,
            46.483556054791244,
            32.561609162507764,
            49.196888551769796,
            46.05346721882697,
            61.68750753387936,
            43.15478039136779,
            69.08945422098576,
            6.3416576883259275,
            0.0,
            75.43089381212681,
            13.644361229311345,
            32.56010211926237,
            56.352554829303514,
            52.53698832948313,
            32.943878301966436,
            55.72515115293264,
            100.68347425143833
        ],
        [
            27.881582674270934,
            67.70154059319802,
            63.21680149880512,
            36.986082530567124,
            68.07347573598787,
            52.33553717977686,
            94.45068957015357,
            25.736840063503823,
            32.39571691782841,
            58.44415581589307,
            72.27126710886105,
            75.43089381212681,
            0.0,
            67.59573398024577,
            74.37128263200451,
            39.60637141296023,
            32.45626464836146,
            44.78877185295981,
            40.5515229868925,
            27.881582674270934
        ],
        [
            94.24602892159875,
            84.56503760301408,
            58.11887484907791,
            44.4547446742834,
            40.28632473393181,
            35.69099066209835,
            38.41961853175261,
            58.195961084325276,
            36.68917030287528,
            55.470509685546304,
            16.78009752481019,
            13.644361229311345,
            67.59573398024577,
            0.0,
            42.08777387618785,
            43.750917843824595,
            49.94899034711947,
            30.319673363704155,
            43.04048912298753,
            94.24602892159875
        ],
        [
            93.41264249898883,
            117.45113199193294,
            94.78941718314132,
            37.52580417722225,
            6.325885419362048,
            71.04228902071944,
            78.53584851680917,
            51.903136070238965,
            45.75279528564962,
            91.04819995870729,
            26.585633670514994,
            32.56010211926237,
            74.37128263200451,
            42.08777387618785,
            0.0,
            72.65272894587761,
            42.862943442882646,
            32.39982106810335,
            72.44330481217001,
            93.41264249898883
        ],
        [
            66.71352196332252,
            44.84167192219912,
            26.85895890639244,
            46.95656727357699,
            67.66481993495786,
            13.72121065881504,
            58.13021444141015,
            49.40435047593255,
            31.46393084446557,
            22.0473213401721,
            56.5849286990836,
            56.352554829303514,
            39.60637141296023,
            43.750917843824595,
            72.65272894587761,
            0.0,
            47.798769693887635,
            41.70297254997402,
            1.0420155646683833,
            66.71352196332252
        ],
        [
            51.000182673996534,
            89.21617394614907,
            74.5746947337263,
            6.166320691533477,
            36.54555537152826,
            54.50816134732536,
            85.5511106000947,
            9.536073563905656,
            17.789416023010446,
            69.81784864321313,
            47.62168565832173,
            52.53698832948313,
            32.45626464836146,
            49.94899034711947,
            42.862943442882646,
            47.798769693887635,
            0.0,
            19.88935133978674,
            48.20670757906512,
            51.000182673996534
        ],
        [
            68.2840630864648,
            86.39304013823987,
            66.3204254183368,
            14.1602265884859,
            26.717540564346514,
            43.40769865733899,
            67.19001295472549,
            28.78708408822743,
            13.54390866207329,
            62.0406570942212,
            28.519237503155715,
            32.943878301966436,
            44.78877185295981,
            30.319673363704155,
            32.39982106810335,
            41.70297254997402,
            19.88935133978674,
            0.0,
            41.67947481267631,
            68.2840630864648
        ],
        [
            67.70565116725894,
            45.012795372908386,
            26.384092637819155,
            47.23839943710574,
            67.5129490714611,
            12.679199192875997,
            57.092474685643666,
            49.98813982272207,
            31.697859434749354,
            21.61117535921681,
            56.05518817056399,
            55.72515115293264,
            40.5515229868925,
            43.04048912298753,
            72.44330481217001,
            1.0420155646683833,
            48.20670757906512,
            41.67947481267631,
            0.0,
            67.70565116725894
        ],
        [
            0.0,
            86.09281552219998,
            88.04447993544036,
            56.93540475332974,
            87.16785877795789,
            79.87011373107292,
            122.33152439155023,
            41.615251125566694,
            57.81347493944098,
            83.52952958433335,
            96.7494618327769,
            100.68347425143833,
            27.881582674270934,
            94.24602892159875,
            93.41264249898883,
            66.71352196332252,
            51.000182673996534,
            68.2840630864648,
            67.70565116725894,
            0.0
        ]
    ],
    "scores_ave": [
        0,
        15.445768633846178,
        15.678738931021591,
        10.916533829985118,
        15.519402491288794,
        19.670532020526082,
        15.708315208393453,
        12.411210730337125,
        14.466751320460446,
        19.3395929502881,
        13.612667278980481,
        18.959414820721065,
        17.262602379936716,
        18.5145349344622,
        17.942126532600966,
        14.005353928932216,
        12.735814142594844,
        11.768137809363491,
        14.024687918539751,
        0
    ],
    "scores_var": [
        0,
        389.2629891881056,
        19.717227227386708,
        237.8518701998446,
        236.33702957606923,
        21.493843227722593,
        267.5241060799859,
        278.493350131702,
        22.664579279010646,
        21.24878336623323,
        23.25432986510609,
        19.50978927602382,
        24.5614517734995,
        18.572056456651616,
        253.94368900894185,
        23.619900504381825,
        16.391191464429493,
        24.703736673642553,
        321.7300989771064,
        0
    ],
    "vertex_number": 20,
    "minimum_distances": {
        "cost": 425.33794924852515,
        "path": [
            0,
            7,
            16,
            3,
            17,
            4,
            14,
            10,
            11,
            13,
            6,
            5,
            9,
            2,
            1,
            18,
            15,
            8,
            12,
            19
        ]
    }
}