{
    "vertices": [
        [
            68.29599702532806,
            88.98826122768395
        ],
        [
            35.95138985053068,
            55.32113131492304
        ],
        [
            55.564108393569825,
            78.7444265343061
        ],
        [
            74.54317369710176,
            86.22237928704878
        ],
        [
            1.18454811795079,
            2.6603963501922623
        ],
        [
            24.149747913527165,
            11.987875798311197
        ],
        [
            87.92850741959903,
            46.12754469234098
        ],
        [
            60.43713872997402,
            91.0283019026647
        ],
        [
            81.92333347334177,
            95.01686707665785
        ],
        [
            90.66956972559078,
            61.63871864008832
        ],
        [
            63.92360917581668,
            40.46080698833471
        ],
        [
            12.927437939879427,
            57.22525938197801
        ],
        [
            52.74316062633617,
            41.78299624110875
        ],
        [
            54.34111726888715,
            69.31140598515022
        ],
        [
            71.41345340760923,
            81.82036789686643
        ],
        [
            81.83109897546748,
            13.82419376508961
        ],
        [
            80.03678384521308,
            4.603515685566872
        ],
        [
            14.554153537648451,
            75.05936752757519
        ],
        [
            83.45140435725416,
            72.79408056806747
        ],
        [
            43.12672763126357,
            29.2696995489757
        ],
        [
            68.17864733876364,
            48.8685717560165
        ],
        [
            38.32416667906736,
            25.95041695877198
        ],
        [
            68.29599702532806,
            88.98826122768395
        ]
    ],
    "distances": [
        [
            0.0,
            46.68671384724646,
            16.341270983517358,
            6.832080157454632,
            109.34553867787187,
            88.75782031411735,
            47.143148879812635,
            8.119323842662695,
            14.901288103705838,
            35.335169946169046,
            48.724035038763866,
            63.83232426795327,
            49.70138592138643,
            24.122962116049337,
            7.816471652696237,
            76.37300584841546,
            85.19760181693985,
            55.517563177459266,
            22.17967219399096,
            64.80585413992067,
            40.119861094624454,
            69.80028957229784,
            0.0
        ],
        [
            46.68671384724646,
            0.0,
            30.550114362843956,
            49.438981651074386,
            63.102189273303956,
            44.9115774169335,
            52.78392544871661,
            43.29611910517204,
            60.738546559202355,
            55.081676794107494,
            31.67450541166028,
            23.1025553841935,
            21.56953098850404,
            23.106489561806047,
            44.269261244706634,
            61.862294941293484,
            67.19969121055165,
            29.110817415795427,
            50.61181021996646,
            27.02152048503975,
            32.86687770497988,
            29.466403439657487,
            46.68671384724646
        ],
        [
            16.341270983517358,
            30.550114362843956,
            0.0,
            20.39913471615847,
            93.51960342530774,
            73.77871719227387,
            45.949051191605186,
            13.215143537808531,
            30.97742836341408,
            39.051231195652754,
            39.18567058082672,
            47.75939930847573,
            37.06892331352972,
            9.511970561973463,
            16.145065891471766,
            70.03278815696794,
            78.07551796332933,
            41.17518739687529,
            28.515046787337685,
            51.01408678492212,
            32.4298210222206,
            55.53758220683567,
            16.341270983517358
        ],
        [
            6.832080157454632,
            49.438981651074386,
            20.39913471615847,
            0.0,
            111.19394290698376,
            89.723234841506,
            42.27011852407797,
            14.902252000322603,
            11.480843775803843,
            29.400969706330752,
            46.977618605801766,
            68.09795779384943,
            49.4984781118504,
            26.3458554984706,
            5.401189995709873,
            72.76407851223748,
            81.8035368920974,
            61.01881161767608,
            16.114458724408784,
            65.04306890634267,
            37.8921381401391,
            70.3173229885328,
            6.832080157454632
        ],
        [
            109.34553867787187,
            63.102189273303956,
            93.51960342530774,
            111.19394290698376,
            0.0,
            24.787139296534853,
            97.0252928896603,
            106.39434301675401,
            122.67220200890009,
            107.17281181461391,
            73.24657552974621,
            55.814153572794545,
            64.7214674278525,
            85.25243650041644,
            105.82249398617516,
            81.41557920898737,
            78.87617379119786,
            73.62307638656466,
            108.10443699252518,
            49.67093152993751,
            81.38430318398957,
            43.838069378261885,
            109.34553867787187
        ],
        [
            88.75782031411735,
            44.9115774169335,
            73.77871719227387,
            89.723234841506,
            24.787139296534853,
            0.0,
            72.34118575422535,
            86.97220067943157,
            101.15137458847005,
            83.00658340642352,
            48.91490417310115,
            46.60859485803494,
            41.29567111412333,
            64.78816170129551,
            84.32339420188269,
            57.71057376257765,
            56.37277321104792,
            63.7972452413191,
            84.9357462760607,
            25.666850047413504,
            57.434569023561835,
            19.896399247061254,
            88.75782031411735
        ],
        [
            47.143148879812635,
            52.78392544871661,
            45.949051191605186,
            42.27011852407797,
            97.0252928896603,
            72.34118575422535,
            0.0,
            52.64839361736814,
            49.25675544859276,
            15.751505953482813,
            24.6646924955563,
            75.81767402416347,
            35.452556046176376,
            40.811814485273196,
            39.32842022416424,
            32.87377177726521,
            42.26729570164073,
            78.87234103387001,
            27.03975938210741,
            47.86842816596538,
            19.93916253447915,
            53.55097668464628,
            47.143148879812635
        ],
        [
            8.119323842662695,
            43.29611910517204,
            13.215143537808531,
            14.902252000322603,
            106.39434301675401,
            86.97220067943157,
            52.64839361736814,
            0.0,
            21.853265584280873,
            42.163342944465846,
            50.687543026670006,
            58.307952740768286,
            49.84272693943754,
            22.556264006838294,
            14.327090861637126,
            80.11351851157295,
            88.61935319846549,
            48.582457690354474,
            29.362275968359278,
            64.13871917248923,
            42.86459846514557,
            68.73219508858071,
            8.119323842662695
        ],
        [
            14.901288103705838,
            60.738546559202355,
            30.97742836341408,
            11.480843775803843,
            122.67220200890009,
            101.15137458847005,
            49.25675544859276,
            21.853265584280873,
            0.0,
            34.505035018585666,
            57.448705530652646,
            78.66790459020142,
            60.70689822019445,
            37.703439905084146,
            16.87024509597646,
            81.19272570053084,
            90.43303146123259,
            70.26313538022238,
            22.27526073545823,
            76.34046543464794,
            48.1516516636677,
            81.67656871490976,
            14.901288103705838
        ],
        [
            35.335169946169046,
            55.081676794107494,
            39.051231195652754,
            29.400969706330752,
            107.17281181461391,
            83.00658340642352,
            15.751505953482813,
            42.163342944465846,
            34.505035018585666,
            0.0,
            34.11525095407556,
            77.86730814154238,
            42.80960428629727,
            37.1298611496737,
            27.894389801091684,
            48.62455505423834,
            58.017846492621665,
            77.28952320997249,
            13.286986529264668,
            57.515869386865255,
            25.863453776536716,
            63.35373782974158,
            35.335169946169046
        ],
        [
            48.724035038763866,
            31.67450541166028,
            39.18567058082672,
            46.977618605801766,
            73.24657552974621,
            48.91490417310115,
            24.6646924955563,
            50.687543026670006,
            57.448705530652646,
            34.11525095407556,
            0.0,
            53.68106132318704,
            11.258357526199458,
            30.40034890624484,
            42.03226195630044,
            32.096531820889204,
            39.31131818570865,
            60.286014475967384,
            37.77268014094337,
            23.616756079052227,
            9.423155424633846,
            29.4258878362983,
            48.724035038763866
        ],
        [
            63.83232426795327,
            23.1025553841935,
            47.75939930847573,
            68.09795779384943,
            55.814153572794545,
            46.60859485803494,
            75.81767402416347,
            58.307952740768286,
            78.66790459020142,
            77.86730814154238,
            53.68106132318704,
            0.0,
            42.70544770818678,
            43.14125375182382,
            63.447091092899335,
            81.43320576269038,
            85.28019827306049,
            17.908143873246065,
            72.22200518099334,
            41.15228333204262,
            55.87960601254495,
            40.287834382704936,
            63.83232426795327
        ],
        [
            49.70138592138643,
            21.56953098850404,
            37.06892331352972,
            49.4984781118504,
            64.7214674278525,
            41.29567111412333,
            35.452556046176376,
            49.84272693943754,
            60.70689822019445,
            42.80960428629727,
            11.258357526199458,
            42.70544770818678,
            0.0,
            27.57474947243057,
            44.176588388418196,
            40.346038136301786,
            46.1221816786016,
            50.6529085879045,
            43.642680762886336,
            15.781583496407096,
            16.984099341059718,
            21.41443329119064,
            49.70138592138643
        ],
        [
            24.122962116049337,
            23.106489561806047,
            9.511970561973463,
            26.3458554984706,
            85.25243650041644,
            64.78816170129551,
            40.811814485273196,
            22.556264006838294,
            37.703439905084146,
            37.1298611496737,
            30.40034890624484,
            43.14125375182382,
            27.57474947243057,
            0.0,
            21.164564473248266,
            61.92358043735976,
            69.62311647595664,
            40.20001921447427,
            29.31787571802645,
            41.582457710736854,
            24.685759250113758,
            46.22464792231978,
            24.122962116049337
        ],
        [
            7.816471652696237,
            44.269261244706634,
            16.145065891471766,
            5.401189995709873,
            105.82249398617516,
            84.32339420188269,
            39.32842022416424,
            14.327090861637126,
            16.87024509597646,
            27.894389801091684,
            42.03226195630044,
            63.447091092899335,
            44.176588388418196,
            21.164564473248266,
            0.0,
            68.78958522724521,
            77.69687312406968,
            57.25985598738158,
            15.04613325768764,
            59.6800770689531,
            33.110192376535245,
            64.93344526535411,
            7.816471652696237
        ],
        [
            76.37300584841546,
            61.862294941293484,
            70.03278815696794,
            72.76407851223748,
            81.41557920898737,
            57.71057376257765,
            32.87377177726521,
            80.11351851157295,
            81.19272570053084,
            48.62455505423834,
            32.096531820889204,
            81.43320576269038,
            40.346038136301786,
            61.92358043735976,
            68.78958522724521,
            0.0,
            9.393639924589989,
            90.9721599895544,
            58.99214302842599,
            41.672437054605915,
            37.609810747509734,
            45.16523493558452,
            76.37300584841546
        ],
        [
            85.19760181693985,
            67.19969121055165,
            78.07551796332933,
            81.8035368920974,
            78.87617379119786,
            56.37277321104792,
            42.26729570164073,
            88.61935319846549,
            90.43303146123259,
            58.017846492621665,
            39.31131818570865,
            85.28019827306049,
            46.1221816786016,
            69.62311647595664,
            77.69687312406968,
            9.393639924589989,
            0.0,
            96.18732728785122,
            68.27600436636413,
            44.39338775201103,
            45.825872499338615,
            46.85757809380891,
            85.19760181693985
        ],
        [
            55.517563177459266,
            29.110817415795427,
            41.17518739687529,
            61.01881161767608,
            73.62307638656466,
            63.7972452413191,
            78.87234103387001,
            48.582457690354474,
            70.26313538022238,
            77.28952320997249,
            60.286014475967384,
            17.908143873246065,
            50.6529085879045,
            40.20001921447427,
            57.25985598738158,
            90.9721599895544,
            96.18732728785122,
            0.0,
            68.93448117965765,
            53.973008846325264,
            59.678673900928274,
            54.5591655976554,
            55.517563177459266
        ],
        [
            22.17967219399096,
            50.61181021996646,
            28.515046787337685,
            16.114458724408784,
            108.10443699252518,
            84.9357462760607,
            27.03975938210741,
            29.362275968359278,
            22.27526073545823,
            13.286986529264668,
            37.77268014094337,
            72.22200518099334,
            43.642680762886336,
            29.31787571802645,
            15.04613325768764,
            58.99214302842599,
            68.27600436636413,
            68.93448117965765,
            0.0,
            59.333391072403096,
            28.38462750964649,
            65.04457241618549,
            22.17967219399096
        ],
        [
            64.80585413992067,
            27.02152048503975,
            51.01408678492212,
            65.04306890634267,
            49.67093152993751,
            25.666850047413504,
            47.86842816596538,
            64.13871917248923,
            76.34046543464794,
            57.515869386865255,
            23.616756079052227,
            41.15228333204262,
            15.781583496407096,
            41.582457710736854,
            59.6800770689531,
            41.672437054605915,
            44.39338775201103,
            53.973008846325264,
            59.333391072403096,
            0.0,
            31.807459389566887,
            5.8379986821846135,
            64.80585413992067
        ],
        [
            40.119861094624454,
            32.86687770497988,
            32.4298210222206,
            37.8921381401391,
            81.38430318398957,
            57.434569023561835,
            19.93916253447915,
            42.86459846514557,
            48.1516516636677,
            25.863453776536716,
            9.423155424633846,
            55.87960601254495,
            16.984099341059718,
            24.685759250113758,
            33.110192376535245,
            37.609810747509734,
            45.825872499338615,
            59.678673900928274,
            28.38462750964649,
            31.807459389566887,
            0.0,
            37.63684145582146,
            40.119861094624454
        ],
        [
            69.80028957229784,
            29.466403439657487,
            55.53758220683567,
            70.3173229885328,
            43.838069378261885,
            19.896399247061254,
            53.55097668464628,
            68.73219508858071,
            81.67656871490976,
            63.35373782974158,
            29.4258878362983,
            40.287834382704936,
            21.41443329119064,
            46.22464792231978,
            64.93344526535411,
            45.16523493558452,
            46.85757809380891,
            54.5591655976554,
            65.04457241618549,
            5.8379986821846135,
            37.63684145582146,
            0.0,
            69.80028957229784
        ],
        [
            0.0,
            46.68671384724646,
            16.341270983517358,
            6.832080157454632,
            109.34553867787187,
            88.75782031411735,
            47.143148879812635,
            8.119323842662695,
            14.901288103705838,
            35.335169946169046,
            48.724035038763866,
            63.83232426795327,
            49.70138592138643,
            24.122962116049337,
            7.816471652696237,
            76.37300584841546,
            85.19760181693985,
            55.517563177459266,
            22.17967219399096,
            64.80585413992067,
            40.119861094624454,
            69.80028957229784,
            0.0
        ]
    ],
    "scores_ave": [
        0,
        15.898611214262282,
        11.79298652690852,
        12.591726640367844,
        19.41393258806572,
        15.37786279631444,
        15.341948576259908,
        19.213518115510745,
        18.556598704892885,
        17.555015960544544,
        12.60955764219357,
        19.83761714407183,
        19.78594927589796,
        18.06627646518176,
        14.589587452413078,
        10.059772206706633,
        13.913805841661896,
        10.530305491772086,
        18.010209968425418,
        17.13608594358978,
        16.392381892074177,
        15.288960074614387,
        0
    ],
    "scores_var": [
        0,
        237.78184972545992,
        353.62235950512024,
        16.310436285022224,
        21.320480195046947,
        22.456226598282225,
        20.990382572356616,
        265.5443957903245,
        19.05280834873669,
        334.1873794612974,
        21.24911720712886,
        20.549002894671986,
        16.105732416768685,
        319.82051615370585,
        23.528886286091232,
        16.33856240265278,
        23.819630881431017,
        21.45112451146166,
        20.221367499687478,
        345.01240291016325,
        392.6878537426226,
        308.8514691062687,
        0
    ],
    "vertex_number": 23,
    "minimum_distances": {
        "cost": 406.94309535718673,
        "path": [
            0,
            8,
            3,
            14,
            18,
            9,
            6,
            15,
            16,
            10,
            20,
            12,
            19,
            21,
            5,
            4,
            11,
            17,
            1,
            13,
            2,
            7,
            22
        ]
    }
}