{
    "vertices": [
        [
            56.45210484249931,
            41.82738005074026
        ],
        [
            36.68819049076436,
            51.651545299499105
        ],
        [
            14.93701597564787,
            42.44613945880788
        ],
        [
            0.57739113398525,
            80.76043158449257
        ],
        [
            17.424595387138464,
            80.84063440189254
        ],
        [
            38.245673159597004,
            70.25862912647852
        ],
        [
            92.17244706620218,
            79.53292892898595
        ],
        [
            55.77240571418799,
            54.652166958226324
        ],
        [
            80.69415593278619,
            96.22229573523843
        ],
        [
            39.611266883802735,
            6.6208182576296455
        ],
        [
            20.146705124957364,
            52.45411062225652
        ],
        [
            88.88388121184863,
            42.36252674260429
        ],
        [
            68.47527452639983,
            0.13183191179364506
        ],
        [
            27.234112530691114,
            74.83071514693039
        ],
        [
            72.70534285757034,
            29.560673816504877
        ],
        [
            25.032150661327734,
            77.84559117123963
        ],
        [
            99.64620395120555,
            27.4905622986773
        ],
        [
            75.49409767557435,
            86.0832498417534
        ],
        [
            84.01808782740639,
            39.58236559192775
        ],
        [
            58.4242145029741,
            11.86155034247327
        ],
        [
            29.62781886626634,
            67.75237531502219
        ],
        [
            56.45210484249931,
            41.82738005074026
        ]
    ],
    "distances": [
        [
            0.0,
            22.07094319093852,
            41.51969974394859,
            68.10114634672621,
            55.18315421717014,
            33.761073422372945,
            51.938918594713016,
            12.842785917683637,
            59.55236261801663,
            39.0271164249063,
            37.8286855612258,
            32.4361912137245,
            43.394416044637346,
            44.078466423008614,
            20.362706789903434,
            47.79670546248754,
            45.51125730045924,
            48.178620798171366,
            27.657250547450737,
            30.03065378272332,
            37.30479456568243,
            0.0
        ],
        [
            22.07094319093852,
            0.0,
            23.61891380819375,
            46.38229285986451,
            34.97268961552576,
            18.672153619975205,
            62.09568649128241,
            19.318669753188935,
            62.634469654411355,
            45.125500036220004,
            16.56094348775153,
            53.015808921503954,
            60.536762211402326,
            25.03304825408225,
            42.252122638890995,
            28.6703907130032,
            67.43489125409111,
            51.87909704419674,
            48.84449079180503,
            45.339810746622,
            17.580829749041598,
            22.07094319093852
        ],
        [
            41.51969974394859,
            23.61891380819375,
            0.0,
            40.91679125598191,
            38.47499568892797,
            36.28812589860697,
            85.67812888333333,
            42.62060725066017,
            84.94631504197082,
            43.50025628713205,
            11.282745580790728,
            73.94691250719768,
            68.24108551181224,
            34.640717749258485,
            59.18796174523683,
            36.81077187268428,
            86.01927583786663,
            74.64152695775283,
            69.14040561747125,
            53.165341409325094,
            29.261327085102465,
            41.51969974394859
        ],
        [
            68.10114634672621,
            46.38229285986451,
            40.91679125598191,
            0.0,
            16.847395158877905,
            39.10482483822393,
            91.60328069449928,
            61.058423794788034,
            81.5951300314088,
            83.78738401638363,
            34.412292229585354,
            96.29348516965462,
            105.40917253422623,
            27.308283224170122,
            88.4525670364656,
            24.62786142105888,
            112.4824815104169,
            75.1055611339028,
            93.04828307696776,
            89.9628301593768,
            31.829811173461177,
            68.10114634672621
        ],
        [
            55.18315421717014,
            34.97268961552576,
            38.47499568892797,
            16.847395158877905,
            0.0,
            23.355858264162705,
            74.75928988586755,
            46.43695063123043,
            65.11246268582636,
            77.46502114237808,
            28.516742691208087,
            81.16030002173108,
            95.49912376543364,
            11.504162552781416,
            75.40288720286892,
            8.175890239192599,
            98.01338229181225,
            58.305678219852034,
            78.33861104581402,
            80.24389575114125,
            17.89472517829157,
            55.18315421717014
        ],
        [
            33.761073422372945,
            18.672153619975205,
            36.28812589860697,
            39.10482483822393,
            23.355858264162705,
            0.0,
            54.71845740516542,
            23.468021123419135,
            49.75927726079402,
            63.65246121242266,
            25.38845255398783,
            57.81367176503077,
            76.36489040380627,
            11.923021347900105,
            53.32722008605018,
            15.236770323166056,
            74.82735276406977,
            40.47052939738705,
            55.10124398743736,
            61.78504949623084,
            8.974893915167861,
            33.761073422372945
        ],
        [
            51.938918594713016,
            62.09568649128241,
            85.67812888333333,
            91.60328069449928,
            74.75928988586755,
            54.71845740516542,
            0.0,
            44.090989177766716,
            20.25552101865312,
            89.88244291694997,
            76.94783884603686,
            37.31559277401053,
            82.86187418779971,
            65.10835665794448,
            53.63016340919187,
            67.16149574006756,
            52.57627760178158,
            17.918539071478296,
            40.774269895899224,
            75.61982994519926,
            63.644418137961516,
            51.938918594713016
        ],
        [
            12.842785917683637,
            19.318669753188935,
            42.62060725066017,
            61.058423794788034,
            46.43695063123043,
            23.468021123419135,
            44.090989177766716,
            0.0,
            48.46822918671126,
            50.67734075790971,
            35.693444694083595,
            35.31862208894361,
            55.98061994686678,
            34.95150904941124,
            30.27056967390591,
            38.508417358282756,
            51.60099746539945,
            37.10603866018253,
            32.014332278850986,
            42.872706471701136,
            29.24303131414358,
            12.842785917683637
        ],
        [
            59.55236261801663,
            62.634469654411355,
            84.94631504197082,
            81.5951300314088,
            65.11246268582636,
            49.75927726079402,
            20.25552101865312,
            48.46822918671126,
            0.0,
            98.57093151016439,
            74.71042649731497,
            54.47886118566016,
            96.86422611381401,
            57.5810382037348,
            67.13861013743819,
            58.61708028785094,
            71.29678327447157,
            11.394773253935012,
            56.73737930041524,
            87.25070575365113,
            58.466290716316735,
            59.55236261801663
        ],
        [
            39.0271164249063,
            45.125500036220004,
            43.50025628713205,
            83.78738401638363,
            77.46502114237808,
            63.65246121242266,
            89.88244291694997,
            50.67734075790971,
            98.57093151016439,
            0.0,
            49.79517901810647,
            60.87084891920978,
            29.584419564837663,
            69.32376204109084,
            40.26729240487323,
            72.70157430498836,
            63.55894811138602,
            87.1886206961233,
            55.30306816975393,
            19.529267034550863,
            61.941395710623866,
            39.0271164249063
        ],
        [
            37.8286855612258,
            16.56094348775153,
            11.282745580790728,
            34.412292229585354,
            28.516742691208087,
            25.38845255398783,
            76.94783884603686,
            35.693444694083595,
            74.71042649731497,
            49.79517901810647,
            0.0,
            69.47401990384861,
            71.2269013073389,
            23.472191499485184,
            57.328176746578926,
            25.857201367476502,
            83.32676075864411,
            64.76305171003291,
            65.15547059494313,
            55.793580941287466,
            17.998011567547085,
            37.8286855612258
        ],
        [
            32.4361912137245,
            53.015808921503954,
            73.94691250719768,
            96.29348516965462,
            81.16030002173108,
            57.81367176503077,
            37.31559277401053,
            35.31862208894361,
            54.47886118566016,
            60.87084891920978,
            69.47401990384861,
            0.0,
            46.90354797597301,
            69.67694910584882,
            20.630863811831382,
            73.04855478065949,
            18.35763920463379,
            45.72513457017653,
            5.604037944537224,
            43.10569402500171,
            64.46646675003872,
            32.4361912137245
        ],
        [
            43.394416044637346,
            60.536762211402326,
            68.24108551181224,
            105.40917253422623,
            95.49912376543364,
            76.36489040380627,
            82.86187418779971,
            55.98061994686678,
            96.86422611381401,
            29.584419564837663,
            71.2269013073389,
            46.90354797597301,
            0.0,
            85.32734965609141,
            29.731300239627256,
            89.03220422628614,
            41.47441343272271,
            86.23752154700409,
            42.40192982586219,
            15.447009485901537,
            77.98501587750017,
            43.394416044637346
        ],
        [
            44.078466423008614,
            25.03304825408225,
            34.640717749258485,
            27.308283224170122,
            11.504162552781416,
            11.923021347900105,
            65.10835665794448,
            34.95150904941124,
            57.5810382037348,
            69.32376204109084,
            23.472191499485184,
            69.67694910584882,
            85.32734965609141,
            0.0,
            64.16392623194544,
            3.733378298014413,
            86.51358884931837,
            49.55447208116081,
            66.83461675546307,
            70.27046447272348,
            7.4721298701876915,
            44.078466423008614
        ],
        [
            20.362706789903434,
            42.252122638890995,
            59.18796174523683,
            88.4525670364656,
            75.40288720286892,
            53.32722008605018,
            53.63016340919187,
            30.27056967390591,
            67.13861013743819,
            40.26729240487323,
            57.328176746578926,
            20.630863811831382,
            29.731300239627256,
            64.16392623194544,
            0.0,
            67.85400871085992,
            27.020276796561312,
            56.591331084936854,
            15.113322096552073,
            22.742242607743623,
            57.5697762421674,
            20.362706789903434
        ],
        [
            47.79670546248754,
            28.6703907130032,
            36.81077187268428,
            24.62786142105888,
            8.175890239192599,
            15.236770323166056,
            67.16149574006756,
            38.508417358282756,
            58.61708028785094,
            72.70157430498836,
            25.857201367476502,
            73.04855478065949,
            89.03220422628614,
            3.733378298014413,
            67.85400871085992,
            0.0,
            90.01603124500275,
            51.12990433044564,
            70.30942479564092,
            73.95217083829854,
            11.090228697825975,
            47.79670546248754
        ],
        [
            45.51125730045924,
            67.43489125409111,
            86.01927583786663,
            112.4824815104169,
            98.01338229181225,
            74.82735276406977,
            52.57627760178158,
            51.60099746539945,
            71.29678327447157,
            63.55894811138602,
            83.32676075864411,
            18.35763920463379,
            41.47441343272271,
            86.51358884931837,
            27.020276796561312,
            90.01603124500275,
            0.0,
            63.375289120207796,
            19.759800617962057,
            44.08535390350488,
            80.76873056614147,
            45.51125730045924
        ],
        [
            48.178620798171366,
            51.87909704419674,
            74.64152695775283,
            75.1055611339028,
            58.305678219852034,
            40.47052939738705,
            17.918539071478296,
            37.10603866018253,
            11.394773253935012,
            87.1886206961233,
            64.76305171003291,
            45.72513457017653,
            86.23752154700409,
            49.55447208116081,
            56.591331084936854,
            51.12990433044564,
            63.375289120207796,
            0.0,
            47.27568766421292,
            76.1593171456235,
            49.39368879450026,
            48.178620798171366
        ],
        [
            27.657250547450737,
            48.84449079180503,
            69.14040561747125,
            93.04828307696776,
            78.33861104581402,
            55.10124398743736,
            40.774269895899224,
            32.014332278850986,
            56.73737930041524,
            55.30306816975393,
            65.15547059494313,
            5.604037944537224,
            42.40192982586219,
            66.83461675546307,
            15.113322096552073,
            70.30942479564092,
            19.759800617962057,
            47.27568766421292,
            0.0,
            37.729165771873014,
            61.25235346878021,
            27.657250547450737
        ],
        [
            30.03065378272332,
            45.339810746622,
            53.165341409325094,
            89.9628301593768,
            80.24389575114125,
            61.78504949623084,
            75.61982994519926,
            42.872706471701136,
            87.25070575365113,
            19.529267034550863,
            55.793580941287466,
            43.10569402500171,
            15.447009485901537,
            70.27046447272348,
            22.742242607743623,
            73.95217083829854,
            44.08535390350488,
            76.1593171456235,
            37.729165771873014,
            0.0,
            62.873020587354475,
            30.03065378272332
        ],
        [
            37.30479456568243,
            17.580829749041598,
            29.261327085102465,
            31.829811173461177,
            17.89472517829157,
            8.974893915167861,
            63.644418137961516,
            29.24303131414358,
            58.466290716316735,
            61.941395710623866,
            17.998011567547085,
            64.46646675003872,
            77.98501587750017,
            7.4721298701876915,
            57.5697762421674,
            11.090228697825975,
            80.76873056614147,
            49.39368879450026,
            61.25235346878021,
            62.873020587354475,
            0.0,
            37.30479456568243
        ],
        [
            0.0,
            22.07094319093852,
            41.51969974394859,
            68.10114634672621,
            55.18315421717014,
            33.761073422372945,
            51.938918594713016,
            12.842785917683637,
            59.55236261801663,
            39.0271164249063,
            37.8286855612258,
            32.4361912137245,
            43.394416044637346,
            44.078466423008614,
            20.362706789903434,
            47.79670546248754,
            45.51125730045924,
            48.178620798171366,
            27.657250547450737,
            30.03065378272332,
            37.30479456568243,
            0.0
        ]
    ],
    "scores_ave": [
        0,
        17.229515111529032,
        16.238224050963996,
        14.79096417083452,
        15.349786824460837,
        10.421908245901701,
        14.370396098590984,
        16.897906561077015,
        16.888594962879814,
        14.543849390966546,
        16.93849472091117,
        10.130266227247304,
        14.60785792573392,
        10.521649370138897,
        18.967554665298877,
        16.178044507420502,
        15.307423770009944,
        10.410783789981686,
        14.998231935248725,
        11.845207178255325,
        16.899768511038836,
        0
    ],
    "scores_var": [
        0,
        349.82688052851717,
        376.13726091725454,
        23.684668165344476,
        16.911556927265483,
        350.2094464641313,
        24.96988261656951,
        24.44145995990559,
        24.009496656191924,
        20.50142376119346,
        16.598688542618444,
        16.298574010343728,
        274.5644943246018,
        16.140609207336727,
        348.09994229831875,
        19.78039268936602,
        16.971444618444657,
        380.2967318841165,
        279.55714207215567,
        312.89744803556226,
        274.2629727165993,
        0
    ],
    "vertex_number": 22,
    "minimum_distances": {
        "cost": 422.0400102074348,
        "path": [
            0,
            1,
            5,
            13,
            15,
            4,
            3,
            20,
            10,
            2,
            9,
            19,
            12,
            14,
            16,
            18,
            11,
            6,
            8,
            17,
            7,
            21
        ]
    }
}