{
    "vertices": [
        [
            69.22022094370945,
            84.1724774334743
        ],
        [
            51.645974183056055,
            94.3741319951361
        ],
        [
            80.40189656092343,
            33.01987213121117
        ],
        [
            43.515491251633385,
            68.03334519686139
        ],
        [
            11.178400144365696,
            44.01754841270238
        ],
        [
            78.11920779017501,
            19.87938293997975
        ],
        [
            15.092284912013742,
            92.54592385009518
        ],
        [
            87.78344521011631,
            3.5364778465558078
        ],
        [
            77.06504289698191,
            99.99609309198179
        ],
        [
            53.502407878214854,
            35.21418677019762
        ],
        [
            42.88943552567805,
            80.49492940937307
        ],
        [
            97.90656742844749,
            99.0679890040448
        ],
        [
            28.740189514825786,
            67.82466448042487
        ],
        [
            53.73080631412124,
            5.9681714610435925
        ],
        [
            64.09194137842967,
            91.73751894116226
        ],
        [
            69.22022094370945,
            84.1724774334743
        ]
    ],
    "distances": [
        [
            0.0,
            20.320627573965606,
            52.360470765814505,
            30.351354465551857,
            70.57812186766068,
            64.90603952208905,
            54.77178163930186,
            82.74513716555454,
            17.66148476167021,
            51.41948922569843,
            26.58636154497237,
            32.323099164397,
            43.656430601130225,
            79.72349364018653,
            9.139425819640312,
            0.0
        ],
        [
            20.320627573965606,
            0.0,
            67.75875054376344,
            27.567041949587527,
            64.6019354096417,
            79.05883716832552,
            36.59937901584545,
            97.76193647554607,
            26.0333536229532,
            59.189065418219286,
            16.410643914082296,
            46.4981158869436,
            35.0649282985441,
            88.43053987718407,
            12.722178580129322,
            20.320627573965606
        ],
        [
            52.360470765814505,
            67.75875054376344,
            0.0,
            50.85813792069303,
            70.09166383904477,
            13.33728323943714,
            88.36682752577833,
            30.39338413215695,
            67.0592929172425,
            26.988840436855327,
            60.5067417440863,
            68.32837803305327,
            62.29209857910311,
            37.988703111601644,
            60.94076373785543,
            52.360470765814505
        ],
        [
            30.351354465551857,
            27.567041949587527,
            50.85813792069303,
            0.0,
            40.279597272785054,
            59.29773418366777,
            37.533254200183165,
            78.2272180617033,
            46.3377779852566,
            34.30503845706553,
            12.477300463542658,
            62.62218683430612,
            14.77677532667808,
            62.90022617354518,
            31.389140681460805,
            30.351354465551857
        ],
        [
            70.57812186766068,
            64.6019354096417,
            70.09166383904477,
            40.279597272785054,
            0.0,
            71.15983952105135,
            48.68594988872022,
            86.64323403305663,
            86.45604176470812,
            43.229860130049545,
            48.33413999784331,
            102.72451513517403,
            29.58369857462747,
            57.08294278718707,
            71.25333980359144,
            70.57812186766068
        ],
        [
            64.90603952208905,
            79.05883716832552,
            13.33728323943714,
            59.29773418366777,
            71.15983952105135,
            0.0,
            96.19157538647119,
            18.986522372505604,
            80.12364513177086,
            29.00246621266451,
            70.10978054160132,
            81.62337246049086,
            68.82613942267734,
            28.07696442582187,
            73.21445152803183,
            64.90603952208905
        ],
        [
            54.77178163930186,
            36.59937901584545,
            88.36682752577833,
            37.533254200183165,
            48.68594988872022,
            96.19157538647119,
            0.0,
            114.92034747311476,
            62.41896950443983,
            69.00917057085377,
            30.29699736358462,
            83.07070917347502,
            28.23837751836975,
            94.80845186417214,
            49.006324615538794,
            54.77178163930186
        ],
        [
            82.74513716555454,
            97.76193647554607,
            30.39338413215695,
            78.2272180617033,
            86.64323403305663,
            18.986522372505604,
            114.92034747311476,
            0.0,
            97.05329217209389,
            46.67619053866969,
            89.09587741580935,
            96.06636886798998,
            87.28732430181738,
            34.13935192143778,
            91.32749314406522,
            82.74513716555454
        ],
        [
            17.66148476167021,
            26.0333536229532,
            67.0592929172425,
            46.3377779852566,
            86.45604176470812,
            80.12364513177086,
            62.41896950443983,
            97.05329217209389,
            0.0,
            68.93397678730022,
            39.348030753436895,
            20.862179224465667,
            58.054218393803126,
            96.88001157689222,
            15.378732392991528,
            17.66148476167021
        ],
        [
            51.41948922569843,
            59.189065418219286,
            26.988840436855327,
            34.30503845706553,
            43.229860130049545,
            29.00246621266451,
            69.00917057085377,
            46.67619053866969,
            68.93397678730022,
            0.0,
            46.50785778888286,
            77.77555814702832,
            40.946437143729504,
            29.246907140906306,
            57.50674133926716,
            51.41948922569843
        ],
        [
            26.58636154497237,
            16.410643914082296,
            60.5067417440863,
            12.477300463542658,
            48.33413999784331,
            70.10978054160132,
            30.29699736358462,
            89.09587741580935,
            39.348030753436895,
            46.50785778888286,
            0.0,
            58.067575681390025,
            18.99307179066497,
            75.31117427620818,
            23.998793174163204,
            26.58636154497237
        ],
        [
            32.323099164397,
            46.4981158869436,
            68.32837803305327,
            62.62218683430612,
            102.72451513517403,
            81.62337246049086,
            83.07070917347502,
            96.06636886798998,
            20.862179224465667,
            77.77555814702832,
            58.067575681390025,
            0.0,
            75.8955411139427,
            103.0488908070831,
            34.600068298275964,
            32.323099164397
        ],
        [
            43.656430601130225,
            35.0649282985441,
            62.29209857910311,
            14.77677532667808,
            29.58369857462747,
            68.82613942267734,
            28.23837751836975,
            87.28732430181738,
            58.054218393803126,
            40.946437143729504,
            18.99307179066497,
            75.8955411139427,
            0.0,
            66.71399146105705,
            42.67986607624523,
            43.656430601130225
        ],
        [
            79.72349364018653,
            88.43053987718407,
            37.988703111601644,
            62.90022617354518,
            57.08294278718707,
            28.07696442582187,
            94.80845186417214,
            34.13935192143778,
            96.88001157689222,
            29.246907140906306,
            75.31117427620818,
            103.0488908070831,
            66.71399146105705,
            0.0,
            86.39290530469606,
            79.72349364018653
        ],
        [
            9.139425819640312,
            12.722178580129322,
            60.94076373785543,
            31.389140681460805,
            71.25333980359144,
            73.21445152803183,
            49.006324615538794,
            91.32749314406522,
            15.378732392991528,
            57.50674133926716,
            23.998793174163204,
            34.600068298275964,
            42.67986607624523,
            86.39290530469606,
            0.0,
            9.139425819640312
        ],
        [
            0.0,
            20.320627573965606,
            52.360470765814505,
            30.351354465551857,
            70.57812186766068,
            64.90603952208905,
            54.77178163930186,
            82.74513716555454,
            17.66148476167021,
            51.41948922569843,
            26.58636154497237,
            32.323099164397,
            43.656430601130225,
            79.72349364018653,
            9.139425819640312,
            0.0
        ]
    ],
    "scores_ave": [
        0,
        11.324740618391942,
        19.596192961079893,
        19.453672378518306,
        14.429771553582453,
        18.327384352605968,
        16.803442529911077,
        13.059083408875107,
        10.941249345253437,
        19.738145671973648,
        15.292385218113147,
        16.74322081494367,
        17.121632123827553,
        11.417387868678757,
        10.42590843490521,
        0
    ],
    "scores_var": [
        0,
        17.841679923768567,
        325.12588802485834,
        361.9244458251451,
        20.808133508670124,
        295.65709069196674,
        17.12977658529573,
        252.83071010885206,
        19.45788923339757,
        275.1817320007033,
        17.955199525601596,
        21.257376433711663,
        18.068174263623714,
        16.965036168602456,
        24.155646835296224,
        0
    ],
    "vertex_number": 16,
    "minimum_distances": {
        "cost": 396.32073567641265,
        "path": [
            0,
            2,
            5,
            7,
            13,
            9,
            4,
            12,
            3,
            10,
            6,
            1,
            14,
            8,
            11,
            15
        ]
    }
}