{
    "vertices": [
        [
            75.8467094294883,
            68.02494004496774
        ],
        [
            76.86332816384696,
            15.25719611041032
        ],
        [
            12.15898674829794,
            50.96722923852749
        ],
        [
            19.379529031418485,
            99.19637782218723
        ],
        [
            63.49521565886139,
            52.73090640310212
        ],
        [
            48.41430446844367,
            72.88083899098717
        ],
        [
            82.52359751632876,
            2.3119272231159393
        ],
        [
            89.42871399449037,
            98.58457841054144
        ],
        [
            69.21549940317688,
            27.75106401923465
        ],
        [
            90.53749398783356,
            58.89534362163267
        ],
        [
            72.3602736426783,
            88.32822299273376
        ],
        [
            93.28175984645316,
            9.432852049318786
        ],
        [
            77.47441223302907,
            64.68028869525962
        ],
        [
            60.14725988244549,
            94.94051872948653
        ],
        [
            77.04190697920482,
            78.50804659983504
        ],
        [
            20.483832954464354,
            1.5605399652880991
        ],
        [
            23.000853481308337,
            88.10699987487463
        ],
        [
            86.83399544378332,
            50.457751654304495
        ],
        [
            49.83223742257211,
            79.64124805382104
        ],
        [
            67.35109410270694,
            3.862720465962477
        ],
        [
            42.137286269944774,
            8.764257987943736
        ],
        [
            84.2081864092171,
            58.24585186351365
        ],
        [
            15.138136619871679,
            37.893111194668506
        ],
        [
            75.8467094294883,
            68.02494004496774
        ]
    ],
    "distances": [
        [
            0.0,
            52.77753606975291,
            65.93247696145168,
            64.49962011676679,
            19.658760474769323,
            27.85886926134474,
            66.05135039232015,
            33.44192496012126,
            40.81614921264831,
            17.296493338034963,
            20.600449824035298,
            61.13111939701396,
            3.7196920662547868,
            31.159606736970623,
            10.551019866512917,
            86.50181830193212,
            56.53294276709596,
            20.720196956423372,
            28.490197710005024,
            64.72222107657561,
            68.17736902824028,
            12.866423859922762,
            67.7750538357901,
            0.0
        ],
        [
            52.77753606975291,
            0.0,
            73.90438595936752,
            101.7358019044431,
            39.78674898815618,
            64.26376247972004,
            14.128645926167046,
            84.26945806201165,
            14.648754898477991,
            45.73041361274884,
            73.20964738105117,
            17.420903611993815,
            49.426870266993376,
            81.4178042101619,
            63.25110258350327,
            58.01935771466718,
            90.59944860454766,
            36.58542492039654,
            69.82826083553023,
            14.843068147988388,
            35.32783932084199,
            43.61159783937532,
            65.74483951491693,
            52.77753606975291
        ],
        [
            65.93247696145168,
            73.90438595936752,
            0.0,
            48.766658732858254,
            51.36651590188508,
            42.36336100183517,
            85.54833056668839,
            90.76355375849093,
            61.598993204644685,
            78.7784576820944,
            70.85223213167905,
            91.13730741924647,
            66.73943965838592,
            65.08858999128216,
            70.48609762654708,
            50.10313372733038,
            38.689903556054915,
            74.67674665570028,
            47.34419892010539,
            72.56034358329116,
            51.766680640998885,
            72.41592034280829,
            13.409246682124122,
            65.93247696145168
        ],
        [
            64.49962011676679,
            101.7358019044431,
            48.766658732858254,
            0.0,
            64.07209877012427,
            39.185785288225105,
            115.64501784647241,
            70.05185659574445,
            87.10945303063926,
            81.77792693858572,
            54.08397257007392,
            116.27136482649148,
            67.57496476378502,
            40.989269514821835,
            61.26138163116393,
            97.64208273676444,
            11.665688750764483,
            83.2199418391378,
            36.19075225267195,
            106.72289951225522,
            93.25172283793297,
            76.67920444096954,
            61.44981618193319,
            64.49962011676679
        ],
        [
            19.658760474769323,
            39.78674898815618,
            51.36651590188508,
            64.07209877012427,
            0.0,
            25.168505430986137,
            53.89019185033092,
            52.6792708044625,
            25.626435016176977,
            27.735989317902515,
            36.68457716042124,
            52.55435020493101,
            18.390369056202996,
            42.3421796867438,
            29.119989739879585,
            66.84598300215404,
            53.770450597799766,
            23.449219056528552,
            30.180183267232362,
            49.02007135205502,
            48.879723000893705,
            21.434593085393647,
            50.58228207416618,
            19.658760474769323
        ],
        [
            27.85886926134474,
            64.26376247972004,
            42.36336100183517,
            39.185785288225105,
            25.168505430986137,
            0.0,
            78.37994118604642,
            48.40314048611534,
            49.69292001597201,
            44.38419962117909,
            28.496159604248625,
            77.70930188238597,
            30.195014297762373,
            24.98583024260178,
            29.175419294111503,
            76.59436201254204,
            29.62565554274798,
            44.48446358391988,
            6.9075078399702,
            71.56886673957257,
            64.42310856349697,
            38.67020600683868,
            48.28503332333556,
            27.85886926134474
        ],
        [
            66.05135039232015,
            14.128645926167046,
            85.54833056668839,
            115.64501784647241,
            53.89019185033092,
            78.37994118604642,
            0.0,
            96.51996684744913,
            28.709844240624463,
            57.148101875599764,
            86.61464246931395,
            12.9013808215144,
            62.57241232959671,
            95.29300315531886,
            76.3930464061751,
            62.044314563888875,
            104.42103020359026,
            48.33838992407419,
            83.95563640946203,
            15.251551380709586,
            40.8984927398131,
            55.95928667715246,
            76.2024999133586,
            66.05135039232015
        ],
        [
            33.44192496012126,
            84.26945806201165,
            90.76355375849093,
            70.05185659574445,
            52.6792708044625,
            48.40314048611534,
            96.51996684744913,
            0.0,
            73.66112139478976,
            39.70471950792203,
            19.91292250021979,
            89.23494985443568,
            35.950051344912445,
            29.507333425351735,
            23.590254716306756,
            119.02546222489262,
            67.24909147586928,
            48.19672206677781,
            43.89454091244509,
            97.26074065397131,
            101.50945323980443,
            40.67513697216623,
            95.92989148054733,
            33.44192496012126
        ],
        [
            40.81614921264831,
            14.648754898477991,
            61.598993204644685,
            87.10945303063926,
            25.626435016176977,
            49.69292001597201,
            28.709844240624463,
            73.66112139478976,
            0.0,
            37.743788959515896,
            60.658732218189456,
            30.24469840316437,
            37.84147560948739,
            67.79864152227789,
            51.35682949942957,
            55.323764017725026,
            76.01731704482742,
            28.74030386216365,
            55.392256174956465,
            23.96098839454626,
            33.07156527530272,
            33.98106457026727,
            55.02019889555042,
            40.81614921264831
        ],
        [
            17.296493338034963,
            45.73041361274884,
            78.7784576820944,
            81.77792693858572,
            27.735989317902515,
            44.38419962117909,
            57.148101875599764,
            39.70471950792203,
            37.743788959515896,
            0.0,
            34.593434746352,
            49.53856142081648,
            14.286696414412486,
            47.14680241051496,
            23.807330526933438,
            90.52510775740491,
            73.5834130219929,
            9.214600353401288,
            45.6870929558147,
            59.71765861976679,
            69.68289498827552,
            6.362544614271571,
            78.26976976085884,
            17.296493338034963
        ],
        [
            20.600449824035298,
            73.20964738105117,
            70.85223213167905,
            54.08397257007392,
            36.68457716042124,
            28.496159604248625,
            86.61464246931395,
            19.91292250021979,
            60.658732218189456,
            34.593434746352,
            0.0,
            81.62222823026697,
            24.194611178090227,
            13.888130184366602,
            10.879042011377738,
            101.09300626862898,
            49.359915906882684,
            40.542091980688106,
            24.144894895685788,
            84.61390545745819,
            85.11083064461221,
            32.33144119397787,
            76.27629689189294,
            20.600449824035298
        ],
        [
            61.13111939701396,
            17.420903611993815,
            91.13730741924647,
            116.27136482649148,
            52.55435020493101,
            77.70930188238597,
            12.9013808215144,
            89.23494985443568,
            30.24469840316437,
            49.53856142081648,
            81.62222823026697,
            0.0,
            57.46434977026078,
            91.70308691070052,
            70.95854651373254,
            73.22234261016047,
            105.49420522276884,
            41.528496883363026,
            82.56560947748372,
            26.522175472042203,
            51.14884353958621,
            49.64915594228671,
            83.16496979857797,
            61.13111939701396
        ],
        [
            3.7196920662547868,
            49.426870266993376,
            66.73943965838592,
            67.57496476378502,
            18.390369056202996,
            30.195014297762373,
            62.57241232959671,
            35.950051344912445,
            37.84147560948739,
            14.286696414412486,
            24.194611178090227,
            57.46434977026078,
            0.0,
            34.86992587179764,
            13.83452021076747,
            85.04133586815949,
            59.29738105321574,
            17.025931920466892,
            31.431196814317904,
            61.654344334303985,
            66.14616361809942,
            9.313736736542749,
            67.84809603642313,
            3.7196920662547868
        ],
        [
            31.159606736970623,
            81.4178042101619,
            65.08858999128216,
            40.989269514821835,
            42.3421796867438,
            24.98583024260178,
            95.29300315531886,
            29.507333425351735,
            67.79864152227789,
            47.14680241051496,
            13.888130184366602,
            91.70308691070052,
            34.86992587179764,
            0.0,
            23.568097946499872,
            101.4544620491058,
            37.769729790597914,
            51.873870316236015,
            18.451757952969412,
            91.36224911857299,
            88.03810007557718,
            43.87968506873574,
            72.6651765518338,
            31.159606736970623
        ],
        [
            10.551019866512917,
            63.25110258350327,
            70.48609762654708,
            61.26138163116393,
            29.119989739879585,
            29.175419294111503,
            76.3930464061751,
            23.590254716306756,
            51.35682949942957,
            23.807330526933438,
            10.879042011377738,
            70.95854651373254,
            13.83452021076747,
            23.568097946499872,
            0.0,
            95.49730108574623,
            54.88693257177798,
            29.710335626333602,
            27.23325656098552,
            75.27175145989028,
            77.99056735783812,
            21.492140340171506,
            74.03816423079994,
            10.551019866512917
        ],
        [
            86.50181830193212,
            58.01935771466718,
            50.10313372733038,
            97.64208273676444,
            66.84598300215404,
            76.59436201254204,
            62.044314563888875,
            119.02546222489262,
            55.323764017725026,
            90.52510775740491,
            101.09300626862898,
            73.22234261016047,
            85.04133586815949,
            101.4544620491058,
            95.49730108574623,
            0.0,
            86.58305327957788,
            82.42136478680459,
            83.41418236984848,
            46.9237701234167,
            22.82028908308621,
            85.28785264165917,
            36.723728043863936,
            86.50181830193212
        ],
        [
            56.53294276709596,
            90.59944860454766,
            38.689903556054915,
            11.665688750764483,
            53.770450597799766,
            29.62565554274798,
            104.42103020359026,
            67.24909147586928,
            76.01731704482742,
            73.5834130219929,
            49.359915906882684,
            105.49420522276884,
            59.29738105321574,
            37.769729790597914,
            54.88693257177798,
            86.58305327957788,
            0.0,
            74.10894618314032,
            28.13524689955963,
            95.20526485600895,
            81.61785190759518,
            68.1030525358759,
            50.825750686352414,
            56.53294276709596
        ],
        [
            20.720196956423372,
            36.58542492039654,
            74.67674665570028,
            83.2199418391378,
            23.449219056528552,
            44.48446358391988,
            48.33838992407419,
            48.19672206677781,
            28.74030386216365,
            9.214600353401288,
            40.542091980688106,
            41.528496883363026,
            17.025931920466892,
            51.873870316236015,
            29.710335626333602,
            82.42136478680459,
            74.10894618314032,
            0.0,
            47.12543430845878,
            50.50426096982988,
            61.12399876544047,
            8.218842859836977,
            72.78850432848714,
            20.720196956423372
        ],
        [
            28.490197710005024,
            69.82826083553023,
            47.34419892010539,
            36.19075225267195,
            30.180183267232362,
            6.9075078399702,
            83.95563640946203,
            43.89454091244509,
            55.392256174956465,
            45.6870929558147,
            24.144894895685788,
            82.56560947748372,
            31.431196814317904,
            18.451757952969412,
            27.23325656098552,
            83.41418236984848,
            28.13524689955963,
            47.12543430845878,
            0.0,
            77.77721763320507,
            71.29347792077331,
            40.49035498575727,
            54.282479325455185,
            28.490197710005024
        ],
        [
            64.72222107657561,
            14.843068147988388,
            72.56034358329116,
            106.72289951225522,
            49.02007135205502,
            71.56886673957257,
            15.251551380709586,
            97.26074065397131,
            23.96098839454626,
            59.71765861976679,
            84.61390545745819,
            26.522175472042203,
            61.654344334303985,
            91.36224911857299,
            75.27175145989028,
            46.9237701234167,
            95.20526485600895,
            50.50426096982988,
            77.77721763320507,
            0.0,
            25.685816621373924,
            56.93581071376362,
            62.32383510546157,
            64.72222107657561
        ],
        [
            68.17736902824028,
            35.32783932084199,
            51.766680640998885,
            93.25172283793297,
            48.879723000893705,
            64.42310856349697,
            40.8984927398131,
            101.50945323980443,
            33.07156527530272,
            69.68289498827552,
            85.11083064461221,
            51.14884353958621,
            66.14616361809942,
            88.03810007557718,
            77.99056735783812,
            22.82028908308621,
            81.61785190759518,
            61.12399876544047,
            71.29347792077331,
            25.685816621373924,
            0.0,
            64.94912448213188,
            39.71705138811241,
            68.17736902824028
        ],
        [
            12.866423859922762,
            43.61159783937532,
            72.41592034280829,
            76.67920444096954,
            21.434593085393647,
            38.67020600683868,
            55.95928667715246,
            40.67513697216623,
            33.98106457026727,
            6.362544614271571,
            32.33144119397787,
            49.64915594228671,
            9.313736736542749,
            43.87968506873574,
            21.492140340171506,
            85.28785264165917,
            68.1030525358759,
            8.218842859836977,
            40.49035498575727,
            56.93581071376362,
            64.94912448213188,
            0.0,
            72.00629021575769,
            12.866423859922762
        ],
        [
            67.7750538357901,
            65.74483951491693,
            13.409246682124122,
            61.44981618193319,
            50.58228207416618,
            48.28503332333556,
            76.2024999133586,
            95.92989148054733,
            55.02019889555042,
            78.26976976085884,
            76.27629689189294,
            83.16496979857797,
            67.84809603642313,
            72.6651765518338,
            74.03816423079994,
            36.723728043863936,
            50.825750686352414,
            72.78850432848714,
            54.282479325455185,
            62.32383510546157,
            39.71705138811241,
            72.00629021575769,
            0.0,
            67.7750538357901
        ],
        [
            0.0,
            52.77753606975291,
            65.93247696145168,
            64.49962011676679,
            19.658760474769323,
            27.85886926134474,
            66.05135039232015,
            33.44192496012126,
            40.81614921264831,
            17.296493338034963,
            20.600449824035298,
            61.13111939701396,
            3.7196920662547868,
            31.159606736970623,
            10.551019866512917,
            86.50181830193212,
            56.53294276709596,
            20.720196956423372,
            28.490197710005024,
            64.72222107657561,
            68.17736902824028,
            12.866423859922762,
            67.7750538357901,
            0.0
        ]
    ],
    "scores_ave": [
        0,
        13.440841878854997,
        17.896817869746307,
        15.786886819046426,
        17.308589352034282,
        18.240452424521077,
        18.997479249160598,
        11.192740431668192,
        12.373937428587748,
        13.603286578210492,
        10.292186877397633,
        10.436336252324548,
        12.583084601825194,
        18.853776304681894,
        15.702437986799774,
        14.292556640172533,
        11.03719791415479,
        11.538823556824457,
        12.464935429611375,
        17.309779669303744,
        18.31456301876465,
        13.037169189986546,
        19.18701248078139,
        0
    ],
    "scores_var": [
        0,
        17.169808317053054,
        19.549700729227958,
        344.77245400469343,
        20.471591263362374,
        24.838062329546965,
        17.33594655549165,
        21.696661526060524,
        351.4394019174946,
        16.926900665452532,
        20.23743377359489,
        226.25135860146784,
        260.2964492939855,
        18.546780507763277,
        22.996693062127044,
        346.3736436416222,
        294.1490199169416,
        228.2433441253001,
        16.268056589526104,
        355.6440141830101,
        24.953435918115595,
        256.70461685716725,
        363.90369333464344,
        0
    ],
    "vertex_number": 24,
    "minimum_distances": {
        "cost": 451.5873165982538,
        "path": [
            0,
            14,
            7,
            10,
            13,
            3,
            16,
            2,
            22,
            15,
            20,
            19,
            6,
            11,
            1,
            8,
            4,
            5,
            18,
            17,
            9,
            21,
            12,
            23
        ]
    }
}