{
    "vertices": [
        [
            26.72659182169703,
            78.55246876609826
        ],
        [
            89.24393867926224,
            94.17697696763426
        ],
        [
            26.241819733960504,
            14.674144228626208
        ],
        [
            3.8354937357690244,
            89.71332555286014
        ],
        [
            79.55595143758536,
            0.952742447992927
        ],
        [
            22.948459011763354,
            20.797212100095553
        ],
        [
            0.7125393707182681,
            57.625346024282564
        ],
        [
            88.52104349208413,
            23.681194816579577
        ],
        [
            44.56101715999199,
            19.27639523189537
        ],
        [
            97.15788765898543,
            74.74132510635789
        ],
        [
            65.32413401578879,
            28.272262676585402
        ],
        [
            90.36398846795568,
            4.834137607881139
        ],
        [
            56.712872333938,
            22.855465857151238
        ],
        [
            72.92849581500784,
            20.80864571826907
        ],
        [
            4.541225871220577,
            70.65566535426898
        ],
        [
            15.458238064727025,
            91.70058887361206
        ],
        [
            91.50474344915247,
            78.11557430639643
        ],
        [
            29.08777339884445,
            88.93113037371374
        ],
        [
            24.1461511479507,
            57.37973536671961
        ],
        [
            33.26668874289176,
            61.297659657186564
        ],
        [
            2.7491690498284815,
            72.02121206547977
        ],
        [
            55.03935731413652,
            9.109586623860178
        ],
        [
            23.815579372524088,
            90.89959323272343
        ],
        [
            56.51267112905032,
            46.71392861536139
        ],
        [
            26.72659182169703,
            78.55246876609826
        ]
    ],
    "distances": [
        [
            0.0,
            64.44023521565533,
            63.8801639767123,
            25.466980500133612,
            93.8757623781011,
            57.87870040079812,
            33.38675472658721,
            82.6402502542613,
            61.900885460382916,
            70.53433383335252,
            63.386665694202435,
            97.38639843769671,
            63.256091817295,
            73.95245116144642,
            23.54888461226218,
            17.316144454058726,
            64.7796249220272,
            10.643861855813988,
            21.329400218287635,
            18.452677451351136,
            24.851038547116985,
            74.99284345889707,
            12.685640546443599,
            43.59934815377431,
            0.0
        ],
        [
            64.44023521565533,
            0.0,
            101.43947656176387,
            85.52500600186082,
            93.72627699086303,
            98.89226722226074,
            95.78011478458274,
            70.49948849843243,
            87.21617177937452,
            20.985117386528895,
            70.11125744788426,
            89.34985985658739,
            78.39023041582821,
            75.1605329024038,
            87.90791578154165,
            73.82724506014048,
            16.219737780062175,
            60.38446097906224,
            74.77806450362208,
            64.91919606125752,
            89.28730644189216,
            91.68650002188727,
            65.51039189103885,
            57.65480755612448,
            64.44023521565533
        ],
        [
            63.8801639767123,
            101.43947656176387,
            0.0,
            78.31297579934305,
            55.05155316734509,
            6.952566792568848,
            49.96548700409333,
            62.92716958681982,
            18.88845437379699,
            92.93629489357149,
            41.38038321413091,
            64.87278515253723,
            31.550262600174452,
            47.087979697828054,
            60.040373762463986,
            77.77762408472053,
            91.01683504806994,
            74.31150276783796,
            42.75698002988973,
            47.149771743984594,
            61.972500559936535,
            29.330231366602092,
            76.26405259470343,
            44.07802431747696,
            63.8801639767123
        ],
        [
            25.466980500133612,
            85.52500600186082,
            78.31297579934305,
            0.0,
            116.67059967141934,
            71.51738344679345,
            32.23959171876411,
            107.38661288588337,
            81.36294863890676,
            94.51576590669963,
            86.9244332213447,
            121.20914547515433,
            85.24077997358538,
            97.57918753212286,
            19.070722851847407,
            11.791412181852152,
            88.43305478881997,
            25.264391096570144,
            38.18355482194257,
            40.91021031285262,
            17.725433167446997,
            95.49239956502534,
            20.015270496807037,
            67.99877318828482,
            25.466980500133612
        ],
        [
            93.8757623781011,
            93.72627699086303,
            55.05155316734509,
            116.67059967141934,
            0.0,
            59.98509126868707,
            97.09823696886099,
            24.432671213290394,
            39.50191990825377,
            75.85896841819425,
            30.804233680580758,
            11.4838535708646,
            31.647046555304055,
            20.932750958911193,
            102.39973883499549,
            111.10215340179892,
            78.08249644410672,
            101.4260012844767,
            79.08382576726564,
            76.05396027691647,
            104.6422916154453,
            25.837908087213755,
            105.81788621987323,
            51.235524070924406,
            93.8757623781011
        ],
        [
            57.87870040079812,
            98.89226722226074,
            6.952566792568848,
            71.51738344679345,
            59.98509126868707,
            0.0,
            43.0203157894136,
            65.63597482888316,
            21.665999945932942,
            91.7442457496902,
            43.0299223002769,
            69.27967493502493,
            33.827089965278994,
            49.980038111042866,
            53.147827733491546,
            71.2979119450399,
            89.36083472009928,
            68.4099554192188,
            36.602123913868375,
            41.7941636728027,
            55.062777694373594,
            34.15298439559862,
            70.10774378186954,
            42.40557192146907,
            57.87870040079812
        ],
        [
            33.38675472658721,
            95.78011478458274,
            49.96548700409333,
            32.23959171876411,
            97.09823696886099,
            43.0203157894136,
            0.0,
            94.14105797813902,
            58.25230494421113,
            97.95234528270977,
            70.96662359585498,
            104.03986741292245,
            65.91647638358825,
            81.05932263833903,
            13.581165714346694,
            37.1289348785455,
            93.07563470894615,
            42.25169866270491,
            23.434898880113714,
            32.7606246699326,
            14.539216606335005,
            72.83668071828221,
            40.50834462939056,
            56.856958537358686,
            33.38675472658721
        ],
        [
            82.6402502542613,
            70.49948849843243,
            62.92716958681982,
            107.38661288588337,
            24.432671213290394,
            65.63597482888316,
            94.14105797813902,
            0.0,
            44.18015589039347,
            51.785441799529664,
            23.64687111113475,
            18.936948318354833,
            31.81888717004977,
            15.854938706412646,
            96.22479228312086,
            99.82390247231226,
            54.51609061437919,
            88.2602270798469,
            72.66167077302998,
            66.84341512710299,
            98.45593792637413,
            36.515134870909286,
            93.30117990979066,
            39.434030070183965,
            82.6402502542613
        ],
        [
            61.900885460382916,
            87.21617177937452,
            18.88845437379699,
            81.36294863890676,
            39.50191990825377,
            21.665999945932942,
            58.25230494421113,
            44.18015589039347,
            0.0,
            76.43813990585414,
            22.628138514908976,
            48.0259407603489,
            12.667964742180484,
            28.408830260955344,
            65.12613218290072,
            78.05277429867992,
            75.27125900416983,
            71.35266918741554,
            43.22766803471714,
            43.51262481502996,
            67.30710471559263,
            14.599986632130046,
            74.56712198321404,
            29.927583777594204,
            61.900885460382916
        ],
        [
            70.53433383335252,
            20.985117386528895,
            92.93629489357149,
            94.51576590669963,
            75.85896841819425,
            91.7442457496902,
            97.95234528270977,
            51.785441799529664,
            76.43813990585414,
            0.0,
            56.32727256061516,
            70.23654269797923,
            65.78709337455034,
            59.12526816097656,
            92.70673468696361,
            83.44129296308817,
            6.583585430533168,
            69.53338068089404,
            75.04757468862185,
            65.29025531919056,
            94.44789655878067,
            77.98394510823961,
            75.101157205664,
            49.3717386854953,
            70.53433383335252
        ],
        [
            63.386665694202435,
            70.11125744788426,
            41.38038321413091,
            86.9244332213447,
            30.804233680580758,
            43.0299223002769,
            70.96662359585498,
            23.64687111113475,
            22.628138514908976,
            56.32727256061516,
            0.0,
            34.29781359973148,
            10.17327457293588,
            10.655134746866842,
            74.10070677834113,
            80.6830846160367,
            56.30079950168369,
            70.65813513714437,
            50.42689004361537,
            46.025608558182995,
            76.3517963974863,
            21.74821338189733,
            75.13416427405494,
            20.438613475521763,
            63.386665694202435
        ],
        [
            97.38639843769671,
            89.34985985658739,
            64.87278515253723,
            121.20914547515433,
            11.4838535708646,
            69.27967493502493,
            104.03986741292245,
            18.936948318354833,
            48.0259407603489,
            70.23654269797923,
            34.29781359973148,
            0.0,
            38.1728422957092,
            23.647014894481885,
            108.1573857607702,
            114.70244896676093,
            73.29031509364404,
            104.05324947089579,
            84.53308123552752,
            80.300877692004,
            110.410414163891,
            35.58242586504759,
            108.79316800720815,
            53.85005645688311,
            97.38639843769671
        ],
        [
            63.256091817295,
            78.39023041582821,
            31.550262600174452,
            85.24077997358538,
            31.647046555304055,
            33.827089965278994,
            65.91647638358825,
            31.81888717004977,
            12.667964742180484,
            65.78709337455034,
            10.17327457293588,
            38.1728422957092,
            0.0,
            16.344293119029558,
            70.75831941612965,
            80.25955277621463,
            65.30048913691256,
            71.61801122957147,
            47.460683875974084,
            45.02805557810065,
            73.00241004485527,
            13.847376950806373,
            75.579330206692,
            23.85930270790283,
            63.256091817295
        ],
        [
            73.95245116144642,
            75.1605329024038,
            47.087979697828054,
            97.57918753212286,
            20.932750958911193,
            49.980038111042866,
            81.05932263833903,
            15.854938706412646,
            28.408830260955344,
            59.12526816097656,
            10.655134746866842,
            23.647014894481885,
            16.344293119029558,
            0.0,
            84.62590653550595,
            91.26060557668951,
            60.242518542718585,
            81.01038117181271,
            60.968530811317436,
            56.678207363779705,
            86.87844874928004,
            21.37496807010078,
            85.58515925649954,
            30.668599284911533,
            73.95245116144642
        ],
        [
            23.54888461226218,
            87.90791578154165,
            60.040373762463986,
            19.070722851847407,
            102.39973883499549,
            53.147827733491546,
            13.581165714346694,
            96.22479228312086,
            65.12613218290072,
            92.70673468696361,
            74.10070677834113,
            108.1573857607702,
            70.75831941612965,
            84.62590653550595,
            0.0,
            23.708014703221533,
            87.282894264004,
            30.60270604379369,
            23.677065108253686,
            30.211330454291257,
            2.2530391633517084,
            79.61143816258875,
            27.952053928848883,
            57.22095665280991,
            23.54888461226218
        ],
        [
            17.316144454058726,
            73.82724506014048,
            77.77762408472053,
            11.791412181852152,
            111.10215340179892,
            71.2979119450399,
            37.1289348785455,
            99.82390247231226,
            78.05277429867992,
            83.44129296308817,
            80.6830846160367,
            114.70244896676093,
            80.25955277621463,
            91.26060557668951,
            23.708014703221533,
            0.0,
            77.2503954810259,
            13.908060030306688,
            35.40340123749724,
            35.23462814470454,
            23.42644460394939,
            91.5856902231702,
            8.395638614884142,
            60.90374434650362,
            17.316144454058726
        ],
        [
            64.7796249220272,
            16.219737780062175,
            91.01683504806994,
            88.43305478881997,
            78.08249644410672,
            89.36083472009928,
            93.07563470894615,
            54.51609061437919,
            75.27125900416983,
            6.583585430533168,
            56.30079950168369,
            73.29031509364404,
            65.30048913691256,
            60.242518542718585,
            87.282894264004,
            77.2503954810259,
            0.0,
            63.347094671392256,
            70.47804603798076,
            60.61776364332095,
            88.9645616977763,
            78.04838705583964,
            68.88580458484466,
            47.01604489278696,
            64.7796249220272
        ],
        [
            10.643861855813988,
            60.38446097906224,
            74.31150276783796,
            25.264391096570144,
            101.4260012844767,
            68.4099554192188,
            42.25169866270491,
            88.2602270798469,
            71.35266918741554,
            69.53338068089404,
            70.65813513714437,
            104.05324947089579,
            71.61801122957147,
            81.01038117181271,
            30.60270604379369,
            13.908060030306688,
            63.347094671392256,
            0.0,
            31.93603227324745,
            27.94766604376614,
            31.299639235063864,
            83.93428116283735,
            5.627688324567089,
            50.342994942868465,
            10.643861855813988
        ],
        [
            21.329400218287635,
            74.77806450362208,
            42.75698002988973,
            38.18355482194257,
            79.08382576726564,
            36.602123913868375,
            23.434898880113714,
            72.66167077302998,
            43.22766803471714,
            75.04757468862185,
            50.42689004361537,
            84.53308123552752,
            47.460683875974084,
            60.968530811317436,
            23.677065108253686,
            35.40340123749724,
            70.47804603798076,
            31.93603227324745,
            0.0,
            9.926446331218653,
            25.92689111381655,
            57.309662770637864,
            33.52148787055561,
            34.078601047346986,
            21.329400218287635
        ],
        [
            18.452677451351136,
            64.91919606125752,
            47.149771743984594,
            40.91021031285262,
            76.05396027691647,
            41.7941636728027,
            32.7606246699326,
            66.84341512710299,
            43.51262481502996,
            65.29025531919056,
            46.025608558182995,
            80.300877692004,
            45.02805557810065,
            56.678207363779705,
            30.211330454291257,
            35.23462814470454,
            60.61776364332095,
            27.94766604376614,
            9.926446331218653,
            0.0,
            32.34677085073433,
            56.54771492858998,
            31.07407182429024,
            27.441955254644103,
            18.452677451351136
        ],
        [
            24.851038547116985,
            89.28730644189216,
            61.972500559936535,
            17.725433167446997,
            104.6422916154453,
            55.062777694373594,
            14.539216606335005,
            98.45593792637413,
            67.30710471559263,
            94.44789655878067,
            76.3517963974863,
            110.410414163891,
            73.00241004485527,
            86.87844874928004,
            2.2530391633517084,
            23.42644460394939,
            88.9645616977763,
            31.299639235063864,
            25.92689111381655,
            32.34677085073433,
            0.0,
            81.8054790611449,
            28.287575353499566,
            59.42198878737674,
            24.851038547116985
        ],
        [
            74.99284345889707,
            91.68650002188727,
            29.330231366602092,
            95.49239956502534,
            25.837908087213755,
            34.15298439559862,
            72.83668071828221,
            36.515134870909286,
            14.599986632130046,
            77.98394510823961,
            21.74821338189733,
            35.58242586504759,
            13.847376950806373,
            21.37496807010078,
            79.61143816258875,
            91.5856902231702,
            78.04838705583964,
            83.93428116283735,
            57.309662770637864,
            56.54771492858998,
            81.8054790611449,
            0.0,
            87.54729858782062,
            37.63319266566415,
            74.99284345889707
        ],
        [
            12.685640546443599,
            65.51039189103885,
            76.26405259470343,
            20.015270496807037,
            105.81788621987323,
            70.10774378186954,
            40.50834462939056,
            93.30117990979066,
            74.56712198321404,
            75.101157205664,
            75.13416427405494,
            108.79316800720815,
            75.579330206692,
            85.58515925649954,
            27.952053928848883,
            8.395638614884142,
            68.88580458484466,
            5.627688324567089,
            33.52148787055561,
            31.07407182429024,
            28.287575353499566,
            87.54729858782062,
            0.0,
            54.967924892728995,
            12.685640546443599
        ],
        [
            43.59934815377431,
            57.65480755612448,
            44.07802431747696,
            67.99877318828482,
            51.235524070924406,
            42.40557192146907,
            56.856958537358686,
            39.434030070183965,
            29.927583777594204,
            49.3717386854953,
            20.438613475521763,
            53.85005645688311,
            23.85930270790283,
            30.668599284911533,
            57.22095665280991,
            60.90374434650362,
            47.01604489278696,
            50.342994942868465,
            34.078601047346986,
            27.441955254644103,
            59.42198878737674,
            37.63319266566415,
            54.967924892728995,
            0.0,
            43.59934815377431
        ],
        [
            0.0,
            64.44023521565533,
            63.8801639767123,
            25.466980500133612,
            93.8757623781011,
            57.87870040079812,
            33.38675472658721,
            82.6402502542613,
            61.900885460382916,
            70.53433383335252,
            63.386665694202435,
            97.38639843769671,
            63.256091817295,
            73.95245116144642,
            23.54888461226218,
            17.316144454058726,
            64.7796249220272,
            10.643861855813988,
            21.329400218287635,
            18.452677451351136,
            24.851038547116985,
            74.99284345889707,
            12.685640546443599,
            43.59934815377431,
            0.0
        ]
    ],
    "scores_ave": [
        0,
        15.941210649668275,
        14.893562890245832,
        16.33135828127905,
        15.786428504689773,
        13.498479878440879,
        15.214185584338678,
        13.677175027020567,
        19.46290727376891,
        11.910169149483751,
        15.866938884450636,
        17.074082701588843,
        10.616874956581006,
        10.911711544840042,
        15.739129840977608,
        17.161456743427223,
        14.518758941060456,
        18.158050234259406,
        10.836856953209073,
        12.596395410701641,
        15.53383806471894,
        11.83444263323242,
        14.976625627147385,
        14.817998192960705,
        0
    ],
    "scores_var": [
        0,
        344.17942890418067,
        236.19288808607482,
        19.607996686622165,
        24.244012230600532,
        20.587060488769918,
        22.188457777045784,
        349.6554443343792,
        17.06302503280086,
        21.500494347382805,
        24.645768485703602,
        19.06167958636156,
        22.278095728031005,
        292.1361118606993,
        23.785253978208768,
        384.6169035831542,
        23.023389774966695,
        16.644546954216906,
        389.2540678608606,
        361.0559005737968,
        278.5169812473045,
        268.3391761815153,
        24.00041981167137,
        24.787924078281343,
        0
    ],
    "vertex_number": 25,
    "minimum_distances": {
        "cost": 430.4502760993118,
        "path": [
            0,
            17,
            22,
            15,
            3,
            20,
            14,
            6,
            5,
            2,
            8,
            21,
            12,
            10,
            13,
            4,
            11,
            7,
            9,
            16,
            1,
            23,
            19,
            18,
            24
        ]
    }
}