{
    "vertices": [
        [
            25.743123168740524,
            91.26789039148215
        ],
        [
            96.15274834812905,
            49.36605690154061
        ],
        [
            39.69005042664363,
            12.175820443591379
        ],
        [
            30.63413237584215,
            89.05582108201166
        ],
        [
            69.3104662464452,
            31.992541603746638
        ],
        [
            42.055392813282275,
            57.133686727512554
        ],
        [
            95.07512706585763,
            95.57132798617228
        ],
        [
            51.193616549815104,
            67.45891719794447
        ],
        [
            15.472341753679808,
            66.3420207598103
        ],
        [
            23.66577236471278,
            1.6981613111707317
        ],
        [
            19.928706783687666,
            3.1985669191991195
        ],
        [
            74.12000241015876,
            71.69948280185133
        ],
        [
            67.22835162996006,
            65.63679719653076
        ],
        [
            56.81464909962346,
            78.12620167963205
        ],
        [
            70.83265587092214,
            83.06294677352234
        ],
        [
            67.79447549180585,
            2.4132106946117338
        ],
        [
            80.50091146331056,
            58.514655930696556
        ],
        [
            77.61207744860728,
            29.874225673139577
        ],
        [
            89.77183753866842,
            29.180918448709058
        ],
        [
            25.743123168740524,
            91.26789039148215
        ]
    ],
    "distances": [
        [
            0.0,
            81.93460177312616,
            80.31234219333469,
            5.367981156249911,
            73.56412411466692,
            37.83165342315339,
            69.46543269512725,
            34.85103754367604,
            26.95900457678395,
            89.5938153774209,
            88.2610512897076,
            52.184720184482,
            48.764506752840866,
            33.7363854891525,
            45.8299799157168,
            98.30295181850853,
            63.805875486166194,
            80.37145317608217,
            89.18782623704035,
            0.0
        ],
        [
            81.93460177312616,
            0.0,
            67.61027987200683,
            76.60265282368105,
            31.974163667390243,
            54.65217240857811,
            46.21783577399859,
            48.46313161325165,
            82.44702151783851,
            86.75592174160086,
            89.11532777074487,
            31.372341417430356,
            33.18670991913844,
            48.73019577368899,
            42.14958445938436,
            54.85217777194623,
            18.129447373409864,
            26.90144906953607,
            21.169691474328822,
            81.93460177312616
        ],
        [
            80.31234219333469,
            67.61027987200683,
            0.0,
            77.41152465819502,
            35.63806210889274,
            45.02004648386056,
            100.11152477420508,
            56.46727211669911,
            59.33358804307474,
            19.145726110578206,
            21.704879253665737,
            68.76400202233208,
            60.136794631430966,
            68.13739549534989,
            77.4263944218869,
            29.751760575706964,
            61.747988249457464,
            41.84869987375761,
            52.890062946623814,
            80.31234219333469
        ],
        [
            5.367981156249911,
            76.60265282368105,
            77.41152465819502,
            0.0,
            68.93530783629633,
            33.90380290950452,
            64.76954243204725,
            29.81809260964693,
            27.30927717730963,
            87.63514570012825,
            86.52210254892645,
            46.82161222274212,
            43.44637571267802,
            28.370337259276027,
            40.642783291278775,
            94.27530448234539,
            58.47613552004169,
            75.56049601742413,
            84.1562364728416,
            5.367981156249911
        ],
        [
            73.56412411466692,
            31.974163667390243,
            35.63806210889274,
            68.93530783629633,
            0.0,
            37.079862539946966,
            68.60087335450969,
            39.825670624849465,
            63.86258973132359,
            54.78309553930183,
            57.163372414265474,
            39.99716011693596,
            33.708621088213725,
            47.79602533855872,
            51.09308510413046,
            29.618153976915163,
            28.786257355263587,
            8.567614074742545,
            20.653642291958093,
            73.56412411466692
        ],
        [
            37.83165342315339,
            54.65217240857811,
            45.02004648386056,
            33.90380290950452,
            37.079862539946966,
            0.0,
            65.48697951305383,
            13.788310894611701,
            28.132757050950495,
            58.40612654874766,
            58.29740460251538,
            35.21791595025643,
            26.57029813973646,
            25.661670447203203,
            38.73573796408432,
            60.47173616160814,
            38.470312972600254,
            44.80352708471549,
            55.30114240844681,
            37.83165342315339
        ],
        [
            69.46543269512725,
            46.21783577399859,
            100.11152477420508,
            64.76954243204725,
            68.60087335450969,
            65.48697951305383,
            0.0,
            52.114245705906725,
            84.79950371546835,
            117.94688364016464,
            119.07859366133208,
            31.76448082119501,
            40.88421499519471,
            42.04992991737124,
            27.279241378715994,
            97.0704319945727,
            39.81965223676121,
            67.97843300829781,
            66.60188704805054,
            69.46543269512725
        ],
        [
            34.85103754367604,
            48.46313161325165,
            56.46727211669911,
            29.81809260964693,
            39.825670624849465,
            13.788310894611701,
            52.114245705906725,
            0.0,
            35.73873152078187,
            71.2899657755502,
            71.46248806633547,
            23.31526464053976,
            16.137932035734416,
            12.057651725740694,
            25.083412934676513,
            67.13071169092115,
            30.641758186556263,
            45.940658607335536,
            54.345968782525816,
            34.85103754367604
        ],
        [
            26.95900457678395,
            82.44702151783851,
            59.33358804307474,
            27.30927717730963,
            63.86258973132359,
            28.132757050950495,
            84.79950371546835,
            35.73873152078187,
            0.0,
            65.16103797203724,
            63.30051304849015,
            58.89185427552286,
            51.760814315346934,
            42.98899041193637,
            57.830387737899294,
            82.61052254563326,
            65.49795812579467,
            72.05030763791954,
            83.07444010572489,
            26.95900457678395
        ],
        [
            89.5938153774209,
            86.75592174160086,
            19.145726110578206,
            87.63514570012825,
            54.78309553930183,
            58.40612654874766,
            117.94688364016464,
            71.2899657755502,
            65.16103797203724,
            0.0,
            4.027018269822674,
            86.28913222370709,
            77.36825880890433,
            83.30722287622757,
            94.04755825125301,
            44.13449597876783,
            80.36384197639859,
            60.86127204663432,
            71.59129690586828,
            89.5938153774209
        ],
        [
            88.2610512897076,
            89.11532777074487,
            21.704879253665737,
            86.52210254892645,
            57.163372414265474,
            58.29740460251538,
            119.07859366133208,
            71.46248806633547,
            63.30051304849015,
            4.027018269822674,
            0.0,
            87.34455906602184,
            78.33127729552606,
            83.51480821583307,
            94.70760899838719,
            47.872211129407475,
            82.02963905368618,
            63.55282858554125,
            74.51943038335952,
            88.2610512897076
        ],
        [
            52.184720184482,
            31.372341417430356,
            68.76400202233208,
            46.82161222274212,
            39.99716011693596,
            35.21791595025643,
            31.76448082119501,
            23.31526464053976,
            58.89185427552286,
            86.28913222370709,
            87.34455906602184,
            0.0,
            9.178834742230332,
            18.46017250018207,
            11.829410835054132,
            69.57441910151499,
            14.64771859256313,
            41.97078414751157,
            45.30792709385798,
            52.184720184482
        ],
        [
            48.764506752840866,
            33.18670991913844,
            60.136794631430966,
            43.44637571267802,
            33.708621088213725,
            26.57029813973646,
            40.88421499519471,
            16.137932035734416,
            51.760814315346934,
            77.36825880890433,
            78.33127729552606,
            9.178834742230332,
            0.0,
            16.26131682038233,
            17.794990815988104,
            63.22612107659768,
            15.062726869341008,
            37.23953925389667,
            42.863035965643064,
            48.764506752840866
        ],
        [
            33.7363854891525,
            48.73019577368899,
            68.13739549534989,
            28.370337259276027,
            47.79602533855872,
            25.661670447203203,
            42.04992991737124,
            12.057651725740694,
            42.98899041193637,
            83.30722287622757,
            83.51480821583307,
            18.46017250018207,
            16.26131682038233,
            0.0,
            14.86189644568369,
            76.50499063133223,
            30.751451208422825,
            52.543184281714794,
            59.006923495145806,
            33.7363854891525
        ],
        [
            45.8299799157168,
            42.14958445938436,
            77.4263944218869,
            40.642783291278775,
            51.09308510413046,
            38.73573796408432,
            27.279241378715994,
            25.083412934676513,
            57.830387737899294,
            94.04755825125301,
            94.70760899838719,
            11.829410835054132,
            17.794990815988104,
            14.86189644568369,
            0.0,
            80.70694189234271,
            26.383588639601594,
            53.619032154844845,
            57.11361990488677,
            45.8299799157168
        ],
        [
            98.30295181850853,
            54.85217777194623,
            29.751760575706964,
            94.27530448234539,
            29.618153976915163,
            60.47173616160814,
            97.0704319945727,
            67.13071169092115,
            82.61052254563326,
            44.13449597876783,
            47.872211129407475,
            69.57441910151499,
            63.22612107659768,
            76.50499063133223,
            80.70694189234271,
            0.0,
            57.52239279337546,
            29.16320715958932,
            34.6340095996354,
            98.30295181850853
        ],
        [
            63.805875486166194,
            18.129447373409864,
            61.747988249457464,
            58.47613552004169,
            28.786257355263587,
            38.470312972600254,
            39.81965223676121,
            30.641758186556263,
            65.49795812579467,
            80.36384197639859,
            82.02963905368618,
            14.64771859256313,
            15.062726869341008,
            30.751451208422825,
            26.383588639601594,
            57.52239279337546,
            0.0,
            28.785753547588293,
            30.763911080304933,
            63.805875486166194
        ],
        [
            80.37145317608217,
            26.90144906953607,
            41.84869987375761,
            75.56049601742413,
            8.567614074742545,
            44.80352708471549,
            67.97843300829781,
            45.940658607335536,
            72.05030763791954,
            60.86127204663432,
            63.55282858554125,
            41.97078414751157,
            37.23953925389667,
            52.543184281714794,
            53.619032154844845,
            29.16320715958932,
            28.785753547588293,
            0.0,
            12.179509035888568,
            80.37145317608217
        ],
        [
            89.18782623704035,
            21.169691474328822,
            52.890062946623814,
            84.1562364728416,
            20.653642291958093,
            55.30114240844681,
            66.60188704805054,
            54.345968782525816,
            83.07444010572489,
            71.59129690586828,
            74.51943038335952,
            45.30792709385798,
            42.863035965643064,
            59.006923495145806,
            57.11361990488677,
            34.6340095996354,
            30.763911080304933,
            12.179509035888568,
            0.0,
            89.18782623704035
        ],
        [
            0.0,
            81.93460177312616,
            80.31234219333469,
            5.367981156249911,
            73.56412411466692,
            37.83165342315339,
            69.46543269512725,
            34.85103754367604,
            26.95900457678395,
            89.5938153774209,
            88.2610512897076,
            52.184720184482,
            48.764506752840866,
            33.7363854891525,
            45.8299799157168,
            98.30295181850853,
            63.805875486166194,
            80.37145317608217,
            89.18782623704035,
            0.0
        ]
    ],
    "scores_ave": [
        0,
        17.699820470145248,
        18.25857197595949,
        12.701023940306241,
        11.458818648058145,
        12.391679377438116,
        13.65788223018259,
        19.57053468551274,
        14.894267838978315,
        15.03004976398237,
        16.468404448673482,
        14.43694584763924,
        17.094157430346502,
        18.836089794429398,
        14.113419026060878,
        11.635292159784353,
        13.072497675360028,
        13.11284070659597,
        12.322554895719126,
        0
    ],
    "scores_var": [
        0,
        279.6036899395997,
        311.85991585593524,
        370.8133876585081,
        23.072034751056748,
        397.74353588570233,
        16.21332391515978,
        22.28721043323743,
        389.5792395982968,
        225.8045892954566,
        227.82143132501633,
        288.5964586990079,
        365.5239754694238,
        23.35403442734685,
        23.418655150890448,
        23.723132676910147,
        360.4711244118564,
        247.48455688755806,
        386.83036179427756,
        0
    ],
    "vertex_number": 20,
    "minimum_distances": {
        "cost": 437.3365566397252,
        "path": [
            0,
            8,
            5,
            7,
            13,
            12,
            11,
            16,
            4,
            2,
            10,
            9,
            15,
            17,
            18,
            1,
            6,
            14,
            3,
            19
        ]
    }
}