{
    "vertices": [
        [
            6.407417543960037,
            15.354842487532494
        ],
        [
            86.2195801737936,
            6.657112321817571
        ],
        [
            56.95508731493525,
            63.20582706919156
        ],
        [
            85.41542968017441,
            21.2525540570191
        ],
        [
            21.237924046132694,
            60.779219277621486
        ],
        [
            5.802466100268921,
            42.07470253088651
        ],
        [
            62.144703751674655,
            44.135198874727465
        ],
        [
            8.55041987091264,
            63.00742787933393
        ],
        [
            6.5868086188890285,
            9.346827890025278
        ],
        [
            0.17818151832871276,
            97.72993814464975
        ],
        [
            96.05252275888489,
            64.51654293170722
        ],
        [
            72.86065519924753,
            36.61520081892362
        ],
        [
            26.753717415980194,
            63.13144836750082
        ],
        [
            33.93093058440931,
            25.89086223574436
        ],
        [
            47.450294018071006,
            7.71282699895528
        ],
        [
            44.437784625973876,
            2.584437996132738
        ],
        [
            6.407417543960037,
            15.354842487532494
        ]
    ],
    "distances": [
        [
            0.0,
            80.28469227496976,
            69.60448006206019,
            79.22782960218622,
            47.78407611201624,
            26.72670737269465,
            62.729211596947785,
            47.7007479343485,
            6.010692186564205,
            82.61028849957033,
            102.24048943328528,
            69.77130951364802,
            51.92856620292911,
            29.471197502349504,
            41.74827074259227,
            40.117228858268426,
            0.0
        ],
        [
            80.28469227496976,
            0.0,
            63.67234628836952,
            14.617577687908849,
            84.56842256084153,
            87.8710301073785,
            44.54443451664533,
            95.95757669713367,
            79.67818318306134,
            125.2891930133823,
            58.68901490383304,
            32.80164542939864,
            82.00938644650293,
            55.71391219105778,
            38.78365741525453,
            41.979817952950924,
            80.28469227496976
        ],
        [
            69.60448006206019,
            63.67234628836952,
            0.0,
            50.695840105283835,
            35.79949968008501,
            55.3454160828563,
            19.76413363879036,
            48.40507403780061,
            73.7411370361484,
            66.449464086532,
            39.119399718887045,
            30.98464933001348,
            30.20146148723226,
            43.84653228789277,
            56.30110258610713,
            61.900207429008304,
            69.60448006206019
        ],
        [
            79.22782960218622,
            14.617577687908849,
            50.695840105283835,
            0.0,
            75.3731350871717,
            82.29086120003325,
            32.636515118694064,
            87.4739916826444,
            79.72263050092594,
            114.51715483319978,
            44.55244642569348,
            19.84019349194932,
            72.0766139218236,
            51.69301258296586,
            40.307266524148986,
            45.02961193981988,
            79.22782960218622
        ],
        [
            47.78407611201624,
            84.56842256084153,
            35.79949968008501,
            75.3731350871717,
            0.0,
            24.251026962325085,
            44.16319781276818,
            12.881679850429899,
            53.478463582168274,
            42.53079331646136,
            74.90788856085541,
            56.99829962182262,
            5.996412109764323,
            37.125595915247345,
            59.18724802707977,
            62.64875177786372,
            47.78407611201624
        ],
        [
            26.72670737269465,
            87.8710301073785,
            55.3454160828563,
            82.29086120003325,
            24.251026962325085,
            0.0,
            56.3799023478266,
            21.11232437319795,
            32.73727190366422,
            55.93869705563538,
            92.9984350807007,
            67.28006305122862,
            29.70423331651345,
            32.45192137507753,
            53.993333480558405,
            55.24643726619403,
            26.72670737269465
        ],
        [
            62.729211596947785,
            44.54443451664533,
            19.76413363879036,
            32.636515118694064,
            44.16319781276818,
            56.3799023478266,
            0.0,
            56.819963853332546,
            65.5508235444443,
            81.92829764560415,
            39.5618424165851,
            13.091294289948296,
            40.1668944356544,
            33.59870258998765,
            39.27486283204649,
            45.16636707235004,
            62.729211596947785
        ],
        [
            47.7007479343485,
            95.95757669713367,
            48.40507403780061,
            87.4739916826444,
            12.881679850429899,
            21.11232437319795,
            56.819963853332546,
            0.0,
            53.696515346544274,
            35.717602021376514,
            87.51511548331855,
            69.51514955169175,
            18.203720020802002,
            44.96453901968542,
            67.60690123933452,
            70.2768856416407,
            47.7007479343485
        ],
        [
            6.010692186564205,
            79.67818318306134,
            73.7411370361484,
            79.72263050092594,
            53.478463582168274,
            32.73727190366422,
            65.5508235444443,
            53.696515346544274,
            0.0,
            88.61514926690097,
            105.1085698901847,
            71.66440471214683,
            57.4411839217845,
            31.959444277045577,
            40.89614160139286,
            38.45030951456611,
            6.010692186564205
        ],
        [
            82.61028849957033,
            125.2891930133823,
            66.449464086532,
            114.51715483319978,
            42.53079331646136,
            55.93869705563538,
            81.92829764560415,
            35.717602021376514,
            88.61514926690097,
            0.0,
            101.46437271220734,
            94.9618507547634,
            43.626993972847146,
            79.3731749205188,
            101.67464245919237,
            104.93606942209016,
            82.61028849957033
        ],
        [
            102.24048943328528,
            58.68901490383304,
            39.119399718887045,
            44.55244642569348,
            74.90788856085541,
            92.9984350807007,
            39.5618424165851,
            87.51511548331855,
            105.1085698901847,
            101.46437271220734,
            0.0,
            36.28150510381772,
            69.31264609655003,
            73.15077185866423,
            74.75853651820087,
            80.62051112638761,
            102.24048943328528
        ],
        [
            69.77130951364802,
            32.80164542939864,
            30.98464933001348,
            19.84019349194932,
            56.99829962182262,
            67.28006305122862,
            13.091294289948296,
            69.51514955169175,
            71.66440471214683,
            94.9618507547634,
            36.28150510381772,
            0.0,
            53.1879788656,
            40.379882325655785,
            38.484200235772526,
            44.33906167169206,
            69.77130951364802
        ],
        [
            51.92856620292911,
            82.00938644650293,
            30.20146148723226,
            72.0766139218236,
            5.996412109764323,
            29.70423331651345,
            40.1668944356544,
            18.203720020802002,
            57.4411839217845,
            43.626993972847146,
            69.31264609655003,
            53.1879788656,
            0.0,
            37.92589675013425,
            59.15717942427974,
            63.07667316843945,
            51.92856620292911
        ],
        [
            29.471197502349504,
            55.71391219105778,
            43.84653228789277,
            51.69301258296586,
            37.125595915247345,
            32.45192137507753,
            33.59870258998765,
            44.96453901968542,
            31.959444277045577,
            79.3731749205188,
            73.15077185866423,
            40.379882325655785,
            37.92589675013425,
            0.0,
            22.6542303493492,
            25.565277089980814,
            29.471197502349504
        ],
        [
            41.74827074259227,
            38.78365741525453,
            56.30110258610713,
            40.307266524148986,
            59.18724802707977,
            53.993333480558405,
            39.27486283204649,
            67.60690123933452,
            40.89614160139286,
            101.67464245919237,
            74.75853651820087,
            38.484200235772526,
            59.15717942427974,
            22.6542303493492,
            0.0,
            5.947737939901573,
            41.74827074259227
        ],
        [
            40.117228858268426,
            41.979817952950924,
            61.900207429008304,
            45.02961193981988,
            62.64875177786372,
            55.24643726619403,
            45.16636707235004,
            70.2768856416407,
            38.45030951456611,
            104.93606942209016,
            80.62051112638761,
            44.33906167169206,
            63.07667316843945,
            25.565277089980814,
            5.947737939901573,
            0.0,
            40.117228858268426
        ],
        [
            0.0,
            80.28469227496976,
            69.60448006206019,
            79.22782960218622,
            47.78407611201624,
            26.72670737269465,
            62.729211596947785,
            47.7007479343485,
            6.010692186564205,
            82.61028849957033,
            102.24048943328528,
            69.77130951364802,
            51.92856620292911,
            29.471197502349504,
            41.74827074259227,
            40.117228858268426,
            0.0
        ]
    ],
    "scores_ave": [
        0,
        10.749606555988743,
        14.136727643085187,
        17.988085613978104,
        16.562873360165767,
        11.071590211207333,
        17.952180040897865,
        13.739157256976487,
        17.279067272184506,
        10.6094480256438,
        13.342188082211127,
        11.489699420375498,
        17.635045955756826,
        18.604515358169053,
        15.95567142032376,
        19.89742903150794,
        0
    ],
    "scores_var": [
        0,
        17.842653205325668,
        19.600047145054383,
        274.03075290328945,
        17.70165968514134,
        278.5606259961171,
        19.094131611760087,
        343.3117283278945,
        22.66310655648256,
        324.2800371198819,
        283.9865155823208,
        225.3559875692894,
        19.552438420221783,
        249.88607742335373,
        264.0839572464259,
        24.56956938600255,
        0
    ],
    "vertex_number": 17,
    "minimum_distances": {
        "cost": 398.8590667356325,
        "path": [
            0,
            5,
            7,
            9,
            4,
            12,
            2,
            6,
            11,
            10,
            3,
            1,
            14,
            15,
            13,
            8,
            16
        ]
    }
}