{
    "vertices": [
        [
            81.43106928657238,
            20.688702849658558
        ],
        [
            64.9989693873881,
            16.146848908389234
        ],
        [
            65.66565713594379,
            84.23224678949593
        ],
        [
            90.46577846439327,
            51.03249491236501
        ],
        [
            96.18046987569294,
            1.835376633933794
        ],
        [
            44.80297042240904,
            58.39308264586119
        ],
        [
            27.97679594782275,
            50.351966162155485
        ],
        [
            9.248434287883022,
            18.800425240218075
        ],
        [
            22.34517592842973,
            51.13797942563026
        ],
        [
            27.56245956247686,
            96.75433531399533
        ],
        [
            93.74261696174713,
            1.0044280353832091
        ],
        [
            45.08876655014129,
            42.65131584135536
        ],
        [
            28.339246214320934,
            91.92371957119566
        ],
        [
            18.628400300386595,
            33.101619794682804
        ],
        [
            0.03351389747578981,
            72.44243126208278
        ],
        [
            44.81655479216793,
            41.522328318092896
        ],
        [
            79.79086159815701,
            76.62647218098746
        ],
        [
            95.57410046122217,
            21.117705282394393
        ],
        [
            81.43106928657238,
            20.688702849658558
        ]
    ],
    "distances": [
        [
            0.0,
            17.04823581255831,
            65.47007099975707,
            31.660254052558834,
            23.93726649254013,
            52.56650913099725,
            61.13320315933303,
            72.20732918259979,
            66.47030342889842,
            93.2084092547796,
            23.217340095756352,
            42.4631527045444,
            88.84351008629118,
            64.01762053429111,
            96.45729846884586,
            42.12674473324458,
            55.96181125576707,
            14.149536172412477,
            0.0
        ],
        [
            17.04823581255831,
            0.0,
            68.08866188421302,
            43.192206029321355,
            34.30895235014706,
            46.82544862779799,
            50.40467609788953,
            55.81365093980136,
            55.16996747610131,
            88.87665122235788,
            32.488308447412344,
            33.14970504274519,
            84.17879442337964,
            49.37300814472507,
            85.96338173637233,
            32.42290570207505,
            62.262226962825636,
            30.976572652136994,
            17.04823581255831
        ],
        [
            65.47007099975707,
            68.08866188421302,
            0.0,
            41.43995104496231,
            87.86579543812555,
            33.210150564982364,
            50.67863132568595,
            86.39575397636328,
            54.51508620924673,
            40.10805862090629,
            87.83612860108995,
            46.393773770777926,
            38.11062457952472,
            69.47549602195643,
            66.68266623527596,
            47.527068123072084,
            16.042730705673534,
            69.842396377795,
            65.47007099975707
        ],
        [
            31.660254052558834,
            43.192206029321355,
            41.43995104496231,
            0.0,
            49.52791278489669,
            46.25224632449319,
            62.49268801496794,
            87.37942155013305,
            68.12068420711334,
            77.76447915718556,
            50.13526848422679,
            46.14452700902347,
            74.37605974719445,
            74.04137481141487,
            92.93212495794943,
            46.62933508562681,
            27.730948821268594,
            30.347810336640165,
            31.660254052558834
        ],
        [
            23.93726649254013,
            34.30895235014706,
            87.86579543812555,
            49.52791278489669,
            0.0,
            76.40956458064524,
            83.69946592845852,
            88.57195767088947,
            88.78286588252578,
            117.1240370558147,
            2.5755780717088017,
            65.3934480058218,
            112.77562307987485,
            83.61759059432555,
            119.28785900979044,
            64.90998310497659,
            76.5658359362685,
            19.29186051095254,
            23.93726649254013
        ],
        [
            52.56650913099725,
            46.82544862779799,
            33.210150564982364,
            46.25224632449319,
            76.40956458064524,
            0.0,
            18.648852558635955,
            53.213753487063315,
            23.600615590912298,
            42.05735275763167,
            75.4224547558357,
            15.74436094460707,
            37.354488718473846,
            36.39733801015133,
            46.92215291392772,
            16.870759796850123,
            39.45388476266481,
            62.98540627007916,
            52.56650913099725
        ],
        [
            61.13320315933303,
            50.40467609788953,
            50.67863132568595,
            62.49268801496794,
            83.69946592845852,
            18.648852558635955,
            0.0,
            36.691296856532496,
            5.686207953740923,
            46.4042189627607,
            82.22118177701401,
            18.76484887383463,
            41.57333342056815,
            19.620574685232366,
            35.620438796796826,
            19.01420475310508,
            58.095155269185625,
            73.64806573606113,
            61.13320315933303
        ],
        [
            72.20732918259979,
            55.81365093980136,
            86.39575397636328,
            87.37942155013305,
            88.57195767088947,
            53.213753487063315,
            36.691296856532496,
            0.0,
            34.888996149125575,
            80.07631121342324,
            86.34792656595067,
            43.051067340270315,
            75.57430299926955,
            17.102863154465506,
            54.42774630509068,
            42.20635112974906,
            91.21450408581605,
            86.3567624860072,
            72.20732918259979
        ],
        [
            66.47030342889842,
            55.16996747610131,
            54.51508620924673,
            68.12068420711334,
            88.78286588252578,
            23.600615590912298,
            5.686207953740923,
            34.888996149125575,
            0.0,
            45.913744925153665,
            87.24085947023092,
            24.27538615883718,
            41.22384598522788,
            18.415338438543195,
            30.84947212895606,
            24.442250597265883,
            62.846400573183246,
            79.14349150665801,
            66.47030342889842
        ],
        [
            93.2084092547796,
            88.87665122235788,
            40.10805862090629,
            77.76447915718556,
            117.1240370558147,
            42.05735275763167,
            46.4042189627607,
            80.07631121342324,
            45.913744925153665,
            0.0,
            116.3952661290613,
            56.870978123140404,
            4.892672680352436,
            64.27663345167565,
            36.72753092784734,
            57.86431023515845,
            55.97264379589136,
            101.71766365915587,
            93.2084092547796
        ],
        [
            23.217340095756352,
            32.488308447412344,
            87.83612860108995,
            50.13526848422679,
            2.5755780717088017,
            75.4224547558357,
            82.22118177701401,
            86.34792656595067,
            87.24085947023092,
            116.3952661290613,
            0.0,
            64.04420679341848,
            111.99963606413792,
            81.68460848582835,
            117.83371462416079,
            63.52526900959283,
            76.89827721402595,
            20.196491116626845,
            23.217340095756352
        ],
        [
            42.4631527045444,
            33.14970504274519,
            46.393773770777926,
            46.14452700902347,
            65.3934480058218,
            15.74436094460707,
            18.76484887383463,
            43.051067340270315,
            24.27538615883718,
            56.870978123140404,
            64.04420679341848,
            0.0,
            52.04148538230284,
            28.130902521159726,
            54.013760743042354,
            1.1613406342935158,
            48.564870524114035,
            54.885930107982404,
            42.4631527045444
        ],
        [
            88.84351008629118,
            84.17879442337964,
            38.11062457952472,
            74.37605974719445,
            112.77562307987485,
            37.354488718473846,
            41.57333342056815,
            75.57430299926955,
            41.22384598522788,
            4.892672680352436,
            111.99963606413792,
            52.04148538230284,
            0.0,
            59.618285370196695,
            34.3618258562561,
            53.02642679096843,
            53.67750463018403,
            97.64229250211191,
            88.84351008629118
        ],
        [
            64.01762053429111,
            49.37300814472507,
            69.47549602195643,
            74.04137481141487,
            83.61759059432555,
            36.39733801015133,
            19.620574685232366,
            17.102863154465506,
            18.415338438543195,
            64.27663345167565,
            81.68460848582835,
            28.130902521159726,
            59.618285370196695,
            0.0,
            43.514012079451675,
            27.508685314308245,
            75.06836515637512,
            77.87332650066419,
            64.01762053429111
        ],
        [
            96.45729846884586,
            85.96338173637233,
            66.68266623527596,
            92.93212495794943,
            119.28785900979044,
            46.92215291392772,
            35.620438796796826,
            54.42774630509068,
            30.84947212895606,
            36.72753092784734,
            117.83371462416079,
            54.013760743042354,
            34.3618258562561,
            43.514012079451675,
            0.0,
            54.42034103019385,
            79.86701891681214,
            108.4538204851946,
            96.45729846884586
        ],
        [
            42.12674473324458,
            32.42290570207505,
            47.527068123072084,
            46.62933508562681,
            64.90998310497659,
            16.870759796850123,
            19.01420475310508,
            42.20635112974906,
            24.442250597265883,
            57.86431023515845,
            63.52526900959283,
            1.1613406342935158,
            53.02642679096843,
            27.508685314308245,
            54.42034103019385,
            0.0,
            49.553032731672964,
            54.70536613144167,
            42.12674473324458
        ],
        [
            55.96181125576707,
            62.262226962825636,
            16.042730705673534,
            27.730948821268594,
            76.5658359362685,
            39.45388476266481,
            58.095155269185625,
            91.21450408581605,
            62.846400573183246,
            55.97264379589136,
            76.89827721402595,
            48.564870524114035,
            53.67750463018403,
            75.06836515637512,
            79.86701891681214,
            49.553032731672964,
            0.0,
            57.70904462569894,
            55.96181125576707
        ],
        [
            14.149536172412477,
            30.976572652136994,
            69.842396377795,
            30.347810336640165,
            19.29186051095254,
            62.98540627007916,
            73.64806573606113,
            86.3567624860072,
            79.14349150665801,
            101.71766365915587,
            20.196491116626845,
            54.885930107982404,
            97.64229250211191,
            77.87332650066419,
            108.4538204851946,
            54.70536613144167,
            57.70904462569894,
            0.0,
            14.149536172412477
        ],
        [
            0.0,
            17.04823581255831,
            65.47007099975707,
            31.660254052558834,
            23.93726649254013,
            52.56650913099725,
            61.13320315933303,
            72.20732918259979,
            66.47030342889842,
            93.2084092547796,
            23.217340095756352,
            42.4631527045444,
            88.84351008629118,
            64.01762053429111,
            96.45729846884586,
            42.12674473324458,
            55.96181125576707,
            14.149536172412477,
            0.0
        ]
    ],
    "scores_ave": [
        0,
        18.11374854027649,
        14.705132633012237,
        19.312128420636142,
        19.839827141011536,
        18.43266343070251,
        17.145235432435022,
        11.693461405585195,
        19.766106581524518,
        10.270125600703773,
        14.956990523627589,
        16.483946207441196,
        13.99821626433153,
        10.930805281935731,
        13.816303055759912,
        14.599000909491634,
        15.72622290595545,
        10.319934620791702,
        0
    ],
    "scores_var": [
        0,
        22.562062514588312,
        16.55210447404126,
        228.34420798373083,
        20.135938489717258,
        22.02796752977433,
        24.45692011238892,
        273.0575080932412,
        360.57302958158255,
        20.01176662922432,
        18.942480157364837,
        20.634838712263264,
        274.5310343248689,
        396.9960255229075,
        23.091923364462158,
        300.166325457333,
        16.109784898336958,
        23.314817427457317,
        0
    ],
    "vertex_number": 19,
    "minimum_distances": {
        "cost": 386.9113896309538,
        "path": [
            0,
            3,
            16,
            2,
            9,
            12,
            14,
            7,
            13,
            8,
            6,
            5,
            11,
            15,
            1,
            10,
            4,
            17,
            18
        ]
    }
}