{
    "vertices": [
        [
            6.957970956281967,
            55.937527485644964
        ],
        [
            27.50403465543062,
            44.038209120409846
        ],
        [
            72.45505628663372,
            28.13074685031306
        ],
        [
            93.35768295171303,
            69.53198798006463
        ],
        [
            48.86949621223046,
            65.68980496898205
        ],
        [
            95.97363419966152,
            71.4521736841771
        ],
        [
            45.12255976188007,
            65.1134067308703
        ],
        [
            58.75974591057995,
            55.33558013734328
        ],
        [
            67.75501060832481,
            66.84487632377518
        ],
        [
            38.14778249165281,
            58.62477035948734
        ],
        [
            21.971211826484794,
            66.06539173618722
        ],
        [
            62.40414983096741,
            3.332338645656452
        ],
        [
            26.220708331987385,
            43.01074452909896
        ],
        [
            72.72329795797208,
            13.038560068347149
        ],
        [
            45.38532914188485,
            34.817854991224365
        ],
        [
            68.6906904268852,
            14.462814052889893
        ],
        [
            7.008247486820574,
            31.918064243870603
        ],
        [
            86.66867153697108,
            48.4449456302802
        ],
        [
            6.957970956281967,
            55.937527485644964
        ]
    ],
    "distances": [
        [
            0.0,
            23.743093966176687,
            71.15535985484753,
            87.46267540515652,
            43.031184801164976,
            90.35758158187049,
            39.252166801634544,
            51.80527221264126,
            61.76771235142783,
            31.305360848822183,
            18.10997061577242,
            76.43026000671767,
            23.19816304820377,
            78.5200588455562,
            43.848630804122116,
            74.37123440931546,
            24.019515860076627,
            80.06206698508109,
            0.0
        ],
        [
            23.743093966176687,
            0.0,
            47.682719108325216,
            70.61611540204856,
            30.418325896160045,
            73.75372204065928,
            27.469553714003936,
            33.23477212137186,
            46.263215777608096,
            18.057052272794767,
            22.71142669330373,
            53.61889527371051,
            1.643961659784065,
            54.82481203775919,
            20.118539280446935,
            50.70546920240633,
            23.811241116104398,
            59.32852251650939,
            23.743093966176687
        ],
        [
            71.15535985484753,
            47.682719108325216,
            0.0,
            46.37868657674037,
            44.350439578259426,
            49.293706798870325,
            45.98676437972831,
            30.457584941547047,
            38.998387790602045,
            45.900702663705026,
            63.14788859569169,
            26.757835676028336,
            48.56983901262165,
            15.094570396536264,
            27.883463611599545,
            14.176841583403409,
            65.5563006515685,
            24.793013744937127,
            71.15535985484753
        ],
        [
            87.46267540515652,
            70.61611540204856,
            46.37868657674037,
            0.0,
            44.653791884427065,
            3.245044540514221,
            48.43708258549531,
            37.39726250862606,
            25.74329816041959,
            56.2769980101319,
            71.47059219868764,
            73.07882582975526,
            72.1855228925792,
            60.14387118640054,
            59.21501295467412,
            60.341316170939905,
            94.18615749640627,
            22.122527630633666,
            87.46267540515652
        ],
        [
            43.031184801164976,
            30.418325896160045,
            44.350439578259426,
            44.653791884427065,
            0.0,
            47.45529168331815,
            3.791011433887098,
            14.318764295840165,
            18.92080452411447,
            12.840165853266107,
            26.900906459005217,
            63.80940725977538,
            32.05163607181567,
            57.802746018781654,
            31.067937099254806,
            54.927992302763535,
            53.785635781821725,
            41.54711577043697,
            43.031184801164976
        ],
        [
            90.35758158187049,
            73.75372204065928,
            49.293706798870325,
            3.245044540514221,
            47.45529168331815,
            0.0,
            51.24462643014508,
            40.55389092486796,
            28.592270045533482,
            59.23150683387073,
            74.19822057740494,
            75.94222940140264,
            75.32851757126627,
            62.87072761636445,
            62.459986509088345,
            63.18343241778387,
            97.35392052816088,
            24.817632297986922,
            90.35758158187049
        ],
        [
            39.252166801634544,
            27.469553714003936,
            45.98676437972831,
            48.43708258549531,
            3.791011433887098,
            51.24462643014508,
            0.0,
            16.78030807069334,
            22.698586261436887,
            9.526275239006718,
            23.170912512805344,
            64.15258162432598,
            29.08277263060294,
            58.93717336193271,
            30.296691287278083,
            55.86536782008543,
            50.54336319468618,
            44.76513150980616,
            39.252166801634544
        ],
        [
            51.80527221264126,
            33.23477212137186,
            30.457584941547047,
            37.39726250862606,
            14.318764295840165,
            40.55389092486796,
            16.78030807069334,
            0.0,
            14.60748731608249,
            20.87275277246963,
            38.321339968786546,
            52.1307855837377,
            34.79497865082412,
            44.54232473162229,
            24.491877614311914,
            42.06193845248191,
            56.80314814977613,
            28.746981989929996,
            51.80527221264126
        ],
        [
            61.76771235142783,
            46.263215777608096,
            38.998387790602045,
            25.74329816041959,
            18.92080452411447,
            28.592270045533482,
            22.698586261436887,
            14.60748731608249,
            0.0,
            30.727155722858136,
            45.79043379482556,
            63.73754116196446,
            47.8869930564466,
            54.035206561720514,
            39.06574899250816,
            52.39041844148379,
            70.0717591602003,
            26.387194228436243,
            61.76771235142783
        ],
        [
            31.305360848822183,
            18.057052272794767,
            45.900702663705026,
            56.2769980101319,
            12.840165853266107,
            59.23150683387073,
            9.526275239006718,
            20.87275277246963,
            30.727155722858136,
            0.0,
            17.805737416815337,
            60.37900596505726,
            19.648228944161723,
            57.215110228590305,
            24.882751071091818,
            53.69494957596946,
            41.02339322707341,
            49.577268029465515,
            31.305360848822183
        ],
        [
            18.10997061577242,
            22.71142669330373,
            63.14788859569169,
            71.47059219868764,
            26.900906459005217,
            74.19822057740494,
            23.170912512805344,
            38.321339968786546,
            45.79043379482556,
            17.805737416815337,
            0.0,
            74.63416393136382,
            23.443015556740594,
            73.40040274703777,
            39.04650358594378,
            69.6098822312896,
            37.28176869057563,
            67.05401862648628,
            18.10997061577242
        ],
        [
            76.43026000671767,
            53.61889527371051,
            26.757835676028336,
            73.07882582975526,
            63.80940725977538,
            75.94222940140264,
            64.15258162432598,
            52.1307855837377,
            63.73754116196446,
            60.37900596505726,
            74.63416393136382,
            0.0,
            53.699323386438635,
            14.16670576998632,
            35.790752956513344,
            12.783116813013592,
            62.33658399767065,
            51.224157607229095,
            76.43026000671767
        ],
        [
            23.19816304820377,
            1.643961659784065,
            48.56983901262165,
            72.1855228925792,
            32.05163607181567,
            75.32851757126627,
            29.08277263060294,
            34.79497865082412,
            47.8869930564466,
            19.648228944161723,
            23.443015556740594,
            53.699323386438635,
            0.0,
            55.32470228814676,
            20.84241180302726,
            51.173076061688995,
            22.184819305943456,
            60.69173582324979,
            23.19816304820377
        ],
        [
            78.5200588455562,
            54.82481203775919,
            15.094570396536264,
            60.14387118640054,
            57.802746018781654,
            62.87072761636445,
            58.93717336193271,
            44.54232473162229,
            54.035206561720514,
            57.215110228590305,
            73.40040274703777,
            14.16670576998632,
            55.32470228814676,
            0.0,
            34.95285719833248,
            4.27673039976388,
            68.3732662401,
            38.053719697528976,
            78.5200588455562
        ],
        [
            43.848630804122116,
            20.118539280446935,
            27.883463611599545,
            59.21501295467412,
            31.067937099254806,
            62.459986509088345,
            30.296691287278083,
            24.491877614311914,
            39.06574899250816,
            24.882751071091818,
            39.04650358594378,
            35.790752956513344,
            20.84241180302726,
            34.95285719833248,
            0.0,
            30.94297264688164,
            38.486480518981075,
            43.4742677752595,
            43.848630804122116
        ],
        [
            74.37123440931546,
            50.70546920240633,
            14.176841583403409,
            60.341316170939905,
            54.927992302763535,
            63.18343241778387,
            55.86536782008543,
            42.06193845248191,
            52.39041844148379,
            53.69494957596946,
            69.6098822312896,
            12.783116813013592,
            51.173076061688995,
            4.27673039976388,
            30.94297264688164,
            0.0,
            64.10467632149826,
            38.44467546146894,
            74.37123440931546
        ],
        [
            24.019515860076627,
            23.811241116104398,
            65.5563006515685,
            94.18615749640627,
            53.785635781821725,
            97.35392052816088,
            50.54336319468618,
            56.80314814977613,
            70.0717591602003,
            41.02339322707341,
            37.28176869057563,
            62.33658399767065,
            22.184819305943456,
            68.3732662401,
            38.486480518981075,
            64.10467632149826,
            0.0,
            81.3567512146979,
            24.019515860076627
        ],
        [
            80.06206698508109,
            59.32852251650939,
            24.793013744937127,
            22.122527630633666,
            41.54711577043697,
            24.817632297986922,
            44.76513150980616,
            28.746981989929996,
            26.387194228436243,
            49.577268029465515,
            67.05401862648628,
            51.224157607229095,
            60.69173582324979,
            38.053719697528976,
            43.4742677752595,
            38.44467546146894,
            81.3567512146979,
            0.0,
            80.06206698508109
        ],
        [
            0.0,
            23.743093966176687,
            71.15535985484753,
            87.46267540515652,
            43.031184801164976,
            90.35758158187049,
            39.252166801634544,
            51.80527221264126,
            61.76771235142783,
            31.305360848822183,
            18.10997061577242,
            76.43026000671767,
            23.19816304820377,
            78.5200588455562,
            43.848630804122116,
            74.37123440931546,
            24.019515860076627,
            80.06206698508109,
            0.0
        ]
    ],
    "scores_ave": [
        0,
        10.66794193180313,
        19.6106313084467,
        13.927130867089758,
        19.250752839581985,
        13.134775489686948,
        15.834112408440042,
        14.840195914793535,
        15.516215537596391,
        17.893112723336962,
        19.730226837685503,
        11.591566778423271,
        17.638471249486894,
        13.850705382901683,
        13.200430637750562,
        10.505009989007934,
        18.39812219403526,
        14.567249483747478,
        0
    ],
    "scores_var": [
        0,
        23.769456315751054,
        270.8324291299066,
        370.4236209353571,
        23.024005162301915,
        342.646634792084,
        310.613695667612,
        269.39939583387917,
        264.7956242834382,
        290.86156081489327,
        21.759713327545633,
        23.560635445103692,
        302.5294886316243,
        335.74244413736056,
        21.93614781121908,
        21.329609717312934,
        328.25136492620516,
        17.161639534498846,
        0
    ],
    "vertex_number": 19,
    "minimum_distances": {
        "cost": 292.6702417333403,
        "path": [
            0,
            16,
            12,
            1,
            14,
            11,
            15,
            13,
            2,
            17,
            5,
            3,
            8,
            7,
            4,
            6,
            9,
            10,
            18
        ]
    }
}