{
    "vertices": [
        [
            18.99925381826052,
            91.79248955024548
        ],
        [
            27.61992834699125,
            5.71090949958224
        ],
        [
            30.343469102185328,
            69.65733889357949
        ],
        [
            25.732568066150296,
            90.16380563003943
        ],
        [
            85.37310509863164,
            93.35886091378241
        ],
        [
            26.160104435293906,
            92.74494434602441
        ],
        [
            59.14181978354881,
            19.032370753237004
        ],
        [
            53.856214743607154,
            94.3269741920982
        ],
        [
            38.37121752958925,
            83.76174926443974
        ],
        [
            74.48526354330474,
            59.016761508025304
        ],
        [
            95.65281218671565,
            26.160544729054646
        ],
        [
            28.725808114782826,
            86.83183072154912
        ],
        [
            26.002729002648582,
            0.8711787089801692
        ],
        [
            87.8150029227675,
            59.9268132645206
        ],
        [
            29.957735867702308,
            3.211394481531493
        ],
        [
            17.288545298468648,
            39.185232830216755
        ],
        [
            43.172580280061354,
            94.35844132752771
        ],
        [
            13.580014738940015,
            40.12812922138944
        ],
        [
            18.99925381826052,
            91.79248955024548
        ]
    ],
    "distances": [
        [
            0.0,
            86.512163615003,
            24.872798696594916,
            6.927491037365057,
            66.39233128183805,
            7.223915260955773,
            83.09910041409779,
            34.94898192152283,
            20.9705929236896,
            64.44335205360814,
            100.91243824008018,
            10.918516130771598,
            91.19064332349195,
            75.83553685417584,
            89.25636522064117,
            52.63506419913151,
            24.309130398929085,
            51.9478034221728,
            0.0
        ],
        [
            86.512163615003,
            0.0,
            64.00440224302292,
            84.47398293943223,
            104.96472174979652,
            87.04627681586888,
            34.221206432134245,
            92.41834041722144,
            78.78784047736877,
            70.97797898932355,
            71.03985405790128,
            81.12845881662838,
            5.10277648391972,
            81.01117962498955,
            3.422414254492638,
            35.0323821362345,
            90.00149932827694,
            37.17074370389563,
            86.512163615003
        ],
        [
            24.872798696594916,
            64.00440224302292,
            0.0,
            21.018458230271005,
            59.91680051517724,
            23.46354758905737,
            58.24287425237083,
            34.0799077663089,
            16.228959816430514,
            45.406165920280124,
            78.46834646355134,
            17.250507140926604,
            68.92298497274392,
            58.289452980003965,
            66.44706403549488,
            33.150871533908074,
            27.83398201958725,
            33.95567148581767,
            24.872798696594916
        ],
        [
            6.927491037365057,
            84.47398293943223,
            21.018458230271005,
            0.0,
            59.72605826428656,
            2.6163074012999843,
            78.58663453761893,
            28.430115633154653,
            14.16763162875155,
            57.85294870468445,
            94.79060050363107,
            4.479011361846124,
            89.29303561529917,
            69.0543584796685,
            87.05500472397,
            51.67316910358747,
            17.937363090934237,
            51.490324004047814,
            6.927491037365057
        ],
        [
            66.39233128183805,
            104.96472174979652,
            59.91680051517724,
            59.72605826428656,
            0.0,
            59.21618310148504,
            78.81946123177278,
            31.531755754640223,
            47.971679010254064,
            36.02672459895301,
            67.98004174667332,
            57.02208676211957,
            109.90365288467426,
            33.52110790242518,
            105.81790420885321,
            87.00740924150348,
            42.21236141186975,
            89.37426150689234,
            66.39233128183805
        ],
        [
            7.223915260955773,
            87.04627681586888,
            23.46354758905737,
            2.6163074012999843,
            59.21618310148504,
            0.0,
            80.7547958513017,
            27.741257084784813,
            15.159455032272046,
            58.93141200046084,
            96.24301898307657,
            6.445754269819649,
            91.87390042529668,
            69.8452305829356,
            89.61405333893816,
            54.28947650488746,
            17.08881818260456,
            54.099795661613406,
            7.223915260955773
        ],
        [
            83.09910041409779,
            34.221206432134245,
            58.24287425237083,
            78.58663453761893,
            78.81946123177278,
            80.7547958513017,
            0.0,
            75.47989750690992,
            67.98022036179896,
            42.827243320582674,
            37.20031492465663,
            74.30949157294286,
            37.78926083232013,
            49.94503838865132,
            33.19659687674385,
            46.45249654235207,
            77.0002176521779,
            50.20865567080605,
            83.09910041409779
        ],
        [
            34.94898192152283,
            92.41834041722144,
            34.0799077663089,
            28.430115633154653,
            31.531755754640223,
            27.741257084784813,
            75.47989750690992,
            0.0,
            18.74590932684136,
            40.89460568552737,
            79.96010044741912,
            26.224311487132933,
            97.51821561792529,
            48.33808401705966,
            94.19759104443546,
            66.16499141592587,
            10.683680804445428,
            67.5254550741783,
            34.94898192152283
        ],
        [
            20.9705929236896,
            78.78784047736877,
            16.228959816430514,
            14.16763162875155,
            47.971679010254064,
            15.159455032272046,
            67.98022036179896,
            18.74590932684136,
            0.0,
            43.77829072206748,
            81.23472071959502,
            10.122219269138725,
            83.80827044779463,
            54.88890678567855,
            80.98855678012356,
            49.31069747849259,
            11.633699624003217,
            50.18462447670975,
            20.9705929236896
        ],
        [
            64.44335205360814,
            70.97797898932355,
            45.406165920280124,
            57.85294870468445,
            36.02672459895301,
            58.93141200046084,
            42.827243320582674,
            40.89460568552737,
            43.77829072206748,
            0.0,
            39.08447385596844,
            53.55003115282012,
            75.70643932009041,
            13.360768919635596,
            71.39285475356216,
            60.53721258596161,
            47.21777700833052,
            63.76699586448552,
            64.44335205360814
        ],
        [
            100.91243824008018,
            71.03985405790128,
            78.46834646355134,
            94.79060050363107,
            67.98004174667332,
            96.24301898307657,
            37.20031492465663,
            79.96010044741912,
            81.23472071959502,
            39.08447385596844,
            0.0,
            90.33398484528162,
            74.0991641062486,
            34.663989165519155,
            69.58812075091825,
            79.43929018480061,
            86.05305248178149,
            83.25285278868297,
            100.91243824008018
        ],
        [
            10.918516130771598,
            81.12845881662838,
            17.250507140926604,
            4.479011361846124,
            57.02208676211957,
            6.445754269819649,
            74.30949157294286,
            26.224311487132933,
            10.122219269138725,
            53.55003115282012,
            90.33398484528162,
            0.0,
            86.0037723258516,
            64.92621125107313,
            83.62951035943752,
            49.00009460549808,
            16.289846322464058,
            49.09817502514469,
            10.918516130771598
        ],
        [
            91.19064332349195,
            5.10277648391972,
            68.92298497274392,
            89.29303561529917,
            109.90365288467426,
            91.87390042529668,
            37.78926083232013,
            97.51821561792529,
            83.80827044779463,
            75.70643932009041,
            74.0991641062486,
            86.0037723258516,
            0.0,
            85.48874300124757,
            4.5955074980593915,
            39.29254052406438,
            95.05089197265721,
            41.17562377440686,
            91.19064332349195
        ],
        [
            75.83553685417584,
            81.01117962498955,
            58.289452980003965,
            69.0543584796685,
            33.52110790242518,
            69.8452305829356,
            49.94503838865132,
            48.33808401705966,
            54.88890678567855,
            13.360768919635596,
            34.663989165519155,
            64.92621125107313,
            85.48874300124757,
            0.0,
            81.01914637177416,
            73.51322591170053,
            56.37803570965613,
            76.82982077613316,
            75.83553685417584
        ],
        [
            89.25636522064117,
            3.422414254492638,
            66.44706403549488,
            87.05500472397,
            105.81790420885321,
            89.61405333893816,
            33.19659687674385,
            94.19759104443546,
            80.98855678012356,
            71.39285475356216,
            69.58812075091825,
            83.62951035943752,
            4.5955074980593915,
            81.01914637177416,
            0.0,
            38.13955211085859,
            92.10003399341981,
            40.386570208728315,
            89.25636522064117
        ],
        [
            52.63506419913151,
            35.0323821362345,
            33.150871533908074,
            51.67316910358747,
            87.00740924150348,
            54.28947650488746,
            46.45249654235207,
            66.16499141592587,
            49.31069747849259,
            60.53721258596161,
            79.43929018480061,
            49.00009460549808,
            39.29254052406438,
            73.51322591170053,
            38.13955211085859,
            0.0,
            60.94313909552134,
            3.826519634791416,
            52.63506419913151
        ],
        [
            24.309130398929085,
            90.00149932827694,
            27.83398201958725,
            17.937363090934237,
            42.21236141186975,
            17.08881818260456,
            77.0002176521779,
            10.683680804445428,
            11.633699624003217,
            47.21777700833052,
            86.05305248178149,
            16.289846322464058,
            95.05089197265721,
            56.37803570965613,
            92.10003399341981,
            60.94313909552134,
            0.0,
            61.77901493577515,
            24.309130398929085
        ],
        [
            51.9478034221728,
            37.17074370389563,
            33.95567148581767,
            51.490324004047814,
            89.37426150689234,
            54.099795661613406,
            50.20865567080605,
            67.5254550741783,
            50.18462447670975,
            63.76699586448552,
            83.25285278868297,
            49.09817502514469,
            41.17562377440686,
            76.82982077613316,
            40.386570208728315,
            3.826519634791416,
            61.77901493577515,
            0.0,
            51.9478034221728
        ],
        [
            0.0,
            86.512163615003,
            24.872798696594916,
            6.927491037365057,
            66.39233128183805,
            7.223915260955773,
            83.09910041409779,
            34.94898192152283,
            20.9705929236896,
            64.44335205360814,
            100.91243824008018,
            10.918516130771598,
            91.19064332349195,
            75.83553685417584,
            89.25636522064117,
            52.63506419913151,
            24.309130398929085,
            51.9478034221728,
            0.0
        ]
    ],
    "scores_ave": [
        0,
        13.13178180841853,
        17.57870911705171,
        15.5231313393895,
        10.98393703059617,
        19.81498621217928,
        17.562121663150247,
        14.41465859025849,
        19.796143879859205,
        15.540373625992173,
        14.410714961729138,
        10.144480019353477,
        11.377584568058834,
        12.804220620962884,
        15.825902309449898,
        16.347353504354256,
        14.38582392304705,
        14.767216181077202,
        0
    ],
    "scores_var": [
        0,
        16.029319329363812,
        357.8153494137614,
        16.347675400150138,
        17.584810200607212,
        24.199086556151457,
        386.537217814101,
        380.1740628331578,
        285.6904354218056,
        22.61052250056379,
        309.3403420966905,
        321.04170093680693,
        16.76616145035603,
        382.5272223734587,
        260.5195948511829,
        22.949944760773594,
        22.016750742534416,
        330.80452887281285,
        0
    ],
    "vertex_number": 19,
    "minimum_distances": {
        "cost": 341.8507677407854,
        "path": [
            0,
            5,
            8,
            16,
            7,
            4,
            9,
            13,
            10,
            6,
            14,
            12,
            1,
            15,
            17,
            2,
            11,
            3,
            18
        ]
    }
}