{
    "vertices": [
        [
            0.2455092987622698,
            69.45074200760027
        ],
        [
            67.65118346316966,
            20.32778838087116
        ],
        [
            76.45325409795046,
            54.843884753481156
        ],
        [
            91.86303867590435,
            69.93468427883477
        ],
        [
            8.279275128591213,
            79.21365180747594
        ],
        [
            25.665238422411964,
            38.21361592608184
        ],
        [
            75.05589125540703,
            54.13918665072593
        ],
        [
            38.766233390731166,
            49.68229293659473
        ],
        [
            63.138476088114615,
            98.92820225751066
        ],
        [
            55.20308635053458,
            85.51965373184186
        ],
        [
            18.495914599037544,
            71.10679195071195
        ],
        [
            61.83688741341447,
            75.7383465437458
        ],
        [
            12.960947464760498,
            15.872171788538658
        ],
        [
            13.887472566444325,
            55.035368675508764
        ],
        [
            6.816257424841532,
            55.6723225580227
        ],
        [
            52.084829702520516,
            46.71893788687947
        ],
        [
            6.310771133663606,
            5.209680570212816
        ],
        [
            92.4749789402594,
            47.87519756462019
        ],
        [
            91.43955145335163,
            98.2306026147489
        ],
        [
            30.664306633143767,
            39.825295228614735
        ],
        [
            0.2455092987622698,
            69.45074200760027
        ]
    ],
    "distances": [
        [
            0.0,
            83.40617172950715,
            77.59497822810705,
            91.61880750857533,
            12.643409396560548,
            40.27307629859436,
            76.36122691487944,
            43.29708723739431,
            69.45823158094096,
            57.258581884316335,
            18.325386627255536,
            61.91148382057254,
            55.066737278253925,
            19.84706905566566,
            15.26497865916856,
            56.604328973200666,
            64.526749303898,
            94.71947628847433,
            95.62757814072218,
            42.4613980943242,
            0.0
        ],
        [
            83.40617172950715,
            0.0,
            35.62074334236964,
            55.20016352760041,
            83.62157861931534,
            45.63685361571877,
            34.612719489389434,
            41.182851751660664,
            78.72985195865607,
            66.36968004793069,
            70.6735287123193,
            55.714773574658935,
            54.871435490422144,
            63.99338043341186,
            70.35711991183754,
            30.639910927581997,
            63.175971449028836,
            37.082078887587755,
            81.45388214931428,
            41.81126440227937,
            83.40617172950715
        ],
        [
            77.59497822810705,
            35.62074334236964,
            0.0,
            21.568349289024372,
            72.3987358645205,
            53.44144812343986,
            1.5649991468840698,
            38.03884277775186,
            46.051171138715794,
            37.317186813947686,
            60.19580842797937,
            25.499347218343512,
            74.49877457398132,
            62.56607455115392,
            69.6419242615149,
            25.687251100514548,
            85.92742368593187,
            17.471641824936043,
            45.90203040386943,
            48.18906246495417,
            77.59497822810705
        ],
        [
            91.61880750857533,
            55.20016352760041,
            21.568349289024372,
            0.0,
            84.09723400404279,
            73.4055511241575,
            23.064647184249782,
            56.82807480964698,
            40.813289265135836,
            39.835202740158714,
            73.37648623165899,
            30.581894240270252,
            95.64672108470361,
            79.38626150372798,
            86.23438967732893,
            46.05732069569157,
            107.277754388784,
            22.067972833537485,
            28.29908719199945,
            68.20454612867914,
            91.61880750857533
        ],
        [
            12.643409396560548,
            83.62157861931534,
            72.3987358645205,
            84.09723400404279,
            0.0,
            44.533971998123924,
            71.32913334847964,
            42.44473796406615,
            58.294042829129104,
            47.34564098058748,
            13.042273529039841,
            53.670248558466376,
            63.514259397813056,
            24.82017835776993,
            23.58674635537186,
            54.54203007141285,
            74.03014768905783,
            89.8388293260421,
            85.3069515128559,
            45.30488129819268,
            12.643409396560548
        ],
        [
            40.27307629859436,
            45.63685361571877,
            53.44144812343986,
            73.4055511241575,
            44.533971998123924,
            0.0,
            51.89470483753699,
            17.41168060617331,
            71.34777175600341,
            55.77047312964893,
            33.66541597948412,
            52.11999231251421,
            25.700955913888254,
            20.535022135874343,
            25.69222687714996,
            27.754914971312996,
            38.26036007417614,
            67.504722707528,
            89.04099587201212,
            5.252446396657673,
            40.27307629859436
        ],
        [
            76.36122691487944,
            34.612719489389434,
            1.5649991468840698,
            23.064647184249782,
            71.32913334847964,
            51.89470483753699,
            0.0,
            36.56231898436276,
            46.347391547900706,
            37.13310621022604,
            59.050237840208354,
            25.323225913355753,
            72.93933418140321,
            61.17498334392733,
            68.25685409568699,
            24.139796200131144,
            84.38002195920491,
            18.51113651409409,
            47.036977828026046,
            46.64225844574369,
            76.36122691487944
        ],
        [
            43.29708723739431,
            41.182851751660664,
            38.03884277775186,
            56.82807480964698,
            42.44473796406615,
            17.41168060617331,
            36.56231898436276,
            0.0,
            54.94693621071184,
            39.42697761673997,
            29.49398213064485,
            34.80191096208776,
            42.53277646436132,
            25.448146494757133,
            32.5066365391209,
            13.644283816568818,
            55.05606488853341,
            53.739137899554926,
            71.63390823019456,
            12.759373848290265,
            43.29708723739431
        ],
        [
            69.45823158094096,
            78.72985195865607,
            46.051171138715794,
            40.813289265135836,
            58.294042829129104,
            71.34777175600341,
            46.347391547900706,
            54.94693621071184,
            0.0,
            15.580744008310566,
            52.60217835570379,
            23.226354451427376,
            97.03653217222022,
            65.97152558300355,
            71.01593795571613,
            53.36656616778165,
            109.60177625222437,
            58.881573414491875,
            28.309671705804124,
            67.43682451788843,
            69.45823158094096
        ],
        [
            57.258581884316335,
            66.36968004793069,
            37.317186813947686,
            39.835202740158714,
            47.34564098058748,
            55.77047312964893,
            37.13310621022604,
            39.42697761673997,
            15.580744008310566,
            0.0,
            39.43535270180625,
            11.81868380361222,
            81.45655307394104,
            51.344635335659774,
            56.851986699533406,
            38.92581501528772,
            94.02207334709999,
            52.97451328087741,
            38.40116696991842,
            51.86642564357096,
            57.258581884316335
        ],
        [
            18.325386627255536,
            70.6735287123193,
            60.19580842797937,
            73.37648623165899,
            13.042273529039841,
            33.66541597948412,
            59.050237840208354,
            29.49398213064485,
            52.60217835570379,
            39.43535270180625,
            0.0,
            43.58774165341458,
            55.511252243460405,
            16.719102369999256,
            19.35554796797574,
            41.50882609358854,
            67.0142299035485,
            77.54101455695904,
            77.82335936254982,
            33.56488942139209,
            18.325386627255536
        ],
        [
            61.91148382057254,
            55.714773574658935,
            25.499347218343512,
            30.581894240270252,
            53.670248558466376,
            52.11999231251421,
            25.323225913355753,
            34.80191096208776,
            23.226354451427376,
            11.81868380361222,
            43.58774165341458,
            0.0,
            77.28399825116084,
            52.22795876520118,
            58.56547654493274,
            30.614191290818297,
            89.76325703270021,
            41.41313467295462,
            37.17821003524731,
            47.554989719962514,
            61.91148382057254
        ],
        [
            55.066737278253925,
            54.871435490422144,
            74.49877457398132,
            95.64672108470361,
            63.514259397813056,
            25.700955913888254,
            72.93933418140321,
            42.53277646436132,
            97.03653217222022,
            81.45655307394104,
            55.511252243460405,
            77.28399825116084,
            0.0,
            39.17415524515666,
            40.27169250181001,
            49.82169346860724,
            12.56636638872021,
            85.71274619513233,
            113.76204293240242,
            29.785248838650013,
            55.066737278253925
        ],
        [
            19.84706905566566,
            63.99338043341186,
            62.56607455115392,
            79.38626150372798,
            24.82017835776993,
            20.535022135874343,
            61.17498334392733,
            25.448146494757133,
            65.97152558300355,
            51.344635335659774,
            16.719102369999256,
            52.22795876520118,
            39.17415524515666,
            0.0,
            7.099844634024198,
            39.09221294891109,
            50.398468228386974,
            78.91301672342547,
            88.77022684857111,
            22.645275347442297,
            19.84706905566566
        ],
        [
            15.26497865916856,
            70.35711991183754,
            69.6419242615149,
            86.23438967732893,
            23.58674635537186,
            25.69222687714996,
            68.25685409568699,
            32.5066365391209,
            71.01593795571613,
            56.851986699533406,
            19.35554796797574,
            58.56547654493274,
            40.27169250181001,
            7.099844634024198,
            0.0,
            46.14549526366478,
            50.46517366244212,
            86.01285793309425,
            94.72227348212463,
            28.633157810842444,
            15.26497865916856
        ],
        [
            56.604328973200666,
            30.639910927581997,
            25.687251100514548,
            46.05732069569157,
            54.54203007141285,
            27.754914971312996,
            24.139796200131144,
            13.644283816568818,
            53.36656616778165,
            38.92581501528772,
            41.50882609358854,
            30.614191290818297,
            49.82169346860724,
            39.09221294891109,
            46.14549526366478,
            0.0,
            61.792255832315966,
            40.40669612686972,
            64.82473082953578,
            22.50246914597482,
            56.604328973200666
        ],
        [
            64.526749303898,
            63.175971449028836,
            85.92742368593187,
            107.277754388784,
            74.03014768905783,
            38.26036007417614,
            84.38002195920491,
            55.05606488853341,
            109.60177625222437,
            94.02207334709999,
            67.0142299035485,
            89.76325703270021,
            12.56636638872021,
            50.398468228386974,
            50.46517366244212,
            61.792255832315966,
            0.0,
            96.14893159748728,
            126.09441374118586,
            42.32417122051429,
            64.526749303898
        ],
        [
            94.71947628847433,
            37.082078887587755,
            17.471641824936043,
            22.067972833537485,
            89.8388293260421,
            67.504722707528,
            18.51113651409409,
            53.739137899554926,
            58.881573414491875,
            52.97451328087741,
            77.54101455695904,
            41.41313467295462,
            85.71274619513233,
            78.91301672342547,
            86.01285793309425,
            40.40669612686972,
            96.14893159748728,
            0.0,
            50.3660493571133,
            62.33265708019239,
            94.71947628847433
        ],
        [
            95.62757814072218,
            81.45388214931428,
            45.90203040386943,
            28.29908719199945,
            85.3069515128559,
            89.04099587201212,
            47.036977828026046,
            71.63390823019456,
            28.309671705804124,
            38.40116696991842,
            77.82335936254982,
            37.17821003524731,
            113.76204293240242,
            88.77022684857111,
            94.72227348212463,
            64.82473082953578,
            126.09441374118586,
            50.3660493571133,
            0.0,
            84.29003685979157,
            95.62757814072218
        ],
        [
            42.4613980943242,
            41.81126440227937,
            48.18906246495417,
            68.20454612867914,
            45.30488129819268,
            5.252446396657673,
            46.64225844574369,
            12.759373848290265,
            67.43682451788843,
            51.86642564357096,
            33.56488942139209,
            47.554989719962514,
            29.785248838650013,
            22.645275347442297,
            28.633157810842444,
            22.50246914597482,
            42.32417122051429,
            62.33265708019239,
            84.29003685979157,
            0.0,
            42.4613980943242
        ],
        [
            0.0,
            83.40617172950715,
            77.59497822810705,
            91.61880750857533,
            12.643409396560548,
            40.27307629859436,
            76.36122691487944,
            43.29708723739431,
            69.45823158094096,
            57.258581884316335,
            18.325386627255536,
            61.91148382057254,
            55.066737278253925,
            19.84706905566566,
            15.26497865916856,
            56.604328973200666,
            64.526749303898,
            94.71947628847433,
            95.62757814072218,
            42.4613980943242,
            0.0
        ]
    ],
    "scores_ave": [
        0,
        19.71118523092506,
        13.443539623455282,
        19.739785781401295,
        17.70883746318679,
        11.10439531024339,
        15.012718583696824,
        14.47989415510687,
        14.434854078145284,
        19.062472063252272,
        10.773948416222773,
        15.334883962292817,
        16.185848920794342,
        13.371680715777465,
        11.27165924759925,
        18.037752897984475,
        16.799332882757632,
        12.20698940083977,
        16.922986778430545,
        18.386782770484963,
        0
    ],
    "scores_var": [
        0,
        22.371627299351385,
        16.573155645247894,
        359.8321356637652,
        302.0110494285294,
        23.651952278056058,
        317.268797520467,
        24.385338339827925,
        17.194106949021425,
        303.6085348123862,
        341.62594160269987,
        22.34712017205444,
        22.4587975825771,
        22.78628460424507,
        24.328785891275317,
        20.41294044150692,
        331.10086355338063,
        19.541261750814638,
        20.199756746738608,
        16.830621146305287,
        0
    ],
    "vertex_number": 21,
    "minimum_distances": {
        "cost": 410.8694989570357,
        "path": [
            0,
            4,
            10,
            7,
            15,
            11,
            9,
            8,
            18,
            3,
            17,
            2,
            6,
            1,
            16,
            12,
            5,
            19,
            13,
            14,
            20
        ]
    }
}