{
    "vertices": [
        [
            40.9892739018406,
            48.4637593699766
        ],
        [
            10.3234447046489,
            92.81041936120349
        ],
        [
            0.687144232777448,
            48.03000607506106
        ],
        [
            28.50745018718346,
            61.77517017070029
        ],
        [
            48.86393017009411,
            55.7403277302358
        ],
        [
            83.11700503837561,
            84.86370894082008
        ],
        [
            62.714984800536286,
            51.30972007209107
        ],
        [
            84.38436182433318,
            89.76457202205414
        ],
        [
            14.56505237226936,
            40.587577777915776
        ],
        [
            2.2437706705986105,
            45.88756380129935
        ],
        [
            80.67174676762495,
            53.91925360572224
        ],
        [
            28.59341721980899,
            44.31543941060067
        ],
        [
            97.85955201535317,
            54.75419152799144
        ],
        [
            80.1077325952458,
            66.83701821689839
        ],
        [
            11.732233105499134,
            57.201016428270044
        ],
        [
            68.61583452498905,
            68.4545795964228
        ],
        [
            74.65138741930255,
            31.207942584064863
        ],
        [
            40.9892739018406,
            48.4637593699766
        ]
    ],
    "distances": [
        [
            0.0,
            53.91678155017061,
            40.304463745134115,
            18.248002102953645,
            10.721877561540682,
            55.674967979084904,
            21.91132142002587,
            59.90735164838177,
            27.573061489703566,
            38.83105463736796,
            40.055724560915955,
            13.071565375532664,
            57.21711343158491,
            43.21840407978572,
            30.533818907262276,
            34.10072939382071,
            37.82725339502523,
            0.0
        ],
        [
            53.91678155017061,
            0.0,
            45.80549858763586,
            35.97005348488484,
            53.47486057429728,
            73.22603794119507,
            66.83697715414958,
            74.12352278880267,
            52.39481289821713,
            47.6133962912974,
            80.38287365455429,
            51.822340511733685,
            95.4507546329754,
            74.46116036834707,
            35.63725946251169,
            63.17602109672758,
            89.06710593130141,
            53.91678155017061
        ],
        [
            40.304463745134115,
            45.80549858763586,
            0.0,
            31.03061326195163,
            48.789873573071375,
            90.28512401959314,
            62.11448727472218,
            93.52538814328514,
            15.747573568214396,
            2.6482342727419423,
            80.20112143315038,
            28.1524080236744,
            97.40478173205146,
            81.61699309300644,
            14.35623276159128,
            70.93285676148054,
            75.85308886426797,
            40.304463745134115
        ],
        [
            18.248002102953645,
            35.97005348488484,
            31.03061326195163,
            0.0,
            21.232183132590805,
            59.28983136748399,
            35.77263018133013,
            62.49508676770045,
            25.363448665985896,
            30.69522597895164,
            52.752528496823324,
            17.4599423981257,
            69.70658626762749,
            51.84796476463264,
            17.387662022164516,
            40.66075508971225,
            55.34996247166671,
            18.248002102953645
        ],
        [
            10.721877561540682,
            53.47486057429728,
            48.789873573071375,
            21.232183132590805,
            0.0,
            44.96047676647915,
            14.542420658057738,
            49.18689118589223,
            37.49691786410784,
            47.64993419510411,
            31.859904388888733,
            23.268471552377733,
            49.00554483538576,
            33.155870215373675,
            37.160416283586166,
            23.49020915534295,
            35.592567655900034,
            10.721877561540682
        ],
        [
            55.674967979084904,
            73.22603794119507,
            90.28512401959314,
            59.28983136748399,
            44.96047676647915,
            0.0,
            39.269741516694445,
            5.062079825913036,
            81.60726686448197,
            89.77538597545751,
            31.040918220898998,
            67.94839063954544,
            33.525001569005504,
            18.27614015849366,
            76.55723493539118,
            21.898481045485127,
            54.31949875507932,
            55.674967979084904
        ],
        [
            21.91132142002587,
            66.83697715414958,
            62.11448727472218,
            35.77263018133013,
            14.542420658057738,
            39.269741516694445,
            0.0,
            44.13997665487642,
            49.329304963917885,
            60.713816524524795,
            18.145384140486737,
            34.83103983716016,
            35.312957796357054,
            23.31533108339038,
            51.32200642174993,
            18.13191207731945,
            23.378604869739494,
            21.91132142002587
        ],
        [
            59.90735164838177,
            74.12352278880267,
            93.52538814328514,
            62.49508676770045,
            49.18689118589223,
            5.062079825913036,
            44.13997665487642,
            0.0,
            85.39972327385532,
            93.12501578785992,
            36.03706928882425,
            71.9600802876051,
            37.51409725720729,
            23.32299897207468,
            79.61605968827833,
            26.509662962222396,
            59.36000035299,
            59.90735164838177
        ],
        [
            27.573061489703566,
            52.39481289821713,
            15.747573568214396,
            25.363448665985896,
            37.49691786410784,
            81.60726686448197,
            49.329304963917885,
            85.39972327385532,
            0.0,
            13.412823514084858,
            67.43759058758444,
            14.515232435208528,
            84.49063034405367,
            70.60365467998837,
            16.853225471323572,
            60.81165054225576,
            60.814021539066594,
            27.573061489703566
        ],
        [
            38.83105463736796,
            47.6133962912974,
            2.6482342727419423,
            30.69522597895164,
            47.64993419510411,
            89.77538597545751,
            60.713816524524795,
            93.12501578785992,
            13.412823514084858,
            0.0,
            78.8381600228608,
            26.39650447252712,
            96.02601069195607,
            80.63297220687187,
            14.76567403545224,
            70.10364514195132,
            73.88067570284312,
            38.83105463736796
        ],
        [
            40.055724560915955,
            80.38287365455429,
            80.20112143315038,
            52.752528496823324,
            31.859904388888733,
            31.040918220898998,
            18.145384140486737,
            36.03706928882425,
            67.43759058758444,
            78.8381600228608,
            0.0,
            52.95645055689948,
            17.208072831316034,
            12.930071714279057,
            69.01758117461006,
            18.88440419123869,
            23.495709714868983,
            40.055724560915955
        ],
        [
            13.071565375532664,
            51.822340511733685,
            28.1524080236744,
            17.4599423981257,
            23.268471552377733,
            67.94839063954544,
            34.83103983716016,
            71.9600802876051,
            14.515232435208528,
            26.39650447252712,
            52.95645055689948,
            0.0,
            70.04830458535616,
            56.222292736318074,
            21.22115983670413,
            46.73854914158921,
            47.88677366408268,
            13.071565375532664
        ],
        [
            57.21711343158491,
            95.4507546329754,
            97.40478173205146,
            69.70658626762749,
            49.00554483538576,
            33.525001569005504,
            35.312957796357054,
            37.51409725720729,
            84.49063034405367,
            96.02601069195607,
            17.208072831316034,
            70.04830458535616,
            0.0,
            21.473746611112443,
            86.16206830556196,
            32.29389487011198,
            33.06122718906152,
            57.21711343158491
        ],
        [
            43.21840407978572,
            74.46116036834707,
            81.61699309300644,
            51.84796476463264,
            33.155870215373675,
            18.27614015849366,
            23.31533108339038,
            23.32299897207468,
            70.60365467998837,
            80.63297220687187,
            12.930071714279057,
            56.222292736318074,
            21.473746611112443,
            0.0,
            69.05115104719687,
            11.605181001332973,
            36.04445495675043,
            43.21840407978572
        ],
        [
            30.533818907262276,
            35.63725946251169,
            14.35623276159128,
            17.387662022164516,
            37.160416283586166,
            76.55723493539118,
            51.32200642174993,
            79.61605968827833,
            16.853225471323572,
            14.76567403545224,
            69.01758117461006,
            21.22115983670413,
            86.16206830556196,
            69.05115104719687,
            0.0,
            57.9860913877716,
            68.07686734445491,
            30.533818907262276
        ],
        [
            34.10072939382071,
            63.17602109672758,
            70.93285676148054,
            40.66075508971225,
            23.49020915534295,
            21.898481045485127,
            18.13191207731945,
            26.509662962222396,
            60.81165054225576,
            70.10364514195132,
            18.88440419123869,
            46.73854914158921,
            32.29389487011198,
            11.605181001332973,
            57.9860913877716,
            0.0,
            37.732477621677695,
            34.10072939382071
        ],
        [
            37.82725339502523,
            89.06710593130141,
            75.85308886426797,
            55.34996247166671,
            35.592567655900034,
            54.31949875507932,
            23.378604869739494,
            59.36000035299,
            60.814021539066594,
            73.88067570284312,
            23.495709714868983,
            47.88677366408268,
            33.06122718906152,
            36.04445495675043,
            68.07686734445491,
            37.732477621677695,
            0.0,
            37.82725339502523
        ],
        [
            0.0,
            53.91678155017061,
            40.304463745134115,
            18.248002102953645,
            10.721877561540682,
            55.674967979084904,
            21.91132142002587,
            59.90735164838177,
            27.573061489703566,
            38.83105463736796,
            40.055724560915955,
            13.071565375532664,
            57.21711343158491,
            43.21840407978572,
            30.533818907262276,
            34.10072939382071,
            37.82725339502523,
            0.0
        ]
    ],
    "scores_ave": [
        0,
        12.317673370330112,
        10.95268822664568,
        17.46985608892978,
        19.384443204434852,
        11.06953328102774,
        16.944527675139796,
        12.870920136098787,
        13.223125099942168,
        18.489001205650098,
        11.19721053704729,
        18.752777670238906,
        14.973086484690626,
        17.383111863008494,
        13.73167858339554,
        15.812530422346098,
        17.06623315886301,
        0
    ],
    "scores_var": [
        0,
        17.52413906339811,
        18.033004015018335,
        234.97883218074838,
        248.89725386628172,
        23.124227550745896,
        24.6951205897421,
        376.40213643086213,
        24.284501570250807,
        24.691845510872955,
        21.67135643074835,
        17.906252522806078,
        313.98239892602516,
        21.70325056343998,
        299.0948655430441,
        21.027996924864823,
        360.0417547099802,
        0
    ],
    "vertex_number": 18,
    "minimum_distances": {
        "cost": 333.37058267347555,
        "path": [
            0,
            16,
            10,
            12,
            13,
            5,
            7,
            15,
            6,
            4,
            3,
            1,
            14,
            2,
            9,
            8,
            11,
            17
        ]
    }
}