{
    "vertices": [
        [
            19.84655956348085,
            45.90246671269619
        ],
        [
            61.900328082292496,
            5.197007355508831
        ],
        [
            11.79769323773704,
            81.00722272570383
        ],
        [
            94.21726950040394,
            73.3188079159048
        ],
        [
            66.03273915461165,
            73.71337664263521
        ],
        [
            77.34293574704644,
            91.26576452718318
        ],
        [
            10.873012432532004,
            43.87186981690778
        ],
        [
            1.5372239509478747,
            83.87770902667671
        ],
        [
            41.29014533922032,
            44.21771031768148
        ],
        [
            44.89189085040546,
            94.74234188362412
        ],
        [
            74.41638323637896,
            47.959714737550975
        ],
        [
            89.71532089967891,
            21.11588316112708
        ],
        [
            76.45198701540554,
            83.24396006018084
        ],
        [
            19.735812053782197,
            39.58157424291391
        ],
        [
            64.65343942398479,
            47.68352572248361
        ],
        [
            95.75963541807354,
            27.058407922926786
        ],
        [
            19.84655956348085,
            45.90246671269619
        ]
    ],
    "distances": [
        [
            0.0,
            58.5273770821265,
            36.01566525641986,
            79.26322136711771,
            53.9129844875552,
            73.23702658387988,
            9.200427808778555,
            42.158638490562105,
            21.50966701350904,
            54.88717542362357,
            54.608588382478445,
            74.13513697844985,
            67.81269455223962,
            6.321862591472135,
            44.842264149237366,
            78.21696515064637,
            0.0
        ],
        [
            58.5273770821265,
            0.0,
            90.87058254926185,
            75.39870300086078,
            68.64087471441853,
            87.44315349164943,
            64.02758724821994,
            99.16832738248071,
            44.12929743792597,
            91.14633219621686,
            44.556714188349844,
            32.04815801798843,
            79.3919240489293,
            54.40721323457888,
            42.575625245051185,
            40.30351756395437,
            58.5273770821265
        ],
        [
            36.01566525641986,
            90.87058254926185,
            0.0,
            82.77740195007998,
            54.72330761466263,
            66.34317218445979,
            37.14686353182919,
            10.654432016265192,
            47.15159545740012,
            35.83126308000623,
            70.80422389499827,
            98.27578163161282,
            64.692972553381,
            42.17935611833501,
            62.4835873399365,
            99.80021219074891,
            36.01566525641986
        ],
        [
            79.26322136711771,
            75.39870300086078,
            82.77740195007998,
            0.0,
            28.187292088687776,
            24.634049428114924,
            88.39336711315892,
            93.27958638263954,
            60.39995325656028,
            53.77695404754484,
            32.17388232199038,
            52.39668781666027,
            20.349788865214755,
            81.7660592133369,
            39.130394093641875,
            46.28610482784556,
            79.26322136711771
        ],
        [
            53.9129844875552,
            68.64087471441853,
            54.72330761466263,
            28.187292088687776,
            0.0,
            20.880777461798445,
            62.71451970384883,
            65.29153953001337,
            38.499224416427545,
            29.818666068893446,
            27.08388062318875,
            57.68328179506679,
            14.120649640276955,
            57.518565646520926,
            26.066369265247214,
            55.320651367238945,
            53.9129844875552
        ],
        [
            73.23702658387988,
            87.44315349164943,
            66.34317218445979,
            24.634049428114924,
            20.880777461798445,
            0.0,
            81.63597222576638,
            76.16488236051914,
            59.27329163367638,
            32.63674164188463,
            43.404822980629675,
            71.23258924141972,
            8.071129818633276,
            77.39403223473758,
            45.39201313185896,
            66.79640311333355,
            73.23702658387988
        ],
        [
            9.200427808778555,
            64.02758724821994,
            37.14686353182919,
            88.39336711315892,
            62.71451970384883,
            81.63597222576638,
            0.0,
            41.08070249461131,
            30.419098933320104,
            61.19713242547091,
            63.6747237858981,
            82.06061499347183,
            76.49028302644467,
            9.84661633449095,
            53.915332217519484,
            86.53572246621519,
            9.200427808778555
        ],
        [
            42.158638490562105,
            99.16832738248071,
            10.654432016265192,
            93.27958638263954,
            65.29153953001337,
            76.16488236051914,
            41.08070249461131,
            0.0,
            56.15345275670653,
            44.6952725585065,
            81.24945644067353,
            108.23319069249222,
            74.9174436480341,
            47.88878956204577,
            72.7576494995293,
            110.02861355392483,
            42.158638490562105
        ],
        [
            21.50966701350904,
            44.12929743792597,
            47.15159545740012,
            60.39995325656028,
            38.499224416427545,
            59.27329163367638,
            30.419098933320104,
            56.15345275670653,
            0.0,
            50.6528475566931,
            33.33691998816736,
            53.65344393450015,
            52.53002264443684,
            22.0472910146237,
            23.61896244358237,
            57.10837949132267,
            21.50966701350904
        ],
        [
            54.88717542362357,
            91.14633219621686,
            35.83126308000623,
            53.77695404754484,
            29.818666068893446,
            32.63674164188463,
            61.19713242547091,
            44.6952725585065,
            50.6528475566931,
            0.0,
            55.32006736563059,
            86.19742052635723,
            33.589469398931314,
            60.62622029398123,
            51.039700043338364,
            84.66783541462226,
            54.88717542362357
        ],
        [
            54.608588382478445,
            44.556714188349844,
            70.80422389499827,
            32.17388232199038,
            27.08388062318875,
            43.404822980629675,
            63.6747237858981,
            81.24945644067353,
            33.33691998816736,
            55.32006736563059,
            0.0,
            30.897391270606494,
            35.34291514197315,
            55.31869578183229,
            9.76684965871849,
            29.873048727079496,
            54.608588382478445
        ],
        [
            74.13513697844985,
            32.04815801798843,
            98.27578163161282,
            52.39668781666027,
            57.68328179506679,
            71.23258924141972,
            82.06061499347183,
            108.23319069249222,
            53.65344393450015,
            86.19742052635723,
            30.897391270606494,
            0.0,
            63.52805651757696,
            72.37481195444254,
            36.52310959337585,
            8.476280938116595,
            74.13513697844985
        ],
        [
            67.81269455223962,
            79.3919240489293,
            64.692972553381,
            20.349788865214755,
            14.120649640276955,
            8.071129818633276,
            76.49028302644467,
            74.9174436480341,
            52.53002264443684,
            33.589469398931314,
            35.34291514197315,
            63.52805651757696,
            0.0,
            71.57603256351489,
            37.46665471526243,
            59.41044988728112,
            67.81269455223962
        ],
        [
            6.321862591472135,
            54.40721323457888,
            42.17935611833501,
            81.7660592133369,
            57.518565646520926,
            77.39403223473758,
            9.84661633449095,
            47.88878956204577,
            22.0472910146237,
            60.62622029398123,
            55.31869578183229,
            72.37481195444254,
            71.57603256351489,
            0.0,
            45.64246779421195,
            77.04837060965683,
            6.321862591472135
        ],
        [
            44.842264149237366,
            42.575625245051185,
            62.4835873399365,
            39.130394093641875,
            26.066369265247214,
            45.39201313185896,
            53.915332217519484,
            72.7576494995293,
            23.61896244358237,
            51.039700043338364,
            9.76684965871849,
            36.52310959337585,
            37.46665471526243,
            45.64246779421195,
            0.0,
            37.32279348425381,
            44.842264149237366
        ],
        [
            78.21696515064637,
            40.30351756395437,
            99.80021219074891,
            46.28610482784556,
            55.320651367238945,
            66.79640311333355,
            86.53572246621519,
            110.02861355392483,
            57.10837949132267,
            84.66783541462226,
            29.873048727079496,
            8.476280938116595,
            59.41044988728112,
            77.04837060965683,
            37.32279348425381,
            0.0,
            78.21696515064637
        ],
        [
            0.0,
            58.5273770821265,
            36.01566525641986,
            79.26322136711771,
            53.9129844875552,
            73.23702658387988,
            9.200427808778555,
            42.158638490562105,
            21.50966701350904,
            54.88717542362357,
            54.608588382478445,
            74.13513697844985,
            67.81269455223962,
            6.321862591472135,
            44.842264149237366,
            78.21696515064637,
            0.0
        ]
    ],
    "scores_ave": [
        0,
        19.354946519604695,
        16.916605491540857,
        16.829594486054177,
        17.842921730524132,
        10.332149841969162,
        12.583384158461364,
        12.29775902869082,
        13.97940537280424,
        11.041132670485844,
        11.260461476728498,
        16.55237928558083,
        16.39361111961193,
        18.53258272339264,
        18.291373482794732,
        19.35067617712736,
        0
    ],
    "scores_var": [
        0,
        386.9111228191353,
        23.348024751450467,
        229.8442963680636,
        23.720162341910722,
        16.244252008852705,
        268.6984380271979,
        225.38373979590835,
        17.518835252720507,
        344.51594790799186,
        230.8707835020571,
        24.80132320733579,
        18.521037137564747,
        24.517455448256207,
        22.100156506324847,
        23.346105192495703,
        0
    ],
    "vertex_number": 17,
    "minimum_distances": {
        "cost": 366.5335440362771,
        "path": [
            0,
            6,
            7,
            2,
            9,
            4,
            12,
            5,
            3,
            15,
            11,
            1,
            10,
            14,
            8,
            13,
            16
        ]
    }
}