{
    "vertices": [
        [
            12.12030230138106,
            43.081544144364415
        ],
        [
            3.4854398588723523,
            98.287164977735
        ],
        [
            59.60510998211805,
            93.99276777730763
        ],
        [
            69.64893455418486,
            79.92074668384184
        ],
        [
            3.647908918993936,
            5.410449835003606
        ],
        [
            43.72504165186194,
            16.530056878706834
        ],
        [
            78.50418099362014,
            13.086770875364994
        ],
        [
            95.20595457216831,
            26.255458110156894
        ],
        [
            9.385421313133813,
            63.91127265537083
        ],
        [
            7.866045506247755,
            23.90733280007902
        ],
        [
            96.45291450362379,
            96.08662021257143
        ],
        [
            83.97415314077442,
            56.405928008190486
        ],
        [
            82.11748353603548,
            54.751162460112845
        ],
        [
            13.129209057406122,
            70.81472852659087
        ],
        [
            24.49582339305921,
            85.41490923868913
        ],
        [
            4.789081464967959,
            2.778439601774907
        ],
        [
            18.76479644116502,
            43.23966035239245
        ],
        [
            12.12030230138106,
            43.081544144364415
        ]
    ],
    "distances": [
        [
            0.0,
            55.8768415445874,
            69.61867315799789,
            68.31303223121469,
            38.61208096037655,
            41.277609250418216,
            72.84576702653762,
            84.77229962961208,
            21.008502180358068,
            19.640495959986872,
            99.60686507390076,
            73.07882789016514,
            70.96326776884156,
            27.75152984649535,
            44.10518475757653,
            40.964460630199405,
            6.646375185683139,
            0.0
        ],
        [
            55.8768415445874,
            0.0,
            56.28373852239166,
            68.6653722864946,
            92.87685724603072,
            91.12326968000296,
            113.52056499437214,
            116.62426682954384,
            34.8785285543901,
            74.50871855436843,
            92.99351450013054,
            90.73296521042053,
            89.87981869174911,
            29.115924318433404,
            24.640032144155768,
            95.51762195730015,
            57.1286837153278,
            55.8768415445874
        ],
        [
            69.61867315799789,
            56.28373852239166,
            0.0,
            17.288730135247043,
            104.77612038461024,
            79.07368810125028,
            83.08402505773869,
            76.52295901537252,
            58.53984522341011,
            87.11428693839837,
            36.90724747357569,
            44.79532105362951,
            45.2405852183812,
            51.93487142827453,
            36.141965385147735,
            106.4182815446049,
            65.14452489203013,
            69.61867315799789
        ],
        [
            68.31303223121469,
            68.6653722864946,
            17.288730135247043,
            0.0,
            99.53853385196672,
            68.48669781192518,
            67.41806665776764,
            59.44009143580187,
            62.353783259900304,
            83.39441176735657,
            31.30157836398676,
            27.534679676770033,
            28.088657563297602,
            57.2485714835873,
            45.48614371111334,
            100.78559462888887,
            62.72716800526007,
            68.31303223121469
        ],
        [
            38.61208096037655,
            92.87685724603072,
            104.77612038461024,
            99.53853385196672,
            0.0,
            41.591131613533854,
            75.24883636060532,
            93.90095896113081,
            58.78150490701057,
            18.971751518835216,
            129.74951612975244,
            95.14643611238995,
            92.69293426649662,
            66.0879317536982,
            82.67616985803048,
            2.868754546402571,
            40.73781359777295,
            38.61208096037655
        ],
        [
            41.277609250418216,
            91.12326968000296,
            79.07368810125028,
            68.48669781192518,
            41.591131613533854,
            0.0,
            34.949173836504954,
            52.391486180684524,
            58.51657144333375,
            36.609995965463185,
            95.4435715224801,
            56.657533250063885,
            54.174094415085776,
            62.313165126372375,
            71.51842922982323,
            41.2930499407177,
            36.55703432582623,
            41.277609250418216
        ],
        [
            72.84576702653762,
            113.52056499437214,
            83.08402505773869,
            67.41806665776764,
            75.24883636060532,
            34.949173836504954,
            0.0,
            21.268840216543563,
            85.7935482478411,
            71.4620930668767,
            84.91838449129904,
            43.66314200775145,
            41.82077810598737,
            87.21470088375297,
            90.26772562668359,
            74.43236924997868,
            66.91779143486391,
            72.84576702653762
        ],
        [
            84.77229962961208,
            116.62426682954384,
            76.52295901537252,
            59.44009143580187,
            93.90095896113081,
            52.391486180684524,
            21.268840216543563,
            0.0,
            93.71832423773161,
            87.37146792926796,
            69.84229456170775,
            32.17458932863777,
            31.35782582488439,
            93.39229483388833,
            92.19416092788096,
            93.41510231502441,
            78.3052602461304,
            84.77229962961208
        ],
        [
            21.008502180358068,
            34.8785285543901,
            58.53984522341011,
            62.353783259900304,
            58.78150490701057,
            58.51657144333375,
            85.7935482478411,
            93.71832423773161,
            0.0,
            40.03278290087207,
            92.82241841765745,
            74.96538610537964,
            73.30661971462952,
            7.853257263075365,
            26.28175483723336,
            61.305380001747544,
            22.699961079195216,
            21.008502180358068
        ],
        [
            19.640495959986872,
            74.50871855436843,
            87.11428693839837,
            83.39441176735657,
            18.971751518835216,
            36.609995965463185,
            71.4620930668767,
            87.37146792926796,
            40.03278290087207,
            0.0,
            114.26934361469593,
            82.7562851885546,
            80.40284744701887,
            47.201744294144724,
            63.71602209739831,
            21.351764224453927,
            22.1928290339762,
            19.640495959986872
        ],
        [
            99.60686507390076,
            92.99351450013054,
            36.90724747357569,
            31.30157836398676,
            129.74951612975244,
            95.4435715224801,
            84.91838449129904,
            69.84229456170775,
            92.82241841765745,
            114.26934361469593,
            0.0,
            41.596596242598515,
            43.75071026431204,
            87.07185767328028,
            72.74412949650419,
            130.80013324242293,
            93.95874017115119,
            99.60686507390076
        ],
        [
            73.07882789016514,
            90.73296521042053,
            44.79532105362951,
            27.534679676770033,
            95.14643611238995,
            56.657533250063885,
            43.66314200775145,
            32.17458932863777,
            74.96538610537964,
            82.7562851885546,
            41.596596242598515,
            0.0,
            2.487060723075765,
            72.2953638524258,
            66.17546903203156,
            95.63567895447201,
            66.52526441255988,
            73.07882789016514
        ],
        [
            70.96326776884156,
            89.87981869174911,
            45.2405852183812,
            28.088657563297602,
            92.69293426649662,
            54.174094415085776,
            41.82077810598737,
            31.35782582488439,
            73.30661971462952,
            80.40284744701887,
            43.75071026431204,
            2.487060723075765,
            0.0,
            70.833750220575,
            65.27266720560229,
            93.17105606450043,
            64.39004304173602,
            70.96326776884156
        ],
        [
            27.75152984649535,
            29.115924318433404,
            51.93487142827453,
            57.2485714835873,
            66.0879317536982,
            62.313165126372375,
            87.21470088375297,
            93.39229483388833,
            7.853257263075365,
            47.201744294144724,
            87.07185767328028,
            72.2953638524258,
            70.833750220575,
            0.0,
            18.503113205117685,
            68.54556396236873,
            28.145056936728217,
            27.75152984649535
        ],
        [
            44.10518475757653,
            24.640032144155768,
            36.141965385147735,
            45.48614371111334,
            82.67616985803048,
            71.51842922982323,
            90.26772562668359,
            92.19416092788096,
            26.28175483723336,
            63.71602209739831,
            72.74412949650419,
            66.17546903203156,
            65.27266720560229,
            18.503113205117685,
            0.0,
            84.95376266813047,
            42.56285103872163,
            44.10518475757653
        ],
        [
            40.964460630199405,
            95.51762195730015,
            106.4182815446049,
            100.78559462888887,
            2.868754546402571,
            41.2930499407177,
            74.43236924997868,
            93.41510231502441,
            61.305380001747544,
            21.351764224453927,
            130.80013324242293,
            95.63567895447201,
            93.17105606450043,
            68.54556396236873,
            84.95376266813047,
            0.0,
            42.80690357554611,
            40.964460630199405
        ],
        [
            6.646375185683139,
            57.1286837153278,
            65.14452489203013,
            62.72716800526007,
            40.73781359777295,
            36.55703432582623,
            66.91779143486391,
            78.3052602461304,
            22.699961079195216,
            22.1928290339762,
            93.95874017115119,
            66.52526441255988,
            64.39004304173602,
            28.145056936728217,
            42.56285103872163,
            42.80690357554611,
            0.0,
            6.646375185683139
        ],
        [
            0.0,
            55.8768415445874,
            69.61867315799789,
            68.31303223121469,
            38.61208096037655,
            41.277609250418216,
            72.84576702653762,
            84.77229962961208,
            21.008502180358068,
            19.640495959986872,
            99.60686507390076,
            73.07882789016514,
            70.96326776884156,
            27.75152984649535,
            44.10518475757653,
            40.964460630199405,
            6.646375185683139,
            0.0
        ]
    ],
    "scores_ave": [
        0,
        11.40550559856746,
        17.89120982351595,
        13.527883252693409,
        12.112322819450203,
        13.049973756747484,
        11.921187695159492,
        11.703333192218947,
        16.876123190543243,
        13.77003525349276,
        11.467636858775418,
        10.16442129643129,
        11.212085916693367,
        13.847801554556272,
        13.36297891498642,
        14.084940035353094,
        13.93398062576634,
        0
    ],
    "scores_var": [
        0,
        298.18893054799656,
        258.65529096759866,
        342.36317318926666,
        19.356778356932544,
        384.1468314485,
        361.62058780226334,
        24.138254384147395,
        18.026209691643132,
        393.22266824659863,
        309.26273989727537,
        320.1181863418631,
        351.6114708925504,
        20.19638505195879,
        20.634398687403642,
        390.2508194180257,
        17.416510101986336,
        0
    ],
    "vertex_number": 18,
    "minimum_distances": {
        "cost": 390.12137268447395,
        "path": [
            0,
            16,
            8,
            13,
            1,
            14,
            2,
            3,
            10,
            11,
            12,
            7,
            6,
            5,
            15,
            4,
            9,
            17
        ]
    }
}