{
    "vertices": [
        [
            11.094642332118365,
            67.74783017948843
        ],
        [
            31.474310580960907,
            73.22844640786835
        ],
        [
            92.23012167398942,
            31.307232091141245
        ],
        [
            1.536878535867059,
            61.530937674936325
        ],
        [
            99.12483756390859,
            4.339496514452534
        ],
        [
            56.17770880002423,
            90.45840325666558
        ],
        [
            96.9372977312551,
            14.184971625386634
        ],
        [
            60.62303860988627,
            71.45314166063062
        ],
        [
            48.34651410460879,
            42.16369051983902
        ],
        [
            49.808105124778315,
            20.092754426189863
        ],
        [
            28.322860037675756,
            63.760493663281714
        ],
        [
            23.12038944969682,
            94.44368281447915
        ],
        [
            55.42575197953307,
            45.93224850640149
        ],
        [
            69.36745806857458,
            43.65622109699396
        ],
        [
            21.719363050165118,
            9.693368181040418
        ],
        [
            11.094642332118365,
            67.74783017948843
        ]
    ],
    "distances": [
        [
            0.0,
            21.103744506026935,
            88.94314586898551,
            11.401780615241128,
            108.48931768023812,
            50.480223965860354,
            101.1827124683938,
            49.66680351119748,
            45.1912619062415,
            61.398195791499376,
            17.683617780407854,
            29.27946621175132,
            49.408166190481424,
            63.056535601305505,
            59.018685585717144,
            0.0
        ],
        [
            21.103744506026935,
            0.0,
            73.81501738373251,
            32.14158595980654,
            96.55196123584484,
            30.118587227508456,
            88.15630777788472,
            29.20274049896386,
            35.3509591118296,
            56.20969475763696,
            9.978665727465662,
            22.800751173059297,
            36.31465220741181,
            48.06669466850371,
            64.279585924442,
            21.103744506026935
        ],
        [
            88.94314586898551,
            73.81501738373251,
            0.0,
            95.59674016474884,
            27.835155277758123,
            69.2721987834081,
            17.757514181079472,
            51.09502671476682,
            45.20656703309204,
            43.87928893452165,
            71.67532543715457,
            93.60751304277825,
            39.6036959607667,
            25.984589983315715,
            73.74907589137352,
            88.94314586898551
        ],
        [
            11.401780615241128,
            32.14158595980654,
            95.59674016474884,
            0.0,
            113.11176194044451,
            61.82571145517506,
            106.50295997680475,
            59.91347464657971,
            50.65799289791331,
            63.61787757662704,
            26.878610918728754,
            39.35856623389511,
            56.101067590590624,
            70.1462259318684,
            55.62792726863341,
            11.401780615241128
        ],
        [
            108.48931768023812,
            96.55196123584484,
            27.835155277758123,
            113.11176194044451,
            0.0,
            96.2336841627486,
            10.08556942762621,
            77.37331508668261,
            63.317515629519065,
            51.7716643860952,
            92.43254255826973,
            117.87892314547081,
            60.32882477866074,
            49.30827989626835,
            77.59040808321659,
            108.48931768023812
        ],
        [
            50.480223965860354,
            30.118587227508456,
            69.2721987834081,
            61.82571145517506,
            96.2336841627486,
            0.0,
            86.4810988751548,
            19.518220345414928,
            48.925523897962506,
            70.65335368058288,
            38.58329918798811,
            33.29667875004138,
            44.53250381355564,
            48.62523769272813,
            87.80870391130823,
            50.480223965860354
        ],
        [
            101.1827124683938,
            88.15630777788472,
            17.757514181079472,
            106.50295997680475,
            10.08556942762621,
            86.4810988751548,
            0.0,
            67.81127277023737,
            56.07025026184872,
            47.49802831023466,
            84.65030091698378,
            109.0430954713876,
            52.259908343367115,
            40.35654351457304,
            75.35192233241288,
            101.1827124683938
        ],
        [
            49.66680351119748,
            29.20274049896386,
            51.09502671476682,
            59.91347464657971,
            77.37331508668261,
            19.518220345414928,
            67.81127277023737,
            0.0,
            31.758227312894796,
            52.48668557985934,
            33.20358970063031,
            43.9887903513959,
            26.04472644716445,
            29.139898155117383,
            72.99154466310695,
            49.66680351119748
        ],
        [
            45.1912619062415,
            35.3509591118296,
            45.20656703309204,
            50.65799289791331,
            63.317515629519065,
            48.925523897962506,
            56.07025026184872,
            31.758227312894796,
            0.0,
            22.119278206130176,
            29.451122698614054,
            58.0478678284809,
            8.019827815349045,
            21.073863733542844,
            41.99198740309446,
            45.1912619062415
        ],
        [
            61.398195791499376,
            56.20969475763696,
            43.87928893452165,
            63.61787757662704,
            51.7716643860952,
            70.65335368058288,
            47.49802831023466,
            52.48668557985934,
            22.119278206130176,
            0.0,
            48.66710600119465,
            78.9955360773918,
            26.443097596651338,
            30.62360607645819,
            29.952039423217062,
            61.398195791499376
        ],
        [
            17.683617780407854,
            9.978665727465662,
            71.67532543715457,
            26.878610918728754,
            92.43254255826973,
            38.58329918798811,
            84.65030091698378,
            33.20358970063031,
            29.451122698614054,
            48.66710600119465,
            0.0,
            31.121114965677975,
            32.44091671001017,
            45.70383794538107,
            54.46889231824426,
            17.683617780407854
        ],
        [
            29.27946621175132,
            22.800751173059297,
            93.60751304277825,
            39.35856623389511,
            117.87892314547081,
            33.29667875004138,
            109.0430954713876,
            43.9887903513959,
            58.0478678284809,
            78.9955360773918,
            31.121114965677975,
            0.0,
            58.28375165353618,
            68.68884642752572,
            84.7618941826989,
            29.27946621175132
        ],
        [
            49.408166190481424,
            36.31465220741181,
            39.6036959607667,
            56.101067590590624,
            60.32882477866074,
            44.53250381355564,
            52.259908343367115,
            26.04472644716445,
            8.019827815349045,
            26.443097596651338,
            32.44091671001017,
            58.28375165353618,
            0.0,
            14.126268772807329,
            49.491182061996255,
            49.408166190481424
        ],
        [
            63.056535601305505,
            48.06669466850371,
            25.984589983315715,
            70.1462259318684,
            49.30827989626835,
            48.62523769272813,
            40.35654351457304,
            29.139898155117383,
            21.073863733542844,
            30.62360607645819,
            45.70383794538107,
            68.68884642752572,
            14.126268772807329,
            0.0,
            58.51338596487192,
            63.056535601305505
        ],
        [
            59.018685585717144,
            64.279585924442,
            73.74907589137352,
            55.62792726863341,
            77.59040808321659,
            87.80870391130823,
            75.35192233241288,
            72.99154466310695,
            41.99198740309446,
            29.952039423217062,
            54.46889231824426,
            84.7618941826989,
            49.491182061996255,
            58.51338596487192,
            0.0,
            59.018685585717144
        ],
        [
            0.0,
            21.103744506026935,
            88.94314586898551,
            11.401780615241128,
            108.48931768023812,
            50.480223965860354,
            101.1827124683938,
            49.66680351119748,
            45.1912619062415,
            61.398195791499376,
            17.683617780407854,
            29.27946621175132,
            49.408166190481424,
            63.056535601305505,
            59.018685585717144,
            0.0
        ]
    ],
    "scores_ave": [
        0,
        14.549344013320761,
        15.306943989009323,
        10.085753692671513,
        15.218730870567173,
        12.196588842595132,
        15.688678659487696,
        15.675013683107537,
        14.130052049788397,
        10.546744934365044,
        13.494864398733071,
        18.491700499003137,
        13.341568009544236,
        12.276824372098279,
        12.480022048554755,
        0
    ],
    "scores_var": [
        0,
        16.9675217894533,
        22.825430866086162,
        265.0774892702863,
        18.26431404640452,
        20.183515263182347,
        20.748690021696433,
        18.94521107600525,
        17.47307079824136,
        390.47957733748683,
        20.563806316461115,
        334.05212241865297,
        258.69388235510837,
        21.07545605325064,
        22.674437584374722,
        0
    ],
    "vertex_number": 16,
    "minimum_distances": {
        "cost": 373.69518363075946,
        "path": [
            0,
            10,
            1,
            11,
            5,
            7,
            13,
            2,
            6,
            4,
            12,
            8,
            9,
            14,
            3,
            15
        ]
    }
}