{
    "vertices": [
        [
            84.6031563360427,
            8.896576831364156
        ],
        [
            72.10889739869329,
            7.307424229999637
        ],
        [
            26.673758348555932,
            16.326749510600724
        ],
        [
            2.8134188794031956,
            65.70903681777776
        ],
        [
            56.687410741222656,
            43.70662490838738
        ],
        [
            48.112512873933476,
            70.34315367998204
        ],
        [
            66.4974660185296,
            54.3048537945239
        ],
        [
            19.46850669880803,
            25.032691908648687
        ],
        [
            80.96266527521571,
            26.912891513340288
        ],
        [
            36.9460122010115,
            55.172838202118115
        ],
        [
            74.86332973158683,
            59.21814556722094
        ],
        [
            96.21405673845422,
            86.06581037193372
        ],
        [
            72.07934240653645,
            37.56847828371635
        ],
        [
            44.51269925109457,
            87.15083293906143
        ],
        [
            21.93901331526179,
            30.454216792824706
        ],
        [
            84.41507477470961,
            82.3593310568626
        ],
        [
            16.785748594740724,
            36.597452358962826
        ],
        [
            19.6062882087496,
            93.83519997910786
        ],
        [
            48.84154595665522,
            72.82113519653888
        ],
        [
            84.6031563360427,
            8.896576831364156
        ]
    ],
    "distances": [
        [
            0.0,
            12.59491613247025,
            58.4039606297031,
            99.58522361743165,
            44.62094014293494,
            71.46501848241472,
            48.884840581070854,
            67.10362727269431,
            18.380445312449588,
            66.42812471808514,
            51.255482656223464,
            78.0378344996431,
            31.28775876016514,
            87.92595378071906,
            66.26859483372833,
            73.46299499114981,
            73.256667257974,
            106.95402081544736,
            73.24781183837332,
            0.0
        ],
        [
            12.59491613247025,
            0.0,
            46.32170213865857,
            90.62346106870073,
            39.53130481975124,
            67.44871872431314,
            47.33124282972828,
            55.544539311406005,
            21.51193977793451,
            59.3929823308076,
            51.983746375450195,
            82.36468960954845,
            30.26106848641545,
            84.47792650440597,
            55.25207032221876,
            76.05413019657837,
            62.59837491005444,
            101.21057231257967,
            69.52277301528294,
            12.59491613247025
        ],
        [
            58.4039606297031,
            46.32170213865857,
            0.0,
            54.84456307850201,
            40.62606191530447,
            58.11533459414435,
            55.02966561395828,
            11.30084440979186,
            55.31140766418529,
            40.18131164905551,
            64.51284093702652,
            98.48547969105293,
            50.12861562936825,
            73.03614588685406,
            14.899769875424674,
            87.71750935981328,
            22.553805241203538,
            77.83000082362892,
            60.687942966204865,
            58.4039606297031
        ],
        [
            99.58522361743165,
            90.62346106870073,
            54.84456307850201,
            0.0,
            58.193755068373726,
            45.53551312786379,
            64.69708842325399,
            43.95403264136885,
            87.24933009895514,
            35.7217777850841,
            72.34169836984866,
            95.59329151155315,
            74.76402341150192,
            46.889024349239996,
            40.108486602174054,
            83.28302674077172,
            32.29102580248604,
            32.757922926984634,
            46.57435373237977,
            99.58522361743165
        ],
        [
            44.62094014293494,
            39.53130481975124,
            40.62606191530447,
            58.193755068373726,
            0.0,
            27.982736435781803,
            14.441594097147176,
            41.64087645327842,
            29.518087065968054,
            22.829736389647135,
            23.895005844186375,
            57.936657971664,
            16.57070922971162,
            45.11787684810025,
            37.189749186220055,
            47.56947598360003,
            40.53002561545552,
            62.35289637931136,
            30.15314748971647,
            44.62094014293494
        ],
        [
            71.46501848241472,
            67.44871872431314,
            58.11533459414435,
            45.53551312786379,
            27.982736435781803,
            0.0,
            24.397408988351227,
            53.60519597662232,
            54.45475355421878,
            18.836910812983234,
            28.971917576520738,
            50.60593300793284,
            40.6028110501654,
            17.188855115896,
            47.70932157488102,
            38.23956745718156,
            46.0449619160614,
            36.93888309061616,
            2.5829985737704333,
            71.46501848241472
        ],
        [
            48.884840581070854,
            47.33124282972828,
            55.02966561395828,
            64.69708842325399,
            14.441594097147176,
            24.397408988351227,
            0.0,
            55.394787445832044,
            30.976791104783892,
            29.564198275291204,
            9.701964322192708,
            43.49521958477302,
            17.642664460045346,
            39.52452802731375,
            50.540168111079495,
            33.28805188055645,
            52.77126978596161,
            61.33050485575229,
            25.584842977628448,
            48.884840581070854
        ],
        [
            67.10362727269431,
            55.544539311406005,
            11.30084440979186,
            43.95403264136885,
            41.64087645327842,
            53.60519597662232,
            55.394787445832044,
            0.0,
            61.52289565335703,
            34.840947420690085,
            65.09402169689066,
            98.05570355793293,
            54.08369415920962,
            66.97667523601221,
            5.957880076980536,
            86.62794157122315,
            11.871852227773429,
            68.80264602855097,
            56.09376745346072,
            67.10362727269431
        ],
        [
            18.380445312449588,
            21.51193977793451,
            55.31140766418529,
            87.24933009895514,
            29.518087065968054,
            54.45475355421878,
            30.976791104783892,
            61.52289565335703,
            0.0,
            52.30765082382707,
            32.87599935453744,
            61.08741892612818,
            13.872813507368045,
            70.40745422445124,
            59.129793466787014,
            55.553818855283666,
            64.90352342812518,
            90.79207221508777,
            56.02975231386574,
            18.380445312449588
        ],
        [
            66.42812471808514,
            59.3929823308076,
            40.18131164905551,
            35.7217777850841,
            22.829736389647135,
            18.836910812983234,
            29.564198275291204,
            34.840947420690085,
            52.30765082382707,
            0.0,
            38.13249900534491,
            66.83619403270428,
            39.297129404920696,
            32.86102403014655,
            28.917473263286187,
            54.70299164914785,
            27.413157204094894,
            42.37268278387221,
            21.28300049652163,
            66.42812471808514
        ],
        [
            51.255482656223464,
            51.983746375450195,
            64.51284093702652,
            72.34169836984866,
            23.895005844186375,
            28.971917576520738,
            9.701964322192708,
            65.09402169689066,
            32.87599935453744,
            38.13249900534491,
            0.0,
            34.302341744959485,
            21.8279334549217,
            41.24797927627926,
            60.23576069639888,
            25.03498151057481,
            62.327371129617504,
            65.2049161797797,
            29.362809090491076,
            51.255482656223464
        ],
        [
            78.0378344996431,
            82.36468960954845,
            98.48547969105293,
            95.59329151155315,
            57.936657971664,
            50.60593300793284,
            43.49521958477302,
            98.05570355793293,
            61.08741892612818,
            66.83619403270428,
            34.302341744959485,
            0.0,
            54.17080076533958,
            51.71274156343808,
            92.78702180760583,
            12.36745585372435,
            93.5733646882069,
            77.00073774951034,
            49.18918781880205,
            78.0378344996431
        ],
        [
            31.28775876016514,
            30.26106848641545,
            50.12861562936825,
            74.76402341150192,
            16.57070922971162,
            40.6028110501654,
            17.642664460045346,
            54.08369415920962,
            13.872813507368045,
            39.297129404920696,
            21.8279334549217,
            54.17080076533958,
            0.0,
            56.73032441320859,
            50.64252479825733,
            46.45848453409622,
            55.30211938045773,
            76.93741214253646,
            42.22256509568416,
            31.28775876016514
        ],
        [
            87.92595378071906,
            84.47792650440597,
            73.03614588685406,
            46.889024349239996,
            45.11787684810025,
            17.188855115896,
            39.52452802731375,
            66.97667523601221,
            70.40745422445124,
            32.86102403014655,
            41.24797927627926,
            51.71274156343808,
            56.73032441320859,
            0.0,
            61.025220844855,
            40.18902913376619,
            57.65785359147678,
            25.787789237084716,
            14.969273569291841,
            87.92595378071906
        ],
        [
            66.26859483372833,
            55.25207032221876,
            14.899769875424674,
            40.108486602174054,
            37.189749186220055,
            47.70932157488102,
            50.540168111079495,
            5.957880076980536,
            59.129793466787014,
            28.917473263286187,
            60.23576069639888,
            92.78702180760583,
            50.64252479825733,
            61.025220844855,
            0.0,
            81.22437529613589,
            8.01844626475924,
            63.42389641201855,
            50.18667191145686,
            66.26859483372833
        ],
        [
            73.46299499114981,
            76.05413019657837,
            87.71750935981328,
            83.28302674077172,
            47.56947598360003,
            38.23956745718156,
            33.28805188055645,
            86.62794157122315,
            55.553818855283666,
            54.70299164914785,
            25.03498151057481,
            12.36745585372435,
            46.45848453409622,
            40.18902913376619,
            81.22437529613589,
            0.0,
            81.65705910402308,
            65.8169764093787,
            36.83005746450639,
            73.46299499114981
        ],
        [
            73.256667257974,
            62.59837491005444,
            22.553805241203538,
            32.29102580248604,
            40.53002561545552,
            46.0449619160614,
            52.77126978596161,
            11.871852227773429,
            64.90352342812518,
            27.413157204094894,
            62.327371129617504,
            93.5733646882069,
            55.30211938045773,
            57.65785359147678,
            8.01844626475924,
            81.65705910402308,
            0.0,
            57.30720021377429,
            48.37074883465653,
            73.256667257974
        ],
        [
            106.95402081544736,
            101.21057231257967,
            77.83000082362892,
            32.757922926984634,
            62.35289637931136,
            36.93888309061616,
            61.33050485575229,
            68.80264602855097,
            90.79207221508777,
            42.37268278387221,
            65.2049161797797,
            77.00073774951034,
            76.93741214253646,
            25.787789237084716,
            63.42389641201855,
            65.8169764093787,
            57.30720021377429,
            0.0,
            36.00404441548868,
            106.95402081544736
        ],
        [
            73.24781183837332,
            69.52277301528294,
            60.687942966204865,
            46.57435373237977,
            30.15314748971647,
            2.5829985737704333,
            25.584842977628448,
            56.09376745346072,
            56.02975231386574,
            21.28300049652163,
            29.362809090491076,
            49.18918781880205,
            42.22256509568416,
            14.969273569291841,
            50.18667191145686,
            36.83005746450639,
            48.37074883465653,
            36.00404441548868,
            0.0,
            73.24781183837332
        ],
        [
            0.0,
            12.59491613247025,
            58.4039606297031,
            99.58522361743165,
            44.62094014293494,
            71.46501848241472,
            48.884840581070854,
            67.10362727269431,
            18.380445312449588,
            66.42812471808514,
            51.255482656223464,
            78.0378344996431,
            31.28775876016514,
            87.92595378071906,
            66.26859483372833,
            73.46299499114981,
            73.256667257974,
            106.95402081544736,
            73.24781183837332,
            0.0
        ]
    ],
    "scores_ave": [
        0,
        18.72181044859354,
        16.731752617955046,
        11.73733698426142,
        15.62500299235672,
        18.132622045952914,
        10.839735174727883,
        11.292991284076205,
        17.739344023807288,
        15.795689574914693,
        11.22035385963727,
        14.96827199903195,
        18.262839058828966,
        12.315375042138658,
        12.121228197902507,
        14.23403155169018,
        12.922497826048506,
        15.908290253559752,
        16.229925861004137,
        0
    ],
    "scores_var": [
        0,
        18.912086233682807,
        19.728756931829594,
        266.5382902852142,
        24.861827851894276,
        320.4681247320351,
        264.8941657023811,
        368.69996121595017,
        18.918743590312996,
        372.8526240937003,
        243.53194202284485,
        24.390370072283204,
        329.6769280407194,
        275.539242672318,
        16.648917082051167,
        317.23727423287346,
        20.328862023034453,
        23.31899719521438,
        395.26433887662785,
        0
    ],
    "vertex_number": 20,
    "minimum_distances": {
        "cost": 394.8421598856835,
        "path": [
            0,
            8,
            12,
            6,
            10,
            11,
            15,
            5,
            18,
            13,
            17,
            3,
            16,
            7,
            2,
            14,
            9,
            4,
            1,
            19
        ]
    }
}