{
    "vertices": [
        [
            25.108027443889647,
            56.33469435846881
        ],
        [
            18.3841490452616,
            68.65563611958987
        ],
        [
            29.64648407235233,
            41.505715475890405
        ],
        [
            64.46497582569663,
            14.435218065291512
        ],
        [
            60.1022797350427,
            16.485513135905894
        ],
        [
            32.41572368162022,
            19.298310989292922
        ],
        [
            54.478125034376326,
            61.132159328296524
        ],
        [
            5.117011276250838,
            88.80408338853722
        ],
        [
            74.94887534717651,
            20.128629086455053
        ],
        [
            45.704577072613304,
            95.71202755279431
        ],
        [
            15.456959933441805,
            65.84140456553605
        ],
        [
            35.80525010045705,
            31.368564260406686
        ],
        [
            90.43298548457611,
            79.59210289822735
        ],
        [
            96.10353471852183,
            35.88609032390272
        ],
        [
            59.97553714529808,
            28.462764052514288
        ],
        [
            90.7966292176895,
            41.33235081254244
        ],
        [
            27.8607543837331,
            43.30714343651113
        ],
        [
            80.24404615067809,
            97.92620981051682
        ],
        [
            85.34493794686115,
            39.86959477175086
        ],
        [
            98.71573252194258,
            85.5557883148601
        ],
        [
            89.954878971292,
            54.09284343888308
        ],
        [
            79.3011320085575,
            59.582829541553714
        ],
        [
            71.76339985666674,
            98.4608390294055
        ],
        [
            25.108027443889647,
            56.33469435846881
        ]
    ],
    "distances": [
        [
            0.0,
            14.036244034658054,
            15.507940007247678,
            57.48508936733721,
            53.03352654241967,
            37.75044526057289,
            29.75933975429286,
            38.1300662391337,
            61.60348433489696,
            44.43863438614429,
            13.546979111683106,
            27.161336944958038,
            69.34159786883109,
            73.8817126232522,
            44.6384109457068,
            67.37998749530057,
            13.31520141152736,
            69.0639900124028,
            62.446656366402344,
            79.19574848983919,
            64.88559199516185,
            54.29035793328883,
            62.8596519224503,
            0.0
        ],
        [
            14.036244034658054,
            0.0,
            29.393168955075485,
            71.15684317584179,
            66.79913293136646,
            51.31306491327082,
            36.86974105865025,
            24.124196814225005,
            74.52810659881587,
            38.450671060262174,
            4.060583127604771,
            41.15605046414467,
            72.87414588082206,
            84.34539727267045,
            57.83865946828436,
            77.39592498764117,
            27.06200528499769,
            68.43546853853417,
            72.88609899565263,
            82.09006302893341,
            73.03728029442246,
            61.58891647490593,
            61.13668732996725,
            14.036244034658054
        ],
        [
            15.507940007247678,
            29.393168955075485,
            0.0,
            44.103732246091674,
            39.41530178219261,
            22.379399054596803,
            31.651345803275376,
            53.28067795040507,
            50.09277869831787,
            56.53482660965477,
            28.170345378724463,
            11.861375710874345,
            71.73264013559398,
            66.69422589277418,
            33.01469433652399,
            61.150390894926424,
            2.5365277877686045,
            75.78512696587399,
            55.722478901869586,
            81.9205102432215,
            61.60794011848802,
            52.84284355153011,
            70.8358715212794,
            15.507940007247678
        ],
        [
            57.48508936733721,
            71.15684317584179,
            44.103732246091674,
            0.0,
            4.820459216298037,
            32.41611074422807,
            47.75292150275871,
            95.1467762229984,
            11.930091291871685,
            83.41386168882553,
            71.02381031874751,
            33.288407772219756,
            70.14098065165702,
            38.22483916866132,
            14.728445474275569,
            37.64055951203818,
            46.62035072812707,
            84.96896352740801,
            32.9071471967314,
            78.93826604942154,
            47.14299961440688,
            47.5228192797288,
            84.34199411764459,
            57.48508936733721
        ],
        [
            53.03352654241967,
            66.79913293136646,
            39.41530178219261,
            4.820459216298037,
            0.0,
            27.82907145169101,
            44.999490356286664,
            90.84797934390276,
            15.287043373372649,
            80.52412327126049,
            66.55229972736221,
            28.492996680560605,
            70.01709350362034,
            40.89587700016841,
            11.977921489284016,
            39.49061195641295,
            41.93943024125966,
            83.8944445668961,
            34.409403766275105,
            79.13091462521209,
            48.015507637401264,
            47.18023537445277,
            82.8005783665574,
            53.03352654241967
        ],
        [
            37.75044526057289,
            51.31306491327082,
            22.379399054596803,
            32.41611074422807,
            27.82907145169101,
            0.0,
            47.29503589491024,
            74.67444071304867,
            42.54125549096651,
            77.56061954042423,
            49.53644342818179,
            12.537140956885878,
            83.67403426314887,
            65.8125496993225,
            29.04359685198627,
            62.40055321985527,
            24.437098452625104,
            92.03203194130188,
            56.78626100734403,
            93.73230218966603,
            67.24145953081734,
            61.81491688072616,
            88.40218021111208,
            37.75044526057289
        ],
        [
            29.75933975429286,
            36.86974105865025,
            31.651345803275376,
            47.75292150275871,
            44.999490356286664,
            47.29503589491024,
            0.0,
            56.58846996198372,
            45.829478620890036,
            35.67551583734968,
            39.304304045980174,
            35.13613310629255,
            40.41684681662303,
            48.683043573174096,
            33.12870247387621,
            41.3650355176188,
            32.034600230003264,
            44.918646928192985,
            37.481419275363784,
            50.531965814692846,
            36.168384510389885,
            24.87131074206456,
            41.136492970476866,
            29.75933975429286
        ],
        [
            38.1300662391337,
            24.124196814225005,
            53.28067795040507,
            95.1467762229984,
            90.84797934390276,
            74.67444071304867,
            56.58846996198372,
            0.0,
            97.94287755226317,
            41.171230123115656,
            25.18331108019062,
            65.11994210416165,
            85.81186421276182,
            105.25617054643226,
            81.55079815511814,
            97.95183675846852,
            50.8650115063136,
            75.6788250403109,
            93.97395593488241,
            93.65506948219291,
            91.66424588618932,
            79.73183457826178,
            67.34236438022674,
            38.1300662391337
        ],
        [
            61.60348433489696,
            74.52810659881587,
            50.09277869831787,
            11.930091291871685,
            15.287043373372649,
            42.54125549096651,
            45.829478620890036,
            97.94287755226317,
            0.0,
            81.0436863999475,
            75.0263009990219,
            40.72541639038511,
            61.44641880948353,
            26.37834713865359,
            17.136471706285494,
            26.471666320383186,
            52.483660917886006,
            77.97757626622645,
            22.311069982512905,
            69.61017644471818,
            37.13149608276841,
            39.69352682236289,
            78.39695382249941,
            61.60348433489696
        ],
        [
            44.43863438614429,
            38.450671060262174,
            56.53482660965477,
            83.41386168882553,
            80.52412327126049,
            77.56061954042423,
            35.67551583734968,
            41.171230123115656,
            81.0436863999475,
            0.0,
            42.510851088220086,
            65.10052183324258,
            47.544531651245244,
            78.2253008757995,
            68.74680896395307,
            70.64306341763897,
            55.35949681304252,
            34.61036733790912,
            68.48164359261506,
            53.975288767463844,
            60.74739257311254,
            49.336066447370406,
            26.203400722514086,
            44.43863438614429
        ],
        [
            13.546979111683106,
            4.060583127604771,
            28.170345378724463,
            71.02381031874751,
            66.55229972736221,
            49.53644342818179,
            39.304304045980174,
            25.18331108019062,
            75.0263009990219,
            42.510851088220086,
            0.0,
            40.030358872036125,
            76.22654466838323,
            86.03017421742506,
            58.12973837520448,
            79.22600257318898,
            25.72250068317932,
            72.29662003252955,
            74.55779218008499,
            85.5609732270461,
            75.41862256443552,
            64.15019929265846,
            65.07259547282874,
            13.546979111683106
        ],
        [
            27.161336944958038,
            41.15605046414467,
            11.861375710874345,
            33.288407772219756,
            28.492996680560605,
            12.537140956885878,
            35.13613310629255,
            65.11994210416165,
            40.72541639038511,
            65.10052183324258,
            40.030358872036125,
            0.0,
            72.86768249334348,
            60.46727354210303,
            24.34433097618822,
            55.886749947297076,
            14.340316765579482,
            80.02953689461933,
            50.26378608574928,
            83.03001896441776,
            58.724570420144396,
            51.84531327244883,
            76.12070590561308,
            27.161336944958038
        ],
        [
            69.34159786883109,
            72.87414588082206,
            71.73264013559398,
            70.14098065165702,
            70.01709350362034,
            83.67403426314887,
            40.41684681662303,
            85.81186421276182,
            61.44641880948353,
            47.544531651245244,
            76.22654466838323,
            72.86768249334348,
            0.0,
            44.07233444874035,
            59.513573662984925,
            38.26148019121456,
            72.3317522812471,
            20.975079523594534,
            40.04704582867553,
            10.206343235143583,
            25.503741270899905,
            22.897361902054065,
            26.54397541262175,
            69.34159786883109
        ],
        [
            73.8817126232522,
            84.34539727267045,
            66.69422589277418,
            38.22483916866132,
            40.89587700016841,
            65.8125496993225,
            48.683043573174096,
            105.25617054643226,
            26.37834713865359,
            78.2253008757995,
            86.03017421742506,
            60.46727354210303,
            44.07233444874035,
            0.0,
            36.88275995071881,
            7.6042750676762445,
            68.64509521533482,
            64.03514506540078,
            11.472389122637598,
            49.73834009973706,
            19.21696715113468,
            29.049202852697615,
            67.14194918715211,
            73.8817126232522
        ],
        [
            44.6384109457068,
            57.83865946828436,
            33.01469433652399,
            14.728445474275569,
            11.977921489284016,
            29.04359685198627,
            33.12870247387621,
            81.55079815511814,
            17.136471706285494,
            68.74680896395307,
            58.12973837520448,
            24.34433097618822,
            59.513573662984925,
            36.88275995071881,
            0.0,
            33.40008951947167,
            35.37958268717343,
            72.36009089184542,
            27.815863892528455,
            68.99576912566013,
            39.44188009808046,
            36.632459552437126,
            70.98368973061741,
            44.6384109457068
        ],
        [
            67.37998749530057,
            77.39592498764117,
            61.150390894926424,
            37.64055951203818,
            39.49061195641295,
            62.40055321985527,
            41.3650355176188,
            97.95183675846852,
            26.471666320383186,
            70.64306341763897,
            79.22600257318898,
            55.886749947297076,
            38.26148019121456,
            7.6042750676762445,
            33.40008951947167,
            0.0,
            62.96684958788321,
            57.56927900945766,
            5.644518841079217,
            44.92688083614116,
            12.788225660513039,
            21.569108231988977,
            60.21567890386657,
            67.37998749530057
        ],
        [
            13.31520141152736,
            27.06200528499769,
            2.5365277877686045,
            46.62035072812707,
            41.93943024125966,
            24.437098452625104,
            32.034600230003264,
            50.8650115063136,
            52.483660917886006,
            55.35949681304252,
            25.72250068317932,
            14.340316765579482,
            72.3317522812471,
            68.64509521533482,
            35.37958268717343,
            62.96684958788321,
            0.0,
            75.6786077297206,
            57.58687437899366,
            82.494702381565,
            63.02389731551401,
            53.95378029734721,
            70.49377573286706,
            13.31520141152736
        ],
        [
            69.0639900124028,
            68.43546853853417,
            75.78512696587399,
            84.96896352740801,
            83.8944445668961,
            92.03203194130188,
            44.918646928192985,
            75.6788250403109,
            77.97757626622645,
            34.61036733790912,
            72.29662003252955,
            80.02953689461933,
            20.975079523594534,
            64.03514506540078,
            72.36009089184542,
            57.56927900945766,
            75.6786077297206,
            0.0,
            58.28026807484531,
            22.231296079593843,
            44.89614996344101,
            38.35497226605333,
            8.497481389554084,
            69.0639900124028
        ],
        [
            62.446656366402344,
            72.88609899565263,
            55.722478901869586,
            32.9071471967314,
            34.409403766275105,
            56.78626100734403,
            37.481419275363784,
            93.97395593488241,
            22.311069982512905,
            68.48164359261506,
            74.55779218008499,
            50.26378608574928,
            40.04704582867553,
            11.472389122637598,
            27.815863892528455,
            5.644518841079217,
            57.58687437899366,
            58.28026807484531,
            0.0,
            47.60258845932081,
            14.951667428611733,
            20.618904318834176,
            60.14475937731857,
            62.446656366402344
        ],
        [
            79.19574848983919,
            82.09006302893341,
            81.9205102432215,
            78.93826604942154,
            79.13091462521209,
            93.73230218966603,
            50.531965814692846,
            93.65506948219291,
            69.61017644471818,
            53.975288767463844,
            85.5609732270461,
            83.03001896441776,
            10.206343235143583,
            49.73834009973706,
            68.99576912566013,
            44.92688083614116,
            82.494702381565,
            22.231296079593843,
            47.60258845932081,
            0.0,
            32.65990592767706,
            32.42716917238082,
            29.88257970866445,
            79.19574848983919
        ],
        [
            64.88559199516185,
            73.03728029442246,
            61.60794011848802,
            47.14299961440688,
            48.015507637401264,
            67.24145953081734,
            36.168384510389885,
            91.66424588618932,
            37.13149608276841,
            60.74739257311254,
            75.41862256443552,
            58.724570420144396,
            25.503741270899905,
            19.21696715113468,
            39.44188009808046,
            12.788225660513039,
            63.02389731551401,
            44.89614996344101,
            14.951667428611733,
            32.65990592767706,
            0.0,
            11.98508538782646,
            47.952569744472136,
            64.88559199516185
        ],
        [
            54.29035793328883,
            61.58891647490593,
            52.84284355153011,
            47.5228192797288,
            47.18023537445277,
            61.81491688072616,
            24.87131074206456,
            79.73183457826178,
            39.69352682236289,
            49.336066447370406,
            64.15019929265846,
            51.84531327244883,
            22.897361902054065,
            29.049202852697615,
            36.632459552437126,
            21.569108231988977,
            53.95378029734721,
            38.35497226605333,
            20.618904318834176,
            32.42716917238082,
            11.98508538782646,
            0.0,
            39.601982623741726,
            54.29035793328883
        ],
        [
            62.8596519224503,
            61.13668732996725,
            70.8358715212794,
            84.34199411764459,
            82.8005783665574,
            88.40218021111208,
            41.136492970476866,
            67.34236438022674,
            78.39695382249941,
            26.203400722514086,
            65.07259547282874,
            76.12070590561308,
            26.54397541262175,
            67.14194918715211,
            70.98368973061741,
            60.21567890386657,
            70.49377573286706,
            8.497481389554084,
            60.14475937731857,
            29.88257970866445,
            47.952569744472136,
            39.601982623741726,
            0.0,
            62.8596519224503
        ],
        [
            0.0,
            14.036244034658054,
            15.507940007247678,
            57.48508936733721,
            53.03352654241967,
            37.75044526057289,
            29.75933975429286,
            38.1300662391337,
            61.60348433489696,
            44.43863438614429,
            13.546979111683106,
            27.161336944958038,
            69.34159786883109,
            73.8817126232522,
            44.6384109457068,
            67.37998749530057,
            13.31520141152736,
            69.0639900124028,
            62.446656366402344,
            79.19574848983919,
            64.88559199516185,
            54.29035793328883,
            62.8596519224503,
            0.0
        ]
    ],
    "scores_ave": [
        0,
        14.848597149058634,
        14.192442697046214,
        18.20331354221547,
        19.658045604093672,
        18.615113061705067,
        12.79939998131312,
        17.54907661033013,
        14.405756532657419,
        17.323134706404737,
        19.17497549770892,
        15.684166548348287,
        13.813582767294665,
        11.59360747519122,
        15.836881996768259,
        17.473539930495548,
        19.201173236707398,
        17.15409917362519,
        11.958564717963858,
        14.314971199066282,
        18.087704344989547,
        14.042165873167445,
        10.496354168596987,
        0
    ],
    "scores_var": [
        0,
        397.45668795622413,
        19.001379117446955,
        231.4739641928121,
        17.638631294955353,
        337.6279750357166,
        382.83867844209874,
        399.0689860264036,
        255.9029657288323,
        17.531596700631525,
        266.30014017679156,
        350.8492697170812,
        242.6783222415522,
        386.02093214195895,
        362.2836314926651,
        23.9815183567188,
        374.72611446394126,
        17.20164280397027,
        21.637197434871002,
        367.54355011817313,
        21.106510528492144,
        299.64212260849166,
        23.786721990294666,
        0
    ],
    "vertex_number": 24,
    "minimum_distances": {
        "cost": 388.1336891711441,
        "path": [
            0,
            10,
            1,
            7,
            9,
            6,
            22,
            17,
            19,
            12,
            21,
            20,
            18,
            15,
            13,
            8,
            3,
            4,
            14,
            5,
            11,
            2,
            16,
            23
        ]
    }
}