{
    "vertices": [
        [
            8.625817237130118,
            79.90109527233467
        ],
        [
            87.90936308967986,
            98.59598052762468
        ],
        [
            53.756705964689466,
            65.31163435529392
        ],
        [
            30.9774893872491,
            91.30838557709163
        ],
        [
            11.53378664010447,
            97.89305950623944
        ],
        [
            73.18692714913982,
            40.19362380689317
        ],
        [
            13.538679549145272,
            31.42054520362819
        ],
        [
            72.79057663216783,
            92.77344011520975
        ],
        [
            63.256004247238515,
            93.82698139755533
        ],
        [
            82.29407954729533,
            7.856972637010074
        ],
        [
            94.3869731237416,
            36.642206358164955
        ],
        [
            76.96717862965849,
            10.296267754593524
        ],
        [
            37.972205852884585,
            40.61103450564413
        ],
        [
            60.28766086073097,
            58.87651763218776
        ],
        [
            62.360634055660846,
            35.51776903528899
        ],
        [
            10.070941725604454,
            12.618990317369116
        ],
        [
            37.99538731769151,
            60.284659419485706
        ],
        [
            37.68134434371546,
            99.34621972869292
        ],
        [
            39.41483102762755,
            14.218752554991532
        ],
        [
            10.12147742754621,
            22.33280444940181
        ],
        [
            77.66503454841465,
            84.55199684567188
        ],
        [
            8.625817237130118,
            79.90109527233467
        ]
    ],
    "distances": [
        [
            0.0,
            81.45783803699811,
            47.43047002918275,
            25.09429257826183,
            18.225450969530037,
            75.7945921768133,
            48.72884106010705,
            65.4432090440022,
            56.37719075239586,
            103.04061567213677,
            96.05366900382384,
            97.54677693680433,
            49.03997756766533,
            55.7761503829007,
            69.69440570365086,
            67.29762278088424,
            35.31821346396141,
            34.961929588693714,
            72.54056461752941,
            57.587716638871626,
            69.19569648756807,
            0.0
        ],
        [
            81.45783803699811,
            0.0,
            47.68911499301183,
            57.39640479535771,
            76.37881104054475,
            60.229439567032976,
            100.21745197945704,
            16.201224669822157,
            25.110385399606734,
            90.91258967950695,
            62.29148870908281,
            88.97511268077683,
            76.5243336335862,
            48.379687542673416,
            68.05584706934118,
            115.97785429152296,
            62.92187459395639,
            50.233621470124675,
            97.32027661419342,
            108.93588564528773,
            17.383318006650434,
            81.45783803699811
        ],
        [
            47.43047002918275,
            47.68911499301183,
            0.0,
            34.56477660813063,
            53.33220585309666,
            31.75606948578861,
            52.59368377141465,
            33.413156214007074,
            30.055975858412015,
            64.15153812774595,
            49.726800732587975,
            59.71110954873251,
            29.313308866657948,
            9.168647615331775,
            31.01132034114637,
            68.44677299084574,
            16.54356800987772,
            37.64000867141596,
            53.06761674854068,
            61.247146787163295,
            30.688755667646646,
            47.43047002918275
        ],
        [
            25.09429257826183,
            57.39640479535771,
            34.56477660813063,
            0.0,
            20.528407324303522,
            66.28993518626389,
            62.3751995040255,
            41.83874579562401,
            32.37662500127854,
            97.96698804878184,
            83.72068906861861,
            93.15586267487248,
            51.177607057151775,
            43.71398186164918,
            64.01167599268841,
            81.41931381109436,
            31.80758519699711,
            10.466539500999676,
            77.54998551539857,
            72.05972541417147,
            47.17388750003469,
            25.09429257826183
        ],
        [
            18.225450969530037,
            76.37881104054475,
            53.33220585309666,
            20.528407324303522,
            0.0,
            84.44130869811204,
            66.50274244937256,
            61.47035726950642,
            51.881796281409216,
            114.51426108146907,
            103.03551582759867,
            109.33767288743552,
            63.08898793481733,
            62.44382108207583,
            80.46145213417223,
            85.28661554588811,
            45.98486781002435,
            26.187906531370306,
            88.19717841241116,
            75.5734527566806,
            67.46351534587839,
            18.225450969530037
        ],
        [
            75.7945921768133,
            60.229439567032976,
            31.75606948578861,
            66.28993518626389,
            84.44130869811204,
            0.0,
            60.28996889972097,
            52.58131014674908,
            54.54502980227755,
            33.59463102470291,
            21.495453361591615,
            30.13539779352418,
            35.21719505673846,
            22.703338795571717,
            11.7928893826341,
            68.87661452238713,
            40.5227613532799,
            68.99040523609472,
            42.605732161218995,
            65.54586040863137,
            44.58383905101589,
            75.7945921768133
        ],
        [
            48.72884106010705,
            100.21745197945704,
            52.59368377141465,
            62.3751995040255,
            66.50274244937256,
            60.28996889972097,
            0.0,
            85.29340550106244,
            79.78957108270686,
            72.68113222156002,
            81.01674098071898,
            66.85364308211228,
            26.104832909750453,
            54.215290054271705,
            48.993575956068014,
            19.11867337850166,
            37.83209806952475,
            72.08859495834278,
            31.07212393229743,
            9.70898050033515,
            83.27749131117693,
            48.72884106010705
        ],
        [
            65.4432090440022,
            16.201224669822157,
            33.413156214007074,
            41.83874579562401,
            61.47035726950642,
            52.58131014674908,
            85.29340550106244,
            0.0,
            9.592602347489601,
            85.44660915819878,
            60.14249532991847,
            82.58285515074081,
            62.71551245665213,
            36.12927146522119,
            58.197900073467494,
            101.77665953059748,
            47.60489544705563,
            35.719177254409516,
            85.35091875511647,
            94.28307986124446,
            9.557848576509826,
            65.4432090440022
        ],
        [
            56.37719075239586,
            25.110385399606734,
            30.055975858412015,
            32.37662500127854,
            51.881796281409216,
            54.54502980227755,
            79.78957108270686,
            9.592602347489601,
            0.0,
            88.05277234374203,
            65.10941344763819,
            84.6485465005018,
            58.916953967843995,
            35.07628800022166,
            58.31608640922194,
            97.07414017497003,
            41.99030996958476,
            26.163432896635875,
            83.10157423260705,
            89.07690653500764,
            17.136087437273677,
            56.37719075239586
        ],
        [
            103.04061567213677,
            90.91258967950695,
            64.15153812774595,
            97.96698804878184,
            114.51426108146907,
            33.59463102470291,
            72.68113222156002,
            85.44660915819878,
            88.05277234374203,
            0.0,
            31.222231749712698,
            5.858842381988665,
            55.11131514197068,
            55.563265157146134,
            34.094895608507194,
            72.37995889194056,
            68.63699057078865,
            101.78692684106213,
            43.34861240381592,
            73.6100142874342,
            76.83459374506305,
            103.04061567213677
        ],
        [
            96.05366900382384,
            62.29148870908281,
            49.726800732587975,
            83.72068906861861,
            103.03551582759867,
            21.495453361591615,
            81.01674098071898,
            60.14249532991847,
            65.10941344763819,
            31.222231749712698,
            0.0,
            31.584137175475345,
            56.55420022499816,
            40.70783333267007,
            32.0460723552318,
            87.67159209045082,
            61.147171124082796,
            84.54183359798554,
            59.36958553921702,
            85.47182429264066,
            50.744174584614306,
            96.05366900382384
        ],
        [
            97.54677693680433,
            88.97511268077683,
            59.71110954873251,
            93.15586267487248,
            109.33767288743552,
            30.13539779352418,
            66.85364308211228,
            82.58285515074081,
            84.6485465005018,
            5.858842381988665,
            31.584137175475345,
            0.0,
            49.392236080500965,
            51.363868537849285,
            29.145759061041854,
            66.93654870119126,
            63.38485481016871,
            97.33072856057322,
            37.756651035719685,
            67.92073309975049,
            74.25900824634654,
            97.54677693680433
        ],
        [
            49.03997756766533,
            76.5243336335862,
            29.313308866657948,
            51.177607057151775,
            63.08898793481733,
            35.21719505673846,
            26.104832909750453,
            62.71551245665213,
            58.916953967843995,
            55.11131514197068,
            56.55420022499816,
            49.392236080500965,
            0.0,
            28.837604027610663,
            24.91458976891822,
            39.52258946145343,
            19.673638571216017,
            58.73590540379338,
            26.43168011984,
            33.31301198947449,
            59.21426197480158,
            49.03997756766533
        ],
        [
            55.7761503829007,
            48.379687542673416,
            9.168647615331775,
            43.71398186164918,
            62.44382108207583,
            22.703338795571717,
            54.215290054271705,
            36.12927146522119,
            35.07628800022166,
            55.563265157146134,
            40.70783333267007,
            51.363868537849285,
            28.837604027610663,
            0.0,
            23.450551248958266,
            68.27501529825807,
            22.336703494715415,
            46.355607365747694,
            49.29493895859634,
            62.06519905259037,
            31.003279651086206,
            55.7761503829007
        ],
        [
            69.69440570365086,
            68.05584706934118,
            31.01132034114637,
            64.01167599268841,
            80.46145213417223,
            11.7928893826341,
            48.993575956068014,
            58.197900073467494,
            58.31608640922194,
            34.094895608507194,
            32.0460723552318,
            29.145759061041854,
            24.91458976891822,
            23.450551248958266,
            0.0,
            57.08385052485701,
            34.74282815064054,
            68.43346008062451,
            31.307474820388897,
            53.87738650257446,
            51.36711176816475,
            69.69440570365086
        ],
        [
            67.29762278088424,
            115.97785429152296,
            68.44677299084574,
            81.41931381109436,
            85.28661554588811,
            68.87661452238713,
            19.11867337850166,
            101.77665953059748,
            97.07414017497003,
            72.37995889194056,
            87.67159209045082,
            66.93654870119126,
            39.52258946145343,
            68.27501529825807,
            57.08385052485701,
            0.0,
            55.24301469487253,
            91.01618896712046,
            29.387464650532685,
            9.713945586055587,
            98.70825098612339,
            67.29762278088424
        ],
        [
            35.31821346396141,
            62.92187459395639,
            16.54356800987772,
            31.80758519699711,
            45.98486781002435,
            40.5227613532799,
            37.83209806952475,
            47.60489544705563,
            41.99030996958476,
            68.63699057078865,
            61.147171124082796,
            63.38485481016871,
            19.673638571216017,
            22.336703494715415,
            34.74282815064054,
            55.24301469487253,
            0.0,
            39.06282269344262,
            46.087770565454,
            47.088195423420316,
            46.503597464781116,
            35.31821346396141
        ],
        [
            34.961929588693714,
            50.233621470124675,
            37.64000867141596,
            10.466539500999676,
            26.187906531370306,
            68.99040523609472,
            72.08859495834278,
            35.719177254409516,
            26.163432896635875,
            101.78692684106213,
            84.54183359798554,
            97.33072856057322,
            58.73590540379338,
            46.355607365747694,
            68.43346008062451,
            91.01618896712046,
            39.06282269344262,
            0.0,
            85.14511520629299,
            81.7961637084375,
            42.63290411287814,
            34.961929588693714
        ],
        [
            72.54056461752941,
            97.32027661419342,
            53.06761674854068,
            77.54998551539857,
            88.19717841241116,
            42.605732161218995,
            31.07212393229743,
            85.35091875511647,
            83.10157423260705,
            43.34861240381592,
            59.36958553921702,
            37.756651035719685,
            26.43168011984,
            49.29493895859634,
            31.307474820388897,
            29.387464650532685,
            46.087770565454,
            85.14511520629299,
            0.0,
            30.3963550986723,
            80.06149712461135,
            72.54056461752941
        ],
        [
            57.587716638871626,
            108.93588564528773,
            61.247146787163295,
            72.05972541417147,
            75.5734527566806,
            65.54586040863137,
            9.70898050033515,
            94.28307986124446,
            89.07690653500764,
            73.6100142874342,
            85.47182429264066,
            67.92073309975049,
            33.31301198947449,
            62.06519905259037,
            53.87738650257446,
            9.713945586055587,
            47.088195423420316,
            81.7961637084375,
            30.3963550986723,
            0.0,
            91.83332734353084,
            57.587716638871626
        ],
        [
            69.19569648756807,
            17.383318006650434,
            30.688755667646646,
            47.17388750003469,
            67.46351534587839,
            44.58383905101589,
            83.27749131117693,
            9.557848576509826,
            17.136087437273677,
            76.83459374506305,
            50.744174584614306,
            74.25900824634654,
            59.21426197480158,
            31.003279651086206,
            51.36711176816475,
            98.70825098612339,
            46.503597464781116,
            42.63290411287814,
            80.06149712461135,
            91.83332734353084,
            0.0,
            69.19569648756807
        ],
        [
            0.0,
            81.45783803699811,
            47.43047002918275,
            25.09429257826183,
            18.225450969530037,
            75.7945921768133,
            48.72884106010705,
            65.4432090440022,
            56.37719075239586,
            103.04061567213677,
            96.05366900382384,
            97.54677693680433,
            49.03997756766533,
            55.7761503829007,
            69.69440570365086,
            67.29762278088424,
            35.31821346396141,
            34.961929588693714,
            72.54056461752941,
            57.587716638871626,
            69.19569648756807,
            0.0
        ]
    ],
    "scores_ave": [
        0,
        12.757387887950598,
        14.89925139938169,
        13.207197031318573,
        10.723371502009568,
        16.691795902216768,
        16.793922562889072,
        19.702658817017586,
        10.01989756467378,
        17.65669151090794,
        16.531380824700975,
        15.508174860412183,
        16.80742828309149,
        18.312919214500265,
        16.758447608219658,
        11.822162538072895,
        14.253262457360847,
        12.251818145162447,
        19.522699439608886,
        17.031366371058667,
        17.43363174029888,
        0
    ],
    "scores_var": [
        0,
        269.6253676346852,
        370.10396678286804,
        18.467063758305358,
        19.89294114833115,
        379.25592636320505,
        19.793620201269764,
        349.7190323124152,
        232.3060401801147,
        318.2371942178488,
        16.730325686626273,
        262.44751953583983,
        354.33463070123355,
        357.43528164723693,
        22.362296531864224,
        304.3291418274742,
        16.980881785345225,
        345.4121146696853,
        24.79590374950223,
        22.357830080669984,
        302.49086270048093,
        0
    ],
    "vertex_number": 22,
    "minimum_distances": {
        "cost": 419.902073840866,
        "path": [
            0,
            4,
            3,
            17,
            8,
            7,
            1,
            20,
            2,
            13,
            14,
            5,
            10,
            9,
            11,
            18,
            15,
            19,
            6,
            12,
            16,
            21
        ]
    }
}