{
    "vertices": [
        [
            67.86871147932281,
            23.107917619910513
        ],
        [
            63.82761885834945,
            66.26505892234482
        ],
        [
            4.103693681553244,
            9.403067906856188
        ],
        [
            99.22128862224118,
            44.50161823462656
        ],
        [
            60.44845133687513,
            46.08477732986642
        ],
        [
            25.317898269887706,
            80.88850159929822
        ],
        [
            71.80130862522117,
            21.833610679106595
        ],
        [
            7.4598987284150375,
            23.22706215451724
        ],
        [
            32.00223492842164,
            96.03528749861806
        ],
        [
            17.94859907094327,
            46.16615580034065
        ],
        [
            0.5522854636641816,
            98.71073191790984
        ],
        [
            38.34671161246913,
            30.802824881536537
        ],
        [
            72.10869838680529,
            42.0916938999506
        ],
        [
            16.723652447620918,
            5.932203746770304
        ],
        [
            4.848569110447654,
            47.947330700478815
        ],
        [
            13.829259016323537,
            5.891360391144806
        ],
        [
            52.853201177864996,
            19.79151099261155
        ],
        [
            30.540320306473344,
            14.633655813880397
        ],
        [
            57.63239767277387,
            88.15382197572474
        ],
        [
            67.86871147932281,
            23.107917619910513
        ]
    ],
    "distances": [
        [
            0.0,
            43.34592570207224,
            65.22116527943422,
            37.95621845619962,
            24.145317200496514,
            71.75770056086881,
            4.133905960627181,
            60.4089302454063,
            81.26995396579332,
            54.98818028313625,
            101.22888294009479,
            30.50836072134217,
            19.451510245382885,
            53.95203620261475,
            67.73872442244836,
            56.715714447691866,
            15.37738932754121,
            38.27821705239687,
            65.8464258241241,
            0.0
        ],
        [
            43.34592570207224,
            0.0,
            82.4635268513848,
            41.54947905718258,
            20.4612447883776,
            41.192762174046265,
            45.14125963561354,
            70.91959558848421,
            43.578912007654154,
            50.08842544301943,
            71.10899740780846,
            43.66745558465959,
            25.55245300675696,
            76.54304060631436,
            61.75813692442172,
            78.3888988392421,
            47.751738194571985,
            61.431637059665626,
            22.748598056698224,
            43.34592570207224
        ],
        [
            65.22116527943422,
            82.4635268513848,
            0.0,
            101.38671067951566,
            67.23302403901755,
            74.56681370765575,
            68.82939388570756,
            14.225573073726993,
            91.01357082929154,
            39.2836611927303,
            89.3782487602064,
            40.37986968270709,
            75.45347529622317,
            13.088554437943749,
            38.55145955354236,
            10.340150422348284,
            49.84409925837695,
            26.94910531276581,
            95.22081399250447,
            65.22116527943422
        ],
        [
            37.95621845619962,
            41.54947905718258,
            101.38671067951566,
            0.0,
            38.80514532737008,
            82.37545985648002,
            35.57659159579635,
            94.19532584822079,
            84.7001785553198,
            81.28973337518903,
            112.5797503578437,
            62.39688345942713,
            27.219483547149032,
            91.06843420382316,
            94.43560304487383,
            93.71526413001277,
            52.5413069228507,
            74.89439623869471,
            60.29221128687377,
            37.95621845619962
        ],
        [
            24.145317200496514,
            20.4612447883776,
            67.23302403901755,
            38.80514532737008,
            0.0,
            49.451541753670895,
            26.776976164841265,
            57.708420967627696,
            57.48252511916235,
            42.499930177371944,
            79.73105908373479,
            26.870522314953277,
            12.32501831818814,
            59.36402280212885,
            55.63107053303024,
            61.55371522361985,
            27.36829698135716,
            43.4012597322359,
            42.16319100417233,
            24.145317200496514
        ],
        [
            71.75770056086881,
            41.192762174046265,
            74.56681370765575,
            82.37545985648002,
            49.451541753670895,
            0.0,
            75.15442488541878,
            60.36348023819851,
            16.55613117985162,
            35.495744371205255,
            30.51175955590601,
            51.75253606724952,
            60.78298498133744,
            75.44738331453539,
            38.78291088124677,
            75.87199760975217,
            67.01518609559794,
            66.46035120263595,
            33.121167730489944,
            71.75770056086881
        ],
        [
            4.133905960627181,
            45.14125963561354,
            68.82939388570756,
            35.57659159579635,
            26.776976164841265,
            75.15442488541878,
            0.0,
            64.35649722074024,
            84.20127736531379,
            59.09472970083122,
            104.81657822807294,
            34.63606306575141,
            20.26041520423923,
            57.327157198361924,
            71.86512159516417,
            60.12415388261614,
            19.057831643871175,
            41.88446617901604,
            67.81687447830707,
            4.133905960627181
        ],
        [
            60.4089302454063,
            70.91959558848421,
            14.225573073726993,
            94.19532584822079,
            57.708420967627696,
            60.36348023819851,
            64.35649722074024,
            0.0,
            76.83335176804094,
            25.22329978744271,
            75.7990733582164,
            31.802317384597377,
            67.34494508247438,
            19.61961417342644,
            24.857810027396436,
            18.468765689828327,
            45.523125102010646,
            24.628286435645435,
            82.05342035041838,
            60.4089302454063
        ],
        [
            81.26995396579332,
            43.578912007654154,
            91.01357082929154,
            84.7001785553198,
            57.48252511916235,
            16.55613117985162,
            84.20127736531379,
            76.83335176804094,
            0.0,
            51.81153324458502,
            31.563544227106654,
            65.54026673338582,
            67.21934023387064,
            91.38928156088723,
            55.224751302055815,
            91.95751545066423,
            79.04350858504003,
            81.41475809274111,
            26.81459940201488,
            81.26995396579332
        ],
        [
            54.98818028313625,
            50.08842544301943,
            39.2836611927303,
            81.28973337518903,
            42.499930177371944,
            35.495744371205255,
            59.09472970083122,
            25.22329978744271,
            51.81153324458502,
            0.0,
            55.34947340759284,
            25.536541116162088,
            54.31314387587747,
            40.25259484901546,
            13.22056613730157,
            40.484912099919114,
            43.748750119019356,
            33.95364485691359,
            57.77341934078461,
            54.98818028313625
        ],
        [
            101.22888294009479,
            71.10899740780846,
            89.3782487602064,
            112.5797503578437,
            79.73105908373479,
            30.51175955590601,
            104.81657822807294,
            75.7990733582164,
            31.563544227106654,
            55.34947340759284,
            0.0,
            77.71680954580026,
            91.2471133598548,
            94.17732423323962,
            50.94488155188406,
            93.76413897296585,
            94.67644488467012,
            89.26498171139842,
            58.048148612440336,
            101.22888294009479
        ],
        [
            30.50836072134217,
            43.66745558465959,
            40.37986968270709,
            62.39688345942713,
            26.870522314953277,
            51.75253606724952,
            34.63606306575141,
            31.802317384597377,
            65.54026673338582,
            25.536541116162088,
            77.71680954580026,
            0.0,
            35.599302165426764,
            32.95609933344065,
            37.630567772244454,
            34.95263287451024,
            18.212283576514274,
            17.954992998070892,
            60.50681411638045,
            30.50836072134217
        ],
        [
            19.451510245382885,
            25.55245300675696,
            75.45347529622317,
            27.219483547149032,
            12.32501831818814,
            60.78298498133744,
            20.26041520423923,
            67.34494508247438,
            67.21934023387064,
            54.31314387587747,
            91.2471133598548,
            35.599302165426764,
            0.0,
            66.14387380418164,
            67.51454267498256,
            68.60726783283552,
            29.463067227705334,
            49.81840936607172,
            48.28336074914512,
            19.451510245382885
        ],
        [
            53.95203620261475,
            76.54304060631436,
            13.088554437943749,
            91.06843420382316,
            59.36402280212885,
            75.44738331453539,
            57.327157198361924,
            19.61961417342644,
            91.38928156088723,
            40.25259484901546,
            94.17732423323962,
            32.95609933344065,
            66.14387380418164,
            0.0,
            43.661063857870595,
            2.8946815912697854,
            38.69657205471448,
            16.328367303501604,
            91.8363759089197,
            53.95203620261475
        ],
        [
            67.73872442244836,
            61.75813692442172,
            38.55145955354236,
            94.43560304487383,
            55.63107053303024,
            38.78291088124677,
            71.86512159516417,
            24.857810027396436,
            55.224751302055815,
            13.22056613730157,
            50.94488155188406,
            37.630567772244454,
            67.51454267498256,
            43.661063857870595,
            0.0,
            43.00415596015209,
            55.65244723594857,
            42.069787424807195,
            66.35280324419965,
            67.73872442244836
        ],
        [
            56.715714447691866,
            78.3888988392421,
            10.340150422348284,
            93.71526413001277,
            61.55371522361985,
            75.87199760975217,
            60.12415388261614,
            18.468765689828327,
            91.95751545066423,
            40.484912099919114,
            93.76413897296585,
            34.95263287451024,
            68.60726783283552,
            2.8946815912697854,
            43.00415596015209,
            0.0,
            41.425623092124866,
            18.85967387579984,
            93.19778721681487,
            56.715714447691866
        ],
        [
            15.37738932754121,
            47.751738194571985,
            49.84409925837695,
            52.5413069228507,
            27.36829698135716,
            67.01518609559794,
            19.057831643871175,
            45.523125102010646,
            79.04350858504003,
            43.748750119019356,
            94.67644488467012,
            18.212283576514274,
            29.463067227705334,
            38.69657205471448,
            55.65244723594857,
            41.425623092124866,
            0.0,
            22.901269022167295,
            68.52916373405434,
            15.37738932754121
        ],
        [
            38.27821705239687,
            61.431637059665626,
            26.94910531276581,
            74.89439623869471,
            43.4012597322359,
            66.46035120263595,
            41.88446617901604,
            24.628286435645435,
            81.41475809274111,
            33.95364485691359,
            89.26498171139842,
            17.954992998070892,
            49.81840936607172,
            16.328367303501604,
            42.069787424807195,
            18.85967387579984,
            22.901269022167295,
            0.0,
            78.3530183750876,
            38.27821705239687
        ],
        [
            65.8464258241241,
            22.748598056698224,
            95.22081399250447,
            60.29221128687377,
            42.16319100417233,
            33.121167730489944,
            67.81687447830707,
            82.05342035041838,
            26.81459940201488,
            57.77341934078461,
            58.048148612440336,
            60.50681411638045,
            48.28336074914512,
            91.8363759089197,
            66.35280324419965,
            93.19778721681487,
            68.52916373405434,
            78.3530183750876,
            0.0,
            65.8464258241241
        ],
        [
            0.0,
            43.34592570207224,
            65.22116527943422,
            37.95621845619962,
            24.145317200496514,
            71.75770056086881,
            4.133905960627181,
            60.4089302454063,
            81.26995396579332,
            54.98818028313625,
            101.22888294009479,
            30.50836072134217,
            19.451510245382885,
            53.95203620261475,
            67.73872442244836,
            56.715714447691866,
            15.37738932754121,
            38.27821705239687,
            65.8464258241241,
            0.0
        ]
    ],
    "scores_ave": [
        0,
        11.204049740712334,
        19.2644330659866,
        15.12816216190473,
        10.494380131656904,
        17.69205731437241,
        16.0251772917402,
        17.509760941557122,
        15.338406347550988,
        10.531421343526166,
        12.104035645726029,
        15.063451897494886,
        18.54428021095059,
        17.364298269991263,
        12.081026520138012,
        16.280779622948398,
        11.262279096156556,
        14.075108787207533,
        18.29456413091551,
        0
    ],
    "scores_var": [
        0,
        20.30786373007172,
        23.96761671076541,
        18.191048854972273,
        374.29573382462377,
        306.09270200029016,
        23.518286906752376,
        23.531315403428597,
        369.52019995471073,
        17.05552982101849,
        306.07080594646015,
        18.83127643312222,
        18.224514652512283,
        339.4265900586342,
        278.84006210202875,
        327.0969973267331,
        17.03007416828074,
        336.23906288307955,
        21.45666800782776,
        0
    ],
    "vertex_number": 20,
    "minimum_distances": {
        "cost": 426.1253474420947,
        "path": [
            0,
            16,
            17,
            13,
            15,
            2,
            7,
            14,
            9,
            11,
            4,
            5,
            10,
            8,
            18,
            1,
            12,
            3,
            6,
            19
        ]
    }
}