{
    "vertices": [
        [
            68.00108637568832,
            86.51876588328116
        ],
        [
            19.419186626708374,
            24.3750442548763
        ],
        [
            50.21907101204809,
            84.37399832833835
        ],
        [
            37.85011235669658,
            88.5452680541534
        ],
        [
            36.810526067995774,
            78.02360546130421
        ],
        [
            53.88570809902288,
            50.52853005297335
        ],
        [
            26.535553404217747,
            7.922678441184483
        ],
        [
            91.42623363929707,
            72.11023857712247
        ],
        [
            91.5417067328898,
            46.198731224698655
        ],
        [
            86.44063290294778,
            8.453005228416233
        ],
        [
            46.244499634485635,
            49.42503018688963
        ],
        [
            18.629734435807265,
            22.632260978512576
        ],
        [
            62.2084283875605,
            75.5538198562536
        ],
        [
            0.1328445664118605,
            9.207131491802823
        ],
        [
            1.155442106412985,
            80.32917991419866
        ],
        [
            80.31585117164032,
            87.52818690230522
        ],
        [
            44.40068423711169,
            32.29243759592878
        ],
        [
            51.875242405571356,
            53.05746977405772
        ],
        [
            42.75453168045607,
            98.77067245176477
        ],
        [
            68.5514675080315,
            53.13485444726121
        ],
        [
            68.00108637568832,
            86.51876588328116
        ]
    ],
    "distances": [
        [
            0.0,
            78.87992850560028,
            17.910893284743576,
            30.218999740932272,
            32.3267505775469,
            38.65929356590121,
            88.86357738586614,
            27.501694192432527,
            46.68903513322142,
            80.21396301613345,
            43.00342189339388,
            80.7404229696539,
            12.401005118257494,
            102.87461814541057,
            67.13159563307849,
            12.356065829108646,
            59.13944251200078,
            37.144329056501874,
            28.06239010744105,
            33.388448034595186,
            0.0
        ],
        [
            78.87992850560028,
            0.0,
            67.44262278455443,
            66.76463619097801,
            56.39704608471902,
            43.26599035955124,
            17.925485125362002,
            86.39249733892267,
            75.35204854165107,
            68.88675916109686,
            36.702850204844985,
            1.913250718042891,
            66.70971655257414,
            24.536270451210992,
            58.859405886268256,
            87.73097046621835,
            26.206112649065844,
            43.31370557207101,
            77.96953137980972,
            56.93072726483683,
            78.87992850560028
        ],
        [
            17.910893284743576,
            67.44262278455443,
            0.0,
            13.05337616646729,
            14.836325929365023,
            34.043500852678434,
            80.03570027661617,
            42.99337222205403,
            56.25754386170461,
            84.11895588447766,
            35.17424614383848,
            69.35364674119089,
            14.884227845514229,
            90.32545571202513,
            49.23007452150805,
            30.26161068970004,
            52.40555879853225,
            31.36029120361924,
            16.216768273889226,
            36.22100042390579,
            17.910893284743576
        ],
        [
            30.218999740932272,
            66.76463619097801,
            13.05337616646729,
            0.0,
            10.57289569462484,
            41.26030415619449,
            81.41265995034385,
            56.04026200508696,
            68.38140454908799,
            93.679289341362,
            40.0107329170662,
            68.65819273164192,
            27.606254474994543,
            87.84720941925382,
            37.60323030140566,
            42.47791693537319,
            56.632949124359115,
            38.15872245839228,
            11.340732956822299,
            46.86651896545736,
            30.218999740932272
        ],
        [
            32.3267505775469,
            56.39704608471902,
            14.836325929365023,
            10.57289569462484,
            0.0,
            32.36573825980973,
            70.8499472993561,
            54.9349016693471,
            63.311331980531186,
            85.45885513633485,
            30.11442121276095,
            58.29873264475264,
            25.517705288075312,
            77.98050660214187,
            35.72954919762294,
            44.53145383593966,
            46.35677097645331,
            29.15910851664741,
            21.581751352186814,
            40.33531071578355,
            32.3267505775469
        ],
        [
            38.65929356590121,
            43.26599035955124,
            34.043500852678434,
            41.26030415619449,
            32.36573825980973,
            0.0,
            50.62893988022605,
            43.301976867821054,
            37.904107838163355,
            53.19936952869956,
            7.72047788371694,
            44.95759676868938,
            26.372955896891764,
            67.79991384217689,
            60.56863613952967,
            45.470067844762866,
            20.555309429996488,
            3.230713298549378,
            49.50966967862467,
            14.89555054005003,
            38.65929356590121
        ],
        [
            88.86357738586614,
            17.925485125362002,
            80.03570027661617,
            81.41265995034385,
            70.8499472993561,
            50.62893988022605,
            0.0,
            91.273453191911,
            75.43776366831922,
            59.90742688724346,
            45.944398591469515,
            16.69951472300158,
            76.46257449682346,
            26.433933752152665,
            76.72582032829992,
            96.06954462943084,
            30.216685141435708,
            51.76146469476429,
            92.2844151093321,
            61.72096805125074,
            88.86357738586614
        ],
        [
            27.501694192432527,
            86.39249733892267,
            42.99337222205403,
            56.04026200508696,
            54.9349016693471,
            43.301976867821054,
            91.273453191911,
            0.0,
            25.911764650638087,
            63.85216967585303,
            50.55697545729792,
            88.01931926305858,
            29.420033918307897,
            110.86606229771303,
            90.64417687130108,
            19.004045072973806,
            61.61866252650512,
            43.90089869960848,
            55.495164707877215,
            29.720702017884523,
            27.501694192432527
        ],
        [
            46.68903513322142,
            75.35204854165107,
            56.25754386170461,
            68.38140454908799,
            63.311331980531186,
            37.904107838163355,
            75.43776366831922,
            25.911764650638087,
            0.0,
            38.08885381847228,
            45.411958512149106,
            76.62593701949038,
            41.498945131786314,
            98.61013402976867,
            96.61554927067426,
            42.82690439068976,
            49.14937440534746,
            40.25507032311447,
            71.7216665588503,
            24.013764906294586,
            46.68903513322142
        ],
        [
            80.21396301613345,
            68.88675916109686,
            84.11895588447766,
            93.679289341362,
            85.45885513633485,
            53.19936952869956,
            59.90742688724346,
            63.85216967585303,
            38.08885381847228,
            0.0,
            57.39717727322256,
            69.27748006782204,
            71.34226699085856,
            86.31108291503135,
            111.5336194008894,
            79.31202499000203,
            48.32883010617305,
            56.42981904666636,
            100.32824354432464,
            48.12992715704303,
            80.21396301613345
        ],
        [
            43.00342189339388,
            36.702850204844985,
            35.17424614383848,
            40.0107329170662,
            30.11442121276095,
            7.72047788371694,
            45.944398591469515,
            50.55697545729792,
            45.411958512149106,
            57.39717727322256,
            0.0,
            38.476326992470256,
            30.619612519088346,
            61.18630654456337,
            54.663420851038765,
            51.11465100387455,
            17.231522977016272,
            6.7007373854345325,
            49.46890222001277,
            22.613350299198228,
            43.00342189339388
        ],
        [
            80.7404229696539,
            1.913250718042891,
            69.35364674119089,
            68.65819273164192,
            58.29873264475264,
            44.95759676868938,
            16.69951472300158,
            88.01931926305858,
            76.62593701949038,
            69.27748006782204,
            38.476326992470256,
            0.0,
            68.55504329070753,
            22.855394036757843,
            60.285034188298006,
            89.53579283980908,
            27.522006938830376,
            45.06614172990811,
            79.86903995770624,
            58.502885751509325,
            80.7404229696539
        ],
        [
            12.401005118257494,
            66.70971655257414,
            14.884227845514229,
            27.606254474994543,
            25.517705288075312,
            26.372955896891764,
            76.46257449682346,
            29.420033918307897,
            41.498945131786314,
            71.34226699085856,
            30.619612519088346,
            68.55504329070753,
            0.0,
            90.85846775984062,
            61.23945784809826,
            21.708621007216927,
            46.78314810700313,
            24.756019461114732,
            30.289871929943555,
            23.29901618724324,
            12.401005118257494
        ],
        [
            102.87461814541057,
            24.536270451210992,
            90.32545571202513,
            87.84720941925382,
            77.98050660214187,
            67.79991384217689,
            26.433933752152665,
            110.86606229771303,
            98.61013402976867,
            86.31108291503135,
            61.18630654456337,
            22.855394036757843,
            90.85846775984062,
            0.0,
            71.12939953019732,
            112.08702988691019,
            49.92567462771015,
            67.824242727907,
            99.1878827364223,
            81.30653607969673,
            102.87461814541057
        ],
        [
            67.13159563307849,
            58.859405886268256,
            49.23007452150805,
            37.60323030140566,
            35.72954919762294,
            60.56863613952967,
            76.72582032829992,
            90.64417687130108,
            96.61554927067426,
            111.5336194008894,
            54.663420851038765,
            60.285034188298006,
            61.23945784809826,
            71.12939953019732,
            0.0,
            79.48708112007216,
            64.63497179928694,
            57.58684152090972,
            45.503548217719974,
            72.67568766470208,
            67.13159563307849
        ],
        [
            12.356065829108646,
            87.73097046621835,
            30.26161068970004,
            42.47791693537319,
            44.53145383593966,
            45.470067844762866,
            96.06954462943084,
            19.004045072973806,
            42.82690439068976,
            79.31202499000203,
            51.11465100387455,
            89.53579283980908,
            21.708621007216927,
            112.08702988691019,
            79.48708112007216,
            0.0,
            65.88540974579975,
            44.68890876179742,
            39.20773142185894,
            36.34971857315776,
            12.356065829108646
        ],
        [
            59.13944251200078,
            26.206112649065844,
            52.40555879853225,
            56.632949124359115,
            46.35677097645331,
            20.555309429996488,
            30.216685141435708,
            61.61866252650512,
            49.14937440534746,
            48.32883010617305,
            17.231522977016272,
            27.522006938830376,
            46.78314810700313,
            49.92567462771015,
            64.63497179928694,
            65.88540974579975,
            0.0,
            22.06933576645245,
            66.49861297641831,
            31.90088827609109,
            59.13944251200078
        ],
        [
            37.144329056501874,
            43.31370557207101,
            31.36029120361924,
            38.15872245839228,
            29.15910851664741,
            3.230713298549378,
            51.76146469476429,
            43.90089869960848,
            40.25507032311447,
            56.42981904666636,
            6.7007373854345325,
            45.06614172990811,
            24.756019461114732,
            67.824242727907,
            57.58684152090972,
            44.68890876179742,
            22.06933576645245,
            0.0,
            46.61420666689884,
            16.676404650150715,
            37.144329056501874
        ],
        [
            28.06239010744105,
            77.96953137980972,
            16.216768273889226,
            11.340732956822299,
            21.581751352186814,
            49.50966967862467,
            92.2844151093321,
            55.495164707877215,
            71.7216665588503,
            100.32824354432464,
            49.46890222001277,
            79.86903995770624,
            30.289871929943555,
            99.1878827364223,
            45.503548217719974,
            39.20773142185894,
            66.49861297641831,
            46.61420666689884,
            0.0,
            52.42241679884871,
            28.06239010744105
        ],
        [
            33.388448034595186,
            56.93072726483683,
            36.22100042390579,
            46.86651896545736,
            40.33531071578355,
            14.89555054005003,
            61.72096805125074,
            29.720702017884523,
            24.013764906294586,
            48.12992715704303,
            22.613350299198228,
            58.502885751509325,
            23.29901618724324,
            81.30653607969673,
            72.67568766470208,
            36.34971857315776,
            31.90088827609109,
            16.676404650150715,
            52.42241679884871,
            0.0,
            33.388448034595186
        ],
        [
            0.0,
            78.87992850560028,
            17.910893284743576,
            30.218999740932272,
            32.3267505775469,
            38.65929356590121,
            88.86357738586614,
            27.501694192432527,
            46.68903513322142,
            80.21396301613345,
            43.00342189339388,
            80.7404229696539,
            12.401005118257494,
            102.87461814541057,
            67.13159563307849,
            12.356065829108646,
            59.13944251200078,
            37.144329056501874,
            28.06239010744105,
            33.388448034595186,
            0.0
        ]
    ],
    "scores_ave": [
        0,
        18.491447727512167,
        17.66705396797652,
        19.469447115562545,
        14.126328657221212,
        15.346160758556382,
        14.885153763350232,
        12.031668243287372,
        16.558217510491687,
        14.63195772097956,
        18.7066427865685,
        13.503873027513151,
        14.79087619271192,
        17.36987855492882,
        10.768924424924197,
        18.16081638633447,
        18.737047508715236,
        18.69722106264074,
        14.058636146390443,
        13.929241286876534,
        0
    ],
    "scores_var": [
        0,
        343.5377136402029,
        24.977515826520797,
        23.382555849584246,
        22.778150017111038,
        391.75699683595246,
        240.0662099655512,
        233.45226888704423,
        335.8580690980941,
        258.45477452342493,
        370.97183976115724,
        22.974282384083043,
        344.3531397612782,
        23.43138775558172,
        19.87957078955299,
        20.008539064655196,
        323.37894629797415,
        397.67833928546304,
        367.22334185953434,
        19.79916536888742,
        0
    ],
    "vertex_number": 21,
    "minimum_distances": {
        "cost": 472.9994950310025,
        "path": [
            0,
            2,
            18,
            3,
            14,
            1,
            11,
            13,
            6,
            16,
            10,
            5,
            17,
            4,
            12,
            19,
            9,
            8,
            7,
            15,
            20
        ]
    }
}