{
    "vertices": [
        [
            1.7578817319843343,
            2.819090248759537
        ],
        [
            76.93495733778758,
            4.419134090266496
        ],
        [
            22.173707846603797,
            83.39263218815226
        ],
        [
            28.491525940018736,
            47.16626802024847
        ],
        [
            46.549215079688686,
            72.05170259628049
        ],
        [
            56.27898470480681,
            30.820965540969326
        ],
        [
            37.73232929774587,
            35.84243760625158
        ],
        [
            1.7578817319843343,
            2.819090248759537
        ]
    ],
    "distances": [
        [
            0.0,
            75.19410107804602,
            83.11980279452939,
            51.78184922284847,
            82.45858448656078,
            61.2915629532612,
            48.83341426068121,
            0.0
        ],
        [
            75.19410107804602,
            0.0,
            96.10206994468143,
            64.607147474704,
            74.14484240522933,
            33.52202126014736,
            50.24211429770432,
            75.19410107804602
        ],
        [
            83.11980279452939,
            96.10206994468143,
            0.0,
            36.77314626581556,
            26.88460594611657,
            62.6653815406657,
            50.03090750962404,
            83.11980279452939
        ],
        [
            51.78184922284847,
            64.607147474704,
            36.77314626581556,
            0.0,
            30.746788305495002,
            32.23835879420549,
            14.61579905243439,
            51.78184922284847
        ],
        [
            82.45858448656078,
            74.14484240522933,
            26.88460594611657,
            30.746788305495002,
            0.0,
            42.363216297657104,
            37.26725568122717,
            82.45858448656078
        ],
        [
            61.2915629532612,
            33.52202126014736,
            62.6653815406657,
            32.23835879420549,
            42.363216297657104,
            0.0,
            19.214411479165133,
            61.2915629532612
        ],
        [
            48.83341426068121,
            50.24211429770432,
            50.03090750962404,
            14.61579905243439,
            37.26725568122717,
            19.214411479165133,
            0.0,
            48.83341426068121
        ],
        [
            0.0,
            75.19410107804602,
            83.11980279452939,
            51.78184922284847,
            82.45858448656078,
            61.2915629532612,
            48.83341426068121,
            0.0
        ]
    ],
    "scores_ave": [
        0,
        15.218706507136812,
        16.43285936651712,
        14.342685394733767,
        19.042004791974364,
        10.196756677942947,
        19.76714424551109,
        0
    ],
    "scores_var": [
        0,
        255.91726524273173,
        319.37315705045705,
        292.8059215590874,
        385.7182101556354,
        18.024005024057182,
        19.69526309765057,
        0
    ],
    "vertex_number": 8,
    "minimum_distances": {
        "cost": 278.1863041608982,
        "path": [
            0,
            6,
            3,
            2,
            4,
            5,
            1,
            7
        ]
    }
}