{
    "vertices": [
        [
            88.65684099575171,
            19.834977445259216
        ],
        [
            29.070652704146415,
            9.99697702057788
        ],
        [
            40.78785763767113,
            40.41902985265439
        ],
        [
            91.98508378858469,
            53.02610307860761
        ],
        [
            29.762429370922494,
            7.635841246282704
        ],
        [
            19.233084762252783,
            0.2300723707417296
        ],
        [
            43.42523889403971,
            5.658356263670051
        ],
        [
            99.4177415372159,
            82.86805488054634
        ],
        [
            73.37731874867858,
            91.34308313428129
        ],
        [
            69.5978362519076,
            24.2236975187325
        ],
        [
            36.264456037655435,
            89.70976151444474
        ],
        [
            32.69905319523853,
            44.09840885141158
        ],
        [
            91.7894705417174,
            71.72010697279772
        ],
        [
            99.80208205273544,
            72.660753098697
        ],
        [
            54.91781981043413,
            55.64212199961537
        ],
        [
            37.53028656522163,
            76.15919853314571
        ],
        [
            44.197960391934174,
            91.79636030446468
        ],
        [
            88.65684099575171,
            19.834977445259216
        ]
    ],
    "distances": [
        [
            0.0,
            60.39288109933712,
            52.10703197502796,
            33.35757816294164,
            60.14458117433355,
            72.13882611014073,
            47.40120691305106,
            63.945021944059,
            73.1223151940032,
            19.55777404791199,
            87.33525891822075,
            60.99170533054739,
            51.97961171422605,
            53.98869299775293,
            49.198304357770965,
            76.06801199646979,
            84.58742629701919,
            0.0
        ],
        [
            60.39288109933712,
            0.0,
            32.6005243818542,
            76.221593580798,
            2.4603896238913676,
            13.862545561705625,
            14.99592527173121,
            101.28626212750353,
            92.62974487627392,
            42.95174248440379,
            80.03673417979311,
            34.29391991354671,
            87.99656176261111,
            94.49700487350431,
            52.45526958826647,
            66.70086176760796,
            83.18638436369996,
            60.39288109933712
        ],
        [
            52.10703197502796,
            32.6005243818542,
            0.0,
            52.72659917795129,
            34.58753422356324,
            45.60439164372061,
            34.860582442801466,
            72.38358247484506,
            60.45934318313292,
            33.05001750618202,
            49.49785237552884,
            8.886314597425239,
            59.84080503883065,
            67.24735980829269,
            20.77013157200932,
            35.88831880434123,
            51.49037662660029,
            52.10703197502796
        ],
        [
            33.35757816294164,
            76.221593580798,
            52.72659917795129,
            0.0,
            77.01905343476268,
            89.89034553740082,
            67.83628803602312,
            30.753641874703582,
            42.59624256160684,
            36.47968500828892,
            66.71191162899464,
            59.95445894785046,
            18.695027310446623,
            21.133502863300542,
            37.15946196893825,
            59.16472805605009,
            61.536509552344825,
            33.35757816294164
        ],
        [
            60.14458117433355,
            2.4603896238913676,
            34.58753422356324,
            77.01905343476268,
            0.0,
            12.872937136724211,
            13.805173339058117,
            102.52681835156724,
            94.38835161146636,
            43.151090566625165,
            82.33106788424115,
            36.580631430364,
            89.18602441027447,
            95.57087479563656,
            54.19775511893525,
            68.96223676226073,
            85.38956332012246,
            60.14458117433355
        ],
        [
            72.13882611014073,
            13.862545561705625,
            45.60439164372061,
            89.89034553740082,
            12.872937136724211,
            0.0,
            24.793680395583873,
            115.14606087665098,
            105.98669163802454,
            55.7880116185994,
            91.08612614868596,
            45.88859609335894,
            101.85899157551904,
            108.34005185114503,
            65.9082359006191,
            78.10262347453398,
            94.90853544948905,
            72.13882611014073
        ],
        [
            47.40120691305106,
            14.99592527173121,
            34.860582442801466,
            67.83628803602312,
            13.805173339058117,
            24.793680395583873,
            0.0,
            95.37556245053008,
            90.76893469965322,
            32.088576602492,
            84.3558861950145,
            39.90850413876096,
            81.87340111187002,
            87.5652306922023,
            51.28797376837707,
            70.74686723569125,
            86.1414699122627,
            47.40120691305106
        ],
        [
            63.945021944059,
            101.28626212750353,
            72.38358247484506,
            30.753641874703582,
            102.52681835156724,
            115.14606087665098,
            95.37556245053008,
            0.0,
            27.384844766903093,
            65.79048108658948,
            63.52280235516475,
            77.16520477066275,
            13.508044304585336,
            10.214535099436219,
            52.167944706751314,
            62.250026798393236,
            55.93691864480543,
            63.945021944059
        ],
        [
            73.1223151940032,
            92.62974487627392,
            60.45934318313292,
            42.59624256160684,
            94.38835161146636,
            105.98669163802454,
            90.76893469965322,
            27.384844766903093,
            0.0,
            67.22571244213137,
            37.148786226754126,
            62.34404972834727,
            26.90852145852788,
            32.36197724543303,
            40.19094085723764,
            38.93019480997238,
            29.182878787129944,
            73.1223151940032
        ],
        [
            19.55777404791199,
            42.95174248440379,
            33.05001750618202,
            36.47968500828892,
            43.151090566625165,
            55.7880116185994,
            32.088576602492,
            65.79048108658948,
            67.22571244213137,
            0.0,
            73.48155424430281,
            41.910909577584334,
            52.42497061020519,
            57.08278915446754,
            34.67881600607021,
            61.03788994162715,
            72.18876955355546,
            19.55777404791199
        ],
        [
            87.33525891822075,
            80.03673417979311,
            49.49785237552884,
            66.71191162899464,
            82.33106788424115,
            91.08612614868596,
            84.3558861950145,
            63.52280235516475,
            37.148786226754126,
            73.48155424430281,
            0.0,
            45.75049277527289,
            58.36655640179651,
            65.78524612397835,
            38.840082931837,
            13.609558553996893,
            8.20331554006503,
            87.33525891822075
        ],
        [
            60.99170533054739,
            34.29391991354671,
            8.886314597425239,
            59.95445894785046,
            36.580631430364,
            45.88859609335894,
            39.90850413876096,
            77.16520477066275,
            62.34404972834727,
            41.910909577584334,
            45.75049277527289,
            0.0,
            65.22756801606235,
            72.92889681566905,
            25.03858828186094,
            32.42275514035827,
            49.06444170207208,
            60.99170533054739
        ],
        [
            51.97961171422605,
            87.99656176261111,
            59.84080503883065,
            18.695027310446623,
            89.18602441027447,
            101.85899157551904,
            81.87340111187002,
            13.508044304585336,
            26.90852145852788,
            52.42497061020519,
            58.36655640179651,
            65.22756801606235,
            0.0,
            8.067636479209265,
            40.22462216662352,
            54.44046821690983,
            51.652761650992,
            51.97961171422605
        ],
        [
            53.98869299775293,
            94.49700487350431,
            67.24735980829269,
            21.133502863300542,
            95.57087479563656,
            108.34005185114503,
            87.5652306922023,
            10.214535099436219,
            32.36197724543303,
            57.08278915446754,
            65.78524612397835,
            72.92889681566905,
            8.067636479209265,
            0.0,
            48.0024041223177,
            62.369989848456456,
            58.804675059068366,
            53.98869299775293
        ],
        [
            49.198304357770965,
            52.45526958826647,
            20.77013157200932,
            37.15946196893825,
            54.19775511893525,
            65.9082359006191,
            51.28797376837707,
            52.167944706751314,
            40.19094085723764,
            34.67881600607021,
            38.840082931837,
            25.03858828186094,
            40.22462216662352,
            48.0024041223177,
            0.0,
            26.893804896966728,
            37.710003094089444,
            49.198304357770965
        ],
        [
            76.06801199646979,
            66.70086176760796,
            35.88831880434123,
            59.16472805605009,
            68.96223676226073,
            78.10262347453398,
            70.74686723569125,
            62.250026798393236,
            38.93019480997238,
            61.03788994162715,
            13.609558553996893,
            32.42275514035827,
            54.44046821690983,
            62.369989848456456,
            26.893804896966728,
            0.0,
            16.999373592042357,
            76.06801199646979
        ],
        [
            84.58742629701919,
            83.18638436369996,
            51.49037662660029,
            61.536509552344825,
            85.38956332012246,
            94.90853544948905,
            86.1414699122627,
            55.93691864480543,
            29.182878787129944,
            72.18876955355546,
            8.20331554006503,
            49.06444170207208,
            51.652761650992,
            58.804675059068366,
            37.710003094089444,
            16.999373592042357,
            0.0,
            84.58742629701919
        ],
        [
            0.0,
            60.39288109933712,
            52.10703197502796,
            33.35757816294164,
            60.14458117433355,
            72.13882611014073,
            47.40120691305106,
            63.945021944059,
            73.1223151940032,
            19.55777404791199,
            87.33525891822075,
            60.99170533054739,
            51.97961171422605,
            53.98869299775293,
            49.198304357770965,
            76.06801199646979,
            84.58742629701919,
            0.0
        ]
    ],
    "scores_ave": [
        0,
        14.464476127347318,
        14.858829207378578,
        18.19705840654329,
        15.211133785215582,
        17.39089663724154,
        18.388009195327907,
        14.248154028040329,
        11.987208486386551,
        19.724703522573606,
        15.913085752726968,
        19.291400929540202,
        11.462115177793704,
        18.56003504170785,
        12.547832996726854,
        16.05538943580096,
        12.27015245196301,
        0
    ],
    "scores_var": [
        0,
        16.145689236506513,
        17.942898995095337,
        16.886754505471252,
        19.454066167872533,
        322.11098338351,
        335.99437947692456,
        21.099805379949693,
        20.6755033971583,
        20.420270681387247,
        235.04756559968797,
        226.20028605213352,
        21.239274826305,
        19.740749810985328,
        378.19194275311986,
        17.389690567992183,
        24.902729542120213,
        0
    ],
    "vertex_number": 18,
    "minimum_distances": {
        "cost": 331.3329034866801,
        "path": [
            0,
            3,
            12,
            13,
            7,
            8,
            16,
            10,
            15,
            14,
            2,
            11,
            1,
            4,
            5,
            6,
            9,
            17
        ]
    }
}