{
    "vertices": [
        [
            86.47056808102167,
            92.7636821415945
        ],
        [
            34.2047913605565,
            1.0061234617499082
        ],
        [
            60.6753716129037,
            58.84183879695044
        ],
        [
            49.26996775982013,
            86.5996368182188
        ],
        [
            12.846647067573812,
            35.93591767875054
        ],
        [
            70.84957628775554,
            48.09069495202555
        ],
        [
            1.01185033588288,
            29.32013767460041
        ],
        [
            37.86461462742212,
            5.234521274380799
        ],
        [
            54.43377846561156,
            52.561828452468696
        ],
        [
            54.22630899102331,
            98.90099231546095
        ],
        [
            86.3443149986705,
            9.514777233803272
        ],
        [
            45.69670872271061,
            63.07689316816432
        ],
        [
            20.2551639783625,
            0.9145902199556355
        ],
        [
            52.83835077773092,
            94.46922973902187
        ],
        [
            46.86739997974829,
            64.32337031308532
        ],
        [
            47.31445881702787,
            82.21459505202829
        ],
        [
            7.65758893857652,
            43.960997120252955
        ],
        [
            10.257560074595407,
            3.0959624114696327
        ],
        [
            91.17433671120571,
            69.14341914044046
        ],
        [
            94.18284452788727,
            94.46683800892157
        ],
        [
            57.087412174205,
            60.364366307824014
        ],
        [
            51.08637489411579,
            91.36743566636133
        ],
        [
            1.187775471065844,
            31.448453637329642
        ],
        [
            46.504128353110815,
            93.3201101243781
        ],
        [
            86.47056808102167,
            92.7636821415945
        ]
    ],
    "distances": [
        [
            0.0,
            105.59905771870619,
            42.61553257589747,
            37.70782569979884,
            93.00471256468072,
            47.325375529885434,
            106.43437308115624,
            100.11939229366138,
            51.40568965497815,
            32.82314458477717,
            83.24900064377512,
            50.43622752074451,
            113.2286864151842,
            33.675435161893006,
            48.757176503162654,
            40.552239532695026,
            92.69944846977121,
            117.68059547345867,
            24.084066591213162,
            7.898097739410961,
            43.73883306103063,
            35.411730142819586,
            105.03671720823604,
            39.97031294129126,
            0.0
        ],
        [
            105.59905771870619,
            0.0,
            63.605515383733064,
            86.90920013810361,
            40.94216471660823,
            59.664035522109565,
            43.628599962787725,
            5.59228525797394,
            55.38233144592696,
            99.92130161338162,
            52.82922594759577,
            63.12562567298095,
            13.949927685705399,
            95.30247515962009,
            64.57101056879762,
            82.25982761256137,
            50.49628825420279,
            24.038246880733197,
            88.81565267375441,
            111.05076328153292,
            63.616156195377975,
            91.92472249585417,
            44.909451174178145,
            93.12972578078555,
            105.59905771870619
        ],
        [
            42.61553257589747,
            63.605515383733064,
            0.0,
            30.009641584688463,
            53.03082230086799,
            14.802078730369033,
            66.56775952614659,
            58.258691422107134,
            8.854152412462865,
            40.57494533971091,
            55.60623757274188,
            15.565860962541887,
            70.63539702529016,
            36.47917050742966,
            14.856219855144998,
            26.92210477838386,
            55.06654818225965,
            75.16354471615665,
            32.191760275586425,
            48.90696586378366,
            3.8976329938969365,
            33.90963446845685,
            65.49176776693187,
            37.27700805129008,
            42.61553257589747
        ],
        [
            37.70782569979884,
            86.90920013810361,
            30.009641584688463,
            0.0,
            62.39768206666928,
            44.14315471137959,
            74.89851079591834,
            82.16059948379643,
            34.42727609539816,
            13.262302419627387,
            85.53702590303166,
            23.792596515985032,
            90.46428051459326,
            8.640824619309662,
            22.405454276706173,
            4.801312999230077,
            59.57888607934553,
            92.16741068743636,
            45.394885976592434,
            45.59670332555392,
            27.3752051302924,
            5.102081999916253,
            73.1679589816795,
            7.267367410727625,
            37.70782569979884
        ],
        [
            93.00471256468072,
            40.94216471660823,
            53.03082230086799,
            62.39768206666928,
            0.0,
            59.26279109765531,
            13.558427591124094,
            39.603970028317484,
            44.787391160607854,
            75.34505322120019,
            78.10239339304134,
            42.611724927104845,
            35.79636154406735,
            70.89065514146486,
            44.3086796889484,
            57.703951564998846,
            9.556580157594952,
            32.941858378273395,
            85.07623121787458,
            100.20701398604756,
            50.537059665589936,
            67.34188867754473,
            12.492662663616025,
            66.52647284444812,
            93.00471256468072
        ],
        [
            47.325375529885434,
            59.664035522109565,
            14.802078730369033,
            44.14315471137959,
            59.26279109765531,
            0.0,
            72.3162622556916,
            54.080119434244196,
            17.013801836047463,
            53.46044644201297,
            41.571484884745,
            29.278881189657675,
            69.17643684538899,
            49.753117825535206,
            28.959359969548725,
            41.45289269032883,
            63.32678477011562,
            75.47130835736202,
            29.26282764915442,
            51.915200583255235,
            18.440178134672287,
            47.575838575703656,
            71.6221382604619,
            51.36536607454027,
            47.325375529885434
        ],
        [
            106.43437308115624,
            43.628599962787725,
            66.56775952614659,
            74.89851079591834,
            13.558427591124094,
            72.3162622556916,
            0.0,
            44.02548299912537,
            58.258721195302115,
            87.59722565533804,
            87.60069536034396,
            56.00227772602741,
            34.31006042170311,
            83.24896602881827,
            57.68845402925009,
            70.29761854722203,
            16.078576021609805,
            27.806303544411,
            98.56555025001278,
            113.68784773746206,
            64.09534122629621,
            79.73283638383529,
            2.135574510617038,
            78.52097702378049,
            106.43437308115624
        ],
        [
            100.11939229366138,
            5.59228525797394,
            58.258691422107134,
            82.16059948379643,
            39.603970028317484,
            54.080119434244196,
            44.02548299912537,
            0.0,
            50.14390486415926,
            95.08476660189794,
            48.66828473620363,
            58.370212302305454,
            18.131590015127003,
            90.48229644006915,
            59.77074723323167,
            77.55792231629131,
            49.114196851903195,
            27.689761557169216,
            83.22423742579255,
            105.51847880317007,
            58.3850645194134,
            87.14180332197726,
            45.08171226152003,
            88.50826040809487,
            100.11939229366138
        ],
        [
            51.40568965497815,
            55.38233144592696,
            8.854152412462865,
            34.42727609539816,
            44.787391160607854,
            17.013801836047463,
            58.258721195302115,
            50.14390486415926,
            0.0,
            46.33962830131607,
            53.58480158076629,
            13.67124623681332,
            61.93234135178445,
            41.93775950261834,
            13.985133189582847,
            30.495430465344587,
            47.560342789705864,
            66.32051096393043,
            40.30902839242504,
            57.75827281653742,
            8.241442157998572,
            38.94971452924114,
            57.279240838018445,
            41.52248638693725,
            51.40568965497815
        ],
        [
            32.82314458477717,
            99.92130161338162,
            40.57494533971091,
            13.262302419627387,
            75.34505322120019,
            53.46044644201297,
            87.59722565533804,
            95.08476660189794,
            46.33962830131607,
            0.0,
            94.98137584038057,
            36.82553679788713,
            103.70811775889715,
            4.64402277511338,
            35.35202236330188,
            18.06127145194529,
            72.02116882814828,
            105.41278212902148,
            47.44122588717609,
            40.201821557273675,
            38.64268954766597,
            8.161719299149876,
            85.80752305056038,
            9.527765731549886,
            32.82314458477717
        ],
        [
            83.24900064377512,
            52.82922594759577,
            55.60623757274188,
            85.53702590303166,
            78.10239339304134,
            41.571484884745,
            87.60069536034396,
            48.66828473620363,
            53.58480158076629,
            94.98137584038057,
            0.0,
            67.23933491142954,
            66.64637348917216,
            91.32310024761712,
            67.54560455530418,
            82.51419989530781,
            85.89611703984012,
            76.35702625560843,
            59.823942074837646,
            85.31292501795842,
            58.66555268534498,
            89.12339778584176,
            87.93589929540212,
            92.79318020659221,
            83.24900064377512
        ],
        [
            50.43622752074451,
            63.12562567298095,
            15.565860962541887,
            23.792596515985032,
            42.611724927104845,
            29.278881189657675,
            56.00227772602741,
            58.370212302305454,
            13.67124623681332,
            36.82553679788713,
            67.23933491142954,
            0.0,
            67.1671356155936,
            32.19443813176486,
            1.7100360499459886,
            19.205956075220882,
            42.57219885871829,
            69.66810828020672,
            45.88046844608557,
            57.76014198756628,
            11.709224017327271,
            28.79936277561503,
            54.60222821785788,
            30.25399309711319,
            50.43622752074451
        ],
        [
            113.2286864151842,
            13.949927685705399,
            70.63539702529016,
            90.46428051459326,
            35.79636154406735,
            69.17643684538899,
            34.31006042170311,
            18.131590015127003,
            61.93234135178445,
            103.70811775889715,
            66.64637348917216,
            67.1671356155936,
            0.0,
            99.06631434319623,
            68.76688518387563,
            85.68486577488966,
            44.85189008179035,
            10.23281332061372,
            98.41088434198545,
            119.2364248784769,
            69.93490104416985,
            95.56296780596038,
            35.99836273608898,
            96.0613774602125,
            113.2286864151842
        ],
        [
            33.675435161893006,
            95.30247515962009,
            36.47917050742966,
            8.640824619309662,
            70.89065514146486,
            49.753117825535206,
            83.24896602881827,
            90.48229644006915,
            41.93775950261834,
            4.64402277511338,
            91.32310024761712,
            32.19443813176486,
            99.06631434319623,
            0.0,
            30.731500027825795,
            13.44207773021664,
            67.76712184118537,
            100.80772648471226,
            45.946104295868174,
            41.344493819335725,
            34.36853549995494,
            3.5623792563343213,
            81.48251438173163,
            6.437612104912759,
            33.675435161893006
        ],
        [
            48.757176503162654,
            64.57101056879762,
            14.856219855144998,
            22.405454276706173,
            44.3086796889484,
            28.959359969548725,
            57.68845402925009,
            59.77074723323167,
            13.985133189582847,
            35.35202236330188,
            67.54560455530418,
            1.7100360499459886,
            68.76688518387563,
            30.731500027825795,
            0.0,
            17.896809331927145,
            44.18184609009196,
            71.33775897960179,
            44.56834653903439,
            56.101514574188975,
            10.960034761282415,
            27.37117498684202,
            56.27955438427086,
            28.999015258427857,
            48.757176503162654
        ],
        [
            40.552239532695026,
            82.25982761256137,
            26.92210477838386,
            4.801312999230077,
            57.703951564998846,
            41.45289269032883,
            70.29761854722203,
            77.55792231629131,
            30.495430465344587,
            18.06127145194529,
            82.51419989530781,
            19.205956075220882,
            85.68486577488966,
            13.44207773021664,
            17.896809331927145,
            0.0,
            55.0999553836693,
            87.36688031124018,
            45.76619416779009,
            48.44340034118817,
            23.936230143771812,
            9.899587981526244,
            68.59206973576342,
            11.135039312141695,
            40.552239532695026
        ],
        [
            92.69944846977121,
            50.49628825420279,
            55.06654818225965,
            59.57888607934553,
            9.556580157594952,
            63.32678477011562,
            16.078576021609805,
            49.114196851903195,
            47.560342789705864,
            72.02116882814828,
            85.89611703984012,
            42.57219885871829,
            44.85189008179035,
            67.76712184118537,
            44.18184609009196,
            55.0999553836693,
            0.0,
            40.94766063718655,
            87.23073734252043,
            100.18712401634784,
            52.08049486908926,
            64.29175581050805,
            14.086242604627722,
            62.81222541065523,
            92.69944846977121
        ],
        [
            117.68059547345867,
            24.038246880733197,
            75.16354471615665,
            92.16741068743636,
            32.941858378273395,
            75.47130835736202,
            27.806303544411,
            27.689761557169216,
            66.32051096393043,
            105.41278212902148,
            76.35702625560843,
            69.66810828020672,
            10.23281332061372,
            100.80772648471226,
            71.33775897960179,
            87.36688031124018,
            40.94766063718655,
            0.0,
            104.4499462978529,
            124.06486318861998,
            73.97773403198617,
            97.25659417312406,
            29.767847612262642,
            97.23276475802695,
            117.68059547345867
        ],
        [
            24.084066591213162,
            88.81565267375441,
            32.191760275586425,
            45.394885976592434,
            85.07623121787458,
            29.26282764915442,
            98.56555025001278,
            83.22423742579255,
            40.30902839242504,
            47.44122588717609,
            59.823942074837646,
            45.88046844608557,
            98.41088434198545,
            45.946104295868174,
            44.56834653903439,
            45.76619416779009,
            87.23073734252043,
            104.4499462978529,
            0.0,
            25.501503141414613,
            35.19929250750719,
            45.836138506563394,
            97.56275738265168,
            50.79310880117915,
            24.084066591213162
        ],
        [
            7.898097739410961,
            111.05076328153292,
            48.90696586378366,
            45.59670332555392,
            100.20701398604756,
            51.915200583255235,
            113.68784773746206,
            105.51847880317007,
            57.75827281653742,
            40.201821557273675,
            85.31292501795842,
            57.76014198756628,
            119.2364248784769,
            41.344493819335725,
            56.101514574188975,
            48.44340034118817,
            100.18712401634784,
            124.06486318861998,
            25.501503141414613,
            0.0,
            50.38898369317223,
            43.20777695942775,
            112.33610122168513,
            47.692504242449665,
            7.898097739410961
        ],
        [
            43.73883306103063,
            63.616156195377975,
            3.8976329938969365,
            27.3752051302924,
            50.537059665589936,
            18.440178134672287,
            64.09534122629621,
            58.3850645194134,
            8.241442157998572,
            38.64268954766597,
            58.66555268534498,
            11.709224017327271,
            69.93490104416985,
            34.36853549995494,
            10.960034761282415,
            23.936230143771812,
            52.08049486908926,
            73.97773403198617,
            35.19929250750719,
            50.38898369317223,
            0.0,
            31.578517350998226,
            62.9356766000859,
            34.6133925950661,
            43.73883306103063
        ],
        [
            35.411730142819586,
            91.92472249585417,
            33.90963446845685,
            5.102081999916253,
            67.34188867754473,
            47.575838575703656,
            79.73283638383529,
            87.14180332197726,
            38.94971452924114,
            8.161719299149876,
            89.12339778584176,
            28.79936277561503,
            95.56296780596038,
            3.5623792563343213,
            27.37117498684202,
            9.899587981526244,
            64.29175581050805,
            97.25659417312406,
            45.836138506563394,
            43.20777695942775,
            31.578517350998226,
            0.0,
            77.9753463075184,
            4.9809558220830645,
            35.411730142819586
        ],
        [
            105.03671720823604,
            44.909451174178145,
            65.49176776693187,
            73.1679589816795,
            12.492662663616025,
            71.6221382604619,
            2.135574510617038,
            45.08171226152003,
            57.279240838018445,
            85.80752305056038,
            87.93589929540212,
            54.60222821785788,
            35.99836273608898,
            81.48251438173163,
            56.27955438427086,
            68.59206973576342,
            14.086242604627722,
            29.767847612262642,
            97.56275738265168,
            112.33610122168513,
            62.9356766000859,
            77.9753463075184,
            0.0,
            76.69207074386081,
            105.03671720823604
        ],
        [
            39.97031294129126,
            93.12972578078555,
            37.27700805129008,
            7.267367410727625,
            66.52647284444812,
            51.36536607454027,
            78.52097702378049,
            88.50826040809487,
            41.52248638693725,
            9.527765731549886,
            92.79318020659221,
            30.25399309711319,
            96.0613774602125,
            6.437612104912759,
            28.999015258427857,
            11.135039312141695,
            62.81222541065523,
            97.23276475802695,
            50.79310880117915,
            47.692504242449665,
            34.6133925950661,
            4.9809558220830645,
            76.69207074386081,
            0.0,
            39.97031294129126
        ],
        [
            0.0,
            105.59905771870619,
            42.61553257589747,
            37.70782569979884,
            93.00471256468072,
            47.325375529885434,
            106.43437308115624,
            100.11939229366138,
            51.40568965497815,
            32.82314458477717,
            83.24900064377512,
            50.43622752074451,
            113.2286864151842,
            33.675435161893006,
            48.757176503162654,
            40.552239532695026,
            92.69944846977121,
            117.68059547345867,
            24.084066591213162,
            7.898097739410961,
            43.73883306103063,
            35.411730142819586,
            105.03671720823604,
            39.97031294129126,
            0.0
        ]
    ],
    "scores_ave": [
        0,
        13.141181071634453,
        15.207014094009889,
        19.733981731333294,
        17.67107586863844,
        17.8872916220882,
        17.171322619421524,
        16.157875409003587,
        13.759902036094715,
        19.287266316524907,
        13.370002272870451,
        18.37939759165071,
        11.547683941069755,
        17.774406859582808,
        19.645236924392826,
        11.739230388464607,
        13.08287368229843,
        15.130249550386726,
        17.06926577703934,
        17.207332483512726,
        10.93081096194277,
        19.28005719995533,
        15.530624340736038,
        18.692803404454924,
        0
    ],
    "scores_var": [
        0,
        390.2100947770063,
        16.809299656920732,
        23.15333301039807,
        16.70036933272343,
        21.92246990647041,
        22.710687049217956,
        20.339201850995984,
        342.5213950728479,
        23.078927584198908,
        16.924630330753466,
        22.137247810942554,
        22.76413490870877,
        356.99628030312635,
        20.741257915327573,
        19.42877171661913,
        20.163226338845256,
        18.369966909901486,
        379.26824129331186,
        273.2060529258083,
        396.33354925807527,
        240.10338141954722,
        228.40479056907958,
        391.0498498036077,
        0
    ],
    "vertex_number": 25,
    "minimum_distances": {
        "cost": 383.1963540469061,
        "path": [
            0,
            19,
            18,
            5,
            10,
            7,
            1,
            12,
            17,
            6,
            22,
            16,
            4,
            8,
            2,
            20,
            11,
            14,
            15,
            3,
            23,
            21,
            13,
            9,
            24
        ]
    }
}