{
    "vertices": [
        [
            59.65132527410816,
            79.84231102949497
        ],
        [
            47.96743210447209,
            22.06216663934907
        ],
        [
            90.64053200875082,
            56.4314051407588
        ],
        [
            60.02400346654525,
            62.38402814223486
        ],
        [
            5.7992865084183665,
            63.97397602781886
        ],
        [
            83.68418379480694,
            64.46161659462332
        ],
        [
            53.83482625425158,
            54.79756967845615
        ],
        [
            13.244393253687381,
            83.1035106248937
        ],
        [
            54.319826084960745,
            68.34484700481602
        ],
        [
            96.98394115397029,
            73.65472001140891
        ],
        [
            3.3591720294821825,
            62.80103969489147
        ],
        [
            4.73226349578777,
            62.19330625975933
        ],
        [
            87.87487283181511,
            28.85325413959944
        ],
        [
            85.33928627420345,
            84.47081963439871
        ],
        [
            18.57590654817939,
            69.0225541946753
        ],
        [
            16.571733972745417,
            95.27026374168173
        ],
        [
            75.10687394712033,
            51.52953489761811
        ],
        [
            99.49060917536232,
            43.62066587818636
        ],
        [
            36.88474287168756,
            47.030979025086864
        ],
        [
            59.65132527410816,
            79.84231102949497
        ]
    ],
    "distances": [
        [
            0.0,
            58.94962633762471,
            38.83814424729488,
            17.462260174637105,
            56.14130506985721,
            28.533209598200052,
            25.71129577031127,
            46.5213796264576,
            12.673458983350448,
            37.8419144737741,
            58.81506138410496,
            57.685272955695744,
            58.279091956405324,
            26.101617425900724,
            42.47654837054215,
            45.75885610001543,
            32.256585018839544,
            53.84399798707417,
            39.93620891108347,
            0.0
        ],
        [
            58.94962633762471,
            0.0,
            54.79268208992273,
            42.085786532589196,
            59.45378263176708,
            55.43825130556377,
            33.257073326461665,
            70.22631346293703,
            46.716586038529485,
            71.16466625263118,
            60.41152741616071,
            58.9897293760043,
            40.481139989413016,
            72.74266597218022,
            55.39981745342348,
            79.65623228927585,
            40.060892346513306,
            55.851648721494854,
            27.317898758591433,
            58.94962633762471
        ],
        [
            38.83814424729488,
            54.79268208992273,
            0.0,
            31.18983072370529,
            85.17586109710902,
            10.624268279153029,
            36.8419515553215,
            81.86307778937861,
            38.224648799573174,
            18.354329590513824,
            87.51347350084946,
            86.10127817518448,
            27.716480356021318,
            28.536152009060377,
            73.15632082923787,
            83.63398699046365,
            16.28873428650139,
            15.570449778622109,
            54.57153907399549,
            38.83814424729488
        ],
        [
            17.462260174637105,
            42.085786532589196,
            31.18983072370529,
            0.0,
            54.24802174704481,
            23.75122116741283,
            9.790825633613078,
            51.162768553080895,
            8.250393997445432,
            38.64020560333767,
            56.66636586570397,
            55.29206890531693,
            43.58880280091596,
            33.59598044483947,
            41.976359612324416,
            54.494075054671164,
            18.582599536427455,
            43.69984816480661,
            27.769434601199446,
            17.462260174637105
        ],
        [
            56.14130506985721,
            59.45378263176708,
            85.17586109710902,
            54.24802174704481,
            0.0,
            77.88642384031823,
            48.9041870616632,
            20.527267435027333,
            48.71701216101385,
            91.69709944651679,
            2.7073858815128564,
            2.0758908767958966,
            89.2741114561159,
            82.13849378077056,
            13.737909635285948,
            33.098387408461015,
            70.4159484180704,
            95.87659347895367,
            35.40297649559,
            56.14130506985721
        ],
        [
            28.533209598200052,
            55.43825130556377,
            10.624268279153029,
            23.75122116741283,
            77.88642384031823,
            0.0,
            31.37479798152953,
            72.8648358573093,
            29.620009826643358,
            16.16776720033829,
            80.34217467021593,
            78.98449816690568,
            35.854112056126205,
            20.077538955366542,
            65.26783218259426,
            73.84614858034693,
            15.518021176723492,
            26.156993521351414,
            49.94011210236794,
            28.533209598200052
        ],
        [
            25.71129577031127,
            33.257073326461665,
            36.8419515553215,
            9.790825633613078,
            48.9041870616632,
            31.37479798152953,
            0.0,
            49.48544780070704,
            13.55595617406209,
            47.08968289666758,
            51.106234470194146,
            49.656405317228746,
            42.79990981044769,
            43.278548544245226,
            38.020278843347796,
            55.01433459668034,
            21.521618535241487,
            47.00397528614013,
            18.64471123543822,
            25.71129577031127
        ],
        [
            46.5213796264576,
            70.22631346293703,
            81.86307778937861,
            51.162768553080895,
            20.527267435027333,
            72.8648358573093,
            49.48544780070704,
            0.0,
            43.64641261463597,
            84.27094117548026,
            22.581140903751134,
            22.576381455118188,
            92.26482976075745,
            72.10785764094736,
            15.056505836317207,
            12.613527566290601,
            69.45417525802141,
            94.85412373798395,
            43.12880320714156,
            46.5213796264576
        ],
        [
            12.673458983350448,
            46.716586038529485,
            38.224648799573174,
            8.250393997445432,
            48.71701216101385,
            29.620009826643358,
            13.55595617406209,
            43.64641261463597,
            0.0,
            42.993272333794636,
            51.261311544397074,
            49.967667716967135,
            51.82207125555294,
            34.96074804236979,
            35.75034364711879,
            46.3669766597541,
            26.73679262900077,
            51.49451210937433,
            27.536577400088852,
            12.673458983350448
        ],
        [
            37.8419144737741,
            71.16466625263118,
            18.354329590513824,
            38.64020560333767,
            91.69709944651679,
            16.16776720033829,
            47.08968289666758,
            84.27094117548026,
            42.993272333794636,
            0.0,
            94.25178921392877,
            92.96093822641699,
            45.718119711560746,
            15.892954361078303,
            78.54474426017707,
            83.26676884875243,
            31.11478564754287,
            30.138476939732907,
            65.73231487084493,
            37.8419144737741
        ],
        [
            58.81506138410496,
            60.41152741616071,
            87.51347350084946,
            56.66636586570397,
            2.7073858815128564,
            80.34217467021593,
            51.106234470194146,
            22.581140903751134,
            51.261311544397074,
            94.25178921392877,
            0.0,
            1.5015725433753568,
            91.07884401010783,
            84.79574573175367,
            16.43947237850204,
            35.05456180449601,
            72.62767758132718,
            98.02622071405615,
            37.049409088743225,
            58.81506138410496
        ],
        [
            57.685272955695744,
            58.9897293760043,
            86.10127817518448,
            55.29206890531693,
            2.0758908767958966,
            78.98449816690568,
            49.656405317228746,
            22.576381455118188,
            49.967667716967135,
            92.96093822641699,
            1.5015725433753568,
            0.0,
            89.57819244982697,
            83.62882112858736,
            15.436485361590076,
            35.1320107229241,
            71.17795877826808,
            96.56131237029135,
            35.548250269021,
            57.685272955695744
        ],
        [
            58.279091956405324,
            40.481139989413016,
            27.716480356021318,
            43.58880280091596,
            89.2741114561159,
            35.854112056126205,
            42.79990981044769,
            92.26482976075745,
            51.82207125555294,
            45.718119711560746,
            91.07884401010783,
            89.57819244982697,
            0.0,
            55.675333773219776,
            80.09943442306692,
            97.4441212985107,
            26.02374885630537,
            18.788341604829263,
            54.133381894752944,
            58.279091956405324
        ],
        [
            26.101617425900724,
            72.74266597218022,
            28.536152009060377,
            33.59598044483947,
            82.13849378077056,
            20.077538955366542,
            43.278548544245226,
            72.10785764094736,
            34.96074804236979,
            15.892954361078303,
            84.79574573175367,
            83.62882112858736,
            55.675333773219776,
            0.0,
            68.52735058016933,
            69.61037453253714,
            34.493919785102655,
            43.23187483511504,
            61.23385045215573,
            26.101617425900724
        ],
        [
            42.47654837054215,
            55.39981745342348,
            73.15632082923787,
            41.976359612324416,
            13.737909635285948,
            65.26783218259426,
            38.020278843347796,
            15.056505836317207,
            35.75034364711879,
            78.54474426017707,
            16.43947237850204,
            15.436485361590076,
            80.09943442306692,
            68.52735058016933,
            0.0,
            26.324113739614,
            59.175636871835515,
            84.80828397797482,
            28.615430556968217,
            42.47654837054215
        ],
        [
            45.75885610001543,
            79.65623228927585,
            83.63398699046365,
            54.494075054671164,
            33.098387408461015,
            73.84614858034693,
            55.01433459668034,
            12.613527566290601,
            46.3669766597541,
            83.26676884875243,
            35.05456180449601,
            35.1320107229241,
            97.4441212985107,
            69.61037453253714,
            26.324113739614,
            0.0,
            73.07266227276493,
            97.68940999068396,
            52.34163658596477,
            45.75885610001543
        ],
        [
            32.256585018839544,
            40.060892346513306,
            16.28873428650139,
            18.582599536427455,
            70.4159484180704,
            15.518021176723492,
            21.521618535241487,
            69.45417525802141,
            26.73679262900077,
            31.11478564754287,
            72.62767758132718,
            71.17795877826808,
            26.02374885630537,
            34.493919785102655,
            59.175636871835515,
            73.07266227276493,
            0.0,
            25.634288615983415,
            38.48594949960114,
            32.256585018839544
        ],
        [
            53.84399798707417,
            55.851648721494854,
            15.570449778622109,
            43.69984816480661,
            95.87659347895367,
            26.156993521351414,
            47.00397528614013,
            94.85412373798395,
            51.49451210937433,
            30.138476939732907,
            98.02622071405615,
            96.56131237029135,
            18.788341604829263,
            43.23187483511504,
            84.80828397797482,
            97.68940999068396,
            25.634288615983415,
            0.0,
            62.69868205467737,
            53.84399798707417
        ],
        [
            39.93620891108347,
            27.317898758591433,
            54.57153907399549,
            27.769434601199446,
            35.40297649559,
            49.94011210236794,
            18.64471123543822,
            43.12880320714156,
            27.536577400088852,
            65.73231487084493,
            37.049409088743225,
            35.548250269021,
            54.133381894752944,
            61.23385045215573,
            28.615430556968217,
            52.34163658596477,
            38.48594949960114,
            62.69868205467737,
            0.0,
            39.93620891108347
        ],
        [
            0.0,
            58.94962633762471,
            38.83814424729488,
            17.462260174637105,
            56.14130506985721,
            28.533209598200052,
            25.71129577031127,
            46.5213796264576,
            12.673458983350448,
            37.8419144737741,
            58.81506138410496,
            57.685272955695744,
            58.279091956405324,
            26.101617425900724,
            42.47654837054215,
            45.75885610001543,
            32.256585018839544,
            53.84399798707417,
            39.93620891108347,
            0.0
        ]
    ],
    "scores_ave": [
        0,
        10.802637251938243,
        15.193152449682744,
        13.027482615096881,
        18.785706958043228,
        10.824635085246964,
        18.274530945186054,
        10.597517744392329,
        10.122658714646612,
        18.996994112305984,
        13.47814215625152,
        15.071263245657269,
        15.316229092821708,
        19.117799649649,
        17.5671369234891,
        10.23088323036458,
        16.2274469710879,
        14.75388155295063,
        19.532176640241662,
        0
    ],
    "scores_var": [
        0,
        289.59718046438377,
        341.8126819026262,
        22.9994860908785,
        18.547597476311566,
        18.105840936692267,
        20.296271180382714,
        22.920370981782014,
        372.2370902781703,
        20.915955475790522,
        367.22682168350826,
        399.4632034624659,
        393.2826458555986,
        19.211913782257977,
        287.5903191507669,
        18.678564346021457,
        22.916221784208155,
        347.16648024174583,
        287.86865451157615,
        0
    ],
    "vertex_number": 20,
    "minimum_distances": {
        "cost": 377.73632166502557,
        "path": [
            0,
            13,
            9,
            5,
            2,
            17,
            12,
            1,
            18,
            11,
            10,
            4,
            7,
            15,
            14,
            8,
            3,
            6,
            16,
            19
        ]
    }
}