{
    "vertices": [
        [
            75.20462823661477,
            27.86260021051531
        ],
        [
            38.3974102042273,
            17.010845491903847
        ],
        [
            6.297652854526204,
            90.3797492989426
        ],
        [
            9.152429386482119,
            52.824677051480485
        ],
        [
            33.25917350905853,
            37.94151095830524
        ],
        [
            69.56001604548459,
            96.98746511369333
        ],
        [
            83.53235412590497,
            22.243362904800012
        ],
        [
            90.74950865526733,
            42.70967922945146
        ],
        [
            27.0002743596923,
            40.92301662040444
        ],
        [
            47.962143114697575,
            94.82131646926246
        ],
        [
            16.957619839007997,
            71.09447406865397
        ],
        [
            56.99548708957857,
            5.012768073043783
        ],
        [
            99.50410569515637,
            66.48033277235157
        ],
        [
            71.18377611988033,
            14.205945157519906
        ],
        [
            7.188700349299859,
            89.0726974485952
        ],
        [
            99.21715328033936,
            89.09678505725589
        ],
        [
            11.361746530772631,
            92.32373788630233
        ],
        [
            77.67654376089126,
            60.309492875780116
        ],
        [
            35.491436038045606,
            82.38299401311677
        ],
        [
            56.30852209263515,
            67.44326286360737
        ],
        [
            75.20462823661477,
            27.86260021051531
        ]
    ],
    "distances": [
        [
            0.0,
            38.373583097706884,
            93.0406641552628,
            70.61160140622583,
            43.139374290355505,
            69.3549464326148,
            10.046235433489347,
            21.49602434462573,
            49.942308812181196,
            72.2884685038858,
            72.53763784792613,
            29.217933705573934,
            45.62667939896218,
            14.236273352993495,
            91.50323737588532,
            65.77405835753405,
            90.72569545042307,
            32.54091593656168,
            67.45080410930056,
            43.859909752100734,
            0.0
        ],
        [
            38.373583097706884,
            0.0,
            80.0836466936677,
            46.23742460397218,
            21.552128275462415,
            85.83337165080937,
            45.437235845606295,
            58.3195701947254,
            26.48936831140905,
            78.39613197962639,
            58.17820460389279,
            22.132381832563727,
            78.62097942414296,
            32.906127937527415,
            78.52957454511737,
            94.31555455418723,
            80.01849080727779,
            58.46044131064613,
            65.43670596946362,
            53.518563611449515,
            38.373583097706884
        ],
        [
            93.0406641552628,
            80.0836466936677,
            0.0,
            37.66341992649506,
            58.96348392246055,
            63.606513068971424,
            102.99401065756696,
            96.97706702421644,
            53.61498805765557,
            41.90056404833207,
            22.0353519785418,
            99.28641336934176,
            96.22174890036092,
            100.06326713526076,
            1.5818818468643443,
            92.92835711787946,
            5.424401938424541,
            77.45428579734958,
            30.269209961076346,
            55.01971875563841,
            93.0406641552628
        ],
        [
            70.61160140622583,
            46.23742460397218,
            37.66341992649506,
            0.0,
            28.33096795290294,
            74.82932831044806,
            80.42132788744641,
            82.22163052467441,
            21.452158194559004,
            57.18314089006684,
            19.8672212714542,
            67.63827918083172,
            91.37780006628748,
            73.07047577959706,
            36.30117373365657,
            97.09438866000123,
            39.560799904413116,
            68.93168153121461,
            39.59087487029885,
            49.37003271679914,
            70.61160140622583
        ],
        [
            43.139374290355505,
            21.552128275462415,
            58.96348392246055,
            28.33096795290294,
            0.0,
            69.31216250395447,
            52.66711062554918,
            57.687728884792975,
            6.932762405785079,
            58.74937948769046,
            36.94400648351071,
            40.59205205944185,
            72.13082136558954,
            44.739831996467785,
            57.39397008988408,
            83.47045683142906,
            58.62528391332134,
            49.73157342321756,
            44.49751017876642,
            37.438293705899895,
            43.139374290355505
        ],
        [
            69.3549464326148,
            85.83337165080937,
            63.606513068971424,
            74.82932831044806,
            69.31216250395447,
            0.0,
            76.0388522167915,
            58.26725184488834,
            70.38859280606488,
            21.70622756455373,
            58.62984796092884,
            92.82894098072578,
            42.74732305817197,
            82.79744345711129,
            62.87149249751928,
            30.688900611134134,
            58.38483472750915,
            37.56529874285705,
            37.06694915758305,
            32.379962609249404,
            69.3549464326148
        ],
        [
            10.046235433489347,
            45.437235845606295,
            102.99401065756696,
            80.42132788744641,
            52.66711062554918,
            76.0388522167915,
            0.0,
            21.70155347898832,
            59.53826925287908,
            80.82573386605957,
            82.57497385597014,
            31.640143968696023,
            47.0319715858537,
            14.733888244966725,
            101.46188164788119,
            68.66871906486551,
            100.59749280274607,
            38.513903541429706,
            76.97210560046305,
            52.765215690470576,
            10.046235433489347
        ],
        [
            21.49602434462573,
            58.3195701947254,
            96.97706702421644,
            82.22163052467441,
            57.687728884792975,
            58.26725184488834,
            21.70155347898832,
            0.0,
            63.77426625646654,
            67.42685952731294,
            79.06288277779149,
            50.600307139295865,
            25.331540402972408,
            34.572832479993494,
            95.56117487314238,
            47.15362756539987,
            93.61608617935698,
            21.923864885441287,
            68.02519015257471,
            42.402024890271406,
            21.49602434462573
        ],
        [
            49.942308812181196,
            26.48936831140905,
            53.61498805765557,
            21.452158194559004,
            6.932762405785079,
            70.38859280606488,
            59.53826925287908,
            63.77426625646654,
            0.0,
            57.83101821945965,
            31.798926937451093,
            46.78951525122214,
            76.87640709094045,
            51.63316507193239,
            52.06621004668862,
            86.8100775627276,
            53.72706672907448,
            54.25790027289242,
            42.320557085796416,
            39.52590095084069,
            49.942308812181196
        ],
        [
            72.2884685038858,
            78.39613197962639,
            41.90056404833207,
            57.18314089006684,
            58.74937948769046,
            21.70622756455373,
            80.82573386605957,
            67.42685952731294,
            57.83101821945965,
            0.0,
            39.04156136549984,
            90.26171208438531,
            58.819939336537765,
            83.89327941591935,
            41.176695539928176,
            51.57369801523925,
            36.68551388325706,
            45.54131721316545,
            17.6133585813358,
            28.62201707213315,
            72.2884685038858
        ],
        [
            72.53763784792613,
            58.17820460389279,
            22.0353519785418,
            19.8672212714542,
            36.94400648351071,
            58.62984796092884,
            82.57497385597014,
            79.06288277779149,
            31.798926937451093,
            39.04156136549984,
            0.0,
            77.26462762004728,
            82.67534473530513,
            78.59249803047697,
            20.460896947481686,
            84.2063776855165,
            21.954394556013945,
            61.669307938082866,
            21.70099134685426,
            39.5199298005244,
            72.53763784792613
        ],
        [
            29.217933705573934,
            22.132381832563727,
            99.28641336934176,
            67.63827918083172,
            40.59205205944185,
            92.82894098072578,
            31.640143968696023,
            50.600307139295865,
            46.78951525122214,
            90.26171208438531,
            77.26462762004728,
            0.0,
            74.7344911390856,
            16.90627251980514,
            97.70766465336429,
            94.08927148259413,
            98.51722553503095,
            59.0375632877205,
            80.30302655345487,
            62.434274246615644,
            29.217933705573934
        ],
        [
            45.62667939896218,
            78.62097942414296,
            96.22174890036092,
            91.37780006628748,
            72.13082136558954,
            42.74732305817197,
            47.0319715858537,
            25.331540402972408,
            76.87640709094045,
            58.819939336537765,
            82.67534473530513,
            74.7344911390856,
            0.0,
            59.452944988098956,
            95.03972330470124,
            22.618272605212866,
            91.8529099536155,
            22.683071331354075,
            65.95844533620334,
            43.206315245841616,
            45.62667939896218
        ],
        [
            14.236273352993495,
            32.906127937527415,
            100.06326713526076,
            73.07047577959706,
            44.739831996467785,
            82.79744345711129,
            14.733888244966725,
            34.572832479993494,
            51.63316507193239,
            83.89327941591935,
            78.59249803047697,
            16.90627251980514,
            59.452944988098956,
            0.0,
            98.49061032146956,
            79.96566848284601,
            98.39240196771846,
            46.558491640624005,
            76.95487724098966,
            55.27644325491618,
            14.236273352993495
        ],
        [
            91.50323737588532,
            78.52957454511737,
            1.5818818468643443,
            36.30117373365657,
            57.39397008988408,
            62.87149249751928,
            101.46188164788119,
            95.56117487314238,
            52.06621004668862,
            41.176695539928176,
            20.460896947481686,
            97.70766465336429,
            95.03972330470124,
            98.49061032146956,
            0.0,
            92.02845608339544,
            5.289950695451838,
            76.13053267982984,
            29.082588941180155,
            53.67112192383631,
            91.50323737588532
        ],
        [
            65.77405835753405,
            94.31555455418723,
            92.92835711787946,
            97.09438866000123,
            83.47045683142906,
            30.688900611134134,
            68.66871906486551,
            47.15362756539987,
            86.8100775627276,
            51.57369801523925,
            84.2063776855165,
            94.08927148259413,
            22.618272605212866,
            79.96566848284601,
            92.02845608339544,
            0.0,
            87.91465019945598,
            35.95422158260409,
            64.07840531902411,
            48.06272624179002,
            65.77405835753405
        ],
        [
            90.72569545042307,
            80.01849080727779,
            5.424401938424541,
            39.560799904413116,
            58.62528391332134,
            58.38483472750915,
            100.59749280274607,
            93.61608617935698,
            53.72706672907448,
            36.68551388325706,
            21.954394556013945,
            98.51722553503095,
            91.8529099536155,
            98.39240196771846,
            5.289950695451838,
            87.91465019945598,
            0.0,
            73.6380622726148,
            26.09713211197115,
            51.37363789691547,
            90.72569545042307
        ],
        [
            32.54091593656168,
            58.46044131064613,
            77.45428579734958,
            68.93168153121461,
            49.73157342321756,
            37.56529874285705,
            38.513903541429706,
            21.923864885441287,
            54.25790027289242,
            45.54131721316545,
            61.669307938082866,
            59.0375632877205,
            22.683071331354075,
            46.558491640624005,
            76.13053267982984,
            35.95422158260409,
            73.6380622726148,
            0.0,
            47.61116220014058,
            22.52738387505943,
            32.54091593656168
        ],
        [
            67.45080410930056,
            65.43670596946362,
            30.269209961076346,
            39.59087487029885,
            44.49751017876642,
            37.06694915758305,
            76.97210560046305,
            68.02519015257471,
            42.320557085796416,
            17.6133585813358,
            21.70099134685426,
            80.30302655345487,
            65.95844533620334,
            76.95487724098966,
            29.082588941180155,
            64.07840531902411,
            26.09713211197115,
            47.61116220014058,
            0.0,
            25.623166053862427,
            67.45080410930056
        ],
        [
            43.859909752100734,
            53.518563611449515,
            55.01971875563841,
            49.37003271679914,
            37.438293705899895,
            32.379962609249404,
            52.765215690470576,
            42.402024890271406,
            39.52590095084069,
            28.62201707213315,
            39.5199298005244,
            62.434274246615644,
            43.206315245841616,
            55.27644325491618,
            53.67112192383631,
            48.06272624179002,
            51.37363789691547,
            22.52738387505943,
            25.623166053862427,
            0.0,
            43.859909752100734
        ],
        [
            0.0,
            38.373583097706884,
            93.0406641552628,
            70.61160140622583,
            43.139374290355505,
            69.3549464326148,
            10.046235433489347,
            21.49602434462573,
            49.942308812181196,
            72.2884685038858,
            72.53763784792613,
            29.217933705573934,
            45.62667939896218,
            14.236273352993495,
            91.50323737588532,
            65.77405835753405,
            90.72569545042307,
            32.54091593656168,
            67.45080410930056,
            43.859909752100734,
            0.0
        ]
    ],
    "scores_ave": [
        0,
        13.63121481477535,
        17.535385947313546,
        18.763125955555296,
        11.082034233467184,
        13.244963917800728,
        14.86747479106523,
        18.83033208005441,
        12.349088140289233,
        11.526326338626214,
        14.024713258505022,
        15.18479289706799,
        13.791871593209075,
        12.088184314254706,
        16.448027269358764,
        19.15908900628901,
        14.102467513770904,
        17.43486694296667,
        19.845575978456804,
        19.011207564651684,
        0
    ],
    "scores_var": [
        0,
        24.421128825037584,
        353.68146495267354,
        274.2332226888367,
        20.98164296703674,
        16.77888184035304,
        366.82157887917333,
        322.46469633913847,
        386.4108098107374,
        302.60936915374367,
        23.13574190538585,
        19.47612747412113,
        17.63078176315787,
        21.5215462636552,
        24.061554010991635,
        350.540524387691,
        23.685799568980183,
        17.39189546905134,
        22.375827567323515,
        17.23347967354522,
        0
    ],
    "vertex_number": 21,
    "minimum_distances": {
        "cost": 382.25681973353414,
        "path": [
            0,
            6,
            7,
            17,
            12,
            15,
            5,
            9,
            19,
            18,
            16,
            2,
            14,
            10,
            3,
            8,
            4,
            1,
            11,
            13,
            20
        ]
    }
}