{
    "vertices": [
        [
            26.525409204587113,
            58.55060889185473
        ],
        [
            98.29716423161689,
            36.50071403825509
        ],
        [
            2.1737817983276675,
            73.5903085329586
        ],
        [
            15.813602443187458,
            61.82330098743114
        ],
        [
            91.01591797717987,
            80.69833411186352
        ],
        [
            35.081660712148185,
            32.93218542971383
        ],
        [
            32.482736118251765,
            1.109243100555668
        ],
        [
            62.95698678998441,
            17.700774949674813
        ],
        [
            48.118994377370726,
            79.63361716973982
        ],
        [
            77.06824054696361,
            4.048494746365916
        ],
        [
            81.61468833196408,
            4.699293548606221
        ],
        [
            32.1429059520717,
            10.445739388590958
        ],
        [
            81.49409728584163,
            40.86806578607095
        ],
        [
            81.73777415166664,
            83.74127909230333
        ],
        [
            26.525409204587113,
            58.55060889185473
        ]
    ],
    "distances": [
        [
            0.0,
            75.08250583667791,
            28.6215709322166,
            11.200594521989254,
            68.18759017716404,
            27.009499450123325,
            57.749461018489995,
            54.73544353035332,
            30.179068220533775,
            74.33073554346012,
            77.03760665397157,
            48.43175342308016,
            57.74278309938095,
            60.68752020141592,
            0.0
        ],
        [
            75.08250583667791,
            0.0,
            103.03078506057264,
            86.28308858115962,
            44.793371911353,
            63.31614550531277,
            74.7268035113461,
            40.02956221769603,
            66.16869397586463,
            38.77903734980662,
            35.911493248011226,
            71.10026436316122,
            17.361359971884553,
            50.05880927914405,
            75.08250583667791
        ],
        [
            28.6215709322166,
            103.03078506057264,
            0.0,
            18.01408265220418,
            89.12602980303838,
            52.306896953320404,
            78.56295283518511,
            82.57262241938773,
            46.340955301038534,
            102.20197559724696,
            105.15146017274425,
            69.89552929172473,
            85.80476454967399,
            80.20892146450335,
            28.6215709322166
        ],
        [
            11.200594521989254,
            86.28308858115962,
            18.01408265220418,
            0.0,
            77.53486401047321,
            34.726857439530015,
            62.960756369090966,
            64.57008588829898,
            36.8896423205078,
            84.20248764387674,
            87.1374496414319,
            53.910110266330165,
            68.94236205063072,
            69.47225474716294,
            11.200594521989254
        ],
        [
            68.18759017716404,
            44.793371911353,
            89.12602980303838,
            77.53486401047321,
            0.0,
            73.55437509567993,
            98.79553019512873,
            68.96373017580498,
            42.910134892525186,
            77.90850775399275,
            76.57830819088204,
            91.6594709250545,
            40.952598747608576,
            9.764397933354266,
            68.18759017716404
        ],
        [
            27.009499450123325,
            63.31614550531277,
            52.306896953320404,
            34.726857439530015,
            73.55437509567993,
            0.0,
            31.928890797045963,
            31.7652273588139,
            48.48706833441935,
            50.96214745982206,
            54.42810710870681,
            22.677665997633063,
            47.086011359399855,
            68.98084458815366,
            27.009499450123325
        ],
        [
            57.749461018489995,
            74.7268035113461,
            78.56295283518511,
            62.960756369090966,
            98.79553019512873,
            31.928890797045963,
            0.0,
            34.69811065611401,
            80.06603459209795,
            44.682282902735416,
            49.26293932105612,
            9.342678817038651,
            63.11004282076016,
            96.19829595068005,
            57.749461018489995
        ],
        [
            54.73544353035332,
            40.02956221769603,
            82.57262241938773,
            64.57008588829898,
            68.96373017580498,
            31.7652273588139,
            34.69811065611401,
            0.0,
            63.685500424290055,
            19.63446554769239,
            22.740895880591925,
            31.656644150604638,
            29.670656046568713,
            68.65905738747989,
            54.73544353035332
        ],
        [
            30.179068220533775,
            66.16869397586463,
            46.340955301038534,
            36.8896423205078,
            42.910134892525186,
            48.48706833441935,
            80.06603459209795,
            63.685500424290055,
            0.0,
            80.93929568228346,
            82.0799267181481,
            71.0084349442527,
            51.15335246326378,
            33.868794486705404,
            30.179068220533775
        ],
        [
            74.33073554346012,
            38.77903734980662,
            102.20197559724696,
            84.20248764387674,
            77.90850775399275,
            50.96214745982206,
            44.682282902735416,
            19.63446554769239,
            80.93929568228346,
            0.0,
            4.592790714013982,
            45.37852385738731,
            37.084619715199416,
            79.82947087945365,
            74.33073554346012
        ],
        [
            77.03760665397157,
            35.911493248011226,
            105.15146017274425,
            87.1374496414319,
            76.57830819088204,
            54.42810710870681,
            49.26293932105612,
            22.740895880591925,
            82.0799267181481,
            4.592790714013982,
            0.0,
            49.804406347584425,
            36.168973269447456,
            79.042081379535,
            77.03760665397157
        ],
        [
            48.43175342308016,
            71.10026436316122,
            69.89552929172473,
            53.910110266330165,
            91.6594709250545,
            22.677665997633063,
            9.342678817038651,
            31.656644150604638,
            71.0084349442527,
            45.37852385738731,
            49.804406347584425,
            0.0,
            57.974632637880305,
            88.4979496496595,
            48.43175342308016
        ],
        [
            57.74278309938095,
            17.361359971884553,
            85.80476454967399,
            68.94236205063072,
            40.952598747608576,
            47.086011359399855,
            63.11004282076016,
            29.670656046568713,
            51.15335246326378,
            37.084619715199416,
            36.168973269447456,
            57.974632637880305,
            0.0,
            42.873905789146846,
            57.74278309938095
        ],
        [
            60.68752020141592,
            50.05880927914405,
            80.20892146450335,
            69.47225474716294,
            9.764397933354266,
            68.98084458815366,
            96.19829595068005,
            68.65905738747989,
            33.868794486705404,
            79.82947087945365,
            79.042081379535,
            88.4979496496595,
            42.873905789146846,
            0.0,
            60.68752020141592
        ],
        [
            0.0,
            75.08250583667791,
            28.6215709322166,
            11.200594521989254,
            68.18759017716404,
            27.009499450123325,
            57.749461018489995,
            54.73544353035332,
            30.179068220533775,
            74.33073554346012,
            77.03760665397157,
            48.43175342308016,
            57.74278309938095,
            60.68752020141592,
            0.0
        ]
    ],
    "scores_ave": [
        0,
        14.835871609409596,
        16.848900301987594,
        13.506661084940507,
        11.90129404201568,
        11.82542504925295,
        12.737261969608918,
        15.239005669363491,
        19.78156837843484,
        19.44819364229897,
        17.30250505970714,
        11.876736289949335,
        15.254921124691503,
        18.51760307254837,
        0
    ],
    "scores_var": [
        0,
        18.62615150131829,
        304.6794977978743,
        17.518207510277023,
        325.0889613455803,
        24.341738673979535,
        309.41980854994597,
        312.3645926649035,
        23.910809200519694,
        16.340034416646077,
        17.593375815596357,
        355.64752535207526,
        344.5857052383699,
        21.243222145436835,
        0
    ],
    "vertex_number": 15,
    "minimum_distances": {
        "cost": 331.3694880454114,
        "path": [
            0,
            3,
            2,
            8,
            13,
            4,
            12,
            1,
            10,
            9,
            7,
            6,
            11,
            5,
            14
        ]
    }
}