{
    "vertices": [
        [
            18.926747991348257,
            93.86948650308486
        ],
        [
            92.2266103585699,
            49.146119823684884
        ],
        [
            18.97157628009658,
            82.83932957344503
        ],
        [
            79.81460058515772,
            25.06989555933017
        ],
        [
            28.556612286755023,
            88.37308824940179
        ],
        [
            98.52026148571002,
            57.00261746488163
        ],
        [
            70.69356685950005,
            96.8831219114814
        ],
        [
            86.03698680676027,
            56.334357940416965
        ],
        [
            21.117770863009778,
            76.77775390196896
        ],
        [
            50.6798214367592,
            54.15821234971377
        ],
        [
            13.225692939806189,
            89.11484397855719
        ],
        [
            81.84941267910575,
            77.59317305856332
        ],
        [
            44.032446088026475,
            64.09058469073756
        ],
        [
            39.0066518541633,
            7.624740760107873
        ],
        [
            87.58276460134601,
            76.01531086034812
        ],
        [
            75.90438391517786,
            34.225216425659575
        ],
        [
            96.0424291329938,
            48.472110731483
        ],
        [
            27.759976224969595,
            66.72846257231106
        ],
        [
            6.730680278235168,
            8.854531161650891
        ],
        [
            10.443543684209844,
            85.37837167648384
        ],
        [
            49.9282072489844,
            80.34276397854944
        ],
        [
            33.60041984860502,
            76.17087680422956
        ],
        [
            21.31558010882869,
            67.40500343524357
        ],
        [
            18.926747991348257,
            93.86948650308486
        ]
    ],
    "distances": [
        [
            0.0,
            85.86646231325533,
            11.030248023863908,
            91.87336016230951,
            11.088042212719083,
            87.71712160722771,
            51.854464938930555,
            76.89388811913233,
            17.231596110987276,
            50.84528462024635,
            7.423520339889976,
            64.99369285363217,
            38.94969922953159,
            88.55144667034324,
            70.93955317475562,
            82.48569541767425,
            89.4860324569593,
            28.542268673637018,
            85.88531131322078,
            12.00265746887644,
            33.82399589579338,
            22.990376922679275,
            26.572079010374107,
            0.0
        ],
        [
            85.86646231325533,
            0.0,
            80.63208047098635,
            27.0873136623546,
            74.7838465601837,
            10.066508813699127,
            52.36882021454296,
            9.485895157335255,
            76.28875576545681,
            41.848019561300234,
            88.53611615366124,
            30.280704572824654,
            50.45804692909444,
            67.50102889995094,
            27.267539866691134,
            22.114439497363925,
            3.874888537186166,
            66.8212967028151,
            94.51437021539122,
            89.44968456617092,
            52.55840096641295,
            64.55515241689228,
            73.22404688229243,
            85.86646231325533
        ],
        [
            11.030248023863908,
            80.63208047098635,
            0.0,
            83.89982784784144,
            11.067764016849361,
            83.63927911288194,
            53.59470508109724,
            72.11298641976738,
            6.430307209516233,
            42.75534231083213,
            8.50865773250969,
            63.09631105222554,
            31.29796527263173,
            77.83725729763317,
            68.94970916726662,
            74.86438794486237,
            84.38614868806518,
            18.352002863972952,
            74.99059895054981,
            8.897981499054177,
            31.057138321383068,
            16.07704346225226,
            15.61130286969923,
            11.030248023863908
        ],
        [
            91.87336016230951,
            27.0873136623546,
            83.89982784784144,
            0.0,
            81.45351784395518,
            37.00811367826976,
            72.39014252873032,
            31.877652019387824,
            78.22416783714117,
            41.169959068763596,
            92.38959919505336,
            52.56267819964208,
            52.943146494579494,
            44.38042480193602,
            51.53425765814035,
            9.955385204583246,
            28.478168732235993,
            66.67173406215943,
            74.8611878744796,
            91.92092159638001,
            62.83539201702168,
            68.89891715652952,
            72.21078005087044,
            91.87336016230951
        ],
        [
            11.088042212719083,
            74.7838465601837,
            11.067764016849361,
            81.45351784395518,
            0.0,
            76.67475886155019,
            42.98771468216595,
            65.80633476172284,
            13.776361651625717,
            40.74425255083078,
            15.348853038073722,
            54.37213574231389,
            28.794815695210087,
            81.42173511546017,
            60.305897879583064,
            71.92915612752383,
            78.39912934650198,
            21.659280914109598,
            82.45951873106239,
            18.358964610037717,
            22.830487930060286,
            13.20355856857034,
            22.183172175671743,
            11.088042212719083
        ],
        [
            87.71712160722771,
            10.066508813699127,
            83.63927911288194,
            37.00811367826976,
            76.67475886155019,
            0.0,
            48.62899925698252,
            12.501148647310208,
            79.88868240059175,
            47.92492404309527,
            91.13922599571215,
            26.493172320225366,
            54.946895328188,
            77.33074704959192,
            21.934250574056264,
            32.09809832975863,
            8.883084953816809,
            71.4255558832766,
            103.65117188390576,
            92.53481315571108,
            53.90686574291223,
            67.6905311272359,
            77.90232641187391,
            87.71712160722771
        ],
        [
            51.854464938930555,
            52.36882021454296,
            53.59470508109724,
            72.39014252873032,
            42.98771468216595,
            48.62899925698252,
            0.0,
            43.354616769832894,
            53.49752677912827,
            47.18016429504568,
            57.990539529245524,
            22.283514594852612,
            42.26305547597062,
            94.71599225220262,
            26.846052566978532,
            62.874205635204035,
            54.64605037905745,
            52.465194983292065,
            108.81306745611438,
            61.33860587421827,
            26.547760739910622,
            42.48409882008501,
            57.507782468537165,
            51.854464938930555
        ],
        [
            76.89388811913233,
            9.485895157335255,
            72.11298641976738,
            31.877652019387824,
            65.80633476172284,
            12.501148647310208,
            43.354616769832894,
            0.0,
            68.06200876547877,
            35.42407024374161,
            79.85013950818526,
            21.667325568748204,
            42.71464028168977,
            67.70878238165066,
            19.74156368747879,
            24.320439549442213,
            12.724928578109012,
            59.19668380449115,
            92.43280914338813,
            80.98100627321882,
            43.361821013927546,
            56.063187877532364,
            65.66140172606116,
            76.89388811913233
        ],
        [
            17.231596110987276,
            76.28875576545681,
            6.430307209516233,
            78.22416783714117,
            13.776361651625717,
            79.88868240059175,
            53.49752677912827,
            68.06200876547877,
            0.0,
            37.22309087326196,
            14.645432240250512,
            60.7371157207808,
            26.192491352721913,
            71.42934473809814,
            66.46936671902922,
            69.37068123783064,
            80.09315733674609,
            12.046042848121756,
            69.43019921421349,
            13.708017798643695,
            29.03016606215698,
            12.49739274846328,
            9.374837588418933,
            17.231596110987276
        ],
        [
            50.84528462024635,
            41.848019561300234,
            42.75534231083213,
            41.169959068763596,
            40.74425255083078,
            47.92492404309527,
            47.18016429504568,
            35.42407024374161,
            37.22309087326196,
            0.0,
            51.232585688221164,
            38.99667680252113,
            11.951553009867538,
            47.97527348837838,
            42.890091740544214,
            32.14969484670123,
            45.71758883203848,
            26.140590949538648,
            63.11854353327169,
            50.927952990172365,
            26.195336758484803,
            27.86150310009398,
            32.213912255865694,
            50.84528462024635
        ],
        [
            7.423520339889976,
            88.53611615366124,
            8.50865773250969,
            92.38959919505336,
            15.348853038073722,
            91.13922599571215,
            57.990539529245524,
            79.85013950818526,
            14.645432240250512,
            51.232585688221164,
            0.0,
            69.58422099618969,
            39.68966606611106,
            85.47101710578443,
            75.50213158576668,
            83.31560187193006,
            92.25206533994164,
            26.69073740231436,
            80.52268626257832,
            4.658495437861524,
            37.736241786139324,
            24.13867814977039,
            23.16815596510906,
            7.423520339889976
        ],
        [
            64.99369285363217,
            30.280704572824654,
            63.09631105222554,
            52.56267819964208,
            54.37213574231389,
            26.493172320225366,
            22.283514594852612,
            21.667325568748204,
            60.7371157207808,
            38.99667680252113,
            69.58422099618969,
            0.0,
            40.155234463040436,
            82.0431817606239,
            5.9465093442130055,
            43.77354257445187,
            32.39564765702383,
            55.16982028134689,
            101.82251640646861,
            71.82901533807009,
            32.03940708470241,
            48.2699516862489,
            61.38520738679532,
            64.99369285363217
        ],
        [
            38.94969922953159,
            50.45804692909444,
            31.29796527263173,
            52.943146494579494,
            28.794815695210087,
            54.946895328188,
            42.26305547597062,
            42.71464028168977,
            26.192491352721913,
            11.951553009867538,
            39.68966606611106,
            40.155234463040436,
            0.0,
            56.689065422525374,
            45.15339784370361,
            43.67791939260077,
            54.304466346274886,
            16.484892330924975,
            66.65165670856685,
            39.76662217794752,
            17.28853178469015,
            15.961222666427371,
            22.957381634907026,
            38.94969922953159
        ],
        [
            88.55144667034324,
            67.50102889995094,
            77.83725729763317,
            44.38042480193602,
            81.42173511546017,
            77.33074704959192,
            94.71599225220262,
            67.70878238165066,
            71.42934473809814,
            47.97527348837838,
            85.47101710578443,
            82.0431817606239,
            56.689065422525374,
            0.0,
            83.8862849830822,
            45.48656875254529,
            70.1540271358584,
            60.16425554066636,
            32.299392031458545,
            82.83404052084191,
            73.53360641937776,
            68.75900021871436,
            62.343033492177774,
            88.55144667034324
        ],
        [
            70.93955317475562,
            27.267539866691134,
            68.94970916726662,
            51.53425765814035,
            60.305897879583064,
            21.934250574056264,
            26.846052566978532,
            19.74156368747879,
            66.46936671902922,
            42.890091740544214,
            75.50213158576668,
            5.9465093442130055,
            45.15339784370361,
            83.8862849830822,
            0.0,
            43.391203812653686,
            28.813083787174453,
            60.53933894790837,
            105.10770604065321,
            77.70538148384186,
            37.90240810149825,
            53.9825689067006,
            66.82422565597103,
            70.93955317475562
        ],
        [
            82.48569541767425,
            22.114439497363925,
            74.86438794486237,
            9.955385204583246,
            71.92915612752383,
            32.09809832975863,
            62.874205635204035,
            24.320439549442213,
            69.37068123783064,
            32.14969484670123,
            83.31560187193006,
            43.77354257445187,
            43.67791939260077,
            45.48656875254529,
            43.391203812653686,
            0.0,
            24.668094019524563,
            58.0891125935902,
            73.67952867396049,
            83.07687341167367,
            52.93004767130247,
            59.57401950800552,
            63.88141957572202,
            82.48569541767425
        ],
        [
            89.4860324569593,
            3.874888537186166,
            84.38614868806518,
            28.478168732235993,
            78.39912934650198,
            8.883084953816809,
            54.64605037905745,
            12.724928578109012,
            80.09315733674609,
            45.71758883203848,
            92.25206533994164,
            32.39564765702383,
            54.304466346274886,
            70.1540271358584,
            28.813083787174453,
            24.668094019524563,
            0.0,
            70.68088679178163,
            97.70435555525383,
            93.21609993458497,
            56.055864977381255,
            68.30978089135135,
            77.08797825350253,
            89.4860324569593
        ],
        [
            28.542268673637018,
            66.8212967028151,
            18.352002863972952,
            66.67173406215943,
            21.659280914109598,
            71.4255558832766,
            52.465194983292065,
            59.19668380449115,
            12.046042848121756,
            26.140590949538648,
            26.69073740231436,
            55.16982028134689,
            16.484892330924975,
            60.16425554066636,
            60.53933894790837,
            58.0891125935902,
            70.68088679178163,
            0.0,
            61.57615792610918,
            25.449517589388403,
            26.014989323734056,
            11.102700943824473,
            6.479810864597009,
            28.542268673637018
        ],
        [
            85.88531131322078,
            94.51437021539122,
            74.99059895054981,
            74.8611878744796,
            82.45951873106239,
            103.65117188390576,
            108.81306745611438,
            92.43280914338813,
            69.43019921421349,
            63.11854353327169,
            80.52268626257832,
            101.82251640646861,
            66.65165670856685,
            32.299392031458545,
            105.10770604065321,
            73.67952867396049,
            97.70435555525383,
            61.57615792610918,
            0.0,
            76.61385985453947,
            83.52600653492118,
            72.48084778236675,
            60.33968102773823,
            85.88531131322078
        ],
        [
            12.00265746887644,
            89.44968456617092,
            8.897981499054177,
            91.92092159638001,
            18.358964610037717,
            92.53481315571108,
            61.33860587421827,
            80.98100627321882,
            13.708017798643695,
            50.927952990172365,
            4.658495437861524,
            71.82901533807009,
            39.76662217794752,
            82.83404052084191,
            77.70538148384186,
            83.07687341167367,
            93.21609993458497,
            25.449517589388403,
            76.61385985453947,
            0.0,
            39.804472132047316,
            24.920250310053515,
            21.005788296406852,
            12.00265746887644
        ],
        [
            33.82399589579338,
            52.55840096641295,
            31.057138321383068,
            62.83539201702168,
            22.830487930060286,
            53.90686574291223,
            26.547760739910622,
            43.361821013927546,
            29.03016606215698,
            26.195336758484803,
            37.736241786139324,
            32.03940708470241,
            17.28853178469015,
            73.53360641937776,
            37.90240810149825,
            52.93004767130247,
            56.055864977381255,
            26.014989323734056,
            83.52600653492118,
            39.804472132047316,
            0.0,
            16.852337641622373,
            31.401720967766995,
            33.82399589579338
        ],
        [
            22.990376922679275,
            64.55515241689228,
            16.07704346225226,
            68.89891715652952,
            13.20355856857034,
            67.6905311272359,
            42.48409882008501,
            56.063187877532364,
            12.49739274846328,
            27.86150310009398,
            24.13867814977039,
            48.2699516862489,
            15.961222666427371,
            68.75900021871436,
            53.9825689067006,
            59.57401950800552,
            68.30978089135135,
            11.102700943824473,
            72.48084778236675,
            24.920250310053515,
            16.852337641622373,
            0.0,
            15.091647469812088,
            22.990376922679275
        ],
        [
            26.572079010374107,
            73.22404688229243,
            15.61130286969923,
            72.21078005087044,
            22.183172175671743,
            77.90232641187391,
            57.507782468537165,
            65.66140172606116,
            9.374837588418933,
            32.213912255865694,
            23.16815596510906,
            61.38520738679532,
            22.957381634907026,
            62.343033492177774,
            66.82422565597103,
            63.88141957572202,
            77.08797825350253,
            6.479810864597009,
            60.33968102773823,
            21.005788296406852,
            31.401720967766995,
            15.091647469812088,
            0.0,
            26.572079010374107
        ],
        [
            0.0,
            85.86646231325533,
            11.030248023863908,
            91.87336016230951,
            11.088042212719083,
            87.71712160722771,
            51.854464938930555,
            76.89388811913233,
            17.231596110987276,
            50.84528462024635,
            7.423520339889976,
            64.99369285363217,
            38.94969922953159,
            88.55144667034324,
            70.93955317475562,
            82.48569541767425,
            89.4860324569593,
            28.542268673637018,
            85.88531131322078,
            12.00265746887644,
            33.82399589579338,
            22.990376922679275,
            26.572079010374107,
            0.0
        ]
    ],
    "scores_ave": [
        0,
        12.029341817714748,
        15.525753252650171,
        19.827068529537648,
        10.732344549410385,
        13.214604245140736,
        16.013123186095505,
        16.844999203051437,
        10.354592421389773,
        14.80318124364374,
        12.763542405920862,
        11.69073780191178,
        16.456324300567175,
        11.941819314445866,
        11.740303381839869,
        11.922794435460176,
        10.471511192338768,
        16.837818090169904,
        10.606462940393625,
        16.65332523438689,
        14.71986264384114,
        16.825006690069195,
        16.351016974979157,
        0
    ],
    "scores_var": [
        0,
        24.606934357003606,
        22.437184881193687,
        306.1459117614382,
        306.76538288201994,
        247.43233051879952,
        20.41405136272497,
        16.774901970939656,
        21.150557399687656,
        16.741729886237465,
        24.524904155233962,
        18.07205186628238,
        20.380384256081346,
        19.18854743084352,
        379.8070326344098,
        19.455144127341537,
        16.56981818000328,
        394.46459972336066,
        16.080860618764504,
        22.06661296903977,
        385.3961563983729,
        337.56189805867723,
        271.5185630559072,
        0
    ],
    "vertex_number": 24,
    "minimum_distances": {
        "cost": 387.84561527561823,
        "path": [
            0,
            10,
            19,
            2,
            8,
            22,
            17,
            21,
            12,
            9,
            18,
            13,
            3,
            15,
            1,
            16,
            5,
            7,
            14,
            11,
            6,
            20,
            4,
            23
        ]
    }
}