{
    "vertices": [
        [
            36.70795094804712,
            73.19893827609927
        ],
        [
            8.728329549409297,
            32.12800174578633
        ],
        [
            74.10928455399281,
            9.945915877410162
        ],
        [
            61.07432373149477,
            66.24173107539967
        ],
        [
            29.071835255935376,
            82.89851211249123
        ],
        [
            70.7661733618101,
            64.35757151200636
        ],
        [
            8.378571731523742,
            76.83507443680595
        ],
        [
            20.035339220796644,
            19.156862548787178
        ],
        [
            13.356648999676612,
            39.28247625575752
        ],
        [
            9.78227564808135,
            62.661857121236075
        ],
        [
            28.825328841128485,
            69.55786267624167
        ],
        [
            42.77564780592936,
            47.11394522990927
        ],
        [
            66.78132084058069,
            5.98519706157764
        ],
        [
            74.77333332311444,
            97.08598991630575
        ],
        [
            58.76241326132956,
            27.84577941492269
        ],
        [
            95.57804660810909,
            2.560854062003215
        ],
        [
            79.34441905593957,
            24.472492180762085
        ],
        [
            23.80816052027783,
            46.127401312176886
        ],
        [
            78.6383385062533,
            25.49997395334447
        ],
        [
            15.856844550686455,
            98.69863321408158
        ],
        [
            16.684362192118808,
            13.48533531010655
        ],
        [
            67.38086281127144,
            93.08474851744731
        ],
        [
            36.70795094804712,
            73.19893827609927
        ]
    ],
    "distances": [
        [
            0.0,
            49.69588555492402,
            73.48336272975203,
            25.340143145913853,
            12.344715285130505,
            35.18710389109274,
            28.561778883199583,
            56.55547657587358,
            41.17778161413332,
            28.914046234025424,
            8.6829236323004,
            26.781407867752858,
            73.6348734279202,
            44.93956576806208,
            50.43122372712281,
            91.9533963726331,
            64.74669846252495,
            29.9878759946313,
            63.508649790755335,
            32.9393849354267,
            62.98141381270155,
            36.555067653117945,
            0.0
        ],
        [
            49.69588555492402,
            0.0,
            69.04139490757257,
            62.480794134558245,
            54.69463362458103,
            69.91022265883211,
            44.708440804072836,
            17.20752509156313,
            8.52102379104473,
            30.55203964496949,
            42.48392483992726,
            37.199440621736386,
            63.667857154214836,
            92.63629283725719,
            50.21699872535586,
            91.74469780500043,
            71.02984530388949,
            20.57630895786273,
            70.2235010859142,
            66.95121134237242,
            20.269372640609294,
            84.59222561806875,
            49.69588555492402
        ],
        [
            73.48336272975203,
            69.04139490757257,
            0.0,
            57.78519717410546,
            85.73478370366288,
            54.514261082226746,
            93.77998795550087,
            54.8528313077861,
            67.46492793761797,
            83.16811009036887,
            74.8613441380221,
            48.61336439506967,
            8.32984668065232,
            87.14260418573672,
            23.578201227726037,
            22.703455291070675,
            15.441115644621634,
            61.962109125831205,
            16.200032479350888,
            106.1621005867061,
            57.533896080378604,
            83.41065370740138,
            73.48336272975203
        ],
        [
            25.340143145913853,
            62.480794134558245,
            57.78519717410546,
            0.0,
            36.07779958847165,
            9.873297651593914,
            53.749987929441446,
            62.45945159731796,
            54.806732271154395,
            51.41682306520788,
            32.41904378961498,
            26.4709979407617,
            60.52619025977107,
            33.74953580771298,
            38.46549146879245,
            72.42762587260142,
            45.59019303536238,
            42.34800092458591,
            44.36648947573463,
            55.66031728176554,
            68.94712452025476,
            27.573901076177528,
            25.340143145913853
        ],
        [
            12.344715285130505,
            54.69463362458103,
            85.73478370366288,
            36.07779958847165,
            0.0,
            45.630957785671185,
            21.563312169925673,
            64.37900395078454,
            46.360820343526974,
            27.957276603776087,
            13.342926695198724,
            38.31879049995386,
            85.66016189092608,
            47.853019257076156,
            62.54865146239629,
            104.2938897992454,
            77.07744473574131,
            37.14594003672264,
            75.83818581210132,
            20.59805345572091,
            70.50984755837936,
            39.64014384854261,
            12.344715285130505
        ],
        [
            35.18710389109274,
            69.91022265883211,
            54.514261082226746,
            9.873297651593914,
            45.630957785671185,
            0.0,
            63.623116211151526,
            67.94646144885442,
            62.64673885843023,
            61.00746862191215,
            42.26200974043726,
            32.875707874524046,
            58.508231460171594,
            32.972817626074416,
            38.43437548198943,
            66.59176631976307,
            40.79713044380082,
            50.37255279951832,
            39.646990706638924,
            64.76374687519115,
            74.24841220912425,
            28.925957654423883,
            35.18710389109274
        ],
        [
            28.561778883199583,
            44.708440804072836,
            93.77998795550087,
            53.749987929441446,
            21.563312169925673,
            63.623116211151526,
            0.0,
            58.844340041317146,
            37.881115129243256,
            14.242558539803479,
            21.703172286724982,
            45.45882052805038,
            91.81822383154851,
            69.41443613948047,
            70.27433752118694,
            114.54435049812366,
            88.1929220912498,
            34.36616648564562,
            87.0156731220674,
            23.107136706334128,
            63.89190561093151,
            61.19903806749206,
            28.561778883199583
        ],
        [
            56.55547657587358,
            17.20752509156313,
            54.8528313077861,
            62.45945159731796,
            64.37900395078454,
            67.94646144885442,
            58.844340041317146,
            0.0,
            21.204839781330037,
            44.696866393237784,
            51.16175066759551,
            36.03775945568977,
            48.56623898660606,
            95.23233112030972,
            39.68984177402995,
            77.34421851113706,
            59.54681241910172,
            27.233144176633843,
            58.945284693025776,
            79.65144755921533,
            6.587508502144256,
            87.78912761755537,
            56.55547657587358
        ],
        [
            41.17778161413332,
            8.52102379104473,
            67.46492793761797,
            54.806732271154395,
            46.360820343526974,
            62.64673885843023,
            37.881115129243256,
            21.204839781330037,
            0.0,
            23.65103791611901,
            33.998221702715206,
            30.443544423332213,
            62.95160333973595,
            84.34011681750269,
            46.8239411285932,
            90.04907418305186,
            67.62929413575047,
            12.493481984349184,
            66.72073406782263,
            59.46873704300008,
            26.01088533789144,
            76.24500100650474,
            41.17778161413332
        ],
        [
            28.914046234025424,
            30.55203964496949,
            83.16811009036887,
            51.41682306520788,
            27.957276603776087,
            61.00746862191215,
            14.242558539803479,
            44.696866393237784,
            23.65103791611901,
            0.0,
            20.253216226759907,
            36.47328022712958,
            80.38118528844088,
            73.54494201787142,
            60.093370245516965,
            104.75230252052437,
            79.35565127986877,
            21.68210495661898,
            78.24425188416433,
            36.545172301117674,
            49.658524908638604,
            65.13946241796343,
            28.914046234025424
        ],
        [
            8.6829236323004,
            42.48392483992726,
            74.8613441380221,
            32.41904378961498,
            13.342926695198724,
            42.26200974043726,
            21.703172286724982,
            51.16175066759551,
            33.998221702715206,
            20.253216226759907,
            0.0,
            26.426139134528654,
            74.04148257575862,
            53.563204769895535,
            51.34322655990226,
            94.57549625846279,
            67.71166154250596,
            23.96160465604672,
            66.50137961438854,
            31.8961767666672,
            57.37186938211389,
            45.166841345260906,
            8.6829236323004
        ],
        [
            26.781407867752858,
            37.199440621736386,
            48.61336439506967,
            26.4709979407617,
            38.31879049995386,
            32.875707874524046,
            45.45882052805038,
            36.03775945568977,
            30.443544423332213,
            36.47328022712958,
            26.426139134528654,
            0.0,
            47.62190949280203,
            59.338496177404785,
            25.036750659776015,
            69.08741746425451,
            43.01058505661495,
            18.993126199574604,
            41.872381573195355,
            58.185926160188316,
            42.56334796652739,
            52.141455295768544,
            26.781407867752858
        ],
        [
            73.6348734279202,
            63.667857154214836,
            8.32984668065232,
            60.52619025977107,
            85.66016189092608,
            58.508231460171594,
            91.81822383154851,
            48.56623898660606,
            62.95160333973595,
            80.38118528844088,
            74.04148257575862,
            47.62190949280203,
            0.0,
            91.45067917889433,
            23.284929452157506,
            28.999612754465677,
            22.35199135631039,
            58.80551904380473,
            22.834521783026442,
            105.77846438951752,
            50.65527948370975,
            87.10161487818873,
            73.6348734279202
        ],
        [
            44.93956576806208,
            92.63629283725719,
            87.14260418573672,
            33.74953580771298,
            47.853019257076156,
            32.972817626074416,
            69.41443613948047,
            95.23233112030972,
            84.34011681750269,
            73.54494201787142,
            53.563204769895535,
            59.338496177404785,
            91.45067917889433,
            0.0,
            71.06726610402782,
            96.78758909666664,
            72.75723248012284,
            72.0709830052834,
            71.69027790792164,
            58.93855501857417,
            101.8007761151292,
            8.405864203067223,
            44.93956576806208
        ],
        [
            50.43122372712281,
            50.21699872535586,
            23.578201227726037,
            38.46549146879245,
            62.54865146239629,
            38.43437548198943,
            70.27433752118694,
            39.68984177402995,
            46.8239411285932,
            60.093370245516965,
            51.34322655990226,
            25.036750659776015,
            23.284929452157506,
            71.06726610402782,
            0.0,
            44.662269409729,
            20.85660637048872,
            39.44638746297925,
            20.01387537698202,
            82.83124240205927,
            44.4610474086099,
            65.80578061390243,
            50.43122372712281
        ],
        [
            91.9533963726331,
            91.74469780500043,
            22.703455291070675,
            72.42762587260142,
            104.2938897992454,
            66.59176631976307,
            114.54435049812366,
            77.34421851113706,
            90.04907418305186,
            104.75230252052437,
            94.57549625846279,
            69.08741746425451,
            28.999612754465677,
            96.78758909666664,
            44.662269409729,
            0.0,
            27.269956885737905,
            83.95808828434512,
            28.5159066481395,
            124.89172365603015,
            79.64645460577658,
            94.81379984713737,
            91.9533963726331
        ],
        [
            64.74669846252495,
            71.02984530388949,
            15.441115644621634,
            45.59019303536238,
            77.07744473574131,
            40.79713044380082,
            88.1929220912498,
            59.54681241910172,
            67.62929413575047,
            79.35565127986877,
            67.71166154250596,
            43.01058505661495,
            22.35199135631039,
            72.75723248012284,
            20.85660637048872,
            27.269956885737905,
            0.0,
            59.60881731446861,
            1.246703066345107,
            97.67390710552282,
            63.616038404459324,
            69.64745794090649,
            64.74669846252495
        ],
        [
            29.9878759946313,
            20.57630895786273,
            61.962109125831205,
            42.34800092458591,
            37.14594003672264,
            50.37255279951832,
            34.36616648564562,
            27.233144176633843,
            12.493481984349184,
            21.68210495661898,
            23.96160465604672,
            18.993126199574604,
            58.80551904380473,
            72.0709830052834,
            39.44638746297925,
            83.95808828434512,
            59.60881731446861,
            0.0,
            58.58190144931844,
            53.16914377091398,
            33.41037227424737,
            64.05913550381302,
            29.9878759946313
        ],
        [
            63.508649790755335,
            70.2235010859142,
            16.200032479350888,
            44.36648947573463,
            75.83818581210132,
            39.646990706638924,
            87.0156731220674,
            58.945284693025776,
            66.72073406782263,
            78.24425188416433,
            66.50137961438854,
            41.872381573195355,
            22.834521783026442,
            71.69027790792164,
            20.01387537698202,
            28.5159066481395,
            1.246703066345107,
            58.58190144931844,
            0.0,
            96.43422473822442,
            63.108214384974666,
            68.51592889178187,
            63.508649790755335
        ],
        [
            32.9393849354267,
            66.95121134237242,
            106.1621005867061,
            55.66031728176554,
            20.59805345572091,
            64.76374687519115,
            23.107136706334128,
            79.65144755921533,
            59.46873704300008,
            36.545172301117674,
            31.8961767666672,
            58.185926160188316,
            105.77846438951752,
            58.93855501857417,
            82.83124240205927,
            124.89172365603015,
            97.67390710552282,
            53.16914377091398,
            96.43422473822442,
            0.0,
            85.21731587604997,
            51.82895097437532,
            32.9393849354267
        ],
        [
            62.98141381270155,
            20.269372640609294,
            57.533896080378604,
            68.94712452025476,
            70.50984755837936,
            74.24841220912425,
            63.89190561093151,
            6.587508502144256,
            26.01088533789144,
            49.658524908638604,
            57.37186938211389,
            42.56334796652739,
            50.65527948370975,
            101.8007761151292,
            44.4610474086099,
            79.64645460577658,
            63.616038404459324,
            33.41037227424737,
            63.108214384974666,
            85.21731587604997,
            0.0,
            94.37267484807622,
            62.98141381270155
        ],
        [
            36.555067653117945,
            84.59222561806875,
            83.41065370740138,
            27.573901076177528,
            39.64014384854261,
            28.925957654423883,
            61.19903806749206,
            87.78912761755537,
            76.24500100650474,
            65.13946241796343,
            45.166841345260906,
            52.141455295768544,
            87.10161487818873,
            8.405864203067223,
            65.80578061390243,
            94.81379984713737,
            69.64745794090649,
            64.05913550381302,
            68.51592889178187,
            51.82895097437532,
            94.37267484807622,
            0.0,
            36.555067653117945
        ],
        [
            0.0,
            49.69588555492402,
            73.48336272975203,
            25.340143145913853,
            12.344715285130505,
            35.18710389109274,
            28.561778883199583,
            56.55547657587358,
            41.17778161413332,
            28.914046234025424,
            8.6829236323004,
            26.781407867752858,
            73.6348734279202,
            44.93956576806208,
            50.43122372712281,
            91.9533963726331,
            64.74669846252495,
            29.9878759946313,
            63.508649790755335,
            32.9393849354267,
            62.98141381270155,
            36.555067653117945,
            0.0
        ]
    ],
    "scores_ave": [
        0,
        14.761884409523521,
        13.363148130832222,
        13.214385471185775,
        10.451482443740275,
        17.473289234281886,
        14.783380766756146,
        11.349959862163994,
        17.46230581275359,
        11.347341176815075,
        11.395001849268407,
        18.98259717807182,
        10.72205726873068,
        13.762729033764252,
        15.078329627569323,
        17.35091324693571,
        17.040675689583853,
        10.727127878790998,
        10.328295043602848,
        15.053442985798487,
        15.93449145087907,
        10.128960855942704,
        0
    ],
    "scores_var": [
        0,
        228.47133257116096,
        18.9395630017595,
        304.25298241624233,
        384.1359610447113,
        19.381133282946394,
        24.142688685247002,
        312.94799924475194,
        244.8806768251731,
        22.445467924766916,
        23.71435851998816,
        24.060320640714348,
        321.510769566487,
        324.71407484842075,
        303.25038247067226,
        266.7492948752209,
        18.19855579028569,
        366.0892471098002,
        19.42201952008507,
        369.67829635926626,
        19.283267827402828,
        16.13467166626248,
        0
    ],
    "vertex_number": 23,
    "minimum_distances": {
        "cost": 428.8507367577859,
        "path": [
            0,
            4,
            19,
            6,
            9,
            10,
            17,
            8,
            1,
            7,
            20,
            12,
            2,
            15,
            16,
            18,
            14,
            11,
            3,
            5,
            13,
            21,
            22
        ]
    }
}