{
    "vertices": [
        [
            67.23867560081564,
            77.88024952392749
        ],
        [
            3.958608974977895,
            79.69111795079355
        ],
        [
            26.412984101849712,
            48.27787532584596
        ],
        [
            91.20024561435467,
            23.97884052768501
        ],
        [
            39.713758612602504,
            72.05599121871535
        ],
        [
            38.80421685434858,
            84.13768405034602
        ],
        [
            48.31276471415832,
            14.216803158297553
        ],
        [
            22.97659793549185,
            26.36787803831394
        ],
        [
            68.14366103758832,
            93.47172095875116
        ],
        [
            93.28199542567964,
            91.54751629368259
        ],
        [
            20.380539449127944,
            67.39655087475896
        ],
        [
            47.55005794263744,
            46.38995488114037
        ],
        [
            52.01506075321499,
            3.286579094534292
        ],
        [
            20.767428323231798,
            43.86339567154938
        ],
        [
            67.23867560081564,
            77.88024952392749
        ]
    ],
    "distances": [
        [
            0.0,
            63.30597188757064,
            50.428539980173746,
            58.98744552270375,
            28.1343747045115,
            29.114840392091313,
            66.41704981432956,
            67.91653653804062,
            15.617713665696822,
            29.411710056639112,
            48.016589435076284,
            37.1386634382482,
            76.13129525469152,
            57.590999032386954,
            0.0
        ],
        [
            63.30597188757064,
            0.0,
            38.61334969349466,
            103.51309588253295,
            36.56126209287396,
            35.12817015673532,
            79.08335494199986,
            56.61317707800976,
            65.64774122194108,
            90.10683408425062,
            20.51429209319522,
            54.8560104718863,
            90.26115507432674,
            39.57476584391731,
            63.30597188757064
        ],
        [
            50.428539980173746,
            38.61334969349466,
            0.0,
            69.19416410660614,
            27.24535553081697,
            37.940328555302884,
            40.49391346943623,
            22.17784324554568,
            61.51368206022015,
            79.64751411633624,
            20.047796468259428,
            21.221218960192886,
            51.76565526906834,
            7.16658430967533,
            50.428539980173746
        ],
        [
            58.98744552270375,
            103.51309588253295,
            69.19416410660614,
            0.0,
            70.44338693127719,
            79.77737952454567,
            43.984467617171674,
            68.26546420289542,
            73.2179385325211,
            67.60073688242947,
            83.06941888030435,
            49.06726944043033,
            44.31307251612719,
            73.185909059286,
            58.98744552270375
        ],
        [
            28.1343747045115,
            36.56126209287396,
            27.24535553081697,
            70.44338693127719,
            0.0,
            12.115880813539052,
            58.47490557002184,
            48.657334837787694,
            35.59343804962466,
            57.004171294827096,
            19.886773180730664,
            26.835666723068858,
            69.8609624773385,
            33.96742373392496,
            28.1343747045115
        ],
        [
            29.114840392091313,
            35.12817015673532,
            37.940328555302884,
            79.77737952454567,
            12.115880813539052,
            0.0,
            70.56445328295487,
            59.8987813507785,
            30.78842688395932,
            54.97939588556214,
            24.893722685335337,
            38.74765533259143,
            81.92330296744572,
            44.128721315427896,
            29.114840392091313
        ],
        [
            66.41704981432956,
            79.08335494199986,
            40.49391346943623,
            43.984467617171674,
            58.47490557002184,
            70.56445328295487,
            0.0,
            28.099287673821337,
            81.69826463608202,
            89.4554129430592,
            60.069083357771355,
            32.18219093536653,
            11.540225043077982,
            40.468086247512375,
            66.41704981432956
        ],
        [
            67.91653653804062,
            56.61317707800976,
            22.17784324554568,
            68.26546420289542,
            48.657334837787694,
            59.8987813507785,
            28.099287673821337,
            0.0,
            80.88874658417866,
            95.87092447324173,
            41.11072262056049,
            31.69761028567974,
            37.09418665705467,
            17.634442651543747,
            67.91653653804062
        ],
        [
            15.617713665696822,
            65.64774122194108,
            61.51368206022015,
            73.2179385325211,
            35.59343804962466,
            30.78842688395932,
            81.69826463608202,
            80.88874658417866,
            0.0,
            25.21187060494652,
            54.417187347226715,
            51.38860949100717,
            91.61600056868893,
            68.59659877869812,
            15.617713665696822
        ],
        [
            29.411710056639112,
            90.10683408425062,
            79.64751411633624,
            67.60073688242947,
            57.004171294827096,
            54.97939588556214,
            89.4554129430592,
            95.87092447324173,
            25.21187060494652,
            0.0,
            76.7977305274521,
            64.26986431198064,
            97.43178604815508,
            86.78788971718095,
            29.411710056639112
        ],
        [
            48.016589435076284,
            20.51429209319522,
            20.047796468259428,
            83.06941888030435,
            19.886773180730664,
            24.893722685335337,
            60.069083357771355,
            41.11072262056049,
            54.417187347226715,
            76.7977305274521,
            0.0,
            34.343264411064176,
            71.4900791704691,
            23.53633524615197,
            48.016589435076284
        ],
        [
            37.1386634382482,
            54.8560104718863,
            21.221218960192886,
            49.06726944043033,
            26.835666723068858,
            38.74765533259143,
            32.18219093536653,
            31.69761028567974,
            51.38860949100717,
            64.26986431198064,
            34.343264411064176,
            0.0,
            43.33401959546154,
            26.90153807442677,
            37.1386634382482
        ],
        [
            76.13129525469152,
            90.26115507432674,
            51.76565526906834,
            44.31307251612719,
            69.8609624773385,
            81.92330296744572,
            11.540225043077982,
            37.09418665705467,
            91.61600056868893,
            97.43178604815508,
            71.4900791704691,
            43.33401959546154,
            0.0,
            51.21418334801468,
            76.13129525469152
        ],
        [
            57.590999032386954,
            39.57476584391731,
            7.16658430967533,
            73.185909059286,
            33.96742373392496,
            44.128721315427896,
            40.468086247512375,
            17.634442651543747,
            68.59659877869812,
            86.78788971718095,
            23.53633524615197,
            26.90153807442677,
            51.21418334801468,
            0.0,
            57.590999032386954
        ],
        [
            0.0,
            63.30597188757064,
            50.428539980173746,
            58.98744552270375,
            28.1343747045115,
            29.114840392091313,
            66.41704981432956,
            67.91653653804062,
            15.617713665696822,
            29.411710056639112,
            48.016589435076284,
            37.1386634382482,
            76.13129525469152,
            57.590999032386954,
            0.0
        ]
    ],
    "scores_ave": [
        0,
        14.403851184778436,
        18.5600114493385,
        12.77757520900396,
        19.89281470657724,
        19.230281289673286,
        11.780377128069265,
        11.67005894561706,
        17.015833916267255,
        11.047103005193904,
        12.75506023822723,
        19.953566233459902,
        11.166831245460427,
        18.644058956406923,
        0
    ],
    "scores_var": [
        0,
        243.9021882898334,
        23.674795617970513,
        236.47531769237727,
        16.079838817593455,
        247.82289163139313,
        275.9179319810847,
        19.850226602698587,
        268.1660915092138,
        21.755916143915428,
        18.836238051019087,
        17.8094017564093,
        19.549034540916665,
        284.6820302567086,
        0
    ],
    "vertex_number": 15,
    "minimum_distances": {
        "cost": 369.61078408633676,
        "path": [
            0,
            11,
            3,
            12,
            6,
            7,
            13,
            2,
            10,
            1,
            4,
            5,
            8,
            9,
            14
        ]
    }
}