{
    "vertices": [
        [
            2.0822167470220143,
            80.64595505291227
        ],
        [
            91.53796612178098,
            40.12505753189293
        ],
        [
            64.75854935634943,
            11.271010174416885
        ],
        [
            15.49442847033472,
            28.14173387029254
        ],
        [
            26.600474615094207,
            90.66609738072913
        ],
        [
            8.599559151300918,
            27.18573358054148
        ],
        [
            43.19695574979194,
            6.560613533941284
        ],
        [
            25.53849456589704,
            40.92629852392376
        ],
        [
            62.225439305449356,
            20.315218621706887
        ],
        [
            25.406403720892722,
            73.86539985114857
        ],
        [
            64.51236940070531,
            67.3557652348216
        ],
        [
            51.79581901780686,
            12.449777399660867
        ],
        [
            68.39610161776176,
            47.5582831860737
        ],
        [
            2.0822167470220143,
            80.64595505291227
        ]
    ],
    "distances": [
        [
            0.0,
            98.20526580641508,
            93.49441505378444,
            54.19022665854445,
            26.486755580006225,
            53.85602131507253,
            84.7293313513594,
            46.128603749702506,
            85.18805654576289,
            24.289784413128185,
            63.82909294172275,
            84.39289601175925,
            74.1102243703074,
            0.0
        ],
        [
            98.20526580641508,
            0.0,
            39.36614295564332,
            76.98194375647836,
            82.2877543270119,
            83.94167889147198,
            58.85087242069046,
            66.0043349544804,
            35.37872165590048,
            74.24145907377583,
            38.36527492580439,
            48.428910650885356,
            24.30635176961685,
            98.20526580641508
        ],
        [
            93.49441505378444,
            39.36614295564332,
            0.0,
            52.07278487554177,
            88.08869700737516,
            58.3704600114149,
            22.070119060959883,
            49.16959248212747,
            9.392249622321737,
            73.93679047075771,
            56.08529535231274,
            13.01621565590711,
            36.46913721322487,
            93.49441505378444
        ],
        [
            54.19022665854445,
            76.98194375647836,
            52.07278487554177,
            0.0,
            63.503073101659744,
            6.960830372919437,
            35.116588283048586,
            16.258178161002583,
            47.38187115984283,
            46.78569101869251,
            62.773392364214075,
            39.547799604482414,
            56.35236826548965,
            54.19022665854445
        ],
        [
            26.486755580006225,
            82.2877543270119,
            88.08869700737516,
            63.503073101659744,
            0.0,
            65.98325200942135,
            85.72733285922682,
            49.75113457942793,
            78.8567324415341,
            16.843076998601934,
            44.50486884586647,
            82.17419358260939,
            60.04296862403665,
            26.486755580006225
        ],
        [
            53.85602131507253,
            83.94167889147198,
            58.3704600114149,
            6.960830372919437,
            65.98325200942135,
            0.0,
            40.278721781232676,
            21.811250719368775,
            54.06421180509951,
            49.61311588200917,
            68.84674133967248,
            45.640609888777185,
            63.17172839469509,
            53.85602131507253
        ],
        [
            84.7293313513594,
            58.85087242069046,
            22.070119060959883,
            35.116588283048586,
            85.72733285922682,
            40.278721781232676,
            0.0,
            38.63704901016419,
            23.47918966975462,
            69.61636303842585,
            64.42357743437255,
            10.42222147813572,
            48.12282067149223,
            84.7293313513594
        ],
        [
            46.128603749702506,
            66.0043349544804,
            49.16959248212747,
            16.258178161002583,
            49.75113457942793,
            21.811250719368775,
            38.63704901016419,
            0.0,
            42.08026293951279,
            32.93936617842724,
            47.09012242776354,
            38.734472278752584,
            43.36770345281194,
            46.128603749702506
        ],
        [
            85.18805654576289,
            35.37872165590048,
            9.392249622321737,
            47.38187115984283,
            78.8567324415341,
            54.06421180509951,
            23.47918966975462,
            42.08026293951279,
            0.0,
            64.9866393275025,
            47.0961046682335,
            13.063006735122839,
            27.93316380632261,
            85.18805654576289
        ],
        [
            24.289784413128185,
            74.24145907377583,
            73.93679047075771,
            46.78569101869251,
            16.843076998601934,
            49.61311588200917,
            69.61636303842585,
            32.93936617842724,
            64.9866393275025,
            0.0,
            39.644065061352656,
            66.84519370019572,
            50.400183655359086,
            24.289784413128185
        ],
        [
            63.82909294172275,
            38.36527492580439,
            56.08529535231274,
            62.773392364214075,
            44.50486884586647,
            68.84674133967248,
            64.42357743437255,
            47.09012242776354,
            47.0961046682335,
            39.644065061352656,
            0.0,
            56.359366158568655,
            20.174827667276308,
            63.82909294172275
        ],
        [
            84.39289601175925,
            48.428910650885356,
            13.01621565590711,
            39.547799604482414,
            82.17419358260939,
            45.640609888777185,
            10.42222147813572,
            38.734472278752584,
            13.063006735122839,
            66.84519370019572,
            56.359366158568655,
            0.0,
            38.83524894928509,
            84.39289601175925
        ],
        [
            74.1102243703074,
            24.30635176961685,
            36.46913721322487,
            56.35236826548965,
            60.04296862403665,
            63.17172839469509,
            48.12282067149223,
            43.36770345281194,
            27.93316380632261,
            50.400183655359086,
            20.174827667276308,
            38.83524894928509,
            0.0,
            74.1102243703074
        ],
        [
            0.0,
            98.20526580641508,
            93.49441505378444,
            54.19022665854445,
            26.486755580006225,
            53.85602131507253,
            84.7293313513594,
            46.128603749702506,
            85.18805654576289,
            24.289784413128185,
            63.82909294172275,
            84.39289601175925,
            74.1102243703074,
            0.0
        ]
    ],
    "scores_ave": [
        0,
        10.168720298473431,
        18.206675344461825,
        16.99147917899967,
        16.437561848669322,
        15.472682977410422,
        17.938060092650726,
        17.085874323513053,
        12.564017627417346,
        13.925924249108578,
        12.964796880937762,
        12.05881120504528,
        12.973479696790852,
        0
    ],
    "scores_var": [
        0,
        19.12858770168674,
        357.81896053008825,
        17.804108709465613,
        328.7693187334834,
        324.03075470072326,
        375.91913566783717,
        296.1853702140148,
        366.2695911187876,
        323.40398139582277,
        372.1087350670314,
        287.8497501229358,
        261.3803830892318,
        0
    ],
    "vertex_number": 14,
    "minimum_distances": {
        "cost": 304.40909318174096,
        "path": [
            0,
            9,
            7,
            3,
            5,
            6,
            11,
            2,
            8,
            1,
            12,
            10,
            4,
            13
        ]
    }
}