{
    "vertices": [
        [
            85.27404641269906,
            48.47091746853454
        ],
        [
            80.87326297755746,
            87.45457262048625
        ],
        [
            36.0345844085561,
            8.379815132916935
        ],
        [
            25.46089565091487,
            77.99532390771932
        ],
        [
            39.708862810678994,
            95.19097420325355
        ],
        [
            15.758963882304489,
            39.29338162727365
        ],
        [
            94.9791692199234,
            44.78341225639334
        ],
        [
            48.73923737355533,
            67.89270658676922
        ],
        [
            73.827863824744,
            80.5308810051801
        ],
        [
            1.635999267259669,
            77.93815264091978
        ],
        [
            85.47896562916058,
            42.60993429173164
        ],
        [
            98.50096152606702,
            2.0253482309617654
        ],
        [
            2.8006334464066307,
            43.71242550660713
        ],
        [
            37.989793777786886,
            33.126539759381565
        ],
        [
            19.957654526740164,
            5.664607448412918
        ],
        [
            85.27404641269906,
            48.47091746853454
        ]
    ],
    "distances": [
        [
            0.0,
            39.23126640639208,
            63.49662278375443,
            66.70310022508775,
            65.2606286974096,
            70.11828480022311,
            10.382056799732633,
            41.37629954551129,
            34.041979346210894,
            88.67717225423577,
            5.8645644070162435,
            48.29225802567537,
            82.6105749408654,
            49.71167342308394,
            78.0936055419323,
            0.0
        ],
        [
            39.23126640639208,
            0.0,
            90.90282926032677,
            56.21394701453323,
            41.88507789832494,
            80.989951627043,
            44.942235344234405,
            37.619970816572355,
            9.878013707538837,
            79.80668023118596,
            45.08052887613222,
            87.22894093082209,
            89.49140135253535,
            69.21363366537652,
            101.98190896321881,
            39.23126640639208
        ],
        [
            63.49662278375443,
            90.90282926032677,
            0.0,
            70.41393296726194,
            86.88888111209394,
            36.96957372117739,
            69.27976589245127,
            60.8538614728685,
            81.45003545446565,
            77.59912999899068,
            60.13690956405325,
            62.78875313139396,
            48.506585659821035,
            24.82384384851788,
            16.304601411712458,
            63.49662278375443
        ],
        [
            66.70310022508775,
            56.21394701453323,
            70.41393296726194,
            0.0,
            22.331479065928953,
            39.89947137897594,
            77.04428230278346,
            25.37605308336158,
            48.433383736041854,
            23.8249649788967,
            69.67276743598498,
            105.38637685855653,
            41.09506790307135,
            46.58520236323615,
            72.5397698258506,
            66.70310022508775
        ],
        [
            65.2606286974096,
            41.88507789832494,
            86.88888111209394,
            22.331479065928953,
            0.0,
            60.81232206115466,
            74.80460595443513,
            28.753140343396243,
            37.13521997745493,
            41.79955490501732,
            69.71131952697091,
            110.1650794679008,
            63.342389998473635,
            62.088237381790215,
            91.67922650741424,
            65.2606286974096
        ],
        [
            70.11828480022311,
            80.989951627043,
            36.96957372117739,
            39.89947137897594,
            60.81232206115466,
            0.0,
            79.4102094824285,
            43.65340568267875,
            71.22168557025232,
            41.14457991297217,
            69.79884071499856,
            90.74769687054885,
            13.691102091993601,
            23.070321550976715,
            33.88987246804688,
            70.11828480022311
        ],
        [
            10.382056799732633,
            44.942235344234405,
            69.27976589245127,
            77.04428230278346,
            74.80460595443513,
            79.4102094824285,
            0.0,
            51.69304384155287,
            41.53624010265772,
            99.0564696866248,
            9.745659276252828,
            42.90285608500346,
            92.18475725393938,
            58.16933547580188,
            84.60796981646811,
            10.382056799732633
        ],
        [
            41.37629954551129,
            37.619970816572355,
            60.8538614728685,
            25.37605308336158,
            28.753140343396243,
            43.65340568267875,
            51.69304384155287,
            0.0,
            28.092038548981435,
            48.16249605787923,
            44.598500055701855,
            82.55142692529925,
            51.913787416168034,
            36.39006586265484,
            68.56176655790883,
            41.37629954551129
        ],
        [
            34.041979346210894,
            9.878013707538837,
            81.45003545446565,
            48.433383736041854,
            37.13521997745493,
            71.22168557025232,
            41.53624010265772,
            28.092038548981435,
            0.0,
            72.23840771125153,
            39.67047230499124,
            82.29143592344771,
            80.0029132001942,
            59.42675183483211,
            92.23317389143364,
            34.041979346210894
        ],
        [
            88.67717225423577,
            79.80668023118596,
            77.59912999899068,
            23.8249649788967,
            41.79955490501732,
            41.14457991297217,
            99.0564696866248,
            48.16249605787923,
            72.23840771125153,
            0.0,
            90.98200932102326,
            123.06735873815086,
            34.24553650687433,
            57.703370996489284,
            74.55969679485412,
            88.67717225423577
        ],
        [
            5.8645644070162435,
            45.08052887613222,
            60.13690956405325,
            69.67276743598498,
            69.71131952697091,
            69.79884071499856,
            9.745659276252828,
            44.598500055701855,
            39.67047230499124,
            90.98200932102326,
            0.0,
            42.622541018375294,
            82.685682553878,
            48.42681297572153,
            75.21967418262197,
            5.8645644070162435
        ],
        [
            48.29225802567537,
            87.22894093082209,
            62.78875313139396,
            105.38637685855653,
            110.1650794679008,
            90.74769687054885,
            42.90285608500346,
            82.55142692529925,
            82.29143592344771,
            123.06735873815086,
            42.622541018375294,
            0.0,
            104.3856561331118,
            68.03591358060793,
            78.6275732936119,
            48.29225802567537
        ],
        [
            82.6105749408654,
            89.49140135253535,
            48.506585659821035,
            41.09506790307135,
            63.342389998473635,
            13.691102091993601,
            92.18475725393938,
            51.913787416168034,
            80.0029132001942,
            34.24553650687433,
            82.685682553878,
            104.3856561331118,
            0.0,
            36.746945204750006,
            41.737271488927725,
            82.6105749408654
        ],
        [
            49.71167342308394,
            69.21363366537652,
            24.82384384851788,
            46.58520236323615,
            62.088237381790215,
            23.070321550976715,
            58.16933547580188,
            36.39006586265484,
            59.42675183483211,
            57.703370996489284,
            48.42681297572153,
            68.03591358060793,
            36.746945204750006,
            0.0,
            32.852941606823634,
            49.71167342308394
        ],
        [
            78.0936055419323,
            101.98190896321881,
            16.304601411712458,
            72.5397698258506,
            91.67922650741424,
            33.88987246804688,
            84.60796981646811,
            68.56176655790883,
            92.23317389143364,
            74.55969679485412,
            75.21967418262197,
            78.6275732936119,
            41.737271488927725,
            32.852941606823634,
            0.0,
            78.0936055419323
        ],
        [
            0.0,
            39.23126640639208,
            63.49662278375443,
            66.70310022508775,
            65.2606286974096,
            70.11828480022311,
            10.382056799732633,
            41.37629954551129,
            34.041979346210894,
            88.67717225423577,
            5.8645644070162435,
            48.29225802567537,
            82.6105749408654,
            49.71167342308394,
            78.0936055419323,
            0.0
        ]
    ],
    "scores_ave": [
        0,
        12.709084429253085,
        10.542098570308262,
        16.59371572954076,
        14.93966797745717,
        19.329621531781292,
        19.078012003706846,
        14.645072195368215,
        19.671483186541305,
        12.832255552881636,
        15.452056060303125,
        19.945774846107263,
        19.229483852267936,
        19.909284268111037,
        13.032382553382416,
        0
    ],
    "scores_var": [
        0,
        361.97803910334153,
        17.899826489062825,
        20.79117316822145,
        334.4923105608048,
        21.380015955867314,
        18.54892698568452,
        390.21873469677166,
        321.86173996379273,
        382.814940497273,
        393.0167544792812,
        16.586141755211862,
        20.597419722750715,
        329.83281367684685,
        352.9285685613946,
        0
    ],
    "vertex_number": 16,
    "minimum_distances": {
        "cost": 393.57723911918146,
        "path": [
            0,
            1,
            8,
            7,
            4,
            3,
            9,
            12,
            5,
            13,
            14,
            2,
            11,
            6,
            10,
            15
        ]
    }
}