{
    "vertices": [
        [
            19.297118291610204,
            9.210308593578143
        ],
        [
            33.32442535085853,
            25.667322411566083
        ],
        [
            13.060545734102892,
            27.54879957568668
        ],
        [
            56.34459514881123,
            52.95080496581115
        ],
        [
            93.56958729140274,
            28.016221937998175
        ],
        [
            91.22797590227826,
            3.173388034266189
        ],
        [
            25.467442080880442,
            13.954541866901282
        ],
        [
            20.91012585666664,
            97.8229143042747
        ],
        [
            91.90787368361147,
            85.73804536146007
        ],
        [
            13.527647833818124,
            2.6866932597574
        ],
        [
            78.65472755123268,
            55.369807134719274
        ],
        [
            18.95255229821522,
            43.3800133673473
        ],
        [
            18.27968556238352,
            62.391999942611555
        ],
        [
            47.31468261333984,
            2.712074639410489
        ],
        [
            22.07821697118504,
            18.287865721803787
        ],
        [
            19.297118291610204,
            9.210308593578143
        ]
    ],
    "distances": [
        [
            0.0,
            21.624029391856737,
            19.36995324635373,
            57.32143198118985,
            76.61633003507137,
            72.18374253559901,
            7.7833569246271,
            88.62728521310072,
            105.4932049632168,
            8.70886596446384,
            75.19325157610642,
            34.17144202474264,
            53.19142284337163,
            28.761275268064086,
            9.494027242521115,
            0.0
        ],
        [
            21.624029391856737,
            0.0,
            20.351038632990505,
            35.69757187561037,
            60.29093519118499,
            62.119226091694784,
            14.103950304513763,
            73.21573788003924,
            83.90775991694244,
            30.33185975623908,
            54.19477738958242,
            22.80986970450092,
            39.68685090886148,
            26.882535195763538,
            13.451155487731,
            21.624029391856737
        ],
        [
            19.36995324635373,
            20.351038632990505,
            0.0,
            50.18735708896042,
            80.51039843485948,
            81.87983773133767,
            18.40475263654889,
            70.71115264926247,
            97.9943337642259,
            24.866493818713742,
            71.25029929662351,
            16.892100860130107,
            35.23191780696615,
            42.31085911325536,
            12.926070183396535,
            19.36995324635373
        ],
        [
            57.32143198118985,
            35.69757187561037,
            50.18735708896042,
            0.0,
            44.804391199824366,
            60.78356265610147,
            49.74039723665089,
            57.17611223665846,
            48.37096146352536,
            66.02856883935578,
            22.44089078683727,
            38.59747297896631,
            39.21828023272919,
            51.043798303095286,
            48.74119438879029,
            57.32143198118985
        ],
        [
            76.61633003507137,
            60.29093519118499,
            80.51039843485948,
            44.804391199824366,
            0.0,
            24.95294652473116,
            69.5387160414754,
            100.75897793797769,
            57.745737430944914,
            83.9541368557468,
            31.155604057428018,
            76.18233389874001,
            82.76631812390734,
            52.723961130450995,
            72.15023870322032,
            76.61633003507137
        ],
        [
            72.18374253559901,
            62.119226091694784,
            81.87983773133767,
            60.78356265610147,
            24.95294652473116,
            0.0,
            66.6384355041304,
            117.91154675507465,
            82.56745666756372,
            77.70185231865369,
            53.68940995212384,
            82.70616408600699,
            93.95901798052599,
            43.91571629301516,
            70.78231838528163,
            72.18374253559901
        ],
        [
            7.7833569246271,
            14.103950304513763,
            18.40475263654889,
            49.74039723665089,
            69.5387160414754,
            66.6384355041304,
            0.0,
            83.99210097658863,
            97.81207658316283,
            16.417158673037694,
            67.41002546289738,
            30.138051727074807,
            48.96785873004236,
            24.57020529511997,
            5.501321884388962,
            7.7833569246271
        ],
        [
            88.62728521310072,
            73.21573788003924,
            70.71115264926247,
            57.17611223665846,
            100.75897793797769,
            117.91154675507465,
            83.99210097658863,
            0.0,
            72.01891594479505,
            95.42222768511066,
            71.67081228236385,
            54.4780832690068,
            35.52842395386117,
            98.70801608416555,
            79.54362570230143,
            88.62728521310072
        ],
        [
            105.4932049632168,
            83.90775991694244,
            97.9943337642259,
            48.37096146352536,
            57.745737430944914,
            82.56745666756372,
            97.81207658316283,
            72.01891594479505,
            0.0,
            114.19714046413598,
            33.13420853743556,
            84.36042788452852,
            77.24084361731084,
            94.24364437015574,
            97.08608391524103,
            105.4932049632168
        ],
        [
            8.70886596446384,
            30.33185975623908,
            24.866493818713742,
            66.02856883935578,
            83.9541368557468,
            77.70185231865369,
            16.417158673037694,
            95.42222768511066,
            114.19714046413598,
            0.0,
            83.76781601594178,
            41.05332982629565,
            59.894119149273564,
            33.78704431297658,
            17.79069461160542,
            8.70886596446384
        ],
        [
            75.19325157610642,
            54.19477738958242,
            71.25029929662351,
            22.44089078683727,
            31.155604057428018,
            53.68940995212384,
            67.41002546289738,
            71.67081228236385,
            33.13420853743556,
            83.76781601594178,
            0.0,
            60.894210599416766,
            60.78204411655233,
            61.27834208149435,
            67.64593061201197,
            75.19325157610642
        ],
        [
            34.17144202474264,
            22.80986970450092,
            16.892100860130107,
            38.59747297896631,
            76.18233389874001,
            82.70616408600699,
            30.138051727074807,
            54.4780832690068,
            84.36042788452852,
            41.05332982629565,
            60.894210599416766,
            0.0,
            19.02388980156837,
            49.581162515529364,
            25.28607626963121,
            34.17144202474264
        ],
        [
            53.19142284337163,
            39.68685090886148,
            35.23191780696615,
            39.21828023272919,
            82.76631812390734,
            93.95901798052599,
            48.96785873004236,
            35.52842395386117,
            77.24084361731084,
            59.894119149273564,
            60.78204411655233,
            19.02388980156837,
            0.0,
            66.36809879712317,
            44.267408962245334,
            53.19142284337163
        ],
        [
            28.761275268064086,
            26.882535195763538,
            42.31085911325536,
            51.043798303095286,
            52.723961130450995,
            43.91571629301516,
            24.57020529511997,
            98.70801608416555,
            94.24364437015574,
            33.78704431297658,
            61.27834208149435,
            49.581162515529364,
            66.36809879712317,
            0.0,
            29.656103350744214,
            28.761275268064086
        ],
        [
            9.494027242521115,
            13.451155487731,
            12.926070183396535,
            48.74119438879029,
            72.15023870322032,
            70.78231838528163,
            5.501321884388962,
            79.54362570230143,
            97.08608391524103,
            17.79069461160542,
            67.64593061201197,
            25.28607626963121,
            44.267408962245334,
            29.656103350744214,
            0.0,
            9.494027242521115
        ],
        [
            0.0,
            21.624029391856737,
            19.36995324635373,
            57.32143198118985,
            76.61633003507137,
            72.18374253559901,
            7.7833569246271,
            88.62728521310072,
            105.4932049632168,
            8.70886596446384,
            75.19325157610642,
            34.17144202474264,
            53.19142284337163,
            28.761275268064086,
            9.494027242521115,
            0.0
        ]
    ],
    "scores_ave": [
        0,
        18.563191809182207,
        10.174929530724757,
        18.685510972639964,
        14.948153905461453,
        16.865359308247495,
        15.855086263073495,
        17.83691352792571,
        12.601355414115915,
        15.72078792269222,
        15.61325834099708,
        13.2509014913785,
        15.219812565397254,
        15.839186352219599,
        16.261663396212292,
        0
    ],
    "scores_var": [
        0,
        242.5182626429292,
        18.327744783738368,
        23.902078479477048,
        366.1161816225643,
        346.2965979399188,
        358.5616604449192,
        273.5307166763123,
        363.091130749282,
        337.8281230938043,
        267.97031687229736,
        391.09927373246205,
        270.16933709105604,
        301.51811335693753,
        16.87037473973664,
        0
    ],
    "vertex_number": 16,
    "minimum_distances": {
        "cost": 398.3454369127235,
        "path": [
            0,
            6,
            1,
            13,
            5,
            4,
            10,
            8,
            3,
            7,
            12,
            11,
            2,
            14,
            9,
            15
        ]
    }
}