{
    "vertices": [
        [
            47.32326840597661,
            68.8851007143945
        ],
        [
            12.40357126638788,
            83.64246052618853
        ],
        [
            36.61063773364464,
            38.75479485870348
        ],
        [
            94.06889692991524,
            42.9543734537176
        ],
        [
            39.113081998178714,
            33.14674084657149
        ],
        [
            96.14098096808861,
            75.85254767267087
        ],
        [
            74.7031040921272,
            91.4452309961095
        ],
        [
            56.08597026711701,
            38.95855860522068
        ],
        [
            26.299931404261244,
            26.331194454687047
        ],
        [
            47.32326840597661,
            68.8851007143945
        ]
    ],
    "distances": [
        [
            0.0,
            37.9099580181165,
            31.978051642951552,
            53.45611660386187,
            36.66929951461865,
            49.31241605228223,
            35.47696267338228,
            31.183054156374535,
            47.46383503940304,
            0.0
        ],
        [
            37.9099580181165,
            0.0,
            50.99886857594101,
            91.2400451849239,
            57.124562751010295,
            84.09896863705217,
            62.78626455930981,
            62.48842351461249,
            58.97194285251176,
            37.9099580181165
        ],
        [
            31.978051642951552,
            50.99886857594101,
            0.0,
            57.611526713336765,
            6.141050162642313,
            70.14346034704116,
            65.01782873660261,
            19.47639845951305,
            16.144860235055116,
            31.978051642951552
        ],
        [
            53.45611660386187,
            91.2400451849239,
            57.611526713336765,
            0.0,
            55.82410995410523,
            32.96336450063698,
            52.214913553817816,
            38.192528774290096,
            69.77795331228259,
            53.45611660386187
        ],
        [
            36.66929951461865,
            57.124562751010295,
            6.141050162642313,
            55.82410995410523,
            0.0,
            71.24582231675319,
            68.30346716209597,
            17.940350103875158,
            14.51304588163135,
            36.66929951461865
        ],
        [
            49.31241605228223,
            84.09896863705217,
            70.14346034704116,
            32.96336450063698,
            71.24582231675319,
            0.0,
            26.50875964985767,
            54.45705015481543,
            85.61621708950535,
            49.31241605228223
        ],
        [
            35.47696267338228,
            62.78626455930981,
            65.01782873660261,
            52.214913553817816,
            68.30346716209597,
            26.50875964985767,
            0.0,
            55.6906495789628,
            81.13387012197231,
            35.47696267338228
        ],
        [
            31.183054156374535,
            62.48842351461249,
            19.47639845951305,
            38.192528774290096,
            17.940350103875158,
            54.45705015481543,
            55.6906495789628,
            0.0,
            32.352100960057236,
            31.183054156374535
        ],
        [
            47.46383503940304,
            58.97194285251176,
            16.144860235055116,
            69.77795331228259,
            14.51304588163135,
            85.61621708950535,
            81.13387012197231,
            32.352100960057236,
            0.0,
            47.46383503940304
        ],
        [
            0.0,
            37.9099580181165,
            31.978051642951552,
            53.45611660386187,
            36.66929951461865,
            49.31241605228223,
            35.47696267338228,
            31.183054156374535,
            47.46383503940304,
            0.0
        ]
    ],
    "scores_ave": [
        0,
        15.769433900563717,
        15.58559670552906,
        18.894669638246835,
        11.986084285644791,
        11.277521260988902,
        15.338359879596041,
        10.08163453057101,
        12.202527408110226,
        0
    ],
    "scores_var": [
        0,
        23.762338301947146,
        348.524471623711,
        302.034394839637,
        233.69560832740478,
        344.03960722776856,
        21.50735597204222,
        249.8783312861877,
        24.884750202920777,
        0
    ],
    "vertex_number": 10,
    "minimum_distances": {
        "cost": 270.154010972582,
        "path": [
            0,
            1,
            8,
            4,
            2,
            7,
            3,
            5,
            6,
            9
        ]
    }
}