{
    "vertices": [
        [
            50.10404176865296,
            70.26436973887064
        ],
        [
            98.53264661395274,
            48.97064063568601
        ],
        [
            55.633688139086686,
            30.576491472826994
        ],
        [
            45.68424654686526,
            70.59223666368612
        ],
        [
            8.559944972930255,
            4.190058299135158
        ],
        [
            85.58343168282104,
            65.3343398736129
        ],
        [
            99.8756900891267,
            76.88956536231613
        ],
        [
            91.00155820558895,
            21.447461359916254
        ],
        [
            24.263594842773607,
            59.11309996617923
        ],
        [
            47.476795414867524,
            78.5900834478032
        ],
        [
            45.943588380995514,
            15.867610073843386
        ],
        [
            30.948430026139583,
            90.13255464005317
        ],
        [
            8.64583093792054,
            32.08273199237141
        ],
        [
            66.27324454621123,
            80.96856369536852
        ],
        [
            18.729031448627033,
            61.46517758744095
        ],
        [
            96.95929818529395,
            58.07985209644666
        ],
        [
            32.98183940529689,
            96.20417318568177
        ],
        [
            41.3297521885318,
            66.45386931732645
        ],
        [
            34.35214954489829,
            52.257241078494474
        ],
        [
            28.234830405749488,
            69.9154857857314
        ],
        [
            50.10404176865296,
            70.26436973887064
        ]
    ],
    "distances": [
        [
            0.0,
            52.90323871354196,
            40.0712449300287,
            4.43193936363364,
            78.0495138409429,
            35.82027782072474,
            50.210658167224196,
            63.68435753298196,
            28.143907242465982,
            8.730402749391711,
            54.55563063924389,
            27.59859113247439,
            56.361517955874426,
            19.391309566920015,
            32.58553444550995,
            48.413608872379235,
            31.081235764218103,
            9.565985108623748,
            23.924439203879444,
            21.871994094003053,
            0.0
        ],
        [
            52.90323871354196,
            0.0,
            46.67617552514118,
            57.1003222797294,
            100.50068454983308,
            20.867506321598974,
            27.951209699536193,
            28.53493805952193,
            74.95839867727162,
            59.02551426428584,
            62.14032248232747,
            79.13235429513871,
            91.45950519613545,
            45.437166525891186,
            80.77580359918541,
            9.244087770830403,
            80.79551301191097,
            59.81500159475371,
            64.26459325710834,
            73.35168370256883,
            52.90323871354196
        ],
        [
            40.0712449300287,
            46.67617552514118,
            0.0,
            41.23410301166731,
            53.96462870531923,
            45.881316064248566,
            64.04885283625794,
            36.52705057684535,
            42.4077914742356,
            48.70153912612946,
            17.61389296354229,
            64.46926886572746,
            47.01199298966061,
            51.5030203330079,
            48.12550898772742,
            49.64112097126795,
            69.426931792081,
            38.623682173953284,
            30.38023680618011,
            47.940107203075556,
            40.0712449300287
        ],
        [
            4.43193936363364,
            57.1003222797294,
            41.23410301166731,
            0.0,
            76.07537748121999,
            40.24413563698862,
            54.55610783342868,
            66.84958994363333,
            24.302569797205688,
            8.196266505329605,
            54.72524110120167,
            24.473829188543935,
            53.43057346548818,
            23.055910333046818,
            28.458510649251473,
            52.77964274303134,
            28.58885166628596,
            6.007304338068277,
            21.554314778507482,
            17.46253462177367,
            4.43193936363364
        ],
        [
            78.0495138409429,
            100.50068454983308,
            53.96462870531923,
            76.07537748121999,
            0.0,
            98.34246628088876,
            116.72096484075026,
            84.22848421291661,
            57.123945287370425,
            83.96359324399205,
            39.165061086539524,
            88.81079292679739,
            27.89280592117501,
            96.05083986366131,
            58.17086563942346,
            103.53045698672922,
            95.19992786772613,
            70.36080178236125,
            54.549902630770895,
            68.6070909971439,
            78.0495138409429
        ],
        [
            35.82027782072474,
            20.867506321598974,
            45.881316064248566,
            40.24413563698862,
            98.34246628088876,
            0.0,
            18.37911549687285,
            44.22006558896866,
            61.63461864955347,
            40.34638106897318,
            63.38986144547634,
            59.999457177778545,
            83.81565387843465,
            24.84576989669754,
            66.9662694755392,
            13.49214332829071,
            60.99077076776293,
            44.267838155466976,
            52.873951832568096,
            57.531286847285564,
            35.82027782072474
        ],
        [
            50.210658167224196,
            27.951209699536193,
            64.04885283625794,
            54.55610783342868,
            116.72096484075026,
            18.37911549687285,
            0.0,
            56.14781485418062,
            77.6736227397926,
            52.42648114114828,
            81.43924497368927,
            70.18791879519522,
            101.6392616924725,
            33.84911481657451,
            82.59958805434505,
            19.03445966874204,
            69.62644134724204,
            59.468736295668236,
            70.00061260499436,
            71.97951487828936,
            50.210658167224196
        ],
        [
            63.68435753298196,
            28.53493805952193,
            36.52705057684535,
            66.84958994363333,
            84.22848421291661,
            44.22006558896866,
            56.14781485418062,
            0.0,
            76.6332570457115,
            71.83094204496857,
            45.40215176716475,
            91.2360687614196,
            83.03959775439755,
            64.45348027580782,
            82.61195879473183,
            37.11369985247515,
            94.63008893933004,
            67.0288376016248,
            64.48564202916218,
            79.30202715215137,
            63.68435753298196
        ],
        [
            28.143907242465982,
            74.95839867727162,
            42.4077914742356,
            24.302569797205688,
            57.123945287370425,
            61.63461864955347,
            77.6736227397926,
            76.6332570457115,
            0.0,
            30.301906975365664,
            48.375557008115834,
            31.731586624265855,
            31.21786895653172,
            47.35474593980465,
            6.013622959603257,
            72.70304591710055,
            38.10190941181905,
            18.577960631267327,
            12.197611941097653,
            11.509224617284449,
            28.143907242465982
        ],
        [
            8.730402749391711,
            59.02551426428584,
            48.70153912612946,
            8.196266505329605,
            83.96359324399205,
            40.34638106897318,
            52.42648114114828,
            71.83094204496857,
            30.301906975365664,
            0.0,
            62.74120966283493,
            20.159749592869957,
            60.58694200575708,
            18.946336538635904,
            33.46186387195047,
            53.56479880025152,
            22.811398620282517,
            13.604184424184469,
            29.422354026470437,
            21.106915028277918,
            8.730402749391711
        ],
        [
            54.55563063924389,
            62.14032248232747,
            17.61389296354229,
            54.72524110120167,
            39.165061086539524,
            63.38986144547634,
            81.43924497368927,
            45.40215176716475,
            48.375557008115834,
            62.74120966283493,
            0.0,
            75.76369028439295,
            40.670049042448696,
            68.20138621925408,
            53.10150913281291,
            66.21537603465848,
            81.37548960916558,
            50.796231244648105,
            38.19118614216697,
            56.875064641664665,
            54.55563063924389
        ],
        [
            27.59859113247439,
            79.13235429513871,
            64.46926886572746,
            24.473829188543935,
            88.81079292679739,
            59.999457177778545,
            70.18791879519522,
            91.2360687614196,
            31.731586624265855,
            20.159749592869957,
            75.76369028439295,
            0.0,
            62.18671751682296,
            36.49412625220293,
            31.162994218668295,
            73.38126774234811,
            6.403070003277022,
            25.854438467158587,
            38.027946091641226,
            20.39836993389836,
            27.59859113247439
        ],
        [
            56.361517955874426,
            91.45950519613545,
            47.01199298966061,
            53.43057346548818,
            27.89280592117501,
            83.81565387843465,
            101.6392616924725,
            83.03959775439755,
            31.21786895653172,
            60.58694200575708,
            40.670049042448696,
            62.18671751682296,
            0.0,
            75.56946036908538,
            31.06443370941008,
            92.06040816202483,
            68.58425860816294,
            47.43009370987028,
            32.67760139896306,
            42.60335854999695,
            56.361517955874426
        ],
        [
            19.391309566920015,
            45.437166525891186,
            51.5030203330079,
            23.055910333046818,
            96.05083986366131,
            24.84576989669754,
            33.84911481657451,
            64.45348027580782,
            47.35474593980465,
            18.946336538635904,
            68.20138621925408,
            36.49412625220293,
            75.56946036908538,
            0.0,
            51.38904814007941,
            38.282202217209,
            36.61203972462913,
            28.859212807794638,
            42.93362729252059,
            39.61175938528593,
            19.391309566920015
        ],
        [
            32.58553444550995,
            80.77580359918541,
            48.12550898772742,
            28.458510649251473,
            58.17086563942346,
            66.9662694755392,
            82.59958805434505,
            82.61195879473183,
            6.013622959603257,
            33.46186387195047,
            53.10150913281291,
            31.162994218668295,
            31.06443370941008,
            51.38904814007941,
            0.0,
            78.30348052526165,
            37.549172425291964,
            23.144753684992835,
            18.134715707802748,
            12.71880192704192,
            32.58553444550995
        ],
        [
            48.413608872379235,
            9.244087770830403,
            49.64112097126795,
            52.77964274303134,
            103.53045698672922,
            13.49214332829071,
            19.03445966874204,
            37.11369985247515,
            72.70304591710055,
            53.56479880025152,
            66.21537603465848,
            73.38126774234811,
            92.06040816202483,
            38.282202217209,
            78.30348052526165,
            0.0,
            74.47535894818715,
            56.25629344545787,
            62.87732389301387,
            69.73617925014659,
            48.413608872379235
        ],
        [
            31.081235764218103,
            80.79551301191097,
            69.426931792081,
            28.58885166628596,
            95.19992786772613,
            60.99077076776293,
            69.62644134724204,
            94.63008893933004,
            38.10190941181905,
            22.811398620282517,
            81.37548960916558,
            6.403070003277022,
            68.58425860816294,
            36.61203972462913,
            37.549172425291964,
            74.47535894818715,
            0.0,
            30.89932407183002,
            43.968290750408116,
            26.713838729282113,
            31.081235764218103
        ],
        [
            9.565985108623748,
            59.81500159475371,
            38.623682173953284,
            6.007304338068277,
            70.36080178236125,
            44.267838155466976,
            59.468736295668236,
            67.0288376016248,
            18.577960631267327,
            13.604184424184469,
            50.796231244648105,
            25.854438467158587,
            47.43009370987028,
            28.859212807794638,
            23.144753684992835,
            56.25629344545787,
            30.89932407183002,
            0.0,
            15.81869754448965,
            13.54473200441851,
            9.565985108623748
        ],
        [
            23.924439203879444,
            64.26459325710834,
            30.38023680618011,
            21.554314778507482,
            54.549902630770895,
            52.873951832568096,
            70.00061260499436,
            64.48564202916218,
            12.197611941097653,
            29.422354026470437,
            38.19118614216697,
            38.027946091641226,
            32.67760139896306,
            42.93362729252059,
            18.134715707802748,
            62.87732389301387,
            43.968290750408116,
            15.81869754448965,
            0.0,
            18.68783560476861,
            23.924439203879444
        ],
        [
            21.871994094003053,
            73.35168370256883,
            47.940107203075556,
            17.46253462177367,
            68.6070909971439,
            57.531286847285564,
            71.97951487828936,
            79.30202715215137,
            11.509224617284449,
            21.106915028277918,
            56.875064641664665,
            20.39836993389836,
            42.60335854999695,
            39.61175938528593,
            12.71880192704192,
            69.73617925014659,
            26.713838729282113,
            13.54473200441851,
            18.68783560476861,
            0.0,
            21.871994094003053
        ],
        [
            0.0,
            52.90323871354196,
            40.0712449300287,
            4.43193936363364,
            78.0495138409429,
            35.82027782072474,
            50.210658167224196,
            63.68435753298196,
            28.143907242465982,
            8.730402749391711,
            54.55563063924389,
            27.59859113247439,
            56.361517955874426,
            19.391309566920015,
            32.58553444550995,
            48.413608872379235,
            31.081235764218103,
            9.565985108623748,
            23.924439203879444,
            21.871994094003053,
            0.0
        ]
    ],
    "scores_ave": [
        0,
        12.76033806669687,
        12.370487096474417,
        15.84450796217221,
        10.148158500731011,
        13.02563982226941,
        19.79050891849849,
        19.44870118855981,
        15.221891470348758,
        18.805570394380844,
        13.247368515234932,
        15.967658126514209,
        18.669479661016204,
        19.91452541160823,
        17.484326161832005,
        11.61809650164431,
        14.797475415147671,
        10.243319871906651,
        15.248123444326183,
        15.246969413460969,
        0
    ],
    "scores_var": [
        0,
        235.36185751360253,
        330.8637899493485,
        24.89497600516163,
        17.45191532535764,
        234.9163225880017,
        396.79398970984454,
        320.47570570037163,
        234.15904769928733,
        16.561216063742258,
        391.6867266368555,
        22.267610228612398,
        324.4368941185182,
        253.06864868900462,
        23.317301676522128,
        20.96446274839354,
        360.122270684796,
        20.699261090596405,
        24.91937386455063,
        18.321884835016302,
        0
    ],
    "vertex_number": 21,
    "minimum_distances": {
        "cost": 394.14802635931767,
        "path": [
            0,
            18,
            12,
            4,
            10,
            2,
            7,
            1,
            15,
            6,
            5,
            13,
            9,
            16,
            11,
            19,
            14,
            8,
            17,
            3,
            20
        ]
    }
}