{
    "vertices": [
        [
            85.08209478909535,
            79.31126519424929
        ],
        [
            79.35868948114899,
            90.83291764382932
        ],
        [
            59.778245765269475,
            72.92485852800151
        ],
        [
            39.23821748977446,
            59.33776307928873
        ],
        [
            22.767221894212287,
            43.407856930185076
        ],
        [
            37.444200251381154,
            26.84191320197864
        ],
        [
            80.85530572485996,
            83.40816957936455
        ],
        [
            38.69817734704753,
            7.991880871840673
        ],
        [
            54.89476465579416,
            50.95794644768101
        ],
        [
            17.01993297324975,
            18.00520213343364
        ],
        [
            81.54526037680883,
            0.7017580031513981
        ],
        [
            36.41596576301299,
            33.734846625725346
        ],
        [
            88.99013262209372,
            25.037633375484702
        ],
        [
            34.391804566612926,
            5.444821963218816
        ],
        [
            4.024802500274028,
            0.5315857806912572
        ],
        [
            55.71453527513784,
            13.924965643718279
        ],
        [
            85.08209478909535,
            79.31126519424929
        ]
    ],
    "distances": [
        [
            0.0,
            12.864907441872333,
            26.09733636843553,
            50.00601836350824,
            71.91799572347318,
            70.86890640101042,
            5.886456602601992,
            85.07598002608098,
            41.41479910033868,
            91.60180805564406,
            78.68903239008092,
            66.67534809745345,
            54.41415138089504,
            89.58658916625046,
            113.03328059336502,
            71.67860015874757,
            0.0
        ],
        [
            12.864907441872333,
            0.0,
            26.53473869113297,
            51.00585293723623,
            73.83583538727079,
            76.49622903692232,
            7.574083707070633,
            92.28171335896069,
            46.78137391905318,
            95.86447052695944,
            90.15767871044105,
            71.4441546546714,
            66.49649711773942,
            96.50465078367066,
            117.59900111779791,
            80.46041951772945,
            12.864907441872333
        ],
        [
            26.09733636843553,
            26.53473869113297,
            0.0,
            24.627259780384946,
            47.339933157002484,
            51.20983732582684,
            23.54022657367178,
            68.26903303703956,
            22.503191197941966,
            69.60202562654047,
            75.43195062121602,
            45.625137367512444,
            56.09385587159916,
            72.0973420558432,
            91.37413405865753,
            59.139674528225974,
            26.09733636843553
        ],
        [
            50.00601836350824,
            51.00585293723623,
            24.627259780384946,
            0.0,
            22.914091861304016,
            32.5453338760002,
            48.07667316116814,
            51.34872211668843,
            17.7580628431473,
            46.92582190223275,
            72.30537303087627,
            25.757997510236596,
            60.429727428073654,
            54.11041323407137,
            68.54306006954208,
            48.309328485173914,
            50.00601836350824
        ],
        [
            71.91799572347318,
            73.83583538727079,
            47.339933157002484,
            22.914091861304016,
            0.0,
            22.132423846088468,
            70.52836659918093,
            38.83409200439023,
            33.0027704233974,
            26.044696209860795,
            72.65444716895992,
            16.72887735463169,
            68.72364235634359,
            39.7029337229704,
            46.79372727645436,
            44.2127395399848,
            71.91799572347318
        ],
        [
            70.86890640101042,
            76.49622903692232,
            51.20983732582684,
            32.5453338760002,
            22.132423846088468,
            0.0,
            71.30403522229057,
            18.891695990664857,
            29.767520177878243,
            22.25394698379357,
            51.26608253031786,
            6.969203494465792,
            51.57750061469019,
            21.61371400051838,
            42.533392470646525,
            22.37526929677403,
            70.86890640101042
        ],
        [
            5.886456602601992,
            7.574083707070633,
            23.54022657367178,
            48.07667316116814,
            70.52836659918093,
            71.30403522229057,
            0.0,
            86.3993059895735,
            41.556788541641446,
            91.39202900182552,
            82.70928940110483,
            66.65053600310465,
            58.93466641439829,
            90.75869386124064,
            113.01085951306462,
            73.89163665779931,
            5.886456602601992
        ],
        [
            85.07598002608098,
            92.28171335896069,
            68.26903303703956,
            51.34872211668843,
            38.83409200439023,
            18.891695990664857,
            86.3993059895735,
            0.0,
            45.917450185275584,
            23.879130675507533,
            43.46283947925912,
            25.843931115834152,
            53.10215102802083,
            5.003234514597337,
            35.46687082492468,
            18.021041369664733,
            85.07598002608098
        ],
        [
            41.41479910033868,
            46.78137391905318,
            22.503191197941966,
            17.7580628431473,
            33.0027704233974,
            29.767520177878243,
            41.556788541641446,
            45.917450185275584,
            0.0,
            50.20344841563408,
            56.88526521998375,
            25.260664599271728,
            42.82939115278242,
            49.91809163776908,
            71.62800360069643,
            37.04205300864156,
            41.41479910033868
        ],
        [
            91.60180805564406,
            95.86447052695944,
            69.60202562654047,
            46.92582190223275,
            26.044696209860795,
            22.25394698379357,
            91.39202900182552,
            23.879130675507533,
            50.20344841563408,
            0.0,
            66.80514243159946,
            24.972540996771905,
            72.31296375248796,
            21.437002418169946,
            21.77614944044259,
            38.90913230995119,
            91.60180805564406
        ],
        [
            78.68903239008092,
            90.15767871044105,
            75.43195062121602,
            72.30537303087627,
            72.65444716895992,
            51.26608253031786,
            82.70928940110483,
            43.46283947925912,
            56.88526521998375,
            66.80514243159946,
            0.0,
            55.927079096673786,
            25.449183737132945,
            47.39140270738341,
            77.52064465658748,
            29.018607471476674,
            78.68903239008092
        ],
        [
            66.67534809745345,
            71.4441546546714,
            45.625137367512444,
            25.757997510236596,
            16.72887735463169,
            6.969203494465792,
            66.65053600310465,
            25.843931115834152,
            25.260664599271728,
            24.972540996771905,
            55.927079096673786,
            0.0,
            53.28869053792394,
            28.362346940164166,
            46.38581667122811,
            27.656213944348927,
            66.67534809745345
        ],
        [
            54.41415138089504,
            66.49649711773942,
            56.09385587159916,
            60.429727428073654,
            68.72364235634359,
            51.57750061469019,
            58.93466641439829,
            53.10215102802083,
            42.82939115278242,
            72.31296375248796,
            25.449183737132945,
            53.28869053792394,
            0.0,
            58.007376130027794,
            88.42880577859279,
            35.08214307754559,
            54.41415138089504
        ],
        [
            89.58658916625046,
            96.50465078367066,
            72.0973420558432,
            54.11041323407137,
            39.7029337229704,
            21.61371400051838,
            90.75869386124064,
            5.003234514597337,
            49.91809163776908,
            21.437002418169946,
            47.39140270738341,
            28.362346940164166,
            58.007376130027794,
            0.0,
            30.76190345674872,
            22.947149751334837,
            89.58658916625046
        ],
        [
            113.03328059336502,
            117.59900111779791,
            91.37413405865753,
            68.54306006954208,
            46.79372727645436,
            42.533392470646525,
            113.01085951306462,
            35.46687082492468,
            71.62800360069643,
            21.77614944044259,
            77.52064465658748,
            46.38581667122811,
            88.42880577859279,
            30.76190345674872,
            0.0,
            53.396733032013934,
            113.03328059336502
        ],
        [
            71.67860015874757,
            80.46041951772945,
            59.139674528225974,
            48.309328485173914,
            44.2127395399848,
            22.37526929677403,
            73.89163665779931,
            18.021041369664733,
            37.04205300864156,
            38.90913230995119,
            29.018607471476674,
            27.656213944348927,
            35.08214307754559,
            22.947149751334837,
            53.396733032013934,
            0.0,
            71.67860015874757
        ],
        [
            0.0,
            12.864907441872333,
            26.09733636843553,
            50.00601836350824,
            71.91799572347318,
            70.86890640101042,
            5.886456602601992,
            85.07598002608098,
            41.41479910033868,
            91.60180805564406,
            78.68903239008092,
            66.67534809745345,
            54.41415138089504,
            89.58658916625046,
            113.03328059336502,
            71.67860015874757,
            0.0
        ]
    ],
    "scores_ave": [
        0,
        13.268939190069498,
        13.18937830516764,
        19.006824107158828,
        19.617509522396364,
        13.503204607621413,
        15.934796331445959,
        14.591659146059047,
        14.082174799836675,
        10.34079282989237,
        12.90469063171366,
        15.185513704202762,
        17.26699546256939,
        18.20152278173374,
        14.288020734005217,
        15.505306743655519,
        0
    ],
    "scores_var": [
        0,
        18.301353092275885,
        24.111467423328698,
        371.9273675980968,
        16.276207542981854,
        292.931796655776,
        23.19904487088216,
        23.611908002120344,
        16.904584874882854,
        23.302061380615527,
        20.18051749278794,
        288.87824441542153,
        20.199139605022555,
        19.06845870095435,
        278.65761657053724,
        23.62117482296763,
        0
    ],
    "vertex_number": 17,
    "minimum_distances": {
        "cost": 371.1367170489318,
        "path": [
            0,
            6,
            1,
            2,
            3,
            4,
            9,
            14,
            13,
            7,
            10,
            12,
            15,
            5,
            11,
            8,
            16
        ]
    }
}