{
    "vertices": [
        [
            75.28036857921423,
            78.29943522627907
        ],
        [
            60.15563909681715,
            30.524742188305474
        ],
        [
            35.7505314098282,
            27.773453253174917
        ],
        [
            75.3656044576891,
            65.60084717850376
        ],
        [
            98.54939894178162,
            40.98960673696021
        ],
        [
            52.74405386916489,
            75.67532811319431
        ],
        [
            61.000333049009726,
            96.48594848416465
        ],
        [
            73.21433385457895,
            29.84319142947236
        ],
        [
            96.00460196157229,
            22.53531690797669
        ],
        [
            80.3957532955228,
            58.35024903448301
        ],
        [
            98.9738421656931,
            95.81317539648518
        ],
        [
            14.961346509024398,
            53.9482752909072
        ],
        [
            4.039809116544946,
            27.082865099556564
        ],
        [
            21.322466873864265,
            6.1070791815533205
        ],
        [
            75.28036857921423,
            78.29943522627907
        ]
    ],
    "distances": [
        [
            0.0,
            50.11166268233668,
            64.15202943777085,
            12.698874106080488,
            43.971252835420465,
            22.688574632429606,
            23.122903780086766,
            48.50026868357503,
            59.49059371954588,
            20.594591292637737,
            29.46373678511711,
            65.04893091897904,
            87.74026651486535,
            90.12874917434868,
            0.0
        ],
        [
            50.11166268233668,
            0.0,
            24.559700161404635,
            38.231873973980626,
            39.794398915607424,
            45.75485771967303,
            65.96661461586278,
            13.076468185762609,
            36.72845020945684,
            34.40815388862528,
            75.95677981770575,
            50.903693240468286,
            56.22128504640276,
            45.8719689092242,
            50.11166268233668
        ],
        [
            64.15202943777085,
            24.559700161404635,
            0.0,
            54.77468159441331,
            64.1744846196898,
            50.82685727724013,
            73.20491434109326,
            37.520931621399484,
            60.48132844461538,
            54.112256259323765,
            92.8794423555155,
            33.42621003863232,
            31.718241129666215,
            26.03076663614379,
            64.15202943777085
        ],
        [
            12.698874106080488,
            38.231873973980626,
            54.77468159441331,
            0.0,
            33.81126266131017,
            24.763475465544083,
            34.062450077849036,
            35.82231022524991,
            47.75571290900157,
            8.824600318248798,
            38.34232210011098,
            61.51793892779917,
            81.06172971557466,
            80.37517745161864,
            12.698874106080488
        ],
        [
            43.971252835420465,
            39.794398915607424,
            64.1744846196898,
            33.81126266131017,
            0.0,
            57.45632171146389,
            67.00579300883045,
            27.678657792237594,
            18.62892387559215,
            25.11865345181683,
            54.825211651355914,
            84.58658049710027,
            95.52727375940327,
            84.7395407426571,
            43.971252835420465
        ],
        [
            22.688574632429606,
            45.75485771967303,
            50.82685727724013,
            24.763475465544083,
            57.45632171146389,
            0.0,
            22.388569988281635,
            50.195787828030106,
            68.52252047426559,
            32.63088791696055,
            50.42545209660457,
            43.58437563857568,
            68.79920725309893,
            76.33516482407052,
            22.688574632429606
        ],
        [
            23.122903780086766,
            65.96661461586278,
            73.20491434109326,
            34.062450077849036,
            67.00579300883045,
            22.388569988281635,
            0.0,
            67.75277768128171,
            81.81683660848836,
            42.78450536181642,
            37.979468377826734,
            62.682070182192646,
            89.78468282481013,
            98.70498001940557,
            23.122903780086766
        ],
        [
            48.50026868357503,
            13.076468185762609,
            37.520931621399484,
            35.82231022524991,
            27.678657792237594,
            50.195787828030106,
            67.75277768128171,
            0.0,
            23.93326869465521,
            29.397706007138748,
            70.82083770359037,
            63.043362875469654,
            69.22957658530424,
            57.062850291498755,
            48.50026868357503
        ],
        [
            59.49059371954588,
            36.72845020945684,
            60.48132844461538,
            47.75571290900157,
            18.62892387559215,
            68.52252047426559,
            81.81683660848836,
            23.93326869465521,
            0.0,
            39.06847219825584,
            73.33799105546622,
            86.9182559000965,
            92.07715958685702,
            76.46769446017416,
            59.49059371954588
        ],
        [
            20.594591292637737,
            34.40815388862528,
            54.112256259323765,
            8.824600318248798,
            25.11865345181683,
            32.63088791696055,
            42.78450536181642,
            29.397706007138748,
            39.06847219825584,
            0.0,
            41.816458932730576,
            65.58230679337285,
            82.50987522471038,
            78.86064902685855,
            20.594591292637737
        ],
        [
            29.46373678511711,
            75.95677981770575,
            92.8794423555155,
            38.34232210011098,
            54.825211651355914,
            50.42545209660457,
            37.979468377826734,
            70.82083770359037,
            73.33799105546622,
            41.816458932730576,
            0.0,
            93.86569814001173,
            117.20207414755443,
            118.64619582116848,
            29.46373678511711
        ],
        [
            65.04893091897904,
            50.903693240468286,
            33.42621003863232,
            61.51793892779917,
            84.58658049710027,
            43.58437563857568,
            62.682070182192646,
            63.043362875469654,
            86.9182559000965,
            65.58230679337285,
            93.86569814001173,
            0.0,
            29.000521439533692,
            48.26224090808089,
            65.04893091897904
        ],
        [
            87.74026651486535,
            56.22128504640276,
            31.718241129666215,
            81.06172971557466,
            95.52727375940327,
            68.79920725309893,
            89.78468282481013,
            69.22957658530424,
            92.07715958685702,
            82.50987522471038,
            117.20207414755443,
            29.000521439533692,
            0.0,
            27.178555039488998,
            87.74026651486535
        ],
        [
            90.12874917434868,
            45.8719689092242,
            26.03076663614379,
            80.37517745161864,
            84.7395407426571,
            76.33516482407052,
            98.70498001940557,
            57.062850291498755,
            76.46769446017416,
            78.86064902685855,
            118.64619582116848,
            48.26224090808089,
            27.178555039488998,
            0.0,
            90.12874917434868
        ],
        [
            0.0,
            50.11166268233668,
            64.15202943777085,
            12.698874106080488,
            43.971252835420465,
            22.688574632429606,
            23.122903780086766,
            48.50026868357503,
            59.49059371954588,
            20.594591292637737,
            29.46373678511711,
            65.04893091897904,
            87.74026651486535,
            90.12874917434868,
            0.0
        ]
    ],
    "scores_ave": [
        0,
        13.088977942889514,
        18.077222634499677,
        15.309054959431055,
        10.770728292296917,
        17.01575916381024,
        19.526962998636165,
        13.79945538326206,
        19.391324737194907,
        11.617353482329634,
        11.464120349778359,
        16.411438660875987,
        14.748124930733294,
        16.18263213586168,
        0
    ],
    "scores_var": [
        0,
        330.21300088948306,
        23.37541108053961,
        272.2620786790726,
        226.1069317228063,
        16.25930835726367,
        23.659032764557274,
        367.26349439603314,
        244.23526497133014,
        22.22622589813731,
        338.8965103212456,
        342.4878540944502,
        285.4291938086312,
        390.51473547466753,
        0
    ],
    "vertex_number": 15,
    "minimum_distances": {
        "cost": 342.46648269852835,
        "path": [
            0,
            3,
            9,
            4,
            8,
            7,
            1,
            2,
            13,
            12,
            11,
            5,
            6,
            10,
            14
        ]
    }
}