{
    "vertices": [
        [
            93.56981518864598,
            76.96957054850037
        ],
        [
            33.86497686390315,
            16.970583681151496
        ],
        [
            74.04446280937111,
            37.43445953376483
        ],
        [
            67.31247465305809,
            9.388458325954197
        ],
        [
            28.67678882611875,
            86.82935898177023
        ],
        [
            98.4119464698736,
            67.15621324879618
        ],
        [
            40.37232198446637,
            43.79868588691955
        ],
        [
            34.631463183261346,
            30.028627497399153
        ],
        [
            65.39551348626546,
            75.84314676177402
        ],
        [
            50.90349891796296,
            31.569408877293636
        ],
        [
            47.2393333832072,
            46.707811672302114
        ],
        [
            89.21500042076805,
            61.438382885216
        ],
        [
            96.78890419934044,
            15.921044738732704
        ],
        [
            19.65880175337378,
            34.98272351461269
        ],
        [
            18.84532077075406,
            41.92714587140392
        ],
        [
            66.97339738417739,
            43.09900756443009
        ],
        [
            57.43562774091989,
            73.54240473258476
        ],
        [
            4.8731944345796085,
            57.41746291678923
        ],
        [
            64.43641260111539,
            13.905696313543581
        ],
        [
            31.745137291355373,
            67.33164950986614
        ],
        [
            3.3774055364206634,
            53.722861335050084
        ],
        [
            68.90233288313581,
            42.17227168206432
        ],
        [
            93.56981518864598,
            76.96957054850037
        ]
    ],
    "distances": [
        [
            0.0,
            84.64364207955599,
            44.0938134944384,
            72.50279071344914,
            65.63779626432087,
            10.94295283898732,
            62.69195221430446,
            75.34707341123047,
            28.196810226762615,
            62.30240142949274,
            55.337939920142105,
            16.130164348037013,
            61.133338184697905,
            85.00431301337639,
            82.53315450932152,
            43.06488682079318,
            36.29634923841771,
            90.8260725014172,
            69.46803135147549,
            62.57140176670713,
            93.14011084452036,
            42.65368321367721,
            0.0
        ],
        [
            84.64364207955599,
            0.0,
            45.09058999118584,
            34.296118340964625,
            70.05116545509966,
            81.76129096592669,
            27.606024858375655,
            13.080520233721858,
            66.78438008528647,
            22.43740027040114,
            32.6063819045156,
            71.0000723506568,
            62.932679613274416,
            22.940196002893778,
            29.12765121859996,
            42.17655799104046,
            61.28577746787258,
            49.76417876677456,
            30.72468417430227,
            50.405661102870866,
            47.75166927132062,
            43.15948788984657,
            84.64364207955599
        ],
        [
            44.0938134944384,
            45.09058999118584,
            0.0,
            28.842639412599784,
            67.06774138234593,
            38.43379897748641,
            34.26830087422494,
            40.102754115878234,
            39.370440421370525,
            23.872641852682097,
            28.363885901595225,
            28.39601288352208,
            31.307133856117474,
            54.44089582295127,
            55.38167126701604,
            9.060191534348695,
            39.74464880725452,
            71.9998943942517,
            25.414903648796294,
            51.798406420913665,
            72.51996288511579,
            6.992021462414062,
            44.0938134944384
        ],
        [
            72.50279071344914,
            34.296118340964625,
            28.842639412599784,
            0.0,
            86.54368442412148,
            65.60709303200711,
            43.70166571887677,
            38.653138218194556,
            66.48233115059126,
            27.590742143623213,
            42.37528919817492,
            56.470481506978885,
            30.19163102645111,
            54.09194904398881,
            58.37663224811229,
            33.71225449823816,
            64.90979082134405,
            78.77467230136938,
            5.355107091659832,
            67.98859383438185,
            77.8025215087669,
            32.82234097927828,
            72.50279071344914
        ],
        [
            65.63779626432087,
            70.05116545509966,
            67.06774138234593,
            86.54368442412148,
            0.0,
            72.45705538199972,
            44.59175173565078,
            57.1120061270766,
            38.32703483978978,
            59.562477509386156,
            44.20754029506485,
            65.64736651393046,
            98.32217089448554,
            52.62506722189069,
            45.9659276674844,
            58.128941691151,
            31.679866933865558,
            37.837425072197476,
            81.21952517392981,
            19.73766543831611,
            41.66652110833518,
            60.102827227814956,
            65.63779626432087
        ],
        [
            10.94295283898732,
            81.76129096592669,
            38.43379897748641,
            65.60709303200711,
            72.45705538199972,
            0.0,
            62.56334465857702,
            73.79978097529262,
            34.140118055155945,
            59.35885135485891,
            55.10692748785061,
            10.829469086563641,
            51.2608696616292,
            85.0716829762617,
            83.47067608374086,
            39.58701193514896,
            41.470979470521506,
            94.0443586311767,
            63.16608627688405,
            66.66704001173788,
            95.97926293773403,
            38.66541904917689,
            10.94295283898732
        ],
        [
            62.69195221430446,
            27.606024858375655,
            34.26830087422494,
            43.70166571887677,
            44.59175173565078,
            62.56334465857702,
            0.0,
            14.91884606215153,
            40.65719598909631,
            16.138801187906605,
            7.457805198958624,
            51.93039713909069,
            62.92848023585764,
            22.511577308438707,
            21.60820314799098,
            26.61027549981534,
            34.29059950056574,
            38.02182458263195,
            38.37539944860848,
            25.064490671226018,
            38.30291243917569,
            28.57633190323685,
            62.69195221430446
        ],
        [
            75.34707341123047,
            13.080520233721858,
            40.102754115878234,
            38.653138218194556,
            57.1120061270766,
            73.79978097529262,
            14.91884606215153,
            0.0,
            55.18511544312962,
            16.344820409292844,
            20.908217899166257,
            62.975672055808744,
            63.7383037502566,
            15.770975164580463,
            19.768081135115022,
            34.88316990975766,
            49.12716896429232,
            40.44382356490549,
            33.88633824655861,
            37.41452028847735,
            39.22031153044711,
            36.35877616297785,
            75.34707341123047
        ],
        [
            28.196810226762615,
            66.78438008528647,
            39.370440421370525,
            66.48233115059126,
            38.32703483978978,
            34.140118055155945,
            40.65719598909631,
            55.18511544312962,
            0.0,
            46.58521602946116,
            34.329500822332115,
            27.83640027306567,
            67.64764069295805,
            61.330424652653384,
            57.59527374921345,
            32.782134911721734,
            8.285722356187991,
            63.26497394727504,
            61.94487583759368,
            34.71013401772178,
            65.84491431415442,
            33.853000028294126,
            28.196810226762615
        ],
        [
            62.30240142949274,
            22.43740027040114,
            23.872641852682097,
            27.590742143623213,
            59.562477509386156,
            59.35885135485891,
            16.138801187906605,
            16.344820409292844,
            46.58521602946116,
            0.0,
            15.575536852706312,
            48.579077344937076,
            48.48032299860701,
            31.43058729518467,
            33.68990207402425,
            19.77810108682983,
            42.47824252517976,
            52.79120029381475,
            22.251887432090694,
            40.57068738976319,
            52.43572263170552,
            20.88967983868229,
            62.30240142949274
        ],
        [
            55.337939920142105,
            32.6063819045156,
            28.363885901595225,
            42.37528919817492,
            44.20754029506485,
            55.10692748785061,
            7.457805198958624,
            20.908217899166257,
            34.329500822332115,
            15.575536852706312,
            0.0,
            44.48534985258517,
            58.33510937921455,
            29.96937465630257,
            28.79365759565856,
            20.061324709085923,
            28.706441843950163,
            43.698814162319835,
            37.036715643214265,
            25.795596517291358,
            44.41936105132006,
            22.132705897312995,
            55.337939920142105
        ],
        [
            16.130164348037013,
            71.0000723506568,
            28.39601288352208,
            56.470481506978885,
            65.64736651393046,
            10.829469086563641,
            51.93039713909069,
            62.975672055808744,
            27.83640027306567,
            48.579077344937076,
            44.48534985258517,
            0.0,
            46.143169487892536,
            74.41751598777947,
            73.02451768998371,
            28.827445131227467,
            34.00640929010677,
            84.43759846421703,
            53.60349528768704,
            57.77123643840974,
            86.18365255847779,
            27.99620516046032,
            16.130164348037013
        ],
        [
            61.133338184697905,
            62.932679613274416,
            31.307133856117474,
            30.19163102645111,
            98.32217089448554,
            51.2608696616292,
            62.92848023585764,
            63.7383037502566,
            67.64764069295805,
            48.48032299860701,
            58.33510937921455,
            46.143169487892536,
            0.0,
            79.45061548584847,
            82.16763045026751,
            40.34360060777946,
            69.77751425462196,
            100.84865107262412,
            32.41520232681163,
            82.9080327622962,
            100.77045906630711,
            38.29866545722013,
            61.133338184697905
        ],
        [
            85.00431301337639,
            22.940196002893778,
            54.44089582295127,
            54.09194904398881,
            52.62506722189069,
            85.0716829762617,
            22.511577308438707,
            15.770975164580463,
            61.330424652653384,
            31.43058729518467,
            29.96937465630257,
            74.41751598777947,
            79.45061548584847,
            0.0,
            6.991906262142384,
            48.00567702349151,
            53.98090030117103,
            26.86878701819553,
            49.49015567632006,
            34.533064152824046,
            24.824919502435517,
            49.76560017702941,
            85.00431301337639
        ],
        [
            82.53315450932152,
            29.12765121859996,
            55.38167126701604,
            58.37663224811229,
            45.9659276674844,
            83.47067608374086,
            21.60820314799098,
            19.768081135115022,
            57.59527374921345,
            33.68990207402425,
            28.79365759565856,
            73.02451768998371,
            82.16763045026751,
            6.991906262142384,
            0.0,
            48.14234122199633,
            49.887236693478044,
            20.860734323618008,
            53.5140102179621,
            28.492000129541953,
            19.452385586241714,
            50.05761229106105,
            82.53315450932152
        ],
        [
            43.06488682079318,
            42.17655799104046,
            9.060191534348695,
            33.71225449823816,
            58.128941691151,
            39.58701193514896,
            26.61027549981534,
            34.88316990975766,
            32.782134911721734,
            19.77810108682983,
            20.061324709085923,
            28.827445131227467,
            40.34360060777946,
            48.00567702349151,
            48.14234122199633,
            0.0,
            31.902499602787426,
            63.72953295026361,
            29.303339631868326,
            42.75805473619237,
            64.47725527687618,
            2.1400073726055813,
            43.06488682079318
        ],
        [
            36.29634923841771,
            61.28577746787258,
            39.74464880725452,
            64.90979082134405,
            31.679866933865558,
            41.470979470521506,
            34.29059950056574,
            49.12716896429232,
            8.285722356187991,
            42.47824252517976,
            28.706441843950163,
            34.00640929010677,
            69.77751425462196,
            53.98090030117103,
            49.887236693478044,
            31.902499602787426,
            0.0,
            54.98020683524445,
            60.046215365470616,
            26.430565260237856,
            57.576954490471046,
            33.40015829941343,
            36.29634923841771
        ],
        [
            90.8260725014172,
            49.76417876677456,
            71.9998943942517,
            78.77467230136938,
            37.837425072197476,
            94.0443586311767,
            38.02182458263195,
            40.44382356490549,
            63.26497394727504,
            52.79120029381475,
            43.698814162319835,
            84.43759846421703,
            100.84865107262412,
            26.86878701819553,
            20.860734323618008,
            63.72953295026361,
            54.98020683524445,
            0.0,
            73.76347870924786,
            28.642493060139994,
            3.9859083375869266,
            65.81904303655374,
            90.8260725014172
        ],
        [
            69.46803135147549,
            30.72468417430227,
            25.414903648796294,
            5.355107091659832,
            81.21952517392981,
            63.16608627688405,
            38.37539944860848,
            33.88633824655861,
            61.94487583759368,
            22.251887432090694,
            37.036715643214265,
            53.60349528768704,
            32.41520232681163,
            49.49015567632006,
            53.5140102179621,
            29.303339631868326,
            60.046215365470616,
            73.76347870924786,
            0.0,
            62.63427141999956,
            72.89450578799696,
            28.617192857260207,
            69.46803135147549
        ],
        [
            62.57140176670713,
            50.405661102870866,
            51.798406420913665,
            67.98859383438185,
            19.73766543831611,
            66.66704001173788,
            25.064490671226018,
            37.41452028847735,
            34.71013401772178,
            40.57068738976319,
            25.795596517291358,
            57.77123643840974,
            82.9080327622962,
            34.533064152824046,
            28.492000129541953,
            42.75805473619237,
            26.430565260237856,
            28.642493060139994,
            62.63427141999956,
            0.0,
            31.46311047094588,
            44.873728137161876,
            62.57140176670713
        ],
        [
            93.14011084452036,
            47.75166927132062,
            72.51996288511579,
            77.8025215087669,
            41.66652110833518,
            95.97926293773403,
            38.30291243917569,
            39.22031153044711,
            65.84491431415442,
            52.43572263170552,
            44.41936105132006,
            86.18365255847779,
            100.77045906630711,
            24.824919502435517,
            19.452385586241714,
            64.47725527687618,
            57.576954490471046,
            3.9859083375869266,
            72.89450578799696,
            31.46311047094588,
            0.0,
            66.53519538653178,
            93.14011084452036
        ],
        [
            42.65368321367721,
            43.15948788984657,
            6.992021462414062,
            32.82234097927828,
            60.102827227814956,
            38.66541904917689,
            28.57633190323685,
            36.35877616297785,
            33.853000028294126,
            20.88967983868229,
            22.132705897312995,
            27.99620516046032,
            38.29866545722013,
            49.76560017702941,
            50.05761229106105,
            2.1400073726055813,
            33.40015829941343,
            65.81904303655374,
            28.617192857260207,
            44.873728137161876,
            66.53519538653178,
            0.0,
            42.65368321367721
        ],
        [
            0.0,
            84.64364207955599,
            44.0938134944384,
            72.50279071344914,
            65.63779626432087,
            10.94295283898732,
            62.69195221430446,
            75.34707341123047,
            28.196810226762615,
            62.30240142949274,
            55.337939920142105,
            16.130164348037013,
            61.133338184697905,
            85.00431301337639,
            82.53315450932152,
            43.06488682079318,
            36.29634923841771,
            90.8260725014172,
            69.46803135147549,
            62.57140176670713,
            93.14011084452036,
            42.65368321367721,
            0.0
        ]
    ],
    "scores_ave": [
        0,
        14.159511891892489,
        17.016245032249195,
        17.881613004113497,
        14.920156562621075,
        16.563724503100545,
        14.079810623765361,
        15.136857433769357,
        19.64824205176903,
        18.653268347741765,
        11.206991340667663,
        14.965773536053948,
        11.974399255666352,
        18.36756071920088,
        16.78625544832708,
        16.04417618882573,
        17.34329401546062,
        19.22490928157743,
        18.18908134491132,
        10.86243938301948,
        11.527275631153753,
        10.91423906251258,
        0
    ],
    "scores_var": [
        0,
        354.85845326058313,
        23.469137059449377,
        22.314735489089653,
        369.95610178222853,
        321.72903458101496,
        285.0689960182918,
        237.19919597656784,
        313.31860975429527,
        256.5567831605495,
        22.0872385970438,
        16.923764724471287,
        300.654226917083,
        294.0512264434494,
        249.77381561000664,
        344.50655763037224,
        16.852194045656912,
        334.85602259976207,
        353.223408429159,
        20.951992169561233,
        17.389035463259972,
        17.85541596048128,
        0
    ],
    "vertex_number": 23,
    "minimum_distances": {
        "cost": 397.2054842296328,
        "path": [
            0,
            8,
            16,
            4,
            19,
            17,
            20,
            14,
            13,
            6,
            10,
            15,
            21,
            9,
            7,
            1,
            18,
            3,
            12,
            2,
            11,
            5,
            22
        ]
    }
}