{
    "vertices": [
        [
            76.25960534119244,
            31.6358544193016
        ],
        [
            41.01225161660972,
            84.1294325471169
        ],
        [
            30.755035240421115,
            88.77484476895508
        ],
        [
            38.234863927293446,
            89.61965597697296
        ],
        [
            86.6727739737637,
            14.665078354533279
        ],
        [
            67.0115613508232,
            62.54570177754797
        ],
        [
            69.71934878225034,
            31.099677581374706
        ],
        [
            28.00939840713038,
            39.639976710637995
        ],
        [
            69.79992731650063,
            87.57717190873284
        ],
        [
            86.95411795853158,
            88.32224904858819
        ],
        [
            5.891844920819322,
            48.43364611968486
        ],
        [
            52.92494162608684,
            23.505560090785803
        ],
        [
            18.334940069217097,
            43.619296077512246
        ],
        [
            64.40469332792286,
            58.065207742798755
        ],
        [
            43.910291757530054,
            46.530846621379396
        ],
        [
            76.25960534119244,
            31.6358544193016
        ]
    ],
    "distances": [
        [
            0.0,
            63.22935781143839,
            73.0447131436205,
            69.33975917663183,
            19.910834267073778,
            32.263678980517625,
            6.562197913680637,
            48.909594588735644,
            56.313039721151895,
            57.686392989938604,
            72.3449204339081,
            24.710487987196085,
            59.151244457290375,
            28.966353859963345,
            35.61374568946774,
            0.0
        ],
        [
            63.22935781143839,
            0.0,
            11.26012177992561,
            6.152758380312524,
            83.12749127286874,
            33.79084995363101,
            60.301346082854494,
            46.350683621854756,
            28.993398885051846,
            46.132795202480665,
            50.07626319076295,
            61.78321855377394,
            46.42554917072603,
            35.02213791114438,
            37.71010872794525,
            63.22935781143839
        ],
        [
            73.0447131436205,
            11.26012177992561,
            0.0,
            7.527386210508326,
            92.8388441496905,
            44.749342203634114,
            69.60346715431153,
            49.211520813002224,
            39.06325661683636,
            56.20090516391277,
            47.38766233239008,
            68.93173631607638,
            46.83249237107747,
            45.55635296733094,
            44.24495624953555,
            73.0447131436205
        ],
        [
            69.33975917663183,
            6.152758380312524,
            7.527386210508326,
            0.0,
            89.24359829269704,
            39.51072399485925,
            66.45194246975251,
            51.01498294295272,
            31.631075984444195,
            48.73652611848873,
            52.36753084133125,
            67.72645020702426,
            50.12025618886191,
            40.9944285753714,
            43.46097068334889,
            69.33975917663183
        ],
        [
            19.910834267073778,
            83.12749127286874,
            92.8388441496905,
            89.24359829269704,
            0.0,
            51.760191085244436,
            23.61174871692346,
            63.75842831163291,
            74.8389359944131,
            73.65770800867284,
            87.5549808267152,
            34.886534730407355,
            74.21863827041742,
            48.7794900195549,
            53.329701597984176,
            19.910834267073778
        ],
        [
            32.263678980517625,
            33.79084995363101,
            44.749342203634114,
            39.51072399485925,
            51.760191085244436,
            0.0,
            31.56239139419111,
            45.23097340459559,
            25.18629551337291,
            32.59042732564003,
            62.727743872824824,
            41.50380124990718,
            52.22664350803383,
            5.183684759342878,
            28.109504486829177,
            32.263678980517625
        ],
        [
            6.562197913680637,
            60.301346082854494,
            69.60346715431153,
            66.45194246975251,
            23.61174871692346,
            31.56239139419111,
            0.0,
            42.57530586516396,
            56.47755180951943,
            59.76169303056975,
            66.13937340546943,
            18.431568901964475,
            52.887600683684596,
            27.484275131152412,
            30.070390793045284,
            6.562197913680637
        ],
        [
            48.909594588735644,
            46.350683621854756,
            49.211520813002224,
            51.01498294295272,
            63.75842831163291,
            45.23097340459559,
            42.57530586516396,
            0.0,
            63.59577808302339,
            76.44896077109021,
            23.80157124845831,
            29.683390870293945,
            10.460885562685423,
            40.79346309103902,
            17.329815275055466,
            48.909594588735644
        ],
        [
            56.313039721151895,
            28.993398885051846,
            39.06325661683636,
            31.631075984444195,
            74.8389359944131,
            25.18629551337291,
            56.47755180951943,
            63.59577808302339,
            0.0,
            17.170363902010855,
            74.94303574509813,
            66.2565965244319,
            67.68264001910728,
            30.001076292741267,
            48.529105173818564,
            56.313039721151895
        ],
        [
            57.686392989938604,
            46.132795202480665,
            56.20090516391277,
            48.73652611848873,
            73.65770800867284,
            32.59042732564003,
            59.76169303056975,
            76.44896077109021,
            17.170363902010855,
            0.0,
            90.34485460534168,
            73.20647518708381,
            81.89594360247406,
            37.73546209802858,
            59.99410213391762,
            57.686392989938604
        ],
        [
            72.3449204339081,
            50.07626319076295,
            47.38766233239008,
            52.36753084133125,
            87.5549808267152,
            62.727743872824824,
            66.13937340546943,
            23.80157124845831,
            74.94303574509813,
            90.34485460534168,
            0.0,
            53.23083372211296,
            13.341985729292611,
            59.300256390782316,
            38.066034017304084,
            72.3449204339081
        ],
        [
            24.710487987196085,
            61.78321855377394,
            68.93173631607638,
            67.72645020702426,
            34.886534730407355,
            41.50380124990718,
            18.431568901964475,
            29.683390870293945,
            66.2565965244319,
            73.20647518708381,
            53.23083372211296,
            0.0,
            40.0128802143508,
            36.416396649958266,
            24.7270647685609,
            24.710487987196085
        ],
        [
            59.151244457290375,
            46.42554917072603,
            46.83249237107747,
            50.12025618886191,
            74.21863827041742,
            52.22664350803383,
            52.887600683684596,
            10.460885562685423,
            67.68264001910728,
            81.89594360247406,
            13.341985729292611,
            40.0128802143508,
            0.0,
            48.28153403900181,
            25.740546624933696,
            59.151244457290375
        ],
        [
            28.966353859963345,
            35.02213791114438,
            45.55635296733094,
            40.9944285753714,
            48.7794900195549,
            5.183684759342878,
            27.484275131152412,
            40.79346309103902,
            30.001076292741267,
            37.73546209802858,
            59.300256390782316,
            36.416396649958266,
            48.28153403900181,
            0.0,
            23.51726987147593,
            28.966353859963345
        ],
        [
            35.61374568946774,
            37.71010872794525,
            44.24495624953555,
            43.46097068334889,
            53.329701597984176,
            28.109504486829177,
            30.070390793045284,
            17.329815275055466,
            48.529105173818564,
            59.99410213391762,
            38.066034017304084,
            24.7270647685609,
            25.740546624933696,
            23.51726987147593,
            0.0,
            35.61374568946774
        ],
        [
            0.0,
            63.22935781143839,
            73.0447131436205,
            69.33975917663183,
            19.910834267073778,
            32.263678980517625,
            6.562197913680637,
            48.909594588735644,
            56.313039721151895,
            57.686392989938604,
            72.3449204339081,
            24.710487987196085,
            59.151244457290375,
            28.966353859963345,
            35.61374568946774,
            0.0
        ]
    ],
    "scores_ave": [
        0,
        16.305547514361663,
        17.090989777846673,
        13.145059520860848,
        13.24475862090431,
        15.267055328382787,
        13.717666909832989,
        18.04145520264406,
        17.129057077712496,
        12.86448162492719,
        12.763998278878645,
        13.005298511383293,
        10.463582714877038,
        13.478400064935457,
        17.907791259376875,
        0
    ],
    "scores_var": [
        0,
        16.40488363865406,
        367.6979807800429,
        332.9867328990233,
        17.630984945358655,
        19.827329431902143,
        17.779866111165006,
        344.5826321136112,
        311.5469183445224,
        23.883337580127343,
        335.85428299788634,
        22.691253036704627,
        17.243910157708697,
        373.04153272754456,
        21.26889915293453,
        0
    ],
    "vertex_number": 16,
    "minimum_distances": {
        "cost": 299.7092751731651,
        "path": [
            0,
            6,
            13,
            5,
            9,
            8,
            1,
            3,
            2,
            10,
            12,
            7,
            14,
            11,
            4,
            15
        ]
    }
}