{
    "vertices": [
        [
            64.20840090173378,
            60.774844189979405
        ],
        [
            6.046111115943987,
            38.09073922886492
        ],
        [
            63.008470610082554,
            29.32738610258686
        ],
        [
            11.158843655497453,
            54.64870655523705
        ],
        [
            69.93072105851775,
            33.025719563614985
        ],
        [
            31.77151616639967,
            9.580745213847452
        ],
        [
            90.22776642074074,
            14.54425826701674
        ],
        [
            86.80237573411456,
            95.9107291397746
        ],
        [
            8.796768999138038,
            99.71362422168407
        ],
        [
            16.712523941766467,
            85.67055156743831
        ],
        [
            25.506178441477566,
            13.447086808074982
        ],
        [
            26.045236371498692,
            21.739770587727847
        ],
        [
            89.3923919998683,
            96.34486657447559
        ],
        [
            6.969473961672223,
            77.5173248681856
        ],
        [
            95.32001837236133,
            68.22201777389382
        ],
        [
            64.20840090173378,
            60.774844189979405
        ]
    ],
    "distances": [
        [
            0.0,
            62.42932460801612,
            31.470342433204202,
            53.402107508426226,
            28.33299958539936,
            60.6051752023814,
            53.04973569012499,
            41.773413912816615,
            67.72501414149906,
            53.625130060638696,
            61.13737516579829,
            54.59087925739052,
            43.5827936239117,
            59.637282101968836,
            31.990516345123442,
            0.0
        ],
        [
            62.42932460801612,
            0.0,
            57.63251475647515,
            17.329348400970414,
            64.08508259902739,
            38.40073207305224,
            87.41274423985494,
            99.32132453998832,
            61.68424493846539,
            48.760751683549046,
            31.400697841783796,
            25.83252187632508,
            101.68650790532946,
            39.437396644803506,
            94.22167724884504,
            62.42932460801612
        ],
        [
            31.470342433204202,
            57.63251475647515,
            0.0,
            57.702279719222865,
            7.848262333779465,
            36.95506933162966,
            30.974682129618735,
            70.70708232602485,
            88.84329523443138,
            72.92370651931509,
            40.7259846238576,
            37.73397135974092,
            72.02398209417736,
            73.90967016292726,
            50.56509163089352,
            31.470342433204202
        ],
        [
            53.402107508426226,
            17.329348400970414,
            57.702279719222865,
            0.0,
            62.62337534751305,
            49.55808115242853,
            88.65811479925875,
            86.16552937860745,
            45.126779200003455,
            31.515047718242936,
            43.6281959889557,
            36.119285078869375,
            88.65132738375075,
            23.24918325393103,
            85.24868390280874,
            53.402107508426226
        ],
        [
            28.33299958539936,
            64.08508259902739,
            7.848262333779465,
            62.62337534751305,
            0.0,
            44.786066362875694,
            27.450582181327167,
            65.10896375220753,
            90.46898209929329,
            74.85756368643169,
            48.54753183540357,
            45.31344624392314,
            66.24251666424205,
            77.09488685099508,
            43.39810855092215,
            28.33299958539936
        ],
        [
            60.6051752023814,
            38.40073207305224,
            36.95506933162966,
            49.55808115242853,
            44.786066362875694,
            0.0,
            58.666597443751,
            102.37803294365642,
            93.01491754359036,
            77.56566171798265,
            7.362272348302932,
            13.439947110467305,
            104.1545874520072,
            72.32233508851407,
            86.4708678115512,
            60.6051752023814
        ],
        [
            53.04973569012499,
            87.41274423985494,
            30.974682129618735,
            88.65811479925875,
            27.450582181327167,
            58.666597443751,
            0.0,
            81.43854052991973,
            117.8339010565173,
            102.29095989089151,
            64.73088703059629,
            64.58461551390829,
            81.80487375391122,
            104.39133287948302,
            53.91876200003962,
            53.04973569012499
        ],
        [
            41.773413912816615,
            99.32132453998832,
            70.70708232602485,
            86.16552937860745,
            65.10896375220753,
            102.37803294365642,
            81.43854052991973,
            0.0,
            78.09825025630104,
            70.83395062388023,
            102.74957960570136,
            95.8788875407812,
            2.62614919017897,
            81.92441349260022,
            28.96920732805671,
            41.773413912816615
        ],
        [
            67.72501414149906,
            61.68424493846539,
            88.84329523443138,
            45.126779200003455,
            90.46898209929329,
            93.01491754359036,
            117.8339010565173,
            78.09825025630104,
            0.0,
            16.120392857625134,
            87.86990293180801,
            79.85882216277058,
            80.66599639849164,
            22.2713877462556,
            92.07602271364402,
            67.72501414149906
        ],
        [
            53.625130060638696,
            48.760751683549046,
            72.92370651931509,
            31.515047718242936,
            74.85756368643169,
            77.56566171798265,
            102.29095989089151,
            70.83395062388023,
            16.120392857625134,
            0.0,
            72.7568362513605,
            64.60839169931246,
            73.4595413939711,
            12.704413741846638,
            80.52073964017262,
            53.625130060638696
        ],
        [
            61.13737516579829,
            31.400697841783796,
            40.7259846238576,
            43.6281959889557,
            48.54753183540357,
            7.362272348302932,
            64.73088703059629,
            102.74957960570136,
            87.86990293180801,
            72.7568362513605,
            0.0,
            8.310185781391196,
            104.65892304541913,
            66.69786217001923,
            88.73705713063332,
            61.13737516579829
        ],
        [
            54.59087925739052,
            25.83252187632508,
            37.73397135974092,
            36.119285078869375,
            45.31344624392314,
            13.439947110467305,
            64.58461551390829,
            95.8788875407812,
            79.85882216277058,
            64.60839169931246,
            8.310185781391196,
            0.0,
            97.87125458170404,
            58.94930256606569,
            83.42418549043722,
            54.59087925739052
        ],
        [
            43.5827936239117,
            101.68650790532946,
            72.02398209417736,
            88.65132738375075,
            66.24251666424205,
            104.1545874520072,
            81.80487375391122,
            2.62614919017897,
            80.66599639849164,
            73.4595413939711,
            104.65892304541913,
            97.87125458170404,
            0.0,
            84.54592683644361,
            28.740761629996136,
            43.5827936239117
        ],
        [
            59.637282101968836,
            39.437396644803506,
            73.90967016292726,
            23.24918325393103,
            77.09488685099508,
            72.32233508851407,
            104.39133287948302,
            81.92441349260022,
            22.2713877462556,
            12.704413741846638,
            66.69786217001923,
            58.94930256606569,
            84.54592683644361,
            0.0,
            88.83817553080624,
            59.637282101968836
        ],
        [
            31.990516345123442,
            94.22167724884504,
            50.56509163089352,
            85.24868390280874,
            43.39810855092215,
            86.4708678115512,
            53.91876200003962,
            28.96920732805671,
            92.07602271364402,
            80.52073964017262,
            88.73705713063332,
            83.42418549043722,
            28.740761629996136,
            88.83817553080624,
            0.0,
            31.990516345123442
        ],
        [
            0.0,
            62.42932460801612,
            31.470342433204202,
            53.402107508426226,
            28.33299958539936,
            60.6051752023814,
            53.04973569012499,
            41.773413912816615,
            67.72501414149906,
            53.625130060638696,
            61.13737516579829,
            54.59087925739052,
            43.5827936239117,
            59.637282101968836,
            31.990516345123442,
            0.0
        ]
    ],
    "scores_ave": [
        0,
        15.197050006050322,
        16.194843608008558,
        11.902125484957452,
        19.993300065257817,
        16.984048031526225,
        16.091220861209983,
        15.7979122440767,
        11.80419400850378,
        13.87006812168758,
        19.32127732122194,
        12.063000310182005,
        18.32445004041938,
        11.694057388944758,
        16.234180028698454,
        0
    ],
    "scores_var": [
        0,
        19.801937474258054,
        23.705212973530443,
        360.8941018386345,
        307.36715737087286,
        352.54558006255655,
        24.680441852430413,
        24.41044562002587,
        231.82142288993077,
        366.1050133391618,
        17.25842481382231,
        285.1680753776311,
        356.1304920292827,
        244.86797011879437,
        18.4045697334746,
        0
    ],
    "vertex_number": 16,
    "minimum_distances": {
        "cost": 376.07732890996687,
        "path": [
            0,
            14,
            12,
            7,
            8,
            9,
            13,
            3,
            1,
            11,
            10,
            5,
            2,
            6,
            4,
            15
        ]
    }
}