{
    "vertices": [
        [
            73.60582086365842,
            56.80110925902253
        ],
        [
            27.837548153816826,
            32.11137210762555
        ],
        [
            87.30341165083239,
            57.38840283780503
        ],
        [
            66.27973638347096,
            4.459500676734606
        ],
        [
            57.10339262239731,
            63.10490890958129
        ],
        [
            72.0836400835864,
            12.752443165592375
        ],
        [
            42.94049964798686,
            24.45890998629189
        ],
        [
            16.661270718180422,
            3.127439331751647
        ],
        [
            82.8026642833624,
            61.63917050820741
        ],
        [
            6.617262801544987,
            47.00726479066644
        ],
        [
            9.706199081815715,
            64.33668646223508
        ],
        [
            43.601780898137285,
            57.46196139064617
        ],
        [
            42.7098469924179,
            2.590616708531479
        ],
        [
            76.86003389099929,
            21.314965431496468
        ],
        [
            76.93653270543658,
            70.1756354790469
        ],
        [
            69.4790284898526,
            41.21871409957533
        ],
        [
            73.98183851149001,
            45.067008853084424
        ],
        [
            6.949593564626955,
            12.0684282561763
        ],
        [
            84.75387921844121,
            78.46536794771094
        ],
        [
            50.45996827489182,
            73.16072059923687
        ],
        [
            93.13039557451555,
            42.86767427832095
        ],
        [
            50.237877668919914,
            69.14184448127877
        ],
        [
            18.430151662935724,
            8.265556792435946
        ],
        [
            50.91556094386204,
            60.999920909670045
        ],
        [
            73.60582086365842,
            56.80110925902253
        ]
    ],
    "distances": [
        [
            0.0,
            52.00305671253858,
            13.710175313268326,
            52.85182591729713,
            17.66544728820522,
            44.07495909173058,
            44.56882070525688,
            78.25308067247245,
            10.39176431302292,
            67.70071122751587,
            64.34241670661838,
            30.011316862018255,
            62.396624139605684,
            35.6350432324023,
            13.783018282766683,
            16.119598450385343,
            11.740123577208106,
            80.27493623443465,
            24.364304004261104,
            28.343736085134985,
            23.98644675647646,
            26.426398070459044,
            73.4850619172656,
            23.075482974480327,
            0.0
        ],
        [
            52.00305671253858,
            0.0,
            64.61514686186301,
            47.35427994927894,
            42.6273266339015,
            48.295805002508345,
            16.931016518617522,
            31.064087568681185,
            62.3943496602043,
            25.926591161518203,
            36.97589355815703,
            29.852360225173236,
            33.05541214503,
            50.19727587198953,
            62.12566643513069,
            42.62577345614723,
            47.92853071077325,
            28.948682960583984,
            73.40409847004852,
            46.870277401783866,
            66.17290956796406,
            43.278524080669534,
            25.634391289491802,
            36.974895892018374,
            52.00305671253858
        ],
        [
            13.710175313268326,
            64.61514686186301,
            0.0,
            56.951414431281954,
            30.736291106548553,
            47.15941414414034,
            55.248705512709265,
            89.07617097829205,
            6.19077964827743,
            81.35123012765763,
            77.90767641129263,
            43.701692659502356,
            70.64972309651183,
            37.55472041357036,
            16.461637150955934,
            24.065898465684853,
            18.14610318039544,
            92.25310930863235,
            21.230604651493223,
            40.07749153033055,
            15.646255128466962,
            38.884408184140476,
            84.59657170924505,
            36.56663427027664,
            13.710175313268326
        ],
        [
            52.85182591729713,
            47.35427994927894,
            56.951414431281954,
            0.0,
            59.35898576979426,
            10.122163468533602,
            30.735912937900135,
            49.63634275814863,
            59.51908759735193,
            73.27975835801317,
            82.37622533482048,
            57.65024290256299,
            23.64386629113526,
            19.900989609736232,
            66.57460237360446,
            36.898173958177246,
            41.331490385452504,
            59.81606494758424,
            76.27687948530831,
            70.4990970286091,
            46.86305259373552,
            66.64192997705626,
            48.00071688093363,
            58.590758717190354,
            52.85182591729713
        ],
        [
            17.66544728820522,
            42.6273266339015,
            30.736291106548553,
            59.35898576979426,
            0.0,
            52.533595160602125,
            41.15945541650776,
            72.33852418369496,
            25.741036361524873,
            52.990409042270926,
            47.413196807034346,
            14.633399326681815,
            62.202521784862846,
            46.22471471104772,
            21.055845263812277,
            25.14282972112283,
            24.70319360081202,
            71.55505514925265,
            31.63057240803686,
            12.052154819734206,
            41.321793369027674,
            9.142203600513831,
            67.10420334775483,
            6.536071860196683,
            17.66544728820522
        ],
        [
            44.07495909173058,
            48.295805002508345,
            47.15941414414034,
            10.122163468533602,
            52.533595160602125,
            0.0,
            31.40643246013809,
            56.25193085465547,
            50.048072790733585,
            73.88666563731395,
            80.94367981761523,
            53.01091701316031,
            31.081866699189757,
            9.804627752117646,
            57.627888927733515,
            28.585181168590402,
            32.37026896463689,
            65.13763806226227,
            66.92326533541814,
            64.16185132140667,
            36.74089086655373,
            60.473150374522326,
            53.84077422391428,
            52.68687391685811,
            44.07495909173058
        ],
        [
            44.56882070525688,
            16.931016518617522,
            55.248705512709265,
            30.735912937900135,
            41.15945541650776,
            31.40643246013809,
            0.0,
            33.847149265938,
            54.51021869241852,
            42.75284597996575,
            51.91103727328025,
            33.00967577681204,
            21.86950963166898,
            34.06492610628299,
            56.971477542917306,
            31.387649593529172,
            37.259340538210374,
            38.06401658004001,
            68.30121677277363,
            49.278887623506364,
            53.459407552602606,
            45.27489769247066,
            29.3765526569961,
            37.40116417941302,
            44.56882070525688
        ],
        [
            78.25308067247245,
            31.064087568681185,
            89.07617097829205,
            49.63634275814863,
            72.33852418369496,
            56.25193085465547,
            33.847149265938,
            0.0,
            88.30802131182718,
            45.01467735455029,
            61.60312456156392,
            60.646775480027415,
            26.054107247103452,
            62.88622419231443,
            90.15857038706052,
            65.12035587636848,
            71.02517148013165,
            13.200680137081449,
            101.55002127283463,
            77.76253880642496,
            86.17896106302453,
            74.06274516631395,
            5.434076815477242,
            67.25013399876414,
            78.25308067247245
        ],
        [
            10.39176431302292,
            62.3943496602043,
            6.19077964827743,
            59.51908759735193,
            25.741036361524873,
            50.048072790733585,
            54.51021869241852,
            88.30802131182718,
            0.0,
            77.57775495509468,
            73.14622216685672,
            39.422814894345834,
            71.37342435499562,
            40.75973958514551,
            10.357737875033733,
            24.382664142684217,
            18.77347887902657,
            90.61427495090817,
            16.938953922719964,
            34.3336001840244,
            21.425011186249247,
            33.41789107634375,
            83.62154639892388,
            31.89351030277485,
            10.39176431302292
        ],
        [
            67.70071122751587,
            25.926591161518203,
            81.35123012765763,
            73.27975835801317,
            52.990409042270926,
            73.88666563731395,
            42.75284597996575,
            45.01467735455029,
            77.57775495509468,
            0.0,
            17.602567506321503,
            38.43377758996363,
            57.23209991278909,
            74.79399131405332,
            74.03764664122274,
            63.12771898742278,
            67.39251185172013,
            34.94041702842016,
            84.23148508319458,
            51.05081854342281,
            86.61211434784128,
            48.91520887707542,
            40.50264536881173,
            46.45571701707228,
            67.70071122751587
        ],
        [
            64.34241670661838,
            36.97589355815703,
            77.90767641129263,
            82.37622533482048,
            47.413196807034346,
            80.94367981761523,
            51.91103727328025,
            61.60312456156392,
            73.14622216685672,
            17.602567506321503,
            0.0,
            34.58572409935756,
            70.01298383468759,
            79.75278057864699,
            67.48341340480854,
            64.087688221709,
            67.10199921950242,
            52.34089882560889,
            76.36605223793673,
            41.69812084367223,
            86.14241141624517,
            40.81551803758346,
            56.74573932098391,
            41.34423187616215,
            64.34241670661838
        ],
        [
            30.011316862018255,
            29.852360225173236,
            43.701692659502356,
            57.65024290256299,
            14.633399326681815,
            53.01091701316031,
            33.00967577681204,
            60.646775480027415,
            39.422814894345834,
            38.43377758996363,
            34.58572409935756,
            0.0,
            54.87859339775034,
            49.11941275104986,
            35.67692793501587,
            30.552823527160562,
            32.81132043973603,
            58.34342882245564,
            46.202145871867394,
            17.131426525073344,
            51.6340671270251,
            13.433445178435687,
            55.26207690401487,
            8.124563749241757,
            30.011316862018255
        ],
        [
            62.396624139605684,
            33.05541214503,
            70.64972309651183,
            23.64386629113526,
            62.202521784862846,
            31.081866699189757,
            21.86950963166898,
            26.054107247103452,
            71.37342435499562,
            57.23209991278909,
            70.01298383468759,
            54.87859339775034,
            0.0,
            38.946585220109355,
            75.75751300767917,
            46.99701039528546,
            52.74638701547962,
            36.99492717863495,
            86.74490487302555,
            70.99439374371758,
            64.53272879554842,
            66.97564605083286,
            24.934084106868337,
            58.982883607993166,
            62.396624139605684
        ],
        [
            35.6350432324023,
            50.19727587198953,
            37.55472041357036,
            19.900989609736232,
            46.22471471104772,
            9.804627752117646,
            34.06492610628299,
            62.88622419231443,
            40.75973958514551,
            74.79399131405332,
            79.75278057864699,
            49.11941275104986,
            38.946585220109355,
            0.0,
            48.860729932781425,
            21.228246554386157,
            23.92579309748432,
            70.51927478613095,
            57.69299179119515,
            58.180286983204724,
            27.004516806423702,
            54.737094931639405,
            59.86934276417744,
            47.41319824489122,
            35.6350432324023
        ],
        [
            13.783018282766683,
            62.12566643513069,
            16.461637150955934,
            66.57460237360446,
            21.055845263812277,
            57.627888927733515,
            56.971477542917306,
            90.15857038706052,
            10.357737875033733,
            74.03764664122274,
            67.48341340480854,
            35.67692793501587,
            75.75751300767917,
            48.860729932781425,
            0.0,
            29.901800362224858,
            25.281877873720802,
            90.96493380166346,
            11.39432187128346,
            26.64430890865003,
            31.748479326778607,
            26.71866210321885,
            85.18130349831858,
            27.591388317287226,
            13.783018282766683
        ],
        [
            16.119598450385343,
            42.62577345614723,
            24.065898465684853,
            36.898173958177246,
            25.14282972112283,
            28.585181168590402,
            31.387649593529172,
            65.12035587636848,
            24.382664142684217,
            63.12771898742278,
            64.087688221709,
            30.552823527160562,
            46.99701039528546,
            21.228246554386157,
            29.901800362224858,
            0.0,
            5.923231432321716,
            68.9903572741865,
            40.25710232572011,
            37.17548157972838,
            23.708779695390625,
            33.91051599765901,
            60.76099408171993,
            27.12744864882767,
            16.119598450385343
        ],
        [
            11.740123577208106,
            47.92853071077325,
            18.14610318039544,
            41.331490385452504,
            24.70319360081202,
            32.37026896463689,
            37.259340538210374,
            71.02517148013165,
            18.77347887902657,
            67.39251185172013,
            67.10199921950242,
            32.81132043973603,
            52.74638701547962,
            23.92579309748432,
            25.281877873720802,
            5.923231432321716,
            0.0,
            74.71431043666863,
            35.092552645908164,
            36.64061979693121,
            19.274447078131583,
            33.813804681196075,
            66.63585210299368,
            28.03410150922888,
            11.740123577208106
        ],
        [
            80.27493623443465,
            28.948682960583984,
            92.25310930863235,
            59.81606494758424,
            71.55505514925265,
            65.13763806226227,
            38.06401658004001,
            13.200680137081449,
            90.61427495090817,
            34.94041702842016,
            52.34089882560889,
            58.34342882245564,
            36.99492717863495,
            70.51927478613095,
            90.96493380166346,
            68.9903572741865,
            74.71431043666863,
            0.0,
            102.28421416084505,
            75.00280588856415,
            91.51898267900606,
            71.63274656396871,
            12.094008666210462,
            65.78219562230251,
            80.27493623443465
        ],
        [
            24.364304004261104,
            73.40409847004852,
            21.230604651493223,
            76.27687948530831,
            31.63057240803686,
            66.92326533541814,
            68.30121677277363,
            101.55002127283463,
            16.938953922719964,
            84.23148508319458,
            76.36605223793673,
            46.202145871867394,
            86.74490487302555,
            57.69299179119515,
            11.39432187128346,
            40.25710232572011,
            35.092552645908164,
            102.28421416084505,
            0.0,
            34.70175227990324,
            36.569957900485875,
            35.75307613053271,
            96.57561971374136,
            38.079832246089666,
            24.364304004261104
        ],
        [
            28.343736085134985,
            46.870277401783866,
            40.07749153033055,
            70.4990970286091,
            12.052154819734206,
            64.16185132140667,
            49.278887623506364,
            77.76253880642496,
            34.3336001840244,
            51.05081854342281,
            41.69812084367223,
            17.131426525073344,
            70.99439374371758,
            58.180286983204724,
            26.64430890865003,
            37.17548157972838,
            36.64061979693121,
            75.00280588856415,
            34.70175227990324,
            0.0,
            52.33004893303303,
            4.025008011017486,
            72.3691331833335,
            12.169330867791702,
            28.343736085134985
        ],
        [
            23.98644675647646,
            66.17290956796406,
            15.646255128466962,
            46.86305259373552,
            41.321793369027674,
            36.74089086655373,
            53.459407552602606,
            86.17896106302453,
            21.425011186249247,
            86.61211434784128,
            86.14241141624517,
            51.6340671270251,
            64.53272879554842,
            27.004516806423702,
            31.748479326778607,
            23.708779695390625,
            19.274447078131583,
            91.51898267900606,
            36.569957900485875,
            52.33004893303303,
            0.0,
            50.300100518148454,
            82.32516610949841,
            45.94421215771899,
            23.98644675647646
        ],
        [
            26.426398070459044,
            43.278524080669534,
            38.884408184140476,
            66.64192997705626,
            9.142203600513831,
            60.473150374522326,
            45.27489769247066,
            74.06274516631395,
            33.41789107634375,
            48.91520887707542,
            40.81551803758346,
            13.433445178435687,
            66.97564605083286,
            54.737094931639405,
            26.71866210321885,
            33.91051599765901,
            33.813804681196075,
            71.63274656396871,
            35.75307613053271,
            4.025008011017486,
            50.300100518148454,
            0.0,
            68.68517916149392,
            8.170077971907856,
            26.426398070459044
        ],
        [
            73.4850619172656,
            25.634391289491802,
            84.59657170924505,
            48.00071688093363,
            67.10420334775483,
            53.84077422391428,
            29.3765526569961,
            5.434076815477242,
            83.62154639892388,
            40.50264536881173,
            56.74573932098391,
            55.26207690401487,
            24.934084106868337,
            59.86934276417744,
            85.18130349831858,
            60.76099408171993,
            66.63585210299368,
            12.094008666210462,
            96.57561971374136,
            72.3691331833335,
            82.32516610949841,
            68.68517916149392,
            0.0,
            61.93718572068254,
            73.4850619172656
        ],
        [
            23.075482974480327,
            36.974895892018374,
            36.56663427027664,
            58.590758717190354,
            6.536071860196683,
            52.68687391685811,
            37.40116417941302,
            67.25013399876414,
            31.89351030277485,
            46.45571701707228,
            41.34423187616215,
            8.124563749241757,
            58.982883607993166,
            47.41319824489122,
            27.591388317287226,
            27.12744864882767,
            28.03410150922888,
            65.78219562230251,
            38.079832246089666,
            12.169330867791702,
            45.94421215771899,
            8.170077971907856,
            61.93718572068254,
            0.0,
            23.075482974480327
        ],
        [
            0.0,
            52.00305671253858,
            13.710175313268326,
            52.85182591729713,
            17.66544728820522,
            44.07495909173058,
            44.56882070525688,
            78.25308067247245,
            10.39176431302292,
            67.70071122751587,
            64.34241670661838,
            30.011316862018255,
            62.396624139605684,
            35.6350432324023,
            13.783018282766683,
            16.119598450385343,
            11.740123577208106,
            80.27493623443465,
            24.364304004261104,
            28.343736085134985,
            23.98644675647646,
            26.426398070459044,
            73.4850619172656,
            23.075482974480327,
            0.0
        ]
    ],
    "scores_ave": [
        0,
        13.017306280455767,
        13.702674616018275,
        13.32205202235398,
        13.446274765228674,
        11.770316184872712,
        16.519914918443483,
        16.75214092574913,
        16.423191126324163,
        14.417791284628802,
        18.275542879318657,
        17.883771516608633,
        15.75157354855066,
        16.9558300973526,
        15.112258613490562,
        10.737807859635037,
        16.546062271981967,
        10.073526825648653,
        19.5763274716694,
        16.109023227666878,
        15.062143316033485,
        11.001974933920653,
        14.35130378500321,
        11.368116711794498,
        0
    ],
    "scores_var": [
        0,
        18.016525343120264,
        389.47974385090737,
        245.98947504304675,
        383.30784441627316,
        16.0215333154356,
        19.10046921120224,
        21.346717184509092,
        305.08185468034566,
        257.4395104530724,
        16.122374631672653,
        360.0875424991747,
        235.69209943560233,
        19.815426888985183,
        358.18999821568576,
        272.93577387547623,
        22.85257108533424,
        315.6380250570644,
        19.07414705354663,
        310.03908156201186,
        339.2588260591664,
        24.339900646849088,
        20.592087312947612,
        244.56211280230102,
        0
    ],
    "vertex_number": 25,
    "minimum_distances": {
        "cost": 380.6659201955288,
        "path": [
            0,
            14,
            18,
            8,
            2,
            20,
            16,
            15,
            13,
            5,
            3,
            12,
            22,
            7,
            17,
            6,
            1,
            9,
            10,
            11,
            23,
            21,
            19,
            4,
            24
        ]
    }
}