{
    "vertices": [
        [
            37.86715354378541,
            75.37460005638752
        ],
        [
            79.93961725748122,
            97.43650190682456
        ],
        [
            40.40101104620696,
            19.13409857980959
        ],
        [
            73.27253940014852,
            90.43226853610848
        ],
        [
            86.79004710510262,
            0.4160718758237536
        ],
        [
            33.59654698290212,
            43.629449800677136
        ],
        [
            0.8449155687905385,
            41.928244225972556
        ],
        [
            53.36109633846375,
            65.13785127799818
        ],
        [
            67.67354291222955,
            94.81030618873973
        ],
        [
            89.46431499918171,
            31.56465383857564
        ],
        [
            68.9933657434683,
            16.29685114868825
        ],
        [
            72.79555138062209,
            16.95343518622765
        ],
        [
            79.7862242723614,
            87.73922084069592
        ],
        [
            9.628587150065837,
            28.094260728343766
        ],
        [
            2.5047726719887864,
            62.16436975647978
        ],
        [
            56.784824102005636,
            82.24611439699994
        ],
        [
            60.54103071682756,
            62.36725621827468
        ],
        [
            83.444373030829,
            62.49913353051485
        ],
        [
            66.3447080397331,
            18.412845900655906
        ],
        [
            80.21339974524734,
            50.32123424585973
        ],
        [
            57.662712146752106,
            95.42307795458653
        ],
        [
            81.92831907025541,
            69.64657914438538
        ],
        [
            37.86715354378541,
            75.37460005638752
        ]
    ],
    "distances": [
        [
            0.0,
            47.505996634094174,
            56.29755270151219,
            38.474338560697035,
            89.51106334642856,
            32.03111994850459,
            49.89293359797443,
            18.57022587037165,
            35.583247744499836,
            67.6873581835028,
            66.77590509982512,
            68.06633147331168,
            43.70460316588067,
            55.071291240967554,
            37.74928033086999,
            20.126996017354266,
            26.139925397389597,
            47.360960446648605,
            63.68369137045746,
            49.2023953257456,
            28.174556011374214,
            44.43193143584152,
            0.0
        ],
        [
            47.505996634094174,
            0.0,
            87.71868528379082,
            9.670016146170012,
            97.26197732154897,
            71.01323129409224,
            96.62886994054537,
            41.828466463470015,
            12.544061694400591,
            66.55689472171328,
            81.87468074661642,
            80.79951550600386,
            9.698494186386924,
            98.75215119895094,
            85.08982584546023,
            27.692820708109434,
            40.07689050985747,
            35.11271880804419,
            80.18453569872489,
            47.11606311667992,
            22.367708361025155,
            27.860989609891217,
            47.505996634094174
        ],
        [
            56.29755270151219,
            87.71868528379082,
            0.0,
            78.51093182125192,
            50.023066580974906,
            25.422882657607186,
            45.65367197889972,
            47.79444604866412,
            80.44053326808017,
            50.61350115160207,
            28.73278128061061,
            32.46785389141322,
            79.10662311905882,
            32.05037563230456,
            57.338722696388515,
            65.20395594407324,
            47.694090951871146,
            61.10038680086317,
            25.95372071821464,
            50.57334994813073,
            78.2174833328822,
            65.39134502754051,
            56.29755270151219
        ],
        [
            38.474338560697035,
            9.670016146170012,
            78.51093182125192,
            0.0,
            91.0254836610965,
            61.35705514343918,
            87.16880788524615,
            32.19119614469307,
            7.107459135273721,
            61.053825901630695,
            74.2588138768122,
            73.48038151799656,
            7.0484463894011276,
            89.08748439288057,
            76.2046646151439,
            18.408092658987204,
            30.81779079936847,
            29.72753320830645,
            72.35186303131587,
            40.707132227211446,
            16.388254499257894,
            22.51593669352057,
            38.474338560697035
        ],
        [
            89.51106334642856,
            97.26197732154897,
            50.023066580974906,
            91.0254836610965,
            0.0,
            68.53425776155126,
            95.44540894156431,
            72.84506488666268,
            96.31049892964847,
            31.263171097308323,
            23.85206527328367,
            21.664032308016825,
            87.6035722982441,
            81.97544169169512,
            104.48377758017529,
            87.15772637284134,
            67.28268798721012,
            62.17314596698033,
            27.237763579244127,
            50.336641938805826,
            99.37169036413748,
            69.40100529637294,
            89.51106334642856
        ],
        [
            32.03111994850459,
            71.01323129409224,
            25.422882657607186,
            61.35705514343918,
            68.53425776155126,
            0.0,
            32.795784190856395,
            29.210421861692755,
            61.48757364039409,
            57.15563668377751,
            44.72142358466549,
            47.41488902742251,
            63.86828782194861,
            28.562303794715152,
            36.19726077438431,
            45.04378958632623,
            32.819363080826726,
            53.29981919076723,
            41.33181782664183,
            47.09470183074696,
            57.111822095247,
            54.88944536421467,
            32.03111994850459
        ],
        [
            49.89293359797443,
            96.62886994054537,
            45.65367197889972,
            87.16880788524615,
            95.44540894156431,
            32.795784190856395,
            0.0,
            57.41633131908057,
            85.2207598537011,
            89.22332632849417,
            72.8091997778632,
            76.16190045093767,
            91.27089239306913,
            16.386945592768928,
            20.304085847175784,
            68.95508699024526,
            63.09817251703225,
            85.12245214867129,
            69.59307991556955,
            79.81101779793565,
            78.03819092999707,
            85.69028191125683,
            49.89293359797443
        ],
        [
            18.57022587037165,
            41.828466463470015,
            47.79444604866412,
            32.19119614469307,
            72.84506488666268,
            29.210421861692755,
            57.41633131908057,
            0.0,
            32.94390243059997,
            49.301135726979574,
            51.28168425843572,
            51.95609682116766,
            34.77224888373625,
            57.31282544704766,
            50.943176669972914,
            17.447480584538372,
            7.695950536650731,
            30.19878090089548,
            48.495363699244514,
            30.66884964466416,
            30.589195043584507,
            28.920837497917148,
            18.57022587037165
        ],
        [
            35.583247744499836,
            12.544061694400591,
            80.44053326808017,
            7.107459135273721,
            96.31049892964847,
            61.48757364039409,
            85.2207598537011,
            32.94390243059997,
            0.0,
            66.8943218019535,
            78.52454746531205,
            78.02517115041844,
            14.025594380681529,
            88.43216389586519,
            72.88844750826051,
            16.625977045206863,
            33.21782987498808,
            35.95456801547395,
            76.4090160948805,
            46.22256517904794,
            10.029567381101176,
            28.920784949205526,
            35.583247744499836
        ],
        [
            67.6873581835028,
            66.55689472171328,
            50.61350115160207,
            61.053825901630695,
            31.263171097308323,
            57.15563668377751,
            89.22332632849417,
            49.301135726979574,
            66.8943218019535,
            0.0,
            25.537532425967193,
            22.166086507954866,
            57.00217029194824,
            79.9111198115609,
            92.18624960378469,
            60.30389348652152,
            42.253481359998204,
            31.51478597600392,
            26.59861421193429,
            20.913840910038232,
            71.338911363743,
            38.820410477454594,
            67.6873581835028
        ],
        [
            66.77590509982512,
            81.87468074661642,
            28.73278128061061,
            74.2588138768122,
            23.85206527328367,
            44.72142358466549,
            72.8091997778632,
            51.28168425843572,
            78.52454746531205,
            25.537532425967193,
            0.0,
            3.8584606020704766,
            72.25301365641572,
            60.52566241053329,
            80.77476259241432,
            67.0697682417827,
            46.839344473192114,
            48.40952911265917,
            3.3901064027417283,
            35.82663545665663,
            79.93336899860554,
            54.89541415073787,
            66.77590509982512
        ],
        [
            68.06633147331168,
            80.79951550600386,
            32.46785389141322,
            73.48038151799656,
            21.664032308016825,
            47.41488902742251,
            76.16190045093767,
            51.95609682116766,
            78.02517115041844,
            22.166086507954866,
            3.8584606020704766,
            0.0,
            71.1301409966241,
            64.14190022024792,
            83.5752485858204,
            67.2270581426188,
            47.0381591628559,
            46.774010307078875,
            6.6138687197494095,
            34.182371018473205,
            79.91550324856881,
            53.47873283715635,
            68.06633147331168
        ],
        [
            43.70460316588067,
            9.698494186386924,
            79.10662311905882,
            7.0484463894011276,
            87.6035722982441,
            63.86828782194861,
            91.27089239306913,
            34.77224888373625,
            14.025594380681529,
            57.00217029194824,
            72.25301365641572,
            71.1301409966241,
            0.0,
            92.08482672725069,
            81.40329090055613,
            23.648226745331588,
            31.84515761919473,
            25.50380480956992,
            70.61742434384745,
            37.42042489999247,
            23.419894297768906,
            18.219008032114132,
            43.70460316588067
        ],
        [
            55.071291240967554,
            98.75215119895094,
            32.05037563230456,
            89.08748439288057,
            81.97544169169512,
            28.562303794715152,
            16.386945592768928,
            57.31282544704766,
            88.43216389586519,
            79.9111198115609,
            60.52566241053329,
            64.14190022024792,
            92.08482672725069,
            0.0,
            34.80691112275169,
            71.80622493362984,
            61.37357028714822,
            81.43995037896478,
            57.53649417402077,
            74.00171701281836,
            82.70699361772307,
            83.38972599474944,
            55.071291240967554
        ],
        [
            37.74928033086999,
            85.08982584546023,
            57.338722696388515,
            76.2046646151439,
            104.48377758017529,
            36.19726077438431,
            20.304085847175784,
            50.943176669972914,
            72.88844750826051,
            92.18624960378469,
            80.77476259241432,
            83.5752485858204,
            81.40329090055613,
            34.80691112275169,
            0.0,
            57.87573283382539,
            58.03661267478911,
            80.94029264237417,
            77.39336655983185,
            78.60591949932068,
            64.4091605139243,
            79.7752040411184,
            37.74928033086999
        ],
        [
            20.126996017354266,
            27.692820708109434,
            65.20395594407324,
            18.408092658987204,
            87.15772637284134,
            45.04378958632623,
            68.95508699024526,
            17.447480584538372,
            16.625977045206863,
            60.30389348652152,
            67.0697682417827,
            67.2270581426188,
            23.648226745331588,
            71.80622493362984,
            57.87573283382539,
            0.0,
            20.230622596032582,
            33.17641937324845,
            64.54515898058635,
            39.5991935440075,
            13.206174919978675,
            28.123720020656563,
            20.126996017354266
        ],
        [
            26.139925397389597,
            40.07689050985747,
            47.694090951871146,
            30.81779079936847,
            67.28268798721012,
            32.819363080826726,
            63.09817251703225,
            7.695950536650731,
            33.21782987498808,
            42.253481359998204,
            46.839344473192114,
            47.0381591628559,
            31.84515761919473,
            61.37357028714822,
            58.03661267478911,
            20.230622596032582,
            0.0,
            22.903721985254116,
            44.33590933812005,
            23.06748249268294,
            33.18089915077149,
            22.592136804102253,
            26.139925397389597
        ],
        [
            47.360960446648605,
            35.11271880804419,
            61.10038680086317,
            29.72753320830645,
            62.17314596698033,
            53.29981919076723,
            85.12245214867129,
            30.19878090089548,
            35.95456801547395,
            31.51478597600392,
            48.40952911265917,
            46.774010307078875,
            25.50380480956992,
            81.43995037896478,
            80.94029264237417,
            33.17641937324845,
            22.903721985254116,
            0.0,
            47.286354266218964,
            12.599222966490672,
            41.81722317874421,
            7.306462784043182,
            47.360960446648605
        ],
        [
            63.68369137045746,
            80.18453569872489,
            25.95372071821464,
            72.35186303131587,
            27.237763579244127,
            41.33181782664183,
            69.59307991556955,
            48.495363699244514,
            76.4090160948805,
            26.59861421193429,
            3.3901064027417283,
            6.6138687197494095,
            70.61742434384745,
            57.53649417402077,
            77.39336655983185,
            64.54515898058635,
            44.33590933812005,
            47.286354266218964,
            0.0,
            34.79203725582821,
            77.49808316136588,
            53.551324491932476,
            63.68369137045746
        ],
        [
            49.2023953257456,
            47.11606311667992,
            50.57334994813073,
            40.707132227211446,
            50.336641938805826,
            47.09470183074696,
            79.81101779793565,
            30.66884964466416,
            46.22256517904794,
            20.913840910038232,
            35.82663545665663,
            34.182371018473205,
            37.42042489999247,
            74.00171701281836,
            78.60591949932068,
            39.5991935440075,
            23.06748249268294,
            12.599222966490672,
            34.79203725582821,
            0.0,
            50.42528945966841,
            19.40128613618844,
            49.2023953257456
        ],
        [
            28.174556011374214,
            22.367708361025155,
            78.2174833328822,
            16.388254499257894,
            99.37169036413748,
            57.111822095247,
            78.03819092999707,
            30.589195043584507,
            10.029567381101176,
            71.338911363743,
            79.93336899860554,
            79.91550324856881,
            23.419894297768906,
            82.70699361772307,
            64.4091605139243,
            13.206174919978675,
            33.18089915077149,
            41.81722317874421,
            77.49808316136588,
            50.42528945966841,
            0.0,
            35.40123684672999,
            28.174556011374214
        ],
        [
            44.43193143584152,
            27.860989609891217,
            65.39134502754051,
            22.51593669352057,
            69.40100529637294,
            54.88944536421467,
            85.69028191125683,
            28.920837497917148,
            28.920784949205526,
            38.820410477454594,
            54.89541415073787,
            53.47873283715635,
            18.219008032114132,
            83.38972599474944,
            79.7752040411184,
            28.123720020656563,
            22.592136804102253,
            7.306462784043182,
            53.551324491932476,
            19.40128613618844,
            35.40123684672999,
            0.0,
            44.43193143584152
        ],
        [
            0.0,
            47.505996634094174,
            56.29755270151219,
            38.474338560697035,
            89.51106334642856,
            32.03111994850459,
            49.89293359797443,
            18.57022587037165,
            35.583247744499836,
            67.6873581835028,
            66.77590509982512,
            68.06633147331168,
            43.70460316588067,
            55.071291240967554,
            37.74928033086999,
            20.126996017354266,
            26.139925397389597,
            47.360960446648605,
            63.68369137045746,
            49.2023953257456,
            28.174556011374214,
            44.43193143584152,
            0.0
        ]
    ],
    "scores_ave": [
        0,
        13.345538450267025,
        17.319829257267905,
        13.44135691738032,
        12.328265909236112,
        11.459320856496847,
        12.166440091298512,
        14.700299934298496,
        15.362682762560251,
        11.889447034160721,
        11.189233667511271,
        11.184142633785592,
        13.02007834694159,
        18.07088094851565,
        13.284743184628471,
        12.953827362516801,
        12.130489235829042,
        15.040088009336113,
        11.675190915227619,
        18.464600338512973,
        11.141834273611689,
        14.2009296656612,
        0
    ],
    "scores_var": [
        0,
        389.01437375811577,
        22.75659403960901,
        19.554508713759947,
        17.323547623402423,
        252.50770034590568,
        383.09629604108056,
        374.0322053828898,
        371.8421186346998,
        386.6007765033686,
        306.84786963696394,
        385.9543655065557,
        353.4576475455856,
        329.60671814661094,
        397.9047405769178,
        21.70096767154669,
        392.9068618947222,
        245.82650772929063,
        16.827805791590112,
        20.43408667291069,
        24.252462521420007,
        21.45318406486643,
        0
    ],
    "vertex_number": 23,
    "minimum_distances": {
        "cost": 378.34632438814174,
        "path": [
            0,
            5,
            14,
            6,
            13,
            2,
            18,
            10,
            11,
            4,
            9,
            19,
            17,
            21,
            12,
            1,
            3,
            8,
            20,
            15,
            16,
            7,
            22
        ]
    }
}