{
    "vertices": [
        [
            10.942787411057964,
            1.8403464633646505
        ],
        [
            65.42184655857949,
            75.01769693324279
        ],
        [
            73.06583715453566,
            88.44153338962418
        ],
        [
            23.05267360425256,
            30.166085146223164
        ],
        [
            61.90591004844931,
            5.092979010269549
        ],
        [
            97.75070942867396,
            85.75328620325548
        ],
        [
            18.32385026953567,
            11.181872089336476
        ],
        [
            34.98808298636503,
            8.411004610710703
        ],
        [
            16.49425158641157,
            50.86611684547313
        ],
        [
            48.35274883698094,
            55.772502444743964
        ],
        [
            14.569692647286459,
            96.6603665853454
        ],
        [
            47.875528987403115,
            70.00349629108766
        ],
        [
            45.35177597134714,
            1.7600431891896196
        ],
        [
            94.101996715378,
            25.415213159126715
        ],
        [
            14.60935557961296,
            39.30774578646194
        ],
        [
            80.60806721803313,
            49.746613745092624
        ],
        [
            87.88837667152963,
            70.85664778547167
        ],
        [
            54.820250603779776,
            12.38768347128386
        ],
        [
            91.11726507242065,
            88.9895956326015
        ],
        [
            74.78181418029503,
            87.08832119078676
        ],
        [
            10.942787411057964,
            1.8403464633646505
        ]
    ],
    "distances": [
        [
            0.0,
            91.22988823510924,
            106.57879191690787,
            30.805791915510177,
            51.06681395425972,
            120.73523421440424,
            11.905636897767687,
            24.92688885106135,
            49.33908102153362,
            65.63674780706974,
            94.88936008597284,
            77.52575310683352,
            34.40908226555824,
            86.43626803514054,
            37.64637743755821,
            84.54739295479489,
            103.36282482026641,
            45.12735416781356,
            118.41848883951388,
            106.50182408752708,
            0.0
        ],
        [
            91.22988823510924,
            0.0,
            15.447652813250967,
            61.69938327671668,
            70.01305582640028,
            34.064765542240046,
            79.32990475189462,
            73.23022208977589,
            54.56380091687586,
            25.724144454765185,
            55.26614431175635,
            18.24871141720318,
            75.95716928282727,
            57.297097741316335,
            62.105634610661774,
            29.48302805717253,
            22.848617142537577,
            63.520960501506764,
            29.24839287664526,
            15.274454616986237,
            91.22988823510924
        ],
        [
            106.57879191690787,
            15.447652813250967,
            0.0,
            76.79416902523704,
            84.09236285264791,
            24.830819401009325,
            94.68759365594146,
            88.62731463338001,
            67.91359379504259,
            40.963426578703114,
            59.07070459468102,
            31.21718817578088,
            91.00412040470228,
            66.44424016321078,
            76.36287921727373,
            39.42311556216073,
            22.99860603262681,
            78.21182465575495,
            18.059745903438817,
            2.1853513237043605,
            106.57879191690787
        ],
        [
            30.805791915510177,
            61.69938327671668,
            76.79416902523704,
            0.0,
            46.2410492256983,
            93.11140358399436,
            19.564307182219103,
            24.814059043720587,
            21.714147731699143,
            35.996977840475736,
            67.03320393671665,
            46.93818782289939,
            36.11306115580501,
            71.207984799367,
            12.44425885806362,
            60.794904673404645,
            76.54665427127907,
            36.403990365568106,
            89.9610693448543,
            76.91583023701283,
            30.805791915510177
        ],
        [
            51.06681395425972,
            70.01305582640028,
            84.09236285264791,
            46.2410492256983,
            0.0,
            88.26627214896646,
            44.00534687400056,
            27.121554299660993,
            64.47789444106645,
            52.460482978805025,
            103.07911498055418,
            66.40953882072627,
            16.88632038752413,
            38.073365985493844,
            58.374774776206564,
            48.41195903727522,
            70.71031539028785,
            10.1695271738354,
            88.83662275779648,
            83.0001508824688,
            51.06681395425972
        ],
        [
            120.73523421440424,
            34.064765542240046,
            24.830819401009325,
            93.11140358399436,
            88.26627214896646,
            0.0,
            108.94733479454734,
            99.60409529671611,
            88.42921760860465,
            57.78413195154085,
            83.89306261692226,
            52.30286327082628,
            98.99754087594948,
            60.44829330215028,
            95.23483052152072,
            39.87920063731805,
            17.865481901220434,
            85.00315264236625,
            7.3808050204556155,
            23.00766105776371,
            120.73523421440424
        ],
        [
            11.905636897767687,
            79.32990475189462,
            94.68759365594146,
            19.564307182219103,
            44.00534687400056,
            108.94733479454734,
            0.0,
            16.893026923105047,
            39.726398190702476,
            53.75926956968913,
            85.56089481040343,
            65.82769317525945,
            28.62306111453287,
            77.10327798982675,
            28.37009414908802,
            73.25682889576036,
            91.65316245453705,
            36.51631441487828,
            106.55009658207746,
            94.60069082274013,
            11.905636897767687
        ],
        [
            24.92688885106135,
            73.23022208977589,
            88.62731463338001,
            24.814059043720587,
            27.121554299660993,
            99.60409529671611,
            16.893026923105047,
            0.0,
            46.30829682374616,
            49.211033014779886,
            90.58068531960375,
            62.92631640122419,
            12.314277084649717,
            61.51095759878244,
            37.01217564532069,
            61.56147775848176,
            81.84069539957633,
            20.22693370645594,
            98.2007862123452,
            88.16836840146395,
            24.92688885106135
        ],
        [
            49.33908102153362,
            54.56380091687586,
            67.91359379504259,
            21.714147731699143,
            64.47789444106645,
            88.42921760860465,
            39.726398190702476,
            46.30829682374616,
            0.0,
            32.23408858201622,
            45.83467286179708,
            36.75627651658166,
            56.957555983060686,
            81.67441828659874,
            11.711053517691425,
            64.12358881127383,
            74.14001904459239,
            54.309041932363634,
            83.79733752671216,
            68.62570976514225,
            49.33908102153362
        ],
        [
            65.63674780706974,
            25.724144454765185,
            40.963426578703114,
            35.996977840475736,
            52.460482978805025,
            57.78413195154085,
            53.75926956968913,
            49.211033014779886,
            32.23408858201622,
            0.0,
            53.03878127838474,
            14.238993104833753,
            54.095763170263055,
            54.904996987611874,
            37.54603574730399,
            32.81336463216823,
            42.315450002713405,
            43.864234821360434,
            54.14959952485335,
            40.97775004384905,
            65.63674780706974
        ],
        [
            94.88936008597284,
            55.26614431175635,
            59.07070459468102,
            67.03320393671665,
            103.07911498055418,
            83.89306261692226,
            85.56089481040343,
            90.58068531960375,
            45.83467286179708,
            53.03878127838474,
            0.0,
            42.65990469046451,
            99.76777051966415,
            106.77667946281532,
            57.35263451358377,
            81.00596966583738,
            77.72683790654145,
            93.39160848305409,
            76.93095327103795,
            60.96821821688154,
            94.88936008597284
        ],
        [
            77.52575310683352,
            18.24871141720318,
            31.21718817578088,
            46.93818782289939,
            66.40953882072627,
            52.30286327082628,
            65.82769317525945,
            62.92631640122419,
            36.75627651658166,
            14.238993104833753,
            42.65990469046451,
            0.0,
            68.2901033866329,
            64.22617310148111,
            45.26441640228442,
            38.493640377364855,
            40.02194207263658,
            58.032844538378754,
            47.22626078626319,
            31.872235954426117,
            77.52575310683352
        ],
        [
            34.40908226555824,
            75.95716928282727,
            91.00412040470228,
            36.11306115580501,
            16.88632038752413,
            98.99754087594948,
            28.62306111453287,
            12.314277084649717,
            56.957555983060686,
            54.095763170263055,
            99.76777051966415,
            68.2901033866329,
            0.0,
            54.1862629168902,
            48.52758372178986,
            59.54592367398296,
            81.14002197351016,
            14.233718763226022,
            98.50621712429334,
            90.26096706604677,
            34.40908226555824
        ],
        [
            86.43626803514054,
            57.297097741316335,
            66.44424016321078,
            71.207984799367,
            38.073365985493844,
            60.44829330215028,
            77.10327798982675,
            61.51095759878244,
            81.67441828659874,
            54.904996987611874,
            106.77667946281532,
            64.22617310148111,
            54.1862629168902,
            0.0,
            80.69747491428154,
            27.822709928295197,
            45.864289539354,
            41.38565098368864,
            63.64440847289045,
            64.62848990556515,
            86.43626803514054
        ],
        [
            37.64637743755821,
            62.105634610661774,
            76.36287921727373,
            12.44425885806362,
            58.374774776206564,
            95.23483052152072,
            28.37009414908802,
            37.01217564532069,
            11.711053517691425,
            37.54603574730399,
            57.35263451358377,
            45.26441640228442,
            48.52758372178986,
            80.69747491428154,
            0.0,
            66.81915819724956,
            79.78187857861387,
            48.390141906153104,
            91.22360669856248,
            76.83559175290554,
            37.64637743755821
        ],
        [
            84.54739295479489,
            29.48302805717253,
            39.42311556216073,
            60.794904673404645,
            48.41195903727522,
            39.87920063731805,
            73.25682889576036,
            61.56147775848176,
            64.12358881127383,
            32.81336463216823,
            81.00596966583738,
            38.493640377364855,
            59.54592367398296,
            27.822709928295197,
            66.81915819724956,
            0.0,
            22.330168896016716,
            45.394946380997816,
            40.62579066265682,
            37.79349599361722,
            84.54739295479489
        ],
        [
            103.36282482026641,
            22.848617142537577,
            22.99860603262681,
            76.54665427127907,
            70.71031539028785,
            17.865481901220434,
            91.65316245453705,
            81.84069539957633,
            74.14001904459239,
            42.315450002713405,
            77.72683790654145,
            40.02194207263658,
            81.14002197351016,
            45.864289539354,
            79.78187857861387,
            22.330168896016716,
            0.0,
            67.17232130577567,
            18.418184436369923,
            20.862626916892584,
            103.36282482026641
        ],
        [
            45.12735416781356,
            63.520960501506764,
            78.21182465575495,
            36.403990365568106,
            10.1695271738354,
            85.00315264236625,
            36.51631441487828,
            20.22693370645594,
            54.309041932363634,
            43.864234821360434,
            93.39160848305409,
            58.032844538378754,
            14.233718763226022,
            41.38565098368864,
            48.390141906153104,
            45.394946380997816,
            67.17232130577567,
            0.0,
            84.76630348261595,
            77.32172589977333,
            45.12735416781356
        ],
        [
            118.41848883951388,
            29.24839287664526,
            18.059745903438817,
            89.9610693448543,
            88.83662275779648,
            7.3808050204556155,
            106.55009658207746,
            98.2007862123452,
            83.79733752671216,
            54.14959952485335,
            76.93095327103795,
            47.22626078626319,
            98.50621712429334,
            63.64440847289045,
            91.22360669856248,
            40.62579066265682,
            18.418184436369923,
            84.76630348261595,
            0.0,
            16.445722858912152,
            118.41848883951388
        ],
        [
            106.50182408752708,
            15.274454616986237,
            2.1853513237043605,
            76.91583023701283,
            83.0001508824688,
            23.00766105776371,
            94.60069082274013,
            88.16836840146395,
            68.62570976514225,
            40.97775004384905,
            60.96821821688154,
            31.872235954426117,
            90.26096706604677,
            64.62848990556515,
            76.83559175290554,
            37.79349599361722,
            20.862626916892584,
            77.32172589977333,
            16.445722858912152,
            0.0,
            106.50182408752708
        ],
        [
            0.0,
            91.22988823510924,
            106.57879191690787,
            30.805791915510177,
            51.06681395425972,
            120.73523421440424,
            11.905636897767687,
            24.92688885106135,
            49.33908102153362,
            65.63674780706974,
            94.88936008597284,
            77.52575310683352,
            34.40908226555824,
            86.43626803514054,
            37.64637743755821,
            84.54739295479489,
            103.36282482026641,
            45.12735416781356,
            118.41848883951388,
            106.50182408752708,
            0.0
        ]
    ],
    "scores_ave": [
        0,
        19.83551388288177,
        16.08331414720242,
        13.753549322377834,
        17.839152133064808,
        14.813940058177083,
        12.079697893445154,
        13.521389849079055,
        14.806910814859856,
        13.270379313850494,
        12.427134804366098,
        18.171069178288626,
        17.790570876717908,
        18.364967948908507,
        16.03347890521571,
        15.786997161602484,
        13.026773378852512,
        17.616106190934126,
        19.037214719849008,
        19.36355143374753,
        0
    ],
    "scores_var": [
        0,
        23.939109877843855,
        19.87210171561409,
        256.24877473460907,
        24.381591206742925,
        250.08456678151651,
        241.50470718707493,
        339.82191884103025,
        17.026118293285954,
        21.123226235910746,
        399.72060461251635,
        313.58887993396735,
        17.272137702313653,
        22.39018689790802,
        23.77346035019543,
        17.878229843404288,
        288.39220909942367,
        20.317970347803787,
        16.440494898637933,
        21.266883240998794,
        0
    ],
    "vertex_number": 21,
    "minimum_distances": {
        "cost": 393.2786421677241,
        "path": [
            0,
            7,
            12,
            17,
            4,
            13,
            15,
            16,
            5,
            18,
            19,
            2,
            1,
            9,
            11,
            10,
            8,
            14,
            3,
            6,
            20
        ]
    }
}