{
    "vertices": [
        [
            13.601300719850961,
            85.59519538238284
        ],
        [
            61.00542202946981,
            54.9116841938609
        ],
        [
            68.56245212912249,
            21.473671637630886
        ],
        [
            10.855250248743397,
            19.349957148437046
        ],
        [
            74.60584283617959,
            24.886144797082153
        ],
        [
            83.61051242753274,
            79.62292929519633
        ],
        [
            57.873587361301105,
            61.29563629111665
        ],
        [
            94.5689244660437,
            85.64093872513224
        ],
        [
            60.640390258168296,
            90.15032313491935
        ],
        [
            46.32755734245586,
            7.829374349825702
        ],
        [
            81.13783201079805,
            11.544011658528719
        ],
        [
            54.765378709244686,
            58.20896868178905
        ],
        [
            56.63475962231145,
            13.023138607437945
        ],
        [
            14.680058469961788,
            76.05226579807902
        ],
        [
            85.19668213482005,
            63.236865295300774
        ],
        [
            13.601300719850961,
            85.59519538238284
        ]
    ],
    "distances": [
        [
            0.0,
            56.46794290562754,
            84.45293346936894,
            66.30212954243706,
            86.0647603946674,
            70.26348757460852,
            50.50251416011546,
            80.96763666773559,
            47.259127514542236,
            84.37138610569521,
            100.22355446558994,
            49.44175087527954,
            84.37168962190802,
            9.603708832237952,
            75.00529024167443,
            0.0
        ],
        [
            56.46794290562754,
            0.0,
            34.28132709854816,
            61.47907091107996,
            32.96216713426314,
            33.49083078042214,
            7.110782852035316,
            45.50599718561897,
            35.24052954500457,
            49.31717360129253,
            47.81285342654306,
            7.057635980455342,
            42.115946400659,
            50.921149824853714,
            25.583700003253668,
            56.46794290562754
        ],
        [
            84.45293346936894,
            34.28132709854816,
            0.0,
            57.746266650706005,
            6.940284165804699,
            60.06480071448272,
            41.231549799737614,
            69.23709099095501,
            69.13205859199653,
            26.087494986145042,
            16.023056090179352,
            39.24081145792011,
            14.617843788719942,
            76.69507993979578,
            44.95399818003386,
            84.45293346936894
        ],
        [
            66.30212954243706,
            61.47907091107996,
            57.746266650706005,
            0.0,
            63.99052608730675,
            94.47835384948445,
            63.00923760505874,
            106.78236506728081,
            86.55201898036741,
            37.29622499087949,
            70.7147373899622,
            58.635502545530464,
            46.21463092285099,
            56.83116191077183,
            86.32907506491325,
            66.30212954243706
        ],
        [
            86.0647603946674,
            32.96216713426314,
            6.940284165804699,
            63.99052608730675,
            0.0,
            55.47251257733358,
            40.0701814836266,
            63.95052473123618,
            66.74164247171102,
            33.02415553129174,
            14.855281864179435,
            38.78214290654119,
            21.53347969407894,
            78.79766221275277,
            39.78622424636589,
            86.0647603946674
        ],
        [
            70.26348757460852,
            33.49083078042214,
            60.06480071448272,
            94.47835384948445,
            55.47251257733358,
            0.0,
            31.595553179556934,
            12.502129094861383,
            25.26761827976998,
            80.8970535407181,
            68.12380769616064,
            35.924914034392295,
            71.85557291582631,
            69.02287389414073,
            16.46265554972797,
            70.26348757460852
        ],
        [
            50.50251416011546,
            7.110782852035316,
            41.231549799737614,
            63.00923760505874,
            40.0701814836266,
            31.595553179556934,
            0.0,
            44.03682000138502,
            28.98703418985863,
            54.698738332532066,
            54.922210741134386,
            4.380465495263093,
            48.28839122177976,
            45.644704539439374,
            27.391967400122688,
            50.50251416011546
        ],
        [
            80.96763666773559,
            45.50599718561897,
            69.23709099095501,
            106.78236506728081,
            63.95052473123618,
            12.502129094861383,
            44.03682000138502,
            0.0,
            34.22688973965064,
            91.55254803928318,
            75.30437467541257,
            48.34082369253208,
            81.92890671994137,
            80.46224927655163,
            24.285416046764794,
            80.96763666773559
        ],
        [
            47.259127514542236,
            35.24052954500457,
            69.13205859199653,
            86.55201898036741,
            66.74164247171102,
            25.26761827976998,
            28.98703418985863,
            34.22688973965064,
            0.0,
            83.5559441030446,
            81.23482825934816,
            32.47715943552472,
            77.23113148159285,
            48.07397756328119,
            36.432755641266546,
            47.259127514542236
        ],
        [
            84.37138610569521,
            49.31717360129253,
            26.087494986145042,
            37.29622499087949,
            33.02415553129174,
            80.8970535407181,
            54.698738332532066,
            91.55254803928318,
            83.5559441030446,
            0.0,
            35.00790986078195,
            51.08131120547936,
            11.541819873898167,
            75.20589805623406,
            67.68159953042839,
            84.37138610569521
        ],
        [
            100.22355446558994,
            47.81285342654306,
            16.023056090179352,
            70.7147373899622,
            14.855281864179435,
            68.12380769616064,
            54.922210741134386,
            75.30437467541257,
            81.23482825934816,
            35.00790986078195,
            0.0,
            53.601534559426064,
            24.547675511265908,
            92.61722580674657,
            51.85195638972566,
            100.22355446558994
        ],
        [
            49.44175087527954,
            7.057635980455342,
            39.24081145792011,
            58.635502545530464,
            38.78214290654119,
            35.924914034392295,
            4.380465495263093,
            48.34082369253208,
            32.47715943552472,
            51.08131120547936,
            53.601534559426064,
            0.0,
            45.224482578646175,
            43.87728513326759,
            30.843864422857223,
            49.44175087527954
        ],
        [
            84.37168962190802,
            42.115946400659,
            14.617843788719942,
            46.21463092285099,
            21.53347969407894,
            71.85557291582631,
            48.28839122177976,
            81.92890671994137,
            77.23113148159285,
            11.541819873898167,
            24.547675511265908,
            45.224482578646175,
            0.0,
            75.71570394044409,
            57.76851880993603,
            84.37168962190802
        ],
        [
            9.603708832237952,
            50.921149824853714,
            76.69507993979578,
            56.83116191077183,
            78.79766221275277,
            69.02287389414073,
            45.644704539439374,
            80.46224927655163,
            48.07397756328119,
            75.20589805623406,
            92.61722580674657,
            43.87728513326759,
            75.71570394044409,
            0.0,
            71.67167294781012,
            9.603708832237952
        ],
        [
            75.00529024167443,
            25.583700003253668,
            44.95399818003386,
            86.32907506491325,
            39.78622424636589,
            16.46265554972797,
            27.391967400122688,
            24.285416046764794,
            36.432755641266546,
            67.68159953042839,
            51.85195638972566,
            30.843864422857223,
            57.76851880993603,
            71.67167294781012,
            0.0,
            75.00529024167443
        ],
        [
            0.0,
            56.46794290562754,
            84.45293346936894,
            66.30212954243706,
            86.0647603946674,
            70.26348757460852,
            50.50251416011546,
            80.96763666773559,
            47.259127514542236,
            84.37138610569521,
            100.22355446558994,
            49.44175087527954,
            84.37168962190802,
            9.603708832237952,
            75.00529024167443,
            0.0
        ]
    ],
    "scores_ave": [
        0,
        10.038010399511105,
        15.140183226614354,
        12.53278331442914,
        16.585299099086775,
        19.113254201468724,
        14.236113167230801,
        10.746738123139544,
        19.78542903116861,
        19.694892048911647,
        11.910645839568874,
        11.240596399824392,
        15.543761112416007,
        13.664225254058058,
        19.776514575321247,
        0
    ],
    "scores_var": [
        0,
        378.1356912492621,
        17.566320069083773,
        288.76806709497436,
        366.50659716487456,
        17.82153145810994,
        246.2934455181673,
        329.28839879915824,
        16.11582044161745,
        18.611348381065696,
        362.33267574124363,
        17.612222364613995,
        281.306600708517,
        16.663429195790812,
        347.8081375205331,
        0
    ],
    "vertex_number": 16,
    "minimum_distances": {
        "cost": 341.87562429690877,
        "path": [
            0,
            8,
            5,
            7,
            14,
            6,
            11,
            1,
            4,
            10,
            2,
            12,
            9,
            3,
            13,
            15
        ]
    }
}