{
    "vertices": [
        [
            40.54599633596795,
            47.555492663924184
        ],
        [
            12.013278381717518,
            96.64609999562104
        ],
        [
            85.60281066409368,
            18.530921974906367
        ],
        [
            65.41858732142029,
            67.67068390455802
        ],
        [
            65.3420955578122,
            38.599359468253006
        ],
        [
            64.09421840578523,
            68.90989545625065
        ],
        [
            15.131948871326895,
            90.62476722262952
        ],
        [
            46.168388837599714,
            15.435042154652123
        ],
        [
            57.664795533823984,
            82.33541773564951
        ],
        [
            46.77748757429584,
            32.375473187983026
        ],
        [
            68.0469950265646,
            73.99526825012659
        ],
        [
            33.48007634081518,
            98.41972297014875
        ],
        [
            93.64848458473547,
            36.55175404165497
        ],
        [
            70.0400871574112,
            84.16574547706145
        ],
        [
            10.518048180178086,
            39.430556568134264
        ],
        [
            14.011851722604451,
            25.51267435966492
        ],
        [
            15.081912907716754,
            29.86711470104426
        ],
        [
            7.721368800332495,
            0.12719611865711355
        ],
        [
            40.54599633596795,
            47.555492663924184
        ]
    ],
    "distances": [
        [
            0.0,
            56.78031104222355,
            53.59610266690096,
            31.988540150761445,
            26.363968943202543,
            31.788823212983992,
            50.008361496335496,
            32.608812280747074,
            38.76462916076129,
            16.40928012873539,
            38.14926817160381,
            51.35267422464534,
            54.23058658983611,
            47.0128918960041,
            31.10775236187073,
            34.49560362071483,
            31.00481026870884,
            57.67928125452839,
            0.0
        ],
        [
            56.78031104222355,
            0.0,
            107.3191515934916,
            60.759375906894654,
            78.82503934190532,
            59.006112870111416,
            6.781043723930869,
            88.1011207982209,
            47.841996666474266,
            73.07026557384356,
            60.43870928302252,
            21.539943200307935,
            101.36881822061565,
            59.35376808257291,
            57.23507773261273,
            71.16149617668955,
            66.84945321262887,
            96.61428100164792,
            56.78031104222355
        ],
        [
            53.59610266690096,
            107.3191515934916,
            0.0,
            53.12362068279762,
            28.517341391550925,
            54.778285022152325,
            100.81500327043535,
            39.55575933604765,
            69.6530427813593,
            41.21986549369966,
            58.17645890251869,
            95.38867835226839,
            19.735330177507805,
            67.45463971517822,
            77.93918323536927,
            71.93059341145518,
            71.42622967712569,
            80.02634636274725,
            53.59610266690096
        ],
        [
            31.988540150761445,
            60.759375906894654,
            53.12362068279762,
            0.0,
            29.07142506776723,
            1.8137249776492734,
            55.2778070077258,
            55.66985190110532,
            16.588420823639463,
            39.915441865394314,
            6.849006804542756,
            44.334770633391784,
            42.0156505996231,
            17.130245678761973,
            61.737946110771254,
            66.48270627549587,
            62.95149430757025,
            88.83181731426134,
            31.988540150761445
        ],
        [
            26.363968943202543,
            78.82503934190532,
            28.517341391550925,
            29.07142506776723,
            0.0,
            30.33621250694047,
            72.3028483691169,
            30.070194977716906,
            44.404771460141895,
            19.580128447264393,
            35.49911040618866,
            67.77657529031124,
            28.380351437685825,
            45.807932271317775,
            54.830347978869526,
            52.972212142907765,
            51.01311653580282,
            69.28387622570007,
            26.363968943202543
        ],
        [
            31.788823212983992,
            59.006112870111416,
            54.778285022152325,
            1.8137249776492734,
            30.33621250694047,
            0.0,
            53.56154865008315,
            56.39942642735932,
            14.885634918979223,
            40.430597041922894,
            6.440920700216199,
            42.521237214763474,
            43.82355491266328,
            16.373585895247103,
            61.1509397910093,
            66.26886336353236,
            62.66214821832322,
            88.93232202526134,
            31.788823212983992
        ],
        [
            50.008361496335496,
            6.781043723930869,
            100.81500327043535,
            55.2778070077258,
            72.3028483691169,
            53.56154865008315,
            0.0,
            81.34344080242785,
            43.333086205955674,
            66.29042446187691,
            55.46658765137272,
            19.935273179527133,
            95.33486841080135,
            55.286730885027715,
            51.401705070207726,
            65.12172644070412,
            60.75767312472845,
            90.80047947399375,
            50.008361496335496
        ],
        [
            32.608812280747074,
            88.1011207982209,
            39.55575933604765,
            55.66985190110532,
            30.070194977716906,
            56.39942642735932,
            81.34344080242785,
            0.0,
            67.88098128197251,
            16.951377668675946,
            62.51378639248227,
            83.94909483768073,
            51.96417047423991,
            72.7582817269975,
            42.9736140085732,
            33.69868766120691,
            34.27322137943147,
            41.38240568173575,
            32.608812280747074
        ],
        [
            38.76462916076129,
            47.841996666474266,
            69.6530427813593,
            16.588420823639463,
            44.404771460141895,
            14.885634918979223,
            43.333086205955674,
            67.88098128197251,
            0.0,
            51.13247044502657,
            13.317212912164914,
            29.044887972261627,
            58.23203361516307,
            12.50991376508287,
            63.746708917655305,
            71.65475328377379,
            67.5738463910409,
            96.19011162958576,
            38.76462916076129
        ],
        [
            16.40928012873539,
            73.07026557384356,
            41.21986549369966,
            39.915441865394314,
            19.580128447264393,
            40.430597041922894,
            66.29042446187691,
            16.951377668675946,
            51.13247044502657,
            0.0,
            46.739697135057966,
            67.36960794602709,
            47.05668584294253,
            56.774825786973956,
            36.93942537014598,
            33.47663215623113,
            31.794674329888764,
            50.64910450961541,
            16.40928012873539
        ],
        [
            38.14926817160381,
            60.43870928302252,
            58.17645890251869,
            6.849006804542756,
            35.49911040618866,
            6.440920700216199,
            55.46658765137272,
            62.51378639248227,
            13.317212912164914,
            46.739697135057966,
            0.0,
            42.32523899279986,
            45.359155899081145,
            10.363928949276104,
            67.11407467076948,
            72.5972356376394,
            68.93905902685127,
            95.37123916573087,
            38.14926817160381
        ],
        [
            51.35267422464534,
            21.539943200307935,
            95.38867835226839,
            44.334770633391784,
            67.77657529031124,
            42.521237214763474,
            19.935273179527133,
            83.94909483768073,
            29.044887972261627,
            67.36960794602709,
            42.32523899279986,
            0.0,
            86.30111777922767,
            39.240416222092456,
            63.300683172098914,
            75.4615763609306,
            70.97853561611632,
            101.61167181484284,
            51.35267422464534
        ],
        [
            54.23058658983611,
            101.36881822061565,
            19.735330177507805,
            42.0156505996231,
            28.380351437685825,
            43.82355491266328,
            95.33486841080135,
            51.96417047423991,
            58.23203361516307,
            47.05668584294253,
            45.359155899081145,
            86.30111777922767,
            0.0,
            53.14554176501969,
            83.18026785721854,
            80.39810056116482,
            78.8504317565488,
            93.32854679524385,
            54.23058658983611
        ],
        [
            47.0128918960041,
            59.35376808257291,
            67.45463971517822,
            17.130245678761973,
            45.807932271317775,
            16.373585895247103,
            55.286730885027715,
            72.7582817269975,
            12.50991376508287,
            56.774825786973956,
            10.363928949276104,
            39.240416222092456,
            53.14554176501969,
            0.0,
            74.45878222697884,
            81.11316734933058,
            77.25763535735493,
            104.62361318523585,
            47.0128918960041
        ],
        [
            31.10775236187073,
            57.23507773261273,
            77.93918323536927,
            61.737946110771254,
            54.830347978869526,
            61.1509397910093,
            51.401705070207726,
            42.9736140085732,
            63.746708917655305,
            36.93942537014598,
            67.11407467076948,
            63.300683172098914,
            83.18026785721854,
            74.45878222697884,
            0.0,
            14.349707605449614,
            10.596616516439648,
            39.402735414881775,
            31.10775236187073
        ],
        [
            34.49560362071483,
            71.16149617668955,
            71.93059341145518,
            66.48270627549587,
            52.972212142907765,
            66.26886336353236,
            65.12172644070412,
            33.69868766120691,
            71.65475328377379,
            33.47663215623113,
            72.5972356376394,
            75.4615763609306,
            80.39810056116482,
            81.11316734933058,
            14.349707605449614,
            0.0,
            4.483991706784902,
            26.153253734862055,
            34.49560362071483
        ],
        [
            31.00481026870884,
            66.84945321262887,
            71.42622967712569,
            62.95149430757025,
            51.01311653580282,
            62.66214821832322,
            60.75767312472845,
            34.27322137943147,
            67.5738463910409,
            31.794674329888764,
            68.93905902685127,
            70.97853561611632,
            78.8504317565488,
            77.25763535735493,
            10.596616516439648,
            4.483991706784902,
            0.0,
            30.637238237866114,
            31.00481026870884
        ],
        [
            57.67928125452839,
            96.61428100164792,
            80.02634636274725,
            88.83181731426134,
            69.28387622570007,
            88.93232202526134,
            90.80047947399375,
            41.38240568173575,
            96.19011162958576,
            50.64910450961541,
            95.37123916573087,
            101.61167181484284,
            93.32854679524385,
            104.62361318523585,
            39.402735414881775,
            26.153253734862055,
            30.637238237866114,
            0.0,
            57.67928125452839
        ],
        [
            0.0,
            56.78031104222355,
            53.59610266690096,
            31.988540150761445,
            26.363968943202543,
            31.788823212983992,
            50.008361496335496,
            32.608812280747074,
            38.76462916076129,
            16.40928012873539,
            38.14926817160381,
            51.35267422464534,
            54.23058658983611,
            47.0128918960041,
            31.10775236187073,
            34.49560362071483,
            31.00481026870884,
            57.67928125452839,
            0.0
        ]
    ],
    "scores_ave": [
        0,
        17.308478411177994,
        10.237178083174879,
        19.006026241487753,
        10.761435430324596,
        19.489898719684152,
        13.471228548446154,
        12.114079989301612,
        16.069626330116378,
        18.421167351269062,
        16.925269107787578,
        12.750952365259884,
        12.233800189950692,
        18.220011077416466,
        17.775407752460914,
        16.49682496705518,
        18.71445439716188,
        10.1019133252468,
        0
    ],
    "scores_var": [
        0,
        259.1979620154248,
        24.086910001072013,
        266.76094872398227,
        294.54760159154944,
        18.86888149962346,
        331.8188509061839,
        17.835519828604617,
        16.198825854452245,
        367.8409964740483,
        354.2262621821849,
        16.028004331263087,
        21.17358489876888,
        249.3359730792249,
        291.55983802843804,
        307.924237772105,
        372.3382273529163,
        245.66298978558495,
        0
    ],
    "vertex_number": 19,
    "minimum_distances": {
        "cost": 372.5052849080507,
        "path": [
            0,
            4,
            2,
            12,
            3,
            5,
            10,
            13,
            8,
            11,
            1,
            6,
            14,
            16,
            15,
            17,
            7,
            9,
            18
        ]
    }
}