{
    "vertices": [
        [
            1.691920153708415,
            2.8690895855917997
        ],
        [
            98.06048416223678,
            0.8522227357100953
        ],
        [
            37.94643088729226,
            82.45650909542915
        ],
        [
            20.19608462469772,
            45.64957550236479
        ],
        [
            53.177308040034674,
            85.14528969702472
        ],
        [
            39.736614269770975,
            49.70164662583705
        ],
        [
            51.551866227974145,
            16.308341398835225
        ],
        [
            34.63642249940412,
            11.123521948204406
        ],
        [
            32.76741271510305,
            75.24230753260075
        ],
        [
            72.89588513522864,
            60.34136561805128
        ],
        [
            77.08394184302335,
            65.0953854059798
        ],
        [
            16.678446786918254,
            27.266202217562697
        ],
        [
            83.83095406182147,
            37.19792987435512
        ],
        [
            36.363451104555566,
            89.70655751108627
        ],
        [
            78.59629345732702,
            37.430724875132746
        ],
        [
            1.691920153708415,
            2.8690895855917997
        ]
    ],
    "distances": [
        [
            0.0,
            96.38966687854037,
            87.45597116701859,
            46.610879395744455,
            97.05729375261824,
            60.33810694173782,
            51.63940076945561,
            33.96286042774513,
            78.76273810589974,
            91.50446514482654,
            97.7551473116816,
            28.6324131938784,
            89.0240987987498,
            93.50326675676543,
            84.31363630581693,
            0.0
        ],
        [
            96.38966687854037,
            0.0,
            101.3556064232359,
            89.83132822262853,
            95.49775199742287,
            76.07851216756664,
            49.00962299675259,
            64.25037887299487,
            98.98014899508432,
            64.59268662213783,
            67.58105709108497,
            85.56128984199263,
            39.031909436854065,
            108.1740111879708,
            41.434786575543534,
            96.38966687854037
        ],
        [
            87.45597116701859,
            101.3556064232359,
            0.0,
            40.86349413555153,
            15.466388071086524,
            32.803746309603056,
            67.53286577975341,
            71.40974170849535,
            8.880705682375805,
            41.35872245673949,
            42.81534047009706,
            59.146404125414385,
            64.44942559917926,
            7.420850828707272,
            60.66079929918008,
            87.45597116701859
        ],
        [
            46.610879395744455,
            89.83132822262853,
            40.86349413555153,
            0.0,
            51.4555394269522,
            19.95624161007439,
            42.94290463709336,
            37.42421317757304,
            32.152263978917055,
            54.7093928923831,
            60.11961262100859,
            18.71689582399157,
            64.19366730528208,
            46.92974965425279,
            58.975705992615865,
            46.610879395744455
        ],
        [
            97.05729375261824,
            95.49775199742287,
            15.466388071086524,
            51.4555394269522,
            0.0,
            37.90651768738135,
            68.85613634304504,
            76.30849583952666,
            22.685521438211754,
            31.68685740767908,
            31.201374999673696,
            68.42627887171318,
            56.908657763064106,
            17.421565633385327,
            54.06296806305636,
            97.05729375261824
        ],
        [
            60.33810694173782,
            76.07851216756664,
            32.803746309603056,
            19.95624161007439,
            37.90651768738135,
            0.0,
            35.4219284175711,
            38.91379780665833,
            26.474424070484954,
            34.82442913476219,
            40.39542140509352,
            32.17185498947885,
            45.832889220494245,
            40.146869425596535,
            40.75107590201374,
            60.33810694173782
        ],
        [
            51.63940076945561,
            49.00962299675259,
            67.53286577975341,
            42.94290463709336,
            68.85613634304504,
            35.4219284175711,
            0.0,
            17.692218325299365,
            61.855218518998356,
            48.933366581539275,
            55.064167551754124,
            36.55448121960449,
            38.448854574119686,
            74.95322596407709,
            34.315537703546624,
            51.63940076945561
        ],
        [
            33.96286042774513,
            64.25037887299487,
            71.40974170849535,
            37.42421317757304,
            76.30849583952666,
            38.91379780665833,
            17.692218325299365,
            0.0,
            64.14601984840216,
            62.33925421988571,
            68.664065882612,
            24.1469463487407,
            55.6774342471435,
            78.60201082720573,
            51.23025649433956,
            33.96286042774513
        ],
        [
            78.76273810589974,
            98.98014899508432,
            8.880705682375805,
            32.152263978917055,
            22.685521438211754,
            26.474424070484954,
            61.855218518998356,
            64.14601984840216,
            0.0,
            42.80575158449572,
            45.46333448603961,
            50.601991125230576,
            63.677782045790835,
            14.904563715135534,
            59.41382072504277,
            78.76273810589974
        ],
        [
            91.50446514482654,
            64.59268662213783,
            41.35872245673949,
            54.7093928923831,
            31.68685740767908,
            34.82442913476219,
            48.933366581539275,
            62.33925421988571,
            42.80575158449572,
            0.0,
            6.3356549094564985,
            65.22550734501877,
            25.59676445279616,
            46.8714543311838,
            23.609153188747094,
            91.50446514482654
        ],
        [
            97.7551473116816,
            67.58105709108497,
            42.81534047009706,
            60.11961262100859,
            31.201374999673696,
            40.39542140509352,
            55.064167551754124,
            68.664065882612,
            45.46333448603961,
            6.3356549094564985,
            0.0,
            71.27321329697403,
            28.7017455744348,
            47.58012356403472,
            27.70596776314254,
            97.7551473116816
        ],
        [
            28.6324131938784,
            85.56128984199263,
            59.146404125414385,
            18.71689582399157,
            68.42627887171318,
            32.17185498947885,
            36.55448121960449,
            24.1469463487407,
            50.601991125230576,
            65.22550734501877,
            71.27321329697403,
            0.0,
            67.88297612475918,
            65.4698202545788,
            62.746611519320346,
            28.6324131938784
        ],
        [
            89.0240987987498,
            39.031909436854065,
            64.44942559917926,
            64.19366730528208,
            56.908657763064106,
            45.832889220494245,
            38.448854574119686,
            55.6774342471435,
            63.677782045790835,
            25.59676445279616,
            28.7017455744348,
            67.88297612475918,
            0.0,
            70.78361260412565,
            5.239834458895936,
            89.0240987987498
        ],
        [
            93.50326675676543,
            108.1740111879708,
            7.420850828707272,
            46.92974965425279,
            17.421565633385327,
            40.146869425596535,
            74.95322596407709,
            78.60201082720573,
            14.904563715135534,
            46.8714543311838,
            47.58012356403472,
            65.4698202545788,
            70.78361260412565,
            0.0,
            67.20398538015635,
            93.50326675676543
        ],
        [
            84.31363630581693,
            41.434786575543534,
            60.66079929918008,
            58.975705992615865,
            54.06296806305636,
            40.75107590201374,
            34.315537703546624,
            51.23025649433956,
            59.41382072504277,
            23.609153188747094,
            27.70596776314254,
            62.746611519320346,
            5.239834458895936,
            67.20398538015635,
            0.0,
            84.31363630581693
        ],
        [
            0.0,
            96.38966687854037,
            87.45597116701859,
            46.610879395744455,
            97.05729375261824,
            60.33810694173782,
            51.63940076945561,
            33.96286042774513,
            78.76273810589974,
            91.50446514482654,
            97.7551473116816,
            28.6324131938784,
            89.0240987987498,
            93.50326675676543,
            84.31363630581693,
            0.0
        ]
    ],
    "scores_ave": [
        0,
        16.069613965951604,
        17.852727415570584,
        16.495819024289602,
        12.804162114109666,
        13.94309511271879,
        11.239320132183177,
        11.899815735563378,
        16.438871731353203,
        19.631125584346773,
        14.60872938136376,
        14.169919934051677,
        17.9970558044009,
        14.70030816459104,
        12.800686743960732,
        0
    ],
    "scores_var": [
        0,
        299.7871556939675,
        19.148067286038994,
        21.414918638508368,
        18.122280644170907,
        257.04842983899823,
        18.63949765461593,
        23.569987267153824,
        241.34356003141616,
        17.273781401987392,
        24.893516369783043,
        263.3441290402422,
        23.38568693064421,
        239.9336665343939,
        280.5261657114699,
        0
    ],
    "vertex_number": 16,
    "minimum_distances": {
        "cost": 333.58572558632204,
        "path": [
            0,
            11,
            3,
            5,
            8,
            2,
            13,
            4,
            10,
            9,
            14,
            12,
            1,
            6,
            7,
            15
        ]
    }
}