{
    "vertices": [
        [
            17.67022242037951,
            61.41952819785993
        ],
        [
            57.30769351932565,
            77.51437728492286
        ],
        [
            22.350502656767002,
            56.52350195955478
        ],
        [
            45.100306824824834,
            83.12060673837927
        ],
        [
            25.540150593680945,
            96.65160945094468
        ],
        [
            53.95808776269077,
            99.88011336160947
        ],
        [
            96.1962122213077,
            97.79742869004517
        ],
        [
            63.915485124253856,
            81.64720388888233
        ],
        [
            41.573248492760364,
            1.010277621383382
        ],
        [
            8.66298446051157,
            76.12186199987306
        ],
        [
            67.95762197680956,
            56.82440363072083
        ],
        [
            28.992604394342912,
            20.19386664865719
        ],
        [
            18.086466640525735,
            50.210296015220536
        ],
        [
            84.40877694397332,
            92.04156677052478
        ],
        [
            86.1192016103161,
            86.88034810024637
        ],
        [
            15.974269890795744,
            19.16383717111405
        ],
        [
            91.506210510642,
            20.7593554966232
        ],
        [
            68.38351062213779,
            92.74829333508457
        ],
        [
            10.728064307411522,
            91.71374074646015
        ],
        [
            36.20872058274155,
            25.315540843768368
        ],
        [
            4.241677412603961,
            64.33486881329253
        ],
        [
            84.5336703354257,
            45.45067807900283
        ],
        [
            94.69281214146434,
            5.201411601544503
        ],
        [
            17.67022242037951,
            61.41952819785993
        ]
    ],
    "distances": [
        [
            0.0,
            42.7805245673206,
            6.773189501061658,
            34.976368311429695,
            36.10035067526199,
            52.877460058514025,
            86.5429530258519,
            50.47557019402089,
            64.9663929322573,
            17.242069333218208,
            50.49690806312369,
            42.75221051283483,
            11.216957937655108,
            73.42849519256458,
            73.03092565650614,
            42.28971126799536,
            84.29117855007001,
            59.60980729089784,
            31.079460632469377,
            40.58538920572654,
            13.741362084227479,
            68.74390766610969,
            95.3569921976332,
            0.0
        ],
        [
            42.7805245673206,
            0.0,
            40.77526259788526,
            13.43317157613487,
            37.086526374262924,
            22.615172096999014,
            43.86022185462862,
            7.793790196852544,
            78.10537769976396,
            48.6646362180564,
            23.270066307621466,
            63.9326615413277,
            47.789303111269646,
            30.749113111442675,
            30.29561697326363,
            71.50690484441851,
            66.26213898294955,
            18.83469996358637,
            48.695829187233734,
            56.30173340838723,
            54.678162999433525,
            42.06345944354237,
            81.40523386316654,
            42.7805245673206
        ],
        [
            6.773189501061658,
            40.77526259788526,
            0.0,
            34.999422456674196,
            40.254675067648996,
            53.654777872031055,
            84.59743405591203,
            48.56797469687393,
            58.747187455190954,
            23.904892190569864,
            45.60811193733314,
            36.9318279714818,
            7.618305089938306,
            71.50358267543241,
            70.62566866117442,
            37.89987991261322,
            77.85618858506066,
            58.57707173067418,
            37.05987019761386,
            34.14655240413355,
            19.721739371751912,
            63.16133129725738,
            88.69817754776871,
            6.773189501061658
        ],
        [
            34.976368311429695,
            13.43317157613487,
            34.999422456674196,
            0.0,
            23.784191098168748,
            18.956300941832463,
            53.16202263728525,
            18.87278067472333,
            82.18604679736802,
            37.10338109924285,
            34.841744414371334,
            64.9556209723869,
            42.577413183490954,
            40.308055658926634,
            41.19084102723974,
            70.27655655311156,
            77.73309175206376,
            25.195236221785805,
            35.43011441918741,
            58.48492069739612,
            44.97034074626567,
            54.534518270190105,
            92.36242501338438,
            34.976368311429695
        ],
        [
            36.10035067526199,
            37.086526374262924,
            40.254675067648996,
            23.784191098168748,
            0.0,
            28.600741082058835,
            70.66535181017414,
            41.20435033590785,
            96.97589691451026,
            26.576479584237276,
            58.1846045099991,
            76.53565098479564,
            47.035656667135996,
            59.048858260644046,
            61.36203199422045,
            78.07599455986916,
            100.55424044382872,
            43.02080165720191,
            15.61347006576752,
            72.12941889367508,
            38.70396213937707,
            78.11383196895365,
            114.6526462225653,
            36.10035067526199
        ],
        [
            52.877460058514025,
            22.615172096999014,
            53.654777872031055,
            18.956300941832463,
            28.600741082058835,
            0.0,
            42.28943997291503,
            20.774714199158716,
            99.6425042993265,
            51.147833687484116,
            45.27450826505818,
            83.50552840987686,
            61.26878452487691,
            31.443398103189864,
            34.6890637055897,
            89.20699334797486,
            87.57828410642105,
            16.092099973732406,
            43.99459705047262,
            76.64799743018106,
            61.11616699448578,
            62.429397521084546,
            103.0697547158524,
            52.877460058514025
        ],
        [
            86.5429530258519,
            43.86022185462862,
            84.59743405591203,
            53.16202263728525,
            70.66535181017414,
            42.28943997291503,
            0.0,
            36.09536123995106,
            111.13694605520774,
            90.17702675051729,
            49.761498786799876,
            102.65786743582801,
            91.46402326000016,
            13.117681839941536,
            14.85694421670214,
            112.33344001874998,
            77.1807024935708,
            28.267298032836134,
            85.68439511851945,
            94.08572271523077,
            97.85386750348891,
            53.63018909881461,
            92.60822097661729,
            86.5429530258519
        ],
        [
            50.47557019402089,
            7.793790196852544,
            48.56797469687393,
            18.87278067472333,
            41.20435033590785,
            20.774714199158716,
            36.09536123995106,
            0.0,
            83.67490314047404,
            55.52808507941978,
            25.149757115951868,
            70.6832388649277,
            55.574977389460024,
            22.978637673357554,
            22.812076278374246,
            78.75615045472873,
            66.84742485081843,
            11.96651322409012,
            54.13166261489523,
            62.77675575232494,
            62.13437271411423,
            41.65690869600693,
            82.40875570449485,
            50.47557019402089
        ],
        [
            64.9663929322573,
            78.10537769976396,
            58.747187455190954,
            82.18604679736802,
            96.97589691451026,
            99.6425042993265,
            111.13694605520774,
            83.67490314047404,
            0.0,
            82.00509488147247,
            61.736146837424165,
            22.94085207437566,
            54.518535671167584,
            100.60605400197974,
            96.73681276120466,
            31.382470103378733,
            53.69661788978425,
            95.57538219925262,
            95.80471601288872,
            24.890238649052584,
            73.5095235254262,
            61.81057383436381,
            53.284647378662214,
            64.9663929322573
        ],
        [
            17.242069333218208,
            48.6646362180564,
            23.904892190569864,
            37.10338109924285,
            26.576479584237276,
            51.147833687484116,
            90.17702675051729,
            55.52808507941978,
            82.00509488147247,
            0.0,
            62.35580115513181,
            59.50826926284831,
            27.571928988992525,
            77.40065942181865,
            78.1998120095541,
            57.42535578502421,
            99.63938593104332,
            61.99176932437068,
            15.728039853152278,
            57.79316437030228,
            12.588930232246637,
            81.83570429975991,
            111.49368383687127,
            17.242069333218208
        ],
        [
            50.49690806312369,
            23.270066307621466,
            45.60811193733314,
            34.841744414371334,
            58.1846045099991,
            45.27450826505818,
            49.761498786799876,
            25.149757115951868,
            61.736146837424165,
            62.35580115513181,
            0.0,
            53.47961139346721,
            50.30783789952784,
            38.8701566676699,
            35.1169869541708,
            64.19179978904576,
            43.07230802790261,
            35.926414135417275,
            67.02602565728226,
            44.73031604915454,
            64.15706258057287,
            20.102910538351995,
            58.13521909466461,
            50.49690806312369
        ],
        [
            42.75221051283483,
            63.9326615413277,
            36.9318279714818,
            64.9556209723869,
            76.53565098479564,
            83.50552840987686,
            102.65786743582801,
            70.6832388649277,
            22.94085207437566,
            59.50826926284831,
            53.47961139346721,
            0.0,
            31.936340939799646,
            90.73612396863899,
            87.80965162138604,
            13.059019640495778,
            62.5161637282788,
            82.5577877928127,
            73.81521398433192,
            8.848947926467678,
            50.60668393160843,
            61.01406829166323,
            67.38910153989745,
            42.75221051283483
        ],
        [
            11.216957937655108,
            47.789303111269646,
            7.618305089938306,
            42.577413183490954,
            47.035656667135996,
            61.26878452487691,
            91.46402326000016,
            55.574977389460024,
            54.518535671167584,
            27.571928988992525,
            50.30783789952784,
            31.936340939799646,
            0.0,
            78.41239734245065,
            77.28612907493974,
            31.118225879191247,
            79.10636312828085,
            65.87316486455602,
            42.150705918822304,
            30.792286745103898,
            19.778315031711223,
            66.61745148060149,
            88.85005260084445,
            11.216957937655108
        ],
        [
            73.42849519256458,
            30.749113111442675,
            71.50358267543241,
            40.308055658926634,
            59.048858260644046,
            31.443398103189864,
            13.117681839941536,
            22.978637673357554,
            100.60605400197974,
            77.40065942181865,
            38.8701566676699,
            90.73612396863899,
            78.41239734245065,
            0.0,
            5.437253967000649,
            99.97222227787196,
            71.63467880384763,
            16.040842344553187,
            73.6814419276228,
            82.31408123282486,
            84.81995613631133,
            46.59105608832039,
            87.44697781922372,
            73.42849519256458
        ],
        [
            73.03092565650614,
            30.29561697326363,
            70.62566866117442,
            41.19084102723974,
            61.36203199422045,
            34.6890637055897,
            14.85694421670214,
            22.812076278374246,
            96.73681276120466,
            78.1998120095541,
            35.1169869541708,
            87.80965162138604,
            77.28612907493974,
            5.437253967000649,
            0.0,
            97.49788355831869,
            66.34007482495463,
            18.681207565551258,
            75.54591496763994,
            79.25453683500501,
            84.92483503089895,
            41.4599984019872,
            82.12767782604587,
            73.03092565650614
        ],
        [
            42.28971126799536,
            71.50690484441851,
            37.89987991261322,
            70.27655655311156,
            78.07599455986916,
            89.20699334797486,
            112.33344001874998,
            78.75615045472873,
            31.382470103378733,
            57.42535578502421,
            64.19179978904576,
            13.059019640495778,
            31.118225879191247,
            99.97222227787196,
            97.49788355831869,
            0.0,
            75.54879041074727,
            90.34047101373261,
            72.73933723794264,
            21.148911387608926,
            46.66985992991635,
            73.42608115815375,
            79.94722147677221,
            42.28971126799536
        ],
        [
            84.29117855007001,
            66.26213898294955,
            77.85618858506066,
            77.73309175206376,
            100.55424044382872,
            87.57828410642105,
            77.1807024935708,
            66.84742485081843,
            53.69661788978425,
            99.63938593104332,
            43.07230802790261,
            62.5161637282788,
            79.10636312828085,
            71.63467880384763,
            66.34007482495463,
            75.54879041074727,
            0.0,
            75.61128501251441,
            107.51573694214609,
            55.4848737697383,
            97.53934640764106,
            25.656923575560175,
            15.880933479993425,
            84.29117855007001
        ],
        [
            59.60980729089784,
            18.83469996358637,
            58.57707173067418,
            25.195236221785805,
            43.02080165720191,
            16.092099973732406,
            28.267298032836134,
            11.96651322409012,
            95.57538219925262,
            61.99176932437068,
            35.926414135417275,
            82.5577877928127,
            65.87316486455602,
            16.040842344553187,
            18.681207565551258,
            90.34047101373261,
            75.61128501251441,
            0.0,
            57.664727423347045,
            74.71541489300814,
            70.15338523931136,
            49.97891623151751,
            91.4146369445358,
            59.60980729089784
        ],
        [
            31.079460632469377,
            48.695829187233734,
            37.05987019761386,
            35.43011441918741,
            15.61347006576752,
            43.99459705047262,
            85.68439511851945,
            54.13166261489523,
            95.80471601288872,
            15.728039853152278,
            67.02602565728226,
            73.81521398433192,
            42.150705918822304,
            73.6814419276228,
            75.54591496763994,
            72.73933723794264,
            107.51573694214609,
            57.664727423347045,
            0.0,
            71.11951064609018,
            28.136734765816815,
            87.1064776496876,
            120.55895641931502,
            31.079460632469377
        ],
        [
            40.58538920572654,
            56.30173340838723,
            34.14655240413355,
            58.48492069739612,
            72.12941889367508,
            76.64799743018106,
            94.08572271523077,
            62.77675575232494,
            24.890238649052584,
            57.79316437030228,
            44.73031604915454,
            8.848947926467678,
            30.792286745103898,
            82.31408123282486,
            79.25453683500501,
            21.148911387608926,
            55.4848737697383,
            74.71541489300814,
            71.11951064609018,
            0.0,
            50.4420440132508,
            52.35192947811162,
            61.84631889305908,
            40.58538920572654
        ],
        [
            13.741362084227479,
            54.678162999433525,
            19.721739371751912,
            44.97034074626567,
            38.70396213937707,
            61.11616699448578,
            97.85386750348891,
            62.13437271411423,
            73.5095235254262,
            12.588930232246637,
            64.15706258057287,
            50.60668393160843,
            19.778315031711223,
            84.81995613631133,
            84.92483503089895,
            46.66985992991635,
            97.53934640764106,
            70.15338523931136,
            28.136734765816815,
            50.4420440132508,
            0.0,
            82.48282722608076,
            108.06559829821924,
            13.741362084227479
        ],
        [
            68.74390766610969,
            42.06345944354237,
            63.16133129725738,
            54.534518270190105,
            78.11383196895365,
            62.429397521084546,
            53.63018909881461,
            41.65690869600693,
            61.81057383436381,
            81.83570429975991,
            20.102910538351995,
            61.01406829166323,
            66.61745148060149,
            46.59105608832039,
            41.4599984019872,
            73.42608115815375,
            25.656923575560175,
            49.97891623151751,
            87.1064776496876,
            52.35192947811162,
            82.48282722608076,
            0.0,
            41.51158409659468,
            68.74390766610969
        ],
        [
            95.3569921976332,
            81.40523386316654,
            88.69817754776871,
            92.36242501338438,
            114.6526462225653,
            103.0697547158524,
            92.60822097661729,
            82.40875570449485,
            53.284647378662214,
            111.49368383687127,
            58.13521909466461,
            67.38910153989745,
            88.85005260084445,
            87.44697781922372,
            82.12767782604587,
            79.94722147677221,
            15.880933479993425,
            91.4146369445358,
            120.55895641931502,
            61.84631889305908,
            108.06559829821924,
            41.51158409659468,
            0.0,
            95.3569921976332
        ],
        [
            0.0,
            42.7805245673206,
            6.773189501061658,
            34.976368311429695,
            36.10035067526199,
            52.877460058514025,
            86.5429530258519,
            50.47557019402089,
            64.9663929322573,
            17.242069333218208,
            50.49690806312369,
            42.75221051283483,
            11.216957937655108,
            73.42849519256458,
            73.03092565650614,
            42.28971126799536,
            84.29117855007001,
            59.60980729089784,
            31.079460632469377,
            40.58538920572654,
            13.741362084227479,
            68.74390766610969,
            95.3569921976332,
            0.0
        ]
    ],
    "scores_ave": [
        0,
        13.419934698130847,
        19.0012638221406,
        15.568705404389064,
        11.217458246858566,
        15.990932329207379,
        13.508956754959064,
        18.179688402396504,
        16.02327210986784,
        10.988106651648014,
        14.18169437221908,
        18.408604802843666,
        16.141674934209895,
        12.77821067475715,
        15.134436355836797,
        14.633409494808067,
        15.508149368661506,
        16.934423958016346,
        11.486119339350392,
        13.733028229783924,
        14.79386702408613,
        10.862334863698443,
        19.866240350896703,
        0
    ],
    "scores_var": [
        0,
        301.8933229514421,
        16.72321254299626,
        246.47505409131446,
        298.5596315504472,
        18.54641645313312,
        282.9420007507842,
        22.36739064603145,
        354.06038692566244,
        23.436878239987863,
        22.070680523880558,
        19.02166722450885,
        17.610851145734593,
        384.9134879942899,
        383.5055261357859,
        249.67408250019653,
        19.034633412185872,
        277.5122515953966,
        18.431656384144517,
        18.035272202740497,
        366.9918571205161,
        23.562579897579653,
        231.90634922197083,
        0
    ],
    "vertex_number": 24,
    "minimum_distances": {
        "cost": 421.62913709194765,
        "path": [
            0,
            2,
            12,
            15,
            11,
            19,
            8,
            22,
            16,
            21,
            10,
            1,
            7,
            14,
            6,
            13,
            17,
            5,
            3,
            4,
            18,
            9,
            20,
            23
        ]
    }
}