{
    "vertices": [
        [
            88.47551264513498,
            55.52160024528272
        ],
        [
            88.48067008640301,
            32.71385486593099
        ],
        [
            73.98159940334972,
            60.41501139726439
        ],
        [
            80.00334560812354,
            19.394597371158117
        ],
        [
            64.08408260110161,
            45.628007796436044
        ],
        [
            5.242455819461145,
            50.16698069336331
        ],
        [
            13.157278286010833,
            89.03430220214621
        ],
        [
            68.15285084047082,
            18.240226874045472
        ],
        [
            66.77222770927192,
            97.98897607819346
        ],
        [
            36.96428441769576,
            39.64385340633482
        ],
        [
            5.558829469622085,
            6.99846349138663
        ],
        [
            97.8705908132203,
            32.58457921373443
        ],
        [
            79.26518579859014,
            71.26778087568857
        ],
        [
            51.73767818068614,
            42.16692481280592
        ],
        [
            81.99278305562639,
            39.844550705902314
        ],
        [
            4.259373695422974,
            81.29994655756273
        ],
        [
            60.50515288459037,
            25.677351237167002
        ],
        [
            93.61382650396229,
            65.03490581447598
        ],
        [
            36.173019080704485,
            86.45472262716861
        ],
        [
            88.34448753364605,
            84.82312085547744
        ],
        [
            88.47551264513498,
            55.52160024528272
        ]
    ],
    "distances": [
        [
            0.0,
            22.80774596246943,
            15.297679358737284,
            37.10711456001437,
            26.321569693634338,
            83.40511794303542,
            82.43747703214547,
            42.46070398936355,
            47.691829354103746,
            53.902778019143426,
            96.07117751576529,
            24.786577569041718,
            18.242048269466704,
            39.08984314427528,
            16.964541408210174,
            88.07315821629788,
            40.90256989472311,
            10.81227321910893,
            60.76519475283547,
            29.30181355564032,
            0.0
        ],
        [
            22.80774596246943,
            0.0,
            31.26622976704435,
            15.788212391594548,
            27.60378283569911,
            85.04829166713174,
            94.05108261188055,
            24.954080679175163,
            68.79024581811565,
            51.98040854145901,
            86.8176998360404,
            9.3908105853629,
            39.64000960424692,
            37.93953064554285,
            9.640513538515663,
            97.23083395530944,
            28.846870645297447,
            32.72613067910062,
            74.99447460623205,
            52.109443939241736,
            22.80774596246943
        ],
        [
            15.297679358737284,
            31.26622976704435,
            0.0,
            41.460050581588575,
            17.793715585613196,
            69.49886325656377,
            67.22099259576245,
            42.57565923610824,
            38.259349995355066,
            42.44670320568228,
            86.80439525499129,
            36.67719817683639,
            12.07057954481827,
            28.77124771979756,
            22.075391651460617,
            72.78302875201709,
            37.26016162299082,
            20.16848445858561,
            45.908118094196766,
            28.320458378485274,
            15.297679358737284
        ],
        [
            37.10711456001437,
            15.788212391594548,
            41.460050581588575,
            0.0,
            30.685741920765373,
            80.8463370680531,
            96.53022948993528,
            11.906586306862625,
            79.7003064310182,
            47.56462086605471,
            75.4695310589699,
            22.2084234520721,
            51.87843527708889,
            36.29775271594814,
            20.54649490182552,
            97.82342019681514,
            20.48542202701451,
            47.6264941499706,
            80.1134066361679,
            65.9580649652477,
            37.10711456001437
        ],
        [
            26.321569693634338,
            27.60378283569911,
            17.793715585613196,
            30.685741920765373,
            0.0,
            59.01643260371563,
            66.91521345540738,
            27.68836251638151,
            52.42992583940765,
            27.772172354233135,
            70.12451031785912,
            36.216835399570755,
            29.797044448205916,
            12.82235538159931,
            18.819402963110726,
            69.6525879679051,
            20.26912516764431,
            35.33600806049177,
            49.4555164841052,
            46.0958147254397,
            26.321569693634338
        ],
        [
            83.40511794303542,
            85.04829166713174,
            69.49886325656377,
            80.8463370680531,
            59.01643260371563,
            0.0,
            39.66501097874672,
            70.54810706984848,
            77.92853181857633,
            33.42170877610507,
            43.16967650682447,
            94.28208861821489,
            76.97147732697782,
            47.178454791480796,
            77.44136679904663,
            31.14848333328623,
            60.44590670851121,
            89.61336035471787,
            47.681232768377825,
            90.03885675618885,
            83.40511794303542
        ],
        [
            82.43747703214547,
            94.05108261188055,
            67.22099259576245,
            96.53022948993528,
            66.91521345540738,
            39.66501097874672,
            0.0,
            89.64549125390342,
            54.357602834242115,
            54.8287330986751,
            82.3869847572603,
            101.79841130784453,
            68.45366838771471,
            60.704187000468984,
            84.60471836221662,
            11.789527697923472,
            79.09440223291148,
            83.95967590528245,
            23.15984790779437,
            75.30504951716195,
            82.43747703214547
        ],
        [
            42.46070398936355,
            24.954080679175163,
            42.57565923610824,
            11.906586306862625,
            27.68836251638151,
            70.54810706984848,
            89.64549125390342,
            0.0,
            79.7606990933285,
            37.82647094617171,
            63.595508924183925,
            32.998553197573564,
            54.179382348072366,
            29.016284526162643,
            25.65717310912951,
            89.77140228518505,
            10.667619360331233,
            53.272912994080535,
            75.3387487965908,
            69.5771799032685,
            42.46070398936355
        ],
        [
            47.691829354103746,
            68.79024581811565,
            38.259349995355066,
            79.7003064310182,
            52.42992583940765,
            77.92853181857633,
            54.357602834242115,
            79.7606990933285,
            0.0,
            65.51844643203968,
            109.66473227458232,
            72.42129049491369,
            29.497394374280447,
            57.81123668460184,
            60.103573162711164,
            64.70224589067426,
            72.58269293714247,
            42.50226079635238,
            32.700926154576635,
            25.27255700707439,
            47.691829354103746
        ],
        [
            53.902778019143426,
            51.98040854145901,
            42.44670320568228,
            47.56462086605471,
            27.772172354233135,
            33.42170877610507,
            54.8287330986751,
            37.82647094617171,
            65.51844643203968,
            0.0,
            45.29927243559753,
            61.31404007951056,
            52.815140312443546,
            14.98729637387995,
            45.02894590141073,
            52.96075227917,
            27.372169643946798,
            62.07959536737215,
            46.81755630149365,
            68.41850246444645,
            53.902778019143426
        ],
        [
            96.07117751576529,
            86.8176998360404,
            86.80439525499129,
            75.4695310589699,
            70.12451031785912,
            43.16967650682447,
            82.3869847572603,
            63.595508924183925,
            109.66473227458232,
            45.29927243559753,
            0.0,
            95.79201741332525,
            97.79147263609923,
            58.04572973092428,
            83.192636128993,
            74.31284526340217,
            58.034466519834204,
            105.46047193256315,
            85.15001891600403,
            113.62280789934576,
            96.07117751576529
        ],
        [
            24.786577569041718,
            9.3908105853629,
            36.67719817683639,
            22.2084234520721,
            36.216835399570755,
            94.28208861821489,
            101.79841130784453,
            32.998553197573564,
            72.42129049491369,
            61.31404007951056,
            95.79201741332525,
            0.0,
            42.92494830023488,
            47.11758668630085,
            17.45886494747582,
            105.52841790588697,
            37.99849667971842,
            32.72833235713924,
            81.90593817955387,
            53.10001766995219,
            24.786577569041718
        ],
        [
            18.242048269466704,
            39.64000960424692,
            12.07057954481827,
            51.87843527708889,
            29.797044448205916,
            76.97147732697782,
            68.45366838771471,
            54.179382348072366,
            29.497394374280447,
            52.815140312443546,
            97.79147263609923,
            42.92494830023488,
            0.0,
            40.057752049339676,
            31.541388382567387,
            75.67374840408125,
            49.29935201967,
            15.643919637371845,
            45.69002114471933,
            16.315053232026298,
            18.242048269466704
        ],
        [
            39.08984314427528,
            37.93953064554285,
            28.77124771979756,
            36.29775271594814,
            12.82235538159931,
            47.178454791480796,
            60.704187000468984,
            29.016284526162643,
            57.81123668460184,
            14.98729637387995,
            58.04572973092428,
            47.11758668630085,
            40.057752049339676,
            0.0,
            30.344106387996494,
            61.527089868374,
            18.675509347538817,
            47.71327229907593,
            46.94323857750454,
            56.21040430236006,
            39.08984314427528
        ],
        [
            16.964541408210174,
            9.640513538515663,
            22.075391651460617,
            20.54649490182552,
            18.819402963110726,
            77.44136679904663,
            84.60471836221662,
            25.65717310912951,
            60.103573162711164,
            45.02894590141073,
            83.192636128993,
            17.45886494747582,
            31.541388382567387,
            30.344106387996494,
            0.0,
            88.09672397983266,
            25.737672605621345,
            27.741713020723033,
            65.36022412176654,
            45.424838166760104,
            16.964541408210174
        ],
        [
            88.07315821629788,
            97.23083395530944,
            72.78302875201709,
            97.82342019681514,
            69.6525879679051,
            31.14848333328623,
            11.789527697923472,
            89.77140228518505,
            64.70224589067426,
            52.96075227917,
            74.31284526340217,
            105.52841790588697,
            75.67374840408125,
            61.527089868374,
            88.09672397983266,
            0.0,
            79.10411358945302,
            90.82273827124874,
            32.32727142994412,
            84.1588921405244,
            88.07315821629788
        ],
        [
            40.90256989472311,
            28.846870645297447,
            37.26016162299082,
            20.48542202701451,
            20.26912516764431,
            60.44590670851121,
            79.09440223291148,
            10.667619360331233,
            72.58269293714247,
            27.372169643946798,
            58.034466519834204,
            37.99849667971842,
            49.29935201967,
            18.675509347538817,
            25.737672605621345,
            79.10411358945302,
            0.0,
            51.43152118244169,
            65.46710325444674,
            65.37010492147283,
            40.90256989472311
        ],
        [
            10.81227321910893,
            32.72613067910062,
            20.16848445858561,
            47.6264941499706,
            35.33600806049177,
            89.61336035471787,
            83.95967590528245,
            53.272912994080535,
            42.50226079635238,
            62.07959536737215,
            105.46047193256315,
            32.72833235713924,
            15.643919637371845,
            47.71327229907593,
            27.741713020723033,
            90.82273827124874,
            51.43152118244169,
            0.0,
            61.30460757337166,
            20.47777789929879,
            10.81227321910893
        ],
        [
            60.76519475283547,
            74.99447460623205,
            45.908118094196766,
            80.1134066361679,
            49.4555164841052,
            47.681232768377825,
            23.15984790779437,
            75.3387487965908,
            32.700926154576635,
            46.81755630149365,
            85.15001891600403,
            81.90593817955387,
            45.69002114471933,
            46.94323857750454,
            65.36022412176654,
            32.32727142994412,
            65.46710325444674,
            61.30460757337166,
            0.0,
            52.19697543802382,
            60.76519475283547
        ],
        [
            29.30181355564032,
            52.109443939241736,
            28.320458378485274,
            65.9580649652477,
            46.0958147254397,
            90.03885675618885,
            75.30504951716195,
            69.5771799032685,
            25.27255700707439,
            68.41850246444645,
            113.62280789934576,
            53.10001766995219,
            16.315053232026298,
            56.21040430236006,
            45.424838166760104,
            84.1588921405244,
            65.37010492147283,
            20.47777789929879,
            52.19697543802382,
            0.0,
            29.30181355564032
        ],
        [
            0.0,
            22.80774596246943,
            15.297679358737284,
            37.10711456001437,
            26.321569693634338,
            83.40511794303542,
            82.43747703214547,
            42.46070398936355,
            47.691829354103746,
            53.902778019143426,
            96.07117751576529,
            24.786577569041718,
            18.242048269466704,
            39.08984314427528,
            16.964541408210174,
            88.07315821629788,
            40.90256989472311,
            10.81227321910893,
            60.76519475283547,
            29.30181355564032,
            0.0
        ]
    ],
    "scores_ave": [
        0,
        17.995625390336503,
        18.48613848868413,
        11.975828645208816,
        16.540155674542316,
        10.605109021428769,
        18.858736517240274,
        13.382289886385369,
        11.566445779565612,
        18.528300178015794,
        10.662020417967085,
        14.404296303937404,
        13.32263716002785,
        12.926450269858547,
        17.754366968355743,
        13.61738064539633,
        19.688318813875295,
        13.864542733820434,
        19.922606133177858,
        12.594907217680497,
        0
    ],
    "scores_var": [
        0,
        23.02985913222466,
        383.3128350056569,
        20.711850032256876,
        22.736887362522086,
        227.60539956958743,
        337.6780380864925,
        17.115211296408425,
        319.2606836114551,
        17.951524749622838,
        237.8014205568132,
        356.3799101552652,
        21.345960472199476,
        347.0384222124164,
        18.042488550927086,
        17.042577136001782,
        18.27980541914289,
        18.311390715943418,
        336.43796990337586,
        250.06374528440315,
        0
    ],
    "vertex_number": 21,
    "minimum_distances": {
        "cost": 416.8132150350205,
        "path": [
            0,
            11,
            1,
            3,
            7,
            16,
            14,
            4,
            13,
            9,
            10,
            5,
            15,
            6,
            18,
            8,
            19,
            12,
            2,
            17,
            20
        ]
    }
}