{
    "vertices": [
        [
            90.2881902916588,
            32.01964283881339
        ],
        [
            66.66784982142697,
            20.988335596644937
        ],
        [
            99.77755528841725,
            65.42652854817142
        ],
        [
            12.320476365062238,
            88.07951337316199
        ],
        [
            77.87866470653879,
            54.1143517668318
        ],
        [
            76.21903075101922,
            91.56323953841036
        ],
        [
            48.61417183711401,
            88.11804917952885
        ],
        [
            29.529680221241595,
            0.8883701209157713
        ],
        [
            85.37912968960497,
            86.245966930252
        ],
        [
            35.831642117199905,
            54.74872542504908
        ],
        [
            68.43655766244126,
            68.36891081855401
        ],
        [
            93.67241525817984,
            39.27499146106974
        ],
        [
            16.4535811204502,
            83.17020570377288
        ],
        [
            56.23682400749204,
            19.230248989412637
        ],
        [
            83.22120699006305,
            96.1578330581468
        ],
        [
            89.6068516499504,
            58.69615903265791
        ],
        [
            66.27406340345514,
            93.94831239679688
        ],
        [
            47.19498564023375,
            37.56929049130386
        ],
        [
            90.2881902916588,
            32.01964283881339
        ]
    ],
    "distances": [
        [
            0.0,
            26.069334924404757,
            34.728490621387714,
            96.02954492898279,
            25.341122466489217,
            61.183177084099064,
            69.88386801056281,
            68.2697054850327,
            54.448077105297045,
            59.00954867044049,
            42.411827727949685,
            8.00581427804202,
            89.82165436500986,
            36.3739486563334,
            64.52634886305306,
            26.6852157305339,
            66.4216711881345,
            43.44908372102217,
            0.0
        ],
        [
            26.069334924404757,
            0.0,
            55.4166544362608,
            86.34154930881071,
            34.9716359024814,
            71.21827099515421,
            69.51498927915688,
            42.228571528973575,
            67.88718908290619,
            45.723469104433086,
            47.413576492243756,
            32.61362195665746,
            79.92532609375846,
            10.578145775584039,
            76.97055919094761,
            44.137033805756936,
            72.9610394828753,
            25.57577964868151,
            26.069334924404757
        ],
        [
            34.728490621387714,
            55.4166544362608,
            0.0,
            90.3432253978526,
            24.64805777844097,
            35.18709621106098,
            55.96960706265866,
            95.39359435850538,
            25.31331021952251,
            64.83128327310071,
            31.478814234600616,
            26.854713307106106,
            85.19226930975752,
            63.48142661872631,
            34.90738812717516,
            12.19594548679504,
            43.99972866272511,
            59.505901749011905,
            34.728490621387714
        ],
        [
            96.02954492898279,
            86.34154930881071,
            90.3432253978526,
            0.0,
            73.83432983078154,
            63.99344966955242,
            36.29371593025993,
            88.87323646068742,
            73.08165787770572,
            40.78867906989095,
            59.47707485443253,
            94.86843163422401,
            6.417464975497201,
            81.6631299696146,
            71.35946224637446,
            82.6835250638009,
            54.271837598235585,
            61.38007830525315,
            96.02954492898279
        ],
        [
            25.341122466489217,
            34.9716359024814,
            24.64805777844097,
            73.83432983078154,
            0.0,
            37.48564498837654,
            44.86270144160819,
            71.90708882252777,
            32.99541889372427,
            42.051807791896586,
            17.09812385003781,
            21.67139060539699,
            67.95059632970725,
            41.052038870541615,
            42.3815652984219,
            12.591398921517323,
            41.489892635112206,
            34.86010920314192,
            25.341122466489217
        ],
        [
            61.183177084099064,
            71.21827099515421,
            35.18709621106098,
            63.99344966955242,
            37.48564498837654,
            0.0,
            27.819014581137523,
            101.98934942812481,
            10.591543822982132,
            54.64841818444551,
            24.46515424311061,
            55.12423711719111,
            60.351901266600144,
            75.0423221129414,
            8.375008160845828,
            35.489135371173404,
            10.226971598861887,
            61.300421925908815,
            61.183177084099064
        ],
        [
            69.88386801056281,
            69.51498927915688,
            55.96960706265866,
            36.29371593025993,
            44.86270144160819,
            27.819014581137523,
            0.0,
            89.2929713298026,
            36.81259047993627,
            35.733805197204724,
            27.9813410294979,
            66.45216014156914,
            32.53897279118293,
            69.30825233075745,
            35.52865050761619,
            50.458373121339,
            18.597412167222497,
            50.56867700841912,
            69.88386801056281
        ],
        [
            68.2697054850327,
            42.228571528973575,
            95.39359435850538,
            88.87323646068742,
            71.90708882252777,
            101.98934942812481,
            89.2929713298026,
            0.0,
            102.00529564186597,
            54.22778436581741,
            77.8933147649408,
            74.75174349760164,
            83.31437351728721,
            32.399013096791506,
            109.3574442601669,
            83.3726992830327,
            100.05149949816676,
            40.713056072530655,
            68.2697054850327
        ],
        [
            54.448077105297045,
            67.88718908290619,
            25.31331021952251,
            73.08165787770572,
            32.99541889372427,
            10.591543822982132,
            36.81259047993627,
            102.00529564186597,
            0.0,
            58.71141070673324,
            24.63006053822094,
            47.697495972518865,
            68.99414143738022,
            73.07790659013057,
            10.144048526821367,
            27.87230790889632,
            20.599264149094818,
            61.8663695874033,
            54.448077105297045
        ],
        [
            59.00954867044049,
            45.723469104433086,
            64.83128327310071,
            40.78867906989095,
            42.051807791896586,
            54.64841818444551,
            35.733805197204724,
            54.22778436581741,
            58.71141070673324,
            0.0,
            35.33539256702501,
            59.87479837405979,
            34.39897947945023,
            40.96258800765361,
            62.93238477770231,
            53.91989792625445,
            49.63213306443181,
            20.59753773307045,
            59.00954867044049
        ],
        [
            42.411827727949685,
            47.413576492243756,
            31.478814234600616,
            59.47707485443253,
            17.09812385003781,
            24.46515424311061,
            27.9813410294979,
            77.8933147649408,
            24.63006053822094,
            35.33539256702501,
            0.0,
            38.51369434593616,
            54.049127471628985,
            50.63044131360516,
            31.477135431593556,
            23.275383447520728,
            25.670647956784446,
            37.41418172668473,
            42.411827727949685
        ],
        [
            8.00581427804202,
            32.61362195665746,
            26.854713307106106,
            94.86843163422401,
            21.67139060539699,
            55.12423711719111,
            66.45216014156914,
            74.75174349760164,
            47.697495972518865,
            59.87479837405979,
            38.51369434593616,
            0.0,
            88.82307233485571,
            42.46428137910292,
            57.83498441619668,
            19.84214094537854,
            61.154245204207335,
            46.50871831914305,
            8.00581427804202
        ],
        [
            89.82165436500986,
            79.92532609375846,
            85.19226930975752,
            6.417464975497201,
            67.95059632970725,
            60.351901266600144,
            32.53897279118293,
            83.31437351728721,
            68.99414143738022,
            34.39897947945023,
            54.049127471628985,
            88.82307233485571,
            0.0,
            75.30620478581845,
            68.01907327037526,
            77.1387059109897,
            50.9730128479514,
            54.995249068112756,
            89.82165436500986
        ],
        [
            36.3739486563334,
            10.578145775584039,
            63.48142661872631,
            81.6631299696146,
            41.052038870541615,
            75.0423221129414,
            69.30825233075745,
            32.399013096791506,
            73.07790659013057,
            40.96258800765361,
            50.63044131360516,
            42.46428137910292,
            75.30620478581845,
            0.0,
            81.52306493013025,
            51.68284822259667,
            75.38922452208782,
            20.446889354317754,
            36.3739486563334
        ],
        [
            64.52634886305306,
            76.97055919094761,
            34.90738812717516,
            71.35946224637446,
            42.3815652984219,
            8.375008160845828,
            35.52865050761619,
            109.3574442601669,
            10.144048526821367,
            62.93238477770231,
            31.477135431593556,
            57.83498441619668,
            68.01907327037526,
            81.52306493013025,
            0.0,
            38.0020194004784,
            17.090572175852913,
            68.77867361947062,
            64.52634886305306
        ],
        [
            26.6852157305339,
            44.137033805756936,
            12.19594548679504,
            82.6835250638009,
            12.591398921517323,
            35.489135371173404,
            50.458373121339,
            83.3726992830327,
            27.87230790889632,
            53.91989792625445,
            23.275383447520728,
            19.84214094537854,
            77.1387059109897,
            51.68284822259667,
            38.0020194004784,
            0.0,
            42.27449969147549,
            47.38260179422204,
            26.6852157305339
        ],
        [
            66.4216711881345,
            72.9610394828753,
            43.99972866272511,
            54.271837598235585,
            41.489892635112206,
            10.226971598861887,
            18.597412167222497,
            100.05149949816676,
            20.599264149094818,
            49.63213306443181,
            25.670647956784446,
            61.154245204207335,
            50.9730128479514,
            75.38922452208782,
            17.090572175852913,
            42.27449969147549,
            0.0,
            59.51978930838978,
            66.4216711881345
        ],
        [
            43.44908372102217,
            25.57577964868151,
            59.505901749011905,
            61.38007830525315,
            34.86010920314192,
            61.300421925908815,
            50.56867700841912,
            40.713056072530655,
            61.8663695874033,
            20.59753773307045,
            37.41418172668473,
            46.50871831914305,
            54.995249068112756,
            20.446889354317754,
            68.77867361947062,
            47.38260179422204,
            59.51978930838978,
            0.0,
            43.44908372102217
        ],
        [
            0.0,
            26.069334924404757,
            34.728490621387714,
            96.02954492898279,
            25.341122466489217,
            61.183177084099064,
            69.88386801056281,
            68.2697054850327,
            54.448077105297045,
            59.00954867044049,
            42.411827727949685,
            8.00581427804202,
            89.82165436500986,
            36.3739486563334,
            64.52634886305306,
            26.6852157305339,
            66.4216711881345,
            43.44908372102217,
            0.0
        ]
    ],
    "scores_ave": [
        0,
        19.281950388371314,
        18.3014002375536,
        19.881370376684433,
        19.59558472219796,
        11.125688255042373,
        11.481821013920293,
        19.220726372856056,
        18.97693625355696,
        16.240519379367118,
        17.156980194917715,
        16.95517796552672,
        12.330918751667483,
        17.144289644923795,
        10.753298314520336,
        14.533573764161016,
        12.660462571312106,
        12.94548892912246,
        0
    ],
    "scores_var": [
        0,
        23.078017076800048,
        239.70945785660643,
        24.724186108096312,
        339.56401732344733,
        398.0054310934122,
        19.92165988151457,
        20.40581405041525,
        260.86214381182623,
        225.98187568011096,
        21.5683618548898,
        21.895474287979443,
        270.8805987627289,
        22.67955014798355,
        261.08980975919144,
        247.74082445360852,
        22.64804265001425,
        17.83118807579838,
        0
    ],
    "vertex_number": 19,
    "minimum_distances": {
        "cost": 356.1867448230596,
        "path": [
            0,
            1,
            13,
            7,
            17,
            9,
            12,
            3,
            6,
            16,
            5,
            14,
            8,
            10,
            4,
            15,
            2,
            11,
            18
        ]
    }
}