{
    "vertices": [
        [
            34.88471709296633,
            52.4988619166132
        ],
        [
            48.84930794761608,
            16.051395750513954
        ],
        [
            97.22339351530175,
            74.23516572660148
        ],
        [
            26.56186443412951,
            79.43936466310166
        ],
        [
            90.91882822415302,
            0.38618394826547275
        ],
        [
            13.3252984034557,
            72.00978601223265
        ],
        [
            94.68205150149271,
            0.10739099428139776
        ],
        [
            46.123230680711494,
            65.48634691507867
        ],
        [
            21.895481791687644,
            54.88410158665301
        ],
        [
            19.726627384767916,
            28.237902397413517
        ],
        [
            93.98406317737478,
            29.25463636334008
        ],
        [
            22.888737685024463,
            51.84261107950105
        ],
        [
            86.36562310564739,
            36.26509713909384
        ],
        [
            80.04349245982958,
            73.48882052262181
        ],
        [
            72.28368174808286,
            17.31959904467836
        ],
        [
            84.40633108686346,
            78.25896786518213
        ],
        [
            43.891447027876254,
            70.71144893690447
        ],
        [
            51.17984924286817,
            62.890514345344464
        ],
        [
            99.99405817643812,
            81.22660870882864
        ],
        [
            27.05653486581161,
            79.28432787228947
        ],
        [
            32.051527539807815,
            99.24916021155614
        ],
        [
            34.88471709296633,
            52.4988619166132
        ]
    ],
    "distances": [
        [
            0.0,
            39.03111051029315,
            66.01952348668345,
            28.196818342044537,
            76.52158398318015,
            29.077219490430032,
            79.50212215891266,
            17.174951360842282,
            13.206422755444265,
            28.607024319108,
            63.50611568326408,
            12.013916393789987,
            53.97979995089208,
            49.798527638041364,
            51.344552714843545,
            55.82090388951117,
            20.317960283751038,
            19.326607875732382,
            71.16536890989542,
            27.905942439635208,
            46.83606893954991,
            0.0
        ],
        [
            39.03111051029315,
            0.0,
            75.66639441086141,
            67.19199908642426,
            44.8914624077592,
            66.2819484835533,
            48.52681392119398,
            49.51005851246828,
            47.270369016965795,
            31.569628876827515,
            47.02628724798941,
            44.21495564947314,
            42.61534496942863,
            65.36157060409097,
            23.46866453412577,
            71.65252209745735,
            54.88444041109032,
            46.89706231172132,
            82.84680959536259,
            66.88294747775468,
            84.87657767572867,
            39.03111051029315
        ],
        [
            66.01952348668345,
            75.66639441086141,
            0.0,
            70.85291369209892,
            74.11760690421245,
            83.92760379201523,
            74.17132468816195,
            51.843692695625904,
            77.77376143654747,
            90.11934861318804,
            45.097020775628124,
            77.63419067027849,
            39.491990160142606,
            17.196105124106367,
            62.139930429285116,
            13.433840588042225,
            53.44822818533473,
            47.42055550212173,
            7.5204293519853795,
            70.34829131621447,
            69.80739240811884,
            66.01952348668345
        ],
        [
            28.196818342044537,
            67.19199908642426,
            70.85291369209892,
            0.0,
            101.93735414166363,
            15.179107984787391,
            104.56539548188466,
            24.027770468971134,
            24.994720877002905,
            51.655688976778265,
            84.04915132167936,
            27.840126947788224,
            73.75979207858266,
            53.81164847732455,
            77.13202874927102,
            57.856509218408505,
            19.403374598174672,
            29.66327060326996,
            73.45394011955338,
            0.5183968002272941,
            20.556371291777467,
            28.196818342044537
        ],
        [
            76.52158398318015,
            44.8914624077592,
            74.11760690421245,
            101.93735414166363,
            0.0,
            105.59685716276299,
            3.7735361329000745,
            79.02326731779458,
            87.94455855626659,
            76.44637127376262,
            29.03072872250849,
            85.29863487696731,
            36.16667096383331,
            73.90716069576204,
            25.17953992852161,
            78.14462933518847,
            84.60033970323181,
            74.06738667498814,
            81.34822723424972,
            101.50521970639176,
            115.06192752382121,
            76.52158398318015
        ],
        [
            29.077219490430032,
            66.2819484835533,
            83.92760379201523,
            15.179107984787391,
            105.59685716276299,
            0.0,
            108.57658902347437,
            33.44038904255952,
            19.150381467544396,
            44.23748193462484,
            91.28986338227048,
            22.319818898451004,
            81.31772140953709,
            66.73458594482238,
            80.4183282415026,
            71.35520640549584,
            30.593710479301762,
            38.93749009615506,
            87.15746520641488,
            15.539170314365286,
            33.05533488618642,
            29.077219490430032
        ],
        [
            79.50212215891266,
            48.52681392119398,
            74.17132468816195,
            104.56539548188466,
            3.7735361329000745,
            108.57658902347437,
            0.0,
            81.43934526258353,
            91.09540467795699,
            80.06023530017781,
            29.155601525345308,
            88.49188045247996,
            37.101788298110776,
            74.82727851819179,
            28.24795698064933,
            78.82423102985486,
            86.97481532467098,
            76.3816874588738,
            81.29295724436882,
            104.12587494771343,
            117.2675271984813,
            79.50212215891266
        ],
        [
            17.174951360842282,
            49.51005851246828,
            51.843692695625904,
            24.027770468971134,
            79.02326731779458,
            33.44038904255952,
            81.43934526258353,
            0.0,
            26.446009571081234,
            45.653338153403396,
            60.02829446834739,
            26.94426084192429,
            49.73260084243565,
            34.85145252357961,
            54.81245114441649,
            40.35759683928832,
            5.681773438949385,
            5.683989621141155,
            56.123274106293195,
            23.53557239145614,
            36.57786750179013,
            17.174951360842282
        ],
        [
            13.206422755444265,
            47.270369016965795,
            77.77376143654747,
            24.994720877002905,
            87.94455855626659,
            19.150381467544396,
            91.09540467795699,
            26.446009571081234,
            0.0,
            26.734319902908368,
            76.50903903352756,
            3.1995658728558514,
            67.10489138401289,
            61.05183626516687,
            62.849523037742195,
            66.73822482763009,
            27.09847617149588,
            30.359130789241956,
            82.42157068878618,
            24.94007842057015,
            45.51267616861265,
            13.206422755444265
        ],
        [
            28.607024319108,
            31.569628876827515,
            90.11934861318804,
            51.655688976778265,
            76.44637127376262,
            44.23748193462484,
            80.06023530017781,
            45.653338153403396,
            26.734319902908368,
            0.0,
            74.26439603504897,
            23.81556662179607,
            67.12072411787773,
            75.4040436824014,
            53.67917018221117,
            81.76534144441436,
            48.86655977277568,
            46.79859698825129,
            96.18036931959125,
            51.57000191431763,
            72.0728929638483,
            28.607024319108
        ],
        [
            63.50611568326408,
            47.02628724798941,
            45.097020775628124,
            84.04915132167936,
            29.03072872250849,
            91.28986338227048,
            29.155601525345308,
            60.02829446834739,
            76.50903903352756,
            74.26439603504897,
            0.0,
            74.59733177963648,
            10.353124620851604,
            46.378902101797635,
            24.765937696251395,
            49.93152769483464,
            65.02259223885684,
            54.43870882167667,
            52.31831370914962,
            83.55994302520635,
            93.46053894150724,
            63.50611568326408
        ],
        [
            12.013916393789987,
            44.21495564947314,
            77.63419067027849,
            27.840126947788224,
            85.29863487696731,
            22.319818898451004,
            88.49188045247996,
            26.94426084192429,
            3.1995658728558514,
            23.81556662179607,
            74.59733177963648,
            0.0,
            65.36033906939645,
            61.116482037364996,
            60.2635782122932,
            66.94951981741455,
            28.233789009435036,
            30.371749369270642,
            82.51454274710575,
            27.756411040979042,
            48.28392712417741,
            12.013916393789987
        ],
        [
            53.97979995089208,
            42.61534496942863,
            39.491990160142606,
            73.75979207858266,
            36.16667096383331,
            81.31772140953709,
            37.101788298110776,
            49.73260084243565,
            67.10489138401289,
            67.12072411787773,
            10.353124620851604,
            65.36033906939645,
            0.0,
            37.75678638915388,
            23.605782563672552,
            42.03955284936182,
            54.686440601524225,
            44.12427363401627,
            46.98161092506466,
            73.26815243143879,
            83.1685828799016,
            53.97979995089208
        ],
        [
            49.798527638041364,
            65.36157060409097,
            17.196105124106367,
            53.81164847732455,
            73.90716069576204,
            66.73458594482238,
            74.82727851819179,
            34.85145252357961,
            61.05183626516687,
            75.4040436824014,
            46.378902101797635,
            61.116482037364996,
            37.75678638915388,
            0.0,
            56.70269926308979,
            6.464415407078522,
            36.258573907962344,
            30.74791039377078,
            21.398561597156895,
            53.30296033533513,
            54.468557882267135,
            49.798527638041364
        ],
        [
            51.344552714843545,
            23.46866453412577,
            62.139930429285116,
            77.13202874927102,
            25.17953992852161,
            80.4183282415026,
            28.24795698064933,
            54.81245114441649,
            62.849523037742195,
            53.67917018221117,
            24.765937696251395,
            60.2635782122932,
            23.605782563672552,
            56.70269926308979,
            0.0,
            62.13344750802442,
            60.471552215246724,
            50.22031528921976,
            69.65608979848743,
            76.71455164302218,
            91.27474582399884,
            51.344552714843545
        ],
        [
            55.82090388951117,
            71.65252209745735,
            13.433840588042225,
            57.856509218408505,
            78.14462933518847,
            71.35520640549584,
            78.82423102985486,
            40.35759683928832,
            66.73822482763009,
            81.76534144441436,
            49.93152769483464,
            66.94951981741455,
            42.03955284936182,
            6.464415407078522,
            62.13344750802442,
            0.0,
            41.21190207071114,
            36.60858450310199,
            15.867707080606781,
            57.35896172125457,
            56.40579428736527,
            55.82090388951117
        ],
        [
            20.317960283751038,
            54.88444041109032,
            53.44822818533473,
            19.403374598174672,
            84.60033970323181,
            30.593710479301762,
            86.97481532467098,
            5.681773438949385,
            27.09847617149588,
            48.86655977277568,
            65.02259223885684,
            28.233789009435036,
            54.686440601524225,
            36.258573907962344,
            60.471552215246724,
            41.21190207071114,
            0.0,
            10.690548383172823,
            57.0795196433522,
            18.892022674801122,
            30.896353478676474,
            20.317960283751038
        ],
        [
            19.326607875732382,
            46.89706231172132,
            47.42055550212173,
            29.66327060326996,
            74.06738667498814,
            38.93749009615506,
            76.3816874588738,
            5.683989621141155,
            30.359130789241956,
            46.79859698825129,
            54.43870882167667,
            30.371749369270642,
            44.12427363401627,
            30.74791039377078,
            50.22031528921976,
            36.60858450310199,
            10.690548383172823,
            0.0,
            52.144408619878085,
            29.166614793125184,
            41.08337644839287,
            19.326607875732382
        ],
        [
            71.16536890989542,
            82.84680959536259,
            7.5204293519853795,
            73.45394011955338,
            81.34822723424972,
            87.15746520641488,
            81.29295724436882,
            56.123274106293195,
            82.42157068878618,
            96.18036931959125,
            52.31831370914962,
            82.51454274710575,
            46.98161092506466,
            21.398561597156895,
            69.65608979848743,
            15.867707080606781,
            57.0795196433522,
            52.144408619878085,
            0.0,
            72.96337959234188,
            70.29224588799188,
            71.16536890989542
        ],
        [
            27.905942439635208,
            66.88294747775468,
            70.34829131621447,
            0.5183968002272941,
            101.50521970639176,
            15.539170314365286,
            104.12587494771343,
            23.53557239145614,
            24.94007842057015,
            51.57000191431763,
            83.55994302520635,
            27.756411040979042,
            73.26815243143879,
            53.30296033533513,
            76.71455164302218,
            57.35896172125457,
            18.892022674801122,
            29.166614793125184,
            72.96337959234188,
            0.0,
            20.5801963583515,
            27.905942439635208
        ],
        [
            46.83606893954991,
            84.87657767572867,
            69.80739240811884,
            20.556371291777467,
            115.06192752382121,
            33.05533488618642,
            117.2675271984813,
            36.57786750179013,
            45.51267616861265,
            72.0728929638483,
            93.46053894150724,
            48.28392712417741,
            83.1685828799016,
            54.468557882267135,
            91.27474582399884,
            56.40579428736527,
            30.896353478676474,
            41.08337644839287,
            70.29224588799188,
            20.5801963583515,
            0.0,
            46.83606893954991
        ],
        [
            0.0,
            39.03111051029315,
            66.01952348668345,
            28.196818342044537,
            76.52158398318015,
            29.077219490430032,
            79.50212215891266,
            17.174951360842282,
            13.206422755444265,
            28.607024319108,
            63.50611568326408,
            12.013916393789987,
            53.97979995089208,
            49.798527638041364,
            51.344552714843545,
            55.82090388951117,
            20.317960283751038,
            19.326607875732382,
            71.16536890989542,
            27.905942439635208,
            46.83606893954991,
            0.0
        ]
    ],
    "scores_ave": [
        0,
        10.454239125079821,
        13.23592471315416,
        17.504667350246116,
        14.069302500911913,
        13.036452381588587,
        13.395986609508904,
        18.42969001945204,
        14.940612952996963,
        16.391299986258822,
        16.196169381930524,
        18.04142633927344,
        13.21977328296688,
        14.446882366648758,
        16.950060661417226,
        17.25370100362138,
        15.05270598433538,
        13.317846866946876,
        14.575029469629651,
        10.54453442857627,
        16.704987004361662,
        0
    ],
    "scores_var": [
        0,
        19.936582737959302,
        376.6167557145238,
        23.497897268840532,
        23.588664535378786,
        247.18058799673472,
        237.69406061106739,
        353.373600580254,
        265.31693934047826,
        17.756087362606817,
        264.42818157904355,
        367.327068955585,
        22.929106718130956,
        248.5673277116247,
        252.7300272401598,
        24.054211920176563,
        307.0018923016272,
        19.67719275782873,
        324.44730664221663,
        307.3808091086937,
        397.6659129695588,
        0
    ],
    "vertex_number": 22,
    "minimum_distances": {
        "cost": 365.1032537475873,
        "path": [
            0,
            11,
            8,
            5,
            3,
            19,
            20,
            16,
            7,
            17,
            13,
            15,
            18,
            2,
            12,
            10,
            6,
            4,
            14,
            1,
            9,
            21
        ]
    }
}