{
    "vertices": [
        [
            65.43716749911243,
            40.77745360972737
        ],
        [
            78.99453316424521,
            60.11445663811189
        ],
        [
            83.93345739829908,
            61.73182192277864
        ],
        [
            2.5550522035538425,
            86.67479549750308
        ],
        [
            89.07230774133657,
            20.921245967631783
        ],
        [
            64.37687857250016,
            84.4371122794429
        ],
        [
            47.781525697693475,
            57.55845216544735
        ],
        [
            4.926237607050432,
            31.664486647229182
        ],
        [
            83.99782084013422,
            33.314989133698006
        ],
        [
            64.70258281652596,
            43.55905616838472
        ],
        [
            85.0582860844668,
            74.59902372062666
        ],
        [
            51.19925424360056,
            23.060916319092538
        ],
        [
            68.50969794159522,
            79.76790029494097
        ],
        [
            62.831944049192444,
            4.9544611936100384
        ],
        [
            96.24318201807891,
            89.41106802226618
        ],
        [
            57.07166291721521,
            33.100625543283314
        ],
        [
            70.05602745394957,
            20.794343161567454
        ],
        [
            3.4807747093264396,
            22.888408718933317
        ],
        [
            92.54152411676696,
            87.87578288562325
        ],
        [
            20.313994107417056,
            59.2536851243607
        ],
        [
            59.589996106549606,
            68.1554921323449
        ],
        [
            82.42295828836087,
            43.97454793438107
        ],
        [
            19.52997647423095,
            39.994609197477615
        ],
        [
            65.43716749911243,
            40.77745360972737
        ]
    ],
    "distances": [
        [
            0.0,
            23.61613537177227,
            27.94992471248825,
            77.85066741144416,
            30.868897553939597,
            43.672531501665475,
            24.35823474612002,
            61.19329050853228,
            20.004655170774214,
            2.8769649720182224,
            39.100983354731824,
            22.728701402454455,
            39.11132030541117,
            35.91759979270904,
            57.56942748864432,
            11.354089838973735,
            20.509962712441872,
            64.4873052206951,
            54.34058122837576,
            48.75932636859676,
            27.995471180888078,
            17.284053368838286,
            45.91386536950194,
            0.0
        ],
        [
            23.61613537177227,
            0.0,
            5.197003276290077,
            80.92246813997694,
            40.468127002460896,
            28.377233889340527,
            31.31748703154989,
            79.34427010963101,
            27.262508066717533,
            21.87101116671826,
            15.702604339579034,
            46.319999788964,
            22.27531407675944,
            57.47916478463729,
            33.997166438940425,
            34.790218600751,
            40.323296097185796,
            84.19089237957272,
            30.89032532830416,
            58.6868519482756,
            21.00462592485277,
            16.500022781694373,
            62.77612415062209,
            23.61613537177227
        ],
        [
            27.94992471248825,
            5.197003276290077,
            0.0,
            85.11519701433781,
            41.132844451106806,
            29.96648103381706,
            36.392020839967934,
            84.53511359024114,
            28.41690567980992,
            26.458948436095493,
            12.916273521405818,
            50.66524446188211,
            23.731676696454542,
            60.571796712601014,
            30.29306826405687,
            39.25941172337169,
            43.22568945875758,
            89.33893272911416,
            27.52463455627226,
            63.66770980184192,
            25.17672827482106,
            17.821402499807505,
            67.97289733564251,
            27.94992471248825
        ],
        [
            77.85066741144416,
            80.92246813997694,
            85.11519701433781,
            0.0,
            108.6681406004871,
            61.86231034948933,
            53.78843141184042,
            55.06138937604352,
            97.36628522427223,
            75.63916009043722,
            83.38229946946672,
            80.08110898481802,
            66.3153111714762,
            101.54563865233627,
            93.72807933310632,
            76.43462912835074,
            94.32187264755733,
            63.79310386258842,
            89.99448593160538,
            32.669516550461005,
            59.96623569266819,
            90.56596250426242,
            49.670794708765314,
            77.85066741144416
        ],
        [
            30.868897553939597,
            40.468127002460896,
            41.132844451106806,
            108.6681406004871,
            0.0,
            68.14785026083273,
            55.20157207686113,
            84.82911256958873,
            13.392359275978501,
            33.261899278247014,
            53.82765269228941,
            37.933446593412704,
            62.335781436461005,
            30.716362133493746,
            68.86419362025761,
            34.240013960385056,
            19.016703717801636,
            85.6141358425102,
            67.04435454355749,
            78.72154460809801,
            55.68016442216574,
            23.99309441730922,
            72.11053337038558,
            30.868897553939597
        ],
        [
            43.672531501665475,
            28.377233889340527,
            29.96648103381706,
            61.86231034948933,
            68.14785026083273,
            0.0,
            31.58905042199037,
            79.49420562104252,
            54.75813045017639,
            40.87935364794063,
            22.9021528063879,
            62.77489317806072,
            6.235522150853424,
            79.4976644079155,
            32.25215544761728,
            51.85365026863692,
            63.89565550965784,
            86.58278336767607,
            28.373785686298483,
            50.75177623156251,
            16.970721798356493,
            44.30440278899455,
            63.13779144064383,
            43.672531501665475
        ],
        [
            24.35823474612002,
            31.31748703154989,
            36.392020839967934,
            53.78843141184042,
            55.20157207686113,
            31.58905042199037,
            0.0,
            50.07068171685585,
            43.58171099918147,
            21.96144945811557,
            40.98704604945445,
            34.66642248464706,
            30.37954428212389,
            54.714668588233984,
            57.99242424866562,
            26.162796728128644,
            42.98549917517091,
            56.254497159929116,
            54.06105807762167,
            27.519794811150376,
            15.866229213548348,
            37.209559337521505,
            33.266178219465274,
            24.35823474612002
        ],
        [
            61.19329050853228,
            79.34427010963101,
            84.53511359024114,
            55.06138937604352,
            84.82911256958873,
            79.49420562104252,
            50.07068171685585,
            0.0,
            79.0888072576919,
            60.9482750428262,
            90.90940362192433,
            47.0660545514242,
            79.72951042542212,
            63.76908575710107,
            108.04375038414132,
            52.1651979360448,
            66.03067124374945,
            8.89431879303966,
            104.09682154119889,
            31.59029792080365,
            65.72457664075375,
            78.46833326412946,
            16.812499237262625,
            61.19329050853228
        ],
        [
            20.004655170774214,
            27.262508066717533,
            28.41690567980992,
            97.36628522427223,
            13.392359275978501,
            54.75813045017639,
            43.58171099918147,
            79.0888072576919,
            0.0,
            21.84598635445086,
            41.29765245518393,
            34.36410889393881,
            48.96687560253951,
            35.38804721046131,
            57.41706137596018,
            26.927011201373055,
            18.738734706017137,
            81.18933610257066,
            55.22567410651743,
            68.76369490522424,
            42.539423567134854,
            10.775267323004003,
            64.81296383735875,
            20.004655170774214
        ],
        [
            2.8769649720182224,
            21.87101116671826,
            26.458948436095493,
            75.63916009043722,
            33.261899278247014,
            40.87935364794063,
            21.96144945811557,
            60.9482750428262,
            21.84598635445086,
            0.0,
            37.1191896621773,
            24.546152851913956,
            36.40844021043442,
            38.6498905892921,
            55.65264044986085,
            12.946416865285771,
            23.385712043226626,
            64.61722257954355,
            52.335255035670436,
            47.081505770867075,
            25.122165611193253,
            17.725245845133408,
            45.313018504226356,
            2.8769649720182224
        ],
        [
            39.100983354731824,
            15.702604339579034,
            12.916273521405818,
            83.38229946946672,
            53.82765269228941,
            22.9021528063879,
            40.98704604945445,
            90.90940362192433,
            41.29765245518393,
            37.1191896621773,
            0.0,
            61.66531076490947,
            17.3370428436595,
            73.10523490044014,
            18.56067222488088,
            50.053652490013924,
            55.85706234738211,
            96.58611735655651,
            15.24044570783232,
            66.53797983290083,
            26.270761194309966,
            30.737655567321184,
            74.10414876958548,
            39.100983354731824
        ],
        [
            22.728701402454455,
            46.319999788964,
            50.66524446188211,
            80.08110898481802,
            37.933446593412704,
            62.77489317806072,
            34.66642248464706,
            47.0660545514242,
            34.36410889393881,
            24.546152851913956,
            61.66531076490947,
            0.0,
            59.290247871455,
            21.521226482806057,
            80.1953743079149,
            11.631033700245471,
            18.992505095035494,
            47.71879135031661,
            76.87750130111476,
            47.57957342674815,
            45.86856567179544,
            37.5805758552843,
            35.91229746107812,
            22.728701402454455
        ],
        [
            39.11132030541117,
            22.27531407675944,
            23.731676696454542,
            66.3153111714762,
            62.335781436461005,
            6.235522150853424,
            30.37954428212389,
            79.72951042542212,
            48.96687560253951,
            36.40844021043442,
            17.3370428436595,
            59.290247871455,
            0.0,
            75.02857828475258,
            29.36216652152734,
            48.04855021710487,
            58.99382659163625,
            86.39466082283923,
            25.362697597415746,
            52.37994742395873,
            14.642715054280197,
            38.40238126319878,
            63.09459406117249,
            39.11132030541117
        ],
        [
            35.91759979270904,
            57.47916478463729,
            60.571796712601014,
            101.54563865233627,
            30.716362133493746,
            79.4976644079155,
            54.714668588233984,
            63.76908575710107,
            35.38804721046131,
            38.6498905892921,
            73.10523490044014,
            21.521226482806057,
            75.02857828475258,
            0.0,
            90.82526773769382,
            28.729556319550635,
            17.40945840047041,
            62.00151430288215,
            88.08294238353963,
            68.96507657309692,
            63.284125483265775,
            43.66205455743689,
            55.70343228200541,
            35.91759979270904
        ],
        [
            57.56942748864432,
            33.997166438940425,
            30.29306826405687,
            93.72807933310632,
            68.86419362025761,
            32.25215544761728,
            57.99242424866562,
            108.04375038414132,
            57.41706137596018,
            55.65264044986085,
            18.56067222488088,
            80.1953743079149,
            29.36216652152734,
            90.82526773769382,
            0.0,
            68.59499865768763,
            73.44400584645715,
            114.14958786829759,
            4.007414586630869,
            81.69889423990682,
            42.37045602630839,
            47.491851318265624,
            91.25186194042668,
            57.56942748864432
        ],
        [
            11.354089838973735,
            34.790218600751,
            39.25941172337169,
            76.43462912835074,
            34.240013960385056,
            51.85365026863692,
            26.162796728128644,
            52.1651979360448,
            26.927011201373055,
            12.946416865285771,
            50.053652490013924,
            11.631033700245471,
            48.04855021710487,
            28.729556319550635,
            68.59499865768763,
            0.0,
            17.889614542558906,
            54.55522588513376,
            65.2566388606827,
            45.11217952817389,
            35.145208402133704,
            27.584966288953282,
            38.1694279706632,
            11.354089838973735
        ],
        [
            20.509962712441872,
            40.323296097185796,
            43.22568945875758,
            94.32187264755733,
            19.016703717801636,
            63.89565550965784,
            42.98549917517091,
            66.03067124374945,
            18.738734706017137,
            23.385712043226626,
            55.85706234738211,
            18.992505095035494,
            58.99382659163625,
            17.40945840047041,
            73.44400584645715,
            17.889614542558906,
            0.0,
            66.60817809074946,
            70.74967926164544,
            62.87599594168368,
            48.503775564350995,
            26.272854271523002,
            54.051198353550404,
            20.509962712441872
        ],
        [
            64.4873052206951,
            84.19089237957272,
            89.33893272911416,
            63.79310386258842,
            85.6141358425102,
            86.58278336767607,
            56.254497159929116,
            8.89431879303966,
            81.18933610257066,
            64.61722257954355,
            96.58611735655651,
            47.71879135031661,
            86.39466082283923,
            62.00151430288215,
            114.14958786829759,
            54.55522588513376,
            66.60817809074946,
            0.0,
            110.25051422145965,
            40.072317169679465,
            72.09267345964753,
            81.7098134573762,
            23.456320515007533,
            64.4873052206951
        ],
        [
            54.34058122837576,
            30.89032532830416,
            27.52463455627226,
            89.99448593160538,
            67.04435454355749,
            28.373785686298483,
            54.06105807762167,
            104.09682154119889,
            55.22567410651743,
            52.335255035670436,
            15.24044570783232,
            76.87750130111476,
            25.362697597415746,
            88.08294238353963,
            4.007414586630869,
            65.2566388606827,
            70.74967926164544,
            110.25051422145965,
            0.0,
            77.69195950358578,
            38.40173258593907,
            45.052234180648085,
            87.31147051168406,
            54.34058122837576
        ],
        [
            48.75932636859676,
            58.6868519482756,
            63.66770980184192,
            32.669516550461005,
            78.72154460809801,
            50.75177623156251,
            27.519794811150376,
            31.59029792080365,
            68.76369490522424,
            47.081505770867075,
            66.53797983290083,
            47.57957342674815,
            52.37994742395873,
            68.96507657309692,
            81.69889423990682,
            45.11217952817389,
            62.87599594168368,
            40.072317169679465,
            77.69195950358578,
            0.0,
            40.27215540597822,
            63.96073377393337,
            19.275027605858163,
            48.75932636859676
        ],
        [
            27.995471180888078,
            21.00462592485277,
            25.17672827482106,
            59.96623569266819,
            55.68016442216574,
            16.970721798356493,
            15.866229213548348,
            65.72457664075375,
            42.539423567134854,
            25.122165611193253,
            26.270761194309966,
            45.86856567179544,
            14.642715054280197,
            63.284125483265775,
            42.37045602630839,
            35.145208402133704,
            48.503775564350995,
            72.09267345964753,
            38.40173258593907,
            40.27215540597822,
            0.0,
            33.25751380216303,
            48.96774959718954,
            27.995471180888078
        ],
        [
            17.284053368838286,
            16.500022781694373,
            17.821402499807505,
            90.56596250426242,
            23.99309441730922,
            44.30440278899455,
            37.209559337521505,
            78.46833326412946,
            10.775267323004003,
            17.725245845133408,
            30.737655567321184,
            37.5805758552843,
            38.40238126319878,
            43.66205455743689,
            47.491851318265624,
            27.584966288953282,
            26.272854271523002,
            81.7098134573762,
            45.052234180648085,
            63.96073377393337,
            33.25751380216303,
            0.0,
            63.01878350001674,
            17.284053368838286
        ],
        [
            45.91386536950194,
            62.77612415062209,
            67.97289733564251,
            49.670794708765314,
            72.11053337038558,
            63.13779144064383,
            33.266178219465274,
            16.812499237262625,
            64.81296383735875,
            45.313018504226356,
            74.10414876958548,
            35.91229746107812,
            63.09459406117249,
            55.70343228200541,
            91.25186194042668,
            38.1694279706632,
            54.051198353550404,
            23.456320515007533,
            87.31147051168406,
            19.275027605858163,
            48.96774959718954,
            63.01878350001674,
            0.0,
            45.91386536950194
        ],
        [
            0.0,
            23.61613537177227,
            27.94992471248825,
            77.85066741144416,
            30.868897553939597,
            43.672531501665475,
            24.35823474612002,
            61.19329050853228,
            20.004655170774214,
            2.8769649720182224,
            39.100983354731824,
            22.728701402454455,
            39.11132030541117,
            35.91759979270904,
            57.56942748864432,
            11.354089838973735,
            20.509962712441872,
            64.4873052206951,
            54.34058122837576,
            48.75932636859676,
            27.995471180888078,
            17.284053368838286,
            45.91386536950194,
            0.0
        ]
    ],
    "scores_ave": [
        0,
        18.696697028960592,
        14.69442037420803,
        15.668682074811477,
        15.131560829378166,
        17.280082791873138,
        10.09263317324802,
        19.914939613146622,
        18.88128531327977,
        15.076101160657759,
        11.484766253954215,
        12.88752412432016,
        12.148508315933318,
        17.74109570006941,
        12.407615759473915,
        17.22315789741739,
        13.119240153254117,
        13.158578510608272,
        19.284917924746757,
        16.480078398522018,
        10.761042393595377,
        14.605681224006833,
        12.974210717929637,
        0
    ],
    "scores_var": [
        0,
        20.34778142235979,
        20.45731710845553,
        272.48827384736705,
        24.61693143881302,
        371.11059600257806,
        293.7075976985675,
        20.04152809104587,
        24.780746676934328,
        20.728861745259035,
        24.9296491160221,
        16.930212015082514,
        16.709981665288932,
        17.908610046174758,
        23.756220269153353,
        24.83744862497919,
        16.106561671095903,
        291.9833311983207,
        397.31608062056864,
        20.13738588364918,
        20.65085829560583,
        16.10297444673844,
        24.1497429963334,
        0
    ],
    "vertex_number": 24,
    "minimum_distances": {
        "cost": 426.88963226085815,
        "path": [
            0,
            21,
            8,
            4,
            16,
            13,
            11,
            15,
            17,
            7,
            22,
            19,
            3,
            6,
            20,
            5,
            12,
            18,
            14,
            10,
            2,
            1,
            9,
            23
        ]
    }
}