{
    "vertices": [
        [
            91.93230204644843,
            75.75903171698161
        ],
        [
            35.75892880162321,
            75.50563386336182
        ],
        [
            84.81897098753001,
            86.53339577998098
        ],
        [
            23.261615284132077,
            33.356361235240215
        ],
        [
            65.97765826158903,
            9.48028631886617
        ],
        [
            65.48119799909374,
            78.82036235276603
        ],
        [
            57.457060530826354,
            23.39263874019315
        ],
        [
            74.96372697646787,
            27.552456943753246
        ],
        [
            4.163389736921497,
            69.71780690644701
        ],
        [
            34.061072317478256,
            87.4250797428769
        ],
        [
            75.98285656083358,
            40.25747527416142
        ],
        [
            41.45835210454233,
            87.92698899459782
        ],
        [
            58.60183233708312,
            23.287171206872912
        ],
        [
            21.863243759207496,
            49.989842300301504
        ],
        [
            85.3030204928077,
            9.498343606578652
        ],
        [
            55.93457442553794,
            53.893788990318924
        ],
        [
            86.76447724926473,
            22.83037868443595
        ],
        [
            91.29855017935384,
            89.75423069421821
        ],
        [
            44.08385917312574,
            13.08224185509963
        ],
        [
            91.93230204644843,
            75.75903171698161
        ]
    ],
    "distances": [
        [
            0.0,
            56.173944780250785,
            12.910708722445321,
            80.70718483748094,
            71.17946070003023,
            26.627667013570225,
            62.6959439753475,
            51.10583519787563,
            87.97657850364975,
            59.035378434340004,
            38.919729202055706,
            51.9199268782992,
            62.1628213359016,
            74.65737774964713,
            66.59148716451327,
            42.11799180119035,
            53.18034152742902,
            14.009540886177897,
            78.85336690840877,
            0.0
        ],
        [
            56.173944780250785,
            0.0,
            50.28418510995868,
            43.962984751199365,
            72.6121073137672,
            29.90653291850082,
            56.44974031158384,
            61.939675302778134,
            32.12128623938154,
            12.039763565595551,
            53.48267989085435,
            13.666509769584197,
            56.99619359340984,
            29.05418527316772,
            82.53229300430056,
            29.56566446333077,
            73.32290556578936,
            57.338225072197375,
            62.9760616068323,
            56.173944780250785
        ],
        [
            12.910708722445321,
            50.28418510995868,
            0.0,
            81.34559019496515,
            79.32324213534925,
            20.819230264388516,
            68.81445591878341,
            59.798636945338586,
            82.38984655913148,
            50.76573034724239,
            47.111970207396375,
            43.383007871326,
            68.46475941510913,
            72.79323383233597,
            77.03657292015512,
            43.585000816039596,
            63.73271829829441,
            7.235932838818083,
            83.99060273285716,
            12.910708722445321
        ],
        [
            80.70718483748094,
            43.962984751199365,
            81.34559019496515,
            0.0,
            48.935950803721546,
            62.04408563465077,
            35.61747101603331,
            52.02685516607271,
            41.071851070438136,
            55.13669008267675,
            53.170994505786425,
            57.52455688626941,
            36.74669412582665,
            16.692157897152555,
            66.47060226473512,
            38.59155604340222,
            64.36932333357659,
            88.37275705469739,
            29.062101734267703,
            80.70718483748094
        ],
        [
            71.17946070003023,
            72.6121073137672,
            79.32324213534925,
            48.935950803721546,
            0.0,
            69.34185328630359,
            16.31423107549604,
            20.18298248633129,
            86.31084914296075,
            84.22623866847857,
            32.362622776857165,
            82.18930304557662,
            15.653526068566226,
            59.89245104936826,
            19.325370667427126,
            45.5348520639421,
            24.704590864769234,
            84.17276111123029,
            22.188116689142387,
            71.17946070003023
        ],
        [
            26.627667013570225,
            29.90653291850082,
            20.819230264388516,
            62.04408563465077,
            69.34185328630359,
            0.0,
            56.00552943220358,
            52.13747674019354,
            61.98975823254863,
            32.57706953076334,
            39.96725024797895,
            25.691005695906224,
            55.957671420082804,
            52.285034365183016,
            72.10025610231256,
            26.692172658826944,
            59.89871657072986,
            28.037210105639815,
            69.1328185118977,
            26.627667013570225
        ],
        [
            62.6959439753475,
            56.44974031158384,
            68.81445591878341,
            35.61747101603331,
            16.31423107549604,
            56.00552943220358,
            0.0,
            17.994095073818535,
            70.61328877995139,
            68.17276410151857,
            25.052501469172746,
            66.48790141121489,
            1.1496198889132996,
            44.43344494397679,
            31.119912009262684,
            30.539124586692786,
            29.312809675609422,
            74.49233053344429,
            16.886290252206127,
            62.6959439753475
        ],
        [
            51.10583519787563,
            61.939675302778134,
            59.798636945338586,
            52.02685516607271,
            20.18298248633129,
            52.13747674019354,
            17.994095073818535,
            0.0,
            82.40512417750449,
            72.51040007473898,
            12.745827391179326,
            69.04849213173824,
            16.90870363474274,
            57.646314535664786,
            20.8050955010683,
            32.49576004333475,
            12.710457508997552,
            64.31086305418063,
            34.10210199186825,
            51.10583519787563
        ],
        [
            87.97657850364975,
            32.12128623938154,
            82.38984655913148,
            41.071851070438136,
            86.31084914296075,
            61.98975823254863,
            70.61328877995139,
            82.40512417750449,
            0.0,
            34.74793425502436,
            77.62697311344334,
            41.50287375979748,
            71.5496188962433,
            26.504290594384216,
            101.04466061759892,
            54.135525369878664,
            94.98089588699416,
            89.40914082761107,
            69.29091649482143,
            87.97657850364975
        ],
        [
            59.035378434340004,
            12.039763565595551,
            50.76573034724239,
            55.13669008267675,
            84.22623866847857,
            32.57706953076334,
            68.17276410151857,
            72.51040007473898,
            34.74793425502436,
            0.0,
            63.10482473998025,
            7.414287635711858,
            68.67255793774287,
            39.372376406802836,
            93.26474927677337,
            40.03495415263856,
            83.36740547859942,
            57.2848480502727,
            75.01542375779846,
            59.035378434340004
        ],
        [
            38.919729202055706,
            53.48267989085435,
            47.111970207396375,
            53.170994505786425,
            32.362622776857165,
            39.96725024797895,
            25.052501469172746,
            12.745827391179326,
            77.62697311344334,
            63.10482473998025,
            0.0,
            58.858507849718286,
            24.291793330316917,
            54.98773915819261,
            32.140156139361935,
            24.24629184724707,
            20.49260940477878,
            51.81215367198417,
            41.90512314409164,
            38.919729202055706
        ],
        [
            51.9199268782992,
            13.666509769584197,
            43.383007871326,
            57.52455688626941,
            82.18930304557662,
            25.691005695906224,
            66.48790141121489,
            69.04849213173824,
            41.50287375979748,
            7.414287635711858,
            58.858507849718286,
            0.0,
            66.87454641426582,
            42.69889191032911,
            89.85214167440093,
            36.984046766384836,
            79.31086715893554,
            49.87368200128478,
            74.89078355674084,
            51.9199268782992
        ],
        [
            62.1628213359016,
            56.99619359340984,
            68.46475941510913,
            36.74669412582665,
            15.653526068566226,
            55.957671420082804,
            1.1496198889132996,
            16.90870363474274,
            71.5496188962433,
            68.67255793774287,
            24.291793330316917,
            66.87454641426582,
            0.0,
            45.41757957243252,
            30.051376266621197,
            30.722618978671953,
            28.166349210683716,
            74.0739181800947,
            17.745763659647633,
            62.1628213359016
        ],
        [
            74.65737774964713,
            29.05418527316772,
            72.79323383233597,
            16.692157897152555,
            59.89245104936826,
            52.285034365183016,
            44.43344494397679,
            57.646314535664786,
            26.504290594384216,
            39.372376406802836,
            54.98773915819261,
            42.69889191032911,
            45.41757957243252,
            0.0,
            75.26065863698511,
            34.29426151899071,
            70.35486175405686,
            80.01542577529581,
            43.080467963984866,
            74.65737774964713
        ],
        [
            66.59148716451327,
            82.53229300430056,
            77.03657292015512,
            66.47060226473512,
            19.325370667427126,
            72.10025610231256,
            31.119912009262684,
            20.8050955010683,
            101.04466061759892,
            93.26474927677337,
            32.140156139361935,
            89.85214167440093,
            30.051376266621197,
            75.26065863698511,
            0.0,
            53.23026578204169,
            13.41189826863488,
            80.4795240321798,
            41.37467325011423,
            66.59148716451327
        ],
        [
            42.11799180119035,
            29.56566446333077,
            43.585000816039596,
            38.59155604340222,
            45.5348520639421,
            26.692172658826944,
            30.539124586692786,
            32.49576004333475,
            54.135525369878664,
            40.03495415263856,
            24.24629184724707,
            36.984046766384836,
            30.722618978671953,
            34.29426151899071,
            53.23026578204169,
            0.0,
            43.7654928905419,
            50.364492058544954,
            42.497315580680876,
            42.11799180119035
        ],
        [
            53.18034152742902,
            73.32290556578936,
            63.73271829829441,
            64.36932333357659,
            24.704590864769234,
            59.89871657072986,
            29.312809675609422,
            12.710457508997552,
            94.98089588699416,
            83.36740547859942,
            20.49260940477878,
            79.31086715893554,
            28.166349210683716,
            70.35486175405686,
            13.41189826863488,
            43.7654928905419,
            0.0,
            67.07726727560241,
            43.779690850949436,
            53.18034152742902
        ],
        [
            14.009540886177897,
            57.338225072197375,
            7.235932838818083,
            88.37275705469739,
            84.17276111123029,
            28.037210105639815,
            74.49233053344429,
            64.31086305418063,
            89.40914082761107,
            57.2848480502727,
            51.81215367198417,
            49.87368200128478,
            74.0739181800947,
            80.01542577529581,
            80.4795240321798,
            50.364492058544954,
            67.07726727560241,
            0.0,
            90.04343906892673,
            14.009540886177897
        ],
        [
            78.85336690840877,
            62.9760616068323,
            83.99060273285716,
            29.062101734267703,
            22.188116689142387,
            69.1328185118977,
            16.886290252206127,
            34.10210199186825,
            69.29091649482143,
            75.01542375779846,
            41.90512314409164,
            74.89078355674084,
            17.745763659647633,
            43.080467963984866,
            41.37467325011423,
            42.497315580680876,
            43.779690850949436,
            90.04343906892673,
            0.0,
            78.85336690840877
        ],
        [
            0.0,
            56.173944780250785,
            12.910708722445321,
            80.70718483748094,
            71.17946070003023,
            26.627667013570225,
            62.6959439753475,
            51.10583519787563,
            87.97657850364975,
            59.035378434340004,
            38.919729202055706,
            51.9199268782992,
            62.1628213359016,
            74.65737774964713,
            66.59148716451327,
            42.11799180119035,
            53.18034152742902,
            14.009540886177897,
            78.85336690840877,
            0.0
        ]
    ],
    "scores_ave": [
        0,
        14.620339090560867,
        18.334030976866323,
        19.444302237549195,
        17.453322213565805,
        17.535054205409867,
        13.794244253275032,
        18.101469280257824,
        14.96780002071334,
        10.09594859087533,
        16.168169068671634,
        13.023726521896567,
        14.487072114701771,
        13.798849561130375,
        18.0623382256867,
        17.103992547320747,
        17.169189447583463,
        13.368736504431684,
        16.349739687574285,
        0
    ],
    "scores_var": [
        0,
        17.20797257020001,
        22.885756780804428,
        22.126264730809922,
        17.5803464707602,
        238.86210610755205,
        19.665560725667603,
        17.408917542162147,
        21.1143083723051,
        16.129813994073988,
        257.2645464956248,
        20.83147527561016,
        19.520023198233222,
        17.992245712914816,
        24.05407649265341,
        18.932688056768132,
        263.98078575507145,
        21.528021680937158,
        18.83524567170579,
        0
    ],
    "vertex_number": 20,
    "minimum_distances": {
        "cost": 357.21254224564734,
        "path": [
            0,
            10,
            7,
            16,
            14,
            4,
            12,
            6,
            18,
            3,
            13,
            8,
            9,
            11,
            1,
            15,
            5,
            2,
            17,
            19
        ]
    }
}