{
    "vertices": [
        [
            58.02380604135634,
            48.44545176840599
        ],
        [
            63.78710192694058,
            39.11523500103914
        ],
        [
            12.677283327238943,
            99.1686383083318
        ],
        [
            67.03214872254325,
            21.310851963650514
        ],
        [
            19.895920786315003,
            37.749410757710514
        ],
        [
            84.24062879913524,
            33.184320659168
        ],
        [
            10.542943261472216,
            35.54719705803887
        ],
        [
            58.93709190525834,
            68.84366995090652
        ],
        [
            75.17847957853566,
            1.053008200592298
        ],
        [
            4.201199519365073,
            5.437455789587508
        ],
        [
            88.48652244231384,
            98.81741096857574
        ],
        [
            32.237842523274196,
            98.92069610675675
        ],
        [
            65.51932388960583,
            32.38622312765247
        ],
        [
            67.37156736038791,
            95.17440748338323
        ],
        [
            99.46018156269709,
            77.683631717499
        ],
        [
            17.612880318307965,
            98.57880508518045
        ],
        [
            10.903225095948155,
            74.15010967152703
        ],
        [
            56.03485486072065,
            75.90286771612026
        ],
        [
            62.99209653557217,
            87.39607176947968
        ],
        [
            51.6090091233791,
            44.75497191463492
        ],
        [
            58.02380604135634,
            48.44545176840599
        ]
    ],
    "distances": [
        [
            0.0,
            10.96670070672332,
            68.03784810696231,
            28.59085071182615,
            39.59975918265259,
            30.335192734613457,
            49.201598601017956,
            20.418653140941945,
            50.40165207109392,
            68.89528787177801,
            58.86689531637227,
            56.680386427511884,
            17.72234782271877,
            47.654757830565956,
            50.71335507616422,
            64.39251534594896,
            53.67567965614639,
            27.52935918841457,
            39.266203138360055,
            7.400625720165852,
            0.0
        ],
        [
            10.96670070672332,
            0.0,
            78.85825769114327,
            18.09769001966005,
            43.91242714520424,
            21.2960678633921,
            53.363576780012224,
            30.121461481457274,
            39.730298184256235,
            68.44466800518792,
            64.6096834000442,
            67.61692796177104,
            6.948395046348373,
            56.173652292233804,
            52.53655713859881,
            75.28595425651919,
            63.436163754221226,
            37.59557494380718,
            48.28738171233873,
            13.420602698341485,
            10.96670070672332
        ],
        [
            68.03784810696231,
            78.85825769114327,
            0.0,
            94.95412727541488,
            61.84197797354619,
            97.34085776669387,
            63.65723206581332,
            55.31341243815863,
            116.33175148806907,
            94.11364711390297,
            75.8100527361035,
            19.562130543397394,
            85.15968663727841,
            54.839936048301006,
            89.4028910849868,
            4.970716335638426,
            25.08134880261886,
            49.20543761141037,
            51.67372399103015,
            66.90684840784522,
            68.03784810696231
        ],
        [
            28.59085071182615,
            18.09769001966005,
            94.95412727541488,
            0.0,
            49.920438692802286,
            20.907200802830996,
            58.25550493532447,
            48.217203679648186,
            21.834443898202917,
            64.80503748838599,
            80.42112185546493,
            85.05252290088599,
            11.178214767822196,
            73.86433536577958,
            65.03435715879726,
            91.72023042492204,
            77.08724422756033,
            55.68867619364987,
            66.20859686217646,
            28.062430318335768,
            28.59085071182615
        ],
        [
            39.59975918265259,
            43.91242714520424,
            61.84197797354619,
            49.920438692802286,
            0.0,
            64.50644539007635,
            9.60874256910007,
            49.910580011779764,
            66.35350229829173,
            35.921953030274665,
            91.83665545568472,
            62.403919615803495,
            45.937552092820255,
            74.50884019074384,
            89.02366874352765,
            60.872222630896175,
            37.49505910375213,
            52.551963178471865,
            65.7424620304745,
            32.477651685394974,
            39.59975918265259
        ],
        [
            30.335192734613457,
            21.2960678633921,
            97.34085776669387,
            20.907200802830996,
            64.50644539007635,
            0.0,
            73.7355547784419,
            43.72480041406709,
            33.38478379152748,
            84.71244742965516,
            65.77028323180657,
            83.81861868009537,
            18.738308813374303,
            64.24434681976287,
            47.03002733349134,
            93.35788912014006,
            84.00339666542868,
            51.19023291724694,
            58.22726235881316,
            34.622284343163045,
            30.335192734613457
        ],
        [
            49.201598601017956,
            53.363576780012224,
            63.65723206581332,
            58.25550493532447,
            9.60874256910007,
            73.7355547784419,
            0.0,
            58.742222719797866,
            73.26391758517707,
            30.770346649715176,
            100.39084372493949,
            66.98409539329155,
            55.06717881967449,
            82.37048464155203,
            98.39590638297797,
            63.42686828525304,
            38.60459383603015,
            60.81195750193678,
            73.75106431783013,
            42.085685015029,
            49.201598601017956
        ],
        [
            20.418653140941945,
            30.121461481457274,
            55.31341243815863,
            48.217203679648186,
            49.910580011779764,
            43.72480041406709,
            58.742222719797866,
            0.0,
            69.70908473146953,
            83.76375056998785,
            42.09030762133457,
            40.21787438367522,
            37.0468785023268,
            27.64865485348901,
            41.47608611500892,
            50.91039898426034,
            48.32608677684476,
            7.632512885746445,
            18.990383771521397,
            25.17868484136433,
            20.418653140941945
        ],
        [
            50.40165207109392,
            39.730298184256235,
            116.33175148806907,
            21.834443898202917,
            66.35350229829173,
            33.38478379152748,
            73.26391758517707,
            69.70908473146953,
            0.0,
            71.11257037443225,
            98.66601468309463,
            106.87367611722777,
            32.78825470024795,
            94.44461700558917,
            80.38565488840358,
            113.2478665413308,
            97.33701547845769,
            77.25917315653079,
            87.19881053162798,
            49.65260889419604,
            50.40165207109392
        ],
        [
            68.89528787177801,
            68.44466800518792,
            94.11364711390297,
            64.80503748838599,
            35.921953030274665,
            84.71244742965516,
            30.770346649715176,
            83.76375056998785,
            71.11257037443225,
            0.0,
            125.79281255085922,
            97.5969752150458,
            66.97871630096735,
            109.74158679582122,
            119.55661251532092,
            94.10198791979045,
            69.03872790201449,
            87.47629452613081,
            100.86418742700357,
            61.59031974014917,
            68.89528787177801
        ],
        [
            58.86689531637227,
            64.6096834000442,
            75.8100527361035,
            80.42112185546493,
            91.83665545568472,
            65.77028323180657,
            100.39084372493949,
            42.09030762133457,
            98.66601468309463,
            125.79281255085922,
            0.0,
            56.248774746249744,
            70.28936567728823,
            21.426917708921046,
            23.812975872906193,
            70.87404377266229,
            81.41034197455488,
            39.72640206833334,
            27.93586836694269,
            65.4423280839647,
            58.86689531637227
        ],
        [
            56.680386427511884,
            67.61692796177104,
            19.562130543397394,
            85.05252290088599,
            62.403919615803495,
            83.81861868009537,
            66.98409539329155,
            40.21787438367522,
            106.87367611722777,
            97.5969752150458,
            56.248774746249744,
            0.0,
            74.3941738077965,
            35.33289259853542,
            70.49720398572272,
            14.62895789068125,
            32.69170924126713,
            33.10767614933688,
            32.84267202844959,
            57.52536634134573,
            56.680386427511884
        ],
        [
            17.72234782271877,
            6.948395046348373,
            85.15968663727841,
            11.178214767822196,
            45.937552092820255,
            18.738308813374303,
            55.06717881967449,
            37.0468785023268,
            32.78825470024795,
            66.97871630096735,
            70.28936567728823,
            74.3941738077965,
            0.0,
            62.81549888812703,
            56.60244733702368,
            81.70976221880716,
            68.75420326560553,
            44.53822525650191,
            55.06787017577232,
            18.614048550785107,
            17.72234782271877
        ],
        [
            47.654757830565956,
            56.173652292233804,
            54.839936048301006,
            73.86433536577958,
            74.50884019074384,
            64.24434681976287,
            82.37048464155203,
            27.64865485348901,
            94.44461700558917,
            109.74158679582122,
            21.426917708921046,
            35.33289259853542,
            62.81549888812703,
            0.0,
            36.54594913690273,
            49.875012372758135,
            60.255246880048,
            22.35874091493773,
            8.926492658575363,
            52.82591906674466,
            47.654757830565956
        ],
        [
            50.71335507616422,
            52.53655713859881,
            89.4028910849868,
            65.03435715879726,
            89.02366874352765,
            47.03002733349134,
            98.39590638297797,
            41.47608611500892,
            80.38565488840358,
            119.55661251532092,
            23.812975872906193,
            70.49720398572272,
            56.60244733702368,
            36.54594913690273,
            0.0,
            84.4724155630419,
            88.6274241795565,
            43.46182370313048,
            37.739272877321454,
            58.08641269892729,
            50.71335507616422
        ],
        [
            64.39251534594896,
            75.28595425651919,
            4.970716335638426,
            91.72023042492204,
            60.872222630896175,
            93.35788912014006,
            63.42686828525304,
            50.91039898426034,
            113.2478665413308,
            94.10198791979045,
            70.87404377266229,
            14.62895789068125,
            81.70976221880716,
            49.875012372758135,
            84.4724155630419,
            0.0,
            25.333389682709097,
            44.61441766182036,
            46.73678196991422,
            63.66114820596393,
            64.39251534594896
        ],
        [
            53.67567965614639,
            63.436163754221226,
            25.08134880261886,
            77.08724422756033,
            37.49505910375213,
            84.00339666542868,
            38.60459383603015,
            48.32608677684476,
            97.33701547845769,
            69.03872790201449,
            81.41034197455488,
            32.69170924126713,
            68.75420326560553,
            60.255246880048,
            88.6274241795565,
            25.333389682709097,
            0.0,
            45.165652502619565,
            53.74668398844785,
            50.209909151824974,
            53.67567965614639
        ],
        [
            27.52935918841457,
            37.59557494380718,
            49.20543761141037,
            55.68867619364987,
            52.551963178471865,
            51.19023291724694,
            60.81195750193678,
            7.632512885746445,
            77.25917315653079,
            87.47629452613081,
            39.72640206833334,
            33.10767614933688,
            44.53822525650191,
            22.35874091493773,
            43.46182370313048,
            44.61441766182036,
            45.165652502619565,
            0.0,
            13.434915375038587,
            31.460761646071635,
            27.52935918841457
        ],
        [
            39.266203138360055,
            48.28738171233873,
            51.67372399103015,
            66.20859686217646,
            65.7424620304745,
            58.22726235881316,
            73.75106431783013,
            18.990383771521397,
            87.19881053162798,
            100.86418742700357,
            27.93586836694269,
            32.84267202844959,
            55.06787017577232,
            8.926492658575363,
            37.739272877321454,
            46.73678196991422,
            53.74668398844785,
            13.434915375038587,
            0.0,
            44.13431857256289,
            39.266203138360055
        ],
        [
            7.400625720165852,
            13.420602698341485,
            66.90684840784522,
            28.062430318335768,
            32.477651685394974,
            34.622284343163045,
            42.085685015029,
            25.17868484136433,
            49.65260889419604,
            61.59031974014917,
            65.4423280839647,
            57.52536634134573,
            18.614048550785107,
            52.82591906674466,
            58.08641269892729,
            63.66114820596393,
            50.209909151824974,
            31.460761646071635,
            44.13431857256289,
            0.0,
            7.400625720165852
        ],
        [
            0.0,
            10.96670070672332,
            68.03784810696231,
            28.59085071182615,
            39.59975918265259,
            30.335192734613457,
            49.201598601017956,
            20.418653140941945,
            50.40165207109392,
            68.89528787177801,
            58.86689531637227,
            56.680386427511884,
            17.72234782271877,
            47.654757830565956,
            50.71335507616422,
            64.39251534594896,
            53.67567965614639,
            27.52935918841457,
            39.266203138360055,
            7.400625720165852,
            0.0
        ]
    ],
    "scores_ave": [
        0,
        14.08092187315796,
        10.121685159822448,
        14.538365995190325,
        17.03236995030083,
        11.482233882476102,
        10.08244955872591,
        11.941962152602741,
        12.381441966944655,
        10.236655382331529,
        14.141336581084467,
        10.219548186645678,
        13.964565679945684,
        12.013520728375422,
        11.103735743596303,
        15.13382763921177,
        16.26932176280611,
        11.743502675119316,
        11.619525131261693,
        17.56448290666882,
        0
    ],
    "scores_var": [
        0,
        21.010068155592762,
        390.5383743314049,
        22.443650747675697,
        18.54372511046115,
        21.726946770033376,
        398.4542335284068,
        394.4874907142779,
        22.77254648624933,
        20.27917857701616,
        328.17003128628033,
        17.29575636134826,
        349.6856054733662,
        23.035905145634032,
        329.96773110978523,
        16.93667092772855,
        16.449207201075662,
        16.75017213821764,
        285.1700394308628,
        250.35481795358388,
        0
    ],
    "vertex_number": 21,
    "minimum_distances": {
        "cost": 445.52103572593103,
        "path": [
            0,
            7,
            14,
            10,
            13,
            18,
            17,
            11,
            15,
            2,
            16,
            4,
            6,
            9,
            8,
            3,
            5,
            12,
            1,
            19,
            20
        ]
    }
}