{
    "vertices": [
        [
            48.869289635037596,
            80.23411070923915
        ],
        [
            79.81331037103682,
            72.97299729414381
        ],
        [
            98.1814601813049,
            39.25564720584834
        ],
        [
            4.347790262908092,
            10.350847071826353
        ],
        [
            98.54723084434193,
            81.85209895113212
        ],
        [
            29.15268304704215,
            70.34443699898802
        ],
        [
            6.149316463830656,
            28.844159290883965
        ],
        [
            69.56181820341743,
            4.272695588672548
        ],
        [
            27.542615071173394,
            10.529064657594933
        ],
        [
            31.740577979899797,
            46.55907443058685
        ],
        [
            41.35438779453152,
            61.68791578583526
        ],
        [
            33.805686380955166,
            52.81106496366994
        ],
        [
            50.08133275063707,
            5.168840122287765
        ],
        [
            9.924166028538606,
            16.82669563318393
        ],
        [
            68.49206189924311,
            93.6400875879347
        ],
        [
            28.019935437952938,
            50.11534245565375
        ],
        [
            33.903183016163595,
            26.582303969201227
        ],
        [
            68.62356117218268,
            43.61076071390024
        ],
        [
            48.869289635037596,
            80.23411070923915
        ]
    ],
    "distances": [
        [
            0.0,
            31.784527483302742,
            64.11649269168491,
            82.86033093681601,
            49.704282800841234,
            22.05788343066981,
            66.82756328439297,
            78.72939302237926,
            72.89458479897401,
            37.78095858145214,
            20.01087443889781,
            31.287946256665425,
            75.07505509026484,
            74.41251870050253,
            23.764961758963405,
            36.63107658189526,
            55.70009617404518,
            41.61130866536584,
            0.0
        ],
        [
            31.784527483302742,
            0.0,
            38.39594541652972,
            98.0641546318372,
            20.731575495732415,
            50.72877378851124,
            85.8704742148246,
            69.46095699085593,
            81.43384008045439,
            54.8514623377701,
            40.08044149450947,
            50.23151381863127,
            74.03643848137017,
            89.64875730945776,
            23.564789160351022,
            56.61294968180469,
            65.26742082317601,
            31.42214862366115,
            31.784527483302742
        ],
        [
            64.11649269168491,
            38.39594541652972,
            0.0,
            98.18474973814621,
            42.59802213091857,
            75.70657120391691,
            92.61919108822579,
            45.19834964677494,
            76.25656026464063,
            66.84108674257205,
            61.094376416297514,
            65.78745779389001,
            58.953648538477744,
            91.06265886639177,
            61.96069500920401,
            70.9969896209032,
            65.51572745618104,
            29.87702139607435,
            64.11649269168491
        ],
        [
            82.86033093681601,
            98.0641546318372,
            98.18474973814621,
            0.0,
            118.26226628203524,
            64.91928479566621,
            18.580852872894617,
            65.49666682876082,
            23.195509466144447,
            45.40264912284154,
            63.28493410768814,
            51.678213466841974,
            46.02618933283503,
            8.545910207177952,
            105.12651982019607,
            46.27726818124455,
            33.71915529503262,
            72.37124139780775,
            82.86033093681601
        ],
        [
            49.704282800841234,
            20.731575495732415,
            42.59802213091857,
            118.26226628203524,
            0.0,
            70.34223160802156,
            106.52331317083974,
            82.81737723473178,
            100.64109837403592,
            75.55611455572529,
            60.643347358501636,
            70.95667152964278,
            90.71529894478064,
            109.91974660636687,
            32.28420444148839,
            77.3390012231432,
            85.0505917495962,
            48.557450065081426,
            49.704282800841234
        ],
        [
            22.05788343066981,
            50.72877378851124,
            75.70657120391691,
            64.91928479566621,
            70.34223160802156,
            0.0,
            47.4492141558885,
            77.44916537366817,
            59.83703775444111,
            23.925732437980027,
            14.960513301978255,
            18.140274941529402,
            68.45339149121776,
            56.867253385652255,
            45.71951514221568,
            20.26078436756715,
            44.01921781760074,
            47.67221064399638,
            22.05788343066981
        ],
        [
            66.82756328439297,
            85.8704742148246,
            92.61919108822579,
            18.580852872894617,
            106.52331317083974,
            47.4492141558885,
            0.0,
            68.00663353925255,
            28.16231376732504,
            31.12444191291975,
            48.14674846860783,
            36.59627528207003,
            49.905338319253204,
            12.596385275161953,
            89.91735223137512,
            30.508805409920974,
            27.845881169410486,
            64.19566784032452,
            66.82756328439297
        ],
        [
            78.72939302237926,
            69.46095699085593,
            45.19834964677494,
            65.49666682876082,
            82.81737723473178,
            77.44916537366817,
            68.00663353925255,
            0.0,
            42.48241501839738,
            56.73256602346597,
            63.97004486914811,
            60.28660103612563,
            19.50108685435547,
            60.944667314289454,
            89.37379443270889,
            61.86498440531879,
            42.06253546221641,
            39.34925277630208,
            78.72939302237926
        ],
        [
            72.89458479897401,
            81.43384008045439,
            76.25656026464063,
            23.195509466144447,
            100.64109837403592,
            59.83703775444111,
            28.16231376732504,
            42.48241501839738,
            0.0,
            36.27374390416484,
            52.990500229033096,
            42.74334582264634,
            23.167343432156336,
            18.710155065434833,
            92.65149393319231,
            39.589155391819446,
            17.267406202974975,
            52.74507319661046,
            72.89458479897401
        ],
        [
            37.78095858145214,
            54.8514623377701,
            66.84108674257205,
            45.40264912284154,
            75.55611455572529,
            23.925732437980027,
            31.12444191291975,
            56.73256602346597,
            36.27374390416484,
            0.0,
            17.925043372449167,
            6.584227998320692,
            45.271787922018504,
            36.87777351445922,
            59.72682287043328,
            5.146865375260758,
            20.093486969905513,
            37.00063516933491,
            37.78095858145214
        ],
        [
            20.01087443889781,
            40.08044149450947,
            61.094376416297514,
            63.28493410768814,
            60.643347358501636,
            14.960513301978255,
            48.14674846860783,
            63.97004486914811,
            52.990500229033096,
            17.925043372449167,
            0.0,
            11.652526487861191,
            57.188858024345116,
            54.775796788765604,
            41.921290994963556,
            17.65593591776693,
            35.88766408766901,
            32.71683591356573,
            20.01087443889781
        ],
        [
            31.287946256665425,
            50.23151381863127,
            65.78745779389001,
            51.678213466841974,
            70.95667152964278,
            18.140274941529402,
            36.59627528207003,
            60.28660103612563,
            42.74334582264634,
            6.584227998320692,
            11.652526487861191,
            0.0,
            50.345588213742744,
            43.187982708801165,
            53.5738157596452,
            6.382933010354742,
            26.228942199388072,
            36.01291439561545,
            31.287946256665425
        ],
        [
            75.07505509026484,
            74.03643848137017,
            58.953648538477744,
            46.02618933283503,
            90.71529894478064,
            68.45339149121776,
            49.905338319253204,
            19.50108685435547,
            23.167343432156336,
            45.271787922018504,
            57.188858024345116,
            50.345588213742744,
            0.0,
            41.81511251042312,
            90.36656779977356,
            50.06888578140501,
            26.837827087044772,
            42.68015339251504,
            75.07505509026484
        ],
        [
            74.41251870050253,
            89.64875730945776,
            91.06265886639177,
            8.545910207177952,
            109.91974660636687,
            56.867253385652255,
            12.596385275161953,
            60.944667314289454,
            18.710155065434833,
            36.87777351445922,
            54.775796788765604,
            43.187982708801165,
            41.81511251042312,
            0.0,
            96.5944905795142,
            37.88919209734916,
            25.88754815927105,
            64.52135408124748,
            74.41251870050253
        ],
        [
            23.764961758963405,
            23.564789160351022,
            61.96069500920401,
            105.12651982019607,
            32.28420444148839,
            45.71951514221568,
            89.91735223137512,
            89.37379443270889,
            92.65149393319231,
            59.72682287043328,
            41.921290994963556,
            53.5738157596452,
            90.36656779977356,
            96.5944905795142,
            0.0,
            59.43396721680859,
            75.45287858157053,
            50.02949969295886,
            23.764961758963405
        ],
        [
            36.63107658189526,
            56.61294968180469,
            70.9969896209032,
            46.27726818124455,
            77.3390012231432,
            20.26078436756715,
            30.508805409920974,
            61.86498440531879,
            39.589155391819446,
            5.146865375260758,
            17.65593591776693,
            6.382933010354742,
            50.06888578140501,
            37.88919209734916,
            59.43396721680859,
            0.0,
            24.257297921891,
            41.121332741054935,
            36.63107658189526
        ],
        [
            55.70009617404518,
            65.26742082317601,
            65.51572745618104,
            33.71915529503262,
            85.0505917495962,
            44.01921781760074,
            27.845881169410486,
            42.06253546221641,
            17.267406202974975,
            20.093486969905513,
            35.88766408766901,
            26.228942199388072,
            26.837827087044772,
            25.88754815927105,
            75.45287858157053,
            24.257297921891,
            0.0,
            38.67134596058239,
            55.70009617404518
        ],
        [
            41.61130866536584,
            31.42214862366115,
            29.87702139607435,
            72.37124139780775,
            48.557450065081426,
            47.67221064399638,
            64.19566784032452,
            39.34925277630208,
            52.74507319661046,
            37.00063516933491,
            32.71683591356573,
            36.01291439561545,
            42.68015339251504,
            64.52135408124748,
            50.02949969295886,
            41.121332741054935,
            38.67134596058239,
            0.0,
            41.61130866536584
        ],
        [
            0.0,
            31.784527483302742,
            64.11649269168491,
            82.86033093681601,
            49.704282800841234,
            22.05788343066981,
            66.82756328439297,
            78.72939302237926,
            72.89458479897401,
            37.78095858145214,
            20.01087443889781,
            31.287946256665425,
            75.07505509026484,
            74.41251870050253,
            23.764961758963405,
            36.63107658189526,
            55.70009617404518,
            41.61130866536584,
            0.0
        ]
    ],
    "scores_ave": [
        0,
        17.499918679194387,
        18.673179136991628,
        17.323900346492742,
        10.203033523703517,
        14.328181514064791,
        13.664338169962154,
        18.434532075062826,
        18.84041128819676,
        12.738761365451555,
        13.07154633988102,
        14.509291121002956,
        17.890545632205693,
        17.838412524732114,
        13.823536099627686,
        16.064395435288823,
        10.491315420914932,
        15.198518240904143,
        0
    ],
    "scores_var": [
        0,
        315.73606252478635,
        17.109904562507868,
        394.36430190572145,
        23.009184345458614,
        251.73254702141438,
        334.2091798441584,
        397.20022340346446,
        387.92330553747263,
        243.71569047850795,
        246.5654883924034,
        308.2425770108066,
        227.93866764462012,
        364.92741516070384,
        261.23899740515367,
        20.629261468360827,
        21.42718902892387,
        21.36235303209643,
        0
    ],
    "vertex_number": 19,
    "minimum_distances": {
        "cost": 412.26192441927765,
        "path": [
            0,
            14,
            1,
            4,
            2,
            17,
            9,
            16,
            7,
            12,
            8,
            3,
            13,
            6,
            15,
            11,
            10,
            5,
            18
        ]
    }
}