{
    "vertices": [
        [
            45.84837726986789,
            50.90049456982768
        ],
        [
            65.13007910063273,
            9.225716065608447
        ],
        [
            69.55775245817519,
            46.71061714160136
        ],
        [
            66.21470633667529,
            97.11366405658485
        ],
        [
            28.168091478048296,
            94.0068453126611
        ],
        [
            57.71916392798251,
            80.69881143006661
        ],
        [
            74.99756919567359,
            93.10215694219497
        ],
        [
            21.796939846767096,
            4.906709719118984
        ],
        [
            40.33412202022908,
            9.09509787114483
        ],
        [
            54.9180040523812,
            41.91496740040211
        ],
        [
            94.41902891367363,
            65.74023791423289
        ],
        [
            34.749307661128405,
            43.18140592862877
        ],
        [
            88.64300058788767,
            50.996824461594706
        ],
        [
            50.62728503136391,
            5.484471178571903
        ],
        [
            77.56052247722519,
            86.87811426367212
        ],
        [
            58.212015785088866,
            77.52198107308111
        ],
        [
            44.387830478402236,
            28.52856306252184
        ],
        [
            67.72852753362324,
            98.36292254128794
        ],
        [
            45.84837726986789,
            50.90049456982768
        ]
    ],
    "distances": [
        [
            0.0,
            45.919181056136594,
            24.076742817156187,
            50.5019246531182,
            46.59130798812792,
            32.07577377999901,
            51.28991808258946,
            51.90279267063203,
            42.1675017530374,
            12.76706029149106,
            50.7870670902716,
            13.519381481056389,
            42.79473173626925,
            45.66676187412437,
            47.95882893156815,
            29.352395148913487,
            22.4195565588984,
            52.26301794300217,
            0.0
        ],
        [
            45.919181056136594,
            0.0,
            37.74549112196139,
            87.89464044130187,
            92.48799060103711,
            71.85628034259182,
            84.45486779871982,
            43.54784464719152,
            24.796301108148057,
            34.24724265718966,
            63.65323056160998,
            45.56292514021705,
            47.93415247498436,
            14.977581551118185,
            78.64102535222511,
            68.64575306607692,
            28.334445117077397,
            89.1750722598352,
            45.919181056136594
        ],
        [
            24.076742817156187,
            37.74549112196139,
            0.0,
            50.5137911434541,
            62.849321676998095,
            35.99096455192152,
            46.709384187844186,
            63.47174093318628,
            47.633474216770466,
            15.405209827367234,
            31.30829816114077,
            34.98689984801204,
            19.560630597264964,
            45.36471875767084,
            40.95695487984145,
            32.83391368650876,
            31.050153993216036,
            51.68468551637993,
            24.076742817156187
        ],
        [
            50.5019246531182,
            87.89464044130187,
            50.5137911434541,
            0.0,
            38.17325274204823,
            18.4830091589062,
            9.655613358496314,
            102.347742564961,
            91.74460549755155,
            56.34280428804778,
            42.187387687992626,
            62.44004949222568,
            51.28149059113841,
            92.94555766912895,
            15.280511230268397,
            21.16310700701957,
            71.97449956823796,
            1.9627280448221986,
            50.5019246531182
        ],
        [
            46.59130798812792,
            92.48799060103711,
            62.849321676998095,
            38.17325274204823,
            0.0,
            32.4094067943482,
            46.8382156401503,
            89.32763142441631,
            85.77888523829812,
            58.558701891009754,
            72.029076107611,
            51.24975799970552,
            74.20967945930302,
            91.32702829612357,
            49.90421872324293,
            34.269346897257414,
            67.45728559368888,
            39.79954157686989,
            46.59130798812792
        ],
        [
            32.07577377999901,
            71.85628034259182,
            35.99096455192152,
            18.4830091589062,
            32.4094067943482,
            0.0,
            21.269373956179567,
            83.87400589398173,
            73.68399743202362,
            38.88486922140824,
            39.631288290901665,
            43.99056731254162,
            42.87763640458473,
            75.54794322648314,
            20.781320761419636,
            3.21483344360448,
            53.846627250694226,
            20.30291065683682,
            32.07577377999901
        ],
        [
            51.28991808258946,
            84.45486779871982,
            46.709384187844186,
            9.655613358496314,
            46.8382156401503,
            21.269373956179567,
            0.0,
            102.99875666238944,
            90.87761299600545,
            54.98470068601947,
            33.55395223324148,
            64.12490887565939,
            44.26123384160808,
            90.94377168790724,
            6.731079912427871,
            22.90189257271351,
            71.46121417158108,
            8.972994002740885,
            51.28991808258946
        ],
        [
            51.90279267063203,
            43.54784464719152,
            63.47174093318628,
            102.347742564961,
            89.32763142441631,
            83.87400589398173,
            102.99875666238944,
            0.0,
            19.00446574477029,
            49.66503831385478,
            94.73481922243492,
            40.40688310088722,
            81.19540943661876,
            28.836133786744607,
            99.14075000115096,
            81.23444706159631,
            32.68547528961041,
            104.13344545580874,
            51.90279267063203
        ],
        [
            42.1675017530374,
            24.796301108148057,
            47.633474216770466,
            91.74460549755155,
            85.77888523829812,
            73.68399743202362,
            90.87761299600545,
            19.00446574477029,
            0.0,
            35.91425136412007,
            78.31889327725223,
            34.54079542244666,
            63.949217663123896,
            10.908062609231502,
            86.23225921953343,
            70.72381091399869,
            19.85175361544482,
            93.37664576740637,
            42.1675017530374
        ],
        [
            12.76706029149106,
            34.24724265718966,
            15.405209827367234,
            56.34280428804778,
            58.558701891009754,
            38.88486922140824,
            54.98470068601947,
            49.66503831385478,
            35.91425136412007,
            0.0,
            46.12997377139572,
            20.208418559311127,
            34.92643009240791,
            36.682302608834476,
            50.34250904024736,
            35.759053902215655,
            17.031746140526657,
            57.88334088017823,
            12.76706029149106
        ],
        [
            50.7870670902716,
            63.65323056160998,
            31.30829816114077,
            42.187387687992626,
            72.029076107611,
            39.631288290901665,
            33.55395223324148,
            94.73481922243492,
            78.31889327725223,
            46.12997377139572,
            0.0,
            63.79166508965856,
            15.83447957640902,
            74.48808130940279,
            27.03736406959738,
            38.0756782152935,
            62.35246235826591,
            42.1499990058691,
            50.7870670902716
        ],
        [
            13.519381481056389,
            45.56292514021705,
            34.98689984801204,
            62.44004949222568,
            51.24975799970552,
            43.99056731254162,
            64.12490887565939,
            40.40688310088722,
            34.54079542244666,
            20.208418559311127,
            63.79166508965856,
            0.0,
            54.45742285611071,
            40.9043891889337,
            61.17354357357298,
            41.59054909185424,
            17.53872646910057,
            64.2855249575792,
            13.519381481056389
        ],
        [
            42.79473173626925,
            47.93415247498436,
            19.560630597264964,
            51.28149059113841,
            74.20967945930302,
            42.87763640458473,
            44.26123384160808,
            81.19540943661876,
            63.949217663123896,
            34.92643009240791,
            15.83447957640902,
            54.45742285611071,
            0.0,
            59.30066551593835,
            37.55380511924161,
            40.36866073245498,
            49.63207482784254,
            51.77801107065308,
            42.79473173626925
        ],
        [
            45.66676187412437,
            14.977581551118185,
            45.36471875767084,
            92.94555766912895,
            91.32702829612357,
            75.54794322648314,
            90.94377168790724,
            28.836133786744607,
            10.908062609231502,
            36.682302608834476,
            74.48808130940279,
            40.9043891889337,
            59.30066551593835,
            0.0,
            85.73403299728658,
            72.43570233253773,
            23.873855236940717,
            94.43971210596467,
            45.66676187412437
        ],
        [
            47.95882893156815,
            78.64102535222511,
            40.95695487984145,
            15.280511230268397,
            49.90421872324293,
            20.781320761419636,
            6.731079912427871,
            99.14075000115096,
            86.23225921953343,
            50.34250904024736,
            27.03736406959738,
            61.17354357357298,
            37.55380511924161,
            85.73403299728658,
            0.0,
            21.491904045377712,
            67.12002398557698,
            15.11849680836714,
            47.95882893156815
        ],
        [
            29.352395148913487,
            68.64575306607692,
            32.83391368650876,
            21.16310700701957,
            34.269346897257414,
            3.21483344360448,
            22.90189257271351,
            81.23444706159631,
            70.72381091399869,
            35.759053902215655,
            38.0756782152935,
            41.59054909185424,
            40.36866073245498,
            72.43570233253773,
            21.491904045377712,
            0.0,
            50.90641519249812,
            22.910889051741663,
            29.352395148913487
        ],
        [
            22.4195565588984,
            28.334445117077397,
            31.050153993216036,
            71.97449956823796,
            67.45728559368888,
            53.846627250694226,
            71.46121417158108,
            32.68547528961041,
            19.85175361544482,
            17.031746140526657,
            62.35246235826591,
            17.53872646910057,
            49.63207482784254,
            23.873855236940717,
            67.12002398557698,
            50.90641519249812,
            0.0,
            73.63169088669044,
            22.4195565588984
        ],
        [
            52.26301794300217,
            89.1750722598352,
            51.68468551637993,
            1.9627280448221986,
            39.79954157686989,
            20.30291065683682,
            8.972994002740885,
            104.13344545580874,
            93.37664576740637,
            57.88334088017823,
            42.1499990058691,
            64.2855249575792,
            51.77801107065308,
            94.43971210596467,
            15.11849680836714,
            22.910889051741663,
            73.63169088669044,
            0.0,
            52.26301794300217
        ],
        [
            0.0,
            45.919181056136594,
            24.076742817156187,
            50.5019246531182,
            46.59130798812792,
            32.07577377999901,
            51.28991808258946,
            51.90279267063203,
            42.1675017530374,
            12.76706029149106,
            50.7870670902716,
            13.519381481056389,
            42.79473173626925,
            45.66676187412437,
            47.95882893156815,
            29.352395148913487,
            22.4195565588984,
            52.26301794300217,
            0.0
        ]
    ],
    "scores_ave": [
        0,
        18.162462370255632,
        16.388653047380544,
        14.802468277308263,
        12.55270026404153,
        16.756175543730578,
        17.513174267420023,
        18.504982633089366,
        14.24962687110796,
        17.212609488870633,
        18.513441753299517,
        14.099655998368494,
        13.116684485274384,
        15.583880426612234,
        17.10447366258033,
        17.692252620450347,
        19.300381329286186,
        19.011519754591284,
        0
    ],
    "scores_var": [
        0,
        314.3046721070056,
        334.56953509101737,
        393.0464876127821,
        16.93770776552141,
        238.67000994075246,
        21.340352081097606,
        316.7108831517297,
        297.9792925488572,
        17.13829751408702,
        382.33280587669606,
        375.3615944050915,
        23.19332910635167,
        21.153613335544815,
        18.370849543823738,
        18.706484325109102,
        18.559441106962034,
        270.5178746122912,
        0
    ],
    "vertex_number": 19,
    "minimum_distances": {
        "cost": 342.8369399042116,
        "path": [
            0,
            15,
            5,
            4,
            3,
            17,
            6,
            14,
            10,
            12,
            2,
            9,
            16,
            1,
            13,
            8,
            7,
            11,
            18
        ]
    }
}