{
    "vertices": [
        [
            3.144395090028551,
            98.51950497984632
        ],
        [
            42.4415418726403,
            30.247199580185622
        ],
        [
            52.0437799260857,
            55.864263701925545
        ],
        [
            2.846075610246024,
            52.30942183963303
        ],
        [
            15.917123618844997,
            43.78196579094702
        ],
        [
            31.382632477937143,
            92.83653329749328
        ],
        [
            81.64437611650416,
            51.19059157629447
        ],
        [
            39.039788225213854,
            59.51819046299695
        ],
        [
            18.986322663603662,
            36.54369974239488
        ],
        [
            55.17874716329426,
            85.72983953458889
        ],
        [
            64.9361280751009,
            46.971085538982194
        ],
        [
            99.2431464719241,
            71.06779210179306
        ],
        [
            62.130584528972285,
            28.470290446652502
        ],
        [
            15.306701118279499,
            41.09924688929409
        ],
        [
            89.51563923245314,
            27.732476019037723
        ],
        [
            93.12660983612531,
            97.26778473939055
        ],
        [
            71.4150888659493,
            39.894250506455485
        ],
        [
            52.41164406452481,
            25.28399923196347
        ],
        [
            94.14816116089361,
            39.911552413201804
        ],
        [
            3.144395090028551,
            98.51950497984632
        ]
    ],
    "distances": [
        [
            0.0,
            78.77419266383295,
            64.88928606343617,
            46.211046064089935,
            56.20801357926757,
            28.804413167400323,
            91.66391364718147,
            53.00548822878357,
            63.96848524138205,
            53.58310683308857,
            80.47022935315728,
            99.94281643569211,
            91.57654176285742,
            58.694188188529004,
            111.67271503732981,
            89.99092050964386,
            89.98782190227395,
            88.26494844310048,
            108.24314085952413,
            0.0
        ],
        [
            78.77419266383295,
            0.0,
            27.35757573054253,
            45.32706255165517,
            29.778090269227103,
            63.558824502792355,
            44.44646083834506,
            29.467996795496685,
            24.28565878119559,
            56.92591444084327,
            28.030247412086176,
            69.94814549985219,
            19.769061859170098,
            29.224416393893108,
            47.14121844872203,
            84.02817949679343,
            30.537387199096276,
            11.137158318584357,
            52.602036024296595,
            78.77419266383295
        ],
        [
            64.88928606343617,
            27.35757573054253,
            0.0,
            49.3259668999473,
            38.093532505546534,
            42.35365076261405,
            29.96729060102226,
            13.507589752861815,
            38.28941984902803,
            30.02966265869359,
            15.6620962400717,
            49.58757382786526,
            29.192009143041677,
            39.593164571782495,
            46.85656536827337,
            58.32709891394439,
            25.105555789647983,
            30.58247699381419,
            45.025192022104896,
            64.88928606343617
        ],
        [
            46.211046064089935,
            45.32706255165517,
            49.3259668999473,
            0.0,
            15.60672299700904,
            49.56593427930917,
            78.80624305112333,
            36.90462271748727,
            22.562481428042513,
            62.09374228361939,
            62.31911784955943,
            98.20525304485334,
            63.89802174798781,
            16.761121993132235,
            90.08684434662081,
            100.85548698378514,
            69.68390099652119,
            56.45457504329417,
            92.13999127530136,
            46.211046064089935
        ],
        [
            56.20801357926757,
            29.778090269227103,
            38.093532505546534,
            15.60672299700904,
            0.0,
            51.43474076463263,
            66.14347629901499,
            27.969383000485657,
            7.862091208194556,
            57.45519293291575,
            49.122635135441826,
            87.67977190879046,
            48.68399502034462,
            2.7512899400976476,
            75.32813300796153,
            93.92570250214837,
            55.633968730462385,
            40.91484803072615,
            78.32672171500636,
            56.20801357926757
        ],
        [
            28.804413167400323,
            63.558824502792355,
            42.35365076261405,
            49.56593427930917,
            51.43474076463263,
            0.0,
            65.2734811040021,
            34.18689812450211,
            57.64157880102654,
            24.834656638624438,
            56.82848198639126,
            71.26659422740416,
            71.33337069048515,
            54.17732342931363,
            87.28106752576429,
            61.90278450400894,
            66.37381163971459,
            70.75001192214319,
            82.10094513739564,
            28.804413167400323
        ],
        [
            91.66391364718147,
            44.44646083834506,
            29.96729060102226,
            78.80624305112333,
            66.14347629901499,
            65.2734811040021,
            0.0,
            43.41082598390048,
            64.34720742114992,
            43.51309188524216,
            17.232811256784856,
            26.548442868719988,
            29.949960693517447,
            67.10083726572964,
            24.74348335497874,
            47.4863077210818,
            15.239607580922,
            39.060263057462514,
            16.83928041452114,
            91.66391364718147
        ],
        [
            53.00548822878357,
            29.467996795496685,
            13.507589752861815,
            36.90462271748727,
            27.969383000485657,
            34.18689812450211,
            43.41082598390048,
            0.0,
            30.495388256287484,
            30.78175665320828,
            28.775862447459033,
            61.3012042475237,
            38.69311268645346,
            30.041919146362527,
            59.650173324290826,
            65.95768446513937,
            37.858408722448296,
            36.75304583065578,
            58.49233302949742,
            53.00548822878357
        ],
        [
            63.96848524138205,
            24.28565878119559,
            38.28941984902803,
            22.562481428042513,
            7.862091208194556,
            57.64157880102654,
            64.34720742114992,
            30.495388256287484,
            0.0,
            61.066913617957276,
            47.118096225392335,
            87.36744657502615,
            43.893134651834565,
            5.855990481928345,
            71.07757845602254,
            95.83421456216112,
            52.53571847726809,
            35.27085151140367,
            75.23725405611876,
            63.96848524138205
        ],
        [
            53.58310683308857,
            56.92591444084327,
            30.02966265869359,
            62.09374228361939,
            57.45519293291575,
            24.834656638624438,
            43.51309188524216,
            30.78175665320828,
            61.066913617957276,
            0.0,
            39.968080934040934,
            46.43971276129874,
            57.680013908741685,
            59.84705385970156,
            67.39967605058686,
            39.66313730638374,
            48.62633045420267,
            60.509143684650795,
            60.14923658745934,
            53.58310683308857
        ],
        [
            80.47022935315728,
            28.030247412086176,
            15.6620962400717,
            62.31911784955943,
            49.122635135441826,
            56.82848198639126,
            17.232811256784856,
            28.775862447459033,
            47.118096225392335,
            39.968080934040934,
            0.0,
            41.924011955610574,
            18.712308613252247,
            49.975579128114575,
            31.213402009318074,
            57.658140902868254,
            9.594713492697334,
            25.0438098583114,
            30.052951351896183,
            80.47022935315728
        ],
        [
            99.94281643569211,
            69.94814549985219,
            49.58757382786526,
            98.20525304485334,
            87.67977190879046,
            71.26659422740416,
            26.548442868719988,
            61.3012042475237,
            87.36744657502615,
            46.43971276129874,
            41.924011955610574,
            0.0,
            56.49680877031143,
            89.12598140137905,
            44.413669259432666,
            26.90449097506272,
            41.7874441156395,
            65.49309358460405,
            31.57008309860089,
            99.94281643569211
        ],
        [
            91.57654176285742,
            19.769061859170098,
            29.192009143041677,
            63.89802174798781,
            48.68399502034462,
            71.33337069048515,
            29.949960693517447,
            38.69311268645346,
            43.893134651834565,
            57.680013908741685,
            18.712308613252247,
            56.49680877031143,
            0.0,
            48.49707824692421,
            27.394992083266523,
            75.45759607753878,
            14.721035433396619,
            10.227915499077955,
            34.000407185328854,
            91.57654176285742
        ],
        [
            58.694188188529004,
            29.224416393893108,
            39.593164571782495,
            16.761121993132235,
            2.7512899400976476,
            54.17732342931363,
            67.10083726572964,
            30.041919146362527,
            5.855990481928345,
            59.84705385970156,
            49.975579128114575,
            89.12598140137905,
            48.49707824692421,
            0.0,
            75.40316345838009,
            95.97313601769805,
            56.121325642981,
            40.33483419461175,
            78.8504054512065,
            58.694188188529004
        ],
        [
            111.67271503732981,
            47.14121844872203,
            46.85656536827337,
            90.08684434662081,
            75.32813300796153,
            87.28106752576429,
            24.74348335497874,
            59.650173324290826,
            71.07757845602254,
            67.39967605058686,
            31.213402009318074,
            44.413669259432666,
            27.394992083266523,
            75.40316345838009,
            0.0,
            69.62900449909765,
            21.806849434366896,
            37.18469437817784,
            13.030355376288343,
            111.67271503732981
        ],
        [
            89.99092050964386,
            84.02817949679343,
            58.32709891394439,
            100.85548698378514,
            93.92570250214837,
            61.90278450400894,
            47.4863077210818,
            65.95768446513937,
            95.83421456216112,
            39.66313730638374,
            57.658140902868254,
            26.90449097506272,
            75.45759607753878,
            95.97313601769805,
            69.62900449909765,
            0.0,
            61.344213852784556,
            82.70050673219524,
            57.36532884735234,
            89.99092050964386
        ],
        [
            89.98782190227395,
            30.537387199096276,
            25.105555789647983,
            69.68390099652119,
            55.633968730462385,
            66.37381163971459,
            15.239607580922,
            37.858408722448296,
            52.53571847726809,
            48.62633045420267,
            9.594713492697334,
            41.7874441156395,
            14.721035433396619,
            56.121325642981,
            21.806849434366896,
            61.344213852784556,
            0.0,
            23.970614439863304,
            22.7330788790947,
            89.98782190227395
        ],
        [
            88.26494844310048,
            11.137158318584357,
            30.58247699381419,
            56.45457504329417,
            40.91484803072615,
            70.75001192214319,
            39.060263057462514,
            36.75304583065578,
            35.27085151140367,
            60.509143684650795,
            25.0438098583114,
            65.49309358460405,
            10.227915499077955,
            40.33483419461175,
            37.18469437817784,
            82.70050673219524,
            23.970614439863304,
            0.0,
            44.225582770670655,
            88.26494844310048
        ],
        [
            108.24314085952413,
            52.602036024296595,
            45.025192022104896,
            92.13999127530136,
            78.32672171500636,
            82.10094513739564,
            16.83928041452114,
            58.49233302949742,
            75.23725405611876,
            60.14923658745934,
            30.052951351896183,
            31.57008309860089,
            34.000407185328854,
            78.8504054512065,
            13.030355376288343,
            57.36532884735234,
            22.7330788790947,
            44.225582770670655,
            0.0,
            108.24314085952413
        ],
        [
            0.0,
            78.77419266383295,
            64.88928606343617,
            46.211046064089935,
            56.20801357926757,
            28.804413167400323,
            91.66391364718147,
            53.00548822878357,
            63.96848524138205,
            53.58310683308857,
            80.47022935315728,
            99.94281643569211,
            91.57654176285742,
            58.694188188529004,
            111.67271503732981,
            89.99092050964386,
            89.98782190227395,
            88.26494844310048,
            108.24314085952413,
            0.0
        ]
    ],
    "scores_ave": [
        0,
        18.622232888823632,
        15.677704952694201,
        16.021438010280015,
        16.41386502336085,
        13.215177171451902,
        19.338749973417045,
        10.104048014845155,
        11.665638505362068,
        15.079477154513897,
        19.938778840267407,
        19.07603588711678,
        15.05106915557606,
        19.692779071493906,
        14.465923542438127,
        18.750994498073467,
        10.957386405563954,
        18.742889336620472,
        16.10814020900855,
        0
    ],
    "scores_var": [
        0,
        19.45050486341858,
        23.828473391116493,
        399.859514795171,
        334.5934015586496,
        235.81256658101037,
        20.296769547217128,
        257.781476383555,
        288.9409634405132,
        19.03559925595749,
        18.642685042308607,
        20.973638674738886,
        16.902379433464088,
        399.94719541451667,
        21.954212126794722,
        16.55195919327765,
        305.7582027111597,
        381.9720671826716,
        238.85785276070226,
        0
    ],
    "vertex_number": 20,
    "minimum_distances": {
        "cost": 392.6381065768587,
        "path": [
            0,
            3,
            4,
            13,
            8,
            7,
            2,
            10,
            1,
            17,
            12,
            16,
            14,
            18,
            6,
            11,
            15,
            9,
            5,
            19
        ]
    }
}