{
    "vertices": [
        [
            57.28204991523489,
            60.01346669393464
        ],
        [
            50.70480169245286,
            89.09468897656639
        ],
        [
            19.26977022946138,
            21.323754247354753
        ],
        [
            81.2727721934362,
            64.54112342674345
        ],
        [
            16.487552017050543,
            14.11764691319325
        ],
        [
            69.23357314095102,
            16.119933435877588
        ],
        [
            39.92858380106994,
            22.062759500973208
        ],
        [
            12.926530685234205,
            88.42558019761529
        ],
        [
            53.66798234102495,
            8.057119059491313
        ],
        [
            42.03803799501101,
            78.38803860872093
        ],
        [
            66.0303212588456,
            72.14216262418823
        ],
        [
            33.383765926912425,
            15.054625366285922
        ],
        [
            0.12157239526928709,
            72.73980424363857
        ],
        [
            33.474841456763215,
            29.629806683551884
        ],
        [
            38.1136578986325,
            14.24979422788848
        ],
        [
            30.06270030110192,
            19.216325856080687
        ],
        [
            55.99000816390597,
            5.1699545769449795
        ],
        [
            42.678136409937814,
            39.850607658810844
        ],
        [
            64.33474844913451,
            78.33217039166611
        ],
        [
            56.25227598883934,
            53.055430718436824
        ],
        [
            14.464192555983491,
            45.481091660917194
        ],
        [
            96.44669660463391,
            76.32064079383109
        ],
        [
            94.66363664241068,
            77.74465786317919
        ],
        [
            67.16935556732429,
            94.34932759114268
        ],
        [
            57.28204991523489,
            60.01346669393464
        ]
    ],
    "distances": [
        [
            0.0,
            29.815728795988317,
            54.238614068839446,
            24.414225994692792,
            61.40535263404372,
            45.49155052634491,
            41.73007264097878,
            52.675044185164126,
            52.081892668585695,
            23.874773139772053,
            14.954514919247309,
            50.91586580930549,
            58.56005343012844,
            38.59987008024324,
            49.61593463880024,
            49.04385480322781,
            54.858729416689634,
            24.896087526767566,
            19.629453934721425,
            7.033825344420058,
            45.21679812788018,
            42.42397290954476,
            41.373640962836,
            35.73108110049652,
            0.0
        ],
        [
            29.815728795988317,
            0.0,
            74.70649769029684,
            39.20814203400155,
            82.41587839683348,
            75.29030693000243,
            67.89260962183926,
            37.78419599320498,
            81.09172693697492,
            13.77480145361744,
            22.853001984596304,
            76.03913005423924,
            53.16150243135351,
            61.91077253471738,
            75.8966084352742,
            72.86344750455655,
            84.09098912186066,
            49.893956551743344,
            17.366843549715657,
            36.463716306284915,
            56.705622484846685,
            47.49207572987159,
            45.4004666983996,
            17.282730145099762,
            29.815728795988317
        ],
        [
            54.238614068839446,
            74.70649769029684,
            0.0,
            75.5785237440653,
            7.724553132248283,
            50.2340656568443,
            20.672027161150737,
            67.40097724643542,
            36.86788040666259,
            61.438803428441105,
            69.058379379524,
            15.443667034584694,
            54.86586987843824,
            16.455228823859446,
            20.127916256914098,
            10.996753791718294,
            40.116344770603845,
            29.852904457838857,
            72.66919411430536,
            48.729919186346365,
            24.63068264763551,
            94.76779777184227,
            94.167687969493,
            87.3332962719727,
            54.238614068839446
        ],
        [
            24.414225994692792,
            39.20814203400155,
            75.5785237440653,
            0.0,
            82.09538194694825,
            49.895430191119594,
            59.276920598439084,
            72.39941991160646,
            62.86865015375744,
            41.60650703529381,
            17.03256021197323,
            68.86414459994998,
            81.56430344102333,
            59.18988274571286,
            66.27161488374591,
            68.38719717929375,
            64.5302552882304,
            45.81667251282466,
            21.842381389199076,
            27.5308257652017,
            69.47424792027739,
            19.20950315438328,
            18.80554631764132,
            32.97628535836317,
            24.414225994692792
        ],
        [
            61.40535263404372,
            82.41587839683348,
            7.724553132248283,
            82.09538194694825,
            0.0,
            52.784011743347804,
            24.750894632960385,
            74.39321085910842,
            37.67113479763269,
            69.16292780389294,
            76.29764352613557,
            16.922174006591767,
            60.86380384971058,
            23.004240983994812,
            21.626509623935505,
            14.501075060030093,
            40.50315098579852,
            36.716916803790134,
            80.08032986931165,
            55.65414881405018,
            31.42864378162415,
            101.30487278948003,
            100.79631307632785,
            94.89872388771613,
            61.40535263404372
        ],
        [
            45.49155052634491,
            75.29030693000243,
            50.2340656568443,
            49.895430191119594,
            52.784011743347804,
            0.0,
            29.901497986731766,
            91.64381912460375,
            17.529877142148038,
            67.9478774774484,
            56.1137325959325,
            35.86563199731563,
            89.34359751744195,
            38.22569249640826,
            31.17605724504538,
            39.293064592310934,
            17.184122040776057,
            35.61370689846586,
            62.40481480145848,
            39.15028780560066,
            62.14308217313356,
            66.06571921236917,
            66.66554425210322,
            78.25662338799889,
            45.49155052634491
        ],
        [
            41.73007264097878,
            67.89260962183926,
            20.672027161150737,
            59.276920598439084,
            24.750894632960385,
            29.901497986731766,
            0.0,
            71.6458989983731,
            19.619608467443765,
            56.3647661537065,
            56.47342131916684,
            9.588982482811241,
            64.44191974880675,
            9.945400610838638,
            8.020996346450126,
            10.268293029014968,
            23.30957337156506,
            17.999099467340578,
            61.33439063701592,
            35.028682473579295,
            34.59557056382077,
            78.34675971133866,
            78.07944553314528,
            77.24899722763959,
            41.73007264097878
        ],
        [
            52.675044185164126,
            37.78419599320498,
            67.40097724643542,
            72.39941991160646,
            74.39321085910842,
            91.64381912460375,
            71.6458989983731,
            0.0,
            90.1052463995925,
            30.793377518485563,
            55.54423697519457,
            76.16951809348892,
            20.24871660343182,
            62.283031868080855,
            78.33542366956745,
            71.29915283939224,
            93.7334640885809,
            56.96214532778609,
            52.38971058491759,
            55.93002485510168,
            42.97200832760031,
            84.39281766343238,
            82.43201193813573,
            54.56532630133731,
            52.675044185164126
        ],
        [
            52.081892668585695,
            81.09172693697492,
            36.86788040666259,
            62.86865015375744,
            37.67113479763269,
            17.529877142148038,
            19.619608467443765,
            90.1052463995925,
            0.0,
            71.28600037967897,
            65.26653225205216,
            21.45727219495019,
            83.97063641958673,
            29.549006583926626,
            16.741751240550972,
            26.110098362766834,
            3.705067161523972,
            33.63930187896434,
            71.07997424693482,
            45.07245972668593,
            54.198624141042515,
            80.5600818868885,
            80.85169593839221,
            87.34204218053203,
            52.081892668585695
        ],
        [
            23.874773139772053,
            13.77480145361744,
            61.438803428441105,
            41.60650703529381,
            69.16292780389294,
            67.9478774774484,
            56.3647661537065,
            30.793377518485563,
            71.28600037967897,
            0.0,
            24.791946737322583,
            63.92196537940393,
            42.29530281032668,
            49.50447975104105,
            64.25819131749847,
            60.37135333056671,
            74.53553045949255,
            38.54274653160929,
            22.29678044769462,
            29.047987611331656,
            42.93232010642971,
            54.44792250787448,
            52.62953136577342,
            29.771561411871566,
            23.874773139772053
        ],
        [
            14.954514919247309,
            22.853001984596304,
            69.058379379524,
            17.03256021197323,
            76.29764352613557,
            56.1137325959325,
            56.47342131916684,
            55.54423697519457,
            65.26653225205216,
            24.791946737322583,
            0.0,
            65.76309364083596,
            65.91145842922361,
            53.54586513230647,
            64.27181662050911,
            63.990733352293184,
            67.72063598171277,
            39.85058417764472,
            6.418034225093231,
            21.445594049695163,
            58.050653177278846,
            30.70204502944488,
            29.176269514069492,
            22.236357053830123,
            14.954514919247309
        ],
        [
            50.91586580930549,
            76.03913005423924,
            15.443667034584694,
            68.86414459994998,
            16.922174006591767,
            35.86563199731563,
            9.588982482811241,
            76.16951809348892,
            21.45727219495019,
            63.92196537940393,
            65.76309364083596,
            0.0,
            66.5879372007322,
            14.575465865052696,
            4.79787778350764,
            5.324399295479078,
            24.672837386309688,
            26.48067333975749,
            70.4415433074114,
            44.35121148136219,
            35.82904000550805,
            87.92302242320443,
            87.6656302627758,
            86.19231907936467,
            50.91586580930549
        ],
        [
            58.56005343012844,
            53.16150243135351,
            54.86586987843824,
            81.56430344102333,
            60.86380384971058,
            89.34359751744195,
            64.44191974880675,
            20.24871660343182,
            83.97063641958673,
            42.29530281032668,
            65.91145842922361,
            66.5879372007322,
            0.0,
            54.50607715401181,
            69.74582304724353,
            61.32889921543355,
            87.6753482982181,
            53.784388001817256,
            64.45623738675951,
            59.48218596343683,
            30.80175587108531,
            96.39165910154632,
            94.67444466097301,
            70.44413905778981,
            58.56005343012844
        ],
        [
            38.59987008024324,
            61.91077253471738,
            16.455228823859446,
            59.18988274571286,
            23.004240983994812,
            38.22569249640826,
            9.945400610838638,
            62.283031868080855,
            29.549006583926626,
            49.50447975104105,
            53.54586513230647,
            14.575465865052696,
            54.50607715401181,
            0.0,
            16.06435187356522,
            10.958252151245098,
            33.24480556308777,
            13.753741693480489,
            57.65634475350695,
            32.67371092004691,
            24.75213136403337,
            78.39316635190865,
            77.84026952875226,
            72.96531139969788,
            38.59987008024324
        ],
        [
            49.61593463880024,
            75.8966084352742,
            20.127916256914098,
            66.27161488374591,
            21.626509623935505,
            31.17605724504538,
            8.020996346450126,
            78.33542366956745,
            16.741751240550972,
            64.25819131749847,
            64.27181662050911,
            4.79787778350764,
            69.74582304724353,
            16.06435187356522,
            0.0,
            9.459617045687894,
            20.05012186730017,
            26.004540226757765,
            69.23941452997363,
            42.83557971662058,
            39.17513433727398,
            85.17941886446894,
            85.0264535540906,
            85.20662422620377,
            49.61593463880024
        ],
        [
            49.04385480322781,
            72.86344750455655,
            10.996753791718294,
            68.38719717929375,
            14.501075060030093,
            39.293064592310934,
            10.268293029014968,
            71.29915283939224,
            26.110098362766834,
            60.37135333056671,
            63.990733352293184,
            5.324399295479078,
            61.32889921543355,
            10.958252151245098,
            9.459617045687894,
            0.0,
            29.487723532411742,
            24.1851775625196,
            68.33195708756313,
            42.78993915150221,
            30.547526359059397,
            87.56561967882791,
            87.17136355310141,
            83.79660980473552,
            49.04385480322781
        ],
        [
            54.858729416689634,
            84.09098912186066,
            40.116344770603845,
            64.5302552882304,
            40.50315098579852,
            17.184122040776057,
            23.30957337156506,
            93.7334640885809,
            3.705067161523972,
            74.53553045949255,
            67.72063598171277,
            24.672837386309688,
            87.6753482982181,
            33.24480556308777,
            20.05012186730017,
            29.487723532411742,
            0.0,
            37.14772708765406,
            73.63657048877106,
            47.88619435400332,
            57.87383808687633,
            81.84841958598784,
            82.23586259521052,
            89.87735187226941,
            54.858729416689634
        ],
        [
            24.896087526767566,
            49.893956551743344,
            29.852904457838857,
            45.81667251282466,
            36.716916803790134,
            35.61370689846586,
            17.999099467340578,
            56.96214532778609,
            33.63930187896434,
            38.54274653160929,
            39.85058417764472,
            26.48067333975749,
            53.784388001817256,
            13.753741693480489,
            26.004540226757765,
            24.1851775625196,
            37.14772708765406,
            0.0,
            44.1569871637429,
            18.937386761206806,
            28.77027941977732,
            64.97015762856154,
            64.3307956993509,
            59.748893630575935,
            24.896087526767566
        ],
        [
            19.629453934721425,
            17.366843549715657,
            72.66919411430536,
            21.842381389199076,
            80.08032986931165,
            62.40481480145848,
            61.33439063701592,
            52.38971058491759,
            71.07997424693482,
            22.29678044769462,
            6.418034225093231,
            70.4415433074114,
            64.45623738675951,
            57.65634475350695,
            69.23941452997363,
            68.33195708756313,
            73.63657048877106,
            44.1569871637429,
            0.0,
            26.537519280815104,
            59.718219320955676,
            32.17488874362191,
            30.334578124829356,
            16.266048145362053,
            19.629453934721425
        ],
        [
            7.033825344420058,
            36.463716306284915,
            48.729919186346365,
            27.5308257652017,
            55.65414881405018,
            39.15028780560066,
            35.028682473579295,
            55.93002485510168,
            45.07245972668593,
            29.047987611331656,
            21.445594049695163,
            44.35121148136219,
            59.48218596343683,
            32.67371092004691,
            42.83557971662058,
            42.78993915150221,
            47.88619435400332,
            18.937386761206806,
            26.537519280815104,
            0.0,
            42.46898314240156,
            46.44202244187519,
            45.66169690521161,
            42.7126274707684,
            7.033825344420058
        ],
        [
            45.21679812788018,
            56.705622484846685,
            24.63068264763551,
            69.47424792027739,
            31.42864378162415,
            62.14308217313356,
            34.59557056382077,
            42.97200832760031,
            54.198624141042515,
            42.93232010642971,
            58.050653177278846,
            35.82904000550805,
            30.80175587108531,
            24.75213136403337,
            39.17513433727398,
            30.547526359059397,
            57.87383808687633,
            28.77027941977732,
            59.718219320955676,
            42.46898314240156,
            0.0,
            87.5911454475188,
            86.44587055412019,
            71.87446480485394,
            45.21679812788018
        ],
        [
            42.42397290954476,
            47.49207572987159,
            94.76779777184227,
            19.20950315438328,
            101.30487278948003,
            66.06571921236917,
            78.34675971133866,
            84.39281766343238,
            80.5600818868885,
            54.44792250787448,
            30.70204502944488,
            87.92302242320443,
            96.39165910154632,
            78.39316635190865,
            85.17941886446894,
            87.56561967882791,
            81.84841958598784,
            64.97015762856154,
            32.17488874362191,
            46.44202244187519,
            87.5911454475188,
            0.0,
            2.2819131102384818,
            34.38308080801503,
            42.42397290954476
        ],
        [
            41.373640962836,
            45.4004666983996,
            94.167687969493,
            18.80554631764132,
            100.79631307632785,
            66.66554425210322,
            78.07944553314528,
            82.43201193813573,
            80.85169593839221,
            52.62953136577342,
            29.176269514069492,
            87.6656302627758,
            94.67444466097301,
            77.84026952875226,
            85.0264535540906,
            87.17136355310141,
            82.23586259521052,
            64.3307956993509,
            30.334578124829356,
            45.66169690521161,
            86.44587055412019,
            2.2819131102384818,
            0.0,
            32.119317374604975,
            41.373640962836
        ],
        [
            35.73108110049652,
            17.282730145099762,
            87.3332962719727,
            32.97628535836317,
            94.89872388771613,
            78.25662338799889,
            77.24899722763959,
            54.56532630133731,
            87.34204218053203,
            29.771561411871566,
            22.236357053830123,
            86.19231907936467,
            70.44413905778981,
            72.96531139969788,
            85.20662422620377,
            83.79660980473552,
            89.87735187226941,
            59.748893630575935,
            16.266048145362053,
            42.7126274707684,
            71.87446480485394,
            34.38308080801503,
            32.119317374604975,
            0.0,
            35.73108110049652
        ],
        [
            0.0,
            29.815728795988317,
            54.238614068839446,
            24.414225994692792,
            61.40535263404372,
            45.49155052634491,
            41.73007264097878,
            52.675044185164126,
            52.081892668585695,
            23.874773139772053,
            14.954514919247309,
            50.91586580930549,
            58.56005343012844,
            38.59987008024324,
            49.61593463880024,
            49.04385480322781,
            54.858729416689634,
            24.896087526767566,
            19.629453934721425,
            7.033825344420058,
            45.21679812788018,
            42.42397290954476,
            41.373640962836,
            35.73108110049652,
            0.0
        ]
    ],
    "scores_ave": [
        0,
        18.069352514014387,
        16.220180621600864,
        19.625149714674546,
        19.4310453257081,
        11.541884642129899,
        17.421429736298567,
        17.969532442573428,
        10.581653325092095,
        11.24275826344811,
        13.514232679666815,
        13.258849623138488,
        13.94691263379304,
        14.189638147890317,
        15.088796952002058,
        19.651818161778856,
        16.19716535832967,
        11.532015523049022,
        10.552719564456876,
        19.222868040697044,
        13.165258870832506,
        14.189952423646279,
        12.749063752132791,
        17.156534282543216,
        0
    ],
    "scores_var": [
        0,
        375.1433405047803,
        18.03840754339698,
        18.91359284139496,
        238.53989191251355,
        22.020351559474392,
        17.645840422253876,
        22.255962760101415,
        23.59535708430313,
        21.931122849892617,
        21.835159704705397,
        377.52402040853076,
        326.951808501287,
        314.4679624642263,
        21.09858650469553,
        22.83872760017189,
        334.11030917617813,
        300.09467215847803,
        292.3585189491206,
        17.536979974118232,
        20.43170860321042,
        21.65047786078759,
        228.81097778056338,
        230.2069046574503,
        0
    ],
    "vertex_number": 25,
    "minimum_distances": {
        "cost": 384.8487564939886,
        "path": [
            0,
            19,
            17,
            13,
            6,
            5,
            16,
            8,
            14,
            11,
            15,
            4,
            2,
            20,
            12,
            7,
            9,
            1,
            23,
            18,
            10,
            22,
            21,
            3,
            24
        ]
    }
}