{
    "vertices": [
        [
            9.854478485240769,
            93.70051584583446
        ],
        [
            70.36191238351867,
            67.34984750185019
        ],
        [
            55.51554409076913,
            76.10874873607074
        ],
        [
            37.134856435206245,
            39.5755502163884
        ],
        [
            18.654224722087566,
            78.91533763144896
        ],
        [
            54.25691362566858,
            6.583287100707869
        ],
        [
            8.893832960684211,
            48.50069508058342
        ],
        [
            37.13485012338311,
            84.03231657549213
        ],
        [
            53.61830363715562,
            40.88434000145522
        ],
        [
            26.66414997082205,
            6.631368441899088
        ],
        [
            97.21737594787098,
            44.610861819261224
        ],
        [
            59.21375442963988,
            79.85783101062587
        ],
        [
            30.701603400742805,
            80.9118550915775
        ],
        [
            74.3510245994309,
            30.5091313677632
        ],
        [
            68.18369462487462,
            12.9427966810289
        ],
        [
            91.26075438630622,
            43.15772076178078
        ],
        [
            41.36400139359956,
            91.82592667117534
        ],
        [
            73.40623426743225,
            31.6693685679052
        ],
        [
            26.392842105814076,
            82.8282727707057
        ],
        [
            9.854478485240769,
            93.70051584583446
        ]
    ],
    "distances": [
        [
            0.0,
            65.99626716056844,
            48.93263923268936,
            60.61131021089776,
            17.20572662412253,
            97.78030369471456,
            45.2100280583265,
            28.942922344611453,
            68.59169645628955,
            88.6769501341887,
            100.21012915626193,
            51.263613267133735,
            24.45715562223085,
            90.29371812543373,
            99.61981058085648,
            95.8204356647841,
            31.56523591684587,
            88.8070317914942,
            19.79199688588769,
            0.0
        ],
        [
            65.99626716056844,
            0.0,
            17.237546296233376,
            43.306452598815966,
            52.98533311426815,
            62.864503879184724,
            64.29319820114748,
            37.17986606796674,
            31.31727192947604,
            74.80794168556038,
            35.18916584872736,
            16.755031400162622,
            41.915011135308944,
            37.05605728546303,
            54.45063646665209,
            31.969056809124954,
            37.94676920743509,
            35.81011690414551,
            46.613954883588995,
            65.99626716056844
        ],
        [
            48.93263923268936,
            17.237546296233376,
            0.0,
            40.89650685290715,
            36.96801058790693,
            69.53685329563018,
            54.18291774481465,
            20.01581469809845,
            35.27546586569886,
            75.22971032248807,
            52.26049808853829,
            5.266153967737173,
            25.27452241349881,
            49.33660335013175,
            64.42374978976775,
            48.61574131528398,
            21.149369800387728,
            47.905483034075495,
            29.8878532878583,
            48.93263923268936
        ],
        [
            60.61131021089776,
            43.306452598815966,
            40.89650685290715,
            0.0,
            43.46438337740552,
            37.17061027112357,
            29.617792249513997,
            44.45676635910418,
            16.535324682658878,
            34.568118355703,
            60.29314649218237,
            45.93625890986769,
            41.83391979410983,
            38.304609690826446,
            40.90640431281406,
            54.24430638167627,
            52.42125052634721,
            37.12304618571742,
            44.566679035055046,
            60.61131021089776
        ],
        [
            17.20572662412253,
            52.98533311426815,
            36.96801058790693,
            43.46438337740552,
            0.0,
            80.61933385452186,
            31.9423813895112,
            19.175948183513412,
            51.66085166847036,
            72.72641270051831,
            85.72610915744565,
            40.57047872366816,
            12.21169173356071,
            73.79223754175858,
            82.49572442439633,
            80.93401827463556,
            26.123117459879342,
            72.31849101030006,
            8.67163539453454,
            17.20572662412253
        ],
        [
            97.78030369471456,
            62.864503879184724,
            69.53685329563018,
            37.17061027112357,
            80.61933385452186,
            0.0,
            61.76470010587935,
            79.31908487345463,
            34.30699714077723,
            27.592805546511403,
            57.37331925130818,
            73.44201151903737,
            77.97171704769507,
            31.24450863299437,
            15.310081355173828,
            52.02858280471275,
            86.21214987903075,
            31.55959385701815,
            81.17699379431184,
            97.78030369471456
        ],
        [
            45.2100280583265,
            64.29319820114748,
            54.18291774481465,
            29.617792249513997,
            31.9423813895112,
            61.76470010587935,
            0.0,
            45.38778664400053,
            45.368349562023006,
            45.48433444404387,
            88.40915704049168,
            59.290509108769044,
            39.064845383343766,
            67.88475750906149,
            69.13502610653936,
            82.54003343654504,
            54.14228966750775,
            66.67190918624793,
            38.53048028681604,
            45.2100280583265
        ],
        [
            28.942922344611453,
            37.17986606796674,
            20.01581469809845,
            44.45676635910418,
            19.175948183513412,
            79.31908487345463,
            45.38778664400053,
            0.0,
            46.189307444194675,
            78.10596861741108,
            71.86070556672688,
            22.470076659774,
            7.1501009270469025,
            65.19029833811534,
            77.57416183049021,
            67.82585123102686,
            8.867134756498775,
            63.69844293050209,
            10.809276466691099,
            28.942922344611453
        ],
        [
            68.59169645628955,
            31.31727192947604,
            35.27546586569886,
            16.535324682658878,
            51.66085166847036,
            34.30699714077723,
            45.368349562023006,
            46.189307444194675,
            0.0,
            43.586608729380224,
            43.758040075094435,
            39.37311355497579,
            46.123498501475034,
            23.183845079973388,
            31.51000567680664,
            37.71103762141327,
            52.39478195302495,
            21.82837367166375,
            50.00519224786524,
            68.59169645628955
        ],
        [
            88.6769501341887,
            74.80794168556038,
            75.22971032248807,
            34.568118355703,
            72.72641270051831,
            27.592805546511403,
            45.48433444404387,
            78.10596861741108,
            43.586608729380224,
            0.0,
            80.12614812262989,
            80.13483369143933,
            74.39013192024753,
            53.330906369463,
            41.99650836316693,
            74.2084612143836,
            86.45344633809155,
            53.02569089320097,
            76.19738733874622,
            88.6769501341887
        ],
        [
            100.21012915626193,
            35.18916584872736,
            52.26049808853829,
            60.29314649218237,
            85.72610915744565,
            57.37331925130818,
            88.40915704049168,
            71.86070556672688,
            43.758040075094435,
            80.12614812262989,
            0.0,
            51.8326546269624,
            75.77671218849522,
            26.865011180288274,
            42.9630189903437,
            6.131309758985724,
            73.13591318955544,
            27.10078810110178,
            80.47785467926099,
            100.21012915626193
        ],
        [
            51.263613267133735,
            16.755031400162622,
            5.266153967737173,
            45.93625890986769,
            40.57047872366816,
            73.44201151903737,
            59.290509108769044,
            22.470076659774,
            39.37311355497579,
            80.13483369143933,
            51.8326546269624,
            0.0,
            28.53162671594212,
            51.61812767463306,
            67.51356638807663,
            48.7227698155591,
            21.49067232982006,
            50.23499175415125,
            32.95505742702152,
            51.263613267133735
        ],
        [
            24.45715562223085,
            41.915011135308944,
            25.27452241349881,
            41.83391979410983,
            12.21169173356071,
            77.97171704769507,
            39.064845383343766,
            7.1501009270469025,
            46.123498501475034,
            74.39013192024753,
            75.77671218849522,
            28.53162671594212,
            0.0,
            66.67613163463845,
            77.61894139802929,
            71.36375429505233,
            15.25790580003236,
            65.1805797496022,
            4.715726944761648,
            24.45715562223085
        ],
        [
            90.29371812543373,
            37.05605728546303,
            49.33660335013175,
            38.304609690826446,
            73.79223754175858,
            31.24450863299437,
            67.88475750906149,
            65.19029833811534,
            23.183845079973388,
            53.330906369463,
            26.865011180288274,
            51.61812767463306,
            66.67613163463845,
            0.0,
            18.61752060134284,
            21.1169546839404,
            69.62681298366743,
            1.4962550357580953,
            70.97379675085831,
            90.29371812543373
        ],
        [
            99.61981058085648,
            54.45063646665209,
            64.42374978976775,
            40.90640431281406,
            82.49572442439633,
            15.310081355173828,
            69.13502610653936,
            77.57416183049021,
            31.51000567680664,
            41.99650836316693,
            42.9630189903437,
            67.51356638807663,
            77.61894139802929,
            18.61752060134284,
            0.0,
            38.01963077724829,
            83.31773005826577,
            19.441178332406494,
            81.42760663651276,
            99.61981058085648
        ],
        [
            95.8204356647841,
            31.969056809124954,
            48.61574131528398,
            54.24430638167627,
            80.93401827463556,
            52.02858280471275,
            82.54003343654504,
            67.82585123102686,
            37.71103762141327,
            74.2084612143836,
            6.131309758985724,
            48.7227698155591,
            71.36375429505233,
            21.1169546839404,
            38.01963077724829,
            0.0,
            69.7013645896148,
            21.23125349115782,
            76.03682489637794,
            95.8204356647841
        ],
        [
            31.56523591684587,
            37.94676920743509,
            21.149369800387728,
            52.42125052634721,
            26.123117459879342,
            86.21214987903075,
            54.14228966750775,
            8.867134756498775,
            52.39478195302495,
            86.45344633809155,
            73.13591318955544,
            21.49067232982006,
            15.25790580003236,
            69.62681298366743,
            83.31773005826577,
            69.7013645896148,
            0.0,
            68.15802352161512,
            17.46692262915486,
            31.56523591684587
        ],
        [
            88.8070317914942,
            35.81011690414551,
            47.905483034075495,
            37.12304618571742,
            72.31849101030006,
            31.55959385701815,
            66.67190918624793,
            63.69844293050209,
            21.82837367166375,
            53.02569089320097,
            27.10078810110178,
            50.23499175415125,
            65.1805797496022,
            1.4962550357580953,
            19.441178332406494,
            21.23125349115782,
            68.15802352161512,
            0.0,
            69.48015919507827,
            88.8070317914942
        ],
        [
            19.79199688588769,
            46.613954883588995,
            29.8878532878583,
            44.566679035055046,
            8.67163539453454,
            81.17699379431184,
            38.53048028681604,
            10.809276466691099,
            50.00519224786524,
            76.19738733874622,
            80.47785467926099,
            32.95505742702152,
            4.715726944761648,
            70.97379675085831,
            81.42760663651276,
            76.03682489637794,
            17.46692262915486,
            69.48015919507827,
            0.0,
            19.79199688588769
        ],
        [
            0.0,
            65.99626716056844,
            48.93263923268936,
            60.61131021089776,
            17.20572662412253,
            97.78030369471456,
            45.2100280583265,
            28.942922344611453,
            68.59169645628955,
            88.6769501341887,
            100.21012915626193,
            51.263613267133735,
            24.45715562223085,
            90.29371812543373,
            99.61981058085648,
            95.8204356647841,
            31.56523591684587,
            88.8070317914942,
            19.79199688588769,
            0.0
        ]
    ],
    "scores_ave": [
        0,
        19.10147107052834,
        13.586853707137575,
        16.48177609029605,
        15.324816889507876,
        19.538971453241828,
        17.615595509534874,
        19.811564210931593,
        10.758267984151807,
        15.151413723166703,
        18.953973844832916,
        13.461453502969434,
        10.73806279168201,
        13.795639315411465,
        19.19111809853665,
        11.736794455833593,
        15.827499957134957,
        15.18626124516936,
        19.844388960135408,
        0
    ],
    "scores_var": [
        0,
        22.96599188246323,
        19.162961260844305,
        21.573776722336696,
        23.67443150844189,
        264.4699426771471,
        23.807636110375665,
        19.64438894753393,
        21.546311497243885,
        23.57348753151936,
        355.8402087012445,
        323.4907800181896,
        18.143273844381334,
        19.993919472362652,
        249.55710385190173,
        20.405283523038662,
        367.13872615151865,
        272.69161394396275,
        393.09889521978573,
        0
    ],
    "vertex_number": 20,
    "minimum_distances": {
        "cost": 364.43463203639357,
        "path": [
            0,
            18,
            12,
            7,
            16,
            2,
            11,
            1,
            10,
            15,
            13,
            17,
            8,
            3,
            14,
            5,
            9,
            6,
            4,
            19
        ]
    }
}