{
    "vertices": [
        [
            67.61675527050313,
            15.346604894487992
        ],
        [
            1.7357897595045468,
            93.76821886833355
        ],
        [
            35.48489922616419,
            81.82875749593236
        ],
        [
            54.8584500511161,
            52.30358615015921
        ],
        [
            3.710590909824829,
            96.63993787427142
        ],
        [
            52.11893321294836,
            87.23149711695623
        ],
        [
            26.961683722140894,
            7.787984831558381
        ],
        [
            50.25412527404002,
            89.9346218099153
        ],
        [
            18.645525997023014,
            30.70609343093478
        ],
        [
            36.703085840706215,
            64.4562991776599
        ],
        [
            74.63204025825772,
            53.90027361808729
        ],
        [
            76.66274688820938,
            10.883963919625018
        ],
        [
            29.63140214939124,
            34.6204587417716
        ],
        [
            92.32437045587109,
            61.174088306166595
        ],
        [
            79.28096418654098,
            36.965211768048825
        ],
        [
            78.3812539973557,
            79.35835653336822
        ],
        [
            87.02087016979829,
            75.80834394821014
        ],
        [
            20.55154488591191,
            33.070598709124276
        ],
        [
            80.37128207278045,
            19.09186531470165
        ],
        [
            22.795940731479604,
            44.423828407135105
        ],
        [
            39.75040213247594,
            76.86420890794138
        ],
        [
            70.13818761986819,
            48.02582278345333
        ],
        [
            38.660446586952126,
            8.12370340907801
        ],
        [
            67.61675527050313,
            15.346604894487992
        ]
    ],
    "distances": [
        [
            0.0,
            102.42192711975416,
            73.83991324057645,
            39.09722260727829,
            103.40504741189365,
            73.53652302334879,
            41.35175425369733,
            76.58219889615438,
            51.32343699185584,
            58.029449680324966,
            39.18672728754538,
            10.08687904250555,
            42.59540460967609,
            52.06365799668615,
            24.564566611087372,
            64.91054444940434,
            63.499146170837896,
            50.291887867598476,
            13.2930406440825,
            53.42649476754002,
            67.5348002201035,
            32.77634669890616,
            29.843560753452817,
            0.0
        ],
        [
            102.42192711975416,
            0.0,
            35.79878667854031,
            67.38941165280386,
            3.4851986503456494,
            50.805411872213256,
            89.60438812487257,
            48.66955257147272,
            65.28989848594239,
            45.627847102212954,
            83.08619858468437,
            111.7311443733093,
            65.39589221500164,
            96.27392325903052,
            96.12406406594815,
            77.98827681612393,
            87.15561971403076,
            63.5470985487817,
            108.44398753005306,
            53.65071135548525,
            41.603561225071914,
            82.287634749296,
            93.26528459226098,
            102.42192711975416
        ],
        [
            73.83991324057645,
            35.79878667854031,
            0.0,
            35.313881329645135,
            35.05677870514472,
            17.48944487644111,
            74.52973379306768,
            16.847405566732107,
            53.82463443306338,
            17.415116613102636,
            48.08844832911198,
            82.02913429790334,
            47.569810797289136,
            60.475952650713474,
            62.696355885262115,
            42.96743107950209,
            51.88643059980803,
            50.9937556974491,
            77.14081283997709,
            39.49858716229961,
            6.545323347725255,
            48.40959400442582,
            73.77343084733646,
            73.83991324057645
        ],
        [
            39.09722260727829,
            67.38941165280386,
            35.313881329645135,
            0.0,
            67.68910975143314,
            35.0351811328428,
            52.53444900605754,
            37.911669067433984,
            42.164292479590664,
            21.847326690957342,
            19.83795051284798,
            46.80825211733759,
            30.80741697671504,
            38.501701264686574,
            28.83964156124012,
            35.850842472407656,
            39.835849520697415,
            39.330287920651195,
            41.879863880127736,
            33.01658804238448,
            28.835348136653636,
            15.867250536607306,
            47.05568355938263,
            39.09722260727829
        ],
        [
            103.40504741189365,
            3.4851986503456494,
            35.05677870514472,
            67.68910975143314,
            0.0,
            49.31415985313234,
            91.84379606958449,
            47.02405612700581,
            67.60417242402232,
            46.09003494811285,
            82.80417186599765,
            112.5882060022476,
            67.21833267185235,
            95.44751652621837,
            96.29098739256389,
            76.64437996078902,
            85.87524635117548,
            65.76228868217859,
            109.04386790318087,
            55.59471796581849,
            41.108970421479476,
            82.31620612452612,
            95.16625544671348,
            103.40504741189365
        ],
        [
            73.53652302334879,
            50.805411872213256,
            17.48944487644111,
            35.0351811328428,
            49.31415985313234,
            0.0,
            83.33161972614533,
            3.283959767521615,
            65.69315224976535,
            27.50196340951666,
            40.2220144792017,
            80.19566456513421,
            57.21547353862937,
            47.911018960435555,
            57.13558759116938,
            27.41707197408312,
            36.72374751651253,
            62.6889377971378,
            73.76452154148686,
            51.8877094159886,
            16.138811167412264,
            43.148330550856635,
            80.24446328308476,
            73.53652302334879
        ],
        [
            41.35175425369733,
            89.60438812487257,
            74.52973379306768,
            52.53444900605754,
            91.84379606958449,
            83.33161972614533,
            0.0,
            85.38505607132079,
            24.380282629244643,
            57.499502311447564,
            66.3234956061028,
            49.7973971845043,
            26.964959718550908,
            84.39405702567761,
            59.90507223946918,
            88.1265584986897,
            90.74070272547345,
            26.082569742681002,
            54.59270015261956,
            36.87191952093585,
            70.25009644996594,
            59.01943825447187,
            11.703578919731267,
            41.35175425369733
        ],
        [
            76.58219889615438,
            48.66955257147272,
            16.847405566732107,
            37.911669067433984,
            47.02405612700581,
            3.283959767521615,
            85.38505607132079,
            0.0,
            67.13510350178021,
            28.857851511799446,
            43.505827064746676,
            83.34519667292223,
            59.033493416916436,
            50.96149347379482,
            60.40128953454276,
            30.049837893370825,
            39.38712043874073,
            64.15419241889425,
            76.97882359116728,
            53.15246197989182,
            16.76794242782087,
            46.38667234468497,
            82.62832295943016,
            76.58219889615438
        ],
        [
            51.32343699185584,
            65.28989848594239,
            53.82463443306338,
            42.164292479590664,
            67.60417242402232,
            65.69315224976535,
            24.380282629244643,
            67.13510350178021,
            0.0,
            38.277302092160014,
            60.60082320956981,
            61.309988894957804,
            11.662406725108479,
            79.72998703441685,
            60.9576322275796,
            77.04154661426611,
            81.91093145892395,
            3.0370698403868244,
            62.80891065652871,
            14.331859451769128,
            50.75418624193956,
            54.327407685709844,
            30.175509694459585,
            51.32343699185584
        ],
        [
            58.029449680324966,
            45.627847102212954,
            17.415116613102636,
            21.847326690957342,
            46.09003494811285,
            27.50196340951666,
            57.499502311447564,
            28.857851511799446,
            38.277302092160014,
            0.0,
            39.37048715501308,
            66.83389571191125,
            30.662453990928345,
            55.7180420550303,
            50.68170884446954,
            44.26218492490821,
            51.582442170389726,
            35.29779694421502,
            62.96700105507372,
            24.38664737640285,
            12.776633377259397,
            37.254081461277494,
            56.366591232017875,
            58.029449680324966
        ],
        [
            39.18672728754538,
            83.08619858468437,
            48.08844832911198,
            19.83795051284798,
            82.80417186599765,
            40.2220144792017,
            66.3234956061028,
            43.505827064746676,
            60.60082320956981,
            39.37048715501308,
            0.0,
            43.06421564931781,
            48.95680434699727,
            19.12921660544154,
            17.56157206959539,
            25.7326755193229,
            25.168366100458154,
            57.953216791921044,
            35.27838127268274,
            52.69520118555602,
            41.76207612576988,
            7.396207416243284,
            58.21898256886553,
            39.18672728754538
        ],
        [
            10.08687904250555,
            111.7311443733093,
            82.02913429790334,
            46.80825211733759,
            112.5882060022476,
            80.19566456513421,
            49.7973971845043,
            83.34519667292223,
            61.309988894957804,
            66.83389571191125,
            43.06421564931781,
            0.0,
            52.6817670013388,
            52.67241273749438,
            26.2123358583739,
            68.49595397178753,
            65.74546250512454,
            60.33832739996404,
            9.006823997753173,
            63.455144120608864,
            75.60366343031512,
            37.710576149226874,
            38.10241286681229,
            10.08687904250555
        ],
        [
            42.59540460967609,
            65.39589221500164,
            47.569810797289136,
            30.80741697671504,
            67.21833267185235,
            57.21547353862937,
            26.964959718550908,
            59.033493416916436,
            11.662406725108479,
            30.662453990928345,
            48.95680434699727,
            52.6817670013388,
            0.0,
            68.0845321502645,
            49.704897919973824,
            66.16666497572497,
            70.63988198917154,
            9.211182011335781,
            53.06291198627527,
            11.951133401963508,
            43.4387912902677,
            42.66735818211923,
            27.992886357360067,
            42.59540460967609
        ],
        [
            52.06365799668615,
            96.27392325903052,
            60.475952650713474,
            38.501701264686574,
            95.44751652621837,
            47.911018960435555,
            84.39405702567761,
            50.96149347379482,
            79.72998703441685,
            55.7180420550303,
            19.12921660544154,
            52.67241273749438,
            68.0845321502645,
            0.0,
            27.49909362769306,
            22.914582857528465,
            15.565620883249649,
            77.07882081237915,
            43.74688347525293,
            71.51764640020494,
            54.86530807138145,
            25.789602460843014,
            75.45965851193851,
            52.06365799668615
        ],
        [
            24.564566611087372,
            96.12406406594815,
            62.696355885262115,
            28.83964156124012,
            96.29098739256389,
            57.13558759116938,
            59.90507223946918,
            60.40128953454276,
            60.9576322275796,
            50.68170884446954,
            17.56157206959539,
            26.2123358583739,
            49.704897919973824,
            27.49909362769306,
            0.0,
            42.402690970242105,
            39.60675525961633,
            58.85841233220489,
            17.906571601912848,
            56.97533533808896,
            56.16578414906571,
            14.350173496588416,
            49.8182602514288,
            24.564566611087372
        ],
        [
            64.91054444940434,
            77.98827681612393,
            42.96743107950209,
            35.850842472407656,
            76.64437996078902,
            27.41707197408312,
            88.1265584986897,
            30.049837893370825,
            77.04154661426611,
            44.26218492490821,
            25.7326755193229,
            68.49595397178753,
            66.16666497572497,
            22.914582857528465,
            42.402690970242105,
            0.0,
            9.340533012730713,
            74.07315154838534,
            60.29933810209357,
            65.65171975103283,
            38.71128373205552,
            32.39870081489721,
            81.56051953655225,
            64.91054444940434
        ],
        [
            63.499146170837896,
            87.15561971403076,
            51.88643059980803,
            39.835849520697415,
            85.87524635117548,
            36.72374751651253,
            90.74070272547345,
            39.38712043874073,
            81.91093145892395,
            51.582442170389726,
            25.168366100458154,
            65.74546250512454,
            70.63988198917154,
            15.565620883249649,
            39.60675525961633,
            9.340533012730713,
            0.0,
            79.02332612473423,
            57.10495574330853,
            71.48307056293115,
            47.28225882168387,
            32.50989775978808,
            83.1861835524616,
            63.499146170837896
        ],
        [
            50.291887867598476,
            63.5470985487817,
            50.9937556974491,
            39.330287920651195,
            65.76228868217859,
            62.6889377971378,
            26.082569742681002,
            64.15419241889425,
            3.0370698403868244,
            35.29779694421502,
            57.953216791921044,
            60.33832739996404,
            9.211182011335781,
            77.07882081237915,
            58.85841233220489,
            74.07315154838534,
            79.02332612473423,
            0.0,
            61.431310782192895,
            11.57294851312303,
            47.81711423559436,
            51.79279742144086,
            30.826610354195736,
            50.291887867598476
        ],
        [
            13.2930406440825,
            108.44398753005306,
            77.14081283997709,
            41.879863880127736,
            109.04386790318087,
            73.76452154148686,
            54.59270015261956,
            76.97882359116728,
            62.80891065652871,
            62.96700105507372,
            35.27838127268274,
            9.006823997753173,
            53.06291198627527,
            43.74688347525293,
            17.906571601912848,
            60.29933810209357,
            57.10495574330853,
            61.431310782192895,
            0.0,
            62.901735148433836,
            70.62364739504736,
            30.69022836157715,
            43.12881139695144,
            13.2930406440825
        ],
        [
            53.42649476754002,
            53.65071135548525,
            39.49858716229961,
            33.01658804238448,
            55.59471796581849,
            51.8877094159886,
            36.87191952093585,
            53.15246197989182,
            14.331859451769128,
            24.38664737640285,
            52.69520118555602,
            63.455144120608864,
            11.951133401963508,
            71.51764640020494,
            56.97533533808896,
            65.65171975103283,
            71.48307056293115,
            11.57294851312303,
            62.901735148433836,
            0.0,
            36.60371631999907,
            47.47907648562856,
            39.615421503663086,
            53.42649476754002
        ],
        [
            67.5348002201035,
            41.603561225071914,
            6.545323347725255,
            28.835348136653636,
            41.108970421479476,
            16.138811167412264,
            70.25009644996594,
            16.76794242782087,
            50.75418624193956,
            12.776633377259397,
            41.76207612576988,
            75.60366343031512,
            43.4387912902677,
            54.86530807138145,
            56.16578414906571,
            38.71128373205552,
            47.28225882168387,
            47.81711423559436,
            70.62364739504736,
            36.60371631999907,
            0.0,
            41.89355584207232,
            68.74914617164698,
            67.5348002201035
        ],
        [
            32.77634669890616,
            82.287634749296,
            48.40959400442582,
            15.867250536607306,
            82.31620612452612,
            43.148330550856635,
            59.01943825447187,
            46.38667234468497,
            54.327407685709844,
            37.254081461277494,
            7.396207416243284,
            37.710576149226874,
            42.66735818211923,
            25.789602460843014,
            14.350173496588416,
            32.39870081489721,
            32.50989775978808,
            51.79279742144086,
            30.69022836157715,
            47.47907648562856,
            41.89355584207232,
            0.0,
            50.823491724813884,
            32.77634669890616
        ],
        [
            29.843560753452817,
            93.26528459226098,
            73.77343084733646,
            47.05568355938263,
            95.16625544671348,
            80.24446328308476,
            11.703578919731267,
            82.62832295943016,
            30.175509694459585,
            56.366591232017875,
            58.21898256886553,
            38.10241286681229,
            27.992886357360067,
            75.45965851193851,
            49.8182602514288,
            81.56051953655225,
            83.1861835524616,
            30.826610354195736,
            43.12881139695144,
            39.615421503663086,
            68.74914617164698,
            50.823491724813884,
            0.0,
            29.843560753452817
        ],
        [
            0.0,
            102.42192711975416,
            73.83991324057645,
            39.09722260727829,
            103.40504741189365,
            73.53652302334879,
            41.35175425369733,
            76.58219889615438,
            51.32343699185584,
            58.029449680324966,
            39.18672728754538,
            10.08687904250555,
            42.59540460967609,
            52.06365799668615,
            24.564566611087372,
            64.91054444940434,
            63.499146170837896,
            50.291887867598476,
            13.2930406440825,
            53.42649476754002,
            67.5348002201035,
            32.77634669890616,
            29.843560753452817,
            0.0
        ]
    ],
    "scores_ave": [
        0,
        13.615397053567127,
        18.879288284015313,
        10.649370981457315,
        16.91546415824884,
        14.370554475183079,
        15.660285691562807,
        18.71129563548603,
        17.156995494156654,
        19.05486959026264,
        15.485358049003912,
        12.906787705510645,
        19.874463114346348,
        15.57959517100447,
        16.07631478862487,
        14.612160723023079,
        17.133888909774374,
        11.660918894314356,
        19.688997484645526,
        10.497187474838116,
        12.40503088461315,
        19.309231124141377,
        18.85540490096418,
        0
    ],
    "scores_var": [
        0,
        22.391472767254207,
        22.02355657695653,
        228.79830113317973,
        17.775704633254627,
        19.765265095598707,
        335.68519322740326,
        295.51170913112924,
        17.150806276923966,
        19.36503188779555,
        232.43672946474516,
        16.72378823413074,
        353.159568445644,
        20.346421286309187,
        17.265710487076948,
        24.120381870561108,
        24.434939026354055,
        18.42605549311212,
        316.9359057721511,
        393.4668960333479,
        20.64602488995678,
        328.94883857131794,
        373.42015316348795,
        0
    ],
    "vertex_number": 24,
    "minimum_distances": {
        "cost": 391.61528847499164,
        "path": [
            0,
            22,
            6,
            8,
            17,
            12,
            19,
            1,
            4,
            2,
            7,
            5,
            20,
            9,
            3,
            21,
            10,
            15,
            16,
            13,
            14,
            18,
            11,
            23
        ]
    }
}