{
    "vertices": [
        [
            69.80152733813728,
            66.7049217112096
        ],
        [
            14.583476914022075,
            30.699424587481914
        ],
        [
            51.07344607816465,
            70.72152290287801
        ],
        [
            98.64283352166228,
            62.389752285752834
        ],
        [
            69.28042412696756,
            73.95259255492607
        ],
        [
            51.11512194123568,
            90.48796012007196
        ],
        [
            22.551878602373865,
            21.976754873583847
        ],
        [
            91.88943770668548,
            16.438903679906225
        ],
        [
            13.927403911043223,
            38.58641653984781
        ],
        [
            55.23112464658498,
            25.02473947187219
        ],
        [
            50.058642109646826,
            80.33156216084166
        ],
        [
            34.22173820463785,
            11.944042015443602
        ],
        [
            85.6815345307037,
            81.73666288832864
        ],
        [
            95.3636557520191,
            28.500252902353584
        ],
        [
            43.61493589568286,
            52.33473287344962
        ],
        [
            69.80152733813728,
            66.7049217112096
        ]
    ],
    "distances": [
        [
            0.0,
            65.91986738280723,
            19.15395815002868,
            29.16233237486732,
            7.266380200316338,
            30.24590323688112,
            65.06257153162264,
            54.90490281543475,
            62.55052359347634,
            44.15353016575652,
            23.988890076218514,
            65.30448177451866,
            21.8661352609888,
            45.96758779664384,
            29.870384975873815,
            0.0
        ],
        [
            65.91986738280723,
            0.0,
            54.159820929978224,
            89.83458300072542,
            69.73229218687482,
            70.06589804980824,
            11.814414602708094,
            78.61026669991787,
            7.9142323596115185,
            41.041848366659224,
            61.00685556359854,
            27.15558288717104,
            87.51990339484155,
            80.81010858301981,
            36.206521169986985,
            65.91986738280723
        ],
        [
            19.15395815002868,
            54.159820929978224,
            0.0,
            48.293529829222265,
            18.49145372235447,
            19.76648115216345,
            56.47594374161255,
            67.91574134415104,
            49.11714069085075,
            45.885534834177854,
            9.66347151049363,
            61.14550120595465,
            36.318770563413075,
            61.190344936200304,
            19.841961136149617,
            19.15395815002868
        ],
        [
            29.16233237486732,
            89.83458300072542,
            48.293529829222265,
            0.0,
            31.557096833391867,
            55.21225091927343,
            86.15708781269919,
            46.444470528052975,
            87.99603858551833,
            57.27757545528555,
            51.79123667912547,
            81.82204596880433,
            23.28729742578739,
            34.04777783207504,
            55.93901082891139,
            29.16233237486732
        ],
        [
            7.266380200316338,
            69.73229218687482,
            18.49145372235447,
            31.557096833391867,
            0.0,
            24.56413206310034,
            69.89309457679822,
            61.79799271060874,
            65.6865530603793,
            50.904986231275835,
            20.25260865060572,
            71.23322117248462,
            18.154563432671683,
            52.40467681322825,
            33.55665572368943,
            7.266380200316338
        ],
        [
            30.24590323688112,
            70.06589804980824,
            19.76648115216345,
            55.21225091927343,
            24.56413206310034,
            0.0,
            74.22697699867248,
            84.53287872667924,
            63.84901407463554,
            65.59248993524587,
            10.211198222579537,
            80.34011130997091,
            35.657006079361906,
            76.16041353953915,
            38.88343529126909,
            30.24590323688112
        ],
        [
            65.06257153162264,
            11.814414602708094,
            56.47594374161255,
            86.15708781269919,
            69.89309457679822,
            74.22697699867248,
            0.0,
            69.55835606443861,
            18.715299205974812,
            32.82108060575536,
            64.51283261629457,
            15.38963776150841,
            86.92870678642396,
            73.10342617292956,
            36.94941421432215,
            65.06257153162264
        ],
        [
            54.90490281543475,
            78.61026669991787,
            67.91574134415104,
            46.444470528052975,
            61.79799271060874,
            84.53287872667924,
            69.55835606443861,
            0.0,
            81.04684472226012,
            37.65034518645133,
            76.36810373475748,
            57.8426084062702,
            65.59219023240098,
            12.551746336361058,
            60.157610313180975,
            54.90490281543475
        ],
        [
            62.55052359347634,
            7.9142323596115185,
            49.11714069085075,
            87.99603858551833,
            65.6865530603793,
            63.84901407463554,
            18.715299205974812,
            81.04684472226012,
            0.0,
            43.47316909883242,
            55.20981395261366,
            33.49143360202417,
            83.72931995972426,
            82.05847799483705,
            32.71644475409551,
            62.55052359347634
        ],
        [
            44.15353016575652,
            41.041848366659224,
            45.885534834177854,
            57.27757545528555,
            50.904986231275835,
            65.59248993524587,
            32.82108060575536,
            37.65034518645133,
            43.47316909883242,
            0.0,
            55.5481701907816,
            24.748716423557994,
            64.36978887416717,
            40.28274129865163,
            29.67779608884035,
            44.15353016575652
        ],
        [
            23.988890076218514,
            61.00685556359854,
            9.66347151049363,
            51.79123667912547,
            20.25260865060572,
            10.211198222579537,
            64.51283261629457,
            76.36810373475748,
            55.20981395261366,
            55.5481701907816,
            0.0,
            70.19729650729943,
            35.65059287720999,
            68.84060488247158,
            28.728797397720122,
            23.988890076218514
        ],
        [
            65.30448177451866,
            27.15558288717104,
            61.14550120595465,
            81.82204596880433,
            71.23322117248462,
            80.34011130997091,
            15.38963776150841,
            57.8426084062702,
            33.49143360202417,
            24.748716423557994,
            70.19729650729943,
            0.0,
            86.71286274957394,
            63.34384106053724,
            41.468543148392186,
            65.30448177451866
        ],
        [
            21.8661352609888,
            87.51990339484155,
            36.318770563413075,
            23.28729742578739,
            18.154563432671683,
            35.657006079361906,
            86.92870678642396,
            65.59219023240098,
            83.72931995972426,
            64.36978887416717,
            35.65059287720999,
            86.71286274957394,
            0.0,
            54.109692473151895,
            51.32321316246461,
            21.8661352609888
        ],
        [
            45.96758779664384,
            80.81010858301981,
            61.190344936200304,
            34.04777783207504,
            52.40467681322825,
            76.16041353953915,
            73.10342617292956,
            12.551746336361058,
            82.05847799483705,
            40.28274129865163,
            68.84060488247158,
            63.34384106053724,
            54.109692473151895,
            0.0,
            56.97378732594619,
            45.96758779664384
        ],
        [
            29.870384975873815,
            36.206521169986985,
            19.841961136149617,
            55.93901082891139,
            33.55665572368943,
            38.88343529126909,
            36.94941421432215,
            60.157610313180975,
            32.71644475409551,
            29.67779608884035,
            28.728797397720122,
            41.468543148392186,
            51.32321316246461,
            56.97378732594619,
            0.0,
            29.870384975873815
        ],
        [
            0.0,
            65.91986738280723,
            19.15395815002868,
            29.16233237486732,
            7.266380200316338,
            30.24590323688112,
            65.06257153162264,
            54.90490281543475,
            62.55052359347634,
            44.15353016575652,
            23.988890076218514,
            65.30448177451866,
            21.8661352609888,
            45.96758779664384,
            29.870384975873815,
            0.0
        ]
    ],
    "scores_ave": [
        0,
        19.15822396970671,
        10.456726252866396,
        11.619330005373577,
        11.096003872403458,
        10.116998328336246,
        17.205974287009642,
        10.427208656801334,
        14.0788092778191,
        16.670665681216818,
        15.58344861413497,
        10.619971433440568,
        17.253299218977258,
        12.146693206049225,
        11.350744687050216,
        0
    ],
    "scores_var": [
        0,
        293.8799583059711,
        356.4640623500592,
        367.4308475004067,
        22.52598747956501,
        23.907555477491414,
        16.32055031641599,
        24.800521361007604,
        23.795379982678494,
        285.5973920853577,
        16.168166518628073,
        309.5705837408298,
        21.08325918203594,
        22.09228223157602,
        20.98078399495966,
        0
    ],
    "vertex_number": 16,
    "minimum_distances": {
        "cost": 293.5338910757846,
        "path": [
            0,
            4,
            5,
            10,
            2,
            14,
            8,
            1,
            6,
            11,
            9,
            7,
            13,
            3,
            12,
            15
        ]
    }
}