{
    "vertices": [
        [
            17.734208036885924,
            22.116844282113767
        ],
        [
            30.903481775147213,
            61.320351449485756
        ],
        [
            45.864887146799326,
            52.38952614947928
        ],
        [
            37.32636566745063,
            44.80507895839847
        ],
        [
            65.28522388060759,
            2.7697580254082754
        ],
        [
            23.116574242947152,
            19.502375781842275
        ],
        [
            77.50479968209271,
            55.88620595594186
        ],
        [
            71.16325207387433,
            50.96774750806367
        ],
        [
            69.00355319691074,
            69.50657947450527
        ],
        [
            44.839412291864036,
            45.79304960232449
        ],
        [
            95.51656085426204,
            65.45500065852362
        ],
        [
            93.18527210712288,
            9.69424239449086
        ],
        [
            13.3770840429823,
            21.344344368699776
        ],
        [
            24.75700295090212,
            23.617539655844975
        ],
        [
            77.52314442960234,
            4.679131082020438
        ],
        [
            17.734208036885924,
            22.116844282113767
        ]
    ],
    "distances": [
        [
            0.0,
            41.356314451549544,
            41.32517845850927,
            29.976801586344436,
            51.3362333483308,
            5.9837539651177005,
            68.65051648367893,
            60.720979600625455,
            69.81642181279953,
            35.9896484571447,
            89.04094680489943,
            76.46688241970752,
            4.425074645073831,
            7.18134632287498,
            62.279938636939896,
            0.0
        ],
        [
            41.356314451549544,
            0.0,
            17.424215656210652,
            17.720261367961683,
            67.89901457692896,
            42.536796045948925,
            46.91708396638907,
            41.56952625270365,
            38.969600608950266,
            20.864018357440568,
            64.74523389536672,
            80.89670291868764,
            43.64923549833475,
            38.200539512991064,
            73.35953101493332,
            41.356314451549544
        ],
        [
            41.32517845850927,
            17.424215656210652,
            0.0,
            11.420603672643256,
            53.28480897536441,
            39.9881282292024,
            31.832543644986,
            25.338285705403283,
            28.781789053329575,
            6.675709813590445,
            51.3419450946186,
            63.73465374278105,
            44.936184331939295,
            35.6843100257982,
            57.25842341243034,
            41.32517845850927
        ],
        [
            29.976801586344436,
            17.720261367961683,
            11.420603672643256,
            0.0,
            50.48431398486958,
            29.019733981702856,
            41.678506875902265,
            34.39350760440484,
            40.1697440559908,
            7.577727599608557,
            61.74559160053865,
            65.97717994013908,
            33.52572382240809,
            24.63535469193429,
            56.796766772688535,
            29.976801586344436
        ],
        [
            51.3362333483308,
            67.89901457692896,
            53.28480897536441,
            50.48431398486958,
            0.0,
            45.36711925223697,
            54.50389961759917,
            48.55509659768992,
            66.84032697431344,
            47.63438705005817,
            69.59434875898465,
            28.746498479285233,
            55.13139068830798,
            45.57594421004781,
            12.385976135647303,
            51.3362333483308
        ],
        [
            5.9837539651177005,
            42.536796045948925,
            39.9881282292024,
            29.019733981702856,
            45.36711925223697,
            0.0,
            65.43593939538913,
            57.433029420867236,
            67.86777751229835,
            34.10397664253334,
            85.7519783700386,
            70.75183319833643,
            9.912139911753728,
            4.430076755066408,
            56.3897460794623,
            5.9837539651177005
        ],
        [
            68.65051648367893,
            46.91708396638907,
            31.832543644986,
            41.678506875902265,
            54.50389961759917,
            65.43593939538913,
            0.0,
            8.02536351642744,
            16.055708224398018,
            34.189169901187675,
            20.395719467168185,
            48.78088471045343,
            72.83889150037083,
            61.83523982958268,
            51.207078159890706,
            68.65051648367893
        ],
        [
            60.720979600625455,
            41.56952625270365,
            25.338285705403283,
            34.39350760440484,
            48.55509659768992,
            57.433029420867236,
            8.02536351642744,
            0.0,
            18.66420611542626,
            26.827635737884346,
            28.33662210635595,
            46.78110292313469,
            64.9367941097477,
            53.86625870823892,
            46.723487042533606,
            60.720979600625455
        ],
        [
            69.81642181279953,
            38.969600608950266,
            28.781789053329575,
            40.1697440559908,
            66.84032697431344,
            67.86777751229835,
            16.055708224398018,
            18.66420611542626,
            0.0,
            33.856125068852194,
            26.82079167252301,
            64.51566628676929,
            73.5792427313562,
            63.74606798972903,
            65.38487210244003,
            69.81642181279953
        ],
        [
            35.9896484571447,
            20.864018357440568,
            6.675709813590445,
            7.577727599608557,
            47.63438705005817,
            34.10397664253334,
            34.189169901187675,
            26.827635737884346,
            33.856125068852194,
            0.0,
            54.357756629130016,
            60.336108948995054,
            39.84491544025473,
            29.917493316191553,
            52.5221919053806,
            35.9896484571447
        ],
        [
            89.04094680489943,
            64.74523389536672,
            51.3419450946186,
            61.74559160053865,
            69.59434875898465,
            85.7519783700386,
            20.395719467168185,
            28.33662210635595,
            26.82079167252301,
            54.357756629130016,
            0.0,
            55.809471144263995,
            93.23434801160856,
            82.2027260973114,
            63.38351013797941,
            89.04094680489943
        ],
        [
            76.46688241970752,
            80.89670291868764,
            63.73465374278105,
            65.97717994013908,
            28.746498479285233,
            70.75183319833643,
            48.78088471045343,
            46.78110292313469,
            64.51566628676929,
            60.336108948995054,
            55.809471144263995,
            0.0,
            80.65402505821206,
            69.83041046953845,
            16.44547308116808,
            76.46688241970752
        ],
        [
            4.425074645073831,
            43.64923549833475,
            44.936184331939295,
            33.52572382240809,
            55.13139068830798,
            9.912139911753728,
            72.83889150037083,
            64.9367941097477,
            73.5792427313562,
            39.84491544025473,
            93.23434801160856,
            80.65402505821206,
            0.0,
            11.604739168302327,
            66.27553392477814,
            4.425074645073831
        ],
        [
            7.18134632287498,
            38.200539512991064,
            35.6843100257982,
            24.63535469193429,
            45.57594421004781,
            4.430076755066408,
            61.83523982958268,
            53.86625870823892,
            63.74606798972903,
            29.917493316191553,
            82.2027260973114,
            69.83041046953845,
            11.604739168302327,
            0.0,
            56.061831988076506,
            7.18134632287498
        ],
        [
            62.279938636939896,
            73.35953101493332,
            57.25842341243034,
            56.796766772688535,
            12.385976135647303,
            56.3897460794623,
            51.207078159890706,
            46.723487042533606,
            65.38487210244003,
            52.5221919053806,
            63.38351013797941,
            16.44547308116808,
            66.27553392477814,
            56.061831988076506,
            0.0,
            62.279938636939896
        ],
        [
            0.0,
            41.356314451549544,
            41.32517845850927,
            29.976801586344436,
            51.3362333483308,
            5.9837539651177005,
            68.65051648367893,
            60.720979600625455,
            69.81642181279953,
            35.9896484571447,
            89.04094680489943,
            76.46688241970752,
            4.425074645073831,
            7.18134632287498,
            62.279938636939896,
            0.0
        ]
    ],
    "scores_ave": [
        0,
        18.746179407502375,
        11.817883034982833,
        15.295731090974346,
        13.548512555178304,
        15.213710548393205,
        17.164892086079977,
        11.752233499439193,
        10.352630280825897,
        17.652889134790957,
        13.257695732598059,
        12.501548222469692,
        18.26870545588073,
        12.125662164386435,
        10.882168070637931,
        0
    ],
    "scores_var": [
        0,
        21.70655990811684,
        343.8686466834732,
        274.42983487337756,
        320.584779354959,
        390.3469361528662,
        267.07706604996434,
        19.166118549216158,
        17.87225448303361,
        275.88306760898087,
        17.596305359930106,
        341.36121327694224,
        253.0290357064972,
        23.230782392378877,
        387.39078229582674,
        0
    ],
    "vertex_number": 16,
    "minimum_distances": {
        "cost": 296.9188533346323,
        "path": [
            0,
            5,
            13,
            4,
            14,
            11,
            10,
            8,
            6,
            7,
            2,
            9,
            3,
            1,
            12,
            15
        ]
    }
}