{
    "vertices": [
        [
            16.678757738794246,
            85.79861624780459
        ],
        [
            43.17659151895674,
            77.01950779548532
        ],
        [
            55.37629464910593,
            71.51726292835237
        ],
        [
            43.587631846968414,
            14.119661943220517
        ],
        [
            59.97763358888128,
            85.64784561556333
        ],
        [
            60.3696722743617,
            51.00738514143841
        ],
        [
            74.99652099042979,
            41.36722917934331
        ],
        [
            17.773595987731593,
            32.61850007133188
        ],
        [
            16.423635000372606,
            99.85160613950539
        ],
        [
            72.43653314063215,
            78.65462840425971
        ],
        [
            55.691702609641716,
            26.782178254978785
        ],
        [
            72.96923207531219,
            16.19224405071297
        ],
        [
            63.51537940066042,
            53.3766303312017
        ],
        [
            22.475872729609836,
            68.71047898418348
        ],
        [
            98.9245738900465,
            62.82017057965413
        ],
        [
            53.57272154764762,
            46.94600032312037
        ],
        [
            20.925763652924033,
            89.35518084273549
        ],
        [
            28.788845041932433,
            22.276510890080903
        ],
        [
            23.869733124747285,
            10.232769179708612
        ],
        [
            16.678757738794246,
            85.79861624780459
        ]
    ],
    "distances": [
        [
            0.0,
            27.914296341815678,
            41.24871410795692,
            76.5634377230295,
            43.29913834783317,
            55.85092456576561,
            73.31513941541161,
            53.1913848976925,
            14.05530549322585,
            56.21357558517797,
            70.74566997956013,
            89.5190736741072,
            56.96362259787546,
            18.044693883718146,
            85.39545210202783,
            53.57882351937198,
            5.539513602525894,
            64.66615871974597,
            75.90722870794488,
            0.0
        ],
        [
            27.914296341815678,
            0.0,
            13.383103341215852,
            62.901188878986424,
            18.88711804836203,
            31.18064384888575,
            47.786953053030444,
            51.15429277079079,
            35.17137184239843,
            29.305593375823182,
            51.7727465465532,
            67.73150999347565,
            31.18736839311818,
            22.30604667310333,
            57.52789511025259,
            31.81973241973978,
            25.4414655680932,
            56.60214623909807,
            69.52138689630793,
            27.914296341815678
        ],
        [
            41.24871410795692,
            13.383103341215852,
            0.0,
            58.595709480395485,
            14.860877737159372,
            21.108976927898503,
            35.97190315720262,
            54.102464809145616,
            48.16788036562821,
            18.493072306256387,
            44.73619656291171,
            58.0548805966696,
            19.88283811777866,
            33.01993032382266,
            44.40824293043715,
            24.637366376047098,
            38.794721308950784,
            55.9602013748032,
            68.90901677658557,
            41.24871410795692
        ],
        [
            76.5634377230295,
            62.901188878986424,
            58.595709480395485,
            0.0,
            73.38196792512665,
            40.52580663793141,
            41.580623342048135,
            31.758014097736513,
            89.93246899955973,
            70.68961028311732,
            17.517073053833705,
            29.454609631949108,
            44.025273304985085,
            58.530877989564324,
            73.71510493871882,
            34.311375777754755,
            78.57444606310321,
            16.8978778443568,
            20.097349710218282,
            76.5634377230295
        ],
        [
            43.29913834783317,
            18.88711804836203,
            14.860877737159372,
            73.38196792512665,
            0.0,
            34.642678825262976,
            46.75831445584871,
            67.77383181353078,
            45.81154446282411,
            14.287381320770125,
            59.02148759702514,
            70.66018836634868,
            32.46454960966463,
            41.1491975128527,
            45.143846827309694,
            39.22825164720101,
            39.22745059243021,
            70.63049338575671,
            83.61348114839865,
            43.29913834783317
        ],
        [
            55.85092456576561,
            31.18064384888575,
            21.108976927898503,
            40.52580663793141,
            34.642678825262976,
            0.0,
            17.517913983584357,
            46.39587060437597,
            65.7039733729616,
            30.165861353515947,
            24.672738982038684,
            37.02489643935344,
            3.9381208835767176,
            41.82510699977795,
            40.32396729495321,
            7.917915497392184,
            55.01250187443526,
            42.69439991300808,
            54.724901687916315,
            55.85092456576561
        ],
        [
            73.31513941541161,
            47.786953053030444,
            35.97190315720262,
            41.580623342048135,
            46.75831445584871,
            17.517913983584357,
            0.0,
            57.88785198009845,
            82.77200808016303,
            37.375174631691124,
            24.195035093620334,
            25.256479892734806,
            16.614521607033694,
            59.21209170116068,
            32.1369010685851,
            22.138244511234245,
            72.29446938666537,
            49.9960482574505,
            59.86069692988341,
            73.31513941541161
        ],
        [
            53.1913848976925,
            51.15429277079079,
            54.102464809145616,
            31.758014097736513,
            67.77383181353078,
            46.39587060437597,
            57.88785198009845,
            0.0,
            67.24665750980982,
            71.46580867847055,
            38.364638172861525,
            57.58802071583594,
            50.23157096568864,
            36.39701015746944,
            86.5888105703922,
            38.5597543342749,
            56.82417712510799,
            15.109349818942732,
            23.200944712349067,
            53.1913848976925
        ],
        [
            14.05530549322585,
            35.17137184239843,
            48.16788036562821,
            89.93246899955973,
            45.81154446282411,
            65.7039733729616,
            82.77200808016303,
            67.24665750980982,
            0.0,
            59.88953684225311,
            82.95253115570473,
            100.97669737947015,
            66.1630997387853,
            31.723798354470897,
            90.43081409177474,
            64.64563216564319,
            11.421213001025574,
            78.55440040079979,
            89.92763932909867,
            14.05530549322585
        ],
        [
            56.21357558517797,
            29.305593375823182,
            18.493072306256387,
            70.68961028311732,
            14.287381320770125,
            30.165861353515947,
            37.375174631691124,
            71.46580867847055,
            59.88953684225311,
            0.0,
            54.50816850712582,
            62.464655824595795,
            26.80604727731666,
            50.94068802435137,
            30.86010948363353,
            36.89553472445732,
            52.6104665984286,
            71.29945869923507,
            83.9064054975974,
            56.21357558517797
        ],
        [
            70.74566997956013,
            51.7727465465532,
            44.73619656291171,
            17.517073053833705,
            59.02148759702514,
            24.672738982038684,
            24.195035093620334,
            38.364638172861525,
            82.95253115570473,
            54.50816850712582,
            0.0,
            20.264741076258304,
            27.721378027883866,
            53.49087545234089,
            56.28337276622118,
            20.274856377709888,
            71.58247805426709,
            27.2775509111716,
            35.868101185289795,
            70.74566997956013
        ],
        [
            89.5190736741072,
            67.73150999347565,
            58.0548805966696,
            29.454609631949108,
            70.66018836634868,
            37.02489643935344,
            25.256479892734806,
            57.58802071583594,
            100.97669737947015,
            62.464655824595795,
            20.264741076258304,
            0.0,
            38.3673547882913,
            72.8542678128154,
            53.36518810149581,
            36.359567454968996,
            89.78495378105173,
            44.59736428749868,
            49.45984369096466,
            89.5190736741072
        ],
        [
            56.96362259787546,
            31.18736839311818,
            19.88283811777866,
            44.025273304985085,
            32.46454960966463,
            3.9381208835767176,
            16.614521607033694,
            50.23157096568864,
            66.1630997387853,
            26.80604727731666,
            27.721378027883866,
            38.3673547882913,
            0.0,
            43.81059258119841,
            36.64684852495928,
            11.841007029932602,
            55.75241220297848,
            46.61705286501813,
            58.59325920013445,
            56.96362259787546
        ],
        [
            18.044693883718146,
            22.30604667310333,
            33.01993032382266,
            58.530877989564324,
            41.1491975128527,
            41.82510699977795,
            59.21209170116068,
            36.39701015746944,
            31.723798354470897,
            50.94068802435137,
            53.49087545234089,
            72.8542678128154,
            43.81059258119841,
            0.0,
            76.67528703707747,
            37.95664023329474,
            20.702815097906967,
            46.861146084792765,
            58.49431930348031,
            18.044693883718146
        ],
        [
            85.39545210202783,
            57.52789511025259,
            44.40824293043715,
            73.71510493871882,
            45.143846827309694,
            40.32396729495321,
            32.1369010685851,
            86.5888105703922,
            90.43081409177474,
            30.86010948363353,
            56.28337276622118,
            53.36518810149581,
            36.64684852495928,
            76.67528703707747,
            0.0,
            48.04976370618457,
            82.38884128368643,
            81.01116467549461,
            91.64422463147044,
            85.39545210202783
        ],
        [
            53.57882351937198,
            31.81973241973978,
            24.637366376047098,
            34.311375777754755,
            39.22825164720101,
            7.917915497392184,
            22.138244511234245,
            38.5597543342749,
            64.64563216564319,
            36.89553472445732,
            20.274856377709888,
            36.359567454968996,
            11.841007029932602,
            37.95664023329474,
            48.04976370618457,
            0.0,
            53.51973890187766,
            34.968903951044666,
            47.22424019759905,
            53.57882351937198
        ],
        [
            5.539513602525894,
            25.4414655680932,
            38.794721308950784,
            78.57444606310321,
            39.22745059243021,
            55.01250187443526,
            72.29446938666537,
            56.82417712510799,
            11.421213001025574,
            52.6104665984286,
            71.58247805426709,
            89.78495378105173,
            55.75241220297848,
            20.702815097906967,
            82.38884128368643,
            53.51973890187766,
            0.0,
            67.53795978223903,
            79.17716200789543,
            5.539513602525894
        ],
        [
            64.66615871974597,
            56.60214623909807,
            55.9602013748032,
            16.8978778443568,
            70.63049338575671,
            42.69439991300808,
            49.9960482574505,
            15.109349818942732,
            78.55440040079979,
            71.29945869923507,
            27.2775509111716,
            44.59736428749868,
            46.61705286501813,
            46.861146084792765,
            81.01116467549461,
            34.968903951044666,
            67.53795978223903,
            0.0,
            13.009587865876238,
            64.66615871974597
        ],
        [
            75.90722870794488,
            69.52138689630793,
            68.90901677658557,
            20.097349710218282,
            83.61348114839865,
            54.724901687916315,
            59.86069692988341,
            23.200944712349067,
            89.92763932909867,
            83.9064054975974,
            35.868101185289795,
            49.45984369096466,
            58.59325920013445,
            58.49431930348031,
            91.64422463147044,
            47.22424019759905,
            79.17716200789543,
            13.009587865876238,
            0.0,
            75.90722870794488
        ],
        [
            0.0,
            27.914296341815678,
            41.24871410795692,
            76.5634377230295,
            43.29913834783317,
            55.85092456576561,
            73.31513941541161,
            53.1913848976925,
            14.05530549322585,
            56.21357558517797,
            70.74566997956013,
            89.5190736741072,
            56.96362259787546,
            18.044693883718146,
            85.39545210202783,
            53.57882351937198,
            5.539513602525894,
            64.66615871974597,
            75.90722870794488,
            0.0
        ]
    ],
    "scores_ave": [
        0,
        19.3280643152717,
        12.37450380955395,
        14.992425168733906,
        19.287092945861993,
        17.79666754519554,
        10.72855858497459,
        10.988014792981108,
        14.166027970947505,
        11.578353160268527,
        18.222853863741513,
        13.40078411630594,
        12.740708830986488,
        15.951657170683902,
        18.134660416699177,
        17.01168231769408,
        12.213754815545128,
        18.35730260791523,
        14.652758427815654,
        0
    ],
    "scores_var": [
        0,
        371.14961158990843,
        22.249887530587497,
        18.875935456196412,
        22.99385110575221,
        20.58013819566745,
        269.6977346373921,
        303.0495618655364,
        252.4232006161733,
        319.0287713083168,
        23.092306233583205,
        238.67325231179095,
        16.006745321878103,
        371.9320912962433,
        22.175516764292055,
        17.512295342186803,
        16.264798017299555,
        16.3699681408829,
        19.6014856133319,
        0
    ],
    "vertex_number": 20,
    "minimum_distances": {
        "cost": 390.82882091466956,
        "path": [
            0,
            8,
            16,
            1,
            2,
            4,
            9,
            14,
            6,
            11,
            3,
            18,
            7,
            17,
            10,
            15,
            5,
            12,
            13,
            19
        ]
    }
}