{
    "vertices": [
        [
            92.71926044506753,
            0.9969712213150905
        ],
        [
            60.69133604550751,
            63.83786785876384
        ],
        [
            48.55826977750919,
            14.574670103040543
        ],
        [
            2.211144842807067,
            51.02619709889693
        ],
        [
            58.55919651739626,
            4.275111674773491
        ],
        [
            34.92424642596471,
            0.18512085512665255
        ],
        [
            40.828389355162265,
            75.57293411458573
        ],
        [
            9.681666878973916,
            69.79670024997205
        ],
        [
            71.55253315221721,
            4.276693536798426
        ],
        [
            53.103735054193905,
            90.06093890191954
        ],
        [
            71.83586098497938,
            0.20007452881901644
        ],
        [
            76.25066085592894,
            79.63636981820324
        ],
        [
            58.99632142067585,
            51.76756410458477
        ],
        [
            48.781419193113585,
            53.21965688926616
        ],
        [
            51.875619677576566,
            28.333392282344228
        ],
        [
            34.10308461684567,
            69.67963015298969
        ],
        [
            92.71926044506753,
            0.9969712213150905
        ]
    ],
    "distances": [
        [
            0.0,
            70.53202273820345,
            46.201158033787245,
            103.41490430195373,
            34.3169953867641,
            57.800715795614266,
            90.85283013713797,
            107.8361936441767,
            21.419311911370407,
            97.47707520749023,
            20.898598454157675,
            80.34531588155981,
            60.94989514479539,
            68.24765777853133,
            49.14756258014967,
            90.29487087675446,
            0.0
        ],
        [
            70.53202273820345,
            0.0,
            50.73533236496179,
            59.86711677343107,
            59.600905556885756,
            68.67033645301727,
            23.07050999115596,
            51.35653835633512,
            60.54336536072596,
            27.298738867167,
            64.60626266881006,
            22.17397692608627,
            12.18873690324566,
            15.95595574146838,
            36.5825729143862,
            27.222441123748936,
            70.53202273820345
        ],
        [
            46.201158033787245,
            50.73533236496179,
            0.0,
            58.964140034791775,
            14.356163814678178,
            19.82285853020697,
            61.486090002259466,
            67.53416073720776,
            25.194929440351892,
            75.62299935706173,
            27.3582757195062,
            70.70992358549218,
            38.62983673684784,
            38.64563105150745,
            14.152994254458672,
            56.969368963817374,
            46.201158033787245
        ],
        [
            103.41490430195373,
            59.86711677343107,
            58.964140034791775,
            0.0,
            73.2172583197149,
            60.45628212861632,
            45.75842951680504,
            20.202487174538078,
            83.62860883680334,
            64.13865297971878,
            86.20264400461654,
            79.37500812274521,
            56.79001588322423,
            46.62190170847586,
            54.60332820493281,
            36.94653417107518,
            103.41490430195373
        ],
        [
            34.3169953867641,
            59.600905556885756,
            14.356163814678178,
            73.2172583197149,
            0.0,
            23.98622293586999,
            73.46945628819724,
            81.74406078102828,
            12.99333673111213,
            85.95911942791317,
            13.887971310659196,
            77.40999379538944,
            47.49446405612927,
            49.91165631049298,
            24.96940257928468,
            69.82730444933112,
            34.3169953867641
        ],
        [
            57.800715795614266,
            68.67033645301727,
            19.82285853020697,
            60.45628212861632,
            23.98622293586999,
            0.0,
            75.61865703496372,
            74.04701079740506,
            36.85610336850557,
            91.69600032915359,
            36.911617588038865,
            89.55653796027364,
            56.922871028564295,
            54.81499110147747,
            32.858396787667154,
            69.49936063927154,
            57.800715795614266
        ],
        [
            90.85283013713797,
            23.07050999115596,
            61.486090002259466,
            45.75842951680504,
            73.46945628819724,
            75.61865703496372,
            0.0,
            31.677802933085598,
            77.63457304956236,
            18.989112531883684,
            81.50172549713055,
            35.65457653642041,
            29.946108208750097,
            23.725928565924132,
            48.51407641413536,
            8.942077801438954,
            90.85283013713797
        ],
        [
            107.8361936441767,
            51.35653835633512,
            67.53416073720776,
            20.202487174538078,
            81.74406078102828,
            74.04701079740506,
            31.677802933085598,
            0.0,
            90.11589966868151,
            47.91779807917446,
            93.31041826472145,
            67.29227337752715,
            52.506998607007745,
            42.46868255090795,
            59.156872469638365,
            24.421698338470332,
            107.8361936441767
        ],
        [
            21.419311911370407,
            60.54336536072596,
            25.194929440351892,
            83.62860883680334,
            12.99333673111213,
            36.85610336850557,
            77.63457304956236,
            90.11589966868151,
            0.0,
            87.7456261253228,
            4.086452886922439,
            75.5059813071687,
            49.12271613351131,
            53.98089747919613,
            31.07902312529207,
            75.36580997790027,
            21.419311911370407
        ],
        [
            97.47707520749023,
            27.298738867167,
            75.62299935706173,
            64.13865297971878,
            85.95911942791317,
            91.69600032915359,
            18.989112531883684,
            47.91779807917446,
            87.7456261253228,
            0.0,
            91.79252413877491,
            25.38605551581815,
            38.74409796931144,
            37.093968171911776,
            61.73976254449095,
            27.864358298039203,
            97.47707520749023
        ],
        [
            20.898598454157675,
            64.60626266881006,
            27.3582757195062,
            86.20264400461654,
            13.887971310659196,
            36.911617588038865,
            81.50172549713055,
            93.31041826472145,
            4.086452886922439,
            91.79252413877491,
            0.0,
            79.55888050496173,
            53.14188326894357,
            57.81507934795875,
            34.4948518024149,
            79.06434760484537,
            20.898598454157675
        ],
        [
            80.34531588155981,
            22.17397692608627,
            70.70992358549218,
            79.37500812274521,
            77.40999379538944,
            89.55653796027364,
            35.65457653642041,
            67.29227337752715,
            75.5059813071687,
            25.38605551581815,
            79.55888050496173,
            0.0,
            32.77777541643641,
            38.110391752119554,
            56.79910330710537,
            43.30767654342788,
            80.34531588155981
        ],
        [
            60.94989514479539,
            12.18873690324566,
            38.62983673684784,
            56.79001588322423,
            47.49446405612927,
            56.922871028564295,
            29.946108208750097,
            52.506998607007745,
            49.12271613351131,
            38.74409796931144,
            53.14188326894357,
            32.77777541643641,
            0.0,
            10.317596666568248,
            24.49213756103109,
            30.667822692424473,
            60.94989514479539
        ],
        [
            68.24765777853133,
            15.95595574146838,
            38.64563105150745,
            46.62190170847586,
            49.91165631049298,
            54.81499110147747,
            23.725928565924132,
            42.46868255090795,
            53.98089747919613,
            37.093968171911776,
            57.81507934795875,
            38.110391752119554,
            10.317596666568248,
            0.0,
            25.077883537567246,
            22.054120380902873,
            68.24765777853133
        ],
        [
            49.14756258014967,
            36.5825729143862,
            14.152994254458672,
            54.60332820493281,
            24.96940257928468,
            32.858396787667154,
            48.51407641413536,
            59.156872469638365,
            31.07902312529207,
            61.73976254449095,
            34.4948518024149,
            56.79910330710537,
            24.49213756103109,
            25.077883537567246,
            0.0,
            45.00415968042183,
            49.14756258014967
        ],
        [
            90.29487087675446,
            27.222441123748936,
            56.969368963817374,
            36.94653417107518,
            69.82730444933112,
            69.49936063927154,
            8.942077801438954,
            24.421698338470332,
            75.36580997790027,
            27.864358298039203,
            79.06434760484537,
            43.30767654342788,
            30.667822692424473,
            22.054120380902873,
            45.00415968042183,
            0.0,
            90.29487087675446
        ],
        [
            0.0,
            70.53202273820345,
            46.201158033787245,
            103.41490430195373,
            34.3169953867641,
            57.800715795614266,
            90.85283013713797,
            107.8361936441767,
            21.419311911370407,
            97.47707520749023,
            20.898598454157675,
            80.34531588155981,
            60.94989514479539,
            68.24765777853133,
            49.14756258014967,
            90.29487087675446,
            0.0
        ]
    ],
    "scores_ave": [
        0,
        12.318552594023197,
        15.610113199756286,
        19.084277236928344,
        12.120397626940278,
        17.748128911566344,
        17.28326363701017,
        15.823771001092602,
        19.410595791577514,
        11.018858233339028,
        11.226146056094851,
        15.512638848857836,
        13.87438341805623,
        13.970747115120224,
        12.793787551300037,
        15.32896441661056,
        0
    ],
    "scores_var": [
        0,
        18.044317938694853,
        17.22477408314649,
        340.1306710509558,
        22.834173043265753,
        23.251734161894625,
        23.48141926048204,
        382.37746266869715,
        16.315438380965695,
        388.6071475867354,
        233.9221149888237,
        23.526546837377303,
        266.18287383291965,
        22.193515624704744,
        18.64459141273445,
        20.663278485654928,
        0
    ],
    "vertex_number": 17,
    "minimum_distances": {
        "cost": 360.8942893750475,
        "path": [
            0,
            12,
            1,
            11,
            9,
            6,
            15,
            7,
            3,
            13,
            14,
            2,
            5,
            4,
            8,
            10,
            16
        ]
    }
}