{
    "vertices": [
        [
            98.24738242968786,
            36.115850886294446
        ],
        [
            44.44023945705822,
            95.33107610384742
        ],
        [
            15.870602879960693,
            5.495271381643507
        ],
        [
            56.96332395011384,
            21.524589710942
        ],
        [
            9.492720665470477,
            49.825591846055474
        ],
        [
            27.480881120606515,
            60.35812503205488
        ],
        [
            55.22407897627279,
            49.14225586667309
        ],
        [
            96.5034872436912,
            29.265058966096426
        ],
        [
            42.19326329631782,
            43.034676800339724
        ],
        [
            87.12318540219151,
            45.085740340099534
        ],
        [
            35.39053566106575,
            28.299776633129902
        ],
        [
            8.572530390070387,
            50.90371054757831
        ],
        [
            62.264303349970284,
            76.80335843615596
        ],
        [
            86.80709682999448,
            31.94234883089264
        ],
        [
            38.355855148305494,
            4.653569865054196
        ],
        [
            81.49712983017926,
            89.17206666320264
        ],
        [
            86.7387896729821,
            15.833488439988786
        ],
        [
            23.81370933803716,
            60.794598602979455
        ],
        [
            9.946394201205578,
            41.571310468915236
        ],
        [
            43.96530615491228,
            75.40221831464481
        ],
        [
            70.5080944743048,
            82.39994173296509
        ],
        [
            5.940559920919752,
            52.96151909107899
        ],
        [
            34.71375410482308,
            88.16657787421984
        ],
        [
            11.964377814761507,
            38.03445228659565
        ],
        [
            98.24738242968786,
            36.115850886294446
        ]
    ],
    "distances": [
        [
            0.0,
            80.01032141194365,
            87.88375104753436,
            43.78673757237727,
            89.80727688814744,
            74.80364672451749,
            44.952106366192346,
            7.069265899200058,
            56.4795044582272,
            14.290090143873915,
            63.34093622946397,
            90.88597186413926,
            54.31625217812111,
            12.177777055316577,
            67.65256955324064,
            55.63751427511106,
            23.31999000092004,
            78.41818844361626,
            88.46935379770882,
            67.00718223008563,
            53.96003300383091,
            93.83137012178234,
            82.13281992050197,
            86.304333128254,
            0.0
        ],
        [
            80.01032141194365,
            0.0,
            94.26927359555384,
            74.86137240851482,
            57.37663433162082,
            38.86807355470771,
            47.430984700701494,
            84.11480482375235,
            52.344649029092324,
            65.92744224195971,
            67.63942820225654,
            57.09889109242358,
            25.709406364836546,
            76.24356595112643,
            90.88140552446899,
            37.565230219119684,
            90.05017376297462,
            40.2271304335624,
            63.874390499303736,
            19.934516157252194,
            29.098922683116673,
            57.24862169383289,
            12.08033742035302,
            65.86034231816035,
            80.01032141194365
        ],
        [
            87.88375104753436,
            94.26927359555384,
            0.0,
            44.108397965142565,
            44.786769184876164,
            56.07790359394394,
            58.76865946658492,
            84.06345723692756,
            45.848548620257255,
            81.5127949983178,
            30.017881929675358,
            45.991175344342906,
            85.0718444767415,
            75.7062354071959,
            22.5010006669511,
            106.34212292473627,
            71.61828419667728,
            55.866882241062314,
            36.55922379777496,
            75.3411811800229,
            94.3376054898971,
            48.493818418246754,
            84.7915636444601,
            32.77280714594331,
            87.88375104753436
        ],
        [
            43.78673757237727,
            74.86137240851482,
            44.108397965142565,
            0.0,
            55.26667077054389,
            48.75713179352626,
            27.672377147047666,
            40.290685990347114,
            26.092882905311328,
            38.27198795174313,
            22.611686190876533,
            56.610967510760844,
            55.532356823507826,
            31.609816272595037,
            25.11710982280029,
            71.95893807559537,
            30.314468372213746,
            51.39095783608151,
            51.112255831277196,
            55.423346439590894,
            62.364006384758696,
            59.92998396487807,
            70.25808099183278,
            47.93204268085505,
            43.78673757237727
        ],
        [
            89.80727688814744,
            57.37663433162082,
            44.786769184876164,
            55.26667077054389,
            0.0,
            20.844859603122753,
            45.73646336361947,
            89.40698525751492,
            33.3982337184168,
            77.77502971737009,
            33.67577084681355,
            1.417423746631251,
            59.26752761181237,
            79.3556749227734,
            53.60589614982929,
            82.05351924015932,
            84.39442085281453,
            18.039119318670387,
            8.26673942555531,
            42.924619647011646,
            69.1662064276088,
            4.73834207726795,
            45.89261092333751,
            12.047408898775695,
            89.80727688814744
        ],
        [
            74.80364672451749,
            38.86807355470771,
            56.07790359394394,
            48.75713179352626,
            20.844859603122753,
            0.0,
            29.92458434788373,
            75.70270083295935,
            22.72786941006795,
            61.56663214921086,
            33.019696198121856,
            21.140285726386164,
            38.47508497328575,
            65.78036338841076,
            56.75616729886321,
            61.22089804125394,
            74.12113726635107,
            3.693055382875885,
            25.698300195858057,
            22.31728055581401,
            48.3444182141144,
            22.774881269322893,
            28.733682344605995,
            27.1865451958622,
            74.80364672451749
        ],
        [
            44.952106366192346,
            47.430984700701494,
            58.76865946658492,
            27.672377147047666,
            45.73646336361947,
            29.92458434788373,
            0.0,
            45.81585428137846,
            14.391131968558764,
            32.15599958000717,
            28.771137986476536,
            46.68479097183243,
            28.542973821791172,
            35.96281160849347,
            47.579198787506336,
            47.8817183649241,
            45.854672365880326,
            33.502065787872645,
            45.90629535048743,
            28.571762164974903,
            36.601568257726896,
            49.43128586286873,
            44.08595166808931,
            44.66301652325828,
            44.952106366192346
        ],
        [
            7.069265899200058,
            84.11480482375235,
            84.06345723692756,
            40.290685990347114,
            89.40698525751492,
            75.70270083295935,
            45.81585428137846,
            0.0,
            56.02858913550261,
            18.392499062807406,
            61.12057445020179,
            90.55431748656765,
            58.58508026975042,
            10.059218064788643,
            63.14168602493166,
            61.757917177016324,
            16.605914772911962,
            79.23329907107924,
            87.42753674910522,
            69.9206546370289,
            59.15298988118473,
            93.61178359439837,
            85.3660356995483,
            84.99272487834571,
            7.069265899200058
        ],
        [
            56.4795044582272,
            52.344649029092324,
            45.848548620257255,
            26.092882905311328,
            33.3982337184168,
            22.72786941006795,
            14.391131968558764,
            56.02858913550261,
            0.0,
            44.97671355361583,
            16.2294296331406,
            34.52934075925007,
            39.2832089862378,
            45.97209895526188,
            38.57246519049897,
            60.60901474095582,
            52.19395145406587,
            25.558224236852375,
            32.280055877542274,
            32.416012703183576,
            48.490759406856974,
            37.58724118487293,
            45.74747591166266,
            30.639643644221664,
            56.4795044582272
        ],
        [
            14.290090143873915,
            65.92744224195971,
            81.5127949983178,
            38.27198795174313,
            77.77502971737009,
            61.56663214921086,
            32.15599958000717,
            18.392499062807406,
            44.97671355361583,
            0.0,
            54.38782609012518,
            78.76581860279484,
            40.29852744919512,
            13.1471918047074,
            63.34834575120896,
            44.44385975549945,
            29.25477740992345,
            65.22927247364471,
            77.25676874811715,
            52.7417422721683,
            40.84618552728361,
            81.5637577050421,
            67.84325354487983,
            75.48885362209319,
            14.290090143873915
        ],
        [
            63.34093622946397,
            67.63942820225654,
            30.017881929675358,
            22.611686190876533,
            33.67577084681355,
            33.019696198121856,
            28.771137986476536,
            61.12057445020179,
            16.2294296331406,
            54.38782609012518,
            0.0,
            35.073397826898464,
            55.4508506473981,
            51.5454274854143,
            23.831412341277492,
            76.36264609991345,
            52.83986687517989,
            34.495454230460346,
            28.697350835639345,
            47.876577795229416,
            64.4986108441936,
            38.41227163495276,
            59.87062655522354,
            25.36826327358932,
            63.34093622946397
        ],
        [
            90.88597186413926,
            57.09889109242358,
            45.991175344342906,
            56.610967510760844,
            1.417423746631251,
            21.140285726386164,
            46.68479097183243,
            90.55431748656765,
            34.52934075925007,
            78.76581860279484,
            35.073397826898464,
            0.0,
            59.61206458704263,
            80.4995690932187,
            55.01019857088113,
            82.35571797569717,
            85.6731262938329,
            18.169292838424468,
            9.432984310374813,
            43.044459099324236,
            69.48400303174566,
            3.340934682418293,
            45.51796193490694,
            13.308735369683104,
            90.88597186413926
        ],
        [
            54.31625217812111,
            25.709406364836546,
            85.0718444767415,
            55.532356823507826,
            59.26752761181237,
            38.47508497328575,
            28.542973821791172,
            58.58508026975042,
            39.2832089862378,
            40.29852744919512,
            55.4508506473981,
            59.61206458704263,
            0.0,
            51.135691005467464,
            76.00793304824421,
            22.866712873162157,
            65.69874829952865,
            41.650072884291966,
            63.07504119431353,
            18.35256091080613,
            9.964027132629631,
            61.16205831410494,
            29.80193818708565,
            63.50677596037263,
            54.31625217812111
        ],
        [
            12.177777055316577,
            76.24356595112643,
            75.7062354071959,
            31.609816272595037,
            79.3556749227734,
            65.78036338841076,
            35.96281160849347,
            10.059218064788643,
            45.97209895526188,
            13.1471918047074,
            51.5454274854143,
            80.4995690932187,
            51.135691005467464,
            0.0,
            55.60755594290961,
            57.4755282942658,
            16.109005213275285,
            69.28650073876418,
            77.46150341180855,
            61.02605413913252,
            53.024769299470314,
            83.55358945068396,
            76.64776766350528,
            75.0902544549431,
            12.177777055316577
        ],
        [
            67.65256955324064,
            90.88140552446899,
            22.5010006669511,
            25.11710982280029,
            53.60589614982929,
            56.75616729886321,
            47.579198787506336,
            63.14168602493166,
            38.57246519049897,
            63.34834575120896,
            23.831412341277492,
            55.01019857088113,
            76.00793304824421,
            55.60755594290961,
            0.0,
            94.89228568327097,
            49.65781844343658,
            57.99387133585457,
            46.583441721267924,
            70.97067843862902,
            84.13242438144655,
            58.17567638715313,
            83.59238844984573,
            42.55341804235873,
            67.65256955324064
        ],
        [
            55.63751427511106,
            37.565230219119684,
            106.34212292473627,
            71.95893807559537,
            82.05351924015932,
            61.22089804125394,
            47.8817183649241,
            61.757917177016324,
            60.60901474095582,
            44.44385975549945,
            76.36264609991345,
            82.35571797569717,
            22.866712873162157,
            57.4755282942658,
            94.89228568327097,
            0.0,
            73.52565575164978,
            64.28575031204247,
            85.93799950729174,
            39.978075390563916,
            12.908159207392972,
            83.78543436615847,
            46.79417968043265,
            86.31256691217186,
            55.63751427511106
        ],
        [
            23.31999000092004,
            90.05017376297462,
            71.61828419667728,
            30.314468372213746,
            84.39442085281453,
            74.12113726635107,
            45.854672365880326,
            16.605914772911962,
            52.19395145406587,
            29.25477740992345,
            52.83986687517989,
            85.6731262938329,
            65.69874829952865,
            16.109005213275285,
            49.65781844343658,
            73.52565575164978,
            0.0,
            77.33735942122576,
            80.99078642096528,
            73.33487895367611,
            68.51662696483505,
            88.92043966993947,
            89.0992713380344,
            78.00061194927348,
            23.31999000092004
        ],
        [
            78.41818844361626,
            40.2271304335624,
            55.866882241062314,
            51.39095783608151,
            18.039119318670387,
            3.693055382875885,
            33.502065787872645,
            79.23329907107924,
            25.558224236852375,
            65.22927247364471,
            34.495454230460346,
            18.169292838424468,
            41.650072884291966,
            69.28650073876418,
            57.99387133585457,
            64.28575031204247,
            77.33735942122576,
            0.0,
            23.703106036750807,
            24.889142369927608,
            51.45052434153135,
            19.51426669712083,
            29.46245449963649,
            25.659908766238694,
            78.41818844361626
        ],
        [
            88.46935379770882,
            63.874390499303736,
            36.55922379777496,
            51.112255831277196,
            8.26673942555531,
            25.698300195858057,
            45.90629535048743,
            87.42753674910522,
            32.280055877542274,
            77.25676874811715,
            28.697350835639345,
            9.432984310374813,
            63.07504119431353,
            77.46150341180855,
            46.583441721267924,
            85.93799950729174,
            80.99078642096528,
            23.703106036750807,
            0.0,
            47.97725186148426,
            73.03900787157815,
            12.074086331376243,
            52.76875080165497,
            4.072053986186975,
            88.46935379770882
        ],
        [
            67.00718223008563,
            19.934516157252194,
            75.3411811800229,
            55.423346439590894,
            42.924619647011646,
            22.31728055581401,
            28.571762164974903,
            69.9206546370289,
            32.416012703183576,
            52.7417422721683,
            47.876577795229416,
            43.044459099324236,
            18.35256091080613,
            61.02605413913252,
            70.97067843862902,
            39.978075390563916,
            73.33487895367611,
            24.889142369927608,
            47.97725186148426,
            0.0,
            27.44973123379149,
            44.15276104392653,
            15.76451998322892,
            49.19765596609751,
            67.00718223008563
        ],
        [
            53.96003300383091,
            29.098922683116673,
            94.3376054898971,
            62.364006384758696,
            69.1662064276088,
            48.3444182141144,
            36.601568257726896,
            59.15298988118473,
            48.490759406856974,
            40.84618552728361,
            64.4986108441936,
            69.48400303174566,
            9.964027132629631,
            53.024769299470314,
            84.13242438144655,
            12.908159207392972,
            68.51662696483505,
            51.45052434153135,
            73.03900787157815,
            27.44973123379149,
            0.0,
            70.96187177593953,
            36.25588083155523,
            73.45517962763964,
            53.96003300383091
        ],
        [
            93.83137012178234,
            57.24862169383289,
            48.493818418246754,
            59.92998396487807,
            4.73834207726795,
            22.774881269322893,
            49.43128586286873,
            93.61178359439837,
            37.58724118487293,
            81.5637577050421,
            38.41227163495276,
            3.340934682418293,
            61.16205831410494,
            83.55358945068396,
            58.17567638715313,
            83.78543436615847,
            88.92043966993947,
            19.51426669712083,
            12.074086331376243,
            44.15276104392653,
            70.96187177593953,
            0.0,
            45.4674924255672,
            16.096698587091595,
            93.83137012178234
        ],
        [
            82.13281992050197,
            12.08033742035302,
            84.7915636444601,
            70.25808099183278,
            45.89261092333751,
            28.733682344605995,
            44.08595166808931,
            85.3660356995483,
            45.74747591166266,
            67.84325354487983,
            59.87062655522354,
            45.51796193490694,
            29.80193818708565,
            76.64776766350528,
            83.59238844984573,
            46.79417968043265,
            89.0992713380344,
            29.46245449963649,
            52.76875080165497,
            15.76451998322892,
            36.25588083155523,
            45.4674924255672,
            0.0,
            55.05237631129232,
            82.13281992050197
        ],
        [
            86.304333128254,
            65.86034231816035,
            32.77280714594331,
            47.93204268085505,
            12.047408898775695,
            27.1865451958622,
            44.66301652325828,
            84.99272487834571,
            30.639643644221664,
            75.48885362209319,
            25.36826327358932,
            13.308735369683104,
            63.50677596037263,
            75.0902544549431,
            42.55341804235873,
            86.31256691217186,
            78.00061194927348,
            25.659908766238694,
            4.072053986186975,
            49.19765596609751,
            73.45517962763964,
            16.096698587091595,
            55.05237631129232,
            0.0,
            86.304333128254
        ],
        [
            0.0,
            80.01032141194365,
            87.88375104753436,
            43.78673757237727,
            89.80727688814744,
            74.80364672451749,
            44.952106366192346,
            7.069265899200058,
            56.4795044582272,
            14.290090143873915,
            63.34093622946397,
            90.88597186413926,
            54.31625217812111,
            12.177777055316577,
            67.65256955324064,
            55.63751427511106,
            23.31999000092004,
            78.41818844361626,
            88.46935379770882,
            67.00718223008563,
            53.96003300383091,
            93.83137012178234,
            82.13281992050197,
            86.304333128254,
            0.0
        ]
    ],
    "scores_ave": [
        0,
        18.28948874700221,
        10.321194859954533,
        13.718406278557431,
        10.22406373476514,
        18.152013672299706,
        12.211485779597835,
        14.604491671045999,
        11.119949937043339,
        10.761554270231258,
        11.140862620627285,
        15.25645454145914,
        12.505779135174778,
        12.046592317692543,
        14.44714583340772,
        15.111419829193071,
        10.187379805542193,
        10.854561778748618,
        11.51397153731613,
        11.475221901912073,
        15.311631869189107,
        19.51382164530539,
        18.8058653739672,
        18.66832633896781,
        0
    ],
    "scores_var": [
        0,
        19.70183551813862,
        16.037472321039335,
        21.051819768612287,
        243.78891786618917,
        280.2913513423671,
        399.29671855599906,
        18.025227163815213,
        292.7600637765411,
        363.7905592801376,
        20.284720152861336,
        241.08066832380206,
        18.755735624841837,
        23.785703989589713,
        17.1479937248378,
        21.384634414062752,
        19.14564101647164,
        18.113468667957925,
        235.20474820020564,
        17.363364285063852,
        365.64854525509725,
        241.1335026776249,
        257.1430486280723,
        16.866316471519667,
        0
    ],
    "vertex_number": 25,
    "minimum_distances": {
        "cost": 415.42268544226386,
        "path": [
            0,
            13,
            9,
            6,
            12,
            20,
            15,
            1,
            22,
            19,
            5,
            17,
            21,
            11,
            4,
            18,
            23,
            8,
            10,
            2,
            14,
            3,
            16,
            7,
            24
        ]
    }
}