{
    "vertices": [
        [
            62.269209860990905,
            60.429815049098536
        ],
        [
            70.05790197800677,
            13.03382738662766
        ],
        [
            62.815942857464734,
            8.401030362589179
        ],
        [
            56.573728895524255,
            61.74737612221816
        ],
        [
            88.14813670851622,
            72.01583341963031
        ],
        [
            58.4934548499464,
            49.50471738260529
        ],
        [
            62.50264814098193,
            29.365653342189148
        ],
        [
            52.388747198378326,
            15.125190037558356
        ],
        [
            98.72057241183903,
            75.53195356845515
        ],
        [
            23.48071600905095,
            66.86084257843716
        ],
        [
            98.11730782695662,
            30.109937794747044
        ],
        [
            49.739052056078926,
            66.51556681896602
        ],
        [
            1.211652291971932,
            74.8619067930365
        ],
        [
            8.128622584893607,
            80.71739547562652
        ],
        [
            27.656744130348375,
            55.45965528987515
        ],
        [
            81.63759355384418,
            51.95582915719675
        ],
        [
            78.40003979569701,
            29.387397119873636
        ],
        [
            42.91319087861593,
            61.14128214182638
        ],
        [
            10.662525079915575,
            52.07066968566715
        ],
        [
            44.3707412122376,
            96.49328786414587
        ],
        [
            90.84262536066703,
            31.428776056558426
        ],
        [
            37.34033602241497,
            73.39954458576355
        ],
        [
            86.32169820865033,
            56.225331298468994
        ],
        [
            62.269209860990905,
            60.429815049098536
        ]
    ],
    "distances": [
        [
            0.0,
            48.0316913234872,
            52.03165721870277,
            5.8458934825562,
            28.354094527278882,
            11.559155891579792,
            31.06503880544141,
            46.36952220870465,
            39.45600612924739,
            39.31800313323522,
            46.950836888136685,
            13.929868241316637,
            62.74002397512698,
            57.81685835605001,
            34.967488785829424,
            21.141019932106758,
            34.98335869059851,
            19.36909022825014,
            52.27930016077347,
            40.26076565903911,
            40.71241009770809,
            28.100936552255277,
            24.41720457635559,
            0.0
        ],
        [
            48.0316913234872,
            0.0,
            8.597021587127822,
            50.54535343761181,
            61.6938702650603,
            38.2604528786109,
            17.99473255107256,
            17.79249359601331,
            68.75728654214122,
            71.1813305386039,
            32.84697555736851,
            57.211468385790994,
            92.53387217077349,
            91.74040023571085,
            59.981739388734105,
            40.60802234558713,
            18.358390626345127,
            55.23732925923269,
            71.07521265213622,
            87.32303116248825,
            27.75569964283177,
            68.66191764744522,
            46.15210805584618,
            48.0316913234872
        ],
        [
            52.03165721870277,
            8.597021587127822,
            0.0,
            53.710314103089445,
            68.47308385996195,
            41.33033981489362,
            20.96696378248761,
            12.407285466505236,
            76.12951644341847,
            70.46140585830219,
            41.442285537929344,
            59.56764575313449,
            90.62084038443284,
            90.66619911387536,
            58.74251812086235,
            47.447603026657426,
            26.13984825991679,
            56.37068115668732,
            68.02217568181202,
            90.00261826999068,
            36.273571700088,
            69.81270224561025,
            53.28868824277236,
            52.03165721870277
        ],
        [
            5.8458934825562,
            50.54535343761181,
            53.710314103089445,
            0.0,
            33.20217529033158,
            12.392257290530296,
            32.920025115753,
            46.80963904067294,
            44.34378190637364,
            33.485743848736064,
            52.21873662160632,
            8.333573664413322,
            56.89420392775902,
            52.026819619471205,
            29.59269236103559,
            26.90858048241859,
            39.03275660958598,
            13.673977066839948,
            46.91990284791251,
            36.82650256508587,
            45.7555982900464,
            22.487695108974886,
            30.256150734853662,
            5.8458934825562
        ],
        [
            28.354094527278882,
            61.6938702650603,
            68.47308385996195,
            33.20217529033158,
            0.0,
            37.23104217404335,
            49.76674536782259,
            67.19582756811502,
            11.141790592264194,
            64.87256146087046,
            43.07538114645484,
            38.80091128461389,
            86.98305844447447,
            80.49124065881325,
            62.71615111205568,
            21.090067405717303,
            43.7288117238981,
            46.523716422138946,
            80.01143396935798,
            50.155818531063076,
            40.676399723793864,
            50.82663934542469,
            15.895780409661944,
            28.354094527278882
        ],
        [
            11.559155891579792,
            38.2604528786109,
            41.33033981489362,
            12.392257290530296,
            37.23104217404335,
            0.0,
            20.534252634777506,
            34.91732171830973,
            47.91281676975736,
            39.078471860528765,
            44.11583842573236,
            19.13135036592579,
            62.6433712302208,
            59.25240588217047,
            31.40643267681975,
            23.273570961002097,
            28.30156707243785,
            19.4461889534141,
            47.89970724218688,
            49.06502620392078,
            37.056827812892536,
            31.912649579758444,
            28.628268893479227,
            11.559155891579792
        ],
        [
            31.06503880544141,
            17.99473255107256,
            20.96696378248761,
            32.920025115753,
            49.76674536782259,
            20.534252634777506,
            0.0,
            17.46659060627844,
            58.67763896980917,
            54.116544634437595,
            35.622435962383456,
            39.281362709948844,
            76.33148269375553,
            74.78994635185396,
            43.53313639015835,
            29.60510394013459,
            15.897406524816324,
            37.328774711292084,
            56.59431178258206,
            69.53333995563598,
            28.41497464624624,
            50.71612691445513,
            35.89971373202243,
            31.06503880544141
        ],
        [
            46.36952220870465,
            17.79249359601331,
            12.407285466505236,
            46.80963904067294,
            67.19582756811502,
            34.91732171830973,
            17.46659060627844,
            0.0,
            76.12893738840938,
            59.26425576242111,
            48.12113800096723,
            51.45864077180983,
            78.66111092390922,
            79.12835171435668,
            47.31322291862386,
            47.03180829063121,
            29.66475844233642,
            46.98155914949468,
            55.731912569981944,
            81.76219030768993,
            41.767303753044416,
            60.18600399537074,
            53.29790592445757,
            46.36952220870465
        ],
        [
            39.45600612924739,
            68.75728654214122,
            76.12951644341847,
            44.34378190637364,
            11.141790592264194,
            47.91281676975736,
            58.67763896980917,
            76.12893738840938,
            0.0,
            75.73786475279971,
            45.42602167377594,
            49.804463317840344,
            97.51122225479419,
            90.74023463282673,
            73.84419305676971,
            29.114632213336183,
            50.4206717095282,
            57.63293552912189,
            91.12986086536093,
            58.25188140207035,
            44.80125351356748,
            61.41726619844815,
            22.94510285403889,
            39.45600612924739
        ],
        [
            39.31800313323522,
            71.1813305386039,
            70.46140585830219,
            33.485743848736064,
            64.87256146087046,
            39.078471860528765,
            54.116544634437595,
            59.26425576242111,
            75.73786475279971,
            0.0,
            83.19404931010703,
            26.260605996601203,
            23.66280261087996,
            20.680687384530092,
            12.141922519054994,
            60.03650415245238,
            66.48602288991576,
            20.256713730127046,
            19.57179687442615,
            36.2556887481164,
            76.11214206357735,
            15.324610626552785,
            63.73463064925297,
            39.31800313323522
        ],
        [
            46.950836888136685,
            32.84697555736851,
            41.442285537929344,
            52.21873662160632,
            43.07538114645484,
            44.11583842573236,
            35.622435962383456,
            48.12113800096723,
            45.42602167377594,
            83.19404931010703,
            0.0,
            60.54606061571237,
            106.74008058779499,
            103.24281207191665,
            74.8819017755732,
            27.36464784979665,
            19.730502366725958,
            63.328025865592,
            90.16991056065777,
            85.41336306051168,
            7.39326310543314,
            74.61789569433645,
            28.655718174942372,
            46.950836888136685
        ],
        [
            13.929868241316637,
            57.211468385790994,
            59.56764575313449,
            8.333573664413322,
            38.80091128461389,
            19.13135036592579,
            39.281362709948844,
            51.45864077180983,
            49.804463317840344,
            26.260605996601203,
            60.54606061571237,
            0.0,
            49.23992200266181,
            43.96725802196028,
            24.695374122816336,
            35.064268286450734,
            46.90365874231071,
            8.6876531126038,
            41.66089309784906,
            30.454597688669658,
            54.0424520577168,
            14.181583450983124,
            38.00235448747283,
            13.929868241316637
        ],
        [
            62.74002397512698,
            92.53387217077349,
            90.62084038443284,
            56.89420392775902,
            86.98305844447447,
            62.6433712302208,
            76.33148269375553,
            78.66111092390922,
            97.51122225479419,
            23.66280261087996,
            106.74008058779499,
            49.23992200266181,
            0.0,
            9.062627971239953,
            32.79924154202488,
            83.62428128550489,
            89.58782392401216,
            43.90072734377818,
            24.67305180431118,
            48.27653263720322,
            99.5999406566748,
            36.158267261023994,
            87.12658527742161,
            62.74002397512698
        ],
        [
            57.81685835605001,
            91.74040023571085,
            90.66619911387536,
            52.026819619471205,
            80.49124065881325,
            59.25240588217047,
            74.78994635185396,
            79.12835171435668,
            90.74023463282673,
            20.680687384530092,
            103.24281207191665,
            43.96725802196028,
            9.062627971239953,
            0.0,
            31.92649323657351,
            78.9353945325128,
            87.02207080974568,
            39.91478929718181,
            28.758573684023375,
            39.526825615683045,
            96.28589854920807,
            30.114367727085593,
            81.93911326808792,
            57.81685835605001
        ],
        [
            34.967488785829424,
            59.981739388734105,
            58.74251812086235,
            29.59269236103559,
            62.71615111205568,
            31.40643267681975,
            43.53313639015835,
            47.31322291862386,
            73.84419305676971,
            12.141922519054994,
            74.8819017755732,
            24.695374122816336,
            32.79924154202488,
            31.92649323657351,
            0.0,
            54.09444428081472,
            57.04949343389651,
            16.280050708383463,
            17.328840254316564,
            44.30707280664852,
            67.60132205495827,
            20.386553899098026,
            58.66995054335238,
            34.967488785829424
        ],
        [
            21.141019932106758,
            40.60802234558713,
            47.447603026657426,
            26.90858048241859,
            21.090067405717303,
            23.273570961002097,
            29.60510394013459,
            47.03180829063121,
            29.114632213336183,
            60.03650415245238,
            27.36464784979665,
            35.064268286450734,
            83.62428128550489,
            78.9353945325128,
            54.09444428081472,
            0.0,
            22.799471023691872,
            39.79889331484064,
            70.97516138217534,
            58.07239887867821,
            22.49650016249296,
            49.2146315254632,
            6.337940118958594,
            21.141019932106758
        ],
        [
            34.98335869059851,
            18.358390626345127,
            26.13984825991679,
            39.03275660958598,
            43.7288117238981,
            28.30156707243785,
            15.897406524816324,
            29.66475844233642,
            50.4206717095282,
            66.48602288991576,
            19.730502366725958,
            46.90365874231071,
            89.58782392401216,
            87.02207080974568,
            57.04949343389651,
            22.799471023691872,
            0.0,
            47.619593236934875,
            71.43459773922427,
            75.24090466404849,
            12.60893189388937,
            60.19109899735103,
            27.982626449033177,
            34.98335869059851
        ],
        [
            19.36909022825014,
            55.23732925923269,
            56.37068115668732,
            13.673977066839948,
            46.523716422138946,
            19.4461889534141,
            37.328774711292084,
            46.98155914949468,
            57.63293552912189,
            20.256713730127046,
            63.328025865592,
            8.6876531126038,
            43.90072734377818,
            39.91478929718181,
            16.280050708383463,
            39.79889331484064,
            47.619593236934875,
            0.0,
            33.501961954328756,
            35.38204009898172,
            56.3920535859115,
            13.465574974457018,
            43.68598266396164,
            19.36909022825014
        ],
        [
            52.27930016077347,
            71.07521265213622,
            68.02217568181202,
            46.91990284791251,
            80.01143396935798,
            47.89970724218688,
            56.59431178258206,
            55.731912569981944,
            91.12986086536093,
            19.57179687442615,
            90.16991056065777,
            41.66089309784906,
            24.67305180431118,
            28.758573684023375,
            17.328840254316564,
            70.97516138217534,
            71.43459773922427,
            33.501961954328756,
            0.0,
            55.76390266699635,
            82.79454241450216,
            34.15591458573028,
            75.773159440799,
            52.27930016077347
        ],
        [
            40.26076565903911,
            87.32303116248825,
            90.00261826999068,
            36.82650256508587,
            50.155818531063076,
            49.06502620392078,
            69.53333995563598,
            81.76219030768993,
            58.25188140207035,
            36.2556887481164,
            85.41336306051168,
            30.454597688669658,
            48.27653263720322,
            39.526825615683045,
            44.30707280664852,
            58.07239887867821,
            75.24090466404849,
            35.38204009898172,
            55.76390266699635,
            0.0,
            79.95640507842216,
            24.140165197051026,
            58.14973017039813,
            40.26076565903911
        ],
        [
            40.71241009770809,
            27.75569964283177,
            36.273571700088,
            45.7555982900464,
            40.676399723793864,
            37.056827812892536,
            28.41497464624624,
            41.767303753044416,
            44.80125351356748,
            76.11214206357735,
            7.39326310543314,
            54.0424520577168,
            99.5999406566748,
            96.28589854920807,
            67.60132205495827,
            22.49650016249296,
            12.60893189388937,
            56.3920535859115,
            82.79454241450216,
            79.95640507842216,
            0.0,
            68.00029687704426,
            25.205315593718804,
            40.71241009770809
        ],
        [
            28.100936552255277,
            68.66191764744522,
            69.81270224561025,
            22.487695108974886,
            50.82663934542469,
            31.912649579758444,
            50.71612691445513,
            60.18600399537074,
            61.41726619844815,
            15.324610626552785,
            74.61789569433645,
            14.181583450983124,
            36.158267261023994,
            30.114367727085593,
            20.386553899098026,
            49.2146315254632,
            60.19109899735103,
            13.465574974457018,
            34.15591458573028,
            24.140165197051026,
            68.00029687704426,
            0.0,
            51.904984766943656,
            28.100936552255277
        ],
        [
            24.41720457635559,
            46.15210805584618,
            53.28868824277236,
            30.256150734853662,
            15.895780409661944,
            28.628268893479227,
            35.89971373202243,
            53.29790592445757,
            22.94510285403889,
            63.73463064925297,
            28.655718174942372,
            38.00235448747283,
            87.12658527742161,
            81.93911326808792,
            58.66995054335238,
            6.337940118958594,
            27.982626449033177,
            43.68598266396164,
            75.773159440799,
            58.14973017039813,
            25.205315593718804,
            51.904984766943656,
            0.0,
            24.41720457635559
        ],
        [
            0.0,
            48.0316913234872,
            52.03165721870277,
            5.8458934825562,
            28.354094527278882,
            11.559155891579792,
            31.06503880544141,
            46.36952220870465,
            39.45600612924739,
            39.31800313323522,
            46.950836888136685,
            13.929868241316637,
            62.74002397512698,
            57.81685835605001,
            34.967488785829424,
            21.141019932106758,
            34.98335869059851,
            19.36909022825014,
            52.27930016077347,
            40.26076565903911,
            40.71241009770809,
            28.100936552255277,
            24.41720457635559,
            0.0
        ]
    ],
    "scores_ave": [
        0,
        16.49450195198061,
        14.21303556682684,
        17.74334045609875,
        11.417910537661434,
        17.821833554118577,
        11.978373256002573,
        15.418639348428282,
        17.68067079613094,
        11.504336876512792,
        17.853202878221403,
        15.269896410259804,
        13.681249541844037,
        10.235470980963381,
        17.742154398977764,
        11.615322670388643,
        19.542341563646143,
        17.33968308618524,
        11.084178475091027,
        11.268180031934666,
        19.116186183794156,
        19.507395636920535,
        12.462005926828567,
        0
    ],
    "scores_var": [
        0,
        370.1864403319567,
        242.8798156981481,
        18.76854393826887,
        19.632506298876752,
        21.152758149673012,
        20.978098908826098,
        342.0888862226685,
        24.53108862097348,
        16.29000965005088,
        287.52226479447086,
        20.5859165701157,
        24.157128329754066,
        364.17591405078315,
        315.1642484399569,
        351.70637524590927,
        359.0761925100592,
        322.7959537458096,
        16.746864909551647,
        389.5416287494878,
        312.83190694145,
        374.9077977126558,
        22.167998519285682,
        0
    ],
    "vertex_number": 24,
    "minimum_distances": {
        "cost": 393.3895011331092,
        "path": [
            0,
            3,
            11,
            17,
            21,
            19,
            9,
            13,
            12,
            18,
            14,
            5,
            6,
            7,
            2,
            1,
            16,
            20,
            10,
            15,
            22,
            8,
            4,
            23
        ]
    }
}