{
    "vertices": [
        [
            33.44492478839065,
            3.337625999532612
        ],
        [
            86.10463680105626,
            11.021344097764308
        ],
        [
            12.519137894004961,
            10.161179136170063
        ],
        [
            40.609042540734016,
            69.4578285029995
        ],
        [
            34.581480632062444,
            13.005647205739269
        ],
        [
            3.812554382921518,
            37.535385234408615
        ],
        [
            21.783585162003693,
            62.34484460221451
        ],
        [
            77.86319064581299,
            73.32108937786239
        ],
        [
            64.6377828357316,
            14.716412690042336
        ],
        [
            38.3782789891709,
            66.66579163679434
        ],
        [
            86.60978712659157,
            9.592441903428995
        ],
        [
            97.89411614766007,
            77.704681890194
        ],
        [
            86.526772806742,
            11.4664851053218
        ],
        [
            11.216662920534503,
            56.74452771340178
        ],
        [
            72.90280682734353,
            20.847640210803895
        ],
        [
            35.951792727683284,
            53.253279385662644
        ],
        [
            63.31836171798272,
            31.752966241890768
        ],
        [
            71.4261960500413,
            19.326204594946883
        ],
        [
            57.70500501254499,
            30.896919199292938
        ],
        [
            22.769719645888298,
            18.160074228535006
        ],
        [
            75.66144529079949,
            43.50540176782493
        ],
        [
            50.21927684440616,
            88.79477699244883
        ],
        [
            87.54917388069573,
            55.04603817554684
        ],
        [
            33.44492478839065,
            3.337625999532612
        ]
    ],
    "distances": [
        [
            0.0,
            53.21733545631509,
            22.010212051630912,
            66.50718579423514,
            9.734597743586846,
            45.25001781804588,
            60.14847204299234,
            82.88948961241513,
            33.203481439597326,
            63.520032640504944,
            53.53153565358918,
            98.40811586809538,
            53.70066051181422,
            57.848014454610876,
            43.16856556197857,
            49.97856380318794,
            41.22928322291444,
            41.209363161214085,
            36.71602012953964,
            18.266498743217454,
            58.27250478143287,
            87.08790698326166,
            74.84002712190029,
            0.0
        ],
        [
            53.21733545631509,
            0.0,
            73.59052611009656,
            74.0585701100363,
            51.56135258542821,
            86.45797364100518,
            82.28790547816834,
            62.84249912833574,
            21.7825469371746,
            73.30831993649818,
            1.5155653507403446,
            67.71749672280627,
            0.6134731647803457,
            87.74290941084075,
            16.457351243622313,
            65.5655712002061,
            30.806078765210167,
            16.86497348823058,
            34.66377895353484,
            63.73596472112085,
            34.12146321059112,
            85.65317229059494,
            44.04838675839098,
            53.21733545631509
        ],
        [
            22.010212051630912,
            73.59052611009656,
            0.0,
            65.61353038204122,
            22.24495371292816,
            28.725454843123213,
            52.9996690994724,
            90.8791477280113,
            52.317332723411,
            62.14069851575057,
            74.09283208074918,
            108.86235196841433,
            74.01914515211641,
            46.601553683588634,
            61.32200195811207,
            49.05118160112585,
            55.19752178800562,
            59.61576295124196,
            49.71653148822588,
            13.002182468751299,
            71.40579924838498,
            87.20403195209798,
            87.43086909752662,
            22.010212051630912
        ],
        [
            66.50718579423514,
            74.0585701100363,
            65.61353038204122,
            0.0,
            56.77305941889698,
            48.713693403235595,
            20.124422612617202,
            37.453922833561855,
            59.78296551168667,
            3.5737621472659935,
            75.49790073352595,
            57.87564469568194,
            73.96914128100477,
            32.024053408410154,
            58.35955463848063,
            16.860527510055668,
            44.01556333415872,
            58.846211994270654,
            42.18074986491175,
            54.311150189900296,
            43.61421089504431,
            21.593382788602007,
            49.1027049219828,
            66.50718579423514
        ],
        [
            9.734597743586846,
            51.56135258542821,
            22.24495371292816,
            56.77305941889698,
            0.0,
            39.350157182408054,
            50.97197787207104,
            74.2378541320607,
            30.104950102941046,
            53.79430061006679,
            52.14014429520099,
            90.52322853848725,
            51.96809020047001,
            49.588349183618824,
            39.11548153425468,
            40.270952947873084,
            34.311372831607464,
            37.38291722086594,
            29.23687728404127,
            12.887428584781084,
            51.164426359635364,
            77.38561148046514,
            67.6237458366186,
            9.734597743586846
        ],
        [
            45.25001781804588,
            86.45797364100518,
            28.725454843123213,
            48.713693403235595,
            39.350157182408054,
            0.0,
            30.63441237212704,
            82.2442299008378,
            64.96471291645241,
            45.203649130609236,
            87.38529528477778,
            102.29815569164874,
            86.72502224504636,
            20.586694198316863,
            71.07702734925543,
            35.77684779199295,
            59.78609768167224,
            70.02270202620164,
            54.29977408945444,
            27.10676652390988,
            72.09649243965627,
            69.14556481092265,
            85.5479071125648,
            45.25001781804588
        ],
        [
            60.14847204299234,
            82.28790547816834,
            52.9996690994724,
            20.124422612617202,
            50.97197787207104,
            30.63441237212704,
            0.0,
            57.14367944571501,
            64.06988204040466,
            17.14801581796173,
            83.57782272617762,
            77.64494528577997,
            82.34250306795907,
            11.959238893524008,
            65.84218097825024,
            16.834329915710818,
            51.584888147285426,
            65.68860025800517,
            47.7422288569206,
            44.19577348791502,
            57.07668892260936,
            38.835389593830776,
            66.16936779787245,
            60.14847204299234
        ],
        [
            82.88948961241513,
            62.84249912833574,
            90.8791477280113,
            37.453922833561855,
            74.2378541320607,
            82.2442299008378,
            57.14367944571501,
            0.0,
            60.078444898539786,
            40.041868544750706,
            64.32607137792712,
            20.50497158678152,
            62.45838394940878,
            68.67708536660521,
            52.70738349713829,
            46.46807800345135,
            44.039310957224885,
            54.37722392828007,
            46.96980586893579,
            77.9617094420323,
            29.896871245460872,
            31.679977567123007,
            20.683224305549768,
            82.88948961241513
        ],
        [
            33.203481439597326,
            21.7825469371746,
            52.317332723411,
            59.78296551168667,
            30.104950102941046,
            64.96471291645241,
            64.06988204040466,
            60.078444898539786,
            0.0,
            58.2091016527551,
            22.561561319634684,
            71.22854597831447,
            22.128938321955744,
            67.97189496704208,
            10.290897555279845,
            48.041400096115595,
            17.087569429587145,
            8.205652647701951,
            17.603187189869033,
            42.00944560524937,
            30.827374621332236,
            75.46851908406538,
            46.38330013503047,
            33.203481439597326
        ],
        [
            63.520032640504944,
            73.30831993649818,
            62.14069851575057,
            3.5737621472659935,
            53.79430061006679,
            45.203649130609236,
            17.14801581796173,
            40.041868544750706,
            58.2091016527551,
            0.0,
            74.72379558746404,
            60.53091747778487,
            73.24780473472327,
            28.916861262896735,
            57.36938227437826,
            13.630235524888993,
            42.90586327735408,
            57.733883667693966,
            40.656298088153726,
            50.95519351413246,
            43.89120809863354,
            25.097833035512387,
            50.525197425973076,
            63.520032640504944
        ],
        [
            53.53153565358918,
            1.5155653507403446,
            74.09283208074918,
            75.49790073352595,
            52.14014429520099,
            87.38529528477778,
            83.57782272617762,
            64.32607137792712,
            22.561561319634684,
            74.72379558746404,
            0.0,
            69.0406642310921,
            1.8758809396816,
            88.92380094092348,
            17.73586191484104,
            66.87676073323111,
            32.14932871025998,
            18.03573048464305,
            35.90775935519355,
            64.41240982604943,
            35.63642849273036,
            87.16237216913744,
            45.46330236072245,
            53.53153565358918
        ],
        [
            98.40811586809538,
            67.71749672280627,
            108.86235196841433,
            57.87564469568194,
            90.52322853848725,
            102.29815569164874,
            77.64494528577997,
            20.50497158678152,
            71.22854597831447,
            60.53091747778487,
            69.0406642310921,
            0.0,
            67.20651164836461,
            89.17571957127927,
            62.107074718389725,
            66.59371227904033,
            57.50689493794521,
            64.09834167594052,
            61.69385141129009,
            95.86049891032445,
            40.79071480518288,
            48.947732449707416,
            24.90847176151408,
            98.40811586809538
        ],
        [
            53.70066051181422,
            0.6134731647803457,
            74.01914515211641,
            73.96914128100477,
            51.96809020047001,
            86.72502224504636,
            82.34250306795907,
            62.45838394940878,
            22.128938321955744,
            73.24780473472327,
            1.8758809396816,
            67.20651164836461,
            0.0,
            87.87328259199012,
            16.54141832252966,
            65.60460948915642,
            30.824854617162647,
            17.023589775385272,
            34.75969027282562,
            64.10745637682345,
            33.83116200983226,
            85.42774133287003,
            43.5915444754666,
            53.70066051181422
        ],
        [
            57.848014454610876,
            87.74290941084075,
            46.601553683588634,
            32.024053408410154,
            49.588349183618824,
            20.586694198316863,
            11.959238893524008,
            68.67708536660521,
            67.97189496704208,
            28.916861262896735,
            88.92380094092348,
            89.17571957127927,
            87.87328259199012,
            0.0,
            71.37063039139923,
            24.980301468606044,
            57.78550996888693,
            70.88948289182446,
            53.19083395061996,
            40.27695582371004,
            65.79061050449117,
            50.48190142757743,
            76.35140533214393,
            57.848014454610876
        ],
        [
            43.16856556197857,
            16.457351243622313,
            61.32200195811207,
            58.35955463848063,
            39.11548153425468,
            71.07702734925543,
            65.84218097825024,
            52.70738349713829,
            10.290897555279845,
            57.36938227437826,
            17.73586191484104,
            62.107074718389725,
            16.54141832252966,
            71.37063039139923,
            0.0,
            49.14776590369526,
            14.518530362906958,
            2.120175870262486,
            18.219802089769832,
            50.20507385964529,
            22.825079297712833,
            71.63348329734066,
            37.20277531604941,
            43.16856556197857
        ],
        [
            49.97856380318794,
            65.5655712002061,
            49.05118160112585,
            16.860527510055668,
            40.270952947873084,
            35.77684779199295,
            16.834329915710818,
            46.46807800345135,
            48.041400096115595,
            13.630235524888993,
            66.87676073323111,
            66.59371227904033,
            65.60460948915642,
            24.980301468606044,
            49.14776590369526,
            0.0,
            34.80219193644372,
            49.086451235877156,
            31.193093554390444,
            37.4873325129174,
            40.88860018068292,
            38.298291804650084,
            51.62851659623731,
            49.97856380318794
        ],
        [
            41.22928322291444,
            30.806078765210167,
            55.19752178800562,
            44.01556333415872,
            34.311372831607464,
            59.78609768167224,
            51.584888147285426,
            44.039310957224885,
            17.087569429587145,
            42.90586327735408,
            32.14932871025998,
            57.50689493794521,
            30.824854617162647,
            57.78550996888693,
            14.518530362906958,
            34.80219193644372,
            0.0,
            14.837836182747917,
            5.678255897863641,
            42.76633123354839,
            17.043223077715627,
            58.52652559504659,
            33.61100204056935,
            41.22928322291444
        ],
        [
            41.209363161214085,
            16.86497348823058,
            59.61576295124196,
            58.846211994270654,
            37.38291722086594,
            70.02270202620164,
            65.68860025800517,
            54.37722392828007,
            8.205652647701951,
            57.733883667693966,
            18.03573048464305,
            64.09834167594052,
            17.023589775385272,
            70.88948289182446,
            2.120175870262486,
            49.086451235877156,
            14.837836182747917,
            0.0,
            17.948607743852897,
            48.67044848878388,
            24.547319854848848,
            72.63343564186748,
            39.19001052760168,
            41.209363161214085
        ],
        [
            36.71602012953964,
            34.66377895353484,
            49.71653148822588,
            42.18074986491175,
            29.23687728404127,
            54.29977408945444,
            47.7422288569206,
            46.96980586893579,
            17.603187189869033,
            40.656298088153726,
            35.90775935519355,
            61.69385141129009,
            34.75969027282562,
            53.19083395061996,
            18.219802089769832,
            31.193093554390444,
            5.678255897863641,
            17.948607743852897,
            0.0,
            37.18469286492573,
            21.94100225941139,
            58.37977443638995,
            38.39081091563402,
            36.71602012953964
        ],
        [
            18.266498743217454,
            63.73596472112085,
            13.002182468751299,
            54.311150189900296,
            12.887428584781084,
            27.10676652390988,
            44.19577348791502,
            77.9617094420323,
            42.00944560524937,
            50.95519351413246,
            64.41240982604943,
            95.86049891032445,
            64.10745637682345,
            40.27695582371004,
            50.20507385964529,
            37.4873325129174,
            42.76633123354839,
            48.67044848878388,
            37.18469286492573,
            0.0,
            58.65083349595677,
            75.7808645037859,
            74.54496647835967,
            18.266498743217454
        ],
        [
            58.27250478143287,
            34.12146321059112,
            71.40579924838498,
            43.61421089504431,
            51.164426359635364,
            72.09649243965627,
            57.07668892260936,
            29.896871245460872,
            30.827374621332236,
            43.89120809863354,
            35.63642849273036,
            40.79071480518288,
            33.83116200983226,
            65.79061050449117,
            22.825079297712833,
            40.88860018068292,
            17.043223077715627,
            24.547319854848848,
            21.94100225941139,
            58.65083349595677,
            0.0,
            51.94642859226638,
            16.568173699061493,
            58.27250478143287
        ],
        [
            87.08790698326166,
            85.65317229059494,
            87.20403195209798,
            21.593382788602007,
            77.38561148046514,
            69.14556481092265,
            38.835389593830776,
            31.679977567123007,
            75.46851908406538,
            25.097833035512387,
            87.16237216913744,
            48.947732449707416,
            85.42774133287003,
            50.48190142757743,
            71.63348329734066,
            38.298291804650084,
            58.52652559504659,
            72.63343564186748,
            58.37977443638995,
            75.7808645037859,
            51.94642859226638,
            0.0,
            50.323936496178916,
            87.08790698326166
        ],
        [
            74.84002712190029,
            44.04838675839098,
            87.43086909752662,
            49.1027049219828,
            67.6237458366186,
            85.5479071125648,
            66.16936779787245,
            20.683224305549768,
            46.38330013503047,
            50.525197425973076,
            45.46330236072245,
            24.90847176151408,
            43.5915444754666,
            76.35140533214393,
            37.20277531604941,
            51.62851659623731,
            33.61100204056935,
            39.19001052760168,
            38.39081091563402,
            74.54496647835967,
            16.568173699061493,
            50.323936496178916,
            0.0,
            74.84002712190029
        ],
        [
            0.0,
            53.21733545631509,
            22.010212051630912,
            66.50718579423514,
            9.734597743586846,
            45.25001781804588,
            60.14847204299234,
            82.88948961241513,
            33.203481439597326,
            63.520032640504944,
            53.53153565358918,
            98.40811586809538,
            53.70066051181422,
            57.848014454610876,
            43.16856556197857,
            49.97856380318794,
            41.22928322291444,
            41.209363161214085,
            36.71602012953964,
            18.266498743217454,
            58.27250478143287,
            87.08790698326166,
            74.84002712190029,
            0.0
        ]
    ],
    "scores_ave": [
        0,
        10.001453148897733,
        12.782123340734746,
        15.30267522486441,
        14.872658773748924,
        15.664830384627848,
        15.854601458025112,
        11.887448351636861,
        10.345338959653331,
        16.502901078752878,
        17.32590553641596,
        11.489147583544447,
        15.982800634574945,
        11.77094559942777,
        17.928613645102676,
        14.198296206818696,
        14.405449880582033,
        19.605703132582548,
        16.358802083795965,
        10.793078879330016,
        10.657913117188603,
        13.400669977017419,
        16.03810806826398,
        0
    ],
    "scores_var": [
        0,
        385.3301616994209,
        17.71989081117477,
        17.997539549411933,
        16.22830202336447,
        21.152022431611005,
        20.199614035037044,
        245.0358200911705,
        281.55354592559,
        24.85859918960969,
        345.50716105468825,
        357.64620377203994,
        20.990839642114178,
        23.68297081103134,
        24.105001626757435,
        18.296232194191653,
        18.712617328677997,
        265.16875676710856,
        22.228123572124105,
        21.503838180634926,
        16.59036335767118,
        19.29267884884712,
        22.394798960847233,
        0
    ],
    "vertex_number": 24,
    "minimum_distances": {
        "cost": 363.4146639100083,
        "path": [
            0,
            8,
            10,
            1,
            12,
            14,
            17,
            18,
            16,
            20,
            22,
            11,
            7,
            21,
            3,
            9,
            15,
            6,
            13,
            5,
            2,
            19,
            4,
            23
        ]
    }
}