{
    "vertices": [
        [
            8.646236591785971,
            39.0741619415244
        ],
        [
            63.2541253991938,
            28.830687235823294
        ],
        [
            27.235698261368757,
            80.26696024402148
        ],
        [
            15.295975086783054,
            70.02383706622645
        ],
        [
            83.29029691307571,
            18.121504465372972
        ],
        [
            50.52117041259999,
            78.5032214548177
        ],
        [
            96.46607592069442,
            99.87916343714194
        ],
        [
            8.646236591785971,
            39.0741619415244
        ]
    ],
    "distances": [
        [
            0.0,
            55.56033021903808,
            45.1930826250555,
            31.655985411552848,
            77.52902422036064,
            57.51661339648206,
            106.81559992172186,
            0.0
        ],
        [
            55.56033021903808,
            0.0,
            62.7934492957403,
            63.220722665419025,
            22.7185995286814,
            51.27854130557728,
            78.42779882141248,
            55.56033021903808
        ],
        [
            45.1930826250555,
            62.7934492957403,
            0.0,
            15.731451360927275,
            83.69095353704547,
            23.352173085653234,
            71.95473372156347,
            45.1930826250555
        ],
        [
            31.655985411552848,
            63.220722665419025,
            15.731451360927275,
            0.0,
            85.53993178642986,
            36.23139999160177,
            86.48656417098104,
            31.655985411552848
        ],
        [
            77.52902422036064,
            22.7185995286814,
            83.69095353704547,
            85.53993178642986,
            0.0,
            68.70056330334984,
            82.81253499924803,
            77.52902422036064
        ],
        [
            57.51661339648206,
            51.27854130557728,
            23.352173085653234,
            36.23139999160177,
            68.70056330334984,
            0.0,
            50.67410815968464,
            57.51661339648206
        ],
        [
            106.81559992172186,
            78.42779882141248,
            71.95473372156347,
            86.48656417098104,
            82.81253499924803,
            50.67410815968464,
            0.0,
            106.81559992172186
        ],
        [
            0.0,
            55.56033021903808,
            45.1930826250555,
            31.655985411552848,
            77.52902422036064,
            57.51661339648206,
            106.81559992172186,
            0.0
        ]
    ],
    "scores_ave": [
        0,
        10.874658110572943,
        16.807613257240153,
        13.368800309655496,
        19.91452575494918,
        13.551635196742035,
        14.07813710744465,
        0
    ],
    "scores_var": [
        0,
        287.7166205709149,
        22.621058697994485,
        326.34475768140896,
        16.74770344463797,
        307.6630787184042,
        22.141824187255924,
        0
    ],
    "vertex_number": 8,
    "minimum_distances": {
        "cost": 282.5051827647855,
        "path": [
            0,
            3,
            2,
            5,
            6,
            4,
            1,
            7
        ]
    }
}