{
    "vertices": [
        [
            1.5740167506501646,
            78.93840186748461
        ],
        [
            77.83438420372549,
            75.00175191610154
        ],
        [
            20.331717016899443,
            46.04006026977861
        ],
        [
            18.767104323254223,
            0.9261989929723158
        ],
        [
            33.246880107018214,
            91.40428792032942
        ],
        [
            85.93493057278748,
            20.60783249752681
        ],
        [
            69.34366334685267,
            23.244909421854388
        ],
        [
            88.11087735152539,
            22.46387739660255
        ],
        [
            89.01788979898896,
            59.17127223399389
        ],
        [
            56.746935612202755,
            78.50461450224849
        ],
        [
            49.0945281431864,
            54.29269806598296
        ],
        [
            15.946730250160368,
            21.053269591993395
        ],
        [
            25.62455273150196,
            83.03739168960898
        ],
        [
            93.85226492789047,
            32.77733420169532
        ],
        [
            41.03195992776054,
            42.81718203087068
        ],
        [
            82.41777297197011,
            18.354379195118597
        ],
        [
            92.07187436348791,
            19.619607626595435
        ],
        [
            1.5740167506501646,
            78.93840186748461
        ]
    ],
    "distances": [
        [
            0.0,
            76.36190710634325,
            37.87020199520728,
            79.88432923679898,
            34.03775239750228,
            102.5632444101177,
            87.71824268968031,
            103.33440935558478,
            89.65026685761298,
            55.17462412361052,
            53.53139003313401,
            59.64279865910149,
            24.39733588997221,
            103.18003321721666,
            53.49459600981264,
            101.02542612203112,
            108.20619937280121,
            0.0
        ],
        [
            76.36190710634325,
            0.0,
            64.38428625538667,
            94.74244610176183,
            47.508827694901925,
            54.99379347882563,
            52.44867096165205,
            53.533490176182234,
            19.382334337352468,
            21.376401343480204,
            35.42378068116977,
            82.10067269487402,
            52.82459662815758,
            45.160535362351915,
            48.89033617480497,
            56.83249324806042,
            57.182934798355745,
            76.36190710634325
        ],
        [
            37.87020199520728,
            64.38428625538667,
            0.0,
            45.14098461690925,
            47.16688020184677,
            70.36035700818428,
            54.053582538346475,
            71.76246215492031,
            69.93010123759441,
            48.7854017802119,
            29.92332425519928,
            25.368638460113125,
            37.37401024897569,
            74.7072343745192,
            20.949630085313707,
            67.97922683161345,
            76.45057549805597,
            37.87020199520728
        ],
        [
            79.88432923679898,
            94.74244610176183,
            45.14098461690925,
            0.0,
            91.62940839432949,
            69.99202512068851,
            55.282123311933546,
            72.61150355704382,
            91.25602126330992,
            86.37637488148536,
            61.38188542936292,
            20.32371719962071,
            82.3970422086617,
            81.5614869721511,
            47.44025985353584,
            65.9935533562719,
            75.65072925620186,
            79.88432923679898
        ],
        [
            34.03775239750228,
            47.508827694901925,
            47.16688020184677,
            91.62940839432949,
            0.0,
            88.25060205073008,
            77.12767750659924,
            88.10697132931811,
            64.41562560666044,
            26.807726181828592,
            40.353662160893116,
            72.44695276478929,
            11.318340300379223,
            84.32160086011697,
            49.2068524346844,
            88.05717386958436,
            92.80851401755818,
            34.03775239750228
        ],
        [
            102.5632444101177,
            54.99379347882563,
            70.36035700818428,
            69.99202512068851,
            88.25060205073008,
            0.0,
            16.799533412187365,
            2.8600082257372876,
            38.68647724849794,
            64.83807844408548,
            49.91878824190266,
            69.9896177915361,
            86.80317699414184,
            14.518297249273221,
            50.0952291085927,
            4.177134110262907,
            6.216000923885379,
            102.5632444101177
        ],
        [
            87.71824268968031,
            52.44867096165205,
            54.053582538346475,
            55.282123311933546,
            77.12767750659924,
            16.799533412187365,
            0.0,
            18.783459013761362,
            40.960697398841,
            56.677266652450975,
            37.06740692558404,
            53.441891333264635,
            74.0709225589706,
            26.297122915660836,
            34.41840213566403,
            13.958854837994592,
            23.015524958675336,
            87.71824268968031
        ],
        [
            103.33440935558478,
            53.533490176182234,
            71.76246215492031,
            72.61150355704382,
            88.10697132931811,
            2.8600082257372876,
            18.783459013761362,
            0.0,
            36.71859892926197,
            64.22040997044277,
            50.35225248934383,
            72.17793250880683,
            87.02695788273884,
            11.803852022647256,
            51.29016938292357,
            7.02135406773589,
            4.876409319709772,
            103.33440935558478
        ],
        [
            89.65026685761298,
            19.382334337352468,
            69.93010123759441,
            91.25602126330992,
            64.41562560666044,
            38.68647724849794,
            40.960697398841,
            36.71859892926197,
            0.0,
            37.61904580644137,
            40.22033430757121,
            82.41587518934638,
            67.73704187829367,
            26.833023455059223,
            50.69621023289948,
            41.34707123215964,
            39.669396200803625,
            89.65026685761298
        ],
        [
            55.17462412361052,
            21.376401343480204,
            48.7854017802119,
            86.37637488148536,
            26.807726181828592,
            64.83807844408548,
            56.677266652450975,
            64.22040997044277,
            37.61904580644137,
            0.0,
            25.39244449808962,
            70.46498271895003,
            31.450735845178464,
            58.88794127247949,
            38.99427261998563,
            65.39910319151726,
            68.66800807164682,
            55.17462412361052
        ],
        [
            53.53139003313401,
            35.42378068116977,
            29.92332425519928,
            61.38188542936292,
            40.353662160893116,
            49.91878824190266,
            37.06740692558404,
            50.35225248934383,
            40.22033430757121,
            25.39244449808962,
            0.0,
            46.94290266306899,
            37.10925972504974,
            49.660506283177845,
            14.024709426598271,
            49.010217395793966,
            55.22024527976682,
            53.53139003313401
        ],
        [
            59.64279865910149,
            82.10067269487402,
            25.368638460113125,
            20.32371719962071,
            72.44695276478929,
            69.9896177915361,
            53.441891333264635,
            72.17793250880683,
            82.41587518934638,
            70.46498271895003,
            46.94290266306899,
            0.0,
            62.73509097939109,
            78.7827774605305,
            33.21048979803023,
            66.52581100519556,
            76.13864296732582,
            59.64279865910149
        ],
        [
            24.39733588997221,
            52.82459662815758,
            37.37401024897569,
            82.3970422086617,
            11.318340300379223,
            86.80317699414184,
            74.0709225589706,
            87.02695788273884,
            67.73704187829367,
            31.450735845178464,
            37.10925972504974,
            62.73509097939109,
            0.0,
            84.74133637276206,
            43.070331569471186,
            86.07765081973787,
            91.85348054117276,
            24.39733588997221
        ],
        [
            103.18003321721666,
            45.160535362351915,
            74.7072343745192,
            81.5614869721511,
            84.32160086011697,
            14.518297249273221,
            26.297122915660836,
            11.803852022647256,
            26.833023455059223,
            58.88794127247949,
            49.660506283177845,
            78.7827774605305,
            84.74133637276206,
            0.0,
            53.7660038010986,
            18.405684921016768,
            13.277633794728011,
            103.18003321721666
        ],
        [
            53.49459600981264,
            48.89033617480497,
            20.949630085313707,
            47.44025985353584,
            49.2068524346844,
            50.0952291085927,
            34.41840213566403,
            51.29016938292357,
            50.69621023289948,
            38.99427261998563,
            14.024709426598271,
            33.21048979803023,
            43.070331569471186,
            53.7660038010986,
            0.0,
            48.07508964017797,
            56.06425174608377,
            53.49459600981264
        ],
        [
            101.02542612203112,
            56.83249324806042,
            67.97922683161345,
            65.9935533562719,
            88.05717386958436,
            4.177134110262907,
            13.958854837994592,
            7.02135406773589,
            41.34707123215964,
            65.39910319151726,
            49.010217395793966,
            66.52581100519556,
            86.07765081973787,
            18.405684921016768,
            48.07508964017797,
            0.0,
            9.736656338883654,
            101.02542612203112
        ],
        [
            108.20619937280121,
            57.182934798355745,
            76.45057549805597,
            75.65072925620186,
            92.80851401755818,
            6.216000923885379,
            23.015524958675336,
            4.876409319709772,
            39.669396200803625,
            68.66800807164682,
            55.22024527976682,
            76.13864296732582,
            91.85348054117276,
            13.277633794728011,
            56.06425174608377,
            9.736656338883654,
            0.0,
            108.20619937280121
        ],
        [
            0.0,
            76.36190710634325,
            37.87020199520728,
            79.88432923679898,
            34.03775239750228,
            102.5632444101177,
            87.71824268968031,
            103.33440935558478,
            89.65026685761298,
            55.17462412361052,
            53.53139003313401,
            59.64279865910149,
            24.39733588997221,
            103.18003321721666,
            53.49459600981264,
            101.02542612203112,
            108.20619937280121,
            0.0
        ]
    ],
    "scores_ave": [
        0,
        19.614490096495217,
        14.842166574285576,
        13.809415772782437,
        16.70130859265443,
        17.146600874032387,
        15.56173616932032,
        19.743862811488256,
        19.86958028960599,
        18.33385465167347,
        11.637107859292312,
        14.834120488823148,
        13.412718324324594,
        14.341370956550314,
        12.067394135792362,
        16.251784465942208,
        12.431532177285469,
        0
    ],
    "scores_var": [
        0,
        271.19415056995774,
        376.1402612052446,
        20.901620173618294,
        23.156735849889394,
        17.068067167280933,
        24.823806599291686,
        328.8078712163739,
        16.985604987043416,
        19.972058804398976,
        22.883476776717114,
        24.023095227229813,
        241.06564747858314,
        17.046142393973774,
        23.848165095209385,
        379.0521377760433,
        262.8045169094855,
        0
    ],
    "vertex_number": 18,
    "minimum_distances": {
        "cost": 351.3601356571637,
        "path": [
            0,
            12,
            4,
            9,
            1,
            8,
            13,
            16,
            7,
            5,
            15,
            6,
            10,
            14,
            3,
            11,
            2,
            17
        ]
    }
}