{
    "vertices": [
        [
            53.978711324422704,
            42.75967210153515
        ],
        [
            94.23537723454488,
            1.0984519893745825
        ],
        [
            22.217141913216544,
            53.31431336353625
        ],
        [
            70.35857796155894,
            0.05099794378372602
        ],
        [
            73.53888626418042,
            17.515614583476935
        ],
        [
            12.524455646755095,
            55.11920540154498
        ],
        [
            85.8403161029538,
            75.43217917205111
        ],
        [
            36.32913971882093,
            6.392982242371071
        ],
        [
            34.18213611603679,
            7.998090362087185
        ],
        [
            21.93779982974724,
            28.99077957304459
        ],
        [
            48.55728224410799,
            88.66815982012405
        ],
        [
            58.88617789074261,
            51.403678382712336
        ],
        [
            41.43743666482935,
            59.036992521980494
        ],
        [
            15.371068484628768,
            25.01906845459856
        ],
        [
            49.321152510687064,
            71.10869590757946
        ],
        [
            14.60366731500471,
            79.07433626404077
        ],
        [
            28.958909534522636,
            22.67888583529111
        ],
        [
            65.05193238432896,
            23.86295841559515
        ],
        [
            53.978711324422704,
            42.75967210153515
        ]
    ],
    "distances": [
        [
            0.0,
            57.93320646600778,
            33.46935529155593,
            45.74200344719668,
            31.935292133452567,
            43.25752393727002,
            45.636110453633435,
            40.42330403583918,
            40.00339929318011,
            34.87409369246389,
            46.227493311672326,
            9.939923173172833,
            20.548351032557463,
            42.48857615174686,
            28.729079429370397,
            53.56443711996956,
            32.08159065065917,
            21.902100647425208,
            0.0
        ],
        [
            57.93320646600778,
            0.0,
            88.9557327992069,
            23.89976367038149,
            26.417190731180547,
            97.95364467922799,
            74.8062834812139,
            58.14778064403947,
            60.44829839219529,
            77.4914294398901,
            98.76711037343453,
            61.48318222679139,
            78.38684205561309,
            82.41222656061684,
            83.17885450059855,
            111.45154890411315,
            68.75123533704706,
            37.01210891255768,
            57.93320646600778
        ],
        [
            33.46935529155593,
            88.9557327992069,
            0.0,
            71.79539424155763,
            62.573702763789775,
            9.859300296112178,
            67.3580602593418,
            48.99754887999406,
            46.86919194300861,
            24.325137780838705,
            44.0873842717737,
            36.71877892238587,
            20.054146381468517,
            29.111674734483753,
            32.423254626757384,
            26.861566880808237,
            31.36846904931848,
            51.98270465235258,
            33.46935529155593
        ],
        [
            45.74200344719668,
            23.89976367038149,
            71.79539424155763,
            0.0,
            17.751822308460955,
            79.85795625067502,
            76.95457555758209,
            34.615364102661815,
            37.039049967669285,
            56.409952274748804,
            91.2595084031097,
            52.6185685062563,
            65.69459620307028,
            60.3906511267142,
            74.10647548976412,
            96.71245039023181,
            47.18001543343509,
            24.396105197212197,
            45.74200344719668
        ],
        [
            31.935292133452567,
            26.417190731180547,
            62.573702763789775,
            17.751822308460955,
            0.0,
            71.67140842749848,
            59.20856044374621,
            38.836557367579665,
            40.491197185661775,
            52.86162627796881,
            75.41064403032779,
            36.92022116317917,
            52.48359641156203,
            58.64978128886054,
            58.81085778975646,
            85.22227553599117,
            44.877986755609264,
            10.597979047056793,
            31.935292133452567
        ],
        [
            43.25752393727002,
            97.95364467922799,
            9.859300296112178,
            79.85795625067502,
            71.67140842749848,
            0.0,
            76.0778042390425,
            54.230137443385495,
            51.8599518498747,
            27.772390696209758,
            49.233087808655654,
            46.51036906385846,
            29.177209038435677,
            30.23444143478884,
            40.120577098773985,
            24.045195274746334,
            36.36572023416877,
            61.12355346397215,
            43.25752393727002
        ],
        [
            45.636110453633435,
            74.8062834812139,
            67.3580602593418,
            76.95457555758209,
            59.20856044374621,
            76.0778042390425,
            0.0,
            84.9574440507473,
            84.94659435899014,
            78.99579218390073,
            39.56280826023356,
            36.10947821481554,
            47.33305238083922,
            86.64523409918712,
            36.774200426615764,
            71.32969535067663,
            77.57837566665991,
            55.60163151437982,
            45.636110453633435
        ],
        [
            40.42330403583918,
            58.14778064403947,
            48.99754887999406,
            34.615364102661815,
            38.836557367579665,
            54.230137443385495,
            84.9574440507473,
            0.0,
            2.6806709134742186,
            26.79125058673146,
            83.17891749157066,
            50.34662588622661,
            52.891270697613436,
            28.038755989572792,
            66.00693896539403,
            75.85891756143282,
            17.87598805122188,
            33.61843074860543,
            40.42330403583918
        ],
        [
            40.00339929318011,
            60.44829839219529,
            46.86919194300861,
            37.039049967669285,
            40.491197185661775,
            51.8599518498747,
            84.94659435899014,
            2.6806709134742186,
            0.0,
            24.30260832502541,
            81.94086241044752,
            49.94331538276817,
            51.55200209245488,
            25.368680703953817,
            64.90098881924844,
            73.72346418955067,
            15.582292888014935,
            34.70790054153497,
            40.00339929318011
        ],
        [
            34.87409369246389,
            77.4914294398901,
            24.325137780838705,
            56.409952274748804,
            52.86162627796881,
            27.772390696209758,
            78.99579218390073,
            26.79125058673146,
            24.30260832502541,
            0.0,
            65.34513415062341,
            43.214820078193654,
            35.81913942674913,
            7.674402241696046,
            50.23710660867735,
            50.61770589985318,
            9.441185521065819,
            43.41800289922177,
            34.87409369246389
        ],
        [
            46.227493311672326,
            98.76711037343453,
            44.0873842717737,
            91.2595084031097,
            75.41064403032779,
            49.233087808655654,
            39.56280826023356,
            83.17891749157066,
            81.94086241044752,
            65.34513415062341,
            0.0,
            38.66946679330179,
            30.47455129322408,
            71.78113690480848,
            17.57607096822607,
            35.28299047953679,
            68.83807444945833,
            66.87142597799038,
            46.227493311672326
        ],
        [
            9.939923173172833,
            61.48318222679139,
            36.71877892238587,
            52.6185685062563,
            36.92022116317917,
            46.51036906385846,
            36.10947821481554,
            50.34662588622661,
            49.94331538276817,
            43.214820078193654,
            38.66946679330179,
            0.0,
            19.045368337672972,
            50.889216811469765,
            21.903822181903028,
            52.216913452212616,
            41.48198522440303,
            28.22246950184104,
            9.939923173172833
        ],
        [
            20.548351032557463,
            78.38684205561309,
            20.054146381468517,
            65.69459620307028,
            52.48359641156203,
            29.177209038435677,
            47.33305238083922,
            52.891270697613436,
            51.55200209245488,
            35.81913942674913,
            30.47455129322408,
            19.045368337672972,
            0.0,
            42.85644301572327,
            14.41800950783809,
            33.48949569278508,
            38.439895436674746,
            42.365753662639186,
            20.548351032557463
        ],
        [
            42.48857615174686,
            82.41222656061684,
            29.111674734483753,
            60.3906511267142,
            58.64978128886054,
            30.23444143478884,
            86.64523409918712,
            28.038755989572792,
            25.368680703953817,
            7.674402241696046,
            71.78113690480848,
            50.889216811469765,
            42.85644301572327,
            0.0,
            57.24388145584635,
            54.060714779825645,
            13.787888855400944,
            49.69431384215723,
            42.48857615174686
        ],
        [
            28.729079429370397,
            83.17885450059855,
            32.423254626757384,
            74.10647548976412,
            58.81085778975646,
            40.120577098773985,
            36.774200426615764,
            66.00693896539403,
            64.90098881924844,
            50.23710660867735,
            17.57607096822607,
            21.903822181903028,
            14.41800950783809,
            57.24388145584635,
            0.0,
            35.61959018013695,
            52.53634401686398,
            49.795754302896846,
            28.729079429370397
        ],
        [
            53.56443711996956,
            111.45154890411315,
            26.861566880808237,
            96.71245039023181,
            85.22227553599117,
            24.045195274746334,
            71.32969535067663,
            75.85891756143282,
            73.72346418955067,
            50.61770589985318,
            35.28299047953679,
            52.216913452212616,
            33.48949569278508,
            54.060714779825645,
            35.61959018013695,
            0.0,
            58.19381245667437,
            74.7885264758481,
            53.56443711996956
        ],
        [
            32.08159065065917,
            68.75123533704706,
            31.36846904931848,
            47.18001543343509,
            44.877986755609264,
            36.36572023416877,
            77.57837566665991,
            17.87598805122188,
            15.582292888014935,
            9.441185521065819,
            68.83807444945833,
            41.48198522440303,
            38.439895436674746,
            13.787888855400944,
            52.53634401686398,
            58.19381245667437,
            0.0,
            36.1124400492693,
            32.08159065065917
        ],
        [
            21.902100647425208,
            37.01210891255768,
            51.98270465235258,
            24.396105197212197,
            10.597979047056793,
            61.12355346397215,
            55.60163151437982,
            33.61843074860543,
            34.70790054153497,
            43.41800289922177,
            66.87142597799038,
            28.22246950184104,
            42.365753662639186,
            49.69431384215723,
            49.795754302896846,
            74.7885264758481,
            36.1124400492693,
            0.0,
            21.902100647425208
        ],
        [
            0.0,
            57.93320646600778,
            33.46935529155593,
            45.74200344719668,
            31.935292133452567,
            43.25752393727002,
            45.636110453633435,
            40.42330403583918,
            40.00339929318011,
            34.87409369246389,
            46.227493311672326,
            9.939923173172833,
            20.548351032557463,
            42.48857615174686,
            28.729079429370397,
            53.56443711996956,
            32.08159065065917,
            21.902100647425208,
            0.0
        ]
    ],
    "scores_ave": [
        0,
        16.015105141149043,
        13.158501079090312,
        10.306025984567135,
        11.501745192943634,
        11.37252397022006,
        13.926737309044277,
        18.586470448552628,
        10.821411306887605,
        16.192674724102453,
        17.594922127072863,
        19.042869399527994,
        11.133165787263895,
        11.419150327792952,
        14.220990198857507,
        15.624321231182982,
        12.825517972705274,
        11.141743610239141,
        0
    ],
    "scores_var": [
        0,
        262.26971720242454,
        237.07717246477995,
        392.26246766583597,
        18.928357894200477,
        20.38303331575949,
        288.18107245616915,
        375.2334587333193,
        231.96452702686022,
        294.3143603541297,
        16.6701453510719,
        23.453856379376283,
        18.458395201404116,
        313.6635309424365,
        18.41451861322737,
        300.44794747438505,
        20.438652928744258,
        389.76658902045335,
        0
    ],
    "vertex_number": 19,
    "minimum_distances": {
        "cost": 366.4830722660604,
        "path": [
            0,
            17,
            4,
            1,
            3,
            7,
            8,
            16,
            13,
            9,
            2,
            5,
            15,
            12,
            14,
            10,
            6,
            11,
            18
        ]
    }
}