{
    "vertices": [
        [
            83.07070907651757,
            47.97418786203814
        ],
        [
            36.64883884408333,
            26.219519039663584
        ],
        [
            41.476335806834996,
            69.25330824592946
        ],
        [
            98.59508188146687,
            93.7547282020314
        ],
        [
            11.6330706562082,
            24.73907355133592
        ],
        [
            16.59326754507284,
            41.13011994115043
        ],
        [
            42.570724049576036,
            36.866273124531816
        ],
        [
            67.80451160797185,
            10.407621813241906
        ],
        [
            52.85935810719135,
            47.122259279512335
        ],
        [
            28.25454577688977,
            3.6493743604008033
        ],
        [
            38.195686304865895,
            65.46338574237845
        ],
        [
            47.14719102387672,
            0.9669403084246464
        ],
        [
            61.814976424908544,
            93.6093014271166
        ],
        [
            97.02729939560817,
            36.09203315266553
        ],
        [
            39.55366508442606,
            78.78535786870124
        ],
        [
            14.587458571470735,
            22.971866402721
        ],
        [
            26.282688380377795,
            8.112306495880095
        ],
        [
            77.94245480772462,
            55.117279011660735
        ],
        [
            63.64511789059991,
            2.3431649454458414
        ],
        [
            31.46294138558041,
            70.77103164877883
        ],
        [
            44.32267757321512,
            11.286383883958152
        ],
        [
            42.12588976707343,
            85.55970444532076
        ],
        [
            83.45440636654476,
            76.50501248831097
        ],
        [
            19.62866034103098,
            26.971839109730876
        ],
        [
            83.07070907651757,
            47.97418786203814
        ]
    ],
    "distances": [
        [
            0.0,
            51.266515889498095,
            46.721438890618764,
            48.34112146825723,
            75.12128007497117,
            66.82882236185505,
            41.99564926272957,
            40.55001442474715,
            30.223360331067312,
            70.49468668521332,
            48.16263812597849,
            59.16232307681228,
            50.342524377054104,
            18.329539379711623,
            53.32036491800412,
            72.90453811726694,
            69.38190600318542,
            8.793335147554071,
            49.59378837452301,
            56.41859421040899,
            53.36108044366176,
            55.58011591491369,
            28.533404589454623,
            66.8280794342423,
            0.0
        ],
        [
            51.266515889498095,
            0.0,
            43.303715087446044,
            91.64246560984355,
            25.059536645225805,
            24.991037580963173,
            12.18286078598503,
            34.938403502012314,
            26.451946701787154,
            24.08060603350314,
            39.27434036170922,
            27.34790908037384,
            71.93550758120288,
            61.18026670000273,
            52.64603904651277,
            22.29914229702704,
            20.864520640118542,
            50.40082589354912,
            36.03996902315343,
            44.85232221647238,
            16.78947070098663,
            59.592413030442025,
            68.69783113369486,
            17.036797285980466,
            51.266515889498095
        ],
        [
            46.721438890618764,
            43.303715087446044,
            0.0,
            62.15199701541009,
            53.59232748534039,
            37.551042682535126,
            32.40552004798711,
            64.466950081028,
            24.88687455355458,
            66.92302946559408,
            5.012601494004135,
            68.52143201210068,
            31.73128906983115,
            64.69605645982087,
            9.724023484021012,
            53.525541361716066,
            63.000547752531716,
            39.110166932642244,
            70.48703551411927,
            10.12776145864273,
            58.03676405036331,
            16.31932833663152,
            42.599831247728495,
            47.592473728252536,
            46.721438890618764
        ],
        [
            48.34112146825723,
            91.64246560984355,
            62.15199701541009,
            0.0,
            111.02050253536991,
            97.43534753400132,
            79.8437536165506,
            88.85268347749115,
            65.31725336361394,
            114.30995499257608,
            66.69697927333807,
            106.0964610902902,
            36.78039296068509,
            57.68400421502592,
            60.909530827106835,
            109.85214744689557,
            112.08794158851614,
            43.810769052660405,
            97.865079982472,
            70.95755488185478,
            98.72447358159286,
            57.0607402022207,
            22.951966086859215,
            103.41977570279454,
            48.34112146825723
        ],
        [
            75.12128007497117,
            25.059536645225805,
            53.59232748534039,
            111.02050253536991,
            0.0,
            17.12512642082837,
            33.229615811445775,
            57.97086585103579,
            46.910700062279304,
            26.85235273028354,
            48.62141661379078,
            42.736016010011696,
            85.21344937414915,
            86.14559764553488,
            60.83223193125926,
            3.4425904577752187,
            22.159889038095276,
            72.93675200845651,
            56.62887761377561,
            50.121501767488496,
            35.34947325880824,
            68.03646933571943,
            88.53257421561565,
            8.30148760444772,
            75.12128007497117
        ],
        [
            66.82882236185505,
            24.991037580963173,
            37.551042682535126,
            97.43534753400132,
            17.12512642082837,
            0.0,
            26.32505719118088,
            59.7198744949213,
            36.757789086262044,
            39.25291962757331,
            32.538781796906164,
            50.46407869127507,
            69.27530182864298,
            80.59166084788944,
            44.10325156431891,
            18.26870113621841,
            34.41018571339475,
            62.92347254126773,
            60.977901724942036,
            33.161586918941275,
            40.737805075386625,
            51.243563271347654,
            75.64254693773401,
            14.480004334498558,
            66.82882236185505
        ],
        [
            41.99564926272957,
            12.18286078598503,
            32.40552004798711,
            79.8437536165506,
            33.229615811445775,
            26.32505719118088,
            0.0,
            36.562333948404806,
            14.5272586120945,
            36.1706417394254,
            28.929842815774883,
            36.189862483967715,
            59.91754760029344,
            54.46207897199766,
            42.02751849191253,
            31.242882148886675,
            33.04679565166177,
            39.80274554247444,
            40.44718870467338,
            35.67794117235554,
            25.63981424872278,
            48.695463149366184,
            56.94475514166722,
            24.984757586980706,
            41.99564926272957
        ],
        [
            40.55001442474715,
            34.938403502012314,
            64.466950081028,
            88.85268347749115,
            57.97086585103579,
            59.7198744949213,
            36.562333948404806,
            0.0,
            39.639906879829574,
            40.123231498392464,
            62.51255615994806,
            22.712361413764945,
            83.41698881090714,
            38.90578764058041,
            73.9839517555463,
            54.680114996166814,
            41.58521704343606,
            45.84464351613542,
            9.073919807263906,
            70.45886014691129,
            23.498271264346002,
            79.41805300803259,
            67.92484273082356,
            50.9439490022094,
            40.55001442474715
        ],
        [
            30.223360331067312,
            26.451946701787154,
            24.88687455355458,
            65.31725336361394,
            46.910700062279304,
            36.757789086262044,
            14.5272586120945,
            39.639906879829574,
            0.0,
            49.95286291094511,
            23.48233784471134,
            46.507443727972735,
            47.34182281118639,
            45.52442120517744,
            34.345207512617556,
            45.25461048529382,
            47.20270956152142,
            26.32645210820754,
            46.05974276398664,
            31.891551907961684,
            36.838632980946166,
            39.90795075524228,
            42.41937250975467,
            38.86281908257082,
            30.223360331067312
        ],
        [
            70.49468668521332,
            24.08060603350314,
            66.92302946559408,
            114.30995499257608,
            26.85235273028354,
            39.25291962757331,
            36.1706417394254,
            40.123231498392464,
            49.95286291094511,
            0.0,
            62.60829240706243,
            19.08212506173513,
            96.0160975208288,
            76.04089524599415,
            75.98082728481927,
            23.6674453924807,
            4.879137714604163,
            71.53903489038485,
            35.41466896035363,
            67.19829372476906,
            17.7906934627908,
            83.07656925219378,
            91.40551742724475,
            24.866508832892176,
            70.49468668521332
        ],
        [
            48.16263812597849,
            39.27434036170922,
            5.012601494004135,
            66.69697927333807,
            48.62141661379078,
            32.538781796906164,
            28.929842815774883,
            62.51255615994806,
            23.48233784471134,
            62.60829240706243,
            0.0,
            65.11467507674023,
            36.74320937951847,
            65.75587465624675,
            13.391006224337927,
            48.609439746867395,
            58.57530034312238,
            41.07124944414578,
            68.0575920929508,
            8.573270042165547,
            54.52235827960585,
            20.477024311764076,
            46.58614883007508,
            42.735624662744804,
            48.16263812597849
        ],
        [
            59.16232307681228,
            27.34790908037384,
            68.52143201210068,
            106.0964610902902,
            42.736016010011696,
            50.46407869127507,
            36.189862483967715,
            22.712361413764945,
            46.507443727972735,
            19.08212506173513,
            65.11467507674023,
            0.0,
            93.7963272320236,
            61.0065353752548,
            78.18802816146905,
            39.29825631994,
            22.054109107225468,
            62.294521855392404,
            16.555228332804443,
            71.54443971804454,
            10.69900892333435,
            84.74166159942884,
            83.81058545668671,
            37.86191084201774,
            59.16232307681228
        ],
        [
            50.342524377054104,
            71.93550758120288,
            31.73128906983115,
            36.78039296068509,
            85.21344937414915,
            69.27530182864298,
            59.91754760029344,
            83.41698881090714,
            47.34182281118639,
            96.0160975208288,
            36.74320937951847,
            93.7963272320236,
            0.0,
            67.43992763006227,
            26.74537876383467,
            84.97108725573952,
            92.58660613691046,
            41.73405502248921,
            91.28448436659649,
            37.98463633492809,
            84.16081791388805,
            21.271016548089033,
            27.582995274283228,
            78.86847690192724,
            50.342524377054104
        ],
        [
            18.329539379711623,
            61.18026670000273,
            64.69605645982087,
            57.68400421502592,
            86.14559764553488,
            80.59166084788944,
            54.46207897199766,
            38.90578764058041,
            45.52442120517744,
            76.04089524599415,
            65.75587465624675,
            61.0065353752548,
            67.43992763006227,
            0.0,
            71.595660596466,
            83.47733902476448,
            76.0767053143384,
            26.947936339150022,
            47.46952861891088,
            74.17087014428589,
            58.25029954501172,
            73.9000357396284,
            42.631353766467505,
            77.93412132616561,
            18.329539379711623
        ],
        [
            53.32036491800412,
            52.64603904651277,
            9.724023484021012,
            60.909530827106835,
            60.83223193125926,
            44.10325156431891,
            42.02751849191253,
            73.9839517555463,
            34.345207512617556,
            75.98082728481927,
            13.391006224337927,
            78.18802816146905,
            26.74537876383467,
            71.595660596466,
            0.0,
            61.14292516122027,
            71.90826804356234,
            45.09852695158369,
            80.14865536756247,
            11.388118138235061,
            67.66723704357412,
            7.2462480883680085,
            43.95992561610391,
            55.51258001760043,
            53.32036491800412
        ],
        [
            72.90453811726694,
            22.29914229702704,
            53.525541361716066,
            109.85214744689557,
            3.4425904577752187,
            18.26870113621841,
            31.242882148886675,
            54.680114996166814,
            45.25461048529382,
            23.6674453924807,
            48.609439746867395,
            39.29825631994,
            84.97108725573952,
            83.47733902476448,
            61.14292516122027,
            0.0,
            18.909915941329352,
            71.04352961315143,
            53.21839213735349,
            50.6906511935806,
            31.948924094216572,
            68.3783786263,
            87.22645371921621,
            6.435331921372919,
            72.90453811726694
        ],
        [
            69.38190600318542,
            20.864520640118542,
            63.000547752531716,
            112.08794158851614,
            22.159889038095276,
            34.41018571339475,
            33.04679565166177,
            41.58521704343606,
            47.20270956152142,
            4.879137714604163,
            58.57530034312238,
            22.054109107225468,
            92.58660613691046,
            76.0767053143384,
            71.90826804356234,
            18.909915941329352,
            0.0,
            69.84410432196353,
            37.80521304179178,
            62.87249684070465,
            18.317095221218775,
            79.0512901812388,
            89.14127871226044,
            19.99895146154705,
            69.38190600318542
        ],
        [
            8.793335147554071,
            50.40082589354912,
            39.110166932642244,
            43.810769052660405,
            72.93675200845651,
            62.92347254126773,
            39.80274554247444,
            45.84464351613542,
            26.32645210820754,
            71.53903489038485,
            41.07124944414578,
            62.294521855392404,
            41.73405502248921,
            26.947936339150022,
            45.09852695158369,
            71.04352961315143,
            69.84410432196353,
            0.0,
            54.67651194430418,
            49.044725909962686,
            55.2398116306863,
            47.00603788445849,
            22.08657404974807,
            64.75078696337933,
            8.793335147554071
        ],
        [
            49.59378837452301,
            36.03996902315343,
            70.48703551411927,
            97.865079982472,
            56.62887761377561,
            60.977901724942036,
            40.44718870467338,
            9.073919807263906,
            46.05974276398664,
            35.41466896035363,
            68.0575920929508,
            16.555228332804443,
            91.28448436659649,
            47.46952861891088,
            80.14865536756247,
            53.21839213735349,
            37.80521304179178,
            54.67651194430418,
            0.0,
            75.61789091325768,
            21.291732310947896,
            85.95388080457226,
            76.76188859645373,
            50.43828036624093,
            49.59378837452301
        ],
        [
            56.41859421040899,
            44.85232221647238,
            10.12776145864273,
            70.95755488185478,
            50.121501767488496,
            33.161586918941275,
            35.67794117235554,
            70.45886014691129,
            31.891551907961684,
            67.19829372476906,
            8.573270042165547,
            71.54443971804454,
            37.98463633492809,
            74.17087014428589,
            11.388118138235061,
            50.6906511935806,
            62.87249684070465,
            49.044725909962686,
            75.61789091325768,
            0.0,
            60.85882133692984,
            18.231931089974093,
            52.3067009773601,
            45.369807966465714,
            56.41859421040899
        ],
        [
            53.36108044366176,
            16.78947070098663,
            58.03676405036331,
            98.72447358159286,
            35.34947325880824,
            40.737805075386625,
            25.63981424872278,
            23.498271264346002,
            36.838632980946166,
            17.7906934627908,
            54.52235827960585,
            10.69900892333435,
            84.16081791388805,
            58.25029954501172,
            67.66723704357412,
            31.948924094216572,
            18.317095221218775,
            55.2398116306863,
            21.291732310947896,
            60.85882133692984,
            0.0,
            74.30580074177347,
            76.05762102108645,
            29.254537984783283,
            53.36108044366176
        ],
        [
            55.58011591491369,
            59.592413030442025,
            16.31932833663152,
            57.0607402022207,
            68.03646933571943,
            51.243563271347654,
            48.695463149366184,
            79.41805300803259,
            39.90795075524228,
            83.07656925219378,
            20.477024311764076,
            84.74166159942884,
            21.271016548089033,
            73.9000357396284,
            7.2462480883680085,
            68.3783786263,
            79.0512901812388,
            47.00603788445849,
            85.95388080457226,
            18.231931089974093,
            74.30580074177347,
            0.0,
            42.30879023027148,
            62.75877067334258,
            55.58011591491369
        ],
        [
            28.533404589454623,
            68.69783113369486,
            42.599831247728495,
            22.951966086859215,
            88.53257421561565,
            75.64254693773401,
            56.94475514166722,
            67.92484273082356,
            42.41937250975467,
            91.40551742724475,
            46.58614883007508,
            83.81058545668671,
            27.582995274283228,
            42.631353766467505,
            43.95992561610391,
            87.22645371921621,
            89.14127871226044,
            22.08657404974807,
            76.76188859645373,
            52.3067009773601,
            76.05762102108645,
            42.30879023027148,
            0.0,
            80.79146688027062,
            28.533404589454623
        ],
        [
            66.8280794342423,
            17.036797285980466,
            47.592473728252536,
            103.41977570279454,
            8.30148760444772,
            14.480004334498558,
            24.984757586980706,
            50.9439490022094,
            38.86281908257082,
            24.866508832892176,
            42.735624662744804,
            37.86191084201774,
            78.86847690192724,
            77.93412132616561,
            55.51258001760043,
            6.435331921372919,
            19.99895146154705,
            64.75078696337933,
            50.43828036624093,
            45.369807966465714,
            29.254537984783283,
            62.75877067334258,
            80.79146688027062,
            0.0,
            66.8280794342423
        ],
        [
            0.0,
            51.266515889498095,
            46.721438890618764,
            48.34112146825723,
            75.12128007497117,
            66.82882236185505,
            41.99564926272957,
            40.55001442474715,
            30.223360331067312,
            70.49468668521332,
            48.16263812597849,
            59.16232307681228,
            50.342524377054104,
            18.329539379711623,
            53.32036491800412,
            72.90453811726694,
            69.38190600318542,
            8.793335147554071,
            49.59378837452301,
            56.41859421040899,
            53.36108044366176,
            55.58011591491369,
            28.533404589454623,
            66.8280794342423,
            0.0
        ]
    ],
    "scores_ave": [
        0,
        11.793756403301556,
        14.286229122866803,
        11.033511377139597,
        13.587201158098935,
        19.977718704858724,
        10.691411993939422,
        16.06817185130554,
        16.386880059430545,
        11.431738569216732,
        19.48103952863869,
        11.803993089149516,
        12.461162645199995,
        13.883692907415032,
        14.145199230410286,
        15.673094217242081,
        16.90975408368412,
        14.860385916997844,
        12.180910685125287,
        15.460764153588531,
        17.823538074455946,
        10.588088536984358,
        16.95768670201037,
        18.779640835690735,
        0
    ],
    "scores_var": [
        0,
        323.0184501301523,
        285.1811845049095,
        17.358402081899396,
        267.96706960986376,
        19.800184174250038,
        23.97629659934317,
        16.96704275591896,
        18.513784716581636,
        21.405784731928243,
        22.20224206864411,
        17.518916610191717,
        293.78499289809105,
        17.730585119790014,
        20.942888670085843,
        353.2886212134713,
        310.3221955038549,
        16.835498979684466,
        383.75380261325097,
        316.50050801138815,
        23.141839594476906,
        351.60527824777387,
        21.29532542809236,
        24.54108641760339,
        0
    ],
    "vertex_number": 25,
    "minimum_distances": {
        "cost": 382.058867687446,
        "path": [
            0,
            17,
            22,
            3,
            12,
            21,
            14,
            19,
            10,
            2,
            8,
            6,
            1,
            5,
            23,
            4,
            15,
            16,
            9,
            20,
            11,
            18,
            7,
            13,
            24
        ]
    }
}