{
    "vertices": [
        [
            60.085766804505035,
            71.52831893444687
        ],
        [
            88.28422837479356,
            30.736655790471435
        ],
        [
            58.111976692917175,
            17.83288159671754
        ],
        [
            26.053533139325967,
            79.63570804185429
        ],
        [
            92.26324237732084,
            6.133694726581984
        ],
        [
            32.29053903433835,
            64.28886849335426
        ],
        [
            29.09608518807967,
            34.57631009297136
        ],
        [
            92.01092303177299,
            78.48077761000728
        ],
        [
            29.970167161689577,
            49.25404363968434
        ],
        [
            86.40341944833156,
            3.999551123888634
        ],
        [
            80.73968770737386,
            4.585444819981821
        ],
        [
            70.58285843884737,
            79.90860041532255
        ],
        [
            92.0328486384379,
            52.533041312061535
        ],
        [
            66.48832698660514,
            66.13814845635295
        ],
        [
            32.97801550726332,
            13.904890024887429
        ],
        [
            64.63578011354709,
            7.302318530888352
        ],
        [
            12.392466745411735,
            49.93835996736507
        ],
        [
            5.0986987477052,
            16.47463438161727
        ],
        [
            35.03996916796898,
            40.6790643529798
        ],
        [
            80.04443373500459,
            69.76519205965826
        ],
        [
            62.46238294888461,
            59.70063458516349
        ],
        [
            8.871980914501753,
            56.511684450113165
        ],
        [
            22.792512491110152,
            33.86918479302824
        ],
        [
            34.49976093690801,
            15.818908116734121
        ],
        [
            60.085766804505035,
            71.52831893444687
        ]
    ],
    "distances": [
        [
            0.0,
            49.589444612564506,
            53.73170235805505,
            34.98460642025655,
            72.88241769814601,
            28.722540442733845,
            48.226666110233005,
            32.67341858102456,
            37.45787876739972,
            72.47588097217857,
            70.05664025177825,
            13.431978650909466,
            37.16768232827407,
            8.369391535131395,
            63.681156865183915,
            64.38696878212515,
            52.352432596078906,
            77.81057663534955,
            39.73623645342476,
            20.03639194114595,
            12.064096375775877,
            53.369946378305265,
            52.999973599662376,
            61.30401414192548,
            0.0
        ],
        [
            49.589444612564506,
            0.0,
            32.81573037428668,
            79.1440252992803,
            24.92264523568011,
            65.27667441908248,
            59.312555492523266,
            47.88934559361861,
            61.18352219285693,
            26.803175337442074,
            27.217750257973307,
            52.26106232941161,
            22.116387039631665,
            41.57315239786486,
            57.810773395069305,
            33.29290116467375,
            78.28323528385783,
            84.39927484289073,
            54.16458830737444,
            39.888856326311576,
            38.803089681350194,
            83.49046142584179,
            65.56658895612131,
            55.81494542892849,
            49.589444612564506
        ],
        [
            53.73170235805505,
            32.81573037428668,
            0.0,
            69.62279195555494,
            36.09958339467478,
            53.14983877018212,
            33.5002142922947,
            69.47881586299115,
            42.18116721740011,
            31.49232867149373,
            26.220371601244985,
            63.316015022800414,
            48.52552563151477,
            49.02613640317945,
            25.439047204451718,
            12.38760548106164,
            55.86622710769151,
            53.0306748400737,
            32.46945638232647,
            56.373730956202216,
            42.093167793520664,
            62.61491016068149,
            38.789529150361346,
            23.697949744364045,
            53.73170235805505
        ],
        [
            34.98460642025655,
            79.1440252992803,
            69.62279195555494,
            0.0,
            98.92558596631254,
            16.5657999101107,
            45.16200246318989,
            65.96750067818758,
            30.633079406276096,
            96.76227059566669,
            92.860742572482,
            44.53016148497661,
            71.3289886203188,
            42.628120627540284,
            66.09454510958896,
            81.97993059112035,
            32.688793457028986,
            66.54642222008738,
            39.979696347006154,
            54.88573979538982,
            41.50917366292247,
            28.80843980374088,
            45.88255557347939,
            64.37330748603388,
            34.98460642025655
        ],
        [
            72.88241769814601,
            24.92264523568011,
            36.09958339467478,
            98.92558596631254,
            0.0,
            83.53890939022882,
            69.2753355549482,
            72.34752287945558,
            75.76141306897583,
            6.236352593946673,
            11.627097230372856,
            76.8945756025884,
            46.39991858650583,
            65.30605431969364,
            59.79238748702542,
            27.65216723391196,
            91.09439882286856,
            87.77580930477514,
            66.84224382392152,
            64.79403319354981,
            61.29851766956771,
            97.42712320983551,
            74.80267187840809,
            58.569814294819984,
            72.88241769814601
        ],
        [
            28.722540442733845,
            65.27667441908248,
            53.14983877018212,
            16.5657999101107,
            83.53890939022882,
            0.0,
            29.883785939402674,
            61.3835038848092,
            15.212826299143439,
            81.01237939707288,
            76.88835285961136,
            41.35550447874011,
            60.88795471641748,
            34.247752294271116,
            50.38866847031934,
            65.52618939856609,
            24.533046605952503,
            55.00542847634003,
            23.76935458960884,
            48.06687610907511,
            30.518716480219375,
            24.67617182738458,
            31.868003775632822,
            48.5202815359301,
            28.722540442733845
        ],
        [
            48.226666110233005,
            59.312555492523266,
            33.5002142922947,
            45.16200246318989,
            69.2753355549482,
            29.883785939402674,
            0.0,
            76.71948311121946,
            14.703736986388641,
            64.95435896896852,
            59.720295386019814,
            61.45054027940316,
            65.44830318412384,
            48.93188518334054,
            21.032759938585816,
            44.79888984253817,
            22.693687347401177,
            30.059028918574448,
            8.519000312503568,
            61.91923476371756,
            41.76770890833806,
            29.835801344299547,
            6.343110824808219,
            19.520241814501794,
            48.226666110233005
        ],
        [
            32.67341858102456,
            47.88934559361861,
            69.47881586299115,
            65.96750067818758,
            72.34752287945558,
            61.3835038848092,
            76.71948311121946,
            0.0,
            68.58029868339244,
            74.69201560618652,
            74.7499896581036,
            21.475582184471065,
            25.94774556141552,
            28.350368662672714,
            87.49245355002537,
            76.26120564658744,
            84.57995144424139,
            106.76374163574317,
            68.37147877088964,
            14.803996000240115,
            35.01156941731761,
            85.9925854399499,
            82.34915039903981,
            85.05318132729565,
            32.67341858102456
        ],
        [
            37.45787876739972,
            61.18352219285693,
            42.18116721740011,
            30.633079406276096,
            75.76141306897583,
            15.212826299143439,
            14.703736986388641,
            68.58029868339244,
            0.0,
            72.33727294078754,
            67.62268803407764,
            50.88312631791167,
            62.149241812107206,
            40.232437068344865,
            35.476891252651775,
            54.421061740212075,
            17.5910159104227,
            41.14704864720768,
            9.961584319288098,
            54.11228494862892,
            34.130270276454205,
            22.3115847275407,
            16.976825624999012,
            33.74056175001456,
            37.45787876739972
        ],
        [
            72.47588097217857,
            26.803175337442074,
            31.49232867149373,
            96.76227059566669,
            6.236352593946673,
            81.01237939707288,
            64.95435896896852,
            74.69201560618652,
            72.33727294078754,
            0.0,
            5.693955449127916,
            77.54014389323865,
            48.858879877171724,
            65.2519439266391,
            54.33589536402202,
            22.016775303254473,
            87.10909985731287,
            82.25621745797774,
            63.115693099468956,
            66.07235599700434,
            60.62824364458992,
            93.64105994485651,
            70.27476431443138,
            53.23238644467103,
            72.47588097217857
        ],
        [
            70.05664025177825,
            27.217750257973307,
            26.220371601244985,
            92.860742572482,
            11.627097230372856,
            76.88835285961136,
            59.720295386019814,
            74.7499896581036,
            67.62268803407764,
            5.693955449127916,
            0.0,
            76.00486135524429,
            49.25959290516118,
            63.18098295642768,
            48.662402224695505,
            16.331480109026455,
            82.0257857358832,
            76.5696548198385,
            58.234127842474294,
            65.18345517318183,
            58.066720348980276,
            88.66398164864952,
            64.92620843968453,
            47.584887573446316,
            70.05664025177825
        ],
        [
            13.431978650909466,
            52.26106232941161,
            63.316015022800414,
            44.53016148497661,
            76.8945756025884,
            41.35550447874011,
            61.45054027940316,
            21.475582184471065,
            50.88312631791167,
            77.54014389323865,
            76.00486135524429,
            0.0,
            34.77820173296295,
            14.366298582714009,
            75.96455750686329,
            72.84943314597015,
            65.4548470164269,
            91.17040757406036,
            52.936315298560146,
            13.87119822346335,
            21.77852164808167,
            65.99733389696779,
            66.35921154328734,
            73.5491576040284,
            13.431978650909466
        ],
        [
            37.16768232827407,
            22.116387039631665,
            48.52552563151477,
            71.3289886203188,
            46.39991858650583,
            60.88795471641748,
            65.44830318412384,
            25.94774556141552,
            62.149241812107206,
            48.858879877171724,
            49.25959290516118,
            34.77820173296295,
            0.0,
            28.941691844614088,
            70.56633324763081,
            52.88116533383982,
            79.68263800444589,
            94.1156476234738,
            58.21258523791774,
            20.99212021890024,
            30.426745380103743,
            83.25598790368156,
            71.71167052828991,
            68.24942312398085,
            37.16768232827407
        ],
        [
            8.369391535131395,
            41.57315239786486,
            49.02613640317945,
            42.628120627540284,
            65.30605431969364,
            34.247752294271116,
            48.93188518334054,
            28.350368662672714,
            40.232437068344865,
            65.2519439266391,
            63.18098295642768,
            14.366298582714009,
            28.941691844614088,
            0.0,
            62.058474536607584,
            58.86498800590274,
            56.46941864693379,
            78.96297287692384,
            40.461885433968625,
            14.032942509476724,
            7.592747212742844,
            58.41499930637519,
            54.319519698996615,
            59.62628871791501,
            8.369391535131395
        ],
        [
            63.681156865183915,
            57.810773395069305,
            25.439047204451718,
            66.09454510958896,
            59.79238748702542,
            50.38866847031934,
            21.032759938585816,
            87.49245355002537,
            35.476891252651775,
            54.33589536402202,
            48.662402224695505,
            75.96455750686329,
            70.56633324763081,
            62.058474536607584,
            0.0,
            32.33895499548868,
            41.49910570026792,
            27.99749790675451,
            26.85345534284141,
            73.04533570464632,
            54.46630282351274,
            48.9534455884452,
            22.412441573404713,
            2.4452350415779978,
            63.681156865183915
        ],
        [
            64.38696878212515,
            33.29290116467375,
            12.38760548106164,
            81.97993059112035,
            27.65216723391196,
            65.52618939856609,
            44.79888984253817,
            76.26120564658744,
            54.421061740212075,
            22.016775303254473,
            16.331480109026455,
            72.84943314597015,
            52.88116533383982,
            58.86498800590274,
            32.33895499548868,
            0.0,
            67.43289865528658,
            60.2394840252505,
            44.608510255319,
            64.33534934930532,
            52.44337117843466,
            74.37178897460794,
            49.564679241505296,
            31.31632082458753,
            64.38696878212515
        ],
        [
            52.352432596078906,
            78.28323528385783,
            55.86622710769151,
            32.688793457028986,
            91.09439882286856,
            24.533046605952503,
            22.693687347401177,
            84.57995144424139,
            17.5910159104227,
            87.10909985731287,
            82.0257857358832,
            65.4548470164269,
            79.68263800444589,
            56.46941864693379,
            41.49910570026792,
            67.43289865528658,
            0.0,
            34.24937928901194,
            24.467200928065118,
            70.49746029735361,
            51.012728944216526,
            7.456702705695958,
            19.14103817184802,
            40.65549718127782,
            52.352432596078906
        ],
        [
            77.81057663534955,
            84.39927484289073,
            53.0306748400737,
            66.54642222008738,
            87.77580930477514,
            55.00542847634003,
            30.059028918574448,
            106.76374163574317,
            41.14704864720768,
            82.25621745797774,
            76.5696548198385,
            91.17040757406036,
            94.1156476234738,
            78.96297287692384,
            27.99749790675451,
            60.2394840252505,
            34.24937928901194,
            0.0,
            38.50109225227195,
            91.96057160774461,
            71.82673150526632,
            40.21446302634802,
            24.812122617813724,
            29.408373548835183,
            77.81057663534955
        ],
        [
            39.73623645342476,
            54.16458830737444,
            32.46945638232647,
            39.979696347006154,
            66.84224382392152,
            23.76935458960884,
            8.519000312503568,
            68.37147877088964,
            9.961584319288098,
            63.115693099468956,
            58.234127842474294,
            52.936315298560146,
            58.21258523791774,
            40.461885433968625,
            26.85345534284141,
            44.608510255319,
            24.467200928065118,
            38.50109225227195,
            0.0,
            53.585489229219256,
            33.373775807805266,
            30.584889543265476,
            14.013374135895319,
            24.866024873780106,
            39.73623645342476
        ],
        [
            20.03639194114595,
            39.888856326311576,
            56.373730956202216,
            54.88573979538982,
            64.79403319354981,
            48.06687610907511,
            61.91923476371756,
            14.803996000240115,
            54.11228494862892,
            66.07235599700434,
            65.18345517318183,
            13.87119822346335,
            20.99212021890024,
            14.032942509476724,
            73.04533570464632,
            64.33534934930532,
            70.49746029735361,
            91.96057160774461,
            53.585489229219256,
            0.0,
            20.258919689931908,
            72.39594950301414,
            67.57444652975744,
            70.60112443535353,
            20.03639194114595
        ],
        [
            12.064096375775877,
            38.803089681350194,
            42.093167793520664,
            41.50917366292247,
            61.29851766956771,
            30.518716480219375,
            41.76770890833806,
            35.01156941731761,
            34.130270276454205,
            60.62824364458992,
            58.066720348980276,
            21.77852164808167,
            30.426745380103743,
            7.592747212742844,
            54.46630282351274,
            52.44337117843466,
            51.012728944216526,
            71.82673150526632,
            33.373775807805266,
            20.258919689931908,
            0.0,
            53.685199013979854,
            47.33880459517552,
            52.03377890980755,
            12.064096375775877
        ],
        [
            53.369946378305265,
            83.49046142584179,
            62.61491016068149,
            28.80843980374088,
            97.42712320983551,
            24.67617182738458,
            29.835801344299547,
            85.9925854399499,
            22.3115847275407,
            93.64105994485651,
            88.66398164864952,
            65.99733389696779,
            83.25598790368156,
            58.41499930637519,
            48.9534455884452,
            74.37178897460794,
            7.456702705695958,
            40.21446302634802,
            30.584889543265476,
            72.39594950301414,
            53.685199013979854,
            0.0,
            26.579390325898043,
            48.09038526145594,
            53.369946378305265
        ],
        [
            52.999973599662376,
            65.56658895612131,
            38.789529150361346,
            45.88255557347939,
            74.80267187840809,
            31.868003775632822,
            6.343110824808219,
            82.34915039903981,
            16.976825624999012,
            70.27476431443138,
            64.92620843968453,
            66.35921154328734,
            71.71167052828991,
            54.319519698996615,
            22.412441573404713,
            49.564679241505296,
            19.14103817184802,
            24.812122617813724,
            14.013374135895319,
            67.57444652975744,
            47.33880459517552,
            26.579390325898043,
            0.0,
            21.51446383859946,
            52.999973599662376
        ],
        [
            61.30401414192548,
            55.81494542892849,
            23.697949744364045,
            64.37330748603388,
            58.569814294819984,
            48.5202815359301,
            19.520241814501794,
            85.05318132729565,
            33.74056175001456,
            53.23238644467103,
            47.584887573446316,
            73.5491576040284,
            68.24942312398085,
            59.62628871791501,
            2.4452350415779978,
            31.31632082458753,
            40.65549718127782,
            29.408373548835183,
            24.866024873780106,
            70.60112443535353,
            52.03377890980755,
            48.09038526145594,
            21.51446383859946,
            0.0,
            61.30401414192548
        ],
        [
            0.0,
            49.589444612564506,
            53.73170235805505,
            34.98460642025655,
            72.88241769814601,
            28.722540442733845,
            48.226666110233005,
            32.67341858102456,
            37.45787876739972,
            72.47588097217857,
            70.05664025177825,
            13.431978650909466,
            37.16768232827407,
            8.369391535131395,
            63.681156865183915,
            64.38696878212515,
            52.352432596078906,
            77.81057663534955,
            39.73623645342476,
            20.03639194114595,
            12.064096375775877,
            53.369946378305265,
            52.999973599662376,
            61.30401414192548,
            0.0
        ]
    ],
    "scores_ave": [
        0,
        12.945851290593037,
        19.753809229023837,
        17.6088264740471,
        18.298422180837633,
        10.09847091372627,
        19.99032717698811,
        19.697212191572287,
        18.43576873956613,
        19.60247268939873,
        16.094221562539037,
        13.590818102390893,
        19.658214379250545,
        18.656456006859585,
        13.779844557159407,
        11.710680762941196,
        11.16255981089544,
        18.85854224769138,
        14.195285467657994,
        13.86867637798617,
        10.63454121376545,
        10.62357191585939,
        10.42016454206446,
        13.175580284652622,
        0
    ],
    "scores_var": [
        0,
        17.576838529836433,
        341.75846000036614,
        272.68216521107763,
        271.13316951526184,
        19.279952171494358,
        21.37382476071902,
        261.13906558915136,
        20.413239543313125,
        23.073456082397115,
        22.233311029903817,
        359.54247842286884,
        16.754200405716148,
        393.3303932777335,
        383.7848699316778,
        274.7150466194386,
        370.7656570000652,
        261.0320663301933,
        302.4668275224241,
        389.512306975619,
        369.8996610813664,
        22.56132790635371,
        264.539467795495,
        19.74209583588747,
        0
    ],
    "vertex_number": 25,
    "minimum_distances": {
        "cost": 391.07421542088105,
        "path": [
            0,
            11,
            19,
            7,
            12,
            1,
            4,
            9,
            10,
            15,
            2,
            23,
            14,
            17,
            22,
            6,
            16,
            21,
            3,
            5,
            8,
            18,
            20,
            13,
            24
        ]
    }
}