{
    "vertices": [
        [
            61.19368782185558,
            63.935147940214335
        ],
        [
            48.60785420381815,
            85.00317769851591
        ],
        [
            56.81031648273406,
            76.13886166352316
        ],
        [
            89.15741540511335,
            96.27927548883461
        ],
        [
            90.37937657894945,
            44.2322604178556
        ],
        [
            0.26434221888477216,
            99.66317722125842
        ],
        [
            69.65377360053883,
            9.889939462380593
        ],
        [
            19.01371755079584,
            76.48880969884866
        ],
        [
            57.502328547086904,
            34.65750422424074
        ],
        [
            16.602807566706023,
            59.18502808877362
        ],
        [
            82.62148854589128,
            26.641607639894595
        ],
        [
            16.18699602393986,
            30.756197329416736
        ],
        [
            12.884276789755834,
            91.55815723335913
        ],
        [
            43.44620443115317,
            58.12360903488564
        ],
        [
            61.19368782185558,
            63.935147940214335
        ]
    ],
    "distances": [
        [
            0.0,
            24.54108974266632,
            12.967057219628058,
            42.75643398638465,
            35.21375022551098,
            70.63198448233918,
            54.703360141724296,
            44.00845731922083,
            29.50943162541273,
            44.84317384543759,
            43.01114729928228,
            55.91462304465908,
            55.64916743921264,
            18.67477312181883,
            0.0
        ],
        [
            24.54108974266632,
            0.0,
            12.0771058704173,
            42.08820850302868,
            58.370607136148074,
            50.517430032061284,
            78.00595670570091,
            30.794599959595455,
            51.12532162658149,
            41.120552762757924,
            67.54998283392543,
            63.196890147262884,
            36.31999091355499,
            27.37067481664394,
            24.54108974266632
        ],
        [
            12.967057219628058,
            12.0771058704173,
            0.0,
            38.10473825850256,
            46.31320544718703,
            61.24410688309376,
            67.48239832393281,
            37.798218932235706,
            41.48712927767744,
            43.63572213350867,
            55.822887413260176,
            60.90845907720915,
            46.55374999910384,
            22.430978984450068,
            12.967057219628058
        ],
        [
            42.75643398638465,
            42.08820850302868,
            38.10473825850256,
            0.0,
            52.06135771288605,
            88.95745753688608,
            88.56358971232328,
            72.88210263749525,
            69.27688804915479,
            81.48714198425424,
            69.94371396593404,
            98.07117760152329,
            76.4191116921659,
            59.54300707262696,
            42.75643398638465
        ],
        [
            35.21375022551098,
            58.370607136148074,
            46.31320544718703,
            52.06135771288605,
            0.0,
            105.79842132745367,
            40.11166448089085,
            78.31693469512079,
            34.24290062854727,
            75.27660590275552,
            19.225397054111895,
            75.4063234005143,
            90.80325435097997,
            48.945808954950806,
            35.21375022551098
        ],
        [
            70.63198448233918,
            50.517430032061284,
            61.24410688309376,
            88.95745753688608,
            105.79842132745367,
            0.0,
            113.46421200176417,
            29.809233223962604,
            86.61365135302084,
            43.65118563239303,
            110.06747555592396,
            70.72271758077676,
            14.99846984119759,
            59.91835235743426,
            70.63198448233918
        ],
        [
            54.703360141724296,
            78.00595670570091,
            67.48239832393281,
            88.56358971232328,
            40.11166448089085,
            113.46421200176417,
            0.0,
            83.66495558771918,
            27.587857494194754,
            72.41830403845995,
            21.184428659594595,
            57.39422463801697,
            99.46091474562998,
            54.893747933601084,
            54.703360141724296
        ],
        [
            44.00845731922083,
            30.794599959595455,
            37.798218932235706,
            72.88210263749525,
            78.31693469512079,
            29.809233223962604,
            83.66495558771918,
            0.0,
            56.84392046766109,
            17.470928566065254,
            80.81269754234603,
            45.819888571701135,
            16.268229134080805,
            30.5651273608742,
            44.00845731922083
        ],
        [
            29.50943162541273,
            51.12532162658149,
            41.48712927767744,
            69.27688804915479,
            34.24290062854727,
            86.61365135302084,
            27.587857494194754,
            56.84392046766109,
            0.0,
            47.69035797045191,
            26.36715375417806,
            41.499119231446514,
            72.30805526000522,
            27.353842511550468,
            29.50943162541273
        ],
        [
            44.84317384543759,
            41.120552762757924,
            43.63572213350867,
            81.48714198425424,
            75.27660590275552,
            43.65118563239303,
            72.41830403845995,
            17.470928566065254,
            47.69035797045191,
            0.0,
            73.60394318746758,
            28.43187151038872,
            32.58599333687922,
            26.864373538762585,
            44.84317384543759
        ],
        [
            43.01114729928228,
            67.54998283392543,
            55.822887413260176,
            69.94371396593404,
            19.225397054111895,
            110.06747555592396,
            21.184428659594595,
            80.81269754234603,
            26.36715375417806,
            73.60394318746758,
            0.0,
            66.5617881743147,
            95.27558509209386,
            50.25752975728781,
            43.01114729928228
        ],
        [
            55.91462304465908,
            63.196890147262884,
            60.90845907720915,
            98.07117760152329,
            75.4063234005143,
            70.72271758077676,
            57.39422463801697,
            45.819888571701135,
            41.499119231446514,
            28.43187151038872,
            66.5617881743147,
            0.0,
            60.89159451435368,
            38.62692929090436,
            55.91462304465908
        ],
        [
            55.64916743921264,
            36.31999091355499,
            46.55374999910384,
            76.4191116921659,
            90.80325435097997,
            14.99846984119759,
            99.46091474562998,
            16.268229134080805,
            72.30805526000522,
            32.58599333687922,
            95.27558509209386,
            60.89159451435368,
            0.0,
            45.29790761607045,
            55.64916743921264
        ],
        [
            18.67477312181883,
            27.37067481664394,
            22.430978984450068,
            59.54300707262696,
            48.945808954950806,
            59.91835235743426,
            54.893747933601084,
            30.5651273608742,
            27.353842511550468,
            26.864373538762585,
            50.25752975728781,
            38.62692929090436,
            45.29790761607045,
            0.0,
            18.67477312181883
        ],
        [
            0.0,
            24.54108974266632,
            12.967057219628058,
            42.75643398638465,
            35.21375022551098,
            70.63198448233918,
            54.703360141724296,
            44.00845731922083,
            29.50943162541273,
            44.84317384543759,
            43.01114729928228,
            55.91462304465908,
            55.64916743921264,
            18.67477312181883,
            0.0
        ]
    ],
    "scores_ave": [
        0,
        10.328428082573867,
        16.690696789978876,
        12.95769007401043,
        17.72486089063493,
        10.649311784023695,
        17.076806013305852,
        18.482483872043566,
        17.730724499029876,
        17.705803758431433,
        11.868843043245006,
        16.351667879223903,
        18.54119148394598,
        17.63559530738337,
        0
    ],
    "scores_var": [
        0,
        251.00232163962957,
        21.456799328185166,
        21.129880113059127,
        267.7554637987006,
        322.9547718753052,
        257.7471047588802,
        244.38864952627927,
        294.1524539039537,
        22.426327497258868,
        18.21328258420913,
        22.99977414669918,
        21.708902896693907,
        369.6039520597715,
        0
    ],
    "vertex_number": 15,
    "minimum_distances": {
        "cost": 384.0825131430122,
        "path": [
            0,
            8,
            6,
            10,
            4,
            3,
            2,
            1,
            12,
            5,
            7,
            9,
            11,
            13,
            14
        ]
    }
}