{
    "vertices": [
        [
            53.80598950095414,
            15.512803413824038
        ],
        [
            62.32351012570181,
            70.87325246629159
        ],
        [
            33.89275341665488,
            96.56140594374654
        ],
        [
            39.08042949274424,
            0.2174228004638401
        ],
        [
            27.261211368392225,
            66.96089830276892
        ],
        [
            16.657901057454783,
            44.68425414803331
        ],
        [
            22.147426659028348,
            10.152435746800915
        ],
        [
            57.22339179709288,
            97.37712629636128
        ],
        [
            35.053378700209095,
            54.73864835078251
        ],
        [
            72.86554410194339,
            87.94587877337173
        ],
        [
            74.23022067975664,
            85.33070230408065
        ],
        [
            7.765527818110895,
            21.454982764281084
        ],
        [
            81.46704148090298,
            92.5553230135838
        ],
        [
            49.18142908005434,
            72.0245837370916
        ],
        [
            32.73740128288676,
            15.319562435075795
        ],
        [
            32.10353127099433,
            90.40757594846444
        ],
        [
            91.97355561064313,
            73.79409725011121
        ],
        [
            72.65997431954071,
            0.5457015847693425
        ],
        [
            53.80598950095414,
            15.512803413824038
        ]
    ],
    "distances": [
        [
            0.0,
            56.01185121814719,
            83.45904949975406,
            21.231834251023763,
            57.892414993752105,
            47.23297590608122,
            32.10915979501537,
            81.9356210659928,
            43.477894646159335,
            74.89871178885527,
            72.7439909868524,
            46.42233952960961,
            81.8577035038047,
            56.70068671887321,
            21.069474402043237,
            77.97578884653028,
            69.6668666868916,
            24.072533740775715,
            0.0
        ],
        [
            56.01185121814719,
            0.0,
            38.31695650923097,
            74.38069012234716,
            35.279899507335145,
            52.64229748489041,
            72.8088955128636,
            26.990119209926913,
            31.685730509613435,
            20.06512021836492,
            18.729324921903284,
            73.61208334109321,
            28.9238133026288,
            13.192416681771705,
            62.94084772660203,
            35.98384242802784,
            29.793565270209868,
            71.08309858907118,
            56.01185121814719
        ],
        [
            83.45904949975406,
            38.31695650923097,
            0.0,
            96.48354818819409,
            30.33426119986194,
            54.66515356494388,
            87.20357120634483,
            23.344894236908353,
            41.838858776604496,
            39.91372849312348,
            41.87170846100994,
            79.52110864600768,
            47.74266001453418,
            28.91019279668708,
            81.25005830915045,
            6.408661287457448,
            62.38373128186927,
            103.54667015449438,
            83.45904949975406
        ],
        [
            21.231834251023763,
            74.38069012234716,
            96.48354818819409,
            0.0,
            67.78189610211425,
            49.80028987390084,
            19.632398406983178,
            98.8391373120371,
            54.66974641970072,
            94.00912698534734,
            92.08571098900943,
            37.83724382283528,
            101.60173567219618,
            72.51412658538749,
            16.380129071969034,
            90.45960885199791,
            90.61572608324313,
            33.5811494403491,
            21.231834251023763
        ],
        [
            57.892414993752105,
            35.279899507335145,
            30.33426119986194,
            67.78189610211425,
            0.0,
            24.67142201711828,
            57.03816452189309,
            42.695189206750264,
            14.494870320767479,
            50.20084231787378,
            50.433496158184845,
            49.50626249363508,
            59.94452931222288,
            22.497485519596125,
            51.930879312596865,
            23.941486057893197,
            65.07211465122019,
            80.44890324041188,
            57.892414993752105
        ],
        [
            47.23297590608122,
            52.64229748489041,
            54.66515356494388,
            49.80028987390084,
            24.67142201711828,
            0.0,
            34.9654311202654,
            66.49885573592752,
            20.963884193759288,
            70.92860707669604,
            70.47485888169432,
            24.873145174018692,
            80.57210383722462,
            42.4885101771662,
            33.478880609971156,
            48.2616788887331,
            80.74546913730079,
            71.30528754610037,
            47.23297590608122
        ],
        [
            32.10915979501537,
            72.8088955128636,
            87.20357120634483,
            19.632398406983178,
            57.03816452189309,
            34.9654311202654,
            0.0,
            94.01313723003442,
            46.41652671685705,
            92.86628675079908,
            91.4570346969713,
            18.291708049078757,
            101.53350448259775,
            67.52036717785583,
            11.783325538516179,
            80.87033787386497,
            94.47724256808866,
            51.41796196287322,
            32.10915979501537
        ],
        [
            81.9356210659928,
            26.990119209926913,
            23.344894236908353,
            98.8391373120371,
            42.695189206750264,
            66.49885573592752,
            94.01313723003442,
            0.0,
            48.057770258633575,
            18.265414273101953,
            20.8410306761926,
            90.61044193617683,
            24.71850191433755,
            26.597454362435105,
            85.6329814867539,
            26.068794082245404,
            41.99682302347229,
            98.0541324557463,
            81.9356210659928
        ],
        [
            43.477894646159335,
            31.685730509613435,
            41.838858776604496,
            54.66974641970072,
            14.494870320767479,
            20.963884193759288,
            46.41652671685705,
            48.057770258633575,
            0.0,
            50.32375189418061,
            49.706123491698115,
            43.03985595512242,
            59.86926569845438,
            22.324994282532263,
            39.48706225876286,
            35.79069705697726,
            60.02513367140498,
            65.96310721350132,
            43.477894646159335
        ],
        [
            74.89871178885527,
            20.06512021836492,
            39.91372849312348,
            94.00912698534734,
            50.20084231787378,
            70.92860707669604,
            92.86628675079908,
            18.265414273101953,
            50.32375189418061,
            0.0,
            2.949828830214711,
            93.05402394441072,
            9.758726011312797,
            28.538131333399328,
            82.97499425114073,
            40.83627851570604,
            23.777910423304654,
            87.40041894370147,
            74.89871178885527
        ],
        [
            72.7439909868524,
            18.729324921903284,
            41.87170846100994,
            92.08571098900943,
            50.433496158184845,
            70.47485888169432,
            91.4570346969713,
            20.8410306761926,
            49.706123491698115,
            2.949828830214711,
            0.0,
            92.18276923547066,
            10.225786996807933,
            28.363616693293665,
            81.38312950027556,
            42.4315048819078,
            21.164101460749283,
            84.79954021458718,
            72.7439909868524
        ],
        [
            46.42233952960961,
            73.61208334109321,
            79.52110864600768,
            37.83724382283528,
            49.50626249363508,
            24.873145174018692,
            18.291708049078757,
            90.61044193617683,
            43.03985595512242,
            93.05402394441072,
            92.18276923547066,
            0.0,
            102.40689185671707,
            65.36483320477707,
            25.714545435546828,
            73.12180604235685,
            99.14824683204799,
            68.1798153867464,
            46.42233952960961
        ],
        [
            81.8577035038047,
            28.9238133026288,
            47.74266001453418,
            101.60173567219618,
            59.94452931222288,
            80.57210383722462,
            101.53350448259775,
            24.71850191433755,
            59.86926569845438,
            9.758726011312797,
            10.225786996807933,
            102.40689185671707,
            0.0,
            38.26058054103636,
            91.3232749411054,
            49.41021106714162,
            21.502800545659568,
            92.43016210879702,
            81.8577035038047
        ],
        [
            56.70068671887321,
            13.192416681771705,
            28.91019279668708,
            72.51412658538749,
            22.497485519596125,
            42.4885101771662,
            67.52036717785583,
            26.597454362435105,
            22.324994282532263,
            28.538131333399328,
            28.363616693293665,
            65.36483320477707,
            38.26058054103636,
            0.0,
            59.041218576991504,
            25.091612068978172,
            42.82869681746901,
            75.23611287346111,
            56.70068671887321
        ],
        [
            21.069474402043237,
            62.94084772660203,
            81.25005830915045,
            16.380129071969034,
            51.930879312596865,
            33.478880609971156,
            11.783325538516179,
            85.6329814867539,
            39.48706225876286,
            82.97499425114073,
            81.38312950027556,
            25.714545435546828,
            91.3232749411054,
            59.041218576991504,
            0.0,
            75.09068893397378,
            83.23576876185237,
            42.56851891117645,
            21.069474402043237
        ],
        [
            77.97578884653028,
            35.98384242802784,
            6.408661287457448,
            90.45960885199791,
            23.941486057893197,
            48.2616788887331,
            80.87033787386497,
            26.068794082245404,
            35.79069705697726,
            40.83627851570604,
            42.4315048819078,
            73.12180604235685,
            49.41021106714162,
            25.091612068978172,
            75.09068893397378,
            0.0,
            62.13233851136441,
            98.58996671521147,
            77.97578884653028
        ],
        [
            69.6668666868916,
            29.793565270209868,
            62.38373128186927,
            90.61572608324313,
            65.07211465122019,
            80.74546913730079,
            94.47724256808866,
            41.99682302347229,
            60.02513367140498,
            23.777910423304654,
            21.164101460749283,
            99.14824683204799,
            21.502800545659568,
            42.82869681746901,
            83.23576876185237,
            62.13233851136441,
            0.0,
            75.75184413487564,
            69.6668666868916
        ],
        [
            24.072533740775715,
            71.08309858907118,
            103.54667015449438,
            33.5811494403491,
            80.44890324041188,
            71.30528754610037,
            51.41796196287322,
            98.0541324557463,
            65.96310721350132,
            87.40041894370147,
            84.79954021458718,
            68.1798153867464,
            92.43016210879702,
            75.23611287346111,
            42.56851891117645,
            98.58996671521147,
            75.75184413487564,
            0.0,
            24.072533740775715
        ],
        [
            0.0,
            56.01185121814719,
            83.45904949975406,
            21.231834251023763,
            57.892414993752105,
            47.23297590608122,
            32.10915979501537,
            81.9356210659928,
            43.477894646159335,
            74.89871178885527,
            72.7439909868524,
            46.42233952960961,
            81.8577035038047,
            56.70068671887321,
            21.069474402043237,
            77.97578884653028,
            69.6668666868916,
            24.072533740775715,
            0.0
        ]
    ],
    "scores_ave": [
        0,
        19.82682630150844,
        11.66891584479676,
        15.111304596799783,
        18.748647135646898,
        11.517098808607122,
        17.58512508084624,
        19.74251064260892,
        11.02023270537787,
        18.372919241622018,
        13.116951985414097,
        15.414853584405188,
        13.78432558152173,
        10.98127603539178,
        10.826432217023076,
        12.050331651371202,
        15.49577115906203,
        11.98083665721613,
        0
    ],
    "scores_var": [
        0,
        332.8598902064544,
        225.3862510285016,
        338.5286267464634,
        344.4953991898233,
        20.897392626658927,
        21.12414068134013,
        16.70847204336275,
        24.02242998124212,
        315.0044119115559,
        22.29147465254932,
        20.072201668682442,
        284.5331718079331,
        289.4753606683742,
        386.4437404460128,
        303.2734809761231,
        21.595809623585563,
        16.806133837180134,
        0
    ],
    "vertex_number": 19,
    "minimum_distances": {
        "cost": 385.11672710674185,
        "path": [
            0,
            17,
            16,
            12,
            9,
            10,
            1,
            7,
            2,
            15,
            13,
            4,
            8,
            5,
            11,
            6,
            14,
            3,
            18
        ]
    }
}