{
    "vertices": [
        [
            6.3094959606324945,
            39.09063377622006
        ],
        [
            2.8099298387675997,
            85.81237660340116
        ],
        [
            71.26956535863607,
            78.47685895204481
        ],
        [
            58.567695747258675,
            22.613270580279664
        ],
        [
            89.55195024860177,
            88.77778556854251
        ],
        [
            54.3737578970795,
            93.5235489435116
        ],
        [
            85.76428057998989,
            78.56712622876107
        ],
        [
            78.4548770224904,
            82.44431138804272
        ],
        [
            6.797195860629923,
            36.75449941179642
        ],
        [
            59.814519507585594,
            22.4254591387795
        ],
        [
            50.997912227290435,
            64.99711607877323
        ],
        [
            71.03890537932203,
            58.24566548238999
        ],
        [
            23.959170614012105,
            68.93993757255772
        ],
        [
            68.04795181095501,
            98.66176780656008
        ],
        [
            31.79098170601756,
            86.67965511148353
        ],
        [
            47.72410208213322,
            4.720817985336534
        ],
        [
            79.53411951546036,
            41.689618279685256
        ],
        [
            6.3094959606324945,
            39.09063377622006
        ]
    ],
    "distances": [
        [
            0.0,
            46.85262229428096,
            75.96765989415637,
            54.794369627087306,
            96.9438974310294,
            72.61622084014662,
            88.72122776012515,
            84.16945628332488,
            2.386498472888378,
            56.0403032687761,
            51.6546258694669,
            67.50416048923732,
            34.67696573370007,
            85.79252263713288,
            53.98167344053372,
            53.81871270941281,
            73.27073232331928,
            0.0
        ],
        [
            46.85262229428096,
            0.0,
            68.85151788251729,
            84.27962660826068,
            86.79269413441796,
            52.13722799388204,
            83.27015047355775,
            75.71989103084552,
            49.219646533428815,
            85.24919089925176,
            52.49149185710691,
            73.58747628056594,
            27.0549364112872,
            66.49140068561817,
            28.994025925055904,
            92.69910327189648,
            88.5066047458503,
            46.85262229428096
        ],
        [
            75.96765989415637,
            68.85151788251729,
            0.0,
            57.28942308484566,
            20.98462976617212,
            22.624570481609098,
            14.49499629283815,
            8.207885387761376,
            76.79480265156744,
            57.20994228695032,
            24.344268085262108,
            20.23250832775464,
            48.26205880700346,
            20.440385008988727,
            40.32176127167686,
            77.4231387893044,
            37.70416332047678,
            75.96765989415637
        ],
        [
            54.794369627087306,
            84.27962660826068,
            57.28942308484566,
            0.0,
            73.06002375195384,
            71.03419382411688,
            62.213247692875186,
            63.0496108093788,
            53.667112940577944,
            1.260889617244161,
            43.05452336026212,
            37.75180308471116,
            57.82655174322593,
            76.63712667766734,
            69.43697892151182,
            20.92183986738824,
            28.34603970886285,
            54.794369627087306
        ],
        [
            96.9438974310294,
            86.79269413441796,
            20.98462976617212,
            73.06002375195384,
            0.0,
            35.49686587759401,
            10.89054661950393,
            12.777242636059452,
            97.74851239973033,
            72.71138844581748,
            45.29827909678649,
            35.70634659674948,
            68.52702352578608,
            23.666749960392977,
            57.7990626082486,
            93.8889912690582,
            48.142002775344515,
            96.9438974310294
        ],
        [
            72.61622084014662,
            52.13722799388204,
            22.624570481609098,
            71.03419382411688,
            35.49686587759401,
            0.0,
            34.77153282109687,
            26.50754238217384,
            74.06925299976007,
            71.3059623088007,
            28.725488785617884,
            39.01610183118468,
            39.10755767926984,
            14.607699075448442,
            23.597047766186044,
            89.05135006324875,
            57.61770704245397,
            72.61622084014662
        ],
        [
            88.72122776012515,
            83.27015047355775,
            14.49499629283815,
            62.213247692875186,
            10.89054661950393,
            34.77153282109687,
            0.0,
            8.274052521330773,
            89.35377009622663,
            61.84882281302683,
            37.32084596986455,
            25.09578533672028,
            62.55041470149287,
            26.78923151553141,
            54.57957599883081,
            83.06823954636131,
            37.4000735216407,
            88.72122776012515
        ],
        [
            84.16945628332488,
            75.71989103084552,
            8.207885387761376,
            63.0496108093788,
            12.777242636059452,
            26.50754238217384,
            8.274052521330773,
            0.0,
            84.98459971029806,
            62.846842033648414,
            32.53136240498767,
            25.30950610105699,
            56.14401240655515,
            19.26940541493174,
            46.85570683025094,
            83.57823852627786,
            40.768980545446944,
            84.16945628332488
        ],
        [
            2.386498472888378,
            49.219646533428815,
            76.79480265156744,
            53.667112940577944,
            97.74851239973033,
            74.06925299976007,
            89.35377009622663,
            84.98459971029806,
            0.0,
            54.91955937397701,
            52.453300406397375,
            67.74117994955394,
            36.475139575276714,
            87.087111472293,
            55.83198458341867,
            51.97276593174204,
            72.90415256354623,
            2.386498472888378
        ],
        [
            56.0403032687761,
            85.24919089925176,
            57.20994228695032,
            1.260889617244161,
            72.71138844581748,
            71.3059623088007,
            61.84882281302683,
            62.846842033648414,
            54.91955937397701,
            0.0,
            43.475033508342115,
            37.537634724319936,
            58.72991357261051,
            76.6796202832492,
            70.09936070332287,
            21.439041767156215,
            27.567561587429477,
            56.0403032687761
        ],
        [
            51.6546258694669,
            52.49149185710691,
            24.344268085262108,
            43.05452336026212,
            45.29827909678649,
            28.725488785617884,
            37.32084596986455,
            32.53136240498767,
            52.453300406397375,
            43.475033508342115,
            0.0,
            21.147659248133845,
            27.32470291442303,
            37.73609181881069,
            28.966164381119032,
            60.36513848833094,
            36.84500753220025,
            51.6546258694669
        ],
        [
            67.50416048923732,
            73.58747628056594,
            20.23250832775464,
            37.75180308471116,
            35.70634659674948,
            39.01610183118468,
            25.09578533672028,
            25.30950610105699,
            67.74117994955394,
            37.537634724319936,
            21.147659248133845,
            0.0,
            48.27907291063564,
            40.526622488506426,
            48.46536163996852,
            58.38226916084571,
            18.608368069151894,
            67.50416048923732
        ],
        [
            34.67696573370007,
            27.0549364112872,
            48.26205880700346,
            57.82655174322593,
            68.52702352578608,
            39.10755767926984,
            62.55041470149287,
            56.14401240655515,
            36.475139575276714,
            58.72991357261051,
            27.32470291442303,
            48.27907291063564,
            0.0,
            53.17149442972957,
            19.3916178629255,
            68.47530422161196,
            61.89632337192639,
            34.67696573370007
        ],
        [
            85.79252263713288,
            66.49140068561817,
            20.440385008988727,
            76.63712667766734,
            23.666749960392977,
            14.607699075448442,
            26.78923151553141,
            19.26940541493174,
            87.087111472293,
            76.6796202832492,
            37.73609181881069,
            40.526622488506426,
            53.17149442972957,
            0.0,
            38.185585052842164,
            96.11431173926893,
            58.118481314024415,
            85.79252263713288
        ],
        [
            53.98167344053372,
            28.994025925055904,
            40.32176127167686,
            69.43697892151182,
            57.7990626082486,
            23.597047766186044,
            54.57957599883081,
            46.85570683025094,
            55.83198458341867,
            70.09936070332287,
            28.966164381119032,
            48.46536163996852,
            19.3916178629255,
            38.185585052842164,
            0.0,
            83.49320516060024,
            65.60114802362845,
            53.98167344053372
        ],
        [
            53.81871270941281,
            92.69910327189648,
            77.4231387893044,
            20.92183986738824,
            93.8889912690582,
            89.05135006324875,
            83.06823954636131,
            83.57823852627786,
            51.97276593174204,
            21.439041767156215,
            60.36513848833094,
            58.38226916084571,
            68.47530422161196,
            96.11431173926893,
            83.49320516060024,
            0.0,
            48.7705792903059,
            53.81871270941281
        ],
        [
            73.27073232331928,
            88.5066047458503,
            37.70416332047678,
            28.34603970886285,
            48.142002775344515,
            57.61770704245397,
            37.4000735216407,
            40.768980545446944,
            72.90415256354623,
            27.567561587429477,
            36.84500753220025,
            18.608368069151894,
            61.89632337192639,
            58.118481314024415,
            65.60114802362845,
            48.7705792903059,
            0.0,
            73.27073232331928
        ],
        [
            0.0,
            46.85262229428096,
            75.96765989415637,
            54.794369627087306,
            96.9438974310294,
            72.61622084014662,
            88.72122776012515,
            84.16945628332488,
            2.386498472888378,
            56.0403032687761,
            51.6546258694669,
            67.50416048923732,
            34.67696573370007,
            85.79252263713288,
            53.98167344053372,
            53.81871270941281,
            73.27073232331928,
            0.0
        ]
    ],
    "scores_ave": [
        0,
        14.827261092070696,
        11.854538013637525,
        10.22463462499606,
        10.982755642861045,
        18.527414005547993,
        14.437346860472939,
        16.975362124881244,
        14.515955085813939,
        14.886217055642977,
        18.75852598450086,
        14.566134441398493,
        18.208542278600632,
        14.480400430372338,
        17.575618970272075,
        18.81325206842024,
        11.260556709288748,
        0
    ],
    "scores_var": [
        0,
        295.028097828937,
        22.040110396630944,
        241.49011717660164,
        24.43396460496745,
        336.1693742064907,
        24.939326258095782,
        23.067797351465146,
        22.24068071811044,
        334.7506878978022,
        297.93663923993756,
        24.161893081633767,
        19.090579432429607,
        19.598717266956317,
        22.29729540395585,
        19.488087819165486,
        382.5776854897707,
        0
    ],
    "vertex_number": 18,
    "minimum_distances": {
        "cost": 354.572716754251,
        "path": [
            0,
            8,
            15,
            3,
            9,
            16,
            11,
            10,
            2,
            6,
            4,
            7,
            13,
            5,
            14,
            1,
            12,
            17
        ]
    }
}