{
    "vertices": [
        [
            30.086334252719315,
            78.60512829463872
        ],
        [
            34.47532983389574,
            56.18471363010956
        ],
        [
            62.729989026093946,
            35.18277066879806
        ],
        [
            51.027123519372374,
            17.65038797512676
        ],
        [
            12.25060863554398,
            60.440918757413776
        ],
        [
            14.105879748345252,
            47.394836762410506
        ],
        [
            32.319354876290326,
            32.82096517143703
        ],
        [
            15.964691265341147,
            45.484075654556364
        ],
        [
            18.06065345094492,
            56.54531933835255
        ],
        [
            79.76769286765199,
            21.802049432389047
        ],
        [
            44.34479140866393,
            76.51552258617437
        ],
        [
            91.96378802190306,
            17.05661136342198
        ],
        [
            1.7558701642850227,
            18.917680125489245
        ],
        [
            40.044270639979274,
            3.6223644486864215
        ],
        [
            6.384056373158575,
            60.97824025218724
        ],
        [
            12.229188860070606,
            91.31111625371805
        ],
        [
            2.7695663663541814,
            57.45407668950237
        ],
        [
            84.06033064529692,
            35.332635300090644
        ],
        [
            84.16430983235573,
            67.82234178676379
        ],
        [
            30.086334252719315,
            78.60512829463872
        ]
    ],
    "distances": [
        [
            0.0,
            22.84596848332371,
            54.32411378706207,
            64.4515090787602,
            25.45685794443961,
            35.06361680849603,
            45.83858608200339,
            36.00590130312076,
            25.124732236065896,
            75.46407862060268,
            14.410761689957786,
            87.27565079327535,
            66.06971064270654,
            75.6410957817942,
            29.5381982988305,
            21.91619883990981,
            34.54812283989812,
            69.17876073296769,
            55.14250563463872,
            0.0
        ],
        [
            22.84596848332371,
            0.0,
            35.20521799701647,
            41.93871872018565,
            22.628599480086187,
            22.185049743848758,
            23.4630128086302,
            21.38100543238115,
            16.418636887202936,
            56.86445063934744,
            22.599735940577506,
            69.54086001644376,
            49.59228596572027,
            52.8565384145757,
            28.497325174873584,
            41.578299021282135,
            31.731163225388446,
            53.7910910481271,
            51.03360777370053,
            22.84596848332371
        ],
        [
            54.32411378706207,
            35.20521799701647,
            0.0,
            21.07940947905701,
            56.445920042818706,
            50.134205502124054,
            30.502209667507156,
            47.886427712468596,
            49.51472534897431,
            21.663957463933702,
            45.237284097250246,
            34.39727685284464,
            63.106230606462596,
            38.86773802876317,
            61.969915100447615,
            75.50312573336836,
            63.962984275301714,
            21.330868078904214,
            39.04832533144654,
            54.32411378706207
        ],
        [
            64.4515090787602,
            41.93871872018565,
            21.07940947905701,
            0.0,
            57.74640795032725,
            47.412134261800055,
            24.085826123932165,
            44.76704508234334,
            50.98631026582105,
            29.038881165068787,
            59.243207502755624,
            40.9409705705344,
            49.28754849427568,
            17.81596198437673,
            62.211785275493654,
            83.2537243873204,
            62.55497947923674,
            37.4680483009914,
            60.12734873598212,
            64.4515090787602
        ],
        [
            25.45685794443961,
            22.628599480086187,
            56.445920042818706,
            57.74640795032725,
            0.0,
            13.177339880353067,
            34.141124934116924,
            15.411085795116916,
            6.995163728659788,
            77.7915090862872,
            35.894699554753686,
            90.75455413332288,
            42.82894911229871,
            63.25216013189265,
            5.891107691771124,
            30.870204927528622,
            9.94039174523866,
            76.07274198614955,
            72.29153356903242,
            25.45685794443961
        ],
        [
            35.06361680849603,
            22.185049743848758,
            50.134205502124054,
            47.412134261800055,
            13.177339880353067,
            0.0,
            23.32656017046786,
            2.6657434735931678,
            9.968528798744217,
            70.47314712310265,
            41.981020964799306,
            83.55992939856743,
            31.039832261952192,
            50.88054102014782,
            15.624833010424725,
            43.956359870316525,
            15.155867147923573,
            70.98677274261462,
            72.9757945304891,
            35.06361680849603
        ],
        [
            45.83858608200339,
            23.4630128086302,
            30.502209667507156,
            24.085826123932165,
            34.141124934116924,
            23.32656017046786,
            0.0,
            20.684037056024437,
            27.679514933871022,
            48.71099754887733,
            45.31915126592646,
            61.69257051092737,
            33.577193641069194,
            30.203188701239846,
            38.28148179498261,
            61.84426039809458,
            38.47051057684831,
            51.80190209214424,
            62.5539424765889,
            45.83858608200339
        ],
        [
            36.00590130312076,
            21.38100543238115,
            47.886427712468596,
            44.76704508234334,
            15.411085795116916,
            2.6657434735931678,
            20.684037056024437,
            0.0,
            11.258071296443363,
            68.05631035732029,
            42.05211983735011,
            81.14174901884344,
            30.127462031984294,
            48.29315694736839,
            18.216961917833174,
            45.979034660342705,
            17.815505770998314,
            68.84815062029813,
            71.76479712560752,
            36.00590130312076
        ],
        [
            25.124732236065896,
            16.418636887202936,
            49.51472534897431,
            50.98631026582105,
            6.995163728659788,
            9.968528798744217,
            27.679514933871022,
            11.258071296443363,
            0.0,
            70.81563045919785,
            33.010073098066876,
            83.79159478696234,
            41.00835513353775,
            57.307229726864676,
            12.489744078454194,
            35.25147676956327,
            15.318067245961759,
            69.32485379620933,
            67.05866552723522,
            25.124732236065896
        ],
        [
            75.46407862060268,
            56.86445063934744,
            21.663957463933702,
            29.038881165068787,
            77.7915090862872,
            70.47314712310265,
            48.71099754887733,
            68.05631035732029,
            70.81563045919785,
            0.0,
            65.17933792486055,
            13.086784153410198,
            78.06512709142378,
            43.68582401173892,
            83.1861288455304,
            96.91728377309214,
            84.85150872112888,
            14.195192602191439,
            46.22983397240837,
            75.46407862060268
        ],
        [
            14.410761689957786,
            22.599735940577506,
            45.237284097250246,
            59.243207502755624,
            35.894699554753686,
            41.981020964799306,
            45.31915126592646,
            42.05211983735011,
            33.010073098066876,
            65.17933792486055,
            0.0,
            76.17697133810736,
            71.63328603998153,
            73.01990812195474,
            41.01736884250222,
            35.35988573276606,
            45.73661615150877,
            57.21323502542756,
            40.75739736423281,
            14.410761689957786
        ],
        [
            87.27565079327535,
            69.54086001644376,
            34.39727685284464,
            40.9409705705344,
            90.75455413332288,
            83.55992939856743,
            61.69257051092737,
            81.14174901884344,
            83.79159478696234,
            13.086784153410198,
            76.17697133810736,
            0.0,
            90.22711355875187,
            53.629425461568836,
            96.19251505867562,
            108.9556689667917,
            97.91610889690752,
            19.91174752344746,
            51.361378928574695,
            87.27565079327535
        ],
        [
            66.06971064270654,
            49.59228596572027,
            63.106230606462596,
            49.28754849427568,
            42.82894911229871,
            31.039832261952192,
            33.577193641069194,
            30.127462031984294,
            41.00835513353775,
            78.06512709142378,
            71.63328603998153,
            90.22711355875187,
            0.0,
            41.230429207567006,
            42.31442810384638,
            73.1471120342795,
            38.549726848954094,
            83.92541312650549,
            95.82701529699119,
            66.06971064270654
        ],
        [
            75.6410957817942,
            52.8565384145757,
            38.86773802876317,
            17.81596198437673,
            63.25216013189265,
            50.88054102014782,
            30.203188701239846,
            48.29315694736839,
            57.307229726864676,
            43.68582401173892,
            73.01990812195474,
            53.629425461568836,
            41.230429207567006,
            0.0,
            66.5034323450669,
            91.99454314005503,
            65.47714732228503,
            54.24900751037884,
            77.89874805506493,
            75.6410957817942
        ],
        [
            29.5381982988305,
            28.497325174873584,
            61.969915100447615,
            62.211785275493654,
            5.891107691771124,
            15.624833010424725,
            38.28148179498261,
            18.216961917833174,
            12.489744078454194,
            83.1861288455304,
            41.01736884250222,
            96.19251505867562,
            42.31442810384638,
            66.5034323450669,
            0.0,
            30.890920030225683,
            5.048194412445358,
            81.80037064805674,
            78.08078863582607,
            29.5381982988305
        ],
        [
            21.91619883990981,
            41.578299021282135,
            75.50312573336836,
            83.2537243873204,
            30.870204927528622,
            43.956359870316525,
            61.84426039809458,
            45.979034660342705,
            35.25147676956327,
            96.91728377309214,
            35.35988573276606,
            108.9556689667917,
            73.1471120342795,
            91.99454314005503,
            30.890920030225683,
            0.0,
            35.153713683997765,
            91.06757523973563,
            75.67287595470874,
            21.91619883990981
        ],
        [
            34.54812283989812,
            31.731163225388446,
            63.962984275301714,
            62.55497947923674,
            9.94039174523866,
            15.155867147923573,
            38.47051057684831,
            17.815505770998314,
            15.318067245961759,
            84.85150872112888,
            45.73661615150877,
            97.91610889690752,
            38.549726848954094,
            65.47714732228503,
            5.048194412445358,
            35.153713683997765,
            0.0,
            84.24693778529763,
            82.0524538635091,
            34.54812283989812
        ],
        [
            69.17876073296769,
            53.7910910481271,
            21.330868078904214,
            37.4680483009914,
            76.07274198614955,
            70.98677274261462,
            51.80190209214424,
            68.84815062029813,
            69.32485379620933,
            14.195192602191439,
            57.21323502542756,
            19.91174752344746,
            83.92541312650549,
            54.24900751037884,
            81.80037064805674,
            91.06757523973563,
            84.24693778529763,
            0.0,
            32.48987287235074,
            69.17876073296769
        ],
        [
            55.14250563463872,
            51.03360777370053,
            39.04832533144654,
            60.12734873598212,
            72.29153356903242,
            72.9757945304891,
            62.5539424765889,
            71.76479712560752,
            67.05866552723522,
            46.22983397240837,
            40.75739736423281,
            51.361378928574695,
            95.82701529699119,
            77.89874805506493,
            78.08078863582607,
            75.67287595470874,
            82.0524538635091,
            32.48987287235074,
            0.0,
            55.14250563463872
        ],
        [
            0.0,
            22.84596848332371,
            54.32411378706207,
            64.4515090787602,
            25.45685794443961,
            35.06361680849603,
            45.83858608200339,
            36.00590130312076,
            25.124732236065896,
            75.46407862060268,
            14.410761689957786,
            87.27565079327535,
            66.06971064270654,
            75.6410957817942,
            29.5381982988305,
            21.91619883990981,
            34.54812283989812,
            69.17876073296769,
            55.14250563463872,
            0.0
        ]
    ],
    "scores_ave": [
        0,
        10.48843653777747,
        10.657209956102939,
        16.361353353931,
        11.053824155086101,
        17.037705303242436,
        10.564401880471705,
        11.983296677441626,
        16.728175370765587,
        16.681189396265914,
        13.255083170002969,
        19.373176224410123,
        11.676896829959285,
        19.889960233797236,
        10.83435427697725,
        15.382840935925085,
        11.330366832174315,
        11.01317824159413,
        13.006888150879135,
        0
    ],
    "scores_var": [
        0,
        23.870328712627362,
        230.44207666497482,
        311.84415842545803,
        295.6146568000818,
        236.66629833169074,
        21.77197987191578,
        17.670588312164842,
        22.359763510938244,
        230.36849882484452,
        231.56710207772375,
        395.9862384709867,
        299.25560881682804,
        274.40820246733784,
        16.172543645848815,
        257.9950426239857,
        359.93276561723724,
        18.29153881642557,
        323.59059497385743,
        0
    ],
    "vertex_number": 20,
    "minimum_distances": {
        "cost": 388.29267464923066,
        "path": [
            0,
            15,
            14,
            16,
            4,
            8,
            5,
            7,
            1,
            6,
            12,
            13,
            3,
            2,
            9,
            11,
            17,
            18,
            10,
            19
        ]
    }
}