{
    "vertices": [
        [
            93.97614742743644,
            75.88771110254406
        ],
        [
            25.897601948375904,
            98.83137874225568
        ],
        [
            46.48169218346831,
            48.34906271782325
        ],
        [
            41.079986828421745,
            78.77591688915592
        ],
        [
            79.87430423509076,
            86.5540286383687
        ],
        [
            26.255821253288758,
            30.175646301148685
        ],
        [
            57.533249853764154,
            26.738419938098833
        ],
        [
            92.69806253155879,
            20.770440766334975
        ],
        [
            14.555657253873754,
            79.77967226472886
        ],
        [
            76.01329369685881,
            71.08524782889926
        ],
        [
            60.228663671509445,
            33.48374490910281
        ],
        [
            24.477661003270757,
            51.38354072713776
        ],
        [
            98.80488116526645,
            99.26829835822915
        ],
        [
            80.74111576724823,
            63.407507006520056
        ],
        [
            30.505129347486847,
            3.4620874559957326
        ],
        [
            16.185696092955915,
            44.715563747649746
        ],
        [
            93.97614742743644,
            75.88771110254406
        ]
    ],
    "distances": [
        [
            0.0,
            71.84079787492664,
            54.90082361657772,
            52.97495199415072,
            17.681411459398443,
            81.7045619628422,
            61.186089967676345,
            55.132086758219344,
            79.5157947900725,
            18.593756146643262,
            54.193994213298815,
            73.69188544905661,
            23.87401369547152,
            18.191249471232005,
            96.30182291471304,
            83.80368183759846,
            0.0
        ],
        [
            71.84079787492664,
            0.0,
            54.517602680208654,
            25.154052571841863,
            55.35537657104377,
            68.65666696028349,
            78.72870459706265,
            102.7414793148605,
            22.172217506577525,
            57.28377030267884,
            73.81690217443042,
            47.46908009005921,
            72.90858839368968,
            65.28906261197727,
            95.48052696323505,
            54.980383300545995,
            71.84079787492664
        ],
        [
            54.90082361657772,
            54.517602680208654,
            0.0,
            30.90261923375239,
            50.74136340915763,
            27.191155163731807,
            24.2725525706039,
            53.8194507301493,
            44.80128260235108,
            37.26995574656351,
            20.247392391300092,
            22.21228139944476,
            73.01016821942095,
            37.42278515408282,
            47.64547311348665,
            30.513106919528767,
            54.90082361657772
        ],
        [
            52.97495199415072,
            25.154052571841863,
            30.90261923375239,
            0.0,
            39.566375692406105,
            50.81084713155724,
            54.57665208779644,
            77.64702827236815,
            26.54331524571173,
            35.76985210143846,
            49.1736989407113,
            32.030914670142906,
            61.254396776671484,
            42.53461144788935,
            76.05261675070248,
            42.188071386898095,
            52.97495199415072
        ],
        [
            17.681411459398443,
            55.35537657104377,
            50.74136340915763,
            39.566375692406105,
            0.0,
            77.80400833010825,
            63.851622963345214,
            67.02185621246115,
            65.66899989899287,
            15.94335542185987,
            56.589806575550476,
            65.61822385029627,
            22.80393381455621,
            23.16274650998708,
            96.65188109156361,
            76.20167945323993,
            17.681411459398443
        ],
        [
            81.7045619628422,
            68.65666696028349,
            27.191155163731807,
            50.81084713155724,
            77.80400833010825,
            0.0,
            31.46572841884772,
            67.10461472381718,
            50.965215877191596,
            64.41584867974623,
            34.13352513839148,
            21.282308142178625,
            100.1856310175891,
            63.820089973409694,
            27.04941488189471,
            17.686622631125324,
            81.7045619628422
        ],
        [
            61.186089967676345,
            78.72870459706265,
            24.2725525706039,
            54.57665208779644,
            63.851622963345214,
            31.46572841884772,
            0.0,
            35.66764396563072,
            68.26747332411966,
            48.04324265095951,
            7.263929006628717,
            41.231710284187606,
            83.45016965082493,
            43.396163271534874,
            35.669411992900244,
            45.08656009890533,
            61.186089967676345
        ],
        [
            55.132086758219344,
            102.7414793148605,
            53.8194507301493,
            77.64702827236815,
            67.02185621246115,
            67.10461472381718,
            35.66764396563072,
            0.0,
            97.91999236424103,
            53.00906828845839,
            34.86961377129795,
            74.77422733730485,
            78.73504226418055,
            44.28191497095047,
            64.55648714384921,
            80.17176019413152,
            55.132086758219344
        ],
        [
            79.5157947900725,
            22.172217506577525,
            44.80128260235108,
            26.54331524571173,
            65.66899989899287,
            50.965215877191596,
            68.26747332411966,
            97.91999236424103,
            0.0,
            62.069590730312335,
            65.03334840635837,
            30.07966829443476,
            86.47391674189532,
            68.18036897720422,
            77.96639924418157,
            35.101976193861454,
            79.5157947900725
        ],
        [
            18.593756146643262,
            57.28377030267884,
            37.26995574656351,
            35.76985210143846,
            15.94335542185987,
            64.41584867974623,
            48.04324265095951,
            53.00906828845839,
            62.069590730312335,
            0.0,
            40.78023500256737,
            55.173170108776795,
            36.24556243830185,
            9.016651577214756,
            81.51002908396536,
            65.38120275430417,
            18.593756146643262
        ],
        [
            54.193994213298815,
            73.81690217443042,
            20.247392391300092,
            49.1736989407113,
            56.589806575550476,
            34.13352513839148,
            7.263929006628717,
            34.86961377129795,
            65.03334840635837,
            40.78023500256737,
            0.0,
            39.98170684340216,
            76.2609469428921,
            36.279363680235676,
            42.24675619432869,
            45.45257690766779,
            54.193994213298815
        ],
        [
            73.69188544905661,
            47.46908009005921,
            22.21228139944476,
            32.030914670142906,
            65.61822385029627,
            21.282308142178625,
            41.231710284187606,
            74.77422733730485,
            30.07966829443476,
            55.173170108776795,
            39.98170684340216,
            0.0,
            88.4165463609507,
            57.53392136006256,
            48.29902750841652,
            10.64042288035935,
            73.69188544905661
        ],
        [
            23.87401369547152,
            72.90858839368968,
            73.01016821942095,
            61.254396776671484,
            22.80393381455621,
            100.1856310175891,
            83.45016965082493,
            78.73504226418055,
            86.47391674189532,
            36.24556243830185,
            76.2609469428921,
            88.4165463609507,
            0.0,
            40.1534055433092,
            117.65919490551309,
            99.00469986573873,
            23.87401369547152
        ],
        [
            18.191249471232005,
            65.28906261197727,
            37.42278515408282,
            42.53461144788935,
            23.16274650998708,
            63.820089973409694,
            43.396163271534874,
            44.28191497095047,
            68.18036897720422,
            9.016651577214756,
            36.279363680235676,
            57.53392136006256,
            40.1534055433092,
            0.0,
            78.21194062708605,
            67.20707516412864,
            18.191249471232005
        ],
        [
            96.30182291471304,
            95.48052696323505,
            47.64547311348665,
            76.05261675070248,
            96.65188109156361,
            27.04941488189471,
            35.669411992900244,
            64.55648714384921,
            77.96639924418157,
            81.51002908396536,
            42.24675619432869,
            48.29902750841652,
            117.65919490551309,
            78.21194062708605,
            0.0,
            43.6680143225797,
            96.30182291471304
        ],
        [
            83.80368183759846,
            54.980383300545995,
            30.513106919528767,
            42.188071386898095,
            76.20167945323993,
            17.686622631125324,
            45.08656009890533,
            80.17176019413152,
            35.101976193861454,
            65.38120275430417,
            45.45257690766779,
            10.64042288035935,
            99.00469986573873,
            67.20707516412864,
            43.6680143225797,
            0.0,
            83.80368183759846
        ],
        [
            0.0,
            71.84079787492664,
            54.90082361657772,
            52.97495199415072,
            17.681411459398443,
            81.7045619628422,
            61.186089967676345,
            55.132086758219344,
            79.5157947900725,
            18.593756146643262,
            54.193994213298815,
            73.69188544905661,
            23.87401369547152,
            18.191249471232005,
            96.30182291471304,
            83.80368183759846,
            0.0
        ]
    ],
    "scores_ave": [
        0,
        11.462117061005824,
        15.57713125959617,
        15.953091806555355,
        10.92291293024304,
        14.527362691572865,
        18.390900367506017,
        11.853098426670602,
        15.86039468500962,
        11.763097182409885,
        12.601644039587772,
        12.714302008114041,
        10.856930628499121,
        13.54350406203722,
        19.083279554235226,
        15.136576127319652,
        0
    ],
    "scores_var": [
        0,
        24.668852325086622,
        18.00737092333061,
        286.9364825315261,
        310.9547349704409,
        270.6835875004507,
        24.64469860884043,
        290.08394989640266,
        21.571249709529482,
        16.26688515336378,
        24.145101076535568,
        266.4350047140352,
        23.280060314651905,
        22.235769299670324,
        363.9649325702225,
        19.79762698541569,
        0
    ],
    "vertex_number": 17,
    "minimum_distances": {
        "cost": 401.743483140522,
        "path": [
            0,
            12,
            4,
            3,
            1,
            8,
            11,
            15,
            5,
            14,
            2,
            10,
            6,
            7,
            13,
            9,
            16
        ]
    }
}