{
    "vertices": [
        [
            95.45055583824865,
            96.38398927041123
        ],
        [
            75.99713052815386,
            97.60836951058832
        ],
        [
            70.54957498476213,
            83.88748767831282
        ],
        [
            94.14775226964079,
            98.6435752166521
        ],
        [
            70.50825005843244,
            37.002060091259594
        ],
        [
            26.683892565183953,
            75.18432849175036
        ],
        [
            95.79494962218176,
            91.21477471981665
        ],
        [
            62.74800084612654,
            48.82390738914448
        ],
        [
            32.877136268487895,
            22.986038590908308
        ],
        [
            59.04406084333085,
            0.8468908451444213
        ],
        [
            42.67455755402006,
            66.55054532565242
        ],
        [
            33.0852983559616,
            72.04196051287728
        ],
        [
            59.458919327799656,
            84.01535407686367
        ],
        [
            83.794195166332,
            13.004123551912517
        ],
        [
            97.21207005864736,
            78.06963930164243
        ],
        [
            43.70618330283108,
            35.662881147838156
        ],
        [
            95.45055583824865,
            96.38398927041123
        ]
    ],
    "distances": [
        [
            0.0,
            19.49191789609151,
            27.86075016052188,
            2.60826106569618,
            64.40754715599434,
            71.96026399924723,
            5.180674294769995,
            57.71844152058828,
            96.45046397298492,
            102.23878937729111,
            60.62458554499127,
            66.94743986788868,
            38.05760154359899,
            84.19069278339906,
            18.39886809364122,
            79.77802367016425,
            0.0
        ],
        [
            19.49191789609151,
            0.0,
            14.762738894040147,
            18.180118824045266,
            60.85435522821931,
            54.1722535437379,
            20.804607548051425,
            50.55158931042392,
            86.18483727918651,
            98.23538224724135,
            45.551973752175236,
            49.950641731739886,
            21.407533680669466,
            84.96277214879491,
            28.841560940082115,
            69.85663033104443,
            19.49191789609151
        ],
        [
            27.86075016052188,
            14.762738894040147,
            0.0,
            27.83192574378738,
            46.8854457989934,
            44.72072309301289,
            26.287222675137443,
            35.921013651281925,
            71.61144559200828,
            83.83386891983153,
            32.826607605776815,
            39.29234705570998,
            11.091392731176375,
            72.11013294697149,
            27.289851654028467,
            55.192212784129836,
            27.86075016052188
        ],
        [
            2.60826106569618,
            18.180118824045266,
            27.83192574378738,
            0.0,
            66.01895524580587,
            71.42624603829077,
            7.609227026446288,
            58.889249374581794,
            97.35579712290632,
            103.90601823674065,
            60.65848944555744,
            66.60532398245867,
            37.647044831985355,
            86.26303858622616,
            20.80088658079138,
            80.69027020169753,
            2.60826106569618
        ],
        [
            64.40754715599434,
            60.85435522821931,
            46.8854457989934,
            66.01895524580587,
            0.0,
            58.124520900418275,
            59.820026765496216,
            14.1413415690168,
            40.15656339591405,
            37.92919584666783,
            40.59344057944969,
            51.266674708648196,
            48.29428041675062,
            27.43022594796933,
            48.98612114471758,
            26.835502279894353,
            64.40754715599434
        ],
        [
            71.96026399924723,
            54.1722535437379,
            44.72072309301289,
            71.42624603829077,
            58.124520900418275,
            0.0,
            70.94584846068537,
            44.67092686307573,
            52.564415112705895,
            81.07549029671675,
            18.17260516668937,
            7.131091964969213,
            33.943915392528034,
            84.42727373044171,
            70.58717191543488,
            43.03142087027353,
            71.96026399924723
        ],
        [
            5.180674294769995,
            20.804607548051425,
            26.287222675137443,
            7.609227026446288,
            59.820026765496216,
            70.94584846068537,
            0.0,
            53.75022285027167,
            92.81062261917253,
            97.55502171606398,
            58.567057848957816,
            65.57512612679265,
            37.04239132599881,
            79.12600118555962,
            13.221301580918073,
            76.15282303437179,
            5.180674294769995
        ],
        [
            57.71844152058828,
            50.55158931042392,
            35.921013651281925,
            58.889249374581794,
            14.1413415690168,
            44.67092686307573,
            53.75022285027167,
            0.0,
            39.49511380728625,
            48.11978063133253,
            26.78015717156001,
            37.66900463081704,
            35.34481542190851,
            41.545146642055236,
            45.20049669841169,
            23.147428087727334,
            57.71844152058828
        ],
        [
            96.45046397298492,
            86.18483727918651,
            71.61144559200828,
            97.35579712290632,
            40.15656339591405,
            52.564415112705895,
            92.81062261917253,
            39.49511380728625,
            0.0,
            34.27608210712365,
            44.652611467726764,
            49.0563635736382,
            66.5670229114731,
            51.88627481957301,
            84.69466791388811,
            16.672450236399104,
            96.45046397298492
        ],
        [
            102.23878937729111,
            98.23538224724135,
            83.83386891983153,
            103.90601823674065,
            37.92919584666783,
            81.07549029671675,
            97.55502171606398,
            48.11978063133253,
            34.27608210712365,
            0.0,
            67.71211745347163,
            75.77991353168058,
            83.16949791773408,
            27.574761215523004,
            86.14029142414165,
            38.044758748145995,
            102.23878937729111
        ],
        [
            60.62458554499127,
            45.551973752175236,
            32.826607605776815,
            60.65848944555744,
            40.59344057944969,
            18.17260516668937,
            58.567057848957816,
            26.78015717156001,
            44.652611467726764,
            67.71211745347163,
            0.0,
            11.050318218315375,
            24.222599878408978,
            67.5132867081666,
            55.74073731320808,
            30.904887154737203,
            60.62458554499127
        ],
        [
            66.94743986788868,
            49.950641731739886,
            39.29234705570998,
            66.60532398245867,
            51.266674708648196,
            7.131091964969213,
            65.57512612679265,
            37.66900463081704,
            49.0563635736382,
            75.77991353168058,
            11.050318218315375,
            0.0,
            28.96428898841273,
            77.82582096421632,
            64.40943844335943,
            37.89776527055987,
            66.94743986788868
        ],
        [
            38.05760154359899,
            21.407533680669466,
            11.091392731176375,
            37.647044831985355,
            48.29428041675062,
            33.943915392528034,
            37.04239132599881,
            35.34481542190851,
            66.5670229114731,
            83.16949791773408,
            24.222599878408978,
            28.96428898841273,
            0.0,
            75.0653083042041,
            38.218476085453624,
            50.85381333414917,
            38.05760154359899
        ],
        [
            84.19069278339906,
            84.96277214879491,
            72.11013294697149,
            86.26303858622616,
            27.43022594796933,
            84.42727373044171,
            79.12600118555962,
            41.545146642055236,
            51.88627481957301,
            27.574761215523004,
            67.5132867081666,
            77.82582096421632,
            75.0653083042041,
            0.0,
            66.43463484060237,
            46.048539509512224,
            84.19069278339906
        ],
        [
            18.39886809364122,
            28.841560940082115,
            27.289851654028467,
            20.80088658079138,
            48.98612114471758,
            70.58717191543488,
            13.221301580918073,
            45.20049669841169,
            84.69466791388811,
            86.14029142414165,
            55.74073731320808,
            64.40943844335943,
            38.218476085453624,
            66.43463484060237,
            0.0,
            68.27307708490574,
            18.39886809364122
        ],
        [
            79.77802367016425,
            69.85663033104443,
            55.192212784129836,
            80.69027020169753,
            26.835502279894353,
            43.03142087027353,
            76.15282303437179,
            23.147428087727334,
            16.672450236399104,
            38.044758748145995,
            30.904887154737203,
            37.89776527055987,
            50.85381333414917,
            46.048539509512224,
            68.27307708490574,
            0.0,
            79.77802367016425
        ],
        [
            0.0,
            19.49191789609151,
            27.86075016052188,
            2.60826106569618,
            64.40754715599434,
            71.96026399924723,
            5.180674294769995,
            57.71844152058828,
            96.45046397298492,
            102.23878937729111,
            60.62458554499127,
            66.94743986788868,
            38.05760154359899,
            84.19069278339906,
            18.39886809364122,
            79.77802367016425,
            0.0
        ]
    ],
    "scores_ave": [
        0,
        15.993602707853203,
        13.575572726270368,
        11.702060829838938,
        12.897592310094392,
        10.001175455406095,
        10.769960844330605,
        17.66175262780505,
        11.768038380215243,
        14.132825374650018,
        10.422611309565685,
        19.40263141335155,
        10.364531572086754,
        10.690848275043612,
        16.310764991006195,
        18.05698390414018,
        0
    ],
    "scores_var": [
        0,
        22.779299525844692,
        277.4792462487197,
        21.80997046822933,
        22.864324582180686,
        345.29275563107586,
        17.81770859253752,
        382.55631963060586,
        334.4685732523716,
        22.96480230442723,
        23.765458511249765,
        330.2365679883379,
        16.445365775528316,
        22.59588208774489,
        21.05352990718124,
        273.61129769327,
        0
    ],
    "vertex_number": 17,
    "minimum_distances": {
        "cost": 329.8847423865779,
        "path": [
            0,
            6,
            14,
            13,
            9,
            8,
            15,
            4,
            7,
            10,
            11,
            5,
            12,
            2,
            1,
            3,
            16
        ]
    }
}