{
    "vertices": [
        [
            15.120019315375044,
            92.58141779930938
        ],
        [
            8.093449846665202,
            29.775965311508013
        ],
        [
            47.48843667191637,
            31.744426581490238
        ],
        [
            31.031597132425837,
            23.422800698258573
        ],
        [
            41.50406882259291,
            88.70966279274433
        ],
        [
            45.88220641378148,
            24.017850460115397
        ],
        [
            11.882313135456368,
            6.40032932714294
        ],
        [
            61.34556142134263,
            18.836779660716896
        ],
        [
            23.644836319260165,
            4.869301299563411
        ],
        [
            50.494104712456675,
            21.949537493391823
        ],
        [
            53.096550641404065,
            61.93297732943467
        ],
        [
            63.876489479735035,
            55.0281264638101
        ],
        [
            36.495404578340164,
            50.80535185540359
        ],
        [
            80.3798001529687,
            45.2288663825959
        ],
        [
            88.27583014364225,
            3.1803879501809296
        ],
        [
            30.95045249595918,
            15.48906063219545
        ],
        [
            69.35119812418199,
            92.47919029236581
        ],
        [
            88.59275910061496,
            61.38509777114535
        ],
        [
            80.73509146463454,
            57.06532688356799
        ],
        [
            15.120019315375044,
            92.58141779930938
        ]
    ],
    "distances": [
        [
            0.0,
            63.1972906119881,
            68.91192888465864,
            70.96543262714475,
            26.66661874385624,
            75.14835275209664,
            86.2418851345149,
            87.03489183759885,
            88.12540998948452,
            78.99486333445667,
            48.80106386947232,
            61.542205623596324,
            46.927036779342366,
            80.62941845656118,
            115.51760383606464,
            78.70091580322813,
            54.23127515978181,
            79.82138732726463,
            74.61052477424171,
            0.0
        ],
        [
            63.1972906119881,
            0.0,
            39.444135517629654,
            23.801707953554363,
            67.74548072871356,
            38.224939627559934,
            23.680706127450946,
            54.364079775752366,
            29.363030045005676,
            43.11691669681576,
            55.31141385882759,
            61.23250079464724,
            35.33986602963699,
            73.91960898245101,
            84.47803765045319,
            26.95474383899048,
            87.65960384938823,
            86.48280780140026,
            77.59843653041031,
            63.1972906119881
        ],
        [
            68.91192888465864,
            39.444135517629654,
            0.0,
            18.44117742903121,
            57.278711535438624,
            7.89176496111915,
            43.70491161107027,
            18.937456411897333,
            35.92756096225361,
            10.245676776966704,
            30.705040930700278,
            28.472775682075596,
            22.003763925931068,
            35.548163221077196,
            49.794736359863556,
            23.18926136705744,
            64.5499175935536,
            50.67676697359121,
            41.79100437909971,
            68.91192888465864
        ],
        [
            70.96543262714475,
            23.801707953554363,
            18.44117742903121,
            0.0,
            66.12145661920759,
            14.86252603854985,
            25.62146774049142,
            30.658897890604244,
            19.96989171849216,
            19.518189100773977,
            44.38350907170086,
            45.58161438620802,
            27.922344093569453,
            53.95136367123958,
            60.717851468130654,
            7.934155020409079,
            78.97579859640878,
            68.95232676406366,
            60.0188046945383,
            70.96543262714475
        ],
        [
            26.66661874385624,
            67.74548072871356,
            57.278711535438624,
            66.12145661920759,
            0.0,
            64.83979234734993,
            87.47728153949444,
            72.63542266503447,
            85.72139990058113,
            67.36271279637039,
            29.178357032576145,
            40.43477581905748,
            38.23380055848835,
            58.32582740889612,
            97.48258568671615,
            73.97726271174925,
            28.10110225435692,
            54.44241550224492,
            50.40274925709082,
            26.66661874385624
        ],
        [
            75.14835275209664,
            38.224939627559934,
            7.89176496111915,
            14.86252603854985,
            64.83979234734993,
            0.0,
            38.293208194250695,
            16.308244624061974,
            29.3456566407158,
            5.054455900058879,
            38.595383249181594,
            35.85291398035851,
            28.384542971490866,
            40.496804445014305,
            47.23789979245414,
            17.1958579603122,
            72.37229182173054,
            56.74947120827165,
            48.029775080949854,
            75.14835275209664
        ],
        [
            86.2418851345149,
            23.680706127450946,
            43.70491161107027,
            25.62146774049142,
            87.47728153949444,
            38.293208194250695,
            0.0,
            51.00272765147647,
            11.86174516969387,
            41.62509247296698,
            69.15553750310312,
            71.19028745611864,
            50.77017132245169,
            78.73729114962588,
            76.46134620415114,
            21.12342243593585,
            103.49996641022423,
            94.38123373326965,
            85.48477677949158,
            86.2418851345149
        ],
        [
            87.03489183759885,
            54.364079775752366,
            18.937456411897333,
            30.658897890604244,
            72.63542266503447,
            16.308244624061974,
            51.00272765147647,
            0.0,
            40.20491418958735,
            11.289082072059939,
            43.878564611308086,
            36.27973511836219,
            40.490985457120175,
            32.539890682479495,
            31.150633618740546,
            30.578912166390896,
            74.0762773272135,
            50.52493597620444,
            42.86462058702346,
            87.03489183759885
        ],
        [
            88.12540998948452,
            29.363030045005676,
            35.92756096225361,
            19.96989171849216,
            85.72139990058113,
            29.3456566407158,
            11.86174516969387,
            40.20491418958735,
            0.0,
            31.82165428897227,
            64.21578153814902,
            64.30002844386786,
            47.69966294692217,
            69.62578986915517,
            64.65305708958422,
            12.88996958895837,
            98.81580925526835,
            86.09452900405518,
            77.35452358673024,
            88.12540998948452
        ],
        [
            78.99486333445667,
            43.11691669681576,
            10.245676776966704,
            19.518189100773977,
            67.36271279637039,
            5.054455900058879,
            41.62509247296698,
            11.289082072059939,
            31.82165428897227,
            0.0,
            40.06804444860708,
            35.68306699729385,
            32.07213164009836,
            37.88247544042988,
            42.186961861846704,
            20.583782529784493,
            73.00699895134954,
            54.833118465108875,
            46.34259319719394,
            78.99486333445667
        ],
        [
            48.80106386947232,
            55.31141385882759,
            30.705040930700278,
            44.38350907170086,
            29.178357032576145,
            38.595383249181594,
            69.15553750310312,
            43.878564611308086,
            64.21578153814902,
            40.06804444860708,
            0.0,
            12.801720463854567,
            19.985547260395133,
            31.990670928172023,
            68.47954778664791,
            51.45373709700563,
            34.601801848547154,
            35.50043643379819,
            28.063908489384072,
            48.80106386947232
        ],
        [
            61.542205623596324,
            61.23250079464724,
            28.472775682075596,
            45.58161438620802,
            40.43477581905748,
            35.85291398035851,
            71.19028745611864,
            36.27973511836219,
            64.30002844386786,
            35.68306699729385,
            12.801720463854567,
            0.0,
            27.704794454584878,
            19.19335200835295,
            57.301970418224386,
            51.4534900496918,
            37.84910324739724,
            25.520679226351227,
            16.981243960190874,
            61.542205623596324
        ],
        [
            46.927036779342366,
            35.33986602963699,
            22.003763925931068,
            27.922344093569453,
            38.23380055848835,
            28.384542971490866,
            50.77017132245169,
            40.490985457120175,
            47.69966294692217,
            32.07213164009836,
            19.985547260395133,
            27.704794454584878,
            0.0,
            44.23728478533591,
            70.35161447115163,
            35.74894291246036,
            53.067993928516,
            53.16075029437828,
            44.68038924573742,
            46.927036779342366
        ],
        [
            80.62941845656118,
            73.91960898245101,
            35.548163221077196,
            53.95136367123958,
            58.32582740889612,
            40.496804445014305,
            78.73729114962588,
            32.539890682479495,
            69.62578986915517,
            37.88247544042988,
            31.990670928172023,
            19.19335200835295,
            44.23728478533591,
            0.0,
            42.783429363421575,
            57.68636282405976,
            48.52033771819331,
            18.12392086045602,
            11.841791634175026,
            80.62941845656118
        ],
        [
            115.51760383606464,
            84.47803765045319,
            49.794736359863556,
            60.717851468130654,
            97.48258568671615,
            47.23789979245414,
            76.46134620415114,
            31.150633618740546,
            64.65305708958422,
            42.186961861846704,
            68.47954778664791,
            57.301970418224386,
            70.35161447115163,
            42.783429363421575,
            0.0,
            58.631922581836356,
            91.28207817978613,
            58.20557266539382,
            54.41001179635909,
            115.51760383606464
        ],
        [
            78.70091580322813,
            26.95474383899048,
            23.18926136705744,
            7.934155020409079,
            73.97726271174925,
            17.1958579603122,
            21.12342243593585,
            30.578912166390896,
            12.88996958895837,
            20.583782529784493,
            51.45373709700563,
            51.4534900496918,
            35.74894291246036,
            57.68636282405976,
            58.631922581836356,
            0.0,
            86.03544228917126,
            73.6823027311512,
            64.86213219318624,
            78.70091580322813
        ],
        [
            54.23127515978181,
            87.65960384938823,
            64.5499175935536,
            78.97579859640878,
            28.10110225435692,
            72.37229182173054,
            103.49996641022423,
            74.0762773272135,
            98.81580925526835,
            73.00699895134954,
            34.601801848547154,
            37.84910324739724,
            53.067993928516,
            48.52033771819331,
            91.28207817978613,
            86.03544228917126,
            0.0,
            36.566108058255345,
            37.19858531078553,
            54.23127515978181
        ],
        [
            79.82138732726463,
            86.48280780140026,
            50.67676697359121,
            68.95232676406366,
            54.44241550224492,
            56.74947120827165,
            94.38123373326965,
            50.52493597620444,
            86.09452900405518,
            54.833118465108875,
            35.50043643379819,
            25.520679226351227,
            53.16075029437828,
            18.12392086045602,
            58.20557266539382,
            73.6823027311512,
            36.566108058255345,
            0.0,
            8.96679213535671,
            79.82138732726463
        ],
        [
            74.61052477424171,
            77.59843653041031,
            41.79100437909971,
            60.0188046945383,
            50.40274925709082,
            48.029775080949854,
            85.48477677949158,
            42.86462058702346,
            77.35452358673024,
            46.34259319719394,
            28.063908489384072,
            16.981243960190874,
            44.68038924573742,
            11.841791634175026,
            54.41001179635909,
            64.86213219318624,
            37.19858531078553,
            8.96679213535671,
            0.0,
            74.61052477424171
        ],
        [
            0.0,
            63.1972906119881,
            68.91192888465864,
            70.96543262714475,
            26.66661874385624,
            75.14835275209664,
            86.2418851345149,
            87.03489183759885,
            88.12540998948452,
            78.99486333445667,
            48.80106386947232,
            61.542205623596324,
            46.927036779342366,
            80.62941845656118,
            115.51760383606464,
            78.70091580322813,
            54.23127515978181,
            79.82138732726463,
            74.61052477424171,
            0.0
        ]
    ],
    "scores_ave": [
        0,
        18.28558970542666,
        10.540644547191215,
        18.90695539406104,
        10.108792326887674,
        12.73383303321155,
        12.890967093512167,
        19.115490396850593,
        18.462013086673686,
        11.129046472358198,
        11.39631587375522,
        17.535528584822885,
        17.53405611719404,
        17.640296579361177,
        16.223037633983793,
        15.851763321569205,
        12.427879877798315,
        10.121262464445882,
        11.618906294744196,
        0
    ],
    "scores_var": [
        0,
        18.563745941406076,
        247.3039346283629,
        363.33107304783164,
        18.095061937231858,
        380.1979003157736,
        16.178323784665125,
        21.125606971396078,
        377.2180986507882,
        389.4959448174733,
        20.128126461835528,
        16.35626794230031,
        21.687060292170962,
        231.51863588375815,
        18.5419089405055,
        19.22780460599287,
        24.97226873339506,
        24.88102575028693,
        251.63604038023584,
        0
    ],
    "vertex_number": 20,
    "minimum_distances": {
        "cost": 427.4391680419721,
        "path": [
            0,
            4,
            16,
            17,
            18,
            10,
            11,
            13,
            14,
            7,
            9,
            5,
            15,
            8,
            6,
            1,
            3,
            2,
            12,
            19
        ]
    }
}