{
    "vertices": [
        [
            95.09994721671202,
            87.80934634116274
        ],
        [
            49.479261410041076,
            82.35898244707853
        ],
        [
            88.46844910178781,
            66.38208899502791
        ],
        [
            70.6388471995225,
            35.151476945388396
        ],
        [
            11.663497803841693,
            41.87005511975281
        ],
        [
            16.569784380660757,
            32.27510375647648
        ],
        [
            2.3882098966149345,
            56.6234505342274
        ],
        [
            11.679599094671866,
            8.92762949624487
        ],
        [
            67.59887945168302,
            36.09763260091364
        ],
        [
            73.42667113250656,
            60.37911765914562
        ],
        [
            95.311927693872,
            47.192621242101026
        ],
        [
            4.854803386106498,
            80.78736736664605
        ],
        [
            51.332627592044076,
            76.14428010234842
        ],
        [
            95.09994721671202,
            87.80934634116274
        ]
    ],
    "distances": [
        [
            0.0,
            45.945113342432016,
            22.429982715680637,
            58.06200671138897,
            95.2473599033169,
            96.18231944859464,
            97.81628869565492,
            114.80975452113887,
            58.569702630030356,
            34.959238289327004,
            40.61727826301814,
            90.51792183719881,
            45.29516571869198,
            0.0
        ],
        [
            45.945113342432016,
            0.0,
            42.1357079119413,
            51.73274249906464,
            55.40203257315942,
            59.92852895776979,
            53.66455753546779,
            82.58921277833959,
            49.683327661945675,
            32.50527477981762,
            57.76942321924253,
            44.652124561894496,
            6.485174742301579,
            45.945113342432016
        ],
        [
            22.429982715680637,
            42.1357079119413,
            0.0,
            35.961727335993636,
            80.62158736084591,
            79.5782912027131,
            86.63162590087062,
            95.90381849390904,
            36.77889661840855,
            16.195392842922317,
            20.373239111170697,
            84.84547009022509,
            38.39752094106328,
            22.429982715680637
        ],
        [
            58.06200671138897,
            51.73274249906464,
            35.961727335993636,
            0.0,
            59.35681198504241,
            54.14551760609468,
            71.54855094306828,
            64.52815751379615,
            3.1838050242416966,
            25.38120994483399,
            27.45450886566548,
            80.06356796312835,
            45.311588210936236,
            58.06200671138897
        ],
        [
            95.2473599033169,
            55.40203257315942,
            80.62158736084591,
            59.35681198504241,
            0.0,
            10.776582929552077,
            17.42680814199166,
            32.94242955842691,
            56.23244420995468,
            64.4769336717702,
            83.8175967992049,
            39.50842330688843,
            52.42482576328534,
            95.2473599033169
        ],
        [
            96.18231944859464,
            59.92852895776979,
            79.5782912027131,
            54.14551760609468,
            10.776582929552077,
            0.0,
            28.177278890200753,
            23.854107957823114,
            51.172065333871195,
            63.423506435340194,
            80.14273180702173,
            49.90671798751497,
            55.97284968093396,
            96.18231944859464
        ],
        [
            97.81628869565492,
            53.66455753546779,
            86.63162590087062,
            71.54855094306828,
            17.42680814199166,
            28.177278890200753,
            0.0,
            48.592399176383815,
            68.36476157825629,
            71.13766941864533,
            93.40105925738474,
            24.289482500177883,
            52.69363159407658,
            97.81628869565492
        ],
        [
            114.80975452113887,
            82.58921277833959,
            95.90381849390904,
            64.52815751379615,
            32.94242955842691,
            23.854107957823114,
            48.592399176383815,
            0.0,
            62.17053147877798,
            80.37385482495327,
            91.9705169075124,
            72.18309887547376,
            78.04127617944502,
            114.80975452113887
        ],
        [
            58.569702630030356,
            49.683327661945675,
            36.77889661840855,
            3.1838050242416966,
            56.23244420995468,
            51.172065333871195,
            68.36476157825629,
            62.17053147877798,
            0.0,
            24.971056695867297,
            29.851496039930236,
            77.03240535485287,
            43.2241243481621,
            58.569702630030356
        ],
        [
            34.959238289327004,
            32.50527477981762,
            16.195392842922317,
            25.38120994483399,
            64.4769336717702,
            63.423506435340194,
            71.13766941864533,
            80.37385482495327,
            24.971056695867297,
            0.0,
            25.55089318426107,
            71.54437575626383,
            27.141980525164772,
            34.959238289327004
        ],
        [
            40.61727826301814,
            57.76942321924253,
            20.373239111170697,
            27.45450886566548,
            83.8175967992049,
            80.14273180702173,
            93.40105925738474,
            91.9705169075124,
            29.851496039930236,
            25.55089318426107,
            0.0,
            96.49403248493232,
            52.65337015051156,
            40.61727826301814
        ],
        [
            90.51792183719881,
            44.652124561894496,
            84.84547009022509,
            80.06356796312835,
            39.50842330688843,
            49.90671798751497,
            24.289482500177883,
            72.18309887547376,
            77.03240535485287,
            71.54437575626383,
            96.49403248493232,
            0.0,
            46.70916828912628,
            90.51792183719881
        ],
        [
            45.29516571869198,
            6.485174742301579,
            38.39752094106328,
            45.311588210936236,
            52.42482576328534,
            55.97284968093396,
            52.69363159407658,
            78.04127617944502,
            43.2241243481621,
            27.141980525164772,
            52.65337015051156,
            46.70916828912628,
            0.0,
            45.29516571869198
        ],
        [
            0.0,
            45.945113342432016,
            22.429982715680637,
            58.06200671138897,
            95.2473599033169,
            96.18231944859464,
            97.81628869565492,
            114.80975452113887,
            58.569702630030356,
            34.959238289327004,
            40.61727826301814,
            90.51792183719881,
            45.29516571869198,
            0.0
        ]
    ],
    "scores_ave": [
        0,
        18.387444063789196,
        14.037150464261448,
        18.52701962910694,
        16.264865219945747,
        10.893235599391419,
        11.087986302997002,
        17.14570191208166,
        16.84554535407269,
        10.422351856928781,
        19.219864825459897,
        11.218177799197003,
        16.789966299672543,
        0
    ],
    "scores_var": [
        0,
        21.55956900197967,
        18.143903030616602,
        272.9121748205516,
        20.353498495958654,
        240.39076728392516,
        20.56738352993016,
        322.75331992086,
        344.0224071759578,
        341.0607112698641,
        341.5777530938966,
        287.38860671285846,
        19.513443662023843,
        0
    ],
    "vertex_number": 14,
    "minimum_distances": {
        "cost": 325.1975668437691,
        "path": [
            0,
            9,
            12,
            1,
            11,
            6,
            4,
            5,
            7,
            8,
            3,
            10,
            2,
            13
        ]
    }
}