{
    "vertices": [
        [
            30.89925693025739,
            76.79244250813444
        ],
        [
            32.35958607471577,
            20.951936817769568
        ],
        [
            38.94478913704245,
            87.52448595044704
        ],
        [
            4.317933036893285,
            7.263242768621292
        ],
        [
            86.76620476003303,
            88.34774760494832
        ],
        [
            71.90161369292271,
            95.65056980323128
        ],
        [
            8.728176698162615,
            11.840454249849996
        ],
        [
            32.910678945146856,
            89.08146968713424
        ],
        [
            34.43055447524487,
            70.9047810530096
        ],
        [
            56.05778269522268,
            72.67599474180608
        ],
        [
            32.28070794554796,
            65.02260622621266
        ],
        [
            27.477006728204913,
            58.91682367773562
        ],
        [
            91.4429061947166,
            1.9137137160965656
        ],
        [
            29.192094839218473,
            74.54241302206725
        ],
        [
            55.72924624906176,
            77.27605348867965
        ],
        [
            47.24428629984783,
            69.46369058399848
        ],
        [
            57.38462117046757,
            18.472833642625773
        ],
        [
            5.604111995295646,
            52.35206871990135
        ],
        [
            71.17401851835498,
            50.44941950248506
        ],
        [
            2.4705424295746847,
            75.54120651157861
        ],
        [
            85.81897253081992,
            39.54524743222554
        ],
        [
            30.89925693025739,
            76.79244250813444
        ]
    ],
    "distances": [
        [
            0.0,
            55.859597536733354,
            13.412954370238518,
            74.43706332426774,
            57.0494604329903,
            45.13116689352229,
            68.63175341897004,
            12.452550241945536,
            6.86546573521399,
            25.493068879194045,
            11.850630911934172,
            18.20026222380208,
            96.29308122481808,
            2.8243645468055565,
            24.83469849127311,
            17.912861018226554,
            64.051942181034,
            35.173516005501526,
            48.12495487846481,
            28.45623656916712,
            66.35908907353598,
            0.0
        ],
        [
            55.859597536733354,
            0.0,
            66.8974528468374,
            31.20440112972538,
            86.61567680524533,
            84.5189784489599,
            25.32711242340403,
            68.13176170003005,
            49.995755392894544,
            56.89448735328661,
            44.070739996822645,
            38.27756804402544,
            62.07489553170082,
            53.684002650047894,
            60.97989123820003,
            50.74391149948211,
            25.14753137181893,
            41.253165656538364,
            48.75101691920818,
            62.23618959837248,
            56.60050529693823,
            55.859597536733354
        ],
        [
            13.412954370238518,
            66.8974528468374,
            0.0,
            87.41216345836892,
            47.82850146030691,
            33.943858407516856,
            81.49304462184762,
            6.23174808254046,
            17.221872878978083,
            22.656836489135152,
            23.46794770001717,
            30.820583610404917,
            100.42537835210327,
            16.237280055002433,
            19.665918958152535,
            19.876468057080572,
            71.47137952957932,
            48.46338500465878,
            49.125184769464795,
            38.39231249856187,
            67.07604935908103,
            13.412954370238518
        ],
        [
            74.43706332426774,
            31.20440112972538,
            87.41216345836892,
            0.0,
            115.63915614827457,
            111.2648797749733,
            6.35618707210999,
            86.67045271984696,
            70.40607477407566,
            83.40167961960908,
            64.17211892728983,
            56.60773016977472,
            87.28905091038189,
            71.73012390453832,
            86.86148047968332,
            75.57491325095538,
            54.23770198882506,
            45.10716663655414,
            79.59134391875182,
            68.30295150973055,
            87.66154951682954,
            74.43706332426774
        ],
        [
            57.0494604329903,
            86.61567680524533,
            47.82850146030691,
            115.63915614827457,
            0.0,
            16.56162068313818,
            109.28540506539905,
            53.86052365965038,
            55.16590770452074,
            34.47623853487992,
            59.26830167517262,
            66.19205606767865,
            86.56046297593576,
            59.206126339419725,
            32.952620597093194,
            43.80170828111631,
            75.80093043935939,
            88.78611490738433,
            40.98047760528336,
            85.26292384446374,
            48.81169196006903,
            57.0494604329903
        ],
        [
            45.13116689352229,
            84.5189784489599,
            33.943858407516856,
            111.2648797749733,
            16.56162068313818,
            0.0,
            104.95245881255973,
            39.54043587064539,
            44.90472513851206,
            27.908028951123384,
            50.07882112348026,
            57.64472055949287,
            95.75207727115308,
            47.64092026203019,
            24.47791491391735,
            35.96854789134483,
            78.53117871758359,
            79.18408253815906,
            45.20700590891531,
            72.28457753056166,
            57.80570971259909,
            45.13116689352229
        ],
        [
            68.63175341897004,
            25.32711242340403,
            81.49304462184762,
            6.35618707210999,
            109.28540506539905,
            104.95245881255973,
            0.0,
            80.93804964729618,
            64.41433787679797,
            77.07823681679136,
            58.16410419662627,
            50.67250917416839,
            83.3082628153568,
            65.9568615047492,
            80.56623478029232,
            69.31037486891958,
            49.106395154767895,
            40.63189248900146,
            73.41754121810173,
            64.00737321082259,
            81.91792457936575,
            68.63175341897004
        ],
        [
            12.452550241945536,
            68.13176170003005,
            6.23174808254046,
            86.67045271984696,
            53.86052365965038,
            39.54043587064539,
            80.93804964729618,
            0.0,
            18.24012147242739,
            28.37125341254003,
            24.067109807610958,
            30.650133158495333,
            104.99637759380867,
            15.007066217715312,
            25.69153295196743,
            24.29628689199582,
            74.72986907598727,
            45.767865298683915,
            54.37387660231601,
            33.315771609704285,
            72.47844400534194,
            12.452550241945536
        ],
        [
            6.86546573521399,
            49.995755392894544,
            17.221872878978083,
            70.40607477407566,
            55.16590770452074,
            44.90472513851206,
            64.41433787679797,
            18.24012147242739,
            0.0,
            21.69963590501888,
            6.262732693820922,
            13.858677725589487,
            89.4995844731763,
            6.3776034449147145,
            22.231225421140966,
            12.894512980827054,
            57.23633712156978,
            34.280707708051885,
            42.05358446137503,
            32.2945631800811,
            60.20124466460505,
            6.86546573521399
        ],
        [
            25.493068879194045,
            56.89448735328661,
            22.656836489135152,
            83.40167961960908,
            34.47623853487992,
            27.908028951123384,
            77.07823681679136,
            28.37125341254003,
            21.69963590501888,
            0.0,
            24.978463512038452,
            31.720270226579313,
            79.11641663419752,
            26.93044190452776,
            4.611775869569563,
            9.380651188140053,
            54.21939849798302,
            54.39333466556846,
            26.879755064541545,
            53.66378441531988,
            44.53509669599624,
            25.493068879194045
        ],
        [
            11.850630911934172,
            44.070739996822645,
            23.46794770001717,
            64.17211892728983,
            59.26830167517262,
            50.07882112348026,
            58.16410419662627,
            24.067109807610958,
            6.262732693820922,
            24.978463512038452,
            0.0,
            7.7689205115504825,
            86.50374567339452,
            10.008309165437964,
            26.45715249956831,
            15.608712549029837,
            52.887501234109656,
            29.532749485814215,
            41.53393044966312,
            31.61149980708006,
            59.29115942465739,
            11.850630911934172
        ],
        [
            18.20026222380208,
            38.27756804402544,
            30.820583610404917,
            56.60773016977472,
            66.19205606767865,
            57.64472055949287,
            50.67250917416839,
            30.650133158495333,
            13.858677725589487,
            31.720270226579313,
            7.7689205115504825,
            0.0,
            85.67958239778363,
            15.719432864649736,
            33.6934764783173,
            22.404949078315582,
            50.300911836537345,
            22.83680213281491,
            44.509839056725035,
            30.028209425885546,
            61.4739208115857,
            18.20026222380208
        ],
        [
            96.29308122481808,
            62.07489553170082,
            100.42537835210327,
            87.28905091038189,
            86.56046297593576,
            95.75207727115308,
            83.3082628153568,
            104.99637759380867,
            89.4995844731763,
            79.11641663419752,
            86.50374567339452,
            85.67958239778363,
            0.0,
            95.65611050683026,
            83.39632943188884,
            80.72494890345348,
            37.87045327869951,
            99.56066615436231,
            52.59793288542649,
            115.4863161127997,
            38.04945413122325,
            96.29308122481808
        ],
        [
            2.8243645468055565,
            53.684002650047894,
            16.237280055002433,
            71.73012390453832,
            59.206126339419725,
            47.64092026203019,
            65.9568615047492,
            15.007066217715312,
            6.3776034449147145,
            26.93044190452776,
            10.008309165437964,
            15.719432864649736,
            95.65611050683026,
            0.0,
            26.677578509858204,
            18.7530007767867,
            62.75839603372335,
            32.38524841488582,
            48.404072685420516,
            26.740212258245634,
            66.56879806953398,
            2.8243645468055565
        ],
        [
            24.83469849127311,
            60.97989123820003,
            19.665918958152535,
            86.86148047968332,
            32.952620597093194,
            24.47791491391735,
            80.56623478029232,
            25.69153295196743,
            22.231225421140966,
            4.611775869569563,
            26.45715249956831,
            33.6934764783173,
            83.39632943188884,
            26.677578509858204,
            0.0,
            11.533757388388349,
            58.82651553843525,
            55.97976510054656,
            30.954955685311194,
            53.28695174773843,
            48.25976951230582,
            24.83469849127311
        ],
        [
            17.912861018226554,
            50.74391149948211,
            19.876468057080572,
            75.57491325095538,
            43.80170828111631,
            35.96854789134483,
            69.31037486891958,
            24.29628689199582,
            12.894512980827054,
            9.380651188140053,
            15.608712549029837,
            22.404949078315582,
            80.72494890345348,
            18.7530007767867,
            11.533757388388349,
            0.0,
            51.98936317078566,
            45.01901508177778,
            30.564269806601587,
            45.184337330659304,
            48.81720658173527,
            17.912861018226554
        ],
        [
            64.051942181034,
            25.14753137181893,
            71.47137952957932,
            54.23770198882506,
            75.80093043935939,
            78.53117871758359,
            49.106395154767895,
            74.72986907598727,
            57.23633712156978,
            54.21939849798302,
            52.887501234109656,
            50.300911836537345,
            37.87045327869951,
            62.75839603372335,
            58.82651553843525,
            51.98936317078566,
            0.0,
            61.87910551924101,
            34.82311764433043,
            79.19820216312246,
            35.39150971919799,
            64.051942181034
        ],
        [
            35.173516005501526,
            41.253165656538364,
            48.46338500465878,
            45.10716663655414,
            88.78611490738433,
            79.18408253815906,
            40.63189248900146,
            45.767865298683915,
            34.280707708051885,
            54.39333466556846,
            29.532749485814215,
            22.83680213281491,
            99.56066615436231,
            32.38524841488582,
            55.97976510054656,
            45.01901508177778,
            61.87910551924101,
            0.0,
            65.5975054059777,
            23.399901062709798,
            81.23077324652324,
            35.173516005501526
        ],
        [
            48.12495487846481,
            48.75101691920818,
            49.125184769464795,
            79.59134391875182,
            40.98047760528336,
            45.20700590891531,
            73.41754121810173,
            54.37387660231601,
            42.05358446137503,
            26.879755064541545,
            41.53393044966312,
            44.509839056725035,
            52.59793288542649,
            48.404072685420516,
            30.954955685311194,
            30.564269806601587,
            34.82311764433043,
            65.5975054059777,
            0.0,
            73.14209049508582,
            18.258577342307934,
            48.12495487846481
        ],
        [
            28.45623656916712,
            62.23618959837248,
            38.39231249856187,
            68.30295150973055,
            85.26292384446374,
            72.28457753056166,
            64.00737321082259,
            33.315771609704285,
            32.2945631800811,
            53.66378441531988,
            31.61149980708006,
            30.028209425885546,
            115.4863161127997,
            26.740212258245634,
            53.28695174773843,
            45.184337330659304,
            79.19820216312246,
            23.399901062709798,
            73.14209049508582,
            0.0,
            90.78915062046029,
            28.45623656916712
        ],
        [
            66.35908907353598,
            56.60050529693823,
            67.07604935908103,
            87.66154951682954,
            48.81169196006903,
            57.80570971259909,
            81.91792457936575,
            72.47844400534194,
            60.20124466460505,
            44.53509669599624,
            59.29115942465739,
            61.4739208115857,
            38.04945413122325,
            66.56879806953398,
            48.25976951230582,
            48.81720658173527,
            35.39150971919799,
            81.23077324652324,
            18.258577342307934,
            90.78915062046029,
            0.0,
            66.35908907353598
        ],
        [
            0.0,
            55.859597536733354,
            13.412954370238518,
            74.43706332426774,
            57.0494604329903,
            45.13116689352229,
            68.63175341897004,
            12.452550241945536,
            6.86546573521399,
            25.493068879194045,
            11.850630911934172,
            18.20026222380208,
            96.29308122481808,
            2.8243645468055565,
            24.83469849127311,
            17.912861018226554,
            64.051942181034,
            35.173516005501526,
            48.12495487846481,
            28.45623656916712,
            66.35908907353598,
            0.0
        ]
    ],
    "scores_ave": [
        0,
        19.242989767840847,
        19.265365981098228,
        12.834248754160184,
        13.92341555379652,
        13.549676308347596,
        19.95164783333732,
        10.113876182061066,
        18.39805242611418,
        13.440895727771752,
        13.912187842301112,
        18.464024137040937,
        12.481611217801232,
        19.1460252214244,
        16.79097408369312,
        18.378052733926545,
        18.838498204715435,
        14.30464407938506,
        16.76957785989764,
        16.86237018470915,
        10.223644229237554,
        0
    ],
    "scores_var": [
        0,
        23.56769095932895,
        16.757028660054758,
        21.15125184981527,
        23.407061260331407,
        20.955061847177465,
        18.999257900682824,
        307.6637634771653,
        20.62696338480911,
        225.55189293400338,
        291.64931620946834,
        301.19881257353757,
        23.822186730260306,
        19.0674129560416,
        337.51081246364845,
        283.18418180867826,
        377.34290732599095,
        23.72987023754322,
        23.23355493704051,
        280.9204123995266,
        320.99634888411754,
        0
    ],
    "vertex_number": 22,
    "minimum_distances": {
        "cost": 414.9593114128467,
        "path": [
            0,
            13,
            10,
            11,
            19,
            17,
            3,
            6,
            1,
            16,
            12,
            20,
            18,
            4,
            5,
            14,
            9,
            15,
            8,
            2,
            7,
            21
        ]
    }
}