{
    "vertices": [
        [
            17.649676070916044,
            84.08906014141203
        ],
        [
            96.72323335675993,
            13.088449827294069
        ],
        [
            38.423504478135825,
            69.90536117734811
        ],
        [
            36.16597095090902,
            19.330623995211326
        ],
        [
            61.22861416219014,
            82.01407825449346
        ],
        [
            45.949572895632706,
            84.3013403377026
        ],
        [
            31.15287536568555,
            52.74614606854095
        ],
        [
            32.34584577564529,
            8.232916242743137
        ],
        [
            77.35068566230656,
            5.676758586490127
        ],
        [
            52.91552032120337,
            45.2137741042688
        ],
        [
            93.61683208374997,
            16.660564232964504
        ],
        [
            35.732024496869194,
            75.84843215819954
        ],
        [
            36.985464499945465,
            0.8076255737255122
        ],
        [
            57.040994828350854,
            46.20260213023782
        ],
        [
            17.649676070916044,
            84.08906014141203
        ]
    ],
    "distances": [
        [
            0.0,
            106.27188775407572,
            25.154110260468357,
            67.35360590335463,
            43.628309559208695,
            28.30069298040854,
            34.12791604791661,
            77.26662909151509,
            98.55302928561512,
            52.487785580601766,
            101.575641042298,
            19.871569494010156,
            85.49660845802036,
            54.65399979948679,
            0.0
        ],
        [
            106.27188775407572,
            0.0,
            81.40650958419099,
            60.878130461058824,
            77.52812551488574,
            87.4599358075986,
            76.63031200667696,
            64.56023728394867,
            20.741956783844685,
            54.32450810919924,
            4.733891654458959,
            87.51424421410712,
            60.98704511892038,
            51.683915654370736,
            106.27188775407572
        ],
        [
            25.154110260468357,
            81.40650958419099,
            0.0,
            50.62509751762225,
            25.820419379942287,
            16.244565916336597,
            18.636005764141775,
            61.97119007664644,
            75.10418647265693,
            28.630281091585147,
            76.68971126447987,
            6.524121180128203,
            69.11269799774139,
            30.140201283098932,
            25.154110260468357
        ],
        [
            67.35360590335463,
            60.878130461058824,
            50.62509751762225,
            0.0,
            67.50815893365402,
            65.7032179506397,
            33.7894694066031,
            11.736799977586578,
            43.389039704269535,
            30.829934538949797,
            57.512873898275544,
            56.51947406932686,
            18.541117555295266,
            34.027486401042154,
            67.35360590335463
        ],
        [
            43.628309559208695,
            77.52812551488574,
            25.820419379942287,
            67.50815893365402,
            0.0,
            15.449293506903519,
            41.96619971592717,
            79.23303715922383,
            78.02119944957136,
            37.727574991749655,
            72.93886793127949,
            26.231493978546006,
            84.74796907619555,
            36.0554847129154,
            43.628309559208695
        ],
        [
            28.30069298040854,
            87.4599358075986,
            16.244565916336597,
            65.7032179506397,
            15.449293506903519,
            0.0,
            34.85215263304802,
            77.27526470899785,
            84.66318407984937,
            39.70342878881984,
            82.74927305154081,
            13.260842807762426,
            83.97354133545872,
            39.680391801121594,
            28.30069298040854
        ],
        [
            34.12791604791661,
            76.63031200667696,
            18.636005764141775,
            33.7894694066031,
            41.96619971592717,
            34.85215263304802,
            0.0,
            44.529212972197655,
            65.9527475859651,
            23.029314858850626,
            72.13816677243962,
            23.551735166098755,
            52.264988349749494,
            26.70229759001524,
            34.12791604791661
        ],
        [
            77.26662909151509,
            64.56023728394867,
            61.97119007664644,
            11.736799977586578,
            79.23303715922383,
            77.27526470899785,
            44.529212972197655,
            0.0,
            45.077372984543345,
            42.31660854894381,
            61.847869921405,
            67.7002525759351,
            8.755626957921233,
            45.294011007310424,
            77.26662909151509
        ],
        [
            98.55302928561512,
            20.741956783844685,
            75.10418647265693,
            43.389039704269535,
            78.02119944957136,
            84.66318407984937,
            65.9527475859651,
            45.077372984543345,
            0.0,
            46.478520859641414,
            19.62731529994254,
            81.58539531716463,
            40.6578348634346,
            45.33020556652244,
            98.55302928561512
        ],
        [
            52.487785580601766,
            54.32450810919924,
            28.630281091585147,
            30.829934538949797,
            37.727574991749655,
            39.70342878881984,
            23.029314858850626,
            42.31660854894381,
            46.478520859641414,
            0.0,
            49.718030664405475,
            35.12484594736571,
            47.17703578845395,
            4.24232492556447,
            52.487785580601766
        ],
        [
            101.575641042298,
            4.733891654458959,
            76.68971126447987,
            57.512873898275544,
            72.93886793127949,
            82.74927305154081,
            72.13816677243962,
            61.847869921405,
            19.62731529994254,
            49.718030664405475,
            0.0,
            82.78801035720859,
            58.80839615688884,
            47.01620863125157,
            101.575641042298
        ],
        [
            19.871569494010156,
            87.51424421410712,
            6.524121180128203,
            56.51947406932686,
            26.231493978546006,
            13.260842807762426,
            23.551735166098755,
            67.7002525759351,
            81.58539531716463,
            35.12484594736571,
            82.78801035720859,
            0.0,
            75.05127423761539,
            36.50955292296473,
            19.871569494010156
        ],
        [
            85.49660845802036,
            60.98704511892038,
            69.11269799774139,
            18.541117555295266,
            84.74796907619555,
            83.97354133545872,
            52.264988349749494,
            8.755626957921233,
            40.6578348634346,
            47.17703578845395,
            58.80839615688884,
            75.05127423761539,
            0.0,
            49.62789732922291,
            85.49660845802036
        ],
        [
            54.65399979948679,
            51.683915654370736,
            30.140201283098932,
            34.027486401042154,
            36.0554847129154,
            39.680391801121594,
            26.70229759001524,
            45.294011007310424,
            45.33020556652244,
            4.24232492556447,
            47.01620863125157,
            36.50955292296473,
            49.62789732922291,
            0.0,
            54.65399979948679
        ],
        [
            0.0,
            106.27188775407572,
            25.154110260468357,
            67.35360590335463,
            43.628309559208695,
            28.30069298040854,
            34.12791604791661,
            77.26662909151509,
            98.55302928561512,
            52.487785580601766,
            101.575641042298,
            19.871569494010156,
            85.49660845802036,
            54.65399979948679,
            0.0
        ]
    ],
    "scores_ave": [
        0,
        13.597005270958086,
        17.183160423664987,
        16.550434902967417,
        10.780073952364349,
        11.121482378164046,
        17.557345257037415,
        18.475521636841258,
        18.316811325530793,
        11.114335467563258,
        13.91050174788601,
        18.880332968416575,
        12.170841605182995,
        10.734451436517368,
        0
    ],
    "scores_var": [
        0,
        252.24210248281196,
        22.391648057315493,
        22.92667279458953,
        306.382346174818,
        24.764326721143785,
        22.876750674335504,
        19.11615838704879,
        226.0036196193307,
        17.511054668623554,
        21.72181269451391,
        20.58375258623345,
        398.24431347751283,
        327.7924792041295,
        0
    ],
    "vertex_number": 15,
    "minimum_distances": {
        "cost": 298.183371118007,
        "path": [
            0,
            5,
            4,
            9,
            13,
            10,
            1,
            8,
            12,
            7,
            3,
            6,
            2,
            11,
            14
        ]
    }
}