{
    "vertices": [
        [
            86.41233758457086,
            61.14501875605026
        ],
        [
            74.787824444443,
            53.22659358381922
        ],
        [
            3.8957002040225785,
            29.38732485780874
        ],
        [
            14.043408191123275,
            77.64500763574942
        ],
        [
            6.627732520337625,
            92.11613735979758
        ],
        [
            32.6958266929239,
            89.18206608550636
        ],
        [
            82.74290689740432,
            94.3995629577639
        ],
        [
            51.43470139773329,
            92.66114417784192
        ],
        [
            70.10206131873194,
            84.03073991062358
        ],
        [
            46.89081960724464,
            50.44774824722287
        ],
        [
            28.244798281927462,
            96.77322138251941
        ],
        [
            56.82051297536271,
            41.16950675874874
        ],
        [
            71.8022161732799,
            18.581857833451632
        ],
        [
            95.33536632722485,
            18.58627336441684
        ],
        [
            97.84269830193766,
            13.286865098937472
        ],
        [
            64.98694572337429,
            95.57795274529721
        ],
        [
            93.29757263067715,
            63.281998817302885
        ],
        [
            5.851601863574352,
            93.59792524942378
        ],
        [
            40.5152960653974,
            31.705075702202524
        ],
        [
            86.41233758457086,
            61.14501875605026
        ]
    ],
    "distances": [
        [
            0.0,
            14.06523241731993,
            88.41689072981082,
            74.22608419271488,
            85.58500682259162,
            60.59323035889891,
            33.456381030106144,
            47.08185632301334,
            28.103048671503117,
            40.94364394593071,
            68.21166653086046,
            35.70290132827407,
            45.00087016242785,
            43.48410343162324,
            49.2042276394716,
            40.554584938249164,
            7.209240280523429,
            86.85173158766547,
            54.52750376852521,
            0.0
        ],
        [
            14.06523241731993,
            0.0,
            74.79307463067785,
            65.46864173608672,
            78.47416610710961,
            55.35821779585637,
            41.93443386885293,
            45.83068989866179,
            31.158494941082242,
            28.035064834799158,
            63.73823089012696,
            21.637874760110627,
            34.77314440716622,
            40.27596382865855,
            46.11625657001081,
            43.470620498557444,
            21.06470869315237,
            79.88771622829952,
            40.46951857165135,
            14.06523241731993
        ],
        [
            88.41689072981082,
            74.79307463067785,
            0.0,
            49.313080663124474,
            62.78827851189314,
            66.36910700215905,
            102.1933124334177,
            79.14248445582078,
            85.84395762478273,
            47.87610808993044,
            71.65010556619191,
            54.22043542086549,
            68.7608393542245,
            92.07537810992474,
            95.31664731859117,
            90.07407784288262,
            95.61142042775137,
            64.2403825794454,
            36.69287083381604,
            88.41689072981082
        ],
        [
            74.22608419271488,
            65.46864173608672,
            49.313080663124474,
            0.0,
            16.260560911128255,
            21.932086850991226,
            70.71305570071736,
            40.293835314021,
            56.421185446318994,
            42.645554926471945,
            23.823686567223632,
            56.21692679211376,
            82.61074726746097,
            100.48042869799852,
            105.66121111299566,
            54.007726637972105,
            80.54513395190686,
            17.93324486245454,
            53.02111083037646,
            74.22608419271488
        ],
        [
            85.58500682259162,
            78.47416610710961,
            62.78827851189314,
            16.260560911128255,
            0.0,
            26.232695401606133,
            76.14941761374618,
            44.810283333311105,
            63.987218007331585,
            57.94282382663787,
            22.1130270143097,
            71.5183499488493,
            98.25987779804338,
            115.22015967180391,
            120.55797007131164,
            58.46179890698516,
            91.34040031792938,
            1.6727444951966426,
            69.26661052497239,
            85.58500682259162
        ],
        [
            60.59323035889891,
            55.35821779585637,
            66.36910700215905,
            21.932086850991226,
            26.232695401606133,
            0.0,
            50.31831188151798,
            19.05910306323764,
            37.75927105018094,
            41.253426551436704,
            8.79984617245476,
            53.73273063349295,
            80.70749099942827,
            94.37943566008538,
            100.0209798653913,
            32.918440643560345,
            65.90436324858513,
            27.205003562657737,
            58.00645244099534,
            60.59323035889891
        ],
        [
            33.456381030106144,
            41.93443386885293,
            102.1933124334177,
            70.71305570071736,
            76.14941761374618,
            50.31831188151798,
            0.0,
            31.356432058893706,
            16.349417981284518,
            56.7197864894691,
            54.549776323846885,
            59.20649786636441,
            76.60302294190556,
            76.8519675314587,
            82.5062025207662,
            17.79502064356838,
            32.85884609624674,
            76.89548369586421,
            75.58948239548394,
            33.456381030106144
        ],
        [
            47.08185632301334,
            45.83068989866179,
            79.14248445582078,
            40.293835314021,
            44.810283333311105,
            19.05910306323764,
            31.356432058893706,
            0.0,
            20.56585043794025,
            42.45724505571622,
            23.551662052978113,
            51.77253799505182,
            76.8282260853801,
            86.10664821764405,
            91.9455184114835,
            13.862579070326316,
            51.14327101370933,
            45.592724440606915,
            61.92637319283833,
            47.08185632301334
        ],
        [
            28.103048671503117,
            31.158494941082242,
            85.84395762478273,
            56.421185446318994,
            63.987218007331585,
            37.75927105018094,
            16.349417981284518,
            20.56585043794025,
            0.0,
            40.82375620705584,
            43.753871862886,
            44.87187129702336,
            65.47096067479843,
            70.14055804717557,
            75.98841203503017,
            12.629431174962807,
            31.121407455001666,
            64.95885294173384,
            60.111162133237464,
            28.103048671503117
        ],
        [
            40.94364394593071,
            28.035064834799158,
            47.87610808993044,
            42.645554926471945,
            57.94282382663787,
            41.253426551436704,
            56.7197864894691,
            42.45724505571622,
            40.82375620705584,
            0.0,
            49.937196281662274,
            13.589870326949065,
            40.4476532166299,
            57.98299482272388,
            63.06365973267991,
            48.62309264587022,
            48.14877686788588,
            59.54960258753748,
            19.79735019042972,
            40.94364394593071
        ],
        [
            68.21166653086046,
            63.73823089012696,
            71.65010556619191,
            23.823686567223632,
            22.1130270143097,
            8.79984617245476,
            54.549776323846885,
            23.551662052978113,
            43.753871862886,
            49.937196281662274,
            0.0,
            62.51675415600477,
            89.50496068388833,
            103.02593440986668,
            108.69148712159807,
            36.76158410248591,
            73.16778963028892,
            22.617200343185594,
            66.21501867498854,
            68.21166653086046
        ],
        [
            35.70290132827407,
            21.637874760110627,
            54.22043542086549,
            56.21692679211376,
            71.5183499488493,
            53.73273063349295,
            59.20649786636441,
            51.77253799505182,
            44.87187129702336,
            13.589870326949065,
            62.51675415600477,
            0.0,
            27.104488829029,
            44.647467557055386,
            49.60102211544943,
            55.017902709017896,
            42.65604513005148,
            73.1202363600853,
            18.852998533526044,
            35.70290132827407
        ],
        [
            45.00087016242785,
            34.77314440716622,
            68.7608393542245,
            82.61074726746097,
            98.25987779804338,
            80.70749099942827,
            76.60302294190556,
            76.8282260853801,
            65.47096067479843,
            40.4476532166299,
            89.50496068388833,
            27.104488829029,
            0.0,
            23.533150568188542,
            26.573363685305285,
            77.2971315313789,
            49.59992896372684,
            99.88440267822207,
            33.92772048145476,
            45.00087016242785
        ],
        [
            43.48410343162324,
            40.27596382865855,
            92.07537810992474,
            100.48042869799852,
            115.22015967180391,
            94.37943566008538,
            76.8519675314587,
            86.10664821764405,
            70.14055804717557,
            57.98299482272388,
            103.02593440986668,
            44.647467557055386,
            23.533150568188542,
            0.0,
            5.8626309448615554,
            82.75714668254639,
            44.742155479027325,
            116.7651147436748,
            56.36792597115481,
            43.48410343162324
        ],
        [
            49.2042276394716,
            46.11625657001081,
            95.31664731859117,
            105.66121111299566,
            120.55797007131164,
            100.0209798653913,
            82.5062025207662,
            91.9455184114835,
            75.98841203503017,
            63.06365973267991,
            108.69148712159807,
            49.60102211544943,
            26.573363685305285,
            5.8626309448615554,
            0.0,
            88.60769483247284,
            50.2013103701964,
            122.11563456997344,
            60.213466342806626,
            49.2042276394716
        ],
        [
            40.554584938249164,
            43.470620498557444,
            90.07407784288262,
            54.007726637972105,
            58.46179890698516,
            32.918440643560345,
            17.79502064356838,
            13.862579070326316,
            12.629431174962807,
            48.62309264587022,
            36.76158410248591,
            55.017902709017896,
            77.2971315313789,
            82.75714668254639,
            88.60769483247284,
            0.0,
            42.94787813156353,
            59.168483184049876,
            68.40033668590421,
            40.554584938249164
        ],
        [
            7.209240280523429,
            21.06470869315237,
            95.61142042775137,
            80.54513395190686,
            91.34040031792938,
            65.90436324858513,
            32.85884609624674,
            51.14327101370933,
            31.121407455001666,
            48.14877686788588,
            73.16778963028892,
            42.65604513005148,
            49.59992896372684,
            44.742155479027325,
            50.2013103701964,
            42.94787813156353,
            0.0,
            92.55189462587335,
            61.506672750447485,
            7.209240280523429
        ],
        [
            86.85173158766547,
            79.88771622829952,
            64.2403825794454,
            17.93324486245454,
            1.6727444951966426,
            27.205003562657737,
            76.89548369586421,
            45.592724440606915,
            64.95885294173384,
            59.54960258753748,
            22.617200343185594,
            73.1202363600853,
            99.88440267822207,
            116.7651147436748,
            122.11563456997344,
            59.168483184049876,
            92.55189462587335,
            0.0,
            70.93868141425007,
            86.85173158766547
        ],
        [
            54.52750376852521,
            40.46951857165135,
            36.69287083381604,
            53.02111083037646,
            69.26661052497239,
            58.00645244099534,
            75.58948239548394,
            61.92637319283833,
            60.111162133237464,
            19.79735019042972,
            66.21501867498854,
            18.852998533526044,
            33.92772048145476,
            56.36792597115481,
            60.213466342806626,
            68.40033668590421,
            61.506672750447485,
            70.93868141425007,
            0.0,
            54.52750376852521
        ],
        [
            0.0,
            14.06523241731993,
            88.41689072981082,
            74.22608419271488,
            85.58500682259162,
            60.59323035889891,
            33.456381030106144,
            47.08185632301334,
            28.103048671503117,
            40.94364394593071,
            68.21166653086046,
            35.70290132827407,
            45.00087016242785,
            43.48410343162324,
            49.2042276394716,
            40.554584938249164,
            7.209240280523429,
            86.85173158766547,
            54.52750376852521,
            0.0
        ]
    ],
    "scores_ave": [
        0,
        15.728235271764717,
        18.22751427285815,
        18.64763557328167,
        18.84136533723082,
        19.05858860115352,
        10.072411478273857,
        14.032587876011192,
        11.379058787518483,
        14.866714191484391,
        12.497419829928807,
        12.593952286164107,
        18.810391698014342,
        17.187447055559762,
        18.60849460035667,
        16.55571623153065,
        18.38799438653578,
        13.741023264248572,
        16.884441321934126,
        0
    ],
    "scores_var": [
        0,
        18.691708122562805,
        368.14695563549674,
        21.038319900078818,
        20.53490685611952,
        284.967461150801,
        345.97989805016925,
        16.430183897053343,
        21.640870121401868,
        392.9290690511234,
        282.81304772844555,
        19.458625150748095,
        253.0915082901603,
        20.92136588918475,
        19.42158495156813,
        22.840120318780592,
        351.0007324075535,
        18.185932834846625,
        306.6803604106151,
        0
    ],
    "vertex_number": 20,
    "minimum_distances": {
        "cost": 384.5938213080403,
        "path": [
            0,
            1,
            13,
            14,
            12,
            11,
            9,
            18,
            2,
            3,
            4,
            17,
            10,
            5,
            7,
            15,
            8,
            6,
            16,
            19
        ]
    }
}