{
    "vertices": [
        [
            75.72220099225169,
            9.921894713251033
        ],
        [
            62.738457010224,
            75.2283589907339
        ],
        [
            45.989781526581076,
            64.49047066855219
        ],
        [
            58.03160563075267,
            37.8800418965861
        ],
        [
            69.46922144592963,
            92.555226024767
        ],
        [
            13.621786449855422,
            73.48375409982475
        ],
        [
            87.89724277829613,
            96.2227986022344
        ],
        [
            69.7312867307436,
            10.673551634531053
        ],
        [
            26.642424223776107,
            10.792941672736688
        ],
        [
            28.72605271086297,
            58.13222216426437
        ],
        [
            45.02213945790916,
            82.40159079003084
        ],
        [
            49.61712199496612,
            78.2057087121158
        ],
        [
            78.43346392180185,
            55.01398970315371
        ],
        [
            88.3540961217045,
            91.21326900973936
        ],
        [
            16.40617958596534,
            7.914097900475081
        ],
        [
            79.42585458432377,
            99.78569944494528
        ],
        [
            96.50649525470992,
            84.75696116490845
        ],
        [
            78.8271873279191,
            74.07966052355953
        ],
        [
            61.80904709282671,
            35.86119106224892
        ],
        [
            10.748189723745483,
            43.07071663609373
        ],
        [
            91.00244224739309,
            62.2474888113955
        ],
        [
            75.72220099225169,
            9.921894713251033
        ]
    ],
    "distances": [
        [
            0.0,
            66.58462197998112,
            62.14295011561698,
            33.08496876482305,
            82.8695794417076,
            88.86265500769169,
            87.15547977349142,
            6.037883885605044,
            49.08750564501138,
            67.32661900184952,
            78.71340496760884,
            73.10372359658624,
            45.17353182175995,
            82.26695758063049,
            59.349992784434384,
            89.94009367788173,
            77.6677156791188,
            64.23285649817444,
            29.43506321566542,
            72.94152819342564,
            54.51104081320679,
            0.0
        ],
        [
            66.58462197998112,
            0.0,
            19.895235009318885,
            37.643741042482,
            18.588262724203755,
            49.14764463492795,
            32.76783477626635,
            64.93244813108961,
            73.85693324167187,
            38.06732904489834,
            19.11342884102441,
            13.454889220876012,
            25.592068451947004,
            30.194011250665433,
            81.71835581707454,
            29.690608076968008,
            35.08667362795663,
            16.129685409331774,
            39.378137506795476,
            61.13183993900744,
            31.102344800669755,
            66.58462197998112
        ],
        [
            62.14295011561698,
            19.895235009318885,
            0.0,
            29.208225676745393,
            36.59118189032005,
            33.59414014619421,
            52.56591999246991,
            58.82108332625015,
            57.07665770574559,
            18.397381788312543,
            17.937239341077568,
            14.186802087334486,
            33.799352343639924,
            50.08835296052709,
            63.844149766233244,
            48.6181463643014,
            54.43040513287237,
            34.20888454535056,
            32.7090937482422,
            41.240461389377174,
            45.06850999066274,
            62.14295011561698
        ],
        [
            33.08496876482305,
            37.643741042482,
            29.208225676745393,
            0.0,
            55.858704021719575,
            56.919736140736234,
            65.54260860114738,
            29.615463025601695,
            41.46072488436431,
            35.62255237254895,
            46.383343195308264,
            41.19421001759874,
            26.642221926225204,
            61.350521952767856,
            51.28970552643212,
            65.4982772657579,
            60.64456028090652,
            41.74767786191041,
            4.283085650637863,
            47.56747338346218,
            40.99815284067382,
            33.08496876482305
        ],
        [
            82.8695794417076,
            18.588262724203755,
            36.59118189032005,
            55.858704021719575,
            0.0,
            59.01404101588532,
            18.78944008844185,
            81.8820937639123,
            92.29954335081901,
            53.338063269622864,
            26.4717986961421,
            24.49519340027799,
            38.596658763699324,
            18.932494292879234,
            99.89898388664983,
            12.305051374637694,
            28.13942269904379,
            20.710336695425468,
            57.20919394163107,
            76.79112081455415,
            37.17846867582582,
            82.8695794417076
        ],
        [
            88.86265500769169,
            49.14764463492795,
            33.59414014619421,
            56.919736140736234,
            59.01404101588532,
            0.0,
            77.67823091240345,
            84.22231031919142,
            64.02870427244322,
            21.536211181448355,
            32.64215036212497,
            36.303733091317845,
            67.3920301934594,
            76.8066000277973,
            65.6287487252144,
            70.86584305561784,
            83.64783410942437,
            65.2081237894086,
            61.13484552847105,
            30.54849269464234,
            78.19219621732695,
            88.86265500769169
        ],
        [
            87.15547977349142,
            32.76783477626635,
            52.56591999246991,
            65.54260860114738,
            18.78944008844185,
            77.67823091240345,
            0.0,
            87.45670709478325,
            105.12094582499542,
            70.37131338388633,
            45.04775543933321,
            42.30819276800828,
            42.281544923590246,
            5.030318251906826,
            113.61953501050222,
            9.190140387826736,
            14.33822361179454,
            23.928737322394916,
            65.75802322861126,
            93.68628610714168,
            34.116915732908126,
            87.15547977349142
        ],
        [
            6.037883885605044,
            64.93244813108961,
            58.82108332625015,
            29.615463025601695,
            81.8820937639123,
            84.22231031919142,
            87.45670709478325,
            0.0,
            43.089027908802635,
            62.71965103119558,
            75.8647056281347,
            70.4639756369847,
            45.18630695223871,
            82.66471499068084,
            53.396457156935774,
            89.63793579312714,
            78.77349401383367,
            64.05521096773496,
            26.40414855323514,
            67.29474000748816,
            55.78828777563127,
            6.037883885605044
        ],
        [
            49.08750564501138,
            73.85693324167187,
            57.07665770574559,
            41.46072488436431,
            92.29954335081901,
            64.02870427244322,
            105.12094582499542,
            43.089027908802635,
            0.0,
            47.38511353925126,
            73.92978128258987,
            71.22020708747708,
            68.10148957189503,
            101.36942091887586,
            10.63336474264845,
            103.46884292640843,
            101.74313048286714,
            82.02718014864719,
            43.18690185077894,
            35.97890280326906,
            82.4001355656941,
            49.08750564501138
        ],
        [
            67.32661900184952,
            38.06732904489834,
            18.397381788312543,
            35.62255237254895,
            53.338063269622864,
            21.536211181448355,
            70.37131338388633,
            62.71965103119558,
            47.38511353925126,
            0.0,
            29.232938558423996,
            28.97208377076061,
            49.805121252486636,
            68.1898762383223,
            51.70724589829706,
            65.61617239355233,
            72.82214716892214,
            52.577984747800095,
            39.8808643790977,
            23.453198211729752,
            62.4122112513459,
            67.32661900184952
        ],
        [
            78.71340496760884,
            19.11342884102441,
            17.937239341077568,
            46.383343195308264,
            26.4717986961421,
            32.64215036212497,
            45.04775543933321,
            75.8647056281347,
            73.92978128258987,
            29.232938558423996,
            0.0,
            6.22248269805767,
            43.201820514018,
            44.21882112133614,
            79.79511110565808,
            38.54637269867764,
            51.538205842019984,
            34.81430431379715,
            49.47533804598991,
            52.169160354493116,
            50.20334721089677,
            78.71340496760884
        ],
        [
            73.10372359658624,
            13.454889220876012,
            14.186802087334486,
            41.19421001759874,
            24.49519340027799,
            36.303733091317845,
            42.30819276800828,
            70.4639756369847,
            71.22020708747708,
            28.97208377076061,
            6.22248269805767,
            0.0,
            36.98969305948569,
            40.86257198698966,
            77.74237741533977,
            36.80022470872752,
            47.34482266723362,
            29.500037125564273,
            44.06473888033072,
            52.395243716265604,
            44.355490244113945,
            73.10372359658624
        ],
        [
            45.17353182175995,
            25.592068451947004,
            33.799352343639924,
            26.642221926225204,
            38.596658763699324,
            67.3920301934594,
            42.281544923590246,
            45.18630695223871,
            68.10148957189503,
            49.805121252486636,
            43.201820514018,
            36.98969305948569,
            0.0,
            37.534074726332946,
            77.88314201354964,
            44.78270684572668,
            34.803431051191396,
            19.069735759904965,
            25.361406323044395,
            68.73091091219754,
            14.501818006654105,
            45.17353182175995
        ],
        [
            82.26695758063049,
            30.194011250665433,
            50.08835296052709,
            61.350521952767856,
            18.932494292879234,
            76.8066000277973,
            5.030318251906826,
            82.66471499068084,
            101.36942091887586,
            68.1898762383223,
            44.21882112133614,
            40.86257198698966,
            37.534074726332946,
            0.0,
            110.0693172565551,
            12.37740120203976,
            10.399303948392541,
            19.604145758558296,
            61.38804575037866,
            91.32569220596135,
            29.0865975958038,
            82.26695758063049
        ],
        [
            59.349992784434384,
            81.71835581707454,
            63.844149766233244,
            51.28970552643212,
            99.89898388664983,
            65.6287487252144,
            113.61953501050222,
            53.396457156935774,
            10.63336474264845,
            51.70724589829706,
            79.79511110565808,
            77.74237741533977,
            77.88314201354964,
            110.0693172565551,
            0.0,
            111.40857510642805,
            110.99948740831613,
            90.96298084798211,
            53.31472961610585,
            35.60899732093892,
            92.28607571530826,
            59.349992784434384
        ],
        [
            89.94009367788173,
            29.690608076968008,
            48.6181463643014,
            65.4982772657579,
            12.305051374637694,
            70.86584305561784,
            9.190140387826736,
            89.63793579312714,
            103.46884292640843,
            65.61617239355233,
            38.54637269867764,
            36.80022470872752,
            44.78270684572668,
            12.37740120203976,
            111.40857510642805,
            0.0,
            22.751071623127864,
            25.71300914929426,
            66.30757632549907,
            89.06857428807444,
            39.28275244289125,
            89.94009367788173
        ],
        [
            77.6677156791188,
            35.08667362795663,
            54.43040513287237,
            60.64456028090652,
            28.13942269904379,
            83.64783410942437,
            14.33822361179454,
            78.77349401383367,
            101.74313048286714,
            72.82214716892214,
            51.538205842019984,
            47.34482266723362,
            34.803431051191396,
            10.399303948392541,
            110.99948740831613,
            22.751071623127864,
            0.0,
            20.65339385563638,
            59.95589414626977,
            95.35318531888896,
            23.17263353917541,
            77.6677156791188
        ],
        [
            64.23285649817444,
            16.129685409331774,
            34.20888454535056,
            41.74767786191041,
            20.710336695425468,
            65.2081237894086,
            23.928737322394916,
            64.05521096773496,
            82.02718014864719,
            52.577984747800095,
            34.81430431379715,
            29.500037125564273,
            19.069735759904965,
            19.604145758558296,
            90.96298084798211,
            25.71300914929426,
            20.65339385563638,
            0.0,
            41.83621045250636,
            74.80845216822148,
            16.977547519601,
            64.23285649817444
        ],
        [
            29.43506321566542,
            39.378137506795476,
            32.7090937482422,
            4.283085650637863,
            57.20919394163107,
            61.13484552847105,
            65.75802322861126,
            26.40414855323514,
            43.18690185077894,
            39.8808643790977,
            49.47533804598991,
            44.06473888033072,
            25.361406323044395,
            61.38804575037866,
            53.31472961610585,
            66.30757632549907,
            59.95589414626977,
            41.83621045250636,
            0.0,
            51.567319246452776,
            39.350870759835516,
            29.43506321566542
        ],
        [
            72.94152819342564,
            61.13183993900744,
            41.240461389377174,
            47.56747338346218,
            76.79112081455415,
            30.54849269464234,
            93.68628610714168,
            67.29474000748816,
            35.97890280326906,
            23.453198211729752,
            52.169160354493116,
            52.395243716265604,
            68.73091091219754,
            91.32569220596135,
            35.60899732093892,
            89.06857428807444,
            95.35318531888896,
            74.80845216822148,
            51.567319246452776,
            0.0,
            82.51359669286526,
            72.94152819342564
        ],
        [
            54.51104081320679,
            31.102344800669755,
            45.06850999066274,
            40.99815284067382,
            37.17846867582582,
            78.19219621732695,
            34.116915732908126,
            55.78828777563127,
            82.4001355656941,
            62.4122112513459,
            50.20334721089677,
            44.355490244113945,
            14.501818006654105,
            29.0865975958038,
            92.28607571530826,
            39.28275244289125,
            23.17263353917541,
            16.977547519601,
            39.350870759835516,
            82.51359669286526,
            0.0,
            54.51104081320679
        ],
        [
            0.0,
            66.58462197998112,
            62.14295011561698,
            33.08496876482305,
            82.8695794417076,
            88.86265500769169,
            87.15547977349142,
            6.037883885605044,
            49.08750564501138,
            67.32661900184952,
            78.71340496760884,
            73.10372359658624,
            45.17353182175995,
            82.26695758063049,
            59.349992784434384,
            89.94009367788173,
            77.6677156791188,
            64.23285649817444,
            29.43506321566542,
            72.94152819342564,
            54.51104081320679,
            0.0
        ]
    ],
    "scores_ave": [
        0,
        19.687089190853616,
        11.981634488365616,
        12.857394565984272,
        18.182748971931737,
        11.111716719909726,
        10.222157997473595,
        10.141666118458163,
        13.838310704289398,
        10.909807901782031,
        11.033501772610538,
        10.326906997223226,
        12.040040657026587,
        11.21342916299377,
        19.214440340266016,
        17.507983596192922,
        17.19585029163245,
        16.702977444753586,
        15.059532369735347,
        16.54685559712233,
        13.786698475579142,
        0
    ],
    "scores_var": [
        0,
        301.99109049013805,
        22.60095042612414,
        21.756719712065628,
        299.50964198743895,
        16.76399383951318,
        24.922755350160912,
        24.933963364640448,
        374.4599634107569,
        231.02139793765383,
        291.7275601075317,
        24.65662117674008,
        319.8129295893698,
        23.940668794899395,
        276.701696402114,
        20.56114990384535,
        381.10421137605397,
        290.1180769285075,
        307.4525320234171,
        380.91911763260305,
        23.532070900340063,
        0
    ],
    "vertex_number": 22,
    "minimum_distances": {
        "cost": 375.2656291882885,
        "path": [
            0,
            18,
            3,
            12,
            20,
            16,
            13,
            6,
            15,
            4,
            17,
            1,
            11,
            10,
            2,
            9,
            5,
            19,
            14,
            8,
            7,
            21
        ]
    }
}