{
    "vertices": [
        [
            74.66012618036156,
            81.41813744270003
        ],
        [
            70.64767818609458,
            50.7827303040757
        ],
        [
            10.076288913473642,
            74.4573015242888
        ],
        [
            62.35984556001761,
            12.620656444802203
        ],
        [
            76.1397070544005,
            63.47733993335522
        ],
        [
            80.61905778644135,
            32.5764584573212
        ],
        [
            6.0765065028330785,
            84.32338995419961
        ],
        [
            78.47665219584817,
            54.66029276080198
        ],
        [
            73.70154040028434,
            44.21658443800476
        ],
        [
            56.28858341379102,
            68.2969247444997
        ],
        [
            34.12058344680003,
            65.03005509750753
        ],
        [
            31.581435559380843,
            60.790078282655394
        ],
        [
            7.593420657684291,
            15.016375583475694
        ],
        [
            75.67750633511287,
            56.878636311568044
        ],
        [
            17.07661861941949,
            33.128514465275636
        ],
        [
            74.66012618036156,
            81.41813744270003
        ]
    ],
    "distances": [
        [
            0.0,
            30.89705341057577,
            64.95787306246183,
            69.88841316695724,
            18.00170477577429,
            49.20384610979849,
            68.64512641278655,
            27.02865373723719,
            37.21390106746292,
            22.57608926043977,
            43.72669399804965,
            47.762855969136446,
            94.37762959342987,
            24.56058179571709,
            75.15150051943651,
            0.0
        ],
        [
            30.89705341057577,
            0.0,
            65.033672208144,
            39.05165874682549,
            13.831684450207138,
            20.758052550567864,
            72.76271065810208,
            8.7366083036388,
            7.241570683061548,
            22.6479714229989,
            39.207332399220135,
            40.32763725453859,
            72.49187211307812,
            7.9031159210047015,
            56.40505083748431,
            30.89705341057577
        ],
        [
            64.95787306246183,
            65.033672208144,
            0.0,
            80.97741024692483,
            66.96965561357861,
            82.0383279709241,
            10.646030257297305,
            71.20766288218132,
            70.44624615018589,
            46.62109399245183,
            25.826363948426994,
            25.480665678090475,
            59.49275847930431,
            67.91560349332177,
            41.91745764906552,
            64.95787306246183
        ],
        [
            69.88841316695724,
            39.05165874682549,
            80.97741024692483,
            0.0,
            52.69048147682119,
            27.048712817663606,
            91.15424426841383,
            45.02313269551864,
            33.569877980138294,
            56.0063128212178,
            59.53319235382222,
            57.16295760683089,
            54.81879939194511,
            46.218274204123645,
            49.71059125318877,
            69.88841316695724
        ],
        [
            18.00170477577429,
            13.831684450207138,
            66.96965561357861,
            52.69048147682119,
            0.0,
            31.223854005816403,
            73.09863112945894,
            9.121492939051421,
            19.414462621584892,
            20.427812108656656,
            42.04780223902072,
            44.639230882747114,
            83.94675958308895,
            6.6148710488638525,
            66.40406330015011,
            18.00170477577429
        ],
        [
            49.20384610979849,
            20.758052550567864,
            82.0383279709241,
            27.048712817663606,
            31.223854005816403,
            0.0,
            90.74324697305026,
            22.187510884689143,
            13.540479298531817,
            43.21948281703115,
            56.704003833928645,
            56.57470050590094,
            75.10725789560702,
            24.799491511028453,
            63.54483725001262,
            49.20384610979849
        ],
        [
            68.64512641278655,
            72.76271065810208,
            10.646030257297305,
            91.15424426841383,
            73.09863112945894,
            90.74324697305026,
            0.0,
            78.24116839282735,
            78.62379447944058,
            52.7076868666201,
            34.03972710718446,
            34.70328751587627,
            69.32361264054926,
            74.81653346792906,
            52.36332440653382,
            68.64512641278655
        ],
        [
            27.02865373723719,
            8.7366083036388,
            71.20766288218132,
            45.02313269551864,
            9.121492939051421,
            22.187510884689143,
            78.24116839282735,
            0.0,
            11.483585511145758,
            26.043581323161128,
            45.552088928939824,
            47.29413931900152,
            81.21620948096296,
            3.5715914742446397,
            65.06597881961255,
            27.02865373723719
        ],
        [
            37.21390106746292,
            7.241570683061548,
            70.44624615018589,
            33.569877980138294,
            19.414462621584892,
            13.540479298531817,
            78.62379447944058,
            11.483585511145758,
            0.0,
            29.716558688550595,
            44.7197128149048,
            45.26349445223352,
            72.26988095361763,
            12.815303313788958,
            57.70032116383062,
            37.21390106746292
        ],
        [
            22.57608926043977,
            22.6479714229989,
            46.62109399245183,
            56.0063128212178,
            20.427812108656656,
            43.21948281703115,
            52.7076868666201,
            26.043581323161128,
            29.716558688550595,
            0.0,
            22.407424212232673,
            25.822391424912404,
            72.18057768364022,
            22.501280914351984,
            52.67252855714129,
            22.57608926043977
        ],
        [
            43.72669399804965,
            39.207332399220135,
            25.826363948426994,
            59.53319235382222,
            42.04780223902072,
            56.704003833928645,
            34.03972710718446,
            45.552088928939824,
            44.7197128149048,
            22.407424212232673,
            0.0,
            4.942132675745258,
            56.61323612171039,
            42.348830776881506,
            36.169117099356015,
            43.72669399804965
        ],
        [
            47.762855969136446,
            40.32763725453859,
            25.480665678090475,
            57.16295760683089,
            44.639230882747114,
            56.57470050590094,
            34.70328751587627,
            47.29413931900152,
            45.26349445223352,
            25.822391424912404,
            4.942132675745258,
            0.0,
            51.67839701187438,
            44.26920866868473,
            31.23382505049234,
            47.762855969136446
        ],
        [
            94.37762959342987,
            72.49187211307812,
            59.49275847930431,
            54.81879939194511,
            83.94675958308895,
            75.10725789560702,
            69.32361264054926,
            81.21620948096296,
            72.26988095361763,
            72.18057768364022,
            56.61323612171039,
            51.67839701187438,
            0.0,
            79.92428664553859,
            20.444574303591356,
            94.37762959342987
        ],
        [
            24.56058179571709,
            7.9031159210047015,
            67.91560349332177,
            46.218274204123645,
            6.6148710488638525,
            24.799491511028453,
            74.81653346792906,
            3.5715914742446397,
            12.815303313788958,
            22.501280914351984,
            42.348830776881506,
            44.26920866868473,
            79.92428664553859,
            0.0,
            63.23078624199638,
            24.56058179571709
        ],
        [
            75.15150051943651,
            56.40505083748431,
            41.91745764906552,
            49.71059125318877,
            66.40406330015011,
            63.54483725001262,
            52.36332440653382,
            65.06597881961255,
            57.70032116383062,
            52.67252855714129,
            36.169117099356015,
            31.23382505049234,
            20.444574303591356,
            63.23078624199638,
            0.0,
            75.15150051943651
        ],
        [
            0.0,
            30.89705341057577,
            64.95787306246183,
            69.88841316695724,
            18.00170477577429,
            49.20384610979849,
            68.64512641278655,
            27.02865373723719,
            37.21390106746292,
            22.57608926043977,
            43.72669399804965,
            47.762855969136446,
            94.37762959342987,
            24.56058179571709,
            75.15150051943651,
            0.0
        ]
    ],
    "scores_ave": [
        0,
        17.875417482317516,
        11.715300482603967,
        13.412824570559696,
        17.133885718209832,
        10.590664134995832,
        18.986474320366813,
        14.21664013894294,
        16.86658058780416,
        11.295380204402353,
        15.928669270632957,
        10.525939533854856,
        13.240349618050564,
        18.256365723253158,
        13.658067864752503,
        0
    ],
    "scores_var": [
        0,
        22.792871027552888,
        344.1251195142165,
        24.014905576312973,
        22.31096673177415,
        16.61309805661017,
        225.69177766296963,
        18.637532417639466,
        280.88987927712924,
        23.837315924763367,
        23.526853425640006,
        226.74704875409896,
        329.5414757871991,
        249.97229625951513,
        244.21657019723907,
        0
    ],
    "vertex_number": 16,
    "minimum_distances": {
        "cost": 297.21133366797176,
        "path": [
            0,
            9,
            10,
            11,
            6,
            2,
            14,
            12,
            3,
            5,
            8,
            1,
            7,
            13,
            4,
            15
        ]
    }
}