{
    "vertices": [
        [
            4.736173235839535,
            36.064798265621455
        ],
        [
            44.50128470643811,
            81.32718443778892
        ],
        [
            61.7230438066089,
            30.50368353564863
        ],
        [
            4.4856487319706595,
            73.74378415298565
        ],
        [
            21.61581217184524,
            90.98969466358749
        ],
        [
            40.19038811853761,
            41.988512033654814
        ],
        [
            22.35777302000036,
            19.799114315952117
        ],
        [
            24.21238049869572,
            2.2548986120888737
        ],
        [
            73.35129465298363,
            26.770389558690955
        ],
        [
            37.028084467682575,
            14.176388304832944
        ],
        [
            58.91443589613571,
            28.64784930019624
        ],
        [
            37.37821407180372,
            4.429925005575608
        ],
        [
            92.00118545453083,
            25.18271027901996
        ],
        [
            64.46430176105984,
            88.1367490867978
        ],
        [
            15.822657947905295,
            80.15256475877797
        ],
        [
            7.040058377396818,
            49.2557295710631
        ],
        [
            4.736173235839535,
            36.064798265621455
        ]
    ],
    "distances": [
        [
            0.0,
            60.24904723120148,
            57.257570804999574,
            37.67981873665569,
            57.46012926314404,
            35.94567759486692,
            23.981102003529102,
            39.01835419296507,
            69.2417570567132,
            39.01115252869077,
            54.68359239153701,
            45.45622109366238,
            87.94090172653722,
            79.23974633634464,
            45.460326633515976,
            13.390614453801918,
            0.0
        ],
        [
            60.24904723120148,
            0.0,
            53.66206509680903,
            40.72786616458869,
            24.841677821662262,
            39.57417056504601,
            65.39142545261628,
            81.63373089386612,
            61.71520834766537,
            67.5653620067143,
            54.61548569550478,
            77.22646336231583,
            73.54211412274829,
            21.092468339010246,
            28.702671724868303,
            49.31451809907593,
            60.24904723120148
        ],
        [
            57.257570804999574,
            53.66206509680903,
            0.0,
            71.73441082442687,
            72.57511675205029,
            24.40402726210663,
            40.794758808973114,
            46.957892962282294,
            12.212849858432019,
            29.604418357830326,
            3.366362889566387,
            35.672280817200495,
            30.742130993953264,
            57.69822128970613,
            67.61550730924291,
            57.80889313908133,
            57.257570804999574
        ],
        [
            37.67981873665569,
            40.72786616458869,
            71.73441082442687,
            0.0,
            24.307692790894457,
            47.7831112636611,
            56.828164059675,
            74.16066816093124,
            83.36052415759899,
            67.87698263582038,
            70.68335173440069,
            76.72243429755201,
            100.0856985969051,
            61.68140934487324,
            13.023065952968471,
            24.62092252219369,
            37.67981873665569
        ],
        [
            57.46012926314404,
            24.841677821662262,
            72.57511675205029,
            24.307692790894457,
            0.0,
            52.403537769233274,
            71.19444666638911,
            88.77277847052584,
            82.46623124474628,
            78.34425423146816,
            72.64773234615922,
            87.9832202008081,
            96.35694041393025,
            42.943362217473805,
            12.28836931557926,
            44.20606792082306,
            57.46012926314404
        ],
        [
            35.94567759486692,
            39.57417056504601,
            24.40402726210663,
            47.7831112636611,
            52.403537769233274,
            0.0,
            28.467025350868123,
            42.82588893454718,
            36.486120290451055,
            27.99132706192237,
            22.99050341653411,
            37.663719710285164,
            54.46828153345256,
            52.142906196698576,
            45.280030853288125,
            33.93754282033952,
            35.94567759486692
        ],
        [
            23.981102003529102,
            65.39142545261628,
            40.794758808973114,
            56.828164059675,
            71.19444666638911,
            28.467025350868123,
            0.0,
            17.64196909541887,
            51.46783390666015,
            15.710922498953142,
            37.612361152429635,
            21.490128651287577,
            69.85118467871301,
            80.26825081372563,
            60.70623287077004,
            33.20127353219855,
            23.981102003529102
        ],
        [
            39.01835419296507,
            81.63373089386612,
            46.957892962282294,
            74.16066816093124,
            88.77277847052584,
            42.82588893454718,
            17.64196909541887,
            0.0,
            54.91486302100193,
            17.503262116385866,
            43.59840014073752,
            13.344283925604314,
            71.5612089415384,
            94.84676803282136,
            78.34815783144026,
            50.039651856020356,
            39.01835419296507
        ],
        [
            69.2417570567132,
            61.71520834766537,
            12.212849858432019,
            83.36052415759899,
            82.46623124474628,
            36.486120290451055,
            51.46783390666015,
            54.91486302100193,
            0.0,
            38.4445635395661,
            14.55842525296433,
            42.345706782967575,
            18.717348968396447,
            62.00652162792213,
            78.48057511408585,
            70.01978700245155,
            69.2417570567132
        ],
        [
            39.01115252869077,
            67.5653620067143,
            29.604418357830326,
            67.87698263582038,
            78.34425423146816,
            27.99132706192237,
            15.710922498953142,
            17.503262116385866,
            38.4445635395661,
            0.0,
            26.23805560993561,
            9.752750257412123,
            56.06407901240944,
            78.88523934404851,
            69.30025954762192,
            46.15021010206018,
            39.01115252869077
        ],
        [
            54.68359239153701,
            54.61548569550478,
            3.366362889566387,
            70.68335173440069,
            72.64773234615922,
            22.99050341653411,
            37.612361152429635,
            43.59840014073752,
            14.55842525296433,
            26.23805560993561,
            0.0,
            32.408590028059066,
            33.267704831804046,
            59.74721925695767,
            67.15383117297974,
            55.81788039880255,
            54.68359239153701
        ],
        [
            45.45622109366238,
            77.22646336231583,
            35.672280817200495,
            76.72243429755201,
            87.9832202008081,
            37.663719710285164,
            21.490128651287577,
            13.344283925604314,
            42.345706782967575,
            9.752750257412123,
            32.408590028059066,
            0.0,
            58.43241479935528,
            87.98004628365884,
            78.73093528597128,
            54.1272246275509,
            45.45622109366238
        ],
        [
            87.94090172653722,
            73.54211412274829,
            30.742130993953264,
            100.0856985969051,
            96.35694041393025,
            54.46828153345256,
            69.85118467871301,
            71.5612089415384,
            18.717348968396447,
            56.06407901240944,
            33.267704831804046,
            58.43241479935528,
            0.0,
            68.713106215328,
            93.94068849334388,
            88.30573804715068,
            87.94090172653722
        ],
        [
            79.23974633634464,
            21.092468339010246,
            57.69822128970613,
            61.68140934487324,
            42.943362217473805,
            52.142906196698576,
            80.26825081372563,
            94.84676803282136,
            62.00652162792213,
            78.88523934404851,
            59.74721925695767,
            87.98004628365884,
            68.713106215328,
            0.0,
            49.29256244333006,
            69.34895389815992,
            79.23974633634464
        ],
        [
            45.460326633515976,
            28.702671724868303,
            67.61550730924291,
            13.023065952968471,
            12.28836931557926,
            45.280030853288125,
            60.70623287077004,
            78.34815783144026,
            78.48057511408585,
            69.30025954762192,
            67.15383117297974,
            78.73093528597128,
            93.94068849334388,
            49.29256244333006,
            0.0,
            32.120841829452594,
            45.460326633515976
        ],
        [
            13.390614453801918,
            49.31451809907593,
            57.80889313908133,
            24.62092252219369,
            44.20606792082306,
            33.93754282033952,
            33.20127353219855,
            50.039651856020356,
            70.01978700245155,
            46.15021010206018,
            55.81788039880255,
            54.1272246275509,
            88.30573804715068,
            69.34895389815992,
            32.120841829452594,
            0.0,
            13.390614453801918
        ],
        [
            0.0,
            60.24904723120148,
            57.257570804999574,
            37.67981873665569,
            57.46012926314404,
            35.94567759486692,
            23.981102003529102,
            39.01835419296507,
            69.2417570567132,
            39.01115252869077,
            54.68359239153701,
            45.45622109366238,
            87.94090172653722,
            79.23974633634464,
            45.460326633515976,
            13.390614453801918,
            0.0
        ]
    ],
    "scores_ave": [
        0,
        13.591242341664543,
        14.792128272999594,
        12.341059927833953,
        18.964417024079648,
        18.410685232603328,
        14.866538160330094,
        10.299900974151008,
        12.233014249955403,
        17.444918499017444,
        10.467560761526643,
        15.753675757547159,
        16.18013533029808,
        14.098627654883298,
        11.596976935971222,
        12.059223965268057,
        0
    ],
    "scores_var": [
        0,
        21.473549889391656,
        395.4878011894453,
        283.6434015068401,
        356.06534731616136,
        17.514012059522365,
        16.207300956582042,
        322.77709421157215,
        17.75023064779488,
        24.432100637299396,
        367.34287784623655,
        19.83037781045051,
        24.076566706561607,
        253.33205240228116,
        20.043872625794997,
        24.342548287813873,
        0
    ],
    "vertex_number": 17,
    "minimum_distances": {
        "cost": 327.9687220973595,
        "path": [
            0,
            6,
            7,
            11,
            9,
            5,
            10,
            2,
            8,
            12,
            13,
            1,
            4,
            14,
            3,
            15,
            16
        ]
    }
}