{
    "vertices": [
        [
            76.5420674479766,
            62.183700211550466
        ],
        [
            64.96865926095698,
            43.096823933802696
        ],
        [
            76.74373350113999,
            1.65578494958466
        ],
        [
            27.664886946449396,
            86.79901291025202
        ],
        [
            43.05675546284199,
            84.48725333263154
        ],
        [
            91.11119032865818,
            51.01208128223803
        ],
        [
            80.52541579405309,
            90.85191667880862
        ],
        [
            96.69407802503615,
            68.22801987300626
        ],
        [
            18.74400664414325,
            63.45772174342574
        ],
        [
            1.5229364273141144,
            86.0516728130065
        ],
        [
            26.331093598771837,
            23.016773642220755
        ],
        [
            27.234785687876652,
            33.84826083104225
        ],
        [
            13.58937056070123,
            37.14854573055549
        ],
        [
            97.68859931697934,
            94.78428646619899
        ],
        [
            16.654474423170385,
            94.88742660370951
        ],
        [
            69.93319551287803,
            31.291188148093152
        ],
        [
            18.453552177950307,
            57.94656083667715
        ],
        [
            21.603897500326084,
            84.44377040429511
        ],
        [
            11.753782601136287,
            3.780113564396448
        ],
        [
            51.83575375139768,
            68.56412701915302
        ],
        [
            68.17744173489274,
            73.60731915250778
        ],
        [
            70.86240222386536,
            7.074741839751453
        ],
        [
            53.713477526950136,
            26.128801733145192
        ],
        [
            76.5420674479766,
            62.183700211550466
        ]
    ],
    "distances": [
        [
            0.0,
            22.321573042808236,
            60.52825121508725,
            54.725610028886194,
            40.233252423420666,
            18.359314012625074,
            28.943629687027194,
            21.03894794108728,
            57.81210049416384,
            78.7245205460102,
            63.680373992092655,
            56.86919341309793,
            67.74807012209612,
            38.85838434924343,
            68.2353099079796,
            31.591525601739928,
            58.24284467948127,
            59.276582578475704,
            87.22672060009448,
            25.5168921054453,
            14.158602792231394,
            55.40086542539435,
            42.67435086876545,
            0.0
        ],
        [
            22.321573042808236,
            0.0,
            43.0814587201188,
            57.458269641766194,
            46.832672077058355,
            27.31452414957438,
            50.22510882929121,
            40.473191189858355,
            50.51024321025406,
            76.61904977300794,
            43.54388476022929,
            38.85075461680187,
            51.72246437407497,
            61.17342773057242,
            70.82744511453147,
            12.807015909315647,
            48.82796199953639,
            59.91721409570075,
            66.16363663064256,
            28.65408755420607,
            30.678764698984594,
            36.50104936167451,
            20.361554294000427,
            22.321573042808236
        ],
        [
            60.52825121508725,
            43.0814587201188,
            0.0,
            98.27564523675757,
            89.41959876808029,
            51.404939484132186,
            89.27626244652946,
            69.49732879270533,
            84.75522229901917,
            113.05235159286589,
            54.75149404219732,
            59.054986385187334,
            72.44452792494327,
            95.45472853019673,
            110.91824945455325,
            30.40790276273138,
            81.0333060454848,
            99.46985498052163,
            65.02466063001482,
            71.39421330690566,
            72.4596758809953,
            7.997196469421953,
            33.60537517608073,
            60.52825121508725
        ],
        [
            54.725610028886194,
            57.458269641766194,
            98.27564523675757,
            0.0,
            15.564506056108481,
            72.84324188430541,
            53.01567257901688,
            71.48364150876388,
            24.98795667321832,
            26.15263073126427,
            63.79618366907771,
            52.952498834772314,
            51.60706398050161,
            70.47754882169224,
            13.662050358906237,
            69.76910862905846,
            30.2871702025015,
            6.502519536909086,
            84.52988164007294,
            30.277745384423064,
            42.606195320454646,
            90.67516045679345,
            66.02577977960797,
            54.725610028886194
        ],
        [
            40.233252423420666,
            46.832672077058355,
            89.41959876808029,
            15.564506056108481,
            0.0,
            58.56462971859737,
            38.00538707243806,
            56.047524872517435,
            32.14577661190567,
            41.56327143027308,
            63.705318758800786,
            53.053202439965226,
            55.760918306693675,
            55.59376992304651,
            28.376822376126746,
            59.60003675234469,
            36.190136363966836,
            21.452902030376656,
            86.56511144537457,
            18.18287003048352,
            27.37557025054682,
            82.25479273230285,
            59.32347425969959,
            40.233252423420666
        ],
        [
            18.359314012625074,
            27.31452414957438,
            51.404939484132186,
            72.84324188430541,
            58.56462971859737,
            0.0,
            41.22221618160931,
            18.09854073099462,
            73.42958014940217,
            96.19682017475834,
            70.57051921441871,
            66.14220893131512,
            78.75169939835183,
            44.26362226102183,
            86.42249979321872,
            28.938228875063754,
            72.98780301070948,
            77.12938216968534,
            92.34964502222725,
            43.01899845283672,
            32.19474489689445,
            48.37874757573914,
            44.91955614114347,
            18.359314012625074
        ],
        [
            28.943629687027194,
            50.22510882929121,
            89.27626244652946,
            53.01567257901688,
            38.00538707243806,
            41.22221618160931,
            0.0,
            27.807667018633772,
            67.58242695188092,
            79.14817804133706,
            86.82529118292831,
            78.03401846069384,
            85.81658465988382,
            17.607907336944603,
            63.998300695852144,
            60.49525199215654,
            70.25438559886038,
            59.268960314093306,
            110.95510997523301,
            36.32963357969405,
            21.209634773135484,
            84.33260849322512,
            70.05684578903406,
            28.943629687027194
        ],
        [
            21.03894794108728,
            40.473191189858355,
            69.49732879270533,
            71.48364150876388,
            56.047524872517435,
            18.09854073099462,
            27.807667018633772,
            0.0,
            78.09589856408195,
            96.82576515132341,
            83.63615464086946,
            77.50200722408736,
            88.72612983616467,
            26.574882275728946,
            84.36268198662765,
            45.61221734035825,
            78.91316927322221,
            76.82112845127011,
            106.62263556235483,
            44.85958342040854,
            29.01956936349624,
            66.38523095470376,
            60.16374479006172,
            21.03894794108728
        ],
        [
            57.81210049416384,
            50.51024321025406,
            84.75522229901917,
            24.98795667321832,
            32.14577661190567,
            73.42958014940217,
            67.58242695188092,
            78.09589856408195,
            0.0,
            28.40865861577363,
            41.14649647031264,
            30.80281649933116,
            26.809382977400094,
            84.9329286532032,
            31.49908716942491,
            60.45675264665363,
            5.518809503598162,
            21.180019218727235,
            60.08560684674139,
            33.48341531938547,
            50.46462951848341,
            76.78129707567159,
            51.14989895354049,
            57.81210049416384
        ],
        [
            78.7245205460102,
            76.61904977300794,
            113.05235159286589,
            26.15263073126427,
            41.56327143027308,
            96.19682017475834,
            79.14817804133706,
            96.82576515132341,
            28.40865861577363,
            0.0,
            67.74100069909564,
            58.19188444239092,
            50.36977934374662,
            96.56134454441207,
            17.522385316216642,
            87.62804476245142,
            32.81071576326402,
            20.14523139037529,
            82.9052451575289,
            53.26531559071744,
            67.80623139377084,
            105.09670376803163,
            79.4644767095743,
            78.7245205460102
        ],
        [
            63.680373992092655,
            43.54388476022929,
            54.75149404219732,
            63.79618366907771,
            63.705318758800786,
            70.57051921441871,
            86.82529118292831,
            83.63615464086946,
            41.14649647031264,
            67.74100069909564,
            0.0,
            10.869120208807834,
            19.027834567694136,
            101.205086429803,
            72.51915413034249,
            44.38027970555272,
            35.80706204489233,
            61.608622076467945,
            24.136012240458154,
            52.202002731160455,
            65.65455161188638,
            47.29889878056646,
            27.558658683413096,
            63.680373992092655
        ],
        [
            56.86919341309793,
            38.85075461680187,
            59.054986385187334,
            52.952498834772314,
            53.053202439965226,
            66.14220893131512,
            78.03401846069384,
            77.50200722408736,
            30.80281649933116,
            58.19188444239092,
            10.869120208807834,
            0.0,
            14.038847331989295,
            93.1500889698599,
            61.94935628948233,
            42.774908793469784,
            25.648355212711714,
            50.90788240300138,
            33.81944613118855,
            42.54878370592036,
            57.07086649766201,
            51.187793894524155,
            27.580992916730217,
            56.86919341309793
        ],
        [
            67.74807012209612,
            51.72246437407497,
            72.44452792494327,
            51.60706398050161,
            55.760918306693675,
            78.75169939835183,
            85.81658465988382,
            88.72612983616467,
            26.809382977400094,
            50.36977934374662,
            19.027834567694136,
            14.038847331989295,
            0.0,
            101.95370953303814,
            57.82018009460015,
            56.647464621908455,
            21.35925315080208,
            47.96947903621094,
            33.41888161481256,
            49.49469239090255,
            65.64373293736313,
            64.68874582454309,
            41.60983919228052,
            67.74807012209612
        ],
        [
            38.85838434924343,
            61.17342773057242,
            95.45472853019673,
            70.47754882169224,
            55.59376992304651,
            44.26362226102183,
            17.607907336944603,
            26.574882275728946,
            84.9329286532032,
            96.56134454441207,
            101.205086429803,
            93.1500889698599,
            101.95370953303814,
            0.0,
            81.03419053210436,
            69.29455948601864,
            87.37969286212949,
            76.78416583486161,
            125.16609848328225,
            52.82026323192261,
            36.3231656995903,
            91.72027621555328,
            81.53150875813893,
            38.85838434924343
        ],
        [
            68.2353099079796,
            70.82744511453147,
            110.91824945455325,
            13.662050358906237,
            28.376822376126746,
            86.42249979321872,
            63.998300695852144,
            84.36268198662765,
            31.49908716942491,
            17.522385316216642,
            72.51915413034249,
            61.94935628948233,
            57.82018009460015,
            81.03419053210436,
            0.0,
            82.9644723159165,
            36.98464876655783,
            11.557107925785255,
            91.23902273467169,
            43.93903180759751,
            55.744588380752276,
            103.19673949258102,
            78.10965500587584,
            68.2353099079796
        ],
        [
            31.591525601739928,
            12.807015909315647,
            30.40790276273138,
            69.76910862905846,
            59.60003675234469,
            28.938228875063754,
            60.49525199215654,
            45.61221734035825,
            60.45675264665363,
            87.62804476245142,
            44.38027970555272,
            42.774908793469784,
            56.647464621908455,
            69.29455948601864,
            82.9644723159165,
            0.0,
            57.97122192138681,
            71.83952983482264,
            64.35606662549121,
            41.43415704941924,
            42.35253964653939,
            24.23426699771504,
            17.02144192012745,
            31.591525601739928
        ],
        [
            58.24284467948127,
            48.82796199953639,
            81.0333060454848,
            30.2871702025015,
            36.190136363966836,
            72.98780301070948,
            70.25438559886038,
            78.91316927322221,
            5.518809503598162,
            32.81071576326402,
            35.80706204489233,
            25.648355212711714,
            21.35925315080208,
            87.37969286212949,
            36.98464876655783,
            57.97122192138681,
            0.0,
            26.683830132132073,
            54.5792169464089,
            35.030045582749786,
            52.13179973584134,
            73.03854825495357,
            47.4934956597999,
            58.24284467948127
        ],
        [
            59.276582578475704,
            59.91721409570075,
            99.46985498052163,
            6.502519536909086,
            21.452902030376656,
            77.12938216968534,
            59.268960314093306,
            76.82112845127011,
            21.180019218727235,
            20.14523139037529,
            61.608622076467945,
            50.90788240300138,
            47.96947903621094,
            76.78416583486161,
            11.557107925785255,
            71.83952983482264,
            26.683830132132073,
            0.0,
            81.26284697395342,
            34.14861939265984,
            47.81760866356137,
            91.71895588492116,
            66.57071954398097,
            59.276582578475704
        ],
        [
            87.22672060009448,
            66.16363663064256,
            65.02466063001482,
            84.52988164007294,
            86.56511144537457,
            92.34964502222725,
            110.95510997523301,
            106.62263556235483,
            60.08560684674139,
            82.9052451575289,
            24.136012240458154,
            33.81944613118855,
            33.41888161481256,
            125.16609848328225,
            91.23902273467169,
            64.35606662549121,
            54.5792169464089,
            81.26284697395342,
            0.0,
            76.18092156568117,
            89.77453954371866,
            59.20036730610074,
            47.54029723436044,
            87.22672060009448
        ],
        [
            25.5168921054453,
            28.65408755420607,
            71.39421330690566,
            30.277745384423064,
            18.18287003048352,
            43.01899845283672,
            36.32963357969405,
            44.85958342040854,
            33.48341531938547,
            53.26531559071744,
            52.202002731160455,
            42.54878370592036,
            49.49469239090255,
            52.82026323192261,
            43.93903180759751,
            41.43415704941924,
            35.030045582749786,
            34.14861939265984,
            76.18092156568117,
            0.0,
            17.102179774632184,
            64.36581267905864,
            42.47684873794865,
            25.5168921054453
        ],
        [
            14.158602792231394,
            30.678764698984594,
            72.4596758809953,
            42.606195320454646,
            27.37557025054682,
            32.19474489689445,
            21.209634773135484,
            29.01956936349624,
            50.46462951848341,
            67.80623139377084,
            65.65455161188638,
            57.07086649766201,
            65.64373293736313,
            36.3231656995903,
            55.744588380752276,
            42.35253964653939,
            52.13179973584134,
            47.81760866356137,
            89.77453954371866,
            17.102179774632184,
            0.0,
            66.58673183679495,
            49.63281048811725,
            14.158602792231394
        ],
        [
            55.40086542539435,
            36.50104936167451,
            7.997196469421953,
            90.67516045679345,
            82.25479273230285,
            48.37874757573914,
            84.33260849322512,
            66.38523095470376,
            76.78129707567159,
            105.09670376803163,
            47.29889878056646,
            51.187793894524155,
            64.68874582454309,
            91.72027621555328,
            103.19673949258102,
            24.23426699771504,
            73.03854825495357,
            91.71895588492116,
            59.20036730610074,
            64.36581267905864,
            66.58673183679495,
            0.0,
            25.63479698927816,
            55.40086542539435
        ],
        [
            42.67435086876545,
            20.361554294000427,
            33.60537517608073,
            66.02577977960797,
            59.32347425969959,
            44.91955614114347,
            70.05684578903406,
            60.16374479006172,
            51.14989895354049,
            79.4644767095743,
            27.558658683413096,
            27.580992916730217,
            41.60983919228052,
            81.53150875813893,
            78.10965500587584,
            17.02144192012745,
            47.4934956597999,
            66.57071954398097,
            47.54029723436044,
            42.47684873794865,
            49.63281048811725,
            25.63479698927816,
            0.0,
            42.67435086876545
        ],
        [
            0.0,
            22.321573042808236,
            60.52825121508725,
            54.725610028886194,
            40.233252423420666,
            18.359314012625074,
            28.943629687027194,
            21.03894794108728,
            57.81210049416384,
            78.7245205460102,
            63.680373992092655,
            56.86919341309793,
            67.74807012209612,
            38.85838434924343,
            68.2353099079796,
            31.591525601739928,
            58.24284467948127,
            59.276582578475704,
            87.22672060009448,
            25.5168921054453,
            14.158602792231394,
            55.40086542539435,
            42.67435086876545,
            0.0
        ]
    ],
    "scores_ave": [
        0,
        12.293846290573295,
        16.760795362125265,
        19.86596523230591,
        13.421869426499121,
        12.628743462694628,
        14.930758324506943,
        14.791935321161576,
        18.27233407412791,
        17.491645326574986,
        16.345861108525988,
        18.10495458400932,
        13.446727293178853,
        18.78501694132435,
        14.32674826652044,
        18.8876521062815,
        16.78067306613407,
        15.309932087977055,
        10.033319339806608,
        19.080868482321023,
        17.221178685918677,
        16.645355782653738,
        18.687701170867726,
        0
    ],
    "scores_var": [
        0,
        396.44892696306783,
        312.2788041540583,
        23.941441272085463,
        16.3866068473376,
        21.43216956307255,
        20.543524482181653,
        251.23715432577725,
        295.91501992020073,
        24.577445481091324,
        254.12403333861954,
        257.427778202814,
        371.2224869024478,
        19.07435511578046,
        345.56359948145365,
        341.56517747625196,
        16.271737953414217,
        16.997771532304228,
        22.31587057524792,
        265.0143509981193,
        22.8603487837669,
        22.412723730642092,
        22.0036762143511,
        0
    ],
    "vertex_number": 24,
    "minimum_distances": {
        "cost": 438.74206119410184,
        "path": [
            0,
            1,
            15,
            2,
            21,
            22,
            11,
            10,
            18,
            12,
            16,
            8,
            9,
            14,
            17,
            3,
            4,
            19,
            20,
            6,
            13,
            7,
            5,
            23
        ]
    }
}