{
    "vertices": [
        [
            86.71712712926173,
            68.95909779255864
        ],
        [
            1.318976671601324,
            54.402464682150594
        ],
        [
            68.07377069734291,
            22.345670306305
        ],
        [
            56.29612766509812,
            0.4653081857062591
        ],
        [
            91.47194007990971,
            24.990275300084775
        ],
        [
            18.85625747116897,
            98.9998415626618
        ],
        [
            91.11221323421921,
            20.57000160899448
        ],
        [
            95.22085527616366,
            55.57794518299855
        ],
        [
            71.03911880370313,
            52.180466243903965
        ],
        [
            37.35019304546103,
            86.11017293083246
        ],
        [
            52.25708547712823,
            53.04424513755372
        ],
        [
            83.9245521045425,
            21.99902578398557
        ],
        [
            89.21720627003592,
            87.93657417838726
        ],
        [
            39.52240791147852,
            36.6758061184762
        ],
        [
            7.540841010854726,
            22.864034161344083
        ],
        [
            93.33499108186317,
            13.88778507507472
        ],
        [
            46.91622897465305,
            11.00292203105937
        ],
        [
            7.7195093425588945,
            17.704917618544968
        ],
        [
            44.384475744070286,
            66.37900401307478
        ],
        [
            29.064851628490985,
            70.56612943880208
        ],
        [
            94.58558460817497,
            30.937411447566642
        ],
        [
            99.98997948860776,
            9.370476172655184
        ],
        [
            77.77443798516623,
            86.16902771925585
        ],
        [
            86.71712712926173,
            68.95909779255864
        ]
    ],
    "distances": [
        [
            0.0,
            86.62990054883032,
            50.2034496928627,
            74.94555639333396,
            44.22516927689848,
            74.21282852050342,
            48.58828471280102,
            15.854609347339625,
            22.963501947695054,
            52.2613964531473,
            37.95756849031946,
            47.04303177218761,
            19.14144732471443,
            57.18000037914722,
            91.6168061802504,
            55.46751849255605,
            70.30668391277835,
            94.16801262256863,
            42.41120438293497,
            57.67466879947208,
            38.82732614556939,
            61.04893476804507,
            19.394673939248165,
            0.0
        ],
        [
            86.62990054883032,
            0.0,
            74.05295801704636,
            77.01755632505925,
            94.82949802432942,
            47.921626041540364,
            95.95551516190578,
            93.90923575385882,
            69.75554096973264,
            47.99611771553428,
            50.95621344855818,
            88.73366861025441,
            94.07781495254189,
            42.11575218766863,
            32.146293652174165,
            100.54047031724849,
            62.949421918807495,
            37.25153391415641,
            44.69982891137279,
            32.11070904680827,
            96.17311931769918,
            108.46126859867083,
            82.79222241165171,
            86.62990054883032
        ],
        [
            50.2034496928627,
            74.05295801704636,
            0.0,
            24.848805241369583,
            23.54714984936418,
            91.09459687142528,
            23.106770303258738,
            42.91093444111611,
            29.981800113236464,
            70.78029399970437,
            34.53360722579,
            15.854571380005147,
            68.91452342266727,
            31.945783905318613,
            60.53514910789873,
            26.639539746398867,
            24.006238984542115,
            60.53241651537238,
            50.00117171341983,
            62.02345077363127,
            27.869235595563726,
            34.45286702748427,
            64.55636217515911,
            50.2034496928627
        ],
        [
            74.94555639333396,
            77.01755632505925,
            24.848805241369583,
            0.0,
            42.881368809814845,
            105.40777081388559,
            40.20396139686698,
            67.47249199778351,
            53.775583313408674,
            87.71539942235071,
            52.73384560965141,
            35.02899985167335,
            93.46132778253711,
            39.90686450865446,
            53.654271983404605,
            39.39594254553896,
            14.107579700175032,
            51.54504807496521,
            66.98136120676098,
            75.2041723240166,
            48.93497307853779,
            44.592092393726006,
            88.35409077168116,
            74.94555639333396
        ],
        [
            44.22516927689848,
            94.82949802432942,
            23.54714984936418,
            42.881368809814845,
            0.0,
            103.68439255311357,
            4.4348870230993995,
            30.816552597829855,
            34.011860708681425,
            81.63825934238145,
            48.2164914231522,
            8.118536747362874,
            62.98666816898615,
            53.24758701599955,
            83.95802696776286,
            11.25771949518745,
            46.69965142875916,
            84.06869863964064,
            62.69175513619341,
            77.2774428242604,
            6.712913719472463,
            17.791433898069688,
            62.69339128809139,
            44.22516927689848
        ],
        [
            74.21282852050342,
            47.921626041540364,
            91.09459687142528,
            105.40777081388559,
            103.68439255311357,
            0.0,
            106.64034385911245,
            87.84653028506483,
            70.1078092803448,
            22.54260877681265,
            56.81137345876333,
            100.81174830880148,
            71.22540979940185,
            65.66106280033556,
            76.97207167746556,
            113.09793950288822,
            92.36243742900926,
            82.05420048943162,
            41.42232454396348,
            30.210782509088315,
            101.82055480990017,
            120.89708014926724,
            60.29910263813305,
            74.21282852050342
        ],
        [
            48.58828471280102,
            95.95551516190578,
            23.106770303258738,
            40.20396139686698,
            4.4348870230993995,
            106.64034385911245,
            0.0,
            35.24822056089479,
            37.445301366810746,
            84.76950437316664,
            50.63889261992242,
            7.32834105427514,
            67.39322036482281,
            54.04539714106952,
            83.60285186910419,
            7.042212661242722,
            45.21962003735063,
            83.44190654961372,
            65.43658114698005,
            79.683673862382,
            10.933777730607941,
            14.291399639880307,
            66.94123150352856,
            48.58828471280102
        ],
        [
            15.854609347339625,
            93.90923575385882,
            42.91093444111611,
            67.47249199778351,
            30.816552597829855,
            87.84653028506483,
            35.24822056089479,
            0.0,
            24.419239176622987,
            65.43111246391636,
            43.03841483215659,
            35.42810033505308,
            32.910859482091766,
            58.818431635424815,
            93.58410589356242,
            41.732792065516875,
            65.72875786993471,
            95.34595826300259,
            51.971149263623275,
            67.8326063624036,
            24.648721500081187,
            46.452930349931236,
            35.216357094846146,
            15.854609347339625
        ],
        [
            22.963501947695054,
            69.75554096973264,
            29.981800113236464,
            53.775583313408674,
            34.011860708681425,
            70.1078092803448,
            37.445301366810746,
            24.419239176622987,
            0.0,
            47.81389666828409,
            18.801885274027313,
            32.81697334590714,
            40.11162074207504,
            35.12403096270557,
            69.93914835561762,
            44.31066859957808,
            47.72320149681138,
            72.09671556549105,
            30.200471377430578,
            45.82435723512468,
            31.712827514451494,
            51.68024365555154,
            34.649485358948105,
            22.963501947695054
        ],
        [
            52.2613964531473,
            47.99611771553428,
            70.78029399970437,
            87.71539942235071,
            81.63825934238145,
            22.54260877681265,
            84.76950437316664,
            65.43111246391636,
            47.81389666828409,
            0.0,
            36.2708012428678,
            79.24272906865902,
            51.899159938820745,
            49.48206886906344,
            69.91903559097814,
            91.38036396712502,
            75.7139893356575,
            74.54700779401321,
            20.947557374191398,
            17.614317201580405,
            79.49794750197344,
            99.05919394069402,
            40.424287783848484,
            52.2613964531473
        ],
        [
            37.95756849031946,
            50.95621344855818,
            34.53360722579,
            52.73384560965141,
            48.2164914231522,
            56.81137345876333,
            50.63889261992242,
            43.03841483215659,
            18.801885274027313,
            36.2708012428678,
            0.0,
            44.346748328480174,
            50.82838926151529,
            20.738799594535877,
            53.948008802328005,
            56.750530336694005,
            42.37921184643111,
            56.854760200341445,
            15.485276176979413,
            29.067097212418865,
            47.7536798004486,
            64.69796956868487,
            41.81371186709582,
            37.95756849031946
        ],
        [
            47.04303177218761,
            88.73366861025441,
            15.854571380005147,
            35.02899985167335,
            8.118536747362874,
            100.81174830880148,
            7.32834105427514,
            35.42810033505308,
            32.81697334590714,
            79.24272906865902,
            44.346748328480174,
            0.0,
            66.14962189143321,
            46.76492585184474,
            76.38860883624508,
            12.423710701065469,
            38.607386322197826,
            76.3259320761447,
            59.439045300260375,
            73.26902683767389,
            13.912309381063219,
            20.43473078654345,
            64.46404464547615,
            47.04303177218761
        ],
        [
            19.14144732471443,
            94.07781495254189,
            68.91452342266727,
            93.46132778253711,
            62.98666816898615,
            71.22540979940185,
            67.39322036482281,
            32.910859482091766,
            40.11162074207504,
            51.899159938820745,
            50.82838926151529,
            66.14962189143321,
            0.0,
            71.39495308486221,
            104.4292301332384,
            74.16319383240837,
            87.79612470303314,
            107.58420045537605,
            49.746382359385905,
            62.61020778893147,
            57.25141079480898,
            79.30122570720503,
            11.578478592043409,
            19.14144732471443
        ],
        [
            57.18000037914722,
            42.11575218766863,
            31.945783905318613,
            39.90686450865446,
            53.24758701599955,
            65.66106280033556,
            54.04539714106952,
            58.818431635424815,
            35.12403096270557,
            49.48206886906344,
            20.738799594535877,
            46.76492585184474,
            71.39495308486221,
            0.0,
            34.83655646034631,
            58.43875435482924,
            26.716391359616363,
            37.03132414405152,
            30.09849944389934,
            35.46709035384882,
            55.36138185893429,
            66.34687826782356,
            62.55235238727789,
            57.18000037914722
        ],
        [
            91.6168061802504,
            32.146293652174165,
            60.53514910789873,
            53.654271983404605,
            83.95802696776286,
            76.97207167746556,
            83.60285186910419,
            93.58410589356242,
            69.93914835561762,
            69.91903559097814,
            53.948008802328005,
            76.38860883624508,
            104.4292301332384,
            34.83655646034631,
            0.0,
            86.26244393747183,
            41.12307330765565,
            5.162209398594505,
            57.01759396494769,
            52.333286987612375,
            87.41834366269427,
            93.42868570451405,
            94.5530557587499,
            91.6168061802504
        ],
        [
            55.46751849255605,
            100.54047031724849,
            26.639539746398867,
            39.39594254553896,
            11.25771949518745,
            113.09793950288822,
            7.042212661242722,
            41.732792065516875,
            44.31066859957808,
            91.38036396712502,
            56.750530336694005,
            12.423710701065469,
            74.16319383240837,
            58.43875435482924,
            86.26244393747183,
            0.0,
            46.508320872167495,
            85.70053217050383,
            71.77381846768745,
            85.69180558938628,
            17.095430489157767,
            8.043317127515472,
            73.93719531373985,
            55.46751849255605
        ],
        [
            70.30668391277835,
            62.949421918807495,
            24.006238984542115,
            14.107579700175032,
            46.69965142875916,
            92.36243742900926,
            45.21962003735063,
            65.72875786993471,
            47.72320149681138,
            75.7139893356575,
            42.37921184643111,
            38.607386322197826,
            87.79612470303314,
            26.716391359616363,
            41.12307330765565,
            46.508320872167495,
            0.0,
            39.76555764441977,
            55.433926706480555,
            62.180763503296134,
            51.66963648809645,
            53.09885001672003,
            81.25375380661278,
            70.30668391277835
        ],
        [
            94.16801262256863,
            37.25153391415641,
            60.53241651537238,
            51.54504807496521,
            84.06869863964064,
            82.05420048943162,
            83.44190654961372,
            95.34595826300259,
            72.09671556549105,
            74.54700779401321,
            56.854760200341445,
            76.3259320761447,
            107.58420045537605,
            37.03132414405152,
            5.162209398594505,
            85.70053217050383,
            39.76555764441977,
            0.0,
            60.93838238389752,
            57.00816917258167,
            87.86816218054622,
            92.64611473336517,
            97.95421072625243,
            94.16801262256863
        ],
        [
            42.41120438293497,
            44.69982891137279,
            50.00117171341983,
            66.98136120676098,
            62.69175513619341,
            41.42232454396348,
            65.43658114698005,
            51.971149263623275,
            30.200471377430578,
            20.947557374191398,
            15.485276176979413,
            59.439045300260375,
            49.746382359385905,
            30.09849944389934,
            57.01759396494769,
            71.77381846768745,
            55.433926706480555,
            60.93838238389752,
            0.0,
            15.881527079390413,
            61.45126373611181,
            79.6363252116499,
            38.81410332280036,
            42.41120438293497
        ],
        [
            57.67466879947208,
            32.11070904680827,
            62.02345077363127,
            75.2041723240166,
            77.2774428242604,
            30.210782509088315,
            79.683673862382,
            67.8326063624036,
            45.82435723512468,
            17.614317201580405,
            29.067097212418865,
            73.26902683767389,
            62.61020778893147,
            35.46709035384882,
            52.333286987612375,
            85.69180558938628,
            62.180763503296134,
            57.00816917258167,
            15.881527079390413,
            0.0,
            76.5728524989367,
            93.67647378421321,
            51.1475731368419,
            57.67466879947208
        ],
        [
            38.82732614556939,
            96.17311931769918,
            27.869235595563726,
            48.93497307853779,
            6.712913719472463,
            101.82055480990017,
            10.933777730607941,
            24.648721500081187,
            31.712827514451494,
            79.49794750197344,
            47.7536798004486,
            13.912309381063219,
            57.25141079480898,
            55.36138185893429,
            87.41834366269427,
            17.095430489157767,
            51.66963648809645,
            87.86816218054622,
            61.45126373611181,
            76.5728524989367,
            0.0,
            22.233762191223246,
            57.73340529332582,
            38.82732614556939
        ],
        [
            61.04893476804507,
            108.46126859867083,
            34.45286702748427,
            44.592092393726006,
            17.791433898069688,
            120.89708014926724,
            14.291399639880307,
            46.452930349931236,
            51.68024365555154,
            99.05919394069402,
            64.69796956868487,
            20.43473078654345,
            79.30122570720503,
            66.34687826782356,
            93.42868570451405,
            8.043317127515472,
            53.09885001672003,
            92.64611473336517,
            79.6363252116499,
            93.67647378421321,
            22.233762191223246,
            0.0,
            79.94715632182931,
            61.04893476804507
        ],
        [
            19.394673939248165,
            82.79222241165171,
            64.55636217515911,
            88.35409077168116,
            62.69339128809139,
            60.29910263813305,
            66.94123150352856,
            35.216357094846146,
            34.649485358948105,
            40.424287783848484,
            41.81371186709582,
            64.46404464547615,
            11.578478592043409,
            62.55235238727789,
            94.5530557587499,
            73.93719531373985,
            81.25375380661278,
            97.95421072625243,
            38.81410332280036,
            51.1475731368419,
            57.73340529332582,
            79.94715632182931,
            0.0,
            19.394673939248165
        ],
        [
            0.0,
            86.62990054883032,
            50.2034496928627,
            74.94555639333396,
            44.22516927689848,
            74.21282852050342,
            48.58828471280102,
            15.854609347339625,
            22.963501947695054,
            52.2613964531473,
            37.95756849031946,
            47.04303177218761,
            19.14144732471443,
            57.18000037914722,
            91.6168061802504,
            55.46751849255605,
            70.30668391277835,
            94.16801262256863,
            42.41120438293497,
            57.67466879947208,
            38.82732614556939,
            61.04893476804507,
            19.394673939248165,
            0.0
        ]
    ],
    "scores_ave": [
        0,
        12.936825006024428,
        19.936890943783787,
        19.264236026635793,
        14.339355438571435,
        10.23414911403808,
        13.729377683850434,
        14.115156862295084,
        10.53004537234754,
        13.752925790737827,
        19.015622728246303,
        15.303827727105638,
        12.054469532215819,
        13.68125168409395,
        11.492193799681228,
        15.574093869104995,
        14.141676995748673,
        15.771461654050373,
        17.26894860350455,
        11.769929432917653,
        16.57817768261325,
        15.582047163686173,
        18.948818338568813,
        0
    ],
    "scores_var": [
        0,
        18.64863429644177,
        374.8403552183945,
        24.03027653754055,
        275.81348331092295,
        19.99602643141105,
        20.799266399139317,
        16.84947923891135,
        393.5458915998074,
        22.20569708213712,
        335.9495788388524,
        22.897032690496825,
        20.036255005108345,
        338.6821276808631,
        24.13830254761702,
        20.979026783703983,
        281.3484082642816,
        359.4371065011565,
        298.9168571720561,
        18.633471187370933,
        225.98985744595623,
        232.55824708075033,
        340.9357843045202,
        0
    ],
    "vertex_number": 24,
    "minimum_distances": {
        "cost": 467.5906507931672,
        "path": [
            0,
            7,
            8,
            20,
            4,
            6,
            21,
            15,
            11,
            2,
            3,
            16,
            13,
            17,
            14,
            1,
            19,
            5,
            9,
            18,
            10,
            22,
            12,
            23
        ]
    }
}