{
    "vertices": [
        [
            89.88154163104873,
            39.24635501079644
        ],
        [
            49.992730392558705,
            84.0691631390858
        ],
        [
            11.148330457636346,
            8.301159591688634
        ],
        [
            60.41923140816474,
            86.41974747797325
        ],
        [
            81.84525076349479,
            87.19398323142858
        ],
        [
            95.65713254980236,
            79.3639749951002
        ],
        [
            11.398434671726488,
            57.27730602977148
        ],
        [
            33.89539649805896,
            45.661241353223105
        ],
        [
            53.86666788020228,
            17.856287509451384
        ],
        [
            16.711161693516186,
            24.488904974319546
        ],
        [
            92.20378744549274,
            48.51690771161164
        ],
        [
            10.414345765362699,
            60.14814618691542
        ],
        [
            25.5037048694584,
            38.16523222325039
        ],
        [
            97.20855151767958,
            10.521696444495687
        ],
        [
            54.397945396818685,
            69.6655028292963
        ],
        [
            89.17330559964539,
            22.045975595860266
        ],
        [
            36.366418652650815,
            39.679275730967476
        ],
        [
            79.77341681603623,
            58.837254769575374
        ],
        [
            54.84287032394089,
            36.8126031321204
        ],
        [
            25.233626358315952,
            70.63270903848742
        ],
        [
            36.095577740208704,
            34.31126933222352
        ],
        [
            89.88154163104873,
            39.24635501079644
        ]
    ],
    "distances": [
        [
            0.0,
            60.00167823090727,
            84.59623904881303,
            55.617952861749124,
            48.61642750029963,
            40.53123343380753,
            80.52771741852052,
            56.352455258297724,
            41.888018800147464,
            74.64373270263202,
            9.556985560379099,
            82.17006810953362,
            64.3869139855586,
            29.6444106642271,
            46.737673837254775,
            17.21495426348668,
            53.51687404681823,
            22.044898290407147,
            35.12309261973526,
            71.86415078648038,
            54.01189667398844,
            0.0
        ],
        [
            60.00167823090727,
            0.0,
            85.14503959634165,
            10.688178991888964,
            32.00543007976002,
            45.90616973619974,
            46.98215905589019,
            41.64483898900267,
            66.32610565081902,
            68.24565904179754,
            55.18818898556482,
            46.24568716890569,
            52.02771611936131,
            87.39887654719168,
            15.062249153216218,
            73.36206967214258,
            46.43423818410908,
            39.03253109677707,
            47.50480313658725,
            28.170046705249582,
            51.6621606975328,
            60.00167823090727
        ],
        [
            84.59623904881303,
            85.14503959634165,
            0.0,
            92.35873241780635,
            105.93456547597677,
            110.41585648860507,
            48.97678503171111,
            43.74019573202534,
            43.77392856110822,
            17.116897847792654,
            90.4836642955806,
            51.852181752884015,
            33.13517177632842,
            86.08886358187209,
            75.07404220747988,
            79.22636374906817,
            40.25590819571208,
            85.22499277516114,
            52.17389411273904,
            63.903189412175855,
            36.040129795721896,
            84.59623904881303
        ],
        [
            55.617952861749124,
            10.688178991888964,
            92.35873241780635,
            0.0,
            21.440003414573106,
            35.9373566389891,
            57.029118932673896,
            48.628897168862885,
            68.87586029693628,
            75.80121774346992,
            49.465980884285784,
            56.48615425523339,
            59.56166750472478,
            84.34434317013036,
            17.803387289450054,
            70.50375372233377,
            52.566239171016015,
            33.695376490122314,
            49.91958105885832,
            38.564976149529095,
            57.50594423557227,
            55.617952861749124
        ],
        [
            48.61642750029963,
            32.00543007976002,
            105.93456547597677,
            21.440003414573106,
            0.0,
            15.876936337338668,
            76.53601421720087,
            63.43624493929458,
            74.76976092104857,
            90.41225800855807,
            40.040172988611324,
            76.37965364081283,
            74.68726945840062,
            78.19635906614334,
            32.56688804751695,
            65.55885360930051,
            65.77211870557848,
            28.432315153098546,
            57.161280689933534,
            58.98433538395443,
            69.92577501238557,
            48.61642750029963
        ],
        [
            40.53123343380753,
            45.90616973619974,
            110.41585648860507,
            35.9373566389891,
            15.876936337338668,
            0.0,
            87.1053908440395,
            70.35898162324789,
            74.36153950217364,
            96.14436865582489,
            31.03976727363672,
            87.38181032436273,
            81.35625250269518,
            68.85975760088697,
            42.383733753361156,
            57.683559764033724,
            71.34608685918614,
            25.95455005828572,
            58.961201212856665,
            70.96270308766029,
            74.68149100601855,
            40.53123343380753
        ],
        [
            80.52771741852052,
            46.98215905589019,
            48.97678503171111,
            57.029118932673896,
            76.53601421720087,
            87.1053908440395,
            0.0,
            25.318891168161677,
            57.944521164894496,
            33.21602493046415,
            81.27883867025679,
            3.0348235835874395,
            23.753526317937165,
            97.72135478393069,
            44.74846748818417,
            85.38253446693815,
            30.546536538031894,
            68.39277464254168,
            48.023151227595704,
            19.22964686440947,
            33.72517927807351,
            80.52771741852052
        ],
        [
            56.352455258297724,
            41.64483898900267,
            43.74019573202534,
            48.628897168862885,
            63.43624493929458,
            70.35898162324789,
            25.318891168161677,
            0.0,
            34.23400559200592,
            27.268402108651365,
            58.37827751166704,
            27.590399692137723,
            11.252139408404028,
            72.4109329792883,
            31.568324002989538,
            60.110964153256816,
            6.472237881469744,
            47.73258926398851,
            22.739724229945455,
            26.431051063284325,
            11.561256954837612,
            56.352455258297724
        ],
        [
            41.888018800147464,
            66.32610565081902,
            43.77392856110822,
            68.87586029693628,
            74.76976092104857,
            74.36153950217364,
            57.944521164894496,
            34.23400559200592,
            0.0,
            37.74285699869769,
            49.08979901919027,
            60.63584424716429,
            34.884250115732314,
            43.958106230077185,
            51.811939240465755,
            35.554354913475784,
            27.97322895096034,
            48.48297967328006,
            18.981434961493473,
            60.04333215440799,
            24.219373888512028,
            41.888018800147464
        ],
        [
            74.64373270263202,
            68.24565904179754,
            17.116897847792654,
            75.80121774346992,
            90.41225800855807,
            96.14436865582489,
            33.21602493046415,
            27.268402108651365,
            37.74285699869769,
            0.0,
            79.2242479198844,
            36.21092893990906,
            16.25886658167341,
            81.70013881639926,
            58.83212268522866,
            72.50331167209342,
            24.841024331819227,
            71.80986808785445,
            40.07369136179235,
            46.9242267648075,
            21.73095550247832,
            74.64373270263202
        ],
        [
            9.556985560379099,
            55.18818898556482,
            90.4836642955806,
            49.465980884285784,
            40.040172988611324,
            31.03976727363672,
            81.27883867025679,
            58.37827751166704,
            49.08979901919027,
            79.2242479198844,
            0.0,
            82.61233853860318,
            67.49857925220455,
            38.323409851564975,
            43.31910396650705,
            26.6438373230045,
            56.53242868242211,
            16.15622720137581,
            39.15135851861293,
            70.52737868638143,
            57.8785915351961,
            9.556985560379099
        ],
        [
            82.17006810953362,
            46.24568716890569,
            51.852181752884015,
            56.48615425523339,
            76.37965364081283,
            87.38181032436273,
            3.0348235835874395,
            27.590399692137723,
            60.63584424716429,
            36.21092893990906,
            82.61233853860318,
            0.0,
            26.663406843579736,
            99.98009134929028,
            45.001523463083856,
            87.49142333925093,
            33.05275699377426,
            69.37145791548882,
            50.18407480580247,
            18.153157727548244,
            36.42897035808681,
            82.17006810953362
        ],
        [
            64.3869139855586,
            52.02771611936131,
            33.13517177632842,
            59.56166750472478,
            74.68726945840062,
            81.35625250269518,
            23.753526317937165,
            11.252139408404028,
            34.884250115732314,
            16.25886658167341,
            67.49857925220455,
            26.663406843579736,
            0.0,
            76.84887834702734,
            42.745107134116175,
            65.67837156447385,
            10.967719839548177,
            58.07352366543897,
            29.37032916096907,
            32.46860011072444,
            11.271237770340422,
            64.3869139855586
        ],
        [
            29.6444106642271,
            87.39887654719168,
            86.08886358187209,
            84.34434317013036,
            78.19635906614334,
            68.85975760088697,
            97.72135478393069,
            72.4109329792883,
            43.958106230077185,
            81.70013881639926,
            38.323409851564975,
            99.98009134929028,
            76.84887834702734,
            0.0,
            73.01190197576197,
            14.048992381016564,
            67.4679891608806,
            51.36513504633882,
            49.86043238347311,
            93.77485636763743,
            65.58002243142616,
            29.6444106642271
        ],
        [
            46.737673837254775,
            15.062249153216218,
            75.07404220747988,
            17.803387289450054,
            32.56688804751695,
            42.383733753361156,
            44.74846748818417,
            31.568324002989538,
            51.811939240465755,
            58.83212268522866,
            43.31910396650705,
            45.001523463083856,
            42.745107134116175,
            73.01190197576197,
            0.0,
            58.96562601357082,
            34.99013821519131,
            27.589228075290123,
            32.85591235536574,
            29.180352856514105,
            39.81078356429657,
            46.737673837254775
        ],
        [
            17.21495426348668,
            73.36206967214258,
            79.22636374906817,
            70.50375372233377,
            65.55885360930051,
            57.683559764033724,
            85.38253446693815,
            60.110964153256816,
            35.554354913475784,
            72.50331167209342,
            26.6438373230045,
            87.49142333925093,
            65.67837156447385,
            14.048992381016564,
            58.96562601357082,
            0.0,
            55.67315854779067,
            37.9730974820657,
            37.37154097724593,
            80.30537496400224,
            54.47644101040094,
            17.21495426348668
        ],
        [
            53.51687404681823,
            46.43423818410908,
            40.25590819571208,
            52.566239171016015,
            65.77211870557848,
            71.34608685918614,
            30.546536538031894,
            6.472237881469744,
            27.97322895096034,
            24.841024331819227,
            56.53242868242211,
            33.05275699377426,
            10.967719839548177,
            67.4679891608806,
            34.99013821519131,
            55.67315854779067,
            0.0,
            47.44676649045628,
            18.69751529349551,
            32.89459070716471,
            5.374834648322547,
            53.51687404681823
        ],
        [
            22.044898290407147,
            39.03253109677707,
            85.22499277516114,
            33.695376490122314,
            28.432315153098546,
            25.95455005828572,
            68.39277464254168,
            47.73258926398851,
            48.48297967328006,
            71.80986808785445,
            16.15622720137581,
            69.37145791548882,
            58.07352366543897,
            51.36513504633882,
            27.589228075290123,
            37.9730974820657,
            47.44676649045628,
            0.0,
            33.26585979868513,
            55.80073014380754,
            50.09268996577326,
            22.044898290407147
        ],
        [
            35.12309261973526,
            47.50480313658725,
            52.17389411273904,
            49.91958105885832,
            57.161280689933534,
            58.961201212856665,
            48.023151227595704,
            22.739724229945455,
            18.981434961493473,
            40.07369136179235,
            39.15135851861293,
            50.18407480580247,
            29.37032916096907,
            49.86043238347311,
            32.85591235536574,
            37.37154097724593,
            18.69751529349551,
            33.26585979868513,
            0.0,
            44.95004885129468,
            18.913425126046487,
            35.12309261973526
        ],
        [
            71.86415078648038,
            28.170046705249582,
            63.903189412175855,
            38.564976149529095,
            58.98433538395443,
            70.96270308766029,
            19.22964686440947,
            26.431051063284325,
            60.04333215440799,
            46.9242267648075,
            70.52737868638143,
            18.153157727548244,
            32.46860011072444,
            93.77485636763743,
            29.180352856514105,
            80.30537496400224,
            32.89459070716471,
            55.80073014380754,
            44.95004885129468,
            0.0,
            37.910802816062414,
            71.86415078648038
        ],
        [
            54.01189667398844,
            51.6621606975328,
            36.040129795721896,
            57.50594423557227,
            69.92577501238557,
            74.68149100601855,
            33.72517927807351,
            11.561256954837612,
            24.219373888512028,
            21.73095550247832,
            57.8785915351961,
            36.42897035808681,
            11.271237770340422,
            65.58002243142616,
            39.81078356429657,
            54.47644101040094,
            5.374834648322547,
            50.09268996577326,
            18.913425126046487,
            37.910802816062414,
            0.0,
            54.01189667398844
        ],
        [
            0.0,
            60.00167823090727,
            84.59623904881303,
            55.617952861749124,
            48.61642750029963,
            40.53123343380753,
            80.52771741852052,
            56.352455258297724,
            41.888018800147464,
            74.64373270263202,
            9.556985560379099,
            82.17006810953362,
            64.3869139855586,
            29.6444106642271,
            46.737673837254775,
            17.21495426348668,
            53.51687404681823,
            22.044898290407147,
            35.12309261973526,
            71.86415078648038,
            54.01189667398844,
            0.0
        ]
    ],
    "scores_ave": [
        0,
        11.010435164322315,
        16.6244975370809,
        11.450859735404318,
        12.01324250724366,
        17.888132993398372,
        12.619402398782224,
        16.48179915548308,
        10.659730962020523,
        13.524015435801465,
        11.465727076595124,
        14.10935709202491,
        16.609124814559852,
        19.334533899291166,
        11.281485537851518,
        14.58672664691962,
        10.41556377592579,
        19.52378158722617,
        10.76137308113181,
        15.778947540908604,
        17.605225559782337,
        0
    ],
    "scores_var": [
        0,
        22.76052028869192,
        390.26397144379695,
        260.339308270465,
        21.08489161419297,
        302.0679895657248,
        20.06437061740435,
        19.837633503559434,
        387.8014332865581,
        22.595911643106515,
        24.727674392670036,
        271.12415011250647,
        24.281704449847584,
        312.13305698907925,
        18.24157669222862,
        21.116185993621464,
        16.035343206977156,
        325.48931690947654,
        22.74951257437087,
        16.697602137186827,
        367.38663122612064,
        0
    ],
    "vertex_number": 22,
    "minimum_distances": {
        "cost": 383.6721392462012,
        "path": [
            0,
            10,
            17,
            5,
            4,
            3,
            1,
            14,
            19,
            11,
            6,
            2,
            9,
            12,
            7,
            16,
            20,
            18,
            8,
            13,
            15,
            21
        ]
    }
}