{
    "vertices": [
        [
            4.2833197960155385,
            82.55136247797034
        ],
        [
            42.05097328370212,
            2.841257515255302
        ],
        [
            58.59501489378055,
            88.28038241539772
        ],
        [
            69.12352842851473,
            86.83972732672483
        ],
        [
            90.62271459653267,
            3.3607833042626045
        ],
        [
            15.991680069378923,
            46.041177135101776
        ],
        [
            85.59581005295088,
            10.870634832097581
        ],
        [
            79.20877195571735,
            70.4128924556195
        ],
        [
            17.739930399466118,
            24.04622714426904
        ],
        [
            54.67441260317793,
            19.842529531792064
        ],
        [
            79.07941691336327,
            14.884231196483933
        ],
        [
            9.192975407208582,
            36.838153651384076
        ],
        [
            60.55033274304865,
            12.536004030066572
        ],
        [
            56.19479706176759,
            4.613048594981118
        ],
        [
            91.3582645360848,
            51.335407269965486
        ],
        [
            14.06153496221928,
            38.83962243857516
        ],
        [
            82.39422460840899,
            39.53850608987034
        ],
        [
            95.01136975499067,
            58.74825415837401
        ],
        [
            84.44456781709695,
            43.627400474209175
        ],
        [
            35.65098549964832,
            42.80156404678276
        ],
        [
            83.00404884852273,
            37.18574283427791
        ],
        [
            48.42774741036827,
            72.2753328331439
        ],
        [
            86.5526228963696,
            83.82634587165263
        ],
        [
            4.2833197960155385,
            82.55136247797034
        ]
    ],
    "distances": [
        [
            0.0,
            88.20485521292471,
            54.61301945357015,
            64.98186461299842,
            117.15647196969888,
            38.341613607951984,
            108.39671483779382,
            75.90234407328457,
            60.03275130582975,
            80.44662804475864,
            100.86276220614639,
            45.976104439628244,
            89.82275415823119,
            93.64391193684746,
            92.50125329439749,
            44.79207194480114,
            89.17073098990558,
            93.79854484496401,
            89.11173044199946,
            50.635727772146254,
            90.85698997993728,
            45.324687253859565,
            82.27918214999522,
            0.0
        ],
        [
            88.20485521292471,
            0.0,
            87.02614191435894,
            88.25342017586217,
            48.57451967035777,
            50.45116270207524,
            44.27893076121803,
            77.11438160721944,
            32.25953414242923,
            21.175326926231,
            38.937627723344406,
            47.280407901607425,
            20.8857465845145,
            14.254367565597784,
            69.15845234734184,
            45.599242698805845,
            54.536831411400755,
            77.00906354481762,
            58.82793821756893,
            40.4695680941825,
            53.448087618234446,
            69.726279576016,
            92.4066088239478,
            88.20485521292471
        ],
        [
            54.61301945357015,
            87.02614191435894,
            0.0,
            10.626621492064162,
            90.75853602524431,
            59.99328796516369,
            81.98360787460942,
            27.27955603875043,
            76.12597869606039,
            68.55006075591129,
            76.20108752406061,
            71.3222574351228,
            75.76961214676955,
            83.70175502495835,
            49.37977030749086,
            66.54036054832098,
            54.241800216934834,
            46.88600538291656,
            51.59542792317403,
            50.93870242796015,
            56.62564023945594,
            18.961406598922345,
            28.3101799139364,
            54.61301945357015
        ],
        [
            64.98186461299842,
            88.25342017586217,
            10.626621492064162,
            0.0,
            86.20295297141783,
            66.9889170519765,
            77.73441371987035,
            19.275711164196885,
            81.13752406608747,
            68.53759158671497,
            72.64098800864325,
            78.05016691494079,
            74.79667760006222,
            83.23688359139176,
            41.89200678489971,
            73.04678770319563,
            49.12755751710962,
            38.20093183828072,
            45.84800366379253,
            55.31519642192047,
            51.55760877995039,
            25.306855571479474,
            17.68767372390112,
            64.98186461299842
        ],
        [
            117.15647196969888,
            48.57451967035777,
            90.75853602524431,
            86.20295297141783,
            0.0,
            85.97329429624499,
            9.037014952981355,
            68.0166408186504,
            75.76138738944948,
            39.54653429713044,
            16.310658255478355,
            88.04281202801097,
            31.44094187057662,
            34.450684668652436,
            47.98026238323597,
            84.38223896837552,
            37.10169367342861,
            55.56106749977812,
            40.73781972491027,
            67.65697440383208,
            34.67235144877072,
            80.80612843473027,
            80.56843305994163,
            117.15647196969888
        ],
        [
            38.341613607951984,
            50.45116270207524,
            59.99328796516369,
            66.9889170519765,
            85.97329429624499,
            0.0,
            77.98526756161955,
            67.75235209371047,
            22.06431971115092,
            46.71962042358476,
            70.36204815323227,
            11.441941545265655,
            55.75006863575245,
            57.72850639190702,
            75.55230590060116,
            7.455725999643283,
            66.72018174420961,
            80.0348746765168,
            68.49543166350843,
            19.92444184820814,
            67.59494275497373,
            41.71725529967561,
            80.04102466287814,
            38.341613607951984
        ],
        [
            108.39671483779382,
            44.27893076121803,
            81.98360787460942,
            77.73441371987035,
            9.037014952981355,
            77.98526756161955,
            0.0,
            59.883843385018025,
            69.12319897346157,
            32.19670347643111,
            7.653256517710599,
            80.69513724837847,
            25.100784614158407,
            30.05955672365576,
            40.873019097182244,
            76.80766094920324,
            28.846091447732327,
            48.7946636104248,
            32.77698970341597,
            59.27958957494063,
            26.44243058622248,
            71.77744643829737,
            72.96198506143035,
            108.39671483779382
        ],
        [
            75.90234407328457,
            77.11438160721944,
            27.27955603875043,
            19.275711164196885,
            68.0166408186504,
            67.75235209371047,
            59.883843385018025,
            0.0,
            76.99536436930673,
            56.207618656968194,
            55.528811926411734,
            77.64969318738359,
            60.81012718023829,
            69.70841048613674,
            22.617705696406343,
            72.39498509880498,
            31.038280269114424,
            19.641432834983398,
            27.292419075417932,
            51.57195184839474,
            33.443199587540704,
            30.837317591211075,
            15.292248990341802,
            75.90234407328457
        ],
        [
            60.03275130582975,
            32.25953414242923,
            76.12597869606039,
            81.13752406608747,
            75.76138738944948,
            22.06431971115092,
            69.12319897346157,
            76.99536436930673,
            0.0,
            37.172934364581025,
            62.01995465602827,
            15.384531952682483,
            44.33075439193583,
            43.08625301118547,
            78.51342861564218,
            15.243855723745122,
            66.48449794188767,
            84.70599753832181,
            69.5192851084845,
            25.93392675875668,
            66.5736586759394,
            57.16457599285835,
            91.15288938773952,
            60.03275130582975
        ],
        [
            80.44662804475864,
            21.175326926231,
            68.55006075591129,
            68.53759158671497,
            39.54653429713044,
            46.71962042358476,
            32.19670347643111,
            56.207618656968194,
            37.172934364581025,
            0.0,
            24.90359327009026,
            48.55319112710679,
            9.376126726826131,
            15.3051840402724,
            48.347764590174954,
            44.836317524841704,
            34.004697766363414,
            56.042176269186776,
            38.104884558390516,
            29.8162379354579,
            33.21679300367626,
            52.80359540854497,
            71.48530649657984,
            80.44662804475864
        ],
        [
            100.86276220614639,
            38.937627723344406,
            76.20108752406061,
            72.64098800864325,
            16.310658255478355,
            70.36204815323227,
            7.653256517710599,
            55.528811926411734,
            62.01995465602827,
            24.90359327009026,
            0.0,
            73.25359661852073,
            18.677289177386115,
            25.08391950603935,
            38.46372753753812,
            69.29058913715886,
            24.876117473870348,
            46.66775794645656,
            29.239607116850983,
            51.627571398721805,
            22.64420802671477,
            65.06353349142874,
            69.34597308819419,
            100.86276220614639
        ],
        [
            45.976104439628244,
            47.280407901607425,
            71.3222574351228,
            78.05016691494079,
            88.04281202801097,
            11.441941545265655,
            80.69513724837847,
            77.64969318738359,
            15.384531952682483,
            48.55319112710679,
            73.25359661852073,
            0.0,
            56.81701002990273,
            56.98796921055513,
            83.43443593692773,
            5.263910091062169,
            73.25103950053052,
            88.57115395351829,
            75.55723679863637,
            27.121735962058036,
            73.81189186573621,
            52.86928222039785,
            90.51190677350777,
            45.976104439628244
        ],
        [
            89.82275415823119,
            20.8857465845145,
            75.76961214676955,
            74.79667760006222,
            31.44094187057662,
            55.75006863575245,
            25.100784614158407,
            60.81012718023829,
            44.33075439193583,
            9.376126726826131,
            18.677289177386115,
            56.81701002990273,
            0.0,
            9.04123409149783,
            49.54313628684246,
            53.414311382692915,
            34.73169632072788,
            57.64664026515065,
            39.21236287984598,
            39.19160134866751,
            33.343350012574746,
            60.95690675379044,
            75.88433259314921,
            89.82275415823119
        ],
        [
            93.64391193684746,
            14.254367565597784,
            83.70175502495835,
            83.23688359139176,
            34.450684668652436,
            57.72850639190702,
            30.05955672365576,
            69.70841048613674,
            43.08625301118547,
            15.3051840402724,
            25.08391950603935,
            56.98796921055513,
            9.04123409149783,
            0.0,
            58.476048472611865,
            54.28323988322943,
            43.66002273246117,
            66.61341304151196,
            48.16813469800225,
            43.36370493756683,
            42.18668500098523,
            68.10662059310559,
            84.83126814357053,
            93.64391193684746
        ],
        [
            92.50125329439749,
            69.15845234734184,
            49.37977030749086,
            41.89200678489971,
            47.98026238323597,
            75.55230590060116,
            40.873019097182244,
            22.617705696406343,
            78.51342861564218,
            48.347764590174954,
            38.46372753753812,
            83.43443593692773,
            49.54313628684246,
            58.476048472611865,
            0.0,
            78.30024930591027,
            14.816237352239485,
            8.264107739579948,
            10.35435034589659,
            56.357141675223886,
            16.43185696739325,
            47.765152394532294,
            32.844410221344646,
            92.50125329439749
        ],
        [
            44.79207194480114,
            45.599242698805845,
            66.54036054832098,
            73.04678770319563,
            84.38223896837552,
            7.455725999643283,
            76.80766094920324,
            72.39498509880498,
            15.243855723745122,
            44.836317524841704,
            69.29058913715886,
            5.263910091062169,
            53.414311382692915,
            54.28323988322943,
            78.30024930591027,
            0.0,
            68.33626352560205,
            83.3620379425285,
            70.54568826207091,
            21.94997393654356,
            68.96234870354007,
            47.94771410214238,
            85.31566746571767,
            44.79207194480114
        ],
        [
            89.17073098990558,
            54.536831411400755,
            54.241800216934834,
            49.12755751710962,
            37.10169367342861,
            66.72018174420961,
            28.846091447732327,
            31.038280269114424,
            66.48449794188767,
            34.004697766363414,
            24.876117473870348,
            73.25103950053052,
            34.73169632072788,
            43.66002273246117,
            14.816237352239485,
            68.33626352560205,
            0.0,
            22.982749454869193,
            4.57416271679206,
            46.85699467111546,
            2.430510345729098,
            47.17437226359384,
            44.48263738649196,
            89.17073098990558
        ],
        [
            93.79854484496401,
            77.00906354481762,
            46.88600538291656,
            38.20093183828072,
            55.56106749977812,
            80.0348746765168,
            48.7946636104248,
            19.641432834983398,
            84.70599753832181,
            56.042176269186776,
            46.66775794645656,
            88.57115395351829,
            57.64664026515065,
            66.61341304151196,
            8.264107739579948,
            83.3620379425285,
            22.982749454869193,
            0.0,
            18.447154776078495,
            61.46504815305213,
            24.68030895172657,
            48.50789346302123,
            26.46622531449934,
            93.79854484496401
        ],
        [
            89.11173044199946,
            58.82793821756893,
            51.59542792317403,
            45.84800366379253,
            40.73781972491027,
            68.49543166350843,
            32.77698970341597,
            27.292419075417932,
            69.5192851084845,
            38.104884558390516,
            29.239607116850983,
            75.55723679863637,
            39.21236287984598,
            48.16813469800225,
            10.35435034589659,
            70.54568826207091,
            4.57416271679206,
            18.447154776078495,
            0.0,
            48.800570500502346,
            6.600761171933656,
            46.020814645686656,
            40.25418123976549,
            89.11173044199946
        ],
        [
            50.635727772146254,
            40.4695680941825,
            50.93870242796015,
            55.31519642192047,
            67.65697440383208,
            19.92444184820814,
            59.27958957494063,
            51.57195184839474,
            25.93392675875668,
            29.8162379354579,
            51.627571398721805,
            27.121735962058036,
            39.19160134866751,
            43.36370493756683,
            56.357141675223886,
            21.94997393654356,
            46.85699467111546,
            61.46504815305213,
            48.800570500502346,
            0.0,
            47.68490386289283,
            32.123958214938284,
            65.37590850952259,
            50.635727772146254
        ],
        [
            90.85698997993728,
            53.448087618234446,
            56.62564023945594,
            51.55760877995039,
            34.67235144877072,
            67.59494275497373,
            26.44243058622248,
            33.443199587540704,
            66.5736586759394,
            33.21679300367626,
            22.64420802671477,
            73.81189186573621,
            33.343350012574746,
            42.18668500098523,
            16.43185696739325,
            68.96234870354007,
            2.430510345729098,
            24.68030895172657,
            6.600761171933656,
            47.68490386289283,
            0.0,
            49.262561316182484,
            46.77540197008488,
            90.85698997993728
        ],
        [
            45.324687253859565,
            69.726279576016,
            18.961406598922345,
            25.306855571479474,
            80.80612843473027,
            41.71725529967561,
            71.77744643829737,
            30.837317591211075,
            57.16457599285835,
            52.80359540854497,
            65.06353349142874,
            52.86928222039785,
            60.95690675379044,
            68.10662059310559,
            47.765152394532294,
            47.94771410214238,
            47.17437226359384,
            48.50789346302123,
            46.020814645686656,
            32.123958214938284,
            49.262561316182484,
            0.0,
            39.83631550531379,
            45.324687253859565
        ],
        [
            82.27918214999522,
            92.4066088239478,
            28.3101799139364,
            17.68767372390112,
            80.56843305994163,
            80.04102466287814,
            72.96198506143035,
            15.292248990341802,
            91.15288938773952,
            71.48530649657984,
            69.34597308819419,
            90.51190677350777,
            75.88433259314921,
            84.83126814357053,
            32.844410221344646,
            85.31566746571767,
            44.48263738649196,
            26.46622531449934,
            40.25418123976549,
            65.37590850952259,
            46.77540197008488,
            39.83631550531379,
            0.0,
            82.27918214999522
        ],
        [
            0.0,
            88.20485521292471,
            54.61301945357015,
            64.98186461299842,
            117.15647196969888,
            38.341613607951984,
            108.39671483779382,
            75.90234407328457,
            60.03275130582975,
            80.44662804475864,
            100.86276220614639,
            45.976104439628244,
            89.82275415823119,
            93.64391193684746,
            92.50125329439749,
            44.79207194480114,
            89.17073098990558,
            93.79854484496401,
            89.11173044199946,
            50.635727772146254,
            90.85698997993728,
            45.324687253859565,
            82.27918214999522,
            0.0
        ]
    ],
    "scores_ave": [
        0,
        17.114834059512916,
        12.042254086965272,
        12.144160588092436,
        11.383097293393007,
        11.503598896010438,
        12.26841092889868,
        18.68817453772051,
        19.679397302822697,
        14.70196385768058,
        14.24575177822857,
        11.109521485111742,
        12.267745371836321,
        14.004201338018131,
        10.981044139155639,
        17.045858115580977,
        19.327941828128687,
        13.458747430319667,
        10.193785273873491,
        15.517562089079885,
        17.599668636585726,
        16.61167755680858,
        17.480094892058545,
        0
    ],
    "scores_var": [
        0,
        18.08587856660628,
        17.27632122637601,
        350.4036129772444,
        18.179248031578037,
        353.735154021605,
        377.6246748058285,
        18.573221689030888,
        17.635321494793363,
        349.9233208412038,
        20.97367690948817,
        250.43072087753984,
        237.17345367792635,
        225.2231354033174,
        230.96615134859107,
        17.6006279869424,
        21.8811741877727,
        306.6233916462517,
        363.6227805108255,
        20.953066560559822,
        17.076131659410404,
        365.6391436204273,
        16.9809990445952,
        0
    ],
    "vertex_number": 24,
    "minimum_distances": {
        "cost": 394.9444231198238,
        "path": [
            0,
            21,
            2,
            3,
            22,
            7,
            17,
            14,
            18,
            16,
            20,
            4,
            6,
            10,
            9,
            12,
            13,
            1,
            19,
            8,
            11,
            15,
            5,
            23
        ]
    }
}