{
    "vertices": [
        [
            1.9705597093468197,
            98.3396753802951
        ],
        [
            90.68565248303427,
            12.51819374043336
        ],
        [
            81.2181530150115,
            82.36109843083362
        ],
        [
            23.37696946164255,
            12.400826260455899
        ],
        [
            88.19231439487886,
            33.074379679154355
        ],
        [
            61.57123858217967,
            61.3303034857347
        ],
        [
            48.791933502982886,
            37.93219288632703
        ],
        [
            43.24436198934133,
            47.40532282150277
        ],
        [
            95.59979804479741,
            32.09151361192123
        ],
        [
            38.868081080858374,
            26.63431877698761
        ],
        [
            40.110059499211125,
            30.78441506440851
        ],
        [
            6.531165912965364,
            4.4606523257062385
        ],
        [
            29.073207663821044,
            59.59073369139654
        ],
        [
            16.113564939930637,
            9.707196741060308
        ],
        [
            26.63502608658711,
            94.1660370128813
        ],
        [
            92.00714383276247,
            33.84433909754026
        ],
        [
            1.9705597093468197,
            98.3396753802951
        ]
    ],
    "distances": [
        [
            0.0,
            123.43295506753898,
            80.84241440030036,
            88.56477949233357,
            108.13764286320195,
            70.15650026998512,
            76.42843047703157,
            65.55787538680181,
            114.69635220426692,
            80.6417091148783,
            77.57792624560328,
            93.98973400658453,
            47.28672126669206,
            89.75377912203325,
            25.01509861855366,
            110.75303554683518,
            0.0
        ],
        [
            123.43295506753898,
            0.0,
            70.48166344354641,
            67.30878534931041,
            20.706847060069702,
            56.835474437868626,
            48.99954124853622,
            58.88792592056677,
            20.18077494532304,
            53.705918594389864,
            53.773092222056434,
            84.53934932043155,
            77.53655508233274,
            74.6250490429775,
            103.77308443338994,
            21.367049753764757,
            123.43295506753898
        ],
        [
            80.84241440030036,
            70.48166344354641,
            0.0,
            90.77467817077539,
            49.77770155661635,
            28.780124786974323,
            55.00352133931929,
            51.613128691362604,
            52.286354545221386,
            69.9928750903708,
            65.95475433647117,
            107.9195327350849,
            56.89977887519105,
            97.55612138237767,
            55.84509217657721,
            49.701893918343025,
            80.84241440030036
        ],
        [
            88.56477949233357,
            67.30878534931041,
            90.77467817077539,
            0.0,
            68.03252714525738,
            62.07169995409415,
            36.024589921431,
            40.24957223800029,
            74.85893491711546,
            21.037272836971237,
            24.858653212074636,
            18.623304199703735,
            47.532457258137875,
            7.746785477459949,
            81.83009606715544,
            71.90219104453304,
            88.56477949233357
        ],
        [
            108.13764286320195,
            20.706847060069702,
            49.77770155661635,
            68.03252714525738,
            0.0,
            38.82111419818798,
            39.69871992372377,
            47.17726525350628,
            7.472405217192715,
            49.7428826711877,
            48.136754915436,
            86.52911974845571,
            64.79340869857641,
            75.77183752194183,
            86.72652615925341,
            3.8917555352442785,
            108.13764286320195
        ],
        [
            70.15650026998512,
            56.835474437868626,
            28.780124786974323,
            62.07169995409415,
            38.82111419818798,
            0.0,
            26.660499206303292,
            23.01693924370395,
            44.86479346197783,
            41.46377594285659,
            37.3314010864762,
            79.14269911050367,
            32.544555867916934,
            68.78477479019082,
            47.94501371157356,
            41.01003007523339,
            70.15650026998512
        ],
        [
            76.42843047703157,
            48.99954124853622,
            55.00352133931929,
            36.024589921431,
            39.69871992372377,
            26.660499206303292,
            0.0,
            10.977966135295281,
            47.17085665271865,
            15.037446800789972,
            11.245695354618057,
            53.91026344582967,
            29.290280615331934,
            43.1801595567108,
            60.4414904805328,
            43.40812081218889,
            76.42843047703157
        ],
        [
            65.55787538680181,
            58.88792592056677,
            51.613128691362604,
            40.24957223800029,
            47.17726525350628,
            23.01693924370395,
            10.977966135295281,
            0.0,
            54.54910115725478,
            21.22702154347655,
            16.913853102397233,
            56.498703437645055,
            18.689725867059618,
            46.44597785075957,
            49.622922433269785,
            50.61332998994097,
            65.55787538680181
        ],
        [
            114.69635220426692,
            20.18077494532304,
            52.286354545221386,
            74.85893491711546,
            7.472405217192715,
            44.86479346197783,
            47.17085665271865,
            54.54910115725478,
            0.0,
            56.99358459636413,
            55.50513120847868,
            93.2560224610383,
            71.98607040738946,
            82.57795647130249,
            92.78677829682572,
            3.9974443673787383,
            114.69635220426692
        ],
        [
            80.6417091148783,
            53.705918594389864,
            69.9928750903708,
            21.037272836971237,
            49.7428826711877,
            41.46377594285659,
            15.037446800789972,
            21.22702154347655,
            56.99358459636413,
            0.0,
            4.331952168078353,
            39.209024043811525,
            34.38116969020193,
            28.360103406491955,
            68.63075551372724,
            53.625967433451336,
            80.6417091148783
        ],
        [
            77.57792624560328,
            53.773092222056434,
            65.95475433647117,
            24.858653212074636,
            48.136754915436,
            37.3314010864762,
            11.245695354618057,
            16.913853102397233,
            55.50513120847868,
            4.331952168078353,
            0.0,
            42.66711355599189,
            30.848275337138553,
            31.93870509873034,
            64.79819848028541,
            51.987214749515836,
            77.57792624560328
        ],
        [
            93.98973400658453,
            84.53934932043155,
            107.9195327350849,
            18.623304199703735,
            86.52911974845571,
            79.14269911050367,
            53.91026344582967,
            56.498703437645055,
            93.2560224610383,
            39.209024043811525,
            42.66711355599189,
            0.0,
            59.56063731765262,
            10.924678458163791,
            91.93052396105767,
            90.38552898363153,
            93.98973400658453
        ],
        [
            47.28672126669206,
            77.53655508233274,
            56.89977887519105,
            47.532457258137875,
            64.79340869857641,
            32.544555867916934,
            29.290280615331934,
            18.689725867059618,
            71.98607040738946,
            34.38116969020193,
            30.848275337138553,
            59.56063731765262,
            0.0,
            51.539495517578025,
            34.66116456751328,
            67.99674371834982,
            47.28672126669206
        ],
        [
            89.75377912203325,
            74.6250490429775,
            97.55612138237767,
            7.746785477459949,
            75.77183752194183,
            68.78477479019082,
            43.1801595567108,
            46.44597785075957,
            82.57795647130249,
            28.360103406491955,
            31.93870509873034,
            10.924678458163791,
            51.539495517578025,
            0.0,
            85.11167278770624,
            79.63941836992198,
            89.75377912203325
        ],
        [
            25.01509861855366,
            103.77308443338994,
            55.84509217657721,
            81.83009606715544,
            86.72652615925341,
            47.94501371157356,
            60.4414904805328,
            49.622922433269785,
            92.78677829682572,
            68.63075551372724,
            64.79819848028541,
            91.93052396105767,
            34.66116456751328,
            85.11167278770624,
            0.0,
            88.950666203292,
            25.01509861855366
        ],
        [
            110.75303554683518,
            21.367049753764757,
            49.701893918343025,
            71.90219104453304,
            3.8917555352442785,
            41.01003007523339,
            43.40812081218889,
            50.61332998994097,
            3.9974443673787383,
            53.625967433451336,
            51.987214749515836,
            90.38552898363153,
            67.99674371834982,
            79.63941836992198,
            88.950666203292,
            0.0,
            110.75303554683518
        ],
        [
            0.0,
            123.43295506753898,
            80.84241440030036,
            88.56477949233357,
            108.13764286320195,
            70.15650026998512,
            76.42843047703157,
            65.55787538680181,
            114.69635220426692,
            80.6417091148783,
            77.57792624560328,
            93.98973400658453,
            47.28672126669206,
            89.75377912203325,
            25.01509861855366,
            110.75303554683518,
            0.0
        ]
    ],
    "scores_ave": [
        0,
        15.919714482505722,
        11.690133570508367,
        17.752080751407668,
        10.234307329038325,
        19.880302300955748,
        19.831773077171697,
        10.255906641670885,
        16.433413333969924,
        19.993793468086974,
        14.605108577077164,
        17.37232449034039,
        10.937821271187012,
        19.09165484203668,
        12.468918116418116,
        17.85928703246637,
        0
    ],
    "scores_var": [
        0,
        371.54500389987754,
        344.61439364746514,
        19.475149726604236,
        18.987835243223994,
        24.280834848632836,
        241.3473638472655,
        20.922262410704427,
        16.60487919975029,
        233.76275734336704,
        20.51384559263932,
        19.175989419541384,
        22.19326849156395,
        344.73427912106,
        289.17651571960374,
        321.08176305440657,
        0
    ],
    "vertex_number": 17,
    "minimum_distances": {
        "cost": 413.5358880315075,
        "path": [
            0,
            14,
            2,
            8,
            1,
            15,
            4,
            5,
            7,
            6,
            10,
            9,
            3,
            13,
            11,
            12,
            16
        ]
    }
}