{
    "vertices": [
        [
            86.66716879231832,
            59.70788027572051
        ],
        [
            62.60825157831523,
            8.750227864271087
        ],
        [
            55.89509597967065,
            94.49690708368202
        ],
        [
            81.14533228435083,
            57.71705280159306
        ],
        [
            72.92581988030335,
            57.55922175950287
        ],
        [
            30.933516906619186,
            91.1833756474807
        ],
        [
            34.74897199812652,
            81.93955329627669
        ],
        [
            50.01681383679231,
            96.37923998768002
        ],
        [
            93.56202488651061,
            42.6098367376753
        ],
        [
            91.758921529782,
            59.63510073970946
        ],
        [
            23.723844409019534,
            77.54470098538404
        ],
        [
            66.63973127758577,
            1.08324137227781
        ],
        [
            58.32042667732161,
            18.53029214036073
        ],
        [
            22.554746516622636,
            72.30166387300767
        ],
        [
            12.130910006972472,
            95.29351509717112
        ],
        [
            86.66716879231832,
            59.70788027572051
        ]
    ],
    "distances": [
        [
            0.0,
            56.35169772772025,
            46.445633287015845,
            5.869759147738799,
            13.90832137035414,
            64.0073961461798,
            56.477840288500346,
            51.84628377704594,
            18.435892530292918,
            5.092272852109445,
            65.42181790083379,
            61.951162539258,
            49.9913147774636,
            65.33763138768055,
            82.59534659629249,
            0.0
        ],
        [
            56.35169772772025,
            0.0,
            86.00906612240463,
            52.35812549685497,
            49.887574612632385,
            88.309187913664,
            78.31230309420827,
            88.5290238855213,
            45.87601982599473,
            58.64325917075952,
            79.02326652903629,
            8.66230399108908,
            10.678721816117589,
            75.1203586686031,
            100.18833553456335,
            56.35169772772025
        ],
        [
            46.445633287015845,
            86.00906612240463,
            0.0,
            44.61313836140523,
            40.6747852322254,
            25.180546467439804,
            24.593610828524117,
            6.172307357281873,
            64.11759198819296,
            50.0155928151758,
            36.36436056389955,
            94.0295705048533,
            76.0053209646523,
            40.05256200917928,
            43.77143541374977,
            46.445633287015845
        ],
        [
            5.869759147738799,
            52.35812549685497,
            44.61313836140523,
            0.0,
            8.221027599889057,
            60.342532001504445,
            52.33881712480786,
            49.63617006530639,
            19.55510757777682,
            10.785508080922511,
            60.748357198503804,
            58.46196248483883,
            45.349515180324694,
            60.37853609280324,
            78.5810473392363,
            5.869759147738799
        ],
        [
            13.90832137035414,
            49.887574612632385,
            40.6747852322254,
            8.221027599889057,
            0.0,
            53.79532724796921,
            45.2975968464319,
            45.07567385117645,
            25.482093116324965,
            18.947163145971455,
            53.10606151998981,
            56.82474171185862,
            41.672231255713385,
            52.48413694898054,
            71.55346225165921,
            13.90832137035414
        ],
        [
            64.0073961461798,
            88.309187913664,
            25.180546467439804,
            60.342532001504445,
            53.79532724796921,
            0.0,
            10.000297456372396,
            19.77799858344898,
            79.25729426374397,
            68.52024151466328,
            15.427016045274675,
            96.9173252886965,
            77.64350178785823,
            20.65727070022941,
            19.246591192170722,
            64.0073961461798
        ],
        [
            56.477840288500346,
            78.31230309420827,
            24.593610828524117,
            52.33881712480786,
            45.2975968464319,
            10.000297456372396,
            0.0,
            21.01455557837006,
            70.75169110792892,
            61.217831956465616,
            11.868789541930823,
            86.91814370642886,
            67.64870934491286,
            15.543102895783692,
            26.266043173942958,
            56.477840288500346
        ],
        [
            51.84628377704594,
            88.5290238855213,
            6.172307357281873,
            49.63617006530639,
            45.07567385117645,
            19.77799858344898,
            21.01455557837006,
            0.0,
            69.19056388862666,
            55.61056845355387,
            32.342852390579324,
            96.73494061790795,
            78.29054008716534,
            36.52252473550222,
            37.90145785507766,
            51.84628377704594
        ],
        [
            18.435892530292918,
            45.87601982599473,
            64.11759198819296,
            19.55510757777682,
            25.482093116324965,
            79.25729426374397,
            70.75169110792892,
            69.19056388862666,
            0.0,
            17.1204788500207,
            78.08851511209862,
            49.49007997373421,
            42.68248718563592,
            76.96517511273018,
            96.9876097035665,
            18.435892530292918
        ],
        [
            5.092272852109445,
            58.64325917075952,
            50.0155928151758,
            10.785508080922511,
            18.947163145971455,
            68.52024151466328,
            61.217831956465616,
            55.61056845355387,
            17.1204788500207,
            0.0,
            70.35286419036515,
            63.71258866432539,
            52.98809515341265,
            70.35381767084014,
            87.24759442852917,
            5.092272852109445
        ],
        [
            65.42181790083379,
            79.02326652903629,
            36.36436056389955,
            60.748357198503804,
            53.10606151998981,
            15.427016045274675,
            11.868789541930823,
            32.342852390579324,
            78.08851511209862,
            70.35286419036515,
            0.0,
            87.68197164686849,
            68.40777701383783,
            5.371799330183772,
            21.19944646505985,
            65.42181790083379
        ],
        [
            61.951162539258,
            8.66230399108908,
            94.0295705048533,
            58.46196248483883,
            56.82474171185862,
            96.9173252886965,
            86.91814370642886,
            96.73494061790795,
            49.49007997373421,
            63.71258866432539,
            87.68197164686849,
            0.0,
            19.32900435966734,
            83.75887764808466,
            108.8429477349405,
            61.951162539258
        ],
        [
            49.9913147774636,
            10.678721816117589,
            76.0053209646523,
            45.349515180324694,
            41.672231255713385,
            77.64350178785823,
            67.64870934491286,
            78.29054008716534,
            42.68248718563592,
            52.98809515341265,
            68.40777701383783,
            19.32900435966734,
            0.0,
            64.57975143470219,
            89.58830196491863,
            49.9913147774636
        ],
        [
            65.33763138768055,
            75.1203586686031,
            40.05256200917928,
            60.37853609280324,
            52.48413694898054,
            20.65727070022941,
            15.543102895783692,
            36.52252473550222,
            76.96517511273018,
            70.35381767084014,
            5.371799330183772,
            83.75887764808466,
            64.57975143470219,
            0.0,
            25.244436818712796,
            65.33763138768055
        ],
        [
            82.59534659629249,
            100.18833553456335,
            43.77143541374977,
            78.5810473392363,
            71.55346225165921,
            19.246591192170722,
            26.266043173942958,
            37.90145785507766,
            96.9876097035665,
            87.24759442852917,
            21.19944646505985,
            108.8429477349405,
            89.58830196491863,
            25.244436818712796,
            0.0,
            82.59534659629249
        ],
        [
            0.0,
            56.35169772772025,
            46.445633287015845,
            5.869759147738799,
            13.90832137035414,
            64.0073961461798,
            56.477840288500346,
            51.84628377704594,
            18.435892530292918,
            5.092272852109445,
            65.42181790083379,
            61.951162539258,
            49.9913147774636,
            65.33763138768055,
            82.59534659629249,
            0.0
        ]
    ],
    "scores_ave": [
        0,
        16.6544760674774,
        13.242428847634033,
        10.51863392889922,
        11.679728598293945,
        18.49619374059621,
        15.654028190321316,
        18.28328022925393,
        13.23932777542001,
        10.901972705509586,
        13.913513456726934,
        18.432959212593005,
        16.626766545332732,
        12.053776665615466,
        11.875404905077291,
        0
    ],
    "scores_var": [
        0,
        314.2349956561037,
        22.42616198279396,
        19.563177481480544,
        17.02678994869532,
        391.75380367940335,
        283.80777171114045,
        21.667676412775577,
        347.96188161839905,
        18.078049717210213,
        17.773481781662248,
        238.75659820781516,
        384.73181444602176,
        22.19404049183344,
        289.56601611849726,
        0
    ],
    "vertex_number": 16,
    "minimum_distances": {
        "cost": 299.0927100765856,
        "path": [
            0,
            3,
            4,
            2,
            7,
            5,
            14,
            6,
            10,
            13,
            12,
            1,
            11,
            8,
            9,
            15
        ]
    }
}