{
    "vertices": [
        [
            20.101397870671732,
            62.22189595134713
        ],
        [
            33.26196657426207,
            46.13034545510006
        ],
        [
            35.37565034827364,
            38.70320807465488
        ],
        [
            94.13966299326792,
            88.56692195297246
        ],
        [
            57.90508057832457,
            13.931579987324561
        ],
        [
            18.35850726579412,
            70.784655215773
        ],
        [
            25.699871473611214,
            33.08836614588467
        ],
        [
            52.5077713322181,
            65.84490893673765
        ],
        [
            87.63687751254017,
            4.623483928468241
        ],
        [
            46.52451123790393,
            34.818037089111655
        ],
        [
            74.70029057892098,
            2.8544221333247077
        ],
        [
            7.246372608712015,
            82.73556494041412
        ],
        [
            30.779405271908665,
            82.80616140815393
        ],
        [
            80.58219661758666,
            45.21229450162999
        ],
        [
            5.6539665210440955,
            86.65319122388622
        ],
        [
            62.30721345795587,
            2.3967522987341616
        ],
        [
            60.99559720018175,
            29.706914273318542
        ],
        [
            91.37491423878815,
            52.26492518492252
        ],
        [
            91.65684573115071,
            22.702517064809857
        ],
        [
            59.81660065403855,
            85.00610626282827
        ],
        [
            50.93156503178656,
            19.068771510906323
        ],
        [
            31.308613718260013,
            78.69884489420342
        ],
        [
            45.83555927458409,
            3.5857741717652325
        ],
        [
            20.101397870671732,
            62.22189595134713
        ]
    ],
    "distances": [
        [
            0.0,
            20.787942802865093,
            28.043385462365254,
            78.58578177628672,
            61.32758793696376,
            8.73833587595955,
            29.666571517595013,
            32.60826987163724,
            88.7615799657405,
            38.06773437648906,
            80.65690319185637,
            24.208723425216608,
            23.189045397712263,
            62.827172135494415,
            28.383383542069023,
            73.21460702922343,
            52.24518707330114,
            71.96565432426493,
            81.74327755902263,
            45.78665276739228,
            53.0348126814308,
            19.927155680626548,
            64.03469247613025,
            0.0
        ],
        [
            20.787942802865093,
            0.0,
            7.722048223400699,
            74.20887376954602,
            40.54680709335858,
            28.808819641463494,
            15.075758906711465,
            27.55113453295311,
            68.40650914450075,
            17.43167839085802,
            59.916109984438,
            44.90827566215809,
            36.759741381601465,
            47.32913467311997,
            49.03368939962925,
            52.50003368476308,
            32.2317135671944,
            58.43584306503583,
            62.919194645453906,
            47.07943680090622,
            32.3193981068215,
            32.62702473556127,
            44.36367634761969,
            20.787942802865093
        ],
        [
            28.043385462365254,
            7.722048223400699,
            0.0,
            77.06879487756227,
            33.48445586518833,
            36.315319210464565,
            11.18691855322276,
            32.096440536222936,
            62.39121302391264,
            11.8064242140978,
            53.21243071630124,
            52.25040399176806,
            44.34180827998339,
            45.67274933385739,
            56.41435432172709,
            45.20473230248891,
            27.153544498915036,
            57.61803300407268,
            58.511495165634926,
            52.35760147746667,
            25.04990181251414,
            40.20188741279568,
            36.64210499781,
            28.043385462365254
        ],
        [
            78.58578177628672,
            74.20887376954602,
            77.06879487756227,
            0.0,
            82.9661330490612,
            77.83953091909372,
            88.10150519539509,
            47.42893925429214,
            84.19493456486646,
            71.80630404633641,
            87.88925887272454,
            87.08874002109957,
            63.62160498267709,
            45.424977886317414,
            88.50638872690475,
            91.86186902985591,
            67.55020060181423,
            36.40712574514646,
            65.91118427724453,
            34.50727483765999,
            81.8347887167617,
            63.60125547374262,
            97.75009930571296,
            78.58578177628672
        ],
        [
            61.32758793696376,
            40.54680709335858,
            33.48445586518833,
            82.9661330490612,
            0.0,
            69.25462889724385,
            37.472095609975064,
            52.193147727532946,
            31.154781353402697,
            23.78574045046559,
            20.11920736725392,
            85.44175231451811,
            74.02371394846084,
            38.63592489359658,
            89.5467010060591,
            12.346295950421837,
            16.07521274586538,
            50.88885063839924,
            34.87278291373855,
            71.10022640109611,
            8.661446520516513,
            70.01550294724973,
            15.896824918036511,
            61.32758793696376
        ],
        [
            8.73833587595955,
            28.808819641463494,
            36.315319210464565,
            77.83953091909372,
            69.25462889724385,
            0.0,
            38.404502835896736,
            34.504685617747626,
            95.79558011804777,
            45.682834842268605,
            88.25481920857973,
            16.318816742755796,
            17.28569693161815,
            67.27356946857084,
            20.32770991960972,
            81.29202938391492,
            59.205592970668384,
            75.32845470113851,
            87.66149913702297,
            43.829478405203346,
            61.11903729282698,
            15.176944863719223,
            72.5994352640601,
            8.73833587595955
        ],
        [
            29.666571517595013,
            15.075758906711465,
            11.18691855322276,
            88.10150519539509,
            37.472095609975064,
            38.404502835896736,
            0.0,
            42.3279410134497,
            68.16481670713794,
            20.896348553859955,
            57.57718682821016,
            52.96579998924176,
            49.976602819209006,
            56.205509089272425,
            57.19290857269159,
            47.77104402984473,
            35.45733311082172,
            68.41748065213687,
            66.76966612425579,
            62.1240931428469,
            28.86498559748092,
            45.95403966157648,
            35.719026532222635,
            29.666571517595013
        ],
        [
            32.60826987163724,
            27.55113453295311,
            32.096440536222936,
            47.42893925429214,
            52.193147727532946,
            34.504685617747626,
            42.3279410134497,
            0.0,
            70.58411280926819,
            31.598515439893994,
            66.78554737550796,
            48.31033507069404,
            27.564578303502696,
            34.8407539173818,
            51.266593772409465,
            64.20044896055097,
            37.121393377110465,
            41.171237003754236,
            58.25732574298397,
            20.507814828130385,
            46.802686448341596,
            24.791691211776342,
            62.615639223959334,
            32.60826987163724
        ],
        [
            88.7615799657405,
            68.40650914450075,
            62.39121302391264,
            84.19493456486646,
            31.154781353402697,
            95.79558011804777,
            68.16481670713794,
            70.58411280926819,
            0.0,
            51.009192321294094,
            13.056985146890648,
            112.08983218253657,
            96.67110844242312,
            41.19733081491602,
            115.97443931147724,
            25.427351707737046,
            36.59147844166198,
            47.787862931490906,
            18.520571903253337,
            85.06076520836169,
            39.44548513643996,
            93.05929509878084,
            41.814196727547404,
            88.7615799657405
        ],
        [
            38.06773437648906,
            17.43167839085802,
            11.8064242140978,
            71.80630404633641,
            23.78574045046559,
            45.682834842268605,
            20.896348553859955,
            31.598515439893994,
            51.009192321294094,
            0.0,
            42.60923869908368,
            61.95854783284035,
            50.50513278410696,
            35.608517528523244,
            66.00973132522716,
            36.058749241003845,
            15.347179068667801,
            48.12434470794871,
            46.73021979693195,
            51.91841608169766,
            16.354249887873753,
            46.44403977859493,
            31.23986078307672,
            38.06773437648906
        ],
        [
            80.65690319185637,
            59.916109984438,
            53.21243071630124,
            87.88925887272454,
            20.11920736725392,
            88.25481920857973,
            57.57718682821016,
            66.78554737550796,
            13.056985146890648,
            42.60923869908368,
            0.0,
            104.55155678275811,
            91.22129564538096,
            42.764309537479164,
            108.58005602779268,
            12.401524995083596,
            30.1475530471992,
            52.148258705446324,
            26.105011684346263,
            83.48906174519973,
            28.772511879800867,
            87.37971208873898,
            28.873995031441307,
            80.65690319185637
        ],
        [
            24.208723425216608,
            44.90827566215809,
            52.25040399176806,
            87.08874002109957,
            85.44175231451811,
            16.318816742755796,
            52.96579998924176,
            48.31033507069404,
            112.08983218253657,
            61.95854783284035,
            104.55155678275811,
            0.0,
            23.533138553714796,
            82.37802442085369,
            4.228894991010452,
            97.39620635168865,
            75.50507887392152,
            89.47665284258458,
            103.58134392827958,
            52.619238255930945,
            77.21305992276609,
            24.398494952465835,
            88.0557477184449,
            24.208723425216608
        ],
        [
            23.189045397712263,
            36.759741381601465,
            44.34180827998339,
            63.62160498267709,
            74.02371394846084,
            17.28569693161815,
            49.976602819209006,
            27.564578303502696,
            96.67110844242312,
            50.50513278410696,
            91.22129564538096,
            23.533138553714796,
            0.0,
            62.39885299271594,
            25.418247595508628,
            86.36941450734875,
            61.09458487405049,
            67.85707639589548,
            85.54829525022551,
            29.120413338817727,
            66.84732166587831,
            4.14126919258579,
            80.63843703368546,
            23.189045397712263
        ],
        [
            62.827172135494415,
            47.32913467311997,
            45.67274933385739,
            45.424977886317414,
            38.63592489359658,
            67.27356946857084,
            56.205509089272425,
            34.8407539173818,
            41.19733081491602,
            35.608517528523244,
            42.764309537479164,
            82.37802442085369,
            62.39885299271594,
            0.0,
            85.62469028583482,
            46.5526117807878,
            24.981026655491924,
            12.892724816962176,
            25.086608643731456,
            44.88604939407129,
            39.53028899215567,
            59.57545659859583,
            54.222652106096625,
            62.827172135494415
        ],
        [
            28.383383542069023,
            49.03368939962925,
            56.41435432172709,
            88.50638872690475,
            89.5467010060591,
            20.32770991960972,
            57.19290857269159,
            51.266593772409465,
            115.97443931147724,
            66.00973132522716,
            108.58005602779268,
            4.228894991010452,
            25.418247595508628,
            85.62469028583482,
            0.0,
            101.53195501339755,
            79.4076478984035,
            92.36142982216523,
            107.17361595947273,
            54.187672261258456,
            81.34933751936897,
            26.85949642763536,
            92.27543644937334,
            28.383383542069023
        ],
        [
            73.21460702922343,
            52.50003368476308,
            45.20473230248891,
            91.86186902985591,
            12.346295950421837,
            81.29202938391492,
            47.77104402984473,
            64.20044896055097,
            25.427351707737046,
            36.058749241003845,
            12.401524995083596,
            97.39620635168865,
            86.36941450734875,
            46.5526117807878,
            101.53195501339755,
            0.0,
            27.341640116966136,
            57.72145091463631,
            35.68928406828808,
            82.64689053136863,
            20.183200978210714,
            82.35849998797596,
            16.51451375460795,
            73.21460702922343
        ],
        [
            52.24518707330114,
            32.2317135671944,
            27.153544498915036,
            67.55020060181423,
            16.07521274586538,
            59.205592970668384,
            35.45733311082172,
            37.121393377110465,
            36.59147844166198,
            15.347179068667801,
            30.1475530471992,
            75.50507887392152,
            61.09458487405049,
            24.981026655491924,
            79.4076478984035,
            27.341640116966136,
            0.0,
            37.838693952357886,
            31.45113259856329,
            55.31175885422984,
            14.644276182862592,
            57.284607480696685,
            30.20166733990916,
            52.24518707330114
        ],
        [
            71.96565432426493,
            58.43584306503583,
            57.61803300407268,
            36.40712574514646,
            50.88885063839924,
            75.32845470113851,
            68.41748065213687,
            41.171237003754236,
            47.787862931490906,
            48.12434470794871,
            52.148258705446324,
            89.47665284258458,
            67.85707639589548,
            12.892724816962176,
            92.36142982216523,
            57.72145091463631,
            37.838693952357886,
            0.0,
            29.563752455100975,
            45.47430147555435,
            52.32254880860043,
            65.62554814566586,
            66.65952740544707,
            71.96565432426493
        ],
        [
            81.74327755902263,
            62.919194645453906,
            58.511495165634926,
            65.91118427724453,
            34.87278291373855,
            87.66149913702297,
            66.76966612425579,
            58.25732574298397,
            18.520571903253337,
            46.73021979693195,
            26.105011684346263,
            103.58134392827958,
            85.54829525022551,
            25.086608643731456,
            107.17361595947273,
            35.68928406828808,
            31.45113259856329,
            29.563752455100975,
            0.0,
            69.96812441051998,
            40.88707124253968,
            82.32556004946825,
            49.64917070177011,
            81.74327755902263
        ],
        [
            45.78665276739228,
            47.07943680090622,
            52.35760147746667,
            34.50727483765999,
            71.10022640109611,
            43.829478405203346,
            62.1240931428469,
            20.507814828130385,
            85.06076520836169,
            51.91841608169766,
            83.48906174519973,
            52.619238255930945,
            29.120413338817727,
            44.88604939407129,
            54.187672261258456,
            82.64689053136863,
            55.31175885422984,
            45.47430147555435,
            69.96812441051998,
            0.0,
            66.5332696640989,
            29.197377709353752,
            82.61198457774154,
            45.78665276739228
        ],
        [
            53.0348126814308,
            32.3193981068215,
            25.04990181251414,
            81.8347887167617,
            8.661446520516513,
            61.11903729282698,
            28.86498559748092,
            46.802686448341596,
            39.44548513643996,
            16.354249887873753,
            28.772511879800867,
            77.21305992276609,
            66.84732166587831,
            39.53028899215567,
            81.34933751936897,
            20.183200978210714,
            14.644276182862592,
            52.32254880860043,
            40.88707124253968,
            66.5332696640989,
            0.0,
            62.775838265613224,
            16.300076112745327,
            53.0348126814308
        ],
        [
            19.927155680626548,
            32.62702473556127,
            40.20188741279568,
            63.60125547374262,
            70.01550294724973,
            15.176944863719223,
            45.95403966157648,
            24.791691211776342,
            93.05929509878084,
            46.44403977859493,
            87.37971208873898,
            24.398494952465835,
            4.14126919258579,
            59.57545659859583,
            26.85949642763536,
            82.35849998797596,
            57.284607480696685,
            65.62554814566586,
            82.32556004946825,
            29.197377709353752,
            62.775838265613224,
            0.0,
            76.5049380141596,
            19.927155680626548
        ],
        [
            64.03469247613025,
            44.36367634761969,
            36.64210499781,
            97.75009930571296,
            15.896824918036511,
            72.5994352640601,
            35.719026532222635,
            62.615639223959334,
            41.814196727547404,
            31.23986078307672,
            28.873995031441307,
            88.0557477184449,
            80.63843703368546,
            54.222652106096625,
            92.27543644937334,
            16.51451375460795,
            30.20166733990916,
            66.65952740544707,
            49.64917070177011,
            82.61198457774154,
            16.300076112745327,
            76.5049380141596,
            0.0,
            64.03469247613025
        ],
        [
            0.0,
            20.787942802865093,
            28.043385462365254,
            78.58578177628672,
            61.32758793696376,
            8.73833587595955,
            29.666571517595013,
            32.60826987163724,
            88.7615799657405,
            38.06773437648906,
            80.65690319185637,
            24.208723425216608,
            23.189045397712263,
            62.827172135494415,
            28.383383542069023,
            73.21460702922343,
            52.24518707330114,
            71.96565432426493,
            81.74327755902263,
            45.78665276739228,
            53.0348126814308,
            19.927155680626548,
            64.03469247613025,
            0.0
        ]
    ],
    "scores_ave": [
        0,
        11.378207830789478,
        18.515778180790406,
        19.51272802427424,
        12.044242886416965,
        15.768297153062127,
        16.00802814706706,
        10.393481907122183,
        16.062093764134545,
        14.46607786394826,
        17.69834907355367,
        18.452795019469516,
        12.064183416424793,
        15.141043853721197,
        16.034281121584854,
        16.6181569930115,
        10.40715849297961,
        19.62139422988639,
        12.499068332241752,
        13.15472703732974,
        12.142921450299372,
        18.27638428166731,
        18.415809925168723,
        0
    ],
    "scores_var": [
        0,
        21.4188098893597,
        17.05052484399324,
        20.546034554076655,
        260.4010214040422,
        262.941866501553,
        23.04043550975772,
        254.99340827681263,
        339.62486953814556,
        18.648119762735185,
        359.47307868719986,
        16.446521088835645,
        23.12242855563887,
        229.80404346376557,
        16.070324263112767,
        21.767858528659104,
        296.3499063812264,
        253.87279979064036,
        237.74060501273107,
        23.13115149571135,
        282.95158508369735,
        16.477002216775,
        20.959220730284144,
        0
    ],
    "vertex_number": 24,
    "minimum_distances": {
        "cost": 431.02037029312817,
        "path": [
            0,
            1,
            6,
            2,
            9,
            22,
            15,
            10,
            8,
            4,
            20,
            16,
            18,
            13,
            17,
            3,
            19,
            7,
            21,
            12,
            14,
            11,
            5,
            23
        ]
    }
}