{
    "vertices": [
        [
            28.484028413123642,
            34.32877872065102
        ],
        [
            85.05423532143764,
            87.37383589346386
        ],
        [
            28.757381188048814,
            61.95267359652874
        ],
        [
            97.85007894597932,
            59.68889526135959
        ],
        [
            72.81274477025936,
            22.98367496186282
        ],
        [
            74.96645960141922,
            83.90463199976364
        ],
        [
            55.465885838180554,
            76.36965832709117
        ],
        [
            57.201835505633866,
            38.79438329110329
        ],
        [
            81.33511166277279,
            32.5618600789768
        ],
        [
            87.84259329159315,
            47.37821611202845
        ],
        [
            82.1184292136531,
            24.359332919998224
        ],
        [
            6.928569914068039,
            54.45802529013546
        ],
        [
            59.489476824111954,
            47.18159497211679
        ],
        [
            63.27762395397066,
            38.144338142792975
        ],
        [
            1.455933593817016,
            48.04579730389318
        ],
        [
            26.088623855887516,
            88.95958002430591
        ],
        [
            52.96624890714603,
            41.934628947267896
        ],
        [
            48.40129701818851,
            36.24510181579268
        ],
        [
            51.058499706210455,
            31.290086804683813
        ],
        [
            92.27597337325764,
            1.5757513118334066
        ],
        [
            28.484028413123642,
            34.32877872065102
        ]
    ],
    "distances": [
        [
            0.0,
            77.54976724733892,
            27.625247326550806,
            73.8565127628228,
            45.75747450601991,
            67.95867595477957,
            49.954541216883314,
            29.062932893675317,
            52.8806108337228,
            60.776040021236604,
            54.55308239507635,
            29.492784855954337,
            33.56386027798948,
            35.00218256571933,
            30.309643818006844,
            54.683291909615754,
            25.636459934781513,
            20.009244935561057,
            22.778068458992852,
            71.70894676565487,
            0.0
        ],
        [
            77.54976724733892,
            0.0,
            61.770310650369694,
            30.499009030899053,
            65.54347347915022,
            10.667642412147968,
            31.56837577474679,
            55.997494503275625,
            54.93800663908689,
            40.09269935874707,
            63.082854584232436,
            84.77658982890533,
            47.633739169901325,
            53.830885664579235,
            92.38706982605876,
            58.98693007738847,
            55.62697547074609,
            62.90934218895475,
            65.58274888927471,
            86.10147976873405,
            77.54976724733892
        ],
        [
            27.625247326550806,
            61.770310650369694,
            0.0,
            69.12977343966575,
            58.81715663774778,
            51.158258429606164,
            30.351172454575444,
            36.679604568418476,
            60.23485420498859,
            60.85620017950783,
            65.27373675233042,
            23.079574408372306,
            34.097602055169375,
            41.934281890784675,
            30.639357841822573,
            27.138446169533665,
            31.413235869941,
            32.35371193546901,
            37.91482712513028,
            87.63551961255786,
            27.625247326550806
        ],
        [
            73.8565127628228,
            30.499009030899053,
            69.12977343966575,
            0.0,
            44.43130990485499,
            33.317592051203476,
            45.54852008412843,
            45.70405151910246,
            31.758781181771063,
            15.86513757395509,
            38.67379963919681,
            91.07185517653508,
            40.348089864050664,
            40.736010919205675,
            97.09476292890854,
            77.50148013514993,
            48.267713549603364,
            54.72470635152479,
            54.7352190962138,
            58.37986084802017,
            73.8565127628228
        ],
        [
            45.75747450601991,
            65.54347347915022,
            58.81715663774778,
            44.43130990485499,
            0.0,
            60.95901487054819,
            56.1335615713263,
            22.218888044649844,
            12.820778743442723,
            28.652922791599526,
            9.406816559166103,
            73.01615728774028,
            27.623337987786492,
            17.90989215676167,
            75.63005009622394,
            80.84530613479885,
            27.441247329549633,
            27.78100472542735,
            23.2861258265357,
            28.932964982145528,
            45.75747450601991
        ],
        [
            67.95867595477957,
            10.667642412147968,
            51.158258429606164,
            33.317592051203476,
            60.95901487054819,
            0.0,
            20.90569791572095,
            48.482124621573156,
            51.736253803194145,
            38.729496206522306,
            59.973271645234,
            74.13674581352818,
            39.85120380142847,
            47.22958154239111,
            81.79030174574564,
            49.13853199575665,
            47.38660598543552,
            54.56316230232921,
            57.791702799242806,
            84.12885273403481,
            67.95867595477957
        ],
        [
            49.954541216883314,
            31.56837577474679,
            30.351172454575444,
            45.54852008412843,
            56.1335615713263,
            20.90569791572095,
            0.0,
            37.615353451457366,
            50.875731268565005,
            43.45980795209734,
            58.441697591130456,
            53.254020500459085,
            29.46408537246773,
            39.01536050816144,
            60.98619552570782,
            31.961377472165967,
            34.52563443553621,
            40.74172861359644,
            45.294512042411085,
            83.36132839000986,
            49.954541216883314
        ],
        [
            29.062932893675317,
            55.997494503275625,
            36.679604568418476,
            45.70405151910246,
            22.218888044649844,
            48.482124621573156,
            37.615353451457366,
            0.0,
            24.925074998210647,
            31.820405773582088,
            28.795960154626624,
            52.6569170566789,
            8.693596642594912,
            6.110463481912367,
            56.508355498969806,
            59.030321890049315,
            5.272697280742603,
            9.162331237701945,
            9.698197796527195,
            51.141193900469425,
            29.062932893675317
        ],
        [
            52.8806108337228,
            54.93800663908689,
            60.23485420498859,
            31.758781181771063,
            12.820778743442723,
            51.736253803194145,
            50.875731268565005,
            24.925074998210647,
            0.0,
            16.182451088990828,
            8.239844548248364,
            77.56143053061939,
            26.286277976347414,
            18.90071225341862,
            81.366058039929,
            78.9485733248429,
            29.877101102784284,
            33.139137235837275,
            30.30331069090404,
            32.86094021018258,
            52.8806108337228
        ],
        [
            60.776040021236604,
            40.09269935874707,
            60.85620017950783,
            15.86513757395509,
            28.652922791599526,
            38.729496206522306,
            43.45980795209734,
            31.820405773582088,
            16.182451088990828,
            0.0,
            23.719929127202526,
            81.22316712082267,
            28.35379821630981,
            26.243136643874433,
            86.38923913536402,
            74.44838860493432,
            35.29861242092813,
            40.98246070771656,
            40.14844262867532,
            46.01652573501834,
            60.776040021236604
        ],
        [
            54.55308239507635,
            63.082854584232436,
            65.27373675233042,
            38.67379963919681,
            9.406816559166103,
            59.973271645234,
            58.441697591130456,
            28.795960154626624,
            8.239844548248364,
            23.719929127202526,
            0.0,
            80.99040822148976,
            32.13915262454334,
            23.345284573672604,
            84.06834597296178,
            85.51333822490331,
            34.040279773663144,
            35.7507553169254,
            31.823805090174098,
            24.945286012596092,
            54.55308239507635
        ],
        [
            29.492784855954337,
            84.77658982890533,
            23.079574408372306,
            91.07185517653508,
            73.01615728774028,
            74.13674581352818,
            53.254020500459085,
            52.6569170566789,
            77.56143053061939,
            81.22316712082267,
            80.99040822148976,
            0.0,
            53.062184023834554,
            58.66304014908564,
            8.430089918932026,
            39.4647304073953,
            47.71062086192385,
            45.29566949428074,
            49.84179046869294,
            100.4027598143691,
            29.492784855954337
        ],
        [
            33.56386027798948,
            47.633739169901325,
            34.097602055169375,
            40.348089864050664,
            27.623337987786492,
            39.85120380142847,
            29.46408537246773,
            8.693596642594912,
            26.286277976347414,
            28.35379821630981,
            32.13915262454334,
            53.062184023834554,
            0.0,
            9.79908514488045,
            58.03997747701802,
            53.48847552534924,
            8.371568247503102,
            15.574164952472174,
            17.989480453814327,
            56.1680276663989,
            33.56386027798948
        ],
        [
            35.00218256571933,
            53.830885664579235,
            41.934281890784675,
            40.736010919205675,
            17.90989215676167,
            47.22958154239111,
            39.01536050816144,
            6.110463481912367,
            18.90071225341862,
            26.243136643874433,
            23.345284573672604,
            58.66304014908564,
            9.79908514488045,
            0.0,
            62.60958626684615,
            62.96991770497952,
            10.985934632008547,
            14.997073105312088,
            14.01027333024494,
            46.670823989474314,
            35.00218256571933
        ],
        [
            30.309643818006844,
            92.38706982605876,
            30.639357841822573,
            97.09476292890854,
            75.63005009622394,
            81.79030174574564,
            60.98619552570782,
            56.508355498969806,
            81.366058039929,
            86.38923913536402,
            84.06834597296178,
            8.430089918932026,
            58.03997747701802,
            62.60958626684615,
            0.0,
            47.75674869628632,
            51.871562173907925,
            48.405821561555925,
            52.35616868400205,
            102.01835521141932,
            30.309643818006844
        ],
        [
            54.683291909615754,
            58.98693007738847,
            27.138446169533665,
            77.50148013514993,
            80.84530613479885,
            49.13853199575665,
            31.961377472165967,
            59.030321890049315,
            78.9485733248429,
            74.44838860493432,
            85.51333822490331,
            39.4647304073953,
            53.48847552534924,
            62.96991770497952,
            47.75674869628632,
            0.0,
            54.164127909473976,
            57.24221865409728,
            62.843179010840785,
            109.62070405076429,
            54.683291909615754
        ],
        [
            25.636459934781513,
            55.62697547074609,
            31.413235869941,
            48.267713549603364,
            27.441247329549633,
            47.38660598543552,
            34.52563443553621,
            5.272697280742603,
            29.877101102784284,
            35.29861242092813,
            34.040279773663144,
            47.71062086192385,
            8.371568247503102,
            10.985934632008547,
            51.871562173907925,
            54.164127909473976,
            0.0,
            7.294484541644424,
            10.814147420805714,
            56.339093368580116,
            25.636459934781513
        ],
        [
            20.009244935561057,
            62.90934218895475,
            32.35371193546901,
            54.72470635152479,
            27.78100472542735,
            54.56316230232921,
            40.74172861359644,
            9.162331237701945,
            33.139137235837275,
            40.98246070771656,
            35.7507553169254,
            45.29566949428074,
            15.574164952472174,
            14.997073105312088,
            48.405821561555925,
            57.24221865409728,
            7.294484541644424,
            0.0,
            5.622535005275224,
            55.91914779061322,
            20.009244935561057
        ],
        [
            22.778068458992852,
            65.58274888927471,
            37.91482712513028,
            54.7352190962138,
            23.2861258265357,
            57.791702799242806,
            45.294512042411085,
            9.698197796527195,
            30.30331069090404,
            40.14844262867532,
            31.823805090174098,
            49.84179046869294,
            17.989480453814327,
            14.01027333024494,
            52.35616868400205,
            62.843179010840785,
            10.814147420805714,
            5.622535005275224,
            0.0,
            50.81163124005564,
            22.778068458992852
        ],
        [
            71.70894676565487,
            86.10147976873405,
            87.63551961255786,
            58.37986084802017,
            28.932964982145528,
            84.12885273403481,
            83.36132839000986,
            51.141193900469425,
            32.86094021018258,
            46.01652573501834,
            24.945286012596092,
            100.4027598143691,
            56.1680276663989,
            46.670823989474314,
            102.01835521141932,
            109.62070405076429,
            56.339093368580116,
            55.91914779061322,
            50.81163124005564,
            0.0,
            71.70894676565487
        ],
        [
            0.0,
            77.54976724733892,
            27.625247326550806,
            73.8565127628228,
            45.75747450601991,
            67.95867595477957,
            49.954541216883314,
            29.062932893675317,
            52.8806108337228,
            60.776040021236604,
            54.55308239507635,
            29.492784855954337,
            33.56386027798948,
            35.00218256571933,
            30.309643818006844,
            54.683291909615754,
            25.636459934781513,
            20.009244935561057,
            22.778068458992852,
            71.70894676565487,
            0.0
        ]
    ],
    "scores_ave": [
        0,
        19.50538476808839,
        18.4827597061253,
        17.71903406558095,
        10.851912694503858,
        19.023123458689938,
        10.685724328049066,
        13.134120636128515,
        11.349299910630178,
        19.365967661045957,
        15.819075408105562,
        14.999448633569047,
        15.274648759431228,
        16.139658022516652,
        16.13249292512684,
        15.842795794691376,
        16.58868251768019,
        14.162459743455575,
        13.193203214476922,
        12.835739437162989,
        0
    ],
    "scores_var": [
        0,
        395.84863335395437,
        361.7742357797498,
        18.765472937951277,
        386.8458606801935,
        17.185837891339293,
        20.128677836192633,
        19.075487922151357,
        23.313496426660215,
        282.8299863443902,
        390.4245836357675,
        24.34693683264397,
        293.73856272813913,
        374.3542088075286,
        253.51084497634403,
        20.86694747713944,
        343.25805968168964,
        358.10034953043254,
        352.417995538135,
        20.290073995417533,
        0
    ],
    "vertex_number": 21,
    "minimum_distances": {
        "cost": 353.9377738863991,
        "path": [
            0,
            14,
            11,
            2,
            15,
            6,
            5,
            1,
            3,
            9,
            8,
            10,
            19,
            4,
            13,
            7,
            12,
            16,
            17,
            18,
            20
        ]
    }
}