{
    "vertices": [
        [
            54.80854609041105,
            88.55450221058037
        ],
        [
            94.12347815462411,
            14.8400132291711
        ],
        [
            47.826382060284146,
            97.78404958364113
        ],
        [
            42.150676504367325,
            8.989859123427212
        ],
        [
            94.00491206550173,
            42.96025797716947
        ],
        [
            39.68398450532532,
            24.571970047983704
        ],
        [
            52.131863809727285,
            32.5264612352606
        ],
        [
            30.439003193530233,
            79.73102745858486
        ],
        [
            30.38987843887454,
            38.971875179511116
        ],
        [
            56.789088841615666,
            84.99654262566499
        ],
        [
            11.618926200156931,
            82.01126163392138
        ],
        [
            24.44466398625973,
            97.28184157410527
        ],
        [
            11.70942269945371,
            77.52985636658278
        ],
        [
            90.29114783132708,
            85.08252320212745
        ],
        [
            36.66307030545305,
            92.80801473354498
        ],
        [
            95.61321449820642,
            66.77776880217897
        ],
        [
            67.05713361638708,
            98.84991901712532
        ],
        [
            75.23692724129502,
            78.32581996095743
        ],
        [
            54.80854609041105,
            88.55450221058037
        ]
    ],
    "distances": [
        [
            0.0,
            83.54334066222152,
            11.573035870296561,
            80.56521639047065,
            60.126451856642674,
            65.74584994567161,
            56.09194241211332,
            25.91772227071693,
            55.26941498856591,
            4.07205427238395,
            43.68245944894439,
            31.593223779806518,
            44.48682111653449,
            35.65206395904163,
            18.637345847666026,
            46.2519954359887,
            16.000734470704266,
            22.846109012467373,
            0.0
        ],
        [
            83.54334066222152,
            0.0,
            94.99017987950225,
            52.30101733654792,
            28.12049470768286,
            55.30252663590766,
            45.56430750447824,
            90.92060315897696,
            68.14923692835939,
            79.47197771753505,
            106.39068429829766,
            107.94346763359536,
            103.54753965769144,
            70.34697550717965,
            96.85405375501392,
            51.9591163159546,
            88.26240013257909,
            66.23556040215482,
            83.54334066222152
        ],
        [
            11.573035870296561,
            94.99017987950225,
            0.0,
            88.9754004938568,
            71.68057449234495,
            73.66347281983406,
            65.39946490714951,
            25.06456765443625,
            61.342509866170595,
            15.615711544736424,
            39.49380583800306,
            23.387110830070522,
            41.408538930343944,
            44.32364046882688,
            12.222129608416108,
            56.96464519637536,
            19.260266951986704,
            33.61488787976727,
            11.573035870296561
        ],
        [
            80.56521639047065,
            52.30101733654792,
            88.9754004938568,
            0.0,
            61.990723047178186,
            15.776144975351889,
            25.56551855518363,
            71.7040876740154,
            32.20617422055236,
            77.40348217467124,
            79.14741310515622,
            90.04985865820238,
            74.99600759578432,
            90.04220402775441,
            83.99760134477818,
            78.72538011202143,
            93.24785236117715,
            76.82561716699954,
            80.56521639047065
        ],
        [
            60.126451856642674,
            28.12049470768286,
            71.68057449234495,
            61.990723047178186,
            0.0,
            57.3488648881961,
            43.153404091472126,
            73.43510236239324,
            63.73993803462289,
            56.14326963475566,
            91.17253727743044,
            88.25793197965028,
            89.2614401788513,
            42.285662729449314,
            75.97950822476572,
            23.871750221014135,
            62.04705451916091,
            40.03698576055397,
            60.126451856642674
        ],
        [
            65.74584994567161,
            55.30252663590766,
            73.66347281983406,
            15.776144975351889,
            57.3488648881961,
            0.0,
            14.772394160237686,
            55.92844798384302,
            17.13877695086282,
            62.798993348228535,
            63.929020918256455,
            74.28971871819085,
            59.89251899498128,
            78.88353454888463,
            68.30288220077469,
            70.06716931685068,
            79.1612468024527,
            64.44756099072832,
            65.74584994567161
        ],
        [
            56.09194241211332,
            45.56430750447824,
            65.39946490714951,
            25.56551855518363,
            43.153404091472126,
            14.772394160237686,
            0.0,
            51.9504694304677,
            22.677241648382058,
            52.6763626887175,
            63.953448572006174,
            70.42613376363248,
            60.49197730823029,
            64.9482148061536,
            62.23463075044632,
            55.351422093186954,
            67.98209125162583,
            51.2974191929948,
            56.09194241211332
        ],
        [
            25.91772227071693,
            90.92060315897696,
            25.06456765443625,
            71.7040876740154,
            73.43510236239324,
            55.92844798384302,
            51.9504694304677,
            0.0,
            40.75918188273953,
            26.871037636016005,
            18.957709933714877,
            18.54624432733945,
            18.858481902326,
            60.09091216179788,
            14.482631238942323,
            66.44896334034367,
            41.30883065511034,
            44.81995768740407,
            25.91772227071693
        ],
        [
            55.26941498856591,
            68.14923692835939,
            61.342509866170595,
            32.20617422055236,
            63.73993803462289,
            17.13877695086282,
            22.677241648382058,
            40.75918188273953,
            0.0,
            53.05834829145411,
            46.95463165993628,
            58.61226625738233,
            42.844805284363616,
            75.5933458440145,
            54.20039537011069,
            70.90311196882449,
            70.21301685636409,
            59.665658096997554,
            55.26941498856591
        ],
        [
            4.07205427238395,
            79.47197771753505,
            15.615711544736424,
            77.40348217467124,
            56.14326963475566,
            62.798993348228535,
            52.6763626887175,
            26.871037636016005,
            53.05834829145411,
            0.0,
            45.26870326898595,
            34.59899405295355,
            45.69384754187756,
            33.50216932095043,
            21.588786872127585,
            42.886320110614385,
            17.24380413192463,
            19.616862197867608,
            4.07205427238395
        ],
        [
            43.68245944894439,
            106.39068429829766,
            39.49380583800306,
            79.14741310515622,
            91.17253727743044,
            63.929020918256455,
            63.953448572006174,
            18.957709933714877,
            46.95463165993628,
            45.26870326898595,
            0.0,
            19.942170430206733,
            4.482318907275021,
            78.73214784320504,
            27.272312543329914,
            85.3645111890802,
            57.93906474904374,
            63.72466191981771,
            43.68245944894439
        ],
        [
            31.593223779806518,
            107.94346763359536,
            23.387110830070522,
            90.04985865820238,
            88.25793197965028,
            74.28971871819085,
            70.42613376363248,
            18.54624432733945,
            58.61226625738233,
            34.59899405295355,
            19.942170430206733,
            0.0,
            23.501644416324492,
            66.9670277338004,
            13.011709325842661,
            77.43036250494042,
            42.6413113640497,
            54.21424869872252,
            31.593223779806518
        ],
        [
            44.48682111653449,
            103.54753965769144,
            41.408538930343944,
            74.99600759578432,
            89.2614401788513,
            59.89251899498128,
            60.49197730823029,
            18.858481902326,
            42.844805284363616,
            45.69384754187756,
            4.482318907275021,
            23.501644416324492,
            0.0,
            78.94384270498894,
            29.259300263854115,
            84.58991467782107,
            59.312007006739236,
            63.53249083230751,
            44.48682111653449
        ],
        [
            35.65206395904163,
            70.34697550717965,
            44.32364046882688,
            90.04220402775441,
            42.285662729449314,
            78.88353454888463,
            64.9482148061536,
            60.09091216179788,
            75.5933458440145,
            33.50216932095043,
            78.73214784320504,
            66.9670277338004,
            78.94384270498894,
            0.0,
            54.18167511736011,
            19.06274972948922,
            27.006677027484425,
            16.500987735968494,
            35.65206395904163
        ],
        [
            18.637345847666026,
            96.85405375501392,
            12.222129608416108,
            83.99760134477818,
            75.97950822476572,
            68.30288220077469,
            62.23463075044632,
            14.482631238942323,
            54.20039537011069,
            21.588786872127585,
            27.272312543329914,
            13.011709325842661,
            29.259300263854115,
            54.18167511736011,
            0.0,
            64.44139355719902,
            30.98876718943515,
            41.202868884799344,
            18.637345847666026
        ],
        [
            46.2519954359887,
            51.9591163159546,
            56.96464519637536,
            78.72538011202143,
            23.871750221014135,
            70.06716931685068,
            55.351422093186954,
            66.44896334034367,
            70.90311196882449,
            42.886320110614385,
            85.3645111890802,
            77.43036250494042,
            84.58991467782107,
            19.06274972948922,
            64.44139355719902,
            0.0,
            42.94266613449951,
            23.421156417690703,
            46.2519954359887
        ],
        [
            16.000734470704266,
            88.26240013257909,
            19.260266951986704,
            93.24785236117715,
            62.04705451916091,
            79.1612468024527,
            67.98209125162583,
            41.30883065511034,
            70.21301685636409,
            17.24380413192463,
            57.93906474904374,
            42.6413113640497,
            59.312007006739236,
            27.006677027484425,
            30.98876718943515,
            42.94266613449951,
            0.0,
            22.09406404022302,
            16.000734470704266
        ],
        [
            22.846109012467373,
            66.23556040215482,
            33.61488787976727,
            76.82561716699954,
            40.03698576055397,
            64.44756099072832,
            51.2974191929948,
            44.81995768740407,
            59.665658096997554,
            19.616862197867608,
            63.72466191981771,
            54.21424869872252,
            63.53249083230751,
            16.500987735968494,
            41.202868884799344,
            23.421156417690703,
            22.09406404022302,
            0.0,
            22.846109012467373
        ],
        [
            0.0,
            83.54334066222152,
            11.573035870296561,
            80.56521639047065,
            60.126451856642674,
            65.74584994567161,
            56.09194241211332,
            25.91772227071693,
            55.26941498856591,
            4.07205427238395,
            43.68245944894439,
            31.593223779806518,
            44.48682111653449,
            35.65206395904163,
            18.637345847666026,
            46.2519954359887,
            16.000734470704266,
            22.846109012467373,
            0.0
        ]
    ],
    "scores_ave": [
        0,
        17.229835552651515,
        18.043796125186056,
        17.074357226263217,
        15.548719125349525,
        17.42098406563983,
        17.906887331451863,
        10.08784978329685,
        14.469037339423524,
        12.856759569004927,
        15.224064127737723,
        16.664553246106752,
        15.890388452432152,
        16.63502492734036,
        15.239156911218421,
        10.198511781874025,
        16.310617872273784,
        15.597015475360449,
        0
    ],
    "scores_var": [
        0,
        19.2186429486769,
        307.93687247075576,
        319.52292260263766,
        277.18225835246096,
        385.5507830540589,
        17.329747595306333,
        362.219725517121,
        17.45368454292398,
        252.516891075905,
        24.39165228685703,
        228.87938204019773,
        335.32826453558584,
        365.38021598992566,
        24.286184707646985,
        23.22309690323126,
        295.62305403393225,
        274.66101177990026,
        0
    ],
    "vertex_number": 19,
    "minimum_distances": {
        "cost": 355.8596807516654,
        "path": [
            0,
            2,
            14,
            11,
            10,
            12,
            7,
            8,
            5,
            3,
            6,
            1,
            4,
            15,
            13,
            17,
            16,
            9,
            18
        ]
    }
}