{
    "vertices": [
        [
            70.1695492661268,
            83.4954006502975
        ],
        [
            71.61373105684345,
            54.715456635894064
        ],
        [
            42.154964879811594,
            63.12433105470432
        ],
        [
            23.26816580883233,
            55.80238498390801
        ],
        [
            29.821521110638027,
            9.277090677640842
        ],
        [
            79.19482587234576,
            71.37874266573647
        ],
        [
            17.72420823387384,
            25.14222218485821
        ],
        [
            72.32539429182768,
            72.26418066366962
        ],
        [
            8.891851223230262,
            32.794001717109985
        ],
        [
            98.07520065441783,
            71.79338163335822
        ],
        [
            56.11558249623898,
            18.39894302478553
        ],
        [
            34.590740900924274,
            53.026605018380145
        ],
        [
            72.52897792533575,
            94.2818086129079
        ],
        [
            2.8872279030038195,
            67.98948929485506
        ],
        [
            62.74804845625342,
            38.0555177375641
        ],
        [
            56.608936831073365,
            20.192877782717666
        ],
        [
            27.532483586852806,
            97.22055814663476
        ],
        [
            39.595132531608776,
            52.28364397865035
        ],
        [
            83.95082093755114,
            37.58094454514439
        ],
        [
            51.983880867575294,
            25.44433784842376
        ],
        [
            69.8650444174435,
            14.478220249353878
        ],
        [
            5.003657032606168,
            50.1379607128993
        ],
        [
            70.1695492661268,
            83.4954006502975
        ]
    ],
    "distances": [
        [
            0.0,
            28.816155859462476,
            34.63809196255585,
            54.46689716614183,
            84.47674775483168,
            15.108574338222317,
            78.45767797359748,
            11.43625682480368,
            79.53356606627564,
            30.25991785312111,
            66.59626699267149,
            46.84227910709887,
            11.04144466697006,
            69.0459561087642,
            46.04195514304178,
            64.73870257438122,
            44.79173269742963,
            43.6917465110527,
            47.938092664535944,
            60.832922234010454,
            69.0178521376844,
            73.20732415385739,
            0.0
        ],
        [
            28.816155859462476,
            0.0,
            30.635405557367076,
            48.35778212845805,
            61.73519185313881,
            18.306777431158576,
            61.4707805870667,
            17.56314833858256,
            66.44233887829729,
            31.493886636653222,
            39.485209505236234,
            37.061489714679134,
            39.57693628363913,
            69.99665834013716,
            18.872039955195426,
            37.642426866920864,
            61.2359374301474,
            32.11081382213927,
            21.11386490703933,
            35.24385639403424,
            40.27521690803328,
            66.76717329975415,
            28.816155859462476
        ],
        [
            34.63809196255585,
            30.635405557367076,
            0.0,
            20.256408206076237,
            55.241643091354746,
            37.94847313648596,
            45.16085101605012,
            31.524461324183612,
            45.015148648622535,
            56.588207314093374,
            46.853593017600105,
            12.6167173031432,
            43.51286104451914,
            39.56797861884611,
            32.442572221017635,
            45.29930446720607,
            37.09945634463423,
            11.13881672045236,
            48.98324384905569,
            38.9408458757622,
            55.98475332149209,
            39.35562843371124,
            34.63809196255585
        ],
        [
            54.46689716614183,
            48.35778212845805,
            20.256408206076237,
            0.0,
            46.984566359566216,
            58.05526870570874,
            31.157359458997437,
            51.74555423835972,
            27.130501683825646,
            76.49708776307351,
            49.77921507442203,
            11.657858342469547,
            62.50834866797782,
            23.746750123061926,
            43.28524495614522,
            48.78159504843127,
            41.63711654581234,
            16.701837642269524,
            63.35933652694316,
            41.78759764828796,
            62.28126272864265,
            19.1227085727633,
            54.46689716614183
        ],
        [
            84.47674775483168,
            61.73519185313881,
            55.241643091354746,
            46.984566359566216,
            0.0,
            79.33686660527383,
            19.951124694603706,
            75.98652999256342,
            31.481680171715247,
            92.55728715841285,
            27.831382545480203,
            44.00869757739499,
            95.13006327567318,
            64.59568021146204,
            43.730470693612276,
            28.926113619060335,
            87.97325254448245,
            44.10314169127526,
            61.082642735108074,
            27.432646082306764,
            40.37988989143508,
            47.80729104889699,
            84.47674775483168
        ],
        [
            15.108574338222317,
            18.306777431158576,
            37.94847313648596,
            58.05526870570874,
            79.33686660527383,
            0.0,
            76.91848060793902,
            6.926260945676464,
            80.19532703709605,
            18.884927253896777,
            57.78849924343834,
            48.23199511076958,
            23.853384636842232,
            76.38282887051743,
            37.160917736084684,
            55.94743200190091,
            57.765015690919945,
            43.963149415731884,
            34.13078737533834,
            53.38918499072077,
            57.66033535502109,
            77.1718883517484,
            15.108574338222317
        ],
        [
            78.45767797359748,
            61.4707805870667,
            45.16085101605012,
            31.157359458997437,
            19.951124694603706,
            76.91848060793902,
            0.0,
            72.1232867374617,
            11.68590006690336,
            92.91185425367254,
            38.9790896710488,
            32.588628848343596,
            88.2261026702185,
            45.343403976036484,
            46.83907973478876,
            39.198445480514486,
            72.74262010966187,
            34.85676557894877,
            67.38461281449317,
            34.26100469692277,
            53.22018165322519,
            28.046378864770944,
            78.45767797359748
        ],
        [
            11.43625682480368,
            17.56314833858256,
            31.524461324183612,
            51.74555423835972,
            75.98652999256342,
            6.926260945676464,
            72.1232867374617,
            0.0,
            74.71083865349821,
            25.754109952351882,
            56.25141619854438,
            42.35550003529474,
            22.01856913622933,
            69.5696193588883,
            35.52405061991239,
            54.3914296450786,
            51.27597513939742,
            38.346993116981785,
            36.579740463109765,
            51.04777027092731,
            57.83831379379285,
            70.86456037335955,
            11.43625682480368
        ],
        [
            79.53356606627564,
            66.44233887829729,
            45.015148648622535,
            27.130501683825646,
            31.481680171715247,
            80.19532703709605,
            11.68590006690336,
            74.71083865349821,
            0.0,
            97.33766716753166,
            49.36900353562756,
            32.70766220647474,
            88.48974116672937,
            35.70403124372674,
            54.112600484875855,
            49.35289842872597,
            67.06902674321785,
            36.366710582402774,
            75.21146027178445,
            43.714306329298914,
            63.66473230190675,
            17.774447043765498,
            79.53356606627564
        ],
        [
            30.25991785312111,
            31.493886636653222,
            56.588207314093374,
            76.49708776307351,
            92.55728715841285,
            18.884927253896777,
            92.91185425367254,
            25.754109952351882,
            97.33766716753166,
            0.0,
            67.90858289130182,
            66.20021551860259,
            34.03437738138318,
            95.26394781577582,
            48.849269622824465,
            66.19715275680048,
            74.98544016482033,
            61.64858660994519,
            37.01336182922627,
            65.36546197703153,
            63.881457711835004,
            95.55767623476954,
            30.25991785312111
        ],
        [
            66.59626699267149,
            39.485209505236234,
            46.853593017600105,
            49.77921507442203,
            27.831382545480203,
            57.78849924343834,
            38.9790896710488,
            56.25141619854438,
            49.36900353562756,
            67.90858289130182,
            0.0,
            40.77246351210615,
            77.63767667426004,
            72.74943307041703,
            20.745373801158568,
            1.860537668368181,
            83.84414442094739,
            37.69745648935346,
            33.80458077556579,
            8.167530016427886,
            14.29754420187053,
            60.1647252832285,
            66.59626699267149
        ],
        [
            46.84227910709887,
            37.061489714679134,
            12.6167173031432,
            11.657858342469547,
            44.00869757739499,
            48.23199511076958,
            32.588628848343596,
            42.35550003529474,
            32.70766220647474,
            66.20021551860259,
            40.77246351210615,
            0.0,
            56.04731619039721,
            35.05710544640689,
            31.88992667183805,
            39.53295582427803,
            44.75404439169726,
            5.059241711938802,
            51.720266131147156,
            32.60832378602689,
            52.25183687562014,
            29.727761398303716,
            46.84227910709887
        ],
        [
            11.04144466697006,
            39.57693628363913,
            43.51286104451914,
            62.50834866797782,
            95.13006327567318,
            23.853384636842232,
            88.2261026702185,
            22.01856913622933,
            88.48974116672937,
            34.03437738138318,
            77.63767667426004,
            56.04731619039721,
            0.0,
            74.4396359562258,
            57.07067869648942,
            75.78005925046321,
            45.09235801746353,
            53.37119077802286,
            57.83983474930308,
            71.83800104654921,
            79.84803853216461,
            80.67433463676782,
            11.04144466697006
        ],
        [
            69.0459561087642,
            69.99665834013716,
            39.56797861884611,
            23.746750123061926,
            64.59568021146204,
            76.38282887051743,
            45.343403976036484,
            69.5696193588883,
            35.70403124372674,
            95.26394781577582,
            72.74943307041703,
            35.05710544640689,
            74.4396359562258,
            0.0,
            66.9280247019218,
            71.9064536894597,
            38.234068759939426,
            39.92673088695476,
            86.5793607591663,
            64.9659237133079,
            85.72913052108927,
            17.97654986289118,
            69.0459561087642
        ],
        [
            46.04195514304178,
            18.872039955195426,
            32.442572221017635,
            43.28524495614522,
            43.730470693612276,
            37.160917736084684,
            46.83907973478876,
            35.52405061991239,
            54.112600484875855,
            48.849269622824465,
            20.745373801158568,
            31.88992667183805,
            57.07067869648942,
            66.9280247019218,
            0.0,
            18.888160251938174,
            68.8522912885107,
            27.175302981677145,
            21.208082907435067,
            16.580384859025635,
            24.628044753068806,
            58.99491646862137,
            46.04195514304178
        ],
        [
            64.73870257438122,
            37.642426866920864,
            45.29930446720607,
            48.78159504843127,
            28.926113619060335,
            55.94743200190091,
            39.198445480514486,
            54.3914296450786,
            49.35289842872597,
            66.19715275680048,
            1.860537668368181,
            39.53295582427803,
            75.78005925046321,
            71.9064536894597,
            18.888160251938174,
            0.0,
            82.33288331832624,
            36.32198799325962,
            32.40252292996135,
            6.997783612487237,
            14.435432070605,
            59.66416759474267,
            64.73870257438122
        ],
        [
            44.79173269742963,
            61.2359374301474,
            37.09945634463423,
            41.63711654581234,
            87.97325254448245,
            57.765015690919945,
            72.74262010966187,
            51.27597513939742,
            67.06902674321785,
            74.98544016482033,
            83.84414442094739,
            44.75404439169726,
            45.09235801746353,
            38.234068759939426,
            68.8522912885107,
            82.33288331832624,
            0.0,
            46.52777401192991,
            82.09696888407196,
            75.82675404682071,
            92.9426715087503,
            52.1950094072079,
            44.79173269742963
        ],
        [
            43.6917465110527,
            32.11081382213927,
            11.13881672045236,
            16.701837642269524,
            44.10314169127526,
            43.963149415731884,
            34.85676557894877,
            38.346993116981785,
            36.366710582402774,
            61.64858660994519,
            37.69745648935346,
            5.059241711938802,
            53.37119077802286,
            39.92673088695476,
            27.175302981677145,
            36.32198799325962,
            46.52777401192991,
            0.0,
            46.72896815249687,
            29.560606199534067,
            48.43054437984206,
            34.65795917065836,
            43.6917465110527
        ],
        [
            47.938092664535944,
            21.11386490703933,
            48.98324384905569,
            63.35933652694316,
            61.082642735108074,
            34.13078737533834,
            67.38461281449317,
            36.579740463109765,
            75.21146027178445,
            37.01336182922627,
            33.80458077556579,
            51.720266131147156,
            57.83983474930308,
            86.5793607591663,
            21.208082907435067,
            32.40252292996135,
            82.09696888407196,
            46.72896815249687,
            0.0,
            34.19331045026661,
            27.058177508134673,
            79.9395605671654,
            47.938092664535944
        ],
        [
            60.832922234010454,
            35.24385639403424,
            38.9408458757622,
            41.78759764828796,
            27.432646082306764,
            53.38918499072077,
            34.26100469692277,
            51.04777027092731,
            43.714306329298914,
            65.36546197703153,
            8.167530016427886,
            32.60832378602689,
            71.83800104654921,
            64.9659237133079,
            16.580384859025635,
            6.997783612487237,
            75.82675404682071,
            29.560606199534067,
            34.19331045026661,
            0.0,
            20.975980193873312,
            53.07463086783317,
            60.832922234010454
        ],
        [
            69.0178521376844,
            40.27521690803328,
            55.98475332149209,
            62.28126272864265,
            40.37988989143508,
            57.66033535502109,
            53.22018165322519,
            57.83831379379285,
            63.66473230190675,
            63.881457711835004,
            14.29754420187053,
            52.25183687562014,
            79.84803853216461,
            85.72913052108927,
            24.628044753068806,
            14.435432070605,
            92.9426715087503,
            48.43054437984206,
            27.058177508134673,
            20.975980193873312,
            0.0,
            74.01767804662177,
            69.0178521376844
        ],
        [
            73.20732415385739,
            66.76717329975415,
            39.35562843371124,
            19.1227085727633,
            47.80729104889699,
            77.1718883517484,
            28.046378864770944,
            70.86456037335955,
            17.774447043765498,
            95.55767623476954,
            60.1647252832285,
            29.727761398303716,
            80.67433463676782,
            17.97654986289118,
            58.99491646862137,
            59.66416759474267,
            52.1950094072079,
            34.65795917065836,
            79.9395605671654,
            53.07463086783317,
            74.01767804662177,
            0.0,
            73.20732415385739
        ],
        [
            0.0,
            28.816155859462476,
            34.63809196255585,
            54.46689716614183,
            84.47674775483168,
            15.108574338222317,
            78.45767797359748,
            11.43625682480368,
            79.53356606627564,
            30.25991785312111,
            66.59626699267149,
            46.84227910709887,
            11.04144466697006,
            69.0459561087642,
            46.04195514304178,
            64.73870257438122,
            44.79173269742963,
            43.6917465110527,
            47.938092664535944,
            60.832922234010454,
            69.0178521376844,
            73.20732415385739,
            0.0
        ]
    ],
    "scores_ave": [
        0,
        16.623542675954408,
        11.81017466175904,
        11.474119375866932,
        13.063397239171548,
        15.916797218434354,
        10.681080785746033,
        19.525170264187786,
        17.87159863755698,
        11.235475929016877,
        18.69048987089716,
        19.274003270216948,
        17.049612021799643,
        11.297641635702114,
        16.49280592839129,
        19.283427994359016,
        17.43710256843969,
        14.603113588457926,
        13.857393426554482,
        13.821630228389683,
        16.85748435595407,
        14.575552576844517,
        0
    ],
    "scores_var": [
        0,
        272.3594588983437,
        316.1167286252912,
        281.976796738103,
        398.9825797599917,
        17.96066659463722,
        327.8956526319448,
        302.71044282594755,
        358.8535944677905,
        20.465687888538827,
        351.19902092511205,
        351.64313777534,
        275.1267337235228,
        260.6764548970485,
        23.754927165603817,
        320.6544735628504,
        252.20713717144372,
        24.60665481664413,
        285.2170427951517,
        16.235333009281245,
        331.6370542084736,
        16.466130974654092,
        0
    ],
    "vertex_number": 23,
    "minimum_distances": {
        "cost": 425.68857288593705,
        "path": [
            0,
            12,
            16,
            13,
            21,
            8,
            6,
            4,
            3,
            11,
            17,
            2,
            14,
            19,
            15,
            10,
            20,
            18,
            1,
            9,
            5,
            7,
            22
        ]
    }
}