{
    "vertices": [
        [
            48.5942733236272,
            7.167382024441138
        ],
        [
            65.7440623355387,
            9.341656650453379
        ],
        [
            55.542244620965874,
            12.725185195611399
        ],
        [
            15.562860394301914,
            88.34021325520382
        ],
        [
            40.04548563759614,
            67.9225547112839
        ],
        [
            4.274314260765177,
            19.052310439766284
        ],
        [
            70.3556955064867,
            24.58377687009915
        ],
        [
            56.69106566414507,
            88.86830659349701
        ],
        [
            0.6643779566220531,
            53.78746895794732
        ],
        [
            64.64612241885418,
            43.04431600781261
        ],
        [
            74.12018075861263,
            32.67871330008185
        ],
        [
            94.37657457983119,
            38.846651664190766
        ],
        [
            21.3333772908177,
            25.606557318307075
        ],
        [
            98.02210988462397,
            47.7737473000589
        ],
        [
            81.1859316552925,
            19.77563833272704
        ],
        [
            69.83702200180967,
            24.466701777267442
        ],
        [
            38.39141240557032,
            35.346769996184925
        ],
        [
            94.2267983080302,
            41.5721461272323
        ],
        [
            48.5942733236272,
            7.167382024441138
        ]
    ],
    "distances": [
        [
            0.0,
            17.287068383690773,
            8.897386202594124,
            87.63619554798964,
            61.35366964663907,
            45.88583980675486,
            27.872752014117882,
            82.10115176807221,
            66.8633485220396,
            39.30415056228965,
            36.08877905713809,
            55.67400859666726,
            32.91139070336537,
            63.96864800820403,
            34.94544777139706,
            27.39563533329624,
            29.969589209318016,
            57.149060617134126,
            0.0
        ],
        [
            17.287068383690773,
            0.0,
            10.748271958657869,
            93.5891285027334,
            63.96982461999917,
            62.23203937998513,
            15.924490236535748,
            80.04026986396077,
            78.8086007395918,
            33.720538545800885,
            24.794708566654442,
            41.114054630749166,
            47.29541140403108,
            50.18862366393908,
            18.63650454979088,
            15.6690557762069,
            37.74166634259468,
            43.01244820271706,
            17.287068383690773
        ],
        [
            8.897386202594124,
            10.748271958657869,
            0.0,
            85.53352343728262,
            57.33148472208217,
            51.656879476731945,
            18.975366232037995,
            76.15178741173708,
            68.539706721054,
            31.656441432451825,
            27.263216885583653,
            46.80209604091616,
            36.55374607034196,
            55.0721404923384,
            26.595254729991883,
            18.498753255427438,
            28.388151482091768,
            48.25600324268292,
            8.897386202594124
        ],
        [
            87.63619554798964,
            93.5891285027334,
            85.53352343728262,
            0.0,
            31.87914238526021,
            70.20145832082483,
            84.0662712397723,
            41.13159553545552,
            37.62787420805814,
            66.78985640362673,
            80.79085558095397,
            93.06564448109572,
            62.998495636498454,
            91.8975842261216,
            94.9077890166291,
            83.81831593822402,
            57.70136753473042,
            91.51648611578872,
            87.63619554798964
        ],
        [
            61.35366964663907,
            63.96982461999917,
            57.33148472208217,
            31.87914238526021,
            0.0,
            60.56300419256306,
            52.88627881656788,
            26.75443619909564,
            41.84103597468225,
            34.98739903208414,
            49.022578522637765,
            61.62203634782784,
            46.268635533631155,
            61.37803678169978,
            63.32978647760259,
            52.68725456088145,
            32.61775142558696,
            60.24913837755523,
            61.35366964663907
        ],
        [
            45.88583980675486,
            62.23203937998513,
            51.656879476731945,
            70.20145832082483,
            60.56300419256306,
            0.0,
            66.31248802610482,
            87.30285875400342,
            34.922240440772626,
            64.96438679349069,
            71.16265819758804,
            92.25092551900869,
            18.274840180099154,
            98.0488149834182,
            76.91501864709448,
            65.78589727208426,
            37.80854133734901,
            92.72859529651,
            45.88583980675486
        ],
        [
            27.872752014117882,
            15.924490236535748,
            18.975366232037995,
            84.0662712397723,
            52.88627881656788,
            66.31248802610482,
            0.0,
            65.72079481021694,
            75.56279093176693,
            19.323320886899022,
            8.927448964790266,
            27.93621715351191,
            49.032986479344174,
            36.099933699180234,
            11.84956586687727,
            0.531722466908726,
            33.72769507671252,
            29.299048431281257,
            27.872752014117882
        ],
        [
            82.10115176807221,
            80.04026986396077,
            76.15178741173708,
            41.13159553545552,
            26.75443619909564,
            87.30285875400342,
            65.72079481021694,
            0.0,
            66.10336530531642,
            46.509365090995765,
            58.830642079239645,
            62.62877568738547,
            72.47216740557938,
            58.283943070772786,
            73.30617482393335,
            65.72961943399328,
            56.56352348573665,
            60.380940866832184,
            82.10115176807221
        ],
        [
            66.8633485220396,
            78.8086007395918,
            68.539706721054,
            37.62787420805814,
            41.84103597468225,
            34.922240440772626,
            75.56279093176693,
            66.10336530531642,
            0.0,
            64.87741486634897,
            76.42862376563113,
            94.89575236728157,
            34.948123187350006,
            97.54328687481903,
            87.41009800089772,
            75.13030062675023,
            41.99271968461288,
            94.35645507262437,
            66.8633485220396
        ],
        [
            39.30415056228965,
            33.720538545800885,
            31.656441432451825,
            66.78985640362673,
            34.98739903208414,
            64.96438679349069,
            19.323320886899022,
            46.509365090995765,
            64.87741486634897,
            0.0,
            14.042916396520418,
            30.025325504278165,
            46.69121243488622,
            33.70940610072063,
            28.548146180177728,
            19.289198764575005,
            27.359861338880226,
            29.617286678859823,
            39.30415056228965
        ],
        [
            36.08877905713809,
            24.794708566654442,
            27.263216885583653,
            80.79085558095397,
            49.022578522637765,
            71.16265819758804,
            8.927448964790266,
            58.830642079239645,
            76.42862376563113,
            14.042916396520418,
            0.0,
            21.174629968520055,
            53.25844543899268,
            28.269458208556674,
            14.711022375997898,
            9.261888694365451,
            35.82824883466925,
            21.985659342616575,
            36.08877905713809
        ],
        [
            55.67400859666726,
            41.114054630749166,
            46.80209604091616,
            93.06564448109572,
            61.62203634782784,
            92.25092551900869,
            27.93621715351191,
            62.62877568738547,
            94.89575236728157,
            30.025325504278165,
            21.174629968520055,
            0.0,
            74.23347471652964,
            9.642767452885428,
            23.188286056790602,
            28.442443627085005,
            56.09445209081138,
            2.7296067481717343,
            55.67400859666726
        ],
        [
            32.91139070336537,
            47.29541140403108,
            36.55374607034196,
            62.998495636498454,
            46.268635533631155,
            18.274840180099154,
            49.032986479344174,
            72.47216740557938,
            34.948123187350006,
            46.69121243488622,
            53.25844543899268,
            74.23347471652964,
            0.0,
            79.82822820613897,
            60.135911734743075,
            48.51703639861547,
            19.64302178857484,
            74.62138335362239,
            32.91139070336537
        ],
        [
            63.96864800820403,
            50.18862366393908,
            55.0721404923384,
            91.8975842261216,
            61.37803678169978,
            98.0488149834182,
            36.099933699180234,
            58.283943070772786,
            97.54328687481903,
            33.70940610072063,
            28.269458208556674,
            9.642767452885428,
            79.82822820613897,
            0.0,
            32.67033827673664,
            36.573454170524265,
            60.91182025477005,
            7.270780361847756,
            63.96864800820403
        ],
        [
            34.94544777139706,
            18.63650454979088,
            26.595254729991883,
            94.9077890166291,
            63.32978647760259,
            76.91501864709448,
            11.84956586687727,
            73.30617482393335,
            87.41009800089772,
            28.548146180177728,
            14.711022375997898,
            23.188286056790602,
            60.135911734743075,
            32.67033827673664,
            0.0,
            12.280220949299695,
            45.5393348556562,
            25.39984163514439,
            34.94544777139706
        ],
        [
            27.39563533329624,
            15.6690557762069,
            18.498753255427438,
            83.81831593822402,
            52.68725456088145,
            65.78589727208426,
            0.531722466908726,
            65.72961943399328,
            75.13030062675023,
            19.289198764575005,
            9.261888694365451,
            28.442443627085005,
            48.51703639861547,
            36.573454170524265,
            12.280220949299695,
            0.0,
            33.27464871831705,
            29.790223474778113,
            27.39563533329624
        ],
        [
            29.969589209318016,
            37.74166634259468,
            28.388151482091768,
            57.70136753473042,
            32.61775142558696,
            37.80854133734901,
            33.72769507671252,
            56.56352348573665,
            41.99271968461288,
            27.359861338880226,
            35.82824883466925,
            56.09445209081138,
            19.64302178857484,
            60.91182025477005,
            45.5393348556562,
            33.27464871831705,
            0.0,
            56.181363696955856,
            29.969589209318016
        ],
        [
            57.149060617134126,
            43.01244820271706,
            48.25600324268292,
            91.51648611578872,
            60.24913837755523,
            92.72859529651,
            29.299048431281257,
            60.380940866832184,
            94.35645507262437,
            29.617286678859823,
            21.985659342616575,
            2.7296067481717343,
            74.62138335362239,
            7.270780361847756,
            25.39984163514439,
            29.790223474778113,
            56.181363696955856,
            0.0,
            57.149060617134126
        ],
        [
            0.0,
            17.287068383690773,
            8.897386202594124,
            87.63619554798964,
            61.35366964663907,
            45.88583980675486,
            27.872752014117882,
            82.10115176807221,
            66.8633485220396,
            39.30415056228965,
            36.08877905713809,
            55.67400859666726,
            32.91139070336537,
            63.96864800820403,
            34.94544777139706,
            27.39563533329624,
            29.969589209318016,
            57.149060617134126,
            0.0
        ]
    ],
    "scores_ave": [
        0,
        10.825642703995934,
        11.061832311379716,
        15.53095712492776,
        14.609444476386717,
        17.401291015795326,
        15.27531957843561,
        19.573923658170628,
        15.331637701803341,
        19.72158654252627,
        19.170943037915137,
        15.389727029949633,
        19.545456290842626,
        18.224873719696944,
        15.318678121906487,
        11.655439187272679,
        12.14104038410574,
        18.583294608846984,
        0
    ],
    "scores_var": [
        0,
        18.66165283076146,
        296.0835512183347,
        298.103485079408,
        21.414118631005604,
        22.388936217774287,
        24.615330218096148,
        22.786815473997002,
        337.92380973211027,
        335.45047606368524,
        16.594843729924165,
        386.9004222509503,
        17.11610748082031,
        24.0892312521407,
        352.4161348352247,
        18.989281785990467,
        364.98304135111516,
        20.287906487397855,
        0
    ],
    "vertex_number": 19,
    "minimum_distances": {
        "cost": 376.4097529497681,
        "path": [
            0,
            2,
            1,
            14,
            6,
            15,
            10,
            11,
            17,
            13,
            9,
            16,
            4,
            7,
            3,
            8,
            5,
            12,
            18
        ]
    }
}