{
    "vertices": [
        [
            48.74656092890813,
            39.74377409286111
        ],
        [
            67.70515843401078,
            82.08356274229439
        ],
        [
            76.4383270823794,
            93.11666138617247
        ],
        [
            31.855840172140404,
            49.70245349804468
        ],
        [
            51.150680374422244,
            22.26681840509992
        ],
        [
            54.78553669308462,
            72.02052015463539
        ],
        [
            64.95360100232494,
            61.18441375066798
        ],
        [
            33.524689021575874,
            91.77379865194962
        ],
        [
            52.9023283063471,
            35.53265867360517
        ],
        [
            37.618342765219026,
            30.71959162025182
        ],
        [
            34.22479041167416,
            59.10824398125653
        ],
        [
            45.95547088994696,
            68.1518111982134
        ],
        [
            54.38933450284023,
            90.55960114958563
        ],
        [
            88.19049345820083,
            77.59942985192473
        ],
        [
            8.532056739364592,
            59.717040856626824
        ],
        [
            4.416003808816904,
            19.503316010623173
        ],
        [
            3.7435000170748967,
            39.341340312619955
        ],
        [
            58.80630326658677,
            29.119617861337165
        ],
        [
            97.74087108533001,
            15.041285510791258
        ],
        [
            40.679779945542414,
            0.7475761158713623
        ],
        [
            15.087528216685786,
            22.35632770746443
        ],
        [
            82.83942000322506,
            76.42451295206062
        ],
        [
            48.74656092890813,
            39.74377409286111
        ]
    ],
    "distances": [
        [
            0.0,
            46.39058225803125,
            60.12901970532244,
            19.607951019378124,
            17.6415353759322,
            32.83683243884179,
            26.87692647750593,
            54.21096604915453,
            5.916409009668036,
            14.327355261792347,
            24.20463825414003,
            28.54482012177797,
            51.12816418634256,
            54.670599835049565,
            44.90142238757435,
            48.73268346763291,
            45.004860230664555,
            14.63116917858286,
            54.86943930687606,
            39.821808247418524,
            37.884743300271914,
            50.077935691460205,
            0.0
        ],
        [
            46.39058225803125,
            0.0,
            14.071158457155999,
            48.30848637381332,
            62.06523702465564,
            16.376246580021032,
            21.079504189474306,
            35.52752681005491,
            48.84782952599608,
            59.52708632642687,
            40.605422237459855,
            25.82910392077914,
            15.78462524255203,
            20.970369544473996,
            63.25912792180261,
            89.00451884128438,
            76.9284818885213,
            53.70632253882093,
            73.4629904840413,
            85.70830649907063,
            79.59872872472884,
            16.157682933321254,
            46.39058225803125
        ],
        [
            60.12901970532244,
            14.071158457155999,
            0.0,
            62.22854317477799,
            75.22742403185885,
            30.230621999947253,
            33.934751688925985,
            42.93464349376398,
            62.20820369361546,
            73.487315216694,
            54.2084415256145,
            39.40112011803417,
            22.19677072968289,
            19.46529961270672,
            75.67559846751303,
            102.98611395281137,
            90.42302272440459,
            66.38154746433939,
            80.92936858199072,
            99.04908685601067,
            93.653325321533,
            17.877410604663158,
            60.12901970532244
        ],
        [
            19.607951019378124,
            48.30848637381332,
            62.22854317477799,
            0.0,
            33.54109317516073,
            31.997923086204008,
            35.03280153249122,
            42.10443135278355,
            25.371987469451742,
            19.838232814608247,
            9.699526784924384,
            23.220215027585095,
            46.65902786140641,
            62.86361786080707,
            25.38288465840123,
            40.80358470318702,
            29.960913461296382,
            33.91136363894605,
            74.44618099454499,
            49.74376275100478,
            32.07782538748038,
            57.56208712213747,
            19.607951019378124
        ],
        [
            17.6415353759322,
            62.06523702465564,
            75.22742403185885,
            33.54109317516073,
            0.0,
            49.88630090755426,
            41.29285465236767,
            71.70701412139938,
            13.380986081261428,
            15.95536073538437,
            40.543512298696356,
            46.17816329404687,
            68.3695330944204,
            66.58562639794374,
            56.73505302910666,
            46.816310610470154,
            50.38829276532836,
            10.274698158799556,
            47.14715469766435,
            23.931517805898533,
            36.06326323930298,
            62.747367258746046,
            17.6415353759322
        ],
        [
            32.83683243884179,
            16.376246580021032,
            30.230621999947253,
            31.997923086204008,
            49.88630090755426,
            0.0,
            14.859701672474802,
            29.02095200202012,
            36.53642715546674,
            44.72671735282173,
            24.27902723805346,
            9.640382309703334,
            18.543314167453445,
            33.867615355820256,
            47.86188473791756,
            72.767757792055,
            60.60708129568615,
            43.08890786986499,
            71.35680719698624,
            72.65538469634319,
            63.58037345299151,
            28.39745624767735,
            32.83683243884179
        ],
        [
            26.87692647750593,
            21.079504189474306,
            33.934751688925985,
            35.03280153249122,
            41.29285465236767,
            14.859701672474802,
            0.0,
            43.85757604944019,
            28.341589795324445,
            40.93069423216715,
            30.798868180949608,
            20.23545341619272,
            31.217068430486318,
            28.45006018641191,
            56.44062225230478,
            73.49907878863925,
            64.99074026232097,
            32.64874277634987,
            56.60559480526309,
            65.12933081178915,
            63.200043361069625,
            23.49815194863733,
            26.87692647750593
        ],
        [
            54.21096604915453,
            35.52752681005491,
            42.93464349376398,
            42.10443135278355,
            71.70701412139938,
            29.02095200202012,
            43.85757604944019,
            0.0,
            59.48578595189311,
            61.19129184158691,
            32.673056237524776,
            26.693119509032563,
            20.899945134702914,
            56.473559349331296,
            40.64809206767051,
            77.91237524312656,
            60.29993288576158,
            67.56261088335981,
            100.05796625858062,
            91.307001458365,
            71.82418931581351,
            51.648264862328595,
            54.21096604915453
        ],
        [
            5.916409009668036,
            48.84782952599608,
            62.20820369361546,
            25.371987469451742,
            13.380986081261428,
            36.53642715546674,
            28.341589795324445,
            59.48578595189311,
            0.0,
            16.02391426841418,
            30.077543855928305,
            33.350681243228735,
            55.04703067090242,
            54.90781216870329,
            50.53321027306925,
            51.067244780652615,
            49.3061502715586,
            8.716880909531346,
            49.298998900995656,
            36.86994245968613,
            40.04466011280816,
            50.67912001601562,
            5.916409009668036
        ],
        [
            14.327355261792347,
            59.52708632642687,
            73.487315216694,
            19.838232814608247,
            15.95536073538437,
            44.72671735282173,
            40.93069423216715,
            61.19129184158691,
            16.02391426841418,
            0.0,
            28.590763901131222,
            38.349429824977314,
            62.145739229122704,
            68.95840527696011,
            41.07145111867805,
            35.04568662085205,
            34.954821151392615,
            21.248284312780058,
            62.133144891148845,
            30.127962277656433,
            24.032931312999022,
            64.29530045432978,
            14.327355261792347
        ],
        [
            24.20463825414003,
            40.605422237459855,
            54.2084415256145,
            9.699526784924384,
            40.543512298696356,
            24.27902723805346,
            30.798868180949608,
            32.673056237524776,
            30.077543855928305,
            28.590763901131222,
            0.0,
            14.811987459181417,
            37.36036276770324,
            57.045780389170744,
            25.699945470597605,
            49.56928563428909,
            36.32959598956541,
            38.77587485533426,
            77.30581694141826,
            58.7165602158041,
            41.43595243403433,
            51.60654397838446,
            24.20463825414003
        ],
        [
            28.54482012177797,
            25.82910392077914,
            39.40112011803417,
            23.220215027585095,
            46.17816329404687,
            9.640382309703334,
            20.23545341619272,
            26.693119509032563,
            33.350681243228735,
            38.349429824977314,
            14.811987459181417,
            0.0,
            23.942412283345714,
            43.27880115676575,
            38.362185513879645,
            63.97033225958168,
            51.10668955843087,
            41.09325990305198,
            74.1785387574486,
            67.61038250133258,
            55.22731383139324,
            37.80030815349255,
            28.54482012177797
        ],
        [
            51.12816418634256,
            15.78462524255203,
            22.19677072968289,
            46.65902786140641,
            68.3695330944204,
            18.543314167453445,
            31.217068430486318,
            20.899945134702914,
            55.04703067090242,
            62.145739229122704,
            37.36036276770324,
            23.942412283345714,
            0.0,
            36.20061307202225,
            55.26439585575288,
            86.8696117086047,
            72.02992984810543,
            61.59854835562413,
            87.07681505994304,
            90.8523622522609,
            78.71669762874434,
            31.768035559836207,
            51.12816418634256
        ],
        [
            54.670599835049565,
            20.970369544473996,
            19.46529961270672,
            62.86361786080707,
            66.58562639794374,
            33.867615355820256,
            28.45006018641191,
            56.473559349331296,
            54.90781216870329,
            68.95840527696011,
            57.045780389170744,
            43.27880115676575,
            36.20061307202225,
            0.0,
            81.64096016502985,
            101.9476510738536,
            92.70909403312616,
            56.68970633068817,
            63.28294506600383,
            90.35195250325054,
            91.62883750024024,
            5.478541488583677,
            54.670599835049565
        ],
        [
            44.90142238757435,
            63.25912792180261,
            75.67559846751303,
            25.38288465840123,
            56.73505302910666,
            47.86188473791756,
            56.44062225230478,
            40.64809206767051,
            50.53321027306925,
            41.07145111867805,
            25.699945470597605,
            38.362185513879645,
            55.26439585575288,
            81.64096016502985,
            0.0,
            40.423824135244324,
            20.930825309615187,
            58.85322555164323,
            99.7704148168879,
            67.16303953181561,
            37.93147892323693,
            76.16248327783843,
            44.90142238757435
        ],
        [
            48.73268346763291,
            89.00451884128438,
            102.98611395281137,
            40.80358470318702,
            46.816310610470154,
            72.767757792055,
            73.49907878863925,
            77.91237524312656,
            51.067244780652615,
            35.04568662085205,
            49.56928563428909,
            63.97033225958168,
            86.8696117086047,
            101.9476510738536,
            40.423824135244324,
            0.0,
            19.84941987959654,
            55.23384774203157,
            93.43147525518484,
            40.826942558733535,
            11.046316532222601,
            96.90332743950162,
            48.73268346763291
        ],
        [
            45.004860230664555,
            76.9284818885213,
            90.42302272440459,
            29.960913461296382,
            50.38829276532836,
            60.60708129568615,
            64.99074026232097,
            60.29993288576158,
            49.3061502715586,
            34.954821151392615,
            36.32959598956541,
            51.10668955843087,
            72.02992984810543,
            92.70909403312616,
            20.930825309615187,
            19.84941987959654,
            0.0,
            56.00353481313045,
            97.08758124041985,
            53.42066463297088,
            20.42492665815129,
            87.35746248296152,
            45.004860230664555
        ],
        [
            14.63116917858286,
            53.70632253882093,
            66.38154746433939,
            33.91136363894605,
            10.274698158799556,
            43.08890786986499,
            32.64874277634987,
            67.56261088335981,
            8.716880909531346,
            21.248284312780058,
            38.77587485533426,
            41.09325990305198,
            61.59854835562413,
            56.68970633068817,
            58.85322555164323,
            55.23384774203157,
            56.00353481313045,
            0.0,
            41.401690943785674,
            33.668139249367776,
            44.238822153955645,
            53.059813414873936,
            14.63116917858286
        ],
        [
            54.86943930687606,
            73.4629904840413,
            80.92936858199072,
            74.44618099454499,
            47.14715469766435,
            71.35680719698624,
            56.60559480526309,
            100.05796625858062,
            49.298998900995656,
            62.133144891148845,
            77.30581694141826,
            74.1785387574486,
            87.07681505994304,
            63.28294506600383,
            99.7704148168879,
            93.43147525518484,
            97.08758124041985,
            41.401690943785674,
            0.0,
            58.824129830619405,
            82.97641188735972,
            63.1660815268683,
            54.86943930687606
        ],
        [
            39.821808247418524,
            85.70830649907063,
            99.04908685601067,
            49.74376275100478,
            23.931517805898533,
            72.65538469634319,
            65.12933081178915,
            91.307001458365,
            36.86994245968613,
            30.127962277656433,
            58.7165602158041,
            67.61038250133258,
            90.8523622522609,
            90.35195250325054,
            67.16303953181561,
            40.826942558733535,
            53.42066463297088,
            33.668139249367776,
            58.824129830619405,
            0.0,
            33.49479801253235,
            86.62813641480426,
            39.821808247418524
        ],
        [
            37.884743300271914,
            79.59872872472884,
            93.653325321533,
            32.07782538748038,
            36.06326323930298,
            63.58037345299151,
            63.200043361069625,
            71.82418931581351,
            40.04466011280816,
            24.032931312999022,
            41.43595243403433,
            55.22731383139324,
            78.71669762874434,
            91.62883750024024,
            37.93147892323693,
            11.046316532222601,
            20.42492665815129,
            44.238822153955645,
            82.97641188735972,
            33.49479801253235,
            0.0,
            86.68152915297986,
            37.884743300271914
        ],
        [
            50.077935691460205,
            16.157682933321254,
            17.877410604663158,
            57.56208712213747,
            62.747367258746046,
            28.39745624767735,
            23.49815194863733,
            51.648264862328595,
            50.67912001601562,
            64.29530045432978,
            51.60654397838446,
            37.80030815349255,
            31.768035559836207,
            5.478541488583677,
            76.16248327783843,
            96.90332743950162,
            87.35746248296152,
            53.059813414873936,
            63.1660815268683,
            86.62813641480426,
            86.68152915297986,
            0.0,
            50.077935691460205
        ],
        [
            0.0,
            46.39058225803125,
            60.12901970532244,
            19.607951019378124,
            17.6415353759322,
            32.83683243884179,
            26.87692647750593,
            54.21096604915453,
            5.916409009668036,
            14.327355261792347,
            24.20463825414003,
            28.54482012177797,
            51.12816418634256,
            54.670599835049565,
            44.90142238757435,
            48.73268346763291,
            45.004860230664555,
            14.63116917858286,
            54.86943930687606,
            39.821808247418524,
            37.884743300271914,
            50.077935691460205,
            0.0
        ]
    ],
    "scores_ave": [
        0,
        15.105599086786071,
        11.835518524199227,
        13.08426382663024,
        14.067770475244961,
        18.493706718957004,
        18.64041023956383,
        16.689403546955518,
        10.383046486834807,
        15.144601062026286,
        19.7333888347069,
        12.561993590102968,
        15.392601125953785,
        19.915793919285743,
        17.208970266481835,
        11.795123358161833,
        14.262909424806642,
        18.358806869093325,
        19.436325528581623,
        17.47172706069515,
        10.29836657239891,
        14.998602210302227,
        0
    ],
    "scores_var": [
        0,
        391.0518671831037,
        17.64518318298348,
        306.8000137263115,
        24.45305177490073,
        22.61116218505645,
        17.717251066269657,
        335.226202098518,
        350.7872616822191,
        318.08216183877533,
        338.77980619952797,
        367.17611763996786,
        23.23804493568239,
        21.666466137336972,
        383.77546890994347,
        23.33518084009757,
        290.6662196580402,
        21.521633787588527,
        20.872282620089877,
        310.99281622634595,
        286.4627036603267,
        229.05553804097497,
        0
    ],
    "vertex_number": 23,
    "minimum_distances": {
        "cost": 455.01269471796485,
        "path": [
            0,
            8,
            17,
            18,
            13,
            21,
            2,
            1,
            12,
            7,
            14,
            16,
            15,
            20,
            19,
            4,
            9,
            3,
            10,
            11,
            5,
            6,
            22
        ]
    }
}