{
    "vertices": [
        [
            21.11527864858901,
            20.722098540319834
        ],
        [
            29.104462657620424,
            56.42620243679317
        ],
        [
            75.25481546292917,
            48.10608625575817
        ],
        [
            45.401739464622935,
            41.88176883977183
        ],
        [
            92.75150210964046,
            49.09659587328493
        ],
        [
            51.79150302607979,
            40.97462474226396
        ],
        [
            89.4525055980228,
            89.12015652227768
        ],
        [
            65.12548146042334,
            45.611010145937755
        ],
        [
            97.00796482898761,
            59.58989990991421
        ],
        [
            98.82341458529449,
            72.89301687278488
        ],
        [
            42.29336335481108,
            50.436278997138885
        ],
        [
            88.11640553211234,
            13.201464265774732
        ],
        [
            2.9485192213651867,
            36.86484543302284
        ],
        [
            68.88843591217484,
            17.433648489307572
        ],
        [
            26.69894396400562,
            45.016797933820506
        ],
        [
            35.304489303073915,
            39.0653674583271
        ],
        [
            35.783899025805134,
            50.46032024416205
        ],
        [
            25.95854482252189,
            12.664825749536613
        ],
        [
            21.11527864858901,
            20.722098540319834
        ]
    ],
    "distances": [
        [
            0.0,
            36.58702087052628,
            60.671016388969214,
            32.21123757557698,
            77.05102601951606,
            36.75861204695565,
            96.68645677054096,
            50.560418040707034,
            85.26667460961936,
            93.59679006467174,
            36.48895438409169,
            67.42188771870345,
            24.302662926693824,
            47.88620321835201,
            24.928091322344525,
            23.190713951831658,
            33.15916545810151,
            9.400897406985044,
            0.0
        ],
        [
            36.58702087052628,
            0.0,
            46.89434291383545,
            21.843575256404915,
            64.06768891869612,
            27.44909932821435,
            68.6351289099133,
            37.60960222975058,
            67.97716225938166,
            71.6371986858972,
            14.485381748965953,
            73.14907649297696,
            32.66159923931371,
            55.70622758064556,
            11.6602329006664,
            18.434720544501456,
            8.955814900553811,
            43.87430784171019,
            36.58702087052628
        ],
        [
            60.671016388969214,
            46.89434291383545,
            0.0,
            30.495053268613894,
            17.524701221864465,
            24.523147714509655,
            43.401939645586516,
            10.432104875245328,
            24.59832277586074,
            34.20337401491343,
            33.04371533722784,
            37.1988324463463,
            73.17489987289045,
            31.326174792352926,
            48.65404771810909,
            40.960507280221016,
            39.54106298594645,
            60.714127230177176,
            60.671016388969214
        ],
        [
            32.21123757557698,
            21.843575256404915,
            30.495053268613894,
            0.0,
            47.89628118824057,
            6.453835199706073,
            64.59051995287086,
            20.073197030779998,
            54.55987905370519,
            61.770323596882946,
            9.101738629105167,
            51.45000065805995,
            42.748630732360716,
            33.90185096259837,
            18.963727665162327,
            10.482679884757784,
            12.887761594021065,
            35.09512190360179,
            32.21123757557698
        ],
        [
            77.05102601951606,
            64.06768891869612,
            17.524701221864465,
            47.89628118824057,
            0.0,
            41.75748962735222,
            40.15929263579311,
            27.8450412959589,
            11.323731915156436,
            24.558863440669345,
            50.47592017461349,
            36.19315672062179,
            90.63217670598401,
            39.64830595857968,
            66.17843446931431,
            58.31624836965147,
            56.983923568644585,
            76.08267225530716,
            77.05102601951606
        ],
        [
            36.75861204695565,
            27.44909932821435,
            24.523147714509655,
            6.453835199706073,
            41.75748962735222,
            0.0,
            61.12563574396759,
            14.117048221881882,
            48.89843440787402,
            56.83998998162731,
            13.406623678380818,
            45.72578030964144,
            49.01558275608155,
            29.094375350811283,
            25.416051707419445,
            16.597195090702826,
            18.607036437443192,
            38.32474981725772,
            36.75861204695565
        ],
        [
            96.68645677054096,
            68.6351289099133,
            43.401939645586516,
            64.59051995287086,
            40.15929263579311,
            61.12563574396759,
            0.0,
            49.848268994912154,
            30.481486508745075,
            18.738569754703015,
            60.99530373311879,
            75.93044842040462,
            101.06214521811698,
            74.57772050690139,
            76.70147154088005,
            73.73933534359145,
            66.1430440216822,
            99.38259736256693,
            96.68645677054096
        ],
        [
            50.560418040707034,
            37.60960222975058,
            10.432104875245328,
            20.073197030779998,
            27.8450412959589,
            14.117048221881882,
            49.848268994912154,
            0.0,
            34.81238435930786,
            43.35733603361742,
            23.3364272474387,
            39.736145432446776,
            62.78909165183632,
            28.427513717075033,
            38.43113154874088,
            30.530918941993328,
            29.73960773440423,
            51.18105110174129,
            50.560418040707034
        ],
        [
            85.26667460961936,
            67.97716225938166,
            24.59832277586074,
            54.55987905370519,
            11.323731915156436,
            48.89843440787402,
            30.481486508745075,
            34.81238435930786,
            0.0,
            13.42642092091158,
            55.47500689763597,
            47.23289942656833,
            96.76573468429288,
            50.674031222519375,
            71.80343805277083,
            65.02749667896867,
            61.90101338706608,
            85.14683005380829,
            85.26667460961936
        ],
        [
            93.59679006467174,
            71.6371986858972,
            34.20337401491343,
            61.770323596882946,
            24.558863440669345,
            56.83998998162731,
            18.738569754703015,
            43.35733603361742,
            13.42642092091158,
            0.0,
            60.827228838214815,
            60.644220627363865,
            102.4208216054591,
            63.02257127136571,
            77.32414140961565,
            71.96501743149783,
            66.91193017696416,
            94.53424909271948,
            93.59679006467174
        ],
        [
            36.48895438409169,
            14.485381748965953,
            33.04371533722784,
            9.101738629105167,
            50.47592017461349,
            13.406623678380818,
            60.99530373311879,
            23.3364272474387,
            55.47500689763597,
            60.827228838214815,
            0.0,
            59.04390419392796,
            41.61971370481021,
            42.38480275721336,
            16.509291054796865,
            13.346984293634574,
            6.5095087243323695,
            41.15226575680399,
            36.48895438409169
        ],
        [
            67.42188771870345,
            73.14907649297696,
            37.1988324463463,
            51.45000065805995,
            36.19315672062179,
            45.72578030964144,
            75.93044842040462,
            39.736145432446776,
            47.23289942656833,
            60.644220627363865,
            59.04390419392796,
            0.0,
            88.39414271832057,
            19.688224882075062,
            69.16877938693838,
            58.80510168460465,
            64.24105841322117,
            62.16017719480824,
            67.42188771870345
        ],
        [
            24.302662926693824,
            32.66159923931371,
            73.17489987289045,
            42.748630732360716,
            90.63217670598401,
            49.01558275608155,
            101.06214521811698,
            62.78909165183632,
            96.76573468429288,
            102.4208216054591,
            41.61971370481021,
            88.39414271832057,
            0.0,
            68.74331987805337,
            25.11049591368295,
            32.43071225107891,
            35.53869865712789,
            33.39314646521061,
            24.302662926693824
        ],
        [
            47.88620321835201,
            55.70622758064556,
            31.326174792352926,
            33.90185096259837,
            39.64830595857968,
            29.094375350811283,
            74.57772050690139,
            28.427513717075033,
            50.674031222519375,
            63.02257127136571,
            42.38480275721336,
            19.688224882075062,
            68.74331987805337,
            0.0,
            50.40618378852906,
            39.94762490308505,
            46.7618584924072,
            43.1939488735728,
            47.88620321835201
        ],
        [
            24.928091322344525,
            11.6602329006664,
            48.65404771810909,
            18.963727665162327,
            66.17843446931431,
            25.416051707419445,
            76.70147154088005,
            38.43113154874088,
            71.80343805277083,
            77.32414140961565,
            16.509291054796865,
            69.16877938693838,
            25.11049591368295,
            50.40618378852906,
            0.0,
            10.463027061390585,
            10.590955746206419,
            32.36044336997546,
            24.928091322344525
        ],
        [
            23.190713951831658,
            18.434720544501456,
            40.960507280221016,
            10.482679884757784,
            58.31624836965147,
            16.597195090702826,
            73.73933534359145,
            30.530918941993328,
            65.02749667896867,
            71.96501743149783,
            13.346984293634574,
            58.80510168460465,
            32.43071225107891,
            39.94762490308505,
            10.463027061390585,
            0.0,
            11.405033216683623,
            28.005986516299462,
            23.190713951831658
        ],
        [
            33.15916545810151,
            8.955814900553811,
            39.54106298594645,
            12.887761594021065,
            56.983923568644585,
            18.607036437443192,
            66.1430440216822,
            29.73960773440423,
            61.90101338706608,
            66.91193017696416,
            6.5095087243323695,
            64.24105841322117,
            35.53869865712789,
            46.7618584924072,
            10.590955746206419,
            11.405033216683623,
            0.0,
            39.05172197628726,
            33.15916545810151
        ],
        [
            9.400897406985044,
            43.87430784171019,
            60.714127230177176,
            35.09512190360179,
            76.08267225530716,
            38.32474981725772,
            99.38259736256693,
            51.18105110174129,
            85.14683005380829,
            94.53424909271948,
            41.15226575680399,
            62.16017719480824,
            33.39314646521061,
            43.1939488735728,
            32.36044336997546,
            28.005986516299462,
            39.05172197628726,
            0.0,
            9.400897406985044
        ],
        [
            0.0,
            36.58702087052628,
            60.671016388969214,
            32.21123757557698,
            77.05102601951606,
            36.75861204695565,
            96.68645677054096,
            50.560418040707034,
            85.26667460961936,
            93.59679006467174,
            36.48895438409169,
            67.42188771870345,
            24.302662926693824,
            47.88620321835201,
            24.928091322344525,
            23.190713951831658,
            33.15916545810151,
            9.400897406985044,
            0.0
        ]
    ],
    "scores_ave": [
        0,
        10.63710028654711,
        18.30159989164106,
        16.361918785137547,
        17.66956922623563,
        15.595241453319964,
        18.139547729629,
        15.867963158034344,
        14.040943053540131,
        11.220242493771078,
        10.627705924575766,
        14.661966233815736,
        19.707182021467144,
        10.035971197171607,
        11.295484664635486,
        18.571902335455725,
        12.747585678072525,
        16.675392327412084,
        0
    ],
    "scores_var": [
        0,
        247.47333593308056,
        19.240472357924716,
        17.78534014482981,
        288.7945586477002,
        350.99914424856814,
        308.64696299014855,
        349.4965500456176,
        284.59362749220975,
        23.229813282982377,
        354.46706016289704,
        367.8386320760515,
        24.410546200042717,
        354.23870252089137,
        22.077649081729046,
        272.1447761382282,
        19.664995884956774,
        21.215243482485903,
        0
    ],
    "vertex_number": 19,
    "minimum_distances": {
        "cost": 326.7382579607672,
        "path": [
            0,
            17,
            13,
            11,
            4,
            8,
            9,
            6,
            2,
            7,
            5,
            3,
            15,
            10,
            16,
            1,
            14,
            12,
            18
        ]
    }
}