{
    "vertices": [
        [
            49.75176201360377,
            50.239600645776406
        ],
        [
            35.6987565540302,
            28.717240995913286
        ],
        [
            88.92503996912349,
            93.48404943393327
        ],
        [
            15.401030149979889,
            51.38077178772351
        ],
        [
            68.37597553299403,
            64.29019062934034
        ],
        [
            63.31441333965524,
            91.90338841771228
        ],
        [
            16.35353703248983,
            76.05659674312945
        ],
        [
            9.161266134989898,
            14.503386599344081
        ],
        [
            22.891420244349035,
            39.707737566068516
        ],
        [
            25.110725363699782,
            30.46262061891616
        ],
        [
            87.84743235032457,
            47.00865191048263
        ],
        [
            78.56662212925215,
            54.42385042118744
        ],
        [
            76.23256975295642,
            36.86442075064698
        ],
        [
            96.86899220385048,
            30.70521242084879
        ],
        [
            95.07742988801553,
            79.40192515030122
        ],
        [
            23.6038957404748,
            21.12465013275099
        ],
        [
            48.64663794621892,
            9.61822988812534
        ],
        [
            49.75176201360377,
            50.239600645776406
        ]
    ],
    "distances": [
        [
            0.0,
            25.704064412945687,
            58.349190712227774,
            34.36968215072403,
            23.329818004049372,
            43.815713191695956,
            42.213252887924256,
            54.08017520352719,
            28.851310193661657,
            31.596038140322925,
            38.23243555064476,
            29.117075912038473,
            29.666961687298443,
            51.0061339852658,
            53.89672846072097,
            39.13299444220126,
            40.63640069488023,
            0.0
        ],
        [
            25.704064412945687,
            0.0,
            83.83183596600405,
            30.424222670842575,
            48.303575290256646,
            68.95733264643256,
            51.1395357907957,
            30.104352750848598,
            16.87657779906434,
            10.730925147246316,
            55.263551284301705,
            49.98483437122598,
            41.34448633616565,
            61.202530665332006,
            78.06896985828752,
            14.280514490544572,
            23.07422496730051,
            25.704064412945687
        ],
        [
            58.349190712227774,
            83.83183596600405,
            0.0,
            84.72582846121571,
            35.70077647758811,
            25.659358635831662,
            74.63470470077598,
            112.25063348620297,
            85.16061679007483,
            89.68816665784992,
            46.48788888670742,
            40.41034480254623,
            58.02483220502669,
            63.27944969595618,
            15.367437198626961,
            97.48197038718422,
            93.03668823431292,
            58.349190712227774
        ],
        [
            34.36968215072403,
            30.424222670842575,
            84.72582846121571,
            0.0,
            54.52520456781087,
            62.751691190132135,
            24.694201882042336,
            37.40155335403692,
            13.869595225014754,
            23.06181323019531,
            72.57821039399546,
            63.23885148910715,
            62.539592722531665,
            84.05062519900765,
            84.46013089608816,
            31.348363617519535,
            53.379587331273385,
            34.36968215072403
        ],
        [
            23.329818004049372,
            48.303575290256646,
            35.70077647758811,
            54.52520456781087,
            0.0,
            28.073263150848447,
            53.33650176355172,
            77.3634775886615,
            51.702434840283544,
            54.91981759822009,
            26.034385168091568,
            14.184285218256221,
            28.528913862539365,
            44.043191985488015,
            30.681137281810418,
            62.19166355155975,
            58.122887513456284,
            23.329818004049372
        ],
        [
            43.815713191695956,
            68.95733264643256,
            25.659358635831662,
            62.751691190132135,
            28.073263150848447,
            0.0,
            49.5625333282563,
            94.46334545025151,
            66.01821217368638,
            72.34977348043148,
            51.16059409185395,
            40.46412783434738,
            56.53465067526971,
            69.79345605496675,
            34.13467158297905,
            81.15759361394265,
            83.58224063299302,
            43.815713191695956
        ],
        [
            42.213252887924256,
            51.1395357907957,
            74.63470470077598,
            24.694201882042336,
            53.33650176355172,
            49.5625333282563,
            0.0,
            61.97198108555209,
            36.932146977473664,
            46.42735191978551,
            77.16968424658744,
            65.86686322185447,
            71.56483227510861,
            92.40934250062918,
            78.79493973904746,
            55.40836091962948,
            73.87083969324024,
            42.213252887924256
        ],
        [
            54.08017520352719,
            30.104352750848598,
            112.25063348620297,
            37.40155335403692,
            77.3634775886615,
            94.46334545025151,
            61.97198108555209,
            0.0,
            28.701505875486298,
            22.562854433332358,
            85.13580343553927,
            80.06713977932132,
            70.70060549478472,
            89.19161604164745,
            107.6726868805956,
            15.88806724243239,
            39.78642159285206,
            54.08017520352719
        ],
        [
            28.851310193661657,
            16.87657779906434,
            85.16061679007483,
            13.869595225014754,
            51.702434840283544,
            66.01821217368638,
            36.932146977473664,
            28.701505875486298,
            0.0,
            9.507760124198557,
            65.36502779756245,
            57.58725625074801,
            53.41687637266396,
            74.52332931380299,
            82.37990359455252,
            18.596740571586825,
            39.606940189463174,
            28.851310193661657
        ],
        [
            31.596038140322925,
            10.730925147246316,
            89.68816665784992,
            23.06181323019531,
            54.91981759822009,
            72.34977348043148,
            46.42735191978551,
            22.562854433332358,
            9.507760124198557,
            0.0,
            64.88193550617238,
            58.58048679079618,
            51.521122063538165,
            71.75867690171437,
            85.38381152190708,
            9.458764629375239,
            31.439271715958384,
            31.596038140322925
        ],
        [
            38.23243555064476,
            55.263551284301705,
            46.48788888670742,
            72.57821039399546,
            26.034385168091568,
            51.16059409185395,
            77.16968424658744,
            85.13580343553927,
            65.36502779756245,
            64.88193550617238,
            0.0,
            11.879335306014434,
            15.421104337236097,
            18.6330534637483,
            33.19031508715404,
            69.26191987066719,
            54.17329545932148,
            38.23243555064476
        ],
        [
            29.117075912038473,
            49.98483437122598,
            40.41034480254623,
            63.23885148910715,
            14.184285218256221,
            40.46412783434738,
            65.86686322185447,
            80.06713977932132,
            57.58725625074801,
            58.58048679079618,
            11.879335306014434,
            0.0,
            17.713875094116148,
            29.95914783398655,
            29.941793366798084,
            64.26303783620105,
            53.87716663732156,
            29.117075912038473
        ],
        [
            29.666961687298443,
            41.34448633616565,
            58.02483220502669,
            62.539592722531665,
            28.528913862539365,
            56.53465067526971,
            71.56483227510861,
            70.70060549478472,
            53.41687637266396,
            51.521122063538165,
            15.421104337236097,
            17.713875094116148,
            0.0,
            21.53596477573317,
            46.52491842078333,
            54.931937044091576,
            38.772910003802004,
            29.666961687298443
        ],
        [
            51.0061339852658,
            61.202530665332006,
            63.27944969595618,
            84.05062519900765,
            44.043191985488015,
            69.79345605496675,
            92.40934250062918,
            89.19161604164745,
            74.52332931380299,
            71.75867690171437,
            18.6330534637483,
            29.95914783398655,
            21.53596477573317,
            0.0,
            48.72965756278546,
            73.88884579924,
            52.63132415666455,
            51.0061339852658
        ],
        [
            53.89672846072097,
            78.06896985828752,
            15.367437198626961,
            84.46013089608816,
            30.681137281810418,
            34.13467158297905,
            78.79493973904746,
            107.6726868805956,
            82.37990359455252,
            85.38381152190708,
            33.19031508715404,
            29.941793366798084,
            46.52491842078333,
            48.72965756278546,
            0.0,
            92.22096761046728,
            83.81874828930955,
            53.89672846072097
        ],
        [
            39.13299444220126,
            14.280514490544572,
            97.48197038718422,
            31.348363617519535,
            62.19166355155975,
            81.15759361394265,
            55.40836091962948,
            15.88806724243239,
            18.596740571586825,
            9.458764629375239,
            69.26191987066719,
            64.26303783620105,
            54.931937044091576,
            73.88884579924,
            92.22096761046728,
            0.0,
            27.5596923790758,
            39.13299444220126
        ],
        [
            40.63640069488023,
            23.07422496730051,
            93.03668823431292,
            53.379587331273385,
            58.122887513456284,
            83.58224063299302,
            73.87083969324024,
            39.78642159285206,
            39.606940189463174,
            31.439271715958384,
            54.17329545932148,
            53.87716663732156,
            38.772910003802004,
            52.63132415666455,
            83.81874828930955,
            27.5596923790758,
            0.0,
            40.63640069488023
        ],
        [
            0.0,
            25.704064412945687,
            58.349190712227774,
            34.36968215072403,
            23.329818004049372,
            43.815713191695956,
            42.213252887924256,
            54.08017520352719,
            28.851310193661657,
            31.596038140322925,
            38.23243555064476,
            29.117075912038473,
            29.666961687298443,
            51.0061339852658,
            53.89672846072097,
            39.13299444220126,
            40.63640069488023,
            0.0
        ]
    ],
    "scores_ave": [
        0,
        18.085972459787207,
        13.109451574668853,
        14.219943315577915,
        11.312542131556715,
        13.83911824958405,
        16.63892298827642,
        16.456279144607983,
        19.6398526753419,
        11.074596697400544,
        11.679547247483743,
        10.686757098538305,
        19.458542328212467,
        10.52932266490022,
        16.946246437403918,
        14.257548287832554,
        19.978471677279636,
        0
    ],
    "scores_var": [
        0,
        386.3866833922776,
        230.42816512953644,
        259.2575316525731,
        268.32813764860816,
        264.8308957738619,
        276.10832967799604,
        395.01022154444223,
        379.18763074357236,
        16.9454814376006,
        24.870268788116423,
        20.323281834397637,
        20.750097033269682,
        16.651455507297054,
        287.65672491142465,
        20.3575500386697,
        363.495160585847,
        0
    ],
    "vertex_number": 18,
    "minimum_distances": {
        "cost": 379.15316697173745,
        "path": [
            0,
            12,
            13,
            10,
            11,
            4,
            14,
            2,
            5,
            6,
            3,
            8,
            9,
            15,
            7,
            16,
            1,
            17
        ]
    }
}