{
    "vertices": [
        [
            0.22920293697962224,
            46.69416751959551
        ],
        [
            61.70139041787761,
            7.216345419606462
        ],
        [
            14.633737514803713,
            96.05362014627345
        ],
        [
            98.94951038837068,
            83.22030958998474
        ],
        [
            65.23335164202186,
            8.409231593411349
        ],
        [
            13.199528858475007,
            18.797975610372575
        ],
        [
            8.343512630367433,
            39.382962138182386
        ],
        [
            12.971898071169042,
            55.67478048563429
        ],
        [
            63.408673426055685,
            69.64466217404704
        ],
        [
            83.01441394927771,
            13.852881526593986
        ],
        [
            44.526592010506825,
            33.65090656018379
        ],
        [
            12.844555394184475,
            95.6042664202704
        ],
        [
            38.45474006928995,
            82.1491442129099
        ],
        [
            14.30654576017366,
            35.87860469452333
        ],
        [
            13.886095990637736,
            28.528634040563084
        ],
        [
            0.22920293697962224,
            46.69416751959551
        ]
    ],
    "distances": [
        [
            0.0,
            73.05702068552381,
            51.41834478091446,
            105.26090517301965,
            75.44054392526124,
            30.764051708869726,
            10.922259195304406,
            15.589345352793957,
            67.21882694724775,
            89.0614463616263,
            46.17775801386162,
            50.51083935249249,
            52.1368110012216,
            17.752407729229745,
            22.72657771106119,
            0.0
        ],
        [
            73.05702068552381,
            0.0,
            100.53569182467261,
            84.64056362612664,
            3.7279655996955485,
            49.86546633295553,
            62.3037266389952,
            68.72250980149346,
            62.45165768866972,
            22.32237853700549,
            31.523954749186327,
            100.99215270184104,
            78.45591811601716,
            55.387691835555366,
            52.34993817977814,
            73.05702068552381
        ],
        [
            51.41834478091446,
            100.53569182467261,
            0.0,
            85.28683025591397,
            101.20207406287896,
            77.26895603751457,
            57.01868472848876,
            40.41302268670368,
            55.46555178059223,
            106.92463859773896,
            69.19307344531543,
            1.844746983143316,
            27.582143021932243,
            60.17590497086573,
            67.52912494935082,
            51.41834478091446
        ],
        [
            105.26090517301965,
            84.64056362612664,
            85.28683025591397,
            0.0,
            82.05776472472536,
            107.25342161328999,
            100.6536629305329,
            90.2823681202794,
            38.04535838632239,
            71.17420441882638,
            73.61371992702496,
            86.99095160604472,
            60.504253001118656,
            96.98282571393332,
            101.12845219523359,
            105.26090517301965
        ],
        [
            75.44054392526124,
            3.7279655996955485,
            101.20207406287896,
            82.05776472472536,
            0.0,
            53.06076437179837,
            64.77519406865595,
            70.46482556156313,
            61.262610203840275,
            18.595685020174816,
            32.648308525336,
            101.72295744203755,
            78.45169692807501,
            57.862820670060174,
            55.14826395961213,
            75.44054392526124
        ],
        [
            30.764051708869726,
            49.86546633295553,
            77.26895603751457,
            107.25342161328999,
            53.06076437179837,
            0.0,
            21.150001512003623,
            36.87750742096672,
            71.45868549527601,
            69.98980022645733,
            34.66979151265911,
            76.80711109093315,
            68.19967929990568,
            17.116465065280952,
            9.754849456142507,
            30.764051708869726
        ],
        [
            10.922259195304406,
            62.3037266389952,
            57.01868472848876,
            100.6536629305329,
            64.77519406865595,
            21.150001512003623,
            0.0,
            16.93650781167696,
            62.832654110069655,
            78.914691406687,
            36.634296698295344,
            56.40119184149248,
            52.30327281468403,
            6.916522623406597,
            12.187562051383086,
            10.922259195304406
        ],
        [
            15.589345352793957,
            68.72250980149346,
            40.41302268670368,
            90.2823681202794,
            70.46482556156313,
            36.87750742096672,
            16.93650781167696,
            0.0,
            52.33570389884472,
            81.57833819755881,
            38.480511071052824,
            39.929688994051595,
            36.74598169957201,
            19.841115402273452,
            27.161535756529172,
            15.589345352793957
        ],
        [
            67.21882694724775,
            62.45165768866972,
            55.46555178059223,
            38.04535838632239,
            61.262610203840275,
            71.45868549527601,
            62.832654110069655,
            52.33570389884472,
            0.0,
            59.13634964450737,
            40.645829328160204,
            56.83864077334662,
            27.911661739032123,
            59.5916569582276,
            64.36624461097922,
            67.21882694724775
        ],
        [
            89.0614463616263,
            22.32237853700549,
            106.92463859773896,
            71.17420441882638,
            18.595685020174816,
            69.98980022645733,
            78.914691406687,
            81.57833819755881,
            59.13634964450737,
            0.0,
            43.28133815885528,
            107.73624265620097,
            81.54718899636659,
            72.15194822152452,
            70.66896104827137,
            89.0614463616263
        ],
        [
            46.17775801386162,
            31.523954749186327,
            69.19307344531543,
            73.61371992702496,
            32.648308525336,
            34.66979151265911,
            36.634296698295344,
            38.480511071052824,
            40.645829328160204,
            43.28133815885528,
            0.0,
            69.58426720251771,
            48.87684974930729,
            30.302043402219844,
            31.065699285689274,
            46.17775801386162
        ],
        [
            50.51083935249249,
            100.99215270184104,
            1.844746983143316,
            86.99095160604472,
            101.72295744203755,
            76.80711109093315,
            56.40119184149248,
            39.929688994051595,
            56.83864077334662,
            107.73624265620097,
            69.58426720251771,
            0.0,
            28.929602014338407,
            59.743552659752446,
            67.08371833725155,
            50.51083935249249
        ],
        [
            52.1368110012216,
            78.45591811601716,
            27.582143021932243,
            60.504253001118656,
            78.45169692807501,
            68.19967929990568,
            52.30327281468403,
            36.74598169957201,
            27.911661739032123,
            81.54718899636659,
            48.87684974930729,
            28.929602014338407,
            0.0,
            52.192893344912484,
            58.98116125515198,
            52.1368110012216
        ],
        [
            17.752407729229745,
            55.387691835555366,
            60.17590497086573,
            96.98282571393332,
            57.862820670060174,
            17.116465065280952,
            6.916522623406597,
            19.841115402273452,
            59.5916569582276,
            72.15194822152452,
            30.302043402219844,
            59.743552659752446,
            52.192893344912484,
            0.0,
            7.361986594851939,
            17.752407729229745
        ],
        [
            22.72657771106119,
            52.34993817977814,
            67.52912494935082,
            101.12845219523359,
            55.14826395961213,
            9.754849456142507,
            12.187562051383086,
            27.161535756529172,
            64.36624461097922,
            70.66896104827137,
            31.065699285689274,
            67.08371833725155,
            58.98116125515198,
            7.361986594851939,
            0.0,
            22.72657771106119
        ],
        [
            0.0,
            73.05702068552381,
            51.41834478091446,
            105.26090517301965,
            75.44054392526124,
            30.764051708869726,
            10.922259195304406,
            15.589345352793957,
            67.21882694724775,
            89.0614463616263,
            46.17775801386162,
            50.51083935249249,
            52.1368110012216,
            17.752407729229745,
            22.72657771106119,
            0.0
        ]
    ],
    "scores_ave": [
        0,
        10.320829711726017,
        17.795201650083953,
        19.471849668879308,
        15.16615805181134,
        17.91031408391868,
        18.26758944492282,
        17.752978882773597,
        17.70526266454842,
        17.75850716348741,
        12.603601625884075,
        17.325758817766392,
        16.95694737628457,
        12.38796220819927,
        13.584241004597992,
        0
    ],
    "scores_var": [
        0,
        17.424825484446508,
        22.52551573470795,
        287.06865939351246,
        19.148455702744076,
        257.7596352896335,
        20.569174552121417,
        18.01831673931777,
        390.0889641296259,
        18.460934746955978,
        322.6783595255385,
        387.4149594778505,
        376.8185346634526,
        19.63727011554291,
        23.611643590825913,
        0
    ],
    "vertex_number": 16,
    "minimum_distances": {
        "cost": 345.5501636475233,
        "path": [
            0,
            7,
            11,
            2,
            12,
            8,
            3,
            9,
            4,
            1,
            10,
            5,
            14,
            13,
            6,
            15
        ]
    }
}