{
    "vertices": [
        [
            60.18428230225867,
            29.254859213584282
        ],
        [
            96.91304168731627,
            28.218694315435265
        ],
        [
            51.26716206835623,
            84.85736312507564
        ],
        [
            15.176340720254755,
            81.15059329236952
        ],
        [
            5.9155370457870005,
            78.3160300405282
        ],
        [
            69.74767638417393,
            68.05864761389513
        ],
        [
            66.29160051374356,
            71.93664502161461
        ],
        [
            70.96131128559394,
            32.0481931825293
        ],
        [
            5.659479605190009,
            68.89103344983248
        ],
        [
            36.223967212684435,
            1.1966298564833888
        ],
        [
            44.648856394697845,
            12.974295201436103
        ],
        [
            58.13119472745507,
            70.08267283275745
        ],
        [
            65.10713886224877,
            64.60694462383748
        ],
        [
            74.13061302187003,
            73.32097612293342
        ],
        [
            40.88102687774943,
            63.061546964073514
        ],
        [
            98.01249151104152,
            94.34886918770864
        ],
        [
            60.18428230225867,
            29.254859213584282
        ]
    ],
    "distances": [
        [
            0.0,
            36.74337224128472,
            56.312995609302156,
            68.69411926085863,
            73.15801524523742,
            39.96489084912044,
            43.116518592053716,
            11.13315177161034,
            67.40905293238062,
            36.896624965535224,
            22.503471347393642,
            40.87940231353383,
            35.69319906598559,
            46.2203721318771,
            38.92952358612836,
            75.28747270598771,
            0.0
        ],
        [
            36.74337224128472,
            0.0,
            72.74259502325113,
            97.37902348187318,
            103.87631538391133,
            48.22010940340796,
            53.37538640136014,
            26.23275380925063,
            99.90721577213473,
            66.43309211688975,
            54.44204963672887,
            57.06684108058645,
            48.32928941154184,
            50.52974252991128,
            65.98189952035509,
            66.1393137139504,
            36.74337224128472
        ],
        [
            56.312995609302156,
            72.74259502325113,
            0.0,
            36.280677063324454,
            45.820944236350286,
            24.974512051343854,
            19.816122398399198,
            56.361937009045064,
            48.32167611910363,
            85.0024470383309,
            72.18710012256035,
            16.29129883032954,
            24.528033087281436,
            25.609092419820882,
            24.14393104533233,
            47.699208715052904,
            56.312995609302156
        ],
        [
            68.69411926085863,
            97.37902348187318,
            36.280677063324454,
            0.0,
            9.684897187153032,
            56.11978009394068,
            51.93906647690157,
            74.31694717574582,
            15.519905058220502,
            82.67792238603873,
            74.27406547082302,
            44.35784424518613,
            52.60016078268559,
            59.471918815798524,
            31.43158423501013,
            83.8810012126909,
            68.69411926085863
        ],
        [
            73.15801524523742,
            103.87631538391133,
            45.820944236350286,
            9.684897187153032,
            0.0,
            64.65103175326318,
            60.71215358646288,
            79.82271277007774,
            9.428474221607182,
            82.8613469835517,
            75.95928079943184,
            52.860789608554775,
            60.75841298586298,
            68.39771307626052,
            38.148194362497826,
            93.4820889416498,
            73.15801524523742
        ],
        [
            39.96489084912044,
            48.22010940340796,
            24.974512051343854,
            56.11978009394068,
            64.65103175326318,
            0.0,
            5.1945475564720756,
            36.0308997671085,
            64.093602118789,
            74.79551119690976,
            60.532938517505535,
            11.79149372079197,
            5.783497386873119,
            6.848520636392645,
            29.295980417647836,
            38.60149640306982,
            39.96489084912044
        ],
        [
            43.116518592053716,
            53.37538640136014,
            19.816122398399198,
            51.93906647690157,
            60.71215358646288,
            5.1945475564720756,
            0.0,
            40.1608614052508,
            60.708564764089346,
            76.86489652559193,
            62.808972840825795,
            8.368359186480138,
            7.424786685490432,
            7.960307136074702,
            26.915880406207222,
            38.83970542799865,
            43.116518592053716
        ],
        [
            11.13315177161034,
            26.23275380925063,
            56.361937009045064,
            74.31694717574582,
            79.82271277007774,
            36.0308997671085,
            40.1608614052508,
            0.0,
            74.97815748454893,
            46.45968179939163,
            32.49859791711933,
            40.14017355666326,
            33.08086501558177,
            41.394288073854774,
            43.204763890525264,
            67.92010440430708,
            11.13315177161034
        ],
        [
            67.40905293238062,
            99.90721577213473,
            48.32167611910363,
            15.519905058220502,
            9.428474221607182,
            64.093602118789,
            60.708564764089346,
            74.97815748454893,
            0.0,
            74.2746267615524,
            68.16783052711804,
            52.48524451968456,
            59.601825544293355,
            68.61428789582936,
            35.70070454431935,
            95.79760022327821,
            67.40905293238062
        ],
        [
            36.896624965535224,
            66.43309211688975,
            85.0024470383309,
            82.67792238603873,
            82.8613469835517,
            74.79551119690976,
            76.86489652559193,
            46.45968179939163,
            74.2746267615524,
            0.0,
            14.480751317072837,
            72.28563850664253,
            69.67858798392173,
            81.47904712787106,
            62.03995626572421,
            111.78175802603273,
            36.896624965535224
        ],
        [
            22.503471347393642,
            54.44204963672887,
            72.18710012256035,
            74.27406547082302,
            75.95928079943184,
            60.532938517505535,
            62.808972840825795,
            32.49859791711933,
            68.16783052711804,
            14.480751317072837,
            0.0,
            58.67827743382162,
            55.538021281809336,
            67.16320325940998,
            50.22876992723007,
            97.31135002802917,
            22.503471347393642
        ],
        [
            40.87940231353383,
            57.06684108058645,
            16.29129883032954,
            44.35784424518613,
            52.860789608554775,
            11.79149372079197,
            8.368359186480138,
            40.14017355666326,
            52.48524451968456,
            72.28563850664253,
            58.67827743382162,
            0.0,
            8.868336709311656,
            16.323847400622952,
            18.624298625905915,
            46.6836815030429,
            40.87940231353383
        ],
        [
            35.69319906598559,
            48.32928941154184,
            24.528033087281436,
            52.60016078268559,
            60.75841298586298,
            5.783497386873119,
            7.424786685490432,
            33.08086501558177,
            59.601825544293355,
            69.67858798392173,
            55.538021281809336,
            8.868336709311656,
            0.0,
            12.544219022186626,
            24.27535284629879,
            44.35475520960988,
            35.69319906598559
        ],
        [
            46.2203721318771,
            50.52974252991128,
            25.609092419820882,
            59.471918815798524,
            68.39771307626052,
            6.848520636392645,
            7.960307136074702,
            41.394288073854774,
            68.61428789582936,
            81.47904712787106,
            67.16320325940998,
            16.323847400622952,
            12.544219022186626,
            0.0,
            34.79642029607301,
            31.82006296214974,
            46.2203721318771
        ],
        [
            38.92952358612836,
            65.98189952035509,
            24.14393104533233,
            31.43158423501013,
            38.148194362497826,
            29.295980417647836,
            26.915880406207222,
            43.204763890525264,
            35.70070454431935,
            62.03995626572421,
            50.22876992723007,
            18.624298625905915,
            24.27535284629879,
            34.79642029607301,
            0.0,
            65.13755278693449,
            38.92952358612836
        ],
        [
            75.28747270598771,
            66.1393137139504,
            47.699208715052904,
            83.8810012126909,
            93.4820889416498,
            38.60149640306982,
            38.83970542799865,
            67.92010440430708,
            95.79760022327821,
            111.78175802603273,
            97.31135002802917,
            46.6836815030429,
            44.35475520960988,
            31.82006296214974,
            65.13755278693449,
            0.0,
            75.28747270598771
        ],
        [
            0.0,
            36.74337224128472,
            56.312995609302156,
            68.69411926085863,
            73.15801524523742,
            39.96489084912044,
            43.116518592053716,
            11.13315177161034,
            67.40905293238062,
            36.896624965535224,
            22.503471347393642,
            40.87940231353383,
            35.69319906598559,
            46.2203721318771,
            38.92952358612836,
            75.28747270598771,
            0.0
        ]
    ],
    "scores_ave": [
        0,
        15.6526816176194,
        12.570530102769844,
        18.56044671732309,
        13.82894449976399,
        18.57862100466312,
        15.261428498090673,
        12.988773581342642,
        19.50850867084702,
        14.19647166236853,
        18.687905775839567,
        16.077537040524867,
        15.67851554721965,
        15.574681056747501,
        15.389930867400441,
        17.09251611444501,
        0
    ],
    "scores_var": [
        0,
        316.4905931259194,
        16.14655797640497,
        19.391127678330626,
        17.225857366197065,
        21.60062266182402,
        17.209227327456944,
        296.20427971259363,
        324.67263507633953,
        344.386528446323,
        290.60584330346796,
        23.393701422902858,
        16.813364869799372,
        334.56148735255726,
        335.2330897806206,
        310.19684514688527,
        0
    ],
    "vertex_number": 17,
    "minimum_distances": {
        "cost": 365.37100599114376,
        "path": [
            0,
            7,
            1,
            15,
            13,
            6,
            5,
            12,
            11,
            2,
            14,
            3,
            4,
            8,
            9,
            10,
            16
        ]
    }
}