{
    "vertices": [
        [
            33.91240461226731,
            37.476593692662696
        ],
        [
            11.764422738301272,
            45.75865740715533
        ],
        [
            45.30579077292599,
            31.398381693343303
        ],
        [
            5.5861027264416,
            26.058281741213797
        ],
        [
            51.098811407746666,
            93.84078922331057
        ],
        [
            82.12115837800687,
            17.13253696578535
        ],
        [
            10.093306227722676,
            18.963094809078296
        ],
        [
            74.30164731975086,
            22.38589828459969
        ],
        [
            88.27913011516387,
            22.15611426026736
        ],
        [
            3.8037181702266776,
            72.71987029259517
        ],
        [
            9.944805067205198,
            52.68247407747919
        ],
        [
            22.437258771614832,
            50.47898593662662
        ],
        [
            56.24603471093589,
            23.829979239552312
        ],
        [
            28.07286704480525,
            74.26810432582924
        ],
        [
            82.7167458430279,
            69.35543244843406
        ],
        [
            21.653881747831072,
            81.16860947082108
        ],
        [
            2.470751553075534,
            71.29021087409336
        ],
        [
            22.280472531712725,
            64.95128419427503
        ],
        [
            1.6303706315197841,
            17.31844920123985
        ],
        [
            33.91240461226731,
            37.476593692662696
        ]
    ],
    "distances": [
        [
            0.0,
            23.64583854424376,
            12.91332293852202,
            30.541074413771597,
            58.92618362287519,
            52.325563386858164,
            30.167848593578853,
            43.116354372592156,
            56.48413876430933,
            46.35322582910999,
            28.38423199999973,
            17.34189078878474,
            26.1729081191983,
            37.25205301285028,
            58.293430876771936,
            45.37911001305278,
            46.172916888441506,
            29.835557009816693,
            38.05890838254848,
            0.0
        ],
        [
            23.64583854424376,
            0.0,
            36.48617393220128,
            20.646463124423203,
            62.12153839036121,
            75.9573895114836,
            26.84762196805135,
            66.76219234979983,
            80.07234533824783,
            28.111915933891293,
            7.15892769576699,
            11.670086992826443,
            49.59315204604705,
            32.84438946467154,
            74.77325689246281,
            36.76501196317331,
            27.170435155407624,
            21.884794407240243,
            30.191794496167077,
            23.64583854424376
        ],
        [
            12.91332293852202,
            36.48617393220128,
            0.0,
            40.07705435793365,
            62.710552112176224,
            39.48272556052877,
            37.34374683585131,
            30.364198558119813,
            43.955971170338465,
            58.565240974299996,
            41.272410866057015,
            29.783203558109623,
            13.302994141384557,
            46.20375286495139,
            53.29462694570363,
            55.104340786850784,
            58.533739162574165,
            40.6935197094842,
            45.88885293304401,
            12.91332293852202
        ],
        [
            30.541074413771597,
            20.646463124423203,
            40.07705435793365,
            0.0,
            81.64480982934461,
            77.05377124699531,
            8.405745713730983,
            68.81360671413384,
            82.7850450852165,
            46.69561800474043,
            26.978619380054106,
            29.670393550787825,
            50.70891480511585,
            53.196255160957804,
            88.45213036972001,
            57.40489304183856,
            45.339087176687094,
            42.32455106683325,
            9.593356515504986,
            30.541074413771597
        ],
        [
            58.92618362287519,
            62.12153839036121,
            62.710552112176224,
            81.64480982934461,
            0.0,
            82.74383346175917,
            85.370490076256,
            75.12771148798862,
            80.75313445150145,
            51.7969020388629,
            58.20360077796648,
            51.97817410978218,
            70.19976796482165,
            30.22059079338733,
            39.990329760414994,
            32.05601382512775,
            53.60239536731228,
            40.805638781871785,
            91.11967490769747,
            58.92618362287519
        ],
        [
            52.325563386858164,
            75.9573895114836,
            39.48272556052877,
            77.05377124699531,
            82.74383346175917,
            0.0,
            72.05110982768302,
            9.420326869923507,
            7.947134373424145,
            96.03943495817272,
            80.45634844989586,
            68.36778138268642,
            26.727846112185276,
            78.6491630825958,
            52.226291626154556,
            88.07332243614066,
            96.31843515410586,
            76.59987120783597,
            80.49100245002126,
            52.325563386858164
        ],
        [
            30.167848593578853,
            26.84762196805135,
            37.34374683585131,
            8.405745713730983,
            85.370490076256,
            72.05110982768302,
            0.0,
            64.29950738086782,
            78.25099635259375,
            54.123468369259534,
            33.719706268604114,
            33.84707606233278,
            46.40862969863245,
            58.154180286743646,
            88.3942966164487,
            63.270632687593896,
            52.8793949988986,
            47.575630163454825,
            8.621260817354983,
            30.167848593578853
        ],
        [
            43.116354372592156,
            66.76219234979983,
            30.364198558119813,
            68.81360671413384,
            75.12771148798862,
            9.420326869923507,
            64.29950738086782,
            0.0,
            13.97937144487924,
            86.62255337077639,
            71.13146736496259,
            58.984204438955445,
            18.113269072259016,
            69.49002395606001,
            47.71740796317486,
            78.91257411920193,
            86.89827027331376,
            67.21617888549751,
            72.84774187104142,
            43.116354372592156
        ],
        [
            56.48413876430933,
            80.07234533824783,
            43.955971170338465,
            82.7850450852165,
            80.75313445150145,
            7.947134373424145,
            78.25099635259375,
            13.97937144487924,
            0.0,
            98.45196111486862,
            84.0721423802744,
            71.67521944170089,
            32.076798860628976,
            79.62696541681372,
            47.52594824113149,
            89.00223767402935,
            98.87991343802568,
            78.6590705036503,
            86.78369964041482,
            56.48413876430933
        ],
        [
            46.35322582910999,
            28.111915933891293,
            58.565240974299996,
            46.69561800474043,
            51.7969020388629,
            96.03943495817272,
            54.123468369259534,
            86.62255337077639,
            98.45196111486862,
            0.0,
            20.95734227801287,
            29.014923268538,
            71.6967085111607,
            24.318483006103047,
            78.98471610695017,
            19.748659029132178,
            1.9546677608612435,
            20.043487263989434,
            55.44403393031277,
            46.35322582910999
        ],
        [
            28.38423199999973,
            7.15892769576699,
            41.272410866057015,
            26.978619380054106,
            58.20360077796648,
            80.45634844989586,
            33.719706268604114,
            71.13146736496259,
            84.0721423802744,
            20.95734227801287,
            0.0,
            12.685296982873357,
            54.55520437954644,
            28.188048252445455,
            74.65750401077872,
            30.798740012548922,
            20.05266427745059,
            17.398057175354424,
            36.3282820324962,
            28.38423199999973
        ],
        [
            17.34189078878474,
            11.670086992826443,
            29.783203558109623,
            29.670393550787825,
            51.97817410978218,
            68.36778138268642,
            33.84707606233278,
            58.984204438955445,
            71.67521944170089,
            29.014923268538,
            12.685296982873357,
            0.0,
            43.04884305595129,
            24.447540455930337,
            63.16594647835004,
            30.6996200665737,
            28.840396909644284,
            14.473147507828278,
            39.14776865484626,
            17.34189078878474
        ],
        [
            26.1729081191983,
            49.59315204604705,
            13.302994141384557,
            50.70891480511585,
            70.19976796482165,
            26.727846112185276,
            46.40862969863245,
            18.113269072259016,
            32.076798860628976,
            71.6967085111607,
            54.55520437954644,
            43.04884305595129,
            0.0,
            57.77310653377423,
            52.661802454081844,
            66.96518172469189,
            71.72345965939142,
            53.33498978466179,
            55.0024616383255,
            26.1729081191983
        ],
        [
            37.25205301285028,
            32.84438946467154,
            46.20375286495139,
            53.196255160957804,
            30.22059079338733,
            78.6491630825958,
            58.154180286743646,
            69.49002395606001,
            79.62696541681372,
            24.318483006103047,
            28.188048252445455,
            24.447540455930337,
            57.77310653377423,
            0.0,
            54.86426737950482,
            9.424454546488594,
            25.774719534104694,
            10.9706413467508,
            62.78908213516332,
            37.25205301285028
        ],
        [
            58.293430876771936,
            74.77325689246281,
            53.29462694570363,
            88.45213036972001,
            39.990329760414994,
            52.226291626154556,
            88.3942966164487,
            47.71740796317486,
            47.52594824113149,
            78.98471610695017,
            74.65750401077872,
            63.16594647835004,
            52.661802454081844,
            54.86426737950482,
            0.0,
            62.19505223786479,
            80.26931522779714,
            60.59653169616722,
            96.34753691927078,
            58.293430876771936
        ],
        [
            45.37911001305278,
            36.76501196317331,
            55.104340786850784,
            57.40489304183856,
            32.05601382512775,
            88.07332243614066,
            63.270632687593896,
            78.91257411920193,
            89.00223767402935,
            19.748659029132178,
            30.798740012548922,
            30.6996200665737,
            66.96518172469189,
            9.424454546488594,
            62.19505223786479,
            0.0,
            21.577192655782955,
            16.22942559475673,
            66.91624588899359,
            45.37911001305278
        ],
        [
            46.172916888441506,
            27.170435155407624,
            58.533739162574165,
            45.339087176687094,
            53.60239536731228,
            96.31843515410586,
            52.8793949988986,
            86.89827027331376,
            98.87991343802568,
            1.9546677608612435,
            20.05266427745059,
            28.840396909644284,
            71.72345965939142,
            25.774719534104694,
            80.26931522779714,
            21.577192655782955,
            0.0,
            20.79920759797284,
            53.978303957836744,
            46.172916888441506
        ],
        [
            29.835557009816693,
            21.884794407240243,
            40.6935197094842,
            42.32455106683325,
            40.805638781871785,
            76.59987120783597,
            47.575630163454825,
            67.21617888549751,
            78.6590705036503,
            20.043487263989434,
            17.398057175354424,
            14.473147507828278,
            53.33498978466179,
            10.9706413467508,
            60.59653169616722,
            16.22942559475673,
            20.79920759797284,
            0.0,
            51.91641048803422,
            29.835557009816693
        ],
        [
            38.05890838254848,
            30.191794496167077,
            45.88885293304401,
            9.593356515504986,
            91.11967490769747,
            80.49100245002126,
            8.621260817354983,
            72.84774187104142,
            86.78369964041482,
            55.44403393031277,
            36.3282820324962,
            39.14776865484626,
            55.0024616383255,
            62.78908213516332,
            96.34753691927078,
            66.91624588899359,
            53.978303957836744,
            51.91641048803422,
            0.0,
            38.05890838254848
        ],
        [
            0.0,
            23.64583854424376,
            12.91332293852202,
            30.541074413771597,
            58.92618362287519,
            52.325563386858164,
            30.167848593578853,
            43.116354372592156,
            56.48413876430933,
            46.35322582910999,
            28.38423199999973,
            17.34189078878474,
            26.1729081191983,
            37.25205301285028,
            58.293430876771936,
            45.37911001305278,
            46.172916888441506,
            29.835557009816693,
            38.05890838254848,
            0.0
        ]
    ],
    "scores_ave": [
        0,
        18.227056352328873,
        11.962819016460037,
        14.724743600756529,
        14.218006628522867,
        10.359604218933987,
        11.678886283403477,
        14.492160693534753,
        13.655607781310398,
        11.08111453726741,
        14.557711865421648,
        12.424047206906083,
        16.267228251631,
        13.168487765081647,
        11.743635647833635,
        17.479366103273755,
        19.22686763200958,
        13.033534703443985,
        14.850638303134417,
        0
    ],
    "scores_var": [
        0,
        332.6044061589937,
        236.16117780409076,
        23.48757442681021,
        20.5819518140347,
        283.05571691683605,
        326.3594071474779,
        19.73712025853014,
        18.617757973731667,
        20.50751739516041,
        23.525664427821383,
        333.8982517156458,
        316.52923876426064,
        311.5332229025321,
        359.79755236828623,
        290.61980629885323,
        319.34584993209245,
        374.2750301700571,
        18.6963403789988,
        0
    ],
    "vertex_number": 20,
    "minimum_distances": {
        "cost": 334.7072063622325,
        "path": [
            0,
            6,
            18,
            3,
            1,
            10,
            11,
            17,
            16,
            9,
            15,
            13,
            4,
            14,
            8,
            5,
            7,
            12,
            2,
            19
        ]
    }
}