{
    "vertices": [
        [
            11.690378924747169,
            49.88435590984709
        ],
        [
            22.42099360320353,
            17.19043228099013
        ],
        [
            64.83415752542973,
            12.082014257168062
        ],
        [
            10.438824376826428,
            42.17374632697988
        ],
        [
            11.379644191541171,
            13.789329985843624
        ],
        [
            24.524184647952918,
            2.0944674505855243
        ],
        [
            48.33621953410603,
            26.939251686626942
        ],
        [
            81.2146634983549,
            46.59584153096614
        ],
        [
            75.10441421433708,
            94.4309640432767
        ],
        [
            35.48212675112513,
            49.87897068857991
        ],
        [
            43.46322048802629,
            94.70202484574695
        ],
        [
            80.1740906711555,
            70.91957478108424
        ],
        [
            55.240546481222275,
            20.20051648187828
        ],
        [
            76.3017135780004,
            12.674085966059812
        ],
        [
            69.37515561759669,
            74.35469443630623
        ],
        [
            7.289950065111894,
            54.7424771827824
        ],
        [
            21.17219433632741,
            11.444857817611053
        ],
        [
            99.13934255575676,
            60.04839058964437
        ],
        [
            36.97565748778962,
            77.64059280639711
        ],
        [
            11.690378924747169,
            49.88435590984709
        ]
    ],
    "distances": [
        [
            0.0,
            34.409863900152736,
            65.21716214605047,
            7.811522830141681,
            36.0963634252663,
            49.48312852164513,
            43.236505892370275,
            69.60201485799169,
            77.49671069085896,
            23.791748435845747,
            54.93757284275635,
            71.64146290749511,
            52.704339644686684,
            74.56023574911899,
            62.66044150581311,
            6.554778138980574,
            39.591663732183555,
            88.03765581334932,
            37.54669091502018,
            0.0
        ],
        [
            34.409863900152736,
            0.0,
            42.719695792453166,
            27.70809196047406,
            11.553306611203027,
            15.241770459219191,
            27.688236037231444,
            65.73715625807526,
            93.49675157036425,
            35.201331542034154,
            80.31701123795148,
            78.88118264032114,
            32.957300526734656,
            54.06967143453768,
            73.97598392881021,
            40.48585623224298,
            5.879721551500896,
            87.87781094447033,
            62.177649910082216,
            34.409863900152736
        ],
        [
            65.21716214605047,
            42.719695792453166,
            0.0,
            62.16401376446732,
            53.48177187379129,
            41.52884545224672,
            22.201789612571233,
            38.20373344340321,
            82.98691284371945,
            47.8555286884783,
            85.33922368708042,
            60.80437547842124,
            12.567714638714712,
            11.482830257707384,
            62.43802815885758,
            71.63275025617692,
            43.666611934692106,
            58.97134031403489,
            71.2321784430508,
            65.21716214605047
        ],
        [
            7.811522830141681,
            27.70809196047406,
            62.16401376446732,
            0.0,
            28.400004101244825,
            42.482301835225684,
            40.84485753009725,
            70.91385146323388,
            83.14117699721123,
            26.20186016818557,
            62.04700462274225,
            75.42764757470422,
            49.900071476353375,
            72.16751440458344,
            67.1498664282882,
            12.95717580171613,
            32.54949799472701,
            90.48361637737273,
            44.295605998266495,
            7.811522830141681
        ],
        [
            36.0963634252663,
            11.553306611203027,
            53.48177187379129,
            28.400004101244825,
            0.0,
            17.59399765626984,
            39.226380176960056,
            77.15696417915431,
            102.78092944662049,
            43.39806253264826,
            87.04148469243967,
            89.42337913991305,
            44.32699021986368,
            64.9316476199695,
            83.85489083283751,
            41.15684467232498,
            10.06928935356265,
            99.20516793455981,
            68.79054920874759,
            36.0963634252663
        ],
        [
            49.48312852164513,
            15.241770459219191,
            41.52884545224672,
            42.482301835225684,
            17.59399765626984,
            0.0,
            34.41331586980285,
            72.07067841591228,
            105.28242125825275,
            49.02484313935507,
            94.52431838024383,
            88.5087986555345,
            35.655629230121626,
            52.847335127089146,
            85.04792766991861,
            55.3970375599444,
            9.933057890951561,
            94.47792862258594,
            76.56537227857766,
            49.48312852164513
        ],
        [
            43.236505892370275,
            27.688236037231444,
            22.201789612571233,
            40.84485753009725,
            39.226380176960056,
            34.41331586980285,
            0.0,
            38.306312819414394,
            72.60624961579752,
            26.29559676375579,
            67.93776229695418,
            54.29474061115147,
            9.64781232987015,
            31.39369061060415,
            51.87351002846558,
            49.57636115439846,
            31.272360101433804,
            60.63969316917987,
            51.95852539623793,
            43.236505892370275
        ],
        [
            69.60201485799169,
            65.73715625807526,
            38.20373344340321,
            70.91385146323388,
            77.15696417915431,
            72.07067841591228,
            38.306312819414394,
            0.0,
            48.22379176382339,
            45.85023287184368,
            61.150440084085936,
            24.345981003681214,
            37.03198535410576,
            34.27568493152492,
            30.178268033120187,
            74.37224568769281,
            69.57506564200696,
            22.4112738479321,
            54.04503894490412,
            69.60201485799169
        ],
        [
            77.49671069085896,
            93.49675157036425,
            82.98691284371945,
            83.14117699721123,
            102.78092944662049,
            105.28242125825275,
            72.60624961579752,
            48.22379176382339,
            0.0,
            59.62219197324391,
            31.64235475410396,
            24.051757615924,
            76.84225781745485,
            81.76564461128608,
            20.87776341948749,
            78.57466218267933,
            98.97160283367873,
            41.950436680344595,
            41.66195693656831,
            77.49671069085896
        ],
        [
            23.791748435845747,
            35.201331542034154,
            47.8555286884783,
            26.20186016818557,
            43.39806253264826,
            49.02484313935507,
            26.29559676375579,
            45.85023287184368,
            59.62219197324391,
            0.0,
            45.52805773601079,
            49.39715234309369,
            35.65397305111981,
            55.230807670473354,
            41.80667959451562,
            28.60860922370289,
            41.011647100481746,
            64.46439501865824,
            27.8017678695769,
            23.791748435845747
        ],
        [
            54.93757284275635,
            80.31701123795148,
            85.33922368708042,
            62.04700462274225,
            87.04148469243967,
            94.52431838024383,
            67.93776229695418,
            61.150440084085936,
            31.64235475410396,
            45.52805773601079,
            0.0,
            43.74120392354034,
            75.42665414852765,
            88.35694305073012,
            32.946050399858485,
            53.90056532651609,
            86.18959164798638,
            65.57976010673224,
            18.253244558581716,
            54.93757284275635
        ],
        [
            71.64146290749511,
            78.88118264032114,
            60.80437547842124,
            75.42764757470422,
            89.42337913991305,
            88.5087986555345,
            54.29474061115147,
            24.345981003681214,
            24.051757615924,
            49.39715234309369,
            43.74120392354034,
            0.0,
            56.516409127169474,
            58.37407191256001,
            11.332124484697195,
            74.65786253695265,
            83.77628380986498,
            21.860087483141132,
            43.71815083914583,
            71.64146290749511
        ],
        [
            52.704339644686684,
            32.957300526734656,
            12.567714638714712,
            49.900071476353375,
            44.32699021986368,
            35.655629230121626,
            9.64781232987015,
            37.03198535410576,
            76.84225781745485,
            35.65397305111981,
            75.42665414852765,
            56.516409127169474,
            0.0,
            22.365596700912164,
            55.968403276830486,
            59.09658827481923,
            35.17547691949208,
            59.28707589097255,
            60.274111674158796,
            52.704339644686684
        ],
        [
            74.56023574911899,
            54.06967143453768,
            11.482830257707384,
            72.16751440458344,
            64.9316476199695,
            52.847335127089146,
            31.39369061060415,
            34.27568493152492,
            81.76564461128608,
            55.230807670473354,
            88.35694305073012,
            58.37407191256001,
            22.365596700912164,
            0.0,
            62.068306456988715,
            80.82309721064934,
            55.14322164744214,
            52.591653671412935,
            75.94198903535512,
            74.56023574911899
        ],
        [
            62.66044150581311,
            73.97598392881021,
            62.43802815885758,
            67.1498664282882,
            83.85489083283751,
            85.04792766991861,
            51.87351002846558,
            30.178268033120187,
            20.87776341948749,
            41.80667959451562,
            32.946050399858485,
            11.332124484697195,
            55.968403276830486,
            62.068306456988715,
            0.0,
            65.1092298686884,
            79.25385176554175,
            33.02388762460819,
            32.56569678606521,
            62.66044150581311
        ],
        [
            6.554778138980574,
            40.48585623224298,
            71.63275025617692,
            12.95717580171613,
            41.15684467232498,
            55.3970375599444,
            49.57636115439846,
            74.37224568769281,
            78.57466218267933,
            28.60860922370289,
            53.90056532651609,
            74.65786253695265,
            59.09658827481923,
            80.82309721064934,
            65.1092298686884,
            0.0,
            45.46867656636772,
            92.00251962844085,
            37.49086454454273,
            6.554778138980574
        ],
        [
            39.591663732183555,
            5.879721551500896,
            43.666611934692106,
            32.54949799472701,
            10.06928935356265,
            9.933057890951561,
            31.272360101433804,
            69.57506564200696,
            98.97160283367873,
            41.011647100481746,
            86.18959164798638,
            83.77628380986498,
            35.17547691949208,
            55.14322164744214,
            79.25385176554175,
            45.46867656636772,
            0.0,
            91.87589237331294,
            68.05604145324072,
            39.591663732183555
        ],
        [
            88.03765581334932,
            87.87781094447033,
            58.97134031403489,
            90.48361637737273,
            99.20516793455981,
            94.47792862258594,
            60.63969316917987,
            22.4112738479321,
            41.950436680344595,
            64.46439501865824,
            65.57976010673224,
            21.860087483141132,
            59.28707589097255,
            52.591653671412935,
            33.02388762460819,
            92.00251962844085,
            91.87589237331294,
            0.0,
            64.60502550161651,
            88.03765581334932
        ],
        [
            37.54669091502018,
            62.177649910082216,
            71.2321784430508,
            44.295605998266495,
            68.79054920874759,
            76.56537227857766,
            51.95852539623793,
            54.04503894490412,
            41.66195693656831,
            27.8017678695769,
            18.253244558581716,
            43.71815083914583,
            60.274111674158796,
            75.94198903535512,
            32.56569678606521,
            37.49086454454273,
            68.05604145324072,
            64.60502550161651,
            0.0,
            37.54669091502018
        ],
        [
            0.0,
            34.409863900152736,
            65.21716214605047,
            7.811522830141681,
            36.0963634252663,
            49.48312852164513,
            43.236505892370275,
            69.60201485799169,
            77.49671069085896,
            23.791748435845747,
            54.93757284275635,
            71.64146290749511,
            52.704339644686684,
            74.56023574911899,
            62.66044150581311,
            6.554778138980574,
            39.591663732183555,
            88.03765581334932,
            37.54669091502018,
            0.0
        ]
    ],
    "scores_ave": [
        0,
        17.822721120842147,
        15.83883148571611,
        13.92599720498866,
        10.999469020222351,
        15.565633692823686,
        19.46805985470119,
        17.60712817928451,
        18.747853055261757,
        11.07600904828865,
        12.832044187409883,
        13.801253212476785,
        15.422397930426133,
        14.082940735482229,
        18.09607037294857,
        13.57557036612754,
        19.149528841203832,
        15.218357967309057,
        16.153558836596506,
        0
    ],
    "scores_var": [
        0,
        22.38742028333684,
        24.234804320330618,
        18.351325708862326,
        20.316978717108015,
        358.38944675024595,
        18.492836004124904,
        327.97150262518306,
        312.8484842104983,
        373.2251631732024,
        24.14694368956392,
        249.59077971181338,
        381.56437542429995,
        22.216605135857545,
        18.39195348230386,
        273.2667461509733,
        22.441706428426237,
        318.8610410570445,
        19.86906134664425,
        0
    ],
    "vertex_number": 20,
    "minimum_distances": {
        "cost": 354.6225860053613,
        "path": [
            0,
            15,
            9,
            18,
            10,
            8,
            14,
            11,
            17,
            7,
            13,
            2,
            12,
            6,
            1,
            16,
            5,
            4,
            3,
            19
        ]
    }
}