{
    "vertices": [
        [
            82.05642293489421,
            31.22973790057545
        ],
        [
            22.625523365640355,
            72.85184866883544
        ],
        [
            52.910148037258544,
            96.4671500420339
        ],
        [
            26.54768945253637,
            87.56336614268496
        ],
        [
            17.66674959615031,
            44.153999050890405
        ],
        [
            29.232886269372894,
            34.82278169925765
        ],
        [
            18.00562547552541,
            46.109169240838874
        ],
        [
            71.28971810930855,
            64.57521793406171
        ],
        [
            96.20828822210815,
            2.8164337898516023
        ],
        [
            60.263413403214,
            69.99680181269056
        ],
        [
            16.12051102391494,
            60.72913772197405
        ],
        [
            35.36823795776433,
            93.1146672654013
        ],
        [
            72.46748754439427,
            14.098086760008787
        ],
        [
            10.039941443719414,
            59.945671857793414
        ],
        [
            97.17443438995879,
            85.23407574527432
        ],
        [
            28.16553867202454,
            61.1239821440159
        ],
        [
            27.401385041393013,
            15.946610485875567
        ],
        [
            3.393642096008631,
            76.4987612071571
        ],
        [
            17.355508932758777,
            91.13450771726357
        ],
        [
            82.05642293489421,
            31.22973790057545
        ]
    ],
    "distances": [
        [
            0.0,
            72.55640515086206,
            71.45225876991613,
            79.08664339656623,
            65.67394124728382,
            52.94559461931581,
            65.75638472567283,
            35.04059034127308,
            31.742576165080358,
            44.47269396847826,
            72.23405754459007,
            77.52116549013037,
            19.63265526425963,
            77.53050025250725,
            56.08050264039935,
            61.62704962531053,
            56.7516268552189,
            90.7585674216951,
            88.17476804337005,
            0.0
        ],
        [
            72.55640515086206,
            0.0,
            38.40365803472078,
            15.225377932799459,
            29.123118136476574,
            38.59879763824585,
            27.138798048249658,
            49.3630070636855,
            101.58436208980999,
            37.7460204396605,
            13.757736233376226,
            23.93655348319102,
            77.04690734633856,
            18.02682091194291,
            75.57023013253463,
            12.970529010759506,
            57.10529736727862,
            19.574606719711618,
            19.027051111610835,
            72.55640515086206
        ],
        [
            71.45225876991613,
            38.40365803472078,
            0.0,
            27.82546657933155,
            63.07743574608028,
            66.0351487709754,
            61.271950561705346,
            36.80901967742286,
            103.17550871216312,
            27.472710949683496,
            51.29018342882321,
            17.859388287527626,
            84.65903445324444,
            56.31760810026185,
            45.667373522793774,
            43.144353161283064,
            84.46451491599355,
            53.39120632923244,
            35.952321705491514,
            71.45225876991613
        ],
        [
            79.08664339656623,
            15.225377932799459,
            27.82546657933155,
            0.0,
            44.30851209466328,
            52.8088963090447,
            42.3251378942157,
            50.30212805026295,
            109.70251393724293,
            38.017551523975456,
            28.788919134229353,
            10.422044909140952,
            86.6358766999657,
            32.17518891842488,
            70.66514483259192,
            26.48883656044704,
            71.62184364399992,
            25.661944419073873,
            9.861502667132557,
            79.08664339656623
        ],
        [
            65.67394124728382,
            29.123118136476574,
            63.07743574608028,
            44.30851209466328,
            0.0,
            14.860926445113593,
            1.9843203706270256,
            57.37986522150041,
            88.7556623063761,
            49.82294874931948,
            16.64710412317773,
            52.06236377871997,
            62.501829919685356,
            17.536964749758333,
            89.4932659058103,
            19.955071992870913,
            29.83990443867918,
            35.35399887786476,
            46.981539622512514,
            65.67394124728382
        ],
        [
            52.94559461931581,
            38.59879763824585,
            66.0351487709754,
            52.8088963090447,
            14.860926445113593,
            0.0,
            15.91960830773875,
            51.51683769719088,
            74.23012039077126,
            46.90528014141086,
            29.035730866527754,
            58.61387602945767,
            47.945215900389975,
            31.61532446454459,
            84.601137867146,
            26.322848928809293,
            18.96481574983017,
            49.036249932000246,
            57.55069573448508,
            52.94559461931581
        ],
        [
            65.75638472567283,
            27.138798048249658,
            61.271950561705346,
            42.3251378942157,
            1.9843203706270256,
            15.91960830773875,
            0.0,
            56.39316875425658,
            89.38633790174498,
            48.54214282898205,
            14.741001827727198,
            50.10965133330644,
            63.17280919511973,
            15.965617017940737,
            88.30888185177571,
            18.129215169935193,
            31.592091549408472,
            33.71998455163626,
            45.03003171701958,
            65.75638472567283
        ],
        [
            35.04059034127308,
            49.3630070636855,
            36.80901967742286,
            50.30212805026295,
            57.37986522150041,
            51.51683769719088,
            56.39316875425658,
            0.0,
            66.59641548490164,
            12.287105730181176,
            55.30310790026955,
            45.87867592263191,
            50.49086959446003,
            61.424488914901346,
            33.118075774320886,
            43.26206052209675,
            65.50516958095807,
            68.93510007383162,
            60.119005258636115,
            35.04059034127308
        ],
        [
            31.742576165080358,
            101.58436208980999,
            103.17550871216312,
            109.70251393724293,
            88.7556623063761,
            74.23012039077126,
            89.38633790174498,
            66.59641548490164,
            0.0,
            76.19209849735111,
            98.83285553537907,
            108.88196675746065,
            26.28500162750606,
            103.38633289146215,
            82.42330461653371,
            89.60795702061627,
            70.04849366966515,
            118.50588132723242,
            118.39697202168074,
            31.742576165080358
        ],
        [
            44.47269396847826,
            37.7460204396605,
            27.472710949683496,
            38.017551523975456,
            49.82294874931948,
            46.90528014141086,
            48.54214282898205,
            12.287105730181176,
            76.19209849735111,
            0.0,
            45.10527051428339,
            33.973599508285204,
            57.215432972095364,
            51.21935521886594,
            39.932417747746136,
            33.30165898468049,
            63.256115044463755,
            57.24025126168762,
            47.83190229286237,
            44.47269396847826
        ],
        [
            72.23405754459007,
            13.757736233376226,
            51.29018342882321,
            28.788919134229353,
            16.64710412317773,
            29.035730866527754,
            14.741001827727198,
            55.30310790026955,
            98.83285553537907,
            45.10527051428339,
            0.0,
            37.67356521392992,
            73.13984329226342,
            6.130835602096626,
            84.67721346710871,
            12.05149754849339,
            46.181520809195035,
            20.264605043586318,
            30.43044108101789,
            72.23405754459007
        ],
        [
            77.52116549013037,
            23.93655348319102,
            17.859388287527626,
            10.422044909140952,
            52.06236377871997,
            58.61387602945767,
            50.10965133330644,
            45.87867592263191,
            108.88196675746065,
            33.973599508285204,
            37.67356521392992,
            0.0,
            87.2924642489616,
            41.73373767892462,
            62.30657782387109,
            32.791505173389424,
            77.57821686864942,
            36.03419368681642,
            18.121242748894417,
            77.52116549013037
        ],
        [
            19.63265526425963,
            77.04690734633856,
            84.65903445324444,
            86.6358766999657,
            62.501829919685356,
            47.945215900389975,
            63.17280919511973,
            50.49086959446003,
            26.28500162750606,
            57.215432972095364,
            73.13984329226342,
            87.2924642489616,
            0.0,
            77.45450000774963,
            75.30446302405569,
            64.60725586617686,
            45.10399799104409,
            93.08619820621344,
            94.72032696519123,
            19.63265526425963
        ],
        [
            77.53050025250725,
            18.02682091194291,
            56.31760810026185,
            32.17518891842488,
            17.536964749758333,
            31.61532446454459,
            15.965617017940737,
            61.424488914901346,
            103.38633289146215,
            51.21935521886594,
            6.130835602096626,
            41.73373767892462,
            77.45450000774963,
            0.0,
            90.72994672198699,
            18.163856694363126,
            47.300498151763634,
            17.837546412760872,
            32.03530880069149,
            77.53050025250725
        ],
        [
            56.08050264039935,
            75.57023013253463,
            45.667373522793774,
            70.66514483259192,
            89.4932659058103,
            84.601137867146,
            88.30888185177571,
            33.118075774320886,
            82.42330461653371,
            39.932417747746136,
            84.67721346710871,
            62.30657782387109,
            75.30446302405569,
            90.72994672198699,
            0.0,
            73.09941382576311,
            98.33123236017022,
            94.18674388341951,
            80.03671631568929,
            56.08050264039935
        ],
        [
            61.62704962531053,
            12.970529010759506,
            43.144353161283064,
            26.48883656044704,
            19.955071992870913,
            26.322848928809293,
            18.129215169935193,
            43.26206052209675,
            89.60795702061627,
            33.30165898468049,
            12.05149754849339,
            32.791505173389424,
            64.60725586617686,
            18.163856694363126,
            73.09941382576311,
            0.0,
            45.18383384252545,
            29.155285819439907,
            31.89809380114058,
            61.62704962531053
        ],
        [
            56.7516268552189,
            57.10529736727862,
            84.46451491599355,
            71.62184364399992,
            29.83990443867918,
            18.96481574983017,
            31.592091549408472,
            65.50516958095807,
            70.04849366966515,
            63.256115044463755,
            46.181520809195035,
            77.57821686864942,
            45.10399799104409,
            47.300498151763634,
            98.33123236017022,
            45.18383384252545,
            0.0,
            65.1378129683861,
            75.85604469564566,
            56.7516268552189
        ],
        [
            90.7585674216951,
            19.574606719711618,
            53.39120632923244,
            25.661944419073873,
            35.35399887786476,
            49.036249932000246,
            33.71998455163626,
            68.93510007383162,
            118.50588132723242,
            57.24025126168762,
            20.264605043586318,
            36.03419368681642,
            93.08619820621344,
            17.837546412760872,
            94.18674388341951,
            29.155285819439907,
            65.1378129683861,
            0.0,
            20.227179770675825,
            90.7585674216951
        ],
        [
            88.17476804337005,
            19.027051111610835,
            35.952321705491514,
            9.861502667132557,
            46.981539622512514,
            57.55069573448508,
            45.03003171701958,
            60.119005258636115,
            118.39697202168074,
            47.83190229286237,
            30.43044108101789,
            18.121242748894417,
            94.72032696519123,
            32.03530880069149,
            80.03671631568929,
            31.89809380114058,
            75.85604469564566,
            20.227179770675825,
            0.0,
            88.17476804337005
        ],
        [
            0.0,
            72.55640515086206,
            71.45225876991613,
            79.08664339656623,
            65.67394124728382,
            52.94559461931581,
            65.75638472567283,
            35.04059034127308,
            31.742576165080358,
            44.47269396847826,
            72.23405754459007,
            77.52116549013037,
            19.63265526425963,
            77.53050025250725,
            56.08050264039935,
            61.62704962531053,
            56.7516268552189,
            90.7585674216951,
            88.17476804337005,
            0.0
        ]
    ],
    "scores_ave": [
        0,
        17.241231017153584,
        16.671188306042428,
        13.830555842021909,
        13.46208313102878,
        11.700467151128993,
        12.350278666379078,
        13.259354412654343,
        10.616732645011309,
        16.699784516006538,
        19.586750897941002,
        15.373428985695202,
        14.443849208912788,
        13.607672326770455,
        16.353562310410133,
        17.568076907617424,
        19.10529769095812,
        18.67214843832389,
        17.51079763865708,
        0
    ],
    "scores_var": [
        0,
        365.8708630600401,
        16.102659408988615,
        21.33931505941432,
        21.673041509449835,
        301.0048356937869,
        226.3717121128696,
        22.79049937565786,
        266.1900307329297,
        310.78472512711426,
        19.772977977770864,
        22.469175935994123,
        366.44745199649697,
        327.4171845550963,
        21.02253942360607,
        243.44840232667465,
        18.1778366192528,
        22.99448530053362,
        22.59966171565879,
        0
    ],
    "vertex_number": 20,
    "minimum_distances": {
        "cost": 392.9632349772651,
        "path": [
            0,
            14,
            7,
            9,
            2,
            11,
            3,
            18,
            17,
            1,
            15,
            10,
            13,
            6,
            4,
            5,
            16,
            12,
            8,
            19
        ]
    }
}