{
    "vertices": [
        [
            14.785953247868022,
            41.74017950384338
        ],
        [
            34.881905468890885,
            72.6168626266607
        ],
        [
            19.929402298544098,
            52.07051395647967
        ],
        [
            14.387437341804976,
            17.305182995279623
        ],
        [
            90.69999079492686,
            72.06249743435751
        ],
        [
            52.45024239720717,
            75.51854201977719
        ],
        [
            71.31499937799133,
            17.020474828733168
        ],
        [
            10.594907986306845,
            73.87441755135794
        ],
        [
            18.710391105493642,
            87.08009717030939
        ],
        [
            69.93655846385595,
            95.38173039806304
        ],
        [
            20.680081997524468,
            20.33190081993288
        ],
        [
            78.55008109008934,
            89.10526270565106
        ],
        [
            5.983646922014962,
            83.20661877411001
        ],
        [
            91.06391666859598,
            79.68547657378213
        ],
        [
            10.364700660166626,
            40.39233328918078
        ],
        [
            96.73833609381668,
            90.96715934989612
        ],
        [
            36.196871267886074,
            37.26104700732229
        ],
        [
            14.785953247868022,
            41.74017950384338
        ]
    ],
    "distances": [
        [
            0.0,
            36.84042421493686,
            11.539968719204788,
            24.4382460356898,
            81.74585042297522,
            50.59225683227493,
            61.697624391918644,
            32.406390037750064,
            45.509442388369045,
            76.93507157354773,
            22.204845190307076,
            79.4311973105864,
            42.390402008106314,
            85.19491342409954,
            4.622138451262206,
            95.60067258598458,
            21.874415155183577,
            0.0
        ],
        [
            36.84042421493686,
            0.0,
            25.411213956359518,
            58.98648258250934,
            55.82083813622893,
            17.80635295975227,
            66.47050976159937,
            24.319533118620388,
            21.695691513988574,
            41.79794135178006,
            54.17941510428883,
            46.67737031205464,
            30.777463870574646,
            56.62493872471058,
            40.49090790109597,
            64.52093768294942,
            35.38026050160148,
            36.84042421493686
        ],
        [
            11.539968719204788,
            25.411213956359518,
            0.0,
            35.2042840066873,
            73.54016317294983,
            40.09258111895516,
            62.20116421794577,
            23.717988870052512,
            35.03079937847336,
            66.15570374043018,
            31.74748941005953,
            69.33943031851194,
            34.11658125071231,
            76.30665301936737,
            15.095145614708532,
            86.09623298163372,
            21.998883107710014,
            11.539968719204788
        ],
        [
            24.4382460356898,
            58.98648258250934,
            35.2042840066873,
            0.0,
            93.92533896194165,
            69.55265845099383,
            56.9282739780853,
            56.69622189505152,
            69.9087017285814,
            95.82093775251512,
            6.9827213572667235,
            96.2917249777204,
            66.43510315436455,
            98.84626198745185,
            23.43499347349982,
            110.48872017419771,
            29.561595299361585,
            24.4382460356898
        ],
        [
            81.74585042297522,
            55.82083813622893,
            73.54016317294983,
            93.92533896194165,
            0.0,
            38.40556595944484,
            58.35582357188291,
            80.12557236167652,
            73.53931441939139,
            31.223496732149197,
            87.05654630227913,
            20.930268845098823,
            85.44618399687948,
            7.631661221623289,
            86.35252247629217,
            19.845600421489916,
            64.66630490451952,
            81.74585042297522
        ],
        [
            50.59225683227493,
            17.80635295975227,
            40.09258111895516,
            69.55265845099383,
            38.40556595944484,
            0.0,
            61.46464773373345,
            41.88761349033807,
            35.665769621385444,
            26.463512656750794,
            63.678163123176844,
            29.424489099904896,
            47.09831227587318,
            38.8378576174623,
            54.81827581277624,
            46.90517051127854,
            41.56690988870185,
            50.59225683227493
        ],
        [
            61.697624391918644,
            66.47050976159937,
            62.20116421794577,
            56.9282739780853,
            58.35582357188291,
            61.46464773373345,
            0.0,
            83.18233166798112,
            87.6104759383672,
            78.3733786036789,
            50.743082289331795,
            72.4469671597161,
            92.99887775712754,
            65.70328894247328,
            65.27773496137301,
            78.19500112819638,
            40.533488427156634,
            61.697624391918644
        ],
        [
            32.406390037750064,
            24.319533118620388,
            23.717988870052512,
            56.69622189505152,
            80.12557236167652,
            41.88761349033807,
            83.18233166798112,
            0.0,
            15.500033563066745,
            63.118903565300066,
            54.48405117804174,
            69.64110995438755,
            10.409308731370668,
            80.67855827462722,
            33.48287565237698,
            87.82284456965175,
            44.676609388652004,
            32.406390037750064
        ],
        [
            45.509442388369045,
            21.695691513988574,
            35.03079937847336,
            69.9087017285814,
            73.53931441939139,
            35.665769621385444,
            87.6104759383672,
            15.500033563066745,
            0.0,
            51.89448271709708,
            66.77725210158445,
            59.87394920078396,
            13.303151972278286,
            72.73041368765263,
            47.42781720919949,
            78.12470448896904,
            52.798813884517976,
            45.509442388369045
        ],
        [
            76.93507157354773,
            41.79794135178006,
            66.15570374043018,
            95.82093775251512,
            31.223496732149197,
            26.463512656750794,
            78.3733786036789,
            63.118903565300066,
            51.89448271709708,
            0.0,
            89.77013642400598,
            10.657711702167871,
            65.10152254543863,
            26.31990974201183,
            81.07182023725215,
            27.162910773059235,
            67.20402019141876,
            76.93507157354773
        ],
        [
            22.204845190307076,
            54.17941510428883,
            31.74748941005953,
            6.9827213572667235,
            87.05654630227913,
            63.678163123176844,
            50.743082289331795,
            54.48405117804174,
            66.77725210158445,
            89.77013642400598,
            0.0,
            89.88165608196931,
            64.56946152591014,
            92.06916496728233,
            22.55721709316923,
            103.7988331522609,
            22.964466897683703,
            22.204845190307076
        ],
        [
            79.4311973105864,
            46.67737031205464,
            69.33943031851194,
            96.2917249777204,
            20.930268845098823,
            29.424489099904896,
            72.4469671597161,
            69.64110995438755,
            59.87394920078396,
            10.657711702167871,
            89.88165608196931,
            0.0,
            72.80577839773831,
            15.662964331698166,
            83.79854173377542,
            18.28330602474465,
            66.94488093662139,
            79.4311973105864
        ],
        [
            42.390402008106314,
            30.777463870574646,
            34.11658125071231,
            66.43510315436455,
            85.44618399687948,
            47.09831227587318,
            92.99887775712754,
            10.409308731370668,
            13.303151972278286,
            65.10152254543863,
            64.56946152591014,
            72.80577839773831,
            0.0,
            85.1531017787721,
            43.037851635991245,
            91.08589131527872,
            54.98940343694392,
            42.390402008106314
        ],
        [
            85.19491342409954,
            56.62493872471058,
            76.30665301936737,
            98.84626198745185,
            7.631661221623289,
            38.8378576174623,
            65.70328894247328,
            80.67855827462722,
            72.73041368765263,
            26.31990974201183,
            92.06916496728233,
            15.662964331698166,
            85.1531017787721,
            0.0,
            89.75697506912402,
            12.628357061557503,
            69.35578487078834,
            85.19491342409954
        ],
        [
            4.622138451262206,
            40.49090790109597,
            15.095145614708532,
            23.43499347349982,
            86.35252247629217,
            54.81827581277624,
            65.27773496137301,
            33.48287565237698,
            47.42781720919949,
            81.07182023725215,
            22.55721709316923,
            83.79854173377542,
            43.037851635991245,
            89.75697506912402,
            0.0,
            100.09104819661297,
            26.021260386178064,
            4.622138451262206
        ],
        [
            95.60067258598458,
            64.52093768294942,
            86.09623298163372,
            110.48872017419771,
            19.845600421489916,
            46.90517051127854,
            78.19500112819638,
            87.82284456965175,
            78.12470448896904,
            27.162910773059235,
            103.7988331522609,
            18.28330602474465,
            91.08589131527872,
            12.628357061557503,
            100.09104819661297,
            0.0,
            80.92969458871418,
            95.60067258598458
        ],
        [
            21.874415155183577,
            35.38026050160148,
            21.998883107710014,
            29.561595299361585,
            64.66630490451952,
            41.56690988870185,
            40.533488427156634,
            44.676609388652004,
            52.798813884517976,
            67.20402019141876,
            22.964466897683703,
            66.94488093662139,
            54.98940343694392,
            69.35578487078834,
            26.021260386178064,
            80.92969458871418,
            0.0,
            21.874415155183577
        ],
        [
            0.0,
            36.84042421493686,
            11.539968719204788,
            24.4382460356898,
            81.74585042297522,
            50.59225683227493,
            61.697624391918644,
            32.406390037750064,
            45.509442388369045,
            76.93507157354773,
            22.204845190307076,
            79.4311973105864,
            42.390402008106314,
            85.19491342409954,
            4.622138451262206,
            95.60067258598458,
            21.874415155183577,
            0.0
        ]
    ],
    "scores_ave": [
        0,
        18.43722184077523,
        17.80520314479109,
        16.838333582458766,
        10.820646567823411,
        13.372693799407383,
        15.06875376934181,
        17.676283943932567,
        17.70936384593223,
        18.99978128004011,
        19.023069593117512,
        15.227678642117805,
        10.102760352088044,
        12.657857381981312,
        18.38455716113615,
        16.758234356007478,
        12.691690677151087,
        0
    ],
    "scores_var": [
        0,
        24.00760782005412,
        21.862088304186678,
        306.477345865677,
        386.68090870452704,
        21.393574123279926,
        384.2290536014209,
        298.72010431951685,
        17.030416790175952,
        238.38588721766615,
        368.29766765590944,
        19.001267319747278,
        250.82975482336394,
        351.40795009922863,
        297.05879411390816,
        17.390036441152624,
        337.1896502803217,
        0
    ],
    "vertex_number": 18,
    "minimum_distances": {
        "cost": 331.0306436122432,
        "path": [
            0,
            2,
            7,
            12,
            8,
            1,
            5,
            9,
            11,
            15,
            13,
            4,
            6,
            16,
            10,
            3,
            14,
            17
        ]
    }
}