{
    "vertices": [
        [
            46.42426899229339,
            9.522144163448786
        ],
        [
            90.75177755210116,
            81.37617019210178
        ],
        [
            5.690650584238788,
            43.10712210907298
        ],
        [
            91.56898037456946,
            36.874534996746156
        ],
        [
            33.74995509600187,
            64.31067222914668
        ],
        [
            75.92124893085838,
            90.1051694671669
        ],
        [
            1.5664079076473825,
            32.90960418141214
        ],
        [
            8.972367094198152,
            39.562004191720966
        ],
        [
            51.06326821224315,
            75.65614764425678
        ],
        [
            86.23388592540512,
            54.24440882365139
        ],
        [
            74.91296439385793,
            29.6758428330521
        ],
        [
            81.30961687918207,
            91.37077370515802
        ],
        [
            34.75036722666255,
            65.92281885442135
        ],
        [
            41.41070551164644,
            49.30601403195065
        ],
        [
            99.37130054053394,
            15.68740562598605
        ],
        [
            72.93243212557844,
            58.902121250270824
        ],
        [
            74.6695963267081,
            94.52266676286395
        ],
        [
            89.87411690276328,
            6.659758431363727
        ],
        [
            2.0919127301591622,
            62.70332922707572
        ],
        [
            63.105607815394606,
            63.751146849657715
        ],
        [
            95.78805148202325,
            72.39502511531292
        ],
        [
            4.78820942533752,
            90.91375438775809
        ],
        [
            69.05827500771228,
            80.0704892452457
        ],
        [
            46.42426899229339,
            9.522144163448786
        ]
    ],
    "distances": [
        [
            0.0,
            84.42706362089216,
            52.79373459247857,
            52.7844508362686,
            56.23540735468619,
            85.81197930706284,
            50.5885460077796,
            48.010812806103736,
            66.29650616859246,
            59.87392217567096,
            34.8966665420681,
            88.97294900724155,
            57.5961464685834,
            40.098530153714705,
            53.30477088096174,
            56.04520362882021,
            89.57057194414872,
            43.544029849362914,
            69.23580184069893,
            56.73668828255628,
            79.93611312092075,
            91.42294936813725,
            74.09026401684851,
            0.0
        ],
        [
            84.42706362089216,
            0.0,
            93.27333682368169,
            44.509137887781705,
            59.50158807998565,
            17.208718939235094,
            101.50388258331004,
            91.84931384147396,
            40.09858390975736,
            27.505341657669103,
            54.072098639637055,
            13.749418080646752,
            58.09444057742472,
            58.847568396984954,
            66.25186764741582,
            28.681212444203773,
            20.771781942131167,
            74.72156632870829,
            90.60489291396013,
            32.78646289145091,
            10.296845244420338,
            86.49104322052064,
            21.732759957685765,
            84.42706362089216
        ],
        [
            52.79373459247857,
            93.27333682368169,
            0.0,
            86.10419658582002,
            35.169803914413926,
            84.50534539067837,
            10.999943160779608,
            4.830892702148348,
            55.84007068143037,
            81.30960530334181,
            70.51331783534128,
            89.70846185786517,
            36.94621968907862,
            36.253945786473196,
            97.61098825566091,
            69.07198551311298,
            86.03286109265748,
            91.73476069875228,
            19.92391145217341,
            61.01354826057346,
            94.73818085143398,
            47.81514916712794,
            73.36038668871565,
            52.79373459247857
        ],
        [
            52.7844508362686,
            44.509137887781705,
            86.10419658582002,
            0.0,
            63.99829146468484,
            55.48289777452192,
            90.08986472980156,
            82.64032318463639,
            56.077858351748645,
            18.170738827689746,
            18.145083003870443,
            55.453535258761406,
            63.813459357157356,
            51.6758571116848,
            22.578101136843667,
            28.853691042801422,
            60.074089900062496,
            30.26227494892025,
            93.13040451772494,
            39.14736060240146,
            35.770180028523065,
            102.23081452738688,
            48.70957112880299,
            52.7844508362686
        ],
        [
            56.23540735468619,
            59.50158807998565,
            35.169803914413926,
            63.99829146468484,
            0.0,
            49.434543706481605,
            44.96451694573728,
            35.02035746267911,
            20.699531962242048,
            53.4405525257215,
            53.79558292045883,
            54.71901425302289,
            1.8973247409332865,
            16.847161913671997,
            81.67241292574039,
            39.55400017525908,
            50.864345588585685,
            80.45837060387773,
            31.698820135200588,
            29.36098457531495,
            62.56262594224561,
            39.32564929699285,
            38.66586721345598,
            56.23540735468619
        ],
        [
            85.81197930706284,
            17.208718939235094,
            84.50534539067837,
            55.48289777452192,
            49.434543706481605,
            0.0,
            93.80818232938967,
            83.88542385444649,
            28.752277075841832,
            37.31413452986422,
            60.437737839532765,
            5.535003453814922,
            47.74754005662117,
            53.437334245976835,
            78.02505043649899,
            31.34586486159642,
            4.5913959314098465,
            84.60389558156025,
            78.75043956943578,
            29.304865898422932,
            26.614639891805346,
            71.13763503847875,
            12.15710566812677,
            85.81197930706284
        ],
        [
            50.5885460077796,
            101.50388258331004,
            10.999943160779608,
            90.08986472980156,
            44.96451694573728,
            93.80818232938967,
            0.0,
            9.955031761376382,
            65.40035288921256,
            87.3141209828628,
            73.41780819966652,
            98.87713446071342,
            46.808626332464016,
            43.08608020629031,
            99.3096226254686,
            75.95209250737751,
            95.60463188412258,
            92.12657526396717,
            29.798359139641974,
            68.83512097354728,
            102.16073895672473,
            58.0935576994535,
            82.33651197771825,
            50.5885460077796
        ],
        [
            48.010812806103736,
            91.84931384147396,
            4.830892702148348,
            82.64032318463639,
            35.02035746267911,
            83.88542385444649,
            9.955031761376382,
            0.0,
            55.44755313358088,
            78.64423245146895,
            66.67757163128796,
            88.97654918545449,
            36.870012754412954,
            33.87021592862075,
            93.49846856986503,
            66.82013204608928,
            85.65512453489282,
            87.33642366253963,
            24.142526310383506,
            59.291840699248134,
            92.816864408875,
            51.521931481594166,
            72.46553450519038,
            48.010812806103736
        ],
        [
            66.29650616859246,
            40.09858390975736,
            55.84007068143037,
            56.077858351748645,
            20.699531962242048,
            28.752277075841832,
            65.40035288921256,
            55.44755313358088,
            0.0,
            41.17565918898205,
            51.79764896678827,
            34.08505654852276,
            18.996010841658197,
            28.06245727079751,
            77.0059478656363,
            27.549187477649944,
            30.21926985717141,
            79.16301977877974,
            50.6553961854125,
            16.933605258096524,
            44.84351858047701,
            48.725513124757434,
            18.528536945457986,
            66.29650616859246
        ],
        [
            59.87392217567096,
            27.505341657669103,
            81.30960530334181,
            18.170738827689746,
            53.4405525257215,
            37.31413452986422,
            87.3141209828628,
            78.64423245146895,
            41.17565918898205,
            0.0,
            27.051389967206504,
            37.45150724542817,
            52.79145724878755,
            45.094403705150114,
            40.73369806873144,
            14.093365752651444,
            41.905499120524404,
            47.72368630486083,
            84.5660983348585,
            25.005905627053505,
            20.51162965857167,
            89.31986970799687,
            31.01593204046311,
            59.87392217567096
        ],
        [
            34.8966665420681,
            54.072098639637055,
            70.51331783534128,
            18.145083003870443,
            53.79558292045883,
            60.437737839532765,
            73.41780819966652,
            66.67757163128796,
            51.79764896678827,
            27.051389967206504,
            0.0,
            62.02565322777287,
            54.100623673929384,
            38.829691880168006,
            28.175993018167574,
            29.293307395828165,
            64.84728060451053,
            27.451342873899037,
            79.96074301127085,
            36.06300061274824,
            47.546795852123545,
            93.09974796408969,
            50.73359611557477,
            34.8966665420681
        ],
        [
            88.97294900724155,
            13.749418080646752,
            89.70846185786517,
            55.453535258761406,
            54.71901425302289,
            5.535003453814922,
            98.87713446071342,
            88.97654918545449,
            34.08505654852276,
            37.45150724542817,
            62.02565322777287,
            0.0,
            53.05998618818865,
            57.97729844240033,
            77.80871815221076,
            33.53193428110375,
            7.350122637377664,
            85.14286094189536,
            84.24527893921446,
            33.079143483946645,
            23.868475089409397,
            76.52277220131124,
            16.667087523816654,
            88.97294900724155
        ],
        [
            57.5961464685834,
            58.09444057742472,
            36.94621968907862,
            63.813459357157356,
            1.8973247409332865,
            47.74754005662117,
            46.808626332464016,
            36.870012754412954,
            18.996010841658197,
            52.79145724878755,
            54.100623673929384,
            53.05998618818865,
            0.0,
            17.901907959167584,
            81.85023985662758,
            38.822162160213985,
            49.10698679748099,
            80.93663020573808,
            32.81676040624315,
            28.438281033514528,
            61.37986928253132,
            39.01637808591278,
            37.1104987005082,
            57.5961464685834
        ],
        [
            40.098530153714705,
            58.847568396984954,
            36.253945786473196,
            51.6758571116848,
            16.847161913671997,
            53.437334245976835,
            43.08608020629031,
            33.87021592862075,
            28.06245727079751,
            45.094403705150114,
            38.829691880168006,
            57.97729844240033,
            17.901907959167584,
            0.0,
            67.00478645034467,
            32.950030689954836,
            56.131092118684116,
            64.5554440803812,
            41.538602771772005,
            26.063972223941136,
            59.07620661137342,
            55.429335889112,
            41.36231417835849,
            40.098530153714705
        ],
        [
            53.30477088096174,
            66.25186764741582,
            97.61098825566091,
            22.578101136843667,
            81.67241292574039,
            78.02505043649899,
            99.3096226254686,
            93.49846856986503,
            77.0059478656363,
            40.73369806873144,
            28.175993018167574,
            77.80871815221076,
            81.85023985662758,
            67.00478645034467,
            0.0,
            50.660886387341606,
            82.61460276238742,
            13.103240474024394,
            108.04525146819175,
            60.21066092686824,
            56.820716133832754,
            120.851001952542,
            71.16221591039783,
            53.30477088096174
        ],
        [
            56.04520362882021,
            28.681212444203773,
            69.07198551311298,
            28.853691042801422,
            39.55400017525908,
            31.34586486159642,
            75.95209250737751,
            66.82013204608928,
            27.549187477649944,
            14.093365752651444,
            29.293307395828165,
            33.53193428110375,
            38.822162160213985,
            32.950030689954836,
            50.660886387341606,
            0.0,
            35.6628798903903,
            54.92071700180018,
            70.9424299717433,
            10.958080365042477,
            26.54124697292805,
            75.28864285899371,
            21.519965077680528,
            56.04520362882021
        ],
        [
            89.57057194414872,
            20.771781942131167,
            86.03286109265748,
            60.074089900062496,
            50.864345588585685,
            4.5913959314098465,
            95.60463188412258,
            85.65512453489282,
            30.21926985717141,
            41.905499120524404,
            64.84728060451053,
            7.350122637377664,
            49.10698679748099,
            56.131092118684116,
            82.61460276238742,
            35.6628798903903,
            0.0,
            89.16876194283117,
            79.24639043803313,
            32.87266749228968,
            30.5879334547055,
            69.97451310148745,
            15.503301646609586,
            89.57057194414872
        ],
        [
            43.544029849362914,
            74.72156632870829,
            91.73476069875228,
            30.26227494892025,
            80.45837060387773,
            84.60389558156025,
            92.12657526396717,
            87.33642366253963,
            79.16301977877974,
            47.72368630486083,
            27.451342873899037,
            85.14286094189536,
            80.93663020573808,
            64.5554440803812,
            13.103240474024394,
            54.92071700180018,
            89.16876194283117,
            0.0,
            104.14699802171322,
            63.055370193894284,
            66.00075687609716,
            119.7428389753524,
            76.30487974191428,
            43.544029849362914
        ],
        [
            69.23580184069893,
            90.60489291396013,
            19.92391145217341,
            93.13040451772494,
            31.698820135200588,
            78.75043956943578,
            29.798359139641974,
            24.142526310383506,
            50.6553961854125,
            84.5660983348585,
            79.96074301127085,
            84.24527893921446,
            32.81676040624315,
            41.538602771772005,
            108.04525146819175,
            70.9424299717433,
            79.24639043803313,
            104.14699802171322,
            0.0,
            61.02269176072354,
            94.19604761452914,
            28.338985578437537,
            69.1817311418644,
            69.23580184069893
        ],
        [
            56.73668828255628,
            32.78646289145091,
            61.01354826057346,
            39.14736060240146,
            29.36098457531495,
            29.304865898422932,
            68.83512097354728,
            59.291840699248134,
            16.933605258096524,
            25.005905627053505,
            36.06300061274824,
            33.079143483946645,
            28.438281033514528,
            26.063972223941136,
            60.21066092686824,
            10.958080365042477,
            32.87266749228968,
            63.055370193894284,
            61.02269176072354,
            0.0,
            33.80619404035037,
            64.33293249381299,
            17.37110194912604,
            56.73668828255628
        ],
        [
            79.93611312092075,
            10.296845244420338,
            94.73818085143398,
            35.770180028523065,
            62.56262594224561,
            26.614639891805346,
            102.16073895672473,
            92.816864408875,
            44.84351858047701,
            20.51162965857167,
            47.546795852123545,
            23.868475089409397,
            61.37986928253132,
            59.07620661137342,
            56.820716133832754,
            26.54124697292805,
            30.5879334547055,
            66.00075687609716,
            94.19604761452914,
            33.80619404035037,
            0.0,
            92.8650342605217,
            27.80995684959818,
            79.93611312092075
        ],
        [
            91.42294936813725,
            86.49104322052064,
            47.81514916712794,
            102.23081452738688,
            39.32564929699285,
            71.13763503847875,
            58.0935576994535,
            51.521931481594166,
            48.725513124757434,
            89.31986970799687,
            93.09974796408969,
            76.52277220131124,
            39.01637808591278,
            55.429335889112,
            120.851001952542,
            75.28864285899371,
            69.97451310148745,
            119.7428389753524,
            28.338985578437537,
            64.33293249381299,
            92.8650342605217,
            0.0,
            65.17835322339448,
            91.42294936813725
        ],
        [
            74.09026401684851,
            21.732759957685765,
            73.36038668871565,
            48.70957112880299,
            38.66586721345598,
            12.15710566812677,
            82.33651197771825,
            72.46553450519038,
            18.528536945457986,
            31.01593204046311,
            50.73359611557477,
            16.667087523816654,
            37.1104987005082,
            41.36231417835849,
            71.16221591039783,
            21.519965077680528,
            15.503301646609586,
            76.30487974191428,
            69.1817311418644,
            17.37110194912604,
            27.80995684959818,
            65.17835322339448,
            0.0,
            74.09026401684851
        ],
        [
            0.0,
            84.42706362089216,
            52.79373459247857,
            52.7844508362686,
            56.23540735468619,
            85.81197930706284,
            50.5885460077796,
            48.010812806103736,
            66.29650616859246,
            59.87392217567096,
            34.8966665420681,
            88.97294900724155,
            57.5961464685834,
            40.098530153714705,
            53.30477088096174,
            56.04520362882021,
            89.57057194414872,
            43.544029849362914,
            69.23580184069893,
            56.73668828255628,
            79.93611312092075,
            91.42294936813725,
            74.09026401684851,
            0.0
        ]
    ],
    "scores_ave": [
        0,
        14.907239663370337,
        14.430687467901322,
        18.950782069010124,
        15.552818489802787,
        11.981560362842837,
        13.291091376930641,
        18.20412786151521,
        13.795502287199326,
        15.845213151340207,
        14.835926279436242,
        15.343973112315675,
        19.67778924483646,
        16.402877467170136,
        14.012251926362651,
        15.93722624774705,
        16.080903689820218,
        15.900202303717307,
        13.584600144756195,
        11.90382566606764,
        15.82070919605236,
        12.181787469275474,
        18.249373924943576,
        0
    ],
    "scores_var": [
        0,
        342.6589280634232,
        272.6550043473893,
        16.342037562682172,
        24.762810582164192,
        252.26910122340075,
        18.08941218977137,
        18.460265218027814,
        17.382149748636394,
        329.5742428260346,
        20.001742884881324,
        304.1956140889064,
        395.93654369840885,
        281.82348183973727,
        22.61231981110405,
        23.989828077932998,
        330.1674995614107,
        311.0057173845899,
        371.38658923927915,
        19.351059665585275,
        307.76113939015784,
        17.06567375183544,
        16.766093482131588,
        0
    ],
    "vertex_number": 24,
    "minimum_distances": {
        "cost": 447.12976316991654,
        "path": [
            0,
            13,
            12,
            4,
            7,
            6,
            2,
            18,
            21,
            8,
            19,
            15,
            22,
            5,
            16,
            11,
            1,
            20,
            9,
            3,
            14,
            17,
            10,
            23
        ]
    }
}