{
    "vertices": [
        [
            25.574826983092592,
            1.8946474695570092
        ],
        [
            86.016545525879,
            59.39760617322608
        ],
        [
            14.381027238930999,
            96.20397588059916
        ],
        [
            77.95080587601254,
            41.523497542957564
        ],
        [
            12.948937586046183,
            75.3567068576904
        ],
        [
            89.53601090536864,
            83.47828330559305
        ],
        [
            1.696472580360897,
            64.35590612144529
        ],
        [
            65.54750410389583,
            0.2904300951632188
        ],
        [
            49.182148381357734,
            65.65244543760757
        ],
        [
            12.16071940471033,
            24.289349860500508
        ],
        [
            67.9801437715041,
            39.76037266102879
        ],
        [
            67.23976767001095,
            27.749961425675707
        ],
        [
            13.365739753221352,
            0.7505948723291911
        ],
        [
            43.894994404400634,
            93.64822567057686
        ],
        [
            87.89155239938727,
            65.99521413838542
        ],
        [
            61.03899720736734,
            35.265398656056924
        ],
        [
            19.147612555492177,
            67.26965679874807
        ],
        [
            93.14761865950578,
            35.235207313415195
        ],
        [
            99.45012129330108,
            69.89185711283683
        ],
        [
            25.574826983092592,
            1.8946474695570092
        ]
    ],
    "distances": [
        [
            0.0,
            83.4253654476939,
            94.97131450103338,
            65.67867936500896,
            74.53916589694363,
            103.66736557357946,
            66.86990833970498,
            40.00485507520673,
            67.98795794356336,
            26.104807551547722,
            56.850893011469886,
            49.03533972772995,
            12.262571807407642,
            93.56467093425499,
            89.39942345381642,
            48.69614363014407,
            65.69018899417304,
            75.35034907447891,
            100.40507770373004,
            0.0
        ],
        [
            83.4253654476939,
            0.0,
            80.5379185928932,
            19.609689325077728,
            74.79016128279166,
            24.336508535751953,
            84.46572938129405,
            62.55109847682924,
            37.361689298311504,
            81.77574648610879,
            26.663321778386543,
            36.7986522133049,
            93.36815042584892,
            54.28931759408678,
            6.858868830764825,
            34.730985584277626,
            67.33070159777682,
            25.19273154498583,
            17.046708206647725,
            83.4253654476939
        ],
        [
            94.97131450103338,
            80.5379185928932,
            0.0,
            83.85148458555066,
            20.896399366575835,
            76.22476514503718,
            34.28115333926477,
            108.70794184376732,
            46.30889812097566,
            71.94889299002001,
            77.8379447151622,
            86.48698477201732,
            95.45878039545966,
            29.624417580442806,
            79.47557231856786,
            76.74943879747268,
            29.324309988649837,
            99.60605736909079,
            89.04537246415501,
            94.97131450103338
        ],
        [
            65.67867936500896,
            19.609689325077728,
            83.85148458555066,
            0.0,
            73.27979894705402,
            43.52494714483706,
            79.59926022180937,
            43.058190231413015,
            37.54785986640907,
            68.00993548182619,
            10.125349976744355,
            17.448112695202695,
            76.37840243337016,
            62.26383844068882,
            26.41369634430073,
            18.03255595092082,
            64.19252496291931,
            16.446449853615874,
            35.594724161004834,
            65.67867936500896
        ],
        [
            74.53916589694363,
            74.79016128279166,
            20.896399366575835,
            73.27979894705402,
            0.0,
            77.0164904654737,
            15.736441323969753,
            91.65999730919144,
            37.51024199131204,
            51.07343965878769,
            65.54031326189097,
            72.20731570855258,
            74.60727625117285,
            35.947713322087694,
            75.52504922867915,
            62.60963845687488,
            10.189403811444286,
            89.67476329271108,
            86.67363708469887,
            74.53916589694363
        ],
        [
            103.66736557357946,
            24.336508535751953,
            76.22476514503718,
            43.52494714483706,
            77.0164904654737,
            0.0,
            89.89688427483634,
            86.57752237344476,
            44.115696937739486,
            97.4179941139184,
            48.74331871158269,
            60.02306491642948,
            112.4534598885371,
            46.7603476777999,
            17.560237791193508,
            56.005017953158,
            72.23050737395724,
            48.37807449410106,
            16.819053524955624,
            103.66736557357946
        ],
        [
            66.86990833970498,
            84.46572938129405,
            34.28115333926477,
            79.59926022180937,
            15.736441323969753,
            89.89688427483634,
            0.0,
            90.45075701780264,
            47.50337272737307,
            41.41049857478608,
            70.69982554984175,
            75.07275616546049,
            64.66689582350875,
            51.36881572221024,
            86.21066706494464,
            66.08927941580754,
            17.692716847367095,
            95.97565950936259,
            97.91027826572655,
            66.86990833970498
        ],
        [
            40.00485507520673,
            62.55109847682924,
            108.70794184376732,
            43.058190231413015,
            91.65999730919144,
            86.57752237344476,
            90.45075701780264,
            0.0,
            67.37965507147645,
            58.532870512390595,
            39.54483660233215,
            27.511626939688565,
            52.18379329228057,
            95.8358449171679,
            69.4001090805895,
            35.26435963223419,
            81.48108213268793,
            44.529807750719684,
            77.41928761741418,
            40.00485507520673
        ],
        [
            67.98795794356336,
            37.361689298311504,
            46.30889812097566,
            37.54785986640907,
            37.51024199131204,
            44.115696937739486,
            47.50337272737307,
            67.37965507147645,
            0.0,
            55.5111869733826,
            31.996313277557714,
            41.98423404861271,
            74.12870789252547,
            28.490660013919783,
            38.7109215831046,
            32.618361028521846,
            30.078043733956562,
            53.46186446320911,
            50.44642417484058,
            67.98795794356336
        ],
        [
            26.104807551547722,
            81.77574648610879,
            71.94889299002001,
            68.00993548182619,
            51.07343965878769,
            97.4179941139184,
            41.41049857478608,
            58.532870512390595,
            55.5111869733826,
            0.0,
            57.92374886982607,
            55.18765613990451,
            23.569579131445806,
            76.27396582972177,
            86.4554115208123,
            50.095505667835596,
            43.5444997721459,
            81.72325034092755,
            98.48364508773676,
            26.104807551547722
        ],
        [
            56.850893011469886,
            26.663321778386543,
            77.8379447151622,
            10.125349976744355,
            65.54031326189097,
            48.74331871158269,
            70.69982554984175,
            39.54483660233215,
            31.996313277557714,
            57.92374886982607,
            0.0,
            12.033209663841056,
            67.11554134025845,
            59.02537693242072,
            32.93525619892112,
            8.269480451044094,
            56.04798675003905,
            25.571056170237433,
            43.56909272055084,
            56.850893011469886
        ],
        [
            49.03533972772995,
            36.7986522133049,
            86.48698477201732,
            17.448112695202695,
            72.20731570855258,
            60.02306491642948,
            75.07275616546049,
            27.511626939688565,
            41.98423404861271,
            55.18765613990451,
            12.033209663841056,
            0.0,
            60.26090505676953,
            69.91108402330472,
            43.46487740196135,
            9.743272093819076,
            62.24678068735259,
            26.967492447274168,
            53.04192919422302,
            49.03533972772995
        ],
        [
            12.262571807407642,
            93.36815042584892,
            95.45878039545966,
            76.37840243337016,
            74.60727625117285,
            112.4534598885371,
            64.66689582350875,
            52.18379329228057,
            74.12870789252547,
            23.569579131445806,
            67.11554134025845,
            60.26090505676953,
            0.0,
            97.78550607060377,
            99.05027558641146,
            58.85585065665529,
            66.76987084510789,
            86.91568728963107,
            110.41301956449098,
            12.262571807407642
        ],
        [
            93.56467093425499,
            54.28931759408678,
            29.624417580442806,
            62.26383844068882,
            35.947713322087694,
            46.7603476777999,
            51.36881572221024,
            95.8358449171679,
            28.490660013919783,
            76.27396582972177,
            59.02537693242072,
            69.91108402330472,
            97.78550607060377,
            0.0,
            51.965239941770065,
            60.84793605633218,
            36.169901908928345,
            76.40616277244052,
            60.42133042802855,
            93.56467093425499
        ],
        [
            89.39942345381642,
            6.858868830764825,
            79.47557231856786,
            26.41369634430073,
            75.52504922867915,
            17.560237791193508,
            86.21066706494464,
            69.4001090805895,
            38.7109215831046,
            86.4554115208123,
            32.93525619892112,
            43.46487740196135,
            99.05027558641146,
            51.965239941770065,
            0.0,
            40.809083301618436,
            68.75575226376058,
            31.205836832281413,
            12.19771869431713,
            89.39942345381642
        ],
        [
            48.69614363014407,
            34.730985584277626,
            76.74943879747268,
            18.03255595092082,
            62.60963845687488,
            56.005017953158,
            66.08927941580754,
            35.26435963223419,
            32.618361028521846,
            50.095505667835596,
            8.269480451044094,
            9.743272093819076,
            58.85585065665529,
            60.84793605633218,
            40.809083301618436,
            0.0,
            52.71774508944189,
            32.108635646409766,
            51.71466019229078,
            48.69614363014407
        ],
        [
            65.69018899417304,
            67.33070159777682,
            29.324309988649837,
            64.19252496291931,
            10.189403811444286,
            72.23050737395724,
            17.692716847367095,
            81.48108213268793,
            30.078043733956562,
            43.5444997721459,
            56.04798675003905,
            62.24678068735259,
            66.76987084510789,
            36.169901908928345,
            68.75575226376058,
            52.71774508944189,
            0.0,
            80.63626266899028,
            80.34531003159476,
            65.69018899417304
        ],
        [
            75.35034907447891,
            25.19273154498583,
            99.60605736909079,
            16.446449853615874,
            89.67476329271108,
            48.37807449410106,
            95.97565950936259,
            44.529807750719684,
            53.46186446320911,
            81.72325034092755,
            25.571056170237433,
            26.967492447274168,
            86.91568728963107,
            76.40616277244052,
            31.205836832281413,
            32.108635646409766,
            80.63626266899028,
            0.0,
            35.22506089091612,
            75.35034907447891
        ],
        [
            100.40507770373004,
            17.046708206647725,
            89.04537246415501,
            35.594724161004834,
            86.67363708469887,
            16.819053524955624,
            97.91027826572655,
            77.41928761741418,
            50.44642417484058,
            98.48364508773676,
            43.56909272055084,
            53.04192919422302,
            110.41301956449098,
            60.42133042802855,
            12.19771869431713,
            51.71466019229078,
            80.34531003159476,
            35.22506089091612,
            0.0,
            100.40507770373004
        ],
        [
            0.0,
            83.4253654476939,
            94.97131450103338,
            65.67867936500896,
            74.53916589694363,
            103.66736557357946,
            66.86990833970498,
            40.00485507520673,
            67.98795794356336,
            26.104807551547722,
            56.850893011469886,
            49.03533972772995,
            12.262571807407642,
            93.56467093425499,
            89.39942345381642,
            48.69614363014407,
            65.69018899417304,
            75.35034907447891,
            100.40507770373004,
            0.0
        ]
    ],
    "scores_ave": [
        0,
        10.71296458102304,
        17.623503743083354,
        19.57898152026901,
        17.579139078319894,
        11.690298833053665,
        10.567079932212064,
        12.189596954814,
        17.437934483043442,
        16.263084282065286,
        10.263326741599569,
        18.850465121178047,
        12.365098168498301,
        15.095312652612714,
        15.870999210456889,
        19.10972770935735,
        16.621886836758208,
        10.790280290809141,
        18.56521303453401,
        0
    ],
    "scores_var": [
        0,
        348.8548050958311,
        19.2483896388811,
        16.958397230975052,
        24.736220161658856,
        387.22618314462136,
        331.72588067071155,
        17.057013931785214,
        253.1197005213066,
        22.18996987282803,
        21.51832650554146,
        17.0499954488732,
        20.69652547439702,
        18.41361276539228,
        368.09936104059113,
        16.129854722403312,
        376.0548995589303,
        24.987821770971827,
        17.847783763848817,
        0
    ],
    "vertex_number": 20,
    "minimum_distances": {
        "cost": 410.06219185964954,
        "path": [
            0,
            12,
            9,
            6,
            16,
            4,
            2,
            13,
            8,
            1,
            14,
            5,
            18,
            17,
            3,
            10,
            15,
            11,
            7,
            19
        ]
    }
}