{
    "vertices": [
        [
            59.31682099616945,
            17.831480529747424
        ],
        [
            97.31875068118083,
            96.39123311849798
        ],
        [
            1.792233030656809,
            29.856682364507915
        ],
        [
            85.32095349177857,
            75.7910602880924
        ],
        [
            93.11133902372501,
            35.11028638324748
        ],
        [
            57.12289504817826,
            82.30018875365545
        ],
        [
            27.375604395140883,
            32.64257839363035
        ],
        [
            49.58942041490057,
            22.57275086823848
        ],
        [
            98.20338889164492,
            49.71847215301155
        ],
        [
            56.14498215739173,
            78.57909122478569
        ],
        [
            64.12470673333311,
            70.73020707714409
        ],
        [
            47.901662299705826,
            64.74706693959267
        ],
        [
            53.81081723813019,
            77.67941904541026
        ],
        [
            45.2960902515867,
            79.73784577786712
        ],
        [
            14.4009036308005,
            16.043677432014793
        ],
        [
            72.52814300769909,
            2.4184927089263453
        ],
        [
            59.31682099616945,
            17.831480529747424
        ]
    ],
    "distances": [
        [
            0.0,
            87.26844439194645,
            58.76804999120464,
            63.52580414770951,
            37.95558694629455,
            64.50602802160938,
            35.20809477786806,
            10.821366202616245,
            50.28862095416358,
            60.83036056752505,
            53.11676793252645,
            48.284346285779876,
            60.10068071127066,
            63.47423846605558,
            44.951483542692046,
            20.30022716269713,
            0.0
        ],
        [
            87.26844439194645,
            0.0,
            116.4137535623311,
            23.839342651185017,
            61.42521262172321,
            42.594182013053675,
            94.63580026406905,
            87.90481948903333,
            46.68114395454386,
            44.86147136789326,
            41.95632027605243,
            58.68050679110301,
            47.361083796622815,
            54.62318654280381,
            115.46037876372476,
            97.18770585267062,
            87.26844439194645
        ],
        [
            58.76804999120464,
            116.4137535623311,
            0.0,
            95.32583184582712,
            91.47010153355544,
            76.23518558832102,
            25.734609129695052,
            48.34901012313341,
            98.43577433054737,
            72.99379742678043,
            74.53846188599086,
            57.82230022504074,
            70.66079002247938,
            66.18697799846507,
            18.70234422654035,
            75.87109602382118,
            58.76804999120464
        ],
        [
            63.52580414770951,
            23.839342651185017,
            95.32583184582712,
            0.0,
            41.41998880049911,
            28.939579357169343,
            72.24579552976027,
            64.10094315633225,
            29.081557624950015,
            29.30887953861289,
            21.792042397803726,
            39.015037388151235,
            31.566668901229107,
            40.21898548071991,
            92.73296733327544,
            74.47945806221244,
            63.52580414770951
        ],
        [
            37.95558694629455,
            61.42521262172321,
            91.47010153355544,
            41.41998880049911,
            0.0,
            59.34690375672267,
            65.78203698489166,
            45.291800540310284,
            15.470231521904275,
            57.061795750929896,
            45.923889227480224,
            54.057872981049506,
            57.93670743344695,
            65.4057877611896,
            80.98683977439156,
            38.631869381102035,
            37.95558694629455
        ],
        [
            64.50602802160938,
            42.594182013053675,
            76.23518558832102,
            28.939579357169343,
            59.34690375672267,
            0.0,
            57.88591856284528,
            60.200665082759514,
            52.43257795557812,
            3.8474511616558718,
            13.523677120856581,
            19.827839489486166,
            5.685188837360562,
            12.101194702270222,
            78.83586647701156,
            81.3535925923177,
            64.50602802160938
        ],
        [
            35.20809477786806,
            94.63580026406905,
            25.734609129695052,
            72.24579552976027,
            65.78203698489166,
            57.88591856284528,
            0.0,
            24.38965043929232,
            72.85712871342714,
            54.2018478274864,
            52.92602366885447,
            38.105343954613225,
            52.22200201014858,
            50.38956264271233,
            21.068136440076916,
            54.33458473785264,
            35.20809477786806
        ],
        [
            10.821366202616245,
            87.90481948903333,
            48.34901012313341,
            64.10094315633225,
            45.291800540310284,
            60.200665082759514,
            24.38965043929232,
            0.0,
            55.679512525959446,
            56.388700551555736,
            50.30323187302655,
            42.20807344030156,
            55.2681198226255,
            57.3260914411411,
            35.78911165983999,
            30.53488359469485,
            10.821366202616245
        ],
        [
            50.28862095416358,
            46.68114395454386,
            98.43577433054737,
            29.081557624950015,
            15.470231521904275,
            52.43257795557812,
            72.85712871342714,
            55.679512525959446,
            0.0,
            51.00828276103722,
            40.0356039316163,
            52.49878436106351,
            52.464416218347274,
            60.83046146641484,
            90.31527188352652,
            53.81920016696606,
            50.28862095416358
        ],
        [
            60.83036056752505,
            44.86147136789326,
            72.99379742678043,
            29.30887953861289,
            57.061795750929896,
            3.8474511616558718,
            54.2018478274864,
            56.388700551555736,
            51.00828276103722,
            0.0,
            11.192898939550131,
            16.102087383388778,
            2.501546701673459,
            10.910598869820525,
            75.18807132961516,
            77.9027902307803,
            60.83036056752505
        ],
        [
            53.11676793252645,
            41.95632027605243,
            74.53846188599086,
            21.792042397803726,
            45.923889227480224,
            13.523677120856581,
            52.92602366885447,
            50.30323187302655,
            40.0356039316163,
            11.192898939550131,
            0.0,
            17.291186674170863,
            12.436553521741903,
            20.872334646116045,
            73.91260460575745,
            68.82665225871658,
            53.11676793252645
        ],
        [
            48.284346285779876,
            58.68050679110301,
            57.82230022504074,
            39.015037388151235,
            54.057872981049506,
            19.827839489486166,
            38.105343954613225,
            42.20807344030156,
            52.49878436106351,
            16.102087383388778,
            17.291186674170863,
            0.0,
            14.21843321449834,
            15.215533374679865,
            59.11278187430433,
            67.01727178637495,
            48.284346285779876
        ],
        [
            60.10068071127066,
            47.361083796622815,
            70.66079002247938,
            31.566668901229107,
            57.93670743344695,
            5.685188837360562,
            52.22200201014858,
            55.2681198226255,
            52.464416218347274,
            2.501546701673459,
            12.436553521741903,
            14.21843321449834,
            0.0,
            8.760005494762266,
            73.15808864896923,
            77.5534997082003,
            60.10068071127066
        ],
        [
            63.47423846605558,
            54.62318654280381,
            66.18697799846507,
            40.21898548071991,
            65.4057877611896,
            12.101194702270222,
            50.38956264271233,
            57.3260914411411,
            60.83046146641484,
            10.910598869820525,
            20.872334646116045,
            15.215533374679865,
            8.760005494762266,
            0.0,
            70.79166361657977,
            81.97479525019388,
            63.47423846605558
        ],
        [
            44.951483542692046,
            115.46037876372476,
            18.70234422654035,
            92.73296733327544,
            80.98683977439156,
            78.83586647701156,
            21.068136440076916,
            35.78911165983999,
            90.31527188352652,
            75.18807132961516,
            73.91260460575745,
            59.11278187430433,
            73.15808864896923,
            70.79166361657977,
            0.0,
            59.7027772914925,
            44.951483542692046
        ],
        [
            20.30022716269713,
            97.18770585267062,
            75.87109602382118,
            74.47945806221244,
            38.631869381102035,
            81.3535925923177,
            54.33458473785264,
            30.53488359469485,
            53.81920016696606,
            77.9027902307803,
            68.82665225871658,
            67.01727178637495,
            77.5534997082003,
            81.97479525019388,
            59.7027772914925,
            0.0,
            20.30022716269713
        ],
        [
            0.0,
            87.26844439194645,
            58.76804999120464,
            63.52580414770951,
            37.95558694629455,
            64.50602802160938,
            35.20809477786806,
            10.821366202616245,
            50.28862095416358,
            60.83036056752505,
            53.11676793252645,
            48.284346285779876,
            60.10068071127066,
            63.47423846605558,
            44.951483542692046,
            20.30022716269713,
            0.0
        ]
    ],
    "scores_ave": [
        0,
        12.789233344659948,
        15.758006478617624,
        17.93639002917353,
        16.581770106548497,
        13.877799481331438,
        19.515185903808394,
        17.966911405035717,
        15.142148244433422,
        10.398831371065405,
        18.853423821940325,
        15.677007941818172,
        17.558814360093187,
        15.265847712294683,
        14.35105243382495,
        10.45203408067068,
        0
    ],
    "scores_var": [
        0,
        21.56066760630034,
        263.5399722226431,
        18.398772108881104,
        18.755357478577572,
        16.447892354509708,
        23.36177124388658,
        299.08047702109457,
        18.43702164080509,
        21.06029865786475,
        343.57834182099424,
        311.7189508900809,
        310.15817825939826,
        385.45974488441965,
        20.619864033426605,
        351.77393184206164,
        0
    ],
    "vertex_number": 17,
    "minimum_distances": {
        "cost": 343.36686845643055,
        "path": [
            0,
            15,
            4,
            8,
            1,
            3,
            10,
            5,
            9,
            12,
            13,
            11,
            2,
            14,
            6,
            7,
            16
        ]
    }
}