{
    "vertices": [
        [
            83.67537037592687,
            47.59588061758482
        ],
        [
            29.3136528117799,
            6.918977976853058
        ],
        [
            5.3023767847308,
            29.22623530780495
        ],
        [
            39.77534497866164,
            24.68418850951959
        ],
        [
            9.715527611190645,
            39.3378226515564
        ],
        [
            10.617136816828577,
            11.839249123449225
        ],
        [
            94.40812251709141,
            97.70137463760628
        ],
        [
            8.167811402043013,
            50.70600733918818
        ],
        [
            56.10432914117243,
            24.8060288184907
        ],
        [
            45.98973911089558,
            73.42065823959597
        ],
        [
            61.5811750699214,
            26.910630884963815
        ],
        [
            54.617220197164116,
            56.151550748705525
        ],
        [
            91.17496509864331,
            63.89287736161794
        ],
        [
            73.79447378357041,
            59.4831382669336
        ],
        [
            32.7122816427435,
            90.3056634580118
        ],
        [
            68.89035108745351,
            69.59211592113543
        ],
        [
            83.67537037592687,
            47.59588061758482
        ]
    ],
    "distances": [
        [
            0.0,
            67.89555762321756,
            80.49701853642021,
            49.51926761509414,
            74.41944546390273,
            81.33905695656402,
            51.24209694688614,
            75.57158427887416,
            35.77065361149001,
            45.68507352593659,
            30.266037446630037,
            30.29151008457784,
            17.939788847141497,
            15.457652211472567,
            66.49332269861954,
            26.50341794730815,
            0.0
        ],
        [
            67.89555762321756,
            0.0,
            32.77430557733374,
            20.61673369533983,
            37.88229139611955,
            19.33310059213207,
            111.70825184240444,
            48.62561618430909,
            32.21314834035324,
            68.56066898757365,
            37.95865090698074,
            55.35446453685944,
            84.10022098043589,
            68.85880031866485,
            83.45591646770374,
            74.12312234510061,
            67.89555762321756
        ],
        [
            80.49701853642021,
            32.77430557733374,
            0.0,
            34.770903428262855,
            11.03268321068804,
            18.181143054653106,
            112.37739376207212,
            21.670055885167546,
            50.99388775759641,
            60.07169442703134,
            56.32641618519906,
            56.186532126345156,
            92.60603379379715,
            74.87755022686427,
            66.94773653740347,
            75.31822351604805,
            80.49701853642021
        ],
        [
            49.51926761509414,
            20.61673369533983,
            34.770903428262855,
            0.0,
            33.441315968938454,
            31.86210242656015,
            91.19347483031454,
            40.94107025959591,
            16.329438717862235,
            49.13107139256577,
            21.919198699315245,
            34.791897710440324,
            64.64705894299513,
            48.66485414407401,
            66.00049119592052,
            53.52014130326961,
            49.51926761509414
        ],
        [
            74.41944546390273,
            37.88229139611955,
            11.03268321068804,
            33.441315968938454,
            0.0,
            27.513350309266368,
            102.85494559000726,
            11.473057506879499,
            48.61166464332163,
            49.774070575417696,
            53.33367117981857,
            47.94646441198899,
            85.07990754335788,
            67.17101371727172,
            55.91575352671125,
            66.46037913440281,
            74.41944546390273
        ],
        [
            81.33905695656402,
            19.33310059213207,
            18.181143054653106,
            31.86210242656015,
            27.513350309266368,
            0.0,
            119.97180453102517,
            38.943858170297226,
            47.29928161411742,
            71.01753967707185,
            53.14583467463864,
            62.44667655531535,
            95.91216768606486,
            79.12847830538556,
            81.51793424395272,
            82.04365377517905,
            81.33905695656402
        ],
        [
            51.24209694688614,
            111.70825184240444,
            112.37739376207212,
            91.19347483031454,
            102.85494559000726,
            119.97180453102517,
            0.0,
            98.21382697326057,
            82.34629335357813,
            54.165422923392626,
            78.03164665538945,
            57.5300249663831,
            33.962741275594595,
            43.4229905164718,
            62.13753555657673,
            37.96428695925602,
            51.24209694688614
        ],
        [
            75.57158427887416,
            48.62561618430909,
            21.670055885167546,
            40.94107025959591,
            11.473057506879499,
            38.943858170297226,
            98.21382697326057,
            0.0,
            54.48594883386413,
            44.11863077137669,
            58.473988737859216,
            46.767526345116984,
            84.04808805558567,
            66.21100242906587,
            46.5893097622804,
            63.59175986883328,
            75.57158427887416
        ],
        [
            35.77065361149001,
            32.21314834035324,
            50.99388775759641,
            16.329438717862235,
            48.61166464332163,
            47.29928161411742,
            82.34629335357813,
            54.48594883386413,
            0.0,
            49.65568572914857,
            5.867298457165538,
            31.380778162577933,
            52.514105109911355,
            38.928692980477145,
            69.55134811115818,
            46.575486633812666,
            35.77065361149001
        ],
        [
            45.68507352593659,
            68.56066898757365,
            60.07169442703134,
            49.13107139256577,
            49.774070575417696,
            71.01753967707185,
            54.165422923392626,
            44.11863077137669,
            49.65568572914857,
            0.0,
            49.0538022969987,
            19.30428717735648,
            46.17881826143451,
            31.102375041244173,
            21.480090270865183,
            23.218435890152286,
            45.68507352593659
        ],
        [
            30.266037446630037,
            37.95865090698074,
            56.32641618519906,
            21.919198699315245,
            53.33367117981857,
            53.14583467463864,
            78.03164665538945,
            58.473988737859216,
            5.867298457165538,
            49.0538022969987,
            0.0,
            30.058743519108784,
            47.36537725727599,
            34.786964550206115,
            69.65876228190945,
            43.30280844181135,
            30.266037446630037
        ],
        [
            30.29151008457784,
            55.35446453685944,
            56.186532126345156,
            34.791897710440324,
            47.94646441198899,
            62.44667655531535,
            57.5300249663831,
            46.767526345116984,
            31.380778162577933,
            19.30428717735648,
            30.058743519108784,
            0.0,
            37.36839373065712,
            19.464494098459024,
            40.5749891932572,
            19.60538338226695,
            30.29151008457784
        ],
        [
            17.939788847141497,
            84.10022098043589,
            92.60603379379715,
            64.64705894299513,
            85.07990754335788,
            95.91216768606486,
            33.962741275594595,
            84.04808805558567,
            52.514105109911355,
            46.17881826143451,
            47.36537725727599,
            37.36839373065712,
            0.0,
            17.931181702177692,
            64.15232362306605,
            23.00185518139804,
            17.939788847141497
        ],
        [
            15.457652211472567,
            68.85880031866485,
            74.87755022686427,
            48.66485414407401,
            67.17101371727172,
            79.12847830538556,
            43.4229905164718,
            66.21100242906587,
            38.928692980477145,
            31.102375041244173,
            34.786964550206115,
            19.464494098459024,
            17.931181702177692,
            0.0,
            51.35926956500131,
            11.235739790139359,
            15.457652211472567
        ],
        [
            66.49332269861954,
            83.45591646770374,
            66.94773653740347,
            66.00049119592052,
            55.91575352671125,
            81.51793424395272,
            62.13753555657673,
            46.5893097622804,
            69.55134811115818,
            21.480090270865183,
            69.65876228190945,
            40.5749891932572,
            64.15232362306605,
            51.35926956500131,
            0.0,
            41.688172906817314,
            66.49332269861954
        ],
        [
            26.50341794730815,
            74.12312234510061,
            75.31822351604805,
            53.52014130326961,
            66.46037913440281,
            82.04365377517905,
            37.96428695925602,
            63.59175986883328,
            46.575486633812666,
            23.218435890152286,
            43.30280844181135,
            19.60538338226695,
            23.00185518139804,
            11.235739790139359,
            41.688172906817314,
            0.0,
            26.50341794730815
        ],
        [
            0.0,
            67.89555762321756,
            80.49701853642021,
            49.51926761509414,
            74.41944546390273,
            81.33905695656402,
            51.24209694688614,
            75.57158427887416,
            35.77065361149001,
            45.68507352593659,
            30.266037446630037,
            30.29151008457784,
            17.939788847141497,
            15.457652211472567,
            66.49332269861954,
            26.50341794730815,
            0.0
        ]
    ],
    "scores_ave": [
        0,
        13.319158957080877,
        17.076031598002302,
        16.25719372641648,
        17.573482813698355,
        12.93392043567964,
        15.94497310152622,
        14.019544018868913,
        14.019172331251799,
        12.562364881406042,
        17.76086897247768,
        17.759325134656233,
        12.521514078987625,
        13.72819161895332,
        18.34900315512748,
        19.74968389025986,
        0
    ],
    "scores_var": [
        0,
        24.5699061333508,
        239.97950388355886,
        329.1494638221351,
        388.5604739301057,
        17.498603736858502,
        16.01273589928173,
        21.189676529586087,
        19.70887116343021,
        281.4724285398613,
        22.836301684057318,
        21.630386407670727,
        18.350878202489938,
        373.2863045115945,
        336.9987040652918,
        18.998580178551755,
        0
    ],
    "vertex_number": 17,
    "minimum_distances": {
        "cost": 341.04023086244285,
        "path": [
            0,
            10,
            8,
            3,
            1,
            5,
            2,
            4,
            7,
            14,
            9,
            11,
            13,
            15,
            6,
            12,
            16
        ]
    }
}