{
    "vertices": [
        [
            89.27540922695901,
            76.2274613756705
        ],
        [
            30.659009155658833,
            74.85870868008132
        ],
        [
            27.092308997658698,
            91.19099255172
        ],
        [
            49.92678555716874,
            62.10285156841978
        ],
        [
            81.45788497655896,
            9.78690117521529
        ],
        [
            51.85107477758718,
            48.85271759619053
        ],
        [
            58.21013615588318,
            53.508512258767794
        ],
        [
            89.27540922695901,
            76.2274613756705
        ]
    ],
    "distances": [
        [
            0.0,
            58.63237877879766,
            63.95815209481754,
            41.80692271518991,
            66.89889180813017,
            46.36763317197263,
            38.48638512457261,
            0.0
        ],
        [
            58.63237877879766,
            0.0,
            16.717202112819812,
            23.10755500072884,
            82.55220116155336,
            33.54720878969702,
            34.85535089783432,
            58.63237877879766
        ],
        [
            63.95815209481754,
            16.717202112819812,
            0.0,
            36.98017395323018,
            97.88892656655248,
            49.04616202268401,
            48.87011856009625,
            63.95815209481754
        ],
        [
            41.80692271518991,
            23.10755500072884,
            36.98017395323018,
            0.0,
            61.083294738739355,
            13.389135120904648,
            11.936354774831894,
            41.80692271518991
        ],
        [
            66.89889180813017,
            82.55220116155336,
            97.88892656655248,
            61.083294738739355,
            0.0,
            49.01735634237405,
            49.51804823466544,
            66.89889180813017
        ],
        [
            46.36763317197263,
            33.54720878969702,
            49.04616202268401,
            13.389135120904648,
            49.01735634237405,
            0.0,
            7.8812489843310205,
            46.36763317197263
        ],
        [
            38.48638512457261,
            34.85535089783432,
            48.87011856009625,
            11.936354774831894,
            49.51804823466544,
            7.8812489843310205,
            0.0,
            38.48638512457261
        ],
        [
            0.0,
            58.63237877879766,
            63.95815209481754,
            41.80692271518991,
            66.89889180813017,
            46.36763317197263,
            38.48638512457261,
            0.0
        ]
    ],
    "scores_ave": [
        0,
        11.478498491352854,
        12.679258161665212,
        10.063862333902113,
        19.082397489481487,
        16.817475149327883,
        12.920884452390023,
        0
    ],
    "scores_var": [
        0,
        266.68333136249373,
        23.607829952528064,
        306.8284923564304,
        17.252259373800502,
        16.554028912536737,
        17.511960533471097,
        0
    ],
    "vertex_number": 8,
    "minimum_distances": {
        "cost": 239.51676111803334,
        "path": [
            0,
            2,
            1,
            3,
            6,
            5,
            4,
            7
        ]
    }
}