{
    "vertices": [
        [
            81.23020650857387,
            40.894906234997194
        ],
        [
            83.14680874305735,
            51.82967915809736
        ],
        [
            26.558019598893303,
            71.89365760422596
        ],
        [
            52.08464680514706,
            26.432223272494948
        ],
        [
            20.859549675349744,
            26.990592751530883
        ],
        [
            57.511399131991205,
            94.55964356094047
        ],
        [
            36.80792435701672,
            7.8493430451243125
        ],
        [
            55.212203750491504,
            75.25814621404808
        ],
        [
            8.132454957053703,
            6.9014191755073835
        ],
        [
            50.498376567138926,
            8.454752103888929
        ],
        [
            91.04598435817705,
            86.4765934662202
        ],
        [
            80.48146558827645,
            76.95450942270755
        ],
        [
            20.817940926484034,
            46.031265589297156
        ],
        [
            35.17187263696766,
            51.81365831017184
        ],
        [
            92.27777471898328,
            71.73283663760776
        ],
        [
            18.753991162599537,
            30.957730981929753
        ],
        [
            7.717291014294803,
            83.08796683459094
        ],
        [
            77.73472385452538,
            51.275624829297584
        ],
        [
            81.23020650857387,
            40.894906234997194
        ]
    ],
    "distances": [
        [
            0.0,
            11.10146940746997,
            62.84879161875994,
            32.53663856177939,
            61.95115931055217,
            58.672701110737364,
            55.3655885734852,
            43.1018413687562,
            80.61537349880275,
            44.685668525818635,
            46.62659869256816,
            36.067375771198805,
            60.630223652708565,
            47.334863112799624,
            32.75708648338404,
            63.26155970229264,
            84.76085834410837,
            10.953434051420025,
            0.0
        ],
        [
            11.10146940746997,
            0.0,
            60.04043877162601,
            40.12341797152983,
            67.05731023296863,
            49.82995167362077,
            63.88710488629862,
            36.4586783178224,
            87.43970390500483,
            54.28908196408784,
            35.53597679075261,
            25.265809901093792,
            62.59799807670142,
            47.974938781106914,
            21.897721737836285,
            67.69101252469743,
            81.6498174723014,
            5.440371222622389,
            11.10146940746997
        ],
        [
            62.84879161875994,
            60.04043877162601,
            0.0,
            52.13780497897227,
            45.26320572644928,
            38.36480970772543,
            64.85934608748195,
            28.851032095911652,
            67.55362675938291,
            67.80586569646994,
            66.11625834202705,
            54.16041218914928,
            26.49173123635564,
            21.84959578140422,
            65.7199518900303,
            41.673168205219305,
            21.915419520135625,
            55.173891778416824,
            62.84879161875994
        ],
        [
            32.53663856177939,
            40.12341797152983,
            52.13780497897227,
            0.0,
            31.230089132764185,
            68.34321499589704,
            24.056219285291114,
            48.92598863120557,
            48.09623142125078,
            18.047318994411636,
            71.5773163500998,
            57.955851428875185,
            36.90161725776561,
            30.50015040349225,
            60.56098663953088,
            33.63648057675236,
            71.96065270997792,
            35.70883719125545,
            32.53663856177939
        ],
        [
            61.95115931055217,
            67.05731023296863,
            45.26320572644928,
            31.230089132764185,
            0.0,
            76.8695953929568,
            24.91461609798244,
            59.2440845930065,
            23.781375799900218,
            34.957652210012924,
            92.00391238700016,
            77.78923978451255,
            19.040718300600755,
            28.65357171952988,
            84.27592334910528,
            4.491276253995866,
            57.61626803020873,
            61.84293185910356,
            61.95115931055217
        ],
        [
            58.672701110737364,
            49.82995167362077,
            38.36480970772543,
            68.34321499589704,
            76.8695953929568,
            0.0,
            89.14768692064395,
            19.43795511967253,
            100.6093655195108,
            86.39001573287132,
            34.49498666655895,
            28.94071009894773,
            60.839241806896126,
            48.231459640786206,
            41.59043142083175,
            74.48046694411889,
            51.09845956729721,
            47.77540308981469,
            58.672701110737364
        ],
        [
            55.3655885734852,
            63.88710488629862,
            64.85934608748195,
            24.056219285291114,
            24.91461609798244,
            89.14768692064395,
            0.0,
            69.87606345995592,
            28.691132863147885,
            13.70383164834107,
            95.51969253233173,
            81.74901971126017,
            41.394912480616796,
            43.9947460721751,
            84.60499425423913,
            29.324769339695987,
            80.66669361027249,
            59.67281513979121,
            55.3655885734852
        ],
        [
            43.1018413687562,
            36.4586783178224,
            28.851032095911652,
            48.92598863120557,
            59.2440845930065,
            19.43795511967253,
            69.87606345995592,
            0.0,
            83.00087275369319,
            66.96949776840022,
            37.54881344849007,
            25.32613752553334,
            45.13508464886649,
            30.842485052515975,
            37.23283979003001,
            57.37358324910538,
            48.13598266129838,
            32.90023166797804,
            43.1018413687562
        ],
        [
            80.61537349880275,
            87.43970390500483,
            67.55362675938291,
            48.09623142125078,
            23.781375799900218,
            100.6093655195108,
            28.691132863147885,
            83.00087275369319,
            0.0,
            42.39438827319343,
            114.92111085935545,
            100.70657770224918,
            41.13473513525266,
            52.423652415280344,
            106.22404402009232,
            26.296828118492492,
            76.18767882872648,
            82.54420611454701,
            80.61537349880275
        ],
        [
            44.685668525818635,
            54.28908196408784,
            67.80586569646994,
            18.047318994411636,
            34.957652210012924,
            86.39001573287132,
            13.70383164834107,
            66.96949776840022,
            42.39438827319343,
            0.0,
            87.92904086332706,
            74.77434305954483,
            47.884471653534234,
            45.98800354578131,
            75.8263416774593,
            38.91131022077624,
            86.02521736164834,
            50.74884978523918,
            44.685668525818635
        ],
        [
            46.62659869256816,
            35.53597679075261,
            66.11625834202705,
            71.5773163500998,
            92.00391238700016,
            34.49498666655895,
            95.51969253233173,
            37.54881344849007,
            114.92111085935545,
            87.92904086332706,
            0.0,
            14.222487172477967,
            81.04198067246115,
            65.75283594086723,
            14.795123281481331,
            91.1508440539032,
            83.39756546115332,
            37.63373286260195,
            46.62659869256816
        ],
        [
            36.067375771198805,
            25.265809901093792,
            54.16041218914928,
            57.955851428875185,
            77.78923978451255,
            28.94071009894773,
            81.74901971126017,
            25.32613752553334,
            100.70657770224918,
            74.77434305954483,
            14.222487172477967,
            0.0,
            67.20106535054981,
            51.81719413549887,
            12.900340142098932,
            76.98041780805426,
            73.02221854515422,
            25.825369389683416,
            36.067375771198805
        ],
        [
            60.630223652708565,
            62.59799807670142,
            26.49173123635564,
            36.90161725776561,
            19.040718300600755,
            60.839241806896126,
            41.394912480616796,
            45.13508464886649,
            41.13473513525266,
            47.884471653534234,
            81.04198067246115,
            67.20106535054981,
            0.0,
            15.47486417154128,
            75.94128389751502,
            15.214182008486084,
            39.30427629793865,
            57.15788206989441,
            60.630223652708565
        ],
        [
            47.334863112799624,
            47.974938781106914,
            21.84959578140422,
            30.50015040349225,
            28.65357171952988,
            48.231459640786206,
            43.9947460721751,
            30.842485052515975,
            52.423652415280344,
            45.98800354578131,
            65.75283594086723,
            51.81719413549887,
            15.47486417154128,
            0.0,
            60.480225841517395,
            26.542730395106588,
            41.6153388278476,
            42.56625170007921,
            47.334863112799624
        ],
        [
            32.75708648338404,
            21.897721737836285,
            65.7199518900303,
            60.56098663953088,
            84.27592334910528,
            41.59043142083175,
            84.60499425423913,
            37.23283979003001,
            106.22404402009232,
            75.8263416774593,
            14.795123281481331,
            12.900340142098932,
            75.94128389751502,
            60.480225841517395,
            0.0,
            84.07351538788936,
            85.3194842117633,
            25.099757835809392,
            32.75708648338404
        ],
        [
            63.26155970229264,
            67.69101252469743,
            41.673168205219305,
            33.63648057675236,
            4.491276253995866,
            74.48046694411889,
            29.324769339695987,
            57.37358324910538,
            26.296828118492492,
            38.91131022077624,
            91.1508440539032,
            76.98041780805426,
            15.214182008486084,
            26.542730395106588,
            84.07351538788936,
            0.0,
            53.28574143443696,
            62.382238171368286,
            63.26155970229264
        ],
        [
            84.76085834410837,
            81.6498174723014,
            21.915419520135625,
            71.96065270997792,
            57.61626803020873,
            51.09845956729721,
            80.66669361027249,
            48.13598266129838,
            76.18767882872648,
            86.02521736164834,
            83.39756546115332,
            73.02221854515422,
            39.30427629793865,
            41.6153388278476,
            85.3194842117633,
            53.28574143443696,
            0.0,
            76.90556550340133,
            84.76085834410837
        ],
        [
            10.953434051420025,
            5.440371222622389,
            55.173891778416824,
            35.70883719125545,
            61.84293185910356,
            47.77540308981469,
            59.67281513979121,
            32.90023166797804,
            82.54420611454701,
            50.74884978523918,
            37.63373286260195,
            25.825369389683416,
            57.15788206989441,
            42.56625170007921,
            25.099757835809392,
            62.382238171368286,
            76.90556550340133,
            0.0,
            10.953434051420025
        ],
        [
            0.0,
            11.10146940746997,
            62.84879161875994,
            32.53663856177939,
            61.95115931055217,
            58.672701110737364,
            55.3655885734852,
            43.1018413687562,
            80.61537349880275,
            44.685668525818635,
            46.62659869256816,
            36.067375771198805,
            60.630223652708565,
            47.334863112799624,
            32.75708648338404,
            63.26155970229264,
            84.76085834410837,
            10.953434051420025,
            0.0
        ]
    ],
    "scores_ave": [
        0,
        18.069055184206878,
        16.05973450144999,
        12.71245161329765,
        17.122081149012566,
        18.21107209993795,
        11.557525215113952,
        17.91772081103284,
        18.667990863454904,
        17.64963734913919,
        16.638790891715534,
        19.94039592000376,
        18.556551761295033,
        17.35705244012085,
        14.811633663953128,
        15.614069612892749,
        15.634612984000542,
        11.851266635369402,
        0
    ],
    "scores_var": [
        0,
        334.3315737104297,
        23.194413405556936,
        21.965319809090957,
        261.49038225796335,
        291.26160095171065,
        238.1690962528177,
        230.51128010955824,
        22.81621370229263,
        310.6568144493709,
        18.727099828223995,
        362.54461918677197,
        269.90327371188425,
        291.6245110388518,
        293.8307633725012,
        317.6806328075483,
        18.785079631572717,
        229.26734468397763,
        0
    ],
    "vertex_number": 19,
    "minimum_distances": {
        "cost": 399.5885407656907,
        "path": [
            0,
            17,
            7,
            13,
            3,
            9,
            6,
            8,
            4,
            15,
            12,
            2,
            16,
            5,
            11,
            10,
            14,
            1,
            18
        ]
    }
}